4.566512 2.788739 4.804935 1.029968
2.604252 1.041723 -0.669250 -0.267706
1.041723 80.420765 -0.267706 -0.107085
-0.669250 -0.267706 4.480151 1.792099
-0.267706 -0.107085 1.792099 80.720922
4.660097 0.303292 0.956350 -5.998316
4.451351 7.664559 -1.486027 -2.142871
7.664559 21.913589 -2.334392 -5.038913
-1.486027 -2.334392 4.876654 7.704154
-2.142871 -5.038913 7.704154 25.671386
3.942519 -0.511052 2.609718 -0.952501
3.820069 4.046277 -0.955396 -0.873697
4.046277 6.484838 -0.969709 -1.444351
-0.955396 -0.969709 2.001337 2.144573
-0.873697 -1.444351 2.144573 5.740447
4.368904 0.013367 2.060390 -0.986604
3.124459 2.397794 -1.253171 -0.999382
2.397794 2.728724 -0.956084 -1.005484
-1.253171 -0.956084 1.526748 1.341083
-0.999382 -1.005484 1.341083 2.400316
4.919704 0.369597 2.737442 -0.029587
2.627417 1.594863 -0.984116 -0.583521
1.594863 1.418808 -0.572087 -0.465440
-0.984116 -0.572087 1.707380 1.268667
-0.583521 -0.465440 1.268667 1.472024
8.841583 2.276359 3.002878 0.336098
2.059735 1.036498 -0.818372 -0.406802
1