3.668130 2.429378 5.618016 1.355208
1.116409 0.446573 0.427222 0.170892
0.446573 80.182700 0.170892 0.068358
0.427222 0.170892 2.738050 1.095244
0.170892 0.068358 1.095244 80.442174
3.851882 0.675287 1.729019 -6.488561
3.469163 6.555759 -1.099260 -2.035580
6.555759 16.491961 -2.224919 -2.779276
-1.099260 -2.224919 4.069983 7.070807
-2.035580 -2.779276 7.070807 21.405808
4.002780 0.598725 2.261732 -2.374577
2.978795 3.122333 -0.647371 -0.525792
3.122333 4.267030 -0.650447 -0.252657
-0.647371 -0.650447 1.022220 1.077102
-0.525792 -0.252657 1.077102 3.349346
4.643604 0.887084 1.596181 -1.836497
2.507795 1.826815 -0.644384 -0.413490
1.826815 1.740668 -0.396189 -0.175494
-0.644384 -0.396189 1.291866 1.204641
-0.413490 -0.175494 1.204641 1.864766
5.344175 1.136080 2.709924 -0.303861
1.971009 1.122137 -0.306783 -0.099040
1.122137 0.853307 -0.136907 -0.020438
-0.306783 -0.136907 0.809653 0.583737
-0.099040 -0.020438 0.583737 0.736686
9.341172 2.777984 3.082293 0.181351
1.488705 0.693732 -0.307469 -0.119494
0.693732 0.454304 -0.109314 -0.037495
-0.307469 -0.109314 1.014459 0.611414
-0.119494 -0.037495 0.611414 0.530243
10.626023 2.736206 3.194010 0.188374
1.213548 0.488272 -0.191775 -0.054717
0.488272 0.285041 -0.048284 -0.012239
-0.191775 -0.048284 1.104473 0.553984
-0.054717 -0.012239 0.553984 0.373789
11.067354 2.464970 6.455719 1.517815
1.029302 0.367814 -0.092077 -0.013577
0.367814 0.195929 -0.014882 -0.001971
-0.092077 -0.014882 0.935635 0.397239
-0.013577 -0.001971 0.397239 0.232694
11.599953 2.232041 6.748896 1.332734
0.811798 0.261163 -0.129616 -0.034046
0.261163 0.134084 -0.028777 -0.010336
-0.129616 -0.028777 0.981166 0.362085
-0.034046 -0.010336 0.362085 0.180635
11.239481 1.795814 7.932601 1.483201
0.569407 0.168498 -0.174711 -0.049888
0.168498 0.090830 -0.042269 -0.015173
-0.174711 -0.042269 0.926069 0.301637
-0.049888 -0.015173 0.301637 0.135606
11.445830 1.595287 8.439538 1.405639
0.576563 0.162778 -0.190485 -0.049560
0.162778 0.080908 -0.044172 -0.014109
-0.190485 -0.044172 0.905056 0.265493
-0.049560 -0.014109 0.265493 0.109580
11.788079 1.479191 9.817998 1.583320
0.595699 0.160414 -0.177694 -0.041369
0.160414 0.074038 -0.038308 -0.011110
-0.177694 -0.038308 0.841153 0.225593
-0.041369 -0.011110 0.225593 0.088793
11.969950 1.339545 11.039121 1.685140
0.615072 0.157866 -0.159284 -0.033332
0.157866 0.068581 -0.031755 -0.008512
-0.159284 -0.031755 0.784226 0.195257
-0.033332 -0.008512 0.195257 0.074854
12.325197 1.269302 12.516525 1.831862
0.614617 0.150536 -0.137384 -0.026055
0.150536 0.063093 -0.025438 -0.006460
-0.137384 -0.025438 0.713122 0.167067
-0.026055 -0.006460 0.167067 0.064175
14.350608 1.594571 13.048085 1.759200
0.573312 0.134532 -0.119894 -0.021265
0.134532 0.056617 -0.020552 -0.005121
-0.119894 -0.020552 0.679400 0.151898
-0.021265 -0.005121 0.151898 0.058325
15.300282 1.623153 13.358908 1.637226
0.550382 0.125111 -0.099677 -0.016292
0.125111 0.052761 -0.015623 -0.003874
-0.099677 -0.015623 0.646574 0.139372
-0.016292 -0.003874 0.139372 0.054078
15.761798 1.554181 15.048409 1.817708
0.536821 0.119153 -0.075311 -0.010925
0.119153 0.050330 -0.010590 -0.002714
-0.075311 -0.010590 0.587416 0.123222
-0.010925 -0.002714 0.123222 0.049771
15.893511 1.413789 16.045210 1.830441
0.545666 0.118570 -0.087831 -0.013561
0.118570 0.049404 -0.013669 -0.003302
-0.087831 -0.013669 0.570886 0.117687
-0.013561 -0.003302 0.117687 0.048190
16.456387 1.390869 17.805779 2.002740
0.531521 0.113712 -0.054392 -0.006626
0.113712 0.047865 -0.006663 -0.001788
-0.054392 -0.006663 0.529154 0.108158
-0.006626 -0.001788 0.108158 0.046104
17.390635 1.442426 18.917323 2.027139
0.510242 0.107745 -0.050404 -0.006387
0.107745 0.046271 -0.006456 -0.001803
-0.050404 -0.006456 0.501268 0.102245
-0.006387 -0.001803 0.102245 0.044927
18.052320 1.430869 20.057981 2.052822
0.515973 0.108309 -0.035295 -0.003583
0.108309 0.046287 -0.003598 -0.001200
-0.035295 -0.003598 0.501683 0.102804
-0.003583 -0.001200 0.102804 0.045197
18.461603 1.367580 21.190144 2.072729
0.507885 0.106062 -0.010249 0.000991
0.106062 0.045754 0.001013 -0.000289
-0.010249 0.001013 0.487228 0.100270
0.000991 -0.000289 0.100270 0.044795
18.752157 1.286094 22.300744 2.086345
0.504267 0.104943 0.000425 0.002324
0.104943 0.045507 0.002336 -0.000098
0.000425 0.002336 0.479433 0.099198
0.002324 -0.000098 0.099198 0.044687
19.383133 1.282856 23.092824 2.034077
0.498266 0.103465 0.003653 0.002130
0.103465 0.045216 0.002142 -0.000198
0.003653 0.002142 0.474839 0.098792
0.002130 -0.000198 0.098792 0.044694
20.266361 1.332967 24.060749 2.024133
0.503965 0.104608 0.011133 0.003010
0.104608 0.045503 0.003017 -0.000025
0.011133 0.003017 0.485594 0.101562
0.003010 -0.000025 0.101562 0.045340
20.857024 1.317282 25.346594 2.081490
0.494915 0.102602 0.014396 0.003044
0.102602 0.045111 0.003044 -0.000018
0.014396 0.003044 0.484239 0.101457
0.003044 -0.000018 0.101457 0.045307
22.403849 1.501479 26.512119 2.106767
0.483096 0.100260 -0.007304 -0.002028
0.100260 0.044690 -0.001989 -0.001046
-0.007304 -0.001989 0.484267 0.101636
-0.002028 -0.001046 0.101636 0.045333
22.814175 1.431036 27.081633 2.005434
0.486163 0.101223 -0.023429 -0.005362
0.101223 0.044981 -0.005300 -0.001611
-0.023429 -0.005300 0.487178 0.102358
-0.005362 -0.001611 0.102358 0.045463
23.200723 1.362421 27.841899 1.954517
0.477391 0.099585 -0.013968 -0.002967
0.099585 0.044687 -0.002932 -0.000942
-0.013968 -0.002932 0.484794 0.101857
-0.002967 -0.000942 0.101857 0.045319
22.959793 1.169434 28.858594 1.962544
0.456790 0.095604 -0.001358 -0.000156
0.095604 0.043917 -0.000134 -0.000263
-0.001358 -0.000134 0.480906 0.101077
-0.000156 -0.000263 0.101077 0.045131
23.567267 1.174260 30.113142 2.020034
0.451927 0.095238 -0.000527 -0.000077
0.095238 0.043949 -0.000057 -0.000221
-0.000527 -0.000057 0.490877 0.103265
-0.000077 -0.000221 0.103265 0.045581
23.718286 1.081769 31.100359 2.015284
0.441750 0.093688 -0.000755 -0.000199
0.093688 0.043695 -0.000185 -0.000222
-0.000755 -0.000185 0.494492 0.103889
-0.000199 -0.000222 0.103889 0.045661
24.382907 1.108258 31.656590 1.920595
0.422764 0.090299 -0.016806 -0.003602
0.090299 0.043038 -0.003654 -0.000922
-0.016806 -0.003654 0.484157 0.101537
-0.003602 -0.000922 0.101537 0.045119
25.088405 1.140979 32.739679 1.946441
0.412583 0.088984 -0.018872 -0.003745
0.088984 0.042843 -0.003790 -0.000866
-0.018872 -0.003790 0.490680 0.102955
-0.003745 -0.000866 0.102955 0.045420
25.599622 1.128038 33.689101 1.941380
0.408949 0.089064 -0.016601 -0.002991
0.089064 0.042923 -0.002994 -0.000636
-0.016601 -0.002994 0.498337 0.104472
-0.002991 -0.000636 0.104472 0.045716
26.495589 1.200692 34.516505 1.911936
0.424584 0.093192 -0.026680 -0.004895
0.093192 0.043840 -0.005005 -0.001020
-0.026680 -0.005005 0.511866 0.107061
-0.004895 -0.001020 0.107061 0.046211
28.027932 1.406745 35.880712 1.999205
0.354742 0.077935 -0.052267 -0.010062
0.077935 0.040373 -0.010285 -0.002104
-0.052267 -0.010285 0.511021 0.106384
-0.010062 -0.002104 0.106384 0.045983
28.659579 1.388824 36.480262 1.915667
0.365796 0.082035 -0.048314 -0.008413
0.082035 0.041487 -0.008568 -0.001606
-0.048314 -0.008568 0.512181 0.106325
-0.008413 -0.001606 0.106325 0.045940
29.343120 1.388999 37.895952 2.010658
0.357551 0.081072 -0.049993 -0.008304
0.081072 0.041269 -0.008297 -0.001516
-0.049993 -0.008297 0.532286 0.110216
-0.008304 -0.001516 0.110216 0.046725
30.080211 1.398766 38.896998 2.010063
0.378996 0.086810 -0.053257 -0.008423
0.086810 0.042559 -0.008544 -0.001520
-0.053257 -0.008544 0.546241 0.112480
-0.008423 -0.001520 0.112480 0.047112
30.500131 1.333464 39.774196 1.981724
0.393543 0.090220 -0.053381 -0.008012
0.090220 0.043165 -0.008178 -0.001432
-0.053381 -0.008178 0.551998 0.112936
-0.008012 -0.001432 0.112936 0.047121
30.964953 1.289696 41.090935 2.046661
0.387596 0.088520 -0.049410 -0.007037
0.088520 0.042553 -0.006905 -0.001219
-0.049410 -0.006905 0.567003 0.115362
-0.007037 -0.001219 0.115362 0.047565
31.361440 1.234234 42.289484 2.080225
0.397841 0.090698 -0.044510 -0.005883
0.090698 0.042911 -0.005718 -0.001016
-0.044510 -0.005718 0.568720 0.114954
-0.005883 -0.001016 0.114954 0.047421
31.829694 1.199277 43.190404 2.051032
0.417109 0.094672 -0.041056 -0.005103
0.094672 0.043653 -0.005120 -0.000935
-0.041056 -0.005120 0.556551 0.111886
-0.005103 -0.000935 0.111886 0.046780
32.944997 1.315556 44.198828 2.051302
0.408726 0.092186 -0.010605 0.000806
0.092186 0.042933 0.001422 0.000291
-0.010605 0.001422 0.531444 0.106798
0.000806 0.000291 0.106798 0.045848
33.625843 1.322242 45.490665 2.105077
0.434436 0.097468 -0.010818 0.000237
0.097468 0.044014 0.000530 -0.000016
-0.010818 0.000530 0.522369 0.105217
0.000237 -0.000016 0.105217 0.045653
33.764939 1.204661 46.195777 2.032552
0.442552 0.098307 -0.014429 -0.001012
0.098307 0.044024 -0.001014 -0.000423
-0.014429 -0.001014 0.493402 0.099742
-0.001012 -0.000423 0.099742 0.044670
34.387787 1.206953 46.599711 1.907689
0.459066 0.101069 -0.007823 0.000024
0.101069 0.044513 -0.000070 -0.000260
-0.007823 -0.000070 0.454532 0.092710
0.000024 -0.000260 0.092710 0.043428
34.921063 1.190703 47.205525 1.835407
0.486380 0.105959 -0.017368 -0.002294
0.105959 0.045449 -0.002578 -0.000802
-0.017368 -0.002578 0.442252 0.091565
-0.002294 -0.000802 0.091565 0.043428
35.624269 1.213888 48.114554 1.833854
0.520482 0.111923 -0.026102 -0.004185
0.111923 0.046570 -0.004558 -0.001179
-0.026102 -0.004558 0.435249 0.091425
-0.004185 -0.001179 0.091425 0.043568
