1.971257 1.750614 -1.237751 -1.387158
3.185311 1.274152 1.745331 0.698148
1.274152 80.513739 0.698148 0.279265
1.745331 0.698148 3.578266 1.431338
0.698148 0.279265 1.431338 80.576614
5.873433 6.531534 0.802306 2.769994
2.233625 3.767561 0.266807 0.140483
3.767561 16.280680 0.261722 4.484413
0.266807 0.261722 1.407838 2.317786
0.140483 4.484413 2.317786 14.783950
6.457444 3.579695 4.278563 5.408569
5.270733 6.394467 2.692588 3.669451
6.394467 9.912380 3.325304 5.381564
2.692588 3.325304 2.048443 2.750516
3.669451 5.381564 2.750516 5.768449
8.805178 4.040016 6.403027 4.774293
7.442847 5.963312 4.692051 4.080380
5.963312 5.583889 3.741968 3.560668
4.692051 3.741968 4.171188 3.796793
4.080380 3.560668 3.796793 4.117902
9.351458 3.237400 5.693750 2.639286
2.565258 1.512871 1.788806 1.119230
1.512871 1.299593 1.010246 0.789035
1.788806 1.010246 2.637814 1.783266
1.119230 0.789035 1.783266 1.500723
10.878314 3.146477 8.250543 3.328215
3.072253 1.504429 2.279702 1.139869
1.504429 0.976257 1.068686 0.629255
2.279702 1.068686 3.045074 1.595501
1.139869 0.629255 1.595501 1.000354
10.455015 2.310814 8.729830 2.852411
1.021125 0.426389 0.634431 0.256131
0.426389 0.333310 0.224571 0.153045
0.634431 0.224571 1.532002 0.670216
0.256131 0.153045 0.670216 0.398358
10.551637 1.948063 7.934991 2.014389
0.688528 0.268917 0.354658 0.128201
0.268917 0.211992 0.108272 0.082815
0.354658 0.108272 1.180825 0.447787
0.128201 0.082815 0.447787 0.243841
11.366745 1.893944 8.650628 1.915645
0.788293 0.291817 0.449867 0.154145
0.291817 0.184755 0.144706 0.080863
0.449867 0.144706 1.187028 0.401373
0.154145 0.080863 0.401373 0.191659
10.304166 1.195471 9.036331 1.729534
0.406121 0.139221 0.209339 0.065918
0.139221 0.105424 0.054567 0.039795
0.209339 0.054567 0.939724 0.285215
0.065918 0.039795 0.285215 0.131402
10.788447 1.161996 9.573465 1.637227
0.486118 0.163842 0.254593 0.077640
0.163842 0.100302 0.072211 0.038736
0.254593 0.072211 0.898831 0.252394
0.077640 0.038736 0.252394 0.108684
11.377373 1.165042 10.364345 1.630212
0.585443 0.186270 0.311719 0.088636
0.186270 0.095894 0.087742 0.037329
0.311719 0.087742 0.864496 0.226779
0.088636 0.037329 0.226779 0.092685
11.758505 1.099024 11.474655 1.699704
0.639779 0.189263 0.326838 0.085736
0.189263 0.087170 0.086241 0.031970
0.326838 0.086241 0.812504 0.200251
0.085736 0.031970 0.200251 0.079501
12.473839 1.146191 12.310820 1.697377
0.722384 0.198694 0.354987 0.085830
0.198694 0.082385 0.087683 0.028425
0.354987 0.087683 0.782907 0.183018
0.085830 0.028425 0.183018 0.070941
13.051105 1.139767 13.605664 1.797050
0.782092 0.200191 0.372149 0.082946
0.200191 0.076850 0.085646 0.024805
0.372149 0.085646 0.746947 0.166781
0.082946 0.024805 0.166781 0.064114
13.035450 1.006470 13.845671 1.656791
0.682700 0.164424 0.260021 0.052942
0.164424 0.063961 0.053495 0.015509
0.260021 0.053495 0.613610 0.132237
0.052942 0.015509 0.132237 0.054566
13.832305 1.072420 14.853246 1.692786
0.744747 0.170302 0.282763 0.054342
0.170302 0.062618 0.055848 0.014586
0.282763 0.055848 0.607538 0.128279
0.054342 0.014586 0.128279 0.052629
14.284187 1.046266 16.099961 1.779265
0.750016 0.163567 0.266117 0.047733
0.163567 0.059048 0.049250 0.012096
0.266117 0.049250 0.581325 0.120877
0.047733 0.012096 0.120877 0.050333
14.974393 1.081940 17.007924 1.780692
0.758676 0.158973 0.247381 0.041364
0.158973 0.056648 0.043167 0.010040
0.247381 0.043167 0.551626 0.113570
0.041364 0.010040 0.113570 0.048350
15.462549 1.069818 17.959158 1.794508
0.763949 0.154380 0.246525 0.039520
0.154380 0.054663 0.041471 0.009188
0.246525 0.041471 0.528292 0.108037
0.039520 0.009188 0.108037 0.046891
16.125157 1.089063 19.199361 1.865180
0.764293 0.150123 0.229287 0.034484
0.150123 0.053208 0.036504 0.007768
0.229287 0.036504 0.514054 0.105221
0.034484 0.007768 0.105221 0.046210
16.850119 1.124206 20.155748 1.866642
0.753520 0.144751 0.203254 0.028309
0.144751 0.051839 0.030677 0.006360
0.203254 0.030677 0.486222 0.099851
0.028309 0.006360 0.099851 0.045058
17.778220 1.191007 21.298588 1.904097
0.754963 0.142499 0.187485 0.024663
0.142499 0.051275 0.027151 0.005528
0.187485 0.027151 0.474927 0.098200
0.024663 0.005528 0.098200 0.044734
18.928743 1.298576 22.150610 1.870939
0.760223 0.141446 0.176756 0.022349
0.141446 0.051045 0.025065 0.005062
0.176756 0.025065 0.457522 0.095135
0.022349 0.005062 0.095135 0.044077
19.593550 1.295338 23.422765 1.943796
0.730783 0.134512 0.153577 0.018230
0.134512 0.049838 0.020658 0.004253
0.153577 0.020658 0.448656 0.094331
0.018230 0.004253 0.094331 0.043978
20.431128 1.323935 24.784979 2.025215
0.710806 0.130295 0.127319 0.013509
0.130295 0.049291 0.016024 0.003387
0.127319 0.016024 0.442125 0.093992
0.013509 0.003387 0.093992 0.043967
21.052172 1.311267 26.112677 2.094999
0.683139 0.125216 0.098721 0.008739
0.125216 0.048644 0.011357 0.002578
0.098721 0.011357 0.432842 0.092941
0.008739 0.002578 0.092941 0.043770
22.013792 1.367426 27.204083 2.099423
0.675370 0.124167 0.081893 0.006467
0.124167 0.048753 0.009182 0.002272
0.081893 0.009182 0.421930 0.091248
0.006467 0.002272 0.091248 0.043379
22.482149 1.328792 28.141586 2.077958
0.646534 0.119432 0.056967 0.002768
0.119432 0.048170 0.005542 0.001679
0.056967 0.005542 0.409523 0.089371
0.002768 0.001679 0.089371 0.042984
23.077863 1.318478 28.929743 2.023321
0.629935 0.117289 0.036122 -0.000109
0.117289 0.048075 0.002737 0.001226
0.036122 0.002737 0.399966 0.088071
-0.000109 0.001226 0.088071 0.042710
23.312655 1.234887 30.443663 2.139496
0.608410 0.114280 0.018087 -0.002298
0.114280 0.047776 0.000365 0.000855
0.018087 0.000365 0.404464 0.089814
-0.002298 0.000855 0.089814 0.043097
23.914471 1.232240 31.448707 2.125185
0.607278 0.115241 0.002689 -0.004140
0.115241 0.048199 -0.001459 0.000542
0.002689 -0.001459 0.398585 0.088886
-0.004140 0.000542 0.088886 0.042822
24.909769 1.304433 32.652509 2.154778
0.621035 0.118814 -0.008796 -0.005242
0.118814 0.049037 -0.002639 0.000332
-0.008796 -0.002639 0.399712 0.089472
-0.005242 0.000332 0.089472 0.042891
25.130496 1.221566 33.311828 2.062367
0.608014 0.116819 -0.029530 -0.008428
0.116819 0.048703 -0.005706 -0.000310
-0.029530 -0.005706 0.391599 0.087851
-0.008428 -0.000310 0.087851 0.042451
25.799218 1.233173 34.506768 2.099170
0.617088 0.119150 -0.042743 -0.009893
0.119150 0.049202 -0.007270 -0.000616
-0.042743 -0.007270 0.395927 0.089064
-0.009893 -0.000616 0.089064 0.042670
26.683116 1.283627 35.270262 2.035224
0.628512 0.121636 -0.052767 -0.010716
0.121636 0.049667 -0.008325 -0.000828
-0.052767 -0.008325 0.393534 0.088548
-0.010716 -0.000828 0.088548 0.042465
27.509593 1.317974 36.068644 1.986473
0.639708 0.123759 -0.065994 -0.012400
0.123759 0.050005 -0.010103 -0.001229
-0.065994 -0.010103 0.393776 0.088601
-0.012400 -0.001229 0.088601 0.042399
28.347166 1.354338 37.255425 2.031249
0.648747 0.125256 -0.075509 -0.013294
0.125256 0.050196 -0.011141 -0.001469
-0.075509 -0.011141 0.399997 0.089956
-0.013294 -0.001469 0.089956 0.042630
29.063971 1.361261 38.197969 2.015037
0.654802 0.126002 -0.086898 -0.014744
0.126002 0.050226 -0.012688 -0.001843
-0.086898 -0.012688 0.400374 0.089793
-0.014744 -0.001843 0.089793 0.042491
30.063680 1.419484 38.909863 1.951147
0.669367 0.128327 -0.098513 -0.016210
0.128327 0.050567 -0.014324 -0.002221
-0.098513 -0.014324 0.399238 0.089281
-0.016210 -0.002221 0.089281 0.042290
30.476733 1.360692 39.767125 1.921295
0.665187 0.126825 -0.111284 -0.018160
0.126825 0.050151 -0.016139 -0.002675
-0.111284 -0.016139 0.401874 0.089645
-0.018160 -0.002675 0.089645 0.042302
31.135283 1.358080 40.835659 1.945422
0.670987 0.127456 -0.121504 -0.019392
0.127456 0.050202 -0.017402 -0.002967
-0.121504 -0.017402 0.408088 0.090792
-0.019392 -0.002967 0.090792 0.042499
31.917013 1.376761 41.741583 1.931715
0.681282 0.128906 -0.132721 -0.020834
0.128906 0.050413 -0.018918 -0.003309
-0.132721 -0.018918 0.412731 0.091445
-0.020834 -0.003309 0.091445 0.042565
32.669716 1.388097 42.648804 1.919434
0.693702 0.130638 -0.145733 -0.022660
0.130638 0.050664 -0.020782 -0.003720
-0.145733 -0.020782 0.417411 0.092022
-0.022660 -0.003720 0.092022 0.042609
32.829963 1.290242 43.843954 1.963926
0.693833 0.129885 -0.159937 -0.024918
0.129885 0.050428 -0.022783 -0.004190
-0.159937 -0.022783 0.425118 0.093220
-0.024918 -0.004190 0.093220 0.042791
33.059426 1.201983 44.381976 1.856845
0.691965 0.128978 -0.168966 -0.025963
0.128978 0.050212 -0.023950 -0.004458
-0.168966 -0.023950 0.422920 0.092181
-0.025963 -0.004458 0.092181 0.042482
33.511029 1.165459 44.933700 1.769310
0.699559 0.130024 -0.177084 -0.026679
0.130024 0.050399 -0.024925 -0.004651
-0.177084 -0.024925 0.422978 0.091807
-0.026679 -0.004651 0.091807 0.042368
34.286745 1.197201 45.588246 1.721395
0.718788 0.133212 -0.186126 -0.027457
0.133212 0.050980 -0.026049 -0.004848
-0.186126 -0.026049 0.426242 0.092195
-0.027457 -0.004848 0.092195 0.042437
34.955142 1.214486 46.619580 1.761288
0.734305 0.135446 -0.195142 -0.028386
0.135446 0.051341 -0.027075 -0.005052
-0.195142 -0.027075 0.434482 0.093682
-0.028386 -0.005052 0.093682 0.042745
35.888720 1.267984 47.147065 1.689083
0.749555 0.137500 -0.203882 -0.029303
0.137500 0.051650 -0.028214 -0.005289
-0.203882 -0.028214 0.437041 0.093767
-0.029303 -0.005289 0.093767 0.042713
