-0.653923 0.700519 5.682019 1.380810
41.463505 16.585761 -56.479068 -22.592117
16.585761 86.638515 -22.592117 -9.037042
-56.479068 -22.592117 80.538224 32.215988
-22.592117 -9.037042 32.215988 92.890741
-0.047728 1.657605 7.302716 2.440404
62.400887 32.224678 -86.530520 -43.224834
32.224678 37.871481 -42.438828 -41.556739
-86.530520 -42.438828 123.491105 63.308069
-43.224834 -41.556739 63.308069 67.775349
3.702140 2.249948 2.115999 -1.093086
78.252730 34.064883 -118.012845 -57.171017
34.064883 26.092044 -50.228515 -38.010961
-118.012845 -50.228515 181.348285 88.577809
-57.171017 -38.010961 88.577809 63.966385
3.394199 1.663695 3.687430 -0.205368
20.662632 11.315754 -20.004910 -7.962689
11.315754 13.038875 -10.480056 -13.150979
-20.004910 -10.480056 21.118662 8.513065
-7.962689 -13.150979 8.513065 16.557951
4.890448 1.733311 4.653196 1.027097
34.209565 17.456939 -32.455669 -14.912024
17.456939 12.866082 -16.795535 -13.075182
-32.455669 -16.795535 32.264598 15.467188
-14.912024 -13.075182 15.467188 15.219966
6.853271 1.914928 5.165234 1.578823
52.624365 23.122247 -50.201453 -21.277765
23.122247 12.489053 -22.445885 -12.617841
-50.201453 -22.445885 49.241269 21.585552
-21.277765 -12.617841 21.585552 13.889224
7.143285 1.658648 6.617802 1.835339
69.756947 25.251372 -64.041780 -22.245709
25.251372 10.583149 -23.530211 -10.052747
-64.041780 -23.530211 59.989179 21.458004
-22.245709 -10.052747 21.458004 10.310652
10.262358 2.581230 4.690764 0.614576
84.959092 27.159104 -79.936446 -25.376358
27.159104 9.642179 -25.864706 -9.425116
-79.936446 -25.864706 76.337802 24.752628
-25.376358 -9.425116 24.752628 9.688529
4.108408 0.486849 12.076850 2.614129
26.627274 6.387445 -20.754206 -4.046312
6.387445 2.193844 -5.194406 -1.838906
-20.754206 -5.194406 17.069194 3.761133
-4.046312 -1.838906 3.761133 1.968059
7.969065 1.255441 10.755486 2.179101
4.430971 1.236658 -4.425052 -1.307665
1.236658 0.858241 -1.520756 -1.053720
-4.425052 -1.520756 5.586030 2.055983
-1.307665 -1.053720 2.055983 1.512351
9.663453 1.367691 11.747352 2.390011
5.388868 1.616674 -6.065988 -1.936736
1.616674 0.855851 -2.031902 -1.057695
-6.065988 -2.031902 7.954234 2.786766
-1.936736 -1.057695 2.786766 1.477743
10.192461 1.377797 12.715754 2.261585
6.968246 2.009093 -8.284127 -2.495710
2.009093 0.851680 -2.527754 -1.049322
-8.284127 -2.527754 10.893149 3.434741
-2.495710 -1.049322 3.434741 1.436238
10.142843 1.194638 14.591439 2.450228
8.680665 2.330087 -10.776307 -2.977579
2.330087 0.833357 -2.979498 -1.035048
-10.776307 -2.979498 14.368756 4.069205
-2.977579 -1.035048 4.069205 1.414603
11.591235 1.390225 15.010019 2.267163
7.530431 1.882563 -10.165638 -2.588981
1.882563 0.635257 -2.592966 -0.822049
-10.165638 -2.592966 14.751845 3.824135
-2.588981 -0.822049 3.824135 1.194328
12.010164 1.328763 16.399017 2.321431
8.363061 1.931401 -11.788740 -2.747396
1.931401 0.579919 -2.740234 -0.765169
-11.788740 -2.740234 17.637934 4.150624
-2.747396 -0.765169 4.150624 1.139259
12.011915 1.184039 18.090741 2.425341
6.865198 1.455499 -10.353933 -2.215960
1.455499 0.420296 -2.185385 -0.569102
-10.353933 -2.185385 16.694392 3.595380
-2.215960 -0.569102 3.595380 0.908492
13.488089 1.357931 17.937524 2.156097
3.359698 0.649811 -5.553463 -1.097315
0.649811 0.221105 -1.036343 -0.287502
-5.553463 -1.036343 10.431242 2.069536
-1.097315 -0.287502 2.069536 0.524270
14.688804 1.453821 18.115890 1.989496
3.212831 0.585252 -5.654510 -1.046428
0.585252 0.189479 -0.968380 -0.247766
-5.654510 -0.968380 11.303616 2.084235
-1.046428 -0.247766 2.084235 0.482719
16.887134 1.787900 17.841770 1.750477
3.476519 0.603631 -6.294418 -1.092551
0.603631 0.177451 -1.014811 -0.233473
-6.294418 -1.014811 12.782684 2.200094
-1.092551 -0.233473 2.200094 0.465530
18.696771 1.912434 16.607152 1.414077
3.113758 0.564081 -4.950157 -0.819359
0.564081 0.165408 -0.824046 -0.184567
-4.950157 -0.824046 9.019848 1.470426
-0.819359 -0.184567 1.470426 0.317760
20.306983 2.007830 16.011073 1.214788
1.635135 0.337159 -1.767643 -0.290796
0.337159 0.123979 -0.313255 -0.092113
-1.767643 -0.313255 2.684863 0.422100
-0.290796 -0.092113 0.422100 0.137555
19.830974 1.755980 18.876811 1.568174
1.220826 0.270719 -0.840390 -0.141452
0.270719 0.107470 -0.152327 -0.059812
-0.840390 -0.152327 1.131198 0.178481
-0.141452 -0.059812 0.178481 0.093626
20.850097 1.796155 19.771550 1.586652
1.463450 0.314795 -0.945806 -0.161754
0.314795 0.109901 -0.179759 -0.059379
-0.945806 -0.179759 1.098330 0.186763
-0.161754 -0.059379 0.186763 0.091897
21.955683 1.818552 19.906331 1.464156
1.557424 0.324532 -0.854785 -0.142107
0.324532 0.106070 -0.161701 -0.050909
-0.854785 -0.161701 0.898133 0.159564
-0.142107 -0.050909 0.159564 0.083398
23.324533 1.901271 20.093593 1.360511
1.183135 0.241356 -0.400160 -0.054869
0.241356 0.085012 -0.070678 -0.029737
-0.400160 -0.070678 0.521899 0.100293
-0.054869 -0.029737 0.100293 0.069617
24.699842 1.982057 20.436574 1.293552
0.779543 0.156025 -0.095146 -0.000621
0.156025 0.065013 -0.013003 -0.016380
-0.095146 -0.013003 0.420980 0.095620
-0.000621 -0.016380 0.095620 0.067024
26.396358 2.122671 20.916477 1.265133
0.578276 0.115242 0.019885 0.015546
0.115242 0.055155 0.003910 -0.011525
0.019885 0.003910 0.486579 0.120994
0.015546 -0.011525 0.120994 0.070144
27.764960 2.187300 21.382578 1.224630
0.464309 0.094042 0.058272 0.016655
0.094042 0.049873 0.004668 -0.010103
0.058272 0.004668 0.618192 0.155610
0.016655 -0.010103 0.155610 0.074745
28.441091 2.095789 22.145086 1.264967
0.396293 0.083063 0.064964 0.012692
0.083063 0.046976 -0.000633 -0.009858
0.064964 -0.000633 0.789764 0.193473
0.012692 -0.009858 0.193473 0.079549
28.846336 1.956073 22.628485 1.240849
0.352488 0.077541 0.037945 0.002937
0.077541 0.045388 -0.012135 -0.010889
0.037945 -0.012135 0.992788 0.232491
0.002937 -0.010889 0.232491 0.084160
29.576724 1.901564 23.111476 1.215586
0.327363 0.075842 -0.009834 -0.009071
0.075842 0.044640 -0.026532 -0.012334
-0.009834 -0.026532 1.226716 0.272233
-0.009071 -0.012334 0.272233 0.088503
30.490002 1.892268 23.740453 1.220799
0.317188 0.076928 -0.077804 -0.022971
0.076928 0.044458 -0.043425 -0.014090
-0.077804 -0.043425 1.491439 0.312474
-0.022971 -0.014090 0.312474 0.092571
31.480171 1.903016 24.350718 1.219949
0.321882 0.080664 -0.171322 -0.039572
0.080664 0.044803 -0.063745 -0.016321
-0.171322 -0.063745 1.779873 0.351751
-0.039572 -0.016321 0.351751 0.096133
32.454667 1.907683 25.103208 1.245924
0.341290 0.086691 -0.287914 -0.057935
0.086691 0.045540 -0.086542 -0.018773
-0.287914 -0.086542 2.094106 0.390489
-0.057935 -0.018773 0.390489 0.099324
33.796299 2.003478 26.392227 1.359106
0.378353 0.095466 -0.432241 -0.078593
0.095466 0.046756 -0.112628 -0.021566
-0.432241 -0.112628 2.421659 0.426547
-0.078593 -0.021566 0.426547 0.101822
34.843737 2.014531 26.955552 1.339712
0.442006 0.108777 -0.611454 -0.102319
0.108777 0.048840 -0.143636 -0.024913
-0.611454 -0.143636 2.715364 0.452428
-0.102319 -0.024913 0.452428 0.102470
35.998599 2.054014 27.889521 1.382701
0.521578 0.123317 -0.808998 -0.125920
0.123317 0.050877 -0.174479 -0.027911
-0.808998 -0.174479 3.060179 0.483197
-0.125920 -0.027911 0.483197 0.103941
36.873318 2.011031 28.245539 1.329058
0.623829 0.140499 -1.031607 -0.150402
0.140499 0.053228 -0.207043 -0.030902
-1.031607 -0.207043 3.416141 0.511899
-0.150402 -0.030902 0.511899 0.105027
37.732611 1.975441 28.942142 1.330813
0.738406 0.157408 -1.274439 -0.175103
0.157408 0.055190 -0.238639 -0.033542
-1.274439 -0.238639 3.846385 0.548303
-0.175103 -0.033542 0.548303 0.107241
38.414010 1.895248 29.407563 1.293162
0.874002 0.176058 -1.543799 -0.200760
0.176058 0.057283 -0.271599 -0.036185
-1.543799 -0.271599 4.305427 0.584693
-0.200760 -0.036185 0.584693 0.109301
39.522351 1.944382 30.396684 1.347556
1.026675 0.195228 -1.838587 -0.227232
0.195228 0.059234 -0.304781 -0.038705
-1.838587 -0.304781 4.814358 0.624123
-0.227232 -0.038705 0.624123 0.111663
40.559318 1.952031 30.835068 1.317168
1.207529 0.217333 -2.163486 -0.254673
0.217333 0.061578 -0.340542 -0.041358
-2.163486 -0.340542 5.330241 0.660083
-0.254673 -0.041358 0.660083 0.113377
41.674342 1.986286 31.527664 1.328218
1.399281 0.237942 -2.514446 -0.283182
0.237942 0.063360 -0.374750 -0.043748
-2.514446 -0.374750 5.930253 0.703791
-0.283182 -0.043748 0.703791 0.116055
42.477734 1.925058 31.781975 1.262796
1.609169 0.258860 -2.894130 -0.312718
0.258860 0.065027 -0.409282 -0.046080
-2.894130 -0.409282 6.581923 0.749947
-0.312718 -0.046080 0.749947 0.118880
43.481268 1.947148 32.699380 1.303523
1.821435 0.276816 -3.292877 -0.342765
0.276816 0.066005 -0.440521 -0.048052
-3.292877 -0.440521 7.313743 0.802702
-0.342765 -0.048052 0.802702 0.122427
44.073281 1.843308 32.999747 1.234422
2.067730 0.298577 -3.731289 -0.374196
0.298577 0.067594 -0.476291 -0.050346
-3.731289 -0.476291 8.066705 0.852395
-0.374196 -0.050346 0.852395 0.125295
44.882753 1.839449 34.052529 1.284642
2.324189 0.318876 -4.195129 -0.406473
0.318876 0.068808 -0.510475 -0.052445
-4.195129 -0.510475 8.887794 0.906401
-0.406473 -0.052445 0.906401 0.128556
45.792551 1.847971 34.902093 1.310888
2.629113 0.345706 -4.700371 -0.439113
0.345706 0.071052 -0.551685 -0.054963
-4.700371 -0.551685 9.683254 0.951123
-0.439113 -0.054963 0.951123 0.130439
46.765245 1.885231 36.046330 1.376950
2.967193 0.375182 -5.238558 -0.472070
0.375182 0.073565 -0.595198 -0.057515
-5.238558 -0.595198 10.490288 0.992884
-0.472070 -0.057515 0.992884 0.131896
47.698097 1.903422 37.096387 1.422290
3.346384 0.409345 -5.797539 -0.503262
0.409345 0.076701 -0.641973 -0.060080
-5.797539 -0.641973 11.239066 1.023991
-0.503262 -0.060080 1.023991 0.132131
