33.489574 0.572455 48.159013 1.823047
0.565437 0.117874 -0.041816 -0.006978
0.117874 0.047817 -0.007390 -0.001627
-0.041816 -0.007390 0.417604 0.088889
-0.006978 -0.001627 0.088889 0.043099
29.380454 -0.337000 47.864427 1.544113
0.572878 0.117790 -0.039056 -0.006064
0.117790 0.047627 -0.006470 -0.001357
-0.039056 -0.006470 0.413303 0.089170
-0.006064 -0.001357 0.089170 0.043239
25.634326 -1.072364 46.864471 1.140441
0.561326 0.114090 -0.030672 -0.004119
0.114090 0.046785 -0.004496 -0.000910
-0.030672 -0.004496 0.418332 0.091270
-0.004119 -0.000910 0.091270 0.043712
21.500615 -1.810145 44.760661 0.535943
0.540533 0.109091 -0.022874 -0.002539
0.109091 0.045806 -0.002837 -0.000582
-0.022874 -0.002837 0.429861 0.094406
-0.002539 -0.000582 0.094406 0.044331
18.711059 -2.201862 41.938790 -0.152243
0.514072 0.103563 -0.016470 -0.001427
0.103563 0.044829 -0.001604 -0.000373
-0.016470 -0.001604 0.447559 0.098445
-0.001427 -0.000373 0.098445 0.045072
17.106063 -2.316436 38.094325 -0.980508
0.485617 0.098204 -0.008330 -0.000012
0.098204 0.043964 -0.000110 -0.000113
-0.008330 -0.000110 0.470603 0.103170
-0.000012 -0.000113 0.103170 0.045898
15.478085 -2.423580 33.342229 -1.908937
0.463076 0.094512 0.007552 0.003014
0.094512 0.043478 0.002847 0.000463
0.007552 0.002847 0.493179 0.107299
0.003014 0.000463 0.107299 0.046542
13.201996 -2.650633 27.397414 -2.984544
0.460892 0.095222 0.025889 0.006352
0.095222 0.043881 0.006070 0.001069
0.025889 0.006070 0.497620 0.107120
0.006352 0.001069 0.107120 0.046232
10.847927 -2.864602 23.022901 -3.599027
0.474790 0.099068 0.029189 0.006211
0.099068 0.044845 0.005973 0.000935
0.029189 0.005973 0.482629 0.102898
0.006211 0.000935 0.102898 0.045137
9.284687 -2.886860 18.139621 -4.253401
0.491144 0.102978 0.020386 0.003606
0.102978 0.045705 0.003491 0.000338
0.020386 0.003491 0.464915 0.098654
0.003606 0.000338 0.098654 0.044185
8.311842 -2.785745 15.020780 -4.465007
0.506145 0.106190 0.002162 -0.000646
0.106190 0.046332 -0.000628 -0.000527
0.002162 -0.000628 0.450631 0.095640
-0.000646 -0.000527 0.095640 0.043600
7.834356 -2.594063 12.699980 -4.485571
0.520839 0.108997 -0.018780 -0.005004
0.108997 0.046820 -0.004863 -0.001331
-0.018780 -0.004863 0.440773 0.093863
-0.005004 -0.001331 0.093863 0.043323
7.994849 -2.291338 11.170572 -4.334187
0.535027 0.111414 -0.041186 -0.009247
0.111414 0.047193 -0.008991 -0.002053
-0.041186 -0.008991 0.435610 0.093203
-0.009247 -0.002053 0.093203 0.043285
8.194254 -2.012692 9.311144 -4.266680
0.545154 0.112757 -0.066605 -0.013782
0.112757 0.047326 -0.013379 -0.002799
-0.066605 -0.013379 0.438152 0.094165
-0.013782 -0.002799 0.094165 0.043565
8.621493 -1.714044 8.209715 -4.038775
0.540642 0.110961 -0.095057 -0.018688
0.110961 0.046817 -0.017995 -0.003586
-0.095057 -0.017995 0.456717 0.098369
-0.018688 -0.003586 0.098369 0.044484
9.336641 -1.381784 7.609207 -3.721733
0.519087 0.105923 -0.111278 -0.020754
0.105923 0.045716 -0.019693 -0.003755
-0.111278 -0.019693 0.486104 0.104459
-0.020754 -0.003755 0.104459 0.045717
10.076409 -1.074334 7.063112 -3.425188
0.494836 0.100924 -0.114401 -0.020061
0.100924 0.044743 -0.018700 -0.003407
-0.114401 -0.018700 0.513230 0.109520
-0.020061 -0.003407 0.109520 0.046637
11.304802 -0.689425 6.878997 -3.078249
0.473354 0.097016 -0.109172 -0.017869
0.097016 0.044074 -0.016311 -0.002850
-0.109172 -0.016311 0.534450 0.112935
-0.017869 -0.002850 0.112935 0.047162
12.695202 -0.304776 6.880015 -2.730225
0.456855 0.094447 -0.101125 -0.015451
0.094447 0.043705 -0.013791 -0.002351
-0.101125 -0.013791 0.550084 0.114956
-0.015451 -0.002351 0.114956 0.047391
13.698936 -0.026546 7.842517 -2.228217
0.444567 0.092878 -0.092058 -0.013166
0.092878 0.043527 -0.011485 -0.001960
-0.092058 -0.011485 0.561045 0.115946
-0.013166 -0.001960 0.115946 0.047434
14.534175 0.181596 8.566275 -1.837040
0.437255 0.092301 -0.086632 -0.011905
0.092301 0.043511 -0.010306 -0.001838
-0.086632 -0.010306 0.568729 0.116269
-0.011905 -0.001838 0.116269 0.047375
14.641638 0.222781 10.277920 -1.299201
0.433046 0.092275 -0.082043 -0.010967
0.092275 0.043565 -0.009523 -0.001798
-0.082043 -0.009523 0.572457 0.115913
-0.010967 -0.001798 0.115913 0.047230
15.480821 0.421359 12.541519 -0.699447
0.434363 0.093257 -0.080565 -0.010719
0.093257 0.043786 -0.009599 -0.001916
-0.080565 -0.009599 0.569385 0.114346
-0.010719 -0.001916 0.114346 0.046888
15.999404 0.509418 13.745106 -0.382732
0.439372 0.094860 -0.076356 -0.009924
0.094860 0.044104 -0.009168 -0.001904
-0.076356 -0.009168 0.558033 0.111459
-0.009924 -0.001904 0.111459 0.046354
16.676613 0.631835 15.892878 0.092211
0.445082 0.096378 -0.070545 -0.008889
0.096378 0.044364 -0.008415 -0.001820
-0.070545 -0.008415 0.544894 0.108631
-0.008889 -0.001820 0.108631 0.045902
17.267783 0.715708 17.897131 0.488823
0.452090 0.097994 -0.061722 -0.007328
0.097994 0.044627 -0.007066 -0.001611
-0.061722 -0.007066 0.528835 0.105585
-0.007328 -0.001611 0.105585 0.045454
18.425205 0.907806 19.746145 0.820650
0.459356 0.099479 -0.051149 -0.005534
0.099479 0.044845 -0.005403 -0.001343
-0.051149 -0.005403 0.512998 0.102896
-0.005534 -0.001343 0.102896 0.045105
19.175639 0.977822 20.726781 0.939046
0.465208 0.100498 -0.039588 -0.003670
0.100498 0.044957 -0.003583 -0.001050
-0.039588 -0.003583 0.500187 0.101033
-0.003670 -0.001050 0.101033 0.044926
20.030514 1.067474 22.436324 1.195124
0.469661 0.101104 -0.029468 -0.002209
0.101104 0.044984 -0.002134 -0.000834
-0.029468 -0.002134 0.490963 0.099976
-0.002209 -0.000834 0.099976 0.044886
20.721952 1.111108 24.406497 1.478379
0.472637 0.101350 -0.020507 -0.001034
0.101350 0.044950 -0.000954 -0.000664
-0.020507 -0.000954 0.484778 0.099527
-0.001034 -0.000664 0.099527 0.044933
21.817995 1.231068 25.932204 1.644062
0.473539 0.101157 -0.013225 -0.000215
0.101157 0.044843 -0.000122 -0.000551
-0.013225 -0.000122 0.481904 0.099681
-0.000215 -0.000551 0.099681 0.045062
22.679356 1.286484 27.483664 1.796901
0.472326 0.100568 -0.008778 0.000047
0.100568 0.044678 0.000150 -0.000533
-0.008778 0.000150 0.482088 0.100334
0.000047 -0.000533 0.100334 0.045249
23.748783 1.378563 28.899168 1.906197
0.469118 0.099651 -0.007116 -0.000185
0.099651 0.044471 -0.000079 -0.000593
-0.007116 -0.000079 0.484928 0.101375
-0.000185 -0.000593 0.101375 0.045475
24.291656 1.348542 30.378223 2.016182
0.464566 0.098573 -0.008612 -0.000950
0.098573 0.044258 -0.000850 -0.000738
-0.008612 -0.000850 0.489751 0.102650
-0.000950 -0.000738 0.102650 0.045713
25.391767 1.439708 31.947593 2.134467
0.458621 0.097327 -0.011763 -0.001897
0.097327 0.044030 -0.001807 -0.000892
-0.011763 -0.001807 0.496732 0.104198
-0.001897 -0.000892 0.104198 0.045979
25.773404 1.367680 32.897453 2.109533
0.452024 0.096068 -0.017570 -0.003238
0.096068 0.043816 -0.003167 -0.001108
-0.017570 -0.003167 0.505514 0.105938
-0.003238 -0.001108 0.105938 0.046263
26.853537 1.452732 34.424334 2.208670
0.445783 0.094992 -0.023256 -0.004377
0.094992 0.043650 -0.004324 -0.001260
-0.023256 -0.004324 0.514766 0.107597
-0.004377 -0.001260 0.107597 0.046511
27.409013 1.417038 36.067186 2.320590
0.439581 0.093991 -0.030207 -0.005648
0.093991 0.043498 -0.005619 -0.001434
-0.030207 -0.005619 0.525319 0.109377
-0.005648 -0.001434 0.109377 0.046777
28.308577 1.458886 37.585585 2.395229
0.433217 0.093003 -0.035506 -0.006455
0.093003 0.043344 -0.006432 -0.001504
-0.035506 -0.006432 0.536782 0.111207
-0.006455 -0.001504 0.111207 0.047048
28.904439 1.428543 38.276751 2.290441
0.427702 0.092233 -0.038950 -0.006821
0.092233 0.043230 -0.006789 -0.001490
-0.038950 -0.006789 0.547285 0.112719
-0.006821 -0.001490 0.112719 0.047253
29.429233 1.386123 39.068724 2.217378
0.423629 0.091781 -0.041060 -0.006910
0.091781 0.043172 -0.006864 -0.001435
-0.041060 -0.006864 0.555592 0.113711
-0.006910 -0.001435 0.113711 0.047361
29.485416 1.247128 40.147991 2.208707
0.420840 0.091583 -0.041228 -0.006630
0.091583 0.043154 -0.006559 -0.001324
-0.041228 -0.006559 0.561226 0.114157
-0.006630 -0.001324 0.114157 0.047377
29.900442 1.200624 41.077137 2.172227
0.419742 0.091714 -0.038124 -0.005749
0.091714 0.043193 -0.005630 -0.001108
-0.038124 -0.005630 0.562552 0.113798
-0.005749 -0.001108 0.113798 0.047259
30.987552 1.309242 42.500093 2.242586
0.420627 0.092205 -0.033280 -0.004628
0.092205 0.043292 -0.004465 -0.000872
-0.033280 -0.004465 0.559691 0.112732
-0.004628 -0.000872 0.112732 0.047034
31.723394 1.328032 43.803317 2.279577
0.426048 0.093596 -0.026176 -0.003161
0.093596 0.043571 -0.002979 -0.000592
-0.026176 -0.002979 0.548524 0.110190
-0.003161 -0.000592 0.110190 0.046551
32.707935 1.399564 45.161758 2.325016
0.436740 0.095960 -0.019152 -0.001833
0.095960 0.044032 -0.001691 -0.000369
-0.019152 -0.001691 0.530189 0.106501
-0.001833 -0.000369 0.106501 0.045886
33.468774 1.411106 45.885701 2.236832
0.454159 0.099525 -0.014762 -0.001125
0.099525 0.044715 -0.001108 -0.000295
-0.014762 -0.001108 0.505552 0.101880
-0.001125 -0.000295 0.101880 0.045080
34.153564 1.404430 46.404264 2.114947
0.474297 0.103314 -0.013517 -0.001094
0.103314 0.045396 -0.001217 -0.000356
-0.013517 -0.001217 0.481934 0.097820
-0.001094 -0.000356 0.097820 0.044425
35.248337 1.487536 46.905601 2.002002
0.495667 0.107019 -0.015115 -0.001624
0.107019 0.046022 -0.001866 -0.000513
-0.015115 -0.001866 0.461168 0.094584
-0.001624 -0.000513 0.094584 0.043945
36.095287 1.509540 47.890443 1.998921
0.519860 0.111024 -0.021210 -0.003012
0.111024 0.046691 -0.003356 -0.000823
-0.021210 -0.003356 0.442233 0.091837
-0.003012 -0.000823 0.091837 0.043546
