4.241789 2.658847 -0.413368 -1.057398
2.053490 0.821414 -0.226717 -0.090689
0.821414 80.332639 -0.090689 -0.036276
-0.226717 -0.090689 3.101368 1.240574
-0.090689 -0.036276 1.240574 80.500307
4.600393 0.960748 0.885932 2.024191
3.326050 5.926383 -0.655674 -1.047611
5.926383 17.709009 -1.133801 -2.454149
-0.655674 -1.133801 1.908777 3.224700
-1.047611 -2.454149 3.224700 15.583414
6.689643 2.725621 2.823508 3.239098
2.952049 3.187416 -0.620613 -0.628085
3.187416 5.179227 -0.635058 -0.864290
-0.620613 -0.635058 1.727651 2.100167
-0.628085 -0.864290 2.100167 4.676064
7.590782 2.348857 3.391353 2.277921
1.636979 1.272843 -0.286734 -0.200599
1.272843 1.682330 -0.193213 -0.235965
-0.286734 -0.193213 1.943658 1.736615
-0.200599 -0.235965 1.736615 2.282208
7.960889 1.826790 3.255931 1.400405
1.287817 0.817732 -0.222745 -0.131966
0.817732 0.863110 -0.126946 -0.130288
-0.222745 -0.126946 1.844402 1.249231
-0.131966 -0.130288 1.249231 1.183218
10.193308 2.533040 2.815289 0.786711
1.109046 0.597515 -0.148595 -0.075005
0.597515 0.516430 -0.072787 -0.068820
-0.148595 -0.072787 1.615579 0.878109
-0.075005 -0.068820 0.878109 0.664445
10.335919 2.011755 5.204536 1.695858
0.990473 0.462345 -0.101851 -0.046521
0.462345 0.337256 -0.045051 -0.040464
-0.101851 -0.045051 1.410383 0.642348
-0.046521 -0.040464 0.642348 0.410189
10.495205 1.663563 6.566152 1.900558
0.895873 0.368385 -0.154909 -0.063680
0.368385 0.233774 -0.063948 -0.039135
-0.154909 -0.063948 1.303827 0.513495
-0.063680 -0.039135 0.513495 0.283288
11.236458 1.630305 7.642027 1.944433
0.840837 0.309168 -0.198356 -0.071354
0.309168 0.173554 -0.072619 -0.034828
-0.198356 -0.072619 1.189972 0.413748
-0.071354 -0.034828 0.413748 0.204007
12.072090 1.636154 8.063974 1.772651
0.796007 0.264796 -0.211538 -0.067140
0.264796 0.134486 -0.068558 -0.027940
-0.211538 -0.068558 1.081014 0.337708
-0.067140 -0.027940 0.337708 0.153015
11.968594 1.358857 10.156619 2.116194
0.747686 0.227580 -0.204295 -0.057880
0.227580 0.107292 -0.059037 -0.021295
-0.204295 -0.059037 0.991334 0.282599
-0.057880 -0.021295 0.282599 0.120136
11.526284 1.041902 11.328748 2.143762
0.720785 0.203087 -0.194528 -0.049741
0.203087 0.089912 -0.050829 -0.016495
-0.194528 -0.050829 0.891073 0.234917
-0.049741 -0.016495 0.234917 0.096389
12.430623 1.143988 12.490389 2.167544
0.701347 0.184684 -0.182343 -0.042445
0.184684 0.077891 -0.043519 -0.012892
-0.182343 -0.043519 0.801502 0.198066
-0.042445 -0.012892 0.198066 0.080047
12.746737 1.081405 13.771650 2.212711
0.675865 0.167825 -0.163059 -0.034718
0.167825 0.068728 -0.035623 -0.009825
-0.163059 -0.035623 0.731186 0.171575
-0.034718 -0.009825 0.171575 0.069141
13.725590 1.181913 14.396102 2.106407
0.652213 0.154130 -0.142302 -0.027818
0.154130 0.062085 -0.028592 -0.007453
-0.142302 -0.028592 0.671978 0.151437
-0.027818 -0.007453 0.151437 0.061530
13.889790 1.087277 15.790112 2.178125
0.626079 0.142014 -0.122584 -0.022111
0.142014 0.057019 -0.022720 -0.005686
-0.122584 -0.022720 0.628104 0.137353
-0.022111 -0.005686 0.137353 0.056453
13.836362 0.956421 17.009987 2.201281
0.604866 0.132819 -0.103466 -0.017198
0.132819 0.053475 -0.017728 -0.004326
-0.103466 -0.017728 0.589672 0.126184
-0.017198 -0.004326 0.126184 0.052760
14.031247 0.889791 17.471705 2.063160
0.587967 0.125901 -0.086076 -0.013155
0.125901 0.051011 -0.013661 -0.003307
-0.086076 -0.013661 0.557006 0.117512
-0.013155 -0.003307 0.117512 0.050107
14.687253 0.931968 18.222222 2.005837
0.573012 0.120374 -0.072174 -0.010222
0.120374 0.049234 -0.010701 -0.002616
-0.072174 -0.010701 0.531909 0.111321
-0.010222 -0.002616 0.111321 0.048308
15.080266 0.921373 19.790504 2.123711
0.558752 0.115773 -0.059582 -0.007798
0.115773 0.047925 -0.008235 -0.002081
-0.059582 -0.008235 0.512983 0.107009
-0.007798 -0.002081 0.107009 0.047111
15.358086 0.882812 20.733731 2.097432
0.546581 0.112240 -0.046417 -0.005403
0.112240 0.047030 -0.005818 -0.001584
-0.046417 -0.005818 0.497472 0.103782
-0.005403 -0.001584 0.103782 0.046270
16.581004 1.041055 21.523783 2.048796
0.536208 0.109532 -0.034734 -0.003450
0.109532 0.046425 -0.003846 -0.001201
-0.034734 -0.003846 0.485723 0.101565
-0.003450 -0.001201 0.101565 0.045713
16.889430 0.997504 22.501002 2.037566
0.525373 0.107061 -0.024646 -0.001922
0.107061 0.045941 -0.002275 -0.000911
-0.024646 -0.002275 0.478820 0.100474
-0.001922 -0.000911 0.100474 0.045431
17.806043 1.080990 23.149899 1.961751
0.516172 0.105196 -0.015768 -0.000674
0.105196 0.045629 -0.000993 -0.000679
-0.015768 -0.000993 0.474250 0.099875
-0.000674 -0.000679 0.099875 0.045262
18.485493 1.109223 24.089531 1.953589
0.507451 0.103608 -0.008795 0.000170
0.103608 0.045395 -0.000109 -0.000523
-0.008795 -0.000109 0.472425 0.099814
0.000170 -0.000523 0.099814 0.045207
19.568498 1.218721 25.574713 2.062796
0.499391 0.102286 -0.003117 0.000777
0.102286 0.045221 0.000537 -0.000404
-0.003117 0.000537 0.472554 0.100087
0.000777 -0.000404 0.100087 0.045214
20.404873 1.264346 25.885418 1.910344
0.490795 0.100937 0.001133 0.001135
0.100937 0.045037 0.000933 -0.000323
0.001133 0.000933 0.475273 0.100812
0.001135 -0.000323 0.100812 0.045309
20.851495 1.226507 27.716668 2.096051
0.483624 0.099951 0.003210 0.001107
0.099951 0.044921 0.000941 -0.000309
0.003210 0.000941 0.478340 0.101488
0.001107 -0.000309 0.101488 0.045381
21.226582 1.176969 29.199117 2.188128
0.475473 0.098783 0.004515 0.001014
0.098783 0.044752 0.000875 -0.000293
0.004515 0.000875 0.483786 0.102572
0.001014 -0.000293 0.102572 0.045535
22.270908 1.272673 29.602868 2.041821
0.466871 0.097547 0.004921 0.000824
0.097547 0.044558 0.000703 -0.000287
0.004921 0.000703 0.491013 0.103914
0.000824 -0.000287 0.103914 0.045736
23.259406 1.346981 30.353869 1.984559
0.459941 0.096686 0.002823 0.000194
0.096686 0.044431 0.000084 -0.000366
0.002823 0.000084 0.497461 0.104967
0.000194 -0.000366 0.104967 0.045869
23.401743 1.234949 31.085976 1.930414
0.453945 0.096004 -0.001265 -0.000739
0.096004 0.044325 -0.000846 -0.000498
-0.001265 -0.000846 0.503761 0.105914
-0.000739 -0.000498 0.105914 0.045985
23.645419 1.156258 31.250882 1.763193
0.448551 0.095407 -0.004887 -0.001448
0.095407 0.044219 -0.001557 -0.000572
-0.004887 -0.001557 0.510176 0.106830
-0.001448 -0.000572 0.106830 0.046101
24.583144 1.232825 32.586870 1.857686
0.444678 0.095087 -0.008223 -0.002012
0.095087 0.044156 -0.002124 -0.000614
-0.008223 -0.002124 0.515271 0.107432
-0.002012 -0.000614 0.107432 0.046160
25.343230 1.263588 33.857247 1.928551
0.440265 0.094580 -0.013254 -0.002872
0.094580 0.044036 -0.003001 -0.000726
-0.013254 -0.003001 0.521840 0.108341
-0.002872 -0.000726 0.108341 0.046298
26.055709 1.281049 35.028607 1.971380
0.435663 0.093985 -0.018943 -0.003797
0.093985 0.043888 -0.003948 -0.000854
-0.018943 -0.003948 0.529512 0.109451
-0.003797 -0.000854 0.109451 0.046484
26.879519 1.320918 36.190034 2.007718
0.431255 0.093396 -0.024610 -0.004653
0.093396 0.043735 -0.004824 -0.000969
-0.024610 -0.004824 0.537707 0.110627
-0.004653 -0.000969 0.110627 0.046685
27.609475 1.336065 37.213603 2.011875
0.427276 0.092869 -0.029927 -0.005394
0.092869 0.043593 -0.005577 -0.001064
-0.029927 -0.005577 0.545929 0.111768
-0.005394 -0.001064 0.111768 0.046881
28.371442 1.356806 38.314401 2.031451
0.423924 0.092447 -0.034153 -0.005888
0.092447 0.043470 -0.006068 -0.001115
-0.034153 -0.006068 0.553434 0.112734
-0.005888 -0.001115 0.112734 0.047045
29.204111 1.390469 39.292239 2.024276
0.421281 0.092147 -0.036590 -0.006024
0.092147 0.043372 -0.006179 -0.001102
-0.036590 -0.006179 0.559500 0.113405
-0.006024 -0.001102 0.113405 0.047156
29.642822 1.335240 40.587562 2.080455
0.419615 0.092026 -0.037097 -0.005811
0.092026 0.043310 -0.005922 -0.001031
-0.037097 -0.005922 0.563254 0.113639
-0.005811 -0.001031 0.113639 0.047191
30.251146 1.320051 41.150120 1.984057
0.419797 0.092275 -0.034010 -0.004940
0.092275 0.043329 -0.004976 -0.000840
-0.034010 -0.004976 0.562255 0.112998
-0.004940 -0.000840 0.112998 0.047068
31.370590 1.421339 42.142516 1.986328
0.421104 0.092697 -0.030201 -0.004048
0.092697 0.043376 -0.004023 -0.000672
-0.030201 -0.004023 0.558951 0.112037
-0.004048 -0.000672 0.112037 0.046907
31.796557 1.357068 42.821860 1.922074
0.425472 0.093718 -0.024557 -0.002886
0.093718 0.043550 -0.002817 -0.000468
-0.024557 -0.002817 0.549923 0.110092
-0.002886 -0.000468 0.110092 0.046574
32.586597 1.382088 43.884676 1.942985
0.431865 0.095054 -0.018814 -0.001819
0.095054 0.043778 -0.001732 -0.000301
-0.018814 -0.001732 0.538143 0.107814
-0.001819 -0.000301 0.107814 0.046203
33.198909 1.364058 44.675410 1.906331
0.443179 0.097326 -0.013463 -0.000908
0.097326 0.044197 -0.000856 -0.000180
-0.013463 -0.000856 0.520274 0.104526
-0.000908 -0.000180 0.104526 0.045652
34.001697 1.388077 44.936367 1.766866
0.457794 0.100091 -0.010045 -0.000446
0.100091 0.044697 -0.000467 -0.000154
-0.010045 -0.000467 0.500443 0.101096
-0.000446 -0.000154 0.101096 0.045095
34.943296 1.442752 46.133081 1.831392
0.473540 0.102853 -0.008660 -0.000414
0.102853 0.045170 -0.000509 -0.000206
-0.008660 -0.000509 0.482007 0.098167
-0.000414 -0.000206 0.098167 0.044651
35.454571 1.397574 47.087506 1.838871
0.496089 0.106855 -0.012687 -0.001454
0.106855 0.045895 -0.001672 -0.000471
-0.012687 -0.001672 0.460326 0.094691
-0.001454 -0.000471 0.094691 0.044082
36.282212 1.425758 48.356061 1.911878
0.520974 0.111029 -0.020350 -0.003135
0.111029 0.046623 -0.003439 -0.000832
-0.020350 -0.003439 0.441151 0.091864
-0.003135 -0.000832 0.091864 0.043638
