32.062114 0.487238 48.635539 1.883800
0.540312 0.113993 -0.025282 -0.004194
0.113993 0.047136 -0.004473 -0.001051
-0.025282 -0.004473 0.428662 0.090293
-0.004194 -0.001051 0.090293 0.043366
28.206076 -0.370233 48.185498 1.576115
0.550540 0.114660 -0.024383 -0.003835
0.114660 0.047106 -0.004103 -0.000920
-0.024383 -0.004103 0.422325 0.090185
-0.003835 -0.000920 0.090185 0.043444
24.092059 -1.183642 47.351596 1.214536
0.544889 0.112192 -0.019415 -0.002681
0.112192 0.046492 -0.002924 -0.000641
-0.019415 -0.002924 0.425319 0.091895
-0.002681 -0.000641 0.091895 0.043852
20.802943 -1.741367 45.375451 0.644292
0.531099 0.108501 -0.014602 -0.001694
0.108501 0.045735 -0.001893 -0.000426
-0.014602 -0.001893 0.433963 0.094481
-0.001694 -0.000426 0.094481 0.044371
18.290841 -2.082554 42.710381 -0.012581
0.510784 0.103988 -0.010615 -0.000988
0.103988 0.044907 -0.001120 -0.000285
-0.010615 -0.001120 0.448463 0.097945
-0.000988 -0.000285 0.097945 0.045010
16.766114 -2.187627 39.495056 -0.713635
0.486104 0.099098 -0.005143 -0.000012
0.099098 0.044080 -0.000098 -0.000096
-0.005143 -0.000098 0.469058 0.102299
-0.000012 -0.000096 0.102299 0.045781
15.203567 -2.290773 34.734422 -1.669276
0.463109 0.095015 0.007189 0.002391
0.095015 0.043468 0.002256 0.000375
0.007189 0.002256 0.492447 0.106781
0.002391 0.000375 0.106781 0.046524
14.176588 -2.269787 29.112419 -2.697355
0.457883 0.094902 0.026997 0.006213
0.094902 0.043685 0.005966 0.001111
0.026997 0.005966 0.501065 0.107639
0.006213 0.001111 0.107639 0.046447
12.768487 -2.323586 23.219200 -3.664563
0.468876 0.098068 0.033805 0.006919
0.098068 0.044516 0.006710 0.001163
0.033805 0.006710 0.489997 0.104283
0.006919 0.001163 0.104283 0.045523
10.640497 -2.521100 18.758796 -4.219294
0.482649 0.101455 0.024118 0.004136
0.101455 0.045291 0.004047 0.000516
0.024118 0.004047 0.473434 0.100232
0.004136 0.000516 0.100232 0.044585
9.431521 -2.506522 15.337448 -4.497026
0.496355 0.104474 0.004973 -0.000283
0.104474 0.045909 -0.000255 -0.000393
0.004973 -0.000255 0.458779 0.097077
-0.000283 -0.000393 0.097077 0.043948
8.652733 -2.405218 12.428971 -4.638127
0.509404 0.107037 -0.018827 -0.005204
0.107037 0.046376 -0.005078 -0.001323
-0.018827 -0.005078 0.449327 0.095344
-0.005204 -0.001323 0.095344 0.043666
7.902324 -2.311504 10.844299 -4.482237
0.521226 0.109074 -0.046221 -0.010416
0.109074 0.046695 -0.010195 -0.002247
-0.046221 -0.010195 0.446738 0.095183
-0.010416 -0.002247 0.095183 0.043721
7.895929 -2.071078 9.736485 -4.238599
0.534294 0.111153 -0.072096 -0.014863
0.111153 0.047004 -0.014551 -0.002962
-0.072096 -0.014551 0.447925 0.095743
-0.014863 -0.002962 0.095743 0.043894
8.607381 -1.704767 8.774646 -3.983334
0.541330 0.111774 -0.098249 -0.019080
0.111774 0.046995 -0.018617 -0.003608
-0.098249 -0.018617 0.458091 0.098064
-0.019080 -0.003608 0.098064 0.044398
9.381535 -1.358870 8.239722 -3.658339
0.528914 0.108373 -0.117868 -0.021787
0.108373 0.046180 -0.020983 -0.003921
-0.117868 -0.020983 0.482831 0.103233
-0.021787 -0.003921 0.103233 0.045453
10.482814 -0.977011 7.797682 -3.342370
0.508975 0.103882 -0.125540 -0.021973
0.103882 0.045246 -0.020805 -0.003746
-0.125540 -0.020805 0.508895 0.108222
-0.021973 -0.003746 0.108222 0.046386
11.503178 -0.638304 8.130642 -2.895137
0.487682 0.099657 -0.122914 -0.020214
0.099657 0.044464 -0.018752 -0.003256
-0.122914 -0.018752 0.530748 0.111942
-0.020214 -0.003256 0.111942 0.047001
12.393320 -0.347384 9.286889 -2.326394
0.472400 0.097045 -0.119088 -0.018526
0.097045 0.044058 -0.016908 -0.002891
-0.119088 -0.016908 0.547206 0.114230
-0.018526 -0.002891 0.114230 0.047289
13.704940 -0.004303 10.012139 -1.907870
0.464757 0.096168 -0.116561 -0.017347
0.096168 0.044004 -0.015789 -0.002722
-0.116561 -0.015789 0.556180 0.114814
-0.017347 -0.002722 0.114814 0.047233
14.737925 0.246205 10.906283 -1.507915
0.458617 0.095638 -0.110425 -0.015655
0.095638 0.043999 -0.014221 -0.002490
-0.110425 -0.014221 0.559714 0.114418
-0.015655 -0.002490 0.114418 0.047038
15.164968 0.335507 11.604211 -1.204369
0.454462 0.095498 -0.102228 -0.013786
0.095498 0.044045 -0.012523 -0.002258
-0.102228 -0.012523 0.558483 0.113268
-0.013786 -0.002258 0.113268 0.046756
15.539063 0.413247 13.027079 -0.787439
0.452540 0.095729 -0.094202 -0.012173
0.095729 0.044134 -0.011114 -0.002099
-0.094202 -0.011114 0.554226 0.111753
-0.012173 -0.002099 0.111753 0.046458
16.079104 0.516580 14.608638 -0.380893
0.453804 0.096527 -0.085761 -0.010623
0.096527 0.044313 -0.009831 -0.001963
-0.085761 -0.009831 0.545132 0.109529
-0.010623 -0.001963 0.109529 0.046069
16.827435 0.654177 16.525904 0.053479
0.456986 0.097592 -0.075923 -0.008922
0.097592 0.044523 -0.008385 -0.001787
-0.075923 -0.008385 0.532808 0.106974
-0.008922 -0.001787 0.106974 0.045664
17.498018 0.751065 18.179664 0.388007
0.461276 0.098746 -0.064131 -0.006954
0.098746 0.044730 -0.006618 -0.001541
-0.064131 -0.006618 0.518803 0.104391
-0.006954 -0.001541 0.104391 0.045293
18.203108 0.842952 20.029324 0.728641
0.465820 0.099792 -0.051868 -0.005026
0.099792 0.044896 -0.004823 -0.001287
-0.051868 -0.004823 0.505762 0.102247
-0.005026 -0.001287 0.102247 0.045028
19.194032 0.979741 21.698475 1.001143
0.470114 0.100646 -0.039603 -0.003206
0.100646 0.045011 -0.003076 -0.001036
-0.039603 -0.003076 0.494668 0.100652
-0.003206 -0.001036 0.100652 0.044873
19.832087 1.020602 23.182700 1.204563
0.473141 0.101119 -0.028320 -0.001666
0.101119 0.045041 -0.001560 -0.000822
-0.028320 -0.001560 0.486829 0.099784
-0.001666 -0.000822 0.099784 0.044846
20.564726 1.078474 25.178190 1.494148
0.474862 0.101256 -0.018881 -0.000537
0.101256 0.045006 -0.000435 -0.000672
-0.018881 -0.000435 0.482017 0.099510
-0.000537 -0.000672 0.099510 0.044906
21.408177 1.147131 26.607967 1.637731
0.474336 0.100906 -0.011392 0.000204
0.100906 0.044881 0.000320 -0.000576
-0.011392 0.000320 0.480707 0.099877
0.000204 -0.000576 0.099877 0.045061
22.491243 1.258249 28.136964 1.788021
0.471883 0.100192 -0.006657 0.000436
0.100192 0.044700 0.000562 -0.000560
-0.006657 0.000562 0.482249 0.100697
0.000436 -0.000560 0.100697 0.045267
23.433620 1.327155 29.934310 1.978078
0.467551 0.099164 -0.005229 0.000086
0.099164 0.044476 0.000214 -0.000636
-0.005229 0.000214 0.486389 0.101894
0.000086 -0.000636 0.101894 0.045514
24.399356 1.392309 31.554415 2.110941
0.461236 0.097828 -0.006829 -0.000741
0.097828 0.044209 -0.000621 -0.000782
-0.006829 -0.000621 0.493311 0.103497
-0.000741 -0.000782 0.103497 0.045812
24.804046 1.330988 33.185534 2.231426
0.453934 0.096412 -0.011065 -0.001936
0.096412 0.043947 -0.001835 -0.000976
-0.011065 -0.001835 0.502255 0.105330
-0.001936 -0.000976 0.105330 0.046130
25.803990 1.401919 33.916556 2.151121
0.445900 0.094959 -0.015663 -0.003010
0.094959 0.043690 -0.002932 -0.001118
-0.015663 -0.002932 0.513133 0.107376
-0.003010 -0.001118 0.107376 0.046469
26.646393 1.432220 35.058662 2.165091
0.439528 0.093960 -0.021829 -0.004253
0.093960 0.043538 -0.004210 -0.001284
-0.021829 -0.004210 0.523154 0.109053
-0.004253 -0.001284 0.109053 0.046714
27.423704 1.445250 36.049637 2.146155
0.433896 0.093159 -0.028300 -0.005411
0.093159 0.043421 -0.005405 -0.001424
-0.028300 -0.005405 0.533290 0.110624
-0.005411 -0.001424 0.110624 0.046933
28.854976 1.598745 37.416194 2.207917
0.429177 0.092562 -0.034321 -0.006360
0.092562 0.043336 -0.006385 -0.001519
-0.034321 -0.006385 0.542959 0.111997
-0.006360 -0.001519 0.111997 0.047115
29.734965 1.617231 38.899754 2.286013
0.425179 0.092102 -0.039933 -0.007151
0.092102 0.043266 -0.007201 -0.001588
-0.039933 -0.007201 0.552244 0.113228
-0.007151 -0.001588 0.113228 0.047277
29.783967 1.452265 40.196994 2.314969
0.422027 0.091805 -0.041641 -0.007100
0.091805 0.043219 -0.007130 -0.001488
-0.041641 -0.007130 0.559062 0.113928
-0.007100 -0.001488 0.113928 0.047345
30.152458 1.373851 41.313966 2.305301
0.420803 0.091900 -0.038738 -0.006158
0.091900 0.043246 -0.006123 -0.001225
-0.038738 -0.006123 0.560669 0.113614
-0.006158 -0.001225 0.113614 0.047230
31.036568 1.417225 42.488035 2.310515
0.422167 0.092495 -0.033310 -0.004829
0.092495 0.043366 -0.004731 -0.000920
-0.033310 -0.004731 0.556785 0.112327
-0.004829 -0.000920 0.112327 0.046956
31.278138 1.313028 43.320974 2.243431
0.427432 0.093835 -0.026296 -0.003323
0.093835 0.043629 -0.003189 -0.000617
-0.026296 -0.003189 0.546090 0.109881
-0.003323 -0.000617 0.109881 0.046491
31.916450 1.308557 44.338832 2.222438
0.435123 0.095527 -0.019706 -0.002048
0.095527 0.043939 -0.001915 -0.000392
-0.019706 -0.001915 0.532545 0.107144
-0.002048 -0.000392 0.107144 0.046015
32.985662 1.397690 45.001588 2.133590
0.446862 0.097909 -0.014242 -0.001100
0.097909 0.044376 -0.001017 -0.000254
-0.014242 -0.001017 0.514790 0.103823
-0.001100 -0.000254 0.103823 0.045454
33.651992 1.389432 45.736759 2.066222
0.462251 0.100841 -0.011035 -0.000668
0.100841 0.044902 -0.000674 -0.000229
-0.011035 -0.000674 0.494882 0.100331
-0.000668 -0.000229 0.100331 0.044885
34.541181 1.431264 46.659087 2.044124
0.480457 0.104110 -0.010638 -0.000819
0.104110 0.045473 -0.000927 -0.000315
-0.010638 -0.000927 0.474901 0.097053
-0.000819 -0.000315 0.097053 0.044371
35.052512 1.387005 47.529616 2.012339
0.502997 0.108033 -0.014622 -0.001824
0.108033 0.046160 -0.002047 -0.000561
-0.014622 -0.002047 0.454530 0.093850
-0.001824 -0.000561 0.093850 0.043867
35.417014 1.316790 48.400393 1.983290
0.527290 0.112014 -0.021725 -0.003369
0.112014 0.046833 -0.003664 -0.000886
-0.021725 -0.003664 0.436820 0.091310
-0.003369 -0.000886 0.091310 0.043484
