32.409491 0.365778 48.548077 1.807819
0.557280 0.116511 -0.034114 -0.005716
0.116511 0.047544 -0.006050 -0.001350
-0.034114 -0.006050 0.420229 0.089295
-0.005716 -0.001350 0.089295 0.043214
28.075216 -0.569380 48.638801 1.617289
0.564083 0.116369 -0.031515 -0.004899
0.116369 0.047353 -0.005226 -0.001111
-0.031515 -0.005226 0.416185 0.089636
-0.004899 -0.001111 0.089636 0.043364
24.517015 -1.244648 47.380741 1.154638
0.556878 0.113605 -0.025015 -0.003380
0.113605 0.046707 -0.003693 -0.000759
-0.025015 -0.003693 0.419557 0.091355
-0.003380 -0.000759 0.091355 0.043748
20.850228 -1.869684 45.523734 0.609183
0.539573 0.109266 -0.018721 -0.002094
0.109266 0.045848 -0.002353 -0.000490
-0.018721 -0.002353 0.429559 0.094176
-0.002094 -0.000490 0.094176 0.044300
18.456578 -2.174522 42.580045 -0.109888
0.516972 0.104418 -0.013592 -0.001195
0.104418 0.044988 -0.001368 -0.000320
-0.013592 -0.001368 0.444757 0.097716
-0.001195 -0.000320 0.097716 0.044938
16.667407 -2.326621 38.849625 -0.917793
0.489550 0.099122 -0.007041 -0.000056
0.099122 0.044110 -0.000162 -0.000109
-0.007041 -0.000162 0.466668 0.102286
-0.000056 -0.000109 0.102286 0.045744
15.231724 -2.391361 34.122710 -1.847479
0.465430 0.094979 0.007850 0.002835
0.094979 0.043516 0.002655 0.000450
0.007850 0.002655 0.490459 0.106778
0.002835 0.000450 0.106778 0.046478
13.611183 -2.484761 27.995750 -2.968946
0.461279 0.095218 0.027302 0.006489
0.095218 0.043821 0.006182 0.001131
0.027302 0.006182 0.497494 0.107209
0.006489 0.001131 0.107209 0.046300
11.941730 -2.571741 22.598625 -3.803877
0.473803 0.098768 0.031553 0.006580
0.098768 0.044733 0.006323 0.001047
0.031553 0.006323 0.484289 0.103351
0.006580 0.001047 0.103351 0.045269
10.297235 -2.642196 18.287379 -4.314966
0.488038 0.102266 0.020803 0.003563
0.102266 0.045522 0.003444 0.000360
0.020803 0.003444 0.467844 0.099330
0.003563 0.000360 0.099330 0.044348
9.445272 -2.541558 15.279553 -4.496552
0.501371 0.105200 0.001390 -0.000900
0.105200 0.046111 -0.000883 -0.000547
0.001390 -0.000883 0.454513 0.096458
-0.000900 -0.000547 0.096458 0.043779
8.488804 -2.474838 12.616313 -4.585442
0.513631 0.107594 -0.021813 -0.005677
0.107594 0.046533 -0.005546 -0.001436
-0.021813 -0.005546 0.446536 0.095014
-0.005677 -0.001436 0.095014 0.043559
8.208445 -2.275670 10.857752 -4.472112
0.526190 0.109791 -0.047159 -0.010453
0.109791 0.046881 -0.010212 -0.002262
-0.047159 -0.010212 0.443473 0.094707
-0.010453 -0.002262 0.094707 0.043580
7.894239 -2.103904 9.219200 -4.342894
0.535734 0.111129 -0.074043 -0.015162
0.111129 0.047028 -0.014793 -0.003033
-0.074043 -0.014793 0.447930 0.095948
-0.015162 -0.003033 0.095948 0.043901
9.003941 -1.651555 8.385199 -4.046366
0.537470 0.110710 -0.101895 -0.019774
0.110710 0.046810 -0.019187 -0.003754
-0.101895 -0.019187 0.463459 0.099340
-0.019774 -0.003754 0.099340 0.044626
9.506657 -1.364969 8.074629 -3.667834
0.517095 0.105862 -0.115746 -0.021256
0.105862 0.045727 -0.020311 -0.003802
-0.115746 -0.020311 0.491522 0.105096
-0.021256 -0.003802 0.105096 0.045791
11.038462 -0.896918 7.191980 -3.441469
0.497848 0.101790 -0.121823 -0.021167
0.101790 0.044917 -0.019910 -0.003590
-0.121823 -0.019910 0.516959 0.109752
-0.021167 -0.003590 0.109752 0.046627
11.827602 -0.618760 7.071908 -3.085163
0.475528 0.097604 -0.113266 -0.018251
0.097604 0.044170 -0.016767 -0.002883
-0.113266 -0.016767 0.535993 0.112787
-0.018251 -0.002883 0.112787 0.047099
12.658589 -0.354424 7.267575 -2.702893
0.458764 0.094896 -0.104071 -0.015639
0.094896 0.043759 -0.014018 -0.002357
-0.104071 -0.014018 0.550721 0.114713
-0.015639 -0.002357 0.114713 0.047331
13.538310 -0.098384 8.048616 -2.242967
0.446858 0.093319 -0.096126 -0.013640
0.093319 0.043568 -0.011976 -0.002040
-0.096126 -0.011976 0.561854 0.115805
-0.013640 -0.002040 0.115805 0.047408
14.416727 0.126681 8.686191 -1.866758
0.439656 0.092706 -0.090784 -0.012416
0.092706 0.043541 -0.010827 -0.001932
-0.090784 -0.010827 0.569167 0.116114
-0.012416 -0.001932 0.116114 0.047356
15.655743 0.420459 10.449695 -1.299347
0.435270 0.092603 -0.085748 -0.011403
0.092603 0.043581 -0.009959 -0.001882
-0.085748 -0.009959 0.572539 0.115749
-0.011403 -0.001882 0.115749 0.047217
16.073400 0.500127 12.194420 -0.811458
0.434555 0.093173 -0.080142 -0.010363
0.093173 0.043728 -0.009161 -0.001833
-0.080142 -0.009161 0.569312 0.114255
-0.010363 -0.001833 0.114255 0.046905
16.878716 0.650328 13.894923 -0.380131
0.437493 0.094358 -0.074438 -0.009376
0.094358 0.043969 -0.008483 -0.001794
-0.074438 -0.008483 0.559998 0.111829
-0.009376 -0.001794 0.111829 0.046466
17.632769 0.777751 16.286838 0.143525
0.442020 0.095700 -0.066577 -0.008033
0.095700 0.044212 -0.007400 -0.001660
-0.066577 -0.007400 0.547055 0.109049
-0.008033 -0.001660 0.109049 0.046018
17.877830 0.766881 18.055291 0.482621
0.448502 0.097286 -0.056257 -0.006284
0.097286 0.044485 -0.005862 -0.001428
-0.056257 -0.005862 0.530786 0.105956
-0.006284 -0.001428 0.105956 0.045554
18.635698 0.865490 19.853082 0.799873
0.455800 0.098835 -0.045911 -0.004644
0.098835 0.044727 -0.004378 -0.001207
-0.045911 -0.004378 0.515078 0.103272
-0.004644 -0.001207 0.103272 0.045199
19.616902 1.000770 21.945894 1.147499
0.462339 0.100040 -0.035319 -0.003050
0.100040 0.044882 -0.002863 -0.000977
-0.035319 -0.002863 0.501963 0.101321
-0.003050 -0.000977 0.101321 0.044994
21.107901 1.227243 24.053957 1.467712
0.467311 0.100780 -0.025130 -0.001611
0.100780 0.044938 -0.001449 -0.000762
-0.025130 -0.001449 0.492345 0.100175
-0.001611 -0.000762 0.100175 0.044934
21.991479 1.288667 25.303868 1.575315
0.469758 0.100911 -0.017028 -0.000643
0.100911 0.044874 -0.000482 -0.000628
-0.017028 -0.000482 0.487097 0.099913
-0.000643 -0.000628 0.099913 0.045019
22.581581 1.283700 27.416011 1.848851
0.470409 0.100668 -0.011758 -0.000240
0.100668 0.044754 -0.000085 -0.000592
-0.011758 -0.000085 0.484880 0.100176
-0.000240 -0.000592 0.100176 0.045165
23.575497 1.360707 28.851382 1.956253
0.467992 0.099832 -0.009079 -0.000303
0.099832 0.044534 -0.000148 -0.000627
-0.009079 -0.000148 0.486614 0.101122
-0.000303 -0.000627 0.101122 0.045408
24.281901 1.368141 30.557801 2.108287
0.463924 0.098765 -0.009606 -0.000917
0.098765 0.044298 -0.000774 -0.000750
-0.009606 -0.000774 0.490752 0.102382
-0.000917 -0.000750 0.102382 0.045672
25.161836 1.409621 31.503707 2.085975
0.457952 0.097428 -0.012454 -0.001860
0.097428 0.044033 -0.001733 -0.000912
-0.012454 -0.001733 0.497708 0.104040
-0.001860 -0.000912 0.104040 0.045982
25.468975 1.325847 33.178085 2.217482
0.452308 0.096305 -0.017309 -0.003052
0.096305 0.043838 -0.002950 -0.001102
-0.017309 -0.002950 0.505177 0.105597
-0.003052 -0.001102 0.105597 0.046238
26.265567 1.354942 34.684259 2.300607
0.445319 0.095001 -0.022135 -0.004068
0.095001 0.043615 -0.003985 -0.001233
-0.022135 -0.003985 0.515168 0.107507
-0.004068 -0.001233 0.107507 0.046550
27.079683 1.384988 36.305628 2.398828
0.438383 0.093809 -0.027521 -0.005072
0.093809 0.043422 -0.005009 -0.001354
-0.027521 -0.005009 0.526272 0.109463
-0.005072 -0.001354 0.109463 0.046853
27.732624 1.375967 37.263488 2.348713
0.431853 0.092776 -0.032211 -0.005825
0.092776 0.043264 -0.005774 -0.001419
-0.032211 -0.005774 0.537729 0.111327
-0.005825 -0.001419 0.111327 0.047127
28.173123 1.321320 38.004788 2.258858
0.426660 0.092074 -0.035809 -0.006288
0.092074 0.043169 -0.006241 -0.001430
-0.035809 -0.006241 0.547725 0.112757
-0.006288 -0.001430 0.112757 0.047310
29.444529 1.453546 39.024445 2.238319
0.422761 0.091654 -0.037956 -0.006427
0.091654 0.043123 -0.006377 -0.001385
-0.037956 -0.006377 0.555708 0.113707
-0.006427 -0.001385 0.113707 0.047405
30.343965 1.490679 40.009798 2.211721
0.420164 0.091489 -0.039016 -0.006360
0.091489 0.043114 -0.006302 -0.001316
-0.039016 -0.006302 0.561374 0.114179
-0.006360 -0.001316 0.114179 0.047423
30.758109 1.417001 40.855847 2.157673
0.419108 0.091614 -0.037564 -0.005818
0.091614 0.043153 -0.005734 -0.001164
-0.037564 -0.005734 0.563360 0.113962
-0.005818 -0.001164 0.113962 0.047327
31.589467 1.443032 41.732854 2.117532
0.419865 0.092068 -0.033790 -0.004884
0.092068 0.043246 -0.004763 -0.000954
-0.033790 -0.004763 0.561147 0.113020
-0.004884 -0.000954 0.113020 0.047119
31.659942 1.300976 43.043375 2.165104
0.423244 0.093004 -0.028172 -0.003682
0.093004 0.043427 -0.003529 -0.000713
-0.028172 -0.003529 0.553782 0.111221
-0.003682 -0.000713 0.111221 0.046777
32.264383 1.288730 43.672130 2.073748
0.430974 0.094765 -0.021339 -0.002341
0.094765 0.043767 -0.002188 -0.000467
-0.021339 -0.002188 0.539472 0.108260
-0.002341 -0.000467 0.108260 0.046241
33.378379 1.391998 44.730538 2.080002
0.440911 0.096802 -0.015485 -0.001312
0.096802 0.044138 -0.001189 -0.000306
-0.015485 -0.001189 0.523375 0.105236
-0.001312 -0.000306 0.105236 0.045735
33.748377 1.318578 45.201535 1.963881
0.457105 0.099992 -0.011941 -0.000804
0.099992 0.044735 -0.000784 -0.000264
-0.011941 -0.000784 0.501314 0.101254
-0.000804 -0.000264 0.101254 0.045059
34.584531 1.357958 46.487799 2.026366
0.473727 0.102968 -0.010349 -0.000716
0.102968 0.045247 -0.000785 -0.000298
-0.010349 -0.000785 0.481901 0.098092
-0.000716 -0.000298 0.098092 0.044574
35.334828 1.372656 47.228829 1.970569
0.496639 0.107045 -0.013925 -0.001654
0.107045 0.045977 -0.001855 -0.000535
-0.013925 -0.001855 0.459972 0.094562
-0.001654 -0.000535 0.094562 0.044006
35.977921 1.363902 48.426276 2.014653
0.521808 0.111265 -0.021328 -0.003279
0.111265 0.046703 -0.003576 -0.000883
-0.021328 -0.003576 0.440703 0.091722
-0.003279 -0.000883 0.091722 0.043569
