33.202306 0.574596 49.183935 2.068736
0.557892 0.117077 -0.039331 -0.006335
0.117077 0.047711 -0.006850 -0.001504
-0.039331 -0.006850 0.421200 0.089010
-0.006335 -0.001504 0.089010 0.043112
28.864940 -0.385872 49.539128 1.903598
0.571962 0.118319 -0.038753 -0.005946
0.118319 0.047772 -0.006450 -0.001356
-0.038753 -0.006450 0.413541 0.088676
-0.005946 -0.001356 0.088676 0.043146
24.985569 -1.149367 48.114705 1.369645
0.570486 0.116494 -0.031848 -0.004307
0.116494 0.047270 -0.004795 -0.000972
-0.031848 -0.004795 0.413345 0.089787
-0.004307 -0.000972 0.089787 0.043432
21.487276 -1.752683 46.021645 0.746246
0.554326 0.112105 -0.023949 -0.002680
0.112105 0.046354 -0.003098 -0.000629
-0.023949 -0.003098 0.421490 0.092415
-0.002680 -0.000629 0.092415 0.043978
18.850451 -2.120080 43.063539 0.004428
0.529934 0.106660 -0.017497 -0.001548
0.106660 0.045344 -0.001842 -0.000413
-0.017497 -0.001842 0.436310 0.096079
-0.001548 -0.000413 0.096079 0.044670
16.595967 -2.372655 39.550992 -0.773829
0.500123 0.100743 -0.010612 -0.000413
0.100743 0.044336 -0.000589 -0.000206
-0.010612 -0.000589 0.458144 0.100805
-0.000413 -0.000206 0.100805 0.045524
14.840769 -2.500540 34.620028 -1.769640
0.472323 0.095800 0.003716 0.002298
0.095800 0.043592 0.002085 0.000312
0.003716 0.002085 0.483359 0.105748
0.002298 0.000312 0.105748 0.046361
12.731048 -2.683794 29.587422 -2.669528
0.465616 0.095536 0.025671 0.006490
0.095536 0.043818 0.006095 0.001100
0.025671 0.006095 0.492609 0.106722
0.006490 0.001100 0.106722 0.046290
11.088693 -2.745802 23.769243 -3.631152
0.478020 0.099102 0.034970 0.007605
0.099102 0.044756 0.007220 0.001219
0.034970 0.007220 0.481167 0.103204
0.007605 0.001219 0.103204 0.045304
9.109940 -2.868006 19.639116 -4.124002
0.493063 0.102803 0.026683 0.004945
0.102803 0.045605 0.004728 0.000587
0.026683 0.004728 0.464563 0.099066
0.004945 0.000587 0.099066 0.044327
7.910303 -2.815801 16.405156 -4.374324
0.507742 0.106036 0.010872 0.001056
0.106036 0.046266 0.001025 -0.000213
0.010872 0.001025 0.449964 0.095859
0.001056 -0.000213 0.095859 0.043664
7.637430 -2.578867 14.104621 -4.401404
0.522021 0.108846 -0.007245 -0.002867
0.108846 0.046779 -0.002735 -0.000938
-0.007245 -0.002735 0.439046 0.093769
-0.002867 -0.000938 0.093769 0.043299
7.179386 -2.405780 11.643208 -4.458767
0.535485 0.111205 -0.026868 -0.006704
0.111205 0.047161 -0.006427 -0.001590
-0.026868 -0.006427 0.432193 0.092713
-0.006704 -0.001590 0.092713 0.043169
6.967571 -2.201824 10.850888 -4.149381
0.549008 0.113357 -0.047989 -0.010515
0.113357 0.047480 -0.010097 -0.002202
-0.047989 -0.010097 0.428914 0.092449
-0.010515 -0.002202 0.092449 0.043192
7.605894 -1.842614 10.175058 -3.843365
0.561775 0.115171 -0.066388 -0.013440
0.115171 0.047722 -0.012918 -0.002614
-0.066388 -0.012918 0.428136 0.092653
-0.013440 -0.002614 0.092653 0.043283
8.485287 -1.468646 9.908862 -3.475731
0.567125 0.115324 -0.089660 -0.017285
0.115324 0.047621 -0.016534 -0.003215
-0.089660 -0.016534 0.436579 0.094721
-0.017285 -0.003215 0.094721 0.043738
10.329494 -0.934327 9.741885 -3.115624
0.561298 0.113254 -0.110635 -0.020482
0.113254 0.047103 -0.019404 -0.003669
-0.110635 -0.019404 0.453928 0.098437
-0.020482 -0.003669 0.098437 0.044489
11.070594 -0.673788 9.782017 -2.755369
0.540485 0.108486 -0.120837 -0.021353
0.108486 0.046116 -0.019908 -0.003654
-0.120837 -0.019908 0.477605 0.103183
-0.021353 -0.003654 0.103183 0.045403
11.768307 -0.449588 9.516080 -2.501535
0.521798 0.104684 -0.125288 -0.021100
0.104684 0.045423 -0.019409 -0.003479
-0.125288 -0.019409 0.498291 0.106844
-0.021100 -0.003479 0.106844 0.046017
12.469352 -0.232658 10.168507 -2.078302
0.503694 0.101391 -0.124821 -0.020025
0.101391 0.044883 -0.018166 -0.003209
-0.124821 -0.018166 0.516591 0.109727
-0.020025 -0.003209 0.109727 0.046444
13.079319 -0.047153 11.368491 -1.588986
0.491137 0.099504 -0.122040 -0.018676
0.099504 0.044646 -0.016827 -0.002965
-0.122040 -0.016827 0.528547 0.111083
-0.018676 -0.002965 0.111083 0.046550
13.649917 0.110345 12.579209 -1.155419
0.484324 0.098914 -0.117112 -0.017078
0.098914 0.044662 -0.015437 -0.002742
-0.117112 -0.015437 0.532452 0.110761
-0.017078 -0.002742 0.110761 0.046344
14.215800 0.253912 14.108474 -0.705426
0.480998 0.099032 -0.109692 -0.015189
0.099032 0.044789 -0.013860 -0.002505
-0.109692 -0.013860 0.529956 0.109319
-0.015189 -0.002505 0.109319 0.045975
14.623303 0.353827 16.117612 -0.209180
0.480368 0.099636 -0.099501 -0.012961
0.099636 0.044982 -0.011993 -0.002227
-0.099501 -0.011993 0.521975 0.107065
-0.012961 -0.002227 0.107065 0.045515
15.242112 0.470253 17.380756 0.081232
0.482308 0.100662 -0.086441 -0.010376
0.100662 0.045229 -0.009780 -0.001893
-0.086441 -0.009780 0.509433 0.104243
-0.010376 -0.001893 0.104243 0.045012
16.026438 0.610780 18.955453 0.406821
0.484322 0.101512 -0.072796 -0.007939
0.101512 0.045400 -0.007606 -0.001586
-0.072796 -0.007606 0.497646 0.101926
-0.007939 -0.001586 0.101926 0.044666
16.829692 0.739597 20.786991 0.750778
0.486030 0.102144 -0.058454 -0.005570
0.102144 0.045502 -0.005405 -0.001279
-0.058454 -0.005405 0.487226 0.100140
-0.005570 -0.001279 0.100140 0.044453
17.893613 0.901248 22.333469 1.002251
0.487160 0.102532 -0.043889 -0.003320
0.102532 0.045541 -0.003247 -0.000979
-0.043889 -0.003247 0.478903 0.098938
-0.003320 -0.000979 0.098938 0.044362
19.296242 1.111627 23.705601 1.193424
0.486872 0.102520 -0.030533 -0.001448
0.102520 0.045489 -0.001399 -0.000735
-0.030533 -0.001399 0.473947 0.098485
-0.001448 -0.000735 0.098485 0.044407
20.457886 1.240390 24.417869 1.222555
0.484867 0.102091 -0.019599 -0.000141
0.102091 0.045353 -0.000078 -0.000581
-0.019599 -0.000078 0.472502 0.098719
-0.000141 -0.000581 0.098719 0.044562
21.469204 1.327027 25.675129 1.360642
0.482239 0.101528 -0.011932 0.000505
0.101528 0.045199 0.000583 -0.000534
-0.011932 0.000583 0.473099 0.099268
0.000505 -0.000534 0.099268 0.044742
22.749798 1.460595 27.119418 1.524238
0.478730 0.100806 -0.007133 0.000640
0.100806 0.045025 0.000730 -0.000556
-0.007133 0.000730 0.475461 0.100065
0.000640 -0.000556 0.100065 0.044939
24.328016 1.640865 28.386467 1.633211
0.474221 0.099917 -0.005795 0.000182
0.099917 0.044830 0.000282 -0.000665
-0.005795 0.000282 0.479479 0.101079
0.000182 -0.000665 0.101079 0.045151
25.318347 1.677984 29.853119 1.770620
0.469603 0.099067 -0.008539 -0.000953
0.099067 0.044656 -0.000855 -0.000879
-0.008539 -0.000855 0.484230 0.102114
-0.000953 -0.000879 0.102114 0.045343
25.986979 1.642902 31.482179 1.927173
0.464357 0.098141 -0.013991 -0.002433
0.098141 0.044475 -0.002344 -0.001128
-0.013991 -0.002344 0.490399 0.103334
-0.002433 -0.001128 0.103334 0.045557
26.802376 1.641849 32.669827 1.974300
0.458004 0.097036 -0.020907 -0.003993
0.097036 0.044262 -0.003918 -0.001362
-0.020907 -0.003918 0.498809 0.104908
-0.003993 -0.001362 0.104908 0.045833
27.882267 1.698273 34.763185 2.206573
0.452001 0.096064 -0.028844 -0.005561
0.096064 0.044083 -0.005505 -0.001578
-0.028844 -0.005505 0.508076 0.106522
-0.005561 -0.001578 0.106522 0.046102
28.563883 1.663042 36.157299 2.267051
0.444835 0.094877 -0.037412 -0.007089
0.094877 0.043857 -0.007049 -0.001776
-0.037412 -0.007049 0.520376 0.108642
-0.007089 -0.001776 0.108642 0.046468
29.049171 1.588325 37.112556 2.229145
0.437981 0.093802 -0.044187 -0.008103
0.093802 0.043656 -0.008064 -0.001862
-0.044187 -0.008064 0.533154 0.110702
-0.008103 -0.001862 0.110702 0.046807
29.771971 1.572169 38.013307 2.184721
0.432138 0.092973 -0.048670 -0.008574
0.092973 0.043505 -0.008521 -0.001846
-0.048670 -0.008521 0.544692 0.112376
-0.008574 -0.001846 0.112376 0.047060
30.301256 1.516716 39.148482 2.192389
0.427411 0.092386 -0.051202 -0.008644
0.092386 0.043397 -0.008565 -0.001769
-0.051202 -0.008565 0.554365 0.113597
-0.008644 -0.001769 0.113597 0.047227
30.890034 1.478679 40.040080 2.149763
0.423798 0.092029 -0.050041 -0.008004
0.092029 0.043329 -0.007872 -0.001568
-0.050041 -0.007872 0.560695 0.114135
-0.008004 -0.001568 0.114135 0.047272
31.879624 1.531153 40.736390 2.074426
0.421843 0.091997 -0.046230 -0.006935
0.091997 0.043322 -0.006743 -0.001313
-0.046230 -0.006743 0.562949 0.113916
-0.006935 -0.001313 0.113916 0.047191
32.453661 1.487333 41.489414 2.015902
0.421783 0.092315 -0.040788 -0.005673
0.092315 0.043375 -0.005434 -0.001053
-0.040788 -0.005434 0.561160 0.113018
-0.005673 -0.001053 0.113018 0.047006
33.027595 1.449332 42.389835 1.993248
0.424288 0.093104 -0.033674 -0.004209
0.093104 0.043517 -0.003941 -0.000781
-0.033674 -0.003941 0.554392 0.111308
-0.004209 -0.000781 0.111308 0.046695
34.098625 1.527339 43.688508 2.055888
0.430764 0.094638 -0.025582 -0.002677
0.094638 0.043803 -0.002420 -0.000520
-0.025582 -0.002420 0.541347 0.108574
-0.002677 -0.000520 0.108574 0.046217
34.248424 1.392636 44.749706 2.059434
0.445841 0.097861 -0.018785 -0.001497
0.097861 0.044431 -0.001368 -0.000358
-0.018785 -0.001368 0.517578 0.103966
-0.001497 -0.000358 0.103966 0.045401
34.955064 1.396329 46.093562 2.122973
0.464344 0.101475 -0.015320 -0.001065
0.101475 0.045092 -0.001095 -0.000353
-0.015320 -0.001095 0.493539 0.099687
-0.001065 -0.000353 0.099687 0.044698
35.789193 1.427701 47.643984 2.223186
0.489003 0.106058 -0.017708 -0.001816
0.106058 0.045919 -0.002058 -0.000584
-0.017708 -0.002058 0.467971 0.095373
-0.001816 -0.000584 0.095373 0.044003
36.488392 1.421617 47.866637 2.039571
0.519231 0.111405 -0.027227 -0.003929
0.111405 0.046862 -0.004379 -0.001065
-0.027227 -0.004379 0.444085 0.091615
-0.003929 -0.001065 0.091615 0.043420
