1.289809 1.478029 1.611027 -0.247622
41.463505 16.585761 -56.479068 -22.592117
16.585761 86.638515 -22.592117 -9.037042
-56.479068 -22.592117 80.538224 32.215988
-22.592117 -9.037042 32.215988 92.890741
1.488548 2.044895 3.554251 1.394924
76.702133 59.842607 -74.840165 -22.794541
59.842607 67.436673 -56.894801 -37.742383
-74.840165 -56.894801 75.352731 24.482963
-22.794541 -37.742383 24.482963 43.523222
1.312544 1.313412 5.308015 1.825945
74.806340 45.729984 -77.377810 -40.843518
45.729984 38.332499 -47.315494 -37.236603
-77.377810 -47.315494 82.207530 44.890454
-40.843518 -37.236603 44.890454 42.464331
9.731808 4.961086 0.395500 0.275723
65.534108 33.936298 -76.898186 -41.105838
33.936298 23.489977 -40.063445 -28.389664
-76.898186 -40.063445 92.371210 50.395426
-41.105838 -28.389664 50.395426 36.829330
13.635874 5.586143 -1.304040 -0.584653
10.791338 4.387761 -6.956987 -1.400153
4.387761 5.459790 -2.886441 -4.848426
-6.956987 -2.886441 5.632897 1.745962
-1.400153 -4.848426 1.745962 6.098276
14.827088 4.714174 -0.079919 0.290348
10.304403 3.555490 -3.932591 0.044565
3.555490 3.427998 -1.662091 -2.633843
-3.932591 -1.662091 2.366012 0.826002
0.044565 -2.633843 0.826002 3.690083
16.961932 4.398187 0.629405 0.808391
13.653268 4.352359 -3.912471 -0.046553
4.352359 2.616597 -1.646808 -1.525747
-3.912471 -1.646808 1.936952 0.856556
-0.046553 -1.525747 0.856556 2.177210
18.021828 3.778674 1.966753 1.413120
17.087568 4.640521 -3.476612 0.362334
4.640521 1.938365 -1.284044 -0.724436
-3.476612 -1.284044 1.476004 0.615496
0.362334 -0.724436 0.615496 1.227459
18.908915 3.489072 2.957471 1.487110
21.475182 5.178736 -3.318378 0.499324
5.178736 1.648623 -1.065354 -0.347595
-3.318378 -1.065354 1.228237 0.461260
0.499324 -0.347595 0.461260 0.723258
19.152805 2.886182 4.783008 2.026099
26.271012 5.667640 -3.059261 0.646460
5.667640 1.477029 -0.862061 -0.141387
-3.059261 -0.862061 1.012967 0.341607
0.646460 -0.141387 0.341607 0.453565
20.993524 2.984965 5.679598 1.991232
31.486267 6.301605 -3.342229 0.440615
6.301605 1.435866 -0.824896 -0.090252
-3.342229 -0.824896 0.957950 0.281666
0.440615 -0.090252 0.281666 0.292057
21.758225 2.872324 6.646011 1.937616
32.430581 5.679707 -1.707293 0.961153
5.679707 1.122661 -0.419717 0.050230
-1.707293 -0.419717 0.639886 0.210463
0.961153 0.050230 0.210463 0.224254
23.320806 2.975481 7.177516 1.758285
33.031204 5.156927 -0.105367 1.321175
5.156927 0.905191 -0.113456 0.124011
-0.105367 -0.113456 0.508386 0.210201
1.321175 0.124011 0.210201 0.195141
24.229002 2.882461 8.098112 1.756268
26.737350 3.659456 1.819589 1.515966
3.659456 0.583439 0.168173 0.147743
1.819589 0.168173 0.601357 0.285237
1.515966 0.147743 0.285237 0.195156
24.678326 2.733449 9.023013 1.751586
22.541260 2.742460 3.127067 1.569950
2.742460 0.404943 0.310325 0.145955
3.127067 0.310325 0.890144 0.377196
1.569950 0.145955 0.377196 0.197335
20.980666 2.039762 9.824947 1.664832
20.944580 2.314978 4.200174 1.619031
2.314978 0.319574 0.401593 0.144039
4.200174 0.401593 1.282807 0.467217
1.619031 0.144039 0.467217 0.198836
26.018085 2.407174 12.000370 2.088966
12.156771 1.433190 1.658607 0.555951
1.433190 0.227197 0.140039 0.038493
1.658607 0.140039 0.641580 0.201453
0.555951 0.038493 0.201453 0.087939
24.665436 2.057205 13.157793 2.120994
7.516322 0.766879 1.811269 0.516451
0.766879 0.132582 0.133861 0.031204
1.811269 0.133861 0.852937 0.243100
0.516451 0.031204 0.243100 0.091918
24.206770 1.892073 13.972165 2.062962
7.626540 0.733614 2.238550 0.561485
0.733614 0.122283 0.168209 0.036846
2.238550 0.168209 1.063660 0.274697
0.561485 0.036846 0.274697 0.092531
24.942465 1.883460 14.836534 2.022178
8.091255 0.757220 2.611870 0.583108
0.757220 0.120725 0.200354 0.040828
2.611870 0.200354 1.238093 0.290242
0.583108 0.040828 0.290242 0.089237
24.171629 1.645521 16.005393 2.089470
7.676727 0.673296 2.925837 0.601369
0.673296 0.107713 0.213777 0.041477
2.925837 0.213777 1.510843 0.327557
0.601369 0.041477 0.327557 0.092147
23.316183 1.382071 17.482385 2.229436
7.841060 0.670020 3.239905 0.608735
0.670020 0.105088 0.235106 0.042878
3.239905 0.235106 1.730161 0.345504
0.608735 0.042878 0.345504 0.090382
22.544570 1.250642 18.038271 2.137860
7.600479 0.655094 3.167670 0.537304
0.655094 0.103666 0.232636 0.039122
3.167670 0.232636 1.702610 0.313010
0.537304 0.039122 0.313010 0.079446
22.648019 1.185940 19.075577 2.146605
5.899243 0.544641 2.151350 0.308882
0.544641 0.096891 0.160629 0.023302
2.151350 0.160629 1.149497 0.195591
0.308882 0.023302 0.195591 0.056016
21.325280 1.084184 18.697748 1.885431
5.146749 0.482292 1.809135 0.233989
0.482292 0.091291 0.133906 0.018434
1.809135 0.133906 0.992239 0.162001
0.233989 0.018434 0.162001 0.049823
19.957862 0.915694 18.857581 1.779327
2.636791 0.283075 0.551708 0.029172
0.283075 0.076071 0.026504 0.001275
0.551708 0.026504 0.459070 0.082278
0.029172 0.001275 0.082278 0.038911
20.355865 0.898497 19.862944 1.807046
1.384242 0.171197 0.040662 -0.037595
0.171197 0.066341 -0.024839 -0.005181
0.040662 -0.024839 0.359328 0.078456
-0.037595 -0.005181 0.078456 0.040733
19.257930 0.714816 20.465269 1.781010
1.021147 0.142644 -0.138139 -0.058178
0.142644 0.064099 -0.043382 -0.007066
-0.138139 -0.043382 0.397637 0.092630
-0.058178 -0.007066 0.092630 0.044549
17.074626 0.350877 21.388711 1.828741
0.705192 0.108075 -0.189045 -0.053805
0.108075 0.059394 -0.046446 -0.005884
-0.189045 -0.046446 0.495853 0.114783
-0.053805 -0.005884 0.114783 0.049114
16.581320 0.239974 22.416972 1.856528
0.504612 0.084792 -0.154047 -0.036240
0.084792 0.055314 -0.034854 -0.002443
-0.154047 -0.034854 0.597882 0.134592
-0.036240 -0.002443 0.134592 0.052700
15.973154 0.102787 23.677295 1.924209
0.400361 0.075398 -0.093824 -0.017760
0.075398 0.053098 -0.017915 0.001270
-0.093824 -0.017915 0.697790 0.152286
-0.017760 0.001270 0.152286 0.055667
16.351061 0.170214 24.373401 1.872234
0.354405 0.075246 -0.009854 0.002568
0.075246 0.052313 0.003704 0.005341
-0.009854 0.003704 0.785234 0.165955
0.002568 0.005341 0.165955 0.057665
15.890608 0.048929 25.961371 1.996774
0.351910 0.082232 0.086267 0.022541
0.082232 0.052742 0.026848 0.009206
0.086267 0.026848 0.868979 0.177646
0.022541 0.009206 0.177646 0.059178
15.333481 -0.090067 27.855511 2.165025
0.394567 0.097155 0.198270 0.043134
0.097155 0.054710 0.051724 0.013019
0.198270 0.051724 0.918903 0.181550
0.043134 0.013019 0.181550 0.059102
14.959207 -0.176144 29.919787 2.349145
0.480054 0.119068 0.314020 0.061826
0.119068 0.057971 0.075178 0.016192
0.314020 0.075178 0.939637 0.179373
0.061826 0.016192 0.179373 0.057923
14.879722 -0.175335 31.205943 2.369862
0.605294 0.146650 0.425053 0.077104
0.146650 0.062161 0.095314 0.018438
0.425053 0.095314 0.935352 0.172548
0.077104 0.018438 0.172548 0.056015
14.678780 -0.223360 33.382886 2.555140
0.764359 0.177700 0.535948 0.090088
0.177700 0.066668 0.113266 0.020073
0.535948 0.113266 0.935554 0.166938
0.090088 0.020073 0.166938 0.054505
14.511476 -0.252148 35.220190 2.661045
0.957772 0.212119 0.636731 0.099047
0.212119 0.071517 0.127345 0.020833
0.636731 0.127345 0.918686 0.158544
0.099047 0.020833 0.158544 0.052624
14.461634 -0.247551 36.937364 2.732586
1.184631 0.249010 0.734219 0.105577
0.249010 0.076439 0.139279 0.021126
0.734219 0.139279 0.902188 0.150733
0.105577 0.021126 0.150733 0.050989
14.349643 -0.239069 38.150396 2.702165
1.445636 0.288093 0.828521 0.109874
0.288093 0.081372 0.149361 0.021046
0.828521 0.149361 0.885773 0.143396
0.109874 0.021046 0.143396 0.049545
14.232130 -0.226182 39.201902 2.641747
1.746445 0.329658 0.931533 0.114316
0.329658 0.086296 0.159813 0.021047
0.931533 0.159813 0.882070 0.138552
0.114316 0.021047 0.138552 0.048584
14.105838 -0.235027 40.664692 2.671768
2.090527 0.373746 1.046202 0.119461
0.373746 0.091204 0.171019 0.021203
1.046202 0.171019 0.890483 0.135812
0.119461 0.021203 0.135812 0.047974
14.025223 -0.241430 42.300636 2.733749
2.477880 0.420155 1.165724 0.123945
0.420155 0.096110 0.181849 0.021274
1.165724 0.181849 0.901556 0.133428
0.123945 0.021274 0.133428 0.047405
13.833096 -0.235856 43.257346 2.648214
2.908749 0.468709 1.285472 0.126930
0.468709 0.101010 0.191694 0.021141
1.285472 0.191694 0.910416 0.130615
0.126930 0.021141 0.130615 0.046763
13.650889 -0.220343 43.988511 2.520026
3.393423 0.519980 1.423613 0.132151
0.519980 0.105887 0.203145 0.021362
1.423613 0.203145 0.931922 0.129763
0.132151 0.021362 0.129763 0.046394
13.572436 -0.197188 44.841312 2.426353
3.933196 0.573597 1.583366 0.140237
0.573597 0.110680 0.216376 0.021970
1.583366 0.216376 0.966834 0.130817
0.140237 0.021970 0.130817 0.046257
13.380265 -0.215475 46.140154 2.451160
4.526989 0.629386 1.757255 0.149395
0.629386 0.115431 0.230231 0.022671
1.757255 0.230231 1.007572 0.132411
0.149395 0.022671 0.132411 0.046148
13.392581 -0.198088 47.376674 2.446967
5.176505 0.687417 1.942698 0.158925
0.687417 0.120175 0.244336 0.023363
1.942698 0.244336 1.051314 0.134059
0.158925 0.023363 0.134059 0.046013
13.194190 -0.191834 48.108546 2.338139
5.881377 0.747776 2.129166 0.166446
0.747776 0.124975 0.257479 0.023757
2.129166 0.257479 1.089992 0.134524
0.166446 0.023757 0.134524 0.045710
13.228755 -0.167324 49.111162 2.291918
6.648413 0.810087 2.340615 0.177506
0.810087 0.129660 0.272346 0.024536
2.340615 0.272346 1.140980 0.136667
0.177506 0.024536 0.136667 0.045616
