-0.849216 0.622401 3.782222 0.620874
41.463505 16.585761 -56.479068 -22.592117
16.585761 86.638515 -22.592117 -9.037042
-56.479068 -22.592117 80.538224 32.215988
-22.592117 -9.037042 32.215988 92.890741
-0.309523 3.103754 7.457846 4.006214
71.027453 43.480978 -87.896464 -39.002369
43.480978 47.651968 -51.866433 -43.404946
-87.896464 -51.866433 111.796306 51.176170
-39.002369 -43.404946 51.176170 58.809765
0.253724 2.351635 9.653074 3.678980
44.589692 19.840339 -67.011135 -35.263216
19.840339 20.076186 -28.996993 -28.811938
-67.011135 -28.996993 104.103804 55.907189
-35.263216 -28.811938 55.907189 50.319699
-0.177903 1.626503 13.814735 4.757040
39.573642 14.762845 -69.988167 -33.129460
14.762845 12.378497 -25.230231 -20.557656
-69.988167 -25.230231 127.424069 60.465365
-33.129460 -20.557656 60.465365 40.923570
-5.126674 -0.909978 25.178543 8.755709
7.743924 1.533377 -18.466693 -6.913411
1.533377 4.781697 -1.998738 -6.303534
-18.466693 -1.998738 49.685998 17.846884
-6.913411 -6.303534 17.846884 14.115709
-3.371892 -0.290004 23.676767 6.561677
0.804774 0.890494 0.126408 -0.574561
0.890494 3.832358 2.573937 -3.324901
0.126408 2.573937 8.323890 0.731774
-0.574561 -3.324901 0.731774 4.804389
-0.533989 2.738541 25.112346 3.326842
1.016692 1.140098 1.210460 -0.493810
1.140098 2.138103 1.842393 -1.549584
1.210460 1.842393 9.713091 2.149683
-0.493810 -1.549584 2.149683 2.949681
2.694112 4.289441 26.032731 1.796677
1.213843 0.977239 2.094978 -0.049496
0.977239 1.114133 1.567279 -0.531981
2.094978 1.567279 12.284929 3.105552
-0.049496 -0.531981 3.105552 1.939018
3.789030 3.590895 27.289881 2.451254
1.531666 0.902015 3.343471 0.373302
0.902015 0.691212 1.727685 -0.064865
3.343471 1.727685 15.262983 3.550749
0.373302 -0.064865 3.550749 1.414876
4.977369 3.219076 29.876377 3.114613
2.256092 1.036703 5.085261 0.699580
1.036703 0.567243 2.142269 0.158046
5.085261 2.142269 17.179026 3.360651
0.699580 0.158046 3.360651 0.998376
6.223861 3.182748 27.848659 2.205239
3.391385 1.314462 6.191655 0.691273
1.314462 0.566732 2.285424 0.178642
6.191655 2.285424 14.506439 2.177509
0.691273 0.178642 2.177509 0.549868
7.956874 3.262581 28.314075 1.996733
4.036474 1.293091 7.430360 0.917650
1.293091 0.456068 2.271152 0.232301
7.430360 2.271152 16.522735 2.451835
0.917650 0.232301 2.451835 0.517897
9.607422 3.263822 29.451837 2.027196
5.185825 1.432441 9.111155 1.099491
1.432441 0.428610 2.426397 0.262489
9.111155 2.426397 18.344899 2.515793
1.099491 0.262489 2.515793 0.458943
11.463167 3.347757 30.076044 1.891827
6.301043 1.568323 9.616534 1.005043
1.568323 0.417985 2.327136 0.224293
9.616534 2.327136 16.396562 1.936394
1.005043 0.224293 1.936394 0.318966
13.684351 3.464522 31.935687 1.998592
6.696913 1.532561 8.528874 0.717630
1.532561 0.375425 1.902809 0.148378
8.528874 1.902809 12.113282 1.191780
0.717630 0.148378 1.191780 0.193114
14.218789 3.220759 31.414745 1.863453
5.079837 1.099621 4.805479 0.221718
1.099621 0.261168 1.005612 0.039240
4.805479 1.005612 5.409057 0.394488
0.221718 0.039240 0.394488 0.097077
15.909186 3.232039 32.526180 1.889839
5.715938 1.144172 4.550789 0.132470
1.144172 0.251676 0.882773 0.021787
4.550789 0.882773 4.312957 0.251341
0.132470 0.021787 0.251341 0.077083
15.550329 2.898615 31.315568 1.698465
5.597377 1.051386 3.518812 -0.005807
1.051386 0.220192 0.638131 -0.002810
3.518812 0.638131 2.768069 0.113999
-0.005807 -0.002810 0.113999 0.064598
17.152868 2.959570 31.393926 1.513795
6.609247 1.146602 3.771388 -0.008950
1.146602 0.222116 0.634457 -0.001298
3.771388 0.634457 2.646991 0.101264
-0.008950 -0.001298 0.101264 0.059867
15.876704 2.568665 29.333968 1.216303
7.275869 1.183008 3.533126 -0.068089
1.183008 0.216302 0.557486 -0.009216
3.533126 0.557486 2.154551 0.062896
-0.068089 -0.009216 0.062896 0.056417
17.717273 2.665090 29.859341 1.137936
6.626451 0.991131 3.346310 0.034494
0.991131 0.173180 0.484842 0.008009
3.346310 0.484842 2.120742 0.113699
0.034494 0.008009 0.113699 0.054649
18.530553 2.628809 29.133728 0.898055
7.440772 1.050553 3.428939 0.020400
1.050553 0.174368 0.470039 0.006641
3.428939 0.470039 1.981605 0.100113
0.020400 0.006641 0.100113 0.051957
18.472638 2.487158 27.753644 0.611064
8.139113 1.090261 3.381372 -0.005698
1.090261 0.173270 0.440312 0.003746
3.381372 0.440312 1.781917 0.083890
-0.005698 0.003746 0.083890 0.049835
20.026717 2.525580 28.212351 0.618500
8.333068 1.052047 3.446637 0.045667
1.052047 0.161296 0.423544 0.010821
3.446637 0.423544 1.794037 0.104267
0.045667 0.010821 0.104267 0.049022
18.184928 2.168608 26.761455 0.473950
7.563680 0.921488 2.573191 -0.048473
0.921488 0.142032 0.303030 -0.000349
2.573191 0.303030 1.221859 0.064441
-0.048473 -0.000349 0.064441 0.047250
21.099773 2.391993 27.215340 0.377587
5.188478 0.594614 2.028697 0.061315
0.594614 0.099220 0.222703 0.012890
2.028697 0.222703 1.152376 0.108930
0.061315 0.012890 0.108930 0.048018
22.435189 2.410875 27.331001 0.349571
4.082386 0.463476 1.165380 -0.038139
0.463476 0.085018 0.123183 0.001814
1.165380 0.123183 0.670086 0.068925
-0.038139 0.001814 0.068925 0.045721
23.267934 2.369149 27.421611 0.356050
2.750674 0.313211 0.397167 -0.101291
0.313211 0.069295 0.037601 -0.004994
0.397167 0.037601 0.382778 0.063027
-0.101291 -0.004994 0.063027 0.048126
24.688512 2.393370 27.797559 0.389298
2.149753 0.247070 0.015216 -0.130249
0.247070 0.063120 -0.003020 -0.007873
0.015216 -0.003020 0.322580 0.077205
-0.130249 -0.007873 0.077205 0.052077
25.955752 2.401398 28.074739 0.406094
1.715574 0.199345 -0.232247 -0.143273
0.199345 0.058821 -0.027604 -0.008921
-0.232247 -0.027604 0.364264 0.101402
-0.143273 -0.008921 0.101402 0.056771
27.325103 2.422543 28.323612 0.411585
1.459006 0.171622 -0.400444 -0.151232
0.171622 0.056584 -0.042082 -0.009364
-0.400444 -0.042082 0.463914 0.129792
-0.151232 -0.009364 0.129792 0.061584
28.174244 2.374593 28.521829 0.416519
1.291279 0.153581 -0.529946 -0.156868
0.153581 0.055184 -0.050938 -0.009510
-0.529946 -0.050938 0.604575 0.161173
-0.156868 -0.009510 0.161173 0.066437
29.749991 2.433652 28.783007 0.428550
1.215084 0.146083 -0.653448 -0.165213
0.146083 0.054765 -0.058394 -0.010079
-0.653448 -0.058394 0.778660 0.194670
-0.165213 -0.010079 0.194670 0.071206
31.155353 2.465887 29.028747 0.438357
1.149296 0.138656 -0.762959 -0.171696
0.138656 0.054001 -0.062826 -0.010348
-0.762959 -0.062826 0.988795 0.230911
-0.171696 -0.010348 0.230911 0.076041
32.506595 2.490152 29.296688 0.452541
1.104405 0.133076 -0.869608 -0.178357
0.133076 0.053191 -0.065940 -0.010650
-0.869608 -0.065940 1.235395 0.269611
-0.178357 -0.010650 0.269611 0.080873
34.021133 2.540771 29.516051 0.459578
1.079328 0.129393 -0.980187 -0.185961
0.129393 0.052388 -0.068909 -0.011125
-0.980187 -0.068909 1.521157 0.310743
-0.185961 -0.011125 0.310743 0.085675
34.688068 2.426341 29.834495 0.455779
1.061126 0.125920 -1.091291 -0.193513
0.125920 0.051431 -0.071097 -0.011570
-1.091291 -0.071097 1.847824 0.354287
-0.193513 -0.011570 0.354287 0.090484
35.714338 2.380164 29.979302 0.431224
1.079372 0.127116 -1.229868 -0.204968
0.127116 0.050902 -0.078071 -0.012873
-1.229868 -0.078071 2.219311 0.399455
-0.204968 -0.012873 0.399455 0.094982
37.040545 2.414399 30.251555 0.447951
1.105919 0.128684 -1.379277 -0.217192
0.128684 0.050300 -0.086118 -0.014263
-1.379277 -0.086118 2.635624 0.446593
-0.217192 -0.014263 0.446593 0.099425
37.964908 2.348109 30.433821 0.428033
1.137985 0.130305 -1.539263 -0.229971
0.130305 0.049646 -0.094985 -0.015659
-1.539263 -0.094985 3.099040 0.495813
-0.229971 -0.015659 0.495813 0.103862
39.340653 2.392150 30.628178 0.433424
1.180694 0.132902 -1.715698 -0.243898
0.132902 0.049094 -0.105988 -0.017227
-1.715698 -0.105988 3.609657 0.546564
-0.243898 -0.017227 0.546564 0.108179
41.061593 2.514466 30.878412 0.461457
1.222025 0.134604 -1.898947 -0.257646
0.134604 0.048460 -0.116387 -0.018554
-1.898947 -0.116387 4.172184 0.599854
-0.257646 -0.018554 0.599854 0.112623
41.903942 2.411671 31.007488 0.428146
1.257409 0.134909 -2.083946 -0.270608
0.134909 0.047727 -0.125001 -0.019514
-2.083946 -0.125001 4.788885 0.655875
-0.270608 -0.019514 0.655875 0.117228
43.155549 2.409622 31.045831 0.404028
1.302680 0.136444 -2.287255 -0.284675
0.136444 0.047201 -0.135943 -0.020665
-2.287255 -0.135943 5.459985 0.713567
-0.284675 -0.020665 0.713567 0.121729
43.992395 2.324474 31.248552 0.389230
1.341574 0.136684 -2.491213 -0.297824
0.136684 0.046610 -0.144747 -0.021445
-2.491213 -0.144747 6.188096 0.773843
-0.297824 -0.021445 0.773843 0.126355
45.209758 2.346721 31.582046 0.410200
1.394509 0.138861 -2.719726 -0.312596
0.138861 0.046291 -0.157259 -0.022574
-2.719726 -0.157259 6.974013 0.835501
-0.312596 -0.022574 0.835501 0.130820
46.092702 2.281920 31.829514 0.404398
1.458864 0.142426 -2.970731 -0.328601
0.142426 0.046167 -0.172677 -0.023920
-2.970731 -0.172677 7.817003 0.898430
-0.328601 -0.023920 0.898430 0.135152
47.366230 2.309390 31.978424 0.402837
1.536232 0.147543 -3.246534 -0.345907
0.147543 0.046241 -0.191445 -0.025506
-3.246534 -0.191445 8.713732 0.962043
-0.345907 -0.025506 0.962043 0.139297
48.207803 2.235796 32.173484 0.390165
1.611128 0.151583 -3.530241 -0.362919
0.151583 0.046230 -0.208268 -0.026768
-3.530241 -0.208268 9.678907 1.028754
-0.362919 -0.026768 1.028754 0.143632
49.106819 2.170170 32.139060 0.355246
1.696429 0.156724 -3.836917 -0.380936
0.156724 0.046357 -0.227586 -0.028185
-3.836917 -0.227586 10.703047 1.096525
-0.380936 -0.028185 1.096525 0.147842
