0.587646 1.197158 1.437474 -0.317045
2.053490 0.821414 -0.226717 -0.090689
0.821414 80.332639 -0.090689 -0.036276
-0.226717 -0.090689 3.101368 1.240574
-0.090689 -0.036276 1.240574 80.500307
2.917094 4.282375 0.996587 -0.762413
3.165453 5.618848 -1.727389 -2.868419
5.618848 17.123277 -3.021973 -5.662566
-1.727389 -3.021973 3.225334 5.436895
-2.868419 -5.662566 5.436895 19.300152
4.072188 3.356585 3.113718 2.047646
2.964324 3.258617 -0.802306 -0.617306
3.258617 5.271832 -0.765518 -0.900008
-0.802306 -0.765518 1.859540 2.084198
-0.617306 -0.900008 2.084198 4.673185
6.962485 4.299933 3.706818 1.739351
1.918700 1.507777 -0.152151 -0.019150
1.507777 1.850072 -0.076489 -0.155960
-0.152151 -0.076489 1.598643 1.405955
-0.019150 -0.155960 1.405955 2.071466
7.357097 3.202466 3.925016 1.255723
1.359757 0.851085 -0.172846 -0.095993
0.851085 0.864492 -0.110533 -0.153467
-0.172846 -0.110533 1.693820 1.173551
-0.095993 -0.153467 1.173551 1.194707
8.609943 3.012912 5.375823 1.715931
1.125443 0.595792 -0.176113 -0.097050
0.595792 0.505019 -0.103763 -0.107663
-0.176113 -0.103763 1.606795 0.899242
-0.097050 -0.107663 0.899242 0.711155
9.047254 2.515347 7.288605 2.214181
1.008713 0.464284 -0.244457 -0.119202
0.464284 0.333090 -0.122349 -0.089301
-0.244457 -0.122349 1.490702 0.697934
-0.119202 -0.089301 0.697934 0.455134
10.163624 2.459820 8.007591 2.059085
0.967684 0.393155 -0.294848 -0.123511
0.393155 0.241154 -0.125152 -0.071234
-0.294848 -0.125152 1.317298 0.530519
-0.123511 -0.071234 0.530519 0.300814
11.898839 2.645170 7.215482 1.412723
0.908004 0.328958 -0.290806 -0.105777
0.328958 0.178768 -0.106852 -0.051567
-0.290806 -0.106852 1.180594 0.418786
-0.105777 -0.051567 0.418786 0.212419
11.938472 2.225973 9.002458 1.757644
0.816645 0.267281 -0.249752 -0.080169
0.267281 0.133923 -0.080709 -0.034914
-0.249752 -0.080709 1.089097 0.346726
-0.080169 -0.034914 0.346726 0.160258
12.474414 2.048274 8.312813 1.302223
0.765042 0.229622 -0.228137 -0.065707
0.229622 0.107148 -0.066091 -0.025675
-0.228137 -0.066091 0.988937 0.286775
-0.065707 -0.025675 0.286775 0.124275
12.541689 1.785961 10.291173 1.656430
0.709053 0.197384 -0.205228 -0.053628
0.197384 0.087912 -0.053809 -0.019112
-0.205228 -0.053809 0.919788 0.246399
-0.053628 -0.019112 0.246399 0.101481
13.977448 1.927684 10.957541 1.617566
0.675814 0.176529 -0.187414 -0.044850
0.176529 0.075656 -0.045058 -0.014731
-0.187414 -0.045058 0.841335 0.210609
-0.044850 -0.014731 0.210609 0.084503
14.667005 1.865256 12.757467 1.851933
0.639334 0.158194 -0.163723 -0.036061
0.158194 0.066459 -0.036159 -0.011121
-0.163723 -0.036159 0.778712 0.184367
-0.036061 -0.011121 0.184367 0.072998
14.881397 1.698611 14.349038 1.999352
0.611320 0.144683 -0.139528 -0.028387
0.144683 0.060117 -0.028446 -0.008365
-0.139528 -0.028446 0.718590 0.162626
-0.028387 -0.008365 0.162626 0.064544
15.287510 1.599387 15.709201 2.075789
0.590339 0.134764 -0.117661 -0.022187
0.134764 0.055720 -0.022266 -0.006344
-0.117661 -0.022266 0.664787 0.145296
-0.022187 -0.006344 0.145296 0.058438
15.070443 1.372124 16.680822 2.054804
0.572997 0.127074 -0.097703 -0.017097
0.127074 0.052574 -0.017197 -0.004825
-0.097703 -0.017197 0.619840 0.132096
-0.017097 -0.004825 0.132096 0.054141
16.068220 1.438046 17.439904 2.000473
0.559923 0.121379 -0.081635 -0.013324
0.121379 0.050379 -0.013469 -0.003762
-0.081635 -0.013469 0.582630 0.122078
-0.013324 -0.003762 0.122078 0.051113
16.546856 1.388885 18.752970 2.063981
0.546431 0.116397 -0.066960 -0.010181
0.116397 0.048695 -0.010320 -0.002930
-0.066960 -0.010320 0.554942 0.115139
-0.010181 -0.002930 0.115139 0.049118
17.623579 1.472112 20.159700 2.144174
0.535053 0.112543 -0.053269 -0.007470
0.112543 0.047508 -0.007604 -0.002261
-0.053269 -0.007604 0.532531 0.109982
-0.007470 -0.002261 0.109982 0.047730
18.016482 1.400396 21.233353 2.142368
0.524282 0.109334 -0.040297 -0.005082
0.109334 0.046633 -0.005199 -0.001704
-0.040297 -0.005199 0.515838 0.106467
-0.005082 -0.001704 0.106467 0.046829
17.848821 1.218344 21.986928 2.071804
0.515155 0.106870 -0.029326 -0.003230
0.106870 0.046032 -0.003334 -0.001291
-0.029326 -0.003334 0.503311 0.104069
-0.003230 -0.001291 0.104069 0.046240
18.544775 1.234861 22.705502 2.006325
0.508050 0.105121 -0.020385 -0.001859
0.105121 0.045654 -0.001958 -0.000993
-0.020385 -0.001958 0.493611 0.102390
-0.001859 -0.000993 0.102390 0.045841
18.786749 1.156520 23.522030 1.966035
0.501375 0.103660 -0.013246 -0.000882
0.103660 0.045377 -0.000969 -0.000779
-0.013246 -0.000969 0.487332 0.101481
-0.000882 -0.000779 0.101481 0.045621
19.497171 1.182614 24.038074 1.868771
0.495536 0.102524 -0.007369 -0.000149
0.102524 0.045191 -0.000226 -0.000613
-0.007369 -0.000226 0.483307 0.101030
-0.000149 -0.000613 0.101030 0.045499
20.324020 1.231193 24.838202 1.841058
0.490119 0.101578 -0.003202 0.000262
0.101578 0.045054 0.000197 -0.000507
-0.003202 0.000197 0.481352 0.100962
0.000262 -0.000507 0.100962 0.045452
20.765823 1.195708 26.387759 1.973156
0.484822 0.100726 -0.000501 0.000426
0.100726 0.044938 0.000371 -0.000444
-0.000501 0.000371 0.481222 0.101204
0.000426 -0.000444 0.101204 0.045461
21.252212 1.172385 27.081335 1.911382
0.478805 0.099774 0.001461 0.000507
0.099774 0.044797 0.000462 -0.000388
0.001461 0.000462 0.483366 0.101834
0.000507 -0.000388 0.101834 0.045542
21.843692 1.173418 28.403205 1.988576
0.473256 0.098968 0.002245 0.000412
0.098968 0.044683 0.000373 -0.000363
0.002245 0.000373 0.486307 0.102519
0.000412 -0.000363 0.102519 0.045623
22.824211 1.256419 28.823353 1.867374
0.466992 0.098036 0.001796 0.000133
0.098036 0.044534 0.000097 -0.000370
0.001796 0.000097 0.491066 0.103487
0.000133 -0.000370 0.103487 0.045756
23.527408 1.272185 29.812812 1.879055
0.461882 0.097375 -0.000656 -0.000486
0.097375 0.044438 -0.000524 -0.000443
-0.000656 -0.000524 0.495443 0.104265
-0.000486 -0.000443 0.104265 0.045842
24.219702 1.284129 30.694625 1.866891
0.456760 0.096706 -0.004344 -0.001265
0.096706 0.044328 -0.001310 -0.000543
-0.004344 -0.001310 0.500648 0.105141
-0.001265 -0.000543 0.105141 0.045951
24.804228 1.271796 31.801574 1.903261
0.451930 0.096089 -0.009050 -0.002158
0.096089 0.044219 -0.002215 -0.000662
-0.009050 -0.002215 0.506318 0.106043
-0.002158 -0.000662 0.106043 0.046066
25.650598 1.316663 33.126389 1.981124
0.446938 0.095420 -0.014356 -0.003084
0.095420 0.044089 -0.003157 -0.000785
-0.014356 -0.003157 0.513033 0.107100
-0.003084 -0.000785 0.107100 0.046218
25.971122 1.244321 34.318410 2.022902
0.441746 0.094693 -0.020694 -0.004145
0.094693 0.043939 -0.004239 -0.000937
-0.020694 -0.004239 0.521045 0.108360
-0.004145 -0.000937 0.108360 0.046414
26.552109 1.234849 34.772638 1.907453
0.436438 0.093928 -0.026051 -0.004926
0.093928 0.043776 -0.005030 -0.001029
-0.026051 -0.005030 0.529971 0.109733
-0.004926 -0.001029 0.109733 0.046632
26.398415 1.068476 35.911954 1.944275
0.432472 0.093444 -0.031363 -0.005660
0.093444 0.043668 -0.005774 -0.001121
-0.031363 -0.005774 0.537750 0.110793
-0.005660 -0.001121 0.110793 0.046787
26.992844 1.082091 37.088297 1.986330
0.428199 0.092864 -0.033988 -0.005822
0.092864 0.043532 -0.005911 -0.001098
-0.033988 -0.005911 0.545782 0.111878
-0.005822 -0.001098 0.111878 0.046955
27.332308 1.036983 37.736399 1.915196
0.424412 0.092369 -0.035790 -0.005854
0.092369 0.043410 -0.005912 -0.001066
-0.035790 -0.005912 0.553214 0.112816
-0.005854 -0.001066 0.112816 0.047100
28.482367 1.174534 38.548932 1.888276
0.421488 0.092038 -0.036705 -0.005754
0.092038 0.043320 -0.005779 -0.001025
-0.036705 -0.005779 0.559173 0.113452
-0.005754 -0.001025 0.113452 0.047193
29.263054 1.216344 39.353389 1.860904
0.419454 0.091862 -0.037801 -0.005747
0.091862 0.043257 -0.005756 -0.001021
-0.037801 -0.005756 0.563812 0.113846
-0.005747 -0.001021 0.113846 0.047251
30.076832 1.262123 40.396052 1.884512
0.418242 0.091825 -0.037680 -0.005535
0.091825 0.043219 -0.005521 -0.000983
-0.037680 -0.005521 0.566509 0.113904
-0.005535 -0.000983 0.113904 0.047256
31.130484 1.358239 41.914085 2.002248
0.418371 0.092041 -0.035185 -0.004899
0.092041 0.043234 -0.004843 -0.000866
-0.035185 -0.004843 0.565720 0.113353
-0.004899 -0.000866 0.113353 0.047159
32.005011 1.400234 42.698994 1.959985
0.422298 0.093044 -0.028936 -0.003583
0.093044 0.043418 -0.003477 -0.000620
-0.028936 -0.003477 0.556807 0.111320
-0.003583 -0.000620 0.111320 0.046790
32.864252 1.435727 43.757205 1.976434
0.429124 0.094550 -0.022175 -0.002290
0.094550 0.043694 -0.002168 -0.000403
-0.022175 -0.002168 0.543510 0.108655
-0.002290 -0.000403 0.108655 0.046333
33.446289 1.406641 44.923299 2.011488
0.441117 0.097019 -0.015952 -0.001202
0.097019 0.044159 -0.001126 -0.000247
-0.015952 -0.001126 0.523863 0.104976
-0.001202 -0.000247 0.104976 0.045705
33.700700 1.307501 45.729339 1.969487
0.458378 0.100382 -0.012465 -0.000730
0.100382 0.044787 -0.000768 -0.000228
-0.012465 -0.000768 0.500309 0.100801
-0.000730 -0.000228 0.100801 0.045007
34.669153 1.375275 46.506179 1.928237
0.477183 0.103760 -0.011528 -0.000793
0.103760 0.045378 -0.000941 -0.000306
-0.011528 -0.000941 0.478747 0.097307
-0.000793 -0.000306 0.097307 0.044467
35.801982 1.471644 47.627298 1.961737
0.499931 0.107699 -0.014980 -0.001715
0.107699 0.046066 -0.001988 -0.000544
-0.014980 -0.001988 0.457419 0.094018
-0.001715 -0.000544 0.094018 0.043960
36.495487 1.461679 48.214694 1.879636
0.527964 0.112443 -0.025187 -0.003929
0.112443 0.046897 -0.004314 -0.001021
-0.025187 -0.004314 0.437075 0.091018
-0.003929 -0.001021 0.091018 0.043489
