0.246274 1.060606 -0.334388 -1.025805
2.053490 0.821414 -0.226717 -0.090689
0.821414 80.332639 -0.090689 -0.036276
-0.226717 -0.090689 3.101368 1.240574
-0.090689 -0.036276 1.240574 80.500307
5.764010 9.982347 -0.019607 0.474646
3.566742 6.333484 -1.826293 -3.028391
6.333484 18.395854 -3.202470 -5.954852
-1.826293 -3.202470 3.024563 5.094458
-3.028391 -5.954852 5.094458 18.716256
5.368839 4.170219 2.016721 2.006592
2.118114 2.322649 -0.186710 0.014825
2.322649 4.267870 -0.065899 -0.180355
-0.186710 -0.065899 1.965124 2.308550
0.014825 -0.180355 2.308550 4.996025
8.002862 4.612081 2.742766 1.779745
1.693816 1.371335 -0.026124 0.023040
1.371335 1.774984 -0.004620 -0.131804
-0.026124 -0.004620 1.745972 1.521349
0.023040 -0.131804 1.521349 2.138703
8.250874 3.286367 3.691312 1.824942
1.325639 0.854321 -0.076195 -0.055289
0.854321 0.874803 -0.066178 -0.125289
-0.076195 -0.066178 1.694308 1.155077
-0.055289 -0.125289 1.155077 1.164324
9.067094 2.836718 4.986702 2.045259
1.117913 0.603272 -0.142168 -0.090214
0.603272 0.508281 -0.095971 -0.099965
-0.142168 -0.095971 1.597320 0.884710
-0.090214 -0.099965 0.884710 0.696941
9.434086 2.355487 5.415015 1.780837
0.999524 0.464966 -0.215050 -0.110265
0.464966 0.330641 -0.113761 -0.080879
-0.215050 -0.113761 1.480152 0.688495
-0.110265 -0.080879 0.688495 0.448521
10.409294 2.271680 6.554941 1.882079
0.912045 0.372393 -0.240524 -0.103141
0.372393 0.229943 -0.105537 -0.059435
-0.240524 -0.105537 1.357552 0.544192
-0.103141 -0.059435 0.544192 0.305415
10.458649 1.876394 7.701466 1.959456
0.849433 0.309242 -0.247824 -0.091181
0.309242 0.169664 -0.092877 -0.043684
-0.247824 -0.092877 1.230153 0.434191
-0.091181 -0.043684 0.434191 0.217303
11.545361 1.925443 9.068060 2.081496
0.808327 0.265952 -0.251074 -0.080807
0.265952 0.132095 -0.082166 -0.033164
-0.251074 -0.082166 1.106156 0.350144
-0.080807 -0.033164 0.350144 0.160931
12.516143 1.925506 9.239820 1.830625
0.767100 0.230783 -0.233731 -0.066775
0.230783 0.106267 -0.067805 -0.024325
-0.233731 -0.067805 0.993041 0.286478
-0.066775 -0.024325 0.286478 0.123987
13.209738 1.850950 10.310697 1.871395
0.718918 0.200063 -0.209784 -0.053864
0.200063 0.087587 -0.054562 -0.017795
-0.209784 -0.054562 0.909766 0.242712
-0.053864 -0.017795 0.242712 0.100440
13.747532 1.748747 11.142409 1.843428
0.678355 0.176686 -0.185276 -0.043177
0.176686 0.074773 -0.043670 -0.013164
-0.185276 -0.043670 0.835011 0.208551
-0.043177 -0.013164 0.208551 0.084056
13.329171 1.427218 11.955884 1.809687
0.643563 0.158579 -0.162696 -0.034707
0.158579 0.065796 -0.035074 -0.009906
-0.162696 -0.035074 0.771388 0.182436
-0.034707 -0.009906 0.182436 0.072647
14.187351 1.459428 12.588370 1.748703
0.618853 0.145663 -0.146476 -0.028899
0.145663 0.059715 -0.029283 -0.007798
-0.146476 -0.029283 0.714873 0.161747
-0.028899 -0.007798 0.161747 0.064456
14.595090 1.386825 13.581788 1.772323
0.594069 0.134706 -0.129358 -0.023692
0.134706 0.055177 -0.024023 -0.006121
-0.129358 -0.024023 0.669802 0.146435
-0.023692 -0.006121 0.146435 0.058787
15.954665 1.539304 14.998485 1.891978
0.573498 0.126293 -0.113052 -0.019278
0.126293 0.051975 -0.019584 -0.004835
-0.113052 -0.019584 0.630554 0.134346
-0.019278 -0.004835 0.134346 0.054680
16.708021 1.539584 16.368829 1.981251
0.554095 0.119367 -0.094214 -0.014821
0.119367 0.049625 -0.015071 -0.003685
-0.094214 -0.015071 0.597200 0.124988
-0.014821 -0.003685 0.124988 0.051746
16.775386 1.392211 17.637450 2.032722
0.538344 0.114168 -0.076455 -0.011011
0.114168 0.048007 -0.011229 -0.002786
-0.076455 -0.011229 0.568817 0.117711
-0.011011 -0.002786 0.117711 0.049637
16.879104 1.271535 19.145326 2.129113
0.526920 0.110557 -0.061376 -0.008057
0.110557 0.046959 -0.008277 -0.002142
-0.061376 -0.008277 0.544571 0.112023
-0.008057 -0.002142 0.112023 0.048111
17.792895 1.327983 19.996976 2.087504
0.518570 0.108057 -0.047770 -0.005603
0.108057 0.046293 -0.005832 -0.001640
-0.047770 -0.005832 0.524157 0.107648
-0.005603 -0.001640 0.107648 0.047022
18.048494 1.244525 21.251110 2.127889
0.510684 0.105969 -0.036097 -0.003692
0.105969 0.045804 -0.003902 -0.001267
-0.036097 -0.003902 0.509417 0.104790
-0.003692 -0.001267 0.104790 0.046346
18.736948 1.261131 22.788639 2.226222
0.504297 0.104442 -0.025928 -0.002161
0.104442 0.045491 -0.002351 -0.000979
-0.025928 -0.002351 0.498150 0.102827
-0.002161 -0.000979 0.102827 0.045905
19.038553 1.191647 23.636460 2.169449
0.498112 0.103129 -0.016917 -0.000902
0.103129 0.045255 -0.001063 -0.000742
-0.016917 -0.001063 0.490730 0.101744
-0.000902 -0.000742 0.101744 0.045667
19.750192 1.215105 24.576950 2.139870
0.492626 0.102089 -0.009748 -0.000026
0.102089 0.045095 -0.000159 -0.000578
-0.009748 -0.000159 0.486020 0.101218
-0.000026 -0.000578 0.101218 0.045545
20.474310 1.240063 25.924903 2.198349
0.487155 0.101141 -0.004454 0.000493
0.101141 0.044959 0.000388 -0.000476
-0.004454 0.000388 0.483974 0.101194
0.000493 -0.000476 0.101194 0.045519
20.821548 1.183465 27.132452 2.220570
0.481114 0.100140 -0.000829 0.000726
0.100140 0.044812 0.000648 -0.000417
-0.000829 0.000648 0.484595 0.101640
0.000726 -0.000417 0.101640 0.045577
21.701598 1.243338 27.839970 2.136205
0.474776 0.099138 0.001606 0.000793
0.099138 0.044664 0.000735 -0.000379
0.001606 0.000735 0.487209 0.102388
0.000793 -0.000379 0.102388 0.045683
22.675349 1.317162 29.153978 2.187994
0.468859 0.098273 0.001800 0.000479
0.098273 0.044539 0.000433 -0.000408
0.001800 0.000433 0.490725 0.103198
0.000479 -0.000408 0.103198 0.045787
23.027685 1.252659 30.378977 2.215626
0.462383 0.097316 -0.000287 -0.000202
0.097316 0.044388 -0.000244 -0.000500
-0.000287 -0.000244 0.495998 0.104264
-0.000202 -0.000500 0.104264 0.045936
23.699762 1.262658 30.929830 2.098705
0.455601 0.096320 -0.002973 -0.000879
0.096320 0.044222 -0.000924 -0.000576
-0.002973 -0.000924 0.502726 0.105514
-0.000879 -0.000576 0.105514 0.046116
23.897175 1.170470 32.001919 2.103715
0.450048 0.095605 -0.006793 -0.001682
0.095605 0.044108 -0.001737 -0.000672
-0.006793 -0.001737 0.508982 0.106546
-0.001682 -0.000672 0.106546 0.046244
24.826288 1.243926 32.888245 2.069051
0.444376 0.094851 -0.010345 -0.002325
0.094851 0.043973 -0.002391 -0.000730
-0.010345 -0.002391 0.516245 0.107707
-0.002325 -0.000730 0.107707 0.046401
26.115043 1.386922 33.850239 2.053964
0.439427 0.094238 -0.015466 -0.003224
0.094238 0.043858 -0.003311 -0.000844
-0.015466 -0.003311 0.523549 0.108796
-0.003224 -0.000844 0.108796 0.046547
26.473661 1.314629 34.593895 1.995174
0.435360 0.093783 -0.022669 -0.004472
0.093783 0.043766 -0.004597 -0.001035
-0.022669 -0.004597 0.530858 0.109826
-0.004472 -0.001035 0.109826 0.046685
27.134851 1.316913 36.731280 2.229945
0.431792 0.093393 -0.028822 -0.005403
0.093393 0.043675 -0.005554 -0.001155
-0.028822 -0.005554 0.538097 0.110797
-0.005403 -0.001155 0.110797 0.046820
27.764801 1.310154 37.575547 2.174383
0.427222 0.092740 -0.032970 -0.005875
0.092740 0.043518 -0.006018 -0.001180
-0.032970 -0.006018 0.547066 0.112097
-0.005875 -0.001180 0.112097 0.047030
28.357942 1.295778 38.362710 2.112988
0.423640 0.092288 -0.036003 -0.006122
0.092288 0.043403 -0.006246 -0.001174
-0.036003 -0.006246 0.554662 0.113066
-0.006122 -0.001174 0.113066 0.047176
29.020420 1.300906 39.952914 2.221408
0.420993 0.092011 -0.037688 -0.006122
0.092011 0.043321 -0.006217 -0.001134
-0.037688 -0.006217 0.560517 0.113673
-0.006122 -0.001134 0.113673 0.047258
29.568604 1.276685 40.646646 2.136694
0.419916 0.092049 -0.035649 -0.005417
0.092049 0.043304 -0.005446 -0.000961
-0.035649 -0.005446 0.562214 0.113484
-0.005417 -0.000961 0.113484 0.047197
30.238625 1.284348 41.865299 2.167107
0.420137 0.092309 -0.032490 -0.004596
0.092309 0.043328 -0.004567 -0.000792
-0.032490 -0.004567 0.561135 0.112844
-0.004596 -0.000792 0.112844 0.047070
30.836448 1.271871 42.377928 2.052234
0.423292 0.093147 -0.027062 -0.003420
0.093147 0.043471 -0.003338 -0.000571
-0.027062 -0.003338 0.554179 0.111170
-0.003420 -0.000571 0.111170 0.046764
31.207109 1.212899 43.290132 2.028153
0.427673 0.094129 -0.021732 -0.002390
0.094129 0.043629 -0.002280 -0.000402
-0.021732 -0.002280 0.545499 0.109364
-0.002390 -0.000402 0.109364 0.046465
31.582792 1.160402 43.898516 1.945689
0.434841 0.095603 -0.016247 -0.001418
0.095603 0.043884 -0.001308 -0.000259
-0.016247 -0.001308 0.532959 0.106978
-0.001418 -0.000259 0.106978 0.046073
32.415743 1.213819 44.329538 1.837469
0.443503 0.097247 -0.011597 -0.000688
0.097247 0.044160 -0.000600 -0.000170
-0.011597 -0.000600 0.519370 0.104592
-0.000688 -0.000170 0.104592 0.045703
33.229571 1.258601 45.116289 1.811389
0.453895 0.099117 -0.008072 -0.000225
0.099117 0.044474 -0.000177 -0.000134
-0.008072 -0.000177 0.504838 0.102190
-0.000225 -0.000134 0.102190 0.045338
33.811845 1.248987 46.260025 1.859793
0.468276 0.101697 -0.006533 -0.000170
0.101697 0.044933 -0.000190 -0.000174
-0.006533 -0.000190 0.487374 0.099328
-0.000170 -0.000174 0.099328 0.044880
34.509961 1.263027 46.258907 1.668500
0.487455 0.105104 -0.008352 -0.000768
0.105104 0.045552 -0.000879 -0.000338
-0.008352 -0.000879 0.467659 0.096144
-0.000768 -0.000338 0.096144 0.044353
34.904641 1.213298 47.636167 1.780986
0.505635 0.108029 -0.011387 -0.001541
0.108029 0.046042 -0.001702 -0.000508
-0.011387 -0.001702 0.451757 0.093886
-0.001541 -0.000508 0.093886 0.044013
35.741775 1.262363 48.739941 1.826200
0.528162 0.111685 -0.018541 -0.003083
0.111685 0.046680 -0.003279 -0.000818
-0.018541 -0.003279 0.435602 0.091588
-0.003083 -0.000818 0.091588 0.043636
