-0.144537 0.904278 4.497195 0.906870
41.463505 16.585761 -56.479068 -22.592117
16.585761 86.638515 -22.592117 -9.037042
-56.479068 -22.592117 80.538224 32.215988
-22.592117 -9.037042 32.215988 92.890741
1.788106 2.607044 4.359340 1.288087
70.195152 42.430925 -87.708641 -39.355828
42.430925 46.697352 -51.052774 -43.295863
-87.708641 -51.052774 112.652395 52.120632
-39.355828 -43.295863 52.120632 59.491851
1.284547 1.701204 7.294507 2.344809
113.127273 60.994482 -126.318928 -51.728788
60.994482 44.078519 -67.528550 -41.252530
-126.318928 -67.528550 143.357594 59.707129
-51.728788 -41.252530 59.707129 45.304711
1.904082 1.585639 9.280787 2.942738
47.084639 21.355708 -61.285477 -28.548684
21.355708 16.527185 -27.847139 -21.676606
-61.285477 -27.847139 82.177133 39.307390
-28.548684 -21.676606 39.307390 31.209035
3.587482 1.949109 9.585264 2.457893
34.118515 13.862563 -51.260164 -22.883517
13.862563 10.074736 -20.803717 -14.915251
-51.260164 -20.803717 79.505714 36.018185
-22.883517 -14.915251 36.018185 24.022859
4.221338 1.662024 9.840174 2.060774
46.999717 17.562569 -71.773068 -28.345363
17.562569 9.540268 -26.584375 -14.256023
-71.773068 -26.584375 111.805493 44.173711
-28.345363 -14.256023 44.173711 22.497812
7.026074 2.050212 6.102134 0.573105
60.248449 20.269998 -91.415557 -31.644118
20.269998 8.870764 -30.452817 -13.139453
-91.415557 -30.452817 140.654254 48.509410
-31.644118 -13.139453 48.509410 20.210781
5.571743 1.327671 10.261740 1.736411
11.680235 4.207586 -13.537196 -4.664800
4.207586 2.961447 -4.653780 -3.461439
-13.537196 -4.653780 16.994049 5.632365
-4.664800 -3.461439 5.632365 4.375130
7.568291 1.790713 9.697965 1.248923
13.221866 4.433715 -16.382203 -5.406370
4.433715 2.503165 -5.401203 -3.097987
-16.382203 -5.401203 21.551528 7.027068
-5.406370 -3.097987 7.027068 4.088717
7.627391 1.521882 11.126245 1.503650
17.381671 5.427421 -20.903644 -6.461100
5.427421 2.433108 -6.485262 -2.959045
-20.903644 -6.485262 26.236206 8.075248
-6.461100 -2.959045 8.075248 3.797948
9.433687 1.817852 10.550193 1.127809
20.999619 5.951715 -26.008852 -7.354380
5.951715 2.239201 -7.361810 -2.791358
-26.008852 -7.361810 33.260352 9.416356
-7.354380 -2.791358 9.416356 3.646684
6.399248 0.804005 16.587298 2.552325
22.137866 5.690893 -26.093069 -6.660796
5.690893 1.888948 -6.707800 -2.254166
-26.093069 -6.707800 31.678124 8.117112
-6.660796 -2.254166 8.117112 2.832331
5.436113 0.482725 19.557690 2.953227
3.058506 0.723790 -4.091380 -0.984963
0.723790 0.508944 -0.983517 -0.660659
-4.091380 -0.983517 6.608791 1.650997
-0.984963 -0.660659 1.650997 1.003712
8.910145 1.292449 16.886823 1.914576
1.148521 0.287789 -1.640952 -0.413066
0.287789 0.340671 -0.412107 -0.434655
-1.640952 -0.412107 3.816349 0.977424
-0.413066 -0.434655 0.977424 0.713794
10.073000 1.452886 17.478216 1.785781
1.242521 0.372036 -2.011858 -0.571745
0.372036 0.318364 -0.582648 -0.416370
-2.011858 -0.582648 4.874157 1.299941
-0.571745 -0.416370 1.299941 0.705541
10.978885 1.513509 18.244319 1.734893
1.406134 0.434750 -2.499577 -0.700181
0.434750 0.290236 -0.726084 -0.389518
-2.499577 -0.726084 6.189969 1.594232
-0.700181 -0.389518 1.594232 0.687248
12.808586 1.874919 18.199931 1.398671
1.516005 0.449206 -2.916318 -0.760508
0.449206 0.251444 -0.791763 -0.345205
-2.916318 -0.791763 7.527521 1.799184
-0.760508 -0.345205 1.799184 0.645620
14.289697 2.050585 18.364085 1.223657
1.876148 0.523177 -3.713675 -0.897412
0.523177 0.237594 -0.950947 -0.334235
-3.713675 -0.950947 9.253411 2.075406
-0.897412 -0.334235 2.075406 0.637132
14.818415 1.934500 20.215467 1.480104
2.363140 0.615645 -4.588277 -1.030392
0.615645 0.233183 -1.110670 -0.328901
-4.588277 -1.110670 10.664158 2.255132
-1.030392 -0.328901 2.255132 0.616546
15.369941 1.832637 21.711772 1.639572
1.746541 0.405876 -3.618374 -0.730755
0.405876 0.154888 -0.739568 -0.211558
-3.618374 -0.739568 9.521231 1.792975
-0.730755 -0.211558 1.792975 0.453525
15.810072 1.726859 23.479260 1.820051
0.776459 0.173123 -1.532457 -0.292589
0.173123 0.091260 -0.214458 -0.092058
-1.532457 -0.214458 5.558537 0.911965
-0.292589 -0.092058 0.911965 0.248871
16.826769 1.760701 24.086793 1.764450
0.396834 0.107654 -0.356023 -0.088967
0.107654 0.074295 0.021855 -0.043500
-0.356023 0.021855 2.845032 0.404940
-0.088967 -0.043500 0.404940 0.145285
17.661762 1.747789 24.996865 1.773138
0.366693 0.114553 0.045820 -0.034401
0.114553 0.072912 0.088297 -0.028362
0.045820 0.088297 1.977385 0.256442
-0.034401 -0.028362 0.256442 0.112455
18.786181 1.797995 24.829288 1.594297
0.451412 0.142254 0.257572 -0.015693
0.142254 0.075803 0.111874 -0.021836
0.257572 0.111874 1.425821 0.172797
-0.015693 -0.021836 0.172797 0.093588
19.697842 1.801733 25.631479 1.593563
0.591321 0.175723 0.379983 -0.011337
0.175723 0.079303 0.120264 -0.018088
0.379983 0.120264 1.138207 0.134430
-0.011337 -0.018088 0.134430 0.083042
20.546546 1.792842 25.582120 1.449509
0.778259 0.214288 0.402835 -0.024088
0.214288 0.083682 0.106706 -0.018603
0.402835 0.106706 0.838972 0.099647
-0.024088 -0.018603 0.099647 0.074706
21.401770 1.789349 25.911691 1.375752
0.987686 0.251785 0.370882 -0.043925
0.251785 0.087437 0.085477 -0.020311
0.370882 0.085477 0.630617 0.081317
-0.043925 -0.020311 0.081317 0.069629
22.295956 1.781671 26.895822 1.440721
1.190462 0.282528 0.265225 -0.072830
0.282528 0.089565 0.052408 -0.023767
0.265225 0.052408 0.472022 0.074255
-0.072830 -0.023767 0.074255 0.067242
23.367051 1.816220 27.831861 1.474340
1.377595 0.305834 0.110226 -0.106150
0.305834 0.090180 0.014384 -0.027757
0.110226 0.014384 0.380000 0.079129
-0.106150 -0.027757 0.079129 0.067217
24.497282 1.854842 28.878533 1.533855
1.541820 0.321291 -0.077015 -0.140515
0.321291 0.089378 -0.024465 -0.031538
-0.077015 -0.024465 0.355887 0.094599
-0.140515 -0.031538 0.094599 0.069006
25.522470 1.873774 29.643086 1.527372
1.703380 0.333855 -0.279424 -0.174112
0.333855 0.088273 -0.060599 -0.034767
-0.279424 -0.060599 0.391990 0.117510
-0.174112 -0.034767 0.117510 0.071777
26.872171 1.947458 30.638672 1.570737
1.872966 0.345789 -0.494411 -0.206945
0.345789 0.087280 -0.093865 -0.037522
-0.494411 -0.093865 0.478938 0.145577
-0.206945 -0.037522 0.145577 0.075052
27.074980 1.811241 31.069719 1.496777
2.032558 0.353932 -0.723757 -0.238837
0.353932 0.085802 -0.124906 -0.039841
-0.723757 -0.124906 0.615276 0.178608
-0.238837 -0.039841 0.178608 0.078868
28.078209 1.826455 31.715232 1.469221
2.286734 0.376551 -0.971550 -0.272213
0.376551 0.086988 -0.154880 -0.042261
-0.971550 -0.154880 0.777771 0.210377
-0.272213 -0.042261 0.210377 0.081672
28.905745 1.812419 32.463534 1.472328
2.544025 0.396433 -1.242942 -0.306081
0.396433 0.087611 -0.184560 -0.044561
-1.242942 -0.184560 0.983399 0.245705
-0.306081 -0.044561 0.245705 0.084886
29.792625 1.808850 33.189082 1.469361
2.836522 0.419120 -1.540921 -0.340773
0.419120 0.088635 -0.214602 -0.046862
-1.540921 -0.214602 1.225032 0.282296
-0.340773 -0.046862 0.282296 0.087909
30.495214 1.768375 33.755114 1.422998
3.155154 0.442804 -1.866872 -0.376267
0.442804 0.089719 -0.245114 -0.049149
-1.866872 -0.245114 1.505081 0.320547
-0.376267 -0.049149 0.320547 0.090903
31.432006 1.793589 34.799974 1.504103
3.507859 0.468630 -2.223025 -0.412496
0.468630 0.091033 -0.276513 -0.051448
-2.223025 -0.276513 1.821540 0.359663
-0.412496 -0.051448 0.359663 0.093709
32.196140 1.790783 35.892639 1.577662
3.910002 0.498786 -2.612789 -0.449283
0.498786 0.092881 -0.309576 -0.053807
-2.612789 -0.309576 2.169480 0.398248
-0.449283 -0.053807 0.398248 0.096066
32.807610 1.729137 36.441094 1.510778
4.377495 0.535659 -3.034158 -0.485073
0.535659 0.095588 -0.344737 -0.056153
-3.034158 -0.344737 2.534375 0.433246
-0.485073 -0.056153 0.433246 0.097452
33.531493 1.725274 37.488492 1.567711
4.883286 0.574128 -3.487928 -0.521268
0.574128 0.098298 -0.381067 -0.058483
-3.487928 -0.381067 2.929540 0.468234
-0.521268 -0.058483 0.468234 0.098769
34.043432 1.651771 38.046713 1.500905
5.446221 0.617631 -3.967183 -0.555311
0.617631 0.101564 -0.418866 -0.060675
-3.967183 -0.418866 3.332424 0.498866
-0.555311 -0.060675 0.498866 0.099249
35.101471 1.671450 38.547064 1.461990
6.053369 0.663227 -4.476131 -0.589093
0.663227 0.104886 -0.457699 -0.062807
-4.476131 -0.457699 3.755699 0.528381
-0.589093 -0.062807 0.528381 0.099609
36.134769 1.736793 39.713583 1.562388
6.657071 0.701464 -5.033845 -0.629404
0.701464 0.106840 -0.496031 -0.065136
-5.033845 -0.496031 4.258226 0.567912
-0.629404 -0.065136 0.567912 0.101734
36.790965 1.705835 40.538434 1.557952
7.310379 0.742661 -5.629078 -0.669872
0.742661 0.109075 -0.536013 -0.067449
-5.629078 -0.536013 4.791045 0.606870
-0.669872 -0.067449 0.606870 0.103620
37.229367 1.629657 41.200971 1.508531
8.020811 0.788069 -6.257882 -0.709207
0.788069 0.111753 -0.577797 -0.069693
-6.257882 -0.577797 5.342238 0.643305
-0.709207 -0.069693 0.643305 0.105007
38.290931 1.664776 41.901836 1.514644
8.789149 0.838063 -6.911899 -0.745918
0.838063 0.114918 -0.621042 -0.071782
-6.911899 -0.621042 5.896892 0.675334
-0.745918 -0.071782 0.675334 0.105704
39.138508 1.685077 42.872088 1.556032
9.567344 0.882165 -7.618634 -0.788907
0.882165 0.117046 -0.663460 -0.074019
-7.618634 -0.663460 6.531416 0.716253
-0.788907 -0.074019 0.716253 0.107720
39.811371 1.610151 43.086909 1.438830
10.398978 0.929213 -8.363879 -0.831664
0.929213 0.119437 -0.707467 -0.076222
-8.363879 -0.707467 7.194131 0.756206
-0.831664 -0.076222 0.756206 0.109483
40.269431 1.556409 43.815010 1.415388
11.212848 0.968122 -9.143169 -0.878562
0.968122 0.120714 -0.748569 -0.078366
-9.143169 -0.748569 7.926723 0.803382
-0.878562 -0.078366 0.803382 0.112221
