32.255088 0.406892 49.479712 2.047845
0.557473 0.116909 -0.035413 -0.005842
0.116909 0.047696 -0.006244 -0.001442
-0.035413 -0.006244 0.420440 0.089001
-0.005842 -0.001442 0.089001 0.043096
28.596773 -0.394933 49.736777 1.869295
0.569528 0.117774 -0.034171 -0.005333
0.117774 0.047685 -0.005730 -0.001262
-0.034171 -0.005730 0.413751 0.088845
-0.005333 -0.001262 0.088845 0.043165
24.922185 -1.111679 48.972384 1.485835
0.569068 0.116218 -0.028394 -0.003947
0.116218 0.047245 -0.004341 -0.000927
-0.028394 -0.004341 0.413384 0.089866
-0.003947 -0.000927 0.089866 0.043425
21.513765 -1.698210 47.172002 0.916090
0.558093 0.112906 -0.021632 -0.002522
0.112906 0.046546 -0.002889 -0.000619
-0.021632 -0.002889 0.418909 0.091882
-0.002522 -0.000619 0.091882 0.043834
18.736649 -2.096648 44.524551 0.224056
0.538483 0.108353 -0.015917 -0.001484
0.108353 0.045697 -0.001777 -0.000415
-0.015917 -0.001777 0.430447 0.094856
-0.001484 -0.000415 0.094856 0.044387
17.211282 -2.203053 41.058255 -0.566496
0.511925 0.102950 -0.010833 -0.000679
0.102950 0.044766 -0.000870 -0.000268
-0.010833 -0.000870 0.448740 0.098903
-0.000679 -0.000268 0.098903 0.045114
15.420130 -2.351720 36.939083 -1.410186
0.481947 0.097398 -0.001144 0.001095
0.097398 0.043872 0.000917 0.000072
-0.001144 0.000917 0.473840 0.103977
0.001095 0.000072 0.103977 0.046008
14.485150 -2.309372 32.119097 -2.304453
0.464318 0.094812 0.019349 0.005116
0.094812 0.043618 0.004767 0.000851
0.019349 0.004767 0.493109 0.107259
0.005116 0.000851 0.107259 0.046456
12.898408 -2.399548 26.693465 -3.223857
0.467829 0.096669 0.034566 0.007658
0.096669 0.044237 0.007246 0.001283
0.034566 0.007246 0.492015 0.105848
0.007658 0.001283 0.105848 0.045888
11.149453 -2.508372 21.393313 -4.010070
0.481268 0.100303 0.033778 0.006593
0.100303 0.045125 0.006307 0.000971
0.033778 0.006307 0.477361 0.101806
0.006593 0.000971 0.101806 0.044866
9.761386 -2.529713 17.038015 -4.509347
0.494902 0.103578 0.019286 0.002828
0.103578 0.045836 0.002724 0.000159
0.019286 0.002724 0.461547 0.098066
0.002828 0.000159 0.098066 0.044047
9.069305 -2.407297 14.010591 -4.675317
0.507269 0.106239 -0.003104 -0.002149
0.106239 0.046347 -0.002088 -0.000818
-0.003104 -0.002088 0.449880 0.095655
-0.002149 -0.000818 0.095655 0.043601
9.089403 -2.151362 11.536209 -4.707202
0.518383 0.108345 -0.029256 -0.007397
0.108345 0.046698 -0.007199 -0.001770
-0.029256 -0.007199 0.444419 0.094794
-0.007397 -0.001770 0.094794 0.043515
8.644901 -2.020678 10.101381 -4.510995
0.522691 0.108797 -0.059233 -0.012973
0.108797 0.046677 -0.012640 -0.002731
-0.059233 -0.012640 0.450566 0.096432
-0.012973 -0.002731 0.096432 0.043946
8.500174 -1.838430 9.215657 -4.215429
0.524164 0.108582 -0.087490 -0.017741
0.108582 0.046524 -0.017253 -0.003477
-0.087490 -0.017253 0.464077 0.099390
-0.017741 -0.003477 0.099390 0.044592
9.295887 -1.475749 8.522747 -3.903003
0.521056 0.107422 -0.111151 -0.021240
0.107422 0.046196 -0.020557 -0.003942
-0.111151 -0.020557 0.483624 0.103282
-0.021240 -0.003942 0.103282 0.045363
10.381681 -1.084128 8.126706 -3.554511
0.505784 0.103914 -0.122671 -0.022105
0.103914 0.045427 -0.021141 -0.003876
-0.122671 -0.021141 0.508624 0.108001
-0.022105 -0.003876 0.108001 0.046254
11.024215 -0.817968 8.029059 -3.183284
0.487587 0.100221 -0.123423 -0.020878
0.100221 0.044701 -0.019651 -0.003453
-0.123423 -0.019651 0.530409 0.111689
-0.020878 -0.003453 0.111689 0.046879
12.055317 -0.491305 8.220432 -2.787275
0.472710 0.097558 -0.120731 -0.019250
0.097558 0.044238 -0.017839 -0.003053
-0.120731 -0.017839 0.547610 0.114156
-0.019250 -0.003053 0.114156 0.047226
12.522748 -0.306053 9.087917 -2.303535
0.461102 0.095779 -0.115611 -0.017434
0.095779 0.043970 -0.015937 -0.002705
-0.115611 -0.015937 0.559736 0.115463
-0.017434 -0.002705 0.115463 0.047345
13.381794 -0.048773 10.516966 -1.753194
0.455565 0.095309 -0.112666 -0.016317
0.095309 0.043955 -0.014913 -0.002578
-0.112666 -0.014913 0.566084 0.115552
-0.016317 -0.002578 0.115552 0.047237
14.485398 0.222582 11.412477 -1.371594
0.454657 0.095774 -0.108742 -0.015159
0.095774 0.044106 -0.014009 -0.002486
-0.108742 -0.014009 0.564436 0.114167
-0.015159 -0.002486 0.114167 0.046886
15.518618 0.461348 13.135929 -0.865892
0.453972 0.096185 -0.101649 -0.013559
0.096185 0.044214 -0.012630 -0.002313
-0.101649 -0.012630 0.559168 0.112389
-0.013559 -0.002313 0.112389 0.046534
16.488539 0.651958 14.591241 -0.471380
0.455152 0.096910 -0.091505 -0.011529
0.096910 0.044370 -0.010840 -0.002065
-0.091505 -0.010840 0.548497 0.109864
-0.011529 -0.002065 0.109864 0.046097
16.969695 0.707063 15.734733 -0.189902
0.457033 0.097663 -0.079356 -0.009309
0.097663 0.044509 -0.008809 -0.001780
-0.079356 -0.008809 0.535901 0.107308
-0.009309 -0.001780 0.107308 0.045709
17.560645 0.792271 17.970217 0.285236
0.459863 0.098471 -0.067523 -0.007343
0.098471 0.044640 -0.006999 -0.001546
-0.067523 -0.006999 0.523342 0.105038
-0.007343 -0.001546 0.105038 0.045408
18.562579 0.939911 19.392229 0.552485
0.464272 0.099507 -0.054537 -0.005266
0.099507 0.044811 -0.005058 -0.001277
-0.054537 -0.005058 0.509547 0.102740
-0.005266 -0.001277 0.102740 0.045116
19.464833 1.049288 21.078573 0.844712
0.468001 0.100254 -0.041969 -0.003407
0.100254 0.044908 -0.003264 -0.001033
-0.041969 -0.003264 0.498473 0.101160
-0.003407 -0.001033 0.101160 0.044967
20.402342 1.145725 22.303095 1.013019
0.471120 0.100770 -0.030472 -0.001846
0.100770 0.044953 -0.001732 -0.000830
-0.030472 -0.001732 0.490028 0.100175
-0.001846 -0.000830 0.100175 0.044919
21.213391 1.205281 23.893436 1.238369
0.473200 0.100997 -0.021077 -0.000750
0.100997 0.044941 -0.000646 -0.000699
-0.021077 -0.000646 0.484498 0.099767
-0.000750 -0.000699 0.099767 0.044957
22.080061 1.271333 26.096030 1.568407
0.473977 0.100925 -0.013953 -0.000100
0.100925 0.044877 0.000002 -0.000632
-0.013953 0.000002 0.481626 0.099832
-0.000100 -0.000632 0.099832 0.045053
22.944848 1.323030 27.538952 1.706741
0.472333 0.100359 -0.009542 0.000053
0.100359 0.044724 0.000163 -0.000637
-0.009542 0.000163 0.482161 0.100490
0.000053 -0.000637 0.100490 0.045235
24.299340 1.473127 29.349908 1.909202
0.469070 0.099523 -0.008092 -0.000295
0.099523 0.044535 -0.000183 -0.000716
-0.008092 -0.000183 0.485030 0.101479
-0.000295 -0.000716 0.101479 0.045447
24.784546 1.422062 31.369967 2.132153
0.464082 0.098417 -0.010711 -0.001341
0.098417 0.044311 -0.001235 -0.000910
-0.010711 -0.001235 0.490448 0.102833
-0.001341 -0.000910 0.102833 0.045702
26.014826 1.531540 31.940172 2.028819
0.456751 0.096932 -0.014925 -0.002519
0.096932 0.044026 -0.002421 -0.001096
-0.014925 -0.002421 0.499320 0.104733
-0.002519 -0.001096 0.104733 0.046044
26.215616 1.411388 32.984092 2.034366
0.451361 0.095992 -0.021683 -0.004036
0.095992 0.043876 -0.003963 -0.001332
-0.021683 -0.003963 0.507122 0.106199
-0.004036 -0.001332 0.106199 0.046266
26.858410 1.398160 34.132672 2.061731
0.445722 0.095063 -0.027675 -0.005196
0.095063 0.043729 -0.005144 -0.001471
-0.027675 -0.005144 0.515989 0.107746
-0.005196 -0.001471 0.107746 0.046495
27.788780 1.448034 35.339941 2.098850
0.440266 0.094219 -0.033818 -0.006256
0.094219 0.043598 -0.006223 -0.001585
-0.033818 -0.006223 0.525592 0.109313
-0.006256 -0.001585 0.109313 0.046723
28.956186 1.544424 36.788694 2.182650
0.435244 0.093494 -0.040220 -0.007270
0.093494 0.043485 -0.007255 -0.001693
-0.040220 -0.007255 0.535669 0.110863
-0.007270 -0.001693 0.110863 0.046945
29.437271 1.481652 37.913367 2.188575
0.430453 0.092824 -0.045960 -0.008072
0.092824 0.043374 -0.008065 -0.001762
-0.045960 -0.008065 0.546142 0.112399
-0.008072 -0.001762 0.112399 0.047167
30.075352 1.461541 39.517459 2.292626
0.426154 0.092267 -0.048636 -0.008205
0.092267 0.043279 -0.008175 -0.001701
-0.048636 -0.008175 0.555174 0.113572
-0.008205 -0.001701 0.113572 0.047321
30.274727 1.344051 40.335525 2.223121
0.423069 0.091979 -0.046395 -0.007369
0.091979 0.043236 -0.007273 -0.001458
-0.046395 -0.007273 0.560061 0.113894
-0.007369 -0.001458 0.113894 0.047319
31.147807 1.386728 41.211718 2.176505
0.421729 0.092040 -0.041945 -0.006207
0.092040 0.043257 -0.006046 -0.001186
-0.041945 -0.006046 0.560994 0.113489
-0.006207 -0.001186 0.113489 0.047198
31.760011 1.370017 42.489622 2.214328
0.422755 0.092556 -0.035818 -0.004844
0.092556 0.043361 -0.004634 -0.000907
-0.035818 -0.004634 0.557183 0.112266
-0.004844 -0.000907 0.112266 0.046946
32.413316 1.364255 43.808868 2.256847
0.428369 0.093981 -0.027722 -0.003211
0.093981 0.043647 -0.002992 -0.000604
-0.027722 -0.002992 0.545346 0.109631
-0.003211 -0.000604 0.109631 0.046451
32.846026 1.309159 44.877625 2.243565
0.439906 0.096515 -0.020151 -0.001813
0.096515 0.044144 -0.001660 -0.000380
-0.020151 -0.001660 0.525877 0.105753
-0.001813 -0.000380 0.105753 0.045752
33.330112 1.269760 45.548724 2.151773
0.455555 0.099659 -0.015107 -0.001025
0.099659 0.044731 -0.000987 -0.000296
-0.015107 -0.000987 0.503872 0.101709
-0.001025 -0.000296 0.101709 0.045066
33.882230 1.252779 46.890288 2.205503
0.472990 0.102872 -0.012690 -0.000812
0.102872 0.045292 -0.000893 -0.000323
-0.012690 -0.000893 0.483168 0.098230
-0.000812 -0.000323 0.098230 0.044522
34.387895 1.225346 47.559426 2.116069
0.495407 0.106868 -0.014711 -0.001483
0.106868 0.045996 -0.001707 -0.000519
-0.014711 -0.001707 0.461334 0.094707
-0.001483 -0.000519 0.094707 0.043968
35.441664 1.319044 48.434268 2.079182
0.518610 0.110697 -0.019309 -0.002601
0.110697 0.046633 -0.002919 -0.000772
-0.019309 -0.002919 0.442865 0.092029
-0.002601 -0.000772 0.092029 0.043578
