1.188064 1.437330 1.485506 -0.297832
2.470482 0.988214 -0.052654 -0.021062
0.988214 80.399361 -0.021062 -0.008425
-0.052654 -0.021062 2.434012 0.973626
-0.021062 -0.008425 0.973626 80.393525
4.819504 6.541161 3.802749 4.034989
2.260087 3.951176 -0.058394 -0.091963
3.951176 15.298745 -0.091766 -0.294851
-0.058394 -0.091766 2.262760 3.963001
-0.091963 -0.294851 3.963001 15.226561
5.816941 3.909190 3.698525 1.582187
1.998132 2.309813 -0.034170 -0.035635
2.309813 4.562426 -0.035559 -0.077519
-0.034170 -0.035559 2.005410 2.314195
-0.035635 -0.077519 2.314195 4.541978
5.675656 2.142433 1.881574 -0.610603
1.709964 1.441122 -0.029222 -0.024394
1.441122 1.911699 -0.024371 -0.035847
-0.029222 -0.024371 1.718883 1.445059
-0.024394 -0.035847 1.445059 1.906035
6.250272 1.814107 2.296975 -0.135516
1.475326 0.974854 -0.029241 -0.019712
0.974854 0.976179 -0.019711 -0.020539
-0.029241 -0.019711 1.488082 0.980645
-0.019712 -0.020539 0.980645 0.976126
7.888291 2.211086 3.166329 0.372008
1.293271 0.702728 -0.026180 -0.014509
0.702728 0.567420 -0.014510 -0.011966
-0.026180 -0.014510 1.305284 0.707184
-0.014509 -0.011966 0.707184 0.567866
8.816609 2.128918 5.440383 1.333635
1.149469 0.530950 -0.021677 -0.010185
0.530950 0.361448 -0.010183 -0.007137
-0.021677 -0.010183 1.160705 0.534535
-0.010185 -0.007137 0.534535 0.362022
8.724183 1.663276 6.002486 1.291777
1.035238 0.416693 -0.017359 -0.007113
0.416693 0.247212 -0.007110 -0.004430
-0.017359 -0.007110 1.043457 0.418744
-0.007113 -0.004430 0.418744 0.247412
9.120896 1.507652 7.250594 1.506616
0.942092 0.336947 -0.014714 -0.005376
0.336947 0.179034 -0.005372 -0.002992
-0.014714 -0.005372 0.948052 0.338121
-0.005376 -0.002992 0.338121 0.179093
9.727076 1.459946 8.172718 1.561020
0.865218 0.279461 -0.012513 -0.004135
0.279461 0.136149 -0.004132 -0.002093
-0.012513 -0.004132 0.869272 0.280048
-0.004135 -0.002093 0.280048 0.136132
10.834909 1.571613 10.168303 1.919585
0.800932 0.236914 -0.010687 -0.003232
0.236914 0.108058 -0.003229 -0.001507
-0.010687 -0.003229 0.803724 0.237202
-0.003232 -0.001507 0.237202 0.108030
12.241569 1.741904 11.162266 1.928897
0.746910 0.204869 -0.008851 -0.002474
0.204869 0.089106 -0.002471 -0.001087
-0.008851 -0.002471 0.748582 0.204928
-0.002474 -0.001087 0.204928 0.089066
13.013403 1.716427 11.493457 1.766265
0.701043 0.180335 -0.007270 -0.001895
0.180335 0.076013 -0.001893 -0.000796
-0.007270 -0.001893 0.702188 0.180340
-0.001895 -0.000796 0.180340 0.075992
13.992111 1.745799 12.572949 1.814068
0.662036 0.161387 -0.006074 -0.001489
0.161387 0.066824 -0.001487 -0.000600
-0.006074 -0.001487 0.662980 0.161408
-0.001489 -0.000600 0.161408 0.066829
15.271742 1.840663 13.313811 1.775354
0.628928 0.146691 -0.005042 -0.001169
0.146691 0.060312 -0.001167 -0.000456
-0.005042 -0.001167 0.629712 0.146723
-0.001169 -0.000456 0.146723 0.060330
14.784780 1.523852 14.271301 1.791012
0.600807 0.135255 -0.004150 -0.000914
0.135255 0.055667 -0.000913 -0.000349
-0.004150 -0.000913 0.601559 0.135315
-0.000914 -0.000349 0.135315 0.055698
15.358866 1.482732 15.483597 1.860336
0.577133 0.126394 -0.003498 -0.000735
0.126394 0.052357 -0.000734 -0.000273
-0.003498 -0.000734 0.577666 0.126430
-0.000735 -0.000273 0.126430 0.052384
15.822413 1.423145 16.582678 1.896536
0.557232 0.119541 -0.002919 -0.000587
0.119541 0.050003 -0.000586 -0.000215
-0.002919 -0.000586 0.557548 0.119551
-0.000587 -0.000215 0.119551 0.050025
16.691771 1.456508 17.634768 1.918488
0.540604 0.114277 -0.002417 -0.000465
0.114277 0.048341 -0.000465 -0.000169
-0.002417 -0.000465 0.540723 0.114264
-0.000465 -0.000169 0.114264 0.048358
17.425705 1.457684 18.460291 1.890504
0.526800 0.110271 -0.001968 -0.000363
0.110271 0.047181 -0.000362 -0.000133
-0.001968 -0.000362 0.526791 0.110247
-0.000363 -0.000133 0.110247 0.047196
17.847035 1.393692 19.399026 1.889118
0.515454 0.107262 -0.001585 -0.000280
0.107262 0.046386 -0.000280 -0.000104
-0.001585 -0.000280 0.515370 0.107237
-0.000280 -0.000104 0.107237 0.046399
18.895290 1.466630 20.561020 1.934270
0.506244 0.105045 -0.001261 -0.000214
0.105045 0.045854 -0.000213 -0.000082
-0.001261 -0.000213 0.506102 0.105018
-0.000214 -0.000082 0.105018 0.045865
19.383931 1.415907 21.682508 1.966258
0.498852 0.103443 -0.000976 -0.000158
0.103443 0.045508 -0.000158 -0.000065
-0.000976 -0.000158 0.498696 0.103421
-0.000158 -0.000065 0.103421 0.045519
20.321574 1.463578 22.683211 1.969924
0.493010 0.102319 -0.000739 -0.000115
0.102319 0.045293 -0.000114 -0.000051
-0.000739 -0.000114 0.492861 0.102304
-0.000115 -0.000051 0.102304 0.045303
21.159694 1.485690 23.730203 1.982830
0.488460 0.101556 -0.000550 -0.000082
0.101556 0.045166 -0.000082 -0.000040
-0.000550 -0.000082 0.488350 0.101552
-0.000082 -0.000040 0.101552 0.045177
21.296149 1.359349 25.109406 2.063622
0.484977 0.101061 -0.000409 -0.000060
0.101061 0.045097 -0.000060 -0.000033
-0.000409 -0.000060 0.484934 0.101071
-0.000060 -0.000033 0.101071 0.045108
22.121770 1.389833 26.081636 2.051180
0.482353 0.100758 -0.000299 -0.000044
0.100758 0.045062 -0.000043 -0.000027
-0.000299 -0.000043 0.482413 0.100789
-0.000044 -0.000027 0.100789 0.045076
22.429728 1.308811 27.131209 2.056192
0.480414 0.100590 -0.000237 -0.000037
0.100590 0.045048 -0.000036 -0.000023
-0.000237 -0.000036 0.480606 0.100645
-0.000037 -0.000023 0.100645 0.045064
23.178301 1.328573 28.293507 2.084356
0.479004 0.100511 -0.000202 -0.000034
0.100511 0.045043 -0.000034 -0.000021
-0.000202 -0.000034 0.479362 0.100594
-0.000034 -0.000021 0.100594 0.045063
23.962949 1.353879 29.624691 2.145113
0.477990 0.100484 -0.000214 -0.000040
0.100484 0.045040 -0.000040 -0.000020
-0.000214 -0.000040 0.478555 0.100603
-0.000040 -0.000020 0.100603 0.045065
24.013819 1.222062 30.635502 2.132109
0.477255 0.100484 -0.000276 -0.000054
0.100484 0.045035 -0.000054 -0.000021
-0.000276 -0.000054 0.478087 0.100648
-0.000054 -0.000021 0.100648 0.045068
24.675203 1.232675 31.565625 2.103462
0.476721 0.100496 -0.000338 -0.000067
0.100496 0.045027 -0.000067 -0.000022
-0.000338 -0.000067 0.477863 0.100711
-0.000067 -0.000022 0.100711 0.045069
24.815561 1.132240 32.580721 2.095727
0.476335 0.100509 -0.000439 -0.000085
0.100509 0.045016 -0.000085 -0.000024
-0.000439 -0.000085 0.477802 0.100776
-0.000085 -0.000024 0.100776 0.045066
25.281949 1.111181 33.630221 2.096070
0.476026 0.100515 -0.000541 -0.000102
0.100515 0.045000 -0.000102 -0.000025
-0.000541 -0.000102 0.477867 0.100842
-0.000102 -0.000025 0.100842 0.045061
26.073351 1.161008 34.914068 2.145855
0.475761 0.100509 -0.000670 -0.000124
0.100509 0.044982 -0.000124 -0.000028
-0.000670 -0.000124 0.478018 0.100902
-0.000124 -0.000028 0.100902 0.045054
26.560365 1.141226 35.536423 2.050732
0.475499 0.100489 -0.000862 -0.000157
0.100489 0.044960 -0.000157 -0.000033
-0.000862 -0.000157 0.478238 0.100959
-0.000157 -0.000033 0.100959 0.045047
27.151571 1.145571 36.447306 2.026566
0.475278 0.100467 -0.001064 -0.000189
0.100467 0.044939 -0.000190 -0.000039
-0.001064 -0.000190 0.478453 0.101000
-0.000189 -0.000039 0.101000 0.045037
27.264806 1.048396 37.283620 1.989168
0.475055 0.100435 -0.001297 -0.000227
0.100435 0.044918 -0.000227 -0.000045
-0.001297 -0.000227 0.478681 0.101034
-0.000227 -0.000045 0.101034 0.045027
27.440151 0.974635 38.287689 1.991126
0.474813 0.100395 -0.001507 -0.000258
0.100395 0.044896 -0.000258 -0.000050
-0.001507 -0.000258 0.478926 0.101065
-0.000258 -0.000050 0.101065 0.045019
27.943196 0.977932 39.096467 1.951721
0.474534 0.100343 -0.001710 -0.000286
0.100343 0.044874 -0.000286 -0.000054
-0.001710 -0.000286 0.479199 0.101098
-0.000286 -0.000054 0.101098 0.045013
28.939279 1.085144 39.923625 1.920453
0.474252 0.100290 -0.001940 -0.000320
0.100290 0.044854 -0.000320 -0.000060
-0.001940 -0.000320 0.479464 0.101126
-0.000320 -0.000060 0.101126 0.045009
29.650801 1.120871 40.866436 1.916819
0.473986 0.100241 -0.002258 -0.000371
0.100241 0.044836 -0.000371 -0.000070
-0.002258 -0.000371 0.479703 0.101147
-0.000371 -0.000070 0.101147 0.045004
30.239227 1.126795 41.841544 1.920346
0.473707 0.100190 -0.002623 -0.000430
0.100190 0.044819 -0.000430 -0.000081
-0.002623 -0.000430 0.479948 0.101170
-0.000430 -0.000081 0.101170 0.045002
31.324218 1.237078 42.648229 1.888158
0.473406 0.100135 -0.003018 -0.000493
0.100135 0.044803 -0.000493 -0.000093
-0.003018 -0.000493 0.480213 0.101198
-0.000493 -0.000093 0.101198 0.045003
31.628133 1.170595 43.804430 1.932738
0.473139 0.100090 -0.003499 -0.000571
0.100090 0.044790 -0.000572 -0.000108
-0.003499 -0.000572 0.480444 0.101220
-0.000571 -0.000108 0.101220 0.045003
32.592604 1.250553 44.120669 1.795956
0.472803 0.100030 -0.003969 -0.000644
0.100030 0.044775 -0.000644 -0.000122
-0.003969 -0.000644 0.480749 0.101258
-0.000644 -0.000122 0.101258 0.045009
32.879385 1.178912 44.988745 1.789501
0.472574 0.099996 -0.004473 -0.000721
0.099996 0.044766 -0.000722 -0.000136
-0.004473 -0.000722 0.480950 0.101275
-0.000721 -0.000136 0.101275 0.045010
33.781393 1.245434 46.586913 1.937759
0.472305 0.099953 -0.004943 -0.000789
0.099953 0.044755 -0.000789 -0.000149
-0.004943 -0.000789 0.481197 0.101304
-0.000789 -0.000149 0.101304 0.045015
34.217645 1.205976 47.572406 1.941143
0.471937 0.099890 -0.005539 -0.000882
0.099890 0.044741 -0.000883 -0.000167
-0.005539 -0.000883 0.481562 0.101359
-0.000882 -0.000167 0.101359 0.045026
34.950853 1.233413 48.348601 1.900327
0.471544 0.099824 -0.006123 -0.000969
0.099824 0.044726 -0.000970 -0.000184
-0.006123 -0.000970 0.481962 0.101420
-0.000969 -0.000184 0.101420 0.045038
