5.669541 3.229960 -1.079880 -1.324008
2.575399 1.030182 -0.261185 -0.104476
1.030182 80.416148 -0.104476 -0.041791
-0.261185 -0.104476 2.388565 0.955447
-0.104476 -0.041791 0.955447 80.386254
6.473827 1.858823 -0.004029 1.709069
2.173203 3.775257 -0.240760 -0.373695
3.775257 15.239759 -0.364463 -1.306965
-0.240760 -0.364463 2.410131 4.226339
-0.373695 -1.306965 4.226339 15.554423
6.651015 0.985817 1.672226 2.643399
1.946171 2.272602 -0.206719 -0.227597
2.272602 4.589356 -0.226258 -0.442406
-0.206719 -0.226258 2.105570 2.401416
-0.227597 -0.442406 2.401416 4.606096
7.731189 1.477945 0.174070 0.298756
1.688903 1.437769 -0.169504 -0.139765
1.437769 1.929111 -0.139324 -0.188375
-0.169504 -0.139324 1.775105 1.476100
-0.139765 -0.188375 1.476100 1.925490
7.259641 0.673340 1.973847 1.377890
1.444403 0.961863 -0.147216 -0.096691
0.961863 0.974031 -0.096517 -0.098365
-0.147216 -0.096517 1.551039 1.013846
-0.096691 -0.098365 1.013846 0.998213
6.954460 0.323185 5.237949 2.763376
1.273960 0.697085 -0.127472 -0.069286
0.697085 0.566981 -0.069189 -0.056785
-0.127472 -0.069189 1.350910 0.726698
-0.069286 -0.056785 0.726698 0.579588
8.500228 0.966341 6.745207 2.820121
1.147214 0.533013 -0.104745 -0.048564
0.533013 0.363458 -0.048449 -0.034053
-0.104745 -0.048449 1.181748 0.541047
-0.048564 -0.034053 0.541047 0.366336
9.314791 1.100271 8.309729 2.881686
1.036822 0.419053 -0.083703 -0.034002
0.419053 0.248443 -0.033885 -0.021270
-0.083703 -0.033885 1.055010 0.421735
-0.034002 -0.021270 0.421735 0.249917
11.255708 1.599022 9.659995 2.848648
0.945420 0.339041 -0.067329 -0.024507
0.339041 0.179752 -0.024408 -0.013994
-0.067329 -0.024408 0.953985 0.339509
-0.024507 -0.013994 0.339509 0.180735
11.752685 1.501852 9.521083 2.345616
0.867295 0.280547 -0.053108 -0.017638
0.280547 0.136352 -0.017559 -0.009443
-0.053108 -0.017559 0.873484 0.281216
-0.017638 -0.009443 0.281216 0.137469
12.249134 1.426467 10.817644 2.382320
0.801305 0.237183 -0.044265 -0.013603
0.237183 0.107965 -0.013546 -0.006790
-0.044265 -0.013546 0.808149 0.238606
-0.013603 -0.006790 0.238606 0.109224
12.902436 1.410410 11.334641 2.197623
0.746744 0.204857 -0.037082 -0.010640
0.204857 0.088944 -0.010599 -0.004996
-0.037082 -0.010599 0.752461 0.206214
-0.010640 -0.004996 0.206214 0.090036
12.677160 1.171161 12.341875 2.174594
0.700429 0.180149 -0.031521 -0.008501
0.180149 0.075829 -0.008472 -0.003766
-0.031521 -0.008472 0.705775 0.181534
-0.008501 -0.003766 0.181534 0.076787
12.773919 1.052032 13.463725 2.183236
0.661953 0.161313 -0.027301 -0.006951
0.161313 0.066694 -0.006929 -0.002905
-0.027301 -0.006929 0.665527 0.162305
-0.006951 -0.002905 0.162305 0.067429
13.272201 1.045466 14.926462 2.269869
0.629620 0.146781 -0.023668 -0.005705
0.146781 0.060241 -0.005689 -0.002263
-0.023668 -0.005689 0.631070 0.147307
-0.005705 -0.002263 0.147307 0.060766
14.265407 1.151374 15.459911 2.134260
0.602293 0.135500 -0.020141 -0.004609
0.135500 0.055645 -0.004597 -0.001757
-0.020141 -0.004597 0.601741 0.135614
-0.004609 -0.001757 0.135614 0.056002
14.711269 1.122944 16.050487 2.029744
0.578731 0.126633 -0.017067 -0.003715
0.126633 0.052343 -0.003708 -0.001371
-0.017067 -0.003708 0.577429 0.126631
-0.003715 -0.001371 0.126631 0.052617
15.613337 1.196032 17.580267 2.140445
0.558830 0.119759 -0.014495 -0.003008
0.119759 0.049994 -0.003003 -0.001079
-0.014495 -0.003003 0.557075 0.119693
-0.003008 -0.001079 0.119693 0.050205
15.985764 1.148203 18.006049 2.003915
0.542180 0.114478 -0.011929 -0.002357
0.114478 0.048337 -0.002355 -0.000837
-0.011929 -0.002355 0.540054 0.114352
-0.002357 -0.000837 0.114352 0.048494
16.079460 1.047736 18.934236 1.988256
0.528319 0.110453 -0.009856 -0.001858
0.110453 0.047182 -0.001858 -0.000657
-0.009856 -0.001858 0.526019 0.110300
-0.001858 -0.000657 0.110300 0.047298
16.808831 1.090382 19.779866 1.957390
0.517023 0.107453 -0.008064 -0.001451
0.107453 0.046396 -0.001452 -0.000516
-0.008064 -0.001452 0.514417 0.107236
-0.001451 -0.000516 0.107236 0.046469
17.257482 1.070392 20.794747 1.964867
0.507753 0.105223 -0.006465 -0.001108
0.105223 0.045867 -0.001109 -0.000404
-0.006465 -0.001109 0.505102 0.104993
-0.001108 -0.000404 0.104993 0.045914
17.771455 1.065806 21.350722 1.876271
0.500291 0.103609 -0.005039 -0.000819
0.103609 0.045525 -0.000821 -0.000314
-0.005039 -0.000821 0.497675 0.103378
-0.000819 -0.000314 0.103378 0.045550
17.934835 0.989453 22.877122 1.998409
0.494333 0.102465 -0.003857 -0.000594
0.102465 0.045310 -0.000597 -0.000245
-0.003857 -0.000597 0.491883 0.102255
-0.000594 -0.000245 0.102255 0.045322
18.616217 1.028233 23.928100 2.009258
0.489659 0.101684 -0.002729 -0.000389
0.101684 0.045184 -0.000391 -0.000186
-0.002729 -0.000391 0.487433 0.101500
-0.000389 -0.000186 0.101500 0.045186
19.302896 1.064111 24.791826 1.979906
0.485945 0.101149 -0.001777 -0.000227
0.101149 0.045110 -0.000229 -0.000140
-0.001777 -0.000229 0.484194 0.101042
-0.000227 -0.000140 0.101042 0.045115
20.306856 1.162690 26.260735 2.080183
0.483018 0.100796 -0.001034 -0.000111
0.100796 0.045069 -0.000113 -0.000106
-0.001034 -0.000113 0.481933 0.100798
-0.000111 -0.000106 0.100798 0.045084
20.630341 1.108757 27.399286 2.100785
0.480596 0.100542 -0.000507 -0.000040
0.100542 0.045040 -0.000042 -0.000083
-0.000507 -0.000042 0.480574 0.100728
-0.000040 -0.000083 0.100728 0.045083
21.327397 1.138686 28.604441 2.133292
0.478631 0.100368 -0.000113 0.000006
0.100368 0.045019 0.000005 -0.000066
-0.000113 0.000005 0.479859 0.100764
0.000006 -0.000066 0.100764 0.045095
21.931181 1.145924 29.445651 2.085884
0.476948 0.100229 0.000062 0.000012
0.100229 0.044997 0.000011 -0.000058
0.000062 0.000011 0.479702 0.100880
0.000012 -0.000058 0.100880 0.045114
23.048679 1.260596 30.032898 1.989924
0.475552 0.100125 0.000037 -0.000015
0.100125 0.044975 -0.000017 -0.000057
0.000037 -0.000017 0.479887 0.101026
-0.000015 -0.000057 0.101026 0.045133
23.898106 1.306822 30.845552 1.951501
0.474450 0.100056 -0.000323 -0.000105
0.100056 0.044954 -0.000106 -0.000067
-0.000323 -0.000106 0.480231 0.101168
-0.000105 -0.000067 0.101168 0.045146
24.381089 1.270827 31.892517 1.966522
0.473505 0.099993 -0.000912 -0.000228
0.099993 0.044930 -0.000229 -0.000085
-0.000912 -0.000229 0.480736 0.101311
-0.000228 -0.000085 0.101311 0.045156
25.414921 1.355038 33.309277 2.057868
0.472555 0.099904 -0.001605 -0.000359
0.099904 0.044898 -0.000360 -0.000102
-0.001605 -0.000360 0.481466 0.101473
-0.000359 -0.000102 0.101473 0.045168
26.083979 1.353246 34.208308 2.030494
0.471484 0.099772 -0.002666 -0.000554
0.099772 0.044855 -0.000556 -0.000133
-0.002666 -0.000556 0.482476 0.101670
-0.000554 -0.000133 0.101670 0.045187
26.492584 1.296514 35.513558 2.091551
0.470454 0.099637 -0.003860 -0.000761
0.099637 0.044812 -0.000764 -0.000165
-0.003860 -0.000764 0.483542 0.101854
-0.000761 -0.000165 0.101854 0.045203
26.925395 1.250916 36.835666 2.149675
0.469217 0.099450 -0.005118 -0.000966
0.099450 0.044758 -0.000969 -0.000197
-0.005118 -0.000969 0.484894 0.102081
-0.000966 -0.000197 0.102081 0.045230
27.466259 1.232584 36.913263 1.939853
0.467775 0.099217 -0.006457 -0.001176
0.099217 0.044697 -0.001180 -0.000230
-0.006457 -0.001180 0.486515 0.102346
-0.001176 -0.000230 0.102346 0.045265
27.779029 1.168112 37.809001 1.924089
0.466788 0.099084 -0.007729 -0.001362
0.099084 0.044659 -0.001366 -0.000258
-0.007729 -0.001366 0.487672 0.102494
-0.001362 -0.000258 0.102494 0.045276
28.310740 1.156804 38.519085 1.871143
0.465714 0.098926 -0.008967 -0.001534
0.098926 0.044616 -0.001539 -0.000285
-0.008967 -0.001539 0.488940 0.102662
-0.001534 -0.000285 0.102662 0.045296
29.372060 1.259624 39.623466 1.907010
0.464703 0.098780 -0.010279 -0.001720
0.098780 0.044577 -0.001725 -0.000317
-0.010279 -0.001725 0.490162 0.102817
-0.001720 -0.000317 0.102817 0.045315
29.959745 1.250522 40.453908 1.881170
0.463671 0.098626 -0.012065 -0.002001
0.098626 0.044537 -0.002009 -0.000370
-0.012065 -0.002009 0.491476 0.102990
-0.002001 -0.000370 0.102990 0.045340
30.805906 1.297406 41.289237 1.859432
0.462651 0.098472 -0.013918 -0.002286
0.098472 0.044497 -0.002295 -0.000423
-0.013918 -0.002295 0.492821 0.103168
-0.002286 -0.000423 0.103168 0.045369
31.728083 1.356330 42.636382 1.947186
0.461722 0.098337 -0.016006 -0.002610
0.098337 0.044462 -0.002622 -0.000485
-0.016006 -0.002622 0.494138 0.103338
-0.002610 -0.000485 0.103338 0.045398
32.099262 1.290240 43.261650 1.873820
0.460608 0.098159 -0.018484 -0.003005
0.098159 0.044418 -0.003020 -0.000562
-0.018484 -0.003020 0.495788 0.103577
-0.003005 -0.000562 0.103577 0.045443
32.938320 1.331524 44.156390 1.865435
0.459581 0.098002 -0.020729 -0.003336
0.098002 0.044380 -0.003352 -0.000623
-0.020729 -0.003352 0.497374 0.103798
-0.003336 -0.000623 0.103798 0.045484
33.865240 1.385722 44.456011 1.734031
0.458642 0.097863 -0.023191 -0.003704
0.097863 0.044346 -0.003723 -0.000694
-0.023191 -0.003723 0.498974 0.104017
-0.003704 -0.000694 0.104017 0.045525
34.981825 1.476314 45.344222 1.739634
0.458196 0.097827 -0.025742 -0.004080
0.097827 0.044333 -0.004104 -0.000767
-0.025742 -0.004104 0.500091 0.104134
-0.004080 -0.000767 0.104134 0.045546
35.331418 1.393865 46.413731 1.779984
0.457889 0.097808 -0.028683 -0.004529
0.097808 0.044322 -0.004561 -0.000856
-0.028683 -0.004561 0.501221 0.104259
-0.004529 -0.000856 0.104259 0.045570
36.351264 1.462579 47.199950 1.759535
0.457220 0.097700 -0.031429 -0.004926
0.097700 0.044291 -0.004960 -0.000933
-0.031429 -0.004960 0.502830 0.104491
-0.004926 -0.000933 0.104491 0.045619
