4.328811 2.693656 0.852300 -0.551120
2.490737 0.996316 -0.101026 -0.040411
0.996316 80.402602 -0.040411 -0.016165
-0.101026 -0.040411 2.420540 0.968237
-0.040411 -0.016165 0.968237 80.391370
9.997110 10.237470 0.088535 -1.368982
2.239431 3.910664 -0.095204 -0.147262
3.910664 15.277386 -0.146249 -0.513925
-0.095204 -0.146249 2.289024 4.011209
-0.147262 -0.513925 4.011209 15.274619
8.863571 2.995333 0.201765 -0.464514
1.952485 2.262117 -0.049016 -0.052072
2.262117 4.521197 -0.051513 -0.129756
-0.049016 -0.051513 2.054956 2.365811
-0.052072 -0.129756 2.365811 4.591564
7.725155 0.762655 2.577087 1.721339
1.678832 1.420873 -0.053401 -0.046402
1.420873 1.899925 -0.046335 -0.067974
-0.053401 -0.046335 1.754141 1.468709
-0.046402 -0.067974 1.468709 1.922204
7.855837 0.595341 4.757590 2.587853
1.463756 0.971205 -0.049736 -0.034181
0.971205 0.975439 -0.034156 -0.036203
-0.049736 -0.034156 1.502455 0.986163
-0.034181 -0.036203 0.986163 0.978821
8.139736 0.588271 5.306429 2.185371
1.291107 0.703647 -0.041645 -0.023493
0.703647 0.568132 -0.023461 -0.020063
-0.041645 -0.023461 1.309237 0.707275
-0.023493 -0.020063 0.707275 0.568093
8.402195 0.573874 5.858958 1.937065
1.150572 0.532411 -0.035641 -0.017074
0.532411 0.361868 -0.017050 -0.012231
-0.035641 -0.017050 1.161032 0.533780
-0.017074 -0.012231 0.533780 0.362164
9.868611 1.049278 6.141064 1.661259
1.036445 0.417527 -0.030921 -0.012884
0.417527 0.247195 -0.012867 -0.007962
-0.030921 -0.012867 1.043527 0.418464
-0.012884 -0.007962 0.418464 0.247804
10.521209 1.094811 7.749766 1.938682
0.941851 0.336921 -0.026273 -0.009703
0.336921 0.178699 -0.009690 -0.005337
-0.026273 -0.009690 0.949322 0.338546
-0.009703 -0.005337 0.338546 0.179671
11.170551 1.127798 8.424981 1.843873
0.864502 0.279176 -0.021977 -0.007311
0.279176 0.135794 -0.007301 -0.003668
-0.021977 -0.007301 0.870768 0.280609
-0.007311 -0.003668 0.280609 0.136648
11.483653 1.053639 9.376831 1.852754
0.799864 0.236503 -0.018602 -0.005647
0.236503 0.107731 -0.005640 -0.002614
-0.018602 -0.005640 0.805399 0.237814
-0.005647 -0.002614 0.237814 0.108468
11.612979 0.944640 10.542324 1.918302
0.745712 0.204437 -0.015908 -0.004451
0.204437 0.088830 -0.004446 -0.001918
-0.015908 -0.004446 0.750279 0.205515
-0.004451 -0.001918 0.205515 0.089423
12.478191 1.045642 11.716692 1.973586
0.700164 0.180014 -0.013685 -0.003557
0.180014 0.075810 -0.003553 -0.001438
-0.013685 -0.003553 0.703479 0.180783
-0.003557 -0.001438 0.180783 0.076255
13.579690 1.186624 12.175448 1.844958
0.661473 0.161163 -0.011616 -0.002821
0.161163 0.066677 -0.002818 -0.001085
-0.011616 -0.002818 0.663870 0.161725
-0.002821 -0.001085 0.161725 0.067020
13.952149 1.135230 14.227682 2.108338
0.628402 0.146490 -0.009838 -0.002245
0.146490 0.060194 -0.002243 -0.000828
-0.009838 -0.002243 0.630497 0.146996
-0.002245 -0.000828 0.146996 0.060482
13.856137 0.985935 15.484069 2.153762
0.600619 0.135145 -0.008168 -0.001757
0.135145 0.055588 -0.001756 -0.000631
-0.008168 -0.001756 0.601944 0.135480
-0.001757 -0.000631 0.135480 0.055802
13.936677 0.895637 16.457030 2.130930
0.577238 0.126355 -0.006801 -0.001385
0.126355 0.052306 -0.001384 -0.000487
-0.006801 -0.001384 0.577712 0.126510
-0.001385 -0.000487 0.126510 0.052454
14.622715 0.946631 17.121591 2.044970
0.557579 0.119557 -0.005668 -0.001097
0.119557 0.049973 -0.001096 -0.000381
-0.005668 -0.001096 0.557319 0.119568
-0.001097 -0.000381 0.119568 0.050070
15.127721 0.953309 18.072453 2.029833
0.541052 0.114314 -0.004703 -0.000866
0.114314 0.048322 -0.000866 -0.000299
-0.004703 -0.000866 0.540369 0.114254
-0.000866 -0.000299 0.114254 0.048389
15.600625 0.952450 18.786579 1.966846
0.527319 0.110321 -0.003856 -0.000676
0.110321 0.047170 -0.000676 -0.000235
-0.003856 -0.000676 0.526348 0.110217
-0.000676 -0.000235 0.110217 0.047216
16.287114 0.996218 19.915521 1.997195
0.516011 0.107321 -0.003136 -0.000524
0.107321 0.046381 -0.000525 -0.000186
-0.003136 -0.000525 0.514873 0.107195
-0.000524 -0.000186 0.107195 0.046411
17.250389 1.092711 21.013373 2.017914
0.506798 0.105103 -0.002479 -0.000393
0.105103 0.045852 -0.000394 -0.000146
-0.002479 -0.000394 0.505597 0.104973
-0.000393 -0.000146 0.104973 0.045872
17.893031 1.112698 22.170131 2.048604
0.499360 0.103493 -0.001893 -0.000283
0.103493 0.045508 -0.000283 -0.000114
-0.001893 -0.000283 0.498226 0.103382
-0.000283 -0.000114 0.103382 0.045524
18.956577 1.217972 23.533390 2.119097
0.493452 0.102357 -0.001385 -0.000193
0.102357 0.045294 -0.000193 -0.000088
-0.001385 -0.000193 0.492450 0.102273
-0.000193 -0.000088 0.102273 0.045306
20.029464 1.314371 24.570940 2.114594
0.488794 0.101576 -0.000960 -0.000122
0.101576 0.045165 -0.000123 -0.000068
-0.000960 -0.000123 0.488041 0.101538
-0.000122 -0.000068 0.101538 0.045180
20.156579 1.203969 25.692162 2.127859
0.485181 0.101060 -0.000644 -0.000076
0.101060 0.045093 -0.000076 -0.000054
-0.000644 -0.000076 0.484749 0.101078
-0.000076 -0.000054 0.101078 0.045113
20.667950 1.185060 26.903926 2.158749
0.482433 0.100739 -0.000388 -0.000040
0.100739 0.045057 -0.000041 -0.000043
-0.000388 -0.000041 0.482349 0.100813
-0.000040 -0.000043 0.100813 0.045082
21.655446 1.267737 28.002772 2.162848
0.480346 0.100548 -0.000205 -0.000019
0.100548 0.045040 -0.000019 -0.000035
-0.000205 -0.000019 0.480687 0.100690
-0.000019 -0.000035 0.100690 0.045073
22.296820 1.269314 29.200889 2.187341
0.478769 0.100443 -0.000135 -0.000018
0.100443 0.045031 -0.000018 -0.000032
-0.000135 -0.000018 0.479608 0.100664
-0.000018 -0.000032 0.100664 0.045075
22.853552 1.252934 30.238699 2.175597
0.477567 0.100388 -0.000146 -0.000031
0.100388 0.045024 -0.000031 -0.000031
-0.000146 -0.000031 0.478988 0.100701
-0.000031 -0.000031 0.100701 0.045082
23.179590 1.189684 30.785384 2.061690
0.476648 0.100361 -0.000223 -0.000053
0.100361 0.045015 -0.000053 -0.000032
-0.000223 -0.000053 0.478705 0.100773
-0.000053 -0.000032 0.100773 0.045089
24.229869 1.285709 31.820320 2.062544
0.475980 0.100357 -0.000327 -0.000076
0.100357 0.045005 -0.000077 -0.000033
-0.000327 -0.000077 0.478616 0.100852
-0.000076 -0.000033 0.100852 0.045091
24.712029 1.251792 32.841337 2.060384
0.475444 0.100351 -0.000559 -0.000123
0.100351 0.044990 -0.000123 -0.000040
-0.000559 -0.000123 0.478706 0.100937
-0.000123 -0.000040 0.100937 0.045092
25.161099 1.214438 33.851552 2.056169
0.474974 0.100335 -0.000834 -0.000173
0.100335 0.044971 -0.000173 -0.000046
-0.000834 -0.000173 0.478938 0.101025
-0.000173 -0.000046 0.101025 0.045091
26.388356 1.345497 34.802436 2.039902
0.474530 0.100304 -0.001142 -0.000226
0.100304 0.044947 -0.000226 -0.000053
-0.001142 -0.000226 0.479274 0.101112
-0.000226 -0.000053 0.101112 0.045089
26.982648 1.328907 35.847449 2.045184
0.474138 0.100268 -0.001617 -0.000310
0.100268 0.044923 -0.000310 -0.000067
-0.001617 -0.000310 0.479634 0.101186
-0.000310 -0.000067 0.101186 0.045085
27.439401 1.284969 36.882111 2.047706
0.473723 0.100216 -0.002138 -0.000397
0.100216 0.044896 -0.000397 -0.000081
-0.002138 -0.000397 0.480057 0.101259
-0.000397 -0.000081 0.101259 0.045082
28.276089 1.325982 37.432671 1.947933
0.473268 0.100148 -0.002677 -0.000482
0.100148 0.044866 -0.000483 -0.000095
-0.002677 -0.000483 0.480537 0.101333
-0.000482 -0.000095 0.101333 0.045081
28.908430 1.319376 37.916369 1.844575
0.472896 0.100092 -0.003278 -0.000577
0.100092 0.044842 -0.000578 -0.000110
-0.003278 -0.000578 0.480934 0.101382
-0.000577 -0.000110 0.101382 0.045076
29.260616 1.254294 38.892623 1.855849
0.472587 0.100047 -0.003886 -0.000668
0.100047 0.044821 -0.000669 -0.000126
-0.003886 -0.000669 0.481260 0.101413
-0.000668 -0.000126 0.101413 0.045070
29.784832 1.232686 40.283440 1.953315
0.472196 0.099980 -0.004488 -0.000755
0.099980 0.044797 -0.000757 -0.000140
-0.004488 -0.000757 0.481663 0.101459
-0.000755 -0.000140 0.101459 0.045069
30.660787 1.287675 41.280807 1.957803
0.471656 0.099881 -0.005170 -0.000857
0.099881 0.044768 -0.000859 -0.000159
-0.005170 -0.000859 0.482218 0.101536
-0.000857 -0.000159 0.101536 0.045077
31.085440 1.241422 42.556590 2.020162
0.471116 0.099786 -0.005977 -0.000983
0.099786 0.044742 -0.000984 -0.000182
-0.005977 -0.000984 0.482777 0.101612
-0.000983 -0.000182 0.101612 0.045086
31.957376 1.294564 43.445925 1.994931
0.470455 0.099668 -0.006812 -0.001110
0.099668 0.044712 -0.001112 -0.000206
-0.006812 -0.001112 0.483470 0.101713
-0.001110 -0.000206 0.101713 0.045101
32.127166 1.193290 44.340372 1.972886
0.469847 0.099566 -0.007755 -0.001256
0.099566 0.044688 -0.001258 -0.000234
-0.007755 -0.001258 0.484120 0.101802
-0.001256 -0.000234 0.101802 0.045115
32.848089 1.219410 45.080180 1.921158
0.469189 0.099457 -0.008598 -0.001377
0.099457 0.044663 -0.001378 -0.000257
-0.008598 -0.001378 0.484830 0.101902
-0.001377 -0.000257 0.101902 0.045132
33.724670 1.276123 46.152778 1.944971
0.468607 0.099368 -0.009503 -0.001508
0.099368 0.044643 -0.001510 -0.000282
-0.009503 -0.001510 0.485476 0.101987
-0.001508 -0.000282 0.101987 0.045146
34.690903 1.345407 46.836651 1.884747
0.468024 0.099279 -0.010558 -0.001670
0.099279 0.044624 -0.001672 -0.000314
-0.010558 -0.001672 0.486155 0.102079
-0.001670 -0.000314 0.102079 0.045162
35.904004 1.459462 47.291534 1.783130
0.467569 0.099219 -0.011721 -0.001849
0.099219 0.044610 -0.001852 -0.000350
-0.011721 -0.001852 0.486726 0.102147
-0.001849 -0.000350 0.102147 0.045175
36.390903 1.407194 47.693809 1.680122
0.467339 0.099204 -0.013019 -0.002051
0.099204 0.044606 -0.002056 -0.000390
-0.013019 -0.002056 0.487090 0.102174
-0.002051 -0.000390 0.102174 0.045179
