4.502891 2.763290 -1.945997 -1.670463
2.575399 1.030182 -0.261185 -0.104476
1.030182 80.416148 -0.104476 -0.041791
-0.261185 -0.104476 2.388565 0.955447
-0.104476 -0.041791 0.955447 80.386254
4.465725 0.317567 -1.781345 0.053143
2.177807 3.782600 -0.270213 -0.425306
3.782600 15.251383 -0.415505 -1.396419
-0.270213 -0.415505 2.418872 4.241021
-0.425306 -1.396419 4.241021 15.579038
6.303362 2.301262 0.555946 2.699304
1.951508 2.277643 -0.259820 -0.283889
2.277643 4.594678 -0.283214 -0.507437
-0.259820 -0.283214 2.125582 2.422642
-0.283889 -0.507437 2.422642 4.629828
6.208743 1.241160 1.969090 2.747594
1.680732 1.430245 -0.185043 -0.147725
1.430245 1.922810 -0.146961 -0.194692
-0.185043 -0.146961 1.791140 1.487599
-0.147725 -0.194692 1.487599 1.934790
7.527949 1.702711 1.768547 1.720483
1.464988 0.975926 -0.149997 -0.096415
0.975926 0.983878 -0.096044 -0.099359
-0.149997 -0.096044 1.529294 0.998268
-0.096415 -0.099359 0.998268 0.988082
8.894051 1.985150 3.729089 2.312639
1.279247 0.699353 -0.124842 -0.067288
0.699353 0.568059 -0.067055 -0.056961
-0.124842 -0.067055 1.343903 0.723314
-0.067288 -0.056961 0.723314 0.578520
8.789842 1.476018 5.203247 2.458930
1.136961 0.527805 -0.099433 -0.046237
0.527805 0.360989 -0.046045 -0.034012
-0.099433 -0.046045 1.190819 0.545715
-0.046237 -0.034012 0.545715 0.368994
8.955456 1.244974 5.732298 2.179438
1.026855 0.415055 -0.083035 -0.034159
0.415055 0.246952 -0.034013 -0.022127
-0.083035 -0.034013 1.065320 0.425995
-0.034159 -0.022127 0.425995 0.251840
8.592256 0.890833 7.480616 2.414759
0.935992 0.335907 -0.071971 -0.026592
0.335907 0.178785 -0.026487 -0.015298
-0.071971 -0.026487 0.965224 0.343426
-0.026592 -0.015298 0.343426 0.182212
8.601638 0.750007 8.184398 2.253229
0.863258 0.279586 -0.062729 -0.021046
0.279586 0.136185 -0.020961 -0.010913
-0.062729 -0.020961 0.880277 0.283182
-0.021046 -0.010913 0.283182 0.138119
9.394915 0.873814 9.520956 2.314786
0.801699 0.237604 -0.055571 -0.017072
0.237604 0.108190 -0.017006 -0.008042
-0.055571 -0.017006 0.810628 0.239107
-0.017072 -0.008042 0.239107 0.109378
9.848850 0.878438 10.781733 2.343080
0.749055 0.205699 -0.048202 -0.013663
0.205699 0.089229 -0.013611 -0.005958
-0.048202 -0.013611 0.752710 0.206109
-0.013663 -0.005958 0.206109 0.090024
10.374066 0.900604 11.836577 2.313053
0.704357 0.181272 -0.041562 -0.010945
0.181272 0.076139 -0.010906 -0.004470
-0.041562 -0.010906 0.703956 0.180961
-0.010945 -0.004470 0.180961 0.076667
11.324377 1.022439 13.319366 2.392542
0.666135 0.162354 -0.035748 -0.008797
0.162354 0.066945 -0.008769 -0.003397
-0.035748 -0.008769 0.662993 0.161657
-0.008797 -0.003397 0.161657 0.067308
11.535493 0.952489 14.446644 2.376398
0.633379 0.147609 -0.030142 -0.006963
0.147609 0.060417 -0.006944 -0.002580
-0.030142 -0.006944 0.628486 0.146736
-0.006963 -0.002580 0.146736 0.060675
13.190723 1.217493 15.422470 2.328887
0.605717 0.136176 -0.025437 -0.005540
0.136176 0.055774 -0.005528 -0.001984
-0.025437 -0.005528 0.599213 0.135121
-0.005540 -0.001984 0.135121 0.055934
13.843619 1.227167 16.634393 2.339331
0.581583 0.127132 -0.021043 -0.004331
0.127132 0.052428 -0.004325 -0.001521
-0.021043 -0.004325 0.575201 0.126251
-0.004331 -0.001521 0.126251 0.052574
15.105996 1.365720 17.240875 2.218588
0.561287 0.120146 -0.017219 -0.003356
0.120146 0.050054 -0.003354 -0.001170
-0.017219 -0.003354 0.555030 0.119380
-0.003356 -0.001170 0.119380 0.050174
16.136089 1.438795 18.120118 2.170056
0.543993 0.114716 -0.013981 -0.002586
0.114716 0.048368 -0.002587 -0.000906
-0.013981 -0.002587 0.538530 0.114166
-0.002586 -0.000906 0.114166 0.048486
17.372268 1.546987 19.602601 2.253880
0.529547 0.110571 -0.011202 -0.001967
0.110571 0.047193 -0.001971 -0.000703
-0.011202 -0.001971 0.524981 0.110215
-0.001967 -0.000703 0.110215 0.047305
18.264141 1.571417 20.519265 2.210078
0.517621 0.107454 -0.008704 -0.001446
0.107454 0.046388 -0.001451 -0.000541
-0.008704 -0.001451 0.513930 0.107256
-0.001446 -0.000541 0.107256 0.046490
18.779640 1.515550 21.744885 2.234988
0.507896 0.105152 -0.006654 -0.001046
0.105152 0.045851 -0.001051 -0.000419
-0.006654 -0.001051 0.505027 0.105079
-0.001046 -0.000419 0.105079 0.045941
19.340123 1.474739 22.895882 2.241837
0.500097 0.103494 -0.004963 -0.000738
0.103494 0.045505 -0.000743 -0.000327
-0.004963 -0.000743 0.497914 0.103504
-0.000738 -0.000327 0.103504 0.045579
19.296993 1.313236 24.449842 2.331523
0.493881 0.102324 -0.003599 -0.000506
0.102324 0.045290 -0.000511 -0.000257
-0.003599 -0.000511 0.492367 0.102406
-0.000506 -0.000257 0.102406 0.045351
19.957571 1.314006 25.475842 2.302413
0.488962 0.101517 -0.002426 -0.000317
0.101517 0.045161 -0.000321 -0.000200
-0.002426 -0.000321 0.488157 0.101677
-0.000317 -0.000200 0.101677 0.045215
20.599957 1.310986 26.711164 2.319963
0.485059 0.100967 -0.001551 -0.000190
0.100967 0.045086 -0.000193 -0.000159
-0.001551 -0.000193 0.485107 0.101234
-0.000190 -0.000159 0.101234 0.045144
21.477340 1.357348 28.157729 2.379929
0.481923 0.100591 -0.000936 -0.000112
0.100591 0.045042 -0.000115 -0.000130
-0.000936 -0.000115 0.483055 0.101011
-0.000112 -0.000130 0.101011 0.045116
22.033629 1.331679 28.649539 2.233646
0.479312 0.100318 -0.000628 -0.000092
0.100318 0.045009 -0.000094 -0.000114
-0.000628 -0.000094 0.481891 0.100962
-0.000092 -0.000114 0.100962 0.045118
22.545441 1.299356 29.356175 2.147563
0.477331 0.100159 -0.000538 -0.000106
0.100159 0.044991 -0.000108 -0.000106
-0.000538 -0.000108 0.481196 0.100983
-0.000106 -0.000106 0.100983 0.045126
23.142081 1.288194 30.633170 2.190268
0.475777 0.100060 -0.000620 -0.000145
0.100060 0.044977 -0.000146 -0.000102
-0.000620 -0.000146 0.480914 0.101058
-0.000145 -0.000102 0.101058 0.045138
23.292787 1.184235 31.565810 2.156112
0.474363 0.099959 -0.000904 -0.000214
0.099959 0.044953 -0.000215 -0.000104
-0.000904 -0.000215 0.481125 0.101203
-0.000214 -0.000104 0.101203 0.045158
23.736597 1.152944 32.336977 2.091525
0.473097 0.099859 -0.001205 -0.000274
0.099859 0.044924 -0.000275 -0.000105
-0.001205 -0.000275 0.481646 0.101377
-0.000274 -0.000105 0.101377 0.045179
24.034032 1.093971 32.870893 1.983765
0.471984 0.099766 -0.001622 -0.000349
0.099766 0.044892 -0.000351 -0.000109
-0.001622 -0.000351 0.482336 0.101552
-0.000349 -0.000109 0.101552 0.045197
24.685066 1.115988 33.769388 1.964106
0.471047 0.099687 -0.002070 -0.000422
0.099687 0.044861 -0.000424 -0.000114
-0.002070 -0.000424 0.483065 0.101706
-0.000422 -0.000114 0.101706 0.045208
25.657234 1.203694 34.402831 1.890761
0.470114 0.099588 -0.002727 -0.000532
0.099588 0.044823 -0.000534 -0.000127
-0.002727 -0.000534 0.483935 0.101867
-0.000532 -0.000127 0.101867 0.045221
25.999777 1.148706 35.276960 1.875725
0.469322 0.099503 -0.003696 -0.000700
0.099503 0.044789 -0.000703 -0.000153
-0.003696 -0.000703 0.484754 0.101999
-0.000700 -0.000153 0.101999 0.045228
26.487974 1.130337 35.885750 1.806496
0.468447 0.099387 -0.004677 -0.000857
0.099387 0.044747 -0.000861 -0.000177
-0.004677 -0.000861 0.485715 0.102148
-0.000857 -0.000177 0.102148 0.045240
27.563661 1.238604 36.496137 1.745143
0.467632 0.099275 -0.005710 -0.001017
0.099275 0.044708 -0.001021 -0.000201
-0.005710 -0.001021 0.486645 0.102280
-0.001017 -0.000201 0.102280 0.045251
28.306519 1.265011 37.674277 1.809389
0.466973 0.099188 -0.007096 -0.001243
0.099188 0.044676 -0.001249 -0.000241
-0.007096 -0.001249 0.487442 0.102377
-0.001243 -0.000241 0.102377 0.045257
29.333821 1.348711 38.286927 1.748364
0.466107 0.099051 -0.008728 -0.001509
0.099051 0.044634 -0.001517 -0.000288
-0.008728 -0.001517 0.488497 0.102526
-0.001509 -0.000288 0.102526 0.045276
29.648997 1.272735 39.607693 1.841713
0.465437 0.098953 -0.010628 -0.001817
0.098953 0.044602 -0.001828 -0.000344
-0.010628 -0.001828 0.489384 0.102634
-0.001817 -0.000344 0.102634 0.045288
30.625282 1.345154 40.629507 1.863250
0.464363 0.098766 -0.012509 -0.002107
0.098766 0.044552 -0.002119 -0.000395
-0.012509 -0.002119 0.490749 0.102843
-0.002107 -0.000395 0.102843 0.045324
31.151015 1.313412 41.198669 1.787141
0.463313 0.098589 -0.014725 -0.002457
0.098589 0.044507 -0.002470 -0.000459
-0.014725 -0.002470 0.492172 0.103054
-0.002457 -0.000459 0.103054 0.045360
32.071645 1.370217 42.461794 1.864902
0.462409 0.098447 -0.016831 -0.002768
0.098447 0.044472 -0.002783 -0.000515
-0.016831 -0.002783 0.493470 0.103232
-0.002768 -0.000515 0.103232 0.045390
32.620971 1.340628 43.051875 1.793060
0.461367 0.098276 -0.019299 -0.003148
0.098276 0.044430 -0.003165 -0.000587
-0.019299 -0.003165 0.495045 0.103464
-0.003148 -0.000587 0.103464 0.045432
33.215788 1.325013 44.165431 1.838225
0.460486 0.098142 -0.021646 -0.003490
0.098142 0.044398 -0.003508 -0.000650
-0.021646 -0.003508 0.496489 0.103662
-0.003490 -0.000650 0.103662 0.045467
34.122224 1.376729 44.954169 1.811643
0.459437 0.097972 -0.024076 -0.003843
0.097972 0.044358 -0.003862 -0.000717
-0.024076 -0.003862 0.498222 0.103917
-0.003843 -0.000717 0.103917 0.045515
35.278312 1.477288 46.095947 1.862205
0.458595 0.097848 -0.026721 -0.004234
0.097848 0.044329 -0.004255 -0.000793
-0.026721 -0.004255 0.499848 0.104141
-0.004234 -0.000793 0.104141 0.045556
35.357511 1.334687 46.510634 1.752473
0.457834 0.097738 -0.029850 -0.004717
0.097738 0.044301 -0.004743 -0.000889
-0.029850 -0.004743 0.501601 0.104386
-0.004717 -0.000889 0.104386 0.045601
35.732191 1.270630 46.983638 1.667487
0.457101 0.097632 -0.032343 -0.005053
0.097632 0.044275 -0.005080 -0.000953
-0.032343 -0.005080 0.503254 0.104608
-0.005053 -0.000953 0.104608 0.045643
