4.051788 2.582845 -1.704881 -1.574014
2.575399 1.030182 -0.261185 -0.104476
1.030182 80.416148 -0.104476 -0.041791
-0.261185 -0.104476 2.388565 0.955447
-0.104476 -0.041791 0.955447 80.386254
2.035670 -3.102198 0.567586 3.723258
2.188885 3.801732 -0.276490 -0.436076
3.801732 15.284414 -0.426655 -1.415565
-0.276490 -0.426655 2.408627 4.222892
-0.436076 -1.415565 4.222892 15.546963
2.059291 -1.269966 1.801563 3.017817
2.044650 2.384484 -0.267385 -0.291015
2.384484 4.719341 -0.291889 -0.516677
-0.267385 -0.291889 2.028980 2.313825
-0.291015 -0.516677 2.313825 4.505741
5.023067 1.774758 2.913230 2.702276
1.764256 1.492492 -0.220685 -0.176370
1.492492 1.972306 -0.176692 -0.219367
-0.220685 -0.176692 1.720500 1.436844
-0.176370 -0.219367 1.436844 1.895728
7.678945 2.946570 4.726527 3.011314
1.500119 0.992037 -0.162560 -0.102416
0.992037 0.993457 -0.102308 -0.102776
-0.162560 -0.102308 1.497538 0.983927
-0.102416 -0.102776 0.983927 0.979645
8.590391 2.637757 4.160595 1.889752
1.300798 0.707168 -0.116416 -0.061357
0.707168 0.572904 -0.061210 -0.053717
-0.116416 -0.061210 1.317532 0.712720
-0.061357 -0.053717 0.712720 0.572321
10.549178 2.933670 5.251940 1.957056
1.146301 0.530033 -0.094555 -0.043653
0.530033 0.362971 -0.043555 -0.033177
-0.094555 -0.043555 1.178895 0.542402
-0.043653 -0.033177 0.542402 0.366722
9.772091 2.028200 7.371667 2.416448
1.025526 0.413553 -0.075028 -0.030966
0.413553 0.247305 -0.030892 -0.021192
-0.075028 -0.030892 1.064153 0.426623
-0.030966 -0.021192 0.426623 0.251287
10.623212 1.970633 7.728725 2.113565
0.935630 0.335561 -0.063020 -0.023653
0.335561 0.179534 -0.023586 -0.014554
-0.063020 -0.023586 0.962991 0.342995
-0.023653 -0.014554 0.342995 0.181299
11.772846 2.023752 8.877554 2.142935
0.859548 0.278510 -0.053976 -0.018597
0.278510 0.136553 -0.018541 -0.010378
-0.053976 -0.018541 0.881818 0.283703
-0.018597 -0.010378 0.283703 0.137652
11.391862 1.610675 9.762075 2.089808
0.795803 0.236191 -0.045545 -0.014537
0.236191 0.108354 -0.014487 -0.007497
-0.045545 -0.014487 0.814263 0.239980
-0.014537 -0.007497 0.239980 0.109109
11.581662 1.441434 10.679125 2.055654
0.743304 0.204584 -0.039795 -0.011830
0.204584 0.089397 -0.011786 -0.005623
-0.039795 -0.011786 0.756712 0.206869
-0.011830 -0.005623 0.206869 0.089799
12.697793 1.543144 12.061002 2.146018
0.699012 0.180417 -0.034995 -0.009729
0.180417 0.076299 -0.009689 -0.004289
-0.034995 -0.009689 0.708043 0.181606
-0.009729 -0.004289 0.181606 0.076481
13.036024 1.437055 13.329168 2.193827
0.661088 0.161656 -0.029952 -0.007829
0.161656 0.067076 -0.007794 -0.003258
-0.029952 -0.007794 0.667013 0.162202
-0.007829 -0.003258 0.162202 0.067158
13.561118 1.391923 14.206214 2.142762
0.629066 0.147125 -0.025551 -0.006306
0.147125 0.060541 -0.006275 -0.002498
-0.025551 -0.006275 0.632063 0.147130
-0.006306 -0.002498 0.147130 0.060542
14.694282 1.490531 15.422936 2.175289
0.601737 0.135773 -0.021780 -0.005091
0.135773 0.055867 -0.005065 -0.001931
-0.021780 -0.005065 0.602655 0.135470
-0.005091 -0.001931 0.135470 0.055835
15.441993 1.491059 16.704121 2.217633
0.578360 0.126885 -0.018179 -0.004035
0.126885 0.052515 -0.004013 -0.001486
-0.018179 -0.004013 0.578052 0.126470
-0.004035 -0.001486 0.126470 0.052484
15.874747 1.423848 17.602933 2.172577
0.558649 0.119995 -0.014944 -0.003156
0.119995 0.050126 -0.003138 -0.001142
-0.014944 -0.003138 0.557410 0.119517
-0.003156 -0.001142 0.119517 0.050099
16.038520 1.307867 18.634140 2.160809
0.542138 0.114691 -0.012231 -0.002462
0.114691 0.048438 -0.002447 -0.000882
-0.012231 -0.002447 0.540218 0.114186
-0.002462 -0.000882 0.114186 0.048413
16.633723 1.295759 20.260607 2.275130
0.528492 0.110665 -0.009930 -0.001907
0.110665 0.047262 -0.001896 -0.000684
-0.009930 -0.001896 0.525938 0.110123
-0.001907 -0.000684 0.110123 0.047232
17.212675 1.281116 20.650246 2.119361
0.517227 0.107629 -0.007782 -0.001422
0.107629 0.046453 -0.001413 -0.000523
-0.007782 -0.001413 0.514273 0.107085
-0.001422 -0.000523 0.107085 0.046422
17.840620 1.278501 21.713026 2.120000
0.507954 0.105362 -0.006069 -0.001057
0.105362 0.045906 -0.001051 -0.000404
-0.006069 -0.001051 0.504948 0.104873
-0.001057 -0.000404 0.104873 0.045883
18.577253 1.298668 22.736056 2.112362
0.500414 0.103704 -0.004589 -0.000760
0.103704 0.045546 -0.000756 -0.000311
-0.004589 -0.000756 0.497591 0.103298
-0.000760 -0.000311 0.103298 0.045534
18.714401 1.192214 23.109946 1.970406
0.494324 0.102511 -0.003347 -0.000526
0.102511 0.045317 -0.000523 -0.000239
-0.003347 -0.000523 0.491924 0.102221
-0.000526 -0.000239 0.102221 0.045319
19.849614 1.304099 23.734582 1.895499
0.489564 0.101697 -0.002369 -0.000354
0.101697 0.045182 -0.000352 -0.000185
-0.002369 -0.000352 0.487559 0.101497
-0.000354 -0.000185 0.101497 0.045191
20.112426 1.223112 24.919591 1.944915
0.485786 0.101140 -0.001649 -0.000239
0.101140 0.045102 -0.000237 -0.000147
-0.001649 -0.000237 0.484382 0.101060
-0.000239 -0.000147 0.101060 0.045125
20.873293 1.254295 26.017382 1.971147
0.482829 0.100774 -0.001050 -0.000147
0.100774 0.045058 -0.000146 -0.000117
-0.001050 -0.000146 0.482148 0.100826
-0.000147 -0.000117 0.100826 0.045096
20.919762 1.132784 26.844818 1.937956
0.480477 0.100531 -0.000649 -0.000095
0.100531 0.045032 -0.000094 -0.000096
-0.000649 -0.000094 0.480716 0.100744
-0.000095 -0.000096 0.100744 0.045092
21.780763 1.194565 27.696762 1.913393
0.478650 0.100383 -0.000323 -0.000053
0.100383 0.045017 -0.000052 -0.000077
-0.000323 -0.000052 0.479857 0.100752
-0.000053 -0.000077 0.100752 0.045097
22.558826 1.232554 28.944577 1.974608
0.477185 0.100284 -0.000233 -0.000056
0.100284 0.045003 -0.000055 -0.000070
-0.000233 -0.000055 0.479477 0.100826
-0.000056 -0.000070 0.100826 0.045108
23.201104 1.238037 29.730916 1.932298
0.475888 0.100192 -0.000365 -0.000098
0.100192 0.044983 -0.000098 -0.000070
-0.000365 -0.000098 0.479556 0.100959
-0.000098 -0.000070 0.100959 0.045125
24.107632 1.298643 31.056120 2.007930
0.474809 0.100120 -0.000667 -0.000166
0.100120 0.044962 -0.000166 -0.000076
-0.000667 -0.000166 0.479872 0.101103
-0.000166 -0.000076 0.101103 0.045138
24.618147 1.269326 32.292665 2.056959
0.473727 0.100022 -0.001258 -0.000285
0.100022 0.044930 -0.000285 -0.000092
-0.001258 -0.000285 0.480515 0.101281
-0.000285 -0.000092 0.101281 0.045155
25.146652 1.246887 33.201548 2.031748
0.472594 0.099894 -0.001986 -0.000419
0.099894 0.044890 -0.000420 -0.000111
-0.001986 -0.000420 0.481435 0.101485
-0.000419 -0.000111 0.101485 0.045176
25.609307 1.212876 34.341903 2.057973
0.471509 0.099761 -0.002823 -0.000564
0.099761 0.044849 -0.000565 -0.000131
-0.002823 -0.000565 0.482455 0.101681
-0.000564 -0.000131 0.101681 0.045193
26.021168 1.171680 35.424126 2.069158
0.470333 0.099598 -0.003765 -0.000720
0.099598 0.044801 -0.000721 -0.000154
-0.003765 -0.000721 0.483667 0.101894
-0.000720 -0.000154 0.101894 0.045214
26.881619 1.229826 36.257083 2.026782
0.469075 0.099412 -0.004778 -0.000881
0.099412 0.044749 -0.000882 -0.000178
-0.004778 -0.000882 0.485031 0.102117
-0.000881 -0.000178 0.102117 0.045238
27.792814 1.292479 36.795952 1.927072
0.467924 0.099246 -0.006059 -0.001089
0.099246 0.044703 -0.001091 -0.000213
-0.006059 -0.001091 0.486332 0.102310
-0.001089 -0.000213 0.102310 0.045257
28.391174 1.282474 38.046680 1.987410
0.467025 0.099129 -0.007557 -0.001331
0.099129 0.044668 -0.001335 -0.000255
-0.007557 -0.001335 0.487401 0.102443
-0.001331 -0.000255 0.102443 0.045266
29.105801 1.297867 38.771412 1.930979
0.465913 0.098960 -0.009218 -0.001596
0.098960 0.044623 -0.001601 -0.000301
-0.009218 -0.001601 0.488740 0.102630
-0.001596 -0.000301 0.102630 0.045290
29.846527 1.317677 40.056112 1.998036
0.464920 0.098815 -0.010990 -0.001871
0.098815 0.044584 -0.001878 -0.000350
-0.010990 -0.001878 0.489986 0.102791
-0.001871 -0.000350 0.102791 0.045310
30.908295 1.402474 40.271067 1.834161
0.463734 0.098626 -0.013010 -0.002188
0.098626 0.044536 -0.002197 -0.000408
-0.013010 -0.002197 0.491509 0.103008
-0.002188 -0.000408 0.103008 0.045345
31.296062 1.335787 41.216192 1.839589
0.463095 0.098555 -0.015199 -0.002527
0.098555 0.044514 -0.002539 -0.000470
-0.015199 -0.002539 0.492486 0.103104
-0.002527 -0.000470 0.103104 0.045355
31.907467 1.324333 42.477605 1.910963
0.462277 0.098437 -0.017291 -0.002833
0.098437 0.044482 -0.002847 -0.000525
-0.017291 -0.002847 0.493700 0.103257
-0.002833 -0.000525 0.103257 0.045381
32.758283 1.364564 43.444729 1.913772
0.461198 0.098260 -0.019540 -0.003166
0.098260 0.044437 -0.003181 -0.000587
-0.019540 -0.003181 0.495294 0.103491
-0.003166 -0.000587 0.103491 0.045426
33.648177 1.408462 44.235153 1.879487
0.460176 0.098097 -0.022020 -0.003539
0.098097 0.044397 -0.003556 -0.000659
-0.022020 -0.003556 0.496939 0.103728
-0.003539 -0.000659 0.103728 0.045471
34.429168 1.426033 45.627444 1.974108
0.459341 0.097975 -0.024685 -0.003941
0.097975 0.044366 -0.003961 -0.000737
-0.024685 -0.003961 0.498488 0.103939
-0.003941 -0.000737 0.103939 0.045510
35.373660 1.474039 46.132045 1.874235
0.458247 0.097793 -0.027605 -0.004386
0.097793 0.044322 -0.004408 -0.000823
-0.027605 -0.004408 0.500501 0.104244
-0.004386 -0.000823 0.104244 0.045570
35.594963 1.365977 47.718297 2.007672
0.457601 0.097711 -0.030612 -0.004835
0.097711 0.044300 -0.004862 -0.000911
-0.030612 -0.004862 0.502118 0.104455
-0.004835 -0.000911 0.104455 0.045609
36.157500 1.338387 48.235185 1.905919
0.456264 0.097474 -0.033435 -0.005238
0.097474 0.044244 -0.005262 -0.000989
-0.033435 -0.005262 0.504633 0.104853
-0.005238 -0.000989 0.104853 0.045688
