5.593330 3.199475 2.384383 0.061727
2.575399 1.030182 -0.261185 -0.104476
1.030182 80.416148 -0.104476 -0.041791
-0.261185 -0.104476 2.388565 0.955447
-0.104476 -0.041791 0.955447 80.386254
4.069906 -2.265439 1.014944 -2.467434
2.224026 3.864392 -0.208852 -0.316523
3.864392 15.396042 -0.310590 -1.210362
-0.208852 -0.310590 2.337547 4.099614
-0.316523 -1.210362 4.099614 15.333206
4.839166 -0.041966 2.008613 0.089463
1.992712 2.318313 -0.258456 -0.291421
2.318313 4.642544 -0.291833 -0.517405
-0.258456 -0.291833 2.077434 2.379922
-0.291421 -0.517405 2.379922 4.582491
5.143749 0.240358 3.347965 1.170459
1.711473 1.451525 -0.204927 -0.165739
1.451525 1.942657 -0.165696 -0.206083
-0.204927 -0.165696 1.766073 1.472676
-0.165739 -0.206083 1.472676 1.919361
5.208749 0.205861 4.616032 1.617334
1.486142 0.987283 -0.162337 -0.103183
0.987283 0.993167 -0.103077 -0.100622
-0.162337 -0.103077 1.511861 0.989336
-0.103183 -0.100622 0.989336 0.979276
5.884363 0.517654 5.023841 1.401906
1.309897 0.714656 -0.132624 -0.069967
0.714656 0.577829 -0.069881 -0.056504
-0.132624 -0.069881 1.314615 0.708536
-0.069967 -0.056504 0.708536 0.568367
8.465065 1.593162 5.568051 1.331283
1.164665 0.539446 -0.111419 -0.050478
0.539446 0.367282 -0.050408 -0.034862
-0.111419 -0.050408 1.166086 0.535200
-0.050478 -0.034862 0.535200 0.362808
9.158487 1.551112 5.389079 0.992976
1.040859 0.419708 -0.089597 -0.035648
0.419708 0.249448 -0.035574 -0.022009
-0.089597 -0.035574 1.052728 0.421618
-0.035648 -0.022009 0.421618 0.249167
9.639101 1.445785 7.950045 1.728287
0.941154 0.337134 -0.075726 -0.027031
0.337134 0.179744 -0.026974 -0.015013
-0.075726 -0.026974 0.960887 0.342238
-0.027031 -0.015013 0.342238 0.181076
11.599033 1.846041 7.827749 1.410624
0.864240 0.279620 -0.062545 -0.020305
0.279620 0.136654 -0.020255 -0.010405
-0.062545 -0.020255 0.879127 0.282888
-0.020305 -0.010405 0.282888 0.137442
11.619935 1.578726 8.588490 1.427213
0.797191 0.236224 -0.051751 -0.015475
0.236224 0.108177 -0.015433 -0.007419
-0.051751 -0.015433 0.814189 0.240051
-0.015475 -0.007419 0.240051 0.109182
12.115500 1.497984 9.300882 1.426964
0.742457 0.204050 -0.044224 -0.012303
0.204050 0.089126 -0.012268 -0.005514
-0.044224 -0.012268 0.758441 0.207417
-0.012303 -0.005514 0.207417 0.089985
12.708826 1.457740 11.124130 1.711683
0.696598 0.179584 -0.038183 -0.009946
0.179584 0.076008 -0.009917 -0.004188
-0.038183 -0.009917 0.711055 0.182414
-0.009946 -0.004188 0.182414 0.076707
13.460369 1.463280 11.871585 1.685326
0.658649 0.160939 -0.032422 -0.007947
0.160939 0.066860 -0.007921 -0.003188
-0.032422 -0.007921 0.669842 0.162876
-0.007947 -0.003188 0.162876 0.067327
14.350074 1.500293 13.175922 1.792767
0.626243 0.146412 -0.027575 -0.006391
0.146412 0.060356 -0.006368 -0.002458
-0.027575 -0.006368 0.635153 0.147802
-0.006391 -0.002458 0.147802 0.060694
14.649298 1.398671 14.578001 1.906295
0.598846 0.135124 -0.023134 -0.005086
0.135124 0.055718 -0.005066 -0.001897
-0.023134 -0.005066 0.605670 0.136069
-0.005086 -0.001897 0.136069 0.055960
14.712699 1.259172 15.741238 1.952024
0.575986 0.126412 -0.019328 -0.004044
0.126412 0.052418 -0.004026 -0.001475
-0.019328 -0.004026 0.580491 0.126900
-0.004044 -0.001475 0.126900 0.052566
15.311128 1.252372 16.497011 1.904831
0.556932 0.119701 -0.016163 -0.003227
0.119701 0.050074 -0.003212 -0.001157
-0.016163 -0.003212 0.559176 0.119781
-0.003227 -0.001157 0.119781 0.050143
15.605493 1.182397 17.966658 2.013888
0.540846 0.114503 -0.013469 -0.002571
0.114503 0.048408 -0.002559 -0.000913
-0.013469 -0.002559 0.541547 0.114353
-0.002571 -0.000913 0.114353 0.048439
16.639984 1.275238 18.870630 1.992596
0.527593 0.110563 -0.011015 -0.002008
0.110563 0.047248 -0.001999 -0.000716
-0.011015 -0.001999 0.526851 0.110209
-0.002008 -0.000716 0.110209 0.047245
16.870690 1.190840 20.435984 2.110755
0.516489 0.107555 -0.008842 -0.001538
0.107555 0.046443 -0.001531 -0.000561
-0.008842 -0.001531 0.515018 0.107148
-0.001538 -0.000561 0.107148 0.046434
17.629707 1.224554 21.072583 2.023934
0.507495 0.105339 -0.006875 -0.001136
0.105339 0.045903 -0.001131 -0.000435
-0.006875 -0.001131 0.505398 0.104887
-0.001136 -0.000435 0.104887 0.045887
18.672821 1.314151 22.562287 2.123280
0.500138 0.103707 -0.005264 -0.000828
0.103707 0.045547 -0.000824 -0.000340
-0.005264 -0.000824 0.497855 0.103289
-0.000828 -0.000340 0.103289 0.045536
19.044736 1.254949 23.543870 2.106520
0.494143 0.102522 -0.003854 -0.000572
0.102522 0.045317 -0.000569 -0.000263
-0.003854 -0.000569 0.492091 0.102207
-0.000572 -0.000263 0.102207 0.045323
19.711591 1.263257 24.921965 2.174134
0.489382 0.101696 -0.002701 -0.000376
0.101696 0.045177 -0.000374 -0.000205
-0.002701 -0.000374 0.487726 0.101496
-0.000376 -0.000205 0.101496 0.045199
20.479496 1.291529 25.636116 2.096389
0.485548 0.101119 -0.001774 -0.000230
0.101119 0.045092 -0.000228 -0.000160
-0.001774 -0.000228 0.484608 0.101081
-0.000230 -0.000160 0.101081 0.045138
21.554293 1.381060 26.508309 2.059675
0.482537 0.100736 -0.001137 -0.000143
0.100736 0.045044 -0.000142 -0.000130
-0.001137 -0.000142 0.482433 0.100866
-0.000143 -0.000130 0.100866 0.045113
22.381820 1.409738 27.610025 2.074751
0.480159 0.100485 -0.000813 -0.000117
0.100485 0.045017 -0.000115 -0.000113
-0.000813 -0.000115 0.481032 0.100793
-0.000117 -0.000113 0.100793 0.045109
22.781841 1.345807 28.920397 2.132047
0.478243 0.100316 -0.000745 -0.000134
0.100316 0.044998 -0.000133 -0.000106
-0.000745 -0.000133 0.480269 0.100823
-0.000134 -0.000106 0.100823 0.045118
23.475467 1.350165 30.273177 2.192337
0.476593 0.100180 -0.000827 -0.000171
0.100180 0.044977 -0.000170 -0.000103
-0.000827 -0.000170 0.480081 0.100936
-0.000171 -0.000103 0.100936 0.045136
24.426097 1.408189 31.646068 2.250578
0.475093 0.100050 -0.001147 -0.000247
0.100050 0.044951 -0.000247 -0.000108
-0.001147 -0.000247 0.480375 0.101108
-0.000247 -0.000108 0.101108 0.045159
25.183804 1.419499 32.336722 2.159034
0.473675 0.099914 -0.001805 -0.000382
0.099914 0.044918 -0.000382 -0.000125
-0.001805 -0.000382 0.481053 0.101320
-0.000382 -0.000125 0.101320 0.045185
25.278665 1.289580 32.632351 1.993860
0.472523 0.099814 -0.002646 -0.000539
0.099814 0.044888 -0.000539 -0.000146
-0.002646 -0.000539 0.481790 0.101504
-0.000539 -0.000146 0.101504 0.045200
25.326347 1.163278 33.491136 1.964688
0.471634 0.099748 -0.003335 -0.000649
0.099748 0.044863 -0.000649 -0.000156
-0.003335 -0.000649 0.482473 0.101645
-0.000649 -0.000156 0.101645 0.045206
26.218576 1.229061 34.606771 1.992827
0.470710 0.099654 -0.003943 -0.000733
0.099654 0.044830 -0.000734 -0.000163
-0.003943 -0.000734 0.483335 0.101802
-0.000733 -0.000163 0.101802 0.045215
26.944614 1.252660 35.511151 1.973485
0.469737 0.099533 -0.004896 -0.000887
0.099533 0.044790 -0.000888 -0.000185
-0.004896 -0.000888 0.484352 0.101973
-0.000887 -0.000185 0.101973 0.045228
28.232548 1.392636 35.743354 1.814999
0.468778 0.099405 -0.006063 -0.001076
0.099405 0.044748 -0.001078 -0.000216
-0.006063 -0.001078 0.485421 0.102138
-0.001076 -0.000216 0.102138 0.045241
28.409336 1.282358 36.596419 1.803259
0.468265 0.099364 -0.007580 -0.001329
0.099364 0.044726 -0.001333 -0.000260
-0.007580 -0.001333 0.486067 0.102202
-0.001329 -0.000260 0.102202 0.045235
28.977204 1.266871 37.603950 1.825457
0.467577 0.099271 -0.008961 -0.001538
0.099271 0.044693 -0.001543 -0.000295
-0.008961 -0.001543 0.486916 0.102308
-0.001538 -0.000295 0.102308 0.045242
29.449939 1.232998 38.802369 1.885299
0.466748 0.099141 -0.010471 -0.001767
0.099141 0.044653 -0.001773 -0.000334
-0.010471 -0.001773 0.487945 0.102450
-0.001767 -0.000334 0.102450 0.045259
30.521737 1.329693 39.681992 1.872588
0.465667 0.098956 -0.012094 -0.002012
0.098956 0.044603 -0.002018 -0.000377
-0.012094 -0.002018 0.489282 0.102652
-0.002012 -0.000377 0.102652 0.045291
30.833727 1.254909 40.804215 1.911094
0.464729 0.098805 -0.014113 -0.002332
0.098805 0.044562 -0.002340 -0.000437
-0.014113 -0.002340 0.490539 0.102828
-0.002332 -0.000437 0.102828 0.045318
31.228172 1.205149 41.645403 1.886765
0.463539 0.098602 -0.016067 -0.002625
0.098602 0.044512 -0.002634 -0.000491
-0.016067 -0.002634 0.492115 0.103066
-0.002625 -0.000491 0.103066 0.045359
31.894129 1.217852 42.162325 1.797626
0.462326 0.098400 -0.017952 -0.002897
0.098400 0.044464 -0.002905 -0.000540
-0.017952 -0.002905 0.493756 0.103308
-0.002897 -0.000540 0.103308 0.045401
32.600036 1.239432 43.491909 1.887905
0.461385 0.098261 -0.019887 -0.003173
0.098261 0.044432 -0.003183 -0.000592
-0.019887 -0.003183 0.495150 0.103491
-0.003173 -0.000592 0.103491 0.045431
33.284258 1.252098 43.984251 1.793722
0.460202 0.098070 -0.022120 -0.003509
0.098070 0.044387 -0.003519 -0.000658
-0.022120 -0.003519 0.496935 0.103754
-0.003509 -0.000658 0.103754 0.045480
34.041035 1.281174 45.317726 1.885191
0.459334 0.097949 -0.024369 -0.003839
0.097949 0.044359 -0.003852 -0.000722
-0.024369 -0.003852 0.498432 0.103949
-0.003839 -0.000722 0.103949 0.045514
34.761613 1.297498 46.008615 1.832958
0.458237 0.097774 -0.026925 -0.004228
0.097774 0.044318 -0.004242 -0.000800
-0.026925 -0.004242 0.500347 0.104230
-0.004228 -0.000800 0.104230 0.045568
35.478974 1.313545 47.338968 1.919381
0.457354 0.097647 -0.029537 -0.004618
0.097647 0.044288 -0.004634 -0.000877
-0.029537 -0.004634 0.502116 0.104472
-0.004618 -0.000877 0.104472 0.045613
36.335172 1.355299 48.054288 1.869280
0.456235 0.097466 -0.032373 -0.005046
0.097466 0.044246 -0.005064 -0.000963
-0.032373 -0.005064 0.504334 0.104804
-0.005046 -0.000963 0.104804 0.045677
