34.081295 0.734496 49.986197 2.159438
0.579598 0.120742 -0.055159 -0.009297
0.120742 0.048374 -0.009874 -0.002077
-0.055159 -0.009874 0.414073 0.088019
-0.009297 -0.002077 0.088019 0.042926
30.127377 -0.157718 50.208233 1.950842
0.597407 0.122500 -0.055834 -0.008908
0.122500 0.048514 -0.009497 -0.001897
-0.055834 -0.009497 0.406019 0.087577
-0.008908 -0.001897 0.087577 0.042922
26.187347 -0.948332 49.674067 1.596013
0.596936 0.120659 -0.047144 -0.006663
0.120659 0.047992 -0.007286 -0.001372
-0.047144 -0.007286 0.404524 0.088422
-0.006663 -0.001372 0.088422 0.043146
22.784443 -1.547930 48.245922 1.084360
0.583695 0.116704 -0.036240 -0.004259
0.116704 0.047161 -0.004876 -0.000875
-0.036240 -0.004876 0.409097 0.090322
-0.004259 -0.000875 0.090322 0.043535
19.638398 -2.035530 45.971538 0.443155
0.562142 0.111682 -0.026580 -0.002419
0.111682 0.046235 -0.002950 -0.000535
-0.026580 -0.002950 0.419198 0.093073
-0.002419 -0.000535 0.093073 0.044041
18.090379 -2.157637 42.836148 -0.306663
0.534426 0.106040 -0.018993 -0.001222
0.106040 0.045284 -0.001594 -0.000342
-0.018993 -0.001594 0.435137 0.096700
-0.001222 -0.000342 0.096700 0.044679
16.678216 -2.238884 39.215758 -1.076353
0.501354 0.099901 -0.010649 0.000059
0.099901 0.044304 -0.000166 -0.000133
-0.010649 -0.000166 0.458549 0.101534
0.000059 -0.000133 0.101534 0.045531
15.944181 -2.173784 34.976524 -1.887663
0.472693 0.095164 0.004852 0.002878
0.095164 0.043649 0.002609 0.000383
0.004852 0.002609 0.484087 0.106329
0.002878 0.000383 0.106329 0.046321
14.262921 -2.303909 29.722699 -2.824349
0.462193 0.094391 0.023772 0.006276
0.094391 0.043788 0.005867 0.000991
0.023772 0.005867 0.496716 0.107843
0.006276 0.000991 0.107843 0.046360
12.818255 -2.365308 24.540638 -3.633171
0.470753 0.097423 0.032866 0.007313
0.097423 0.044626 0.006908 0.001097
0.032866 0.006908 0.488415 0.104786
0.007313 0.001097 0.104786 0.045465
11.186716 -2.454189 19.630894 -4.291237
0.483937 0.101002 0.026835 0.005122
0.101002 0.045457 0.004862 0.000569
0.026835 0.004862 0.473055 0.100693
0.005122 0.000569 0.100693 0.044490
9.982598 -2.445639 16.078701 -4.589920
0.496246 0.103983 0.009135 0.000791
0.103983 0.046068 0.000695 -0.000328
0.009135 0.000695 0.459209 0.097473
0.000791 -0.000328 0.097473 0.043829
9.155360 -2.363250 13.975507 -4.550126
0.507627 0.106424 -0.014257 -0.004234
0.106424 0.046503 -0.004194 -0.001279
-0.014257 -0.004194 0.450208 0.095663
-0.004234 -0.001279 0.095663 0.043536
8.689224 -2.214449 12.182825 -4.448396
0.519326 0.108636 -0.038287 -0.008877
0.108636 0.046850 -0.008729 -0.002078
-0.038287 -0.008729 0.445774 0.094985
-0.008877 -0.002078 0.094985 0.043495
9.132136 -1.891386 10.653086 -4.299322
0.529824 0.110339 -0.062920 -0.013233
0.110339 0.047064 -0.012985 -0.002775
-0.062920 -0.012985 0.446845 0.095488
-0.013233 -0.002775 0.095488 0.043685
8.942703 -1.731509 9.573404 -4.067610
0.529859 0.109678 -0.088204 -0.017430
0.109678 0.046778 -0.017015 -0.003414
-0.088204 -0.017015 0.460142 0.098481
-0.017430 -0.003414 0.098481 0.044365
9.640406 -1.398936 9.075139 -3.728752
0.525067 0.108087 -0.109895 -0.020633
0.108087 0.046340 -0.019993 -0.003836
-0.109895 -0.019993 0.479379 0.102391
-0.020633 -0.003836 0.102391 0.045161
10.631797 -1.036867 8.533841 -3.430152
0.512699 0.105139 -0.122625 -0.021867
0.105139 0.045678 -0.020953 -0.003868
-0.122625 -0.020953 0.501983 0.106661
-0.021867 -0.003868 0.106661 0.045969
11.188519 -0.789008 8.895929 -2.974237
0.495007 0.101463 -0.124859 -0.021032
0.101463 0.044941 -0.019834 -0.003532
-0.124859 -0.019834 0.523599 0.110416
-0.021032 -0.003532 0.110416 0.046627
12.087263 -0.494815 9.110844 -2.596060
0.483093 0.099314 -0.125618 -0.020124
0.099314 0.044568 -0.018778 -0.003282
-0.125618 -0.018778 0.539658 0.112697
-0.020124 -0.003282 0.112697 0.046939
13.191576 -0.182523 9.589657 -2.202567
0.472955 0.097718 -0.122698 -0.018703
0.097718 0.044323 -0.017296 -0.003002
-0.122698 -0.017296 0.550987 0.113915
-0.018703 -0.003002 0.113915 0.047048
14.173313 0.082549 10.755102 -1.713720
0.464648 0.096614 -0.116718 -0.016921
0.096614 0.044178 -0.015533 -0.002711
-0.116718 -0.015533 0.557360 0.114162
-0.016921 -0.002711 0.114162 0.046995
14.771167 0.241322 12.249605 -1.219483
0.459935 0.096299 -0.109160 -0.015060
0.096299 0.044182 -0.013817 -0.002462
-0.109160 -0.013817 0.557317 0.113230
-0.015060 -0.002462 0.113230 0.046748
15.612000 0.443272 14.437355 -0.634730
0.459074 0.096748 -0.100492 -0.013183
0.096748 0.044321 -0.012200 -0.002247
-0.100492 -0.012200 0.550751 0.111214
-0.013183 -0.002247 0.111214 0.046340
16.559380 0.630829 16.021187 -0.235727
0.461116 0.097728 -0.088568 -0.010836
0.097728 0.044548 -0.010161 -0.001954
-0.088568 -0.010161 0.537677 0.108240
-0.010836 -0.001954 0.108240 0.045809
17.468790 0.793104 18.099877 0.220102
0.463637 0.098652 -0.074879 -0.008372
0.098652 0.044733 -0.007923 -0.001634
-0.074879 -0.007923 0.523762 0.105484
-0.008372 -0.001634 0.105484 0.045384
18.573033 0.964127 19.516275 0.495803
0.466980 0.099606 -0.059910 -0.005852
0.099606 0.044903 -0.005566 -0.001296
-0.059910 -0.005566 0.509685 0.102998
-0.005852 -0.001296 0.102998 0.045046
19.447050 1.069308 21.416882 0.838203
0.469795 0.100284 -0.045684 -0.003668
0.100284 0.044994 -0.003465 -0.001012
-0.045684 -0.003465 0.498528 0.101306
-0.003668 -0.001012 0.101306 0.044877
20.524810 1.198630 23.037675 1.090438
0.472320 0.100782 -0.032775 -0.001867
0.100782 0.045041 -0.001707 -0.000786
-0.032775 -0.001707 0.489946 0.100224
-0.001867 -0.000786 0.100224 0.044817
21.957180 1.382896 24.306141 1.246672
0.473731 0.100952 -0.022261 -0.000614
0.100952 0.045016 -0.000468 -0.000648
-0.022261 -0.000468 0.484628 0.099812
-0.000614 -0.000648 0.099812 0.044864
22.662915 1.392388 25.867423 1.441324
0.473997 0.100837 -0.015128 -0.000046
0.100837 0.044938 0.000093 -0.000620
-0.015128 0.000093 0.482090 0.099902
-0.000046 -0.000620 0.099902 0.044976
23.539284 1.435681 27.569811 1.646776
0.472763 0.100411 -0.011003 -0.000016
0.100411 0.044809 0.000119 -0.000666
-0.011003 0.000119 0.482072 0.100407
-0.000016 -0.000666 0.100407 0.045136
23.683700 1.315654 28.854409 1.741293
0.469692 0.099642 -0.010151 -0.000536
0.099642 0.044625 -0.000404 -0.000789
-0.010151 -0.000404 0.484672 0.101327
-0.000536 -0.000789 0.101327 0.045347
24.657158 1.385131 30.731844 1.953020
0.465133 0.098645 -0.010624 -0.001156
0.098645 0.044414 -0.001029 -0.000893
-0.010624 -0.001029 0.489351 0.102532
-0.001156 -0.000893 0.102532 0.045585
25.772142 1.475392 32.045422 2.024364
0.458772 0.097362 -0.014192 -0.002258
0.097362 0.044162 -0.002141 -0.001072
-0.014192 -0.002141 0.496859 0.104168
-0.002258 -0.001072 0.104168 0.045885
26.735608 1.524549 33.864027 2.193554
0.452477 0.096205 -0.020388 -0.003716
0.096205 0.043952 -0.003622 -0.001300
-0.020388 -0.003622 0.505457 0.105848
-0.003716 -0.001300 0.105848 0.046169
27.948342 1.620882 35.127896 2.229049
0.445407 0.094964 -0.027877 -0.005245
0.094964 0.043732 -0.005177 -0.001521
-0.027877 -0.005177 0.516432 0.107858
-0.005245 -0.001521 0.107858 0.046504
28.589245 1.584787 36.350964 2.251342
0.439270 0.093995 -0.036326 -0.006795
0.093995 0.043573 -0.006758 -0.001733
-0.036326 -0.006758 0.527853 0.109781
-0.006795 -0.001733 0.109781 0.046804
28.856062 1.472674 37.830246 2.323257
0.433569 0.093153 -0.042960 -0.007818
0.093153 0.043436 -0.007797 -0.001828
-0.042960 -0.007797 0.539376 0.111579
-0.007818 -0.001828 0.111579 0.047071
29.248041 1.397940 38.910159 2.305270
0.428167 0.092399 -0.045405 -0.007905
0.092399 0.043310 -0.007857 -0.001732
-0.045405 -0.007857 0.549629 0.113013
-0.007905 -0.001732 0.113013 0.047266
29.866643 1.382211 40.459379 2.386100
0.424135 0.091950 -0.044870 -0.007410
0.091950 0.043243 -0.007317 -0.001542
-0.044870 -0.007317 0.556817 0.113771
-0.007410 -0.001542 0.113771 0.047334
30.595529 1.389752 41.510698 2.357442
0.422677 0.092047 -0.040214 -0.006158
0.092047 0.043283 -0.006002 -0.001227
-0.040214 -0.006002 0.557928 0.113331
-0.006158 -0.001227 0.113331 0.047184
31.567043 1.450093 42.643510 2.349547
0.424179 0.092716 -0.033698 -0.004675
0.092716 0.043427 -0.004473 -0.000906
-0.033698 -0.004473 0.553372 0.111892
-0.004675 -0.000906 0.111892 0.046873
32.054625 1.396860 43.600223 2.304330
0.430116 0.094232 -0.025975 -0.003090
0.094232 0.043732 -0.002884 -0.000601
-0.025975 -0.002884 0.541561 0.109215
-0.003090 -0.000601 0.109215 0.046358
32.715243 1.389364 44.917457 2.337472
0.439799 0.096365 -0.018995 -0.001793
0.096365 0.044138 -0.001629 -0.000384
-0.018995 -0.001629 0.525404 0.105962
-0.001793 -0.000384 0.105962 0.045778
33.282109 1.362391 46.317726 2.383814
0.455531 0.099571 -0.014369 -0.001057
0.099571 0.044742 -0.001006 -0.000301
-0.014369 -0.001006 0.503547 0.101857
-0.001057 -0.000301 0.101857 0.045065
33.870184 1.342348 47.567982 2.395379
0.476799 0.103645 -0.013798 -0.001175
0.103645 0.045491 -0.001286 -0.000394
-0.013798 -0.001286 0.479245 0.097568
-0.001175 -0.000394 0.097568 0.044348
34.901179 1.418772 48.384011 2.317916
0.501923 0.108162 -0.017471 -0.002120
0.108162 0.046289 -0.002388 -0.000638
-0.017471 -0.002388 0.456082 0.093780
-0.002120 -0.000638 0.093780 0.043747
35.939826 1.488530 49.384781 2.285852
0.529884 0.112888 -0.025740 -0.003912
0.112888 0.047091 -0.004297 -0.001023
-0.025740 -0.004297 0.435923 0.090777
-0.003912 -0.001023 0.090777 0.043298
36.257930 1.398490 50.386732 2.254775
0.560685 0.117827 -0.039137 -0.006614
0.117827 0.047908 -0.007045 -0.001555
-0.039137 -0.007045 0.419528 0.088607
-0.006614 -0.001555 0.088607 0.042990
