4.414655 2.727995 -0.459207 -1.075734
2.490737 0.996316 -0.101026 -0.040411
0.996316 80.402602 -0.040411 -0.016165
-0.101026 -0.040411 2.420540 0.968237
-0.040411 -0.016165 0.968237 80.391370
6.777165 4.481130 0.040900 0.752296
2.230710 3.895381 -0.100877 -0.157282
3.895381 15.250606 -0.156069 -0.531271
-0.100877 -0.156069 2.299218 4.029027
-0.157282 -0.531271 4.029027 15.305761
7.719591 2.982262 2.439521 3.075873
1.969587 2.283243 -0.075233 -0.081363
2.283243 4.545619 -0.081020 -0.163672
-0.075233 -0.081020 2.039746 2.346679
-0.081363 -0.163672 2.346679 4.569361
7.157761 1.246340 4.039528 3.127062
1.696734 1.434704 -0.056068 -0.046302
1.434704 1.910260 -0.046151 -0.067133
-0.056068 -0.046151 1.735311 1.453928
-0.046302 -0.067133 1.453928 1.911113
7.465163 1.037656 3.422235 1.693700
1.474055 0.976497 -0.047403 -0.031811
0.976497 0.978157 -0.031742 -0.034972
-0.047403 -0.031742 1.491355 0.980320
-0.031811 -0.034972 0.980320 0.975850
6.799743 0.393398 3.955396 1.524748
1.292633 0.703418 -0.042843 -0.024008
0.703418 0.567730 -0.023979 -0.020823
-0.042843 -0.023979 1.307765 0.707554
-0.024008 -0.020823 0.707554 0.568609
8.500754 1.088086 6.096257 2.158241
1.150654 0.531921 -0.039413 -0.018819
0.531921 0.361649 -0.018805 -0.013380
-0.039413 -0.018805 1.161414 0.534509
-0.018819 -0.013380 0.534509 0.362551
9.547139 1.290038 7.910153 2.452835
1.036271 0.417215 -0.032355 -0.013452
0.417215 0.247160 -0.013439 -0.008408
-0.032355 -0.013439 1.043868 0.418856
-0.013452 -0.008408 0.418856 0.247904
10.226005 1.302624 7.702580 1.941288
0.943122 0.337280 -0.026047 -0.009645
0.337280 0.178931 -0.009633 -0.005474
-0.026047 -0.009633 0.948007 0.338183
-0.009645 -0.005474 0.338183 0.179462
10.369197 1.138622 8.489794 1.882334
0.865289 0.279385 -0.021991 -0.007374
0.279385 0.135948 -0.007366 -0.003812
-0.021991 -0.007366 0.869975 0.280412
-0.007374 -0.003812 0.280412 0.136515
11.331351 1.254536 10.320065 2.144778
0.800683 0.236731 -0.018963 -0.005823
0.236731 0.107870 -0.005816 -0.002760
-0.018963 -0.005816 0.804609 0.237607
-0.005823 -0.002760 0.237607 0.108348
12.342814 1.359834 11.534128 2.183505
0.746608 0.204683 -0.015883 -0.004509
0.204683 0.088954 -0.004504 -0.002004
-0.015883 -0.004504 0.749378 0.205279
-0.004509 -0.002004 0.205279 0.089310
12.728231 1.284077 12.911699 2.257000
0.700812 0.180185 -0.013188 -0.003491
0.180185 0.075899 -0.003488 -0.001475
-0.013188 -0.003488 0.702795 0.180612
-0.003491 -0.001475 0.180612 0.076173
12.687076 1.117581 14.459428 2.359186
0.662115 0.161328 -0.010962 -0.002727
0.161328 0.066753 -0.002724 -0.001104
-0.010962 -0.002724 0.663187 0.161560
-0.002727 -0.001104 0.161560 0.066949
12.662521 0.981602 15.059106 2.223999
0.629447 0.146741 -0.009120 -0.002144
0.146741 0.060280 -0.002142 -0.000839
-0.009120 -0.002142 0.629413 0.146744
-0.002144 -0.000839 0.146744 0.060399
13.622207 1.087097 15.923497 2.168277
0.601717 0.135389 -0.007726 -0.001725
0.135389 0.055663 -0.001723 -0.000651
-0.007726 -0.001723 0.600830 0.135238
-0.001725 -0.000651 0.135238 0.055730
14.718112 1.207950 16.409783 2.037378
0.578115 0.126535 -0.006477 -0.001376
0.126535 0.052360 -0.001375 -0.000506
-0.006477 -0.001375 0.576830 0.126335
-0.001376 -0.000506 0.126335 0.052404
15.281701 1.199248 17.043418 1.954748
0.558102 0.119651 -0.005406 -0.001095
0.119651 0.050003 -0.001095 -0.000396
-0.005406 -0.001095 0.556795 0.119478
-0.001095 -0.000396 0.119478 0.050042
15.662307 1.152895 17.440337 1.831963
0.541343 0.114358 -0.004505 -0.000872
0.114358 0.048339 -0.000872 -0.000312
-0.004505 -0.000872 0.540080 0.114214
-0.000872 -0.000312 0.114214 0.048373
16.703239 1.250047 18.291731 1.818515
0.527431 0.110330 -0.003773 -0.000700
0.110330 0.047180 -0.000700 -0.000248
-0.003773 -0.000700 0.526241 0.110212
-0.000700 -0.000248 0.110212 0.047208
17.321161 1.248644 19.604196 1.902470
0.515965 0.107301 -0.003094 -0.000549
0.107301 0.046384 -0.000549 -0.000196
-0.003094 -0.000549 0.514925 0.107217
-0.000549 -0.000196 0.107217 0.046409
18.179970 1.297293 20.667356 1.925753
0.506669 0.105073 -0.002466 -0.000417
0.105073 0.045853 -0.000417 -0.000153
-0.002466 -0.000417 0.505731 0.105006
-0.000417 -0.000153 0.105006 0.045872
18.524375 1.234249 21.695892 1.939322
0.499199 0.103462 -0.001913 -0.000306
0.103462 0.045508 -0.000307 -0.000119
-0.001913 -0.000307 0.498393 0.103415
-0.000306 -0.000119 0.103415 0.045524
19.185293 1.243369 22.879929 1.983849
0.493298 0.102333 -0.001443 -0.000218
0.102333 0.045295 -0.000219 -0.000093
-0.001443 -0.000219 0.492609 0.102300
-0.000218 -0.000093 0.102300 0.045306
19.553104 1.190504 23.146779 1.832975
0.488686 0.101564 -0.001045 -0.000148
0.101564 0.045168 -0.000149 -0.000072
-0.001045 -0.000149 0.488153 0.101551
-0.000148 -0.000072 0.101551 0.045177
20.416997 1.246487 24.242674 1.870410
0.485163 0.101067 -0.000742 -0.000100
0.101067 0.045100 -0.000100 -0.000057
-0.000742 -0.000100 0.484772 0.101071
-0.000100 -0.000057 0.101071 0.045107
20.927590 1.222978 25.367692 1.910068
0.482488 0.100761 -0.000510 -0.000066
0.100761 0.045066 -0.000066 -0.000046
-0.000510 -0.000066 0.482297 0.100792
-0.000066 -0.000046 0.100792 0.045074
20.946689 1.098982 26.604271 1.969005
0.480486 0.100585 -0.000339 -0.000043
0.100585 0.045050 -0.000043 -0.000038
-0.000339 -0.000043 0.480549 0.100654
-0.000043 -0.000038 0.100654 0.045063
21.913821 1.186607 27.668910 1.985838
0.478996 0.100494 -0.000195 -0.000025
0.100494 0.045043 -0.000025 -0.000031
-0.000195 -0.000025 0.479382 0.100613
-0.000025 -0.000031 0.100613 0.045063
22.276001 1.138025 28.742913 2.002882
0.477885 0.100453 -0.000149 -0.000025
0.100453 0.045037 -0.000025 -0.000028
-0.000149 -0.000025 0.478670 0.100636
-0.000025 -0.000028 0.100636 0.045068
23.156722 1.203653 29.660543 1.985237
0.477045 0.100437 -0.000148 -0.000032
0.100437 0.045030 -0.000032 -0.000026
-0.000148 -0.000032 0.478306 0.100697
-0.000032 -0.000026 0.100697 0.045074
23.453540 1.139356 30.320867 1.915211
0.476411 0.100434 -0.000244 -0.000056
0.100434 0.045019 -0.000056 -0.000028
-0.000244 -0.000056 0.478182 0.100774
-0.000056 -0.000028 0.100774 0.045077
23.992515 1.132873 31.605073 1.984089
0.475934 0.100436 -0.000359 -0.000080
0.100436 0.045006 -0.000080 -0.000030
-0.000359 -0.000080 0.478210 0.100851
-0.000080 -0.000030 0.100851 0.045077
24.744705 1.172103 32.349618 1.931870
0.475488 0.100419 -0.000538 -0.000114
0.100419 0.044986 -0.000114 -0.000034
-0.000538 -0.000114 0.478415 0.100939
-0.000114 -0.000034 0.100939 0.045076
25.387006 1.183989 33.274095 1.923122
0.475117 0.100399 -0.000794 -0.000161
0.100399 0.044964 -0.000161 -0.000041
-0.000794 -0.000161 0.478673 0.101014
-0.000161 -0.000041 0.101014 0.045072
26.613042 1.318035 34.427962 1.963729
0.474762 0.100367 -0.001112 -0.000217
0.100367 0.044940 -0.000217 -0.000049
-0.001112 -0.000217 0.478990 0.101084
-0.000217 -0.000049 0.101084 0.045067
27.174880 1.297471 35.222835 1.924265
0.474403 0.100322 -0.001601 -0.000304
0.100322 0.044915 -0.000305 -0.000064
-0.001601 -0.000305 0.479351 0.101148
-0.000304 -0.000064 0.101148 0.045062
28.163111 1.369323 36.532238 1.997567
0.474051 0.100272 -0.002112 -0.000390
0.100272 0.044890 -0.000390 -0.000078
-0.002112 -0.000390 0.479719 0.101204
-0.000390 -0.000078 0.101204 0.045057
28.518039 1.299609 37.787385 2.051577
0.473637 0.100203 -0.002765 -0.000500
0.100203 0.044862 -0.000501 -0.000097
-0.002765 -0.000501 0.480154 0.101266
-0.000500 -0.000097 0.101266 0.045055
29.493754 1.368615 38.989236 2.088777
0.473117 0.100110 -0.003420 -0.000604
0.100110 0.044831 -0.000605 -0.000115
-0.003420 -0.000605 0.480694 0.101345
-0.000604 -0.000115 0.101345 0.045058
30.453758 1.427238 40.869389 2.265003
0.472569 0.100012 -0.004215 -0.000733
0.100012 0.044802 -0.000734 -0.000138
-0.004215 -0.000734 0.481261 0.101423
-0.000733 -0.000138 0.101423 0.045064
30.932249 1.377209 41.398955 2.137891
0.471840 0.099879 -0.005211 -0.000897
0.099879 0.044767 -0.000898 -0.000168
-0.005211 -0.000898 0.482023 0.101539
-0.000897 -0.000168 0.101539 0.045078
31.769432 1.408478 42.110492 2.062718
0.471224 0.099775 -0.006123 -0.001036
0.099775 0.044741 -0.001037 -0.000192
-0.006123 -0.001037 0.482667 0.101624
-0.001036 -0.000192 0.101624 0.045087
32.626721 1.441062 43.393969 2.115876
0.470703 0.099695 -0.007081 -0.001179
0.099695 0.044721 -0.001181 -0.000218
-0.007081 -0.001181 0.483220 0.101687
-0.001179 -0.000218 0.101687 0.045093
33.258353 1.422013 44.183122 2.059268
0.470122 0.099602 -0.008164 -0.001345
0.099602 0.044699 -0.001347 -0.000249
-0.008164 -0.001347 0.483854 0.101769
-0.001345 -0.000249 0.101769 0.045105
33.751650 1.375697 45.027387 2.020093
0.469586 0.099521 -0.009233 -0.001502
0.099521 0.044680 -0.001505 -0.000278
-0.009233 -0.001505 0.484454 0.101844
-0.001502 -0.000278 0.101844 0.045116
34.452660 1.378042 45.625808 1.933607
0.469051 0.099440 -0.010264 -0.001649
0.099440 0.044661 -0.001651 -0.000305
-0.010264 -0.001651 0.485066 0.101922
-0.001649 -0.000305 0.101922 0.045130
35.205844 1.391714 46.643988 1.944478
0.468617 0.099381 -0.011297 -0.001793
0.099381 0.044647 -0.001796 -0.000333
-0.011297 -0.001796 0.485588 0.101981
-0.001793 -0.000333 0.101981 0.045140
35.331393 1.270912 47.762880 1.974475
0.468158 0.099315 -0.012417 -0.001956
0.099315 0.044631 -0.001959 -0.000365
-0.012417 -0.001959 0.486165 0.102055
-0.001956 -0.000365 0.102055 0.045154
35.629683 1.199158 48.627426 1.948203
0.467532 0.099213 -0.013436 -0.002095
0.099213 0.044608 -0.002098 -0.000393
-0.013436 -0.002098 0.486932 0.102170
-0.002095 -0.000393 0.102170 0.045178
