4.314525 2.687942 0.472919 -0.702876
2.490737 0.996316 -0.101026 -0.040411
0.996316 80.402602 -0.040411 -0.016165
-0.101026 -0.040411 2.420540 0.968237
-0.040411 -0.016165 0.968237 80.391370
3.811972 -0.516590 2.485450 3.424361
2.237175 3.906707 -0.097123 -0.150646
3.906707 15.270444 -0.149577 -0.519794
-0.097123 -0.149577 2.291719 4.015916
-0.150646 -0.519794 4.015916 15.282840
4.563057 0.651006 3.424275 2.536527
2.003875 2.321930 -0.084550 -0.092573
2.321930 4.590404 -0.092511 -0.176814
-0.084550 -0.092511 2.005690 2.308601
-0.092573 -0.176814 2.308601 4.525583
5.474024 1.143334 3.129628 1.224741
1.717496 1.449090 -0.068187 -0.055737
1.449090 1.921401 -0.055705 -0.074476
-0.068187 -0.055705 1.715784 1.440604
-0.055737 -0.074476 1.440604 1.900867
7.397144 2.037534 6.077915 2.763686
1.480142 0.978431 -0.057713 -0.037648
0.978431 0.979391 -0.037630 -0.038398
-0.057713 -0.037630 1.486571 0.979153
-0.037648 -0.038398 0.979153 0.975085
7.580941 1.583763 7.308971 2.682004
1.298212 0.705502 -0.042404 -0.022967
0.705502 0.569271 -0.022945 -0.020044
-0.042404 -0.022945 1.302008 0.705291
-0.022967 -0.020044 0.705291 0.566959
7.872200 1.352772 7.590778 2.194292
1.155464 0.533677 -0.033675 -0.015821
0.533677 0.362866 -0.015803 -0.012016
-0.033675 -0.015803 1.155807 0.532353
-0.015821 -0.012016 0.532353 0.361161
8.947508 1.513643 7.774698 1.827490
1.040175 0.418552 -0.028534 -0.011897
0.418552 0.248031 -0.011885 -0.007904
-0.028534 -0.011885 1.039481 0.417332
-0.011897 -0.007904 0.417332 0.246979
9.402979 1.405885 8.749620 1.849464
0.945277 0.337940 -0.024467 -0.009177
0.337940 0.179429 -0.009169 -0.005428
-0.024467 -0.009169 0.945669 0.337477
-0.009177 -0.005428 0.337477 0.178966
10.855162 1.648294 8.482294 1.464846
0.867411 0.280043 -0.021050 -0.007184
0.280043 0.136368 -0.007178 -0.003843
-0.021050 -0.007178 0.867751 0.279739
-0.007184 -0.003843 0.279739 0.136102
11.237519 1.517801 8.888074 1.368569
0.801637 0.237024 -0.018206 -0.005705
0.237024 0.108118 -0.005701 -0.002793
-0.018206 -0.005701 0.803585 0.237308
-0.005705 -0.002793 0.237308 0.108106
12.304948 1.602046 10.647968 1.663059
0.746638 0.204732 -0.015986 -0.004632
0.204732 0.089098 -0.004629 -0.002087
-0.015986 -0.004629 0.749364 0.205246
-0.004632 -0.002087 0.205246 0.089177
13.021084 1.579895 12.796931 2.001537
0.700558 0.180185 -0.013565 -0.003661
0.180185 0.076004 -0.003659 -0.001552
-0.013565 -0.003659 0.703088 0.180631
-0.003661 -0.001552 0.180631 0.076077
13.742356 1.563142 13.875134 2.020404
0.661853 0.161343 -0.011232 -0.002844
0.161343 0.066842 -0.002842 -0.001155
-0.011232 -0.002842 0.663476 0.161557
-0.002844 -0.001155 0.161557 0.066865
13.756372 1.384129 14.562030 1.945136
0.628981 0.146716 -0.009289 -0.002220
0.146716 0.060343 -0.002218 -0.000870
-0.009289 -0.002218 0.629897 0.146777
-0.002220 -0.000870 0.146777 0.060340
13.927895 1.266938 15.042613 1.834478
0.601151 0.135349 -0.007815 -0.001771
0.135349 0.055709 -0.001770 -0.000671
-0.007815 -0.001770 0.601408 0.135284
-0.001771 -0.000671 0.135284 0.055687
14.095724 1.164953 15.991253 1.841333
0.577599 0.126508 -0.006666 -0.001438
0.126508 0.052398 -0.001436 -0.000526
-0.006666 -0.001436 0.577359 0.126366
-0.001438 -0.000526 0.126366 0.052367
15.284993 1.295140 16.982500 1.856524
0.557815 0.119673 -0.005677 -0.001167
0.119673 0.050043 -0.001165 -0.000414
-0.005677 -0.001165 0.557097 0.119461
-0.001167 -0.000414 0.119461 0.050004
15.685679 1.242932 17.766309 1.825961
0.541174 0.114397 -0.004725 -0.000925
0.114397 0.048374 -0.000924 -0.000324
-0.004725 -0.000924 0.540261 0.114178
-0.000925 -0.000324 0.114178 0.048339
16.336134 1.248988 18.613781 1.812254
0.527367 0.110381 -0.003912 -0.000730
0.110381 0.047210 -0.000729 -0.000254
-0.003912 -0.000729 0.526313 0.110163
-0.000730 -0.000254 0.110163 0.047178
17.115231 1.281139 19.430034 1.793579
0.516002 0.107363 -0.003193 -0.000567
0.107363 0.046410 -0.000567 -0.000199
-0.003193 -0.000567 0.514894 0.107158
-0.000567 -0.000199 0.107158 0.046383
18.327107 1.399758 20.806541 1.893256
0.506741 0.105129 -0.002561 -0.000433
0.105129 0.045873 -0.000433 -0.000156
-0.002561 -0.000433 0.505664 0.104950
-0.000433 -0.000156 0.104950 0.045852
19.152034 1.425677 21.721411 1.886692
0.499277 0.103509 -0.001977 -0.000315
0.103509 0.045523 -0.000315 -0.000120
-0.001977 -0.000315 0.498319 0.103368
-0.000315 -0.000120 0.103368 0.045509
19.306805 1.309947 23.041735 1.964865
0.493354 0.102367 -0.001491 -0.000224
0.102367 0.045304 -0.000224 -0.000093
-0.001491 -0.000224 0.492555 0.102266
-0.000224 -0.000093 0.102266 0.045297
20.062411 1.330850 23.923797 1.944003
0.488738 0.101590 -0.001077 -0.000151
0.101590 0.045174 -0.000151 -0.000072
-0.001077 -0.000151 0.488103 0.101525
-0.000151 -0.000072 0.101525 0.045172
21.002149 1.388069 25.464331 2.062558
0.485179 0.101081 -0.000757 -0.000099
0.101081 0.045102 -0.000099 -0.000057
-0.000757 -0.000099 0.484756 0.101057
-0.000099 -0.000057 0.101057 0.045105
20.967054 1.235775 26.325163 2.026874
0.482445 0.100759 -0.000528 -0.000066
0.100759 0.045064 -0.000066 -0.000046
-0.000528 -0.000066 0.482340 0.100794
-0.000066 -0.000046 0.100794 0.045076
21.941226 1.310362 27.310629 2.021038
0.480404 0.100573 -0.000342 -0.000041
0.100573 0.045046 -0.000041 -0.000038
-0.000342 -0.000041 0.480632 0.100666
-0.000041 -0.000038 0.100666 0.045067
22.740418 1.340602 28.970758 2.157377
0.478880 0.100475 -0.000263 -0.000037
0.100475 0.045038 -0.000037 -0.000034
-0.000263 -0.000037 0.479499 0.100633
-0.000037 -0.000034 0.100633 0.045069
23.484218 1.356040 29.395503 2.019900
0.477687 0.100417 -0.000284 -0.000051
0.100417 0.045029 -0.000051 -0.000033
-0.000284 -0.000051 0.478869 0.100672
-0.000051 -0.000033 0.100672 0.045077
24.424441 1.411247 30.253422 1.987898
0.476848 0.100403 -0.000381 -0.000076
0.100403 0.045022 -0.000076 -0.000035
-0.000381 -0.000076 0.478505 0.100731
-0.000076 -0.000035 0.100731 0.045081
24.681485 1.316673 31.395570 2.019124
0.476231 0.100405 -0.000577 -0.000118
0.100405 0.045013 -0.000118 -0.000041
-0.000577 -0.000118 0.478364 0.100803
-0.000118 -0.000041 0.100803 0.045083
24.765932 1.195558 32.628938 2.066309
0.475709 0.100398 -0.000794 -0.000159
0.100398 0.044998 -0.000159 -0.000045
-0.000794 -0.000159 0.478440 0.100890
-0.000159 -0.000045 0.100890 0.045085
25.110724 1.142120 33.587729 2.050611
0.475207 0.100371 -0.001008 -0.000195
0.100371 0.044976 -0.000195 -0.000049
-0.001008 -0.000195 0.478703 0.100988
-0.000195 -0.000049 0.100988 0.045086
25.920576 1.192599 34.789883 2.087941
0.474742 0.100334 -0.001249 -0.000234
0.100334 0.044951 -0.000234 -0.000054
-0.001249 -0.000234 0.479059 0.101081
-0.000234 -0.000054 0.101081 0.045085
26.249098 1.135946 35.477732 2.012775
0.474266 0.100280 -0.001608 -0.000295
0.100280 0.044923 -0.000295 -0.000063
-0.001608 -0.000295 0.479502 0.101174
-0.000295 -0.000063 0.101174 0.045085
26.448792 1.058040 36.429352 2.001172
0.473830 0.100224 -0.001964 -0.000351
0.100224 0.044896 -0.000351 -0.000071
-0.001964 -0.000351 0.479944 0.101250
-0.000351 -0.000071 0.101250 0.045081
27.425119 1.152530 36.585721 1.823204
0.473358 0.100154 -0.002309 -0.000402
0.100154 0.044867 -0.000402 -0.000079
-0.002309 -0.000402 0.480436 0.101325
-0.000402 -0.000079 0.101325 0.045080
28.055475 1.163996 37.577645 1.840151
0.473049 0.100114 -0.002752 -0.000472
0.100114 0.044846 -0.000472 -0.000091
-0.002752 -0.000472 0.480761 0.101358
-0.000472 -0.000091 0.101358 0.045071
28.652684 1.167317 38.849795 1.914355
0.472688 0.100057 -0.003270 -0.000554
0.100057 0.044823 -0.000554 -0.000105
-0.003270 -0.000554 0.481135 0.101398
-0.000554 -0.000105 0.101398 0.045067
29.231351 1.166216 39.681725 1.887968
0.472216 0.099974 -0.003875 -0.000651
0.099974 0.044796 -0.000652 -0.000123
-0.003875 -0.000652 0.481619 0.101461
-0.000651 -0.000123 0.101461 0.045070
30.212720 1.250479 40.457534 1.852721
0.471738 0.099891 -0.004520 -0.000752
0.099891 0.044771 -0.000753 -0.000142
-0.004520 -0.000753 0.482103 0.101521
-0.000752 -0.000142 0.101521 0.045074
30.561833 1.192017 41.426129 1.861472
0.471311 0.099821 -0.005294 -0.000876
0.099821 0.044750 -0.000878 -0.000165
-0.005294 -0.000878 0.482536 0.101570
-0.000876 -0.000165 0.101570 0.045077
31.224620 1.206311 42.603584 1.913424
0.470813 0.099735 -0.006047 -0.000991
0.099735 0.044727 -0.000993 -0.000186
-0.006047 -0.000993 0.483046 0.101635
-0.000991 -0.000186 0.101635 0.045085
32.873379 1.428149 43.961835 1.998609
0.470237 0.099636 -0.006892 -0.001121
0.099636 0.044702 -0.001123 -0.000210
-0.006892 -0.001123 0.483647 0.101719
-0.001121 -0.000210 0.101719 0.045099
33.465923 1.402359 44.922939 1.990479
0.469686 0.099545 -0.008119 -0.001328
0.099545 0.044681 -0.001330 -0.000251
-0.008119 -0.001330 0.484259 0.101804
-0.001328 -0.000251 0.101804 0.045113
34.051588 1.377490 45.515501 1.905748
0.469117 0.099453 -0.009329 -0.001520
0.099453 0.044659 -0.001523 -0.000287
-0.009329 -0.001523 0.484908 0.101895
-0.001520 -0.000287 0.101895 0.045129
34.733714 1.375412 45.847566 1.775334
0.468635 0.099382 -0.010474 -0.001691
0.099382 0.044643 -0.001694 -0.000319
-0.010474 -0.001694 0.485481 0.101969
-0.001691 -0.000319 0.101969 0.045142
35.286797 1.346672 46.592260 1.745146
0.468313 0.099344 -0.011558 -0.001844
0.099344 0.044634 -0.001848 -0.000347
-0.011558 -0.001848 0.485896 0.102010
-0.001844 -0.000347 0.102010 0.045149
35.912123 1.337495 48.186113 1.896469
0.467984 0.099302 -0.012620 -0.001991
0.099302 0.044624 -0.001996 -0.000375
-0.012620 -0.001996 0.486337 0.102060
-0.001991 -0.000375 0.102060 0.045159
