6.414735 3.528044 2.906534 0.270592
2.490737 0.996316 -0.101026 -0.040411
0.996316 80.402602 -0.040411 -0.016165
-0.101026 -0.040411 2.420540 0.968237
-0.040411 -0.016165 0.968237 80.391370
3.708447 -4.291204 1.763532 -2.009053
2.240608 3.912915 -0.073014 -0.108360
3.912915 15.281655 -0.107532 -0.446046
-0.073014 -0.107532 2.284435 4.003359
-0.108360 -0.446046 4.003359 15.261201
6.729373 1.695000 1.749552 -0.865509
2.000383 2.317349 -0.101786 -0.116129
2.317349 4.585074 -0.116271 -0.204303
-0.101786 -0.116271 2.012374 2.317428
-0.116129 -0.204303 2.317428 4.535807
6.300291 0.617444 1.180310 -0.981858
1.700530 1.435005 -0.073113 -0.059014
1.435005 1.909908 -0.058958 -0.074849
-0.073113 -0.058958 1.733900 1.455439
-0.059014 -0.074849 1.455439 1.912558
7.725683 1.358043 2.395200 0.141248
1.467188 0.970919 -0.063014 -0.040328
0.970919 0.975019 -0.040302 -0.039046
-0.063014 -0.040302 1.500792 0.987312
-0.040328 -0.039046 0.987312 0.979672
7.569707 0.904641 4.085269 1.016759
1.286302 0.700000 -0.050073 -0.026452
0.700000 0.566608 -0.026422 -0.021352
-0.050073 -0.026422 1.315368 0.711428
-0.026452 -0.021352 0.711428 0.569852
7.852626 0.826391 4.922980 1.168146
1.146490 0.530351 -0.041171 -0.018658
0.530351 0.361500 -0.018635 -0.012971
-0.041171 -0.018635 1.165950 0.536097
-0.018658 -0.012971 0.536097 0.362654
8.963637 1.107576 5.277819 1.076321
1.033547 0.416517 -0.034764 -0.013857
0.416517 0.247280 -0.013839 -0.008471
-0.034764 -0.013839 1.046975 0.419621
-0.013857 -0.008471 0.419621 0.247796
9.251009 1.012206 5.960160 1.127696
0.940080 0.336551 -0.029452 -0.010504
0.336551 0.178941 -0.010490 -0.005766
-0.029452 -0.010490 0.951515 0.339025
-0.010504 -0.005766 0.339025 0.179489
10.905164 1.383322 7.200831 1.345517
0.863069 0.278990 -0.025446 -0.008233
0.278990 0.136009 -0.008221 -0.004101
-0.025446 -0.008221 0.872619 0.280906
-0.008233 -0.004101 0.280906 0.136488
11.507671 1.356931 9.088494 1.703836
0.798543 0.236374 -0.021251 -0.006301
0.236374 0.107894 -0.006291 -0.002922
-0.021251 -0.006291 0.807018 0.238017
-0.006301 -0.002922 0.238017 0.108342
12.976831 1.573952 9.874149 1.685688
0.744832 0.204434 -0.017612 -0.004837
0.204434 0.088978 -0.004827 -0.002120
-0.017612 -0.004827 0.751334 0.205559
-0.004837 -0.002120 0.205559 0.089299
12.653097 1.288064 10.999465 1.758194
0.699078 0.179942 -0.014499 -0.003721
0.179942 0.075900 -0.003713 -0.001562
-0.014499 -0.003713 0.704653 0.180875
-0.003721 -0.001562 0.180875 0.076181
12.293569 1.043226 10.918898 1.524645
0.660608 0.161137 -0.012265 -0.002966
0.161137 0.066752 -0.002959 -0.001190
-0.012265 -0.002959 0.664799 0.161768
-0.002966 -0.001190 0.161768 0.066959
12.993631 1.084916 12.232268 1.652993
0.627887 0.146530 -0.010831 -0.002481
0.146530 0.060262 -0.002476 -0.000942
-0.010831 -0.002476 0.631091 0.146977
-0.002481 -0.000942 0.146977 0.060426
13.284124 1.028210 13.409253 1.731772
0.600177 0.135180 -0.009395 -0.002042
0.135180 0.055638 -0.002037 -0.000743
-0.009395 -0.002037 0.602471 0.135467
-0.002042 -0.000743 0.135467 0.055763
14.181506 1.112294 14.878096 1.863764
0.576813 0.126375 -0.008107 -0.001674
0.126375 0.052340 -0.001671 -0.000588
-0.008107 -0.001671 0.578218 0.126511
-0.001674 -0.000588 0.126511 0.052430
14.990742 1.166738 16.387044 1.987531
0.557134 0.119556 -0.006830 -0.001340
0.119556 0.049993 -0.001337 -0.000461
-0.006830 -0.001337 0.557828 0.119585
-0.001340 -0.000461 0.119585 0.050057
15.833347 1.221445 16.991953 1.905435
0.540672 0.114314 -0.005627 -0.001048
0.114314 0.048335 -0.001046 -0.000359
-0.005627 -0.001046 0.540796 0.114266
-0.001048 -0.000359 0.114266 0.048381
16.686595 1.272404 18.602673 2.043209
0.526939 0.110310 -0.004612 -0.000816
0.110310 0.047176 -0.000815 -0.000281
-0.004612 -0.000815 0.526764 0.110239
-0.000816 -0.000281 0.110239 0.047214
17.618512 1.334023 19.904225 2.101549
0.515658 0.107305 -0.003671 -0.000615
0.107305 0.046382 -0.000614 -0.000218
-0.003671 -0.000614 0.515252 0.107218
-0.000615 -0.000218 0.107218 0.046413
18.298433 1.336878 21.588361 2.232994
0.506463 0.105082 -0.002847 -0.000450
0.105082 0.045850 -0.000449 -0.000169
-0.002847 -0.000449 0.505949 0.104999
-0.000450 -0.000169 0.104999 0.045877
18.372527 1.213626 22.614890 2.214182
0.499070 0.103474 -0.002130 -0.000316
0.103474 0.045504 -0.000315 -0.000130
-0.002130 -0.000315 0.498530 0.103405
-0.000316 -0.000130 0.103405 0.045530
19.104088 1.239456 23.466178 2.161101
0.493220 0.102344 -0.001543 -0.000213
0.102344 0.045289 -0.000212 -0.000101
-0.001543 -0.000212 0.492693 0.102290
-0.000213 -0.000101 0.102290 0.045312
19.420584 1.176347 24.112855 2.070804
0.488631 0.101571 -0.001082 -0.000139
0.101571 0.045162 -0.000138 -0.000079
-0.001082 -0.000138 0.488214 0.101546
-0.000139 -0.000079 0.101546 0.045185
20.635491 1.306905 25.030393 2.046317
0.485106 0.101067 -0.000725 -0.000086
0.101067 0.045092 -0.000086 -0.000063
-0.000725 -0.000086 0.484833 0.101073
-0.000086 -0.000063 0.101073 0.045116
21.430156 1.336442 26.548246 2.149706
0.482412 0.100751 -0.000486 -0.000057
0.100751 0.045056 -0.000057 -0.000053
-0.000486 -0.000057 0.482377 0.100802
-0.000057 -0.000053 0.100802 0.045084
22.673641 1.456887 27.880113 2.203569
0.480355 0.100561 -0.000338 -0.000044
0.100561 0.045038 -0.000044 -0.000046
-0.000338 -0.000044 0.480684 0.100679
-0.000044 -0.000046 0.100679 0.045075
23.835744 1.547869 28.854123 2.176764
0.478796 0.100455 -0.000327 -0.000056
0.100455 0.045029 -0.000056 -0.000044
-0.000327 -0.000056 0.479587 0.100654
-0.000056 -0.000044 0.100654 0.045078
24.593637 1.544496 29.835208 2.154206
0.477649 0.100408 -0.000445 -0.000090
0.100408 0.045024 -0.000090 -0.000047
-0.000445 -0.000090 0.478911 0.100683
-0.000090 -0.000047 0.100683 0.045082
25.505353 1.573859 30.206329 2.005586
0.476800 0.100392 -0.000644 -0.000134
0.100392 0.045017 -0.000134 -0.000051
-0.000644 -0.000134 0.478557 0.100744
-0.000134 -0.000051 0.100744 0.045087
25.985171 1.509115 31.572618 2.082181
0.476240 0.100406 -0.000908 -0.000186
0.100406 0.045011 -0.000186 -0.000057
-0.000908 -0.000186 0.478360 0.100803
-0.000186 -0.000057 0.100803 0.045085
26.788258 1.519353 32.502022 2.058630
0.475750 0.100405 -0.001231 -0.000244
0.100405 0.044997 -0.000244 -0.000064
-0.001231 -0.000244 0.478405 0.100884
-0.000244 -0.000064 0.100884 0.045085
27.389326 1.485870 33.785513 2.112243
0.475359 0.100401 -0.001632 -0.000313
0.100401 0.044980 -0.000313 -0.000073
-0.001632 -0.000313 0.478558 0.100960
-0.000313 -0.000073 0.100960 0.045082
28.017705 1.461619 34.467635 2.033312
0.474959 0.100374 -0.002102 -0.000391
0.100374 0.044958 -0.000391 -0.000085
-0.002102 -0.000391 0.478852 0.101043
-0.000391 -0.000085 0.101043 0.045079
28.575348 1.424958 35.179963 1.969065
0.474627 0.100347 -0.002597 -0.000470
0.100347 0.044935 -0.000470 -0.000096
-0.002597 -0.000470 0.479154 0.101108
-0.000470 -0.000096 0.101108 0.045073
29.553189 1.480968 35.680769 1.867064
0.474328 0.100315 -0.003110 -0.000548
0.100315 0.044912 -0.000548 -0.000108
-0.003110 -0.000548 0.479460 0.101161
-0.000548 -0.000108 0.101161 0.045065
29.898265 1.397413 36.910355 1.929397
0.474126 0.100295 -0.003698 -0.000638
0.100295 0.044893 -0.000638 -0.000123
-0.003698 -0.000638 0.479684 0.101187
-0.000638 -0.000123 0.101187 0.045054
30.218490 1.317394 38.022396 1.960328
0.473797 0.100240 -0.004310 -0.000730
0.100240 0.044868 -0.000730 -0.000138
-0.004310 -0.000730 0.480040 0.101236
-0.000730 -0.000138 0.101236 0.045050
30.395009 1.215434 39.149408 1.991065
0.473370 0.100161 -0.004929 -0.000820
0.100161 0.044840 -0.000821 -0.000154
-0.004929 -0.000821 0.480491 0.101300
-0.000820 -0.000154 0.101300 0.045051
31.097625 1.235341 39.824999 1.923687
0.472832 0.100061 -0.005528 -0.000904
0.100061 0.044810 -0.000905 -0.000168
-0.005528 -0.000905 0.481048 0.101382
-0.000904 -0.000168 0.101382 0.045057
31.355375 1.159257 40.939086 1.955530
0.472361 0.099977 -0.006188 -0.001000
0.099977 0.044785 -0.001000 -0.000186
-0.006188 -0.001000 0.481534 0.101443
-0.001000 -0.000186 0.101443 0.045061
31.959053 1.164368 41.944265 1.961321
0.471788 0.099875 -0.006848 -0.001094
0.099875 0.044758 -0.001094 -0.000204
-0.006848 -0.001094 0.482124 0.101525
-0.001094 -0.000204 0.101525 0.045070
32.373904 1.129089 43.109589 2.000053
0.471198 0.099772 -0.007589 -0.001205
0.099772 0.044733 -0.001205 -0.000225
-0.007589 -0.001205 0.482738 0.101609
-0.001205 -0.000225 0.101609 0.045081
32.986149 1.139242 44.163049 2.011340
0.470526 0.099657 -0.008374 -0.001322
0.099657 0.044706 -0.001322 -0.000248
-0.008374 -0.001322 0.483447 0.101711
-0.001322 -0.000248 0.101711 0.045097
33.721492 1.174145 44.966270 1.968937
0.469841 0.099543 -0.009244 -0.001455
0.099543 0.044681 -0.001454 -0.000275
-0.009244 -0.001454 0.484187 0.101817
-0.001455 -0.000275 0.101817 0.045114
34.030027 1.115093 45.940327 1.966426
0.469234 0.099450 -0.010193 -0.001600
0.099450 0.044661 -0.001600 -0.000304
-0.010193 -0.001600 0.484866 0.101907
-0.001600 -0.000304 0.101907 0.045129
34.299906 1.053512 46.468768 1.870513
0.468576 0.099347 -0.011110 -0.001736
0.099347 0.044639 -0.001736 -0.000331
-0.011110 -0.001736 0.485614 0.102012
-0.001736 -0.000331 0.102012 0.045147
34.677393 1.021299 47.014328 1.788471
0.467994 0.099263 -0.011930 -0.001848
0.099263 0.044621 -0.001848 -0.000353
-0.011930 -0.001848 0.486290 0.102099
-0.001848 -0.000353 0.102099 0.045163
35.656642 1.120360 47.653598 1.735674
0.467485 0.099195 -0.012710 -0.001952
0.099195 0.044606 -0.001952 -0.000374
-0.012710 -0.001952 0.486898 0.102174
-0.001952 -0.000374 0.102174 0.045177
