3.026167 2.172587 1.433054 -0.318813
2.053490 0.821414 -0.226717 -0.090689
0.821414 80.332639 -0.090689 -0.036276
-0.226717 -0.090689 3.101368 1.240574
-0.090689 -0.036276 1.240574 80.500307
5.661669 4.902988 -0.579463 -3.431784
3.438552 6.118928 -1.086140 -1.775528
6.118928 18.038037 -1.896893 -3.744669
-1.086140 -1.896893 2.195727 3.703044
-1.775528 -3.744669 3.703044 16.380609
6.887744 3.741697 1.712729 1.362544
2.757555 2.984105 -0.372777 -0.247432
2.984105 4.966197 -0.333943 -0.469209
-0.372777 -0.333943 1.669858 2.007768
-0.247432 -0.469209 2.007768 4.587686
7.624199 2.840848 1.129761 0.193272
1.779018 1.394161 -0.074997 -0.011679
1.394161 1.781495 -0.043549 -0.125660
-0.074997 -0.043549 1.687397 1.510993
-0.011679 -0.125660 1.510993 2.103504
9.463057 3.093243 3.255814 1.592695
1.513974 0.956216 -0.024537 -0.009458
0.956216 0.946157 -0.024021 -0.075484
-0.024537 -0.024021 1.460604 1.005587
-0.009458 -0.075484 1.005587 1.035772
9.758622 2.432642 4.034670 1.589178
1.183079 0.625818 -0.084468 -0.053169
0.625818 0.526098 -0.060679 -0.070847
-0.084468 -0.060679 1.459744 0.816870
-0.053169 -0.070847 0.816870 0.644894
10.012759 1.991789 4.863180 1.612091
1.007866 0.462695 -0.131113 -0.068666
0.462695 0.335188 -0.073333 -0.057070
-0.131113 -0.073333 1.394717 0.652715
-0.068666 -0.057070 0.652715 0.421774
10.464178 1.770651 5.741285 1.644640
0.899941 0.365840 -0.169307 -0.073929
0.365840 0.232344 -0.077218 -0.045402
-0.169307 -0.077218 1.306793 0.525118
-0.073929 -0.045402 0.525118 0.290395
10.942627 1.619580 7.392086 1.938157
0.828206 0.302351 -0.194673 -0.072547
0.302351 0.171361 -0.075092 -0.035782
-0.194673 -0.075092 1.209394 0.426518
-0.072547 -0.035782 0.426518 0.209049
11.399216 1.502016 9.159659 2.190452
0.786986 0.261011 -0.213267 -0.069215
0.261011 0.133826 -0.071356 -0.028636
-0.213267 -0.071356 1.098138 0.346251
-0.069215 -0.028636 0.346251 0.155429
12.390032 1.574957 10.178483 2.168508
0.759012 0.230922 -0.213191 -0.061251
0.230922 0.108924 -0.063038 -0.022128
-0.213191 -0.063038 0.982278 0.281524
-0.061251 -0.022128 0.281524 0.119248
13.054898 1.537219 10.519961 1.971377
0.724466 0.204080 -0.197269 -0.050770
0.204080 0.090667 -0.052130 -0.016477
-0.197269 -0.052130 0.888296 0.235032
-0.050770 -0.016477 0.235032 0.095835
13.993489 1.578140 10.792192 1.794759
0.687151 0.181021 -0.178723 -0.041653
0.181021 0.077318 -0.042642 -0.012352
-0.178723 -0.042642 0.816599 0.202215
-0.041653 -0.012352 0.202215 0.080531
14.586876 1.533643 12.335473 1.945907
0.648736 0.161455 -0.158305 -0.033690
0.161455 0.067516 -0.034323 -0.009267
-0.158305 -0.034323 0.760921 0.178467
-0.033690 -0.009267 0.178467 0.070227
14.361052 1.299089 13.682900 2.023715
0.618777 0.146978 -0.137091 -0.026750
0.146978 0.060769 -0.027179 -0.006944
-0.137091 -0.027179 0.707174 0.158734
-0.026750 -0.006944 0.158734 0.062641
14.787990 1.246888 14.588325 1.998774
0.597697 0.136693 -0.119177 -0.021450
0.136693 0.056186 -0.021832 -0.005339
-0.119177 -0.021832 0.657454 0.142637
-0.021450 -0.005339 0.142637 0.057082
15.530432 1.276293 15.904295 2.067206
0.578982 0.128437 -0.102614 -0.017094
0.128437 0.052849 -0.017433 -0.004143
-0.102614 -0.017433 0.616691 0.130549
-0.017094 -0.004143 0.130549 0.053216
15.703975 1.175687 17.014020 2.079181
0.562253 0.121809 -0.085696 -0.013145
0.121809 0.050425 -0.013433 -0.003164
-0.085696 -0.013433 0.582668 0.121351
-0.013145 -0.003164 0.121351 0.050504
16.289883 1.178182 18.382889 2.147451
0.548890 0.116819 -0.070759 -0.009978
0.116819 0.048737 -0.010244 -0.002444
-0.070759 -0.010244 0.554296 0.114347
-0.009978 -0.002444 0.114347 0.048596
16.569949 1.112822 19.438115 2.141076
0.537329 0.112902 -0.056397 -0.007190
0.112902 0.047539 -0.007433 -0.001856
-0.056397 -0.007433 0.531377 0.109184
-0.007190 -0.001856 0.109184 0.047292
17.061885 1.093507 19.752449 1.984687
0.527730 0.109915 -0.043837 -0.004966
0.109915 0.046713 -0.005191 -0.001419
-0.043837 -0.005191 0.513322 0.105483
-0.004966 -0.001419 0.105483 0.046421
17.501742 1.069287 20.448459 1.922745
0.519052 0.107501 -0.034026 -0.003432
0.107501 0.046120 -0.003631 -0.001137
-0.034026 -0.003631 0.500315 0.103094
-0.003432 -0.001137 0.103094 0.045891
18.195765 1.108015 22.389025 2.126637
0.511530 0.105626 -0.025739 -0.002257
0.105626 0.045716 -0.002431 -0.000928
-0.025739 -0.002431 0.490775 0.101556
-0.002257 -0.000928 0.101556 0.045569
18.401563 1.035444 23.314183 2.096127
0.504434 0.104069 -0.017112 -0.001017
0.104069 0.045425 -0.001167 -0.000698
-0.017112 -0.001167 0.484344 0.100715
-0.001017 -0.000698 0.100715 0.045400
19.278242 1.111224 24.793528 2.187698
0.498283 0.102869 -0.009859 -0.000073
0.102869 0.045233 -0.000202 -0.000524
-0.009859 -0.000202 0.480268 0.100338
-0.000073 -0.000524 0.100338 0.045321
20.093054 1.164275 25.683709 2.145725
0.491461 0.101640 -0.003877 0.000622
0.101640 0.045045 0.000518 -0.000391
-0.003877 0.000518 0.479443 0.100578
0.000622 -0.000391 0.100578 0.045357
20.765481 1.182568 26.508836 2.093771
0.484759 0.100529 0.000062 0.000929
0.100529 0.044886 0.000848 -0.000327
0.000062 0.000848 0.480642 0.101130
0.000929 -0.000327 0.101130 0.045440
21.613442 1.235777 27.313098 2.042885
0.478390 0.099556 0.002228 0.000936
0.099556 0.044753 0.000874 -0.000312
0.002228 0.000874 0.483184 0.101840
0.000936 -0.000312 0.101840 0.045538
22.206479 1.230492 27.638952 1.896194
0.472348 0.098694 0.002436 0.000623
0.098694 0.044636 0.000574 -0.000348
0.002436 0.000574 0.486704 0.102636
0.000623 -0.000348 0.102636 0.045640
22.989624 1.265654 28.783623 1.937576
0.467507 0.098106 0.001384 0.000153
0.098106 0.044567 0.000112 -0.000401
0.001384 0.000112 0.489987 0.103274
0.000153 -0.000401 0.103274 0.045702
23.503556 1.240562 29.805755 1.948876
0.462319 0.097436 -0.001245 -0.000539
0.097436 0.044467 -0.000578 -0.000490
-0.001245 -0.000578 0.494517 0.104098
-0.000539 -0.000490 0.104098 0.045802
24.116927 1.239444 30.274175 1.842579
0.457025 0.096736 -0.004693 -0.001289
0.096736 0.044348 -0.001334 -0.000581
-0.004693 -0.001334 0.499987 0.105038
-0.001289 -0.000581 0.105038 0.045926
25.168090 1.331229 31.051944 1.812288
0.452798 0.096255 -0.008894 -0.002097
0.096255 0.044267 -0.002150 -0.000679
-0.008894 -0.002150 0.504935 0.105791
-0.002097 -0.000679 0.105791 0.046012
26.160995 1.401118 31.748321 1.768419
0.449263 0.095890 -0.014909 -0.003194
0.095890 0.044198 -0.003266 -0.000837
-0.014909 -0.003266 0.509856 0.106490
-0.003194 -0.000837 0.106490 0.046092
26.851271 1.398940 32.696129 1.781654
0.446612 0.095670 -0.022260 -0.004467
0.095670 0.044149 -0.004567 -0.001029
-0.022260 -0.004567 0.514578 0.107114
-0.004467 -0.001029 0.107114 0.046163
27.515986 1.391675 33.765721 1.818707
0.443929 0.095388 -0.029917 -0.005705
0.095388 0.044074 -0.005832 -0.001212
-0.029917 -0.005832 0.520215 0.107906
-0.005705 -0.001212 0.107906 0.046278
28.241389 1.397912 34.608412 1.804982
0.440943 0.094996 -0.037503 -0.006849
0.094996 0.043967 -0.006998 -0.001376
-0.037503 -0.006998 0.527102 0.108923
-0.006849 -0.001376 0.108923 0.046444
28.412063 1.282211 35.037907 1.705891
0.438230 0.094632 -0.044916 -0.007904
0.094632 0.043863 -0.008067 -0.001528
-0.044916 -0.008067 0.534406 0.109978
-0.007904 -0.001528 0.109978 0.046618
29.105168 1.293988 36.011109 1.730795
0.435849 0.094316 -0.050610 -0.008571
0.094316 0.043767 -0.008730 -0.001605
-0.050610 -0.008730 0.541179 0.110883
-0.008571 -0.001605 0.110883 0.046763
29.977708 1.349339 38.093139 1.980781
0.433182 0.093911 -0.055608 -0.009110
0.093911 0.043650 -0.009250 -0.001670
-0.055608 -0.009250 0.548598 0.111901
-0.009110 -0.001670 0.111901 0.046935
30.489062 1.311801 38.768944 1.915685
0.428822 0.093145 -0.056436 -0.008838
0.093145 0.043460 -0.008884 -0.001573
-0.056436 -0.008884 0.556828 0.113079
-0.008838 -0.001573 0.113079 0.047147
30.626816 1.201033 40.091289 1.986026
0.425268 0.092588 -0.055557 -0.008319
0.092588 0.043324 -0.008274 -0.001453
-0.055557 -0.008274 0.563034 0.113820
-0.008319 -0.001453 0.113820 0.047271
31.233826 1.199485 40.680831 1.904581
0.423077 0.092366 -0.049909 -0.006942
0.092366 0.043269 -0.006784 -0.001177
-0.049909 -0.006784 0.564281 0.113603
-0.006942 -0.001177 0.113603 0.047216
31.955116 1.224329 41.385580 1.855674
0.422361 0.092439 -0.043612 -0.005606
0.092439 0.043274 -0.005370 -0.000945
-0.043612 -0.005370 0.562764 0.112934
-0.005606 -0.000945 0.112934 0.047093
32.636605 1.244261 42.957145 1.985402
0.423755 0.092928 -0.036272 -0.004200
0.092928 0.043362 -0.003920 -0.000722
-0.036272 -0.003920 0.557312 0.111613
-0.004200 -0.000722 0.111613 0.046864
32.944964 1.175826 44.036227 2.000606
0.431858 0.094817 -0.026730 -0.002446
0.094817 0.043748 -0.002204 -0.000448
-0.026730 -0.002204 0.540681 0.108239
-0.002446 -0.000448 0.108239 0.046252
34.112391 1.298452 44.272165 1.850466
0.444354 0.097437 -0.019046 -0.001192
0.097437 0.044255 -0.001053 -0.000293
-0.019046 -0.001053 0.520076 0.104381
-0.001192 -0.000293 0.104381 0.045588
34.979227 1.346896 45.372127 1.886843
0.459417 0.100334 -0.014091 -0.000562
0.100334 0.044782 -0.000549 -0.000264
-0.014091 -0.000549 0.499318 0.100791
-0.000562 -0.000264 0.100791 0.045010
35.752771 1.369384 46.500131 1.924842
0.481060 0.104372 -0.014418 -0.000998
0.104372 0.045524 -0.001178 -0.000444
-0.014418 -0.001178 0.475211 0.096732
-0.000998 -0.000444 0.096732 0.044344
36.109226 1.300108 47.853810 2.004354
0.507487 0.109067 -0.020840 -0.002596
0.109067 0.046365 -0.002964 -0.000831
-0.020840 -0.002964 0.452019 0.093059
-0.002596 -0.000831 0.093059 0.043757
