2.115740 1.808409 -0.004779 -0.893959
2.053490 0.821414 -0.226717 -0.090689
0.821414 80.332639 -0.090689 -0.036276
-0.226717 -0.090689 3.101368 1.240574
-0.090689 -0.036276 1.240574 80.500307
3.477113 2.653676 1.041386 1.647368
3.617226 6.432191 -1.384542 -2.278174
6.432191 18.587165 -2.425465 -4.635090
-1.384542 -2.425465 2.415691 4.070333
-2.278174 -4.635090 4.070333 16.993814
5.093950 2.952212 1.551656 1.293820
3.066312 3.291712 -0.829860 -0.726732
3.291712 5.274017 -0.802916 -0.991203
-0.829860 -0.802916 1.841069 2.156418
-0.726732 -0.991203 2.156418 4.728213
4.433603 1.312155 3.099746 1.980657
2.131849 1.654138 -0.229904 -0.087981
1.654138 1.979694 -0.139485 -0.191856
-0.229904 -0.139485 1.502894 1.328682
-0.087981 -0.191856 1.328682 1.945767
7.320868 2.689633 3.349105 1.510927
1.925907 1.189742 -0.270150 -0.148185
1.189742 1.085288 -0.164414 -0.172601
-0.270150 -0.164414 1.279100 0.885155
-0.148185 -0.172601 0.885155 0.964258
6.186654 1.417947 5.111314 2.061013
1.302373 0.666495 -0.169642 -0.083928
0.666495 0.544090 -0.092726 -0.092994
-0.169642 -0.092726 1.355249 0.771891
-0.083928 -0.092994 0.771891 0.630188
8.567570 2.159944 6.631477 2.297130
1.160307 0.519036 -0.333210 -0.156793
0.519036 0.361718 -0.156667 -0.102016
-0.333210 -0.156667 1.345626 0.640544
-0.156793 -0.102016 0.640544 0.421847
9.199423 1.984731 6.650874 1.835868
1.047320 0.414910 -0.350364 -0.141467
0.414910 0.253374 -0.140879 -0.075167
-0.350364 -0.140879 1.265052 0.515580
-0.141467 -0.075167 0.515580 0.289406
10.784891 2.195272 7.126770 1.679147
0.941772 0.334992 -0.330704 -0.116134
0.334992 0.184421 -0.115683 -0.053186
-0.330704 -0.115683 1.181664 0.421759
-0.116134 -0.053186 0.421759 0.208817
11.611269 2.103194 7.101892 1.402234
0.845769 0.273870 -0.287685 -0.089223
0.273870 0.139370 -0.088749 -0.036576
-0.287685 -0.088749 1.091858 0.347784
-0.089223 -0.036576 0.347784 0.156618
13.390004 2.323708 8.126667 1.498780
0.765625 0.228639 -0.246643 -0.068627
0.228639 0.109688 -0.068023 -0.025702
-0.246643 -0.068023 1.012515 0.292580
-0.068627 -0.025702 0.292580 0.122699
13.174184 1.942986 9.746488 1.725265
0.702180 0.195712 -0.206287 -0.052104
0.195712 0.089900 -0.051374 -0.018203
-0.206287 -0.051374 0.933893 0.248320
-0.052104 -0.018203 0.248320 0.099310
13.579445 1.797520 11.209354 1.872062
0.664485 0.174625 -0.182978 -0.042549
0.174625 0.077216 -0.042035 -0.013917
-0.182978 -0.042035 0.855739 0.212078
-0.042549 -0.013917 0.212078 0.082712
14.088001 1.699315 12.153779 1.872111
0.636274 0.158966 -0.161428 -0.034789
0.158966 0.068350 -0.034460 -0.010776
-0.161428 -0.034460 0.782927 0.183133
-0.034789 -0.010776 0.183133 0.070976
15.212784 1.766743 13.220276 1.902899
0.611624 0.146353 -0.141499 -0.028424
0.146353 0.061859 -0.028194 -0.008422
-0.141499 -0.028194 0.722155 0.161350
-0.028424 -0.008422 0.161350 0.062902
15.669027 1.671226 14.625565 1.998748
0.587789 0.135691 -0.120420 -0.022585
0.135691 0.056980 -0.022345 -0.006498
-0.120420 -0.022345 0.672240 0.145048
-0.022585 -0.006498 0.145048 0.057336
16.432433 1.654546 15.580210 1.988831
0.568990 0.127608 -0.101087 -0.017735
0.127608 0.053509 -0.017509 -0.005030
-0.101087 -0.017509 0.628674 0.132253
-0.017735 -0.005030 0.132253 0.053359
16.747255 1.546473 17.165427 2.108221
0.552294 0.121061 -0.083642 -0.013743
0.121061 0.050946 -0.013516 -0.003905
-0.083642 -0.013516 0.593762 0.122828
-0.013743 -0.003905 0.122828 0.050640
16.449969 1.319359 18.793009 2.219117
0.539685 0.116253 -0.067703 -0.010379
0.116253 0.049164 -0.010177 -0.003024
-0.067703 -0.010177 0.563616 0.115453
-0.010379 -0.003024 0.115453 0.048694
16.927767 1.276691 19.380126 2.111051
0.531086 0.112920 -0.053625 -0.007621
0.112920 0.047973 -0.007470 -0.002345
-0.053625 -0.007470 0.537548 0.109670
-0.007621 -0.002345 0.109670 0.047299
17.548231 1.274202 20.628558 2.150417
0.523064 0.110137 -0.042167 -0.005566
0.110137 0.047079 -0.005448 -0.001855
-0.042167 -0.005448 0.518226 0.105787
-0.005566 -0.001855 0.105787 0.046429
18.007783 1.236440 21.606652 2.129560
0.515628 0.107838 -0.031641 -0.003789
0.107838 0.046420 -0.003691 -0.001447
-0.031641 -0.003691 0.503816 0.103208
-0.003789 -0.001447 0.103208 0.045895
18.677562 1.245876 22.404212 2.074714
0.508862 0.105966 -0.022636 -0.002380
0.105966 0.045941 -0.002297 -0.001129
-0.022636 -0.002297 0.493488 0.101613
-0.002380 -0.001129 0.101613 0.045588
19.170179 1.218860 23.460626 2.078186
0.502422 0.104384 -0.015307 -0.001336
0.104384 0.045584 -0.001266 -0.000892
-0.015307 -0.001266 0.486743 0.100794
-0.001336 -0.000892 0.100794 0.045442
19.705614 1.204130 24.713806 2.122566
0.496316 0.103049 -0.009212 -0.000536
0.103049 0.045317 -0.000477 -0.000706
-0.009212 -0.000477 0.482789 0.100519
-0.000536 -0.000706 0.100519 0.045396
19.826334 1.104380 25.903747 2.148550
0.490095 0.101824 -0.004264 0.000055
0.101824 0.045096 0.000106 -0.000558
-0.004264 0.000106 0.481468 0.100712
0.000055 -0.000558 0.100712 0.045429
20.680305 1.167664 27.366415 2.230422
0.483897 0.100712 -0.000037 0.000540
0.100712 0.044913 0.000582 -0.000428
-0.000037 0.000582 0.482172 0.101217
0.000540 -0.000428 0.101217 0.045505
21.689022 1.256160 28.134893 2.157644
0.476629 0.099458 0.002352 0.000685
0.099458 0.044705 0.000720 -0.000364
0.002352 0.000720 0.485641 0.102174
0.000685 -0.000364 0.102174 0.045657
22.328132 1.258479 29.143235 2.142802
0.469769 0.098370 0.002273 0.000382
0.098370 0.044534 0.000409 -0.000386
0.002273 0.000409 0.490065 0.103181
0.000382 -0.000386 0.103181 0.045799
22.527763 1.168110 30.283884 2.157635
0.463020 0.097356 0.000754 -0.000123
0.097356 0.044377 -0.000108 -0.000439
0.000754 -0.000108 0.495548 0.104276
-0.000123 -0.000439 0.104276 0.045948
22.843904 1.111523 31.359207 2.157113
0.456124 0.096344 -0.001000 -0.000572
0.096344 0.044212 -0.000572 -0.000471
-0.001000 -0.000572 0.502284 0.105511
-0.000572 -0.000471 0.105511 0.046119
22.950790 1.016263 32.415205 2.152749
0.449333 0.095376 -0.003185 -0.001028
0.095376 0.044050 -0.001045 -0.000502
-0.003185 -0.001045 0.509906 0.106815
-0.001028 -0.000502 0.106815 0.046300
23.465413 1.017867 33.117936 2.074765
0.442757 0.094462 -0.005111 -0.001363
0.094462 0.043889 -0.001394 -0.000506
-0.005111 -0.001394 0.518189 0.108149
-0.001363 -0.000506 0.108149 0.046486
24.201978 1.066703 34.105160 2.064244
0.437156 0.093755 -0.007820 -0.001817
0.093755 0.043763 -0.001865 -0.000541
-0.007820 -0.001865 0.526021 0.109298
-0.001817 -0.000541 0.109298 0.046636
24.772146 1.074630 35.374939 2.113381
0.432107 0.093141 -0.011606 -0.002449
0.093141 0.043645 -0.002522 -0.000618
-0.011606 -0.002522 0.533904 0.110399
-0.002449 -0.000618 0.110399 0.046784
25.410396 1.096500 36.452013 2.117607
0.427357 0.092557 -0.015437 -0.003038
0.092557 0.043521 -0.003133 -0.000688
-0.015437 -0.003133 0.542072 0.111517
-0.003038 -0.000688 0.111517 0.046944
26.306211 1.171531 36.841677 1.980948
0.423382 0.092105 -0.019086 -0.003552
0.092105 0.043416 -0.003665 -0.000746
-0.019086 -0.003665 0.549621 0.112473
-0.003552 -0.000746 0.112473 0.047080
27.278673 1.255378 37.379709 1.889362
0.420630 0.091873 -0.023449 -0.004189
0.091873 0.043348 -0.004331 -0.000838
-0.023449 -0.004331 0.555794 0.113136
-0.004189 -0.000838 0.113136 0.047167
27.920462 1.258349 38.264358 1.877226
0.418762 0.091773 -0.028162 -0.004867
0.091773 0.043299 -0.005045 -0.000944
-0.028162 -0.005045 0.560951 0.113614
-0.004867 -0.000944 0.113614 0.047231
28.193226 1.179523 39.037967 1.842984
0.417410 0.091723 -0.031394 -0.005222
0.091723 0.043251 -0.005409 -0.000983
-0.031394 -0.005409 0.565012 0.113915
-0.005222 -0.000983 0.113915 0.047275
28.915447 1.208953 40.029701 1.857539
0.416633 0.091745 -0.032559 -0.005172
0.091745 0.043215 -0.005333 -0.000944
-0.032559 -0.005333 0.567385 0.113937
-0.005172 -0.000944 0.113937 0.047279
29.721187 1.253238 40.915634 1.849723
0.416806 0.091926 -0.031791 -0.004782
0.091926 0.043211 -0.004897 -0.000849
-0.031791 -0.004897 0.567243 0.113540
-0.004782 -0.000849 0.113540 0.047215
30.815391 1.355655 41.609852 1.805553
0.418263 0.092334 -0.029298 -0.004120
0.092334 0.043254 -0.004179 -0.000714
-0.029298 -0.004179 0.564037 0.112645
-0.004120 -0.000714 0.112645 0.047071
31.448559 1.345411 42.424292 1.787719
0.421187 0.092998 -0.025633 -0.003313
0.092998 0.043348 -0.003320 -0.000566
-0.025633 -0.003320 0.557817 0.111293
-0.003313 -0.000566 0.111293 0.046856
32.267824 1.376836 43.090679 1.742895
0.426412 0.094087 -0.020716 -0.002340
0.094087 0.043531 -0.002307 -0.000399
-0.020716 -0.002307 0.547573 0.109303
-0.002340 -0.000399 0.109303 0.046534
33.497065 1.494722 43.628040 1.678143
0.434192 0.095622 -0.015561 -0.001407
0.095622 0.043802 -0.001360 -0.000254
-0.015561 -0.001360 0.533921 0.106823
-0.001407 -0.000254 0.106823 0.046134
34.169147 1.479604 44.876819 1.760237
0.445746 0.097838 -0.011104 -0.000679
0.097838 0.044208 -0.000661 -0.000161
-0.011104 -0.000661 0.516257 0.103735
-0.000679 -0.000161 0.103735 0.045628
35.036688 1.508592 46.131222 1.836340
0.464002 0.101312 -0.009686 -0.000597
0.101312 0.044867 -0.000681 -0.000207
-0.009686 -0.000681 0.492894 0.099698
-0.000597 -0.000207 0.099698 0.044943
35.865534 1.525532 47.373486 1.902735
0.488648 0.105853 -0.013868 -0.001631
0.105853 0.045716 -0.001872 -0.000477
-0.013868 -0.001872 0.467448 0.095464
-0.001631 -0.000477 0.095464 0.044229
36.431209 1.483573 48.459321 1.930111
0.517731 0.110944 -0.024011 -0.003784
0.110944 0.046634 -0.004170 -0.000946
-0.024011 -0.004170 0.444323 0.091894
-0.003784 -0.000946 0.091894 0.043651
