3.777912 2.473292 -1.474092 -1.481697
2.575399 1.030182 -0.261185 -0.104476
1.030182 80.416148 -0.104476 -0.041791
-0.261185 -0.104476 2.388565 0.955447
-0.104476 -0.041791 0.955447 80.386254
5.183578 2.873512 2.490505 6.784063
2.197049 3.815871 -0.279335 -0.440888
3.815871 15.308895 -0.431792 -1.424267
-0.279335 -0.431792 2.400326 4.208253
-0.440888 -1.424267 4.208253 15.521152
6.536006 2.732610 1.701667 2.009290
1.999172 2.330869 -0.183612 -0.195282
2.330869 4.657726 -0.193529 -0.404775
-0.183612 -0.193529 2.037918 2.325792
-0.195282 -0.404775 2.325792 4.520161
6.723831 1.735352 4.034539 3.117764
1.694141 1.437016 -0.158951 -0.131961
1.437016 1.927999 -0.131435 -0.185382
-0.158951 -0.131435 1.764731 1.473385
-0.131961 -0.185382 1.473385 1.925475
8.058549 2.045892 3.398314 1.679187
1.474473 0.980214 -0.129924 -0.086699
0.980214 0.987634 -0.086411 -0.093635
-0.129924 -0.086411 1.511100 0.990103
-0.086699 -0.093635 0.990103 0.982180
9.400901 2.219963 4.600454 1.874294
1.285789 0.702029 -0.110473 -0.061550
0.702029 0.570441 -0.061409 -0.053716
-0.110473 -0.061409 1.331326 0.718410
-0.061550 -0.053716 0.718410 0.574880
8.976991 1.507033 6.974192 2.535972
1.139950 0.528814 -0.090246 -0.043198
0.528814 0.362187 -0.043091 -0.032265
-0.090246 -0.043091 1.184434 0.543701
-0.043198 -0.032265 0.543701 0.367146
8.400545 0.970056 7.909322 2.404866
1.031395 0.416808 -0.075134 -0.031664
0.416808 0.248227 -0.031560 -0.020739
-0.075134 -0.031560 1.058059 0.423438
-0.031664 -0.020739 0.423438 0.250041
9.419273 1.160902 9.679669 2.606165
0.943365 0.338563 -0.065539 -0.024698
0.338563 0.180151 -0.024610 -0.014279
-0.065539 -0.024610 0.955661 0.340144
-0.024698 -0.014279 0.340144 0.180447
10.074735 1.186595 9.626289 2.169704
0.868914 0.281401 -0.054946 -0.018772
0.281401 0.137059 -0.018695 -0.009892
-0.054946 -0.018695 0.872388 0.280711
-0.018772 -0.009892 0.280711 0.136885
10.724160 1.203233 10.703560 2.167409
0.804533 0.238424 -0.047541 -0.014876
0.238424 0.108642 -0.014817 -0.007170
-0.047541 -0.014817 0.805705 0.237693
-0.014876 -0.007170 0.237693 0.108632
11.685318 1.302562 10.955165 1.939302
0.750294 0.206046 -0.040845 -0.011806
0.206046 0.089488 -0.011761 -0.005279
-0.040845 -0.011761 0.749718 0.205288
-0.011806 -0.005279 0.205288 0.089542
11.556231 1.101702 11.936074 1.942659
0.703513 0.181091 -0.035310 -0.009492
0.181091 0.076224 -0.009459 -0.003967
-0.035310 -0.009459 0.703421 0.180786
-0.009492 -0.003967 0.180786 0.076416
12.325632 1.154943 13.060677 1.979932
0.664644 0.162068 -0.030860 -0.007755
0.162068 0.066987 -0.007730 -0.003042
-0.030860 -0.007730 0.663467 0.161690
-0.007755 -0.003042 0.161690 0.067146
12.778969 1.125980 14.192887 2.013129
0.631584 0.147300 -0.026564 -0.006267
0.147300 0.060440 -0.006248 -0.002336
-0.026564 -0.006248 0.629575 0.146872
-0.006267 -0.002336 0.146872 0.060565
13.847368 1.239782 15.702857 2.126584
0.603679 0.135849 -0.022689 -0.005042
0.135849 0.055781 -0.005029 -0.001803
-0.022689 -0.005029 0.600723 0.135317
-0.005042 -0.001803 0.135317 0.055859
14.198522 1.180833 16.346010 2.034400
0.579970 0.126928 -0.018848 -0.003953
0.126928 0.052451 -0.003944 -0.001379
-0.018848 -0.003944 0.576412 0.126354
-0.003953 -0.001379 0.126354 0.052498
15.194022 1.267384 16.764080 1.905891
0.559997 0.120021 -0.015727 -0.003123
0.120021 0.050083 -0.003117 -0.001069
-0.015727 -0.003117 0.556040 0.119431
-0.003123 -0.001069 0.119431 0.050105
16.140967 1.333389 17.465100 1.852731
0.543014 0.114654 -0.013076 -0.002463
0.114654 0.048398 -0.002460 -0.000834
-0.013076 -0.002460 0.539317 0.114171
-0.002463 -0.000834 0.114171 0.048424
16.947729 1.362634 18.328973 1.839716
0.528806 0.110549 -0.010741 -0.001920
0.110549 0.047220 -0.001918 -0.000652
-0.010741 -0.001918 0.525586 0.110193
-0.001920 -0.000652 0.110193 0.047252
17.503320 1.336835 19.757466 1.945659
0.517106 0.107465 -0.008686 -0.001472
0.107465 0.046413 -0.001471 -0.000509
-0.008686 -0.001471 0.514354 0.107212
-0.001472 -0.000509 0.107212 0.046445
17.897942 1.280093 20.731353 1.945702
0.507667 0.105205 -0.006824 -0.001090
0.105205 0.045877 -0.001091 -0.000394
-0.006824 -0.001091 0.505183 0.104997
-0.001090 -0.000394 0.104997 0.045899
18.521278 1.276925 22.194304 2.047483
0.500107 0.103578 -0.005247 -0.000788
0.103578 0.045530 -0.000789 -0.000306
-0.005247 -0.000789 0.497842 0.103396
-0.000788 -0.000306 0.103396 0.045540
19.295326 1.305220 23.570343 2.120780
0.494070 0.102424 -0.003855 -0.000537
0.102424 0.045313 -0.000539 -0.000236
-0.003855 -0.000539 0.492121 0.102285
-0.000537 -0.000236 0.102285 0.045317
20.218841 1.361491 24.638354 2.122488
0.489243 0.101615 -0.002694 -0.000342
0.101615 0.045179 -0.000344 -0.000182
-0.002694 -0.000344 0.487823 0.101559
-0.000342 -0.000182 0.101559 0.045189
20.937076 1.369067 25.035654 1.983984
0.485406 0.101062 -0.001828 -0.000212
0.101062 0.045101 -0.000214 -0.000144
-0.001828 -0.000214 0.484711 0.101123
-0.000212 -0.000144 0.101123 0.045123
21.896121 1.426317 25.811275 1.938813
0.482475 0.100714 -0.001248 -0.000140
0.100714 0.045060 -0.000141 -0.000120
-0.001248 -0.000141 0.482459 0.100875
-0.000140 -0.000120 0.100875 0.045093
22.366703 1.375609 27.141952 2.014468
0.480224 0.100501 -0.000941 -0.000119
0.100501 0.045039 -0.000120 -0.000107
-0.000941 -0.000120 0.480935 0.100767
-0.000119 -0.000107 0.100767 0.045084
23.054204 1.375566 28.371838 2.061205
0.478394 0.100354 -0.000814 -0.000126
0.100354 0.045022 -0.000126 -0.000099
-0.000814 -0.000126 0.480088 0.100776
-0.000126 -0.000099 0.100776 0.045092
23.501166 1.324982 30.288059 2.247377
0.476867 0.100245 -0.000913 -0.000170
0.100245 0.045004 -0.000170 -0.000099
-0.000913 -0.000170 0.479779 0.100863
-0.000170 -0.000099 0.100863 0.045108
23.842161 1.257266 31.045672 2.170322
0.475308 0.100100 -0.001208 -0.000243
0.100100 0.044971 -0.000244 -0.000105
-0.001208 -0.000244 0.480135 0.101053
-0.000243 -0.000105 0.101053 0.045138
24.251508 1.211016 32.360383 2.218663
0.474000 0.099985 -0.001584 -0.000321
0.099985 0.044940 -0.000321 -0.000111
-0.001584 -0.000321 0.480698 0.101242
-0.000321 -0.000111 0.101242 0.045161
25.085244 1.259229 33.546071 2.234762
0.472666 0.099842 -0.002099 -0.000417
0.099842 0.044900 -0.000418 -0.000121
-0.002099 -0.000418 0.481616 0.101469
-0.000417 -0.000121 0.101469 0.045188
25.263767 1.163789 34.279186 2.153759
0.471355 0.099687 -0.002920 -0.000568
0.099687 0.044855 -0.000568 -0.000142
-0.002920 -0.000568 0.482743 0.101705
-0.000568 -0.000142 0.101705 0.045214
25.738764 1.141124 35.177075 2.116041
0.470149 0.099540 -0.003679 -0.000691
0.099540 0.044810 -0.000693 -0.000158
-0.003679 -0.000693 0.483912 0.101919
-0.000691 -0.000158 0.101919 0.045235
26.508702 1.183159 35.435197 1.947714
0.468970 0.099388 -0.004548 -0.000830
0.099388 0.044765 -0.000831 -0.000177
-0.004548 -0.000831 0.485150 0.102124
-0.000830 -0.000177 0.102124 0.045254
27.478459 1.263436 36.558767 1.979352
0.468139 0.099299 -0.005578 -0.000994
0.099299 0.044733 -0.000996 -0.000202
-0.005578 -0.000996 0.486080 0.102247
-0.000994 -0.000202 0.102247 0.045257
28.273578 1.297876 37.068908 1.878641
0.467232 0.099181 -0.006988 -0.001229
0.099181 0.044695 -0.001232 -0.000242
-0.006988 -0.001232 0.487147 0.102392
-0.001229 -0.000242 0.102392 0.045268
28.878922 1.288516 37.861470 1.847789
0.466526 0.099097 -0.008537 -0.001479
0.099097 0.044664 -0.001485 -0.000286
-0.008537 -0.001485 0.488030 0.102492
-0.001479 -0.000286 0.102492 0.045273
29.695161 1.324901 38.586734 1.806252
0.465800 0.099000 -0.010163 -0.001733
0.099000 0.044631 -0.001740 -0.000330
-0.010163 -0.001740 0.488961 0.102603
-0.001733 -0.000330 0.102603 0.045283
30.267596 1.305707 39.441809 1.796081
0.465149 0.098911 -0.011969 -0.002014
0.098911 0.044600 -0.002024 -0.000380
-0.011969 -0.002024 0.489848 0.102704
-0.002014 -0.000380 0.102704 0.045295
31.093156 1.342390 40.290116 1.785884
0.464421 0.098799 -0.013828 -0.002295
0.098799 0.044565 -0.002306 -0.000430
-0.013828 -0.002306 0.490854 0.102833
-0.002295 -0.000430 0.102833 0.045314
31.707429 1.330878 41.575339 1.867931
0.463716 0.098690 -0.015895 -0.002610
0.098690 0.044532 -0.002624 -0.000488
-0.015895 -0.002624 0.491896 0.102968
-0.002610 -0.000488 0.102968 0.045337
32.135329 1.279923 42.308585 1.825503
0.462715 0.098515 -0.018133 -0.002952
0.098515 0.044486 -0.002967 -0.000552
-0.018133 -0.002967 0.493347 0.103189
-0.002952 -0.000552 0.103189 0.045378
32.337098 1.186755 43.320001 1.845204
0.461724 0.098348 -0.020250 -0.003258
0.098348 0.044444 -0.003273 -0.000608
-0.020250 -0.003273 0.494827 0.103407
-0.003258 -0.000608 0.103407 0.045419
32.549101 1.107267 45.001981 2.002908
0.460489 0.098132 -0.022188 -0.003522
0.098132 0.044394 -0.003535 -0.000657
-0.022188 -0.003535 0.496617 0.103685
-0.003522 -0.000657 0.103685 0.045472
33.671457 1.228565 45.984942 2.000596
0.458642 0.097794 -0.024151 -0.003792
0.097794 0.044319 -0.003800 -0.000708
-0.024151 -0.003800 0.499201 0.104117
-0.003792 -0.000708 0.104117 0.045557
34.276221 1.226238 46.887391 1.980170
0.457108 0.097541 -0.026649 -0.004174
0.097541 0.044265 -0.004181 -0.000785
-0.026649 -0.004181 0.501632 0.104491
-0.004174 -0.000785 0.104491 0.045626
34.818732 1.211405 47.955987 1.996280
0.455691 0.097320 -0.029179 -0.004552
0.097320 0.044220 -0.004559 -0.000861
-0.029179 -0.004559 0.504042 0.104845
-0.004552 -0.000861 0.104845 0.045689
35.821011 1.295605 48.771214 1.959707
0.454239 0.097095 -0.031725 -0.004925
0.097095 0.044172 -0.004932 -0.000936
-0.031725 -0.004932 0.506614 0.105221
-0.004925 -0.000936 0.105221 0.045758
