4.914854 2.928079 0.184961 -0.818061
2.490737 0.996316 -0.101026 -0.040411
0.996316 80.402602 -0.040411 -0.016165
-0.101026 -0.040411 2.420540 0.968237
-0.040411 -0.016165 0.968237 80.391370
4.087846 -1.083808 -1.392949 -2.886847
2.232056 3.897790 -0.094455 -0.146015
3.897790 15.254910 -0.144875 -0.511630
-0.094455 -0.144875 2.296651 4.024584
-0.146015 -0.511630 4.024584 15.298073
4.664975 0.218451 -0.847419 -0.595656
1.975589 2.289897 -0.109154 -0.121352
2.289897 4.553225 -0.121372 -0.210105
-0.109154 -0.121372 2.039747 2.346995
-0.121352 -0.210105 2.346995 4.569663
5.902760 1.178401 1.407391 1.545639
1.694803 1.432485 -0.088952 -0.071159
1.432485 1.908200 -0.071146 -0.086238
-0.088952 -0.071146 1.743054 1.460457
-0.071159 -0.086238 1.460457 1.916399
7.780722 2.036305 4.663823 3.179474
1.469097 0.973162 -0.065937 -0.041251
0.973162 0.976105 -0.041205 -0.040229
-0.065937 -0.041205 1.499386 0.985172
-0.041251 -0.040229 0.985172 0.978721
8.915479 2.099649 6.109192 3.101504
1.292215 0.703407 -0.046124 -0.023970
0.703407 0.567928 -0.023913 -0.020573
-0.046124 -0.023913 1.308670 0.707537
-0.023970 -0.020573 0.707537 0.568374
8.910886 1.611664 6.116097 2.391185
1.150569 0.532025 -0.034428 -0.015654
0.532025 0.361799 -0.015609 -0.012094
-0.034428 -0.015609 1.160860 0.533977
-0.015654 -0.012094 0.533977 0.362243
10.449924 1.906932 7.253247 2.367573
1.035899 0.417157 -0.028810 -0.011795
0.417157 0.247189 -0.011765 -0.008058
-0.028810 -0.011765 1.043824 0.418712
-0.011795 -0.008058 0.418712 0.247851
10.758401 1.676193 8.539299 2.404314
0.941872 0.336900 -0.023617 -0.008814
0.336900 0.178826 -0.008793 -0.005476
-0.023617 -0.008793 0.949018 0.338482
-0.008814 -0.005476 0.338482 0.179589
11.007425 1.486155 9.311091 2.265921
0.864782 0.279287 -0.019782 -0.006808
0.279287 0.135938 -0.006793 -0.003875
-0.019782 -0.006793 0.870281 0.280465
-0.006808 -0.003875 0.280465 0.136550
11.582836 1.436831 9.919041 2.110991
0.800497 0.236728 -0.016991 -0.005432
0.236728 0.107882 -0.005420 -0.002840
-0.016991 -0.005420 0.804632 0.237587
-0.005432 -0.002840 0.237587 0.108360
11.741352 1.283087 11.453298 2.242399
0.746285 0.204632 -0.014744 -0.004401
0.204632 0.088947 -0.004392 -0.002127
-0.014744 -0.004392 0.749627 0.205336
-0.004401 -0.002127 0.205336 0.089342
12.471014 1.305631 12.858886 2.315443
0.700773 0.180205 -0.012729 -0.003565
0.180205 0.075908 -0.003559 -0.001610
-0.012729 -0.003559 0.702820 0.180613
-0.003565 -0.001610 0.180613 0.076188
13.152855 1.312710 13.996980 2.310652
0.662156 0.161358 -0.010823 -0.002860
0.161358 0.066761 -0.002854 -0.001223
-0.010823 -0.002854 0.663158 0.161553
-0.002860 -0.001223 0.161553 0.066960
13.077194 1.141950 15.542102 2.401715
0.629314 0.146723 -0.009141 -0.002289
0.146723 0.060275 -0.002284 -0.000935
-0.009141 -0.002284 0.629569 0.146785
-0.002289 -0.000935 0.146785 0.060419
13.519517 1.113004 16.728659 2.398518
0.601606 0.135375 -0.007682 -0.001829
0.135375 0.055658 -0.001826 -0.000719
-0.007682 -0.001826 0.600962 0.135271
-0.001829 -0.000719 0.135271 0.055746
14.301569 1.162414 17.455407 2.295008
0.578130 0.126546 -0.006397 -0.001452
0.126546 0.052361 -0.001450 -0.000555
-0.006397 -0.001450 0.576834 0.126339
-0.001452 -0.000555 0.126339 0.052411
15.193379 1.229016 18.176527 2.203504
0.558254 0.119688 -0.005302 -0.001150
0.119688 0.050010 -0.001148 -0.000430
-0.005302 -0.001148 0.556662 0.119454
-0.001150 -0.000430 0.119454 0.050042
16.455744 1.365868 19.077102 2.160978
0.541540 0.114399 -0.004356 -0.000904
0.114399 0.048346 -0.000903 -0.000334
-0.004356 -0.000903 0.539900 0.114183
-0.000904 -0.000334 0.114183 0.048371
16.758414 1.286329 20.201971 2.170246
0.527588 0.110359 -0.003510 -0.000697
0.110359 0.047183 -0.000696 -0.000257
-0.003510 -0.000696 0.526098 0.110192
-0.000697 -0.000257 0.110192 0.047208
17.703012 1.349049 21.668088 2.249614
0.516141 0.107331 -0.002777 -0.000528
0.107331 0.046388 -0.000527 -0.000198
-0.002777 -0.000527 0.514761 0.107194
-0.000528 -0.000198 0.107194 0.046408
18.210659 1.314401 22.389823 2.165896
0.506799 0.105091 -0.002117 -0.000384
0.105091 0.045854 -0.000384 -0.000151
-0.002117 -0.000384 0.505611 0.104993
-0.000384 -0.000151 0.104993 0.045873
18.595562 1.257970 23.464523 2.164155
0.499291 0.103471 -0.001581 -0.000274
0.103471 0.045508 -0.000274 -0.000115
-0.001581 -0.000274 0.498311 0.103410
-0.000274 -0.000115 0.103410 0.045525
18.911030 1.192877 23.914559 2.032854
0.493333 0.102331 -0.001129 -0.000187
0.102331 0.045293 -0.000187 -0.000087
-0.001129 -0.000187 0.492582 0.102305
-0.000187 -0.000087 0.102305 0.045309
19.688086 1.230380 24.525830 1.948576
0.488693 0.101557 -0.000776 -0.000123
0.101557 0.045166 -0.000123 -0.000067
-0.000776 -0.000123 0.488155 0.101561
-0.000123 -0.000067 0.101561 0.045180
20.463431 1.263719 25.112303 1.867724
0.485118 0.101052 -0.000514 -0.000079
0.101052 0.045096 -0.000079 -0.000052
-0.000514 -0.000079 0.484824 0.101088
-0.000079 -0.000052 0.101088 0.045111
20.832038 1.208751 26.229266 1.905981
0.482414 0.100741 -0.000334 -0.000053
0.100741 0.045062 -0.000053 -0.000042
-0.000334 -0.000053 0.482378 0.100812
-0.000053 -0.000042 0.100812 0.045078
21.143160 1.147375 28.013716 2.080132
0.480383 0.100563 -0.000199 -0.000034
0.100563 0.045046 -0.000034 -0.000034
-0.000199 -0.000034 0.480658 0.100678
-0.000034 -0.000034 0.100678 0.045067
21.208879 1.040801 28.831216 2.033420
0.478809 0.100457 -0.000097 -0.000021
0.100457 0.045036 -0.000021 -0.000028
-0.000097 -0.000021 0.479574 0.100652
-0.000021 -0.000028 0.100652 0.045070
22.407066 1.183283 29.729890 2.008596
0.477645 0.100408 -0.000014 -0.000010
0.100408 0.045029 -0.000010 -0.000022
-0.000014 -0.000010 0.478914 0.100682
-0.000010 -0.000022 0.100682 0.045076
22.639564 1.107673 30.279904 1.912974
0.476768 0.100388 -0.000068 -0.000026
0.100388 0.045021 -0.000026 -0.000023
-0.000068 -0.000026 0.478587 0.100747
-0.000026 -0.000023 0.100747 0.045082
22.636396 0.990219 31.760276 2.023381
0.476132 0.100388 -0.000137 -0.000042
0.100388 0.045012 -0.000042 -0.000023
-0.000137 -0.000042 0.478465 0.100820
-0.000042 -0.000023 0.100820 0.045085
24.256038 1.227564 32.758243 2.020459
0.475543 0.100368 -0.000198 -0.000054
0.100368 0.044994 -0.000054 -0.000022
-0.000198 -0.000054 0.478607 0.100919
-0.000054 -0.000022 0.100919 0.045089
25.277320 1.313644 33.635717 1.992448
0.475049 0.100346 -0.000483 -0.000110
0.100346 0.044973 -0.000111 -0.000032
-0.000483 -0.000111 0.478861 0.101013
-0.000110 -0.000032 0.101013 0.045089
26.323403 1.395920 34.952273 2.060032
0.474628 0.100319 -0.000884 -0.000186
0.100319 0.044950 -0.000186 -0.000044
-0.000884 -0.000186 0.479173 0.101096
-0.000186 -0.000044 0.101096 0.045086
27.102983 1.413178 35.929980 2.048998
0.474185 0.100272 -0.001422 -0.000284
0.100272 0.044923 -0.000284 -0.000061
-0.001422 -0.000284 0.479584 0.101181
-0.000284 -0.000061 0.101181 0.045085
27.538674 1.355844 36.614108 1.977177
0.473753 0.100217 -0.002025 -0.000388
0.100217 0.044896 -0.000389 -0.000079
-0.002025 -0.000389 0.480024 0.101257
-0.000388 -0.000079 0.101257 0.045082
27.972590 1.304132 37.051439 1.860889
0.473349 0.100160 -0.002601 -0.000479
0.100160 0.044869 -0.000480 -0.000093
-0.002601 -0.000480 0.480451 0.101320
-0.000479 -0.000093 0.101320 0.045078
28.842429 1.350325 38.446870 1.958963
0.473009 0.100112 -0.003139 -0.000558
0.100112 0.044846 -0.000559 -0.000105
-0.003139 -0.000559 0.480813 0.101362
-0.000558 -0.000105 0.101362 0.045072
29.704250 1.389766 39.179557 1.907010
0.472560 0.100035 -0.003818 -0.000664
0.100035 0.044818 -0.000665 -0.000123
-0.003818 -0.000665 0.481285 0.101424
-0.000664 -0.000123 0.101424 0.045072
30.118157 1.330309 40.223450 1.925942
0.472157 0.099968 -0.004570 -0.000781
0.099968 0.044795 -0.000782 -0.000144
-0.004570 -0.000782 0.481706 0.101472
-0.000781 -0.000144 0.101472 0.045072
30.469128 1.263891 41.426278 1.976297
0.471675 0.099884 -0.005316 -0.000892
0.099884 0.044769 -0.000893 -0.000164
-0.005316 -0.000893 0.482204 0.101535
-0.000892 -0.000164 0.101535 0.045076
31.097148 1.263085 42.458994 1.985676
0.471076 0.099776 -0.006064 -0.001001
0.099776 0.044740 -0.001002 -0.000184
-0.006064 -0.001002 0.482824 0.101623
-0.001001 -0.000184 0.101623 0.045088
31.414050 1.196350 43.345161 1.963015
0.470451 0.099667 -0.006875 -0.001120
0.099667 0.044713 -0.001122 -0.000206
-0.006875 -0.001122 0.483478 0.101715
-0.001120 -0.000206 0.101715 0.045101
32.197827 1.235221 43.751600 1.842230
0.469801 0.099557 -0.007644 -0.001229
0.099557 0.044687 -0.001230 -0.000226
-0.007644 -0.001230 0.484162 0.101811
-0.001229 -0.000226 0.101811 0.045116
32.439573 1.155946 45.115118 1.934875
0.469319 0.099486 -0.008458 -0.001345
0.099486 0.044670 -0.001347 -0.000249
-0.008458 -0.001347 0.484680 0.101870
-0.001345 -0.000249 0.101870 0.045124
32.653894 1.078740 45.998006 1.916733
0.468645 0.099374 -0.009278 -0.001462
0.099374 0.044645 -0.001464 -0.000272
-0.009278 -0.001464 0.485418 0.101977
-0.001462 -0.000272 0.101977 0.045144
33.137466 1.066570 46.669212 1.856364
0.467935 0.099259 -0.010038 -0.001566
0.099259 0.044619 -0.001567 -0.000292
-0.010038 -0.001567 0.486204 0.102092
-0.001566 -0.000292 0.102092 0.045165
34.691017 1.282492 47.116827 1.756798
0.467295 0.099162 -0.010812 -0.001672
0.099162 0.044599 -0.001673 -0.000314
-0.010812 -0.001673 0.486932 0.102192
-0.001672 -0.000314 0.102192 0.045184
35.290149 1.273583 48.018921 1.761710
0.466953 0.099129 -0.011908 -0.001847
0.099129 0.044592 -0.001849 -0.000351
-0.011908 -0.001849 0.487385 0.102234
-0.001847 -0.000351 0.102234 0.045191
