1.072276 1.391014 1.646105 -0.233591
2.053490 0.821414 -0.226717 -0.090689
0.821414 80.332639 -0.090689 -0.036276
-0.226717 -0.090689 3.101368 1.240574
-0.090689 -0.036276 1.240574 80.500307
6.883775 10.470287 -1.359755 -5.034487
3.199551 5.680744 -1.675337 -2.779475
5.680744 17.235556 -2.931356 -5.507675
-1.675337 -2.931356 3.105202 5.234151
-2.779475 -5.507675 5.234151 18.958009
8.048207 6.226028 0.397355 -0.452139
2.433916 2.695811 -0.263420 -0.051481
2.695811 4.681707 -0.171440 -0.268620
-0.263420 -0.171440 1.772743 2.051201
-0.051481 -0.268620 2.051201 4.691519
7.931419 3.664176 2.551595 1.544829
1.813975 1.451259 -0.042826 0.021069
1.451259 1.819172 -0.018503 -0.131409
-0.042826 -0.018503 1.641830 1.448345
0.021069 -0.131409 1.448345 2.098505
7.943427 2.509690 3.255275 1.493996
1.371084 0.870822 -0.059264 -0.038464
0.870822 0.877367 -0.054274 -0.113440
-0.059264 -0.054274 1.628263 1.125413
-0.038464 -0.113440 1.125413 1.154143
7.169882 1.415348 5.206786 2.184680
1.137839 0.606309 -0.096165 -0.063151
0.606309 0.507254 -0.071241 -0.085413
-0.096165 -0.071241 1.539207 0.862119
-0.063151 -0.085413 0.862119 0.687918
8.075597 1.518715 5.199753 1.667734
1.050532 0.485345 -0.271677 -0.138101
0.485345 0.340024 -0.141054 -0.094223
-0.271677 -0.141054 1.442284 0.678311
-0.138101 -0.094223 0.678311 0.445483
8.964952 1.568678 6.469051 1.842407
0.949202 0.384656 -0.296710 -0.125419
0.384656 0.234957 -0.127440 -0.068076
-0.296710 -0.127440 1.354619 0.547723
-0.125419 -0.068076 0.547723 0.307224
9.615738 1.519891 7.832238 1.999363
0.892315 0.322486 -0.308862 -0.111679
0.322486 0.174598 -0.113104 -0.050482
-0.308862 -0.113104 1.232606 0.437562
-0.111679 -0.050482 0.437562 0.218190
11.074892 1.749658 9.287319 2.144622
0.851134 0.277891 -0.300080 -0.094713
0.277891 0.136118 -0.095877 -0.037088
-0.300080 -0.095877 1.101165 0.349716
-0.094713 -0.037088 0.349716 0.160238
11.435232 1.596966 10.717807 2.246686
0.801309 0.239177 -0.267375 -0.074721
0.239177 0.108888 -0.075610 -0.026212
-0.267375 -0.075610 0.984376 0.284538
-0.074721 -0.026212 0.284538 0.122873
12.358879 1.631611 11.814322 2.240176
0.760865 0.210142 -0.233996 -0.058621
0.210142 0.090508 -0.059413 -0.018813
-0.233996 -0.059413 0.879654 0.234955
-0.058621 -0.018813 0.234955 0.097883
13.636651 1.744511 11.964375 1.998908
0.719580 0.185900 -0.200162 -0.045374
0.185900 0.077255 -0.046034 -0.013569
-0.200162 -0.046034 0.796770 0.199440
-0.045374 -0.013569 0.199440 0.081437
14.911343 1.840038 12.537584 1.900145
0.674874 0.164786 -0.170201 -0.035266
0.164786 0.067377 -0.035691 -0.009964
-0.170201 -0.035691 0.738861 0.175476
-0.035266 -0.009964 0.175476 0.070792
15.342690 1.732357 14.304977 2.083390
0.633322 0.147714 -0.142185 -0.027069
0.147714 0.060261 -0.027281 -0.007347
-0.142185 -0.027281 0.693031 0.157767
-0.027069 -0.007347 0.157767 0.063436
15.246052 1.522071 16.236491 2.271991
0.603197 0.135741 -0.117044 -0.020486
0.135741 0.055522 -0.020656 -0.005456
-0.117044 -0.020656 0.648675 0.142793
-0.020486 -0.005456 0.142793 0.057897
15.653207 1.448200 17.830884 2.367844
0.582467 0.127514 -0.094874 -0.015229
0.127514 0.052387 -0.015455 -0.004080
-0.094874 -0.015455 0.607027 0.130316
-0.015229 -0.004080 0.130316 0.053748
16.026551 1.363550 17.964044 2.141786
0.565643 0.121254 -0.074792 -0.010918
0.121254 0.050178 -0.011182 -0.003036
-0.074792 -0.011182 0.572437 0.120824
-0.010918 -0.003036 0.120824 0.050821
16.371554 1.291056 18.892472 2.109140
0.550777 0.116217 -0.060162 -0.008110
0.116217 0.048565 -0.008373 -0.002385
-0.060162 -0.008373 0.546925 0.114248
-0.008110 -0.002385 0.114248 0.048883
17.247018 1.338787 19.891648 2.099312
0.538359 0.112348 -0.047650 -0.005908
0.112348 0.047435 -0.006162 -0.001895
-0.047650 -0.006162 0.526624 0.109418
-0.005908 -0.001895 0.109418 0.047547
18.526309 1.465216 20.908377 2.096518
0.526972 0.109188 -0.036429 -0.004073
0.109188 0.046612 -0.004301 -0.001498
-0.036429 -0.004301 0.511512 0.106109
-0.004073 -0.001498 0.106109 0.046674
18.665102 1.341900 21.847231 2.070380
0.516215 0.106539 -0.026594 -0.002582
0.106539 0.046002 -0.002774 -0.001180
-0.026594 -0.002774 0.501082 0.104035
-0.002582 -0.001180 0.104035 0.046144
19.512894 1.379312 23.092708 2.115001
0.507587 0.104624 -0.018526 -0.001471
0.104624 0.045612 -0.001636 -0.000943
-0.018526 -0.001636 0.493160 0.102606
-0.001471 -0.000943 0.102606 0.045789
20.046254 1.346738 24.055063 2.094566
0.499644 0.103046 -0.011886 -0.000641
0.103046 0.045328 -0.000778 -0.000760
-0.011886 -0.000778 0.488283 0.101872
-0.000641 -0.000760 0.101872 0.045601
20.360246 1.271897 24.872873 2.045584
0.492577 0.101788 -0.006847 -0.000107
0.101788 0.045128 -0.000217 -0.000631
-0.006847 -0.000217 0.485620 0.101593
-0.000107 -0.000631 0.101593 0.045513
20.901515 1.251959 25.698220 2.004011
0.486367 0.100800 -0.003117 0.000214
0.100800 0.044988 0.000125 -0.000538
-0.003117 0.000125 0.484577 0.101610
0.000214 -0.000538 0.101610 0.045484
21.128764 1.168855 26.489170 1.959284
0.480647 0.099966 -0.000803 0.000307
0.099966 0.044877 0.000236 -0.000482
-0.000803 0.000236 0.485018 0.101878
0.000307 -0.000482 0.101878 0.045501
21.884061 1.204584 27.715640 2.011240
0.475391 0.099256 0.000702 0.000310
0.099256 0.044783 0.000253 -0.000436
0.000702 0.000253 0.486555 0.102302
0.000310 -0.000436 0.102302 0.045544
22.653636 1.239736 28.381041 1.939663
0.469635 0.098450 0.000595 0.000052
0.098450 0.044658 0.000004 -0.000439
0.000595 0.000004 0.489896 0.103029
0.000052 -0.000439 0.103029 0.045645
23.229384 1.230566 29.130213 1.893307
0.464490 0.097783 -0.001104 -0.000453
0.097783 0.044554 -0.000496 -0.000486
-0.001104 -0.000496 0.493637 0.103749
-0.000453 -0.000486 0.103749 0.045737
23.901119 1.242625 29.877291 1.851387
0.459728 0.097190 -0.003800 -0.001069
0.097190 0.044455 -0.001114 -0.000551
-0.003800 -0.001114 0.497848 0.104490
-0.001069 -0.000551 0.104490 0.045831
23.754691 1.079670 30.776037 1.846136
0.455381 0.096668 -0.007579 -0.001821
0.096668 0.044361 -0.001872 -0.000639
-0.007579 -0.001872 0.502385 0.105234
-0.001821 -0.000639 0.105234 0.045925
24.443513 1.111473 31.478194 1.799942
0.450652 0.096039 -0.010303 -0.002263
0.096039 0.044234 -0.002318 -0.000660
-0.010303 -0.002318 0.507988 0.106143
-0.002263 -0.000660 0.106143 0.046056
24.801097 1.069126 32.716579 1.870418
0.446463 0.095509 -0.014141 -0.002894
0.095509 0.044122 -0.002958 -0.000727
-0.014141 -0.002958 0.513619 0.106997
-0.002894 -0.000727 0.106997 0.046176
25.749941 1.158046 33.594787 1.858825
0.441606 0.094811 -0.018055 -0.003490
0.094811 0.043966 -0.003563 -0.000791
-0.018055 -0.003563 0.520761 0.108117
-0.003490 -0.000791 0.108117 0.046355
26.652938 1.228054 34.683957 1.892238
0.437387 0.094240 -0.023420 -0.004350
0.094240 0.043835 -0.004441 -0.000918
-0.023420 -0.004441 0.527964 0.109185
-0.004350 -0.000918 0.109185 0.046523
27.313008 1.238649 35.983814 1.965196
0.433431 0.093703 -0.029512 -0.005307
0.093703 0.043707 -0.005422 -0.001068
-0.029512 -0.005422 0.535718 0.110315
-0.005307 -0.001068 0.110315 0.046705
28.144322 1.283227 36.399337 1.849406
0.429357 0.093119 -0.034736 -0.006035
0.093119 0.043564 -0.006157 -0.001169
-0.034736 -0.006157 0.544169 0.111542
-0.006035 -0.001169 0.111542 0.046909
28.342702 1.187054 37.440910 1.871795
0.426523 0.092787 -0.040266 -0.006802
0.092787 0.043473 -0.006941 -0.001288
-0.040266 -0.006941 0.551446 0.112477
-0.006802 -0.001288 0.112477 0.047054
29.312660 1.269446 38.405433 1.879178
0.423627 0.092412 -0.043010 -0.006985
0.092412 0.043369 -0.007099 -0.001286
-0.043010 -0.007099 0.558134 0.113290
-0.006985 -0.001286 0.113290 0.047184
30.028513 1.285855 39.060022 1.821885
0.421286 0.092136 -0.044651 -0.006986
0.092136 0.043285 -0.007067 -0.001263
-0.044651 -0.007067 0.563623 0.113867
-0.006986 -0.001263 0.113867 0.047276
31.147485 1.393544 40.537906 1.938771
0.419606 0.091977 -0.045032 -0.006788
0.091977 0.043223 -0.006830 -0.001213
-0.045032 -0.006830 0.567438 0.114142
-0.006788 -0.001213 0.114142 0.047319
32.009791 1.427117 41.012819 1.840429
0.419672 0.092190 -0.040839 -0.005731
0.092190 0.043245 -0.005693 -0.000996
-0.040839 -0.005693 0.565864 0.113416
-0.005731 -0.000996 0.113416 0.047180
32.489974 1.376469 42.069018 1.866269
0.420917 0.092599 -0.035872 -0.004655
0.092599 0.043302 -0.004556 -0.000804
-0.035872 -0.004556 0.561854 0.112349
-0.004655 -0.000804 0.112349 0.046999
33.205340 1.381943 42.915030 1.848995
0.425749 0.093734 -0.028451 -0.003192
0.093734 0.043512 -0.003052 -0.000551
-0.028451 -0.003052 0.551001 0.110084
-0.003192 -0.000551 0.110084 0.046604
34.012996 1.406981 43.717257 1.825143
0.434608 0.095616 -0.020894 -0.001823
0.095616 0.043868 -0.001697 -0.000339
-0.020894 -0.001697 0.534670 0.106962
-0.001823 -0.000339 0.106962 0.046071
34.324013 1.321816 44.839471 1.865410
0.448285 0.098348 -0.015050 -0.000891
0.098348 0.044383 -0.000848 -0.000231
-0.015050 -0.000848 0.513737 0.103181
-0.000891 -0.000231 0.103181 0.045435
35.407940 1.414962 45.969467 1.907017
0.466518 0.101799 -0.012555 -0.000680
0.101799 0.045019 -0.000771 -0.000272
-0.012555 -0.000771 0.490608 0.099221
-0.000680 -0.000272 0.099221 0.044786
36.093826 1.409596 46.713948 1.864230
0.491691 0.106426 -0.016603 -0.001772
0.106426 0.045872 -0.002061 -0.000571
-0.016603 -0.002061 0.465176 0.095007
-0.001772 -0.000571 0.095007 0.044090
36.659411 1.379362 47.502845 1.834164
0.518878 0.111075 -0.024960 -0.003632
0.111075 0.046682 -0.004065 -0.000985
-0.024960 -0.004065 0.443743 0.091805
-0.003632 -0.000985 0.091805 0.043599
