32.831954 0.579373 49.177906 1.868366
0.574867 0.119361 -0.043668 -0.007291
0.119361 0.048039 -0.007711 -0.001620
-0.043668 -0.007711 0.413119 0.088286
-0.007291 -0.001620 0.088286 0.043023
28.992950 -0.270733 49.140401 1.639344
0.583373 0.119404 -0.041211 -0.006391
0.119404 0.047875 -0.006813 -0.001359
-0.041211 -0.006813 0.408676 0.088537
-0.006391 -0.001359 0.088537 0.043144
24.549909 -1.150061 48.358170 1.266663
0.576002 0.116481 -0.033280 -0.004487
0.116481 0.047195 -0.004912 -0.000930
-0.033280 -0.004912 0.411337 0.090123
-0.004487 -0.000930 0.090123 0.043495
20.842141 -1.788654 46.856654 0.779369
0.558571 0.112046 -0.024945 -0.002744
0.112046 0.046325 -0.003129 -0.000579
-0.024945 -0.003129 0.419885 0.092665
-0.002744 -0.000579 0.092665 0.043986
18.236112 -2.140753 44.942499 0.261200
0.536658 0.107297 -0.018205 -0.001537
0.107297 0.045497 -0.001835 -0.000363
-0.018205 -0.001835 0.432608 0.095722
-0.001537 -0.000363 0.095722 0.044522
16.677903 -2.250905 41.697259 -0.486880
0.512237 0.102573 -0.012595 -0.000677
0.102573 0.044747 -0.000870 -0.000228
-0.012595 -0.000870 0.449244 0.099233
-0.000677 -0.000228 0.099233 0.045106
15.451092 -2.282841 37.707806 -1.310315
0.483047 0.097336 -0.003285 0.000943
0.097336 0.043937 0.000792 0.000063
-0.003285 0.000792 0.473281 0.103979
0.000943 0.000063 0.103979 0.045925
14.208145 -2.312592 32.983502 -2.195999
0.462912 0.094342 0.016474 0.004756
0.094342 0.043605 0.004458 0.000787
0.016474 0.004458 0.494561 0.107656
0.004756 0.000787 0.107656 0.046466
12.345500 -2.462370 26.592395 -3.335192
0.465296 0.096084 0.034555 0.007901
0.096084 0.044207 0.007504 0.001336
0.034555 0.007504 0.494977 0.106498
0.007901 0.001336 0.106498 0.045954
10.825485 -2.518731 21.579331 -4.048136
0.480163 0.100115 0.033568 0.006728
0.100115 0.045179 0.006446 0.000986
0.033568 0.006446 0.478402 0.101958
0.006728 0.000986 0.101958 0.044823
9.440939 -2.539456 17.420699 -4.501140
0.494639 0.103607 0.019730 0.003054
0.103607 0.045925 0.002943 0.000184
0.019730 0.002943 0.461798 0.098021
0.003054 0.000184 0.098021 0.043972
8.303232 -2.509637 14.465200 -4.651222
0.508098 0.106503 -0.001203 -0.001663
0.106503 0.046471 -0.001619 -0.000746
-0.001203 -0.001619 0.449142 0.095394
-0.001663 -0.000746 0.095394 0.043492
7.841918 -2.344894 12.596671 -4.555631
0.522185 0.109207 -0.023940 -0.006258
0.109207 0.046928 -0.006081 -0.001568
-0.023940 -0.006081 0.440614 0.093898
-0.006258 -0.001568 0.093898 0.043285
8.105700 -2.046670 10.940937 -4.423685
0.536003 0.111563 -0.046648 -0.010410
0.111563 0.047280 -0.010121 -0.002247
-0.046648 -0.010121 0.436574 0.093445
-0.010410 -0.002247 0.093445 0.043293
8.574543 -1.736474 9.935477 -4.162345
0.543847 0.112441 -0.073292 -0.015081
0.112441 0.047307 -0.014636 -0.003006
-0.073292 -0.014636 0.442071 0.094988
-0.015081 -0.003006 0.094988 0.043696
9.231339 -1.417407 9.105904 -3.886081
0.541000 0.111039 -0.098589 -0.019175
0.111039 0.046880 -0.018489 -0.003617
-0.098589 -0.018489 0.458754 0.098688
-0.019175 -0.003617 0.098688 0.044496
10.067643 -1.089149 8.654901 -3.552834
0.526140 0.107366 -0.115544 -0.021338
0.107366 0.046048 -0.020332 -0.003821
-0.115544 -0.020332 0.483504 0.103726
-0.021338 -0.003821 0.103726 0.045503
11.176065 -0.733692 8.336576 -3.222394
0.507091 0.103276 -0.122496 -0.021411
0.103276 0.045223 -0.020104 -0.003639
-0.122496 -0.020104 0.508101 0.108282
-0.021411 -0.003639 0.108282 0.046331
11.909036 -0.485091 8.350956 -2.861080
0.487747 0.099580 -0.121056 -0.019931
0.099580 0.044555 -0.018394 -0.003221
-0.121056 -0.018394 0.528859 0.111684
-0.019931 -0.003221 0.111684 0.046875
12.048561 -0.373737 9.093055 -2.395255
0.472444 0.097033 -0.116988 -0.018209
0.097033 0.044156 -0.016544 -0.002851
-0.116988 -0.016544 0.544943 0.113872
-0.018209 -0.002851 0.113872 0.047152
13.130086 -0.072869 10.031757 -1.928269
0.464809 0.096182 -0.115719 -0.017313
0.096182 0.044094 -0.015704 -0.002738
-0.115719 -0.015704 0.555085 0.114675
-0.017313 -0.002738 0.114675 0.047149
13.998684 0.152134 11.060733 -1.500435
0.460249 0.095983 -0.111865 -0.016059
0.095983 0.044141 -0.014621 -0.002594
-0.111865 -0.014621 0.558626 0.114224
-0.016059 -0.002594 0.114224 0.046943
14.690358 0.321351 12.559276 -1.027967
0.458077 0.096223 -0.105846 -0.014556
0.096223 0.044246 -0.013354 -0.002431
-0.105846 -0.013354 0.556551 0.112859
-0.014556 -0.002431 0.112859 0.046619
15.310487 0.458104 14.335900 -0.552568
0.458762 0.096973 -0.097765 -0.012815
0.096973 0.044428 -0.011911 -0.002241
-0.097765 -0.011911 0.548427 0.110575
-0.012815 -0.002241 0.110575 0.046178
15.987642 0.585010 15.942536 -0.162458
0.461686 0.098067 -0.087300 -0.010774
0.098067 0.044655 -0.010175 -0.001998
-0.087300 -0.010175 0.535555 0.107703
-0.010774 -0.001998 0.107703 0.045687
17.098275 0.788555 17.642109 0.211409
0.465401 0.099165 -0.075134 -0.008590
0.099165 0.044854 -0.008230 -0.001723
-0.075134 -0.008230 0.521369 0.104937
-0.008590 -0.001723 0.104937 0.045271
17.697080 0.862439 19.868379 0.645977
0.468676 0.100017 -0.061347 -0.006271
0.100017 0.044984 -0.006049 -0.001406
-0.061347 -0.006049 0.508160 0.102672
-0.006271 -0.001406 0.102672 0.044988
18.334756 0.922395 21.435566 0.902712
0.472492 0.100860 -0.047093 -0.004012
0.100860 0.045103 -0.003884 -0.001092
-0.047093 -0.003884 0.495891 0.100788
-0.004012 -0.001092 0.100788 0.044785
19.070643 0.997241 23.377393 1.211694
0.475541 0.101410 -0.034123 -0.002146
0.101410 0.045152 -0.002060 -0.000843
-0.034123 -0.002060 0.486778 0.099645
-0.002146 -0.000843 0.099645 0.044718
19.901725 1.077891 25.083742 1.441879
0.476991 0.101542 -0.022519 -0.000633
0.101542 0.045116 -0.000546 -0.000643
-0.022519 -0.000546 0.481227 0.099240
-0.000633 -0.000643 0.099240 0.044773
20.981513 1.197796 26.515087 1.593052
0.476296 0.101191 -0.013239 0.000381
0.101191 0.044988 0.000490 -0.000520
-0.013239 0.000490 0.479449 0.099539
0.000381 -0.000520 0.099539 0.044932
21.723263 1.232958 28.275567 1.794996
0.473557 0.100438 -0.007207 0.000763
0.100438 0.044794 0.000892 -0.000499
-0.007207 0.000892 0.480899 0.100371
0.000763 -0.000499 0.100371 0.045157
22.710960 1.313412 29.695884 1.905709
0.468496 0.099274 -0.003971 0.000669
0.099274 0.044536 0.000813 -0.000542
-0.003971 0.000813 0.485517 0.101696
0.000669 -0.000542 0.101696 0.045444
24.207841 1.492363 31.058141 1.993207
0.462137 0.097951 -0.004014 0.000038
0.097951 0.044270 0.000181 -0.000666
-0.004014 0.000181 0.492226 0.103267
0.000038 -0.000666 0.103267 0.045743
25.017552 1.506211 32.363197 2.057968
0.455432 0.096675 -0.008235 -0.001281
0.096675 0.044033 -0.001162 -0.000901
-0.008235 -0.001162 0.500183 0.104907
-0.001281 -0.000901 0.104907 0.046027
25.778681 1.508238 33.831496 2.149945
0.448616 0.095479 -0.014078 -0.002713
0.095479 0.043825 -0.002626 -0.001127
-0.014078 -0.002626 0.509313 0.106620
-0.002713 -0.001127 0.106620 0.046305
26.498756 1.501025 34.989011 2.167152
0.441708 0.094339 -0.020669 -0.004092
0.094339 0.043633 -0.004044 -0.001317
-0.020669 -0.004044 0.519775 0.108453
-0.004092 -0.001317 0.108453 0.046595
27.083127 1.465592 36.272375 2.208520
0.435530 0.093409 -0.027197 -0.005287
0.093409 0.043485 -0.005276 -0.001456
-0.027197 -0.005276 0.530420 0.110172
-0.005287 -0.001456 0.110172 0.046852
27.904519 1.485439 37.830736 2.302493
0.429944 0.092628 -0.032442 -0.006090
0.092628 0.043360 -0.006102 -0.001510
-0.032442 -0.006102 0.540939 0.111747
-0.006090 -0.001510 0.111747 0.047078
28.522020 1.458740 39.163082 2.339436
0.425198 0.092032 -0.035599 -0.006398
0.092032 0.043264 -0.006410 -0.001469
-0.035599 -0.006410 0.550288 0.112998
-0.006398 -0.001469 0.112998 0.047242
29.561102 1.526854 40.557179 2.386164
0.422017 0.091761 -0.035841 -0.006105
0.091761 0.043227 -0.006090 -0.001320
-0.035841 -0.006090 0.556423 0.113561
-0.006105 -0.001320 0.113561 0.047279
30.444762 1.553709 41.906003 2.418221
0.421361 0.092000 -0.033075 -0.005257
0.092000 0.043286 -0.005196 -0.001083
-0.033075 -0.005196 0.557202 0.113084
-0.005257 -0.001083 0.113084 0.047131
31.558659 1.625171 42.499984 2.295085
0.424507 0.092986 -0.027543 -0.003950
0.092986 0.043490 -0.003845 -0.000784
-0.027543 -0.003845 0.550582 0.111261
-0.003950 -0.000784 0.111261 0.046750
32.622244 1.680654 43.739357 2.314586
0.430046 0.094341 -0.021733 -0.002725
0.094341 0.043745 -0.002599 -0.000537
-0.021733 -0.002599 0.540365 0.108967
-0.002725 -0.000537 0.108967 0.046324
33.134621 1.605552 44.070561 2.146669
0.442028 0.096933 -0.015991 -0.001613
0.096933 0.044245 -0.001526 -0.000341
-0.015991 -0.001526 0.521515 0.105193
-0.001613 -0.000341 0.105193 0.045640
33.715885 1.557342 45.211230 2.159586
0.454541 0.099355 -0.011771 -0.000905
0.099355 0.044666 -0.000867 -0.000241
-0.011771 -0.000867 0.504218 0.102079
-0.000905 -0.000241 0.102079 0.045138
34.667404 1.596412 46.805861 2.264976
0.472303 0.102681 -0.010608 -0.000854
0.102681 0.045261 -0.000916 -0.000283
-0.010608 -0.000916 0.483383 0.098473
-0.000854 -0.000283 0.098473 0.044550
35.299557 1.560249 47.799609 2.236055
0.497881 0.107384 -0.015847 -0.002086
0.107384 0.046121 -0.002307 -0.000585
-0.015847 -0.002307 0.459186 0.094386
-0.002086 -0.000585 0.094386 0.043869
36.145471 1.573897 48.744237 2.200107
0.525732 0.112154 -0.024869 -0.003977
0.112154 0.046946 -0.004312 -0.000986
-0.024869 -0.004312 0.438577 0.091246
-0.003977 -0.000986 0.091246 0.043385
37.155148 1.620097 49.555849 2.139780
0.555730 0.116986 -0.038176 -0.006601
0.116986 0.047750 -0.006982 -0.001498
-0.038176 -0.006982 0.422072 0.089032
-0.006601 -0.001498 0.089032 0.043067
