-1.178209 0.490801 3.676692 0.578661
41.463505 16.585761 -56.479068 -22.592117
16.585761 86.638515 -22.592117 -9.037042
-56.479068 -22.592117 80.538224 32.215988
-22.592117 -9.037042 32.215988 92.890741
-2.442494 0.925445 7.951274 3.445085
70.533252 42.641434 -88.121533 -39.536185
42.641434 46.828039 -51.310443 -43.408728
-88.121533 -51.310443 113.155700 52.339998
-39.536185 -43.408728 52.339998 59.587205
-6.415614 -1.376016 14.982044 5.771462
26.023055 10.352959 -43.711227 -24.246166
10.352959 15.422367 -16.375534 -22.642710
-43.711227 -16.375534 77.472219 44.141212
-24.246166 -22.642710 44.141212 45.482266
0.340672 2.080554 5.363642 -0.642420
2.758965 0.528951 -7.207471 -3.482355
0.528951 7.215251 1.521121 -7.635757
-7.207471 1.521121 28.760827 13.363345
-3.482355 -7.635757 13.363345 18.003425
0.641214 2.509570 11.147975 1.793949
4.603525 4.450071 -5.934123 -5.652375
4.450071 6.983736 -5.123519 -8.738186
-5.934123 -5.123519 10.408821 8.104608
-5.652375 -8.738186 8.104608 12.385095
4.036751 4.176275 10.353708 0.176416
7.053717 4.981933 -11.023780 -7.369227
4.981933 4.647304 -7.537170 -6.644362
-11.023780 -7.537170 19.888169 12.512019
-7.369227 -6.644362 12.512019 10.501673
6.358536 4.265516 9.490458 -0.213640
12.371611 6.927082 -17.724822 -9.633119
6.927082 4.474870 -9.793275 -6.172504
-17.724822 -9.793275 27.339642 14.457868
-9.633119 -6.172504 14.457868 9.078543
11.359140 5.527146 4.733538 -2.186861
13.821732 6.318154 -17.068284 -7.788675
6.318154 3.250371 -7.739987 -4.044954
-17.068284 -7.739987 22.476294 10.068809
-7.788675 -4.044954 10.068809 5.389866
14.242143 5.571978 3.467920 -2.250973
4.430652 1.716386 -3.457331 -1.413929
1.716386 0.907594 -1.323734 -0.879569
-3.457331 -1.323734 3.557108 1.386120
-1.413929 -0.879569 1.386120 1.126687
14.970372 4.841887 4.775234 -1.336919
3.808475 1.263041 -2.067165 -0.735408
1.263041 0.590995 -0.708811 -0.483619
-2.067165 -0.708811 1.764194 0.651326
-0.735408 -0.483619 0.651326 0.643865
16.123733 4.395484 5.610371 -0.740840
4.420160 1.277327 -1.951237 -0.596491
1.277327 0.496156 -0.611263 -0.348855
-1.951237 -0.611263 1.419997 0.514826
-0.596491 -0.348855 0.514826 0.466197
16.982781 3.942234 6.786461 -0.123830
5.179288 1.311328 -1.920679 -0.484444
1.311328 0.428884 -0.542750 -0.252332
-1.920679 -0.542750 1.230908 0.422556
-0.484444 -0.252332 0.422556 0.341186
19.743145 4.192385 5.836657 -0.466453
6.112531 1.374017 -1.959191 -0.403531
1.374017 0.385426 -0.497105 -0.186055
-1.959191 -0.497105 1.122926 0.355821
-0.403531 -0.186055 0.355821 0.253720
18.041844 3.274084 8.041592 0.304723
5.776209 1.126632 -1.256227 -0.112476
1.126632 0.282579 -0.296586 -0.092025
-1.256227 -0.296586 0.741266 0.226874
-0.112476 -0.092025 0.226874 0.176200
19.319466 3.119049 9.131125 0.661785
6.920624 1.255500 -1.434255 -0.141804
1.255500 0.281732 -0.307439 -0.078641
-1.434255 -0.307439 0.750947 0.213303
-0.141804 -0.078641 0.213303 0.140539
20.702168 3.027950 10.143875 0.908993
7.955264 1.327787 -1.403712 -0.093548
1.327787 0.269483 -0.275334 -0.055553
-1.403712 -0.275334 0.681323 0.179876
-0.093548 -0.055553 0.179876 0.110793
22.077961 3.012168 10.553315 0.886670
8.332614 1.269948 -1.022953 0.033866
1.269948 0.237426 -0.191007 -0.025356
-1.022953 -0.191007 0.538028 0.140561
0.033866 -0.025356 0.140561 0.089438
19.450380 2.336086 12.526238 1.224911
7.769141 1.078473 -0.384040 0.183760
1.078473 0.191129 -0.083780 0.001662
-0.384040 -0.083780 0.413833 0.120823
0.183760 0.001662 0.120823 0.079310
21.900050 2.471140 13.568823 1.400197
7.747370 1.050129 -0.661314 0.045479
1.050129 0.182377 -0.117091 -0.013010
-0.661314 -0.117091 0.439502 0.115225
0.045479 -0.013010 0.115225 0.065341
21.513778 2.220946 15.030996 1.579981
7.706675 0.973286 -0.261171 0.136974
0.973286 0.162060 -0.056484 0.002087
-0.261171 -0.056484 0.375114 0.103412
0.136974 0.002087 0.103412 0.059570
22.917034 2.260668 15.740857 1.564068
8.312745 1.000171 -0.108339 0.160303
1.000171 0.159160 -0.033754 0.006942
-0.108339 -0.033754 0.353120 0.097269
0.160303 0.006942 0.097269 0.054579
23.467808 2.192536 16.546672 1.559671
6.647235 0.743931 0.416156 0.238244
0.743931 0.122126 0.027796 0.016448
0.416156 0.027796 0.370980 0.108951
0.238244 0.016448 0.108951 0.056382
22.428356 1.936098 17.627232 1.610553
5.103746 0.533800 0.768226 0.272171
0.533800 0.095072 0.061975 0.019653
0.768226 0.061975 0.461407 0.132538
0.272171 0.019653 0.132538 0.060177
21.989510 1.798993 18.059633 1.504523
5.253340 0.536847 0.939931 0.279097
0.536847 0.094637 0.077451 0.020795
0.939931 0.077451 0.506172 0.137217
0.279097 0.020795 0.137217 0.058273
21.581824 1.674183 18.440462 1.409361
5.212420 0.531675 0.887323 0.229216
0.531675 0.094556 0.071694 0.016659
0.887323 0.071694 0.479726 0.122186
0.229216 0.016659 0.122186 0.051727
22.915478 1.712787 19.430304 1.478506
4.623378 0.478754 0.599086 0.131589
0.478754 0.090411 0.043451 0.007935
0.599086 0.043451 0.397863 0.096831
0.131589 0.007935 0.096831 0.044060
23.998234 1.742963 20.075250 1.453767
3.316958 0.325700 0.699602 0.150296
0.325700 0.073312 0.050170 0.009940
0.699602 0.050170 0.478613 0.113260
0.150296 0.009940 0.113260 0.047274
26.124266 1.872165 20.996493 1.487385
1.616914 0.150067 0.537689 0.113148
0.150067 0.055981 0.027976 0.005656
0.537689 0.027976 0.561552 0.130676
0.113148 0.005656 0.130676 0.050916
27.517574 1.927527 21.744873 1.481187
0.805668 0.078281 0.321465 0.063288
0.078281 0.050511 0.001130 0.000240
0.321465 0.001130 0.617557 0.141184
0.063288 0.000240 0.141184 0.052919
28.531475 1.935775 22.467472 1.476145
0.523962 0.061216 0.206521 0.037015
0.061216 0.050412 -0.015802 -0.002810
0.206521 -0.015802 0.712027 0.157963
0.037015 -0.002810 0.157963 0.055935
29.475890 1.931119 23.217077 1.479077
0.397956 0.059932 0.117496 0.017963
0.059932 0.051560 -0.030761 -0.005222
0.117496 -0.030761 0.833031 0.177925
0.017963 -0.005222 0.177925 0.059264
30.377700 1.915262 24.018105 1.492659
0.340209 0.065405 0.030443 0.001070
0.065405 0.053004 -0.046274 -0.007540
0.030443 -0.046274 0.975193 0.199554
0.001070 -0.007540 0.199554 0.062583
31.697343 1.981389 25.101203 1.554978
0.322819 0.074724 -0.064943 -0.015634
0.074724 0.054475 -0.063436 -0.009981
-0.064943 -0.063436 1.135093 0.221887
-0.015634 -0.009981 0.221887 0.065712
32.710529 1.985164 25.933203 1.565090
0.336295 0.087072 -0.176019 -0.033352
0.087072 0.056011 -0.083101 -0.012686
-0.176019 -0.083101 1.306331 0.243544
-0.033352 -0.012686 0.243544 0.068416
33.654919 1.974369 26.632134 1.549818
0.373997 0.101173 -0.300813 -0.051448
0.101173 0.057409 -0.104410 -0.015461
-0.300813 -0.104410 1.499213 0.266394
-0.051448 -0.015461 0.266394 0.071084
34.685927 1.986195 27.357959 1.541953
0.431250 0.116098 -0.440259 -0.069997
0.116098 0.058560 -0.126862 -0.018224
-0.440259 -0.126862 1.720830 0.291463
-0.069997 -0.018224 0.291463 0.073900
35.645457 1.977058 28.058562 1.529393
0.505849 0.131477 -0.596730 -0.089329
0.131477 0.059501 -0.150331 -0.020967
-0.596730 -0.150331 1.973121 0.318741
-0.089329 -0.020967 0.318741 0.076842
36.392211 1.912731 28.759469 1.512086
0.596720 0.147161 -0.772155 -0.109650
0.147161 0.060303 -0.174722 -0.023681
-0.772155 -0.174722 2.257291 0.348101
-0.109650 -0.023681 0.348101 0.079874
37.409059 1.929059 29.548852 1.519497
0.705833 0.163715 -0.969687 -0.131242
0.163715 0.061181 -0.200488 -0.026420
-0.969687 -0.200488 2.569068 0.378510
-0.131242 -0.026420 0.378510 0.082813
38.283012 1.906093 30.310926 1.516290
0.832511 0.180914 -1.189877 -0.154027
0.180914 0.062108 -0.227278 -0.029130
-1.189877 -0.227278 2.912599 0.410474
-0.154027 -0.029130 0.410474 0.085756
39.326015 1.933418 31.228607 1.544866
0.978446 0.199100 -1.434491 -0.178039
0.199100 0.063179 -0.255267 -0.031824
-1.434491 -0.255267 3.286545 0.443537
-0.178039 -0.031824 0.443537 0.088632
40.314604 1.945472 32.191244 1.574788
1.146562 0.218806 -1.705567 -0.203287
0.218806 0.064501 -0.284780 -0.034524
-1.705567 -0.284780 3.687937 0.477032
-0.203287 -0.034524 0.477032 0.091349
41.414883 1.983061 33.162184 1.608927
1.340192 0.240548 -2.004614 -0.229673
0.240548 0.066149 -0.316063 -0.037237
-2.004614 -0.316063 4.112514 0.510201
-0.229673 -0.037237 0.510201 0.093813
41.949704 1.855241 33.468951 1.509749
1.558487 0.263806 -2.331711 -0.257130
0.263806 0.067973 -0.348579 -0.039912
-2.331711 -0.348579 4.566637 0.544022
-0.257130 -0.039912 0.544022 0.096198
42.934885 1.865342 34.157274 1.503448
1.789093 0.285680 -2.683475 -0.285799
0.285680 0.069389 -0.380030 -0.042390
-2.683475 -0.380030 5.078742 0.582802
-0.285799 -0.042390 0.582802 0.099133
43.612487 1.793710 34.615473 1.444872
2.036435 0.307324 -3.061812 -0.315569
0.307324 0.070680 -0.411420 -0.044767
-3.061812 -0.411420 5.638209 0.624396
-0.315569 -0.044767 0.624396 0.102257
44.511565 1.784707 35.154216 1.418637
2.297631 0.328235 -3.465511 -0.346350
0.328235 0.071778 -0.442302 -0.047020
-3.465511 -0.442302 6.248098 0.669048
-0.346350 -0.047020 0.669048 0.105594
45.639429 1.824544 35.653221 1.404845
2.569515 0.347954 -3.893064 -0.378040
0.347954 0.072638 -0.472267 -0.049134
-3.893064 -0.472267 6.911084 0.716942
-0.378040 -0.049134 0.716942 0.109157
46.563512 1.828254 36.376380 1.408608
2.838598 0.364336 -4.335045 -0.410162
0.364336 0.072959 -0.499112 -0.050958
-4.335045 -0.499112 7.632728 0.769203
-0.410162 -0.050958 0.769203 0.113118
47.688169 1.888163 37.338902 1.460033
3.132899 0.382654 -4.812099 -0.443464
0.382654 0.073613 -0.528352 -0.052900
-4.812099 -0.528352 8.401623 0.822255
-0.443464 -0.052900 0.822255 0.116883
