-1.525532 0.351868 -0.600850 -1.132392
2.053490 0.821414 -0.226717 -0.090689
0.821414 80.332639 -0.090689 -0.036276
-0.226717 -0.090689 3.101368 1.240574
-0.090689 -0.036276 1.240574 80.500307
4.922525 11.552801 -1.102355 -0.901130
3.415446 6.059381 -2.029849 -3.376566
6.059381 17.899541 -3.556857 -6.561226
-2.029849 -3.556857 3.493525 5.885902
-3.376566 -6.561226 5.885902 20.051848
7.273854 8.017474 2.114136 2.962902
2.290908 2.537670 -0.245126 -0.013990
2.537670 4.509558 -0.128093 -0.226764
-0.245126 -0.128093 1.856447 2.132563
-0.013990 -0.226764 2.132563 4.798220
7.614651 5.056635 3.042413 2.355644
1.568388 1.261883 -0.129514 -0.060988
1.261883 1.671448 -0.082432 -0.205586
-0.129514 -0.082432 1.929780 1.686098
-0.060988 -0.205586 1.686098 2.311706
7.723235 3.493988 4.271709 2.384957
1.276557 0.825025 -0.147378 -0.096978
0.825025 0.853535 -0.104697 -0.153928
-0.147378 -0.104697 1.809038 1.226232
-0.096978 -0.153928 1.226232 1.220515
8.512497 2.966459 6.732832 3.088838
1.113128 0.603172 -0.233532 -0.136209
0.603172 0.507145 -0.139611 -0.126217
-0.233532 -0.139611 1.678470 0.923939
-0.136209 -0.126217 0.923939 0.723134
8.534523 2.293919 7.258327 2.629568
1.074356 0.500514 -0.322419 -0.156542
0.500514 0.345955 -0.157866 -0.102922
-0.322419 -0.157866 1.458707 0.675116
-0.156542 -0.102922 0.675116 0.445730
9.419243 2.190612 7.048127 2.021128
1.028517 0.417687 -0.348653 -0.143075
0.417687 0.246607 -0.143905 -0.075841
-0.348653 -0.143905 1.289668 0.516633
-0.143075 -0.075841 0.516633 0.297604
10.268152 2.101513 7.683183 1.888008
0.940355 0.338055 -0.330085 -0.116896
0.338055 0.178195 -0.117464 -0.053051
-0.330085 -0.117464 1.183236 0.419348
-0.116896 -0.053051 0.419348 0.214946
11.655633 2.213304 9.328852 2.113157
0.862455 0.279196 -0.299455 -0.093253
0.279196 0.134888 -0.093611 -0.037374
-0.299455 -0.093611 1.082350 0.344994
-0.093253 -0.037374 0.344994 0.161589
11.710953 1.904319 11.157507 2.333744
0.798377 0.236293 -0.259087 -0.071909
0.236293 0.106879 -0.072174 -0.026181
-0.259087 -0.072174 0.977281 0.284300
-0.071909 -0.026181 0.284300 0.125076
11.721252 1.637931 11.274441 2.043796
0.756012 0.207284 -0.223687 -0.055988
0.207284 0.088956 -0.056381 -0.018867
-0.223687 -0.056381 0.873206 0.235053
-0.055988 -0.018867 0.235053 0.099649
12.526469 1.631404 11.863307 1.933637
0.718054 0.184319 -0.199290 -0.045620
0.184319 0.076328 -0.046066 -0.014329
-0.199290 -0.046066 0.797115 0.201204
-0.045620 -0.014329 0.201204 0.083203
13.895640 1.761400 12.102816 1.762483
0.679957 0.165081 -0.175550 -0.037027
0.165081 0.067093 -0.037435 -0.010978
-0.175550 -0.037435 0.737761 0.176639
-0.037027 -0.010978 0.176639 0.072059
14.530309 1.707205 13.400071 1.856609
0.639642 0.148344 -0.151782 -0.029666
0.148344 0.060147 -0.029932 -0.008411
-0.151782 -0.029932 0.694068 0.159238
-0.029666 -0.008411 0.159238 0.064522
15.272011 1.689064 15.175135 2.044839
0.607873 0.136016 -0.129186 -0.023439
0.136016 0.055390 -0.023663 -0.006460
-0.129186 -0.023663 0.653062 0.144789
-0.023439 -0.006460 0.144789 0.058897
15.949951 1.656548 16.667338 2.145537
0.582975 0.126950 -0.106503 -0.017856
0.126950 0.052129 -0.018096 -0.004893
-0.106503 -0.018096 0.614661 0.132770
-0.017856 -0.004893 0.132770 0.054683
16.398785 1.572492 17.435537 2.077127
0.562937 0.120153 -0.085659 -0.013204
0.120153 0.049864 -0.013466 -0.003690
-0.085659 -0.013466 0.581838 0.123382
-0.013204 -0.003690 0.123382 0.051643
17.614110 1.663323 18.488231 2.083797
0.546510 0.114988 -0.068748 -0.009772
0.114988 0.048279 -0.010038 -0.002850
-0.068748 -0.010038 0.555861 0.116462
-0.009772 -0.002850 0.116462 0.049530
17.420622 1.444838 18.988388 1.962451
0.531797 0.110831 -0.053431 -0.006915
0.110831 0.047132 -0.007156 -0.002186
-0.053431 -0.007156 0.535993 0.111534
-0.006915 -0.002186 0.111534 0.048101
18.445920 1.508048 20.011339 1.973295
0.520865 0.107940 -0.042021 -0.005016
0.107940 0.046395 -0.005243 -0.001759
-0.042021 -0.005243 0.519842 0.107824
-0.005016 -0.001759 0.107824 0.047088
18.773174 1.417968 20.701511 1.909052
0.511251 0.105656 -0.031817 -0.003426
0.105656 0.045875 -0.003627 -0.001407
-0.031817 -0.003627 0.507783 0.105282
-0.003426 -0.001407 0.105282 0.046425
19.234068 1.369119 22.157941 2.012080
0.503601 0.104016 -0.023643 -0.002279
0.104016 0.045544 -0.002456 -0.001153
-0.023643 -0.002456 0.498530 0.103501
-0.002279 -0.001153 0.103501 0.045980
19.438002 1.269575 23.134470 2.003900
0.497233 0.102800 -0.016381 -0.001307
0.102800 0.045329 -0.001460 -0.000932
-0.016381 -0.001460 0.491747 0.102336
-0.001307 -0.000932 0.102336 0.045696
20.065538 1.267411 23.914222 1.957491
0.491882 0.101892 -0.010413 -0.000578
0.101892 0.045189 -0.000708 -0.000758
-0.010413 -0.000708 0.487102 0.101653
-0.000578 -0.000758 0.101653 0.045527
20.476902 1.221266 24.910048 1.960553
0.486992 0.101136 -0.005990 -0.000131
0.101136 0.045081 -0.000237 -0.000637
-0.005990 -0.000237 0.484544 0.101399
-0.000131 -0.000637 0.101399 0.045449
21.474772 1.302060 25.997395 1.983581
0.482306 0.100456 -0.002695 0.000142
0.100456 0.044985 0.000057 -0.000544
-0.002695 0.000057 0.483776 0.101476
0.000142 -0.000544 0.101476 0.045437
21.808829 1.235842 27.008184 1.987336
0.477340 0.099735 -0.001293 0.000085
0.099735 0.044874 0.000019 -0.000513
-0.001293 0.000019 0.484882 0.101882
0.000085 -0.000513 0.101882 0.045486
21.802369 1.104943 28.017978 1.990604
0.472283 0.099013 -0.000780 -0.000071
0.099013 0.044757 -0.000124 -0.000494
-0.000780 -0.000124 0.487339 0.102487
-0.000071 -0.000494 0.102487 0.045568
22.159360 1.063821 28.989790 1.985701
0.467027 0.098262 -0.000395 -0.000169
0.098262 0.044627 -0.000214 -0.000457
-0.000395 -0.000214 0.491041 0.103264
-0.000169 -0.000457 0.103264 0.045677
22.723682 1.070624 30.068566 2.003740
0.461587 0.097481 -0.000838 -0.000376
0.097481 0.044486 -0.000417 -0.000441
-0.000838 -0.000417 0.495822 0.104174
-0.000376 -0.000441 0.104174 0.045807
23.501940 1.122302 30.773218 1.941270
0.455834 0.096642 -0.002519 -0.000780
0.096642 0.044327 -0.000823 -0.000466
-0.002519 -0.000823 0.501758 0.105236
-0.000780 -0.000466 0.105236 0.045964
23.847398 1.076378 31.761814 1.945140
0.450704 0.095945 -0.005760 -0.001440
0.095945 0.044195 -0.001493 -0.000545
-0.005760 -0.001493 0.507704 0.106208
-0.001440 -0.000545 0.106208 0.046099
24.775588 1.159825 32.442740 1.884201
0.445486 0.095220 -0.009226 -0.002065
0.095220 0.044050 -0.002129 -0.000613
-0.009226 -0.002129 0.514457 0.107279
-0.002065 -0.000613 0.107279 0.046255
25.338738 1.156221 33.243928 1.854926
0.441154 0.094677 -0.014298 -0.002960
0.094677 0.043938 -0.003046 -0.000741
-0.014298 -0.003046 0.520859 0.108210
-0.002960 -0.000741 0.108210 0.046384
26.249472 1.228085 34.531517 1.929623
0.437215 0.094191 -0.019625 -0.003831
0.094191 0.043831 -0.003940 -0.000861
-0.019625 -0.003940 0.527427 0.109132
-0.003831 -0.000861 0.109132 0.046517
27.005651 1.259041 35.680962 1.967837
0.433140 0.093643 -0.025740 -0.004804
0.093643 0.043702 -0.004939 -0.001006
-0.025740 -0.004939 0.535086 0.110244
-0.004804 -0.001006 0.110244 0.046694
27.417895 1.211550 36.492450 1.932041
0.429252 0.093111 -0.031521 -0.005649
0.093111 0.043571 -0.005803 -0.001125
-0.031521 -0.005803 0.543171 0.111396
-0.005649 -0.001125 0.111396 0.046883
28.351307 1.283940 37.835209 2.009891
0.425870 0.092669 -0.035946 -0.006182
0.092669 0.043457 -0.006336 -0.001183
-0.035946 -0.006336 0.550682 0.112392
-0.006182 -0.001183 0.112392 0.047043
29.103066 1.309171 39.193370 2.082105
0.422815 0.092273 -0.038915 -0.006422
0.092273 0.043350 -0.006555 -0.001190
-0.038915 -0.006555 0.557577 0.113247
-0.006422 -0.001190 0.113247 0.047180
30.123688 1.388810 40.089879 2.054397
0.420654 0.092057 -0.038907 -0.006090
0.092057 0.043281 -0.006169 -0.001089
-0.038907 -0.006169 0.561933 0.113598
-0.006090 -0.001089 0.113598 0.047227
30.330230 1.280810 40.953811 2.019147
0.419809 0.092096 -0.037137 -0.005484
0.092096 0.043264 -0.005505 -0.000955
-0.037137 -0.005505 0.563243 0.113394
-0.005484 -0.000955 0.113394 0.047178
31.071998 1.302072 41.752681 1.977312
0.420621 0.092454 -0.033110 -0.004520
0.092454 0.043312 -0.004477 -0.000766
-0.033110 -0.004477 0.560660 0.112518
-0.004520 -0.000766 0.112518 0.047017
31.540820 1.261880 42.734313 1.974973
0.423517 0.093195 -0.027761 -0.003405
0.093195 0.043435 -0.003312 -0.000569
-0.027761 -0.003312 0.554054 0.110992
-0.003405 -0.000569 0.110992 0.046752
32.242610 1.278138 43.855451 2.002116
0.429580 0.094531 -0.021439 -0.002201
0.094531 0.043677 -0.002088 -0.000372
-0.021439 -0.002088 0.542331 0.108634
-0.002201 -0.000372 0.108634 0.046349
32.847422 1.270697 44.877154 2.006112
0.440394 0.096758 -0.015422 -0.001149
0.096758 0.044095 -0.001071 -0.000223
-0.015422 -0.001071 0.524575 0.105298
-0.001149 -0.000223 0.105298 0.045778
33.611338 1.297255 45.462857 1.922380
0.455496 0.099691 -0.011461 -0.000580
0.099691 0.044639 -0.000588 -0.000180
-0.011461 -0.000588 0.503533 0.101568
-0.000580 -0.000180 0.101568 0.045157
34.427907 1.334152 46.538364 1.946158
0.473007 0.102870 -0.010085 -0.000558
0.102870 0.045203 -0.000666 -0.000242
-0.010085 -0.000666 0.482840 0.098159
-0.000558 -0.000242 0.098159 0.044618
35.230744 1.362325 47.081850 1.858249
0.495458 0.106841 -0.013212 -0.001424
0.106841 0.045912 -0.001657 -0.000473
-0.013212 -0.001657 0.461040 0.094688
-0.001424 -0.000473 0.094688 0.044063
36.050804 1.392508 48.249701 1.908243
0.519603 0.110848 -0.019781 -0.002903
0.110848 0.046598 -0.003223 -0.000797
-0.019781 -0.003223 0.442129 0.091944
-0.002903 -0.000797 0.091944 0.043645
