-0.457357 0.779148 1.295791 -0.373720
2.053490 0.821414 -0.226717 -0.090689
0.821414 80.332639 -0.090689 -0.036276
-0.226717 -0.090689 3.101368 1.240574
-0.090689 -0.036276 1.240574 80.500307
6.694132 12.851483 1.009308 -0.411653
3.019358 5.356965 -1.779627 -2.959849
5.356965 16.653941 -3.110231 -5.817332
-1.779627 -3.110231 3.484359 5.875206
-2.959849 -5.817332 5.875206 20.041782
6.319924 5.108365 -0.200477 -2.309597
1.913824 2.144409 -0.193787 -0.015395
2.144409 4.078382 -0.059284 -0.197043
-0.193787 -0.059284 2.176134 2.489541
-0.015395 -0.197043 2.489541 5.214781
8.145897 4.538740 1.161848 -0.175099
1.939677 1.598388 -0.111130 -0.046961
1.598388 1.951238 -0.072582 -0.188266
-0.111130 -0.072582 1.550291 1.322995
-0.046961 -0.188266 1.322995 1.993046
8.675905 3.407460 3.478259 1.475914
1.530155 0.978320 -0.035784 -0.021231
0.978320 0.934450 -0.034604 -0.100873
-0.035784 -0.034604 1.443970 0.993946
-0.021231 -0.100873 0.993946 1.084932
8.195767 2.244609 5.050898 1.966283
1.188152 0.627662 -0.099421 -0.065592
0.627662 0.507524 -0.072997 -0.087701
-0.099421 -0.072997 1.461778 0.829948
-0.065592 -0.087701 0.829948 0.688441
9.049845 2.111675 6.957038 2.408431
1.032754 0.470575 -0.217574 -0.113531
0.470575 0.325817 -0.116152 -0.083414
-0.217574 -0.116152 1.421480 0.679062
-0.113531 -0.083414 0.679062 0.457093
8.843763 1.607514 8.295682 2.471942
0.975920 0.391288 -0.284929 -0.123169
0.391288 0.233491 -0.123526 -0.067725
-0.284929 -0.123526 1.292422 0.530782
-0.123169 -0.067725 0.530782 0.307167
10.318255 1.853060 7.407398 1.705038
0.948428 0.338792 -0.304867 -0.112387
0.338792 0.177619 -0.112145 -0.050965
-0.304867 -0.112145 1.138052 0.410714
-0.112387 -0.050965 0.410714 0.213036
10.820935 1.717109 9.360843 2.061122
0.861459 0.277343 -0.285582 -0.091616
0.277343 0.133839 -0.091431 -0.036157
-0.285582 -0.091431 1.064651 0.344476
-0.091616 -0.036157 0.344476 0.161735
11.347449 1.618148 10.149970 1.988641
0.809305 0.238467 -0.261244 -0.074155
0.238467 0.107300 -0.074143 -0.026109
-0.261244 -0.074143 0.964139 0.283640
-0.074155 -0.026109 0.283640 0.124668
12.597604 1.738946 11.086089 1.975263
0.761580 0.207873 -0.234344 -0.059630
0.207873 0.088971 -0.059755 -0.019105
-0.234344 -0.059755 0.878308 0.238378
-0.059630 -0.019105 0.238378 0.100118
13.961938 1.862172 11.438134 1.816430
0.712950 0.182329 -0.202642 -0.046627
0.182329 0.075757 -0.046783 -0.013865
-0.202642 -0.046783 0.807104 0.204773
-0.046627 -0.013865 0.204773 0.083583
14.211672 1.700541 12.964157 1.960212
0.664647 0.161022 -0.171760 -0.036029
0.161022 0.066131 -0.036099 -0.010105
-0.171760 -0.036099 0.752660 0.180632
-0.036029 -0.010105 0.180632 0.072478
15.167664 1.722657 13.635203 1.889723
0.630190 0.146194 -0.145237 -0.027932
0.146194 0.059745 -0.028055 -0.007518
-0.145237 -0.028055 0.699492 0.160379
-0.027932 -0.007518 0.160379 0.064249
15.584354 1.625044 14.901003 1.957148
0.599309 0.134317 -0.121615 -0.021550
0.134317 0.055121 -0.021668 -0.005655
-0.121615 -0.021668 0.656954 0.145337
-0.021550 -0.005655 0.145337 0.058549
15.754426 1.483374 15.832863 1.941022
0.575573 0.125647 -0.100931 -0.016510
0.125647 0.051950 -0.016658 -0.004306
-0.100931 -0.016658 0.619057 0.133278
-0.016510 -0.004306 0.133278 0.054390
16.328874 1.454215 17.584554 2.105451
0.557255 0.119282 -0.083975 -0.012747
0.119282 0.049767 -0.012932 -0.003364
-0.083975 -0.012932 0.586890 0.123914
-0.012747 -0.003364 0.123914 0.051412
16.886450 1.416024 18.372768 2.048540
0.542916 0.114600 -0.067226 -0.009335
0.114600 0.048273 -0.009552 -0.002573
-0.067226 -0.009552 0.558680 0.116479
-0.009335 -0.002573 0.116479 0.049250
17.292990 1.352445 19.356291 2.037619
0.530717 0.110948 -0.053234 -0.006749
0.110948 0.047210 -0.006969 -0.002005
-0.053234 -0.006969 0.536747 0.111134
-0.006749 -0.002005 0.111134 0.047792
17.570725 1.272617 20.828125 2.128509
0.520776 0.108207 -0.041284 -0.004729
0.108207 0.046482 -0.004941 -0.001580
-0.041284 -0.004941 0.519367 0.107248
-0.004729 -0.001580 0.107248 0.046802
18.171012 1.261104 21.233797 1.991972
0.512842 0.106206 -0.030353 -0.002995
0.106206 0.046002 -0.003196 -0.001225
-0.030353 -0.003196 0.505488 0.104426
-0.002995 -0.001225 0.104426 0.046132
18.735566 1.249835 22.698197 2.088728
0.505813 0.104607 -0.021907 -0.001824
0.104607 0.045659 -0.002001 -0.000989
-0.021907 -0.002001 0.495647 0.102639
-0.001824 -0.000989 0.102639 0.045730
19.227741 1.222245 23.713900 2.082196
0.499370 0.103294 -0.014270 -0.000812
0.103294 0.045410 -0.000961 -0.000780
-0.014270 -0.000961 0.488971 0.101604
-0.000812 -0.000780 0.101604 0.045508
19.957128 1.244984 24.174464 1.961478
0.493409 0.102198 -0.008091 -0.000081
0.102198 0.045224 -0.000203 -0.000622
-0.008091 -0.000203 0.484993 0.101146
-0.000081 -0.000622 0.101146 0.045408
20.462237 1.220126 24.916617 1.911287
0.488067 0.101311 -0.003903 0.000279
0.101311 0.045087 0.000181 -0.000532
-0.003903 0.000181 0.482968 0.101058
0.000279 -0.000532 0.101058 0.045379
20.874651 1.179415 26.233491 1.986810
0.483154 0.100565 -0.001045 0.000433
0.100565 0.044980 0.000355 -0.000473
-0.001045 0.000355 0.482499 0.101232
0.000433 -0.000473 0.101232 0.045393
21.850659 1.260136 27.370483 2.017226
0.477795 0.099756 0.000916 0.000480
0.099756 0.044855 0.000419 -0.000424
0.000916 0.000419 0.484047 0.101752
0.000480 -0.000424 0.101752 0.045469
22.852178 1.337957 28.355175 2.012195
0.472032 0.098891 0.000855 0.000182
0.098891 0.044713 0.000132 -0.000440
0.000855 0.000132 0.487287 0.102529
0.000182 -0.000440 0.102529 0.045586
23.112339 1.251862 29.632568 2.069431
0.466361 0.098071 -0.001312 -0.000458
0.098071 0.044577 -0.000503 -0.000518
-0.001312 -0.000503 0.491509 0.103405
-0.000458 -0.000518 0.103405 0.045712
23.345361 1.168769 30.902141 2.119000
0.460082 0.097139 -0.003857 -0.001061
0.097139 0.044410 -0.001106 -0.000577
-0.003857 -0.001106 0.497395 0.104530
-0.001061 -0.000577 0.104530 0.045883
23.593851 1.097831 31.414321 2.004392
0.453336 0.096125 -0.006573 -0.001604
0.096125 0.044222 -0.001654 -0.000619
-0.006573 -0.001654 0.504789 0.105859
-0.001604 -0.000619 0.105859 0.046089
23.910310 1.048371 32.226651 1.964770
0.447711 0.095369 -0.009272 -0.002071
0.095369 0.044085 -0.002126 -0.000646
-0.009272 -0.002126 0.511649 0.106962
-0.002071 -0.000646 0.106962 0.046241
24.876656 1.142997 33.432179 2.011250
0.442494 0.094690 -0.012123 -0.002519
0.094690 0.043955 -0.002579 -0.000673
-0.012123 -0.002579 0.518705 0.108031
-0.002519 -0.000673 0.108031 0.046387
25.644665 1.185244 34.450116 2.013883
0.437385 0.094012 -0.016719 -0.003290
0.094012 0.043817 -0.003367 -0.000777
-0.016719 -0.003367 0.526554 0.109204
-0.003290 -0.000777 0.109204 0.046561
26.299226 1.198824 35.675208 2.058981
0.432773 0.093420 -0.021942 -0.004131
0.093420 0.043688 -0.004230 -0.000897
-0.021942 -0.004230 0.534584 0.110354
-0.004131 -0.000897 0.110354 0.046733
26.897087 1.198735 36.861471 2.091193
0.428407 0.092851 -0.026796 -0.004841
0.092851 0.043557 -0.004956 -0.000990
-0.026796 -0.004956 0.542937 0.111524
-0.004841 -0.000990 0.111524 0.046915
27.829922 1.271232 37.860042 2.082326
0.424547 0.092365 -0.030542 -0.005292
0.092365 0.043437 -0.005407 -0.001034
-0.030542 -0.005407 0.550835 0.112562
-0.005292 -0.001034 0.112562 0.047075
28.091822 1.188579 38.567942 2.013426
0.421577 0.092040 -0.033641 -0.005611
0.092040 0.043347 -0.005721 -0.001061
-0.033641 -0.005721 0.557517 0.113335
-0.005611 -0.001061 0.113335 0.047190
28.910108 1.236605 39.266047 1.951732
0.419451 0.091862 -0.034943 -0.005580
0.091862 0.043283 -0.005665 -0.001025
-0.034943 -0.005665 0.562342 0.113750
-0.005580 -0.001025 0.113750 0.047245
29.552026 1.239676 39.720178 1.846628
0.418197 0.091826 -0.035405 -0.005427
0.091826 0.043243 -0.005487 -0.000979
-0.035405 -0.005487 0.565361 0.113852
-0.005427 -0.000979 0.113852 0.047253
30.402546 1.289746 40.470628 1.812936
0.417611 0.091882 -0.035242 -0.005204
0.091882 0.043218 -0.005239 -0.000934
-0.035242 -0.005239 0.566875 0.113728
-0.005204 -0.000934 0.113728 0.047233
31.476079 1.382072 40.892970 1.717997
0.418067 0.092119 -0.033445 -0.004707
0.092119 0.043230 -0.004706 -0.000841
-0.033445 -0.004706 0.565742 0.113171
-0.004707 -0.000841 0.113171 0.047145
32.048348 1.358189 42.237405 1.814476
0.419291 0.092463 -0.031017 -0.004157
0.092463 0.043260 -0.004126 -0.000751
-0.031017 -0.004126 0.562875 0.112389
-0.004157 -0.000751 0.112389 0.047030
32.718025 1.357491 43.431991 1.871832
0.424693 0.093683 -0.024889 -0.002919
0.093683 0.043484 -0.002844 -0.000525
-0.024889 -0.002844 0.551625 0.110074
-0.002919 -0.000525 0.110074 0.046629
33.248908 1.321601 43.641770 1.725923
0.435304 0.095911 -0.018219 -0.001672
0.095911 0.043912 -0.001608 -0.000319
-0.018219 -0.001608 0.532960 0.106518
-0.001672 -0.000319 0.106518 0.046011
33.308176 1.188999 44.389602 1.700386
0.445970 0.097915 -0.012997 -0.000824
0.097915 0.044258 -0.000784 -0.000206
-0.012997 -0.000784 0.516385 0.103680
-0.000824 -0.000206 0.103680 0.045572
33.843773 1.177439 45.626532 1.778384
0.458296 0.100101 -0.009357 -0.000346
0.100101 0.044630 -0.000353 -0.000170
-0.009357 -0.000353 0.499635 0.100993
-0.000346 -0.000170 0.100993 0.045171
34.528373 1.198540 46.623004 1.800520
0.476259 0.103331 -0.008983 -0.000531
0.103331 0.045216 -0.000637 -0.000266
-0.008983 -0.000637 0.479087 0.097661
-0.000531 -0.000266 0.097661 0.044631
35.181351 1.209990 47.476069 1.790914
0.498254 0.107163 -0.012592 -0.001481
0.107163 0.045906 -0.001694 -0.000501
-0.012592 -0.001694 0.458317 0.094427
-0.001481 -0.000501 0.094427 0.044106
