-0.751158 0.661625 3.981632 0.700640
41.463505 16.585761 -56.479068 -22.592117
16.585761 86.638515 -22.592117 -9.037042
-56.479068 -22.592117 80.538224 32.215988
-22.592117 -9.037042 32.215988 92.890741
2.024854 6.072770 7.404318 5.226985
70.533574 42.758511 -87.939836 -39.361112
42.758511 46.966502 -51.351266 -43.372870
-87.939836 -51.351266 112.693958 52.012238
-39.361112 -43.372870 52.012238 59.384139
-6.608429 -1.499124 17.879835 6.193688
78.678362 37.973225 -105.631995 -51.049842
37.973225 29.555086 -50.263555 -37.876023
-105.631995 -50.263555 144.710889 70.985312
-51.049842 -37.876023 70.985312 55.189077
-3.343361 0.216346 15.662138 3.960314
1.449212 0.547175 -2.364236 -1.088278
0.547175 7.328553 0.375848 -8.537257
-2.364236 0.375848 11.702056 6.739408
-1.088278 -8.537257 6.739408 16.464175
-2.472769 1.133263 17.559784 3.334621
1.750994 1.734044 -4.399232 -3.536565
1.734044 4.375829 -3.361687 -6.372010
-4.399232 -3.361687 22.318953 14.504306
-3.536565 -6.372010 14.504306 14.839902
-0.855032 2.051571 17.303691 1.884879
1.855036 1.423779 -6.086746 -3.589235
1.423779 2.086275 -3.490544 -3.505229
-6.086746 -3.490544 36.122952 17.960116
-3.589235 -3.505229 17.960116 11.200174
0.663475 2.424004 17.811385 1.485130
2.729386 1.607705 -10.451574 -4.754978
1.607705 1.396065 -5.275499 -3.057154
-10.451574 -5.275499 55.581083 23.122698
-4.754978 -3.057154 23.122698 10.754014
3.266400 3.274414 17.255253 0.561924
3.662159 1.681210 -15.263642 -5.600699
1.681210 1.013815 -6.318506 -2.668223
-15.263642 -6.318506 78.240119 27.256825
-5.600699 -2.668223 27.256825 10.143441
4.869185 3.293759 18.479410 0.792393
5.240604 2.098675 -19.292696 -6.213548
2.098675 0.981789 -7.336171 -2.564741
-19.292696 -7.336171 80.632204 25.106357
-6.213548 -2.564741 25.106357 8.232144
6.019949 3.016114 17.672192 0.675648
6.115071 2.024748 -23.276158 -6.401926
2.024748 0.765726 -7.381017 -2.160816
-23.276158 -7.381017 97.484830 26.196593
-6.401926 -2.160816 26.196593 7.325777
8.818132 3.280112 10.029771 -1.080014
7.381914 2.178418 -25.901030 -6.387576
2.178418 0.710770 -7.414731 -1.917331
-25.901030 -7.414731 97.646571 23.664919
-6.387576 -1.917331 23.664919 5.947600
9.679120 3.083919 12.358526 -0.457390
1.537985 0.498173 -2.203617 -0.643264
0.498173 0.209822 -0.654574 -0.252488
-2.203617 -0.654574 5.004969 1.234551
-0.643264 -0.252488 1.234551 0.473203
10.848524 3.023352 14.374569 -0.019943
2.000911 0.586603 -2.509147 -0.687699
0.586603 0.211185 -0.701533 -0.236464
-2.509147 -0.701533 4.391110 1.079018
-0.687699 -0.236464 1.079018 0.399470
12.567408 3.066333 13.633825 -0.170861
2.619870 0.687843 -3.242304 -0.800525
0.687843 0.214391 -0.826267 -0.237233
-3.242304 -0.826267 5.050597 1.182416
-0.800525 -0.237233 1.182416 0.386031
14.539706 3.161546 12.629381 -0.365160
3.097696 0.741069 -3.474533 -0.785211
0.741069 0.207818 -0.811972 -0.209425
-3.474533 -0.811972 4.731358 1.043052
-0.785211 -0.209425 1.043052 0.321392
15.354305 3.003972 13.693204 -0.108591
2.934949 0.650314 -2.737744 -0.563084
0.650314 0.172672 -0.591582 -0.142502
-2.737744 -0.591582 3.209540 0.660386
-0.563084 -0.142502 0.660386 0.214282
16.808974 2.994506 13.689571 -0.098782
3.223258 0.662072 -2.678144 -0.497701
0.662072 0.163486 -0.537528 -0.117053
-2.678144 -0.537528 2.789191 0.537913
-0.497701 -0.117053 0.537913 0.172306
17.560247 2.862097 14.668142 0.103816
3.211450 0.617270 -2.278356 -0.371062
0.617270 0.145645 -0.427121 -0.084019
-2.278356 -0.427121 2.107135 0.377794
-0.371062 -0.084019 0.377794 0.128800
19.167938 2.891182 14.478866 0.056098
3.437218 0.620122 -2.146233 -0.305342
0.620122 0.138794 -0.377719 -0.066206
-2.146233 -0.377719 1.786413 0.299860
-0.305342 -0.066206 0.299860 0.105556
19.881523 2.773538 15.243695 0.189656
3.105012 0.531398 -1.543388 -0.166613
0.531398 0.118069 -0.255877 -0.038510
-1.543388 -0.255877 1.170797 0.184860
-0.166613 -0.038510 0.184860 0.080196
19.916252 2.565047 16.522668 0.396622
3.034819 0.494724 -1.187807 -0.083137
0.494724 0.108179 -0.186820 -0.022787
-1.187807 -0.186820 0.839374 0.129695
-0.083137 -0.022787 0.129695 0.067774
21.117279 2.551317 16.674953 0.378587
3.337709 0.518148 -1.111062 -0.052900
0.518148 0.108525 -0.167211 -0.016897
-1.111062 -0.167211 0.727512 0.112102
-0.052900 -0.016897 0.112102 0.061844
21.025812 2.355515 17.834662 0.543801
3.176592 0.472165 -0.746798 0.017896
0.472165 0.098949 -0.107104 -0.005561
-0.746798 -0.107104 0.517311 0.086843
0.017896 -0.005561 0.086843 0.056953
21.905737 2.316084 18.619823 0.662744
3.381100 0.482081 -0.598201 0.049080
0.482081 0.098259 -0.083110 -0.000920
-0.598201 -0.083110 0.437030 0.079957
0.049080 -0.000920 0.079957 0.054255
22.888572 2.292004 18.926302 0.646468
3.030541 0.415403 -0.243091 0.101218
0.415403 0.087282 -0.032787 0.006248
-0.243091 -0.032787 0.345043 0.079006
0.101218 0.006248 0.079006 0.054292
23.552555 2.228488 19.187804 0.607793
2.253654 0.297830 0.117557 0.135154
0.297830 0.070549 0.013850 0.010385
0.117557 0.013850 0.340108 0.096215
0.135154 0.010385 0.096215 0.057724
24.696536 2.235130 19.301455 0.558386
1.735031 0.222868 0.332629 0.148102
0.222868 0.060653 0.037608 0.011456
0.332629 0.037608 0.419150 0.122603
0.148102 0.011456 0.122603 0.062005
25.176396 2.145652 19.725827 0.582806
1.305519 0.164175 0.445464 0.144134
0.164175 0.053450 0.045794 0.010184
0.445464 0.045794 0.551572 0.153625
0.144134 0.010184 0.153625 0.066477
27.051291 2.255986 20.137286 0.619242
1.038091 0.129660 0.509209 0.137384
0.129660 0.049674 0.046388 0.008583
0.509209 0.046388 0.713225 0.185571
0.137384 0.008583 0.185571 0.070743
28.900246 2.356149 20.708935 0.679583
0.772655 0.097654 0.484887 0.114894
0.097654 0.046393 0.033987 0.004809
0.484887 0.033987 0.879144 0.213582
0.114894 0.004809 0.213582 0.073778
29.266121 2.231407 20.759258 0.624737
0.582532 0.077648 0.424476 0.090203
0.077648 0.044794 0.016358 0.000825
0.424476 0.016358 1.047269 0.238821
0.090203 0.000825 0.238821 0.076187
30.713843 2.288148 21.191241 0.643712
0.484715 0.069980 0.399100 0.077386
0.069980 0.044539 0.003796 -0.001340
0.399100 0.003796 1.268362 0.271714
0.077386 -0.001340 0.271714 0.080059
32.502700 2.401175 21.898165 0.707121
0.412164 0.065957 0.356710 0.063511
0.065957 0.044603 -0.011418 -0.003653
0.356710 -0.011418 1.512153 0.305074
0.063511 -0.003653 0.305074 0.083753
33.406125 2.349547 21.970123 0.659973
0.355440 0.064496 0.285950 0.046486
0.064496 0.044931 -0.030900 -0.006443
0.285950 -0.030900 1.766168 0.336581
0.046486 -0.006443 0.336581 0.086884
34.181334 2.269404 21.998355 0.614202
0.322784 0.065608 0.225996 0.033729
0.065608 0.045223 -0.047608 -0.008378
0.225996 -0.047608 2.079480 0.374526
0.033729 -0.008378 0.374526 0.090874
35.390884 2.289077 22.276959 0.607865
0.304427 0.067728 0.173196 0.023870
0.067728 0.045270 -0.061448 -0.009616
0.173196 -0.061448 2.450234 0.417437
0.023870 -0.009616 0.417437 0.095335
36.395175 2.255981 22.515073 0.599234
0.293461 0.070183 0.112044 0.013899
0.070183 0.045181 -0.075433 -0.010792
0.112044 -0.075433 2.866165 0.462761
0.013899 -0.010792 0.462761 0.099828
37.500253 2.248760 22.859098 0.606265
0.288268 0.072699 0.044084 0.004035
0.072699 0.044951 -0.088981 -0.011841
0.044084 -0.088981 3.330857 0.510654
0.004035 -0.011841 0.510654 0.104368
38.464788 2.205764 23.229584 0.616812
0.287585 0.075302 -0.037153 -0.006722
0.075302 0.044697 -0.103514 -0.013001
-0.037153 -0.103514 3.841445 0.560375
-0.006722 -0.013001 0.560375 0.108849
39.890477 2.286438 23.693579 0.638506
0.291330 0.078095 -0.134267 -0.018625
0.078095 0.044486 -0.119445 -0.014316
-0.134267 -0.119445 4.397669 0.611623
-0.018625 -0.014316 0.611623 0.113232
40.855113 2.241282 23.939859 0.627976
0.300095 0.081307 -0.251448 -0.032085
0.081307 0.044396 -0.137556 -0.015867
-0.251448 -0.137556 4.998022 0.663962
-0.032085 -0.015867 0.663962 0.117468
42.363703 2.339945 24.387661 0.648457
0.312743 0.084459 -0.377129 -0.045431
0.084459 0.044257 -0.154647 -0.017214
-0.377129 -0.154647 5.656774 0.719155
-0.045431 -0.017214 0.719155 0.121809
43.477560 2.325893 24.656099 0.640896
0.330507 0.088031 -0.521789 -0.059975
0.088031 0.044238 -0.173344 -0.018703
-0.521789 -0.173344 6.365993 0.775788
-0.059975 -0.018703 0.775788 0.126056
44.655639 2.328890 25.310508 0.680728
0.351731 0.091507 -0.675798 -0.074458
0.091507 0.044183 -0.190940 -0.020000
-0.675798 -0.190940 7.137475 0.835245
-0.074458 -0.020000 0.835245 0.130402
46.061030 2.390223 25.905582 0.714557
0.382546 0.096498 -0.866754 -0.091950
0.096498 0.044516 -0.214504 -0.021908
-0.866754 -0.214504 7.939156 0.893040
-0.091950 -0.021908 0.893040 0.134265
46.786291 2.269715 25.768342 0.649182
0.422806 0.102657 -1.087079 -0.111256
0.102657 0.045075 -0.241347 -0.024058
-1.087079 -0.241347 8.778740 0.950342
-0.111256 -0.024058 0.950342 0.137849
47.922739 2.272078 26.385225 0.680731
0.458984 0.106669 -1.289386 -0.127413
0.106669 0.045071 -0.258646 -0.025125
-1.289386 -0.258646 9.727222 1.016052
-0.127413 -0.025125 1.016052 0.142264
49.103796 2.280996 26.475924 0.655815
0.506740 0.112402 -1.530378 -0.146309
0.112402 0.045451 -0.282232 -0.026783
-1.530378 -0.282232 10.715864 1.080629
-0.146309 -0.026783 1.080629 0.146269
50.000112 2.225169 27.225637 0.691489
0.551987 0.116556 -1.764122 -0.163392
0.116556 0.045468 -0.299289 -0.027757
-1.764122 -0.299289 11.792970 1.150492
-0.163392 -0.027757 1.150492 0.150696
51.388593 2.299462 27.979541 0.741025
0.615761 0.123777 -2.054027 -0.184495
0.123777 0.046105 -0.327318 -0.029707
-2.054027 -0.327318 12.887670 1.216079
-0.184495 -0.029707 1.216079 0.154367
