-2.679587 -0.109764 5.488805 1.303522
41.463505 16.585761 -56.479068 -22.592117
16.585761 86.638515 -22.592117 -9.037042
-56.479068 -22.592117 80.538224 32.215988
-22.592117 -9.037042 32.215988 92.890741
1.535141 7.261227 8.268584 6.092038
55.459074 24.512500 -83.334646 -44.604786
24.512500 32.233711 -34.323036 -38.696196
-83.334646 -34.323036 129.132315 70.788517
-44.604786 -38.696196 70.788517 74.088845
4.432016 1.906122 -0.399222 -1.159338
76.748522 34.396915 -118.117973 -57.349661
34.396915 26.509572 -51.577687 -38.593133
-118.117973 -51.577687 185.261849 90.373135
-57.349661 -38.593133 90.373135 64.727217
-2.234240 -1.063339 11.201422 3.963690
15.196216 9.170919 -13.096128 -5.509135
9.170919 12.073548 -7.438426 -11.912242
-13.096128 -7.438426 12.889295 5.421883
-5.509135 -11.912242 5.421883 15.389469
0.612536 0.750762 10.657666 2.811266
3.433907 2.309073 -4.483655 -3.132600
2.309073 5.130561 -3.663611 -7.422448
-4.483655 -3.663611 8.526769 6.824972
-3.132600 -7.422448 6.824972 12.486915
2.278137 1.456965 11.799478 2.652011
5.459722 3.984835 -9.147547 -6.456411
3.984835 4.627493 -7.027429 -7.193506
-9.147547 -7.027429 18.155297 12.854326
-6.456411 -7.193506 12.854326 12.346076
2.594868 1.222245 13.411059 2.845013
8.992105 5.380177 -16.490100 -9.258639
5.380177 4.106935 -9.933661 -6.736519
-16.490100 -9.933661 32.953522 18.313557
-9.258639 -6.736519 18.313557 11.897982
2.831171 1.032891 15.179118 3.033836
9.483284 4.525603 -19.186930 -8.523974
4.525603 2.681208 -9.083741 -4.719881
-19.186930 -9.083741 41.679657 18.271954
-8.523974 -4.719881 18.271954 9.043520
7.135674 2.572719 9.674672 0.364346
6.199219 2.387153 -14.102145 -5.086381
2.387153 1.257755 -5.262659 -2.341444
-14.102145 -5.262659 35.377804 12.476960
-5.086381 -2.341444 12.476960 5.080560
6.784556 2.068845 14.332499 1.696085
3.591565 1.375717 -5.473112 -1.966035
1.375717 0.755152 -1.986248 -1.015107
-5.473112 -1.986248 10.109281 3.384899
-1.966035 -1.015107 3.384899 1.616578
7.712657 2.007714 14.870276 1.649160
4.408413 1.467427 -7.197881 -2.242571
1.467427 0.649743 -2.303894 -0.927270
-7.197881 -2.303894 13.482964 4.022852
-2.242571 -0.927270 4.022852 1.546983
8.670169 1.982624 15.541275 1.625429
5.288253 1.542190 -9.070467 -2.481781
1.542190 0.570275 -2.561245 -0.853184
-9.070467 -2.561245 17.247992 4.586604
-2.481781 -0.853184 4.586604 1.480603
8.406372 1.597093 17.316376 1.937058
6.057274 1.560299 -10.832136 -2.631577
1.560299 0.496398 -2.709396 -0.773319
-10.832136 -2.709396 21.037050 5.009642
-2.631577 -0.773319 5.009642 1.397511
11.077428 2.049862 15.282103 1.259966
3.923368 0.881762 -7.667267 -1.653647
0.881762 0.275826 -1.632316 -0.441931
-7.667267 -1.632316 16.852396 3.550820
-1.653647 -0.441931 3.550820 0.914113
11.746802 1.993754 16.970887 1.455878
4.362779 0.941773 -7.864504 -1.587496
0.941773 0.268180 -1.620728 -0.398819
-7.864504 -1.620728 15.734310 3.109669
-1.587496 -0.398819 3.109669 0.753832
12.593481 1.989020 18.479969 1.584573
4.974619 0.984026 -9.131834 -1.696312
0.984026 0.250706 -1.731423 -0.379672
-9.131834 -1.731423 18.279644 3.346360
-1.696312 -0.379672 3.346360 0.731746
12.883327 1.863738 20.646206 1.819189
4.054488 0.720287 -7.916600 -1.351591
0.720287 0.178080 -1.324714 -0.274122
-7.916600 -1.324714 17.091260 2.881440
-1.351591 -0.274122 2.881440 0.589958
13.049854 1.723566 22.811311 2.023432
1.424675 0.230398 -2.936611 -0.465857
0.230398 0.083887 -0.371274 -0.099468
-2.936611 -0.371274 8.088090 1.251031
-0.465857 -0.099468 1.251031 0.286461
14.455916 1.802114 22.521371 1.828030
0.532312 0.097554 -0.860858 -0.134592
0.097554 0.061775 -0.033941 -0.040921
-0.860858 -0.033941 3.853834 0.555178
-0.134592 -0.040921 0.555178 0.164390
15.732022 1.868427 22.681375 1.711142
0.381099 0.082889 -0.423631 -0.072618
0.082889 0.058446 0.038500 -0.026495
-0.423631 0.038500 3.356901 0.469588
-0.072618 -0.026495 0.469588 0.143253
16.520548 1.851412 24.131812 1.798826
0.327471 0.083871 -0.138339 -0.036229
0.083871 0.057633 0.083440 -0.017096
-0.138339 0.083440 3.181843 0.434431
-0.036229 -0.017096 0.434431 0.131079
17.417966 1.830966 24.602546 1.742796
0.347784 0.101392 0.187899 0.001977
0.101392 0.060558 0.121748 -0.009919
0.187899 0.121748 2.370989 0.307777
0.001977 -0.009919 0.307777 0.106788
18.386633 1.830635 24.633627 1.619633
0.437808 0.127902 0.382832 0.018383
0.127902 0.064566 0.138918 -0.006380
0.382832 0.138918 1.848017 0.230050
0.018383 -0.006380 0.230050 0.091326
19.344957 1.844202 25.824742 1.673704
0.569642 0.158214 0.509065 0.023881
0.158214 0.068736 0.146407 -0.004448
0.509065 0.146407 1.515324 0.182994
0.023881 -0.004448 0.182994 0.081181
20.225265 1.829022 27.164461 1.761733
0.725832 0.189407 0.493225 0.007061
0.189407 0.072727 0.123035 -0.007511
0.493225 0.123035 1.040266 0.122171
0.007061 -0.007511 0.122171 0.070601
20.501526 1.701217 26.211845 1.491165
0.881559 0.216587 0.404388 -0.019194
0.216587 0.075633 0.089583 -0.011883
0.404388 0.089583 0.704439 0.087008
-0.019194 -0.011883 0.087008 0.064756
21.296890 1.701248 26.438694 1.390665
1.093518 0.251397 0.379232 -0.034424
0.251397 0.079807 0.076155 -0.012979
0.379232 0.076155 0.564289 0.076629
-0.034424 -0.012979 0.076629 0.061701
22.275480 1.721788 27.413577 1.440826
1.302772 0.281537 0.294830 -0.057722
0.281537 0.082831 0.052932 -0.015664
0.294830 0.052932 0.446503 0.071550
-0.057722 -0.015664 0.071550 0.060010
23.162069 1.728600 28.079212 1.425645
1.475603 0.301208 0.147229 -0.088317
0.301208 0.083748 0.020497 -0.019595
0.147229 0.020497 0.364327 0.074373
-0.088317 -0.019595 0.074373 0.060148
23.908975 1.705888 28.795271 1.434623
1.633357 0.315557 -0.025354 -0.120001
0.315557 0.083718 -0.012428 -0.023359
-0.025354 -0.012428 0.335363 0.085387
-0.120001 -0.023359 0.085387 0.061607
25.135076 1.772353 29.593351 1.435175
1.811082 0.331413 -0.206310 -0.151044
0.331413 0.084050 -0.042614 -0.026639
-0.206310 -0.042614 0.352691 0.101785
-0.151044 -0.026639 0.101785 0.063633
26.222117 1.805929 30.506279 1.478417
1.946567 0.337758 -0.409885 -0.182104
0.337758 0.082775 -0.072907 -0.029645
-0.409885 -0.072907 0.418751 0.125126
-0.182104 -0.029645 0.125126 0.066779
27.219112 1.822256 31.385570 1.512901
2.092380 0.344595 -0.623708 -0.212586
0.344595 0.081759 -0.101016 -0.032283
-0.623708 -0.101016 0.526343 0.152545
-0.212586 -0.032283 0.152545 0.070256
28.344285 1.857675 32.184970 1.522038
2.266388 0.354669 -0.851110 -0.243177
0.354669 0.081391 -0.127718 -0.034726
-0.851110 -0.127718 0.670650 0.182695
-0.243177 -0.034726 0.182695 0.073772
28.338540 1.702587 32.743231 1.467226
2.447444 0.364176 -1.094480 -0.273756
0.364176 0.080974 -0.153446 -0.036970
-1.094480 -0.153446 0.854011 0.216015
-0.273756 -0.036970 0.216015 0.077497
29.317629 1.728347 33.628041 1.507057
2.746783 0.390638 -1.363056 -0.304939
0.390638 0.083225 -0.180654 -0.039377
-1.363056 -0.180654 1.049713 0.245285
-0.304939 -0.039377 0.245285 0.079620
30.689383 1.830263 34.858768 1.636200
3.068187 0.417201 -1.658168 -0.337167
0.417201 0.085257 -0.208696 -0.041809
-1.658168 -0.208696 1.279381 0.276521
-0.337167 -0.041809 0.276521 0.081913
31.195345 1.758576 35.553294 1.593932
3.399094 0.441818 -1.980756 -0.370810
0.441818 0.086787 -0.237287 -0.044248
-1.980756 -0.237287 1.548965 0.310839
-0.370810 -0.044248 0.310839 0.084627
32.230652 1.782264 36.327850 1.594505
3.790634 0.472772 -2.332438 -0.404183
0.472772 0.089120 -0.267693 -0.046695
-2.332438 -0.267693 1.839118 0.343157
-0.404183 -0.046695 0.343157 0.086578
33.048591 1.760479 36.965189 1.554965
4.195379 0.501881 -2.714374 -0.439217
0.501881 0.090962 -0.298691 -0.049149
-2.714374 -0.298691 2.170155 0.378448
-0.439217 -0.049149 0.378448 0.088974
33.547222 1.690383 37.611318 1.507818
4.625631 0.531287 -3.126976 -0.475222
0.531287 0.092689 -0.330566 -0.051586
-3.126976 -0.330566 2.537641 0.415247
-0.475222 -0.051586 0.415247 0.091452
34.217459 1.662295 38.365301 1.498897
5.114841 0.566303 -3.571247 -0.510524
0.566303 0.095080 -0.364608 -0.054011
-3.571247 -0.364608 2.924694 0.449644
-0.510524 -0.054011 0.449644 0.093248
35.105093 1.681751 39.253735 1.531275
5.650635 0.604535 -4.046117 -0.545525
0.604535 0.097744 -0.400199 -0.056396
-4.046117 -0.400199 3.334324 0.482783
-0.545525 -0.056396 0.482783 0.094706
36.246121 1.724499 39.950419 1.534287
6.223562 0.643929 -4.554741 -0.581426
0.643929 0.100362 -0.436943 -0.058772
-4.554741 -0.436943 3.775794 0.516667
-0.581426 -0.058772 0.516667 0.096231
37.347069 1.756830 40.644855 1.533942
6.790754 0.677383 -5.099097 -0.621076
0.677383 0.101979 -0.472702 -0.061136
-5.099097 -0.472702 4.278165 0.556984
-0.621076 -0.061136 0.556984 0.098790
38.264909 1.777549 41.587641 1.571156
7.346972 0.705453 -5.670132 -0.662571
0.705453 0.102829 -0.506894 -0.063360
-5.670132 -0.506894 4.833338 0.601754
-0.662571 -0.063360 0.601754 0.101947
38.548637 1.711451 42.732007 1.601658
7.957416 0.737816 -6.282976 -0.704451
0.737816 0.104181 -0.543552 -0.065636
-6.282976 -0.543552 5.424995 0.646205
-0.704451 -0.065636 0.646205 0.104782
39.417942 1.701826 43.395550 1.576427
8.684936 0.786229 -6.912776 -0.737697
0.786229 0.107587 -0.585831 -0.067766
-6.912776 -0.585831 5.967934 0.675827
-0.737697 -0.067766 0.675827 0.105181
40.374123 1.705763 44.037931 1.556316
9.447291 0.833083 -7.592442 -0.775266
0.833083 0.110509 -0.628655 -0.070002
-7.592442 -0.628655 6.569802 0.710741
-0.775266 -0.070002 0.710741 0.106382
41.027324 1.671073 44.780019 1.535607
10.225603 0.875940 -8.318512 -0.817313
0.875940 0.112723 -0.670809 -0.072283
-8.318512 -0.670809 7.238582 0.751976
-0.817313 -0.072283 0.751976 0.108447
