4.058309 2.585453 1.162561 -0.427013
2.470482 0.988214 -0.052654 -0.021062
0.988214 80.399361 -0.021062 -0.008425
-0.052654 -0.021062 2.434012 0.973626
-0.021062 -0.008425 0.973626 80.393525
4.896172 1.786224 0.080512 -1.950358
2.249979 3.933542 -0.049791 -0.076940
3.933542 15.267985 -0.076681 -0.268510
-0.049791 -0.076681 2.272152 3.979492
-0.076940 -0.268510 3.979492 15.255513
5.025870 0.906384 1.607272 0.934117
1.987220 2.298744 -0.048341 -0.053321
2.298744 4.549648 -0.053282 -0.098025
-0.048341 -0.053282 2.017708 2.326901
-0.053321 -0.098025 2.326901 4.556527
5.811725 1.185917 0.653825 -0.258835
1.706983 1.439793 -0.039080 -0.031685
1.439793 1.910340 -0.031672 -0.040802
-0.039080 -0.031672 1.722720 1.446998
-0.031685 -0.040802 1.446998 1.907776
6.394495 1.180033 2.671434 1.155310
1.473664 0.974187 -0.033638 -0.021652
0.974187 0.975288 -0.021646 -0.021247
-0.033638 -0.021646 1.490163 0.981491
-0.021652 -0.021247 0.981491 0.977072
6.238520 0.774559 3.073859 1.060246
1.293653 0.703067 -0.027157 -0.014446
0.703067 0.567240 -0.014440 -0.011744
-0.027157 -0.014440 1.304980 0.706830
-0.014446 -0.011744 0.706830 0.568018
8.415120 1.601250 5.559531 1.960999
1.151093 0.531667 -0.023349 -0.010649
0.531667 0.361498 -0.010645 -0.007333
-0.023349 -0.010645 1.159183 0.533839
-0.010649 -0.007333 0.533839 0.361980
9.583810 1.749360 6.584542 1.978880
1.036484 0.417075 -0.018251 -0.007288
0.417075 0.247152 -0.007282 -0.004523
-0.018251 -0.007282 1.042251 0.418364
-0.007288 -0.004523 0.418364 0.247476
10.741549 1.850551 8.477124 2.301103
0.942765 0.337048 -0.014544 -0.005211
0.337048 0.178915 -0.005206 -0.002970
-0.014544 -0.005206 0.947356 0.338005
-0.005211 -0.002970 0.338005 0.179211
11.579474 1.822353 9.585889 2.287641
0.865534 0.279433 -0.011512 -0.003769
0.279433 0.136030 -0.003765 -0.002017
-0.011512 -0.003765 0.868893 0.280053
-0.003769 -0.002017 0.280053 0.136248
11.820177 1.624145 10.471496 2.211466
0.801034 0.236833 -0.009285 -0.002821
0.236833 0.107956 -0.002818 -0.001428
-0.009285 -0.002818 0.803547 0.237262
-0.002821 -0.001428 0.237262 0.108129
12.433976 1.569808 11.372214 2.155339
0.746824 0.204753 -0.007717 -0.002199
0.204753 0.089019 -0.002197 -0.001053
-0.007717 -0.002197 0.748616 0.205032
-0.002199 -0.001053 0.205032 0.089153
12.919243 1.492720 12.829265 2.252849
0.700958 0.180240 -0.006483 -0.001745
0.180240 0.075949 -0.001743 -0.000793
-0.006483 -0.001743 0.702241 0.180430
-0.001745 -0.000793 0.180430 0.076057
14.346857 1.658745 13.817326 2.219082
0.662122 0.161350 -0.005431 -0.001389
0.161350 0.066788 -0.001387 -0.000604
-0.005431 -0.001387 0.662873 0.161444
-0.001389 -0.000604 0.161444 0.066867
15.187608 1.661431 14.493249 2.118013
0.629051 0.146672 -0.004486 -0.001095
0.146672 0.060287 -0.001094 -0.000461
-0.004486 -0.001094 0.629573 0.146742
-0.001095 -0.000461 0.146742 0.060356
15.059675 1.445685 15.521780 2.111209
0.600972 0.135251 -0.003718 -0.000870
0.135251 0.055652 -0.000869 -0.000356
-0.003718 -0.000869 0.601384 0.135319
-0.000870 -0.000356 0.135319 0.055714
15.342017 1.349233 16.839051 2.168510
0.577294 0.126394 -0.003119 -0.000702
0.126394 0.052347 -0.000701 -0.000279
-0.003119 -0.000701 0.577499 0.126431
-0.000702 -0.000279 0.126431 0.052396
15.905134 1.325326 17.187878 2.010775
0.557398 0.119546 -0.002594 -0.000562
0.119546 0.049997 -0.000561 -0.000219
-0.002594 -0.000561 0.557377 0.119547
-0.000562 -0.000219 0.119547 0.050032
16.366416 1.282771 18.601033 2.096963
0.540731 0.114277 -0.002170 -0.000453
0.114277 0.048336 -0.000453 -0.000173
-0.002170 -0.000453 0.540595 0.114265
-0.000453 -0.000173 0.114265 0.048364
17.210083 1.325099 19.447717 2.054727
0.526921 0.110273 -0.001777 -0.000357
0.110273 0.047178 -0.000357 -0.000136
-0.001777 -0.000357 0.526671 0.110246
-0.000357 -0.000136 0.110246 0.047199
17.632750 1.275210 20.973717 2.158492
0.515560 0.107265 -0.001433 -0.000278
0.107265 0.046385 -0.000277 -0.000106
-0.001433 -0.000277 0.515265 0.107235
-0.000278 -0.000106 0.107235 0.046401
18.436981 1.309774 21.954956 2.138160
0.506336 0.105048 -0.001117 -0.000208
0.105048 0.045854 -0.000208 -0.000082
-0.001117 -0.000208 0.506011 0.105016
-0.000208 -0.000082 0.105016 0.045866
19.085052 1.308331 22.403055 2.009361
0.498925 0.103445 -0.000851 -0.000153
0.103445 0.045509 -0.000152 -0.000063
-0.000851 -0.000152 0.498624 0.103420
-0.000153 -0.000063 0.103420 0.045519
19.419379 1.241935 22.856090 1.894828
0.493063 0.102319 -0.000641 -0.000111
0.102319 0.045294 -0.000111 -0.000049
-0.000641 -0.000111 0.492810 0.102305
-0.000111 -0.000049 0.102305 0.045303
19.943541 1.221793 23.349711 1.800450
0.488505 0.101556 -0.000474 -0.000080
0.101556 0.045167 -0.000080 -0.000039
-0.000474 -0.000080 0.488307 0.101552
-0.000080 -0.000039 0.101552 0.045176
20.271346 1.162824 24.862105 1.928041
0.485024 0.101063 -0.000345 -0.000057
0.101063 0.045098 -0.000057 -0.000031
-0.000345 -0.000057 0.484889 0.101069
-0.000057 -0.000031 0.101069 0.045107
20.772565 1.146084 26.323257 2.031909
0.482399 0.100762 -0.000233 -0.000038
0.100762 0.045064 -0.000038 -0.000024
-0.000233 -0.000038 0.482368 0.100785
-0.000038 -0.000024 0.100785 0.045074
21.916425 1.265602 27.606866 2.087969
0.480444 0.100592 -0.000146 -0.000024
0.100592 0.045049 -0.000024 -0.000019
-0.000146 -0.000024 0.480576 0.100643
-0.000024 -0.000019 0.100643 0.045063
22.508055 1.256964 28.794283 2.118069
0.479007 0.100508 -0.000116 -0.000022
0.100508 0.045043 -0.000022 -0.000017
-0.000116 -0.000022 0.479360 0.100597
-0.000022 -0.000017 0.100597 0.045062
23.171388 1.264291 29.235278 1.988141
0.477963 0.100477 -0.000122 -0.000026
0.100477 0.045039 -0.000026 -0.000016
-0.000122 -0.000026 0.478582 0.100610
-0.000026 -0.000016 0.100610 0.045066
23.596312 1.220660 30.615404 2.069415
0.477247 0.100482 -0.000160 -0.000035
0.100482 0.045036 -0.000035 -0.000016
-0.000160 -0.000035 0.478096 0.100650
-0.000035 -0.000016 0.100650 0.045067
24.936151 1.374445 31.446779 2.026562
0.476712 0.100494 -0.000225 -0.000048
0.100494 0.045028 -0.000048 -0.000017
-0.000225 -0.000048 0.477873 0.100712
-0.000048 -0.000017 0.100712 0.045068
25.570084 1.363200 32.208473 1.973498
0.476343 0.100512 -0.000370 -0.000076
0.100512 0.045017 -0.000077 -0.000021
-0.000370 -0.000077 0.477793 0.100774
-0.000076 -0.000021 0.100774 0.045064
26.010645 1.312310 33.646974 2.068824
0.476079 0.100527 -0.000538 -0.000107
0.100527 0.045004 -0.000107 -0.000026
-0.000538 -0.000107 0.477814 0.100829
-0.000107 -0.000026 0.100829 0.045058
26.789342 1.338188 34.342690 1.997335
0.475823 0.100522 -0.000732 -0.000140
0.100522 0.044985 -0.000140 -0.000031
-0.000732 -0.000140 0.477956 0.100889
-0.000140 -0.000031 0.100889 0.045051
26.869977 1.213833 35.450191 2.020280
0.475622 0.100514 -0.000960 -0.000178
0.100514 0.044966 -0.000178 -0.000037
-0.000960 -0.000178 0.478115 0.100934
-0.000178 -0.000037 0.100934 0.045041
27.691820 1.259241 36.168367 1.958662
0.475393 0.100488 -0.001170 -0.000210
0.100488 0.044944 -0.000210 -0.000041
-0.001170 -0.000210 0.478337 0.100979
-0.000210 -0.000041 0.100979 0.045033
28.318803 1.258654 36.867200 1.899455
0.475193 0.100460 -0.001423 -0.000250
0.100460 0.044923 -0.000250 -0.000048
-0.001423 -0.000250 0.478543 0.101010
-0.000250 -0.000048 0.101010 0.045023
28.667109 1.199195 37.507363 1.834085
0.475004 0.100429 -0.001696 -0.000292
0.100429 0.044903 -0.000292 -0.000055
-0.001696 -0.000292 0.478734 0.101031
-0.000292 -0.000055 0.101031 0.045012
29.019660 1.146990 38.593141 1.869644
0.474815 0.100394 -0.001958 -0.000330
0.100394 0.044884 -0.000330 -0.000061
-0.001958 -0.000330 0.478917 0.101047
-0.000330 -0.000061 0.101047 0.045003
29.799326 1.190699 40.067985 1.983601
0.474572 0.100346 -0.002232 -0.000369
0.100346 0.044864 -0.000370 -0.000068
-0.002232 -0.000370 0.479142 0.101070
-0.000369 -0.000068 0.101070 0.044998
29.992431 1.105761 41.529271 2.082507
0.474256 0.100283 -0.002591 -0.000426
0.100283 0.044843 -0.000426 -0.000079
-0.002591 -0.000426 0.479433 0.101106
-0.000426 -0.000079 0.101106 0.044997
30.748309 1.148739 42.739500 2.118193
0.473844 0.100202 -0.002952 -0.000481
0.100202 0.044820 -0.000482 -0.000090
-0.002952 -0.000482 0.479816 0.101159
-0.000481 -0.000090 0.101159 0.045002
31.398286 1.164554 43.291851 2.011412
0.473411 0.100121 -0.003382 -0.000549
0.100121 0.044799 -0.000549 -0.000103
-0.003382 -0.000549 0.480217 0.101214
-0.000549 -0.000103 0.101214 0.045007
32.034170 1.175978 44.508555 2.055892
0.473049 0.100059 -0.003820 -0.000616
0.100059 0.044784 -0.000617 -0.000115
-0.003820 -0.000617 0.480548 0.101253
-0.000616 -0.000115 0.101253 0.045010
32.554458 1.161573 45.356331 2.017910
0.472649 0.099991 -0.004307 -0.000692
0.099991 0.044768 -0.000692 -0.000130
-0.004307 -0.000692 0.480921 0.101300
-0.000692 -0.000130 0.101300 0.045016
33.522935 1.243238 45.649022 1.867281
0.472264 0.099929 -0.004798 -0.000766
0.099929 0.044754 -0.000766 -0.000144
-0.004798 -0.000766 0.481285 0.101346
-0.000766 -0.000144 0.101346 0.045023
33.989396 1.210386 46.561342 1.862702
0.472011 0.099897 -0.005326 -0.000845
0.099897 0.044746 -0.000846 -0.000160
-0.005326 -0.000846 0.481522 0.101365
-0.000845 -0.000160 0.101365 0.045025
34.854491 1.265310 47.346801 1.832167
0.471731 0.099857 -0.005852 -0.000923
0.099857 0.044737 -0.000924 -0.000175
-0.005852 -0.000924 0.481795 0.101395
-0.000923 -0.000175 0.101395 0.045030
35.862859 1.345090 48.577358 1.898609
0.471481 0.099824 -0.006437 -0.001011
0.099824 0.044729 -0.001012 -0.000192
-0.006437 -0.001012 0.482049 0.101423
-0.001011 -0.000192 0.101423 0.045036
