6.122519 3.411155 2.420655 0.076236
2.470482 0.988214 -0.052654 -0.021062
0.988214 80.399361 -0.021062 -0.008425
-0.052654 -0.021062 2.434012 0.973626
-0.021062 -0.008425 0.973626 80.393525
4.634857 -2.171910 2.428306 0.008298
2.248484 3.930973 -0.039930 -0.059676
3.930973 15.263572 -0.059438 -0.238321
-0.039930 -0.059438 2.272888 3.980826
-0.059676 -0.238321 3.980826 15.257928
6.855517 1.655200 5.568889 3.626752
1.998518 2.312059 -0.045947 -0.052066
2.312059 4.565066 -0.052074 -0.096671
-0.045947 -0.052074 2.005962 2.313252
-0.052066 -0.096671 2.313252 4.540788
6.880116 0.975746 1.942741 -0.945671
1.713945 1.444730 -0.029364 -0.023959
1.444730 1.913920 -0.023940 -0.033724
-0.029364 -0.023940 1.714894 1.441408
-0.023959 -0.033724 1.441408 1.903623
9.316643 2.263004 1.899063 -0.662854
1.475970 0.975010 -0.028461 -0.018810
0.975010 0.975645 -0.018807 -0.019178
-0.028461 -0.018807 1.487361 0.980404
-0.018810 -0.019178 0.980404 0.976533
8.730890 1.330100 3.876217 0.588379
1.290759 0.701136 -0.023146 -0.012632
0.701136 0.566215 -0.012628 -0.010581
-0.023146 -0.012628 1.307614 0.708652
-0.012632 -0.010581 0.708652 0.568968
8.624743 0.973873 4.945306 0.945373
1.148517 0.530425 -0.019522 -0.009113
0.530425 0.361049 -0.009110 -0.006476
-0.019522 -0.009110 1.161518 0.534987
-0.009113 -0.006476 0.534987 0.362372
9.113235 0.974525 5.152067 0.838644
1.034682 0.416417 -0.016812 -0.006870
0.416417 0.247008 -0.006867 -0.004241
-0.016812 -0.006867 1.043984 0.419005
-0.006870 -0.004241 0.419005 0.247601
9.564732 0.961608 6.957116 1.332915
0.941337 0.336638 -0.014694 -0.005344
0.336638 0.178864 -0.005342 -0.002918
-0.014694 -0.005342 0.948814 0.338429
-0.005344 -0.002918 0.338429 0.179257
9.316246 0.726087 7.404197 1.262297
0.864595 0.279236 -0.012527 -0.004110
0.279236 0.136037 -0.004107 -0.002038
-0.012527 -0.004107 0.869901 0.280272
-0.004110 -0.002038 0.280272 0.136239
10.240554 0.892092 8.158975 1.298752
0.800484 0.236767 -0.011050 -0.003308
0.236767 0.107988 -0.003306 -0.001494
-0.011050 -0.003306 0.804193 0.237352
-0.003308 -0.001494 0.237352 0.108098
11.421755 1.093720 9.303591 1.434317
0.746351 0.204705 -0.009621 -0.002649
0.204705 0.089042 -0.002648 -0.001108
-0.009621 -0.002648 0.749181 0.205100
-0.002649 -0.001108 0.205100 0.089129
11.764149 1.041157 11.249414 1.749866
0.700505 0.180193 -0.008202 -0.002093
0.180193 0.075963 -0.002091 -0.000824
-0.008202 -0.002091 0.702767 0.180489
-0.002093 -0.000824 0.180489 0.076042
12.478340 1.088367 12.311363 1.795407
0.661808 0.161333 -0.006904 -0.001643
0.161333 0.066802 -0.001641 -0.000617
-0.006904 -0.001641 0.663240 0.161467
-0.001643 -0.000617 0.161467 0.066851
13.049862 1.094772 13.510856 1.865725
0.628909 0.146688 -0.005796 -0.001294
0.146688 0.060304 -0.001293 -0.000469
-0.005796 -0.001293 0.629755 0.146729
-0.001294 -0.000469 0.146729 0.060338
13.564288 1.087397 14.811324 1.948410
0.601003 0.135298 -0.004845 -0.001019
0.135298 0.055670 -0.001018 -0.000359
-0.004845 -0.001018 0.601382 0.135274
-0.001019 -0.000359 0.135274 0.055694
14.872149 1.254750 15.834331 1.959197
0.577411 0.126448 -0.004020 -0.000800
0.126448 0.052363 -0.000799 -0.000277
-0.004020 -0.000799 0.577400 0.126376
-0.000800 -0.000277 0.126376 0.052378
15.775156 1.313860 16.714090 1.937830
0.557486 0.119584 -0.003280 -0.000618
0.119584 0.050006 -0.000617 -0.000214
-0.003280 -0.000617 0.557300 0.119507
-0.000618 -0.000214 0.119507 0.050021
16.940637 1.421365 17.785377 1.959547
0.540797 0.114304 -0.002654 -0.000475
0.114304 0.048341 -0.000474 -0.000166
-0.002654 -0.000474 0.540532 0.114236
-0.000475 -0.000166 0.114236 0.048357
16.857910 1.255379 19.204819 2.051446
0.526934 0.110284 -0.002109 -0.000358
0.110284 0.047180 -0.000357 -0.000129
-0.002109 -0.000357 0.526658 0.110233
-0.000358 -0.000129 0.110233 0.047197
16.893043 1.131962 19.397228 1.877941
0.515584 0.107275 -0.001655 -0.000267
0.107275 0.046385 -0.000266 -0.000101
-0.001655 -0.000266 0.515239 0.107223
-0.000267 -0.000101 0.107223 0.046399
17.090682 1.055574 20.568858 1.926174
0.506368 0.105057 -0.001313 -0.000203
0.105057 0.045854 -0.000203 -0.000081
-0.001313 -0.000203 0.505977 0.105005
-0.000203 -0.000081 0.105005 0.045865
18.089933 1.153336 21.615092 1.943477
0.498990 0.103459 -0.001015 -0.000150
0.103459 0.045510 -0.000150 -0.000065
-0.001015 -0.000150 0.498556 0.103405
-0.000150 -0.000065 0.103405 0.045517
18.720613 1.164558 22.722471 1.971641
0.493139 0.102333 -0.000760 -0.000107
0.102333 0.045295 -0.000107 -0.000051
-0.000760 -0.000107 0.492731 0.102289
-0.000107 -0.000051 0.102289 0.045302
18.926932 1.086395 23.636505 1.956680
0.488579 0.101568 -0.000545 -0.000073
0.101568 0.045168 -0.000073 -0.000041
-0.000545 -0.000073 0.488231 0.101539
-0.000073 -0.000041 0.101539 0.045175
20.121247 1.222062 24.613433 1.956426
0.485092 0.101073 -0.000368 -0.000047
0.101073 0.045099 -0.000047 -0.000033
-0.000368 -0.000047 0.484818 0.101058
-0.000047 -0.000033 0.101058 0.045106
20.419534 1.156776 26.440353 2.133749
0.482456 0.100769 -0.000242 -0.000030
0.100769 0.045064 -0.000030 -0.000027
-0.000242 -0.000030 0.482309 0.100778
-0.000030 -0.000027 0.100778 0.045074
21.218285 1.202903 27.156796 2.060363
0.480484 0.100595 -0.000136 -0.000016
0.100595 0.045049 -0.000016 -0.000022
-0.000136 -0.000016 0.480535 0.100640
-0.000016 -0.000022 0.100640 0.045063
21.941493 1.228446 27.851383 1.989934
0.479053 0.100513 -0.000079 -0.000012
0.100513 0.045043 -0.000012 -0.000019
-0.000079 -0.000012 0.479313 0.100592
-0.000012 -0.000019 0.100592 0.045062
22.732391 1.265584 29.263744 2.077685
0.478037 0.100487 -0.000065 -0.000015
0.100487 0.045041 -0.000015 -0.000017
-0.000065 -0.000015 0.478507 0.100600
-0.000015 -0.000017 0.100600 0.045064
23.183100 1.227255 29.657826 1.941942
0.477296 0.100487 -0.000096 -0.000025
0.100487 0.045036 -0.000025 -0.000017
-0.000096 -0.000025 0.478046 0.100645
-0.000025 -0.000017 0.100645 0.045067
23.828278 1.233909 30.403628 1.894485
0.476797 0.100507 -0.000146 -0.000036
0.100507 0.045030 -0.000036 -0.000018
-0.000146 -0.000036 0.477787 0.100699
-0.000036 -0.000018 0.100699 0.045065
24.483425 1.241961 31.924664 2.015512
0.476452 0.100530 -0.000226 -0.000053
0.100530 0.045021 -0.000053 -0.000019
-0.000226 -0.000053 0.477683 0.100756
-0.000053 -0.000019 0.100756 0.045061
25.361050 1.296152 32.282452 1.878345
0.476158 0.100537 -0.000350 -0.000076
0.100537 0.045006 -0.000076 -0.000022
-0.000350 -0.000076 0.477734 0.100819
-0.000076 -0.000022 0.100819 0.045056
25.830171 1.258346 32.887261 1.807761
0.475966 0.100546 -0.000509 -0.000104
0.100546 0.044990 -0.000104 -0.000026
-0.000509 -0.000104 0.477811 0.100864
-0.000104 -0.000026 0.100864 0.045046
26.264167 1.217114 34.300728 1.915342
0.475816 0.100548 -0.000676 -0.000131
0.100548 0.044972 -0.000131 -0.000029
-0.000676 -0.000131 0.477916 0.100899
-0.000131 -0.000029 0.100899 0.045034
26.956339 1.234783 35.180248 1.898846
0.475622 0.100527 -0.000869 -0.000163
0.100527 0.044951 -0.000163 -0.000034
-0.000869 -0.000163 0.478103 0.100939
-0.000163 -0.000034 0.100939 0.045025
28.256257 1.379060 36.146085 1.902358
0.475429 0.100498 -0.001097 -0.000199
0.100498 0.044930 -0.000199 -0.000040
-0.001097 -0.000199 0.478299 0.100970
-0.000199 -0.000040 0.100970 0.045015
29.477405 1.491451 37.168911 1.917531
0.475248 0.100467 -0.001421 -0.000254
0.100467 0.044910 -0.000254 -0.000049
-0.001421 -0.000254 0.478482 0.100992
-0.000254 -0.000049 0.100992 0.045005
29.423018 1.322342 38.443694 1.984113
0.475070 0.100433 -0.001829 -0.000323
0.100433 0.044891 -0.000324 -0.000062
-0.001829 -0.000324 0.478654 0.101007
-0.000323 -0.000062 0.101007 0.044996
30.508888 1.412135 39.467007 1.990782
0.474797 0.100378 -0.002190 -0.000379
0.100378 0.044870 -0.000379 -0.000071
-0.002190 -0.000379 0.478911 0.101038
-0.000379 -0.000071 0.101038 0.044992
31.317461 1.433799 40.432175 1.984430
0.474530 0.100325 -0.002630 -0.000449
0.100325 0.044851 -0.000449 -0.000084
-0.002630 -0.000449 0.479153 0.101064
-0.000449 -0.000084 0.101064 0.044989
31.923948 1.410431 41.338095 1.966202
0.474261 0.100273 -0.003107 -0.000523
0.100273 0.044835 -0.000524 -0.000097
-0.003107 -0.000524 0.479391 0.101088
-0.000523 -0.000097 0.101088 0.044987
32.559737 1.395997 43.049182 2.119649
0.473985 0.100221 -0.003590 -0.000596
0.100221 0.044819 -0.000597 -0.000110
-0.003590 -0.000597 0.479634 0.101113
-0.000596 -0.000110 0.101113 0.044987
32.940969 1.328712 43.365366 1.962789
0.473595 0.100148 -0.004141 -0.000681
0.100148 0.044801 -0.000682 -0.000126
-0.004141 -0.000682 0.479995 0.101163
-0.000681 -0.000126 0.101163 0.044993
33.782585 1.366383 44.729023 2.043419
0.473284 0.100095 -0.004620 -0.000749
0.100095 0.044787 -0.000749 -0.000138
-0.004620 -0.000749 0.480276 0.101196
-0.000749 -0.000138 0.101196 0.044997
34.727505 1.421756 45.770291 2.047683
0.472925 0.100033 -0.005186 -0.000833
0.100033 0.044773 -0.000834 -0.000155
-0.005186 -0.000834 0.480616 0.101241
-0.000833 -0.000155 0.101241 0.045003
34.825935 1.292172 46.774271 2.043117
0.472584 0.099978 -0.005824 -0.000931
0.099978 0.044761 -0.000932 -0.000174
-0.005824 -0.000932 0.480949 0.101285
-0.000931 -0.000174 0.101285 0.045011
35.274141 1.250006 47.381408 1.955722
0.472187 0.099913 -0.006388 -0.001011
0.099913 0.044747 -0.001011 -0.000189
-0.006388 -0.001011 0.481347 0.101342
-0.001011 -0.000189 0.101342 0.045021
35.993373 1.269764 48.124614 1.906404
0.471838 0.099860 -0.006917 -0.001083
0.099860 0.044736 -0.001083 -0.000203
-0.006917 -0.001083 0.481703 0.101389
-0.001083 -0.000203 0.101389 0.045030
