0.271280 1.070609 3.436901 0.482743
2.053490 0.821414 -0.226717 -0.090689
0.821414 80.332639 -0.090689 -0.036276
-0.226717 -0.090689 3.101368 1.240574
-0.090689 -0.036276 1.240574 80.500307
4.479932 7.582080 1.213610 -3.626297
2.298271 4.079971 -1.232654 -2.046121
4.079971 14.392647 -2.132717 -4.184154
-1.232654 -2.132717 3.526830 5.957838
-2.046121 -4.184154 5.957838 20.199638
6.946008 6.303835 3.866808 1.309693
2.323956 2.669602 -0.262050 -0.111267
2.669602 4.681922 -0.199687 -0.324424
-0.262050 -0.199687 1.824056 2.038014
-0.111267 -0.324424 2.038014 4.698912
9.923751 6.148885 3.002984 -0.022005
1.564941 1.271543 -0.216384 -0.147898
1.271543 1.645149 -0.158907 -0.245486
-0.216384 -0.158907 1.972382 1.717900
-0.147898 -0.245486 1.717900 2.373281
9.298016 3.759996 5.825693 1.876825
1.294363 0.834935 -0.119874 -0.072584
0.834935 0.837029 -0.078782 -0.116321
-0.119874 -0.078782 1.761989 1.195524
-0.072584 -0.116321 1.195524 1.218407
8.135079 2.135227 5.566110 1.222277
1.137703 0.610964 -0.240019 -0.135949
0.610964 0.497022 -0.136922 -0.114538
-0.240019 -0.136922 1.633293 0.904462
-0.135949 -0.114538 0.904462 0.724558
8.777907 1.941171 5.905107 1.096491
1.028300 0.472688 -0.295630 -0.140199
0.472688 0.323826 -0.140267 -0.088487
-0.295630 -0.140267 1.511269 0.704860
-0.140199 -0.088487 0.704860 0.467048
9.466990 1.827893 7.275941 1.427752
0.938071 0.376958 -0.300832 -0.121153
0.376958 0.224796 -0.121165 -0.062975
-0.300832 -0.121165 1.381235 0.556230
-0.121153 -0.062975 0.556230 0.317650
10.998961 2.049574 8.093632 1.466016
0.885937 0.316838 -0.302545 -0.105635
0.316838 0.167625 -0.105841 -0.046711
-0.302545 -0.105841 1.234484 0.438267
-0.105635 -0.046711 0.438267 0.223895
11.292559 1.813679 9.103893 1.551566
0.822542 0.265521 -0.273626 -0.083995
0.265521 0.128600 -0.084241 -0.032916
-0.273626 -0.084241 1.110922 0.354283
-0.083995 -0.032916 0.354283 0.165996
11.578629 1.626179 9.314940 1.382810
0.774444 0.228820 -0.248442 -0.068113
0.228820 0.103385 -0.068485 -0.024095
-0.248442 -0.068485 0.999841 0.290893
-0.068113 -0.024095 0.290893 0.128017
11.644522 1.425592 10.852456 1.606736
0.729049 0.199542 -0.226206 -0.056126
0.199542 0.085872 -0.056522 -0.018172
-0.226206 -0.056522 0.914473 0.246125
-0.056126 -0.018172 0.246125 0.103382
11.873436 1.302838 11.984389 1.686258
0.697757 0.178974 -0.203908 -0.046137
0.178974 0.074262 -0.046704 -0.013895
-0.203908 -0.046704 0.828928 0.208847
-0.046137 -0.013895 0.208847 0.085626
12.645139 1.334376 13.085789 1.749538
0.670820 0.162853 -0.181273 -0.037636
0.162853 0.066036 -0.038333 -0.010695
-0.181273 -0.038333 0.755163 0.180242
-0.037636 -0.010695 0.180242 0.073264
13.663229 1.414833 13.769288 1.708785
0.643644 0.149251 -0.157476 -0.030111
0.149251 0.059945 -0.030836 -0.008194
-0.157476 -0.030836 0.695306 0.158994
-0.030111 -0.008194 0.158994 0.064737
14.580280 1.459303 14.316650 1.642334
0.615724 0.137564 -0.135021 -0.023889
0.137564 0.055367 -0.024546 -0.006311
-0.135021 -0.024546 0.649691 0.143757
-0.023889 -0.006311 0.143757 0.058929
15.273024 1.454297 15.469143 1.714126
0.589355 0.127924 -0.114913 -0.018899
0.127924 0.052001 -0.019454 -0.004916
-0.114913 -0.019454 0.614471 0.132661
-0.018899 -0.004916 0.132661 0.054906
16.678351 1.596304 15.983392 1.647860
0.567446 0.120590 -0.095995 -0.014642
0.120590 0.049660 -0.015136 -0.003826
-0.095995 -0.015136 0.584174 0.123906
-0.014642 -0.003826 0.123906 0.051966
16.926203 1.477272 16.466536 1.570406
0.546484 0.114441 -0.078477 -0.011066
0.114441 0.047920 -0.011462 -0.002971
-0.078477 -0.011462 0.561680 0.117748
-0.011066 -0.002971 0.117748 0.049975
17.608807 1.471759 17.973202 1.720812
0.530111 0.110004 -0.064763 -0.008527
0.110004 0.046772 -0.008858 -0.002396
-0.064763 -0.008858 0.543343 0.113058
-0.008527 -0.002396 0.113058 0.048543
18.663929 1.539813 19.069192 1.772626
0.517776 0.106942 -0.051563 -0.006217
0.106942 0.046057 -0.006517 -0.001901
-0.051563 -0.006517 0.526977 0.109227
-0.006217 -0.001901 0.109227 0.047464
19.335256 1.528227 21.193354 2.028909
0.507602 0.104672 -0.039579 -0.004263
0.104672 0.045589 -0.004530 -0.001498
-0.039579 -0.004530 0.514134 0.106456
-0.004263 -0.001498 0.106456 0.046724
20.380234 1.587724 22.443312 2.079695
0.499953 0.103157 -0.028557 -0.002568
0.103157 0.045321 -0.002808 -0.001157
-0.028557 -0.002808 0.503603 0.104372
-0.002568 -0.001157 0.104372 0.046197
20.817140 1.511189 22.955086 1.967920
0.493374 0.101989 -0.019867 -0.001394
0.101989 0.045141 -0.001597 -0.000924
-0.019867 -0.001597 0.496391 0.103098
-0.001394 -0.000924 0.103098 0.045879
21.140828 1.420698 23.706347 1.917557
0.488147 0.101180 -0.013545 -0.000697
0.101180 0.045038 -0.000865 -0.000782
-0.013545 -0.000865 0.491312 0.102307
-0.000697 -0.000782 0.102307 0.045680
21.305936 1.308173 24.963657 1.978138
0.483815 0.100593 -0.008995 -0.000313
0.100593 0.044975 -0.000449 -0.000693
-0.008995 -0.000449 0.488009 0.101887
-0.000313 -0.000693 0.101887 0.045564
21.387848 1.187604 25.347276 1.850128
0.479561 0.100033 -0.005659 -0.000107
0.100033 0.044907 -0.000213 -0.000625
-0.005659 -0.000213 0.486702 0.101857
-0.000107 -0.000625 0.101857 0.045529
21.778905 1.145596 26.624906 1.923766
0.476114 0.099645 -0.003320 -0.000025
0.099645 0.044865 -0.000107 -0.000572
-0.003320 -0.000107 0.486181 0.101935
-0.000025 -0.000572 0.101935 0.045510
22.877627 1.256378 28.204963 2.053928
0.472009 0.099103 -0.002089 -0.000093
0.099103 0.044779 -0.000156 -0.000539
-0.002089 -0.000156 0.487616 0.102367
-0.000093 -0.000539 0.102367 0.045562
23.800611 1.318470 29.202152 2.047740
0.466713 0.098306 -0.003382 -0.000606
0.098306 0.044632 -0.000656 -0.000593
-0.003382 -0.000656 0.491404 0.103212
-0.000606 -0.000593 0.103212 0.045692
24.034739 1.228618 30.218254 2.046131
0.461544 0.097555 -0.006691 -0.001428
0.097555 0.044492 -0.001474 -0.000702
-0.006691 -0.001474 0.496042 0.104130
-0.001428 -0.000702 0.104130 0.045826
24.292094 1.152881 31.403417 2.080131
0.456130 0.096760 -0.010141 -0.002154
0.096760 0.044340 -0.002201 -0.000779
-0.010141 -0.002201 0.501826 0.105190
-0.002154 -0.000779 0.105190 0.045983
24.802088 1.138724 32.380233 2.066895
0.450246 0.095874 -0.013685 -0.002803
0.095874 0.044164 -0.002853 -0.000837
-0.013685 -0.002853 0.509009 0.106444
-0.002803 -0.000837 0.106444 0.046176
24.972499 1.053529 33.627390 2.111256
0.444646 0.095060 -0.017777 -0.003495
0.095060 0.044001 -0.003551 -0.000907
-0.017777 -0.003551 0.516720 0.107707
-0.003495 -0.000907 0.107707 0.046366
25.620864 1.079666 34.711476 2.117280
0.438744 0.094182 -0.021202 -0.003987
0.094182 0.043820 -0.004042 -0.000937
-0.021202 -0.004042 0.525540 0.109112
-0.003987 -0.000937 0.109112 0.046584
26.433586 1.137907 35.368181 2.034594
0.433380 0.093423 -0.025055 -0.004538
0.093423 0.043662 -0.004595 -0.000990
-0.025055 -0.004595 0.534488 0.110455
-0.004538 -0.000990 0.110455 0.046788
27.145226 1.168097 36.043594 1.964562
0.429233 0.092915 -0.029609 -0.005205
0.092915 0.043552 -0.005274 -0.001077
-0.029609 -0.005274 0.542519 0.111538
-0.005205 -0.001077 0.111538 0.046941
28.106202 1.250909 37.325954 2.027000
0.425993 0.092569 -0.034205 -0.005847
0.092569 0.043468 -0.005933 -0.001165
-0.034205 -0.005933 0.549755 0.112426
-0.005847 -0.001165 0.112426 0.047063
28.948782 1.297469 38.090720 1.977077
0.423019 0.092235 -0.037989 -0.006303
0.092235 0.043377 -0.006394 -0.001219
-0.037989 -0.006394 0.556772 0.113266
-0.006303 -0.001219 0.113266 0.047187
29.859672 1.353854 38.821029 1.925798
0.420759 0.092019 -0.040925 -0.006588
0.092019 0.043305 -0.006676 -0.001247
-0.040925 -0.006676 0.562579 0.113868
-0.006588 -0.001247 0.113868 0.047275
30.224513 1.286008 39.940154 1.955867
0.419151 0.091902 -0.042704 -0.006659
0.091902 0.043250 -0.006734 -0.001240
-0.042704 -0.006734 0.566901 0.114203
-0.006659 -0.001240 0.114203 0.047323
30.619857 1.230244 40.683546 1.907434
0.418541 0.091974 -0.040695 -0.006006
0.091974 0.043234 -0.006020 -0.001090
-0.040695 -0.006020 0.567660 0.113896
-0.006006 -0.001090 0.113896 0.047260
31.058335 1.190997 41.586366 1.896265
0.419149 0.092265 -0.036831 -0.005080
0.092265 0.043262 -0.005029 -0.000906
-0.036831 -0.005029 0.565316 0.113086
-0.005080 -0.000906 0.113086 0.047120
31.430272 1.139730 42.187903 1.825705
0.421798 0.092943 -0.031101 -0.003889
0.092943 0.043370 -0.003780 -0.000689
-0.031101 -0.003780 0.558659 0.111567
-0.003889 -0.000689 0.111567 0.046863
32.526024 1.255470 43.044309 1.817205
0.425907 0.093846 -0.025115 -0.002765
0.093846 0.043516 -0.002624 -0.000505
-0.025115 -0.002624 0.549734 0.109784
-0.002765 -0.000505 0.109784 0.046579
33.201449 1.264381 43.626002 1.751985
0.433933 0.095505 -0.018615 -0.001623
0.095505 0.043820 -0.001489 -0.000331
-0.018615 -0.001489 0.535117 0.107047
-0.001623 -0.000331 0.107047 0.046125
33.833763 1.266196 44.920751 1.836135
0.444543 0.097557 -0.013199 -0.000777
0.097557 0.044189 -0.000685 -0.000225
-0.013199 -0.000685 0.518369 0.104112
-0.000777 -0.000225 0.104112 0.045654
34.605963 1.294870 45.356069 1.739026
0.461772 0.100857 -0.010622 -0.000531
0.100857 0.044811 -0.000556 -0.000247
-0.010622 -0.000556 0.495725 0.100183
-0.000531 -0.000247 0.100183 0.044993
35.256332 1.295707 46.294973 1.753192
0.481008 0.104291 -0.010930 -0.000859
0.104291 0.045424 -0.000999 -0.000370
-0.010930 -0.000999 0.474526 0.096785
-0.000859 -0.000370 0.096785 0.044454
36.523963 1.428699 47.101045 1.740113
0.504000 0.108248 -0.015625 -0.002024
0.108248 0.046123 -0.002280 -0.000643
-0.015625 -0.002280 0.453851 0.093631
-0.002024 -0.000643 0.093631 0.043956
