1.452028 1.542918 -0.322794 -1.021168
2.575399 1.030182 -0.261185 -0.104476
1.030182 80.416148 -0.104476 -0.041791
-0.261185 -0.104476 2.388565 0.955447
-0.104476 -0.041791 0.955447 80.386254
5.722749 7.646830 -0.111113 0.325965
2.257923 3.921141 -0.307252 -0.488532
3.921141 15.490909 -0.481579 -1.509309
-0.307252 -0.481579 2.346287 4.112740
-0.488532 -1.509309 4.112740 15.352372
5.210344 2.636951 2.466068 3.050801
1.930753 2.241408 -0.196580 -0.206607
2.241408 4.553649 -0.203131 -0.416540
-0.196580 -0.203131 2.119296 2.426917
-0.206607 -0.416540 2.426917 4.636638
6.958111 3.006375 5.185655 4.044790
1.693897 1.441441 -0.164642 -0.135142
1.441441 1.939281 -0.134273 -0.189312
-0.164642 -0.134273 1.767641 1.470443
-0.135142 -0.189312 1.470443 1.916378
8.288078 2.889220 4.105236 2.017153
1.477784 0.984635 -0.121242 -0.080555
0.984635 0.993037 -0.079948 -0.090674
-0.121242 -0.079948 1.504915 0.983620
-0.080555 -0.090674 0.983620 0.976065
9.145116 2.568657 4.446014 1.658463
1.288586 0.704583 -0.102022 -0.057400
0.704583 0.572727 -0.057102 -0.052470
-0.102022 -0.057102 1.325649 0.714431
-0.057400 -0.052470 0.714431 0.572283
11.179110 2.916637 5.296309 1.666520
1.141203 0.529905 -0.087243 -0.042454
0.529905 0.363059 -0.042292 -0.032656
-0.087243 -0.042292 1.182229 0.542395
-0.042454 -0.032656 0.542395 0.366487
12.366257 2.805300 7.192214 2.092106
1.022501 0.413493 -0.070749 -0.030429
0.413493 0.247056 -0.030315 -0.020711
-0.070749 -0.030315 1.066389 0.426666
-0.030429 -0.020711 0.426666 0.251349
12.251775 2.262211 7.101173 1.690814
0.929616 0.333981 -0.056460 -0.021930
0.333981 0.178651 -0.021828 -0.013604
-0.056460 -0.021828 0.967873 0.344260
-0.021930 -0.013604 0.344260 0.181880
12.735761 2.051160 8.700810 1.934350
0.853068 0.276742 -0.048610 -0.017228
0.276742 0.135694 -0.017151 -0.009637
-0.048610 -0.017151 0.887530 0.285232
-0.017228 -0.009637 0.285232 0.138276
12.376158 1.641007 8.797693 1.680519
0.790744 0.234903 -0.041488 -0.013549
0.234903 0.107734 -0.013482 -0.006951
-0.041488 -0.013482 0.818782 0.241081
-0.013549 -0.006951 0.241081 0.109547
13.027330 1.594069 9.891500 1.750004
0.738278 0.203336 -0.037166 -0.011222
0.203336 0.088858 -0.011168 -0.005244
-0.037166 -0.011168 0.761461 0.207995
-0.011222 -0.005244 0.207995 0.090204
13.908204 1.615259 11.237136 1.870498
0.693958 0.179211 -0.032706 -0.009184
0.179211 0.075830 -0.009137 -0.003971
-0.032706 -0.009137 0.712846 0.182691
-0.009184 -0.003971 0.182691 0.076838
13.981437 1.435452 12.386428 1.923120
0.656413 0.160600 -0.028119 -0.007388
0.160600 0.066694 -0.007347 -0.003005
-0.028119 -0.007347 0.671484 0.163150
-0.007388 -0.003005 0.163150 0.067451
14.595358 1.410861 14.039373 2.083953
0.624861 0.146229 -0.024284 -0.005995
0.146229 0.060234 -0.005959 -0.002305
-0.024284 -0.005959 0.636115 0.147936
-0.005995 -0.002305 0.147936 0.060778
14.758170 1.288303 15.330150 2.139976
0.598244 0.135075 -0.020532 -0.004780
0.135075 0.055633 -0.004749 -0.001763
-0.020532 -0.004749 0.605961 0.136076
-0.004780 -0.001763 0.136076 0.056010
15.669292 1.346915 16.407612 2.141596
0.575835 0.126422 -0.017279 -0.003804
0.126422 0.052352 -0.003778 -0.001356
-0.017279 -0.003778 0.580415 0.126855
-0.003804 -0.001356 0.126855 0.052600
16.243757 1.325619 17.390498 2.122750
0.556711 0.119662 -0.014301 -0.002983
0.119662 0.050004 -0.002961 -0.001041
-0.014301 -0.002961 0.559208 0.119784
-0.002983 -0.001041 0.119784 0.050184
16.496959 1.238819 18.187394 2.066777
0.540610 0.114441 -0.011719 -0.002318
0.114441 0.048342 -0.002300 -0.000801
-0.011719 -0.002300 0.541618 0.114379
-0.002318 -0.000801 0.114379 0.048480
17.620423 1.344753 19.990053 2.227924
0.527217 0.110460 -0.009568 -0.001798
0.110460 0.047182 -0.001783 -0.000620
-0.009568 -0.001783 0.527099 0.110279
-0.001798 -0.000620 0.110279 0.047289
17.952457 1.273888 21.090530 2.224967
0.516086 0.107445 -0.007479 -0.001328
0.107445 0.046383 -0.001316 -0.000471
-0.007479 -0.001316 0.515309 0.107228
-0.001328 -0.000471 0.107228 0.046474
18.382060 1.230867 22.220100 2.228419
0.506993 0.105211 -0.005715 -0.000956
0.105211 0.045847 -0.000947 -0.000357
-0.005715 -0.000947 0.505811 0.104989
-0.000956 -0.000357 0.104989 0.045927
18.656660 1.159839 22.505643 2.056331
0.499610 0.103579 -0.004223 -0.000663
0.103579 0.045497 -0.000656 -0.000271
-0.004223 -0.000656 0.498307 0.103393
-0.000663 -0.000271 0.103393 0.045572
19.332180 1.179719 23.657239 2.082004
0.493729 0.102425 -0.003071 -0.000453
0.102425 0.045279 -0.000448 -0.000209
-0.003071 -0.000448 0.492444 0.102284
-0.000453 -0.000209 0.102284 0.045349
19.940433 1.183568 24.783369 2.099725
0.489016 0.101614 -0.002118 -0.000291
0.101614 0.045147 -0.000287 -0.000161
-0.002118 -0.000287 0.488042 0.101561
-0.000291 -0.000161 0.101561 0.045220
20.790748 1.237410 25.841354 2.101479
0.485261 0.101057 -0.001366 -0.000173
0.101057 0.045070 -0.000170 -0.000126
-0.001366 -0.000170 0.484853 0.101129
-0.000173 -0.000126 0.101129 0.045153
20.976151 1.146994 27.157251 2.156848
0.482265 0.100680 -0.000861 -0.000106
0.100680 0.045025 -0.000103 -0.000102
-0.000861 -0.000103 0.482669 0.100909
-0.000106 -0.000102 0.100909 0.045126
21.505302 1.137757 28.735453 2.261557
0.479832 0.100420 -0.000465 -0.000056
0.100420 0.044998 -0.000054 -0.000083
-0.000465 -0.000054 0.481327 0.100848
-0.000056 -0.000083 0.100848 0.045124
21.686018 1.056316 29.374580 2.158345
0.477713 0.100212 -0.000250 -0.000040
0.100212 0.044972 -0.000038 -0.000072
-0.000250 -0.000038 0.480774 0.100919
-0.000040 -0.000072 0.100919 0.045141
23.179814 1.259326 30.183238 2.101460
0.476045 0.100079 -0.000126 -0.000036
0.100079 0.044954 -0.000034 -0.000063
-0.000126 -0.000034 0.480611 0.101031
-0.000036 -0.000063 0.101031 0.045157
23.282436 1.148309 31.338097 2.123399
0.474687 0.099985 -0.000489 -0.000127
0.099985 0.044937 -0.000126 -0.000075
-0.000489 -0.000126 0.480765 0.101168
-0.000127 -0.000075 0.101168 0.045171
24.348549 1.252100 32.452130 2.134393
0.473397 0.099878 -0.000851 -0.000204
0.099878 0.044910 -0.000204 -0.000082
-0.000851 -0.000204 0.481311 0.101350
-0.000204 -0.000082 0.101350 0.045191
24.839267 1.223529 32.755278 1.973463
0.472190 0.099766 -0.001583 -0.000348
0.099766 0.044878 -0.000348 -0.000103
-0.001583 -0.000348 0.482102 0.101547
-0.000348 -0.000103 0.101547 0.045209
25.324444 1.196743 33.407182 1.902936
0.471293 0.099698 -0.002349 -0.000485
0.099698 0.044853 -0.000485 -0.000121
-0.002349 -0.000485 0.482795 0.101691
-0.000485 -0.000121 0.101691 0.045215
25.649858 1.138899 33.939162 1.814574
0.470494 0.099631 -0.003177 -0.000622
0.099631 0.044825 -0.000624 -0.000140
-0.003177 -0.000624 0.483530 0.101821
-0.000622 -0.000140 0.101821 0.045219
25.797491 1.049508 34.883047 1.822194
0.469784 0.099564 -0.003980 -0.000745
0.099564 0.044795 -0.000747 -0.000156
-0.003980 -0.000747 0.484259 0.101934
-0.000745 -0.000156 0.101934 0.045220
26.641240 1.117210 35.949236 1.854922
0.468925 0.099450 -0.004736 -0.000852
0.099450 0.044756 -0.000854 -0.000169
-0.004736 -0.000854 0.485195 0.102079
-0.000852 -0.000169 0.102079 0.045231
27.689393 1.221106 36.893494 1.858663
0.467971 0.099308 -0.005821 -0.001024
0.099308 0.044712 -0.001027 -0.000198
-0.005821 -0.001027 0.486274 0.102242
-0.001024 -0.000198 0.102242 0.045247
28.518412 1.267584 37.981074 1.892036
0.467041 0.099167 -0.007301 -0.001271
0.099167 0.044669 -0.001276 -0.000243
-0.007301 -0.001276 0.487371 0.102399
-0.001271 -0.000243 0.102399 0.045264
29.461520 1.332784 38.215727 1.742908
0.466025 0.099005 -0.009049 -0.001561
0.099005 0.044624 -0.001567 -0.000296
-0.009049 -0.001567 0.488606 0.102578
-0.001561 -0.000296 0.102578 0.045287
29.914218 1.287451 39.189683 1.764213
0.465419 0.098931 -0.010919 -0.001860
0.098931 0.044599 -0.001869 -0.000350
-0.010919 -0.001869 0.489428 0.102662
-0.001860 -0.000350 0.102662 0.045292
29.969520 1.162374 40.140326 1.777903
0.464632 0.098811 -0.012781 -0.002144
0.098811 0.044564 -0.002155 -0.000401
-0.012781 -0.002155 0.490477 0.102798
-0.002144 -0.000401 0.102798 0.045312
30.376062 1.125460 41.209882 1.815487
0.463580 0.098633 -0.014393 -0.002367
0.098633 0.044519 -0.002378 -0.000438
-0.014393 -0.002378 0.491827 0.102996
-0.002367 -0.000438 0.102996 0.045346
31.285431 1.199587 42.311094 1.856548
0.462341 0.098419 -0.016049 -0.002597
0.098419 0.044467 -0.002607 -0.000480
-0.016049 -0.002607 0.493432 0.103241
-0.002597 -0.000480 0.103241 0.045390
31.529772 1.124794 43.736746 1.959872
0.461096 0.098212 -0.018098 -0.002907
0.098212 0.044419 -0.002918 -0.000540
-0.018098 -0.002918 0.495151 0.103500
-0.002907 -0.000540 0.103500 0.045438
32.492135 1.210040 44.699229 1.957095
0.459432 0.097920 -0.020104 -0.003202
0.097920 0.044355 -0.003210 -0.000596
-0.020104 -0.003210 0.497420 0.103864
-0.003202 -0.000596 0.103864 0.045507
32.798063 1.146804 45.921700 2.007259
0.457973 0.097685 -0.022487 -0.003569
0.097685 0.044305 -0.003578 -0.000668
-0.022487 -0.003578 0.499607 0.104193
-0.003569 -0.000668 0.104193 0.045567
33.172092 1.103722 46.746724 1.969486
0.456284 0.097407 -0.024759 -0.003902
0.097407 0.044246 -0.003910 -0.000733
-0.024759 -0.003910 0.502145 0.104584
-0.003902 -0.000733 0.104584 0.045639
34.017890 1.165227 47.287973 1.878083
0.454689 0.097159 -0.026894 -0.004201
0.097159 0.044194 -0.004207 -0.000791
-0.026894 -0.004207 0.504641 0.104950
-0.004201 -0.000791 0.104950 0.045706
34.840738 1.216497 48.177628 1.868632
0.453552 0.097012 -0.029231 -0.004540
0.097012 0.044164 -0.004548 -0.000860
-0.029231 -0.004548 0.506720 0.105218
-0.004540 -0.000860 0.105218 0.045752
