5.331171 3.094609 -0.870240 -1.240151
2.490737 0.996316 -0.101026 -0.040411
0.996316 80.402602 -0.040411 -0.016165
-0.101026 -0.040411 2.420540 0.968237
-0.040411 -0.016165 0.968237 80.391370
4.594757 -0.882898 -0.194423 1.011207
2.223050 3.882043 -0.096289 -0.149309
3.882043 15.227379 -0.147992 -0.517231
-0.096289 -0.147992 2.306584 4.041977
-0.149309 -0.517231 4.041977 15.328530
3.434487 -1.707319 3.785414 5.004969
1.985106 2.302396 -0.095873 -0.105756
2.302396 4.567785 -0.105733 -0.192060
-0.095873 -0.105733 2.026969 2.330809
-0.105756 -0.192060 2.330809 4.550971
4.000482 -0.514055 2.527583 1.854218
1.723671 1.456293 -0.072256 -0.058197
1.456293 1.927284 -0.058201 -0.076026
-0.072256 -0.058201 1.710390 1.433921
-0.058197 -0.076026 1.433921 1.895348
5.657011 0.751002 3.307997 1.758772
1.486900 0.983029 -0.064018 -0.041259
0.983029 0.981476 -0.041261 -0.040707
-0.064018 -0.041261 1.480853 0.975148
-0.041259 -0.040707 0.975148 0.973370
7.075449 1.317900 5.216044 2.316619
1.299930 0.706047 -0.052253 -0.027860
0.706047 0.568817 -0.027853 -0.022682
-0.052253 -0.027853 1.301712 0.705439
-0.027860 -0.022682 0.705439 0.567780
8.171542 1.519492 5.413095 1.873695
1.154546 0.532892 -0.040935 -0.018687
0.532892 0.362048 -0.018680 -0.013298
-0.040935 -0.018680 1.157658 0.533494
-0.018687 -0.013298 0.533494 0.362138
9.178173 1.618769 7.182179 2.207969
1.037381 0.417180 -0.033513 -0.013493
0.417180 0.247213 -0.013487 -0.008533
-0.033513 -0.013487 1.042872 0.418888
-0.013493 -0.008533 0.418888 0.247872
10.708673 1.876440 8.471984 2.274196
0.943157 0.337046 -0.027121 -0.009818
0.337046 0.178958 -0.009813 -0.005669
-0.027121 -0.009813 0.948082 0.338436
-0.009818 -0.005669 0.338436 0.179466
11.634400 1.872592 8.693183 1.978887
0.865309 0.279288 -0.021758 -0.007202
0.279288 0.136032 -0.007198 -0.003880
-0.021758 -0.007198 0.869925 0.280494
-0.007202 -0.003880 0.280494 0.136447
11.314820 1.501284 9.853170 2.029578
0.800151 0.236548 -0.018010 -0.005525
0.236548 0.107919 -0.005521 -0.002783
-0.018010 -0.005521 0.805058 0.237768
-0.005525 -0.002783 0.237768 0.108309
12.051789 1.497438 11.252914 2.135022
0.746067 0.204559 -0.015393 -0.004412
0.204559 0.089011 -0.004409 -0.002074
-0.015393 -0.004409 0.749885 0.205402
-0.004412 -0.002074 0.205402 0.089268
13.144562 1.585713 13.245426 2.372600
0.700458 0.180145 -0.013023 -0.003510
0.180145 0.075964 -0.003508 -0.001560
-0.013023 -0.003508 0.703145 0.180661
-0.003510 -0.001560 0.180661 0.076122
13.413223 1.457989 14.172562 2.309585
0.661865 0.161329 -0.010712 -0.002733
0.161329 0.066815 -0.002730 -0.001170
-0.010712 -0.002730 0.663430 0.161566
-0.002733 -0.001170 0.161566 0.066898
13.694434 1.353623 14.808138 2.188641
0.629108 0.146727 -0.008921 -0.002166
0.146727 0.060326 -0.002164 -0.000894
-0.008921 -0.002164 0.629751 0.146767
-0.002166 -0.000894 0.146767 0.060362
13.891096 1.245529 15.973595 2.204688
0.601286 0.135357 -0.007530 -0.001747
0.135357 0.055695 -0.001745 -0.000696
-0.007530 -0.001745 0.601262 0.135278
-0.001747 -0.000696 0.135278 0.055705
14.706030 1.287612 17.051525 2.199337
0.577802 0.126531 -0.006338 -0.001407
0.126531 0.052390 -0.001406 -0.000544
-0.006338 -0.001406 0.577148 0.126347
-0.001407 -0.000544 0.126347 0.052379
15.780802 1.380043 17.579843 2.076797
0.557965 0.119682 -0.005261 -0.001120
0.119682 0.050034 -0.001119 -0.000425
-0.005261 -0.001119 0.556938 0.119455
-0.001120 -0.000425 0.119455 0.050015
16.174661 1.317454 18.674089 2.088586
0.541263 0.114393 -0.004340 -0.000887
0.114393 0.048365 -0.000886 -0.000332
-0.004340 -0.000886 0.540166 0.114185
-0.000887 -0.000332 0.114185 0.048351
17.104562 1.374198 19.669403 2.078356
0.527423 0.110373 -0.003536 -0.000694
0.110373 0.047202 -0.000693 -0.000260
-0.003536 -0.000693 0.526254 0.110175
-0.000694 -0.000260 0.110175 0.047188
17.777849 1.371318 20.649189 2.065991
0.516010 0.107347 -0.002823 -0.000532
0.107347 0.046402 -0.000532 -0.000202
-0.002823 -0.000532 0.514884 0.107176
-0.000532 -0.000202 0.107176 0.046393
18.778556 1.436666 21.650617 2.059475
0.506721 0.105111 -0.002210 -0.000400
0.105111 0.045867 -0.000400 -0.000157
-0.002210 -0.000400 0.505685 0.104971
-0.000400 -0.000157 0.104971 0.045861
19.239514 1.383286 22.439048 2.009384
0.499234 0.103490 -0.001691 -0.000294
0.103490 0.045517 -0.000294 -0.000122
-0.001691 -0.000294 0.498363 0.103390
-0.000294 -0.000122 0.103390 0.045516
20.025341 1.402791 23.104400 1.938933
0.493306 0.102349 -0.001268 -0.000212
0.102349 0.045300 -0.000212 -0.000095
-0.001268 -0.000212 0.492607 0.102286
-0.000212 -0.000095 0.102286 0.045302
20.399464 1.334777 24.188215 1.962690
0.488674 0.101572 -0.000939 -0.000152
0.101572 0.045170 -0.000152 -0.000074
-0.000939 -0.000152 0.488172 0.101545
-0.000152 -0.000074 0.101545 0.045176
20.931888 1.306631 24.765839 1.878514
0.485110 0.101065 -0.000674 -0.000107
0.101065 0.045099 -0.000107 -0.000059
-0.000674 -0.000107 0.484830 0.101075
-0.000107 -0.000059 0.101075 0.045108
21.685920 1.327628 24.951403 1.721021
0.482425 0.100754 -0.000482 -0.000077
0.100754 0.045064 -0.000077 -0.000048
-0.000482 -0.000077 0.482365 0.100799
-0.000077 -0.000048 0.100799 0.045076
22.376150 1.333166 26.047098 1.770280
0.480458 0.100585 -0.000367 -0.000061
0.100585 0.045049 -0.000061 -0.000040
-0.000367 -0.000061 0.480582 0.100655
-0.000061 -0.000040 0.100655 0.045064
22.729312 1.267406 26.871750 1.757580
0.479011 0.100502 -0.000315 -0.000058
0.100502 0.045044 -0.000058 -0.000036
-0.000315 -0.000058 0.479372 0.100606
-0.000058 -0.000036 0.100606 0.045063
23.714515 1.341298 28.257615 1.864187
0.477965 0.100473 -0.000304 -0.000060
0.100473 0.045041 -0.000060 -0.000033
-0.000304 -0.000060 0.478593 0.100617
-0.000060 -0.000033 0.100617 0.045065
23.561406 1.167863 29.042640 1.833223
0.477177 0.100465 -0.000393 -0.000081
0.100465 0.045034 -0.000081 -0.000034
-0.000393 -0.000081 0.478176 0.100669
-0.000081 -0.000034 0.100669 0.045069
24.778266 1.301292 30.438673 1.934265
0.476587 0.100468 -0.000462 -0.000094
0.100468 0.045025 -0.000094 -0.000033
-0.000462 -0.000094 0.478007 0.100740
-0.000094 -0.000033 0.100740 0.045072
25.131866 1.238616 31.748479 2.006532
0.476097 0.100463 -0.000678 -0.000136
0.100463 0.045009 -0.000136 -0.000039
-0.000678 -0.000136 0.478049 0.100824
-0.000136 -0.000039 0.100824 0.045073
25.798885 1.248687 32.635719 1.982052
0.475632 0.100441 -0.000933 -0.000182
0.100441 0.044988 -0.000182 -0.000045
-0.000933 -0.000182 0.478272 0.100917
-0.000182 -0.000045 0.100917 0.045073
26.736229 1.314822 33.628612 1.982464
0.475231 0.100413 -0.001251 -0.000237
0.100413 0.044965 -0.000238 -0.000053
-0.001251 -0.000238 0.478562 0.101000
-0.000237 -0.000053 0.101000 0.045071
27.154932 1.264388 34.897631 2.041071
0.474865 0.100378 -0.001680 -0.000312
0.100378 0.044941 -0.000312 -0.000066
-0.001680 -0.000312 0.478893 0.101073
-0.000312 -0.000066 0.101073 0.045066
27.269499 1.155035 36.651710 2.195801
0.474433 0.100319 -0.002147 -0.000389
0.100319 0.044913 -0.000389 -0.000078
-0.002147 -0.000389 0.479329 0.101153
-0.000389 -0.000078 0.101153 0.045064
27.762561 1.137237 38.091825 2.267986
0.473814 0.100214 -0.002625 -0.000464
0.100214 0.044877 -0.000464 -0.000090
-0.002625 -0.000464 0.479973 0.101265
-0.000464 -0.000090 0.101265 0.045070
27.930805 1.052414 38.748357 2.167186
0.473102 0.100088 -0.003173 -0.000550
0.100088 0.044839 -0.000550 -0.000105
-0.003173 -0.000550 0.480716 0.101385
-0.000550 -0.000105 0.101385 0.045079
28.505136 1.062538 39.645375 2.127870
0.472444 0.099978 -0.003654 -0.000619
0.099978 0.044806 -0.000619 -0.000116
-0.003654 -0.000619 0.481399 0.101482
-0.000619 -0.000116 0.101482 0.045084
29.241213 1.105647 40.084421 1.996286
0.471809 0.099873 -0.004196 -0.000699
0.099873 0.044777 -0.000699 -0.000130
-0.004196 -0.000699 0.482054 0.101567
-0.000699 -0.000130 0.101567 0.045089
29.930777 1.134854 41.617026 2.108901
0.471310 0.099799 -0.004794 -0.000788
0.099799 0.044756 -0.000788 -0.000146
-0.004794 -0.000788 0.482563 0.101619
-0.000788 -0.000146 0.101619 0.045089
30.620595 1.161055 43.172330 2.214386
0.470662 0.099692 -0.005537 -0.000906
0.099692 0.044728 -0.000906 -0.000169
-0.005537 -0.000906 0.483232 0.101706
-0.000906 -0.000169 0.101706 0.045099
31.165614 1.153237 43.821781 2.118071
0.469875 0.099558 -0.006415 -0.001047
0.099558 0.044696 -0.001048 -0.000196
-0.006415 -0.001048 0.484060 0.101825
-0.001047 -0.000196 0.101825 0.045118
31.986278 1.205065 45.011518 2.145732
0.469190 0.099451 -0.007281 -0.001180
0.099451 0.044671 -0.001181 -0.000221
-0.007281 -0.001181 0.484789 0.101920
-0.001180 -0.000221 0.101920 0.045132
32.375624 1.159857 46.084676 2.145611
0.468478 0.099339 -0.008280 -0.001337
0.099339 0.044646 -0.001339 -0.000251
-0.008280 -0.001339 0.485568 0.102025
-0.001337 -0.000251 0.102025 0.045150
33.394877 1.252569 46.655928 2.040711
0.467718 0.099220 -0.009256 -0.001484
0.099220 0.044620 -0.001485 -0.000279
-0.009256 -0.001485 0.486416 0.102144
-0.001484 -0.000279 0.102144 0.045171
34.546485 1.363339 47.019658 1.903477
0.467152 0.099144 -0.010351 -0.001651
0.099144 0.044603 -0.001654 -0.000311
-0.010351 -0.001654 0.487083 0.102223
-0.001651 -0.000311 0.102223 0.045185
35.531223 1.426849 47.298271 1.762652
0.466836 0.099119 -0.011559 -0.001837
0.099119 0.044596 -0.001841 -0.000348
-0.011559 -0.001841 0.487510 0.102254
-0.001837 -0.000348 0.102254 0.045190
36.482889 1.477537 48.233737 1.774341
0.466728 0.099132 -0.012795 -0.002023
0.099132 0.044596 -0.002029 -0.000384
-0.012795 -0.002029 0.487736 0.102251
-0.002023 -0.000384 0.102251 0.045189
