2.002863 1.763257 2.726108 0.198420
2.053490 0.821414 -0.226717 -0.090689
0.821414 80.332639 -0.090689 -0.036276
-0.226717 -0.090689 3.101368 1.240574
-0.090689 -0.036276 1.240574 80.500307
2.889860 1.757959 2.057246 -1.104174
3.048823 5.414305 -1.535739 -2.545629
5.414305 16.764596 -2.683607 -5.092640
-1.535739 -2.683607 3.026668 5.103658
-2.545629 -5.092640 5.103658 18.741216
4.938297 2.994693 0.415054 -2.264761
3.117542 3.406200 -1.228111 -1.127883
3.406200 5.409679 -1.229677 -1.442515
-1.228111 -1.229677 2.205185 2.461290
-1.127883 -1.442515 2.461290 5.064560
6.967898 3.531845 2.226106 0.352296
2.447127 1.913001 -0.506471 -0.264991
1.913001 2.161351 -0.340410 -0.338371
-0.506471 -0.340410 1.504995 1.281279
-0.264991 -0.338371 1.281279 1.932446
6.141793 1.956399 3.600219 1.088398
1.595559 0.976869 -0.136057 -0.033166
0.976869 0.934000 -0.066592 -0.107231
-0.136057 -0.066592 1.430526 0.993703
-0.033166 -0.107231 0.993703 1.076553
7.295874 2.046225 4.317980 1.189517
1.221619 0.629056 -0.089430 -0.035964
0.629056 0.518744 -0.051659 -0.078185
-0.089430 -0.051659 1.415883 0.806158
-0.035964 -0.078185 0.806158 0.667642
8.718239 2.223322 5.121526 1.288804
1.017630 0.457753 -0.151386 -0.073370
0.457753 0.329960 -0.080860 -0.073005
-0.151386 -0.080860 1.394003 0.665881
-0.073370 -0.073005 0.665881 0.445633
10.827059 2.619443 5.972268 1.367520
0.907330 0.363802 -0.199011 -0.086615
0.363802 0.230905 -0.090913 -0.060695
-0.199011 -0.090913 1.321434 0.541792
-0.086615 -0.060695 0.541792 0.308055
11.100601 2.238244 7.950120 1.837649
0.827967 0.299394 -0.204939 -0.078670
0.299394 0.170447 -0.081456 -0.045286
-0.204939 -0.081456 1.221376 0.438800
-0.078670 -0.045286 0.438800 0.220300
11.485314 2.001316 7.722575 1.475254
0.787168 0.259596 -0.217994 -0.074118
0.259596 0.133831 -0.075961 -0.035581
-0.217994 -0.075961 1.103042 0.353890
-0.074118 -0.035581 0.353890 0.162383
11.733494 1.772181 9.259611 1.710407
0.739803 0.224396 -0.213902 -0.065012
0.224396 0.107482 -0.066348 -0.027218
-0.213902 -0.066348 1.015455 0.295825
-0.065012 -0.027218 0.295825 0.126460
12.889189 1.847803 9.445207 1.530558
0.708630 0.199681 -0.206302 -0.056625
0.199681 0.090022 -0.057624 -0.021083
-0.206302 -0.057624 0.923117 0.247618
-0.056625 -0.021083 0.247618 0.101239
13.767261 1.837213 10.829137 1.685423
0.669798 0.176907 -0.188626 -0.047149
0.176907 0.076790 -0.047819 -0.015997
-0.188626 -0.047819 0.853215 0.213570
-0.047149 -0.015997 0.213570 0.084733
13.794135 1.615138 12.120865 1.789976
0.637336 0.159352 -0.167365 -0.038374
0.159352 0.067497 -0.038791 -0.012078
-0.167365 -0.038791 0.786756 0.185923
-0.038374 -0.012078 0.185923 0.072896
14.888893 1.688184 13.770709 1.961836
0.613559 0.146545 -0.148673 -0.031477
0.146545 0.061087 -0.031786 -0.009295
-0.148673 -0.031786 0.725537 0.163681
-0.031477 -0.009295 0.163681 0.064375
15.912276 1.725973 14.176747 1.837032
0.591389 0.136031 -0.126280 -0.024709
0.136031 0.056371 -0.024899 -0.006980
-0.126280 -0.024899 0.671834 0.146260
-0.024709 -0.006980 0.146260 0.058313
16.037627 1.564675 15.699099 1.961386
0.569198 0.127022 -0.106269 -0.019294
0.127022 0.052805 -0.019368 -0.005284
-0.106269 -0.019368 0.631673 0.134010
-0.019294 -0.005284 0.134010 0.054273
17.027092 1.608876 16.517863 1.928838
0.553111 0.120601 -0.088486 -0.014913
0.120601 0.050388 -0.014958 -0.004030
-0.088486 -0.014958 0.595526 0.124097
-0.014913 -0.004030 0.124097 0.051301
16.857304 1.400641 17.679754 1.963064
0.538141 0.115302 -0.072199 -0.011271
0.115302 0.048597 -0.011277 -0.003068
-0.072199 -0.011277 0.567518 0.116989
-0.011271 -0.003068 0.116989 0.049299
17.608224 1.411199 18.635186 1.958037
0.527516 0.111619 -0.058768 -0.008506
0.111619 0.047420 -0.008522 -0.002384
-0.058768 -0.008522 0.543472 0.111422
-0.008506 -0.002384 0.111422 0.047854
17.704925 1.287711 20.288331 2.092520
0.518073 0.108673 -0.046658 -0.006208
0.108673 0.046573 -0.006224 -0.001849
-0.046658 -0.006224 0.524909 0.107499
-0.006208 -0.001849 0.107499 0.046901
18.823446 1.388561 21.595941 2.149102
0.511038 0.106611 -0.035382 -0.004208
0.106611 0.046030 -0.004234 -0.001410
-0.035382 -0.004234 0.509467 0.104534
-0.004208 -0.001410 0.104534 0.046230
19.509765 1.386663 22.625869 2.139856
0.504021 0.104812 -0.025366 -0.002567
0.104812 0.045616 -0.002587 -0.001062
-0.025366 -0.002587 0.498861 0.102758
-0.002567 -0.001062 0.102758 0.045851
19.962814 1.336066 23.548978 2.108387
0.497602 0.103344 -0.017278 -0.001379
0.103344 0.045318 -0.001391 -0.000818
-0.017278 -0.001391 0.491785 0.101775
-0.001379 -0.000818 0.101775 0.045648
21.179609 1.449606 24.462076 2.080954
0.491815 0.102162 -0.010984 -0.000569
0.102162 0.045109 -0.000575 -0.000650
-0.010984 -0.000575 0.487380 0.101332
-0.000569 -0.000650 0.101332 0.045553
21.543511 1.375646 25.939266 2.171215
0.486188 0.101123 -0.007064 -0.000229
0.101123 0.044942 -0.000226 -0.000573
-0.007064 -0.000226 0.485470 0.101348
-0.000229 -0.000573 0.101348 0.045541
22.193689 1.368109 27.203654 2.208595
0.480193 0.100091 -0.004482 -0.000104
0.100091 0.044783 -0.000093 -0.000528
-0.004482 -0.000093 0.485974 0.101780
-0.000104 -0.000528 0.101780 0.045601
22.356646 1.259064 28.204621 2.186362
0.473905 0.099067 -0.003695 -0.000278
0.099067 0.044627 -0.000261 -0.000534
-0.003695 -0.000261 0.488477 0.102516
-0.000278 -0.000534 0.102516 0.045708
23.273895 1.319277 29.029664 2.130196
0.467662 0.098109 -0.003580 -0.000499
0.098109 0.044482 -0.000480 -0.000537
-0.003580 -0.000480 0.492322 0.103407
-0.000499 -0.000537 0.103407 0.045833
23.950634 1.322743 29.493294 2.003914
0.461979 0.097308 -0.005627 -0.001090
0.097308 0.044365 -0.001073 -0.000610
-0.005627 -0.001073 0.496777 0.104304
-0.001090 -0.000610 0.104304 0.045947
24.858490 1.374876 30.445257 1.993450
0.457475 0.096770 -0.008868 -0.001824
0.096770 0.044295 -0.001816 -0.000704
-0.008868 -0.001816 0.500898 0.105025
-0.001824 -0.000704 0.105025 0.046019
25.040469 1.267591 31.797242 2.067703
0.453272 0.096278 -0.013857 -0.002822
0.096278 0.044220 -0.002829 -0.000846
-0.013857 -0.002829 0.505664 0.105810
-0.002822 -0.000846 0.105810 0.046107
25.522463 1.235479 33.298476 2.165180
0.448016 0.095536 -0.018534 -0.003644
0.095536 0.044080 -0.003664 -0.000944
-0.018534 -0.003664 0.512568 0.106976
-0.003644 -0.000944 0.106976 0.046277
25.810905 1.164234 33.691742 2.021444
0.442039 0.094637 -0.023384 -0.004427
0.094637 0.043900 -0.004458 -0.001035
-0.023384 -0.004458 0.521384 0.108448
-0.004427 -0.001035 0.108448 0.046509
26.619391 1.212479 34.434518 1.966287
0.437405 0.094035 -0.027699 -0.005041
0.094035 0.043780 -0.005080 -0.001095
-0.027699 -0.005080 0.529094 0.109585
-0.005041 -0.001095 0.109585 0.046667
27.272859 1.222300 35.253261 1.932480
0.433665 0.093601 -0.032809 -0.005789
0.093601 0.043687 -0.005844 -0.001193
-0.032809 -0.005844 0.536448 0.110587
-0.005789 -0.001193 0.110587 0.046802
27.679313 1.177360 36.039732 1.894954
0.430418 0.093234 -0.037846 -0.006487
0.093234 0.043599 -0.006557 -0.001287
-0.037846 -0.006557 0.543700 0.111534
-0.006487 -0.001287 0.111534 0.046934
28.652490 1.259944 36.693148 1.836287
0.427441 0.092887 -0.041836 -0.006950
0.092887 0.043506 -0.007021 -0.001338
-0.041836 -0.007021 0.550672 0.112405
-0.006950 -0.001338 0.112405 0.047061
29.156933 1.229493 36.938710 1.698863
0.425217 0.092663 -0.046318 -0.007518
0.092663 0.043434 -0.007603 -0.001424
-0.046318 -0.007603 0.557074 0.113149
-0.007518 -0.001424 0.113149 0.047170
30.033571 1.289421 38.278232 1.799525
0.423791 0.092569 -0.050539 -0.008031
0.092569 0.043383 -0.008133 -0.001507
-0.050539 -0.008133 0.562360 0.113676
-0.008031 -0.001507 0.113676 0.047246
30.658320 1.282835 38.805338 1.724201
0.421826 0.092319 -0.052155 -0.008030
0.092319 0.043295 -0.008099 -0.001486
-0.052155 -0.008099 0.567385 0.114195
-0.008030 -0.001486 0.114195 0.047336
30.806663 1.175490 39.845826 1.756868
0.420263 0.092136 -0.052693 -0.007867
0.092136 0.043222 -0.007898 -0.001446
-0.052693 -0.007898 0.571147 0.114496
-0.007867 -0.001446 0.114496 0.047392
31.651368 1.231386 40.616278 1.737006
0.419268 0.092077 -0.049169 -0.006953
0.092077 0.043182 -0.006898 -0.001259
-0.049169 -0.006898 0.571529 0.114197
-0.006953 -0.001259 0.114197 0.047344
32.501889 1.287755 42.129925 1.867622
0.419510 0.092267 -0.043822 -0.005795
0.092267 0.043197 -0.005661 -0.001046
-0.043822 -0.005661 0.568673 0.113361
-0.005795 -0.001046 0.113361 0.047208
32.895506 1.230701 42.803442 1.813938
0.424664 0.093515 -0.034242 -0.003892
0.093515 0.043445 -0.003709 -0.000702
-0.034242 -0.003709 0.555560 0.110643
-0.003892 -0.000702 0.110643 0.046722
33.139931 1.152541 44.272921 1.923930
0.432298 0.095149 -0.025409 -0.002306
0.095149 0.043753 -0.002126 -0.000452
-0.025409 -0.002126 0.539968 0.107702
-0.002306 -0.000452 0.107702 0.046231
33.913307 1.194746 45.037526 1.885477
0.446301 0.097997 -0.018269 -0.001154
0.097997 0.044303 -0.001078 -0.000311
-0.018269 -0.001078 0.517445 0.103617
-0.001154 -0.000311 0.103617 0.045536
34.780655 1.253458 45.916984 1.873977
0.464124 0.101384 -0.014478 -0.000735
0.101384 0.044930 -0.000807 -0.000319
-0.014478 -0.000807 0.493929 0.099618
-0.000735 -0.000319 0.099618 0.044884
35.303335 1.229917 46.603143 1.822443
0.486519 0.105443 -0.015477 -0.001275
0.105443 0.045665 -0.001525 -0.000509
-0.015477 -0.001525 0.470037 0.095759
-0.001275 -0.000509 0.095759 0.044266
35.791660 1.201230 47.048016 1.725735
0.510309 0.109454 -0.019911 -0.002437
0.109454 0.046354 -0.002817 -0.000789
-0.019911 -0.002817 0.449554 0.092760
-0.002437 -0.000789 0.092760 0.043815
