1.442494 1.539104 -1.111261 -1.336561
2.575399 1.030182 -0.261185 -0.104476
1.030182 80.416148 -0.104476 -0.041791
-0.261185 -0.104476 2.388565 0.955447
-0.104476 -0.041791 0.955447 80.386254
5.432731 7.218756 1.618439 4.702376
2.246188 3.900498 -0.317385 -0.506588
3.900498 15.454608 -0.498790 -1.539993
-0.317385 -0.498790 2.364745 4.144921
-0.506588 -1.539993 4.144921 15.408468
6.169158 3.855947 2.333568 2.799832
1.968061 2.286931 -0.180705 -0.186625
2.286931 4.606772 -0.183635 -0.393816
-0.180705 -0.183635 2.070124 2.368051
-0.186625 -0.393816 2.368051 4.569140
5.465813 1.621252 3.858635 2.902420
1.690845 1.435806 -0.151105 -0.124869
1.435806 1.931948 -0.123975 -0.181988
-0.151105 -0.123975 1.765533 1.472268
-0.124869 -0.181988 1.472268 1.921010
8.176340 2.885779 5.545465 3.053580
1.479762 0.985004 -0.134611 -0.090461
0.985004 0.993041 -0.090123 -0.098016
-0.134611 -0.090123 1.507379 0.986702
-0.090461 -0.098016 0.986702 0.978627
9.186161 2.649882 6.390050 2.686570
1.295767 0.708061 -0.103037 -0.057941
0.708061 0.574684 -0.057674 -0.052671
-0.103037 -0.057674 1.318408 0.711005
-0.057941 -0.052671 0.711005 0.570350
9.030687 1.964990 6.508693 2.127537
1.150372 0.533768 -0.082607 -0.040276
0.533768 0.364891 -0.040093 -0.031564
-0.082607 -0.040093 1.171131 0.537683
-0.040276 -0.031564 0.537683 0.364250
9.124425 1.605964 7.605348 2.142573
1.035069 0.418189 -0.072046 -0.031023
0.418189 0.248971 -0.030909 -0.020939
-0.072046 -0.030909 1.053381 0.421894
-0.031023 -0.020939 0.421894 0.249421
10.526375 1.821069 8.518923 2.085253
0.942900 0.338314 -0.063128 -0.024312
0.338314 0.180192 -0.024228 -0.014432
-0.063128 -0.024228 0.955531 0.340353
-0.024312 -0.014432 0.340353 0.180504
10.209688 1.423959 9.416176 2.040541
0.865057 0.280150 -0.053682 -0.018737
0.280150 0.136768 -0.018673 -0.010070
-0.053682 -0.018673 0.876052 0.282024
-0.018737 -0.010070 0.282024 0.137263
11.080310 1.471374 10.123768 1.948096
0.801593 0.237646 -0.046982 -0.014998
0.237646 0.108520 -0.014947 -0.007326
-0.046982 -0.014947 0.808610 0.238553
-0.014998 -0.007326 0.238553 0.108819
11.968244 1.513936 10.372048 1.749300
0.747458 0.205400 -0.040810 -0.012012
0.205400 0.089403 -0.011972 -0.005410
-0.040810 -0.011972 0.752626 0.206020
-0.012012 -0.005410 0.206020 0.089676
12.354798 1.418557 11.197933 1.737083
0.700943 0.180582 -0.035581 -0.009720
0.180582 0.076170 -0.009689 -0.004070
-0.035581 -0.009689 0.706120 0.181374
-0.009720 -0.004070 0.181374 0.076506
12.828834 1.361093 12.174860 1.763600
0.661860 0.161549 -0.031068 -0.007918
0.161549 0.066923 -0.007893 -0.003107
-0.031068 -0.007893 0.666353 0.162265
-0.007918 -0.003107 0.162265 0.067233
13.172828 1.282423 13.523212 1.872412
0.628927 0.146847 -0.026989 -0.006445
0.146847 0.060385 -0.006425 -0.002390
-0.026989 -0.006425 0.632353 0.147375
-0.006445 -0.002390 0.147375 0.060636
14.304022 1.392824 14.445350 1.869256
0.601374 0.135499 -0.023195 -0.005208
0.135499 0.055744 -0.005192 -0.001845
-0.023195 -0.005192 0.603136 0.135706
-0.005208 -0.001845 0.135706 0.055908
15.635913 1.531936 14.832971 1.749650
0.577789 0.126615 -0.019596 -0.004146
0.126615 0.052415 -0.004134 -0.001421
-0.019596 -0.004134 0.578713 0.126701
-0.004146 -0.001421 0.126701 0.052543
15.780184 1.398430 15.542999 1.714028
0.557549 0.119656 -0.016382 -0.003272
0.119656 0.050029 -0.003262 -0.001096
-0.016382 -0.003262 0.558576 0.119819
-0.003272 -0.001096 0.119819 0.050163
17.068167 1.523428 17.258533 1.895866
0.540809 0.114350 -0.013773 -0.002605
0.114350 0.048354 -0.002597 -0.000858
-0.013773 -0.002597 0.541600 0.114494
-0.002605 -0.000858 0.114494 0.048471
17.319021 1.416370 18.056290 1.864087
0.526983 0.110326 -0.011133 -0.001984
0.110326 0.047189 -0.001978 -0.000658
-0.011133 -0.001978 0.527449 0.110425
-0.001984 -0.000658 0.110425 0.047284
18.186004 1.449632 19.290761 1.927150
0.515705 0.107323 -0.008968 -0.001508
0.107323 0.046394 -0.001504 -0.000510
-0.008968 -0.001504 0.515781 0.107358
-0.001508 -0.000510 0.107358 0.046465
18.733239 1.413069 20.667770 2.012847
0.506538 0.105106 -0.007040 -0.001113
0.105106 0.045861 -0.001109 -0.000393
-0.007040 -0.001109 0.506328 0.105097
-0.001113 -0.000393 0.105097 0.045914
18.925566 1.306293 21.440474 1.964030
0.499201 0.103509 -0.005376 -0.000793
0.103509 0.045516 -0.000791 -0.000303
-0.005376 -0.000791 0.498756 0.103465
-0.000793 -0.000303 0.103465 0.045554
19.231748 1.234285 22.411199 1.961487
0.493404 0.102388 -0.004032 -0.000555
0.102388 0.045302 -0.000553 -0.000237
-0.004032 -0.000553 0.492794 0.102321
-0.000555 -0.000237 0.102321 0.045328
19.687990 1.201035 23.799820 2.046254
0.488861 0.101621 -0.002925 -0.000373
0.101621 0.045174 -0.000372 -0.000186
-0.002925 -0.000372 0.488212 0.101554
-0.000373 -0.000186 0.101554 0.045194
20.126471 1.167262 24.784800 2.038239
0.485283 0.101102 -0.001997 -0.000230
0.101102 0.045100 -0.000229 -0.000146
-0.001997 -0.000229 0.484838 0.101083
-0.000230 -0.000146 0.101083 0.045124
20.587564 1.141683 25.843068 2.046385
0.482487 0.100762 -0.001275 -0.000129
0.100762 0.045059 -0.000129 -0.000117
-0.001275 -0.000129 0.482449 0.100826
-0.000129 -0.000117 0.100826 0.045094
21.267821 1.164572 26.784352 2.029249
0.480279 0.100541 -0.000739 -0.000064
0.100541 0.045034 -0.000064 -0.000096
-0.000739 -0.000064 0.480878 0.100726
-0.000064 -0.000096 0.100726 0.045088
22.085948 1.214056 27.830470 2.035884
0.478520 0.100396 -0.000426 -0.000040
0.100396 0.045017 -0.000039 -0.000083
-0.000426 -0.000039 0.479958 0.100733
-0.000040 -0.000083 0.100733 0.045096
22.626823 1.200154 28.978687 2.063268
0.477069 0.100290 -0.000359 -0.000058
0.100290 0.045001 -0.000058 -0.000079
-0.000359 -0.000058 0.479571 0.100816
-0.000058 -0.000079 0.100816 0.045110
23.842241 1.329740 29.563264 1.969165
0.475799 0.100197 -0.000464 -0.000103
0.100197 0.044980 -0.000102 -0.000080
-0.000464 -0.000102 0.479629 0.100952
-0.000103 -0.000080 0.100952 0.045129
24.287641 1.283434 31.210730 2.108812
0.474830 0.100141 -0.000911 -0.000207
0.100141 0.044961 -0.000207 -0.000093
-0.000911 -0.000207 0.479839 0.101080
-0.000207 -0.000093 0.101080 0.045139
24.921077 1.281681 32.440767 2.145828
0.473706 0.100027 -0.001516 -0.000330
0.100027 0.044926 -0.000330 -0.000108
-0.001516 -0.000330 0.480531 0.101276
-0.000330 -0.000108 0.101276 0.045160
25.258259 1.217493 33.502522 2.143470
0.472548 0.099889 -0.002313 -0.000479
0.099889 0.044884 -0.000479 -0.000129
-0.002313 -0.000479 0.481482 0.101491
-0.000479 -0.000129 0.101491 0.045182
26.170616 1.281690 34.105828 2.044773
0.471357 0.099732 -0.003151 -0.000622
0.099732 0.044838 -0.000623 -0.000148
-0.003151 -0.000623 0.482618 0.101714
-0.000622 -0.000148 0.101714 0.045205
26.835709 1.286810 35.047545 2.027784
0.470388 0.099613 -0.004233 -0.000806
0.099613 0.044801 -0.000807 -0.000175
-0.004233 -0.000807 0.483624 0.101882
-0.000806 -0.000175 0.101882 0.045215
27.490419 1.289198 36.034601 2.022137
0.469415 0.099484 -0.005470 -0.001009
0.099484 0.044761 -0.001011 -0.000207
-0.005470 -0.001011 0.484698 0.102047
-0.001009 -0.000207 0.102047 0.045227
27.908612 1.241123 36.918469 1.995273
0.468407 0.099339 -0.006859 -0.001232
0.099339 0.044718 -0.001235 -0.000243
-0.006859 -0.001235 0.485857 0.102218
-0.001232 -0.000243 0.102218 0.045242
28.540489 1.243497 37.872093 1.986027
0.467356 0.099182 -0.008250 -0.001443
0.099182 0.044674 -0.001447 -0.000277
-0.008250 -0.001447 0.487089 0.102394
-0.001443 -0.000277 0.102394 0.045261
29.507584 1.316937 38.986095 2.011720
0.466277 0.099016 -0.009783 -0.001676
0.099016 0.044630 -0.001681 -0.000316
-0.009783 -0.001681 0.488388 0.102575
-0.001676 -0.000316 0.102575 0.045283
29.966963 1.274655 40.019631 2.017326
0.465178 0.098845 -0.011683 -0.001978
0.098845 0.044586 -0.001985 -0.000371
-0.011683 -0.001985 0.489770 0.102768
-0.001978 -0.000371 0.102768 0.045309
30.443414 1.240346 40.950418 2.000797
0.463967 0.098651 -0.013588 -0.002268
0.098651 0.044537 -0.002275 -0.000423
-0.013588 -0.002275 0.491318 0.102990
-0.002268 -0.000423 0.102990 0.045344
30.969135 1.220139 41.880875 1.986006
0.462722 0.098452 -0.015490 -0.002548
0.098452 0.044490 -0.002556 -0.000473
-0.015490 -0.002556 0.492952 0.103222
-0.002548 -0.000473 0.103222 0.045382
31.403747 1.183144 43.085487 2.029969
0.461464 0.098254 -0.017432 -0.002829
0.098254 0.044443 -0.002837 -0.000524
-0.017432 -0.002837 0.494658 0.103464
-0.002829 -0.000524 0.103464 0.045424
32.146054 1.214259 43.604220 1.926562
0.460002 0.098015 -0.019421 -0.003115
0.098015 0.044389 -0.003123 -0.000578
-0.019421 -0.003123 0.496670 0.103764
-0.003115 -0.000578 0.103764 0.045478
32.564907 1.172687 43.966076 1.800569
0.458901 0.097859 -0.021507 -0.003417
0.097859 0.044354 -0.003427 -0.000636
-0.021507 -0.003427 0.498346 0.103984
-0.003417 -0.000636 0.103984 0.045516
33.502571 1.246748 44.499902 1.725080
0.458072 0.097759 -0.023410 -0.003675
0.097759 0.044330 -0.003687 -0.000686
-0.023410 -0.003687 0.499727 0.104142
-0.003675 -0.000686 0.104142 0.045543
34.111015 1.243653 45.395334 1.731888
0.457567 0.097719 -0.025592 -0.003992
0.097719 0.044317 -0.004008 -0.000750
-0.025592 -0.004008 0.500838 0.104249
-0.003992 -0.000750 0.104249 0.045562
34.675081 1.229883 45.821242 1.640129
0.456969 0.097647 -0.027871 -0.004324
0.097647 0.044295 -0.004344 -0.000818
-0.027871 -0.004344 0.502148 0.104407
-0.004324 -0.000818 0.104407 0.045594
34.856323 1.138289 46.988960 1.710876
0.456568 0.097609 -0.030074 -0.004636
0.097609 0.044280 -0.004660 -0.000881
-0.030074 -0.004660 0.503264 0.104530
-0.004636 -0.000881 0.104530 0.045620
