2.841986 2.098913 -0.387948 -1.047230
2.490737 0.996316 -0.101026 -0.040411
0.996316 80.402602 -0.040411 -0.016165
-0.101026 -0.040411 2.420540 0.968237
-0.040411 -0.016165 0.968237 80.391370
7.980002 9.252847 0.534626 1.523341
2.240514 3.912413 -0.111380 -0.175606
3.912413 15.280193 -0.174487 -0.563405
-0.111380 -0.174487 2.290904 4.014362
-0.175606 -0.563405 4.014362 15.279897
8.501384 4.502007 2.691690 3.115534
1.965115 2.276600 -0.059339 -0.061497
2.276600 4.537981 -0.060912 -0.140522
-0.059339 -0.060912 2.042344 2.351018
-0.061497 -0.140522 2.351018 4.574526
7.462742 1.720073 4.491423 3.319076
1.693073 1.431778 -0.047321 -0.040065
1.431778 1.908673 -0.039868 -0.063253
-0.047321 -0.039868 1.738076 1.456250
-0.040065 -0.063253 1.456250 1.912406
7.048772 0.876823 4.977694 2.549463
1.472912 0.976112 -0.042922 -0.029817
0.976112 0.978423 -0.029732 -0.034266
-0.042922 -0.029732 1.491999 0.980507
-0.029817 -0.034266 0.980507 0.975543
6.598917 0.393403 6.144211 2.491921
1.295696 0.705346 -0.039611 -0.022866
0.705346 0.569028 -0.022825 -0.020416
-0.039611 -0.022825 1.304257 0.705477
-0.022866 -0.020416 0.705477 0.567264
6.842857 0.416426 5.973297 1.839857
1.155196 0.534084 -0.035610 -0.017456
0.534084 0.362729 -0.017430 -0.012813
-0.035610 -0.017430 1.156344 0.532161
-0.017456 -0.012813 0.532161 0.361396
8.457040 0.982029 7.410523 2.046448
1.040118 0.418703 -0.032408 -0.013757
0.418703 0.247769 -0.013742 -0.008547
-0.032408 -0.013742 1.040008 0.417406
-0.013757 -0.008547 0.417406 0.247314
10.068211 1.382389 8.618202 2.111683
0.945605 0.338062 -0.027367 -0.010261
0.338062 0.179202 -0.010250 -0.005668
-0.027367 -0.010250 0.945664 0.337473
-0.010261 -0.005668 0.337473 0.179213
11.502670 1.622375 9.408255 2.025699
0.867249 0.279914 -0.022456 -0.007572
0.279914 0.136110 -0.007564 -0.003831
-0.022456 -0.007564 0.868052 0.279903
-0.007572 -0.003831 0.279903 0.136352
11.864548 1.489611 10.332166 1.999552
0.801720 0.236944 -0.018359 -0.005651
0.236944 0.107928 -0.005646 -0.002667
-0.018359 -0.005646 0.803509 0.237376
-0.005651 -0.002667 0.237376 0.108278
12.748517 1.527726 11.440434 2.029253
0.747013 0.204721 -0.015302 -0.004349
0.204721 0.088965 -0.004346 -0.001927
-0.015302 -0.004346 0.748922 0.205226
-0.004349 -0.001927 0.205226 0.089290
13.559916 1.540023 11.886855 1.883183
0.700884 0.180152 -0.012712 -0.003367
0.180152 0.075895 -0.003364 -0.001417
-0.012712 -0.003364 0.702687 0.180634
-0.003367 -0.001417 0.180634 0.076170
13.430208 1.320830 13.052827 1.937926
0.661702 0.161195 -0.010670 -0.002652
0.161195 0.066728 -0.002651 -0.001066
-0.010670 -0.002651 0.663582 0.161687
-0.002652 -0.001066 0.161687 0.066969
14.475674 1.410593 13.738575 1.871884
0.628736 0.146563 -0.009070 -0.002128
0.146563 0.060248 -0.002126 -0.000818
-0.009070 -0.002126 0.630121 0.146920
-0.002128 -0.000818 0.146920 0.060427
15.729288 1.533978 14.796831 1.899434
0.600683 0.135163 -0.007650 -0.001700
0.135163 0.055624 -0.001699 -0.000632
-0.007650 -0.001699 0.601858 0.135461
-0.001700 -0.000632 0.135461 0.055767
16.763128 1.592397 15.758241 1.902018
0.576938 0.126302 -0.006325 -0.001334
0.126302 0.052322 -0.001333 -0.000486
-0.006325 -0.001333 0.577996 0.126563
-0.001334 -0.000486 0.126563 0.052439
17.339487 1.545350 17.486172 2.068644
0.556960 0.119447 -0.005160 -0.001035
0.119447 0.049973 -0.001035 -0.000374
-0.005160 -0.001035 0.557923 0.119677
-0.001035 -0.000374 0.119677 0.050070
18.071802 1.536804 18.415977 2.046545
0.540355 0.114201 -0.004129 -0.000789
0.114201 0.048319 -0.000789 -0.000287
-0.004129 -0.000789 0.541050 0.114365
-0.000789 -0.000287 0.114365 0.048391
18.365310 1.437316 18.876675 1.928708
0.526583 0.110211 -0.003270 -0.000596
0.110211 0.047166 -0.000596 -0.000222
-0.003270 -0.000596 0.527071 0.110326
-0.000596 -0.000222 0.110326 0.047219
18.255524 1.264907 19.689465 1.897028
0.515274 0.107218 -0.002597 -0.000454
0.107218 0.046376 -0.000454 -0.000174
-0.002597 -0.000454 0.515599 0.107296
-0.000454 -0.000174 0.107296 0.046415
19.107062 1.310412 20.921930 1.955987
0.506127 0.105019 -0.002058 -0.000346
0.105019 0.045849 -0.000346 -0.000138
-0.002058 -0.000346 0.506261 0.105056
-0.000346 -0.000138 0.105056 0.045875
19.237516 1.201629 22.131140 2.003862
0.498780 0.103430 -0.001584 -0.000256
0.103430 0.045507 -0.000256 -0.000109
-0.001584 -0.000256 0.498801 0.103445
-0.000256 -0.000109 0.103445 0.045525
19.982719 1.231600 23.160270 2.009526
0.492979 0.102315 -0.001182 -0.000183
0.102315 0.045294 -0.000183 -0.000085
-0.001182 -0.000183 0.492920 0.102316
-0.000183 -0.000085 0.102316 0.045306
20.764457 1.266090 24.061392 1.987991
0.488440 0.101554 -0.000859 -0.000128
0.101554 0.045167 -0.000128 -0.000068
-0.000859 -0.000128 0.488394 0.101560
-0.000128 -0.000068 0.101560 0.045178
20.784171 1.138264 24.851882 1.945529
0.484945 0.101057 -0.000617 -0.000091
0.101057 0.045097 -0.000091 -0.000055
-0.000617 -0.000091 0.484986 0.101081
-0.000091 -0.000055 0.101081 0.045110
21.423453 1.152940 26.228689 2.029946
0.482310 0.100752 -0.000424 -0.000062
0.100752 0.045062 -0.000062 -0.000044
-0.000424 -0.000062 0.482472 0.100799
-0.000062 -0.000044 0.100799 0.045078
21.628142 1.075078 26.817751 1.940745
0.480313 0.100572 -0.000296 -0.000046
0.100572 0.045044 -0.000046 -0.000037
-0.000296 -0.000046 0.480720 0.100666
-0.000046 -0.000037 0.100666 0.045068
22.272907 1.097589 28.450253 2.079689
0.478856 0.100484 -0.000208 -0.000036
0.100484 0.045038 -0.000036 -0.000031
-0.000208 -0.000036 0.479521 0.100623
-0.000036 -0.000031 0.100623 0.045069
22.571547 1.044998 29.587317 2.100124
0.477721 0.100434 -0.000192 -0.000039
0.100434 0.045030 -0.000039 -0.000029
-0.000192 -0.000039 0.478833 0.100655
-0.000039 -0.000029 0.100655 0.045076
23.177920 1.062662 30.273546 2.023537
0.476845 0.100408 -0.000213 -0.000048
0.100408 0.045020 -0.000048 -0.000027
-0.000213 -0.000048 0.478506 0.100726
-0.000048 -0.000027 0.100726 0.045083
24.189251 1.163865 31.223844 2.010580
0.476196 0.100401 -0.000301 -0.000068
0.100401 0.045009 -0.000068 -0.000029
-0.000301 -0.000068 0.478398 0.100807
-0.000068 -0.000029 0.100807 0.045087
24.773256 1.164303 32.149625 1.993814
0.475685 0.100395 -0.000507 -0.000109
0.100395 0.044994 -0.000109 -0.000034
-0.000507 -0.000109 0.478463 0.100893
-0.000109 -0.000034 0.100893 0.045088
25.197298 1.130907 33.095958 1.983143
0.475253 0.100382 -0.000768 -0.000157
0.100382 0.044976 -0.000157 -0.000041
-0.000768 -0.000157 0.478654 0.100977
-0.000157 -0.000041 0.100977 0.045086
25.429895 1.060561 34.121523 1.990305
0.474853 0.100356 -0.001057 -0.000207
0.100356 0.044954 -0.000207 -0.000048
-0.001057 -0.000207 0.478943 0.101058
-0.000207 -0.000048 0.101058 0.045083
25.645304 0.993966 34.793878 1.922172
0.474436 0.100312 -0.001349 -0.000254
0.100312 0.044928 -0.000254 -0.000054
-0.001349 -0.000254 0.479325 0.101140
-0.000254 -0.000054 0.101140 0.045080
26.593810 1.089430 35.411146 1.849681
0.474044 0.100262 -0.001625 -0.000294
0.100262 0.044902 -0.000295 -0.000060
-0.001625 -0.000295 0.479719 0.101209
-0.000294 -0.000060 0.101209 0.045075
28.077854 1.288175 36.476886 1.879535
0.473711 0.100218 -0.002018 -0.000358
0.100218 0.044878 -0.000358 -0.000070
-0.002018 -0.000358 0.480067 0.101258
-0.000358 -0.000070 0.101258 0.045068
28.462363 1.233272 37.546239 1.906810
0.473387 0.100170 -0.002651 -0.000469
0.100170 0.044855 -0.000469 -0.000091
-0.002651 -0.000469 0.480409 0.101299
-0.000469 -0.000091 0.101299 0.045062
29.746041 1.374503 38.730541 1.955650
0.472981 0.100100 -0.003284 -0.000572
0.100100 0.044829 -0.000573 -0.000109
-0.003284 -0.000573 0.480831 0.101354
-0.000572 -0.000109 0.101354 0.045060
30.189359 1.322989 40.076293 2.033097
0.472560 0.100027 -0.004127 -0.000715
0.100027 0.044805 -0.000716 -0.000135
-0.004127 -0.000716 0.481268 0.101408
-0.000715 -0.000135 0.101408 0.045061
30.903008 1.334098 41.253546 2.066968
0.472002 0.099925 -0.004988 -0.000853
0.099925 0.044776 -0.000854 -0.000160
-0.004988 -0.000854 0.481845 0.101490
-0.000853 -0.000160 0.101490 0.045069
31.366845 1.290837 41.846278 1.974064
0.471394 0.099816 -0.005917 -0.000999
0.099816 0.044747 -0.001001 -0.000187
-0.005917 -0.001001 0.482479 0.101580
-0.000999 -0.000187 0.101580 0.045081
31.957294 1.279090 42.670104 1.939682
0.470855 0.099726 -0.006782 -0.001126
0.099726 0.044724 -0.001128 -0.000209
-0.006782 -0.001128 0.483042 0.101652
-0.001126 -0.000209 0.101652 0.045089
32.413110 1.240245 43.746485 1.961953
0.470333 0.099642 -0.007658 -0.001252
0.099642 0.044704 -0.001254 -0.000232
-0.007658 -0.001254 0.483595 0.101721
-0.001252 -0.000232 0.101721 0.045098
32.901587 1.212197 44.561410 1.926922
0.469739 0.099545 -0.008544 -0.001378
0.099545 0.044681 -0.001380 -0.000255
-0.008544 -0.001380 0.484235 0.101809
-0.001378 -0.000255 0.101809 0.045113
33.854420 1.285963 45.777412 1.980352
0.469160 0.099453 -0.009422 -0.001501
0.099453 0.044661 -0.001503 -0.000278
-0.009422 -0.001503 0.484874 0.101895
-0.001501 -0.000278 0.101895 0.045127
34.542428 1.296139 47.311303 2.094623
0.468552 0.099357 -0.010493 -0.001664
0.099357 0.044639 -0.001666 -0.000310
-0.010493 -0.001666 0.485575 0.101994
-0.001664 -0.000310 0.101994 0.045146
35.340371 1.326968 47.609738 1.937572
0.467788 0.099230 -0.011699 -0.001851
0.099230 0.044612 -0.001853 -0.000348
-0.011699 -0.001853 0.486481 0.102134
-0.001851 -0.000348 0.102134 0.045173
36.181579 1.364277 48.293149 1.877937
0.467279 0.099162 -0.012881 -0.002027
0.099162 0.044598 -0.002030 -0.000383
-0.012881 -0.002030 0.487134 0.102216
-0.002027 -0.000383 0.102216 0.045187
