5.147164 3.021005 1.164594 -0.426200
2.490737 0.996316 -0.101026 -0.040411
0.996316 80.402602 -0.040411 -0.016165
-0.101026 -0.040411 2.420540 0.968237
-0.040411 -0.016165 0.968237 80.391370
4.151658 -1.351756 1.448817 0.423536
2.236856 3.906225 -0.088447 -0.135443
3.906225 15.269736 -0.134434 -0.493256
-0.088447 -0.134434 2.290600 4.014030
-0.135443 -0.493256 4.014030 15.279667
5.521679 1.019597 1.904734 0.708097
1.995043 2.311732 -0.092829 -0.103449
2.311732 4.578570 -0.103450 -0.189469
-0.092829 -0.103450 2.016079 2.320721
-0.103449 -0.189469 2.320721 4.539531
5.895166 0.903423 1.460193 0.037789
1.705899 1.440071 -0.073141 -0.059413
1.440071 1.914141 -0.059376 -0.076625
-0.073141 -0.059376 1.728365 1.450306
-0.059413 -0.076625 1.450306 1.908499
6.363572 0.915245 2.536526 0.733624
1.471286 0.973460 -0.062454 -0.040248
0.973460 0.976348 -0.040227 -0.039636
-0.062454 -0.040227 1.496422 0.984653
-0.040248 -0.039636 0.984653 0.978373
6.826907 0.918480 3.189578 0.888514
1.290769 0.702147 -0.052036 -0.027743
0.702147 0.567527 -0.027725 -0.022392
-0.052036 -0.027725 1.311026 0.709399
-0.027743 -0.022392 0.709399 0.569057
7.778605 1.146536 5.123661 1.574023
1.148166 0.530825 -0.043997 -0.020061
0.530825 0.361552 -0.020047 -0.013780
-0.043997 -0.020047 1.164627 0.535809
-0.020061 -0.013780 0.535809 0.362716
8.409549 1.169922 7.019193 2.018555
1.034552 0.416705 -0.035898 -0.014328
0.416705 0.247268 -0.014314 -0.008737
-0.035898 -0.014314 1.046090 0.419490
-0.014328 -0.008737 0.419490 0.247844
9.019060 1.178694 7.733220 1.913308
0.942339 0.337208 -0.029170 -0.010408
0.337208 0.179133 -0.010395 -0.005781
-0.029170 -0.010395 0.949168 0.338344
-0.010408 -0.005781 0.338344 0.179299
10.353891 1.419567 8.348781 1.803402
0.865577 0.279667 -0.024335 -0.007896
0.279667 0.136199 -0.007884 -0.004031
-0.024335 -0.007884 0.869936 0.280182
-0.007896 -0.004031 0.280182 0.136291
11.058507 1.418049 9.064646 1.748563
0.800844 0.236929 -0.020322 -0.006068
0.236929 0.108038 -0.006059 -0.002888
-0.020322 -0.006059 0.804580 0.237431
-0.006068 -0.002888 0.237431 0.108196
11.467791 1.335817 10.091344 1.790314
0.746389 0.204744 -0.017187 -0.004769
0.204744 0.089048 -0.004761 -0.002130
-0.017187 -0.004761 0.749714 0.205241
-0.004769 -0.002130 0.205241 0.089232
12.444596 1.415259 11.513072 1.925539
0.700544 0.180218 -0.014657 -0.003807
0.180218 0.075963 -0.003801 -0.001606
-0.014657 -0.003801 0.703183 0.180605
-0.003807 -0.001606 0.180605 0.076124
12.930098 1.361107 12.489591 1.928891
0.661724 0.161320 -0.012312 -0.003010
0.161320 0.066792 -0.003005 -0.001215
-0.012312 -0.003005 0.663677 0.161590
-0.003010 -0.001215 0.161590 0.066923
13.551013 1.347177 12.926469 1.805954
0.628811 0.146669 -0.010395 -0.002405
0.146669 0.060293 -0.002401 -0.000934
-0.010395 -0.002401 0.630132 0.146835
-0.002405 -0.000934 0.146835 0.060396
13.914753 1.277487 14.611754 1.981925
0.600809 0.135256 -0.008860 -0.001948
0.135256 0.055656 -0.001945 -0.000730
-0.008860 -0.001945 0.601806 0.135387
-0.001948 -0.000730 0.135387 0.055746
14.919847 1.357780 16.087070 2.087994
0.577292 0.126425 -0.007447 -0.001559
0.126425 0.052354 -0.001556 -0.000570
-0.007447 -0.001556 0.577704 0.126457
-0.001559 -0.000570 0.126457 0.052416
15.797282 1.400403 17.328769 2.130426
0.557479 0.119586 -0.006121 -0.001221
0.119586 0.050003 -0.001219 -0.000442
-0.006121 -0.001219 0.557452 0.119552
-0.001221 -0.000442 0.119552 0.050047
16.218938 1.341445 17.969799 2.040716
0.540883 0.114323 -0.004952 -0.000942
0.114323 0.048343 -0.000941 -0.000342
-0.004952 -0.000941 0.540561 0.114254
-0.000942 -0.000342 0.114254 0.048374
16.884919 1.340343 18.463874 1.930547
0.527101 0.110317 -0.004009 -0.000730
0.110317 0.047184 -0.000729 -0.000268
-0.004009 -0.000729 0.526585 0.110230
-0.000730 -0.000268 0.110230 0.047207
17.536852 1.336589 19.620424 1.970354
0.515742 0.107303 -0.003239 -0.000566
0.107303 0.046388 -0.000565 -0.000212
-0.003239 -0.000565 0.515158 0.107220
-0.000566 -0.000212 0.107220 0.046408
17.983062 1.290583 20.937481 2.039194
0.506515 0.105080 -0.002563 -0.000429
0.105080 0.045856 -0.000429 -0.000167
-0.002563 -0.000429 0.505894 0.105002
-0.000429 -0.000167 0.105002 0.045872
19.071777 1.382528 22.036790 2.055812
0.499117 0.103476 -0.001971 -0.000316
0.103476 0.045511 -0.000315 -0.000131
-0.001971 -0.000315 0.498482 0.103404
-0.000316 -0.000131 0.103404 0.045523
19.513801 1.330852 23.309671 2.106634
0.493229 0.102342 -0.001475 -0.000226
0.102342 0.045295 -0.000226 -0.000103
-0.001475 -0.000226 0.492684 0.102293
-0.000226 -0.000103 0.102293 0.045307
19.945958 1.282344 24.216569 2.076148
0.488626 0.101569 -0.001064 -0.000155
0.101569 0.045166 -0.000155 -0.000081
-0.001064 -0.000155 0.488220 0.101549
-0.000155 -0.000081 0.101549 0.045180
20.884362 1.344264 25.201966 2.065197
0.485083 0.101063 -0.000741 -0.000104
0.101063 0.045096 -0.000104 -0.000064
-0.000741 -0.000104 0.484857 0.101077
-0.000104 -0.000064 0.101077 0.045112
21.442882 1.320538 26.267635 2.072099
0.482384 0.100748 -0.000518 -0.000073
0.100748 0.045060 -0.000073 -0.000053
-0.000518 -0.000073 0.482406 0.100806
-0.000073 -0.000053 0.100806 0.045081
22.203885 1.341628 27.309910 2.073408
0.480354 0.100565 -0.000371 -0.000056
0.100565 0.045043 -0.000056 -0.000045
-0.000371 -0.000056 0.480686 0.100675
-0.000056 -0.000045 0.100675 0.045071
23.315609 1.434129 27.950032 1.990188
0.478841 0.100469 -0.000312 -0.000055
0.100469 0.045035 -0.000054 -0.000040
-0.000312 -0.000054 0.479542 0.100640
-0.000055 -0.000040 0.100640 0.045072
23.425245 1.306440 29.405076 2.086877
0.477758 0.100434 -0.000364 -0.000073
0.100434 0.045031 -0.000073 -0.000040
-0.000364 -0.000073 0.478801 0.100657
-0.000073 -0.000040 0.100657 0.045075
24.023888 1.294948 30.455425 2.088332
0.476900 0.100414 -0.000442 -0.000092
0.100414 0.045023 -0.000092 -0.000040
-0.000442 -0.000092 0.478455 0.100722
-0.000092 -0.000040 0.100722 0.045081
24.052308 1.164431 30.865592 1.954727
0.476233 0.100404 -0.000587 -0.000122
0.100404 0.045011 -0.000122 -0.000042
-0.000587 -0.000122 0.478365 0.100805
-0.000122 -0.000042 0.100805 0.045085
24.858630 1.211726 31.743076 1.933669
0.475750 0.100405 -0.000707 -0.000142
0.100405 0.044998 -0.000142 -0.000042
-0.000707 -0.000142 0.478400 0.100883
-0.000142 -0.000042 0.100883 0.045084
25.321136 1.181450 32.777007 1.947819
0.475360 0.100401 -0.000920 -0.000179
0.100401 0.044981 -0.000179 -0.000047
-0.000920 -0.000179 0.478548 0.100958
-0.000179 -0.000047 0.100958 0.045081
26.457826 1.296850 34.123397 2.026446
0.474987 0.100380 -0.001179 -0.000223
0.100380 0.044960 -0.000223 -0.000052
-0.001179 -0.000223 0.478810 0.101034
-0.000223 -0.000052 0.101034 0.045077
26.894098 1.252026 35.492995 2.101629
0.474593 0.100340 -0.001610 -0.000300
0.100340 0.044934 -0.000300 -0.000065
-0.001610 -0.000300 0.479170 0.101113
-0.000300 -0.000065 0.101113 0.045074
27.400949 1.226791 36.281675 2.046306
0.474114 0.100270 -0.002087 -0.000380
0.100270 0.044903 -0.000381 -0.000078
-0.002087 -0.000381 0.479655 0.101203
-0.000380 -0.000078 0.101203 0.045074
27.911717 1.205036 37.054002 1.993379
0.473659 0.100201 -0.002582 -0.000460
0.100201 0.044875 -0.000460 -0.000091
-0.002582 -0.000460 0.480132 0.101278
-0.000460 -0.000091 0.101278 0.045072
28.269642 1.153405 38.565572 2.101892
0.473218 0.100131 -0.003098 -0.000539
0.100131 0.044848 -0.000540 -0.000104
-0.003098 -0.000540 0.480595 0.101341
-0.000539 -0.000104 0.101341 0.045070
28.791637 1.141646 39.033794 1.979045
0.472619 0.100025 -0.003661 -0.000625
0.100025 0.044815 -0.000626 -0.000118
-0.003661 -0.000626 0.481218 0.101433
-0.000625 -0.000118 0.101433 0.045076
29.242398 1.116243 40.057990 1.986304
0.472118 0.099942 -0.004222 -0.000708
0.099942 0.044789 -0.000708 -0.000132
-0.004222 -0.000708 0.481733 0.101496
-0.000708 -0.000132 0.101496 0.045077
29.820696 1.120416 40.836969 1.941209
0.471565 0.099848 -0.004817 -0.000795
0.099848 0.044763 -0.000796 -0.000148
-0.004817 -0.000796 0.482296 0.101568
-0.000795 -0.000148 0.101568 0.045082
30.272879 1.097726 42.152764 2.013811
0.471037 0.099762 -0.005455 -0.000890
0.099762 0.044739 -0.000891 -0.000165
-0.005455 -0.000891 0.482833 0.101632
-0.000890 -0.000165 0.101632 0.045088
30.792688 1.091245 42.649009 1.906351
0.470383 0.099650 -0.006157 -0.000996
0.099650 0.044712 -0.000996 -0.000185
-0.006157 -0.000996 0.483506 0.101725
-0.000996 -0.000185 0.101725 0.045101
31.434073 1.111873 44.057818 2.002239
0.469836 0.099565 -0.006854 -0.001097
0.099565 0.044691 -0.001098 -0.000205
-0.006854 -0.001098 0.484073 0.101794
-0.001097 -0.000205 0.101794 0.045110
31.939414 1.101257 45.191369 2.030034
0.469154 0.099452 -0.007683 -0.001225
0.099452 0.044665 -0.001226 -0.000230
-0.007683 -0.001226 0.484798 0.101897
-0.001225 -0.000230 0.101897 0.045128
32.439612 1.090182 45.800958 1.944808
0.468414 0.099330 -0.008561 -0.001360
0.099330 0.044638 -0.001361 -0.000256
-0.008561 -0.001361 0.485605 0.102015
-0.001360 -0.000256 0.102015 0.045150
33.584862 1.217185 46.461327 1.879916
0.467771 0.099233 -0.009422 -0.001487
0.099233 0.044617 -0.001488 -0.000281
-0.009422 -0.001488 0.486323 0.102112
-0.001487 -0.000281 0.102112 0.045167
34.194691 1.217349 47.316661 1.862156
0.467291 0.099172 -0.010477 -0.001652
0.099172 0.044603 -0.001654 -0.000314
-0.010477 -0.001654 0.486899 0.102178
-0.001652 -0.000314 0.102178 0.045179
35.238065 1.309915 48.449177 1.904980
0.466810 0.099108 -0.011557 -0.001817
0.099108 0.044589 -0.001820 -0.000346
-0.011557 -0.001820 0.487499 0.102253
-0.001817 -0.000346 0.102253 0.045193
