4.647659 2.821198 0.558415 -0.668677
2.490737 0.996316 -0.101026 -0.040411
0.996316 80.402602 -0.040411 -0.016165
-0.101026 -0.040411 2.420540 0.968237
-0.040411 -0.016165 0.968237 80.391370
6.093905 2.908159 3.045403 4.276660
2.235847 3.904410 -0.094510 -0.146078
3.904410 15.266472 -0.145005 -0.511801
-0.094510 -0.145005 2.292662 4.017591
-0.146078 -0.511801 4.017591 15.285815
4.006644 -1.203663 2.154815 0.782549
1.992302 2.308774 -0.067083 -0.072892
2.308774 4.575216 -0.072657 -0.154002
-0.067083 -0.072657 2.014747 2.318922
-0.072892 -0.154002 2.318922 4.537500
4.393551 -0.368531 4.317662 2.269142
1.713474 1.446736 -0.073450 -0.061706
1.446736 1.919815 -0.061722 -0.080081
-0.073450 -0.061722 1.720701 1.443947
-0.061706 -0.080081 1.443947 1.903358
6.467332 1.124306 2.694724 0.454066
1.485957 0.982818 -0.060163 -0.039437
0.982818 0.982265 -0.039435 -0.039212
-0.060163 -0.039435 1.481150 0.975070
-0.039437 -0.039212 0.975070 0.972356
7.491669 1.375676 4.343083 1.224070
1.296345 0.704435 -0.050935 -0.027487
0.704435 0.568431 -0.027481 -0.022178
-0.050935 -0.027481 1.305121 0.707011
-0.027487 -0.022178 0.707011 0.568094
8.453596 1.502286 5.152781 1.315118
1.151043 0.531618 -0.041262 -0.018953
0.531618 0.361770 -0.018944 -0.013160
-0.041262 -0.018944 1.161254 0.534826
-0.018953 -0.013160 0.534826 0.362396
7.976443 1.007981 7.132714 1.845901
1.035057 0.416558 -0.033846 -0.013611
0.416558 0.247164 -0.013603 -0.008367
-0.033846 -0.013603 1.045282 0.419538
-0.013611 -0.008367 0.419538 0.247896
8.574970 1.041822 7.328614 1.586566
0.942833 0.337186 -0.028379 -0.010199
0.337186 0.179134 -0.010191 -0.005641
-0.028379 -0.010191 0.948563 0.338339
-0.010199 -0.005641 0.338339 0.179277
10.164453 1.386939 8.066549 1.568623
0.865764 0.279614 -0.024446 -0.007966
0.279614 0.136209 -0.007959 -0.003998
-0.024446 -0.007959 0.869754 0.280243
-0.007966 -0.003998 0.280243 0.136272
10.941512 1.411625 9.428575 1.739141
0.800821 0.236862 -0.020642 -0.006163
0.236862 0.108051 -0.006158 -0.002866
-0.020642 -0.006158 0.804633 0.237507
-0.006163 -0.002866 0.237507 0.108177
11.783044 1.448858 10.070138 1.676707
0.746507 0.204751 -0.017322 -0.004786
0.204751 0.089083 -0.004781 -0.002092
-0.017322 -0.004781 0.749605 0.205234
-0.004786 -0.002092 0.205234 0.089190
12.531367 1.455006 10.717229 1.627582
0.700490 0.180197 -0.014644 -0.003776
0.180197 0.075987 -0.003772 -0.001563
-0.014644 -0.003772 0.703232 0.180621
-0.003776 -0.001563 0.180621 0.076093
12.763909 1.334357 12.111024 1.768779
0.661447 0.161258 -0.012454 -0.003016
0.161258 0.066802 -0.003012 -0.001189
-0.012454 -0.003012 0.663962 0.161650
-0.003016 -0.001189 0.161650 0.066907
13.397161 1.326472 13.335690 1.848058
0.628573 0.146630 -0.010591 -0.002421
0.146630 0.060307 -0.002418 -0.000916
-0.010591 -0.002418 0.630381 0.146872
-0.002421 -0.000916 0.146872 0.060378
13.821989 1.272834 14.579177 1.919882
0.600742 0.135263 -0.008939 -0.001935
0.135263 0.055677 -0.001933 -0.000709
-0.008939 -0.001933 0.601873 0.135375
-0.001935 -0.000709 0.135375 0.055721
14.321849 1.242867 15.227599 1.851682
0.577267 0.126442 -0.007503 -0.001543
0.126442 0.052373 -0.001541 -0.000552
-0.007503 -0.001541 0.577728 0.126435
-0.001543 -0.000552 0.126435 0.052394
15.220920 1.302617 17.008787 2.035143
0.557465 0.119604 -0.006318 -0.001238
0.119604 0.050019 -0.001237 -0.000435
-0.006318 -0.001237 0.557470 0.119531
-0.001238 -0.000435 0.119531 0.050028
16.033598 1.336740 18.064318 2.043203
0.540925 0.114351 -0.005158 -0.000961
0.114351 0.048358 -0.000960 -0.000338
-0.005158 -0.000960 0.540522 0.114224
-0.000961 -0.000338 0.114224 0.048357
17.102899 1.420610 18.870548 1.998228
0.527167 0.110347 -0.004151 -0.000736
0.110347 0.047197 -0.000735 -0.000263
-0.004151 -0.000735 0.526518 0.110197
-0.000736 -0.000263 0.110197 0.047192
18.051903 1.470253 19.769530 1.977450
0.515804 0.107328 -0.003291 -0.000556
0.107328 0.046398 -0.000555 -0.000205
-0.003291 -0.000555 0.515092 0.107192
-0.000556 -0.000205 0.107192 0.046396
17.906809 1.287788 21.428221 2.116284
0.506544 0.105095 -0.002566 -0.000412
0.105095 0.045862 -0.000412 -0.000160
-0.002566 -0.000412 0.505860 0.104984
-0.000412 -0.000160 0.104984 0.045864
18.311179 1.238091 22.321107 2.081955
0.499153 0.103491 -0.001934 -0.000294
0.103491 0.045516 -0.000294 -0.000125
-0.001934 -0.000294 0.498441 0.103387
-0.000294 -0.000125 0.103387 0.045517
19.680277 1.393770 23.577805 2.126878
0.493293 0.102361 -0.001417 -0.000204
0.102361 0.045300 -0.000204 -0.000098
-0.001417 -0.000204 0.492615 0.102273
-0.000204 -0.000098 0.102273 0.045301
20.519765 1.423430 24.750804 2.149686
0.488668 0.101581 -0.001009 -0.000138
0.101581 0.045170 -0.000138 -0.000077
-0.001009 -0.000138 0.488173 0.101535
-0.000138 -0.000077 0.101535 0.045177
21.135329 1.403389 25.754420 2.134828
0.485085 0.101065 -0.000706 -0.000094
0.101065 0.045096 -0.000093 -0.000063
-0.000706 -0.000093 0.484851 0.101074
-0.000094 -0.000063 0.101074 0.045111
21.366977 1.305185 26.405170 2.047725
0.482355 0.100744 -0.000496 -0.000067
0.100744 0.045059 -0.000067 -0.000053
-0.000496 -0.000067 0.482432 0.100810
-0.000067 -0.000053 0.100810 0.045081
21.596358 1.216561 26.985725 1.954861
0.480325 0.100561 -0.000347 -0.000051
0.100561 0.045042 -0.000051 -0.000045
-0.000347 -0.000051 0.480712 0.100679
-0.000051 -0.000045 0.100679 0.045071
22.058116 1.185825 28.303472 2.026278
0.478845 0.100471 -0.000248 -0.000042
0.100471 0.045036 -0.000042 -0.000039
-0.000248 -0.000042 0.479536 0.100637
-0.000042 -0.000039 0.100637 0.045071
22.759094 1.208545 29.881482 2.145027
0.477719 0.100427 -0.000208 -0.000042
0.100427 0.045030 -0.000042 -0.000035
-0.000208 -0.000042 0.478839 0.100663
-0.000042 -0.000035 0.100663 0.045076
23.315643 1.198494 31.144906 2.185216
0.476810 0.100396 -0.000256 -0.000058
0.100396 0.045019 -0.000058 -0.000034
-0.000256 -0.000058 0.478544 0.100739
-0.000058 -0.000034 0.100739 0.045084
24.337536 1.287602 32.315746 2.201696
0.476065 0.100371 -0.000374 -0.000085
0.100371 0.045005 -0.000085 -0.000036
-0.000374 -0.000085 0.478533 0.100838
-0.000085 -0.000036 0.100838 0.045092
25.006436 1.292903 32.800182 2.071717
0.475442 0.100346 -0.000626 -0.000135
0.100346 0.044986 -0.000135 -0.000043
-0.000626 -0.000135 0.478710 0.100943
-0.000135 -0.000043 0.100943 0.045096
25.950641 1.355797 33.711561 2.045462
0.474984 0.100332 -0.000926 -0.000190
0.100332 0.044968 -0.000190 -0.000050
-0.000926 -0.000190 0.478930 0.101028
-0.000190 -0.000050 0.101028 0.045094
26.898832 1.412939 35.032274 2.108340
0.474593 0.100312 -0.001333 -0.000263
0.100312 0.044947 -0.000263 -0.000061
-0.001333 -0.000263 0.479212 0.101103
-0.000263 -0.000061 0.101103 0.045089
27.190901 1.325290 35.855296 2.059541
0.474176 0.100271 -0.001868 -0.000356
0.100271 0.044922 -0.000357 -0.000076
-0.001868 -0.000357 0.479600 0.101183
-0.000356 -0.000076 0.101183 0.045086
27.951781 1.346033 36.608561 2.001227
0.473761 0.100219 -0.002370 -0.000436
0.100219 0.044895 -0.000437 -0.000088
-0.002370 -0.000437 0.480023 0.101256
-0.000436 -0.000088 0.101256 0.045083
28.482175 1.315966 38.172723 2.120044
0.473384 0.100167 -0.002932 -0.000525
0.100167 0.044870 -0.000525 -0.000102
-0.002932 -0.000525 0.480424 0.101314
-0.000525 -0.000102 0.101314 0.045077
28.811847 1.246514 39.358922 2.146555
0.472850 0.100077 -0.003573 -0.000625
0.100077 0.044838 -0.000626 -0.000119
-0.003573 -0.000626 0.480990 0.101400
-0.000625 -0.000119 0.101400 0.045080
29.727400 1.308438 40.562649 2.174148
0.472231 0.099968 -0.004210 -0.000721
0.099968 0.044804 -0.000721 -0.000135
-0.004210 -0.000721 0.481641 0.101496
-0.000721 -0.000135 0.101496 0.045087
30.094950 1.247519 41.158089 2.070465
0.471588 0.099855 -0.004993 -0.000844
0.099855 0.044772 -0.000845 -0.000157
-0.004993 -0.000845 0.482319 0.101592
-0.000844 -0.000157 0.101592 0.045096
30.679286 1.238628 41.191408 1.859510
0.471009 0.099760 -0.005714 -0.000949
0.099760 0.044745 -0.000950 -0.000176
-0.005714 -0.000950 0.482924 0.101668
-0.000949 -0.000176 0.101668 0.045101
31.404273 1.260696 41.621664 1.754471
0.470642 0.099711 -0.006381 -0.001040
0.099711 0.044730 -0.001041 -0.000192
-0.006381 -0.001041 0.483302 0.101694
-0.001040 -0.000192 0.101694 0.045099
31.858018 1.223402 42.676752 1.791746
0.470369 0.099679 -0.007084 -0.001138
0.099679 0.044719 -0.001140 -0.000210
-0.007084 -0.001140 0.483581 0.101705
-0.001138 -0.000210 0.101705 0.045095
31.951419 1.113566 43.609922 1.799145
0.469985 0.099619 -0.007826 -0.001244
0.099619 0.044701 -0.001246 -0.000230
-0.007826 -0.001246 0.483984 0.101747
-0.001244 -0.000230 0.101747 0.045101
32.734862 1.161407 44.283526 1.751873
0.469484 0.099535 -0.008494 -0.001333
0.099535 0.044680 -0.001335 -0.000248
-0.008494 -0.001335 0.484512 0.101819
-0.001333 -0.000248 0.101819 0.045114
33.208979 1.139008 45.351886 1.792184
0.469048 0.099466 -0.009268 -0.001446
0.099466 0.044662 -0.001448 -0.000271
-0.009268 -0.001448 0.484988 0.101879
-0.001446 -0.000271 0.101879 0.045125
33.655437 1.112292 45.727095 1.682649
0.468516 0.099378 -0.010099 -0.001569
0.099378 0.044641 -0.001571 -0.000296
-0.010099 -0.001571 0.485585 0.101965
-0.001569 -0.000296 0.101965 0.045143
34.075675 1.083388 46.518036 1.671897
0.468093 0.099315 -0.010882 -0.001680
0.099315 0.044626 -0.001682 -0.000319
-0.010882 -0.001682 0.486075 0.102028
-0.001680 -0.000319 0.102028 0.045155
34.820833 1.127259 47.840733 1.774330
0.467636 0.099245 -0.011679 -0.001794
0.099245 0.044610 -0.001796 -0.000342
-0.011679 -0.001796 0.486617 0.102103
-0.001794 -0.000342 0.102103 0.045170
