4.514966 2.768120 0.469991 -0.704047
2.470482 0.988214 -0.052654 -0.021062
0.988214 80.399361 -0.021062 -0.008425
-0.052654 -0.021062 2.434012 0.973626
-0.021062 -0.008425 0.973626 80.393525
3.015859 -2.268773 0.975857 0.785403
2.246382 3.927252 -0.050022 -0.077361
3.927252 15.256985 -0.077069 -0.269218
-0.050022 -0.077069 2.275853 3.985973
-0.077361 -0.269218 3.985973 15.266862
5.508106 1.927867 1.621704 1.081754
1.999670 2.313707 -0.052976 -0.058612
2.313707 4.566970 -0.058627 -0.104166
-0.052976 -0.058627 2.005507 2.312256
-0.058612 -0.104166 2.312256 4.539602
5.195690 0.852114 2.272033 1.172583
1.708919 1.440443 -0.038582 -0.030866
1.440443 1.910110 -0.030847 -0.039929
-0.038582 -0.030847 1.720696 1.446247
-0.030866 -0.039929 1.446247 1.907908
5.695897 0.901493 3.697089 1.725329
1.477506 0.976264 -0.032162 -0.020580
0.976264 0.976523 -0.020572 -0.020592
-0.032162 -0.020572 1.486115 0.979282
-0.020580 -0.020592 0.979282 0.975763
8.041901 1.930951 4.139237 1.497796
1.296736 0.704411 -0.026306 -0.014019
0.704411 0.567936 -0.014013 -0.011597
-0.026306 -0.014013 1.301779 0.705433
-0.014019 -0.011597 0.705433 0.567305
8.137508 1.529405 5.708231 1.875606
1.151936 0.531824 -0.020826 -0.009544
0.531824 0.361577 -0.009538 -0.006884
-0.020826 -0.009538 1.158130 0.533595
-0.009544 -0.006884 0.533595 0.361867
8.688153 1.443269 7.302529 2.139223
1.037008 0.417160 -0.017074 -0.006915
0.417160 0.247222 -0.006911 -0.004430
-0.017074 -0.006911 1.041638 0.418253
-0.006915 -0.004430 0.418253 0.247401
9.443463 1.455321 8.223382 2.086133
0.943594 0.337280 -0.014058 -0.005126
0.337280 0.179039 -0.005122 -0.002978
-0.014058 -0.005122 0.946490 0.337768
-0.005126 -0.002978 0.337768 0.179088
10.654994 1.611459 9.677331 2.218515
0.866264 0.279630 -0.011736 -0.003908
0.279630 0.136129 -0.003905 -0.002084
-0.011736 -0.003905 0.868171 0.279865
-0.003908 -0.002084 0.279865 0.136154
11.298257 1.563553 9.914338 1.960964
0.801672 0.236998 -0.009654 -0.002971
0.236998 0.108034 -0.002968 -0.001483
-0.009654 -0.002968 0.802924 0.237105
-0.002971 -0.001483 0.237105 0.108054
11.373239 1.369781 10.959933 1.978900
0.747202 0.204842 -0.008172 -0.002346
0.204842 0.089067 -0.002344 -0.001096
-0.008172 -0.002344 0.748257 0.204951
-0.002346 -0.001096 0.204951 0.089106
12.486779 1.479964 12.216897 2.047583
0.701291 0.180318 -0.007019 -0.001891
0.180318 0.075990 -0.001889 -0.000830
-0.007019 -0.001889 0.701929 0.180358
-0.001891 -0.000830 0.180358 0.076018
12.898260 1.399888 13.528811 2.117788
0.662323 0.161396 -0.005924 -0.001506
0.161396 0.066815 -0.001504 -0.000630
-0.005924 -0.001504 0.662689 0.161402
-0.001506 -0.000630 0.161402 0.066840
13.110183 1.286141 13.896812 1.956785
0.629301 0.146731 -0.004988 -0.001202
0.146731 0.060315 -0.001201 -0.000482
-0.004988 -0.001201 0.629338 0.146687
-0.001202 -0.000482 0.146687 0.060329
14.065166 1.356334 15.030448 1.991707
0.601275 0.135321 -0.004279 -0.000980
0.135321 0.055679 -0.000980 -0.000377
-0.004279 -0.000980 0.601097 0.135253
-0.000980 -0.000377 0.135253 0.055688
15.020304 1.416976 16.349969 2.062568
0.577555 0.126451 -0.003611 -0.000788
0.126451 0.052368 -0.000788 -0.000294
-0.003611 -0.000788 0.577250 0.126376
-0.000788 -0.000294 0.126376 0.052375
15.830039 1.438670 16.780640 1.933750
0.557587 0.119585 -0.002987 -0.000622
0.119585 0.050012 -0.000621 -0.000228
-0.002987 -0.000621 0.557197 0.119509
-0.000622 -0.000228 0.119509 0.050017
16.845253 1.501178 17.359966 1.851850
0.540858 0.114303 -0.002471 -0.000492
0.114303 0.048346 -0.000492 -0.000178
-0.002471 -0.000492 0.540473 0.114241
-0.000492 -0.000178 0.114241 0.048353
18.349200 1.658865 18.663054 1.930855
0.526960 0.110280 -0.002026 -0.000386
0.110280 0.047184 -0.000386 -0.000139
-0.002026 -0.000386 0.526636 0.110240
-0.000386 -0.000139 0.110240 0.047193
18.941832 1.609566 19.246550 1.851350
0.515537 0.107260 -0.001609 -0.000292
0.107260 0.046387 -0.000292 -0.000108
-0.001609 -0.000292 0.515289 0.107240
-0.000292 -0.000108 0.107240 0.046398
19.211707 1.498627 20.620596 1.944356
0.506266 0.105035 -0.001270 -0.000221
0.105035 0.045854 -0.000220 -0.000084
-0.001270 -0.000220 0.506083 0.105029
-0.000221 -0.000084 0.105029 0.045865
19.339419 1.369738 21.537003 1.932738
0.498853 0.103434 -0.000984 -0.000163
0.103434 0.045509 -0.000163 -0.000066
-0.000984 -0.000163 0.498696 0.103431
-0.000163 -0.000066 0.103431 0.045518
19.449622 1.250468 22.351583 1.901186
0.493007 0.102312 -0.000750 -0.000119
0.102312 0.045295 -0.000119 -0.000051
-0.000750 -0.000119 0.492866 0.102311
-0.000119 -0.000051 0.102311 0.045302
19.637921 1.159613 23.070621 1.853006
0.488468 0.101554 -0.000559 -0.000085
0.101554 0.045169 -0.000085 -0.000041
-0.000559 -0.000085 0.488344 0.101554
-0.000085 -0.000041 0.101554 0.045174
19.884726 1.090219 23.931102 1.839228
0.485006 0.101065 -0.000403 -0.000059
0.101065 0.045101 -0.000059 -0.000032
-0.000403 -0.000059 0.484907 0.101067
-0.000059 -0.000032 0.101067 0.045104
20.622581 1.130507 25.522924 1.979678
0.482411 0.100770 -0.000276 -0.000039
0.100770 0.045067 -0.000039 -0.000026
-0.000276 -0.000039 0.482356 0.100778
-0.000039 -0.000026 0.100778 0.045071
21.167546 1.126260 26.572802 1.992251
0.480481 0.100604 -0.000178 -0.000025
0.100604 0.045053 -0.000025 -0.000021
-0.000178 -0.000025 0.480539 0.100631
-0.000025 -0.000021 0.100631 0.045059
22.019510 1.186867 27.608170 2.000490
0.479078 0.100525 -0.000112 -0.000017
0.100525 0.045047 -0.000017 -0.000017
-0.000112 -0.000017 0.479288 0.100580
-0.000017 -0.000017 0.100580 0.045058
23.202640 1.310837 29.580993 2.204954
0.478071 0.100500 -0.000091 -0.000017
0.100500 0.045044 -0.000017 -0.000015
-0.000091 -0.000017 0.478473 0.100587
-0.000017 -0.000015 0.100587 0.045061
23.567883 1.249744 30.532266 2.173121
0.477312 0.100494 -0.000140 -0.000030
0.100494 0.045038 -0.000030 -0.000017
-0.000140 -0.000030 0.478030 0.100639
-0.000030 -0.000017 0.100639 0.045065
23.631761 1.131486 31.520230 2.152343
0.476764 0.100502 -0.000208 -0.000045
0.100502 0.045029 -0.000045 -0.000018
-0.000208 -0.000045 0.477820 0.100704
-0.000045 -0.000018 0.100704 0.045067
23.663873 1.018890 32.482036 2.128221
0.476354 0.100511 -0.000272 -0.000057
0.100511 0.045017 -0.000057 -0.000019
-0.000272 -0.000057 0.477782 0.100775
-0.000057 -0.000019 0.100775 0.045065
24.591356 1.107157 33.273107 2.070605
0.476028 0.100513 -0.000331 -0.000067
0.100513 0.045001 -0.000067 -0.000019
-0.000331 -0.000067 0.477864 0.100843
-0.000067 -0.000019 0.100843 0.045061
25.776873 1.240661 34.449043 2.100300
0.475775 0.100511 -0.000452 -0.000088
0.100511 0.044983 -0.000088 -0.000022
-0.000452 -0.000088 0.478002 0.100900
-0.000088 -0.000022 0.100900 0.045053
26.874972 1.341636 35.764537 2.156329
0.475542 0.100497 -0.000662 -0.000127
0.100497 0.044962 -0.000127 -0.000028
-0.000662 -0.000127 0.478193 0.100950
-0.000127 -0.000028 0.100950 0.045044
27.759259 1.386761 36.871810 2.162484
0.475300 0.100470 -0.000957 -0.000180
0.100470 0.044940 -0.000180 -0.000038
-0.000957 -0.000180 0.478430 0.100997
-0.000180 -0.000038 0.100997 0.045036
28.373574 1.370049 38.001333 2.172669
0.475052 0.100433 -0.001303 -0.000240
0.100433 0.044918 -0.000240 -0.000048
-0.001303 -0.000240 0.478684 0.101036
-0.000240 -0.000048 0.101036 0.045027
28.828234 1.321344 39.119208 2.179300
0.474779 0.100387 -0.001671 -0.000301
0.100387 0.044895 -0.000301 -0.000058
-0.001671 -0.000301 0.478963 0.101074
-0.000301 -0.000058 0.101074 0.045021
29.304056 1.282317 40.606945 2.263257
0.474471 0.100330 -0.002042 -0.000359
0.100330 0.044872 -0.000359 -0.000068
-0.002042 -0.000359 0.479268 0.101112
-0.000359 -0.000068 0.101112 0.045016
29.473987 1.182617 41.502744 2.213424
0.474085 0.100257 -0.002439 -0.000420
0.100257 0.044847 -0.000420 -0.000078
-0.002439 -0.000420 0.479643 0.101162
-0.000420 -0.000078 0.101162 0.045016
30.560683 1.287278 42.167105 2.120281
0.473688 0.100183 -0.002793 -0.000469
0.100183 0.044825 -0.000470 -0.000087
-0.002793 -0.000470 0.480020 0.101209
-0.000469 -0.000087 0.101209 0.045016
31.146270 1.274905 42.920478 2.055605
0.473361 0.100126 -0.003225 -0.000535
0.100126 0.044808 -0.000535 -0.000099
-0.003225 -0.000535 0.480320 0.101238
-0.000535 -0.000099 0.101238 0.045015
31.637768 1.243998 43.868382 2.038716
0.473052 0.100075 -0.003663 -0.000599
0.100075 0.044793 -0.000600 -0.000110
-0.003663 -0.000600 0.480598 0.101264
-0.000599 -0.000110 0.101264 0.045014
31.905516 1.168920 44.597274 1.977381
0.472725 0.100020 -0.004107 -0.000664
0.100020 0.044778 -0.000664 -0.000123
-0.004107 -0.000664 0.480894 0.101295
-0.000664 -0.000123 0.101295 0.045017
32.693685 1.211867 45.256074 1.908012
0.472397 0.099966 -0.004513 -0.000719
0.099966 0.044764 -0.000719 -0.000133
-0.004513 -0.000719 0.481192 0.101328
-0.000719 -0.000133 0.101328 0.045020
33.501355 1.254557 46.194139 1.904768
0.472115 0.099924 -0.004964 -0.000784
0.099924 0.044753 -0.000785 -0.000146
-0.004964 -0.000785 0.481450 0.101353
-0.000784 -0.000146 0.101353 0.045024
34.155036 1.259985 46.885155 1.849774
0.471831 0.099880 -0.005482 -0.000862
0.099880 0.044742 -0.000863 -0.000162
-0.005482 -0.000863 0.481719 0.101384
-0.000862 -0.000162 0.101384 0.045029
34.890704 1.282262 47.666736 1.819693
0.471572 0.099842 -0.006016 -0.000942
0.099842 0.044733 -0.000943 -0.000178
-0.006016 -0.000943 0.481972 0.101412
-0.000942 -0.000178 0.101412 0.045035
35.965494 1.373696 48.047077 1.708628
0.471325 0.099807 -0.006587 -0.001028
0.099807 0.044724 -0.001029 -0.000195
-0.006587 -0.001029 0.482222 0.101442
-0.001028 -0.000195 0.101442 0.045041
