2.671196 2.030596 0.212133 -0.807192
2.470482 0.988214 -0.052654 -0.021062
0.988214 80.399361 -0.021062 -0.008425
-0.052654 -0.021062 2.434012 0.973626
-0.021062 -0.008425 0.973626 80.393525
4.878732 4.118390 0.539008 0.477684
2.250981 3.935261 -0.057213 -0.089935
3.935261 15.270930 -0.089659 -0.291233
-0.057213 -0.089659 2.271839 3.978910
-0.089935 -0.291233 3.978910 15.254435
7.508739 4.776844 -0.187188 -0.634276
1.989046 2.300708 -0.044009 -0.047184
2.300708 4.551921 -0.047103 -0.090862
-0.044009 -0.047103 2.015431 2.324331
-0.047184 -0.090862 2.324331 4.553574
6.600997 1.999372 3.323809 2.579811
1.698056 1.432084 -0.033447 -0.027146
1.432084 1.903831 -0.027103 -0.037658
-0.033447 -0.027103 1.731418 1.454508
-0.027146 -0.037658 1.454508 1.914160
7.161513 1.708781 3.217074 1.660295
1.473976 0.974847 -0.026935 -0.017692
0.974847 0.976029 -0.017670 -0.019091
-0.026935 -0.017670 1.489300 0.980506
-0.017692 -0.019091 0.980506 0.976160
8.756215 2.111007 5.700384 2.555380
1.293848 0.703366 -0.023206 -0.012803
0.703366 0.567470 -0.012792 -0.011141
-0.023206 -0.012792 1.304477 0.706405
-0.012803 -0.011141 0.706405 0.567744
8.613585 1.557578 6.738109 2.445169
1.151557 0.531967 -0.018140 -0.008629
0.531967 0.361641 -0.008619 -0.006545
-0.018140 -0.008619 1.158340 0.533394
-0.008629 -0.006545 0.533394 0.361782
9.519722 1.609134 6.768743 1.966688
1.037293 0.417429 -0.015115 -0.006360
0.417429 0.247279 -0.006352 -0.004238
-0.015115 -0.006352 1.041235 0.417952
-0.006360 -0.004238 0.417952 0.247331
9.880778 1.450604 7.659395 1.933744
0.943332 0.337244 -0.012940 -0.004891
0.337244 0.178964 -0.004886 -0.002899
-0.012940 -0.004886 0.946693 0.337792
-0.004891 -0.002899 0.337792 0.179158
10.880132 1.539093 8.550942 1.909389
0.865856 0.279517 -0.011186 -0.003841
0.279517 0.136038 -0.003837 -0.002054
-0.011186 -0.003837 0.868555 0.279975
-0.003841 -0.002054 0.279975 0.136242
11.468364 1.485392 9.938388 2.037224
0.801124 0.236838 -0.009562 -0.003013
0.236838 0.107942 -0.003010 -0.001480
-0.009562 -0.003010 0.803473 0.237268
-0.003013 -0.001480 0.237268 0.108145
12.194602 1.480883 10.941862 2.033080
0.746832 0.204736 -0.008115 -0.002368
0.204736 0.089004 -0.002366 -0.001084
-0.008115 -0.002366 0.748627 0.205057
-0.002368 -0.001084 0.205057 0.089169
12.729454 1.427982 12.244911 2.106731
0.700922 0.180216 -0.006879 -0.001873
0.180216 0.075936 -0.001872 -0.000807
-0.006879 -0.001872 0.702294 0.180460
-0.001873 -0.000807 0.180460 0.076071
12.468764 1.190523 12.914585 2.013380
0.662043 0.161320 -0.005806 -0.001485
0.161320 0.066775 -0.001483 -0.000608
-0.005806 -0.001483 0.662965 0.161478
-0.001485 -0.000608 0.161478 0.066878
13.206105 1.223645 13.988972 2.029151
0.629092 0.146673 -0.005017 -0.001210
0.146673 0.060285 -0.001209 -0.000470
-0.005017 -0.001209 0.629549 0.146744
-0.001210 -0.000470 0.146744 0.060358
14.055526 1.277106 15.393122 2.116809
0.601120 0.135278 -0.004284 -0.000977
0.135278 0.055655 -0.000976 -0.000364
-0.004284 -0.000976 0.601251 0.135295
-0.000977 -0.000364 0.135295 0.055710
14.867225 1.315022 16.967683 2.229819
0.577461 0.126422 -0.003583 -0.000775
0.126422 0.052351 -0.000774 -0.000280
-0.003583 -0.000774 0.577342 0.126403
-0.000775 -0.000280 0.126403 0.052391
16.013974 1.419936 17.964911 2.204601
0.557550 0.119570 -0.002928 -0.000601
0.119570 0.050000 -0.000600 -0.000215
-0.002928 -0.000600 0.557231 0.119524
-0.000601 -0.000215 0.119524 0.050028
16.331054 1.336882 18.662825 2.119092
0.540857 0.114295 -0.002355 -0.000459
0.114295 0.048338 -0.000459 -0.000164
-0.002355 -0.000459 0.540470 0.114247
-0.000459 -0.000164 0.114247 0.048361
16.617716 1.256962 19.391442 2.049782
0.527013 0.110283 -0.001891 -0.000352
0.110283 0.047179 -0.000351 -0.000127
-0.001891 -0.000351 0.526579 0.110235
-0.000352 -0.000127 0.110235 0.047197
16.569918 1.116310 20.872062 2.144573
0.515645 0.107274 -0.001511 -0.000268
0.107274 0.046386 -0.000268 -0.000099
-0.001511 -0.000268 0.515179 0.107225
-0.000268 -0.000099 0.107225 0.046399
17.835845 1.263121 21.755234 2.105386
0.506433 0.105060 -0.001167 -0.000197
0.105060 0.045856 -0.000197 -0.000076
-0.001167 -0.000197 0.505913 0.105003
-0.000197 -0.000076 0.105003 0.045863
18.296683 1.227715 22.659801 2.074646
0.499012 0.103455 -0.000878 -0.000141
0.103455 0.045510 -0.000141 -0.000059
-0.000878 -0.000141 0.498536 0.103409
-0.000141 -0.000059 0.103409 0.045517
19.204080 1.288614 23.541719 2.042404
0.493140 0.102327 -0.000638 -0.000097
0.102327 0.045295 -0.000097 -0.000045
-0.000638 -0.000097 0.492731 0.102295
-0.000097 -0.000045 0.102295 0.045301
19.758832 1.269999 24.594300 2.048925
0.488557 0.101560 -0.000449 -0.000065
0.101560 0.045168 -0.000065 -0.000035
-0.000449 -0.000065 0.488254 0.101547
-0.000065 -0.000035 0.101547 0.045175
20.603945 1.313766 25.357123 1.994396
0.485041 0.101061 -0.000298 -0.000041
0.101061 0.045098 -0.000041 -0.000028
-0.000298 -0.000041 0.484870 0.101071
-0.000041 -0.000028 0.101071 0.045107
21.062881 1.272429 26.617105 2.049298
0.482393 0.100757 -0.000196 -0.000027
0.100757 0.045064 -0.000027 -0.000023
-0.000196 -0.000027 0.482372 0.100790
-0.000027 -0.000023 0.100790 0.045074
21.736971 1.280363 27.909040 2.105276
0.480426 0.100586 -0.000123 -0.000018
0.100586 0.045049 -0.000018 -0.000019
-0.000123 -0.000018 0.480594 0.100650
-0.000018 -0.000019 0.100650 0.045063
22.172196 1.237357 28.742138 2.059202
0.478978 0.100500 -0.000091 -0.000016
0.100500 0.045042 -0.000016 -0.000017
-0.000091 -0.000016 0.479388 0.100604
-0.000016 -0.000017 0.100604 0.045063
23.102638 1.302895 30.006779 2.108613
0.477942 0.100472 -0.000086 -0.000019
0.100472 0.045039 -0.000019 -0.000016
-0.000086 -0.000019 0.478602 0.100615
-0.000019 -0.000016 0.100615 0.045066
24.302094 1.418278 30.844199 2.062950
0.477188 0.100471 -0.000136 -0.000032
0.100471 0.045034 -0.000032 -0.000016
-0.000136 -0.000032 0.478153 0.100662
-0.000032 -0.000016 0.100662 0.045069
24.634276 1.338810 32.054033 2.100541
0.476664 0.100486 -0.000255 -0.000057
0.100486 0.045027 -0.000057 -0.000020
-0.000255 -0.000057 0.477921 0.100721
-0.000057 -0.000020 0.100721 0.045069
25.181932 1.313120 32.707531 2.016858
0.476261 0.100497 -0.000387 -0.000082
0.100497 0.045015 -0.000082 -0.000023
-0.000387 -0.000082 0.477876 0.100788
-0.000082 -0.000023 0.100788 0.045067
25.220599 1.182639 33.381937 1.946367
0.475972 0.100508 -0.000537 -0.000108
0.100508 0.045001 -0.000108 -0.000026
-0.000537 -0.000108 0.477922 0.100848
-0.000108 -0.000026 0.100848 0.045061
26.291108 1.283868 34.016931 1.874998
0.475744 0.100511 -0.000663 -0.000126
0.100511 0.044984 -0.000126 -0.000028
-0.000663 -0.000126 0.478035 0.100900
-0.000126 -0.000028 0.100900 0.045052
27.422491 1.387313 35.008446 1.886423
0.475577 0.100510 -0.000854 -0.000158
0.100510 0.044966 -0.000158 -0.000033
-0.000854 -0.000158 0.478159 0.100938
-0.000158 -0.000033 0.100938 0.045041
28.299425 1.426074 36.208519 1.940658
0.475423 0.100499 -0.001123 -0.000204
0.100499 0.044947 -0.000204 -0.000041
-0.001123 -0.000204 0.478306 0.100967
-0.000204 -0.000041 0.100967 0.045029
28.816417 1.384655 37.465235 2.001086
0.475244 0.100474 -0.001450 -0.000259
0.100474 0.044926 -0.000259 -0.000051
-0.001450 -0.000259 0.478491 0.100995
-0.000259 -0.000051 0.100995 0.045019
29.630703 1.410450 38.535479 2.015812
0.475010 0.100431 -0.001799 -0.000316
0.100431 0.044903 -0.000316 -0.000060
-0.001799 -0.000316 0.478729 0.101029
-0.000316 -0.000060 0.101029 0.045012
29.993923 1.338057 39.090743 1.920249
0.474760 0.100383 -0.002195 -0.000380
0.100383 0.044881 -0.000380 -0.000072
-0.002195 -0.000380 0.478977 0.101059
-0.000380 -0.000072 0.101059 0.045006
30.535083 1.311021 40.060861 1.922328
0.474526 0.100338 -0.002555 -0.000433
0.100338 0.044862 -0.000433 -0.000081
-0.002555 -0.000433 0.479196 0.101080
-0.000433 -0.000081 0.101080 0.045000
31.328242 1.340172 41.181505 1.955998
0.474265 0.100287 -0.002932 -0.000488
0.100287 0.044844 -0.000488 -0.000090
-0.002932 -0.000488 0.479432 0.101103
-0.000488 -0.000090 0.101103 0.044997
31.685090 1.273934 42.168295 1.957748
0.473978 0.100231 -0.003368 -0.000554
0.100231 0.044826 -0.000555 -0.000103
-0.003368 -0.000555 0.479690 0.101131
-0.000554 -0.000103 0.101131 0.044996
32.010290 1.207847 42.752309 1.874402
0.473656 0.100171 -0.003793 -0.000616
0.100171 0.044809 -0.000617 -0.000114
-0.003793 -0.000617 0.479979 0.101165
-0.000616 -0.000114 0.101165 0.044998
32.549835 1.194519 44.336476 2.010701
0.473357 0.100118 -0.004181 -0.000669
0.100118 0.044795 -0.000670 -0.000124
-0.004181 -0.000670 0.480243 0.101194
-0.000669 -0.000124 0.101194 0.044999
33.122681 1.189347 45.326874 2.007538
0.472950 0.100043 -0.004639 -0.000737
0.100043 0.044777 -0.000737 -0.000137
-0.004639 -0.000737 0.480623 0.101248
-0.000737 -0.000137 0.101248 0.045007
34.103179 1.270914 46.222073 1.984893
0.472541 0.099973 -0.005126 -0.000810
0.099973 0.044761 -0.000810 -0.000151
-0.005126 -0.000810 0.481012 0.101303
-0.000810 -0.000151 0.101303 0.045016
34.986904 1.323586 47.427123 2.029815
0.472179 0.099915 -0.005698 -0.000899
0.099915 0.044748 -0.000899 -0.000169
-0.005698 -0.000899 0.481366 0.101349
-0.000899 -0.000169 0.101349 0.045024
35.849925 1.365783 47.886182 1.912955
0.471800 0.099855 -0.006357 -0.001003
0.099855 0.044735 -0.001004 -0.000190
-0.006357 -0.001004 0.481750 0.101401
-0.001003 -0.000190 0.101401 0.045033
36.634813 1.386820 48.136665 1.764468
0.471528 0.099820 -0.007025 -0.001106
0.099820 0.044728 -0.001107 -0.000211
-0.007025 -0.001107 0.482034 0.101432
-0.001106 -0.000211 0.101432 0.045038
