32.392813 0.449387 49.433798 2.128582
0.552245 0.116094 -0.034810 -0.005645
0.116094 0.047529 -0.006089 -0.001360
-0.034810 -0.006089 0.423342 0.089383
-0.005645 -0.001360 0.089383 0.043188
28.609371 -0.386521 49.252173 1.846792
0.565806 0.117302 -0.033928 -0.005221
0.117302 0.047593 -0.005658 -0.001208
-0.033928 -0.005658 0.415640 0.089025
-0.005221 -0.001208 0.089025 0.043216
24.976873 -1.098112 48.270383 1.419218
0.563605 0.115382 -0.027721 -0.003759
0.115382 0.047075 -0.004175 -0.000863
-0.027721 -0.004175 0.416105 0.090260
-0.003759 -0.000863 0.090260 0.043528
21.896708 -1.619935 46.738983 0.918039
0.550256 0.111608 -0.020928 -0.002357
0.111608 0.046284 -0.002719 -0.000565
-0.020928 -0.002719 0.423191 0.092622
-0.002357 -0.000565 0.092622 0.044011
19.171020 -2.017837 43.901395 0.185675
0.530623 0.107104 -0.015357 -0.001367
0.107104 0.045454 -0.001644 -0.000376
-0.015357 -0.001644 0.435321 0.095693
-0.001367 -0.000376 0.095693 0.044576
16.695390 -2.323218 40.836212 -0.513538
0.503807 0.101685 -0.010003 -0.000514
0.101685 0.044522 -0.000685 -0.000222
-0.010003 -0.000685 0.454805 0.099958
-0.000514 -0.000222 0.099958 0.045343
15.494291 -2.340781 36.620382 -1.379575
0.476014 0.096604 0.000502 0.001426
0.096604 0.043725 0.001258 0.000148
0.000502 0.001258 0.479355 0.104846
0.001426 0.000148 0.104846 0.046185
13.926327 -2.429545 31.357029 -2.371384
0.460892 0.094516 0.020765 0.005362
0.094516 0.043564 0.005046 0.000906
0.020765 0.005046 0.496954 0.107726
0.005362 0.000906 0.107726 0.046542
12.384473 -2.497899 25.326070 -3.410404
0.468345 0.097146 0.034818 0.007629
0.097146 0.044333 0.007274 0.001279
0.034818 0.007274 0.491304 0.105356
0.007629 0.001279 0.105356 0.045776
10.479758 -2.629480 20.230146 -4.131376
0.482994 0.100930 0.030471 0.005819
0.100930 0.045232 0.005598 0.000813
0.030471 0.005598 0.474701 0.101021
0.005819 0.000813 0.101021 0.044718
8.844253 -2.692543 16.647722 -4.452659
0.497248 0.104225 0.014037 0.001728
0.104225 0.045931 0.001674 -0.000054
0.014037 0.001674 0.458790 0.097392
0.001728 -0.000054 0.097392 0.043945
7.754794 -2.636543 13.661719 -4.614837
0.511731 0.107214 -0.006560 -0.002764
0.107214 0.046497 -0.002670 -0.000915
-0.006560 -0.002670 0.446498 0.094934
-0.002764 -0.000915 0.094934 0.043498
7.190668 -2.479694 11.619171 -4.559758
0.526953 0.110038 -0.028175 -0.007008
0.110038 0.046981 -0.006787 -0.001655
-0.028175 -0.006787 0.438059 0.093506
-0.007008 -0.001655 0.093506 0.043294
7.315768 -2.196898 10.575618 -4.295135
0.542447 0.112633 -0.049089 -0.010715
0.112633 0.047385 -0.010388 -0.002242
-0.049089 -0.010388 0.433206 0.092907
-0.010715 -0.002242 0.092907 0.043257
7.737987 -1.881042 9.685413 -4.021344
0.555019 0.114382 -0.071872 -0.014546
0.114382 0.047596 -0.014091 -0.002839
-0.071872 -0.014091 0.434370 0.093557
-0.014546 -0.002839 0.093557 0.043458
8.794286 -1.464476 9.324728 -3.655199
0.558403 0.114096 -0.097530 -0.018790
0.114096 0.047389 -0.018088 -0.003504
-0.097530 -0.018088 0.446358 0.096361
-0.018790 -0.003504 0.096361 0.044072
9.165738 -1.225668 9.331006 -3.248668
0.546399 0.110772 -0.117171 -0.021595
0.110772 0.046609 -0.020527 -0.003854
-0.117171 -0.020527 0.468980 0.101128
-0.021595 -0.003854 0.101128 0.045038
10.321600 -0.848079 9.275347 -2.890465
0.535661 0.108115 -0.130914 -0.023061
0.108115 0.046056 -0.021708 -0.003965
-0.130914 -0.021708 0.489861 0.105026
-0.023061 -0.003965 0.105026 0.045730
10.824099 -0.633528 9.712366 -2.472065
0.519651 0.104745 -0.135777 -0.022764
0.104745 0.045422 -0.021160 -0.003767
-0.135777 -0.021160 0.510089 0.108493
-0.022764 -0.003767 0.108493 0.046297
11.682497 -0.363345 10.298651 -2.063920
0.508469 0.102707 -0.137478 -0.021984
0.102707 0.045104 -0.020301 -0.003563
-0.137478 -0.020301 0.524377 0.110430
-0.021984 -0.003563 0.110430 0.046519
11.981982 -0.224457 11.561509 -1.568136
0.499246 0.101280 -0.134937 -0.020555
0.101280 0.044924 -0.018921 -0.003302
-0.134937 -0.018921 0.533064 0.111145
-0.020555 -0.003302 0.111145 0.046512
13.073067 0.070441 13.186831 -1.039457
0.496097 0.101216 -0.130186 -0.018875
0.101216 0.045015 -0.017525 -0.003070
-0.130186 -0.017525 0.532750 0.110054
-0.018875 -0.003070 0.110054 0.046174
13.661015 0.229215 14.959132 -0.549940
0.493700 0.101335 -0.119899 -0.016333
0.101335 0.045126 -0.015327 -0.002708
-0.119899 -0.015327 0.526035 0.107968
-0.016333 -0.002708 0.107968 0.045716
14.557498 0.422643 16.235350 -0.213124
0.493296 0.101837 -0.106212 -0.013403
0.101837 0.045293 -0.012774 -0.002307
-0.106212 -0.012774 0.514420 0.105242
-0.013403 -0.002307 0.105242 0.045204
15.378743 0.566662 16.991706 -0.023503
0.492502 0.102150 -0.091012 -0.010510
0.102150 0.045391 -0.010150 -0.001924
-0.091012 -0.010150 0.502997 0.102921
-0.010510 -0.001924 0.102921 0.044837
16.843438 0.836342 18.215843 0.251924
0.491184 0.102234 -0.076523 -0.008057
0.102234 0.045417 -0.007853 -0.001628
-0.076523 -0.007853 0.493815 0.101305
-0.008057 -0.001628 0.101305 0.044642
17.654348 0.940430 19.748083 0.549922
0.488697 0.102011 -0.061406 -0.005679
0.102011 0.045370 -0.005542 -0.001329
-0.061406 -0.005542 0.486758 0.100286
-0.005679 -0.001329 0.100286 0.044577
18.626161 1.057914 20.914813 0.742067
0.487033 0.101913 -0.047010 -0.003579
0.101913 0.045347 -0.003495 -0.001070
-0.047010 -0.003495 0.480727 0.099531
-0.003579 -0.001070 0.099531 0.044552
19.652647 1.173505 22.253311 0.949515
0.485405 0.101760 -0.034345 -0.001922
0.101760 0.045304 -0.001860 -0.000878
-0.034345 -0.001860 0.476746 0.099202
-0.001922 -0.000878 0.099202 0.044594
20.610343 1.261631 23.831758 1.183980
0.483628 0.101527 -0.023664 -0.000697
0.101527 0.045242 -0.000639 -0.000743
-0.023664 -0.000639 0.474684 0.099227
-0.000697 -0.000743 0.099227 0.044681
21.049495 1.229353 25.559165 1.421165
0.481350 0.101158 -0.015320 0.000074
0.101158 0.045151 0.000139 -0.000667
-0.015320 0.000139 0.474528 0.099571
0.000074 -0.000667 0.099571 0.044806
21.951063 1.293110 26.919557 1.559396
0.478038 0.100564 -0.009155 0.000469
0.100564 0.045015 0.000548 -0.000633
-0.009155 0.000548 0.476397 0.100242
0.000469 -0.000633 0.100242 0.044971
23.119710 1.406172 28.565679 1.743805
0.473704 0.099775 -0.005910 0.000366
0.099775 0.044845 0.000457 -0.000669
-0.005910 0.000457 0.480067 0.101173
0.000366 -0.000669 0.101173 0.045165
24.530185 1.556658 29.988424 1.861427
0.468027 0.098742 -0.006175 -0.000321
0.098742 0.044631 -0.000223 -0.000794
-0.006175 -0.000223 0.485776 0.102408
-0.000321 -0.000794 0.102408 0.045400
25.850910 1.671774 31.227283 1.926970
0.462026 0.097702 -0.010322 -0.001630
0.097702 0.044426 -0.001538 -0.001016
-0.010322 -0.001538 0.492619 0.103747
-0.001630 -0.001016 0.103747 0.045636
26.431237 1.617864 32.532414 1.998587
0.456495 0.096818 -0.017564 -0.003357
0.096818 0.044260 -0.003287 -0.001295
-0.017564 -0.003287 0.500017 0.105076
-0.003357 -0.001295 0.105076 0.045856
27.517283 1.677285 33.995797 2.096041
0.450634 0.095895 -0.025250 -0.004940
0.095895 0.044086 -0.004896 -0.001515
-0.025250 -0.004896 0.508908 0.106609
-0.004940 -0.001515 0.106609 0.046111
28.633120 1.736795 35.243101 2.137968
0.444882 0.095018 -0.034120 -0.006581
0.095018 0.043920 -0.006568 -0.001735
-0.034120 -0.006568 0.519194 0.108314
-0.006581 -0.001735 0.108314 0.046393
28.566033 1.537812 37.133771 2.306792
0.439753 0.094284 -0.043272 -0.008115
0.094284 0.043780 -0.008133 -0.001928
-0.043272 -0.008133 0.530176 0.110043
-0.008115 -0.001928 0.110043 0.046673
29.188725 1.506715 38.420897 2.333985
0.433279 0.093267 -0.046856 -0.008378
0.093267 0.043574 -0.008368 -0.001850
-0.046856 -0.008368 0.541994 0.111851
-0.008378 -0.001850 0.111851 0.046968
30.099666 1.542937 40.086954 2.437125
0.427972 0.092530 -0.047441 -0.008045
0.092530 0.043428 -0.007982 -0.001675
-0.047441 -0.007982 0.551415 0.113080
-0.008045 -0.001675 0.113080 0.047145
30.617284 1.487512 41.273112 2.429303
0.425052 0.092321 -0.043509 -0.006865
0.092321 0.043394 -0.006729 -0.001358
-0.043509 -0.006729 0.555125 0.113139
-0.006865 -0.001358 0.113139 0.047098
31.753608 1.573397 42.503322 2.434500
0.425394 0.092777 -0.036833 -0.005274
0.092777 0.043491 -0.005078 -0.001002
-0.036833 -0.005078 0.552344 0.111990
-0.005274 -0.001002 0.111990 0.046840
32.419879 1.547346 43.781959 2.446290
0.430848 0.094242 -0.028467 -0.003501
0.094242 0.043786 -0.003294 -0.000652
-0.028467 -0.003294 0.541031 0.109328
-0.003501 -0.000652 0.109328 0.046321
32.927200 1.489257 45.058736 2.455817
0.442297 0.096810 -0.020857 -0.002034
0.096810 0.044286 -0.001891 -0.000404
-0.020857 -0.001891 0.522241 0.105469
-0.002034 -0.000404 0.105469 0.045616
33.319834 1.410067 45.786927 2.352988
0.459226 0.100269 -0.016214 -0.001276
0.100269 0.044934 -0.001267 -0.000324
-0.016214 -0.001267 0.499366 0.101146
-0.001276 -0.000324 0.101146 0.044867
33.733003 1.343351 46.111649 2.178105
0.477745 0.103712 -0.014265 -0.001116
0.103712 0.045532 -0.001233 -0.000360
-0.014265 -0.001233 0.478342 0.097542
-0.001116 -0.000360 0.097542 0.044301
34.256769 1.311156 47.098068 2.156489
0.495582 0.106695 -0.014074 -0.001309
0.106695 0.046001 -0.001515 -0.000449
-0.014074 -0.001515 0.461046 0.094925
-0.001309 -0.000449 0.094925 0.043941
34.810743 1.288089 47.676481 2.052085
0.516469 0.110099 -0.017488 -0.002200
0.110099 0.046553 -0.002487 -0.000663
-0.017488 -0.002487 0.444204 0.092483
-0.002200 -0.000663 0.092483 0.043594
35.265676 1.247604 48.465940 2.001687
0.538054 0.113408 -0.023355 -0.003505
0.113408 0.047076 -0.003828 -0.000932
-0.023355 -0.003828 0.429901 0.090612
-0.003505 -0.000932 0.090612 0.043336
