3.175756 2.232424 -0.839424 -1.227824
2.490737 0.996316 -0.101026 -0.040411
0.996316 80.402602 -0.040411 -0.016165
-0.101026 -0.040411 2.420540 0.968237
-0.040411 -0.016165 0.968237 80.391370
6.747946 6.539471 0.524965 2.261105
2.235526 3.903702 -0.111402 -0.175687
3.903702 15.264977 -0.174479 -0.563466
-0.111402 -0.174479 2.296145 4.023549
-0.175687 -0.563466 4.023549 15.295998
4.826664 0.517907 0.341689 0.731162
1.972243 2.285604 -0.069429 -0.073089
2.285604 4.548380 -0.072622 -0.153976
-0.069429 -0.072622 2.036053 2.342936
-0.073089 -0.153976 2.342936 4.565124
7.536954 2.590885 1.836400 1.678117
1.698491 1.435834 -0.073393 -0.061059
1.435834 1.911430 -0.061034 -0.080571
-0.073393 -0.061034 1.736128 1.455001
-0.061059 -0.080571 1.455001 1.911958
7.873468 1.956026 3.692275 2.346469
1.467242 0.971827 -0.055612 -0.036447
0.971827 0.975253 -0.036398 -0.038001
-0.055612 -0.036398 1.499551 0.985755
-0.036447 -0.038001 0.985755 0.979242
9.091042 2.086400 5.610045 2.749047
1.289537 0.701983 -0.043999 -0.024053
0.701983 0.567229 -0.024012 -0.020875
-0.043999 -0.024012 1.311115 0.709028
-0.024053 -0.020875 0.709028 0.569137
9.771311 1.918648 6.610161 2.576971
1.148528 0.531188 -0.034245 -0.016181
0.531188 0.361488 -0.016146 -0.012286
-0.034245 -0.016146 1.162929 0.534912
-0.016181 -0.012286 0.534912 0.362579
9.678372 1.495088 7.200314 2.297431
1.034617 0.416755 -0.027742 -0.011638
0.416755 0.247082 -0.011611 -0.007857
-0.027742 -0.011611 1.045023 0.419112
-0.011638 -0.007857 0.419112 0.247927
11.307446 1.810566 8.183960 2.238091
0.941706 0.336938 -0.023789 -0.008998
0.336938 0.178874 -0.008979 -0.005405
-0.023789 -0.008979 0.949214 0.338466
-0.008998 -0.005405 0.338466 0.179522
11.070142 1.441597 9.078057 2.166226
0.864257 0.279183 -0.019798 -0.006839
0.279183 0.135921 -0.006824 -0.003761
-0.019798 -0.006824 0.870819 0.280571
-0.006839 -0.003761 0.280571 0.136545
12.192580 1.560000 11.011567 2.417057
0.800080 0.236656 -0.017082 -0.005437
0.236656 0.107870 -0.005426 -0.002738
-0.017082 -0.005426 0.805061 0.237656
-0.005437 -0.002738 0.237656 0.108353
12.328103 1.383114 12.565124 2.511816
0.746220 0.204654 -0.014222 -0.004213
0.204654 0.088958 -0.004204 -0.001992
-0.014222 -0.004204 0.749647 0.205291
-0.004213 -0.001992 0.205291 0.089311
12.957756 1.367335 13.404858 2.404912
0.700874 0.180258 -0.011888 -0.003303
0.180258 0.075923 -0.003296 -0.001478
-0.011888 -0.003296 0.702652 0.180532
-0.003303 -0.001478 0.180532 0.076155
13.098524 1.235138 14.193243 2.304210
0.662240 0.161395 -0.009993 -0.002620
0.161395 0.066769 -0.002614 -0.001115
-0.009993 -0.002614 0.663012 0.161492
-0.002620 -0.001115 0.161492 0.066938
13.576850 1.202725 15.080273 2.242444
0.629430 0.146759 -0.008506 -0.002112
0.146759 0.060281 -0.002108 -0.000857
-0.008506 -0.002108 0.629407 0.146730
-0.002112 -0.000857 0.146730 0.060403
14.468075 1.268023 15.628401 2.113418
0.601550 0.135366 -0.007230 -0.001706
0.135366 0.055653 -0.001702 -0.000664
-0.007230 -0.001702 0.600983 0.135266
-0.001706 -0.000664 0.135266 0.055743
15.123079 1.272621 16.643589 2.104323
0.577841 0.126485 -0.006127 -0.001376
0.126485 0.052345 -0.001374 -0.000517
-0.006127 -0.001374 0.577098 0.126389
-0.001376 -0.000517 0.126389 0.052421
16.184827 1.363836 17.461345 2.054028
0.557876 0.119613 -0.005131 -0.001099
0.119613 0.049992 -0.001097 -0.000402
-0.005131 -0.001097 0.557019 0.119520
-0.001099 -0.000402 0.119520 0.050055
16.821438 1.354291 18.964487 2.154710
0.541117 0.114319 -0.004232 -0.000865
0.114319 0.048329 -0.000863 -0.000312
-0.004232 -0.000863 0.540305 0.114255
-0.000865 -0.000312 0.114255 0.048385
17.682637 1.392760 19.664015 2.075603
0.527240 0.110300 -0.003401 -0.000663
0.110300 0.047171 -0.000662 -0.000240
-0.003401 -0.000662 0.526429 0.110244
-0.000663 -0.000240 0.110244 0.047217
18.026210 1.319281 19.827017 1.893424
0.515808 0.107278 -0.002701 -0.000502
0.107278 0.046377 -0.000502 -0.000185
-0.002701 -0.000502 0.515079 0.107242
-0.000502 -0.000185 0.107242 0.046416
18.440664 1.268401 20.542849 1.845458
0.506518 0.105050 -0.002154 -0.000384
0.105050 0.045847 -0.000383 -0.000144
-0.002154 -0.000383 0.505882 0.105030
-0.000384 -0.000144 0.105030 0.045879
18.958467 1.244340 21.988142 1.953866
0.499073 0.103444 -0.001695 -0.000289
0.103444 0.045503 -0.000289 -0.000113
-0.001695 -0.000289 0.498519 0.103434
-0.000289 -0.000113 0.103434 0.045529
19.027495 1.129605 23.142043 1.990549
0.493187 0.102318 -0.001280 -0.000208
0.102318 0.045290 -0.000208 -0.000087
-0.001280 -0.000208 0.492722 0.102316
-0.000208 -0.000087 0.102316 0.045310
19.364575 1.082307 24.462325 2.058133
0.488606 0.101555 -0.000918 -0.000141
0.101555 0.045165 -0.000141 -0.000067
-0.000918 -0.000141 0.488235 0.101561
-0.000141 -0.000067 0.101561 0.045181
20.158364 1.134905 25.081487 1.972698
0.485072 0.101055 -0.000603 -0.000085
0.101055 0.045096 -0.000085 -0.000051
-0.000603 -0.000085 0.484864 0.101084
-0.000085 -0.000051 0.101084 0.045111
20.493077 1.086281 25.790251 1.914677
0.482392 0.100746 -0.000380 -0.000050
0.100746 0.045061 -0.000050 -0.000039
-0.000380 -0.000050 0.482395 0.100806
-0.000050 -0.000039 0.100806 0.045078
20.845680 1.046375 26.305380 1.822052
0.480401 0.100573 -0.000212 -0.000027
0.100573 0.045047 -0.000027 -0.000031
-0.000212 -0.000027 0.480636 0.100666
-0.000027 -0.000031 0.100666 0.045066
21.596154 1.094060 27.045843 1.786260
0.478955 0.100491 -0.000097 -0.000013
0.100491 0.045041 -0.000013 -0.000025
-0.000097 -0.000013 0.479424 0.100616
-0.000013 -0.000025 0.100616 0.045065
22.066255 1.077887 28.817778 1.971012
0.477906 0.100462 -0.000053 -0.000012
0.100462 0.045038 -0.000012 -0.000022
-0.000053 -0.000012 0.478649 0.100627
-0.000012 -0.000022 0.100627 0.045067
22.910302 1.142125 29.823301 1.975222
0.477059 0.100443 -0.000055 -0.000018
0.100443 0.045030 -0.000018 -0.000021
-0.000055 -0.000018 0.478291 0.100691
-0.000018 -0.000021 0.100691 0.045074
23.648829 1.177443 30.167124 1.839546
0.476405 0.100434 -0.000148 -0.000041
0.100434 0.045018 -0.000041 -0.000023
-0.000148 -0.000041 0.478188 0.100774
-0.000041 -0.000023 0.100774 0.045078
24.388581 1.209320 30.816314 1.782479
0.475954 0.100440 -0.000304 -0.000074
0.100440 0.045005 -0.000074 -0.000027
-0.000304 -0.000074 0.478190 0.100847
-0.000074 -0.000027 0.100847 0.045077
24.972492 1.204937 31.760968 1.793749
0.475615 0.100445 -0.000523 -0.000115
0.100445 0.044990 -0.000115 -0.000033
-0.000523 -0.000115 0.478286 0.100912
-0.000115 -0.000033 0.100912 0.045071
25.593426 1.208839 32.603308 1.782240
0.475307 0.100436 -0.000792 -0.000163
0.100436 0.044971 -0.000163 -0.000040
-0.000792 -0.000163 0.478481 0.100977
-0.000163 -0.000040 0.100977 0.045065
26.542989 1.281810 33.825571 1.852140
0.475019 0.100414 -0.001111 -0.000218
0.100414 0.044949 -0.000218 -0.000048
-0.001111 -0.000218 0.478729 0.101035
-0.000218 -0.000048 0.101035 0.045058
27.149198 1.274496 35.063359 1.917920
0.474693 0.100373 -0.001552 -0.000294
0.100373 0.044924 -0.000294 -0.000061
-0.001552 -0.000294 0.479054 0.101096
-0.000294 -0.000061 0.101096 0.045053
28.076140 1.335822 36.518676 2.022682
0.474298 0.100310 -0.002056 -0.000379
0.100310 0.044895 -0.000379 -0.000075
-0.002056 -0.000379 0.479464 0.101164
-0.000379 -0.000075 0.101164 0.045051
28.558719 1.296704 38.023991 2.126848
0.473816 0.100225 -0.002703 -0.000488
0.100225 0.044865 -0.000489 -0.000094
-0.002703 -0.000489 0.479968 0.101243
-0.000488 -0.000094 0.101243 0.045052
29.779194 1.417757 39.134394 2.136893
0.473201 0.100112 -0.003399 -0.000601
0.100112 0.044830 -0.000602 -0.000114
-0.003399 -0.000602 0.480605 0.101342
-0.000601 -0.000114 0.101342 0.045059
30.716317 1.466148 40.485314 2.196507
0.472621 0.100010 -0.004277 -0.000747
0.100010 0.044801 -0.000748 -0.000140
-0.004277 -0.000748 0.481208 0.101426
-0.000747 -0.000140 0.101426 0.045065
31.422634 1.460362 41.296247 2.135963
0.471992 0.099900 -0.005283 -0.000912
0.099900 0.044772 -0.000913 -0.000171
-0.005283 -0.000913 0.481868 0.101517
-0.000912 -0.000171 0.101517 0.045074
32.007485 1.429395 41.999546 2.059090
0.471420 0.099806 -0.006291 -0.001069
0.099806 0.044748 -0.001071 -0.000199
-0.006291 -0.001071 0.482470 0.101593
-0.001069 -0.000199 0.101593 0.045081
32.229396 1.324747 42.605952 1.969701
0.470908 0.099726 -0.007260 -0.001212
0.099726 0.044728 -0.001214 -0.000224
-0.007260 -0.001214 0.483014 0.101656
-0.001212 -0.000224 0.101656 0.045087
32.667991 1.276895 43.040469 1.853746
0.470418 0.099652 -0.008095 -0.001323
0.099652 0.044709 -0.001325 -0.000243
-0.008095 -0.001325 0.483536 0.101715
-0.001323 -0.000243 0.101715 0.045094
33.396772 1.295827 43.743171 1.806694
0.470017 0.099597 -0.008860 -0.001420
0.099597 0.044695 -0.001421 -0.000260
-0.008860 -0.001421 0.483966 0.101757
-0.001420 -0.000260 0.101757 0.045099
33.664636 1.214802 44.217886 1.716193
0.469662 0.099550 -0.009690 -0.001532
0.099550 0.044683 -0.001534 -0.000282
-0.009690 -0.001534 0.484363 0.101795
-0.001532 -0.000282 0.101795 0.045104
34.419961 1.245557 44.568578 1.609764
0.469331 0.099507 -0.010420 -0.001623
0.099507 0.044671 -0.001626 -0.000300
-0.010420 -0.001626 0.484737 0.101833
-0.001623 -0.000300 0.101833 0.045111
34.866843 1.209198 46.086946 1.759385
0.469130 0.099488 -0.011196 -0.001727
0.099488 0.044665 -0.001730 -0.000322
-0.011196 -0.001730 0.484988 0.101848
-0.001727 -0.000322 0.101848 0.045115
35.725945 1.263516 47.191085 1.806882
0.468663 0.099409 -0.012100 -0.001860
0.099409 0.044645 -0.001863 -0.000350
-0.012100 -0.001863 0.485550 0.101934
-0.001860 -0.000350 0.101934 0.045134
