2.768103 2.069360 -0.453737 -1.073546
2.490737 0.996316 -0.101026 -0.040411
0.996316 80.402602 -0.040411 -0.016165
-0.101026 -0.040411 2.420540 0.968237
-0.040411 -0.016165 0.968237 80.391370
5.610677 5.248685 1.473660 3.261306
2.240556 3.912479 -0.112233 -0.177101
3.912479 15.280295 -0.175976 -0.566014
-0.112233 -0.175976 2.291031 4.014578
-0.177101 -0.566014 4.014578 15.280263
5.777893 2.401745 3.089821 3.235941
1.983585 2.297942 -0.072950 -0.076974
2.297942 4.562649 -0.076615 -0.158523
-0.072950 -0.076615 2.024604 2.330531
-0.076974 -0.158523 2.330531 4.550886
5.870155 1.464196 3.274228 2.033053
1.706956 1.441879 -0.059663 -0.049223
1.441879 1.916415 -0.049113 -0.070482
-0.059663 -0.049113 1.725188 1.446920
-0.049223 -0.070482 1.446920 1.905329
7.184418 1.849888 2.074449 0.574616
1.476966 0.977493 -0.053002 -0.035387
0.977493 0.979080 -0.035349 -0.037743
-0.053002 -0.035349 1.489111 0.979789
-0.035387 -0.037743 0.979789 0.975325
8.538465 2.083171 2.604166 0.705626
1.290521 0.701889 -0.047156 -0.026155
0.701889 0.567254 -0.026143 -0.022170
-0.047156 -0.026143 1.310521 0.709421
-0.026155 -0.022170 0.709421 0.569305
9.110842 1.865554 4.965934 1.630376
1.144834 0.529214 -0.039818 -0.018836
0.529214 0.360744 -0.018828 -0.013498
-0.039818 -0.018828 1.167457 0.537293
-0.018836 -0.013498 0.537293 0.363507
9.805886 1.769565 6.472799 1.907857
1.031372 0.415455 -0.032608 -0.013493
0.415455 0.246758 -0.013481 -0.008528
-0.032608 -0.013481 1.048927 0.420667
-0.013493 -0.008528 0.420667 0.248341
10.389107 1.661626 7.444802 1.914412
0.939167 0.336150 -0.026772 -0.009895
0.336150 0.178764 -0.009883 -0.005649
-0.026772 -0.009883 0.952132 0.339369
-0.009895 -0.005649 0.339369 0.179659
10.852191 1.542599 8.981698 2.101190
0.862801 0.278870 -0.022360 -0.007501
0.278870 0.135957 -0.007489 -0.003917
-0.022360 -0.007489 0.872555 0.280954
-0.007501 -0.003917 0.280954 0.136523
10.576843 1.232904 9.711556 2.006902
0.799273 0.236570 -0.018701 -0.005764
0.236570 0.107946 -0.005753 -0.002793
-0.018701 -0.005753 0.806025 0.237769
-0.005764 -0.002793 0.237769 0.108279
10.487085 1.039234 10.121328 1.844627
0.745882 0.204697 -0.016185 -0.004623
0.204697 0.089043 -0.004614 -0.002076
-0.016185 -0.004614 0.750147 0.205279
-0.004623 -0.002076 0.205279 0.089230
12.266298 1.363241 11.913304 2.067672
0.700599 0.180300 -0.014364 -0.003822
0.180300 0.075985 -0.003815 -0.001591
-0.014364 -0.003815 0.703110 0.180526
-0.003822 -0.001591 0.180526 0.076099
12.566709 1.270298 12.786389 2.028583
0.661947 0.161417 -0.012105 -0.003016
0.161417 0.066811 -0.003010 -0.001196
-0.012105 -0.003010 0.663442 0.161494
-0.003016 -0.001196 0.161494 0.066899
13.742372 1.396381 14.600334 2.214877
0.629134 0.146768 -0.010288 -0.002414
0.146768 0.060309 -0.002409 -0.000915
-0.010288 -0.002409 0.629805 0.146737
-0.002414 -0.000915 0.146737 0.060377
14.205590 1.343482 15.749519 2.224257
0.601284 0.135371 -0.008484 -0.001880
0.135371 0.055673 -0.001876 -0.000694
-0.008484 -0.001876 0.601310 0.135267
-0.001880 -0.000694 0.135267 0.055724
14.631623 1.289630 16.468148 2.138093
0.577733 0.126517 -0.006975 -0.001466
0.126517 0.052365 -0.001463 -0.000532
-0.006975 -0.001463 0.577239 0.126359
-0.001466 -0.000532 0.126359 0.052402
14.707131 1.167559 17.786850 2.191556
0.557874 0.119656 -0.005755 -0.001151
0.119656 0.050009 -0.001149 -0.000413
-0.005755 -0.001149 0.557041 0.119477
-0.001151 -0.000413 0.119477 0.050038
15.303146 1.170128 18.789299 2.171829
0.541322 0.114396 -0.004701 -0.000897
0.114396 0.048349 -0.000895 -0.000321
-0.004701 -0.000895 0.540112 0.114178
-0.000897 -0.000321 0.114178 0.048364
15.593697 1.108609 20.410569 2.283861
0.527549 0.110386 -0.003788 -0.000689
0.110386 0.047190 -0.000688 -0.000250
-0.003788 -0.000688 0.526129 0.110158
-0.000689 -0.000250 0.110158 0.047198
16.388448 1.158434 20.623086 2.090421
0.516237 0.107378 -0.002943 -0.000509
0.107378 0.046397 -0.000508 -0.000192
-0.002943 -0.000508 0.514654 0.107142
-0.000509 -0.000192 0.107142 0.046397
17.565752 1.282370 21.123264 1.977377
0.506979 0.105145 -0.002287 -0.000378
0.105145 0.045863 -0.000377 -0.000150
-0.002287 -0.000377 0.505423 0.104935
-0.000378 -0.000150 0.104935 0.045863
18.004502 1.240408 22.073150 1.969290
0.499482 0.103518 -0.001753 -0.000277
0.103518 0.045515 -0.000277 -0.000118
-0.001753 -0.000277 0.498112 0.103359
-0.000277 -0.000118 0.103359 0.045518
19.154097 1.350285 23.501441 2.061509
0.493540 0.102374 -0.001300 -0.000197
0.102374 0.045297 -0.000196 -0.000093
-0.001300 -0.000196 0.492369 0.102259
-0.000197 -0.000093 0.102259 0.045303
19.606518 1.304013 24.620062 2.079764
0.488855 0.101586 -0.000916 -0.000132
0.101586 0.045167 -0.000132 -0.000073
-0.000916 -0.000132 0.487986 0.101530
-0.000132 -0.000073 0.101530 0.045179
20.205810 1.293020 25.507356 2.047941
0.485237 0.101068 -0.000606 -0.000083
0.101068 0.045095 -0.000083 -0.000057
-0.000606 -0.000083 0.484699 0.101071
-0.000083 -0.000057 0.101071 0.045112
21.036385 1.331453 26.512962 2.044113
0.482484 0.100746 -0.000377 -0.000050
0.100746 0.045059 -0.000050 -0.000046
-0.000377 -0.000050 0.482303 0.100807
-0.000050 -0.000046 0.100807 0.045081
21.430847 1.274658 27.082652 1.949344
0.480407 0.100558 -0.000238 -0.000034
0.100558 0.045042 -0.000034 -0.000038
-0.000238 -0.000034 0.480630 0.100682
-0.000034 -0.000038 0.100682 0.045071
22.412509 1.346899 28.502224 2.042729
0.478891 0.100465 -0.000155 -0.000028
0.100465 0.045036 -0.000028 -0.000033
-0.000155 -0.000028 0.479489 0.100643
-0.000028 -0.000033 0.100643 0.045071
23.060590 1.341561 30.269446 2.199545
0.477730 0.100418 -0.000174 -0.000040
0.100418 0.045030 -0.000040 -0.000032
-0.000174 -0.000040 0.478827 0.100672
-0.000040 -0.000032 0.100672 0.045076
23.445837 1.281448 31.109389 2.144848
0.476774 0.100381 -0.000275 -0.000066
0.100381 0.045019 -0.000066 -0.000034
-0.000275 -0.000066 0.478580 0.100754
-0.000066 -0.000034 0.100754 0.045085
24.232613 1.312246 31.759072 2.055761
0.476041 0.100362 -0.000410 -0.000094
0.100362 0.045006 -0.000094 -0.000036
-0.000410 -0.000094 0.478557 0.100847
-0.000094 -0.000036 0.100847 0.045091
25.090698 1.354872 32.581453 2.012427
0.475495 0.100355 -0.000626 -0.000135
0.100355 0.044991 -0.000135 -0.000040
-0.000626 -0.000135 0.478656 0.100933
-0.000135 -0.000040 0.100933 0.045091
26.134112 1.432174 33.315240 1.954964
0.475063 0.100348 -0.000932 -0.000190
0.100348 0.044974 -0.000190 -0.000048
-0.000932 -0.000190 0.478850 0.101012
-0.000190 -0.000048 0.101012 0.045088
26.596463 1.378523 33.810580 1.853230
0.474728 0.100339 -0.001346 -0.000264
0.100339 0.044955 -0.000264 -0.000060
-0.001346 -0.000264 0.479075 0.101076
-0.000264 -0.000060 0.101076 0.045082
27.254335 1.371851 34.319330 1.765066
0.474464 0.100329 -0.001752 -0.000330
0.100329 0.044935 -0.000330 -0.000069
-0.001752 -0.000330 0.479304 0.101124
-0.000330 -0.000069 0.101124 0.045073
28.142515 1.414668 35.467743 1.821182
0.474254 0.100316 -0.002186 -0.000398
0.100316 0.044916 -0.000398 -0.000080
-0.002186 -0.000398 0.479514 0.101157
-0.000398 -0.000080 0.101157 0.045061
28.671593 1.376872 35.942597 1.729243
0.473992 0.100281 -0.002736 -0.000487
0.100281 0.044892 -0.000487 -0.000095
-0.002736 -0.000487 0.479794 0.101197
-0.000487 -0.000095 0.101197 0.045054
29.111969 1.324368 36.751178 1.717362
0.473767 0.100247 -0.003273 -0.000568
0.100247 0.044871 -0.000569 -0.000108
-0.003273 -0.000569 0.480035 0.101223
-0.000568 -0.000108 0.101223 0.045046
29.622930 1.292440 37.832231 1.764191
0.473497 0.100199 -0.003816 -0.000648
0.100199 0.044849 -0.000649 -0.000121
-0.003816 -0.000649 0.480316 0.101254
-0.000648 -0.000121 0.101254 0.045041
29.807458 1.194903 39.138378 1.853371
0.473137 0.100131 -0.004408 -0.000736
0.100131 0.044824 -0.000737 -0.000137
-0.004408 -0.000737 0.480683 0.101302
-0.000736 -0.000137 0.101302 0.045041
30.558461 1.227440 40.141408 1.869531
0.472613 0.100029 -0.005001 -0.000822
0.100029 0.044794 -0.000823 -0.000152
-0.005001 -0.000823 0.481212 0.101381
-0.000822 -0.000152 0.101381 0.045050
30.455562 1.076036 41.588055 1.976926
0.472075 0.099929 -0.005700 -0.000929
0.099929 0.044767 -0.000929 -0.000172
-0.005700 -0.000929 0.481756 0.101459
-0.000929 -0.000172 0.101459 0.045059
31.269659 1.134616 42.766200 2.017044
0.471321 0.099787 -0.006331 -0.001018
0.099787 0.044733 -0.001018 -0.000189
-0.006331 -0.001018 0.482526 0.101582
-0.001018 -0.000189 0.101582 0.045079
31.739218 1.113734 43.538022 1.967159
0.470556 0.099652 -0.007119 -0.001139
0.099652 0.044703 -0.001140 -0.000212
-0.007119 -0.001140 0.483322 0.101703
-0.001139 -0.000212 0.101703 0.045098
32.730131 1.205719 44.553750 1.974296
0.469847 0.099535 -0.007907 -0.001257
0.099535 0.044678 -0.001257 -0.000235
-0.007907 -0.001257 0.484071 0.101809
-0.001257 -0.000235 0.101809 0.045115
33.366629 1.212872 45.564914 1.979377
0.469193 0.099434 -0.008879 -0.001411
0.099434 0.044657 -0.001411 -0.000266
-0.008879 -0.001411 0.484789 0.101906
-0.001411 -0.000266 0.101906 0.045130
33.810377 1.178721 46.870960 2.045672
0.468538 0.099335 -0.009908 -0.001571
0.099335 0.044637 -0.001572 -0.000298
-0.009908 -0.001572 0.485532 0.102008
-0.001571 -0.000298 0.102008 0.045147
34.335656 1.165289 48.026457 2.073454
0.467765 0.099213 -0.010970 -0.001734
0.099213 0.044611 -0.001734 -0.000329
-0.010970 -0.001734 0.486426 0.102140
-0.001734 -0.000329 0.102140 0.045172
35.293467 1.245119 49.216390 2.106120
0.466949 0.099085 -0.012070 -0.001899
0.099085 0.044585 -0.001900 -0.000362
-0.012070 -0.001900 0.487396 0.102284
-0.001899 -0.000362 0.102284 0.045199
