2.896749 2.120819 2.011997 -0.087231
2.470482 0.988214 -0.052654 -0.021062
0.988214 80.399361 -0.021062 -0.008425
-0.052654 -0.021062 2.434012 0.973626
-0.021062 -0.008425 0.973626 80.393525
6.492102 6.541963 -0.407552 -4.237155
2.256163 3.944347 -0.051264 -0.079493
3.944347 15.286863 -0.079286 -0.273024
-0.051264 -0.079286 2.266013 3.968732
-0.079493 -0.273024 3.968732 15.236655
6.392601 2.648744 0.381693 -0.886808
1.977731 2.286818 -0.041063 -0.044715
2.286818 4.535840 -0.044615 -0.088040
-0.041063 -0.044615 2.026914 2.338484
-0.044715 -0.088040 2.338484 4.569957
5.153511 0.486238 1.728578 0.615493
1.698325 1.433163 -0.036154 -0.029813
1.433163 1.905582 -0.029792 -0.039631
-0.036154 -0.029792 1.731377 1.453644
-0.029813 -0.039631 1.453644 1.912562
5.818435 0.765395 2.634875 1.009464
1.473674 0.974963 -0.032602 -0.021334
0.974963 0.976262 -0.021332 -0.021140
-0.032602 -0.021332 1.490078 0.980691
-0.021334 -0.021140 0.980691 0.976092
6.636337 1.002300 5.571786 2.326250
1.294377 0.703798 -0.027569 -0.014850
0.703798 0.567726 -0.014847 -0.011951
-0.027569 -0.014847 1.304289 0.706129
-0.014850 -0.011951 0.706129 0.567547
6.955828 0.918352 6.432972 2.187225
1.153077 0.532716 -0.021621 -0.009912
0.532716 0.361966 -0.009906 -0.006941
-0.021621 -0.009906 1.157047 0.532726
-0.009912 -0.006941 0.532726 0.361479
6.673827 0.620099 7.353274 2.117671
1.038732 0.417988 -0.017765 -0.007148
0.417988 0.247468 -0.007143 -0.004434
-0.017765 -0.007143 1.039954 0.417437
-0.007148 -0.004434 0.417437 0.247151
7.784845 0.906404 8.507591 2.151700
0.945456 0.337956 -0.015196 -0.005473
0.337956 0.179185 -0.005469 -0.003035
-0.015196 -0.005469 0.944693 0.337111
-0.005473 -0.003035 0.337111 0.178944
9.255370 1.234769 8.909836 1.934457
0.867964 0.280125 -0.012788 -0.004177
0.280125 0.136202 -0.004174 -0.002119
-0.012788 -0.004174 0.866528 0.279383
-0.004177 -0.002119 0.279383 0.136081
9.733364 1.193523 10.843400 2.219918
0.802836 0.237259 -0.010774 -0.003229
0.237259 0.108039 -0.003227 -0.001520
-0.010774 -0.003227 0.801815 0.236855
-0.003229 -0.001520 0.236855 0.108050
11.105461 1.406032 10.851840 1.918048
0.748368 0.205072 -0.008962 -0.002490
0.205072 0.089074 -0.002488 -0.001105
-0.008962 -0.002488 0.747125 0.204725
-0.002490 -0.001105 0.204725 0.089100
12.481179 1.578893 12.535584 2.104333
0.702030 0.180418 -0.007557 -0.001962
0.180418 0.075971 -0.001961 -0.000826
-0.007557 -0.001961 0.701210 0.180260
-0.001962 -0.000826 0.180260 0.076036
13.119908 1.542188 12.950867 1.949139
0.662803 0.161430 -0.006211 -0.001517
0.161430 0.066790 -0.001517 -0.000616
-0.006211 -0.001517 0.662217 0.161367
-0.001517 -0.000616 0.161367 0.066864
13.945415 1.554863 13.502191 1.850442
0.629502 0.146705 -0.005189 -0.001201
0.146705 0.060284 -0.001200 -0.000471
-0.005189 -0.001200 0.629142 0.146712
-0.001201 -0.000471 0.146712 0.060359
14.785000 1.568852 14.610568 1.891674
0.601260 0.135257 -0.004356 -0.000959
0.135257 0.055647 -0.000959 -0.000366
-0.004356 -0.000959 0.601112 0.135315
-0.000959 -0.000366 0.135315 0.055718
15.338816 1.518396 15.838766 1.953500
0.577422 0.126375 -0.003624 -0.000761
0.126375 0.052340 -0.000761 -0.000284
-0.003624 -0.000761 0.577381 0.126450
-0.000761 -0.000284 0.126450 0.052402
15.821032 1.458988 16.545010 1.895445
0.557412 0.119514 -0.002991 -0.000601
0.119514 0.049990 -0.000601 -0.000222
-0.002991 -0.000601 0.557370 0.119579
-0.000601 -0.000222 0.119579 0.050038
16.069828 1.357411 17.389870 1.873657
0.540694 0.114246 -0.002472 -0.000476
0.114246 0.048331 -0.000476 -0.000175
-0.002472 -0.000476 0.540635 0.114297
-0.000476 -0.000175 0.114297 0.048368
17.097979 1.430533 18.332092 1.874819
0.526854 0.110244 -0.002041 -0.000378
0.110244 0.047176 -0.000378 -0.000139
-0.002041 -0.000378 0.526740 0.110275
-0.000378 -0.000139 0.110275 0.047201
17.750164 1.417458 19.768029 1.978572
0.515478 0.107240 -0.001653 -0.000294
0.107240 0.046384 -0.000294 -0.000110
-0.001653 -0.000294 0.515348 0.107260
-0.000294 -0.000110 0.107260 0.046402
18.600517 1.446830 20.658574 1.958093
0.506253 0.105028 -0.001304 -0.000222
0.105028 0.045854 -0.000222 -0.000086
-0.001304 -0.000222 0.506095 0.105036
-0.000222 -0.000086 0.105036 0.045865
19.150972 1.411014 22.141482 2.062583
0.498853 0.103431 -0.001009 -0.000164
0.103431 0.045510 -0.000164 -0.000067
-0.001009 -0.000164 0.498697 0.103434
-0.000164 -0.000067 0.103434 0.045518
19.323765 1.300422 22.653892 1.954827
0.493006 0.102311 -0.000756 -0.000117
0.102311 0.045296 -0.000118 -0.000053
-0.000756 -0.000118 0.492866 0.102312
-0.000117 -0.000053 0.102312 0.045301
19.664425 1.236079 23.837763 1.997741
0.488466 0.101553 -0.000556 -0.000083
0.101553 0.045170 -0.000083 -0.000042
-0.000556 -0.000083 0.488345 0.101554
-0.000083 -0.000042 0.101554 0.045173
20.560276 1.293963 24.715391 1.972485
0.484993 0.101063 -0.000389 -0.000056
0.101063 0.045101 -0.000056 -0.000033
-0.000389 -0.000056 0.484919 0.101069
-0.000056 -0.000033 0.101069 0.045104
21.028299 1.256579 25.661361 1.964064
0.482379 0.100764 -0.000270 -0.000038
0.100764 0.045067 -0.000038 -0.000027
-0.000270 -0.000038 0.482388 0.100784
-0.000038 -0.000027 0.100784 0.045071
20.963256 1.111406 26.648855 1.965191
0.480450 0.100599 -0.000184 -0.000027
0.100599 0.045053 -0.000027 -0.000022
-0.000184 -0.000027 0.480571 0.100637
-0.000027 -0.000022 0.100637 0.045059
21.496617 1.106726 28.334874 2.112803
0.479053 0.100522 -0.000110 -0.000017
0.100522 0.045047 -0.000017 -0.000018
-0.000110 -0.000017 0.479313 0.100583
-0.000017 -0.000018 0.100583 0.045058
22.720536 1.247693 29.211335 2.074978
0.478023 0.100492 -0.000067 -0.000013
0.100492 0.045043 -0.000013 -0.000015
-0.000067 -0.000013 0.478522 0.100595
-0.000013 -0.000015 0.100595 0.045062
23.542949 1.289501 30.195052 2.063657
0.477292 0.100493 -0.000095 -0.000022
0.100493 0.045038 -0.000022 -0.000016
-0.000095 -0.000022 0.478050 0.100640
-0.000022 -0.000016 0.100640 0.045065
23.916321 1.232294 31.089511 2.034708
0.476772 0.100506 -0.000168 -0.000039
0.100506 0.045030 -0.000039 -0.000017
-0.000168 -0.000039 0.477812 0.100700
-0.000039 -0.000017 0.100700 0.045065
24.685770 1.264641 32.115817 2.036595
0.476394 0.100521 -0.000257 -0.000057
0.100521 0.045019 -0.000057 -0.000019
-0.000257 -0.000057 0.477741 0.100764
-0.000057 -0.000019 0.100764 0.045063
25.931128 1.394085 33.491926 2.112104
0.476105 0.100530 -0.000389 -0.000081
0.100530 0.045004 -0.000081 -0.000022
-0.000389 -0.000081 0.477788 0.100826
-0.000081 -0.000022 0.100826 0.045057
26.542380 1.375957 34.224362 2.043791
0.475850 0.100526 -0.000612 -0.000123
0.100526 0.044985 -0.000123 -0.000029
-0.000612 -0.000123 0.477927 0.100885
-0.000123 -0.000029 0.100885 0.045050
27.175658 1.364391 35.043011 2.000881
0.475643 0.100516 -0.000849 -0.000164
0.100516 0.044966 -0.000164 -0.000035
-0.000849 -0.000164 0.478093 0.100931
-0.000164 -0.000035 0.100931 0.045041
27.539851 1.297170 35.985435 1.988615
0.475454 0.100499 -0.001106 -0.000206
0.100499 0.044946 -0.000206 -0.000042
-0.001106 -0.000206 0.478274 0.100968
-0.000206 -0.000042 0.100968 0.045030
27.865285 1.228901 37.491856 2.096685
0.475250 0.100469 -0.001361 -0.000245
0.100469 0.044924 -0.000245 -0.000048
-0.001361 -0.000245 0.478484 0.101000
-0.000245 -0.000048 0.101000 0.045021
28.294819 1.189748 38.074610 1.998402
0.474963 0.100417 -0.001635 -0.000286
0.100417 0.044900 -0.000286 -0.000055
-0.001635 -0.000286 0.478775 0.101043
-0.000286 -0.000055 0.101043 0.045015
28.670366 1.143458 39.588863 2.107040
0.474702 0.100369 -0.001902 -0.000325
0.100369 0.044879 -0.000325 -0.000061
-0.001902 -0.000325 0.479030 0.101073
-0.000325 -0.000061 0.101073 0.045009
29.526844 1.203631 40.459610 2.068543
0.474351 0.100300 -0.002201 -0.000369
0.100300 0.044855 -0.000369 -0.000068
-0.002201 -0.000369 0.479366 0.101116
-0.000369 -0.000068 0.101116 0.045007
29.668626 1.106324 41.389339 2.046386
0.474021 0.100239 -0.002560 -0.000425
0.100239 0.044835 -0.000425 -0.000079
-0.002560 -0.000425 0.479673 0.101151
-0.000425 -0.000079 0.101151 0.045006
30.032513 1.066328 42.527110 2.070486
0.473662 0.100173 -0.002885 -0.000471
0.100173 0.044816 -0.000471 -0.000087
-0.002885 -0.000471 0.480000 0.101189
-0.000471 -0.000087 0.101189 0.045006
30.823727 1.120847 43.377767 2.031671
0.473262 0.100100 -0.003224 -0.000520
0.100100 0.044797 -0.000520 -0.000096
-0.003224 -0.000520 0.480366 0.101235
-0.000520 -0.000096 0.101235 0.045010
31.556690 1.157477 44.730084 2.102628
0.472891 0.100037 -0.003625 -0.000581
0.100037 0.044780 -0.000581 -0.000108
-0.003625 -0.000581 0.480704 0.101274
-0.000581 -0.000108 0.101274 0.045013
31.953274 1.118889 45.674180 2.079967
0.472469 0.099965 -0.004102 -0.000657
0.099965 0.044763 -0.000657 -0.000123
-0.004102 -0.000657 0.481100 0.101326
-0.000657 -0.000123 0.101326 0.045021
32.870446 1.194528 46.583006 2.052529
0.472041 0.099894 -0.004572 -0.000728
0.099894 0.044747 -0.000728 -0.000137
-0.004572 -0.000728 0.481508 0.101381
-0.000728 -0.000137 0.101381 0.045029
33.802603 1.265197 47.215513 1.969835
0.471651 0.099834 -0.005120 -0.000814
0.099834 0.044734 -0.000814 -0.000154
-0.005120 -0.000814 0.481888 0.101429
-0.000814 -0.000154 0.101429 0.045037
35.180284 1.422935 48.175150 1.964983
0.471340 0.099792 -0.005720 -0.000908
0.099792 0.044725 -0.000909 -0.000172
-0.005720 -0.000909 0.482197 0.101463
-0.000908 -0.000172 0.101463 0.045043
35.977562 1.441197 49.284319 1.991692
0.471082 0.099760 -0.006468 -0.001030
0.099760 0.044717 -0.001031 -0.000197
-0.006468 -0.001031 0.482468 0.101491
-0.001030 -0.000197 0.101491 0.045048
