4.835557 2.896359 1.114704 -0.446156
2.575399 1.030182 -0.261185 -0.104476
1.030182 80.416148 -0.104476 -0.041791
-0.261185 -0.104476 2.388565 0.955447
-0.104476 -0.041791 0.955447 80.386254
5.864174 2.137804 -0.377941 -2.684762
2.217990 3.853319 -0.234249 -0.361251
3.853319 15.375790 -0.354388 -1.287514
-0.234249 -0.354388 2.354590 4.128966
-0.361251 -1.287514 4.128966 15.383733
6.243376 1.336874 -1.356933 -2.271619
1.932421 2.249146 -0.226877 -0.251685
2.249146 4.562087 -0.250559 -0.470367
-0.226877 -0.250559 2.130813 2.438453
-0.251685 -0.470367 2.438453 4.649299
7.240125 1.629642 0.990706 0.624840
1.648946 1.403803 -0.202096 -0.165448
1.403803 1.904190 -0.165230 -0.208771
-0.202096 -0.165230 1.836805 1.526706
-0.165448 -0.208771 1.526706 1.963195
7.052378 0.961964 2.112744 1.151046
1.438275 0.960657 -0.157054 -0.100877
0.960657 0.976487 -0.100572 -0.100047
-0.157054 -0.100572 1.562989 1.017570
-0.100877 -0.100047 1.017570 0.996871
8.510869 1.501086 4.361792 2.048524
1.272733 0.698202 -0.130977 -0.069878
0.698202 0.568985 -0.069679 -0.056868
-0.130977 -0.069679 1.354109 0.725934
-0.069878 -0.056868 0.725934 0.577648
10.165640 1.922201 5.483805 2.093100
1.137804 0.529694 -0.102782 -0.047013
0.529694 0.362522 -0.046796 -0.033403
-0.102782 -0.046796 1.191376 0.544052
-0.047013 -0.033403 0.544052 0.367124
9.805548 1.387130 6.678521 2.152706
1.024732 0.415016 -0.080585 -0.032539
0.415016 0.247163 -0.032340 -0.020861
-0.080585 -0.032340 1.066948 0.425498
-0.032539 -0.020861 0.425498 0.251139
9.602636 1.064774 8.597898 2.452565
0.935064 0.336089 -0.067319 -0.024518
0.336089 0.178926 -0.024365 -0.014192
-0.067319 -0.024365 0.964861 0.342561
-0.024518 -0.014192 0.342561 0.181665
10.895518 1.311376 9.729036 2.421430
0.862685 0.279717 -0.056874 -0.018924
0.279717 0.136234 -0.018803 -0.010015
-0.056874 -0.018803 0.879246 0.282396
-0.018924 -0.010015 0.282396 0.137764
11.687836 1.352047 10.645511 2.334649
0.799981 0.237287 -0.047391 -0.014561
0.237287 0.108071 -0.014466 -0.007178
-0.047391 -0.014466 0.810261 0.238725
-0.014561 -0.007178 0.238725 0.109233
12.446993 1.374926 11.740026 2.314675
0.746495 0.205129 -0.039750 -0.011382
0.205129 0.089042 -0.011308 -0.005273
-0.039750 -0.011308 0.753290 0.206099
-0.011382 -0.005273 0.206099 0.090020
13.196227 1.390791 12.987664 2.337835
0.701048 0.180530 -0.033340 -0.008963
0.180530 0.075920 -0.008907 -0.003939
-0.033340 -0.008907 0.705503 0.181244
-0.008963 -0.003939 0.181244 0.076749
13.605057 1.320962 13.996930 2.299058
0.662478 0.161571 -0.027823 -0.007067
0.161571 0.066733 -0.007025 -0.002975
-0.027823 -0.007025 0.665101 0.162077
-0.007067 -0.002975 0.162077 0.067422
13.908338 1.237598 15.372914 2.351999
0.629794 0.146891 -0.023340 -0.005630
0.146891 0.060234 -0.005598 -0.002281
-0.023340 -0.005598 0.630867 0.147201
-0.005630 -0.002281 0.147201 0.060793
14.115027 1.144959 15.753068 2.172729
0.602273 0.135528 -0.019471 -0.004477
0.135528 0.055619 -0.004453 -0.001759
-0.019471 -0.004453 0.601697 0.135585
-0.004477 -0.001759 0.135585 0.056044
14.674155 1.142037 17.056945 2.220432
0.578875 0.126675 -0.016517 -0.003630
0.126675 0.052323 -0.003613 -0.001382
-0.016517 -0.003613 0.577249 0.126596
-0.003630 -0.001382 0.126596 0.052653
14.881813 1.064161 18.084497 2.202626
0.559176 0.119828 -0.013764 -0.002895
0.119828 0.049981 -0.002883 -0.001080
-0.013764 -0.002883 0.556688 0.119631
-0.002895 -0.001080 0.119631 0.050230
16.017662 1.191633 19.227388 2.211563
0.542741 0.114577 -0.011378 -0.002293
0.114577 0.048333 -0.002285 -0.000846
-0.011378 -0.002285 0.539482 0.114266
-0.002293 -0.000846 0.114266 0.048510
17.170427 1.307768 19.393027 2.014503
0.528860 0.110533 -0.009153 -0.001766
0.110533 0.047176 -0.001761 -0.000656
-0.009153 -0.001761 0.525465 0.110230
-0.001766 -0.000656 0.110230 0.047313
17.874979 1.318091 19.780630 1.885281
0.517206 0.107451 -0.007358 -0.001362
0.107451 0.046376 -0.001360 -0.000513
-0.007358 -0.001360 0.514227 0.107249
-0.001362 -0.000513 0.107249 0.046497
18.532153 1.317784 20.960362 1.934587
0.507663 0.105165 -0.005887 -0.001048
0.105165 0.045840 -0.001047 -0.000404
-0.005887 -0.001047 0.505194 0.105062
-0.001048 -0.000404 0.105062 0.045947
19.082204 1.295343 22.206166 1.992426
0.499994 0.103516 -0.004576 -0.000781
0.103516 0.045494 -0.000781 -0.000316
-0.004576 -0.000781 0.497980 0.103481
-0.000781 -0.000316 0.103481 0.045585
20.060115 1.363960 23.785241 2.113730
0.493893 0.102353 -0.003434 -0.000560
0.102353 0.045280 -0.000561 -0.000245
-0.003434 -0.000561 0.492334 0.102376
-0.000560 -0.000245 0.102376 0.045356
20.415522 1.296238 25.181816 2.184392
0.489003 0.101538 -0.002483 -0.000387
0.101538 0.045151 -0.000388 -0.000190
-0.002483 -0.000388 0.488104 0.101654
-0.000387 -0.000190 0.101654 0.045222
21.484020 1.383715 26.132314 2.154912
0.485120 0.100983 -0.001711 -0.000255
0.100983 0.045076 -0.000256 -0.000148
-0.001711 -0.000256 0.485037 0.101216
-0.000255 -0.000148 0.101216 0.045152
21.904406 1.326989 26.773367 2.063612
0.482059 0.100616 -0.001253 -0.000189
0.100616 0.045034 -0.000190 -0.000122
-0.001253 -0.000190 0.482912 0.100984
-0.000189 -0.000122 0.100984 0.045121
22.313010 1.273664 27.982731 2.100791
0.479721 0.100394 -0.000973 -0.000157
0.100394 0.045014 -0.000157 -0.000105
-0.000973 -0.000157 0.481471 0.100883
-0.000157 -0.000105 0.100883 0.045111
22.907292 1.264740 29.082102 2.111068
0.477815 0.100241 -0.000853 -0.000152
0.100241 0.044998 -0.000152 -0.000094
-0.000853 -0.000152 0.480699 0.100897
-0.000152 -0.000094 0.100897 0.045117
23.743765 1.307653 30.132096 2.109910
0.476231 0.100128 -0.000933 -0.000182
0.100128 0.044981 -0.000183 -0.000091
-0.000933 -0.000183 0.480445 0.100986
-0.000182 -0.000091 0.100986 0.045131
23.945695 1.212461 31.259118 2.125064
0.474890 0.100037 -0.001283 -0.000260
0.100037 0.044961 -0.000261 -0.000099
-0.001283 -0.000261 0.480580 0.101119
-0.000260 -0.000099 0.101119 0.045148
24.228739 1.144263 32.139187 2.086635
0.473632 0.099935 -0.001680 -0.000337
0.099935 0.044932 -0.000338 -0.000105
-0.001680 -0.000338 0.481091 0.101296
-0.000337 -0.000105 0.101296 0.045169
24.398448 1.059235 33.181796 2.086458
0.472485 0.099832 -0.002132 -0.000416
0.099832 0.044899 -0.000417 -0.000112
-0.002132 -0.000417 0.481815 0.101481
-0.000416 -0.000112 0.101481 0.045188
25.397146 1.158513 34.620749 2.169865
0.471316 0.099703 -0.002601 -0.000491
0.099703 0.044858 -0.000492 -0.000119
-0.002601 -0.000492 0.482784 0.101688
-0.000491 -0.000119 0.101688 0.045209
25.713666 1.102855 35.593569 2.146208
0.470011 0.099529 -0.003506 -0.000652
0.099529 0.044807 -0.000653 -0.000145
-0.003506 -0.000653 0.484057 0.101930
-0.000652 -0.000145 0.101930 0.045237
26.388408 1.128919 36.396451 2.089369
0.468690 0.099344 -0.004435 -0.000806
0.099344 0.044754 -0.000807 -0.000169
-0.004435 -0.000807 0.485450 0.102170
-0.000806 -0.000169 0.102170 0.045264
27.250936 1.192060 37.191633 2.037008
0.467470 0.099174 -0.005554 -0.000990
0.099174 0.044706 -0.000992 -0.000199
-0.005554 -0.000992 0.486806 0.102382
-0.000990 -0.000199 0.102382 0.045286
27.655008 1.151130 37.878372 1.967193
0.466370 0.099023 -0.006945 -0.001220
0.099023 0.044662 -0.001224 -0.000239
-0.006945 -0.001224 0.488088 0.102563
-0.001220 -0.000239 0.102563 0.045303
27.938579 1.089003 38.747056 1.942871
0.465332 0.098879 -0.008305 -0.001431
0.098879 0.044620 -0.001436 -0.000274
-0.008305 -0.001436 0.489330 0.102727
-0.001431 -0.000274 0.102727 0.045319
29.118392 1.223843 39.403295 1.877299
0.464213 0.098713 -0.009607 -0.001621
0.098713 0.044574 -0.001627 -0.000306
-0.009607 -0.001627 0.490680 0.102910
-0.001621 -0.000306 0.102910 0.045343
30.194273 1.322411 40.176819 1.843180
0.463352 0.098598 -0.011366 -0.001901
0.098598 0.044541 -0.001909 -0.000357
-0.011366 -0.001909 0.491804 0.103040
-0.001901 -0.000357 0.103040 0.045357
30.843912 1.320072 41.197423 1.863893
0.462643 0.098510 -0.013483 -0.002244
0.098510 0.044513 -0.002256 -0.000422
-0.013483 -0.002256 0.492828 0.103152
-0.002244 -0.000422 0.103152 0.045371
31.379115 1.292971 41.794867 1.793744
0.461801 0.098384 -0.015703 -0.002593
0.098384 0.044477 -0.002608 -0.000487
-0.015703 -0.002608 0.494061 0.103311
-0.002593 -0.000487 0.103311 0.045398
31.926125 1.272084 42.874887 1.831840
0.461054 0.098277 -0.017834 -0.002909
0.098277 0.044445 -0.002927 -0.000545
-0.017834 -0.002927 0.495223 0.103456
-0.002909 -0.000545 0.103456 0.045424
32.094706 1.172722 43.970670 1.868429
0.460105 0.098122 -0.020030 -0.003231
0.098122 0.044404 -0.003251 -0.000604
-0.020030 -0.003251 0.496686 0.103666
-0.003231 -0.000604 0.103666 0.045464
32.795612 1.198343 45.398887 1.971760
0.458836 0.097901 -0.022020 -0.003504
0.097901 0.044350 -0.003522 -0.000654
-0.022020 -0.003522 0.498549 0.103955
-0.003504 -0.000654 0.103955 0.045521
33.453246 1.210771 46.361651 1.967099
0.457300 0.097629 -0.024311 -0.003840
0.097629 0.044288 -0.003856 -0.000719
-0.024311 -0.003856 0.500868 0.104327
-0.003840 -0.000719 0.104327 0.045595
33.976881 1.191034 46.589688 1.809558
0.455837 0.097384 -0.026713 -0.004193
0.097384 0.044234 -0.004208 -0.000788
-0.026713 -0.004208 0.503224 0.104690
-0.004193 -0.000788 0.104690 0.045663
34.566510 1.187300 46.749018 1.654524
0.454860 0.097252 -0.028929 -0.004500
0.097252 0.044205 -0.004516 -0.000849
-0.028929 -0.004516 0.505037 0.104925
-0.004500 -0.000849 0.104925 0.045705
35.024671 1.156054 46.966861 1.527449
0.454349 0.097215 -0.031031 -0.004780
0.097215 0.044195 -0.004800 -0.000905
-0.031031 -0.004800 0.506315 0.105049
-0.004780 -0.000905 0.105049 0.045725
