5.746981 3.260936 -2.996656 -2.090736
2.490737 0.996316 -0.101026 -0.040411
0.996316 80.402602 -0.040411 -0.016165
-0.101026 -0.040411 2.420540 0.968237
-0.040411 -0.016165 0.968237 80.391370
4.361116 -1.964994 0.817491 6.400279
2.206394 3.852898 -0.102180 -0.159779
3.852898 15.176385 -0.158111 -0.535222
-0.102180 -0.158111 2.325877 4.075741
-0.159779 -0.535222 4.075741 15.387617
7.873946 3.246594 1.212765 3.190596
1.999581 2.321913 -0.086532 -0.094069
2.321913 4.590541 -0.094034 -0.178520
-0.086532 -0.094034 2.010469 2.308979
-0.094069 -0.178520 2.308979 4.525731
6.156468 0.425735 2.993288 3.342561
1.700852 1.436196 -0.060193 -0.048753
1.436196 1.908494 -0.048643 -0.068820
-0.060193 -0.048643 1.731538 1.452599
-0.048753 -0.068820 1.452599 1.912953
5.631162 -0.062889 2.863290 2.157258
1.475814 0.976513 -0.052758 -0.034793
0.976513 0.977100 -0.034753 -0.036964
-0.052758 -0.034753 1.490242 0.980664
-0.034793 -0.036964 0.980664 0.977154
8.309786 1.410244 5.044094 2.753189
1.295940 0.704576 -0.048929 -0.026915
0.704576 0.567960 -0.026901 -0.022457
-0.048929 -0.026901 1.305232 0.706778
-0.026915 -0.022457 0.706778 0.568607
8.418007 1.134511 6.559202 2.817158
1.151648 0.531939 -0.038275 -0.017967
0.531939 0.361473 -0.017953 -0.013030
-0.038275 -0.017953 1.160229 0.534364
-0.017967 -0.013030 0.534364 0.362681
8.416681 0.906035 6.994961 2.426771
1.037265 0.417347 -0.031122 -0.012844
0.417347 0.247142 -0.012832 -0.008259
-0.031122 -0.012832 1.042699 0.418644
-0.012844 -0.008259 0.418644 0.247908
9.504247 1.132926 7.953194 2.335476
0.943834 0.337362 -0.026674 -0.009860
0.337362 0.178937 -0.009852 -0.005648
-0.026674 -0.009852 0.947354 0.338127
-0.009860 -0.005648 0.338127 0.179482
10.344629 1.221470 8.689741 2.196346
0.866243 0.279580 -0.022582 -0.007575
0.279580 0.136008 -0.007569 -0.003951
-0.022582 -0.007569 0.869072 0.280239
-0.007575 -0.003951 0.280239 0.136475
11.605024 1.413285 10.466987 2.396756
0.801356 0.236850 -0.019205 -0.005912
0.236850 0.107909 -0.005907 -0.002843
-0.019205 -0.005907 0.803954 0.237500
-0.005912 -0.002843 0.237500 0.108321
12.327301 1.417893 10.285517 2.018659
0.746974 0.204726 -0.015866 -0.004527
0.204726 0.088975 -0.004524 -0.002053
-0.015866 -0.004524 0.749011 0.205241
-0.004527 -0.002053 0.205241 0.089298
13.486213 1.533518 11.511188 2.074187
0.700680 0.180113 -0.013507 -0.003602
0.180113 0.075890 -0.003599 -0.001539
-0.013507 -0.003599 0.702956 0.180697
-0.003602 -0.001539 0.180697 0.076190
13.380473 1.320854 13.414777 2.285410
0.661522 0.161164 -0.011311 -0.002836
0.161164 0.066725 -0.002835 -0.001158
-0.011311 -0.002835 0.663812 0.161736
-0.002836 -0.001158 0.161736 0.066984
13.451949 1.183568 14.316667 2.229299
0.628711 0.146570 -0.009461 -0.002243
0.146570 0.060254 -0.002241 -0.000882
-0.009461 -0.002241 0.630176 0.146926
-0.002243 -0.000882 0.146926 0.060431
13.670020 1.099470 15.245707 2.187525
0.600948 0.135232 -0.007998 -0.001800
0.135232 0.055642 -0.001799 -0.000683
-0.007998 -0.001799 0.601620 0.135402
-0.001800 -0.000683 0.135402 0.055756
14.167283 1.087945 15.649004 2.036329
0.577489 0.126426 -0.006778 -0.001452
0.126426 0.052349 -0.001452 -0.000534
-0.006778 -0.001452 0.577474 0.126450
-0.001452 -0.000534 0.126450 0.052417
14.298265 0.999442 17.275215 2.166728
0.557665 0.119591 -0.005783 -0.001183
0.119591 0.050002 -0.001182 -0.000423
-0.005783 -0.001182 0.557252 0.119544
-0.001183 -0.000423 0.119544 0.050045
14.628970 0.963684 18.072867 2.106299
0.541178 0.114358 -0.004828 -0.000941
0.114358 0.048349 -0.000941 -0.000332
-0.004828 -0.000941 0.540261 0.114218
-0.000941 -0.000332 0.114218 0.048365
15.754034 1.098284 19.173675 2.116391
0.527483 0.110372 -0.004005 -0.000745
0.110372 0.047196 -0.000745 -0.000261
-0.004005 -0.000745 0.526202 0.110174
-0.000745 -0.000261 0.110174 0.047193
16.073207 1.050475 20.371403 2.145394
0.516146 0.107363 -0.003229 -0.000572
0.107363 0.046401 -0.000572 -0.000203
-0.003229 -0.000572 0.514753 0.107159
-0.000572 -0.000203 0.107159 0.046393
16.779298 1.087953 21.276900 2.110718
0.506937 0.105143 -0.002533 -0.000425
0.105143 0.045869 -0.000425 -0.000157
-0.002533 -0.000425 0.505470 0.104938
-0.000425 -0.000157 0.104938 0.045857
17.534180 1.131710 22.560985 2.158216
0.499509 0.103532 -0.001932 -0.000306
0.103532 0.045523 -0.000307 -0.000121
-0.001932 -0.000307 0.498088 0.103346
-0.000306 -0.000121 0.103346 0.045510
18.452003 1.204770 23.918753 2.216146
0.493589 0.102391 -0.001399 -0.000207
0.102391 0.045305 -0.000207 -0.000092
-0.001399 -0.000207 0.492322 0.102242
-0.000207 -0.000092 0.102242 0.045296
19.150506 1.224721 24.855804 2.180579
0.488915 0.101604 -0.000946 -0.000127
0.101604 0.045174 -0.000128 -0.000069
-0.000946 -0.000128 0.487928 0.101512
-0.000127 -0.000069 0.101512 0.045172
20.223870 1.320771 26.181233 2.229659
0.485292 0.101084 -0.000593 -0.000071
0.101084 0.045101 -0.000071 -0.000053
-0.000593 -0.000071 0.484645 0.101055
-0.000071 -0.000053 0.101055 0.045106
20.598795 1.261140 26.978652 2.163297
0.482489 0.100750 -0.000347 -0.000037
0.100750 0.045061 -0.000037 -0.000042
-0.000347 -0.000037 0.482298 0.100803
-0.000037 -0.000042 0.100803 0.045079
21.030298 1.219470 28.051903 2.161530
0.480386 0.100556 -0.000173 -0.000016
0.100556 0.045043 -0.000017 -0.000034
-0.000173 -0.000017 0.480651 0.100684
-0.000016 -0.000034 0.100684 0.045070
21.585666 1.208061 28.846151 2.101392
0.478801 0.100449 -0.000061 -0.000006
0.100449 0.045033 -0.000007 -0.000029
-0.000061 -0.000007 0.479579 0.100659
-0.000006 -0.000029 0.100659 0.045073
22.100674 1.189347 29.977233 2.118293
0.477627 0.100400 -0.000021 -0.000009
0.100400 0.045027 -0.000009 -0.000026
-0.000021 -0.000009 0.478930 0.100690
-0.000009 -0.000026 0.100690 0.045079
22.614197 1.172283 30.101418 1.921471
0.476719 0.100375 -0.000044 -0.000021
0.100375 0.045018 -0.000021 -0.000025
-0.000044 -0.000021 0.478635 0.100760
-0.000021 -0.000025 0.100760 0.045085
22.960982 1.121840 30.358166 1.773135
0.476108 0.100382 -0.000117 -0.000040
0.100382 0.045010 -0.000040 -0.000026
-0.000117 -0.000040 0.478488 0.100827
-0.000040 -0.000026 0.100827 0.045086
23.690275 1.157361 31.761374 1.882069
0.475697 0.100400 -0.000213 -0.000060
0.100400 0.045001 -0.000060 -0.000027
-0.000213 -0.000060 0.478451 0.100887
-0.000060 -0.000027 0.100887 0.045082
24.104379 1.122587 33.146677 1.975792
0.475289 0.100393 -0.000396 -0.000095
0.100393 0.044982 -0.000095 -0.000031
-0.000396 -0.000095 0.478616 0.100965
-0.000095 -0.000031 0.100965 0.045079
24.619488 1.112824 34.419277 2.035864
0.474844 0.100358 -0.000623 -0.000136
0.100358 0.044957 -0.000136 -0.000036
-0.000623 -0.000136 0.478951 0.101056
-0.000136 -0.000036 0.101056 0.045079
25.319112 1.143111 35.867667 2.126691
0.474355 0.100299 -0.000909 -0.000185
0.100299 0.044928 -0.000185 -0.000043
-0.000909 -0.000185 0.479404 0.101153
-0.000185 -0.000043 0.101153 0.045080
25.662711 1.094894 36.924595 2.125327
0.473785 0.100213 -0.001296 -0.000252
0.100213 0.044894 -0.000252 -0.000054
-0.001296 -0.000252 0.479980 0.101259
-0.000252 -0.000054 0.101259 0.045083
26.664914 1.191088 37.704349 2.065699
0.473187 0.100117 -0.001694 -0.000316
0.100117 0.044860 -0.000317 -0.000064
-0.001694 -0.000317 0.480602 0.101361
-0.000316 -0.000064 0.101361 0.045087
27.390803 1.218658 38.619100 2.040819
0.472647 0.100032 -0.002228 -0.000406
0.100032 0.044830 -0.000406 -0.000079
-0.002228 -0.000406 0.481165 0.101440
-0.000406 -0.000079 0.101440 0.045088
28.394623 1.302147 39.511323 2.013883
0.472113 0.099946 -0.002834 -0.000505
0.099946 0.044802 -0.000506 -0.000096
-0.002834 -0.000506 0.481721 0.101512
-0.000505 -0.000096 0.101512 0.045089
29.050595 1.303050 40.011159 1.907075
0.471608 0.099866 -0.003569 -0.000626
0.099866 0.044776 -0.000628 -0.000118
-0.003569 -0.000628 0.482242 0.101573
-0.000626 -0.000118 0.101573 0.045090
30.055952 1.377911 40.719722 1.855625
0.471188 0.099803 -0.004306 -0.000742
0.099803 0.044756 -0.000743 -0.000138
-0.004306 -0.000743 0.482671 0.101613
-0.000742 -0.000138 0.101613 0.045089
30.633806 1.354171 41.194863 1.760321
0.470828 0.099751 -0.005150 -0.000875
0.099751 0.044739 -0.000877 -0.000162
-0.005150 -0.000877 0.483039 0.101643
-0.000875 -0.000162 0.101643 0.045088
31.214481 1.333863 42.299119 1.807404
0.470525 0.099709 -0.005960 -0.000995
0.099709 0.044725 -0.000997 -0.000184
-0.005960 -0.000997 0.483345 0.101663
-0.000995 -0.000184 0.101663 0.045087
32.120952 1.384771 43.407104 1.850515
0.470118 0.099642 -0.006814 -0.001121
0.099642 0.044706 -0.001124 -0.000207
-0.006814 -0.001124 0.483770 0.101713
-0.001121 -0.000207 0.101713 0.045095
32.840665 1.390106 43.744212 1.726916
0.469661 0.099566 -0.007804 -0.001273
0.099566 0.044686 -0.001277 -0.000236
-0.007804 -0.001277 0.484265 0.101779
-0.001273 -0.000236 0.101779 0.045107
33.652607 1.414913 44.629528 1.731615
0.469343 0.099520 -0.008766 -0.001414
0.099520 0.044673 -0.001418 -0.000262
-0.008766 -0.001418 0.484624 0.101817
-0.001414 -0.000262 0.101817 0.045114
33.870505 1.310964 45.390048 1.708988
0.469010 0.099470 -0.009810 -0.001570
0.099470 0.044659 -0.001575 -0.000292
-0.009810 -0.001575 0.485021 0.101865
-0.001570 -0.000292 0.101865 0.045123
34.718597 1.351928 46.329018 1.726956
0.468603 0.099404 -0.010738 -0.001698
0.099404 0.044643 -0.001703 -0.000316
-0.010738 -0.001703 0.485503 0.101933
-0.001698 -0.000316 0.101933 0.045138
35.250065 1.321454 47.334933 1.756663
0.468188 0.099337 -0.011789 -0.001852
0.099337 0.044627 -0.001856 -0.000347
-0.011789 -0.001856 0.486022 0.102008
-0.001852 -0.000347 0.102008 0.045153
