-0.970762 0.573781 6.094796 1.545924
41.463505 16.585761 -56.479068 -22.592117
16.585761 86.638515 -22.592117 -9.037042
-56.479068 -22.592117 80.538224 32.215988
-22.592117 -9.037042 32.215988 92.890741
-0.886636 0.124376 6.611906 1.169543
58.493909 27.859652 -84.769954 -44.038192
27.859652 34.588733 -37.988410 -40.075369
-84.769954 -37.988410 126.566886 67.398262
-44.038192 -40.075369 67.398262 71.189716
-1.164318 -0.288531 7.002818 0.959466
84.915162 37.996304 -127.779350 -61.406413
37.996304 28.180315 -55.933517 -40.508640
-127.779350 -55.933517 195.641694 94.575865
-61.406413 -40.508640 94.575865 66.419435
1.578882 0.991760 3.562822 -0.653335
111.802939 43.321865 -174.541996 -72.695188
43.321865 23.606622 -66.808648 -36.746764
-174.541996 -66.808648 275.487532 114.838767
-72.695188 -36.746764 114.838767 61.066865
-2.136597 -0.339601 10.320474 1.867993
28.224223 12.172055 -34.082759 -12.787826
12.172055 9.713160 -14.239807 -11.433664
-34.082759 -14.239807 43.048874 16.022540
-12.787826 -11.433664 16.022540 14.921024
4.161026 2.248740 4.150207 -0.668260
8.131093 3.149745 -12.195709 -4.824430
3.149745 4.165054 -4.650612 -5.960822
-12.195709 -4.650612 20.594282 8.389814
-4.824430 -5.960822 8.389814 9.527541
2.407481 1.106496 9.698533 1.768736
7.378751 3.267665 -8.390948 -3.646712
3.267665 3.388279 -3.642940 -4.307863
-8.390948 -3.642940 10.982204 4.706914
-3.646712 -4.307863 4.706914 6.031412
6.485728 2.562625 7.656427 0.531075
8.042845 3.551442 -10.479590 -4.703600
3.551442 2.815776 -4.718154 -3.858311
-10.479590 -4.718154 15.160750 6.873209
-4.703600 -3.858311 6.873209 5.680945
5.390838 1.532717 12.259672 2.358395
9.835022 3.884413 -11.515349 -4.674310
3.884413 2.350515 -4.617745 -3.001543
-11.515349 -4.617745 14.668420 6.004937
-4.674310 -3.001543 6.004937 4.119355
4.481542 0.962799 15.133044 2.953406
7.912223 2.893454 -10.542127 -3.947275
2.893454 1.620808 -3.958301 -2.245859
-10.542127 -3.958301 15.341516 5.838937
-3.947275 -2.245859 5.838937 3.344691
10.445056 2.737436 9.879792 0.721715
3.571227 1.223411 -5.532371 -1.903313
1.223411 0.819664 -1.987176 -1.217010
-5.532371 -1.987176 10.137644 3.562030
-1.903313 -1.217010 3.562030 2.035924
10.954053 2.443231 12.111834 1.324387
3.216733 1.024957 -3.929275 -1.270924
1.024957 0.616308 -1.278508 -0.792758
-3.929275 -1.278508 5.873484 1.896426
-1.270924 -0.792758 1.896426 1.176170
11.866356 2.335705 13.707060 1.611118
4.225445 1.276346 -4.941402 -1.525651
1.276346 0.601526 -1.515505 -0.743764
-4.941402 -1.515505 6.706766 2.068526
-1.525651 -0.743764 2.068526 1.052940
13.802378 2.571792 12.761933 1.100143
5.554543 1.551161 -6.539651 -1.866723
1.551161 0.598753 -1.848380 -0.732537
-6.539651 -1.848380 8.567285 2.457038
-1.866723 -0.732537 2.457038 1.016836
13.699458 2.201558 15.674568 1.734970
5.407335 1.364149 -5.670006 -1.455494
1.364149 0.475101 -1.446446 -0.527302
-5.670006 -1.446446 6.676699 1.736792
-1.455494 -0.527302 1.736792 0.693143
13.458895 1.905741 17.279185 1.874888
6.129870 1.433529 -6.766692 -1.620155
1.433529 0.442335 -1.600267 -0.504802
-6.766692 -1.600267 8.210862 2.002392
-1.620155 -0.504802 2.002392 0.679787
14.177108 1.858563 18.290914 1.880275
4.404004 0.959260 -5.362372 -1.209427
0.959260 0.298916 -1.183315 -0.363456
-5.362372 -1.183315 7.351863 1.702356
-1.209427 -0.363456 1.702356 0.549113
14.196528 1.672876 20.341768 2.112554
3.167674 0.649382 -4.259592 -0.911218
0.649382 0.210492 -0.880127 -0.266072
-4.259592 -0.880127 6.658099 1.468248
-0.911218 -0.266072 1.468248 0.451430
14.596247 1.587908 22.045801 2.244418
1.320400 0.257138 -1.915374 -0.388354
0.257138 0.117934 -0.366448 -0.137784
-1.915374 -0.366448 3.944064 0.842769
-0.388354 -0.137784 0.842769 0.287251
15.402131 1.590311 23.153706 2.241673
0.611300 0.121987 -0.804809 -0.156353
0.121987 0.084616 -0.136867 -0.078795
-0.804809 -0.136867 2.525549 0.526300
-0.156353 -0.078795 0.526300 0.201038
16.684507 1.689605 23.266202 2.037866
0.390662 0.089361 -0.316497 -0.063527
0.089361 0.073676 -0.039511 -0.051173
-0.316497 -0.039511 1.916592 0.388520
-0.063527 -0.051173 0.388520 0.157651
17.958299 1.789474 23.336788 1.840166
0.337159 0.089068 -0.070354 -0.023760
0.089068 0.069561 0.008263 -0.035725
-0.070354 0.008263 1.728002 0.339049
-0.023760 -0.035725 0.339049 0.135444
18.964540 1.819574 24.051474 1.794502
0.351615 0.100380 0.115260 0.002375
0.100380 0.067947 0.044130 -0.024030
0.115260 0.044130 1.605790 0.301597
0.002375 -0.024030 0.301597 0.117557
19.756969 1.785027 25.114105 1.834983
0.437878 0.126057 0.259330 0.017036
0.126057 0.070054 0.071049 -0.015850
0.259330 0.071049 1.265349 0.223307
0.017036 -0.015850 0.223307 0.094038
20.704429 1.804374 25.792400 1.783297
0.576568 0.160862 0.296245 0.008942
0.160862 0.074505 0.071582 -0.014063
0.296245 0.071582 0.889147 0.149369
0.008942 -0.014063 0.149369 0.075044
21.469575 1.792313 25.679353 1.588814
0.736797 0.195939 0.255234 -0.012343
0.195939 0.078829 0.054126 -0.015904
0.255234 0.054126 0.628194 0.106688
-0.012343 -0.015904 0.106688 0.064553
22.354099 1.784875 26.613628 1.620096
0.913013 0.229245 0.180966 -0.036742
0.229245 0.082403 0.031445 -0.018484
0.180966 0.031445 0.476317 0.088175
-0.036742 -0.018484 0.088175 0.059643
23.128606 1.758920 27.358149 1.613847
1.091064 0.258079 0.064933 -0.065439
0.258079 0.084808 0.002506 -0.021968
0.064933 0.002506 0.391513 0.084369
-0.065439 -0.021968 0.084369 0.058132
24.202118 1.805502 28.039503 1.572316
1.282371 0.285181 -0.071116 -0.094562
0.285181 0.086694 -0.026547 -0.025249
-0.071116 -0.026547 0.363431 0.090481
-0.094562 -0.025249 0.090481 0.058493
25.114201 1.806469 28.866822 1.581943
1.453422 0.304085 -0.237353 -0.125175
0.304085 0.086843 -0.057703 -0.028590
-0.237353 -0.057703 0.387277 0.105611
-0.125175 -0.028590 0.105611 0.060569
26.259369 1.850755 29.837857 1.619193
1.637105 0.322338 -0.418314 -0.155512
0.322338 0.086945 -0.087157 -0.031536
-0.418314 -0.087157 0.452966 0.125913
-0.155512 -0.031536 0.125913 0.063275
26.755769 1.772662 30.361833 1.554762
1.820476 0.337600 -0.616541 -0.185868
0.337600 0.086558 -0.115522 -0.034199
-0.616541 -0.115522 0.559284 0.150977
-0.185868 -0.034199 0.150977 0.066559
27.541000 1.752942 30.906430 1.496706
2.050858 0.358709 -0.832108 -0.216619
0.358709 0.087315 -0.142890 -0.036688
-0.832108 -0.142890 0.694020 0.177360
-0.216619 -0.036688 0.177360 0.069565
28.916584 1.841360 31.757347 1.526253
2.292731 0.378636 -1.068731 -0.247959
0.378636 0.087825 -0.169963 -0.039063
-1.068731 -0.169963 0.863786 0.206682
-0.247959 -0.039063 0.206682 0.072789
29.197913 1.730325 32.446998 1.496544
2.501103 0.390050 -1.320269 -0.279066
0.390050 0.086907 -0.195422 -0.041135
-1.320269 -0.195422 1.076989 0.240755
-0.279066 -0.041135 0.240755 0.076700
30.021530 1.729377 33.361876 1.535623
2.802480 0.414657 -1.605895 -0.311819
0.414657 0.088246 -0.223379 -0.043460
-1.605895 -0.223379 1.311033 0.272980
-0.311819 -0.043460 0.272980 0.079592
30.991523 1.755062 34.311148 1.582091
3.143960 0.442397 -1.920319 -0.345329
0.442397 0.089962 -0.252482 -0.045808
-1.920319 -0.252482 1.573970 0.305621
-0.345329 -0.045808 0.305621 0.082202
31.336034 1.645922 34.706243 1.469147
3.513877 0.471000 -2.264201 -0.379833
0.471000 0.091656 -0.282523 -0.048169
-2.264201 -0.282523 1.870306 0.339635
-0.379833 -0.048169 0.339635 0.084809
32.005398 1.617253 35.385548 1.449688
3.932410 0.503716 -2.638475 -0.414371
0.503716 0.093843 -0.314117 -0.050515
-2.638475 -0.314117 2.190224 0.372564
-0.414371 -0.050515 0.372564 0.086916
32.650751 1.588854 36.088113 1.436629
4.388236 0.538254 -3.043751 -0.449458
0.538254 0.096120 -0.346925 -0.052856
-3.043751 -0.346925 2.538821 0.405719
-0.449458 -0.052856 0.405719 0.088886
33.972975 1.687345 36.981216 1.502458
4.885530 0.575123 -3.480387 -0.484810
0.575123 0.098562 -0.381051 -0.055176
-3.480387 -0.381051 2.913528 0.438545
-0.484810 -0.055176 0.438545 0.090646
34.722018 1.700112 38.138566 1.582298
5.366051 0.604657 -3.947024 -0.523373
0.604657 0.099753 -0.413913 -0.057475
-3.947024 -0.413913 3.346264 0.477926
-0.523373 -0.057475 0.477926 0.093513
35.735994 1.753613 39.297254 1.667505
5.927061 0.642920 -4.452086 -0.560748
0.642920 0.102100 -0.450267 -0.059805
-4.452086 -0.450267 3.792794 0.513290
-0.560748 -0.059805 0.513290 0.095404
36.240959 1.687442 40.054251 1.628998
6.533701 0.683653 -4.991928 -0.598409
0.683653 0.104624 -0.488093 -0.062116
-4.991928 -0.488093 4.267122 0.548324
-0.598409 -0.062116 0.548324 0.097124
36.982759 1.689198 41.102448 1.668558
7.198412 0.729178 -5.559521 -0.634132
0.729178 0.107664 -0.527644 -0.064309
-5.559521 -0.527644 4.749442 0.579672
-0.634132 -0.064309 0.579672 0.098180
37.702921 1.689921 42.195414 1.710485
7.916808 0.778486 -6.152190 -0.667984
0.778486 0.111046 -0.568429 -0.066366
-6.152190 -0.568429 5.237577 0.607695
-0.667984 -0.066366 0.607695 0.098738
38.074932 1.639028 43.350009 1.735382
8.687444 0.831420 -6.763718 -0.699181
0.831420 0.114748 -0.610016 -0.068235
-6.763718 -0.610016 5.722222 0.631581
-0.699181 -0.068235 0.631581 0.098763
38.952756 1.621787 43.899729 1.679435
9.488698 0.888937 -7.336124 -0.718721
0.888937 0.119118 -0.649598 -0.069345
-7.336124 -0.649598 6.124733 0.641188
-0.718721 -0.069345 0.641188 0.097040
39.912453 1.596763 44.166660 1.583011
10.363704 0.945009 -8.011965 -0.751775
0.945009 0.122686 -0.692473 -0.071221
-8.011965 -0.692473 6.645722 0.665706
-0.751775 -0.071221 0.665706 0.097433
40.624062 1.573995 44.848449 1.556233
11.217640 0.988640 -8.752736 -0.796563
0.988640 0.124361 -0.732697 -0.073478
-8.752736 -0.732697 7.283601 0.705844
-0.796563 -0.073478 0.705844 0.099931
