-1.477906 0.370919 2.591615 0.144621
41.463505 16.585761 -56.479068 -22.592117
16.585761 86.638515 -22.592117 -9.037042
-56.479068 -22.592117 80.538224 32.215988
-22.592117 -9.037042 32.215988 92.890741
0.907449 4.464960 4.221807 3.055965
73.415674 47.228834 -87.290599 -36.886372
47.228834 51.358217 -54.304678 -43.345926
-87.290599 -54.304678 106.669997 46.631457
-36.886372 -43.345926 46.631457 55.794080
2.556118 3.725430 4.294060 1.398689
116.295970 62.035073 -132.577633 -57.776936
62.035073 44.218330 -70.242425 -44.058595
-132.577633 -70.242425 153.505645 68.038606
-57.776936 -44.058595 68.038606 50.270340
-0.194976 1.674497 10.247952 3.514309
156.648097 69.563673 -164.504653 -59.736508
69.563673 37.728371 -73.061861 -35.107257
-164.504653 -73.061861 174.607276 64.344065
-59.736508 -35.107257 64.344065 35.874278
0.839637 1.746991 11.814028 3.458152
9.066858 4.000854 -12.905202 -6.241990
4.000854 6.272637 -6.109050 -8.629091
-12.905202 -6.109050 20.919624 11.148208
-6.241990 -8.629091 11.148208 13.579329
1.592738 1.688712 13.686524 3.527340
7.704263 3.791981 -13.627143 -6.937827
3.791981 4.662125 -6.748475 -6.881606
-13.627143 -6.748475 27.037713 13.926998
-6.937827 -6.881606 13.926998 11.673232
4.074850 2.505108 12.802911 2.255299
6.480012 2.901283 -13.495628 -5.986572
2.901283 2.985882 -5.665048 -4.594648
-13.495628 -5.665048 31.572805 13.561907
-5.986572 -4.594648 13.561907 8.549850
6.127512 2.582213 10.583496 1.279700
9.852535 4.293745 -19.798368 -8.037161
4.293745 2.884710 -8.153974 -4.585189
-19.798368 -8.153974 42.820935 16.714231
-8.037161 -4.585189 16.714231 8.236974
7.594819 2.582921 10.447627 1.099034
8.726268 3.858007 -13.897465 -5.638026
3.858007 2.312339 -5.827536 -3.151492
-13.897465 -5.827536 24.164583 9.253309
-5.638026 -3.151492 9.253309 4.656126
9.403913 2.692855 9.519778 0.724350
9.936845 4.020532 -13.604159 -5.201614
4.020532 2.009040 -5.313156 -2.532461
-13.604159 -5.313156 20.102006 7.320633
-5.201614 -2.532461 7.320633 3.404458
11.340788 2.877055 8.873125 0.427737
9.018330 3.306558 -10.420617 -3.768334
3.306558 1.470282 -3.714447 -1.679753
-10.420617 -3.714447 13.115716 4.518486
-3.768334 -1.679753 4.518486 2.069652
13.955156 3.236343 7.499950 -0.043116
7.432778 2.453804 -7.201527 -2.449604
2.453804 0.995131 -2.325363 -1.027751
-7.201527 -2.325363 7.784806 2.523636
-2.449604 -1.027751 2.523636 1.188408
13.810669 2.731502 9.501239 0.543919
4.962014 1.474149 -3.788261 -1.212670
1.474149 0.577636 -1.108278 -0.527458
-3.788261 -1.108278 3.509688 1.068318
-1.212670 -0.527458 1.068318 0.600737
13.086073 2.153138 12.835840 1.426407
5.918522 1.581890 -4.187900 -1.218958
1.581890 0.532453 -1.126078 -0.456537
-4.187900 -1.126078 3.506591 1.017583
-1.218958 -0.456537 1.017583 0.504140
15.393232 2.430856 13.192532 1.362274
6.752792 1.649017 -5.180773 -1.388922
1.649017 0.491861 -1.286582 -0.442969
-5.180773 -1.286582 4.527733 1.243441
-1.388922 -0.442969 1.243441 0.502702
16.746931 2.483997 13.271068 1.173564
8.089132 1.788994 -6.064310 -1.453856
1.788994 0.470320 -1.365083 -0.403138
-6.064310 -1.365083 5.074849 1.263507
-1.453856 -0.403138 1.263507 0.441742
16.819965 2.239346 14.917069 1.423670
7.861240 1.566972 -5.381575 -1.114408
1.566972 0.376836 -1.094777 -0.286649
-5.381575 -1.094777 4.175037 0.922882
-1.114408 -0.286649 0.922882 0.307356
17.262396 2.109724 16.204210 1.548097
9.128461 1.680895 -6.216700 -1.183312
1.680895 0.366984 -1.165533 -0.270091
-6.216700 -1.165533 4.716513 0.960904
-1.183312 -0.270091 0.960904 0.281442
17.563499 1.993965 17.140235 1.529105
10.006640 1.718686 -7.011938 -1.261688
1.718686 0.347677 -1.222521 -0.259321
-7.011938 -1.222521 5.399527 1.035452
-1.261688 -0.259321 1.035452 0.270668
15.905481 1.573954 19.578517 1.783381
9.879876 1.593204 -7.281008 -1.260081
1.593204 0.305866 -1.188400 -0.238198
-7.281008 -1.188400 5.862888 1.076842
-1.260081 -0.238198 1.076842 0.259386
15.240679 1.353626 21.585193 1.967615
2.167436 0.332188 -1.845561 -0.326267
0.332188 0.097405 -0.293932 -0.079360
-1.845561 -0.293932 2.188520 0.452465
-0.326267 -0.079360 0.452465 0.145865
16.910164 1.503305 21.824147 1.852817
0.827083 0.125159 -0.704580 -0.117742
0.125159 0.063497 -0.110892 -0.041776
-0.704580 -0.110892 1.400207 0.310776
-0.117742 -0.041776 0.310776 0.114365
17.651541 1.502077 22.886263 1.885158
0.527352 0.086209 -0.424913 -0.068999
0.086209 0.056763 -0.065854 -0.030428
-0.424913 -0.065854 1.360899 0.303346
-0.068999 -0.030428 0.303346 0.107881
18.003207 1.431487 24.502264 2.018818
0.381369 0.071459 -0.172077 -0.021509
0.071459 0.053781 -0.022216 -0.019176
-0.172077 -0.022216 1.243509 0.272406
-0.021509 -0.019176 0.272406 0.096312
19.068030 1.499250 24.438724 1.799642
0.364030 0.079057 0.032478 0.015485
0.079057 0.054670 0.014346 -0.009880
0.032478 0.014346 1.003644 0.213501
0.015485 -0.009880 0.213501 0.079455
19.625071 1.453084 26.185325 1.973143
0.417215 0.098123 0.157813 0.033635
0.098123 0.057402 0.036345 -0.004370
0.157813 0.036345 0.870745 0.179433
0.033635 -0.004370 0.179433 0.069096
20.429454 1.469754 27.375547 2.013591
0.526610 0.126994 0.209760 0.035186
0.126994 0.062026 0.043237 -0.002501
0.209760 0.043237 0.687046 0.137222
0.035186 -0.002501 0.137222 0.058116
21.147861 1.472832 28.070333 1.949314
0.662401 0.158358 0.210897 0.026356
0.158358 0.066861 0.039498 -0.002993
0.210897 0.039498 0.544627 0.107418
0.026356 -0.002993 0.107418 0.050848
21.958164 1.485088 29.223916 1.985110
0.820386 0.190564 0.186514 0.013355
0.190564 0.071479 0.031070 -0.004393
0.186514 0.031070 0.447257 0.089418
0.013355 -0.004393 0.089418 0.046687
22.411809 1.437612 29.670187 1.874378
0.995650 0.222318 0.135694 -0.003572
0.222318 0.075646 0.018165 -0.006578
0.135694 0.018165 0.379642 0.079142
-0.003572 -0.006578 0.079142 0.044494
23.258187 1.455846 30.886135 1.933830
1.200927 0.255717 0.076273 -0.020532
0.255717 0.079745 0.005221 -0.008597
0.076273 0.005221 0.338850 0.074754
-0.020532 -0.008597 0.074754 0.043576
23.796424 1.428462 31.480210 1.851617
1.421285 0.287749 -0.007504 -0.040647
0.287749 0.083253 -0.010881 -0.011116
-0.007504 -0.010881 0.317674 0.074676
-0.040647 -0.011116 0.074676 0.043589
24.597762 1.442093 32.531345 1.879823
1.668591 0.320536 -0.106269 -0.061730
0.320536 0.086598 -0.027712 -0.013604
-0.106269 -0.027712 0.314606 0.077858
-0.061730 -0.013604 0.077858 0.044156
25.304140 1.441806 33.328818 1.845198
1.932131 0.352037 -0.227108 -0.085114
0.352037 0.089442 -0.046394 -0.016311
-0.227108 -0.046394 0.329755 0.084152
-0.085114 -0.016311 0.084152 0.045242
25.898289 1.420058 34.253631 1.846828
2.214565 0.382786 -0.368644 -0.110253
0.382786 0.091934 -0.066306 -0.019095
-0.368644 -0.066306 0.363110 0.093139
-0.110253 -0.019095 0.093139 0.046698
26.183684 1.350460 34.963634 1.794272
2.531071 0.415310 -0.527467 -0.136068
0.415310 0.094526 -0.086627 -0.021760
-0.527467 -0.086627 0.412310 0.103861
-0.136068 -0.021760 0.103861 0.048261
26.989141 1.371171 35.879974 1.799709
2.903102 0.452759 -0.698978 -0.160974
0.452759 0.097707 -0.106597 -0.024089
-0.698978 -0.106597 0.471926 0.114775
-0.160974 -0.024089 0.114775 0.049572
27.712048 1.375560 36.696266 1.779217
3.290041 0.488108 -0.897410 -0.188665
0.488108 0.100304 -0.128342 -0.026675
-0.897410 -0.128342 0.551399 0.128142
-0.188665 -0.026675 0.128142 0.051233
28.332446 1.366266 37.616231 1.785667
3.696550 0.522297 -1.121271 -0.218376
0.522297 0.102532 -0.151337 -0.029363
-1.121271 -0.151337 0.650764 0.143585
-0.218376 -0.029363 0.143585 0.053120
29.098395 1.380490 38.585510 1.806352
4.141909 0.558304 -1.368522 -0.248890
0.558304 0.104876 -0.175184 -0.031985
-1.368522 -0.175184 0.767063 0.160076
-0.248890 -0.031985 0.160076 0.054980
29.323453 1.310871 39.381096 1.767774
4.612768 0.593943 -1.642360 -0.281059
0.593943 0.107005 -0.200103 -0.034646
-1.642360 -0.200103 0.904284 0.178335
-0.281059 -0.034646 0.178335 0.056988
30.510089 1.403438 40.722464 1.894882
5.166428 0.637574 -1.934349 -0.310804
0.637574 0.110132 -0.225423 -0.036924
-1.934349 -0.225423 1.047148 0.194622
-0.310804 -0.036924 0.194622 0.058347
31.734352 1.491014 42.022977 1.997482
5.716730 0.675899 -2.260895 -0.345023
0.675899 0.112293 -0.252225 -0.039542
-2.260895 -0.252225 1.221486 0.214896
-0.345023 -0.039542 0.214896 0.060372
32.133974 1.441670 42.965495 1.971037
6.251804 0.708119 -2.617130 -0.382524
0.708119 0.113523 -0.279611 -0.042301
-2.617130 -0.279611 1.428179 0.238904
-0.382524 -0.042301 0.238904 0.062940
32.917580 1.429925 43.584466 1.887887
6.882663 0.749640 -3.002662 -0.418318
0.749640 0.115903 -0.308601 -0.044815
-3.002662 -0.308601 1.646547 0.261231
-0.418318 -0.044815 0.261231 0.064904
33.449248 1.401594 44.455974 1.863027
7.519170 0.787639 -3.419543 -0.456796
0.787639 0.117695 -0.338213 -0.047420
-3.419543 -0.338213 1.896152 0.286531
-0.456796 -0.047420 0.286531 0.067251
33.745910 1.360684 45.576091 1.887003
8.227148 0.831061 -3.867754 -0.494537
0.831061 0.120066 -0.369275 -0.049884
-3.867754 -0.369275 2.163025 0.311156
-0.494537 -0.049884 0.311156 0.069250
34.447859 1.350405 46.319660 1.843001
9.040591 0.884753 -4.333291 -0.526644
0.884753 0.123616 -0.401405 -0.051883
-4.333291 -0.401405 2.423785 0.330616
-0.526644 -0.051883 0.330616 0.070192
35.373087 1.380249 47.209024 1.848895
9.889371 0.937392 -4.836650 -0.561980
0.937392 0.126782 -0.434664 -0.054059
-4.836650 -0.434664 2.714562 0.352695
-0.561980 -0.054059 0.352695 0.071519
36.181378 1.392266 48.091032 1.845965
10.748087 0.985739 -5.379901 -0.601979
0.985739 0.129227 -0.468559 -0.056462
-5.379901 -0.468559 3.044836 0.379005
-0.601979 -0.056462 0.379005 0.073451
