4.192115 2.638977 1.267142 -0.385179
2.490737 0.996316 -0.101026 -0.040411
0.996316 80.402602 -0.040411 -0.016165
-0.101026 -0.040411 2.420540 0.968237
-0.040411 -0.016165 0.968237 80.391370
4.038595 0.031534 -2.879773 -7.328942
2.242716 3.916411 -0.094068 -0.145243
3.916411 15.287440 -0.144297 -0.510454
-0.094068 -0.144297 2.285410 4.004884
-0.145243 -0.510454 4.004884 15.263551
4.787166 0.891750 -1.950192 -2.036876
1.957602 2.267360 -0.118657 -0.132421
2.267360 4.527065 -0.132358 -0.222837
-0.118657 -0.132358 2.061510 2.373767
-0.132421 -0.222837 2.373767 4.600596
5.133699 0.819752 1.298522 1.535029
1.683087 1.423897 -0.093970 -0.074595
1.423897 1.902467 -0.074548 -0.088687
-0.093970 -0.074548 1.756811 1.470446
-0.074595 -0.088687 1.470446 1.923125
5.942282 1.089344 4.554673 3.168831
1.467104 0.973051 -0.069696 -0.043192
0.973051 0.976732 -0.043147 -0.041415
-0.069696 -0.043147 1.502260 0.985703
-0.043192 -0.041415 0.985703 0.978331
5.919718 0.779629 5.597255 2.875592
1.294747 0.705395 -0.050789 -0.026152
0.705395 0.569170 -0.026103 -0.021773
-0.050789 -0.026103 1.306833 0.705850
-0.026152 -0.021773 0.705850 0.567299
8.226704 1.666261 6.565674 2.660525
1.155141 0.534341 -0.040754 -0.018291
0.534341 0.362825 -0.018257 -0.013337
-0.040754 -0.018257 1.157082 0.531982
-0.018291 -0.013337 0.531982 0.361376
9.215649 1.728825 6.190435 1.976420
1.039272 0.418489 -0.032094 -0.012841
0.418489 0.247621 -0.012814 -0.008488
-0.032094 -0.012814 1.040805 0.417486
-0.012841 -0.008488 0.417486 0.247471
9.931906 1.675784 7.591997 2.123912
0.943675 0.337438 -0.026863 -0.009771
0.337438 0.178920 -0.009753 -0.005841
-0.026863 -0.009753 0.947534 0.338036
-0.009771 -0.005841 0.338036 0.179538
10.935830 1.729484 8.293601 2.007691
0.865630 0.279445 -0.022495 -0.007522
0.279445 0.135915 -0.007509 -0.004130
-0.022495 -0.007509 0.869681 0.280373
-0.007522 -0.004130 0.280373 0.136604
12.230245 1.856479 9.337731 2.019438
0.800474 0.236620 -0.018979 -0.005889
0.236620 0.107798 -0.005881 -0.002999
-0.018979 -0.005881 0.804826 0.237737
-0.005889 -0.002999 0.237737 0.108465
13.355538 1.910668 9.816887 1.873993
0.745747 0.204409 -0.015849 -0.004602
0.204409 0.088852 -0.004596 -0.002206
-0.015849 -0.004596 0.750255 0.205578
-0.004602 -0.002206 0.205578 0.089450
13.416313 1.680657 10.890917 1.909499
0.699415 0.179806 -0.013308 -0.003642
0.179806 0.075785 -0.003637 -0.001654
-0.013308 -0.003637 0.704230 0.181022
-0.003642 -0.001654 0.181022 0.076320
14.572874 1.757765 11.628842 1.856590
0.660499 0.160936 -0.011369 -0.002945
0.160936 0.066649 -0.002942 -0.001267
-0.011369 -0.002942 0.664863 0.161986
-0.002945 -0.001267 0.161986 0.067080
15.137482 1.684432 12.845393 1.923855
0.627414 0.146290 -0.009627 -0.002370
0.146290 0.060173 -0.002368 -0.000976
-0.009627 -0.002368 0.631513 0.147229
-0.002370 -0.000976 0.147229 0.060529
15.476230 1.571065 14.173513 2.006327
0.599513 0.134939 -0.008123 -0.001907
0.134939 0.055565 -0.001905 -0.000756
-0.008123 -0.001905 0.603090 0.135716
-0.001907 -0.000756 0.135716 0.055846
17.034673 1.740320 15.262528 2.025072
0.576061 0.126152 -0.006834 -0.001533
0.126152 0.052282 -0.001532 -0.000589
-0.006834 -0.001532 0.578932 0.126741
-0.001533 -0.000589 0.126741 0.052494
17.415302 1.635298 16.382110 2.048030
0.556264 0.119338 -0.005603 -0.001203
0.119338 0.049944 -0.001202 -0.000455
-0.005603 -0.001202 0.558671 0.119809
-0.001203 -0.000455 0.119809 0.050111
17.725210 1.527969 17.721190 2.114588
0.539771 0.114116 -0.004581 -0.000943
0.114116 0.048296 -0.000942 -0.000354
-0.004581 -0.000942 0.541682 0.114471
-0.000943 -0.000354 0.114471 0.048424
18.353006 1.499510 19.423795 2.249620
0.526149 0.110156 -0.003712 -0.000734
0.110156 0.047150 -0.000733 -0.000275
-0.003712 -0.000733 0.527548 0.110399
-0.000734 -0.000275 0.110399 0.047243
19.007269 1.479596 20.184837 2.173927
0.514984 0.107189 -0.002937 -0.000557
0.107189 0.046365 -0.000557 -0.000213
-0.002937 -0.000557 0.515926 0.107340
-0.000557 -0.000213 0.107340 0.046432
19.504355 1.429208 21.157533 2.150192
0.505897 0.104997 -0.002301 -0.000420
0.104997 0.045839 -0.000419 -0.000165
-0.002301 -0.000419 0.506522 0.105090
-0.000420 -0.000165 0.105090 0.045889
19.669389 1.315236 22.343156 2.173048
0.498603 0.103414 -0.001778 -0.000313
0.103414 0.045498 -0.000312 -0.000129
-0.001778 -0.000312 0.499005 0.103470
-0.000313 -0.000129 0.103470 0.045537
19.463589 1.135985 23.188305 2.122863
0.492835 0.102301 -0.001342 -0.000228
0.102301 0.045286 -0.000227 -0.000100
-0.001342 -0.000227 0.493088 0.102337
-0.000228 -0.000100 0.102337 0.045317
20.275038 1.186597 24.111916 2.094228
0.488350 0.101548 -0.000979 -0.000160
0.101548 0.045161 -0.000160 -0.000078
-0.000979 -0.000160 0.488504 0.101572
-0.000160 -0.000078 0.101572 0.045186
20.590003 1.128578 24.973118 2.055464
0.484887 0.101054 -0.000699 -0.000112
0.101054 0.045091 -0.000112 -0.000062
-0.000699 -0.000112 0.485060 0.101088
-0.000112 -0.000062 0.101088 0.045117
21.657647 1.233735 26.061731 2.068208
0.482265 0.100749 -0.000481 -0.000076
0.100749 0.045056 -0.000076 -0.000049
-0.000481 -0.000076 0.482531 0.100806
-0.000076 -0.000049 0.100806 0.045084
21.863638 1.147709 27.421311 2.136350
0.480287 0.100571 -0.000359 -0.000060
0.100571 0.045040 -0.000060 -0.000041
-0.000359 -0.000060 0.480757 0.100671
-0.000060 -0.000041 0.100671 0.045074
22.139621 1.085203 28.541140 2.147185
0.478790 0.100472 -0.000276 -0.000051
0.100472 0.045031 -0.000050 -0.000035
-0.000276 -0.000050 0.479597 0.100637
-0.000051 -0.000035 0.100637 0.045075
22.687381 1.086286 29.287843 2.078470
0.477658 0.100422 -0.000235 -0.000048
0.100422 0.045024 -0.000047 -0.000031
-0.000235 -0.000047 0.478904 0.100668
-0.000048 -0.000031 0.100668 0.045081
23.257726 1.092015 30.084179 2.027340
0.476825 0.100405 -0.000258 -0.000056
0.100405 0.045017 -0.000056 -0.000029
-0.000258 -0.000056 0.478532 0.100730
-0.000056 -0.000029 0.100730 0.045087
23.945805 1.121970 30.924837 1.990883
0.476201 0.100402 -0.000343 -0.000075
0.100402 0.045007 -0.000075 -0.000030
-0.000343 -0.000075 0.478398 0.100807
-0.000075 -0.000030 0.100807 0.045089
24.637229 1.149500 31.911940 1.989125
0.475716 0.100401 -0.000502 -0.000106
0.100401 0.044994 -0.000106 -0.000034
-0.000502 -0.000106 0.478434 0.100887
-0.000106 -0.000034 0.100887 0.045088
25.627896 1.237346 32.868177 1.981045
0.475302 0.100390 -0.000736 -0.000149
0.100390 0.044976 -0.000149 -0.000040
-0.000736 -0.000149 0.478606 0.100968
-0.000149 -0.000040 0.100968 0.045086
26.006777 1.186653 33.369189 1.877746
0.474942 0.100372 -0.001087 -0.000213
0.100372 0.044955 -0.000214 -0.000050
-0.001087 -0.000214 0.478855 0.101042
-0.000213 -0.000050 0.101042 0.045081
26.027632 1.065619 34.310045 1.878127
0.474647 0.100352 -0.001429 -0.000270
0.100352 0.044935 -0.000270 -0.000058
-0.001429 -0.000270 0.479112 0.101099
-0.000270 -0.000058 0.101099 0.045073
26.138902 0.976422 34.816634 1.786833
0.474304 0.100309 -0.001730 -0.000315
0.100309 0.044910 -0.000315 -0.000064
-0.001730 -0.000315 0.479455 0.101162
-0.000315 -0.000064 0.101162 0.045067
27.190525 1.095686 36.255137 1.901903
0.473983 0.100264 -0.001989 -0.000348
0.100264 0.044886 -0.000349 -0.000068
-0.001989 -0.000349 0.479788 0.101211
-0.000348 -0.000068 0.101211 0.045060
27.408011 1.025822 37.359875 1.934271
0.473564 0.100193 -0.002442 -0.000423
0.100193 0.044858 -0.000423 -0.000081
-0.002442 -0.000423 0.480223 0.101275
-0.000423 -0.000081 0.101275 0.045059
28.166382 1.077933 39.013812 2.079124
0.473059 0.100102 -0.002890 -0.000492
0.100102 0.044828 -0.000492 -0.000093
-0.002890 -0.000492 0.480740 0.101350
-0.000492 -0.000093 0.101350 0.045061
29.496242 1.245239 39.780606 2.021884
0.472397 0.099980 -0.003494 -0.000592
0.099980 0.044794 -0.000592 -0.000111
-0.003494 -0.000592 0.481415 0.101452
-0.000592 -0.000111 0.101452 0.045072
30.345916 1.293478 41.253275 2.119229
0.471853 0.099887 -0.004307 -0.000730
0.099887 0.044768 -0.000731 -0.000138
-0.004307 -0.000731 0.481972 0.101524
-0.000730 -0.000138 0.101524 0.045076
31.419765 1.383739 41.924204 2.037590
0.471202 0.099774 -0.005259 -0.000890
0.099774 0.044740 -0.000891 -0.000168
-0.005259 -0.000891 0.482647 0.101618
-0.000890 -0.000168 0.101618 0.045087
32.168610 1.395890 43.089350 2.068420
0.470685 0.099694 -0.006310 -0.001062
0.099694 0.044720 -0.001064 -0.000200
-0.006310 -0.001064 0.483191 0.101681
-0.001062 -0.000200 0.101681 0.045093
32.849325 1.392011 43.791000 1.998457
0.470121 0.099604 -0.007424 -0.001239
0.099604 0.044698 -0.001241 -0.000233
-0.007424 -0.001241 0.483802 0.101759
-0.001239 -0.000233 0.101759 0.045104
33.506615 1.384077 45.120678 2.067900
0.469626 0.099530 -0.008518 -0.001404
0.099530 0.044681 -0.001407 -0.000263
-0.008518 -0.001407 0.484351 0.101825
-0.001404 -0.000263 0.101825 0.045114
33.934727 1.327833 45.859783 2.005683
0.469017 0.099432 -0.009680 -0.001579
0.099432 0.044658 -0.001582 -0.000295
-0.009680 -0.001582 0.485046 0.101922
-0.001579 -0.000295 0.101922 0.045131
34.741386 1.357688 46.488849 1.927332
0.468437 0.099343 -0.010755 -0.001731
0.099343 0.044638 -0.001734 -0.000322
-0.010755 -0.001734 0.485722 0.102014
-0.001731 -0.000322 0.102014 0.045148
35.534007 1.381229 46.986377 1.829612
0.467978 0.099281 -0.011864 -0.001888
0.099281 0.044624 -0.001891 -0.000352
-0.011864 -0.001891 0.486293 0.102084
-0.001888 -0.000352 0.102084 0.045161
36.149137 1.365162 47.870143 1.822988
0.467654 0.099245 -0.012984 -0.002045
0.099245 0.044615 -0.002050 -0.000383
-0.012984 -0.002050 0.486740 0.102129
-0.002045 -0.000383 0.102129 0.045169
