0.533188 1.175374 0.623675 -0.642572
2.470482 0.988214 -0.052654 -0.021062
0.988214 80.399361 -0.021062 -0.008425
-0.052654 -0.021062 2.434012 0.973626
-0.021062 -0.008425 0.973626 80.393525
6.207571 10.083251 3.481608 4.949111
2.259575 3.950257 -0.063372 -0.100684
3.950257 15.297100 -0.100465 -0.310091
-0.063372 -0.100465 2.263810 3.964818
-0.100684 -0.310091 3.964818 15.229704
8.120826 6.457202 1.953345 0.322960
1.993850 2.304964 -0.029220 -0.029166
2.304964 4.556842 -0.029046 -0.069989
-0.029220 -0.029046 2.009433 2.318696
-0.029166 -0.069989 2.318696 4.547182
8.189525 3.793376 2.689574 0.806279
1.701836 1.434657 -0.024979 -0.021129
1.434657 1.906393 -0.021096 -0.033644
-0.024979 -0.021096 1.726907 1.451440
-0.021129 -0.033644 1.451440 1.911297
8.144067 2.509611 2.533560 0.439113
1.471551 0.972930 -0.022897 -0.015917
0.972930 0.975077 -0.015906 -0.018341
-0.022897 -0.015906 1.491503 0.982349
-0.015917 -0.018341 0.982349 0.977097
8.589258 2.068749 4.061325 1.148001
1.290866 0.701791 -0.021438 -0.012372
0.701791 0.566936 -0.012370 -0.011011
-0.021438 -0.012370 1.307406 0.707988
-0.012372 -0.011011 0.707988 0.568289
8.490854 1.545530 4.113662 0.908413
1.148966 0.530945 -0.018634 -0.009141
0.530945 0.361416 -0.009138 -0.006766
-0.018634 -0.009138 1.161015 0.534473
-0.009141 -0.006766 0.534473 0.362029
9.818776 1.768746 5.369811 1.229940
1.034579 0.416536 -0.016783 -0.007144
0.416536 0.247094 -0.007141 -0.004490
-0.016783 -0.007141 1.044097 0.418909
-0.007144 -0.004490 0.418909 0.247535
10.319305 1.631259 6.632474 1.461021
0.941177 0.336674 -0.014266 -0.005371
0.336674 0.178884 -0.005368 -0.002995
-0.014266 -0.005368 0.948958 0.338399
-0.005371 -0.002995 0.338399 0.179244
11.110893 1.623424 7.690633 1.566572
0.864204 0.279164 -0.012104 -0.004097
0.279164 0.136010 -0.004094 -0.002068
-0.012104 -0.004094 0.870279 0.280346
-0.004097 -0.002068 0.280346 0.136270
11.733714 1.567397 9.442906 1.852554
0.799913 0.236634 -0.010229 -0.003153
0.236634 0.107941 -0.003150 -0.001466
-0.010229 -0.003150 0.804731 0.237480
-0.003153 -0.001466 0.237480 0.108144
11.831136 1.379137 10.426315 1.868272
0.745988 0.204634 -0.008543 -0.002425
0.204634 0.089015 -0.002422 -0.001056
-0.008543 -0.002422 0.749498 0.205162
-0.002425 -0.001056 0.205162 0.089154
13.344104 1.591032 10.303823 1.596871
0.700404 0.180188 -0.007260 -0.001914
0.180188 0.075955 -0.001911 -0.000784
-0.007260 -0.001911 0.702830 0.180488
-0.001914 -0.000784 0.180488 0.076049
13.919274 1.537292 12.060094 1.830050
0.661420 0.161251 -0.006168 -0.001520
0.161251 0.066774 -0.001518 -0.000591
-0.006168 -0.001518 0.663603 0.161546
-0.001520 -0.000591 0.161546 0.066877
14.892301 1.584974 13.448871 1.940426
0.628466 0.146597 -0.005169 -0.001197
0.146597 0.060277 -0.001195 -0.000448
-0.005169 -0.001195 0.630180 0.146818
-0.001197 -0.000448 0.146818 0.060364
15.901900 1.633890 15.125153 2.099246
0.600530 0.135204 -0.004265 -0.000932
0.135204 0.055645 -0.000931 -0.000340
-0.004265 -0.000931 0.601840 0.135366
-0.000932 -0.000340 0.135366 0.055719
16.406586 1.565492 16.071536 2.076629
0.576929 0.126357 -0.003448 -0.000713
0.126357 0.052340 -0.000712 -0.000258
-0.003448 -0.000712 0.577869 0.126465
-0.000713 -0.000258 0.126465 0.052400
17.217626 1.571579 17.294681 2.116262
0.557064 0.119511 -0.002787 -0.000548
0.119511 0.049989 -0.000547 -0.000198
-0.002787 -0.000547 0.557712 0.119580
-0.000548 -0.000198 0.119580 0.050038
17.611678 1.488723 17.923470 2.025499
0.540449 0.114249 -0.002224 -0.000416
0.114249 0.048328 -0.000416 -0.000152
-0.002224 -0.000416 0.540874 0.114291
-0.000416 -0.000152 0.114291 0.048370
17.833570 1.379398 19.344263 2.110839
0.526662 0.110245 -0.001777 -0.000318
0.110245 0.047170 -0.000318 -0.000119
-0.001777 -0.000318 0.526926 0.110271
-0.000318 -0.000119 0.110271 0.047206
18.355589 1.344564 20.996193 2.234939
0.515356 0.107245 -0.001398 -0.000240
0.107245 0.046378 -0.000239 -0.000093
-0.001398 -0.000239 0.515464 0.107253
-0.000240 -0.000093 0.107253 0.046407
18.505305 1.236153 22.364815 2.287004
0.506173 0.105032 -0.001066 -0.000174
0.105032 0.045848 -0.000174 -0.000072
-0.001066 -0.000174 0.506170 0.105029
-0.000174 -0.000072 0.105029 0.045871
18.699151 1.148173 23.401376 2.264792
0.498807 0.103435 -0.000784 -0.000122
0.103435 0.045504 -0.000122 -0.000056
-0.000784 -0.000122 0.498738 0.103428
-0.000122 -0.000056 0.103428 0.045524
19.857457 1.269377 23.856190 2.124186
0.492978 0.102313 -0.000550 -0.000081
0.102313 0.045289 -0.000081 -0.000043
-0.000550 -0.000081 0.492891 0.102309
-0.000081 -0.000043 0.102309 0.045307
20.226409 1.214126 24.873369 2.114833
0.488426 0.101549 -0.000385 -0.000056
0.101549 0.045162 -0.000055 -0.000035
-0.000385 -0.000055 0.488382 0.101558
-0.000056 -0.000035 0.101558 0.045180
20.778690 1.202718 26.159373 2.162474
0.484936 0.101052 -0.000256 -0.000037
0.101052 0.045093 -0.000037 -0.000028
-0.000256 -0.000037 0.484973 0.101080
-0.000037 -0.000028 0.101080 0.045112
21.560476 1.240399 26.822381 2.075098
0.482294 0.100746 -0.000162 -0.000024
0.100746 0.045058 -0.000024 -0.000023
-0.000162 -0.000024 0.482470 0.100801
-0.000024 -0.000023 0.100801 0.045080
22.361955 1.278352 27.335368 1.965250
0.480344 0.100576 -0.000115 -0.000020
0.100576 0.045044 -0.000020 -0.000020
-0.000115 -0.000020 0.480675 0.100659
-0.000020 -0.000020 0.100659 0.045068
22.680168 1.211003 28.014520 1.901568
0.478943 0.100499 -0.000109 -0.000024
0.100499 0.045039 -0.000024 -0.000018
-0.000109 -0.000024 0.479422 0.100605
-0.000024 -0.000018 0.100605 0.045066
23.196259 1.192205 29.185464 1.947850
0.477953 0.100479 -0.000121 -0.000029
0.100479 0.045038 -0.000029 -0.000017
-0.000121 -0.000029 0.478591 0.100608
-0.000029 -0.000017 0.100608 0.045067
23.847156 1.203742 30.182924 1.952804
0.477244 0.100484 -0.000161 -0.000038
0.100484 0.045035 -0.000038 -0.000017
-0.000161 -0.000038 0.478097 0.100648
-0.000038 -0.000017 0.100648 0.045069
24.638437 1.243673 30.869726 1.891770
0.476741 0.100501 -0.000235 -0.000053
0.100501 0.045028 -0.000053 -0.000018
-0.000235 -0.000053 0.477843 0.100705
-0.000053 -0.000018 0.100705 0.045068
24.854234 1.157996 32.039362 1.938963
0.476397 0.100523 -0.000347 -0.000073
0.100523 0.045018 -0.000073 -0.000021
-0.000347 -0.000073 0.477738 0.100763
-0.000073 -0.000021 0.100763 0.045064
25.509407 1.174077 32.683986 1.870410
0.476117 0.100533 -0.000465 -0.000093
0.100533 0.045003 -0.000093 -0.000023
-0.000465 -0.000093 0.477775 0.100823
-0.000093 -0.000023 0.100823 0.045058
25.992951 1.152227 34.167091 1.986064
0.475912 0.100538 -0.000610 -0.000117
0.100538 0.044987 -0.000117 -0.000026
-0.000610 -0.000117 0.477865 0.100873
-0.000117 -0.000026 0.100873 0.045049
26.682161 1.176130 35.249430 2.004923
0.475680 0.100522 -0.000791 -0.000147
0.100522 0.044966 -0.000147 -0.000031
-0.000791 -0.000147 0.478054 0.100925
-0.000147 -0.000031 0.100925 0.045041
27.316918 1.185975 35.871386 1.924596
0.475448 0.100495 -0.001015 -0.000184
0.100495 0.044944 -0.000184 -0.000037
-0.001015 -0.000184 0.478280 0.100972
-0.000184 -0.000037 0.100972 0.045032
27.835316 1.170206 36.816086 1.920874
0.475246 0.100466 -0.001257 -0.000223
0.100466 0.044923 -0.000223 -0.000043
-0.001257 -0.000223 0.478487 0.101003
-0.000223 -0.000043 0.101003 0.045022
28.259241 1.136117 37.669006 1.898164
0.475027 0.100428 -0.001520 -0.000264
0.100428 0.044902 -0.000264 -0.000050
-0.001520 -0.000264 0.478709 0.101031
-0.000264 -0.000050 0.101031 0.045013
28.373474 1.040170 38.651526 1.905150
0.474793 0.100385 -0.001789 -0.000305
0.100385 0.044882 -0.000305 -0.000057
-0.001789 -0.000305 0.478936 0.101055
-0.000305 -0.000057 0.101055 0.045006
29.533084 1.175367 39.478341 1.878742
0.474515 0.100331 -0.002036 -0.000339
0.100331 0.044861 -0.000340 -0.000063
-0.002036 -0.000340 0.479196 0.101085
-0.000339 -0.000063 0.101085 0.045001
30.479363 1.251205 40.467155 1.889251
0.474264 0.100284 -0.002383 -0.000395
0.100284 0.044844 -0.000395 -0.000073
-0.002383 -0.000395 0.479420 0.101104
-0.000395 -0.000073 0.101104 0.044997
31.178277 1.266802 41.762783 1.963274
0.474009 0.100236 -0.002803 -0.000463
0.100236 0.044828 -0.000463 -0.000087
-0.002803 -0.000463 0.479643 0.101124
-0.000463 -0.000087 0.101124 0.044994
32.380076 1.386978 42.646934 1.942907
0.473696 0.100178 -0.003277 -0.000540
0.100178 0.044811 -0.000540 -0.000101
-0.003277 -0.000540 0.479921 0.101156
-0.000540 -0.000101 0.101156 0.044995
33.217908 1.417398 43.326712 1.881498
0.473424 0.100130 -0.003844 -0.000633
0.100130 0.044798 -0.000633 -0.000119
-0.003844 -0.000633 0.480161 0.101180
-0.000633 -0.000119 0.101180 0.044996
34.487118 1.535813 43.927906 1.810210
0.473192 0.100092 -0.004428 -0.000725
0.100092 0.044787 -0.000726 -0.000136
-0.004428 -0.000726 0.480364 0.101197
-0.000725 -0.000136 0.101197 0.044997
34.921814 1.465308 44.809004 1.804982
0.473042 0.100072 -0.005086 -0.000829
0.100072 0.044781 -0.000830 -0.000156
-0.005086 -0.000830 0.480491 0.101201
-0.000829 -0.000156 0.101201 0.044995
35.299889 1.390372 45.855418 1.835080
0.472849 0.100042 -0.005706 -0.000921
0.100042 0.044773 -0.000922 -0.000173
-0.005706 -0.000922 0.480669 0.101218
-0.000921 -0.000173 0.101218 0.044998
36.064429 1.404784 46.385230 1.753491
0.472589 0.099998 -0.006303 -0.001006
0.099998 0.044762 -0.001007 -0.000189
-0.006303 -0.001007 0.480924 0.101254
-0.001006 -0.000189 0.101254 0.045005
36.875658 1.427817 47.261589 1.753494
0.472388 0.099967 -0.006901 -0.001090
0.099967 0.044754 -0.001092 -0.000205
-0.006901 -0.001092 0.481128 0.101278
-0.001090 -0.000205 0.101278 0.045010
