6.318024 3.489359 -0.592625 -1.129102
2.470482 0.988214 -0.052654 -0.021062
0.988214 80.399361 -0.021062 -0.008425
-0.052654 -0.021062 2.434012 0.973626
-0.021062 -0.008425 0.973626 80.393525
3.992023 -3.619009 0.736145 2.168507
2.237990 3.912598 -0.046035 -0.070416
3.912598 15.231396 -0.070059 -0.257008
-0.046035 -0.070059 2.284186 4.000587
-0.070416 -0.257008 4.000587 15.292491
4.247194 -1.227637 2.808891 3.309478
1.998738 2.313960 -0.050846 -0.056765
2.313960 4.567319 -0.056796 -0.102069
-0.050846 -0.056796 2.006235 2.311825
-0.056765 -0.102069 2.311825 4.539046
7.192103 1.772302 4.009928 2.930872
1.716077 1.446766 -0.039230 -0.031681
1.446766 1.914891 -0.031685 -0.040443
-0.039230 -0.031685 1.713559 1.439982
-0.031681 -0.040443 1.439982 1.903166
7.841566 1.615773 5.026303 2.634738
1.480272 0.977694 -0.027583 -0.017570
0.977694 0.976879 -0.017561 -0.018394
-0.027583 -0.017561 1.482952 0.977599
-0.017570 -0.018394 0.977599 0.975224
7.565663 1.027425 7.412999 3.214419
1.297288 0.704366 -0.021399 -0.011504
0.704366 0.567597 -0.011497 -0.010178
-0.021399 -0.011497 1.300856 0.705292
-0.011504 -0.010178 0.705292 0.567537
7.986477 0.984727 7.399812 2.467525
1.154712 0.532884 -0.017085 -0.008012
0.532884 0.361914 -0.008008 -0.006169
-0.017085 -0.008008 1.155088 0.532428
-0.008012 -0.006169 0.532428 0.361480
9.227277 1.285432 9.665139 2.881777
1.039336 0.417893 -0.014621 -0.006105
0.417893 0.247417 -0.006102 -0.004098
-0.014621 -0.006102 1.039148 0.417469
-0.006105 -0.004098 0.417469 0.247183
9.873682 1.286998 10.116860 2.528590
0.945458 0.337771 -0.011808 -0.004458
0.337771 0.179151 -0.004456 -0.002726
-0.011808 -0.004456 0.944498 0.337240
-0.004458 -0.002726 0.337240 0.178961
10.532763 1.292218 10.652731 2.293646
0.867697 0.279947 -0.009876 -0.003418
0.279947 0.136191 -0.003416 -0.001912
-0.009876 -0.003416 0.866644 0.279523
-0.003418 -0.001912 0.279523 0.136081
11.763721 1.465249 10.940305 2.039629
0.802734 0.237194 -0.008413 -0.002692
0.237194 0.108068 -0.002691 -0.001386
-0.008413 -0.002691 0.801807 0.236896
-0.002692 -0.001386 0.236896 0.108015
12.347179 1.424383 11.926824 2.030540
0.747932 0.204948 -0.007186 -0.002143
0.204948 0.089083 -0.002142 -0.001025
-0.007186 -0.002142 0.747487 0.204836
-0.002143 -0.001025 0.204836 0.089087
12.691880 1.329978 12.706661 1.970094
0.701723 0.180356 -0.006137 -0.001715
0.180356 0.075993 -0.001715 -0.000770
-0.006137 -0.001715 0.701464 0.180313
-0.001715 -0.000770 0.180313 0.076012
13.767592 1.430149 12.919150 1.781804
0.662610 0.161411 -0.005283 -0.001390
0.161411 0.066818 -0.001390 -0.000588
-0.005283 -0.001390 0.662380 0.161383
-0.001390 -0.000588 0.161383 0.066835
14.279993 1.382940 13.511732 1.712274
0.629325 0.146695 -0.004551 -0.001132
0.146695 0.060308 -0.001131 -0.000454
-0.004551 -0.001131 0.629301 0.146720
-0.001132 -0.000454 0.146720 0.060334
15.303542 1.457686 14.009209 1.631533
0.601133 0.135262 -0.003931 -0.000926
0.135262 0.055669 -0.000926 -0.000353
-0.003931 -0.000926 0.601228 0.135310
-0.000926 -0.000353 0.135310 0.055695
15.454902 1.331269 14.675304 1.598777
0.577279 0.126375 -0.003364 -0.000752
0.126375 0.052357 -0.000752 -0.000276
-0.003364 -0.000752 0.577519 0.126450
-0.000752 -0.000276 0.126450 0.052384
16.169169 1.341707 16.126732 1.738633
0.557258 0.119511 -0.002897 -0.000615
0.119511 0.050002 -0.000615 -0.000217
-0.002897 -0.000615 0.557523 0.119583
-0.000615 -0.000217 0.119583 0.050025
16.265870 1.220349 16.713048 1.678793
0.540566 0.114246 -0.002433 -0.000491
0.114246 0.048342 -0.000491 -0.000169
-0.002433 -0.000491 0.540763 0.114296
-0.000491 -0.000169 0.114296 0.048357
16.826536 1.210018 17.999388 1.772337
0.526745 0.110246 -0.002053 -0.000394
0.110246 0.047184 -0.000394 -0.000133
-0.002053 -0.000394 0.526849 0.110272
-0.000394 -0.000133 0.110272 0.047192
17.179872 1.157637 18.748448 1.743785
0.515416 0.107249 -0.001692 -0.000308
0.107249 0.046391 -0.000308 -0.000104
-0.001692 -0.000308 0.515410 0.107250
-0.000308 -0.000104 0.107250 0.046393
18.081327 1.224614 19.938303 1.809794
0.506224 0.105041 -0.001382 -0.000238
0.105041 0.045861 -0.000239 -0.000081
-0.001382 -0.000239 0.506124 0.105022
-0.000238 -0.000081 0.105022 0.045858
18.552475 1.195376 21.182688 1.880182
0.498852 0.103446 -0.001093 -0.000178
0.103446 0.045516 -0.000178 -0.000063
-0.001093 -0.000178 0.498698 0.103418
-0.000178 -0.000063 0.103418 0.045512
19.509565 1.269989 22.338175 1.924924
0.493031 0.102328 -0.000837 -0.000127
0.102328 0.045301 -0.000127 -0.000048
-0.000837 -0.000127 0.492841 0.102295
-0.000127 -0.000048 0.102295 0.045296
20.500517 1.344044 23.826223 2.034244
0.488494 0.101567 -0.000620 -0.000087
0.101567 0.045173 -0.000087 -0.000037
-0.000620 -0.000087 0.488318 0.101540
-0.000087 -0.000037 0.101540 0.045169
20.880047 1.283102 24.989679 2.064720
0.485010 0.101072 -0.000446 -0.000058
0.101072 0.045103 -0.000058 -0.000029
-0.000446 -0.000058 0.484901 0.101060
-0.000058 -0.000029 0.101060 0.045102
21.292411 1.235241 26.281267 2.118865
0.482387 0.100769 -0.000312 -0.000037
0.100769 0.045067 -0.000037 -0.000023
-0.000312 -0.000037 0.482379 0.100778
-0.000037 -0.000023 0.100778 0.045071
22.363960 1.330303 27.682534 2.190466
0.480438 0.100599 -0.000214 -0.000024
0.100599 0.045052 -0.000024 -0.000019
-0.000214 -0.000024 0.480581 0.100636
-0.000024 -0.000019 0.100636 0.045060
22.886982 1.300460 28.131789 2.054907
0.479003 0.100513 -0.000179 -0.000023
0.100513 0.045045 -0.000023 -0.000017
-0.000179 -0.000023 0.479362 0.100591
-0.000023 -0.000017 0.100591 0.045061
23.163349 1.221858 28.894343 1.999214
0.477996 0.100488 -0.000177 -0.000028
0.100488 0.045042 -0.000028 -0.000017
-0.000177 -0.000028 0.478548 0.100599
-0.000028 -0.000017 0.100599 0.045063
23.821116 1.231722 30.060741 2.034327
0.477291 0.100494 -0.000194 -0.000035
0.100494 0.045038 -0.000035 -0.000017
-0.000194 -0.000035 0.478050 0.100638
-0.000035 -0.000017 0.100638 0.045065
24.050577 1.150265 30.981074 2.013916
0.476783 0.100509 -0.000253 -0.000049
0.100509 0.045031 -0.000049 -0.000018
-0.000253 -0.000049 0.477801 0.100697
-0.000049 -0.000018 0.100697 0.045065
24.506483 1.125107 31.893770 1.994033
0.476412 0.100525 -0.000323 -0.000062
0.100525 0.045019 -0.000062 -0.000020
-0.000323 -0.000062 0.477724 0.100760
-0.000062 -0.000020 0.100760 0.045062
25.155026 1.143268 33.149749 2.048683
0.476130 0.100535 -0.000417 -0.000080
0.100535 0.045005 -0.000080 -0.000022
-0.000417 -0.000080 0.477762 0.100821
-0.000080 -0.000022 0.100821 0.045057
25.640615 1.125097 34.417277 2.100015
0.475876 0.100530 -0.000556 -0.000105
0.100530 0.044986 -0.000105 -0.000025
-0.000556 -0.000105 0.477901 0.100880
-0.000105 -0.000025 0.100880 0.045050
25.837091 1.047726 35.189145 2.041281
0.475619 0.100510 -0.000726 -0.000134
0.100510 0.044964 -0.000134 -0.000030
-0.000726 -0.000134 0.478115 0.100938
-0.000134 -0.000030 0.100938 0.045043
26.122632 0.997353 36.242271 2.048125
0.475379 0.100482 -0.000887 -0.000160
0.100482 0.044942 -0.000160 -0.000033
-0.000887 -0.000160 0.478349 0.100984
-0.000160 -0.000033 0.100984 0.045034
27.065875 1.091342 37.336330 2.062935
0.475117 0.100442 -0.001057 -0.000186
0.100442 0.044919 -0.000186 -0.000037
-0.001057 -0.000186 0.478615 0.101027
-0.000186 -0.000037 0.101027 0.045026
28.174918 1.210398 37.813063 1.945922
0.474844 0.100395 -0.001307 -0.000227
0.100395 0.044896 -0.000227 -0.000044
-0.001307 -0.000227 0.478891 0.101064
-0.000227 -0.000044 0.101064 0.045019
29.109965 1.280181 39.080371 2.008068
0.474633 0.100359 -0.001626 -0.000281
0.100359 0.044877 -0.000281 -0.000054
-0.001626 -0.000281 0.479096 0.101082
-0.000281 -0.000054 0.101082 0.045010
29.618668 1.252376 39.952398 1.980202
0.474379 0.100311 -0.002021 -0.000348
0.100311 0.044858 -0.000348 -0.000067
-0.002021 -0.000348 0.479335 0.101105
-0.000348 -0.000067 0.101105 0.045004
30.337674 1.271961 40.734879 1.936441
0.474112 0.100261 -0.002416 -0.000411
0.100261 0.044840 -0.000411 -0.000078
-0.002416 -0.000411 0.479576 0.101128
-0.000411 -0.000078 0.101128 0.045001
31.321755 1.345670 42.052230 2.010131
0.473855 0.100214 -0.002836 -0.000476
0.100214 0.044824 -0.000477 -0.000089
-0.002836 -0.000477 0.479801 0.101147
-0.000476 -0.000089 0.101147 0.044998
32.384841 1.428166 42.912974 1.979836
0.473554 0.100158 -0.003347 -0.000558
0.100158 0.044808 -0.000559 -0.000105
-0.003347 -0.000559 0.480069 0.101176
-0.000558 -0.000105 0.101176 0.044999
32.868125 1.379267 43.693089 1.935544
0.473285 0.100111 -0.003923 -0.000651
0.100111 0.044794 -0.000651 -0.000122
-0.003923 -0.000651 0.480307 0.101200
-0.000651 -0.000122 0.101200 0.045000
33.939033 1.459876 44.545073 1.911322
0.473014 0.100065 -0.004470 -0.000733
0.100065 0.044782 -0.000734 -0.000137
-0.004470 -0.000734 0.480550 0.101225
-0.000733 -0.000137 0.101225 0.045002
34.587692 1.442858 45.848899 1.984604
0.472776 0.100027 -0.005088 -0.000827
0.100027 0.044772 -0.000828 -0.000155
-0.005088 -0.000828 0.480766 0.101247
-0.000827 -0.000155 0.101247 0.045005
35.221097 1.423795 46.109686 1.830526
0.472465 0.099974 -0.005741 -0.000927
0.099974 0.044759 -0.000928 -0.000173
-0.005741 -0.000928 0.481069 0.101288
-0.000927 -0.000173 0.101288 0.045012
35.464207 1.324588 47.035846 1.832500
0.472252 0.099944 -0.006340 -0.001012
0.099944 0.044752 -0.001013 -0.000189
-0.006340 -0.001013 0.481277 0.101310
-0.001012 -0.000189 0.101310 0.045016
35.458018 1.183277 48.197668 1.883669
0.471979 0.099900 -0.006890 -0.001085
0.099900 0.044742 -0.001087 -0.000203
-0.006890 -0.001087 0.481555 0.101347
-0.001085 -0.000203 0.101347 0.045023
