4.536326 2.776664 0.857943 -0.548863
2.053490 0.821414 -0.226717 -0.090689
0.821414 80.332639 -0.090689 -0.036276
-0.226717 -0.090689 3.101368 1.240574
-0.090689 -0.036276 1.240574 80.500307
5.866941 2.662834 0.027707 -1.492661
3.099691 5.526136 -0.451997 -0.706548
5.526136 17.001356 -0.770596 -1.845887
-0.451997 -0.770596 1.883652 3.186034
-0.706548 -1.845887 3.186034 15.524442
6.647448 2.091596 1.732554 1.502657
2.694944 2.936495 -0.299924 -0.284710
2.936495 4.922485 -0.307050 -0.487187
-0.299924 -0.307050 1.658645 2.029118
-0.284710 -0.487187 2.029118 4.608258
5.794015 0.600770 3.837904 2.686461
1.855337 1.460040 -0.066839 -0.028629
1.460040 1.828822 -0.047871 -0.102336
-0.066839 -0.047871 1.620318 1.453948
-0.028629 -0.102336 1.453948 2.034920
6.338428 0.755228 5.000922 2.562763
1.375960 0.867638 -0.315190 -0.213735
0.867638 0.885006 -0.206724 -0.180803
-0.315190 -0.206724 1.775155 1.224219
-0.213735 -0.180803 1.224219 1.177967
7.403467 1.120642 5.994950 2.407228
1.318872 0.701214 -0.480945 -0.259597
0.701214 0.565228 -0.252763 -0.158954
-0.480945 -0.252763 1.626824 0.895181
-0.259597 -0.158954 0.895181 0.676151
9.272169 1.717337 6.784051 2.227686
1.221083 0.555992 -0.485596 -0.213105
0.555992 0.374420 -0.209649 -0.106230
-0.485596 -0.209649 1.463413 0.670669
-0.213105 -0.106230 0.670669 0.422205
10.912869 2.032366 7.898612 2.237043
1.074925 0.427700 -0.414041 -0.152296
0.427700 0.253271 -0.149894 -0.064989
-0.414041 -0.149894 1.318789 0.520001
-0.152296 -0.064989 0.520001 0.284065
10.920048 1.674073 9.363180 2.346090
0.955548 0.339159 -0.338510 -0.107059
0.339159 0.181460 -0.105266 -0.040582
-0.338510 -0.105266 1.178338 0.409400
-0.107059 -0.040582 0.409400 0.200915
10.502041 1.266539 10.684428 2.377793
0.885976 0.285107 -0.289721 -0.080738
0.285107 0.139436 -0.080005 -0.027968
-0.289721 -0.080005 1.041897 0.325022
-0.080738 -0.027968 0.325022 0.147804
11.262872 1.287561 10.597846 2.011848
0.841707 0.248592 -0.252002 -0.062893
0.248592 0.112674 -0.063095 -0.020307
-0.252002 -0.063095 0.917396 0.261362
-0.062893 -0.020307 0.261362 0.113184
11.452541 1.161986 11.631760 2.014251
0.788867 0.215901 -0.223324 -0.050875
0.215901 0.092922 -0.051176 -0.015417
-0.223324 -0.051176 0.837202 0.221305
-0.050875 -0.015417 0.221305 0.092262
12.811971 1.355854 11.969230 1.854612
0.746171 0.191328 -0.196701 -0.041212
0.191328 0.079365 -0.041625 -0.011875
-0.196701 -0.041625 0.765704 0.190146
-0.041212 -0.011875 0.190146 0.077727
14.128953 1.516505 13.212093 1.936862
0.698682 0.169496 -0.170662 -0.033152
0.169496 0.069125 -0.033385 -0.009173
-0.170662 -0.033385 0.714502 0.168682
-0.033152 -0.009173 0.168682 0.068182
13.810347 1.263302 14.115856 1.910526
0.655917 0.152126 -0.142986 -0.025719
0.152126 0.061797 -0.025807 -0.006956
-0.142986 -0.025807 0.669658 0.151808
-0.025719 -0.006956 0.151808 0.061354
14.439164 1.257276 14.582874 1.802312
0.625732 0.140028 -0.122415 -0.020609
0.140028 0.056895 -0.020720 -0.005519
-0.122415 -0.020720 0.629015 0.138102
-0.020609 -0.005519 0.138102 0.056332
15.268789 1.299824 15.336202 1.772378
0.598811 0.130293 -0.105114 -0.016692
0.130293 0.053312 -0.016787 -0.004470
-0.105114 -0.016787 0.597063 0.128017
-0.016692 -0.004470 0.128017 0.052860
16.118738 1.342693 16.216172 1.772993
0.575068 0.122529 -0.089086 -0.013354
0.122529 0.050713 -0.013422 -0.003626
-0.089086 -0.013422 0.571090 0.120426
-0.013354 -0.003626 0.120426 0.050423
16.461659 1.274380 17.215089 1.793567
0.554757 0.116475 -0.074130 -0.010461
0.116475 0.048859 -0.010507 -0.002933
-0.074130 -0.010507 0.549738 0.114673
-0.010461 -0.002933 0.114673 0.048707
17.051270 1.270790 18.845755 1.946013
0.539047 0.112105 -0.061049 -0.008105
0.112105 0.047613 -0.008157 -0.002395
-0.061049 -0.008157 0.531359 0.110149
-0.008105 -0.002395 0.110149 0.047465
17.419441 1.216510 19.969667 1.975244
0.526857 0.108976 -0.048114 -0.005873
0.108976 0.046790 -0.005943 -0.001908
-0.048114 -0.005943 0.515414 0.106584
-0.005873 -0.001908 0.106584 0.046567
18.191770 1.251096 21.052341 1.996090
0.517235 0.106711 -0.036803 -0.004060
0.106711 0.046244 -0.004144 -0.001522
-0.036803 -0.004144 0.502688 0.103996
-0.004060 -0.001522 0.103996 0.045962
18.662522 1.220646 22.309592 2.049009
0.508869 0.104929 -0.026924 -0.002588
0.104929 0.045856 -0.002671 -0.001213
-0.026924 -0.002671 0.493517 0.102336
-0.002588 -0.001213 0.102336 0.045598
19.076002 1.179568 23.246657 2.029852
0.501748 0.103561 -0.018370 -0.001401
0.103561 0.045587 -0.001478 -0.000961
-0.018370 -0.001478 0.487117 0.101339
-0.001401 -0.000961 0.101339 0.045391
19.061592 1.054745 24.311073 2.037931
0.495560 0.102486 -0.011434 -0.000537
0.102486 0.045395 -0.000603 -0.000772
-0.011434 -0.000603 0.483116 0.100859
-0.000537 -0.000772 0.100859 0.045295
19.397316 1.014618 25.182046 2.006417
0.490203 0.101646 -0.005448 0.000171
0.101646 0.045258 0.000114 -0.000608
-0.005448 0.000114 0.480913 0.100726
0.000171 -0.000608 0.100726 0.045264
19.420121 0.914071 26.323954 2.034733
0.485143 0.100900 -0.000735 0.000660
0.100900 0.045137 0.000612 -0.000480
-0.000735 0.000612 0.480519 0.100915
0.000660 -0.000480 0.100915 0.045289
20.743111 1.094494 26.976691 1.958686
0.480037 0.100161 0.003501 0.001111
0.100161 0.045014 0.001070 -0.000353
0.003501 0.001070 0.481831 0.101385
0.001111 -0.000353 0.101385 0.045361
21.482966 1.134813 28.047064 1.977854
0.474613 0.099369 0.004813 0.001002
0.099369 0.044874 0.000967 -0.000337
0.004813 0.000967 0.484706 0.102091
0.001002 -0.000337 0.102091 0.045469
22.382380 1.204436 29.250560 2.022840
0.468764 0.098502 0.004543 0.000661
0.098502 0.044714 0.000627 -0.000357
0.004543 0.000627 0.489024 0.103000
0.000661 -0.000357 0.103000 0.045609
22.823808 1.171207 29.597394 1.883162
0.462404 0.097544 0.002352 0.000024
0.097544 0.044533 -0.000018 -0.000430
0.002352 -0.000018 0.494773 0.104107
0.000024 -0.000430 0.104107 0.045781
24.093773 1.316415 30.335525 1.839645
0.457314 0.096876 -0.000416 -0.000618
0.096876 0.044410 -0.000669 -0.000494
-0.000416 -0.000669 0.499875 0.104970
-0.000618 -0.000494 0.104970 0.045893
24.974123 1.363443 31.462139 1.882712
0.452932 0.096347 -0.005692 -0.001686
0.096347 0.044310 -0.001754 -0.000643
-0.005692 -0.001754 0.504867 0.105742
-0.001686 -0.000643 0.105742 0.045989
26.274749 1.495475 32.578042 1.918686
0.448446 0.095769 -0.012268 -0.002903
0.095769 0.044189 -0.002996 -0.000817
-0.012268 -0.002996 0.510855 0.106674
-0.002903 -0.000817 0.106674 0.046122
27.250925 1.544421 33.664232 1.945038
0.444475 0.095278 -0.020946 -0.004440
0.095278 0.044080 -0.004571 -0.001055
-0.020946 -0.004571 0.517415 0.107668
-0.004440 -0.001055 0.107668 0.046270
28.071766 1.555027 34.847792 1.988821
0.440853 0.094826 -0.030235 -0.005978
0.094826 0.043971 -0.006148 -0.001288
-0.030235 -0.006148 0.524811 0.108778
-0.005978 -0.001288 0.108778 0.046444
28.528451 1.486154 36.072803 2.035886
0.437174 0.094326 -0.039043 -0.007311
0.094326 0.043845 -0.007509 -0.001477
-0.039043 -0.007509 0.533383 0.110071
-0.007311 -0.001477 0.110071 0.046657
29.256380 1.482690 37.028103 2.022962
0.433037 0.093701 -0.045516 -0.008100
0.093701 0.043688 -0.008291 -0.001555
-0.045516 -0.008291 0.542831 0.111480
-0.008100 -0.001555 0.111480 0.046893
29.915607 1.463763 37.775497 1.968579
0.429276 0.093150 -0.050391 -0.008563
0.093150 0.043548 -0.008726 -0.001582
-0.050391 -0.008726 0.551810 0.112729
-0.008563 -0.001582 0.112729 0.047095
30.705443 1.474304 38.346899 1.884783
0.426071 0.092709 -0.053581 -0.008717
0.092709 0.043430 -0.008838 -0.001564
-0.053581 -0.008838 0.559601 0.113701
-0.008717 -0.001564 0.113701 0.047246
30.827843 1.338111 39.023250 1.827123
0.423532 0.092394 -0.055709 -0.008719
0.092394 0.043338 -0.008796 -0.001539
-0.055709 -0.008796 0.566015 0.114391
-0.008719 -0.001539 0.114391 0.047349
31.306707 1.296701 39.988648 1.836284
0.421380 0.092152 -0.054802 -0.008183
0.092152 0.043262 -0.008186 -0.001419
-0.054802 -0.008186 0.570087 0.114652
-0.008183 -0.001419 0.114652 0.047381
31.756257 1.251387 40.691042 1.791478
0.420154 0.092103 -0.050492 -0.007075
0.092103 0.043230 -0.006983 -0.001202
-0.050492 -0.006983 0.570491 0.114266
-0.007075 -0.001202 0.114266 0.047305
32.351335 1.244651 41.588589 1.791612
0.420295 0.092321 -0.044373 -0.005752
0.092321 0.043252 -0.005579 -0.000969
-0.044373 -0.005579 0.567476 0.113327
-0.005752 -0.000969 0.113327 0.047144
32.865986 1.224760 43.016669 1.897217
0.423062 0.093066 -0.036198 -0.004155
0.093066 0.043386 -0.003928 -0.000704
-0.036198 -0.003928 0.559094 0.111486
-0.004155 -0.000704 0.111486 0.046830
33.786385 1.295700 44.411357 1.988441
0.431955 0.095060 -0.026561 -0.002384
0.095060 0.043781 -0.002187 -0.000427
-0.026561 -0.002187 0.540968 0.107921
-0.002384 -0.000427 0.107921 0.046203
34.443359 1.296609 45.222681 1.951840
0.448926 0.098589 -0.019663 -0.001268
0.098589 0.044476 -0.001237 -0.000311
-0.019663 -0.001237 0.514391 0.102975
-0.001268 -0.000311 0.102975 0.045339
35.111019 1.296806 45.404776 1.791688
0.469559 0.102539 -0.016883 -0.001044
0.102539 0.045207 -0.001209 -0.000372
-0.016883 -0.001209 0.488362 0.098501
-0.001044 -0.000372 0.098501 0.044609
35.548398 1.251659 46.434729 1.818167
0.490277 0.106134 -0.016921 -0.001384
0.106134 0.045817 -0.001694 -0.000519
-0.016921 -0.001694 0.466814 0.095199
-0.001384 -0.000519 0.095199 0.044128
36.086584 1.232582 47.260464 1.800616
0.513930 0.110062 -0.021461 -0.002578
0.110062 0.046478 -0.003016 -0.000812
-0.021461 -0.003016 0.447040 0.092361
-0.002578 -0.000812 0.092361 0.043717
