0.343122 1.099346 3.556094 0.530421
41.463505 16.585761 -56.479068 -22.592117
16.585761 86.638515 -22.592117 -9.037042
-56.479068 -22.592117 80.538224 32.215988
-22.592117 -9.037042 32.215988 92.890741
0.058538 2.302849 7.524384 3.558813
74.365022 49.754761 -85.435537 -34.491698
49.754761 54.218169 -55.383885 -42.763267
-85.435537 -55.383885 100.923733 42.291907
-34.491698 -42.763267 42.291907 53.154716
-2.288926 0.350476 12.895363 4.985143
34.139718 16.639046 -49.528847 -27.983024
16.639046 19.177293 -23.595036 -26.612727
-49.528847 -23.595036 75.125630 43.773030
-27.983024 -26.612727 43.773030 45.219659
-6.443425 -1.759239 21.429712 7.998794
5.739458 1.915720 -12.593249 -6.698258
1.915720 7.317106 -3.069535 -9.745973
-12.593249 -3.069535 33.532225 18.176670
-6.698258 -9.745973 18.176670 21.184282
-2.879303 0.692213 15.450391 2.386405
0.878621 0.794973 -0.720148 -0.740663
0.794973 4.664451 2.710152 -3.732461
-0.720148 2.710152 14.164831 4.605421
-0.740663 -3.732461 4.605421 7.556388
-1.365259 2.119449 18.194491 2.006435
1.389980 1.332951 -2.897753 -2.250187
1.332951 2.445467 -1.927708 -3.295164
-2.897753 -1.927708 17.083666 8.876656
-2.250187 -3.295164 8.876656 7.452209
1.657743 3.716640 17.623734 0.318178
1.556336 1.104551 -4.497655 -2.405587
1.104551 1.263796 -2.513672 -2.079982
-4.497655 -2.513672 26.642196 11.432688
-2.405587 -2.079982 11.432688 6.182255
2.838411 3.201112 16.398725 0.233034
2.525576 1.402731 -8.177448 -3.439680
1.402731 1.018069 -4.132332 -2.092348
-8.177448 -4.132332 37.007627 14.103775
-3.439680 -2.092348 14.103775 6.065916
4.381132 3.081691 14.002262 -0.360411
4.088217 1.868627 -12.229878 -4.390540
1.868627 0.992220 -5.350758 -2.119126
-12.229878 -5.350758 43.496036 14.820868
-4.390540 -2.119126 14.820868 5.472617
5.069832 2.797398 17.492878 0.658137
4.528143 1.812456 -10.220625 -3.405465
1.812456 0.814254 -3.973462 -1.446181
-10.220625 -3.973462 26.684534 8.467967
-3.405465 -1.446181 8.467967 2.972612
7.292009 3.077415 16.045082 0.142424
4.295700 1.420758 -10.572464 -2.950265
1.420758 0.534496 -3.384360 -1.027753
-10.572464 -3.384360 29.685846 7.992326
-2.950265 -1.027753 7.992326 2.355258
9.205046 3.141246 13.742394 -0.352403
5.501939 1.606342 -12.570581 -3.148317
1.606342 0.518986 -3.585283 -0.957483
-12.570581 -3.585283 31.554101 7.716711
-3.148317 -0.957483 7.716711 2.044104
10.032659 2.952762 15.332600 0.038407
3.805528 1.036075 -6.684047 -1.588812
1.036075 0.322789 -1.767238 -0.464279
-6.684047 -1.767238 13.495482 3.097295
-1.588812 -0.464279 3.097295 0.837778
11.494718 2.957674 15.660419 0.092892
4.699170 1.153473 -7.782500 -1.684449
1.153473 0.318364 -1.867604 -0.438214
-7.782500 -1.867604 14.332829 3.039810
-1.684449 -0.438214 3.039810 0.750271
13.792241 3.109269 13.387951 -0.341134
5.468119 1.223729 -8.490155 -1.681270
1.223729 0.305696 -1.863418 -0.395997
-8.490155 -1.863418 14.395793 2.821580
-1.681270 -0.395997 2.821580 0.643517
15.278954 3.094513 13.291814 -0.327491
3.168380 0.677811 -3.806199 -0.695414
0.677811 0.174582 -0.787140 -0.165868
-3.806199 -0.787140 5.434011 0.987479
-0.695414 -0.165868 0.987479 0.258960
15.956143 2.936485 14.577583 -0.074544
2.642220 0.539037 -2.529954 -0.419285
0.539037 0.138171 -0.495297 -0.100514
-2.529954 -0.495297 3.082013 0.524388
-0.419285 -0.100514 0.524388 0.160387
17.606332 2.965496 14.190954 -0.137103
2.863645 0.550981 -2.406632 -0.362647
0.550981 0.133481 -0.445894 -0.082944
-2.406632 -0.445894 2.584590 0.417830
-0.362647 -0.082944 0.417830 0.132103
17.822383 2.756466 15.786063 0.145833
2.685827 0.492830 -1.840259 -0.235981
0.492830 0.117608 -0.323615 -0.055183
-1.840259 -0.323615 1.739001 0.264814
-0.235981 -0.055183 0.264814 0.099658
19.167290 2.752122 15.932867 0.160493
3.033402 0.526655 -1.871762 -0.215618
0.526655 0.118647 -0.313104 -0.048266
-1.871762 -0.313104 1.593793 0.234193
-0.215618 -0.048266 0.234193 0.089238
21.273191 2.868961 15.474902 0.087226
3.036110 0.503229 -1.551935 -0.138779
0.503229 0.110902 -0.247222 -0.033051
-1.551935 -0.247222 1.193516 0.167650
-0.138779 -0.033051 0.167650 0.074931
20.223724 2.494227 17.426221 0.367589
2.286875 0.366596 -0.775912 -0.012326
0.366596 0.086712 -0.116294 -0.011487
-0.775912 -0.116294 0.630506 0.096250
-0.012326 -0.011487 0.096250 0.063716
21.312350 2.473971 17.919824 0.435969
2.573304 0.396642 -0.737621 0.001593
0.396642 0.089621 -0.108163 -0.008984
-0.737621 -0.108163 0.561917 0.090324
0.001593 -0.008984 0.090324 0.060078
22.983937 2.534626 17.666901 0.341580
2.569787 0.382056 -0.492811 0.047237
0.382056 0.085923 -0.069835 -0.001859
-0.492811 -0.069835 0.430637 0.079733
0.047237 -0.001859 0.079733 0.057476
23.594995 2.441168 18.121107 0.377389
1.995422 0.286929 -0.086082 0.098616
0.286929 0.071078 -0.011181 0.005585
-0.086082 -0.011181 0.340390 0.085807
0.098616 0.005585 0.085807 0.059268
23.631556 2.272126 18.739655 0.435108
1.673318 0.234275 0.169136 0.127250
0.234275 0.063323 0.021611 0.009281
0.169136 0.021611 0.364621 0.106306
0.127250 0.009281 0.106306 0.062739
24.287404 2.200733 19.166962 0.474829
1.545536 0.211916 0.355056 0.148160
0.211916 0.060244 0.042398 0.011710
0.355056 0.042398 0.444152 0.131183
0.148160 0.011710 0.131183 0.066223
26.354783 2.344367 19.277965 0.459886
1.359450 0.182154 0.497719 0.157863
0.182154 0.056197 0.055102 0.012352
0.497719 0.055102 0.578107 0.162636
0.157863 0.012352 0.162636 0.070526
27.580920 2.351623 19.530844 0.466061
1.041847 0.136348 0.535700 0.143263
0.136348 0.050207 0.050961 0.009353
0.535700 0.050961 0.745265 0.195335
0.143263 0.009353 0.195335 0.074448
28.735272 2.350179 19.722765 0.455994
0.827936 0.107835 0.546282 0.128978
0.107835 0.046911 0.042379 0.006530
0.546282 0.042379 0.934585 0.228346
0.128978 0.006530 0.228346 0.078252
29.497225 2.281038 19.875758 0.446120
0.686880 0.090903 0.549995 0.117406
0.090903 0.045258 0.032508 0.004211
0.549995 0.032508 1.152631 0.263138
0.117406 0.004211 0.263138 0.082211
31.054315 2.348519 20.313751 0.483325
0.596478 0.081558 0.558986 0.109572
0.081558 0.044524 0.023349 0.002561
0.558986 0.023349 1.408960 0.301032
0.109572 0.002561 0.301032 0.086473
31.662447 2.248373 20.269761 0.440373
0.512929 0.073839 0.536634 0.097383
0.073839 0.043987 0.009074 0.000234
0.536634 0.009074 1.682481 0.337803
0.097383 0.000234 0.337803 0.090258
32.783083 2.254307 20.376512 0.418129
0.463952 0.070719 0.534854 0.090857
0.070719 0.043787 -0.001260 -0.000999
0.534854 -0.001260 2.014516 0.380243
0.090857 -0.000999 0.380243 0.094690
33.945419 2.263960 20.558735 0.412107
0.427513 0.069110 0.531582 0.085130
0.069110 0.043595 -0.011333 -0.002014
0.531582 -0.011333 2.392193 0.425371
0.085130 -0.002014 0.425371 0.099209
35.278310 2.295601 21.081489 0.461314
0.397760 0.068182 0.521021 0.079074
0.068182 0.043354 -0.022110 -0.003035
0.521021 -0.022110 2.814197 0.472589
0.079074 -0.003035 0.472589 0.103720
36.834143 2.384978 21.541687 0.488623
0.365905 0.067103 0.478368 0.068844
0.067103 0.043155 -0.038373 -0.004844
0.478368 -0.038373 3.259541 0.518710
0.068844 -0.004844 0.518710 0.107797
37.834590 2.343514 21.633137 0.469117
0.337060 0.066648 0.410505 0.056060
0.066648 0.043078 -0.058167 -0.007031
0.410505 -0.058167 3.733275 0.564442
0.056060 -0.007031 0.564442 0.111566
38.999828 2.342232 21.858046 0.467820
0.317768 0.067147 0.347753 0.045397
0.067147 0.042945 -0.074974 -0.008604
0.347753 -0.074974 4.276849 0.615296
0.045397 -0.008604 0.615296 0.115783
40.012670 2.302104 22.086624 0.468880
0.303740 0.068102 0.278327 0.034910
0.068102 0.042797 -0.091174 -0.009996
0.278327 -0.091174 4.877330 0.668945
0.034910 -0.009996 0.668945 0.120096
40.978289 2.256918 22.244629 0.460106
0.294058 0.069355 0.201685 0.024476
0.069355 0.042634 -0.106759 -0.011241
0.201685 -0.106759 5.535881 0.725195
0.024476 -0.011241 0.725195 0.124471
42.041969 2.235599 22.670656 0.484840
0.288267 0.070723 0.122869 0.014696
0.070723 0.042410 -0.120462 -0.012202
0.122869 -0.120462 6.258365 0.784472
0.014696 -0.012202 0.784472 0.128953
43.048466 2.200832 23.224771 0.522123
0.285239 0.072486 0.019317 0.002747
0.072486 0.042350 -0.137716 -0.013573
0.019317 -0.137716 7.025583 0.844131
0.002747 -0.013573 0.844131 0.133215
43.834269 2.121241 23.446222 0.515919
0.286554 0.075092 -0.120266 -0.012396
0.075092 0.042562 -0.160627 -0.015537
-0.120266 -0.160627 7.819106 0.901899
-0.012396 -0.015537 0.901899 0.137007
45.078962 2.168400 23.680654 0.514913
0.292534 0.077961 -0.267367 -0.027170
0.077961 0.042735 -0.181888 -0.017209
-0.267367 -0.181888 8.684016 0.963190
-0.027170 -0.017209 0.963190 0.141005
46.020731 2.135321 23.623590 0.479426
0.302421 0.080920 -0.421496 -0.041594
0.080920 0.042850 -0.201397 -0.018617
-0.421496 -0.201397 9.622034 1.027864
-0.041594 -0.018617 1.027864 0.145175
46.682902 2.033657 23.710123 0.457368
0.312575 0.082909 -0.555704 -0.052981
0.082909 0.042623 -0.212485 -0.019116
-0.555704 -0.212485 10.647712 1.097539
-0.052981 -0.019116 1.097539 0.149711
47.886005 2.080181 24.073167 0.474206
0.323289 0.084405 -0.685978 -0.063292
0.084405 0.042293 -0.220039 -0.019289
-0.685978 -0.220039 11.739233 1.169358
-0.063292 -0.019289 1.169358 0.154266
48.843436 2.059520 24.198407 0.461633
0.337817 0.086434 -0.841424 -0.075425
0.086434 0.042163 -0.231865 -0.019908
-0.841424 -0.231865 12.897913 1.242713
-0.075425 -0.019908 1.242713 0.158726
50.222234 2.147271 24.390626 0.465574
0.352884 0.088065 -0.996061 -0.086794
0.088065 0.041958 -0.240854 -0.020268
-0.996061 -0.240854 14.127216 1.318337
-0.086794 -0.020268 1.318337 0.163222
