5.318240 3.089437 0.272602 -0.783004
2.575399 1.030182 -0.261185 -0.104476
1.030182 80.416148 -0.104476 -0.041791
-0.261185 -0.104476 2.388565 0.955447
-0.104476 -0.041791 0.955447 80.386254
5.105673 0.049758 0.654234 0.534833
2.198433 3.819286 -0.234655 -0.362407
3.819286 15.316579 -0.354586 -1.288629
-0.234655 -0.354586 2.377185 4.168629
-0.362407 -1.288629 4.168629 15.453349
6.434295 1.565142 0.137642 -0.356196
1.973879 2.300615 -0.229758 -0.254710
2.300615 4.621963 -0.254227 -0.474284
-0.229758 -0.254227 2.084176 2.381709
-0.254710 -0.474284 2.381709 4.583988
7.206801 1.567269 2.824125 2.030522
1.674516 1.422402 -0.189497 -0.154682
1.422402 1.916780 -0.154335 -0.199577
-0.189497 -0.154335 1.799817 1.499225
-0.154682 -0.199577 1.499225 1.943651
7.856919 1.477498 3.468772 1.788331
1.458462 0.971402 -0.144114 -0.092984
0.971402 0.982278 -0.092648 -0.095215
-0.144114 -0.092648 1.533995 1.001894
-0.092984 -0.095215 1.001894 0.988306
8.325716 1.330310 4.954104 2.106371
1.282010 0.701315 -0.116857 -0.063021
0.701315 0.570178 -0.062782 -0.053445
-0.116857 -0.062782 1.337871 0.719696
-0.063021 -0.053445 0.719696 0.575001
9.768522 1.691602 6.753950 2.447844
1.143945 0.531360 -0.095923 -0.044629
0.531360 0.363231 -0.044449 -0.032531
-0.095923 -0.044449 1.182085 0.541418
-0.044629 -0.032531 0.541418 0.366089
9.781204 1.354676 8.296383 2.575855
1.031348 0.416981 -0.076206 -0.031337
0.416981 0.248050 -0.031182 -0.020475
-0.076206 -0.031182 1.058413 0.423086
-0.031337 -0.020475 0.423086 0.250111
10.156527 1.246797 8.810009 2.300783
0.941274 0.337846 -0.062669 -0.023244
0.337846 0.179680 -0.023120 -0.013759
-0.062669 -0.023120 0.956997 0.340417
-0.023244 -0.013759 0.340417 0.180772
9.923472 0.969373 10.085557 2.341945
0.865465 0.280284 -0.053343 -0.018075
0.280284 0.136536 -0.017981 -0.009736
-0.053343 -0.017981 0.875459 0.281631
-0.018075 -0.009736 0.281631 0.137379
11.209951 1.208149 9.805419 1.913190
0.803179 0.238032 -0.046156 -0.014412
0.238032 0.108410 -0.014340 -0.007115
-0.046156 -0.014340 0.806726 0.237963
-0.014412 -0.007115 0.237963 0.108865
11.310030 1.070096 10.314740 1.791159
0.748149 0.205449 -0.040356 -0.011686
0.205449 0.089233 -0.011633 -0.005325
-0.040356 -0.011633 0.751756 0.205859
-0.011686 -0.005325 0.205859 0.089825
11.902953 1.085312 10.654569 1.648293
0.701966 0.180692 -0.035849 -0.009672
0.180692 0.076053 -0.009633 -0.004081
-0.035849 -0.009633 0.705081 0.181230
-0.009672 -0.004081 0.181230 0.076628
12.153751 1.014159 11.455705 1.642806
0.662509 0.161548 -0.031923 -0.008055
0.161548 0.066807 -0.008027 -0.003167
-0.031923 -0.008027 0.665814 0.162280
-0.008055 -0.003167 0.162280 0.067366
13.104422 1.117535 12.985840 1.808072
0.629363 0.146796 -0.028400 -0.006723
0.146796 0.060284 -0.006702 -0.002481
-0.028400 -0.006702 0.632129 0.147470
-0.006723 -0.002481 0.147470 0.060761
13.660804 1.117079 14.535253 1.953430
0.601423 0.135372 -0.024495 -0.005453
0.135372 0.055646 -0.005437 -0.001922
-0.024495 -0.005437 0.603272 0.135872
-0.005453 -0.001922 0.135872 0.056025
14.545367 1.188574 15.835877 2.024525
0.578071 0.126559 -0.020728 -0.004348
0.126559 0.052352 -0.004337 -0.001483
-0.020728 -0.004337 0.578578 0.126789
-0.004348 -0.001483 0.126789 0.052623
14.934740 1.144631 16.847243 2.024226
0.558363 0.119728 -0.017203 -0.003404
0.119728 0.050007 -0.003396 -0.001139
-0.017203 -0.003396 0.557859 0.119769
-0.003404 -0.001139 0.119769 0.050198
15.926344 1.233377 18.105787 2.076642
0.541931 0.114489 -0.014186 -0.002651
0.114489 0.048354 -0.002647 -0.000881
-0.014186 -0.002647 0.540528 0.114368
-0.002651 -0.000881 0.114368 0.048481
16.431594 1.210600 19.887303 2.232310
0.528184 0.110479 -0.011420 -0.002012
0.110479 0.047197 -0.002010 -0.000676
-0.011420 -0.002010 0.526287 0.110283
-0.002012 -0.000676 0.110283 0.047284
16.940911 1.190368 20.631683 2.154776
0.516931 0.107479 -0.008882 -0.001467
0.107479 0.046407 -0.001466 -0.000513
-0.008882 -0.001466 0.514568 0.107208
-0.001467 -0.000513 0.107208 0.046457
17.851200 1.255865 21.951635 2.205401
0.507716 0.105252 -0.006807 -0.001052
0.105252 0.045876 -0.001053 -0.000393
-0.006807 -0.001053 0.505159 0.104959
-0.001052 -0.000393 0.104959 0.045904
18.705548 1.302572 22.747075 2.141742
0.500179 0.103614 -0.005018 -0.000719
0.103614 0.045527 -0.000720 -0.000300
-0.005018 -0.000720 0.497786 0.103366
-0.000719 -0.000300 0.103366 0.045548
18.820413 1.191199 23.530598 2.081726
0.494095 0.102439 -0.003600 -0.000476
0.102439 0.045304 -0.000477 -0.000232
-0.003600 -0.000477 0.492110 0.102276
-0.000476 -0.000232 0.102276 0.045328
19.481566 1.204957 24.894701 2.149050
0.489324 0.101634 -0.002456 -0.000295
0.101634 0.045173 -0.000297 -0.000181
-0.002456 -0.000297 0.487757 0.101545
-0.000295 -0.000181 0.101545 0.045198
20.315269 1.253209 26.316127 2.221503
0.485495 0.101077 -0.001531 -0.000160
0.101077 0.045094 -0.000161 -0.000142
-0.001531 -0.000161 0.484635 0.101113
-0.000160 -0.000142 0.101113 0.045132
20.335524 1.126595 27.187359 2.171286
0.482371 0.100684 -0.000867 -0.000076
0.100684 0.045045 -0.000077 -0.000115
-0.000867 -0.000077 0.482575 0.100908
-0.000076 -0.000115 0.100908 0.045109
20.978712 1.143305 28.199528 2.155900
0.479928 0.100432 -0.000327 -0.000012
0.100432 0.045018 -0.000013 -0.000092
-0.000327 -0.000013 0.481242 0.100839
-0.000012 -0.000092 0.100839 0.045107
21.992422 1.236028 28.986815 2.094899
0.477933 0.100257 -0.000024 0.000010
0.100257 0.044997 0.000009 -0.000079
-0.000024 0.000009 0.480561 0.100877
0.000010 -0.000079 0.100877 0.045118
22.216464 1.153202 30.058664 2.100043
0.476326 0.100138 -0.000050 -0.000029
0.100138 0.044979 -0.000029 -0.000077
-0.000050 -0.000029 0.480334 0.100974
-0.000029 -0.000077 0.100974 0.045133
22.503835 1.092333 30.457930 1.963123
0.474920 0.100033 -0.000147 -0.000069
0.100033 0.044957 -0.000069 -0.000076
-0.000147 -0.000069 0.480533 0.101122
-0.000069 -0.000076 0.101122 0.045152
23.596404 1.207666 30.883212 1.845930
0.473843 0.099970 -0.000314 -0.000112
0.099970 0.044938 -0.000113 -0.000075
-0.000314 -0.000113 0.480856 0.101257
-0.000112 -0.000075 0.101257 0.045164
24.855316 1.346034 32.102216 1.908229
0.473033 0.099936 -0.000805 -0.000215
0.099936 0.044919 -0.000216 -0.000086
-0.000805 -0.000216 0.481225 0.101371
-0.000215 -0.000086 0.101371 0.045167
25.158205 1.267724 33.496276 2.000938
0.472197 0.099869 -0.001714 -0.000392
0.099869 0.044891 -0.000394 -0.000113
-0.001714 -0.000394 0.481844 0.101512
-0.000392 -0.000113 0.101512 0.045176
26.294110 1.374001 34.128844 1.923441
0.471135 0.099735 -0.002664 -0.000560
0.099735 0.044846 -0.000562 -0.000137
-0.002664 -0.000562 0.482846 0.101711
-0.000560 -0.000137 0.101711 0.045197
27.341779 1.450464 35.614432 2.033790
0.470283 0.099634 -0.003934 -0.000782
0.099634 0.044809 -0.000785 -0.000172
-0.003934 -0.000785 0.483730 0.101860
-0.000782 -0.000172 0.101860 0.045206
27.980924 1.432188 36.524020 2.011185
0.469230 0.099479 -0.005602 -0.001071
0.099479 0.044761 -0.001075 -0.000220
-0.005602 -0.001075 0.484906 0.102056
-0.001071 -0.000220 0.102056 0.045227
29.160958 1.530503 37.261149 1.954907
0.468186 0.099321 -0.007329 -0.001352
0.099321 0.044715 -0.001358 -0.000266
-0.007329 -0.001358 0.486127 0.102245
-0.001352 -0.000266 0.102245 0.045247
29.479521 1.435587 38.089208 1.923235
0.467372 0.099210 -0.009374 -0.001684
0.099210 0.044680 -0.001692 -0.000323
-0.009374 -0.001692 0.487162 0.102382
-0.001684 -0.000323 0.102382 0.045258
30.189574 1.433869 38.964072 1.905010
0.466476 0.099075 -0.011245 -0.001963
0.099075 0.044640 -0.001972 -0.000368
-0.011245 -0.001972 0.488310 0.102538
-0.001963 -0.000368 0.102538 0.045276
31.178327 1.491509 39.798920 1.880625
0.465593 0.098940 -0.013215 -0.002253
0.098940 0.044602 -0.002263 -0.000417
-0.013215 -0.002263 0.489486 0.102695
-0.002253 -0.000417 0.102695 0.045297
31.584863 1.418845 40.361540 1.800967
0.464842 0.098831 -0.015445 -0.002589
0.098831 0.044570 -0.002601 -0.000477
-0.015445 -0.002601 0.490590 0.102833
-0.002589 -0.000477 0.102833 0.045315
32.184404 1.395573 41.325816 1.814144
0.464155 0.098732 -0.017471 -0.002872
0.098732 0.044541 -0.002885 -0.000527
-0.017471 -0.002885 0.491639 0.102959
-0.002872 -0.000527 0.102959 0.045333
32.582773 1.331679 42.158164 1.797902
0.463360 0.098607 -0.019575 -0.003168
0.098607 0.044507 -0.003183 -0.000581
-0.019575 -0.003183 0.492867 0.103124
-0.003168 -0.000581 0.103124 0.045362
33.198115 1.320981 43.082242 1.803041
0.462473 0.098461 -0.021587 -0.003443
0.098461 0.044470 -0.003457 -0.000633
-0.021587 -0.003457 0.494234 0.103317
-0.003443 -0.000633 0.103317 0.045397
33.501415 1.244659 43.910141 1.786716
0.461543 0.098308 -0.023709 -0.003740
0.098308 0.044432 -0.003754 -0.000691
-0.023709 -0.003754 0.495729 0.103533
-0.003740 -0.000691 0.103533 0.045437
33.665997 1.146908 44.759771 1.776237
0.460508 0.098136 -0.025687 -0.004007
0.098136 0.044391 -0.004019 -0.000744
-0.025687 -0.004019 0.497378 0.103775
-0.004007 -0.000744 0.103775 0.045484
34.439903 1.190184 45.801160 1.808863
0.459312 0.097933 -0.027458 -0.004233
0.097933 0.044344 -0.004241 -0.000789
-0.027458 -0.004241 0.499228 0.104054
-0.004233 -0.000789 0.104054 0.045537
35.233265 1.231934 46.537464 1.774528
0.458134 0.097740 -0.029573 -0.004537
0.097740 0.044301 -0.004543 -0.000854
-0.029573 -0.004543 0.501209 0.104349
-0.004537 -0.000854 0.104349 0.045594
35.521897 1.162437 47.547163 1.798758
0.457192 0.097600 -0.031917 -0.004886
0.097600 0.044270 -0.004894 -0.000929
-0.031917 -0.004894 0.503050 0.104605
-0.004886 -0.000929 0.104605 0.045641
