4.692246 2.839033 2.998182 0.307252
2.575399 1.030182 -0.261185 -0.104476
1.030182 80.416148 -0.104476 -0.041791
-0.261185 -0.104476 2.388565 0.955447
-0.104476 -0.041791 0.955447 80.386254
5.928449 2.451145 0.094754 -5.064542
2.246060 3.902572 -0.215650 -0.327962
3.902572 15.462185 -0.322896 -1.231108
-0.215650 -0.322896 2.316292 4.062140
-0.327962 -1.231108 4.062140 15.267151
7.027609 2.318198 0.524415 -1.666093
1.926698 2.238136 -0.225527 -0.252916
2.238136 4.549528 -0.252029 -0.472102
-0.225527 -0.252029 2.136873 2.451387
-0.252916 -0.472102 2.451387 4.664899
5.465649 0.012812 3.253992 1.293189
1.653593 1.407723 -0.181910 -0.149191
1.407723 1.909982 -0.148744 -0.193828
-0.181910 -0.148744 1.821307 1.514389
-0.149191 -0.193828 1.514389 1.950381
5.102803 -0.231677 4.993263 2.004903
1.466262 0.979369 -0.154313 -0.100108
0.979369 0.990161 -0.099986 -0.099326
-0.154313 -0.099986 1.530021 0.996681
-0.100108 -0.099326 0.996681 0.982066
7.333130 1.051040 3.558609 0.696252
1.306532 0.715800 -0.129040 -0.069219
0.715800 0.578847 -0.069124 -0.056128
-0.129040 -0.069124 1.316908 0.707208
-0.069219 -0.056128 0.707208 0.567246
8.978042 1.570292 2.943636 0.255159
1.153513 0.535643 -0.109557 -0.050217
0.535643 0.365215 -0.050129 -0.034559
-0.109557 -0.050129 1.176903 0.538964
-0.050217 -0.034559 0.538964 0.364741
10.697158 1.948240 4.759639 0.930036
1.027521 0.415135 -0.092848 -0.037226
0.415135 0.247247 -0.037148 -0.022429
-0.092848 -0.037148 1.067977 0.426952
-0.037226 -0.022429 0.426952 0.251553
12.044578 2.082446 6.445683 1.364062
0.929939 0.333699 -0.075002 -0.026799
0.333699 0.178216 -0.026719 -0.014705
-0.075002 -0.026719 0.972684 0.345804
-0.026799 -0.014705 0.345804 0.182543
12.383387 1.854837 7.326682 1.428125
0.852112 0.276129 -0.059862 -0.019413
0.276129 0.135280 -0.019336 -0.009940
-0.059862 -0.019336 0.891299 0.286306
-0.019413 -0.009940 0.286306 0.138710
12.215049 1.529593 8.770873 1.643310
0.788553 0.234039 -0.049460 -0.014782
0.234039 0.107342 -0.014714 -0.007085
-0.049460 -0.014714 0.822832 0.242167
-0.014782 -0.007085 0.242167 0.109939
12.460439 1.386532 10.747108 1.958670
0.736822 0.202803 -0.041941 -0.011669
0.202803 0.088628 -0.011611 -0.005245
-0.041941 -0.011611 0.763888 0.208558
-0.011669 -0.005245 0.208558 0.090413
13.274092 1.417631 11.346006 1.861187
0.693993 0.179136 -0.035339 -0.009218
0.179136 0.075757 -0.009169 -0.003931
-0.035339 -0.009169 0.713184 0.182699
-0.009218 -0.003931 0.182699 0.076888
13.329564 1.257850 12.537213 1.924586
0.656831 0.160634 -0.029958 -0.007371
0.160634 0.066663 -0.007329 -0.002999
-0.029958 -0.007329 0.671250 0.163056
-0.007371 -0.002999 0.163056 0.067474
13.687845 1.194544 13.540834 1.934203
0.625536 0.146324 -0.025605 -0.005969
0.146324 0.060227 -0.005934 -0.002324
-0.025605 -0.005934 0.635525 0.147795
-0.005969 -0.002324 0.147795 0.060788
14.826000 1.316463 13.731067 1.759776
0.598899 0.135162 -0.021900 -0.004853
0.135162 0.055629 -0.004824 -0.001819
-0.021900 -0.004824 0.605402 0.135972
-0.004853 -0.001819 0.135972 0.056026
16.086427 1.448492 14.210447 1.672359
0.575683 0.126329 -0.018704 -0.003949
0.126329 0.052313 -0.003924 -0.001432
-0.018704 -0.003924 0.580684 0.126952
-0.003949 -0.001432 0.126952 0.052656
15.981619 1.270601 15.651512 1.801666
0.555783 0.119418 -0.015766 -0.003174
0.119418 0.049940 -0.003154 -0.001126
-0.015766 -0.003154 0.560260 0.120044
-0.003174 -0.001126 0.120044 0.050267
16.221281 1.187033 16.899328 1.874771
0.539567 0.114201 -0.013263 -0.002550
0.114201 0.048286 -0.002534 -0.000891
-0.013263 -0.002534 0.542782 0.114640
-0.002550 -0.000891 0.114640 0.048554
16.841052 1.192493 17.764027 1.859577
0.526262 0.110264 -0.011040 -0.002027
0.110264 0.047141 -0.002015 -0.000705
-0.011040 -0.002015 0.528157 0.110498
-0.002027 -0.000705 0.110498 0.047347
16.571917 1.012621 19.256635 1.976179
0.515274 0.107296 -0.009078 -0.001591
0.107296 0.046355 -0.001581 -0.000558
-0.009078 -0.001581 0.516221 0.107400
-0.001591 -0.000558 0.107400 0.046517
17.823408 1.167281 20.193394 1.965963
0.506548 0.105149 -0.007322 -0.001223
0.105149 0.045839 -0.001215 -0.000439
-0.007322 -0.001215 0.506343 0.105073
-0.001223 -0.000439 0.105073 0.045948
18.646679 1.217053 21.306788 1.993151
0.499346 0.103556 -0.005737 -0.000908
0.103556 0.045496 -0.000903 -0.000344
-0.005737 -0.000903 0.498643 0.103436
-0.000908 -0.000344 0.103436 0.045584
19.314431 1.229165 21.964668 1.922848
0.493557 0.102418 -0.004358 -0.000650
0.102418 0.045280 -0.000646 -0.000268
-0.004358 -0.000646 0.492672 0.102306
-0.000650 -0.000268 0.102306 0.045357
19.991162 1.242127 23.024664 1.943385
0.488980 0.101631 -0.003246 -0.000457
0.101631 0.045152 -0.000454 -0.000211
-0.003246 -0.000454 0.488124 0.101558
-0.000457 -0.000211 0.101558 0.045223
20.872820 1.296454 24.121210 1.969518
0.485395 0.101104 -0.002343 -0.000311
0.101104 0.045079 -0.000308 -0.000167
-0.002343 -0.000308 0.484758 0.101094
-0.000311 -0.000167 0.101094 0.045150
22.063193 1.409754 25.479909 2.047843
0.482589 0.100758 -0.001668 -0.000213
0.100758 0.045040 -0.000211 -0.000136
-0.001668 -0.000211 0.482376 0.100840
-0.000213 -0.000136 0.100840 0.045116
22.490088 1.351727 27.238127 2.201641
0.480362 0.100532 -0.001285 -0.000172
0.100532 0.045018 -0.000171 -0.000118
-0.001285 -0.000171 0.480823 0.100744
-0.000172 -0.000118 0.100744 0.045108
22.609679 1.235078 28.550464 2.245970
0.478468 0.100359 -0.001099 -0.000166
0.100359 0.044998 -0.000164 -0.000108
-0.001099 -0.000164 0.480037 0.100778
-0.000166 -0.000108 0.100778 0.045118
23.231281 1.235935 29.706133 2.252843
0.476836 0.100220 -0.001016 -0.000172
0.100220 0.044977 -0.000171 -0.000100
-0.001016 -0.000171 0.479830 0.100894
-0.000172 -0.000100 0.100894 0.045136
23.857134 1.237627 31.370338 2.366053
0.475410 0.100101 -0.001161 -0.000217
0.100101 0.044954 -0.000216 -0.000100
-0.001161 -0.000216 0.480047 0.101055
-0.000217 -0.000100 0.101055 0.045156
23.802252 1.095563 32.804186 2.418860
0.473934 0.099948 -0.001562 -0.000307
0.099948 0.044918 -0.000306 -0.000110
-0.001562 -0.000306 0.480778 0.101282
-0.000307 -0.000110 0.101282 0.045184
24.210935 1.066167 33.716679 2.356278
0.472372 0.099760 -0.001926 -0.000375
0.099760 0.044871 -0.000375 -0.000114
-0.001926 -0.000375 0.481929 0.101556
-0.000375 -0.000114 0.101556 0.045217
24.785041 1.074823 34.713204 2.318015
0.470930 0.099585 -0.002416 -0.000462
0.099585 0.044825 -0.000461 -0.000123
-0.002416 -0.000461 0.483186 0.101811
-0.000462 -0.000123 0.101811 0.045244
25.379953 1.086893 35.203818 2.177245
0.469543 0.099409 -0.003105 -0.000582
0.099409 0.044779 -0.000582 -0.000139
-0.003105 -0.000582 0.484544 0.102055
-0.000582 -0.000139 0.102055 0.045267
26.090492 1.122260 36.085857 2.133800
0.468414 0.099279 -0.003936 -0.000722
0.099279 0.044741 -0.000723 -0.000159
-0.003936 -0.000723 0.485729 0.102238
-0.000722 -0.000159 0.102238 0.045279
26.616391 1.114765 37.089060 2.120392
0.467324 0.099144 -0.004995 -0.000900
0.099144 0.044701 -0.000902 -0.000188
-0.004995 -0.000902 0.486939 0.102410
-0.000900 -0.000188 0.102410 0.045291
27.000973 1.078067 38.137893 2.117928
0.466168 0.098985 -0.006182 -0.001094
0.098985 0.044656 -0.001097 -0.000220
-0.006182 -0.001097 0.488266 0.102598
-0.001094 -0.000220 0.102598 0.045309
28.060622 1.188518 38.871766 2.049984
0.464892 0.098794 -0.007415 -0.001286
0.098794 0.044604 -0.001290 -0.000251
-0.007415 -0.001290 0.489756 0.102811
-0.001286 -0.000251 0.102811 0.045335
29.135436 1.290342 39.376118 1.941154
0.463814 0.098643 -0.009044 -0.001553
0.098643 0.044563 -0.001559 -0.000299
-0.009044 -0.001559 0.491080 0.102981
-0.001553 -0.000299 0.102981 0.045355
29.935478 1.323344 40.385972 1.949527
0.463051 0.098555 -0.010979 -0.001869
0.098555 0.044535 -0.001879 -0.000356
-0.010979 -0.001879 0.492105 0.103085
-0.001869 -0.000356 0.103085 0.045364
30.890503 1.385993 41.500922 1.979206
0.462214 0.098440 -0.013119 -0.002212
0.098440 0.044501 -0.002226 -0.000419
-0.013119 -0.002226 0.493272 0.103225
-0.002212 -0.000419 0.103225 0.045384
31.609395 1.391379 42.395883 1.959453
0.461308 0.098305 -0.015570 -0.002605
0.098305 0.044463 -0.002622 -0.000491
-0.015570 -0.002622 0.494606 0.103402
-0.002605 -0.000491 0.103402 0.045414
31.965795 1.319124 43.440928 1.972520
0.460408 0.098168 -0.018082 -0.002992
0.098168 0.044425 -0.003014 -0.000562
-0.018082 -0.003014 0.496012 0.103592
-0.002992 -0.000562 0.103592 0.045449
32.203772 1.228426 44.069922 1.897095
0.459290 0.097983 -0.020436 -0.003334
0.097983 0.044378 -0.003356 -0.000623
-0.020436 -0.003356 0.497718 0.103844
-0.003334 -0.000623 0.103844 0.045497
32.866661 1.238385 44.833284 1.858595
0.458201 0.097807 -0.022473 -0.003602
0.097807 0.044334 -0.003623 -0.000670
-0.022473 -0.003623 0.499403 0.104084
-0.003602 -0.000670 0.104084 0.045543
33.007830 1.135667 45.558125 1.814711
0.457214 0.097655 -0.024600 -0.003890
0.097655 0.044297 -0.003912 -0.000724
-0.024600 -0.003912 0.501053 0.104313
-0.003890 -0.000724 0.104313 0.045587
34.401220 1.311887 46.345979 1.792345
0.456128 0.097483 -0.026415 -0.004114
0.097483 0.044256 -0.004133 -0.000766
-0.026415 -0.004133 0.502816 0.104563
-0.004114 -0.000766 0.104563 0.045635
35.448025 1.394616 46.960364 1.735069
0.455450 0.097397 -0.028959 -0.004496
0.097397 0.044233 -0.004520 -0.000845
-0.028959 -0.004520 0.504332 0.104754
-0.004496 -0.000845 0.104754 0.045672
36.424206 1.455115 48.035516 1.779217
0.455103 0.097374 -0.031804 -0.004931
0.097374 0.044223 -0.004963 -0.000935
-0.031804 -0.004963 0.505614 0.104898
-0.004931 -0.000935 0.104898 0.045699
