6.014280 3.367859 0.480177 -0.699972
2.470482 0.988214 -0.052654 -0.021062
0.988214 80.399361 -0.021062 -0.008425
-0.052654 -0.021062 2.434012 0.973626
-0.021062 -0.008425 0.973626 80.393525
4.791791 -1.709359 1.059945 0.915245
2.242469 3.920435 -0.044725 -0.068102
3.920435 15.245109 -0.067792 -0.253001
-0.044725 -0.067792 2.279432 3.992266
-0.068102 -0.253001 3.992266 15.277927
4.155013 -1.458003 0.608995 -0.131892
1.995024 2.308957 -0.047545 -0.053169
2.308957 4.561507 -0.053173 -0.097909
-0.047545 -0.053173 2.009655 2.316499
-0.053169 -0.097909 2.316499 4.544475
5.288368 0.113946 3.099310 2.017071
1.709681 1.441577 -0.044293 -0.036253
1.441577 1.910984 -0.036266 -0.044345
-0.044293 -0.036266 1.720481 1.445619
-0.036253 -0.044345 1.445619 1.907439
7.591612 1.599376 5.936642 3.223285
1.479433 0.977611 -0.033297 -0.021142
0.977611 0.977182 -0.021140 -0.020535
-0.033297 -0.021140 1.484274 0.977977
-0.021142 -0.020535 0.977977 0.975094
7.660331 1.201911 6.306023 2.549787
1.298048 0.705033 -0.023108 -0.012103
0.705033 0.568077 -0.012095 -0.010315
-0.023108 -0.012095 1.300216 0.704663
-0.012103 -0.010315 0.704663 0.567063
8.700214 1.404494 7.393331 2.463372
1.154370 0.532831 -0.018387 -0.008391
0.532831 0.361910 -0.008386 -0.006262
-0.018387 -0.008386 1.155512 0.532502
-0.008391 -0.006262 0.532502 0.361488
8.346383 0.979894 7.347046 1.950129
1.038829 0.417750 -0.014846 -0.006044
0.417750 0.247361 -0.006040 -0.004039
-0.014846 -0.006040 1.039668 0.417606
-0.006044 -0.004039 0.417606 0.247235
9.257876 1.130596 7.780789 1.756806
0.944713 0.337546 -0.013026 -0.004803
0.337546 0.179066 -0.004800 -0.002842
-0.013026 -0.004800 0.945305 0.337481
-0.004803 -0.002842 0.337481 0.179051
10.482236 1.343422 7.738194 1.459673
0.866789 0.279689 -0.011385 -0.003832
0.279689 0.136104 -0.003830 -0.002043
-0.011385 -0.003830 0.867624 0.279801
-0.003832 -0.002043 0.279801 0.136175
11.612738 1.478905 9.046736 1.630545
0.801504 0.236864 -0.009955 -0.003082
0.236864 0.107967 -0.003081 -0.001500
-0.009955 -0.003081 0.803107 0.237244
-0.003082 -0.001500 0.237244 0.108121
11.753625 1.314806 10.208986 1.725698
0.746821 0.204681 -0.008484 -0.002435
0.204681 0.089009 -0.002434 -0.001105
-0.008484 -0.002434 0.748652 0.205115
-0.002435 -0.001105 0.205115 0.089164
12.709980 1.391609 11.523571 1.841756
0.700832 0.180167 -0.007294 -0.001954
0.180167 0.075945 -0.001953 -0.000831
-0.007294 -0.001953 0.702399 0.180512
-0.001954 -0.000831 0.180512 0.076063
12.608197 1.197300 12.049314 1.745568
0.661879 0.161271 -0.006172 -0.001552
0.161271 0.066784 -0.001552 -0.000628
-0.006172 -0.001552 0.663142 0.161528
-0.001552 -0.000628 0.161528 0.066871
13.847343 1.346610 13.721827 1.931952
0.628866 0.146625 -0.005346 -0.001268
0.146625 0.060292 -0.001268 -0.000487
-0.005346 -0.001268 0.629785 0.146795
-0.001268 -0.000487 0.146795 0.060352
14.200574 1.274575 15.018505 2.006359
0.600883 0.135237 -0.004484 -0.001006
0.135237 0.055663 -0.001005 -0.000373
-0.004484 -0.001005 0.601494 0.135337
-0.001006 -0.000373 0.135337 0.055703
14.907588 1.289823 15.547822 1.902629
0.577264 0.126397 -0.003741 -0.000796
0.126397 0.052360 -0.000796 -0.000288
-0.003741 -0.000796 0.577543 0.126429
-0.000796 -0.000288 0.126429 0.052382
15.610306 1.302194 16.084186 1.813643
0.557348 0.119547 -0.003127 -0.000633
0.119547 0.050007 -0.000633 -0.000225
-0.003127 -0.000633 0.557438 0.119547
-0.000633 -0.000225 0.119547 0.050021
16.092459 1.266556 17.786879 1.981831
0.540670 0.114277 -0.002612 -0.000504
0.114277 0.048344 -0.000504 -0.000176
-0.002612 -0.000504 0.540662 0.114266
-0.000504 -0.000176 0.114266 0.048355
16.712188 1.263710 18.681977 1.961775
0.526875 0.110277 -0.002127 -0.000391
0.110277 0.047186 -0.000390 -0.000137
-0.002127 -0.000390 0.526720 0.110242
-0.000391 -0.000137 0.110242 0.047191
16.646239 1.118525 19.783803 1.986864
0.515538 0.107273 -0.001712 -0.000299
0.107273 0.046392 -0.000299 -0.000107
-0.001712 -0.000299 0.515288 0.107227
-0.000299 -0.000107 0.107227 0.046393
17.499591 1.179507 20.436004 1.916087
0.506353 0.105062 -0.001358 -0.000226
0.105062 0.045861 -0.000226 -0.000084
-0.001358 -0.000226 0.505995 0.105001
-0.000226 -0.000084 0.105001 0.045858
18.025707 1.166304 21.320459 1.900818
0.498970 0.103463 -0.001061 -0.000168
0.103463 0.045515 -0.000168 -0.000066
-0.001061 -0.000168 0.498580 0.103402
-0.000168 -0.000066 0.103402 0.045512
18.755517 1.196781 22.703733 1.990686
0.493131 0.102339 -0.000808 -0.000121
0.102339 0.045300 -0.000121 -0.000052
-0.000808 -0.000121 0.492742 0.102284
-0.000121 -0.000052 0.102284 0.045297
19.226529 1.170275 23.403327 1.929173
0.488577 0.101575 -0.000586 -0.000083
0.101575 0.045172 -0.000083 -0.000040
-0.000586 -0.000083 0.488235 0.101532
-0.000083 -0.000040 0.101532 0.045171
20.186600 1.248421 24.688278 1.995972
0.485093 0.101080 -0.000410 -0.000054
0.101080 0.045102 -0.000054 -0.000032
-0.000410 -0.000054 0.484819 0.101053
-0.000054 -0.000032 0.101053 0.045103
21.030775 1.294366 25.666184 1.991787
0.482458 0.100775 -0.000274 -0.000034
0.100775 0.045067 -0.000034 -0.000025
-0.000274 -0.000034 0.482308 0.100773
-0.000034 -0.000025 0.100773 0.045071
21.745138 1.308455 27.400368 2.146405
0.480508 0.100605 -0.000184 -0.000023
0.100605 0.045052 -0.000023 -0.000021
-0.000184 -0.000023 0.480512 0.100631
-0.000023 -0.000021 0.100631 0.045060
22.285299 1.284518 28.263820 2.102384
0.479063 0.100518 -0.000135 -0.000019
0.100518 0.045045 -0.000019 -0.000019
-0.000135 -0.000019 0.479302 0.100587
-0.000019 -0.000019 0.100587 0.045061
22.794001 1.256441 29.129012 2.063280
0.478029 0.100488 -0.000122 -0.000022
0.100488 0.045041 -0.000022 -0.000017
-0.000122 -0.000022 0.478515 0.100599
-0.000022 -0.000017 0.100599 0.045064
23.358307 1.242984 30.130795 2.056994
0.477298 0.100489 -0.000140 -0.000029
0.100489 0.045037 -0.000029 -0.000017
-0.000140 -0.000029 0.478044 0.100643
-0.000029 -0.000017 0.100643 0.045066
23.966334 1.240146 31.370542 2.101517
0.476775 0.100503 -0.000191 -0.000041
0.100503 0.045030 -0.000041 -0.000018
-0.000191 -0.000041 0.477809 0.100703
-0.000041 -0.000018 0.100703 0.045066
24.510827 1.224198 32.447694 2.107084
0.476377 0.100515 -0.000280 -0.000059
0.100515 0.045018 -0.000059 -0.000020
-0.000280 -0.000059 0.477759 0.100771
-0.000059 -0.000020 0.100771 0.045064
25.516772 1.307359 33.606945 2.129394
0.476062 0.100519 -0.000399 -0.000081
0.100519 0.045002 -0.000081 -0.000022
-0.000399 -0.000081 0.477831 0.100837
-0.000081 -0.000022 0.100837 0.045059
26.310092 1.336852 34.316449 2.054419
0.475795 0.100514 -0.000588 -0.000116
0.100514 0.044983 -0.000116 -0.000028
-0.000588 -0.000116 0.477983 0.100897
-0.000116 -0.000028 0.100897 0.045052
26.856820 1.311143 35.606374 2.109877
0.475584 0.100505 -0.000812 -0.000155
0.100505 0.044964 -0.000155 -0.000034
-0.000812 -0.000155 0.478152 0.100943
-0.000155 -0.000034 0.100943 0.045043
27.000034 1.202830 36.460836 2.067526
0.475346 0.100478 -0.001066 -0.000198
0.100478 0.044942 -0.000198 -0.000041
-0.001066 -0.000198 0.478383 0.100988
-0.000198 -0.000041 0.100988 0.045034
27.236544 1.125673 37.350270 2.037030
0.475101 0.100441 -0.001294 -0.000232
0.100441 0.044919 -0.000232 -0.000046
-0.001294 -0.000232 0.478634 0.101028
-0.000232 -0.000046 0.101028 0.045026
28.109543 1.191215 38.065093 1.972978
0.474840 0.100397 -0.001512 -0.000263
0.100397 0.044897 -0.000263 -0.000050
-0.001512 -0.000263 0.478899 0.101063
-0.000263 -0.000050 0.101063 0.045018
29.009692 1.255548 38.635728 1.885287
0.474603 0.100355 -0.001786 -0.000305
0.100355 0.044877 -0.000305 -0.000057
-0.001786 -0.000305 0.479130 0.101086
-0.000305 -0.000057 0.101086 0.045011
30.382798 1.413180 39.693225 1.909653
0.474403 0.100319 -0.002109 -0.000355
0.100319 0.044860 -0.000356 -0.000067
-0.002109 -0.000356 0.479312 0.101097
-0.000355 -0.000067 0.101097 0.045002
31.428925 1.484986 40.656205 1.911450
0.474207 0.100283 -0.002557 -0.000430
0.100283 0.044845 -0.000431 -0.000081
-0.002557 -0.000431 0.479483 0.101106
-0.000430 -0.000081 0.101106 0.044996
31.878347 1.422863 41.101655 1.803796
0.474008 0.100245 -0.003073 -0.000516
0.100245 0.044830 -0.000516 -0.000097
-0.003073 -0.000516 0.479650 0.101116
-0.000516 -0.000097 0.101116 0.044992
32.430535 1.389087 41.716950 1.743337
0.473834 0.100214 -0.003540 -0.000586
0.100214 0.044819 -0.000587 -0.000110
-0.003540 -0.000587 0.479788 0.101121
-0.000586 -0.000110 0.101121 0.044988
33.582711 1.486006 42.902059 1.809568
0.473665 0.100183 -0.003992 -0.000652
0.100183 0.044808 -0.000653 -0.000121
-0.003992 -0.000653 0.479918 0.101126
-0.000652 -0.000121 0.101126 0.044986
34.396458 1.500898 43.652141 1.777008
0.473472 0.100148 -0.004558 -0.000740
0.100148 0.044797 -0.000741 -0.000138
-0.004558 -0.000741 0.480081 0.101141
-0.000740 -0.000138 0.101141 0.044987
34.975387 1.464569 44.454004 1.758666
0.473292 0.100116 -0.005146 -0.000830
0.100116 0.044788 -0.000831 -0.000155
-0.005146 -0.000831 0.480236 0.101156
-0.000830 -0.000155 0.101156 0.044988
35.563165 1.434069 45.448623 1.782857
0.473096 0.100082 -0.005724 -0.000915
0.100082 0.044779 -0.000916 -0.000171
-0.005724 -0.000916 0.480414 0.101177
-0.000915 -0.000171 0.101177 0.044992
35.992094 1.373129 46.362571 1.787399
0.472861 0.100040 -0.006317 -0.001002
0.100040 0.044768 -0.001003 -0.000188
-0.006317 -0.001003 0.480644 0.101209
-0.001002 -0.000188 0.101209 0.044998
36.452713 1.325377 47.330382 1.802827
0.472588 0.099993 -0.006894 -0.001083
0.099993 0.044757 -0.001085 -0.000204
-0.006894 -0.001085 0.480921 0.101251
-0.001083 -0.000204 0.101251 0.045007
