34.009375 0.805085 48.562460 1.909438
0.553675 0.116629 -0.040502 -0.007108
0.116629 0.047688 -0.007481 -0.001640
-0.040502 -0.007481 0.423820 0.089318
-0.007108 -0.001640 0.089318 0.043122
30.590161 0.007414 48.494300 1.676949
0.568778 0.118082 -0.040858 -0.006754
0.118082 0.047778 -0.007130 -0.001472
-0.040858 -0.007130 0.415570 0.088860
-0.006754 -0.001472 0.088860 0.043143
26.601007 -0.819267 47.346654 1.229074
0.566038 0.115961 -0.033932 -0.004965
0.115961 0.047197 -0.005336 -0.001039
-0.033932 -0.005336 0.415941 0.090110
-0.004965 -0.001039 0.090110 0.043473
22.761393 -1.524368 45.879258 0.757759
0.548011 0.111177 -0.025657 -0.003147
0.111177 0.046190 -0.003456 -0.000647
-0.025657 -0.003456 0.425269 0.093000
-0.003147 -0.000647 0.093000 0.044083
19.848354 -1.970200 43.452787 0.131815
0.524617 0.105948 -0.018907 -0.001865
0.105948 0.045220 -0.002072 -0.000401
-0.018907 -0.002072 0.439898 0.096598
-0.001865 -0.000401 0.096598 0.044762
17.148519 -2.329245 40.097424 -0.625949
0.497698 0.100600 -0.012432 -0.000762
0.100600 0.044318 -0.000861 -0.000206
-0.012432 -0.000861 0.460073 0.100939
-0.000762 -0.000206 0.100939 0.045533
15.553231 -2.430036 35.445630 -1.574213
0.470958 0.095806 0.000029 0.001579
0.095806 0.043588 0.001478 0.000232
0.000029 0.001478 0.484484 0.105725
0.001579 0.000232 0.105725 0.046344
14.436749 -2.419970 29.794429 -2.625160
0.460473 0.094713 0.021168 0.005647
0.094713 0.043634 0.005394 0.000997
0.021168 0.005394 0.497373 0.107536
0.005647 0.000997 0.107536 0.046467
13.011426 -2.466826 24.076476 -3.567883
0.469243 0.097562 0.031075 0.006965
0.097562 0.044431 0.006692 0.001155
0.031075 0.006692 0.489142 0.104678
0.006965 0.001155 0.104678 0.045618
11.518140 -2.518136 19.711160 -4.116492
0.482623 0.101008 0.024479 0.004722
0.101008 0.045243 0.004557 0.000598
0.024479 0.004557 0.473621 0.100680
0.004722 0.000598 0.100680 0.044655
9.821409 -2.605755 15.726016 -4.524478
0.494950 0.103855 0.007702 0.000646
0.103855 0.045841 0.000606 -0.000262
0.007702 0.000606 0.460123 0.097616
0.000646 -0.000262 0.097616 0.044011
9.110639 -2.482322 13.788267 -4.456759
0.507091 0.106358 -0.015861 -0.004399
0.106358 0.046308 -0.004321 -0.001237
-0.015861 -0.004321 0.450753 0.095771
-0.004399 -0.001237 0.095771 0.043689
8.899914 -2.267197 11.792159 -4.408337
0.519238 0.108584 -0.039679 -0.008987
0.108584 0.046677 -0.008813 -0.002039
-0.039679 -0.008813 0.446207 0.095099
-0.008987 -0.002039 0.095099 0.043630
8.630455 -2.086708 10.452760 -4.222705
0.527671 0.109797 -0.065713 -0.013649
0.109797 0.046808 -0.013365 -0.002812
-0.065713 -0.013365 0.449658 0.096127
-0.013649 -0.002812 0.096127 0.043914
8.517226 -1.890655 9.319661 -4.009729
0.532541 0.110142 -0.091090 -0.017830
0.110142 0.046759 -0.017402 -0.003456
-0.091090 -0.017402 0.459934 0.098425
-0.017830 -0.003456 0.098425 0.044417
9.569565 -1.468073 8.819593 -3.673900
0.530124 0.108957 -0.113812 -0.021233
0.108957 0.046409 -0.020575 -0.003924
-0.113812 -0.020575 0.478326 0.102169
-0.021233 -0.003924 0.102169 0.045167
9.933590 -1.227804 8.389063 -3.361653
0.515074 0.105372 -0.125257 -0.022197
0.105372 0.045622 -0.021218 -0.003898
-0.125257 -0.021218 0.502297 0.106780
-0.022197 -0.003898 0.106780 0.046046
10.673269 -0.923652 8.620333 -2.936701
0.498906 0.101973 -0.129867 -0.021861
0.101973 0.044954 -0.020587 -0.003671
-0.129867 -0.020587 0.524517 0.110633
-0.021861 -0.003671 0.110633 0.046706
11.526892 -0.626357 8.725916 -2.584285
0.486526 0.099694 -0.130987 -0.020997
0.099694 0.044565 -0.019556 -0.003427
-0.130987 -0.019556 0.541429 0.113073
-0.020997 -0.003427 0.113073 0.047040
12.515656 -0.314832 9.787743 -2.069022
0.475522 0.097911 -0.128106 -0.019558
0.097911 0.044295 -0.018034 -0.003139
-0.128106 -0.018034 0.553802 0.114478
-0.019558 -0.003139 0.114478 0.047175
13.651641 -0.005414 10.828924 -1.615342
0.469510 0.097282 -0.123833 -0.018060
0.097282 0.044259 -0.016643 -0.002918
-0.123833 -0.016643 0.558609 0.114320
-0.018060 -0.002918 0.114320 0.047019
14.680455 0.251510 12.123442 -1.163754
0.465414 0.097074 -0.116401 -0.016161
0.097074 0.044291 -0.014927 -0.002662
-0.116401 -0.014927 0.557458 0.113152
-0.016161 -0.002662 0.113152 0.046722
15.280969 0.380678 13.095008 -0.837160
0.463176 0.097227 -0.106275 -0.013964
0.097227 0.044376 -0.012959 -0.002378
-0.106275 -0.012959 0.551061 0.111211
-0.013964 -0.002378 0.111211 0.046336
15.806503 0.494198 15.077044 -0.341722
0.462481 0.097608 -0.095492 -0.011884
0.097608 0.044480 -0.011104 -0.002136
-0.095492 -0.011104 0.542229 0.109090
-0.011884 -0.002136 0.109090 0.045974
16.770324 0.677063 16.652561 0.024975
0.464704 0.098520 -0.082970 -0.009626
0.098520 0.044677 -0.009113 -0.001866
-0.082970 -0.009113 0.528772 0.106340
-0.009626 -0.001866 0.106340 0.045533
17.619894 0.816558 18.604245 0.427179
0.467142 0.099333 -0.069084 -0.007291
0.099333 0.044830 -0.006960 -0.001568
-0.069084 -0.006960 0.515409 0.103928
-0.007291 -0.001568 0.103928 0.045199
17.722960 0.780536 20.957326 0.859796
0.470158 0.100139 -0.054561 -0.004988
0.100139 0.044966 -0.004783 -0.001263
-0.054561 -0.004783 0.502717 0.101876
-0.004988 -0.001263 0.101876 0.044954
19.033698 0.989562 22.386496 1.075053
0.474064 0.101007 -0.040337 -0.002867
0.101007 0.045102 -0.002754 -0.000978
-0.040337 -0.002754 0.491140 0.100187
-0.002867 -0.000978 0.100187 0.044777
19.432342 0.979941 24.015866 1.299118
0.476037 0.101328 -0.027945 -0.001227
0.101328 0.045112 -0.001133 -0.000767
-0.027945 -0.001133 0.484036 0.099472
-0.001227 -0.000767 0.099472 0.044779
20.266415 1.056619 25.099270 1.391637
0.476708 0.101317 -0.017524 -0.000018
0.101317 0.045056 0.000081 -0.000616
-0.017524 0.000081 0.480095 0.099363
-0.000018 -0.000616 0.099363 0.044869
21.364790 1.181249 26.399857 1.520873
0.475861 0.100970 -0.009913 0.000638
0.100970 0.044940 0.000748 -0.000550
-0.009913 0.000748 0.479084 0.099756
0.000638 -0.000550 0.099756 0.045022
22.402581 1.278942 27.861319 1.669314
0.473280 0.100289 -0.005403 0.000736
0.100289 0.044769 0.000854 -0.000567
-0.005403 0.000854 0.480739 0.100565
0.000736 -0.000567 0.100565 0.045221
23.416053 1.359834 29.328498 1.802965
0.469029 0.099326 -0.004035 0.000315
0.099326 0.044559 0.000434 -0.000656
-0.004035 0.000434 0.484730 0.101703
0.000315 -0.000656 0.101703 0.045453
23.764575 1.290287 30.662603 1.893407
0.463480 0.098185 -0.005718 -0.000570
0.098185 0.044332 -0.000460 -0.000809
-0.005718 -0.000460 0.490678 0.103084
-0.000570 -0.000809 0.103084 0.045705
24.959330 1.407272 32.062807 1.989015
0.456960 0.096945 -0.008457 -0.001475
0.096945 0.044100 -0.001382 -0.000934
-0.008457 -0.001382 0.498343 0.104658
-0.001475 -0.000934 0.104658 0.045973
26.076003 1.495529 33.875103 2.160570
0.450271 0.095766 -0.014066 -0.002806
0.095766 0.043893 -0.002741 -0.001129
-0.014066 -0.002741 0.507212 0.106317
-0.002806 -0.001129 0.106317 0.046240
26.915570 1.515113 34.937368 2.156839
0.443066 0.094552 -0.021425 -0.004312
0.094552 0.043682 -0.004284 -0.001342
-0.021425 -0.004284 0.518101 0.108244
-0.004312 -0.001342 0.108244 0.046551
27.317770 1.439020 36.095430 2.173122
0.436892 0.093620 -0.028915 -0.005666
0.093620 0.043532 -0.005675 -0.001511
-0.028915 -0.005675 0.528943 0.110000
-0.005666 -0.001511 0.110000 0.046814
28.288249 1.492771 37.002969 2.136457
0.431279 0.092830 -0.034576 -0.006507
0.092830 0.043405 -0.006536 -0.001568
-0.034576 -0.006536 0.539624 0.111600
-0.006507 -0.001568 0.111600 0.047043
29.084572 1.504547 38.457143 2.215966
0.426866 0.092299 -0.039804 -0.007197
0.092299 0.043322 -0.007241 -0.001607
-0.039804 -0.007241 0.549244 0.112892
-0.007197 -0.001607 0.112892 0.047213
29.887227 1.515045 39.428322 2.188152
0.423172 0.091902 -0.041907 -0.007215
0.091902 0.043255 -0.007239 -0.001517
-0.041907 -0.007239 0.557036 0.113776
-0.007215 -0.001517 0.113776 0.047314
31.027831 1.600882 41.041658 2.295252
0.420813 0.091765 -0.041600 -0.006784
0.091765 0.043232 -0.006769 -0.001359
-0.041600 -0.006769 0.561753 0.114050
-0.006784 -0.001359 0.114050 0.047310
31.251271 1.475546 42.442360 2.343810
0.421704 0.092301 -0.036373 -0.005433
0.092301 0.043345 -0.005350 -0.001036
-0.036373 -0.005350 0.558672 0.112842
-0.005433 -0.001036 0.112842 0.047037
32.052642 1.489906 43.692228 2.359830
0.427074 0.093712 -0.028669 -0.003730
0.093712 0.043629 -0.003605 -0.000683
-0.028669 -0.003605 0.547377 0.110198
-0.003730 -0.000683 0.110198 0.046522
32.381952 1.399754 45.120595 2.407934
0.437931 0.096135 -0.021156 -0.002223
0.096135 0.044102 -0.002124 -0.000412
-0.021156 -0.002124 0.528772 0.106395
-0.002223 -0.000412 0.106395 0.045828
33.300027 1.446791 46.145403 2.372677
0.454247 0.099470 -0.016097 -0.001333
0.099470 0.044731 -0.001336 -0.000295
-0.016097 -0.001336 0.505626 0.102034
-0.001333 -0.000295 0.102034 0.045073
34.159454 1.473951 46.674149 2.239518
0.475254 0.103475 -0.014890 -0.001280
0.103475 0.045459 -0.001434 -0.000357
-0.014890 -0.001434 0.481163 0.097744
-0.001280 -0.000357 0.097744 0.044367
35.113840 1.520496 47.670677 2.214913
0.498033 0.107484 -0.017010 -0.001894
0.107484 0.046145 -0.002183 -0.000539
-0.017010 -0.002183 0.459438 0.094282
-0.001894 -0.000539 0.094282 0.043843
35.781588 1.497759 47.753013 2.001469
0.524740 0.111989 -0.024412 -0.003525
0.111989 0.046908 -0.003935 -0.000905
-0.024412 -0.003935 0.439338 0.091287
-0.003525 -0.000905 0.091287 0.043398
36.118359 1.410232 48.529708 1.952929
0.549909 0.115818 -0.033222 -0.005308
0.115818 0.047504 -0.005756 -0.001259
-0.033222 -0.005756 0.424452 0.089444
-0.005308 -0.001259 0.089444 0.043164
