0.591073 1.198529 -0.595313 -1.130178
2.053490 0.821414 -0.226717 -0.090689
0.821414 80.332639 -0.090689 -0.036276
-0.226717 -0.090689 3.101368 1.240574
-0.090689 -0.036276 1.240574 80.500307
5.390291 8.725334 0.245887 1.336364
3.647869 6.479554 -1.764019 -2.921197
6.479554 18.658779 -3.094174 -5.768346
-1.764019 -3.094174 2.874701 4.841490
-2.921197 -5.768346 4.841490 18.289285
7.661255 6.462831 1.399962 1.688622
2.121647 2.316239 -0.181187 0.014576
2.316239 4.258315 -0.064569 -0.179708
-0.181187 -0.064569 1.960731 2.319853
0.014576 -0.179708 2.319853 5.005524
9.394454 5.260730 3.285540 2.558575
1.604520 1.296756 -0.049141 -0.000926
1.296756 1.717910 -0.023435 -0.147750
-0.049141 -0.023435 1.855128 1.618465
-0.000926 -0.147750 1.618465 2.213769
8.492899 2.973323 4.723800 2.674976
1.285086 0.832877 -0.130156 -0.091305
0.832877 0.865896 -0.099172 -0.145717
-0.130156 -0.099172 1.783304 1.207519
-0.091305 -0.145717 1.207519 1.190479
10.338348 3.175719 5.183954 2.191174
1.130708 0.614755 -0.251332 -0.147724
0.614755 0.517378 -0.151376 -0.128610
-0.251332 -0.151376 1.659131 0.911127
-0.147724 -0.128610 0.911127 0.706200
9.974277 2.268706 6.061367 2.104477
1.006645 0.469640 -0.250345 -0.122039
0.469640 0.333453 -0.124241 -0.083774
-0.250345 -0.124241 1.501529 0.691757
-0.122039 -0.083774 0.691757 0.446926
10.593352 2.061866 5.558094 1.489854
0.928926 0.379735 -0.267419 -0.110525
0.379735 0.233079 -0.112170 -0.061137
-0.267419 -0.112170 1.355714 0.539101
-0.110525 -0.061137 0.539101 0.301965
11.578534 2.045949 8.430504 2.235337
0.841237 0.306094 -0.240381 -0.086087
0.306094 0.168425 -0.087062 -0.041205
-0.240381 -0.087062 1.237042 0.433941
-0.086087 -0.041205 0.433941 0.216664
11.498502 1.680936 8.861249 2.019474
0.799484 0.263082 -0.232459 -0.073529
0.263082 0.131140 -0.074396 -0.030676
-0.232459 -0.074396 1.098104 0.345891
-0.073529 -0.030676 0.345891 0.159415
11.635817 1.468089 9.740760 1.980986
0.761033 0.229106 -0.223178 -0.063169
0.229106 0.105783 -0.063985 -0.023407
-0.223178 -0.063985 0.989885 0.284654
-0.063169 -0.023407 0.284654 0.123516
12.237449 1.431055 10.736510 1.981968
0.727804 0.202699 -0.210023 -0.053748
0.202699 0.088340 -0.054519 -0.018012
-0.210023 -0.054519 0.896715 0.238710
-0.053748 -0.018012 0.238710 0.099499
13.175948 1.489741 11.771856 1.994167
0.694985 0.180971 -0.191160 -0.044570
0.180971 0.075853 -0.045247 -0.013754
-0.191160 -0.045247 0.817976 0.204154
-0.044570 -0.013754 0.204154 0.083137
13.621686 1.413697 12.488208 1.925443
0.661651 0.162749 -0.168262 -0.035939
0.162749 0.066742 -0.036483 -0.010387
-0.168262 -0.036483 0.752676 0.178198
-0.035939 -0.010387 0.178198 0.071855
14.060751 1.350724 13.495199 1.933591
0.631884 0.148265 -0.147621 -0.029089
0.148265 0.060225 -0.029538 -0.007975
-0.147621 -0.029538 0.699247 0.158688
-0.029089 -0.007975 0.158688 0.063991
14.945280 1.393369 13.859120 1.801952
0.606505 0.136999 -0.128156 -0.023391
0.136999 0.055602 -0.023788 -0.006169
-0.128156 -0.023788 0.653517 0.143503
-0.023391 -0.006169 0.143503 0.058358
15.993238 1.476836 15.444811 1.952806
0.581687 0.127517 -0.110546 -0.018786
0.127517 0.052159 -0.019094 -0.004826
-0.110546 -0.019094 0.618814 0.132601
-0.018786 -0.004826 0.132601 0.054504
15.799845 1.276639 16.528623 1.967186
0.560666 0.120222 -0.091486 -0.014346
0.120222 0.049745 -0.014601 -0.003674
-0.091486 -0.014601 0.587725 0.123776
-0.014346 -0.003674 0.123776 0.051652
16.361915 1.262415 17.739814 2.014172
0.545699 0.115185 -0.075999 -0.011039
0.115185 0.048175 -0.011301 -0.002876
-0.075999 -0.011301 0.560374 0.116685
-0.011039 -0.002876 0.116685 0.049542
17.096850 1.281665 18.443083 1.951884
0.533287 0.111360 -0.061565 -0.008210
0.111360 0.047093 -0.008472 -0.002240
-0.061565 -0.008472 0.537881 0.111327
-0.008210 -0.002240 0.111327 0.048053
17.751530 1.286829 19.716612 2.013691
0.522276 0.108316 -0.049123 -0.005987
0.108316 0.046325 -0.006230 -0.001767
-0.049123 -0.006230 0.520861 0.107589
-0.005987 -0.001767 0.107589 0.047065
18.075273 1.223591 21.155836 2.100982
0.513172 0.106044 -0.037675 -0.004080
0.106044 0.045816 -0.004304 -0.001379
-0.037675 -0.004304 0.507444 0.104898
-0.004080 -0.001379 0.104898 0.046391
18.921820 1.271629 22.124555 2.085492
0.505902 0.104413 -0.027334 -0.002473
0.104413 0.045499 -0.002679 -0.001061
-0.027334 -0.002679 0.496985 0.102997
-0.002473 -0.001061 0.102997 0.045936
19.641234 1.290375 23.464477 2.147795
0.499222 0.103074 -0.018796 -0.001282
0.103074 0.045272 -0.001461 -0.000831
-0.018796 -0.001461 0.490063 0.101916
-0.001282 -0.000831 0.101916 0.045679
20.000071 1.230620 24.406623 2.119090
0.492914 0.101935 -0.011783 -0.000408
0.101935 0.045099 -0.000555 -0.000659
-0.011783 -0.000555 0.486079 0.101455
-0.000408 -0.000659 0.101455 0.045558
20.737036 1.256841 25.818544 2.193264
0.487234 0.101013 -0.006380 0.000163
0.101013 0.044976 0.000045 -0.000541
-0.006380 0.000045 0.484146 0.101377
0.000163 -0.000541 0.101377 0.045512
21.169246 1.215825 26.801618 2.169019
0.481108 0.100051 -0.002703 0.000426
0.100051 0.044840 0.000337 -0.000473
-0.002703 0.000337 0.484780 0.101765
0.000426 -0.000473 0.101765 0.045555
21.790459 1.218492 27.779304 2.146577
0.475137 0.099168 -0.000479 0.000462
0.099168 0.044716 0.000396 -0.000440
-0.000479 0.000396 0.486947 0.102374
0.000462 -0.000440 0.102374 0.045631
22.555899 1.251127 28.578298 2.088958
0.469202 0.098321 0.000072 0.000236
0.098321 0.044591 0.000186 -0.000450
0.000072 0.000186 0.490440 0.103155
0.000236 -0.000450 0.103155 0.045734
22.831497 1.177538 29.136882 1.986832
0.463661 0.097576 -0.001194 -0.000271
0.097576 0.044479 -0.000312 -0.000506
-0.001194 -0.000312 0.494619 0.103975
-0.000271 -0.000506 0.103975 0.045837
23.679977 1.232399 30.219178 2.005404
0.458834 0.096983 -0.002904 -0.000758
0.096983 0.044389 -0.000797 -0.000547
-0.002904 -0.000797 0.498900 0.104724
-0.000758 -0.000547 0.104724 0.045921
24.637134 1.304731 31.322466 2.026335
0.453831 0.096336 -0.006418 -0.001530
0.096336 0.044276 -0.001576 -0.000643
-0.006418 -0.001576 0.504235 0.105625
-0.001530 -0.000643 0.105625 0.046038
25.605174 1.371896 32.808547 2.125041
0.448887 0.095688 -0.011767 -0.002580
0.095688 0.044152 -0.002643 -0.000792
-0.011767 -0.002643 0.510436 0.106634
-0.002580 -0.000792 0.106634 0.046180
26.110755 1.333246 33.534201 2.054881
0.443502 0.094927 -0.018615 -0.003829
0.094927 0.043996 -0.003917 -0.000978
-0.018615 -0.003917 0.518357 0.107929
-0.003829 -0.000978 0.107929 0.046381
26.862720 1.351292 34.164447 1.972562
0.438954 0.094337 -0.025143 -0.004898
0.094337 0.043872 -0.005009 -0.001120
-0.025143 -0.005009 0.526112 0.109100
-0.004898 -0.001120 0.109100 0.046554
28.010677 1.453149 35.090400 1.960810
0.435471 0.093948 -0.031947 -0.005946
0.093948 0.043782 -0.006082 -0.001261
-0.031947 -0.006082 0.533330 0.110095
-0.005946 -0.001261 0.110095 0.046694
28.633078 1.431696 36.535017 2.056010
0.432698 0.093665 -0.039694 -0.007126
0.093665 0.043705 -0.007296 -0.001437
-0.039694 -0.007296 0.540714 0.111083
-0.007126 -0.001437 0.111083 0.046838
29.261925 1.412951 37.614229 2.066196
0.429157 0.093170 -0.045267 -0.007806
0.093170 0.043574 -0.007971 -0.001509
-0.045267 -0.007971 0.549270 0.112288
-0.007806 -0.001509 0.112288 0.047035
29.772111 1.369013 38.394994 2.013913
0.425784 0.092695 -0.048549 -0.008019
0.092695 0.043446 -0.008150 -0.001495
-0.048549 -0.008150 0.557108 0.113312
-0.008019 -0.001495 0.113312 0.047199
30.282481 1.332016 39.615936 2.056397
0.422988 0.092333 -0.049742 -0.007856
0.092333 0.043343 -0.007933 -0.001422
-0.049742 -0.007933 0.563254 0.113985
-0.007856 -0.001422 0.113985 0.047300
30.861192 1.312630 40.606594 2.048295
0.421092 0.092163 -0.047093 -0.006996
0.092163 0.043283 -0.006984 -0.001225
-0.047093 -0.006984 0.565910 0.113997
-0.006996 -0.001225 0.113997 0.047284
31.650768 1.339010 41.165198 1.955492
0.420922 0.092347 -0.041789 -0.005732
0.092347 0.043300 -0.005632 -0.000974
-0.041789 -0.005632 0.564189 0.113229
-0.005732 -0.000974 0.113229 0.047134
32.231520 1.316085 41.613477 1.848703
0.422219 0.092787 -0.035810 -0.004485
0.092787 0.043363 -0.004324 -0.000758
-0.035810 -0.004324 0.559669 0.112051
-0.004485 -0.000758 0.112051 0.046930
32.731085 1.281737 42.631321 1.866461
0.424840 0.093436 -0.029650 -0.003332
0.093436 0.043462 -0.003137 -0.000581
-0.029650 -0.003137 0.553000 0.110612
-0.003332 -0.000581 0.110612 0.046699
33.607430 1.332906 43.444798 1.843797
0.431560 0.094899 -0.022311 -0.002029
0.094899 0.043733 -0.001841 -0.000384
-0.022311 -0.001841 0.539811 0.108042
-0.002029 -0.000384 0.108042 0.046264
34.299738 1.339150 44.479027 1.866490
0.442966 0.097225 -0.015853 -0.000987
0.097225 0.044172 -0.000864 -0.000253
-0.015853 -0.000864 0.521238 0.104625
-0.000987 -0.000253 0.104625 0.045686
34.979697 1.341225 45.366045 1.857197
0.460164 0.100574 -0.012445 -0.000605
0.100574 0.044803 -0.000619 -0.000261
-0.012445 -0.000619 0.498098 0.100543
-0.000605 -0.000261 0.100543 0.044998
35.495864 1.307887 46.351298 1.868216
0.481650 0.104531 -0.013320 -0.001082
0.104531 0.045525 -0.001260 -0.000431
-0.013320 -0.001260 0.474403 0.096604
-0.001082 -0.000431 0.096604 0.044356
35.951286 1.265630 47.436543 1.898802
0.506165 0.108789 -0.018556 -0.002376
0.108789 0.046274 -0.002697 -0.000740
-0.018556 -0.002697 0.452665 0.093255
-0.002376 -0.000740 0.093255 0.043833
36.593636 1.267524 48.335162 1.888214
0.532860 0.113166 -0.027722 -0.004348
0.113166 0.047017 -0.004758 -0.001147
-0.027722 -0.004758 0.434172 0.090670
-0.004348 -0.001147 0.090670 0.043447
