-1.461698 0.377402 1.380372 -0.339886
2.053490 0.821414 -0.226717 -0.090689
0.821414 80.332639 -0.090689 -0.036276
-0.226717 -0.090689 3.101368 1.240574
-0.090689 -0.036276 1.240574 80.500307
6.322026 13.883753 -1.655461 -5.053437
2.843368 5.043022 -1.763654 -2.936168
5.043022 16.093987 -3.077663 -5.768178
-1.763654 -3.077663 3.693169 6.229669
-2.936168 -5.768178 6.229669 20.643433
7.442885 7.690905 1.659719 0.993055
2.328027 2.629811 -0.245005 -0.031371
2.629811 4.626569 -0.145042 -0.245260
-0.245005 -0.145042 1.825427 2.057187
-0.031371 -0.245260 2.057187 4.722441
8.087384 5.087695 0.890251 -0.215165
1.649936 1.334536 -0.063207 -0.003703
1.334536 1.712791 -0.032798 -0.152621
-0.063207 -0.032798 1.801159 1.574504
-0.003703 -0.152621 1.574504 2.241895
8.471798 3.690930 2.050642 0.652251
1.442638 0.926334 -0.019650 -0.012646
0.926334 0.904429 -0.025164 -0.095830
-0.019650 -0.025164 1.528604 1.047172
-0.012646 -0.095830 1.047172 1.116909
9.487501 3.227583 3.989283 1.567461
1.212026 0.644306 -0.027577 -0.027372
0.644306 0.518138 -0.034313 -0.066826
-0.027577 -0.034313 1.408187 0.792420
-0.027372 -0.066826 0.792420 0.663426
10.182210 2.805710 5.039893 1.705859
1.017811 0.464462 -0.102994 -0.061788
0.464462 0.322887 -0.066233 -0.060556
-0.102994 -0.066233 1.367245 0.650839
-0.061788 -0.060556 0.650839 0.442997
9.756952 2.072748 6.071899 1.799635
0.902781 0.362717 -0.156454 -0.074152
0.362717 0.221934 -0.076954 -0.049589
-0.156454 -0.076954 1.294451 0.531599
-0.074152 -0.049589 0.531599 0.307813
9.976906 1.780797 6.924223 1.789363
0.836678 0.301093 -0.205103 -0.080764
0.301093 0.164549 -0.082451 -0.041196
-0.205103 -0.082451 1.204900 0.435149
-0.080764 -0.041196 0.435149 0.222152
11.040685 1.839088 7.317537 1.627104
0.791501 0.258251 -0.229661 -0.077791
0.258251 0.128365 -0.078908 -0.032809
-0.229661 -0.078908 1.108659 0.358051
-0.077791 -0.032809 0.358051 0.166052
10.527237 1.410407 8.741534 1.807989
0.741457 0.221760 -0.224434 -0.066817
0.221760 0.102883 -0.067624 -0.024551
-0.224434 -0.067624 1.024103 0.300277
-0.066817 -0.024551 0.300277 0.129407
11.609483 1.517228 10.573971 2.059329
0.716552 0.198758 -0.223260 -0.059331
0.198758 0.086879 -0.060090 -0.019303
-0.223260 -0.060090 0.929604 0.250830
-0.059331 -0.019303 0.250830 0.103258
12.092462 1.446951 11.980125 2.153350
0.690357 0.179315 -0.204305 -0.048872
0.179315 0.075226 -0.049587 -0.014466
-0.204305 -0.049587 0.839149 0.211191
-0.048872 -0.014466 0.211191 0.084964
12.244461 1.311761 14.026574 2.381897
0.665645 0.163455 -0.180926 -0.039229
0.163455 0.066801 -0.039936 -0.010760
-0.180926 -0.039936 0.760835 0.180938
-0.039229 -0.010760 0.180938 0.072365
13.639457 1.485510 15.115632 2.364264
0.645490 0.151240 -0.153821 -0.030261
0.151240 0.060845 -0.031018 -0.007846
-0.153821 -0.031018 0.689368 0.156814
-0.030261 -0.007846 0.156814 0.063367
14.113418 1.422785 16.102769 2.318611
0.621012 0.139958 -0.127415 -0.022782
0.139958 0.056187 -0.023470 -0.005680
-0.127415 -0.023470 0.637351 0.140316
-0.022782 -0.005680 0.140316 0.057498
14.534804 1.354559 16.773846 2.210063
0.599333 0.130967 -0.104804 -0.017062
0.130967 0.052827 -0.017696 -0.004175
-0.104804 -0.017696 0.596459 0.128281
-0.017062 -0.004175 0.128281 0.053469
15.268831 1.365349 17.724489 2.177692
0.580211 0.123810 -0.086311 -0.012846
0.123810 0.050407 -0.013426 -0.003153
-0.086311 -0.013426 0.564905 0.119605
-0.012846 -0.003153 0.119605 0.050714
15.915651 1.352489 18.209623 2.050010
0.562852 0.118030 -0.069768 -0.009441
0.118030 0.048657 -0.009961 -0.002391
-0.069768 -0.009961 0.540419 0.113341
-0.009441 -0.002391 0.113341 0.048826
16.689050 1.376778 19.728437 2.154404
0.547325 0.113403 -0.056245 -0.006938
0.113403 0.047404 -0.007391 -0.001870
-0.056245 -0.007391 0.522161 0.108978
-0.006938 -0.001870 0.108978 0.047564
16.743052 1.243976 20.549599 2.095704
0.534010 0.109840 -0.042988 -0.004638
0.109840 0.046546 -0.005041 -0.001415
-0.042988 -0.005041 0.507629 0.105784
-0.004638 -0.001415 0.105784 0.046689
17.422902 1.255619 21.561573 2.088623
0.523621 0.107307 -0.032048 -0.002927
0.107307 0.046007 -0.003293 -0.001097
-0.032048 -0.003293 0.496095 0.103449
-0.002927 -0.001097 0.103449 0.046078
18.100185 1.266320 22.706013 2.109878
0.514365 0.105299 -0.022506 -0.001557
0.105299 0.045635 -0.001883 -0.000848
-0.022506 -0.001883 0.488052 0.101990
-0.001557 -0.000848 0.101990 0.045702
19.092894 1.339847 23.718166 2.102696
0.505974 0.103678 -0.014251 -0.000470
0.103678 0.045375 -0.000752 -0.000650
-0.014251 -0.000752 0.483008 0.101213
-0.000470 -0.000650 0.101213 0.045493
20.118972 1.413095 24.792528 2.108887
0.497956 0.102276 -0.007813 0.000251
0.102276 0.045173 0.000016 -0.000516
-0.007813 0.000016 0.480812 0.101025
0.000251 -0.000516 0.101025 0.045414
20.488553 1.343033 25.582996 2.052397
0.490273 0.101045 -0.003383 0.000600
0.101045 0.045008 0.000411 -0.000446
-0.003383 0.000411 0.480900 0.101260
0.000600 -0.000446 0.101260 0.045420
21.436046 1.399705 26.279467 1.983338
0.483557 0.100084 -0.000323 0.000739
0.100084 0.044893 0.000588 -0.000403
-0.000323 0.000588 0.482119 0.101650
0.000739 -0.000403 0.101650 0.045451
22.319066 1.437605 26.938538 1.913329
0.477535 0.099297 0.000660 0.000530
0.099297 0.044802 0.000411 -0.000418
0.000660 0.000411 0.484282 0.102155
0.000530 -0.000418 0.102155 0.045500
22.425082 1.309567 28.140660 1.964983
0.472307 0.098682 -0.000155 0.000052
0.098682 0.044732 -0.000042 -0.000474
-0.000155 -0.000042 0.486920 0.102682
0.000052 -0.000474 0.102682 0.045550
23.232242 1.341479 29.323951 2.007254
0.466696 0.097970 -0.001226 -0.000362
0.097970 0.044625 -0.000439 -0.000502
-0.001226 -0.000439 0.491039 0.103455
-0.000362 -0.000502 0.103455 0.045651
23.318608 1.218286 30.225388 1.986008
0.460874 0.097202 -0.004012 -0.001039
0.097202 0.044494 -0.001109 -0.000580
-0.004012 -0.001109 0.496371 0.104405
-0.001039 -0.000580 0.104405 0.045787
24.031676 1.240186 31.475007 2.039810
0.455158 0.096447 -0.006537 -0.001556
0.096447 0.044355 -0.001623 -0.000617
-0.006537 -0.001623 0.502439 0.105426
-0.001556 -0.000617 0.105426 0.045936
24.490221 1.205777 32.563803 2.054258
0.449189 0.095624 -0.010412 -0.002284
0.095624 0.044193 -0.002355 -0.000700
-0.010412 -0.002355 0.509733 0.106628
-0.002284 -0.000700 0.106628 0.046121
24.916649 1.168042 33.646766 2.065876
0.443338 0.094816 -0.014611 -0.003000
0.094816 0.044027 -0.003080 -0.000780
-0.014611 -0.003080 0.517776 0.107904
-0.003000 -0.000780 0.107904 0.046321
25.437095 1.153939 33.905995 1.905288
0.437730 0.094046 -0.018786 -0.003649
0.094046 0.043863 -0.003735 -0.000849
-0.018786 -0.003735 0.526337 0.109210
-0.003649 -0.000849 0.109210 0.046526
26.130628 1.179129 34.882189 1.910283
0.433738 0.093606 -0.023198 -0.004302
0.093606 0.043763 -0.004400 -0.000925
-0.023198 -0.004400 0.533351 0.110127
-0.004302 -0.000925 0.110127 0.046653
26.591259 1.151013 35.744657 1.891007
0.430072 0.093187 -0.027908 -0.004982
0.093187 0.043657 -0.005094 -0.001014
-0.027908 -0.005094 0.540566 0.111066
-0.004982 -0.001014 0.111066 0.046794
27.366605 1.193541 36.295997 1.810854
0.426770 0.092803 -0.031960 -0.005498
0.092803 0.043551 -0.005615 -0.001074
-0.031960 -0.005615 0.547578 0.111949
-0.005498 -0.001074 0.111949 0.046932
27.924144 1.185553 37.387206 1.848565
0.424323 0.092561 -0.036320 -0.006070
0.092561 0.043469 -0.006201 -0.001157
-0.036320 -0.006201 0.553757 0.112656
-0.006070 -0.001157 0.112656 0.047043
28.677641 1.222741 38.830915 1.954498
0.421933 0.092286 -0.039170 -0.006330
0.092286 0.043375 -0.006450 -0.001179
-0.039170 -0.006450 0.559598 0.113314
-0.006330 -0.001179 0.113314 0.047155
29.458365 1.260617 39.960935 1.986101
0.419963 0.092074 -0.039458 -0.006097
0.092074 0.043293 -0.006171 -0.001107
-0.039458 -0.006171 0.563786 0.113670
-0.006097 -0.001107 0.113670 0.047217
29.748883 1.186485 41.090932 2.011979
0.419192 0.092098 -0.037421 -0.005464
0.092098 0.043264 -0.005476 -0.000968
-0.037421 -0.005476 0.564835 0.113453
-0.005464 -0.000968 0.113453 0.047178
30.170411 1.148810 42.132634 2.018254
0.420380 0.092514 -0.032771 -0.004398
0.092514 0.043320 -0.004340 -0.000759
-0.032771 -0.004340 0.561287 0.112425
-0.004398 -0.000759 0.112425 0.046997
30.553578 1.107483 43.308736 2.050711
0.424048 0.093400 -0.026732 -0.003171
0.093400 0.043470 -0.003062 -0.000541
-0.026732 -0.003062 0.553093 0.110634
-0.003171 -0.000541 0.110634 0.046690
31.601138 1.214824 44.025920 1.991376
0.431190 0.094934 -0.020163 -0.001947
0.094934 0.043750 -0.001828 -0.000344
-0.020163 -0.001828 0.539653 0.108002
-0.001947 -0.000344 0.108002 0.046243
32.420604 1.260906 44.898506 1.967572
0.441247 0.096938 -0.014446 -0.000991
0.096938 0.044111 -0.000902 -0.000215
-0.014446 -0.000902 0.523251 0.105018
-0.000991 -0.000215 0.105018 0.045754
32.864936 1.221013 46.110310 2.012911
0.455102 0.099572 -0.010484 -0.000444
0.099572 0.044589 -0.000428 -0.000173
-0.010484 -0.000428 0.503884 0.101665
-0.000444 -0.000173 0.101665 0.045210
33.539367 1.232440 46.299524 1.846875
0.473298 0.102908 -0.009437 -0.000499
0.102908 0.045194 -0.000591 -0.000249
-0.009437 -0.000591 0.482443 0.098101
-0.000499 -0.000249 0.098101 0.044633
34.336332 1.271339 47.191388 1.840829
0.491063 0.105868 -0.010055 -0.000863
0.105868 0.045689 -0.001030 -0.000365
-0.010055 -0.001030 0.464580 0.095456
-0.000863 -0.000365 0.095456 0.044246
34.905526 1.257061 48.070337 1.832068
0.512518 0.109404 -0.014524 -0.001959
0.109404 0.046297 -0.002198 -0.000613
-0.014524 -0.002198 0.446712 0.092868
-0.001959 -0.000613 0.092868 0.043845
