32.542577 0.453176 49.961244 2.168207
0.556826 0.117006 -0.037035 -0.006032
0.117006 0.047744 -0.006498 -0.001495
-0.037035 -0.006498 0.421212 0.088931
-0.006032 -0.001495 0.088931 0.043064
28.669975 -0.400084 50.096778 1.949152
0.572805 0.118642 -0.037026 -0.005781
0.118642 0.047878 -0.006244 -0.001369
-0.037026 -0.006244 0.412627 0.088411
-0.005781 -0.001369 0.088411 0.043068
24.643952 -1.188600 49.554205 1.603134
0.574132 0.117343 -0.031037 -0.004328
0.117343 0.047467 -0.004787 -0.001015
-0.031037 -0.004787 0.411199 0.089280
-0.004328 -0.001015 0.089280 0.043312
21.503008 -1.712065 48.285165 1.137587
0.565337 0.114351 -0.023720 -0.002770
0.114351 0.046812 -0.003209 -0.000677
-0.023720 -0.003209 0.415228 0.091054
-0.002770 -0.000677 0.091054 0.043681
19.261475 -2.002094 45.663890 0.427783
0.550021 0.110532 -0.017382 -0.001591
0.110532 0.046092 -0.001976 -0.000447
-0.017382 -0.001976 0.423603 0.093431
-0.001591 -0.000447 0.093431 0.044115
16.494403 -2.366994 42.496001 -0.326111
0.525220 0.105310 -0.012404 -0.000831
0.105310 0.045174 -0.001102 -0.000311
-0.012404 -0.001102 0.439365 0.097067
-0.000831 -0.000311 0.097067 0.044771
15.770618 -2.285179 38.300136 -1.213200
0.494768 0.099506 -0.004999 0.000421
0.099506 0.044216 0.000216 -0.000078
-0.004999 0.000216 0.462565 0.101896
0.000421 -0.000078 0.101896 0.045632
14.922110 -2.234218 33.263582 -2.180882
0.469912 0.095346 0.012905 0.003914
0.095346 0.043641 0.003573 0.000600
0.012905 0.003573 0.486566 0.106391
0.003914 0.000600 0.106391 0.046362
13.601329 -2.279232 27.611320 -3.167441
0.467804 0.096087 0.030658 0.007101
0.096087 0.044057 0.006639 0.001176
0.030658 0.006639 0.491328 0.106265
0.007101 0.001176 0.106265 0.046055
11.644803 -2.445517 22.836711 -3.850397
0.479042 0.099388 0.032955 0.006716
0.099388 0.044912 0.006350 0.001002
0.032955 0.006350 0.479547 0.102703
0.006716 0.001002 0.102703 0.045092
10.684037 -2.386394 19.092916 -4.238543
0.492612 0.102789 0.022296 0.003706
0.102789 0.045681 0.003525 0.000337
0.022296 0.003525 0.464134 0.098871
0.003706 0.000337 0.098871 0.044211
9.694402 -2.340466 15.862364 -4.475676
0.504398 0.105445 0.004180 -0.000489
0.105445 0.046212 -0.000497 -0.000497
0.004180 -0.000497 0.452241 0.096265
-0.000489 -0.000497 0.096265 0.043696
9.208846 -2.197469 13.601164 -4.482306
0.515199 0.107603 -0.018548 -0.005195
0.107603 0.046590 -0.005056 -0.001363
-0.018548 -0.005056 0.444991 0.094926
-0.005195 -0.001363 0.094926 0.043497
8.483074 -2.121061 12.257809 -4.290712
0.524578 0.109223 -0.043213 -0.009854
0.109223 0.046824 -0.009588 -0.002160
-0.043213 -0.009588 0.443467 0.094903
-0.009854 -0.002160 0.094903 0.043577
8.721105 -1.851259 10.844297 -4.132532
0.535393 0.110958 -0.065894 -0.013693
0.110958 0.047068 -0.013323 -0.002749
-0.065894 -0.013323 0.444364 0.095325
-0.013693 -0.002749 0.095325 0.043720
9.848894 -1.421326 10.521095 -3.750239
0.538992 0.111020 -0.089888 -0.017575
0.111020 0.046955 -0.017044 -0.003336
-0.089888 -0.017044 0.454611 0.097631
-0.017575 -0.003336 0.097631 0.044231
10.735212 -1.085100 9.790636 -3.493377
0.531940 0.108919 -0.107538 -0.019937
0.108919 0.046424 -0.019185 -0.003603
-0.107538 -0.019185 0.472290 0.101268
-0.019937 -0.003603 0.101268 0.044969
11.519976 -0.797001 9.620874 -3.141555
0.516715 0.105417 -0.117125 -0.020616
0.105417 0.045674 -0.019589 -0.003553
-0.117125 -0.019589 0.493764 0.105386
-0.020616 -0.003553 0.105386 0.045750
12.582032 -0.471463 10.037621 -2.698459
0.501303 0.102271 -0.120450 -0.020117
0.102271 0.045070 -0.018868 -0.003328
-0.120450 -0.018868 0.512875 0.108660
-0.020117 -0.003328 0.108660 0.046302
13.422211 -0.227066 10.175890 -2.367285
0.488390 0.099964 -0.118955 -0.018825
0.099964 0.044684 -0.017468 -0.003023
-0.118955 -0.017468 0.526807 0.110621
-0.018825 -0.003023 0.110621 0.046562
14.465982 0.040216 10.625939 -2.005320
0.476984 0.098163 -0.114174 -0.017134
0.098163 0.044415 -0.015732 -0.002709
-0.114174 -0.015732 0.537014 0.111745
-0.017134 -0.002709 0.111745 0.046666
15.201451 0.229438 12.014164 -1.493844
0.467434 0.096871 -0.106598 -0.015149
0.096871 0.044249 -0.013770 -0.002394
-0.106598 -0.013770 0.543017 0.112041
-0.015149 -0.002394 0.112041 0.046633
15.763269 0.359401 13.421202 -1.039788
0.462480 0.096581 -0.097860 -0.013159
0.096581 0.044274 -0.011948 -0.002134
-0.097860 -0.011948 0.542278 0.111057
-0.013159 -0.002134 0.111057 0.046378
16.784335 0.564265 14.482419 -0.701049
0.460946 0.096949 -0.088002 -0.011156
0.096949 0.044408 -0.010187 -0.001899
-0.088002 -0.010187 0.536237 0.109225
-0.011156 -0.001899 0.109225 0.046008
17.351278 0.650510 15.777097 -0.359282
0.460072 0.097338 -0.076458 -0.009032
0.097338 0.044513 -0.008257 -0.001642
-0.076458 -0.008257 0.528525 0.107362
-0.009032 -0.001642 0.107362 0.045693
18.119779 0.769234 17.248500 -0.015302
0.461032 0.097987 -0.064775 -0.007059
0.097987 0.044647 -0.006468 -0.001415
-0.064775 -0.006468 0.519161 0.105416
-0.007059 -0.001415 0.105416 0.045399
19.661385 1.039142 18.900128 0.338390
0.463126 0.098737 -0.052779 -0.005164
0.098737 0.044779 -0.004722 -0.001191
-0.052779 -0.004722 0.509292 0.103594
-0.005164 -0.001191 0.103594 0.045156
20.860831 1.204511 20.777492 0.695843
0.465249 0.099361 -0.040144 -0.003252
0.099361 0.044868 -0.002899 -0.000942
-0.040144 -0.002899 0.500440 0.102162
-0.003252 -0.000942 0.102162 0.045004
21.721103 1.275663 22.766360 1.035591
0.467835 0.099959 -0.028784 -0.001687
0.099959 0.044941 -0.001401 -0.000745
-0.028784 -0.001401 0.492893 0.101089
-0.001687 -0.000745 0.101089 0.044918
22.241000 1.258247 24.278815 1.240058
0.470128 0.100384 -0.019911 -0.000671
0.100384 0.044970 -0.000433 -0.000639
-0.019911 -0.000433 0.487418 0.100473
-0.000671 -0.000639 0.100473 0.044907
23.156823 1.324385 25.712474 1.410354
0.471326 0.100505 -0.013755 -0.000192
0.100505 0.044935 0.000012 -0.000614
-0.013755 0.000012 0.484344 0.100335
-0.000192 -0.000614 0.100335 0.044968
23.481656 1.260118 28.102934 1.759747
0.471164 0.100313 -0.010658 -0.000269
0.100313 0.044843 -0.000092 -0.000671
-0.010658 -0.000092 0.483518 0.100599
-0.000269 -0.000671 0.100599 0.045084
24.257464 1.293554 29.741458 1.918601
0.467626 0.099426 -0.010058 -0.000741
0.099426 0.044619 -0.000576 -0.000773
-0.010058 -0.000576 0.486804 0.101631
-0.000741 -0.000773 0.101631 0.045331
24.899519 1.294688 31.646145 2.116382
0.462352 0.098265 -0.012181 -0.001626
0.098265 0.044362 -0.001476 -0.000930
-0.012181 -0.001476 0.492618 0.103040
-0.001626 -0.000930 0.103040 0.045621
25.874147 1.365186 33.216556 2.224044
0.455153 0.096806 -0.016250 -0.002739
0.096806 0.044066 -0.002606 -0.001105
-0.016250 -0.002606 0.501503 0.104920
-0.002739 -0.001105 0.104920 0.045979
26.404697 1.333340 34.706007 2.302703
0.447684 0.095415 -0.022248 -0.004076
0.095415 0.043804 -0.003970 -0.001306
-0.022248 -0.003970 0.512026 0.106945
-0.004076 -0.001306 0.106945 0.046337
27.131661 1.345809 35.603484 2.249921
0.440213 0.094124 -0.027891 -0.005166
0.094124 0.043574 -0.005081 -0.001437
-0.027891 -0.005081 0.523705 0.109023
-0.005166 -0.001437 0.109023 0.046683
28.096344 1.409308 37.109837 2.329541
0.434076 0.093190 -0.033467 -0.006115
0.093190 0.043424 -0.006054 -0.001535
-0.033467 -0.006054 0.534680 0.110782
-0.006115 -0.001535 0.110782 0.046950
29.089479 1.470990 38.056672 2.285325
0.428593 0.092422 -0.037891 -0.006737
0.092422 0.043301 -0.006687 -0.001567
-0.037891 -0.006687 0.545307 0.112353
-0.006737 -0.001567 0.112353 0.047175
30.294463 1.570896 38.628532 2.169804
0.424409 0.091937 -0.041221 -0.007093
0.091937 0.043229 -0.007048 -0.001555
-0.041221 -0.007048 0.554208 0.113490
-0.007093 -0.001555 0.113490 0.047318
30.957151 1.545671 40.087910 2.245653
0.421481 0.091694 -0.044272 -0.007384
0.091694 0.043194 -0.007350 -0.001548
-0.044272 -0.007350 0.561389 0.114252
-0.007384 -0.001548 0.114252 0.047398
31.458578 1.486860 41.337150 2.270041
0.420245 0.091793 -0.041779 -0.006556
0.091793 0.043222 -0.006473 -0.001317
-0.041779 -0.006473 0.563180 0.113965
-0.006556 -0.001317 0.113965 0.047290
32.715389 1.597076 41.982420 2.173769
0.422221 0.092534 -0.035432 -0.005054
0.092534 0.043376 -0.004913 -0.000979
-0.035432 -0.004913 0.557691 0.112353
-0.005054 -0.000979 0.112353 0.046952
32.865196 1.454474 43.082796 2.173230
0.427244 0.093815 -0.028104 -0.003512
0.093815 0.043624 -0.003342 -0.000673
-0.028104 -0.003342 0.547105 0.109957
-0.003512 -0.000673 0.109957 0.046504
33.572006 1.449048 43.978979 2.134822
0.436590 0.095873 -0.020757 -0.002102
0.095873 0.044015 -0.001953 -0.000426
-0.020757 -0.001953 0.530737 0.106674
-0.002102 -0.000426 0.106674 0.045923
33.772770 1.332108 44.563725 2.035239
0.450608 0.098716 -0.015272 -0.001173
0.098716 0.044545 -0.001107 -0.000299
-0.015272 -0.001107 0.510131 0.102842
-0.001173 -0.000299 0.102842 0.045271
34.507664 1.347609 45.712390 2.062083
0.465478 0.101454 -0.011851 -0.000726
0.101454 0.045014 -0.000745 -0.000270
-0.011851 -0.000745 0.491304 0.099669
-0.000726 -0.000270 0.099669 0.044781
34.842557 1.275212 47.056947 2.125246
0.486149 0.105197 -0.012877 -0.001183
0.105197 0.045681 -0.001339 -0.000424
-0.012877 -0.001339 0.469627 0.096093
-0.001183 -0.000424 0.096093 0.044209
35.393237 1.254375 47.275007 1.950189
0.510491 0.109404 -0.018131 -0.002438
0.109404 0.046414 -0.002718 -0.000716
-0.018131 -0.002718 0.448939 0.092889
-0.002438 -0.000716 0.092889 0.043708
36.044068 1.258090 47.719471 1.838932
0.533728 0.113044 -0.024825 -0.003869
0.113044 0.047000 -0.004204 -0.001005
-0.024825 -0.004204 0.432960 0.090765
-0.003869 -0.001005 0.090765 0.043413
