32.233002 0.471790 49.244815 1.906352
0.556414 0.116507 -0.032781 -0.005536
0.116507 0.047587 -0.005852 -0.001350
-0.032781 -0.005852 0.420441 0.089208
-0.005536 -0.001350 0.089208 0.043159
28.550950 -0.343073 48.497100 1.527813
0.566991 0.117126 -0.031653 -0.005040
0.117126 0.047541 -0.005352 -0.001173
-0.031653 -0.005352 0.414588 0.089177
-0.005040 -0.001173 0.089177 0.043240
24.635176 -1.115365 46.944224 1.009910
0.559199 0.114153 -0.025291 -0.003530
0.114153 0.046829 -0.003828 -0.000813
-0.025291 -0.003828 0.418234 0.091013
-0.003530 -0.000813 0.091013 0.043666
21.390575 -1.666607 45.358085 0.541530
0.538982 0.109163 -0.018962 -0.002223
0.109163 0.045825 -0.002457 -0.000529
-0.018962 -0.002457 0.429921 0.094244
-0.002223 -0.000529 0.094244 0.044317
18.809305 -2.030138 42.214354 -0.214777
0.515546 0.104151 -0.013820 -0.001301
0.104151 0.044933 -0.001453 -0.000349
-0.013820 -0.001453 0.445793 0.097927
-0.001301 -0.000349 0.097927 0.044986
17.088817 -2.183062 38.323095 -1.046130
0.487458 0.098738 -0.006938 -0.000073
0.098738 0.044035 -0.000166 -0.000115
-0.006938 -0.000166 0.468519 0.102658
-0.000073 -0.000115 0.102658 0.045823
15.557865 -2.282323 33.252272 -2.036487
0.464352 0.094827 0.007984 0.002833
0.094827 0.043492 0.002662 0.000448
0.007984 0.002662 0.491594 0.106960
0.002833 0.000448 0.106960 0.046510
12.865787 -2.607843 27.293470 -3.102071
0.461972 0.095432 0.025547 0.006085
0.095432 0.043871 0.005801 0.001048
0.025547 0.005801 0.496214 0.106859
0.006085 0.001048 0.106859 0.046217
10.769016 -2.771535 22.283232 -3.839900
0.476349 0.099339 0.028429 0.005927
0.099339 0.044850 0.005697 0.000919
0.028429 0.005697 0.480837 0.102584
0.005927 0.000919 0.102584 0.045108
8.467736 -2.958009 17.363895 -4.475711
0.492206 0.103113 0.017774 0.002991
0.103113 0.045686 0.002893 0.000258
0.017774 0.002893 0.463592 0.098470
0.002991 0.000258 0.098470 0.044181
7.229249 -2.905346 14.156686 -4.682180
0.508096 0.106493 -0.000509 -0.001192
0.106493 0.046354 -0.001151 -0.000585
-0.000509 -0.001151 0.449095 0.095419
-0.001192 -0.000585 0.095419 0.043583
6.480465 -2.758634 12.001392 -4.643814
0.524313 0.109583 -0.018832 -0.004930
0.109583 0.046903 -0.004772 -0.001257
-0.018832 -0.004772 0.438336 0.093451
-0.004930 -0.001257 0.093451 0.043259
6.761698 -2.414231 10.612001 -4.445143
0.539961 0.112245 -0.033509 -0.007527
0.112245 0.047324 -0.007291 -0.001648
-0.033509 -0.007291 0.430519 0.092239
-0.007527 -0.001648 0.092239 0.043100
7.252167 -2.062944 9.395005 -4.227006
0.554713 0.114490 -0.052795 -0.010914
0.114490 0.047642 -0.010566 -0.002195
-0.052795 -0.010566 0.426971 0.091974
-0.010914 -0.002195 0.091974 0.043127
7.729051 -1.749692 8.711726 -3.912679
0.561234 0.114848 -0.081216 -0.016059
0.114848 0.047564 -0.015440 -0.003082
-0.081216 -0.015440 0.435321 0.094177
-0.016059 -0.003082 0.094177 0.043646
8.713492 -1.360665 8.545872 -3.512824
0.552865 0.112181 -0.107946 -0.020549
0.112181 0.046900 -0.019520 -0.003783
-0.107946 -0.019520 0.457285 0.099003
-0.020549 -0.003783 0.099003 0.044657
9.714606 -0.999793 8.923846 -3.034070
0.534433 0.107837 -0.123833 -0.022519
0.107837 0.045985 -0.021089 -0.003955
-0.123833 -0.021089 0.484285 0.104424
-0.022519 -0.003955 0.104424 0.045702
11.192819 -0.577870 8.921079 -2.683865
0.519078 0.104615 -0.132524 -0.022944
0.104615 0.045390 -0.021263 -0.003869
-0.132524 -0.021263 0.506795 0.108362
-0.022944 -0.003869 0.108362 0.046350
12.034942 -0.317636 9.536352 -2.247626
0.500865 0.101202 -0.131790 -0.021577
0.101202 0.044810 -0.019723 -0.003492
-0.131790 -0.019723 0.525938 0.111338
-0.021577 -0.003492 0.111338 0.046781
13.793657 0.106733 10.085218 -1.862220
0.488042 0.099187 -0.128652 -0.019981
0.099187 0.044538 -0.018116 -0.003168
-0.128652 -0.018116 0.538615 0.112760
-0.019981 -0.003168 0.112760 0.046887
14.374762 0.250495 11.103200 -1.442770
0.475411 0.097396 -0.119553 -0.017471
0.097396 0.044313 -0.015657 -0.002727
-0.119553 -0.015657 0.546088 0.113171
-0.017471 -0.002727 0.113171 0.046835
15.498546 0.501385 12.671192 -0.948393
0.467909 0.096724 -0.110370 -0.015254
0.096724 0.044296 -0.013628 -0.002420
-0.110370 -0.013628 0.547575 0.112440
-0.015254 -0.002420 0.112440 0.046594
16.005869 0.591738 14.241443 -0.521179
0.463608 0.096705 -0.098530 -0.012754
0.096705 0.044384 -0.011399 -0.002094
-0.098530 -0.011399 0.542700 0.110661
-0.012754 -0.002094 0.110661 0.046208
16.752269 0.713622 15.500492 -0.201658
0.462854 0.097316 -0.086063 -0.010371
0.097316 0.044565 -0.009335 -0.001815
-0.086063 -0.009335 0.533189 0.108247
-0.010371 -0.001815 0.108247 0.045760
17.606770 0.847614 17.126929 0.159472
0.463453 0.098042 -0.073086 -0.008112
0.098042 0.044729 -0.007338 -0.001558
-0.073086 -0.007338 0.522502 0.105934
-0.008112 -0.001558 0.105934 0.045391
18.095696 0.889507 19.132392 0.554317
0.465272 0.098861 -0.059517 -0.005907
0.098861 0.044883 -0.005340 -0.001297
-0.059517 -0.005340 0.511222 0.103785
-0.005907 -0.001297 0.103785 0.045092
18.804705 0.965995 20.957073 0.874426
0.468556 0.099823 -0.046178 -0.003882
0.099823 0.045044 -0.003482 -0.001054
-0.046178 -0.003482 0.499919 0.101844
-0.003882 -0.001054 0.101844 0.044853
19.353522 0.994334 22.695487 1.142442
0.471714 0.100587 -0.033731 -0.002141
0.100587 0.045144 -0.001844 -0.000843
-0.033731 -0.001844 0.490765 0.100491
-0.002141 -0.000843 0.100491 0.044733
20.176751 1.072392 24.204809 1.338740
0.474011 0.101034 -0.022869 -0.000780
0.101034 0.045167 -0.000538 -0.000680
-0.022869 -0.000538 0.484423 0.099776
-0.000780 -0.000680 0.099776 0.044727
21.392013 1.222596 25.659526 1.505978
0.474668 0.101049 -0.014251 0.000114
0.101049 0.045100 0.000334 -0.000583
-0.014251 0.000334 0.481301 0.099709
0.000114 -0.000583 0.099709 0.044825
21.946916 1.214314 27.132102 1.655593
0.473428 0.100637 -0.008715 0.000421
0.100637 0.044954 0.000628 -0.000576
-0.008715 0.000628 0.481212 0.100190
0.000421 -0.000576 0.100190 0.044999
23.353813 1.385568 28.355638 1.740873
0.470405 0.099884 -0.005542 0.000348
0.099884 0.044755 0.000544 -0.000611
-0.005542 0.000544 0.483622 0.101071
0.000348 -0.000611 0.101071 0.045220
23.865047 1.347738 29.538574 1.805981
0.466404 0.098993 -0.006250 -0.000394
0.098993 0.044550 -0.000221 -0.000756
-0.006250 -0.000221 0.487639 0.102142
-0.000394 -0.000756 0.102142 0.045445
24.681447 1.378371 30.704075 1.861177
0.461470 0.097991 -0.008601 -0.001289
0.097991 0.044340 -0.001143 -0.000897
-0.008601 -0.001143 0.493172 0.103388
-0.001289 -0.000897 0.103388 0.045679
25.944537 1.500488 31.714156 1.878202
0.456134 0.096989 -0.012972 -0.002426
0.096989 0.044146 -0.002312 -0.001064
-0.012972 -0.002312 0.499840 0.104729
-0.002426 -0.001064 0.104729 0.045912
26.380055 1.433635 32.936910 1.937362
0.451451 0.096199 -0.020035 -0.003945
0.096199 0.044006 -0.003873 -0.001292
-0.020035 -0.003873 0.506756 0.105985
-0.003945 -0.001292 0.105985 0.046111
27.611259 1.544111 34.418554 2.044801
0.446232 0.095335 -0.026958 -0.005248
0.095335 0.043851 -0.005211 -0.001457
-0.026958 -0.005211 0.515206 0.107451
-0.005248 -0.001457 0.107451 0.046346
27.999225 1.462348 35.803615 2.119635
0.441055 0.094514 -0.035354 -0.006718
0.094514 0.043705 -0.006720 -0.001653
-0.035354 -0.006720 0.525083 0.109093
-0.006718 -0.001653 0.109093 0.046610
28.717180 1.459157 36.723488 2.090642
0.435449 0.093626 -0.041573 -0.007610
0.093626 0.043541 -0.007623 -0.001724
-0.041573 -0.007623 0.536007 0.110836
-0.007610 -0.001724 0.110836 0.046889
29.467770 1.464155 37.902857 2.118311
0.430690 0.092945 -0.046656 -0.008216
0.092945 0.043418 -0.008227 -0.001747
-0.046656 -0.008227 0.546191 0.112315
-0.008216 -0.001747 0.112315 0.047109
30.284573 1.483297 39.133870 2.153860
0.426437 0.092378 -0.049360 -0.008324
0.092378 0.043313 -0.008309 -0.001684
-0.049360 -0.008309 0.555172 0.113486
-0.008324 -0.001684 0.113486 0.047273
31.195322 1.522324 40.627613 2.239595
0.423140 0.092018 -0.048703 -0.007790
0.092018 0.043247 -0.007721 -0.001509
-0.048703 -0.007721 0.561227 0.114049
-0.007790 -0.001509 0.114049 0.047326
32.126322 1.560693 41.954395 2.282485
0.422405 0.092211 -0.043100 -0.006349
0.092211 0.043296 -0.006202 -0.001177
-0.043100 -0.006202 0.560469 0.113300
-0.006349 -0.001177 0.113300 0.047140
32.714252 1.516328 42.738994 2.209395
0.426421 0.093379 -0.034239 -0.004407
0.093379 0.043542 -0.004215 -0.000785
-0.034239 -0.004215 0.550482 0.110872
-0.004407 -0.000785 0.110872 0.046657
33.132295 1.440597 43.663414 2.171151
0.433913 0.095134 -0.025636 -0.002708
0.095134 0.043884 -0.002525 -0.000485
-0.025636 -0.002525 0.536028 0.107843
-0.002708 -0.000485 0.107843 0.046107
33.846578 1.440105 44.906014 2.202795
0.445455 0.097556 -0.018512 -0.001449
0.097556 0.044339 -0.001333 -0.000303
-0.018512 -0.001333 0.517664 0.104329
-0.001449 -0.000303 0.104329 0.045503
34.766507 1.484625 46.201529 2.243010
0.463553 0.101139 -0.014938 -0.000980
0.101139 0.045010 -0.001018 -0.000296
-0.014938 -0.001018 0.494139 0.100057
-0.000980 -0.000296 0.100057 0.044777
35.459542 1.473017 47.080110 2.193202
0.488286 0.105795 -0.017368 -0.001733
0.105795 0.045866 -0.001983 -0.000534
-0.017368 -0.001983 0.468450 0.095631
-0.001733 -0.000534 0.095631 0.044042
35.883702 1.403542 47.438509 2.039573
0.515480 0.110543 -0.024228 -0.003305
0.110543 0.046691 -0.003722 -0.000902
-0.024228 -0.003722 0.446256 0.092168
-0.003305 -0.000902 0.092168 0.043511
36.841040 1.458573 48.731452 2.097693
0.541346 0.114618 -0.032403 -0.005006
0.114618 0.047338 -0.005496 -0.001247
-0.032403 -0.005496 0.429623 0.089977
-0.005006 -0.001247 0.089977 0.043224
