1.932915 1.735277 1.547402 -0.273073
2.053490 0.821414 -0.226717 -0.090689
0.821414 80.332639 -0.090689 -0.036276
-0.226717 -0.090689 3.101368 1.240574
-0.090689 -0.036276 1.240574 80.500307
5.314043 6.222745 1.375233 -0.284801
3.393612 6.030259 -1.520792 -2.513596
6.030259 17.864862 -2.662907 -5.045595
-1.520792 -2.662907 2.717599 4.579747
-2.513596 -5.045595 4.579747 17.853251
3.268424 0.695466 3.682632 2.129289
2.208599 2.420816 -0.183121 -0.000092
2.420816 4.372994 -0.084796 -0.197643
-0.183121 -0.084796 1.887024 2.234380
-0.000092 -0.197643 2.234380 4.899886
5.710365 2.375999 3.821800 1.369190
1.602293 1.287252 -0.501547 -0.400294
1.287252 1.700893 -0.388481 -0.460078
-0.501547 -0.388481 2.195766 1.914553
-0.400294 -0.460078 1.914553 2.465503
7.818962 2.960972 3.047798 0.406123
1.281346 0.827689 -0.264001 -0.158835
0.827689 0.860347 -0.156531 -0.169198
-0.264001 -0.156531 1.887878 1.259386
-0.158835 -0.169198 1.259386 1.213134
8.053978 2.291714 5.267364 1.493908
1.125054 0.609674 -0.133734 -0.068634
0.609674 0.513704 -0.067744 -0.077491
-0.133734 -0.067744 1.573760 0.851772
-0.068634 -0.077491 0.851772 0.668847
8.133568 1.794433 6.716181 1.818600
1.012501 0.471620 -0.229648 -0.108413
0.471620 0.334299 -0.108865 -0.077280
-0.229648 -0.108865 1.465276 0.671314
-0.108413 -0.077280 0.671314 0.437651
9.122176 1.832214 6.934467 1.544466
0.980158 0.400105 -0.303632 -0.123660
0.400105 0.241402 -0.124812 -0.067470
-0.303632 -0.124812 1.307198 0.519027
-0.123660 -0.067470 0.519027 0.295018
10.313469 1.931511 7.349436 1.418765
0.913981 0.331078 -0.308971 -0.109274
0.331078 0.177199 -0.110329 -0.050376
-0.308971 -0.110329 1.195781 0.420214
-0.109274 -0.050376 0.420214 0.213031
10.362010 1.630985 8.021566 1.405457
0.840167 0.274182 -0.284608 -0.088733
0.274182 0.134297 -0.089427 -0.036024
-0.284608 -0.089427 1.097098 0.346920
-0.088733 -0.036024 0.346920 0.160775
10.477243 1.425961 9.740612 1.697275
0.787315 0.234857 -0.266415 -0.074355
0.234857 0.107143 -0.074940 -0.026995
-0.266415 -0.074940 1.004136 0.289830
-0.074355 -0.026995 0.289830 0.125718
10.934042 1.354479 10.552204 1.685998
0.755032 0.208456 -0.245459 -0.061924
0.208456 0.089715 -0.062626 -0.020493
-0.245459 -0.062626 0.901666 0.240662
-0.061924 -0.020493 0.240662 0.100457
11.919520 1.435842 11.543024 1.725323
0.722065 0.186409 -0.222137 -0.051096
0.186409 0.077121 -0.051819 -0.015648
-0.222137 -0.051819 0.818674 0.204773
-0.051096 -0.015648 0.204773 0.083587
13.185639 1.566937 11.939088 1.618074
0.686458 0.167390 -0.195372 -0.041215
0.167390 0.067784 -0.041857 -0.011867
-0.195372 -0.041857 0.751543 0.178300
-0.041215 -0.011867 0.178300 0.072091
14.485119 1.689082 12.848105 1.645739
0.647926 0.150708 -0.169133 -0.032937
0.150708 0.060738 -0.033396 -0.009033
-0.169133 -0.033396 0.701930 0.159663
-0.032937 -0.009033 0.159663 0.064375
14.492439 1.503174 14.045354 1.720701
0.612226 0.137198 -0.142715 -0.025697
0.137198 0.055638 -0.025993 -0.006828
-0.142715 -0.025993 0.660585 0.145377
-0.025697 -0.006828 0.145377 0.058887
15.055176 1.459881 14.724871 1.679625
0.586720 0.127822 -0.121147 -0.020273
0.127822 0.052271 -0.020550 -0.005301
-0.121147 -0.020550 0.622406 0.133544
-0.020273 -0.005301 0.133544 0.054768
14.985765 1.287467 15.517080 1.661340
0.565096 0.120553 -0.102696 -0.016048
0.120553 0.049884 -0.016303 -0.004189
-0.102696 -0.016303 0.591436 0.124631
-0.016048 -0.004189 0.124631 0.051860
15.585405 1.285906 17.158898 1.831051
0.549127 0.115419 -0.087862 -0.012918
0.115419 0.048302 -0.013190 -0.003411
-0.087862 -0.013190 0.564634 0.117560
-0.012918 -0.003411 0.117560 0.049727
16.374261 1.318860 18.335118 1.886722
0.536467 0.111658 -0.072380 -0.009869
0.111658 0.047239 -0.010166 -0.002709
-0.072380 -0.010166 0.540812 0.111858
-0.009869 -0.002709 0.111858 0.048152
17.211354 1.354377 19.115423 1.854522
0.525492 0.108717 -0.057889 -0.007227
0.108717 0.046494 -0.007522 -0.002133
-0.057889 -0.007522 0.521979 0.107726
-0.007227 -0.002133 0.107726 0.047079
17.770883 1.331460 20.225344 1.891413
0.515772 0.106374 -0.045347 -0.005133
0.106374 0.045965 -0.005405 -0.001695
-0.045347 -0.005405 0.508054 0.104941
-0.005133 -0.001695 0.104941 0.046389
18.758802 1.402090 21.766432 2.017364
0.507866 0.104659 -0.034315 -0.003427
0.104659 0.045623 -0.003674 -0.001349
-0.034315 -0.003674 0.497391 0.103013
-0.003427 -0.001349 0.103013 0.045932
19.539364 1.420091 23.048092 2.074681
0.500726 0.103270 -0.024295 -0.001969
0.103270 0.045380 -0.002183 -0.001055
-0.024295 -0.002183 0.490097 0.101875
-0.001969 -0.001055 0.101875 0.045667
20.355357 1.440356 23.730583 2.001106
0.494246 0.102131 -0.016109 -0.000903
0.102131 0.045201 -0.001081 -0.000839
-0.016109 -0.001081 0.485732 0.101354
-0.000903 -0.000839 0.101354 0.045537
20.799744 1.381522 24.252206 1.899749
0.488561 0.101230 -0.010263 -0.000299
0.101230 0.045075 -0.000442 -0.000711
-0.010263 -0.000442 0.483486 0.101228
-0.000299 -0.000711 0.101228 0.045484
20.827263 1.243594 25.184066 1.894186
0.483834 0.100572 -0.006216 -0.000006
0.100572 0.044994 -0.000119 -0.000635
-0.006216 -0.000119 0.482487 0.101292
-0.000006 -0.000635 0.101292 0.045462
21.620849 1.279864 26.419742 1.955190
0.479508 0.100011 -0.003072 0.000183
0.100011 0.044925 0.000094 -0.000565
-0.003072 0.000094 0.482743 0.101546
0.000183 -0.000565 0.101546 0.045471
22.766979 1.385950 27.585555 1.995298
0.474703 0.099350 -0.001672 0.000088
0.099350 0.044824 0.000020 -0.000544
-0.001672 0.000020 0.484808 0.102100
0.000088 -0.000544 0.102100 0.045537
23.348925 1.362670 28.784925 2.037756
0.469610 0.098634 -0.002771 -0.000435
0.098634 0.044703 -0.000487 -0.000601
-0.002771 -0.000487 0.488244 0.102849
-0.000435 -0.000601 0.102849 0.045635
24.128820 1.383472 29.602257 1.995326
0.464119 0.097841 -0.005191 -0.001112
0.097841 0.044561 -0.001155 -0.000677
-0.005191 -0.001155 0.493042 0.103787
-0.001112 -0.000677 0.103787 0.045766
24.637648 1.344735 30.749939 2.026881
0.459164 0.097172 -0.009092 -0.001979
0.097172 0.044440 -0.002022 -0.000785
-0.009092 -0.002022 0.498124 0.104685
-0.001979 -0.000785 0.104685 0.045883
24.589036 1.191552 32.195297 2.117442
0.453901 0.096431 -0.013718 -0.002880
0.096431 0.044296 -0.002928 -0.000892
-0.013718 -0.002928 0.504420 0.105756
-0.002880 -0.000892 0.105756 0.046036
24.918857 1.134897 33.459519 2.160303
0.447489 0.095442 -0.017391 -0.003480
0.095442 0.044095 -0.003529 -0.000933
-0.017391 -0.003529 0.512843 0.107187
-0.003480 -0.000933 0.107187 0.046262
25.445058 1.125632 34.029820 2.054118
0.440993 0.094452 -0.020924 -0.003996
0.094452 0.043892 -0.004044 -0.000963
-0.020924 -0.004044 0.522237 0.108713
-0.003996 -0.000963 0.108713 0.046504
26.508763 1.234299 35.683329 2.184618
0.435827 0.093759 -0.024766 -0.004541
0.093759 0.043750 -0.004591 -0.001009
-0.024766 -0.004591 0.530658 0.109936
-0.004541 -0.001009 0.109936 0.046680
27.423978 1.299304 37.061016 2.244044
0.430641 0.093039 -0.029378 -0.005218
0.093039 0.043595 -0.005276 -0.001093
-0.029378 -0.005276 0.540100 0.111312
-0.005218 -0.001093 0.111312 0.046893
28.330498 1.355854 38.473189 2.304225
0.426121 0.092448 -0.033266 -0.005713
0.092448 0.043462 -0.005770 -0.001144
-0.033266 -0.005770 0.549064 0.112530
-0.005713 -0.001144 0.112530 0.047077
28.782606 1.305685 39.347439 2.246805
0.422654 0.092063 -0.035120 -0.005784
0.092063 0.043368 -0.005821 -0.001114
-0.035120 -0.005821 0.556124 0.113331
-0.005784 -0.001114 0.113331 0.047186
29.729012 1.367010 39.710529 2.093641
0.420510 0.091931 -0.034962 -0.005480
0.091931 0.043321 -0.005482 -0.001020
-0.034962 -0.005482 0.560390 0.113587
-0.005480 -0.001020 0.113587 0.047199
30.977669 1.490968 40.718974 2.088297
0.419262 0.091932 -0.034867 -0.005257
0.091932 0.043293 -0.005240 -0.000966
-0.034867 -0.005240 0.563140 0.113605
-0.005257 -0.000966 0.113605 0.047186
31.299401 1.397374 41.696603 2.072981
0.419898 0.092292 -0.032225 -0.004571
0.092292 0.043337 -0.004517 -0.000826
-0.032225 -0.004517 0.561500 0.112838
-0.004571 -0.000826 0.112838 0.047039
32.153547 1.430802 42.553942 2.037750
0.423071 0.093132 -0.027182 -0.003486
0.093132 0.043477 -0.003391 -0.000620
-0.027182 -0.003391 0.554601 0.111179
-0.003486 -0.000620 0.111179 0.046741
32.502757 1.347648 43.035362 1.928323
0.429516 0.094571 -0.021068 -0.002290
0.094571 0.043735 -0.002177 -0.000411
-0.021068 -0.002177 0.542375 0.108669
-0.002290 -0.000411 0.108669 0.046308
32.935056 1.295633 44.266923 1.981035
0.437150 0.096099 -0.015625 -0.001338
0.096099 0.043990 -0.001229 -0.000269
-0.015625 -0.001229 0.529352 0.106255
-0.001338 -0.000269 0.106255 0.045926
33.658399 1.312147 45.245442 1.978887
0.450170 0.098650 -0.011258 -0.000658
0.098650 0.044456 -0.000609 -0.000191
-0.011258 -0.000609 0.510345 0.102839
-0.000658 -0.000191 0.102839 0.045359
34.040575 1.252483 46.251199 1.981381
0.467845 0.101967 -0.009736 -0.000582
0.101967 0.045061 -0.000639 -0.000237
-0.009736 -0.000639 0.488536 0.099098
-0.000582 -0.000237 0.099098 0.044745
34.541301 1.223862 46.650790 1.859993
0.488431 0.105616 -0.011329 -0.001119
0.105616 0.045705 -0.001286 -0.000395
-0.011329 -0.001286 0.467328 0.095698
-0.001119 -0.000395 0.095698 0.044209
35.135886 1.219685 47.363201 1.814855
0.508948 0.108955 -0.014789 -0.001972
0.108955 0.046257 -0.002211 -0.000591
-0.014789 -0.002211 0.449674 0.093176
-0.001972 -0.000591 0.093176 0.043844
35.535553 1.175237 48.297588 1.820080
0.531190 0.112429 -0.021306 -0.003371
0.112429 0.046829 -0.003650 -0.000874
-0.021306 -0.003650 0.434046 0.091102
-0.003371 -0.000874 0.091102 0.043540
