4.445446 2.740311 0.701197 -0.611562
2.470482 0.988214 -0.052654 -0.021062
0.988214 80.399361 -0.021062 -0.008425
-0.052654 -0.021062 2.434012 0.973626
-0.021062 -0.008425 0.973626 80.393525
4.437798 0.333777 0.912306 0.287492
2.247355 3.928955 -0.049671 -0.076743
3.928955 15.259964 -0.076460 -0.268145
-0.049671 -0.076460 2.274824 3.984172
-0.076743 -0.268145 3.984172 15.263712
7.017099 3.125196 1.250324 0.514417
1.993415 2.306324 -0.047644 -0.052526
2.306324 4.558430 -0.052504 -0.097118
-0.047644 -0.052504 2.011297 2.319096
-0.052526 -0.097118 2.319096 4.547505
8.284974 2.876394 1.099551 0.171426
1.703835 1.436671 -0.034714 -0.028080
1.436671 1.907263 -0.028051 -0.037782
-0.034714 -0.028051 1.725549 1.449856
-0.028080 -0.037782 1.449856 1.910628
8.316415 1.946818 2.935070 1.323735
1.470390 0.972020 -0.027600 -0.017935
0.972020 0.973863 -0.017917 -0.018900
-0.027600 -0.017917 1.493018 0.983399
-0.017935 -0.018900 0.983399 0.978333
8.614439 1.579683 4.280881 1.694175
1.291074 0.701796 -0.022636 -0.012341
0.701796 0.566612 -0.012329 -0.010708
-0.022636 -0.012329 1.307266 0.707966
-0.012341 -0.010708 0.707966 0.568578
9.687502 1.710342 6.541212 2.344817
1.149399 0.531028 -0.018863 -0.008879
0.531028 0.361250 -0.008871 -0.006573
-0.018863 -0.008871 1.160579 0.534361
-0.008879 -0.006573 0.534361 0.362176
10.370203 1.640998 7.304254 2.180572
1.035678 0.416867 -0.015062 -0.006264
0.416867 0.247094 -0.006256 -0.004142
-0.015062 -0.006256 1.042865 0.418511
-0.006264 -0.004142 0.418511 0.247510
10.915352 1.542575 8.210832 2.115107
0.942437 0.337012 -0.012407 -0.004649
0.337012 0.178911 -0.004643 -0.002780
-0.012407 -0.004643 0.947568 0.338012
-0.004649 -0.002780 0.338012 0.179203
11.579534 1.508005 9.205968 2.095018
0.865288 0.279405 -0.010412 -0.003564
0.279405 0.136020 -0.003559 -0.001947
-0.010412 -0.003559 0.869089 0.280073
-0.003564 -0.001947 0.280073 0.136254
12.047198 1.423397 9.967069 2.010527
0.800841 0.236809 -0.008787 -0.002777
0.236809 0.107944 -0.002773 -0.001402
-0.008787 -0.002773 0.803722 0.237285
-0.002777 -0.001402 0.237285 0.108139
12.117007 1.247298 11.479521 2.149553
0.746600 0.204713 -0.007513 -0.002208
0.204713 0.089002 -0.002205 -0.001037
-0.007513 -0.002205 0.748835 0.205073
-0.002208 -0.001037 0.205073 0.089168
13.770998 1.512342 12.009248 2.009350
0.700893 0.180238 -0.006430 -0.001769
0.180238 0.075943 -0.001767 -0.000779
-0.006430 -0.001767 0.702306 0.180433
-0.001769 -0.000779 0.180433 0.076062
13.935439 1.368096 13.353166 2.092044
0.661902 0.161305 -0.005414 -0.001403
0.161305 0.066771 -0.001401 -0.000588
-0.005414 -0.001401 0.663093 0.161489
-0.001403 -0.000588 0.161489 0.066882
14.859005 1.423930 14.582568 2.134763
0.628902 0.146644 -0.004570 -0.001120
0.146644 0.060276 -0.001119 -0.000449
-0.004570 -0.001119 0.629725 0.146770
-0.001120 -0.000449 0.146770 0.060366
15.192057 1.338654 15.590332 2.121368
0.600904 0.135241 -0.003803 -0.000886
0.135241 0.055645 -0.000885 -0.000344
-0.003803 -0.000885 0.601454 0.135329
-0.000886 -0.000344 0.135329 0.055719
15.087618 1.169247 16.167460 2.015520
0.577246 0.126386 -0.003167 -0.000703
0.126386 0.052341 -0.000702 -0.000266
-0.003167 -0.000702 0.577547 0.126438
-0.000703 -0.000266 0.126438 0.052400
15.590936 1.151803 16.661608 1.905361
0.557353 0.119538 -0.002677 -0.000568
0.119538 0.049991 -0.000567 -0.000208
-0.002677 -0.000567 0.557423 0.119555
-0.000568 -0.000208 0.119555 0.050036
16.045598 1.126193 17.954071 1.977175
0.540695 0.114271 -0.002265 -0.000459
0.114271 0.048331 -0.000459 -0.000165
-0.002265 -0.000459 0.540630 0.114271
-0.000459 -0.000165 0.114271 0.048367
16.671025 1.139219 18.615297 1.908654
0.526895 0.110268 -0.001878 -0.000364
0.110268 0.047175 -0.000363 -0.000129
-0.001878 -0.000363 0.526697 0.110250
-0.000364 -0.000129 0.110250 0.047202
17.735197 1.242110 19.496205 1.893409
0.515545 0.107262 -0.001542 -0.000285
0.107262 0.046382 -0.000285 -0.000101
-0.001542 -0.000285 0.515279 0.107238
-0.000285 -0.000101 0.107238 0.046403
18.180475 1.205645 20.483351 1.901788
0.506308 0.105041 -0.001236 -0.000218
0.105041 0.045850 -0.000218 -0.000079
-0.001236 -0.000218 0.506038 0.105022
-0.000218 -0.000079 0.105022 0.045869
18.993204 1.249152 21.251103 1.863819
0.498907 0.103440 -0.000971 -0.000163
0.103440 0.045506 -0.000162 -0.000061
-0.000971 -0.000162 0.498641 0.103424
-0.000163 -0.000061 0.103424 0.045521
19.423743 1.208888 22.206465 1.868673
0.493052 0.102316 -0.000746 -0.000119
0.102316 0.045292 -0.000119 -0.000048
-0.000746 -0.000119 0.492819 0.102307
-0.000119 -0.000048 0.102307 0.045305
19.891687 1.180522 23.307275 1.903285
0.488501 0.101555 -0.000557 -0.000084
0.101555 0.045166 -0.000084 -0.000037
-0.000557 -0.000084 0.488310 0.101553
-0.000084 -0.000037 0.101553 0.045177
20.720809 1.230313 24.639505 1.982628
0.485020 0.101062 -0.000400 -0.000057
0.101062 0.045097 -0.000057 -0.000029
-0.000400 -0.000057 0.484891 0.101070
-0.000057 -0.000029 0.101070 0.045107
21.416005 1.247037 25.757394 2.009078
0.482396 0.100761 -0.000280 -0.000038
0.100761 0.045063 -0.000038 -0.000023
-0.000280 -0.000038 0.482370 0.100786
-0.000038 -0.000023 0.100786 0.045075
21.970216 1.232523 26.653823 1.986435
0.480454 0.100594 -0.000199 -0.000027
0.100594 0.045049 -0.000027 -0.000019
-0.000199 -0.000027 0.480566 0.100642
-0.000027 -0.000019 0.100642 0.045063
22.883683 1.294883 27.596089 1.975748
0.479048 0.100516 -0.000153 -0.000022
0.100516 0.045044 -0.000022 -0.000017
-0.000153 -0.000022 0.479317 0.100589
-0.000022 -0.000017 0.100589 0.045061
23.395093 1.266287 28.608675 1.980942
0.478049 0.100493 -0.000156 -0.000027
0.100493 0.045042 -0.000027 -0.000016
-0.000156 -0.000027 0.478495 0.100594
-0.000027 -0.000016 0.100594 0.045063
24.185627 1.299422 29.324980 1.923223
0.477345 0.100500 -0.000188 -0.000036
0.100500 0.045039 -0.000036 -0.000017
-0.000188 -0.000036 0.477997 0.100633
-0.000036 -0.000017 0.100633 0.045064
24.824607 1.297160 30.379048 1.942709
0.476866 0.100522 -0.000259 -0.000052
0.100522 0.045033 -0.000052 -0.000018
-0.000259 -0.000052 0.477718 0.100684
-0.000052 -0.000018 0.100684 0.045063
24.831167 1.161700 31.538085 1.982290
0.476523 0.100543 -0.000366 -0.000072
0.100543 0.045023 -0.000072 -0.000021
-0.000366 -0.000072 0.477612 0.100742
-0.000072 -0.000021 0.100742 0.045059
25.166701 1.109911 32.879096 2.056122
0.476243 0.100553 -0.000467 -0.000090
0.100553 0.045008 -0.000090 -0.000023
-0.000467 -0.000090 0.477649 0.100803
-0.000090 -0.000023 0.100803 0.045053
25.612794 1.086912 33.790165 2.031421
0.475981 0.100546 -0.000590 -0.000110
0.100546 0.044989 -0.000110 -0.000025
-0.000590 -0.000110 0.477795 0.100865
-0.000110 -0.000025 0.100865 0.045047
26.254636 1.107693 34.615193 1.991166
0.475747 0.100530 -0.000734 -0.000134
0.100530 0.044968 -0.000134 -0.000029
-0.000734 -0.000134 0.477986 0.100917
-0.000134 -0.000029 0.100917 0.045039
26.168789 0.972481 35.475583 1.962584
0.475535 0.100507 -0.000913 -0.000163
0.100507 0.044947 -0.000163 -0.000033
-0.000913 -0.000163 0.478191 0.100958
-0.000163 -0.000033 0.100958 0.045029
26.684612 0.978690 35.926283 1.850578
0.475307 0.100473 -0.001060 -0.000184
0.100473 0.044925 -0.000184 -0.000036
-0.001060 -0.000184 0.478423 0.100995
-0.000184 -0.000036 0.100995 0.045020
27.293441 1.003963 36.974680 1.876574
0.475112 0.100441 -0.001224 -0.000208
0.100441 0.044905 -0.000208 -0.000040
-0.001224 -0.000208 0.478618 0.101017
-0.000208 -0.000040 0.101017 0.045010
28.271653 1.104692 38.261687 1.950220
0.474887 0.100400 -0.001435 -0.000241
0.100400 0.044885 -0.000241 -0.000046
-0.001435 -0.000241 0.478835 0.101040
-0.000241 -0.000046 0.101040 0.045002
29.025344 1.147331 39.676634 2.043039
0.474620 0.100348 -0.001739 -0.000293
0.100348 0.044865 -0.000293 -0.000056
-0.001739 -0.000293 0.479084 0.101067
-0.000293 -0.000056 0.101067 0.044997
29.664341 1.161154 40.745171 2.052967
0.474291 0.100284 -0.002113 -0.000356
0.100284 0.044844 -0.000356 -0.000068
-0.002113 -0.000356 0.479387 0.101104
-0.000356 -0.000068 0.101104 0.044996
30.564675 1.228747 41.676215 2.032918
0.473943 0.100218 -0.002519 -0.000422
0.100218 0.044824 -0.000423 -0.000080
-0.002519 -0.000423 0.479703 0.101142
-0.000422 -0.000080 0.101142 0.044997
31.591468 1.316072 43.079605 2.114590
0.473611 0.100158 -0.002984 -0.000498
0.100158 0.044808 -0.000499 -0.000094
-0.002984 -0.000499 0.480000 0.101175
-0.000498 -0.000094 0.101175 0.044998
32.351641 1.337558 43.783985 2.040257
0.473239 0.100092 -0.003550 -0.000592
0.100092 0.044791 -0.000592 -0.000112
-0.003550 -0.000592 0.480341 0.101218
-0.000592 -0.000112 0.101218 0.045003
32.775001 1.285574 44.632399 2.003986
0.472916 0.100038 -0.004124 -0.000682
0.100038 0.044778 -0.000683 -0.000128
-0.004124 -0.000683 0.480637 0.101251
-0.000682 -0.000128 0.101251 0.045006
33.410794 1.283819 45.045004 1.879854
0.472587 0.099985 -0.004666 -0.000762
0.099985 0.044765 -0.000763 -0.000143
-0.004666 -0.000763 0.480943 0.101287
-0.000762 -0.000143 0.101287 0.045011
33.690774 1.207282 46.081571 1.900005
0.472334 0.099950 -0.005185 -0.000835
0.099950 0.044756 -0.000836 -0.000156
-0.005185 -0.000836 0.481177 0.101309
-0.000835 -0.000156 0.101309 0.045014
34.401328 1.229970 47.127201 1.920201
0.472020 0.099901 -0.005678 -0.000903
0.099901 0.044745 -0.000903 -0.000168
-0.005678 -0.000903 0.481482 0.101349
-0.000903 -0.000168 0.101349 0.045022
35.092075 1.245515 47.379706 1.771339
0.471688 0.099849 -0.006226 -0.000981
0.099849 0.044733 -0.000982 -0.000184
-0.006226 -0.000982 0.481818 0.101395
-0.000981 -0.000184 0.101395 0.045031
