-1.246146 0.463625 5.842369 1.444951
41.463505 16.585761 -56.479068 -22.592117
16.585761 86.638515 -22.592117 -9.037042
-56.479068 -22.592117 80.538224 32.215988
-22.592117 -9.037042 32.215988 92.890741
0.130906 0.787663 4.560185 0.250739
59.003550 28.354910 -85.115104 -44.043248
28.354910 34.936175 -38.532337 -40.280961
-85.115104 -38.532337 126.475772 67.089035
-44.043248 -40.280961 67.089035 70.888868
-3.220915 -0.722868 10.756614 3.242168
78.470399 41.996433 -98.972721 -44.286536
41.996433 33.573266 -51.989531 -36.911784
-98.972721 -51.989531 127.501605 57.597014
-44.286536 -36.911784 57.597014 46.736428
-0.612425 0.648609 8.909777 1.888349
8.304813 3.196473 -14.889945 -7.325570
3.196473 7.946109 -5.230343 -11.363662
-14.889945 -5.230343 30.768017 15.909777
-7.325570 -11.363662 15.909777 21.243109
-0.787152 0.743927 12.544399 3.027782
13.260358 7.017251 -23.765038 -12.846756
7.017251 7.616835 -11.901527 -11.676744
-23.765038 -11.901527 45.963154 24.255220
-12.846756 -11.676744 24.255220 20.365887
2.553393 2.373301 9.721989 0.736899
9.958269 4.126843 -21.156388 -9.240938
4.126843 3.944233 -7.953439 -6.506362
-21.156388 -7.953439 48.965530 20.578442
-9.240938 -6.506362 20.578442 13.067286
3.587187 2.382577 10.764563 0.915964
10.418825 4.987228 -17.840125 -8.070314
4.987228 3.674560 -8.009934 -5.454358
-17.840125 -8.009934 33.197071 14.208521
-8.070314 -5.454358 14.208521 8.861602
4.593517 2.748371 14.347571 1.459381
15.621493 6.652501 -25.301001 -10.217199
6.652501 3.608248 -10.440798 -5.338692
-25.301001 -10.440798 43.099561 16.865230
-10.217199 -5.338692 16.865230 8.362146
4.023776 1.985208 17.738550 2.470189
11.970259 4.099856 -21.284791 -7.005543
4.099856 1.917220 -7.022348 -3.053207
-21.284791 -7.022348 40.034545 12.805744
-7.005543 -3.053207 12.805744 5.278727
6.572303 2.463042 16.261373 1.671007
2.814385 0.775386 -5.733338 -1.568262
0.775386 0.585687 -1.273948 -0.881290
-5.733338 -1.273948 14.523063 3.616441
-1.568262 -0.881290 3.616441 1.752699
6.947671 2.020283 16.779048 1.867229
3.219487 0.857648 -7.002203 -1.816131
0.857648 0.502194 -1.579428 -0.804617
-7.002203 -1.579428 18.132499 4.331848
-1.816131 -0.804617 4.331848 1.682769
8.957945 2.412939 17.000261 1.505296
3.405303 0.832601 -7.941087 -1.883477
0.832601 0.409480 -1.661750 -0.689782
-7.941087 -1.661750 21.578987 4.753550
-1.883477 -0.689782 4.753550 1.545025
9.649514 2.241080 18.355632 1.708319
4.075623 0.944213 -9.645053 -2.131295
0.944213 0.375408 -1.984861 -0.662110
-9.645053 -1.984861 25.749509 5.358302
-2.131295 -0.662110 5.358302 1.505793
10.014052 2.005781 20.113415 1.986395
3.585400 0.731320 -9.113209 -1.806317
0.731320 0.273744 -1.604552 -0.490969
-9.113209 -1.604552 26.355449 4.913547
-1.806317 -0.490969 4.913547 1.227603
10.635216 1.918225 21.899671 2.149738
1.653467 0.296464 -4.545387 -0.813807
0.296464 0.158272 -0.512776 -0.231730
-4.545387 -0.512776 16.547831 2.625112
-0.813807 -0.231730 2.625112 0.671127
11.998125 2.013228 22.177333 1.986287
0.668902 0.137113 -1.617449 -0.298314
0.137113 0.119584 0.030953 -0.117397
-1.617449 0.030953 9.221830 1.214257
-0.298314 -0.117397 1.214257 0.374045
12.369701 1.875720 24.743953 2.278491
0.449510 0.118244 -0.756221 -0.172750
0.118244 0.107819 0.179464 -0.079750
-0.756221 0.179464 7.742850 0.907466
-0.172750 -0.079750 0.907466 0.290588
13.266713 1.875322 26.179723 2.317619
0.389684 0.144746 0.154355 -0.072680
0.144746 0.108678 0.265894 -0.060533
0.154355 0.265894 4.475101 0.415992
-0.072680 -0.060533 0.415992 0.199610
14.450854 1.903622 25.539013 2.052311
0.511482 0.192483 0.539254 -0.056133
0.192483 0.112345 0.279155 -0.053678
0.539254 0.279155 3.003787 0.222565
-0.056133 -0.053678 0.222565 0.159692
15.718224 1.995309 25.596976 1.844336
0.680028 0.234618 0.794340 -0.048951
0.234618 0.112871 0.296697 -0.043952
0.794340 0.296697 2.688963 0.186881
-0.048951 -0.043952 0.186881 0.140552
17.054351 2.105868 25.040078 1.529789
0.902764 0.279298 1.011378 -0.044953
0.279298 0.113694 0.308722 -0.035524
1.011378 0.308722 2.462257 0.162576
-0.044953 -0.035524 0.162576 0.124245
18.061589 2.096048 25.577393 1.499147
1.149716 0.318265 1.209149 -0.035948
0.318265 0.112662 0.317559 -0.026579
1.209149 0.317559 2.360474 0.156712
-0.035948 -0.026579 0.156712 0.111010
18.946786 2.070491 25.559972 1.385090
1.466915 0.368762 1.302060 -0.051078
0.368762 0.115668 0.306630 -0.024669
1.302060 0.306630 1.993370 0.115775
-0.051078 -0.024669 0.115775 0.097598
20.344313 2.171686 25.942793 1.252834
1.805480 0.416310 1.309465 -0.075455
0.416310 0.118147 0.281415 -0.025111
1.309465 0.281415 1.615027 0.081380
-0.075455 -0.025111 0.081380 0.087613
20.805828 2.054706 25.736263 1.181626
1.932853 0.418412 0.936083 -0.134014
0.418412 0.112454 0.184875 -0.033112
0.936083 0.184875 0.972004 0.047020
-0.134014 -0.033112 0.047020 0.083473
22.199997 2.125674 26.544425 1.174492
2.169125 0.439410 0.702075 -0.175312
0.439410 0.111051 0.127384 -0.036813
0.702075 0.127384 0.665379 0.043275
-0.175312 -0.036813 0.043275 0.081633
22.462361 1.987467 26.516898 1.134393
2.074738 0.398285 0.266175 -0.214934
0.398285 0.098982 0.039289 -0.040396
0.266175 0.039289 0.425298 0.066397
-0.214934 -0.040396 0.066397 0.084933
23.609868 2.016587 27.027819 1.103203
2.217643 0.402311 -0.017660 -0.250630
0.402311 0.096190 -0.011280 -0.042830
-0.017660 -0.011280 0.363750 0.093222
-0.250630 -0.042830 0.093222 0.087416
24.189003 1.944433 27.507246 1.121931
2.223567 0.381984 -0.323058 -0.277786
0.381984 0.089654 -0.059659 -0.043743
-0.323058 -0.059659 0.403291 0.132770
-0.277786 -0.043743 0.132770 0.091514
25.002518 1.918573 28.080312 1.135198
2.343470 0.381547 -0.601170 -0.307612
0.381547 0.087060 -0.097615 -0.045044
-0.601170 -0.097615 0.510486 0.173102
-0.307612 -0.045044 0.173102 0.095254
25.746810 1.884951 28.692731 1.155987
2.488602 0.384238 -0.882131 -0.337334
0.384238 0.085207 -0.131250 -0.046268
-0.882131 -0.131250 0.676159 0.216317
-0.337334 -0.046268 0.216317 0.099043
27.156196 1.961498 29.376743 1.174108
2.682106 0.393265 -1.176073 -0.368672
0.393265 0.084487 -0.162692 -0.047726
-1.176073 -0.162692 0.890392 0.260894
-0.368672 -0.047726 0.260894 0.102578
28.619760 2.042452 30.082073 1.202922
2.786332 0.387053 -1.466235 -0.394489
0.387053 0.081519 -0.188931 -0.048135
-1.466235 -0.188931 1.166971 0.310778
-0.394489 -0.048135 0.310778 0.106893
30.646922 2.201742 30.637732 1.201468
2.837059 0.372973 -1.743966 -0.415555
0.372973 0.077692 -0.209272 -0.047755
-1.743966 -0.209272 1.495404 0.363322
-0.415555 -0.047755 0.363322 0.111375
31.805682 2.206075 31.146345 1.180002
2.734503 0.338648 -1.949575 -0.421033
0.338648 0.071497 -0.215565 -0.045053
-1.949575 -0.215565 1.853946 0.414720
-0.421033 -0.045053 0.414720 0.115413
32.515639 2.146976 31.845919 1.193607
2.709786 0.317494 -2.184998 -0.433259
0.317494 0.067614 -0.224104 -0.043568
-2.184998 -0.224104 2.269054 0.469791
-0.433259 -0.043568 0.469791 0.119816
32.980501 2.044279 32.478547 1.177997
2.828629 0.316847 -2.501117 -0.458140
0.316847 0.066662 -0.242735 -0.044245
-2.501117 -0.242735 2.756118 0.528887
-0.458140 -0.044245 0.528887 0.124226
33.918172 2.036908 33.171456 1.196787
3.053863 0.330839 -2.880182 -0.488940
0.330839 0.067632 -0.269958 -0.046274
-2.880182 -0.269958 3.289490 0.585603
-0.488940 -0.046274 0.585603 0.127394
34.561222 1.954063 33.579919 1.138938
3.321762 0.349552 -3.294169 -0.520784
0.349552 0.069084 -0.300575 -0.048629
-3.294169 -0.300575 3.864461 0.640518
-0.520784 -0.048629 0.640518 0.129885
35.696368 1.998540 34.339767 1.185048
3.624847 0.371665 -3.739625 -0.552954
0.371665 0.070827 -0.333978 -0.051152
-3.739625 -0.333978 4.476540 0.693341
-0.552954 -0.051152 0.693341 0.131817
37.051094 2.080290 35.115709 1.239560
3.955494 0.395493 -4.217070 -0.585823
0.395493 0.072617 -0.369308 -0.053716
-4.217070 -0.369308 5.132927 0.745934
-0.585823 -0.053716 0.745934 0.133640
38.057798 2.087459 35.896527 1.267148
4.300142 0.418343 -4.726628 -0.620050
0.418343 0.074101 -0.404871 -0.056152
-4.726628 -0.404871 5.850822 0.801609
-0.620050 -0.056152 0.801609 0.135948
39.084769 2.117288 36.917882 1.334619
4.684357 0.445034 -5.270524 -0.654325
0.445034 0.075969 -0.443702 -0.058735
-5.270524 -0.443702 6.599541 0.854397
-0.654325 -0.058735 0.854397 0.137681
40.138383 2.143839 37.904425 1.388780
5.117182 0.477745 -5.839578 -0.686521
0.477745 0.078532 -0.486833 -0.061478
-5.839578 -0.486833 7.341002 0.898951
-0.686521 -0.061478 0.898951 0.138153
41.039347 2.129990 38.817126 1.414289
5.589212 0.514322 -6.430016 -0.716939
0.514322 0.081474 -0.532525 -0.064197
-6.430016 -0.532525 8.077396 0.937318
-0.716939 -0.064197 0.937318 0.137885
42.041229 2.077661 39.065501 1.336379
6.098420 0.554454 -7.035221 -0.744956
0.554454 0.084761 -0.580106 -0.066809
-7.035221 -0.580106 8.795013 0.968769
-0.744956 -0.066809 0.968769 0.136905
42.917767 2.044184 39.706524 1.321501
6.628944 0.589084 -7.717624 -0.781834
0.589084 0.086972 -0.625589 -0.069298
-7.717624 -0.625589 9.668325 1.017785
-0.781834 -0.069298 1.017785 0.138422
43.673290 1.969633 40.100173 1.262435
7.192760 0.624864 -8.437583 -0.819495
0.624864 0.089205 -0.672175 -0.071739
-8.437583 -0.672175 10.584141 1.067187
-0.819495 -0.071739 1.067187 0.139971
45.010601 1.938579 39.630488 1.119846
7.778107 0.659080 -9.199191 -0.859315
0.659080 0.091104 -0.718026 -0.074052
-9.199191 -0.718026 11.570053 1.120890
-0.859315 -0.074052 1.120890 0.142043
45.029764 1.800231 40.653966 1.122049
8.092194 0.653826 -9.809351 -0.892893
0.653826 0.088570 -0.729142 -0.073855
-9.809351 -0.729142 12.599691 1.188073
-0.892893 -0.073855 1.188073 0.146527
