31.649903 0.380157 49.572996 2.088242
0.545303 0.114975 -0.029076 -0.004679
0.114975 0.047348 -0.005048 -0.001194
-0.029076 -0.005048 0.426321 0.089781
-0.004679 -0.001194 0.089781 0.043244
28.387733 -0.341822 49.423405 1.822494
0.558488 0.116176 -0.028273 -0.004347
0.116176 0.047412 -0.004709 -0.001066
-0.028273 -0.004709 0.418481 0.089396
-0.004347 -0.001066 0.089396 0.043274
23.966494 -1.219772 48.968420 1.512586
0.558604 0.114777 -0.023439 -0.003221
0.114777 0.046999 -0.003566 -0.000790
-0.023439 -0.003566 0.417978 0.090419
-0.003221 -0.000790 0.090419 0.043545
20.872844 -1.733758 46.968004 0.902074
0.550163 0.111984 -0.017765 -0.002044
0.111984 0.046395 -0.002363 -0.000533
-0.017765 -0.002363 0.422566 0.092253
-0.002044 -0.000533 0.092253 0.043922
18.119779 -2.123849 44.413330 0.236312
0.532274 0.107725 -0.013081 -0.001212
0.107725 0.045586 -0.001461 -0.000366
-0.013081 -0.001461 0.433707 0.095176
-0.001212 -0.000366 0.095176 0.044471
16.681205 -2.208840 40.831756 -0.577361
0.507716 0.102644 -0.008714 -0.000518
0.102644 0.044699 -0.000685 -0.000236
-0.008714 -0.000685 0.451336 0.099111
-0.000518 -0.000236 0.099111 0.045179
15.363006 -2.259808 36.676093 -1.423749
0.478923 0.097229 0.001383 0.001392
0.097229 0.043813 0.001213 0.000139
0.001383 0.001213 0.476305 0.104195
0.001392 0.000139 0.104195 0.046081
13.942619 -2.324993 31.336752 -2.427735
0.463175 0.094930 0.021529 0.005356
0.094930 0.043602 0.005017 0.000911
0.021529 0.005017 0.494416 0.107256
0.005356 0.000911 0.107256 0.046483
12.259700 -2.432011 25.596316 -3.399484
0.470110 0.097402 0.035135 0.007566
0.097402 0.044337 0.007192 0.001280
0.035135 0.007192 0.489476 0.105078
0.007566 0.001280 0.105078 0.045758
10.139733 -2.615031 20.772254 -4.064087
0.484595 0.101127 0.031290 0.005895
0.101127 0.045229 0.005665 0.000849
0.031290 0.005665 0.473399 0.100870
0.005895 0.000849 0.100870 0.044721
9.109768 -2.552192 17.128909 -4.407467
0.499288 0.104500 0.016154 0.002091
0.104500 0.045950 0.002042 0.000044
0.016154 0.002042 0.457352 0.097209
0.002091 0.000044 0.097209 0.043933
8.293392 -2.454224 14.339361 -4.533491
0.512769 0.107267 -0.004282 -0.002384
0.107267 0.046476 -0.002273 -0.000818
-0.004282 -0.002273 0.445673 0.094884
-0.002384 -0.000818 0.094884 0.043509
7.933426 -2.274873 12.677443 -4.406136
0.526110 0.109715 -0.026733 -0.006823
0.109715 0.046891 -0.006574 -0.001603
-0.026733 -0.006574 0.438424 0.093703
-0.006823 -0.001603 0.093703 0.043351
7.820170 -2.062928 11.187611 -4.253651
0.538865 0.111793 -0.048952 -0.010808
0.111793 0.047202 -0.010440 -0.002248
-0.048952 -0.010440 0.435526 0.093491
-0.010808 -0.002248 0.093491 0.043388
8.140108 -1.782340 10.230294 -3.999289
0.549236 0.113184 -0.072418 -0.014759
0.113184 0.047358 -0.014256 -0.002865
-0.072418 -0.014256 0.438277 0.094416
-0.014759 -0.002865 0.094416 0.043634
8.282859 -1.564328 9.599730 -3.698436
0.552298 0.112956 -0.096588 -0.018636
0.112956 0.047185 -0.017923 -0.003453
-0.096588 -0.017923 0.449779 0.097032
-0.018636 -0.003453 0.097032 0.044194
9.532202 -1.134168 9.749464 -3.250223
0.550142 0.111729 -0.117643 -0.021672
0.111729 0.046843 -0.020704 -0.003865
-0.117643 -0.020704 0.466475 0.100437
-0.021672 -0.003865 0.100437 0.044856
10.355364 -0.833648 9.698926 -2.894769
0.538842 0.108861 -0.129981 -0.022823
0.108861 0.046222 -0.021578 -0.003910
-0.129981 -0.021578 0.486329 0.104208
-0.022823 -0.003910 0.104208 0.045545
11.588857 -0.474078 9.882594 -2.521500
0.524787 0.105802 -0.135543 -0.022673
0.105802 0.045632 -0.021193 -0.003750
-0.135543 -0.021193 0.504960 0.107409
-0.022673 -0.003750 0.107409 0.046072
12.596233 -0.190312 10.419198 -2.117310
0.509163 0.102799 -0.134127 -0.021296
0.102799 0.045110 -0.019659 -0.003417
-0.134127 -0.019659 0.520270 0.109719
-0.021296 -0.003417 0.109719 0.046402
13.286964 -0.002020 10.866791 -1.783906
0.496040 0.100611 -0.128756 -0.019385
0.100611 0.044785 -0.017722 -0.003062
-0.128756 -0.017722 0.530300 0.110819
-0.019385 -0.003062 0.110819 0.046489
14.191367 0.220017 11.835612 -1.375870
0.485651 0.099149 -0.121504 -0.017391
0.099149 0.044609 -0.015796 -0.002759
-0.121504 -0.015796 0.536056 0.111054
-0.017391 -0.002759 0.111054 0.046430
15.306098 0.467133 13.138775 -0.941982
0.478146 0.098366 -0.111979 -0.015197
0.098366 0.044561 -0.013772 -0.002466
-0.111979 -0.013772 0.536522 0.110327
-0.015197 -0.002466 0.110327 0.046220
16.547823 0.719617 14.873098 -0.466841
0.472781 0.098043 -0.099715 -0.012700
0.098043 0.044587 -0.011500 -0.002142
-0.099715 -0.011500 0.532235 0.108858
-0.012700 -0.002142 0.108858 0.045919
16.859637 0.742912 16.581112 -0.066576
0.469510 0.098121 -0.084753 -0.009899
0.098121 0.044673 -0.008942 -0.001772
-0.084753 -0.008942 0.523929 0.106855
-0.009899 -0.001772 0.106855 0.045567
17.306267 0.788856 18.416310 0.319271
0.469670 0.098793 -0.070237 -0.007410
0.098793 0.044848 -0.006719 -0.001476
-0.070237 -0.006719 0.513038 0.104579
-0.007410 -0.001476 0.104579 0.045200
18.076372 0.894320 20.336072 0.686468
0.471760 0.099701 -0.055913 -0.005134
0.099701 0.045038 -0.004667 -0.001210
-0.055913 -0.004667 0.501577 0.102439
-0.005134 -0.001210 0.102439 0.044894
18.899647 0.989152 21.847099 0.931509
0.474168 0.100495 -0.041922 -0.003065
0.100495 0.045175 -0.002743 -0.000958
-0.041922 -0.002743 0.491683 0.100817
-0.003065 -0.000958 0.100817 0.044708
19.990225 1.125331 23.196934 1.120112
0.475951 0.100993 -0.029577 -0.001429
0.100993 0.045228 -0.001184 -0.000767
-0.029577 -0.001184 0.484675 0.099890
-0.001429 -0.000767 0.099890 0.044659
20.608822 1.149746 25.239482 1.428204
0.476533 0.101120 -0.019584 -0.000311
0.101120 0.045195 -0.000100 -0.000649
-0.019584 -0.000100 0.480766 0.099616
-0.000311 -0.000649 0.099616 0.044720
21.488801 1.217548 26.426356 1.528534
0.475306 0.100810 -0.011731 0.000395
0.100810 0.045074 0.000599 -0.000580
-0.011731 0.000599 0.479982 0.099940
0.000395 -0.000580 0.099940 0.044875
22.232146 1.248372 27.687508 1.632985
0.472774 0.100225 -0.006912 0.000553
0.100225 0.044908 0.000750 -0.000591
-0.006912 0.000750 0.481483 0.100633
0.000553 -0.000591 0.100633 0.045069
23.135538 1.308435 28.788702 1.693410
0.468948 0.099406 -0.004790 0.000280
0.099406 0.044709 0.000465 -0.000656
-0.004790 0.000465 0.484952 0.101612
0.000280 -0.000656 0.101612 0.045290
24.076804 1.369548 29.756198 1.719202
0.464380 0.098495 -0.005455 -0.000413
0.098495 0.044508 -0.000250 -0.000776
-0.005455 -0.000250 0.489732 0.102729
-0.000413 -0.000776 0.102729 0.045511
24.471899 1.308680 31.245186 1.850984
0.459672 0.097624 -0.008620 -0.001445
0.097624 0.044330 -0.001312 -0.000937
-0.008620 -0.001312 0.495212 0.103861
-0.001445 -0.000937 0.103861 0.045713
25.505450 1.389502 32.358691 1.890522
0.453646 0.096532 -0.012706 -0.002478
0.096532 0.044114 -0.002377 -0.001071
-0.012706 -0.002377 0.502848 0.105329
-0.002478 -0.001071 0.105329 0.045971
27.141025 1.590916 34.373010 2.114248
0.447964 0.095583 -0.018869 -0.003780
0.095583 0.043938 -0.003718 -0.001249
-0.018869 -0.003718 0.511065 0.106783
-0.003780 -0.001249 0.106783 0.046210
28.004796 1.605378 35.246850 2.076127
0.441710 0.094551 -0.027846 -0.005503
0.094551 0.043744 -0.005493 -0.001504
-0.027846 -0.005493 0.521704 0.108621
-0.005503 -0.001504 0.108621 0.046520
28.821179 1.609592 37.097326 2.244575
0.436647 0.093813 -0.036600 -0.007002
0.093813 0.043614 -0.007036 -0.001700
-0.036600 -0.007036 0.532072 0.110260
-0.007002 -0.001700 0.110260 0.046778
29.780987 1.643020 38.202872 2.241474
0.431058 0.092967 -0.042452 -0.007775
0.092967 0.043453 -0.007818 -0.001741
-0.042452 -0.007818 0.543415 0.111999
-0.007775 -0.001741 0.111999 0.047054
30.462597 1.611589 39.009664 2.176618
0.426500 0.092358 -0.046006 -0.008042
0.092358 0.043339 -0.008069 -0.001691
-0.046006 -0.008069 0.553062 0.113298
-0.008042 -0.001691 0.113298 0.047240
30.967702 1.546302 40.152106 2.186396
0.423142 0.092001 -0.047024 -0.007815
0.092001 0.043271 -0.007806 -0.001562
-0.047024 -0.007806 0.560018 0.114017
-0.007815 -0.001562 0.114017 0.047319
31.723249 1.543056 41.364147 2.210414
0.421565 0.092013 -0.043755 -0.006788
0.092013 0.043276 -0.006711 -0.001295
-0.043755 -0.006711 0.561940 0.113763
-0.006788 -0.001295 0.113763 0.047224
32.293578 1.498217 42.345891 2.184402
0.423353 0.092711 -0.036801 -0.005150
0.092711 0.043419 -0.005005 -0.000939
-0.036801 -0.005005 0.556436 0.112152
-0.005150 -0.000939 0.112152 0.046891
33.151778 1.522722 43.533016 2.204108
0.428971 0.094126 -0.028586 -0.003429
0.094126 0.043696 -0.003258 -0.000610
-0.028586 -0.003258 0.544584 0.109506
-0.003429 -0.000610 0.109506 0.046397
34.404688 1.629668 44.439099 2.167157
0.440932 0.096743 -0.020883 -0.001956
0.096743 0.044207 -0.001844 -0.000368
-0.020883 -0.001844 0.524559 0.105512
-0.001956 -0.000368 0.105512 0.045680
35.045338 1.593851 46.020411 2.266942
0.459892 0.100588 -0.016951 -0.001347
0.100588 0.044939 -0.001395 -0.000328
-0.016951 -0.001395 0.498944 0.100741
-0.001347 -0.000328 0.100741 0.044851
35.255360 1.465077 46.858093 2.204413
0.485898 0.105556 -0.019564 -0.002084
0.105556 0.045859 -0.002370 -0.000567
-0.019564 -0.002370 0.471275 0.095894
-0.002084 -0.000567 0.095894 0.044041
35.637781 1.387757 47.403179 2.088347
0.512056 0.110086 -0.024567 -0.003236
0.110086 0.046628 -0.003683 -0.000849
-0.024567 -0.003683 0.449127 0.092473
-0.003236 -0.000849 0.092473 0.043537
36.029661 1.323089 48.300037 2.056481
0.537517 0.114094 -0.031452 -0.004674
0.114094 0.047257 -0.005204 -0.001151
-0.031452 -0.005204 0.431995 0.090203
-0.004674 -0.001151 0.090203 0.043246
