6.555495 3.584349 -2.973698 -2.081552
2.575399 1.030182 -0.261185 -0.104476
1.030182 80.416148 -0.104476 -0.041791
-0.261185 -0.104476 2.388565 0.955447
-0.104476 -0.041791 0.955447 80.386254
5.272223 -1.677769 -0.106161 4.711370
2.132139 3.703876 -0.238166 -0.370066
3.703876 15.115706 -0.358794 -1.298621
-0.238166 -0.358794 2.461348 4.316326
-0.370066 -1.298621 4.316326 15.712506
5.486101 -0.439747 2.809874 5.352573
1.983999 2.323702 -0.226868 -0.250760
2.323702 4.648888 -0.250671 -0.469914
-0.226868 -0.250671 2.072419 2.356333
-0.250760 -0.469914 2.356333 4.553925
5.096044 -0.587185 4.741059 4.731902
1.728233 1.468929 -0.172839 -0.140831
1.468929 1.950716 -0.140623 -0.188320
-0.172839 -0.140623 1.734828 1.444104
-0.140831 -0.188320 1.444104 1.903189
4.760124 -0.618885 4.232659 2.846843
1.508177 1.000837 -0.139342 -0.090758
1.000837 0.997016 -0.090627 -0.094379
-0.139342 -0.090627 1.480478 0.970861
-0.090758 -0.094379 0.970861 0.973000
7.343181 0.954540 6.144685 3.110562
1.323157 0.719735 -0.126220 -0.068638
0.719735 0.577265 -0.068587 -0.056719
-0.126220 -0.068587 1.298858 0.702979
-0.068638 -0.056719 0.702979 0.569031
8.309285 1.180328 6.845086 2.716295
1.169138 0.539570 -0.099657 -0.046285
0.539570 0.365330 -0.046255 -0.033212
-0.099657 -0.046255 1.157329 0.533592
-0.046285 -0.033212 0.533592 0.364178
10.033470 1.636501 7.138382 2.287480
1.047021 0.420724 -0.081222 -0.033167
0.420724 0.248669 -0.033157 -0.021120
-0.081222 -0.033157 1.043745 0.419823
-0.033167 -0.021120 0.419823 0.249670
11.017846 1.696546 7.144669 1.880630
0.946214 0.337782 -0.066554 -0.024378
0.337782 0.179225 -0.024383 -0.014079
-0.066554 -0.024383 0.952908 0.340796
-0.024378 -0.014079 0.340796 0.181311
11.419115 1.551630 9.177614 2.233851
0.863698 0.278520 -0.056117 -0.018716
0.278520 0.135812 -0.018728 -0.009876
-0.056117 -0.018728 0.877921 0.283604
-0.018716 -0.009876 0.283604 0.138144
11.791581 1.432097 10.821922 2.390102
0.798559 0.235967 -0.046886 -0.014403
0.235967 0.107801 -0.014412 -0.007064
-0.046886 -0.014412 0.811571 0.240064
-0.014403 -0.007064 0.240064 0.109462
11.551766 1.169765 12.536714 2.533208
0.745142 0.204277 -0.039165 -0.011191
0.204277 0.088993 -0.011196 -0.005161
-0.039165 -0.011196 0.754535 0.206939
-0.011191 -0.005161 0.206939 0.090022
12.670826 1.307577 12.939281 2.310721
0.701155 0.180337 -0.032954 -0.008827
0.180337 0.076069 -0.008829 -0.003853
-0.032954 -0.008829 0.705314 0.181414
-0.008827 -0.003853 0.181414 0.076557
13.183137 1.273022 14.280997 2.356202
0.662762 0.161562 -0.027866 -0.007039
0.161562 0.066915 -0.007039 -0.002926
-0.027866 -0.007039 0.664813 0.162073
-0.007039 -0.002926 0.162073 0.067205
14.686205 1.475050 15.835424 2.443800
0.630315 0.147018 -0.023383 -0.005596
0.147018 0.060427 -0.005596 -0.002237
-0.023383 -0.005596 0.630337 0.147054
-0.005596 -0.002237 0.147054 0.060570
15.378327 1.464822 17.148863 2.464419
0.602449 0.135618 -0.019025 -0.004332
0.135618 0.055778 -0.004332 -0.001697
-0.019025 -0.004332 0.601443 0.135458
-0.004332 -0.001697 0.135458 0.055856
15.704331 1.375784 17.054135 2.173616
0.578893 0.126759 -0.015319 -0.003333
0.126759 0.052458 -0.003334 -0.001294
-0.015319 -0.003334 0.577072 0.126459
-0.003333 -0.001294 0.126459 0.052490
16.117911 1.316914 17.822242 2.105154
0.558908 0.119865 -0.012643 -0.002641
0.119865 0.050086 -0.002643 -0.001011
-0.012643 -0.002643 0.556815 0.119548
-0.002641 -0.001011 0.119548 0.050103
16.503323 1.259163 18.588518 2.044519
0.542203 0.114567 -0.010415 -0.002093
0.114567 0.048411 -0.002095 -0.000795
-0.010415 -0.002095 0.539899 0.114237
-0.002093 -0.000795 0.114237 0.048414
16.906254 1.211771 19.717222 2.066766
0.528348 0.110537 -0.008535 -0.001653
0.110537 0.047242 -0.001654 -0.000627
-0.008535 -0.001654 0.525889 0.110198
-0.001653 -0.000627 0.110198 0.047234
17.710053 1.252891 20.611826 2.037911
0.516981 0.107514 -0.006853 -0.001277
0.107514 0.046441 -0.001279 -0.000491
-0.006853 -0.001279 0.514379 0.107162
-0.001277 -0.000491 0.107162 0.046421
18.467753 1.280082 21.543322 2.019780
0.507645 0.105262 -0.005383 -0.000965
0.105262 0.045900 -0.000968 -0.000384
-0.005383 -0.000968 0.505149 0.104945
-0.000965 -0.000384 0.104945 0.045878
19.017228 1.261179 22.070248 1.919481
0.500071 0.103618 -0.004123 -0.000711
0.103618 0.045545 -0.000713 -0.000299
-0.004123 -0.000713 0.497850 0.103363
-0.000711 -0.000299 0.103363 0.045528
19.934125 1.320565 23.074115 1.928724
0.494029 0.102452 -0.003111 -0.000518
0.102452 0.045322 -0.000520 -0.000234
-0.003111 -0.000520 0.492154 0.102264
-0.000518 -0.000234 0.102264 0.045310
20.606674 1.323139 24.157588 1.953519
0.489226 0.101640 -0.002286 -0.000369
0.101640 0.045185 -0.000371 -0.000184
-0.002286 -0.000371 0.487845 0.101542
-0.000369 -0.000184 0.101542 0.045184
21.652361 1.403132 25.154364 1.957760
0.485452 0.101092 -0.001645 -0.000260
0.101092 0.045106 -0.000262 -0.000146
-0.001645 -0.000262 0.484676 0.101099
-0.000260 -0.000146 0.101099 0.045118
22.058359 1.341497 26.735094 2.083548
0.482501 0.100732 -0.001247 -0.000202
0.100732 0.045062 -0.000204 -0.000122
-0.001247 -0.000204 0.482446 0.100861
-0.000202 -0.000122 0.100861 0.045091
22.746652 1.345161 27.677388 2.062708
0.480095 0.100482 -0.001006 -0.000173
0.100482 0.045032 -0.000174 -0.000105
-0.001006 -0.000174 0.481076 0.100789
-0.000173 -0.000105 0.100789 0.045091
22.741311 1.202929 28.448901 2.008136
0.478198 0.100321 -0.000977 -0.000182
0.100321 0.045013 -0.000183 -0.000097
-0.000977 -0.000183 0.480296 0.100812
-0.000182 -0.000097 0.100812 0.045101
23.266744 1.186941 29.337773 1.983918
0.476690 0.100216 -0.000967 -0.000189
0.100216 0.044996 -0.000189 -0.000088
-0.000967 -0.000189 0.479966 0.100894
-0.000189 -0.000088 0.100894 0.045115
23.854093 1.185650 30.247806 1.966677
0.475446 0.100138 -0.001119 -0.000223
0.100138 0.044978 -0.000224 -0.000087
-0.001119 -0.000224 0.479999 0.101014
-0.000223 -0.000087 0.101014 0.045130
24.681155 1.235058 31.145204 1.948586
0.474375 0.100067 -0.001447 -0.000288
0.100067 0.044955 -0.000289 -0.000092
-0.001447 -0.000289 0.480314 0.101157
-0.000288 -0.000092 0.101157 0.045145
25.037957 1.180001 32.336670 1.994327
0.473438 0.099999 -0.002024 -0.000397
0.099999 0.044929 -0.000398 -0.000107
-0.002024 -0.000398 0.480818 0.101307
-0.000397 -0.000107 0.101307 0.045157
25.677362 1.190480 33.629177 2.056569
0.472424 0.099892 -0.002695 -0.000515
0.099892 0.044892 -0.000516 -0.000123
-0.002695 -0.000516 0.481622 0.101490
-0.000515 -0.000123 0.101490 0.045174
26.084484 1.150653 34.581073 2.040440
0.471298 0.099745 -0.003591 -0.000671
0.099745 0.044846 -0.000672 -0.000148
-0.003591 -0.000672 0.482696 0.101702
-0.000671 -0.000148 0.101702 0.045196
26.075722 1.026902 35.486784 2.016162
0.470156 0.099585 -0.004550 -0.000829
0.099585 0.044798 -0.000830 -0.000172
-0.004550 -0.000830 0.483883 0.101913
-0.000829 -0.000172 0.101913 0.045218
26.522343 1.012533 35.975859 1.906888
0.468936 0.099403 -0.005363 -0.000946
0.099403 0.044746 -0.000947 -0.000188
-0.005363 -0.000947 0.485207 0.102131
-0.000946 -0.000188 0.102131 0.045242
27.185938 1.046021 37.148991 1.953177
0.467900 0.099258 -0.006226 -0.001070
0.099258 0.044704 -0.001071 -0.000206
-0.006226 -0.001071 0.486370 0.102298
-0.001070 -0.000206 0.102298 0.045256
27.800738 1.065291 37.787884 1.882265
0.466721 0.099077 -0.007359 -0.001247
0.099077 0.044655 -0.001249 -0.000237
-0.007359 -0.001249 0.487723 0.102496
-0.001247 -0.000237 0.102496 0.045279
28.856316 1.176563 38.955384 1.930207
0.465677 0.098924 -0.008624 -0.001445
0.098924 0.044613 -0.001448 -0.000273
-0.008624 -0.001448 0.488957 0.102659
-0.001445 -0.000273 0.102659 0.045297
29.504754 1.189511 40.089103 1.965634
0.464577 0.098756 -0.010367 -0.001735
0.098756 0.044570 -0.001740 -0.000328
-0.010367 -0.001740 0.490312 0.102844
-0.001735 -0.000328 0.102844 0.045323
30.249367 1.221303 40.993169 1.949301
0.463352 0.098561 -0.012285 -0.002046
0.098561 0.044521 -0.002053 -0.000386
-0.012285 -0.002053 0.491859 0.103065
-0.002046 -0.000386 0.103065 0.045358
30.676334 1.182343 42.075964 1.971692
0.462185 0.098381 -0.014370 -0.002378
0.098381 0.044477 -0.002388 -0.000448
-0.014370 -0.002388 0.493410 0.103280
-0.002378 -0.000448 0.103280 0.045393
30.937482 1.112211 43.176943 1.995238
0.460867 0.098170 -0.016435 -0.002692
0.098170 0.044427 -0.002703 -0.000505
-0.016435 -0.002703 0.495189 0.103538
-0.002692 -0.000505 0.103538 0.045439
31.297980 1.069313 43.545965 1.863544
0.459355 0.097921 -0.018372 -0.002970
0.097921 0.044371 -0.002980 -0.000555
-0.018372 -0.002980 0.497238 0.103846
-0.002970 -0.000555 0.103846 0.045495
32.023673 1.110833 44.821113 1.935612
0.458160 0.097747 -0.020113 -0.003201
0.097747 0.044332 -0.003211 -0.000597
-0.020113 -0.003211 0.498948 0.104073
-0.003201 -0.000597 0.104073 0.045535
32.781996 1.154328 45.848847 1.948601
0.456797 0.097536 -0.022173 -0.003501
0.097536 0.044284 -0.003512 -0.000655
-0.022173 -0.003512 0.500981 0.104366
-0.003501 -0.000655 0.104366 0.045590
34.212559 1.336314 46.636756 1.912137
0.455473 0.097334 -0.024478 -0.003847
0.097334 0.044238 -0.003859 -0.000724
-0.024478 -0.003859 0.503102 0.104670
-0.003847 -0.000724 0.104670 0.045648
35.255548 1.415861 47.366144 1.866147
0.454627 0.097233 -0.027461 -0.004325
0.097233 0.044214 -0.004345 -0.000821
-0.027461 -0.004345 0.504894 0.104896
-0.004325 -0.000821 0.104896 0.045689
36.274758 1.483345 48.532626 1.915676
0.454082 0.097188 -0.030687 -0.004833
0.097188 0.044199 -0.004863 -0.000923
-0.030687 -0.004863 0.506498 0.105085
-0.004833 -0.000923 0.105085 0.045724
