1.265671 1.468374 3.114264 0.353685
2.053490 0.821414 -0.226717 -0.090689
0.821414 80.332639 -0.090689 -0.036276
-0.226717 -0.090689 3.101368 1.240574
-0.090689 -0.036276 1.240574 80.500307
3.231294 3.674478 3.663504 1.009158
2.613432 4.638800 -1.435538 -2.384119
4.638800 15.383433 -2.497789 -4.792509
-1.435538 -2.497789 3.382610 5.709301
-2.384119 -4.792509 5.709301 19.771554
3.128128 1.303103 1.666508 -2.034366
2.637534 2.970966 -0.571010 -0.409178
2.970966 4.992492 -0.534876 -0.670070
-0.571010 -0.534876 1.828155 2.039839
-0.409178 -0.670070 2.039839 4.663043
5.809603 2.969610 2.696117 -0.138527
2.575084 2.046811 -0.798247 -0.581826
2.046811 2.261994 -0.606338 -0.598287
-0.798247 -0.606338 1.668337 1.430513
-0.581826 -0.598287 1.430513 2.087071
8.715135 3.860019 3.794303 0.732775
1.691026 1.039770 -0.219941 -0.089343
1.039770 0.957937 -0.118250 -0.129045
-0.219941 -0.118250 1.392655 0.966252
-0.089343 -0.129045 0.966252 1.066196
8.259268 2.639378 3.960034 0.577171
1.232604 0.630677 -0.157574 -0.069501
0.630677 0.507912 -0.080966 -0.085718
-0.157574 -0.080966 1.435653 0.821057
-0.069501 -0.085718 0.821057 0.682728
8.869453 2.324672 4.107053 0.505814
1.023054 0.455312 -0.138802 -0.061652
0.455312 0.321296 -0.067838 -0.060937
-0.138802 -0.067838 1.378225 0.660623
-0.061652 -0.060937 0.660623 0.446603
9.512769 2.114907 5.211862 0.856987
0.895251 0.354442 -0.132043 -0.055536
0.354442 0.222261 -0.059277 -0.044524
-0.132043 -0.059277 1.288223 0.530148
-0.055536 -0.044524 0.530148 0.305497
10.241385 1.988963 7.280009 1.449548
0.811436 0.290304 -0.160469 -0.061262
0.290304 0.164199 -0.063615 -0.037321
-0.160469 -0.063615 1.209137 0.436631
-0.061262 -0.037321 0.436631 0.221185
10.165333 1.636151 8.978257 1.767617
0.772422 0.252620 -0.197443 -0.067040
0.252620 0.129681 -0.068636 -0.032382
-0.197443 -0.068636 1.105749 0.356650
-0.067040 -0.032382 0.356650 0.164411
10.885386 1.606726 9.825794 1.757337
0.755779 0.227730 -0.215274 -0.065294
0.227730 0.107280 -0.066461 -0.026726
-0.215274 -0.066461 0.988178 0.289294
-0.065294 -0.026726 0.289294 0.125308
11.858408 1.654201 10.723426 1.762269
0.730629 0.204293 -0.212186 -0.057969
0.204293 0.090378 -0.058883 -0.020999
-0.212186 -0.058883 0.894709 0.241390
-0.057969 -0.020999 0.241390 0.100149
12.794633 1.684976 12.421285 1.968442
0.699043 0.182981 -0.196739 -0.048812
0.182981 0.077646 -0.049508 -0.016064
-0.196739 -0.049508 0.818524 0.206267
-0.048812 -0.016064 0.206267 0.083363
13.595494 1.672092 12.825181 1.829615
0.668833 0.165477 -0.172711 -0.039138
0.165477 0.068414 -0.039654 -0.011974
-0.172711 -0.039654 0.748186 0.178259
-0.039138 -0.011974 0.178259 0.071465
14.903671 1.779309 12.895535 1.638573
0.637885 0.150526 -0.150795 -0.031438
0.150526 0.061529 -0.031808 -0.009051
-0.150795 -0.031808 0.695184 0.158423
-0.031438 -0.009051 0.158423 0.063524
15.113368 1.627046 14.178443 1.737043
0.605021 0.137391 -0.129747 -0.025021
0.137391 0.056286 -0.025217 -0.006866
-0.129747 -0.025217 0.656871 0.144613
-0.025021 -0.006866 0.144613 0.058226
15.324786 1.491063 14.728257 1.664084
0.580682 0.128022 -0.110997 -0.019860
0.128022 0.052750 -0.019996 -0.005272
-0.110997 -0.019996 0.620699 0.133079
-0.019860 -0.005272 0.133079 0.054251
15.847775 1.443138 15.604797 1.671809
0.560885 0.120918 -0.095708 -0.015991
0.120918 0.050268 -0.016103 -0.004154
-0.095708 -0.016103 0.590762 0.124280
-0.015991 -0.004154 0.124280 0.051434
16.791055 1.492018 16.636955 1.714557
0.544422 0.115478 -0.081521 -0.012725
0.115478 0.048522 -0.012824 -0.003287
-0.081521 -0.012824 0.565453 0.117473
-0.012725 -0.003287 0.117473 0.049421
17.381797 1.462733 17.923500 1.802293
0.530083 0.111201 -0.067441 -0.009764
0.111201 0.047280 -0.009846 -0.002566
-0.067441 -0.009846 0.544633 0.112344
-0.009764 -0.002566 0.112344 0.048014
17.716896 1.381272 19.009219 1.837347
0.518900 0.108116 -0.054239 -0.007201
0.108116 0.046458 -0.007281 -0.001987
-0.054239 -0.007281 0.526920 0.108368
-0.007201 -0.001987 0.108368 0.047009
18.122039 1.321055 19.818407 1.812709
0.510372 0.105945 -0.042698 -0.005142
0.105945 0.045932 -0.005226 -0.001550
-0.042698 -0.005226 0.512384 0.105396
-0.005142 -0.001550 0.105396 0.046311
18.609351 1.287581 21.115926 1.892407
0.503555 0.104369 -0.032942 -0.003555
0.104369 0.045591 -0.003640 -0.001228
-0.032942 -0.003640 0.501143 0.103325
-0.003555 -0.001228 0.103325 0.045856
19.098644 1.258145 22.539437 1.990442
0.498028 0.103225 -0.024139 -0.002217
0.103225 0.045374 -0.002298 -0.000964
-0.024139 -0.002298 0.492598 0.101932
-0.002217 -0.000964 0.101932 0.045568
19.874728 1.287405 23.256094 1.933195
0.493123 0.102315 -0.016331 -0.001111
0.102315 0.045222 -0.001182 -0.000747
-0.016331 -0.001182 0.486767 0.101149
-0.001111 -0.000747 0.101149 0.045415
20.891468 1.364909 24.206600 1.931190
0.488552 0.101541 -0.010421 -0.000403
0.101541 0.045104 -0.000460 -0.000607
-0.010421 -0.000460 0.483410 0.100863
-0.000403 -0.000607 0.100863 0.045359
21.716644 1.395241 25.405631 1.980455
0.484035 0.100824 -0.006418 -0.000059
0.100824 0.044997 -0.000100 -0.000534
-0.006418 -0.000100 0.482179 0.100962
-0.000059 -0.000534 0.100962 0.045370
22.077698 1.325730 26.852153 2.075659
0.479368 0.100108 -0.004226 -0.000030
0.100108 0.044889 -0.000057 -0.000512
-0.004226 -0.000057 0.482777 0.101359
-0.000030 -0.000512 0.101359 0.045428
22.801892 1.338753 28.064157 2.112357
0.473999 0.099274 -0.003241 -0.000169
0.099274 0.044751 -0.000183 -0.000511
-0.003241 -0.000183 0.485411 0.102085
-0.000169 -0.000511 0.102085 0.045541
23.660642 1.378726 29.471206 2.186293
0.468267 0.098396 -0.004078 -0.000601
0.098396 0.044602 -0.000607 -0.000560
-0.004078 -0.000607 0.489557 0.103013
-0.000601 -0.000560 0.103013 0.045682
24.466221 1.403166 30.239895 2.118087
0.461959 0.097425 -0.007008 -0.001368
0.097425 0.044430 -0.001372 -0.000668
-0.007008 -0.001372 0.495402 0.104180
-0.001368 -0.000668 0.104180 0.045861
24.651665 1.293836 31.086143 2.073333
0.456529 0.096670 -0.011441 -0.002328
0.096670 0.044301 -0.002338 -0.000804
-0.011441 -0.002338 0.501282 0.105230
-0.002328 -0.000804 0.105230 0.046005
25.201614 1.273250 32.211918 2.091957
0.451272 0.095952 -0.015565 -0.003102
0.095952 0.044173 -0.003119 -0.000892
-0.015565 -0.003119 0.507772 0.106312
-0.003102 -0.000892 0.106312 0.046153
25.365339 1.172143 33.095389 2.057707
0.445949 0.095214 -0.020312 -0.003923
0.095214 0.044032 -0.003950 -0.000990
-0.020312 -0.003950 0.515253 0.107517
-0.003923 -0.000990 0.107517 0.046328
25.552474 1.086314 33.911669 2.013029
0.440813 0.094508 -0.024312 -0.004516
0.094508 0.043890 -0.004548 -0.001040
-0.024312 -0.004548 0.523131 0.108723
-0.004516 -0.001040 0.108723 0.046503
26.097855 1.087286 35.182601 2.067763
0.436040 0.093869 -0.027596 -0.004924
0.093869 0.043757 -0.004954 -0.001060
-0.027596 -0.004954 0.531018 0.109863
-0.004924 -0.001060 0.109863 0.046668
26.835720 1.129506 36.301009 2.085645
0.431263 0.093208 -0.030798 -0.005306
0.093208 0.043611 -0.005330 -0.001085
-0.030798 -0.005330 0.539529 0.111081
-0.005306 -0.001085 0.111081 0.046854
27.408984 1.130462 37.052444 2.025934
0.427040 0.092650 -0.033939 -0.005674
0.092650 0.043483 -0.005693 -0.001120
-0.033939 -0.005693 0.547765 0.112195
-0.005674 -0.001120 0.112195 0.047024
28.462662 1.236365 37.898004 1.993539
0.423678 0.092256 -0.036566 -0.005938
0.092256 0.043385 -0.005953 -0.001142
-0.036566 -0.005953 0.554898 0.113056
-0.005938 -0.001142 0.113056 0.047150
28.698330 1.154288 39.286367 2.071444
0.421144 0.092004 -0.039173 -0.006212
0.092004 0.043310 -0.006229 -0.001178
-0.039173 -0.006229 0.560948 0.113698
-0.006212 -0.001178 0.113698 0.047243
28.886963 1.068898 40.301091 2.065401
0.419428 0.091901 -0.038095 -0.005753
0.091901 0.043264 -0.005725 -0.001064
-0.038095 -0.005725 0.564145 0.113808
-0.005753 -0.001064 0.113808 0.047244
29.361321 1.055594 41.317918 2.061909
0.419130 0.092067 -0.034780 -0.004922
0.092067 0.043272 -0.004837 -0.000891
-0.034780 -0.004837 0.563861 0.113304
-0.004922 -0.000891 0.113304 0.047144
30.498815 1.186547 41.673428 1.929451
0.420755 0.092591 -0.029952 -0.003888
0.092591 0.043351 -0.003754 -0.000697
-0.029952 -0.003754 0.559582 0.112134
-0.003888 -0.000697 0.112134 0.046936
31.085754 1.186505 42.911968 1.984280
0.423168 0.093190 -0.025562 -0.003052
0.093190 0.043433 -0.002895 -0.000564
-0.025562 -0.002895 0.554149 0.110903
-0.003052 -0.000564 0.110903 0.046743
31.878431 1.230654 43.946361 1.993656
0.429516 0.094574 -0.019659 -0.001976
0.094574 0.043683 -0.001817 -0.000390
-0.019659 -0.001817 0.542104 0.108511
-0.001976 -0.000390 0.108511 0.046337
32.791638 1.293723 44.354602 1.876710
0.440038 0.096718 -0.014119 -0.001046
0.096718 0.044080 -0.000927 -0.000257
-0.014119 -0.000927 0.524888 0.105312
-0.001046 -0.000257 0.105312 0.045798
33.122990 1.224634 45.296398 1.876319
0.452381 0.099042 -0.010061 -0.000474
0.099042 0.044491 -0.000412 -0.000200
-0.010061 -0.000412 0.507231 0.102280
-0.000474 -0.000200 0.102280 0.045318
34.098394 1.303781 46.267977 1.884122
0.467805 0.101827 -0.008162 -0.000353
0.101827 0.044982 -0.000374 -0.000229
-0.008162 -0.000374 0.488240 0.099171
-0.000353 -0.000229 0.099171 0.044829
34.857078 1.326584 47.091741 1.860098
0.488438 0.105502 -0.010249 -0.001016
0.105502 0.045645 -0.001149 -0.000410
-0.010249 -0.001149 0.467051 0.095764
-0.001016 -0.000410 0.095764 0.044276
35.464617 1.314477 47.927733 1.840474
0.512057 0.109518 -0.016174 -0.002383
0.109518 0.046352 -0.002610 -0.000708
-0.016174 -0.002610 0.447302 0.092789
-0.002383 -0.000708 0.092789 0.043803
