-0.266441 0.855516 4.052019 0.728795
41.463505 16.585761 -56.479068 -22.592117
16.585761 86.638515 -22.592117 -9.037042
-56.479068 -22.592117 80.538224 32.215988
-22.592117 -9.037042 32.215988 92.890741
2.388451 2.305590 1.795393 -0.364184
71.570098 44.510267 -87.481934 -38.255119
44.510267 48.697071 -52.493617 -43.347891
-87.481934 -52.493617 109.910835 49.627652
-38.255119 -43.347891 49.627652 57.799092
0.663164 1.647009 8.703824 4.366857
89.048166 51.514263 -83.615306 -27.461863
51.514263 40.950384 -47.926476 -29.280276
-83.615306 -47.926476 80.453683 27.485446
-27.461863 -29.280276 27.485446 29.785953
-2.160435 -0.057550 13.819666 5.181419
11.029443 6.373535 -14.822086 -9.257516
6.373535 10.148462 -9.127814 -13.849029
-14.822086 -9.127814 22.667765 15.577627
-9.257516 -13.849029 15.577627 22.005942
-1.332816 0.418822 15.557090 4.724299
3.223443 1.936360 -6.265803 -3.943568
1.936360 4.740338 -3.981120 -6.883987
-6.265803 -3.981120 16.807854 11.034391
-3.943568 -6.883987 11.034391 13.037508
-0.267183 1.004974 16.367631 3.753478
2.446698 1.534230 -6.190222 -3.518867
1.534230 2.771760 -3.331306 -4.135349
-6.190222 -3.331306 22.530094 11.815049
-3.518867 -4.135349 11.815049 9.195778
0.908993 1.455718 17.002199 3.035437
2.499337 1.371073 -7.576095 -3.547427
1.371073 1.669776 -3.227763 -2.687609
-7.576095 -3.227763 32.112979 13.476637
-3.547427 -2.687609 13.476637 7.272215
1.095927 1.044765 18.506813 3.293135
2.753063 1.229504 -9.565252 -3.648515
1.229504 1.048340 -3.295250 -1.906414
-9.565252 -3.295250 44.144662 15.323723
-3.648515 -1.906414 15.323723 6.243513
2.857662 1.579003 16.502582 2.011767
1.925301 0.675503 -7.749742 -2.428809
0.675503 0.549144 -1.592305 -0.900791
-7.749742 -1.592305 46.358870 12.974071
-2.428809 -0.900791 12.974071 4.197647
3.876651 1.617186 15.973456 1.637219
2.678651 0.922244 -9.906556 -2.842864
0.922244 0.493767 -2.781750 -1.031518
-9.906556 -2.781750 47.211118 12.532008
-2.842864 -1.031518 12.532008 3.704513
4.789489 1.573085 14.905549 1.278717
3.574440 1.160575 -11.711210 -3.094274
1.160575 0.486717 -3.441147 -1.053550
-11.711210 -3.441147 45.532101 11.381534
-3.094274 -1.053550 11.381534 3.109467
4.642011 1.504163 22.968505 2.692354
4.204371 1.288442 -11.584797 -2.877496
1.288442 0.469478 -3.344136 -0.925413
-11.584797 -3.344136 36.519816 8.662995
-2.877496 -0.925413 8.662995 2.250197
7.840333 2.155410 17.481448 1.187376
0.707153 0.210314 -1.440826 -0.355069
0.210314 0.122270 -0.193196 -0.125494
-1.440826 -0.193196 8.639256 1.576961
-0.355069 -0.125494 1.576961 0.437562
9.035997 2.179737 17.580973 1.095382
0.880920 0.240389 -1.994424 -0.441895
0.240389 0.111433 -0.385581 -0.138596
-1.994424 -0.385581 9.098584 1.662861
-0.441895 -0.138596 1.662861 0.427376
10.132147 2.202957 18.808104 1.189169
1.102736 0.277478 -2.592186 -0.525062
0.277478 0.107478 -0.534983 -0.146812
-2.592186 -0.534983 9.855858 1.758773
-0.525062 -0.146812 1.758773 0.417842
11.603367 2.316004 19.436779 1.148723
1.238200 0.282406 -3.117328 -0.572219
0.282406 0.097494 -0.602171 -0.139872
-3.117328 -0.602171 11.505067 1.934893
-0.572219 -0.139872 1.934893 0.415041
13.824657 2.593308 19.090435 0.923665
1.328812 0.276080 -3.546457 -0.595591
0.276080 0.087634 -0.629176 -0.128716
-3.546457 -0.629176 13.125011 2.069746
-0.595591 -0.128716 2.069746 0.405777
15.143372 2.507781 16.466559 0.528476
1.566080 0.311310 -3.958435 -0.625575
0.311310 0.089803 -0.698154 -0.128547
-3.958435 -0.698154 12.994992 1.962442
-0.625575 -0.128547 1.962442 0.368411
16.333846 2.507208 17.254629 0.597722
1.187308 0.253030 -1.943585 -0.310212
0.253030 0.079468 -0.366869 -0.073092
-1.943585 -0.366869 4.717748 0.700464
-0.310212 -0.073092 0.700464 0.170632
18.075134 2.580829 16.028815 0.382792
1.292405 0.270710 -1.710073 -0.264181
0.270710 0.081166 -0.323926 -0.061953
-1.710073 -0.323926 3.319006 0.487981
-0.264181 -0.061953 0.487981 0.133881
18.589143 2.451837 17.912668 0.627276
1.175384 0.246052 -1.089614 -0.160908
0.246052 0.075326 -0.203955 -0.040162
-1.089614 -0.203955 1.710283 0.248643
-0.160908 -0.040162 0.248643 0.094493
19.968592 2.479262 18.005834 0.594439
1.364134 0.274025 -1.094284 -0.152032
0.274025 0.078669 -0.199849 -0.036452
-1.094284 -0.199849 1.446654 0.213884
-0.152032 -0.036452 0.213884 0.086565
20.680466 2.398016 19.243131 0.745973
1.388863 0.271212 -0.853922 -0.102853
0.271212 0.076649 -0.150345 -0.025740
-0.853922 -0.150345 0.988008 0.147811
-0.102853 -0.025740 0.147811 0.073939
22.067185 2.414656 18.969787 0.622966
1.437509 0.271510 -0.680912 -0.065412
0.271510 0.075230 -0.115014 -0.017875
-0.680912 -0.115014 0.725262 0.113684
-0.065412 -0.017875 0.113684 0.066687
22.672711 2.318874 19.958574 0.740979
1.178088 0.218203 -0.309083 -0.001001
0.218203 0.064778 -0.046100 -0.005656
-0.309083 -0.046100 0.450303 0.083785
-0.001001 -0.005656 0.083785 0.061389
24.479780 2.429594 19.966710 0.688201
0.955996 0.174115 -0.061278 0.037583
0.174115 0.056550 -0.002791 0.001324
-0.061278 -0.002791 0.375249 0.088139
0.037583 0.001324 0.088139 0.061936
25.540277 2.402023 20.306381 0.680419
0.723065 0.129975 0.086366 0.053201
0.129975 0.048678 0.020523 0.003925
0.086366 0.020523 0.435173 0.114707
0.053201 0.003925 0.114707 0.066140
26.984760 2.445785 20.705205 0.702020
0.586581 0.105440 0.164321 0.057982
0.105440 0.044674 0.029690 0.004431
0.164321 0.029690 0.557303 0.147655
0.057982 0.004431 0.147655 0.070863
28.312468 2.464967 21.091350 0.711986
0.489591 0.089256 0.199233 0.055391
0.089256 0.042283 0.030072 0.003546
0.199233 0.030072 0.719483 0.183321
0.055391 0.003546 0.183321 0.075556
29.262424 2.410480 21.389709 0.698797
0.421377 0.079135 0.209919 0.049647
0.079135 0.041007 0.025542 0.002108
0.209919 0.025542 0.912572 0.220130
0.049647 0.002108 0.220130 0.080039
30.167528 2.349635 21.667783 0.686067
0.374467 0.073326 0.208526 0.043291
0.073326 0.040449 0.018709 0.000632
0.208526 0.018709 1.138006 0.258409
0.043291 0.000632 0.258409 0.084443
31.293862 2.334713 22.192496 0.726153
0.341272 0.070162 0.196542 0.036372
0.070162 0.040260 0.010052 -0.000868
0.196542 0.010052 1.397501 0.298234
0.036372 -0.000868 0.298234 0.088784
32.275210 2.294807 22.439743 0.706449
0.315138 0.068441 0.161202 0.026280
0.068441 0.040259 -0.002881 -0.002932
0.161202 -0.002881 1.681316 0.337553
0.026280 -0.002932 0.337553 0.092699
33.102479 2.220873 22.696600 0.694567
0.298192 0.068258 0.117238 0.016295
0.068258 0.040406 -0.016561 -0.004822
0.117238 -0.016561 2.004644 0.379065
0.016295 -0.004822 0.379065 0.096712
34.381939 2.257306 23.289081 0.735356
0.288251 0.069103 0.062891 0.006014
0.069103 0.040616 -0.031129 -0.006622
0.062891 -0.031129 2.368653 0.422541
0.006014 -0.006622 0.422541 0.100759
35.618403 2.285764 23.556512 0.716842
0.284474 0.071021 -0.018233 -0.007329
0.071021 0.040991 -0.050037 -0.008958
-0.018233 -0.050037 2.754038 0.464590
-0.007329 -0.008958 0.464590 0.104293
36.753557 2.282430 24.021912 0.733984
0.287140 0.073654 -0.108385 -0.020396
0.073654 0.041367 -0.068704 -0.011013
-0.108385 -0.068704 3.190140 0.509862
-0.020396 -0.011013 0.509862 0.108091
38.189195 2.354563 24.652755 0.772068
0.296649 0.077200 -0.218976 -0.035010
0.077200 0.041852 -0.089629 -0.013231
-0.218976 -0.089629 3.661415 0.555562
-0.035010 -0.013231 0.555562 0.111696
38.643684 2.174790 24.344121 0.672981
0.314821 0.082011 -0.355811 -0.051789
0.082011 0.042538 -0.113851 -0.015744
-0.355811 -0.113851 4.158336 0.600224
-0.051789 -0.015744 0.600224 0.114918
39.901182 2.217848 24.773747 0.686408
0.332376 0.085402 -0.475896 -0.064515
0.085402 0.042692 -0.130134 -0.016969
-0.475896 -0.130134 4.756270 0.654483
-0.064515 -0.016969 0.654483 0.119287
40.862473 2.180748 25.369288 0.718624
0.355558 0.089337 -0.615755 -0.078650
0.089337 0.042942 -0.148393 -0.018411
-0.615755 -0.148393 5.401727 0.709876
-0.078650 -0.018411 0.709876 0.123515
41.885417 2.163935 25.783760 0.724824
0.388659 0.094753 -0.788498 -0.095626
0.094753 0.043498 -0.171735 -0.020421
-0.788498 -0.171735 6.074589 0.763526
-0.095626 -0.020421 0.763526 0.127229
43.543315 2.314009 26.785746 0.812640
0.429289 0.100839 -0.982392 -0.113658
0.100839 0.044123 -0.196406 -0.022469
-0.982392 -0.196406 6.795853 0.818357
-0.113658 -0.022469 0.818357 0.130871
44.451170 2.246160 26.684844 0.747458
0.488183 0.109916 -1.222399 -0.135378
0.109916 0.045324 -0.229169 -0.025309
-1.222399 -0.229169 7.493683 0.865218
-0.135378 -0.025309 0.865218 0.133309
45.622688 2.256115 26.895521 0.729828
0.543716 0.116710 -1.455007 -0.154671
0.116710 0.045888 -0.253650 -0.027077
-1.455007 -0.253650 8.330359 0.924904
-0.154671 -0.027077 0.924904 0.137204
46.653753 2.236104 27.520679 0.756324
0.600095 0.122498 -1.692956 -0.173202
0.122498 0.046188 -0.274611 -0.028410
-1.692956 -0.274611 9.246099 0.989107
-0.173202 -0.028410 0.989107 0.141436
47.568758 2.180706 27.621996 0.719988
0.671291 0.130331 -1.969288 -0.194267
0.130331 0.046864 -0.301435 -0.030286
-1.969288 -0.301435 10.195342 1.051455
-0.194267 -0.030286 1.051455 0.145179
48.861090 2.238673 28.375463 0.768514
0.740402 0.136467 -2.246046 -0.214113
0.136467 0.047157 -0.322845 -0.031568
-2.246046 -0.322845 11.234988 1.119430
-0.214113 -0.031568 1.119430 0.149400
49.624059 2.151766 28.791478 0.759076
0.829004 0.145454 -2.569508 -0.236929
0.145454 0.047951 -0.352322 -0.033554
-2.569508 -0.352322 12.299173 1.184049
-0.236929 -0.033554 1.184049 0.152973
50.356130 2.060689 28.894257 0.717920
0.929225 0.155352 -2.921301 -0.260847
0.155352 0.048834 -0.383709 -0.035619
-2.921301 -0.383709 13.414414 1.249030
-0.260847 -0.035619 1.249030 0.156408
