2.981299 2.154640 2.359916 0.051940
2.470482 0.988214 -0.052654 -0.021062
0.988214 80.399361 -0.021062 -0.008425
-0.052654 -0.021062 2.434012 0.973626
-0.021062 -0.008425 0.973626 80.393525
5.141444 4.037979 0.233097 -3.713770
2.256979 3.945780 -0.049997 -0.077270
3.945780 15.289378 -0.077075 -0.269145
-0.049997 -0.077075 2.265076 3.967097
-0.077270 -0.269145 3.967097 15.233802
5.429897 2.038343 -0.641565 -2.582630
1.984062 2.294005 -0.046201 -0.050829
2.294005 4.544139 -0.050765 -0.095131
-0.046201 -0.050765 2.020761 2.331524
-0.050829 -0.095131 2.331524 4.561928
7.748117 3.135620 0.337394 -0.675061
1.698279 1.432552 -0.041806 -0.034156
1.432552 1.904851 -0.034145 -0.042987
-0.041806 -0.034145 1.731939 1.454657
-0.034156 -0.042987 1.454657 1.913606
8.237733 2.423708 2.765180 1.144773
1.467587 0.970767 -0.031363 -0.020066
0.970767 0.973567 -0.020046 -0.020117
-0.031363 -0.020046 1.496241 0.984883
-0.020066 -0.020117 0.984883 0.978758
9.740238 2.582021 4.382111 1.710159
1.289809 0.701514 -0.024080 -0.012827
0.701514 0.566687 -0.012810 -0.010877
-0.024080 -0.012810 1.308686 0.708298
-0.012827 -0.010877 0.708298 0.568521
9.435151 1.844247 4.469000 1.356666
1.148291 0.530765 -0.018410 -0.008490
0.530765 0.361218 -0.008475 -0.006372
-0.018410 -0.008475 1.161690 0.534606
-0.008490 -0.006372 0.534606 0.362197
10.350271 1.841359 5.786355 1.613007
1.034141 0.416410 -0.015703 -0.006445
0.416410 0.246944 -0.006435 -0.004234
-0.015703 -0.006435 1.044472 0.418986
-0.006445 -0.004234 0.418986 0.247668
10.540871 1.579988 7.832552 2.055196
0.941011 0.336623 -0.013176 -0.004878
0.336623 0.178786 -0.004870 -0.002882
-0.013176 -0.004870 0.949060 0.338418
-0.004878 -0.002882 0.338418 0.179336
11.213413 1.542069 8.755156 2.021397
0.864472 0.279236 -0.011030 -0.003731
0.279236 0.135970 -0.003725 -0.002018
-0.011030 -0.003725 0.869947 0.280251
-0.003731 -0.002018 0.280251 0.136309
12.357182 1.652274 10.002961 2.091302
0.800342 0.236730 -0.009315 -0.002909
0.236730 0.107918 -0.002904 -0.001456
-0.009315 -0.002904 0.804251 0.237370
-0.002909 -0.001456 0.237370 0.108168
11.935151 1.309992 10.834193 2.032821
0.746264 0.204669 -0.007762 -0.002259
0.204669 0.088984 -0.002255 -0.001063
-0.007762 -0.002255 0.749185 0.205120
-0.002259 -0.001063 0.205120 0.089188
12.584251 1.308466 11.917626 2.050038
0.700620 0.180201 -0.006698 -0.001828
0.180201 0.075926 -0.001824 -0.000805
-0.006698 -0.001824 0.702590 0.180472
-0.001828 -0.000805 0.180472 0.076081
13.750959 1.433242 14.118677 2.336346
0.661855 0.161316 -0.005743 -0.001476
0.161316 0.066765 -0.001474 -0.000615
-0.005743 -0.001474 0.663152 0.161481
-0.001476 -0.000615 0.161481 0.066889
14.028892 1.330990 14.648066 2.187512
0.628964 0.146671 -0.004737 -0.001153
0.146671 0.060274 -0.001151 -0.000464
-0.004737 -0.001151 0.629668 0.146744
-0.001153 -0.000464 0.146744 0.060369
14.988472 1.397186 15.590375 2.153424
0.601024 0.135273 -0.003971 -0.000919
0.135273 0.055644 -0.000918 -0.000358
-0.003971 -0.000918 0.601339 0.135299
-0.000919 -0.000358 0.135299 0.055721
15.192882 1.288984 17.042988 2.235724
0.577347 0.126407 -0.003297 -0.000728
0.126407 0.052338 -0.000727 -0.000276
-0.003297 -0.000727 0.577450 0.126418
-0.000728 -0.000276 0.126418 0.052404
15.120713 1.135282 17.993770 2.199875
0.557455 0.119554 -0.002710 -0.000572
0.119554 0.049988 -0.000571 -0.000214
-0.002710 -0.000571 0.557323 0.119539
-0.000572 -0.000214 0.119539 0.050041
15.974577 1.195777 19.304126 2.244365
0.540839 0.114293 -0.002229 -0.000451
0.114293 0.048330 -0.000450 -0.000167
-0.002229 -0.000450 0.540487 0.114249
-0.000451 -0.000167 0.114249 0.048369
16.151271 1.107630 20.280195 2.213755
0.527030 0.110286 -0.001786 -0.000346
0.110286 0.047173 -0.000346 -0.000129
-0.001786 -0.000346 0.526561 0.110233
-0.000346 -0.000129 0.110233 0.047204
16.771509 1.121423 20.988621 2.130825
0.515688 0.107280 -0.001410 -0.000262
0.107280 0.046381 -0.000261 -0.000100
-0.001410 -0.000261 0.515135 0.107220
-0.000262 -0.000100 0.107220 0.046404
17.717664 1.201360 21.738415 2.065339
0.506457 0.105060 -0.001094 -0.000195
0.105060 0.045850 -0.000195 -0.000077
-0.001094 -0.000195 0.505890 0.105004
-0.000195 -0.000077 0.105004 0.045869
18.060338 1.147865 22.641849 2.038515
0.499030 0.103453 -0.000831 -0.000142
0.103453 0.045506 -0.000142 -0.000060
-0.000831 -0.000142 0.498518 0.103412
-0.000142 -0.000060 0.103412 0.045522
18.618988 1.144699 23.741654 2.055238
0.493157 0.102325 -0.000608 -0.000100
0.102325 0.045291 -0.000099 -0.000046
-0.000608 -0.000099 0.492715 0.102298
-0.000100 -0.000046 0.102298 0.045305
19.073124 1.120123 24.707383 2.042360
0.488575 0.101558 -0.000418 -0.000065
0.101558 0.045165 -0.000065 -0.000035
-0.000418 -0.000065 0.488237 0.101550
-0.000065 -0.000035 0.101550 0.045178
20.143255 1.226393 25.697675 2.035937
0.485060 0.101060 -0.000262 -0.000039
0.101060 0.045096 -0.000039 -0.000027
-0.000262 -0.000039 0.484851 0.101073
-0.000039 -0.000027 0.101073 0.045109
20.425935 1.157363 26.784630 2.050346
0.482400 0.100753 -0.000154 -0.000023
0.100753 0.045061 -0.000023 -0.000021
-0.000154 -0.000023 0.482366 0.100794
-0.000023 -0.000021 0.100794 0.045077
21.143573 1.186454 27.698890 2.027118
0.480427 0.100581 -0.000070 -0.000011
0.100581 0.045047 -0.000011 -0.000017
-0.000070 -0.000011 0.480594 0.100654
-0.000011 -0.000017 0.100654 0.045065
21.569585 1.151371 28.074383 1.893209
0.478987 0.100499 -0.000027 -0.000007
0.100499 0.045041 -0.000007 -0.000014
-0.000027 -0.000007 0.479379 0.100606
-0.000007 -0.000014 0.100606 0.045064
22.395803 1.204041 28.534761 1.790986
0.477978 0.100477 -0.000010 -0.000007
0.100477 0.045040 -0.000007 -0.000012
-0.000010 -0.000007 0.478566 0.100610
-0.000007 -0.000012 0.100610 0.045065
23.188892 1.244264 29.720749 1.852141
0.477288 0.100488 -0.000034 -0.000014
0.100488 0.045038 -0.000014 -0.000012
-0.000034 -0.000014 0.478054 0.100644
-0.000014 -0.000012 0.100644 0.045065
23.817045 1.245535 30.510438 1.823397
0.476792 0.100508 -0.000098 -0.000029
0.100508 0.045031 -0.000029 -0.000014
-0.000098 -0.000029 0.477792 0.100698
-0.000029 -0.000014 0.100698 0.045064
24.386660 1.234321 31.347797 1.807718
0.476446 0.100530 -0.000190 -0.000046
0.100530 0.045021 -0.000046 -0.000016
-0.000190 -0.000046 0.477689 0.100755
-0.000046 -0.000016 0.100755 0.045060
24.931664 1.219084 32.480138 1.855935
0.476194 0.100547 -0.000305 -0.000067
0.100547 0.045008 -0.000067 -0.000018
-0.000305 -0.000067 0.477698 0.100809
-0.000067 -0.000018 0.100809 0.045053
25.806588 1.275149 33.956465 1.971693
0.475974 0.100549 -0.000447 -0.000092
0.100549 0.044990 -0.000092 -0.000022
-0.000447 -0.000092 0.477801 0.100862
-0.000092 -0.000022 0.100862 0.045045
26.061140 1.194215 35.218979 2.030096
0.475742 0.100532 -0.000652 -0.000128
0.100532 0.044969 -0.000128 -0.000027
-0.000652 -0.000128 0.477991 0.100915
-0.000128 -0.000027 0.100915 0.045038
26.946841 1.255231 36.651807 2.118309
0.475480 0.100499 -0.000859 -0.000161
0.100499 0.044945 -0.000162 -0.000033
-0.000859 -0.000162 0.478246 0.100967
-0.000161 -0.000033 0.100967 0.045031
27.907500 1.325625 37.583221 2.091367
0.475182 0.100450 -0.001137 -0.000208
0.100450 0.044920 -0.000208 -0.000041
-0.001137 -0.000208 0.478550 0.101019
-0.000208 -0.000041 0.101019 0.045025
28.448682 1.299890 38.415121 2.046236
0.474901 0.100402 -0.001476 -0.000265
0.100402 0.044897 -0.000265 -0.000051
-0.001476 -0.000265 0.478836 0.101058
-0.000265 -0.000051 0.101058 0.045018
28.836486 1.244404 38.999299 1.953586
0.474623 0.100352 -0.001818 -0.000319
0.100352 0.044876 -0.000319 -0.000060
-0.001818 -0.000319 0.479109 0.101089
-0.000319 -0.000060 0.101089 0.045012
29.119594 1.172786 40.449156 2.053311
0.474367 0.100306 -0.002138 -0.000366
0.100306 0.044857 -0.000366 -0.000068
-0.002138 -0.000366 0.479349 0.101111
-0.000366 -0.000068 0.101111 0.045005
29.746984 1.181449 41.443036 2.046409
0.474017 0.100239 -0.002468 -0.000414
0.100239 0.044836 -0.000414 -0.000076
-0.002468 -0.000414 0.479674 0.101150
-0.000414 -0.000076 0.101150 0.045005
30.814806 1.282414 42.702297 2.096302
0.473660 0.100173 -0.002834 -0.000469
0.100173 0.044817 -0.000469 -0.000086
-0.002834 -0.000469 0.480002 0.101188
-0.000469 -0.000086 0.101188 0.045005
31.011690 1.188224 43.102738 1.959656
0.473285 0.100106 -0.003310 -0.000545
0.100106 0.044798 -0.000545 -0.000101
-0.003310 -0.000545 0.480345 0.101230
-0.000545 -0.000101 0.101230 0.045008
31.856328 1.241032 43.582482 1.854393
0.472961 0.100052 -0.003710 -0.000602
0.100052 0.044784 -0.000602 -0.000111
-0.003710 -0.000602 0.480634 0.101259
-0.000602 -0.000111 0.101259 0.045010
32.324042 1.208671 44.439112 1.839464
0.472711 0.100015 -0.004147 -0.000666
0.100015 0.044774 -0.000666 -0.000123
-0.004147 -0.000666 0.480852 0.101275
-0.000666 -0.000123 0.101275 0.045010
32.632556 1.145854 44.926872 1.748358
0.472441 0.099973 -0.004586 -0.000729
0.099973 0.044763 -0.000730 -0.000136
-0.004586 -0.000730 0.481093 0.101299
-0.000729 -0.000136 0.101299 0.045013
33.750534 1.261293 45.941296 1.778188
0.472197 0.099937 -0.004982 -0.000783
0.099937 0.044754 -0.000783 -0.000146
-0.004982 -0.000783 0.481313 0.101320
-0.000783 -0.000146 0.101320 0.045017
34.487409 1.283697 46.697907 1.750371
0.471956 0.099902 -0.005508 -0.000864
0.099902 0.044745 -0.000865 -0.000162
-0.005508 -0.000865 0.481543 0.101346
-0.000864 -0.000162 0.101346 0.045022
35.550657 1.373075 47.804233 1.799301
0.471728 0.099869 -0.006068 -0.000950
0.099869 0.044737 -0.000951 -0.000180
-0.006068 -0.000951 0.481769 0.101373
-0.000950 -0.000180 0.101373 0.045027
