2.499288 1.961831 3.790593 0.624223
2.053490 0.821414 -0.226717 -0.090689
0.821414 80.332639 -0.090689 -0.036276
-0.226717 -0.090689 3.101368 1.240574
-0.090689 -0.036276 1.240574 80.500307
4.260078 3.301945 1.395979 -3.951440
2.564807 4.554154 -1.322986 -2.194165
4.554154 15.236130 -2.299527 -4.457885
-1.322986 -2.299527 3.242473 5.473801
-2.194165 -4.457885 5.473801 19.375812
3.011383 0.190655 2.652523 -0.493286
2.764555 3.114388 -0.600722 -0.447951
3.114388 5.153991 -0.577882 -0.713792
-0.600722 -0.577882 1.786879 1.999461
-0.447951 -0.713792 1.999461 4.611882
6.073932 2.556579 2.354635 -0.398857
2.434475 1.923088 -0.971658 -0.744451
1.923088 2.155898 -0.737465 -0.716858
-0.971658 -0.737465 1.937457 1.667260
-0.744451 -0.716858 1.667260 2.286085
7.262185 2.521281 3.261996 0.363558
1.682937 1.038790 -0.273508 -0.118271
1.038790 0.960696 -0.143193 -0.140239
-0.273508 -0.143193 1.424905 0.974894
-0.118271 -0.140239 0.974894 1.061171
8.535525 2.536357 5.272785 1.403955
1.261618 0.647804 -0.125630 -0.045280
0.647804 0.517969 -0.058111 -0.070073
-0.125630 -0.058111 1.381034 0.782771
-0.045280 -0.070073 0.782771 0.657433
9.399142 2.356667 5.852048 1.342692
1.052683 0.469008 -0.204491 -0.091170
0.469008 0.327606 -0.094801 -0.073641
-0.204491 -0.094801 1.374840 0.656417
-0.091170 -0.073641 0.656417 0.444065
10.818393 2.456316 5.115883 0.764863
0.935085 0.369803 -0.235272 -0.095611
0.369803 0.228202 -0.097089 -0.059746
-0.235272 -0.097089 1.305281 0.535847
-0.095611 -0.059746 0.535847 0.307874
10.977849 2.075339 5.974991 0.937054
0.829713 0.295452 -0.200742 -0.072706
0.295452 0.165637 -0.073735 -0.040483
-0.200742 -0.073735 1.211178 0.436248
-0.072706 -0.040483 0.436248 0.221098
12.252663 2.151599 7.272042 1.203152
0.760564 0.247354 -0.193349 -0.063215
0.247354 0.127657 -0.063927 -0.030639
-0.193349 -0.063927 1.124134 0.361744
-0.063215 -0.030639 0.361744 0.166149
12.684075 1.958147 8.604640 1.417253
0.710539 0.213405 -0.185136 -0.054931
0.213405 0.102914 -0.055457 -0.023571
-0.185136 -0.055457 1.034380 0.302007
-0.054931 -0.023571 0.302007 0.129091
13.159313 1.818043 10.213920 1.659428
0.675040 0.189069 -0.177944 -0.048208
0.189069 0.086333 -0.048652 -0.018530
-0.177944 -0.048652 0.946604 0.254310
-0.048208 -0.018530 0.254310 0.103602
13.396743 1.640549 11.008338 1.650280
0.648837 0.170972 -0.166655 -0.041459
0.170972 0.074861 -0.041844 -0.014532
-0.166655 -0.041844 0.861249 0.215699
-0.041459 -0.014532 0.215699 0.085645
14.677048 1.754675 11.490440 1.569861
0.625605 0.156353 -0.154416 -0.035475
0.156353 0.066540 -0.035820 -0.011478
-0.154416 -0.035820 0.789844 0.186730
-0.035475 -0.011478 0.186730 0.073375
14.872241 1.593477 12.808239 1.688366
0.598673 0.143050 -0.137256 -0.029228
0.143050 0.060119 -0.029439 -0.008881
-0.137256 -0.029439 0.734742 0.165862
-0.029228 -0.008881 0.165862 0.065103
15.250073 1.497246 13.787036 1.715997
0.578392 0.133235 -0.121234 -0.024033
0.133235 0.055652 -0.024188 -0.006938
-0.121234 -0.024188 0.684009 0.148905
-0.024033 -0.006938 0.148905 0.059056
15.617650 1.415327 15.235124 1.839562
0.561299 0.125545 -0.106073 -0.019637
0.125545 0.052435 -0.019759 -0.005450
-0.106073 -0.019759 0.640930 0.135818
-0.019637 -0.005450 0.135818 0.054764
16.222617 1.393842 16.311537 1.871667
0.547845 0.119750 -0.090747 -0.015675
0.119750 0.050172 -0.015785 -0.004250
-0.090747 -0.015785 0.602858 0.125395
-0.015675 -0.004250 0.125395 0.051645
16.996117 1.414730 17.858372 1.998358
0.535970 0.115111 -0.076087 -0.012241
0.115111 0.048528 -0.012334 -0.003299
-0.076087 -0.012334 0.571889 0.117624
-0.012241 -0.003299 0.117624 0.049485
18.231302 1.526680 18.801128 1.990293
0.525822 0.111490 -0.061305 -0.009082
0.111490 0.047361 -0.009157 -0.002502
-0.061305 -0.009157 0.546329 0.111775
-0.009082 -0.002502 0.111775 0.047978
18.751385 1.477845 20.153686 2.061988
0.515999 0.108427 -0.047776 -0.006432
0.108427 0.046488 -0.006478 -0.001879
-0.047776 -0.006478 0.527427 0.107828
-0.006432 -0.001879 0.107828 0.047020
19.056557 1.385490 20.938169 2.008748
0.508093 0.106160 -0.035970 -0.004304
0.106160 0.045904 -0.004336 -0.001408
-0.035970 -0.004336 0.512600 0.105021
-0.004304 -0.001408 0.105021 0.046379
19.572148 1.345461 21.377490 1.891419
0.501618 0.104468 -0.026465 -0.002757
0.104468 0.045516 -0.002783 -0.001083
-0.026465 -0.002783 0.501499 0.103146
-0.002757 -0.001083 0.103146 0.045971
20.198521 1.335912 22.345125 1.895743
0.496067 0.103168 -0.019107 -0.001700
0.103168 0.045255 -0.001721 -0.000866
-0.019107 -0.001721 0.493613 0.102002
-0.001700 -0.000866 0.102002 0.045729
20.425676 1.245267 23.586079 1.955014
0.491183 0.102152 -0.013195 -0.000943
0.102152 0.045080 -0.000959 -0.000709
-0.013195 -0.000959 0.488284 0.101387
-0.000943 -0.000709 0.101387 0.045597
20.629215 1.159430 25.078858 2.061334
0.486725 0.101326 -0.008382 -0.000389
0.101326 0.044957 -0.000399 -0.000587
-0.008382 -0.000399 0.485088 0.101170
-0.000389 -0.000587 0.101170 0.045537
21.239586 1.165697 26.044685 2.047820
0.481946 0.100503 -0.004422 0.000027
0.100503 0.044838 0.000024 -0.000485
-0.004422 0.000024 0.484255 0.101372
0.000027 -0.000485 0.101372 0.045552
21.545297 1.108069 27.317113 2.099643
0.477053 0.099714 -0.002046 0.000159
0.099714 0.044726 0.000161 -0.000436
-0.002046 0.000161 0.485194 0.101842
0.000159 -0.000436 0.101842 0.045608
22.051642 1.097940 28.147104 2.053399
0.471545 0.098841 -0.000642 0.000154
0.098841 0.044594 0.000160 -0.000405
-0.000642 0.000160 0.488085 0.102610
0.000154 -0.000405 0.102610 0.045713
22.298879 1.034497 29.272101 2.074033
0.466162 0.098037 -0.000567 -0.000060
0.098037 0.044472 -0.000053 -0.000411
-0.000567 -0.000053 0.491929 0.103454
-0.000060 -0.000411 0.103454 0.045821
22.541543 0.976499 30.540932 2.122802
0.460329 0.097164 -0.001121 -0.000325
0.097164 0.044331 -0.000323 -0.000419
-0.001121 -0.000323 0.497192 0.104485
-0.000325 -0.000419 0.104485 0.045960
23.270035 1.027316 31.885585 2.182133
0.453872 0.096184 -0.002195 -0.000628
0.096184 0.044161 -0.000633 -0.000431
-0.002195 -0.000633 0.504050 0.105738
-0.000628 -0.000431 0.105738 0.046140
24.521345 1.184477 32.538004 2.090073
0.447022 0.095147 -0.004927 -0.001214
0.095147 0.043975 -0.001233 -0.000502
-0.004927 -0.001233 0.512320 0.107170
-0.001214 -0.000502 0.107170 0.046353
25.046422 1.170173 33.323082 2.035921
0.441564 0.094431 -0.010310 -0.002273
0.094431 0.043852 -0.002322 -0.000670
-0.010310 -0.002322 0.519822 0.108327
-0.002273 -0.000670 0.108327 0.046504
25.957310 1.240179 34.372477 2.042468
0.436820 0.093853 -0.015817 -0.003248
0.093853 0.043749 -0.003326 -0.000810
-0.015817 -0.003326 0.527233 0.109391
-0.003248 -0.000810 0.109391 0.046641
26.614582 1.248157 35.322536 2.027791
0.432557 0.093347 -0.022174 -0.004313
0.093347 0.043648 -0.004426 -0.000969
-0.022174 -0.004426 0.534952 0.110468
-0.004313 -0.000969 0.110468 0.046788
27.110156 1.220273 36.316601 2.023546
0.428794 0.092913 -0.028172 -0.005225
0.092913 0.043551 -0.005368 -0.001093
-0.028172 -0.005368 0.542683 0.111504
-0.005225 -0.001093 0.111504 0.046935
27.303494 1.129775 37.430363 2.043524
0.425387 0.092516 -0.032931 -0.005834
0.092516 0.043453 -0.005987 -0.001158
-0.032931 -0.005987 0.550197 0.112468
-0.005834 -0.001158 0.112468 0.047077
28.011070 1.161123 38.512020 2.056134
0.422282 0.092150 -0.035263 -0.005939
0.092150 0.043355 -0.006068 -0.001125
-0.035263 -0.006068 0.556850 0.113248
-0.005939 -0.001125 0.113248 0.047191
28.750381 1.195407 39.398620 2.028050
0.419976 0.091925 -0.036167 -0.005797
0.091925 0.043283 -0.005888 -0.001059
-0.036167 -0.005888 0.561837 0.113703
-0.005797 -0.001059 0.113703 0.047252
29.527010 1.233492 40.114639 1.968681
0.418663 0.091879 -0.035720 -0.005444
0.091879 0.043245 -0.005492 -0.000969
-0.035720 -0.005492 0.564594 0.113756
-0.005444 -0.000969 0.113756 0.047247
30.211734 1.248262 41.054219 1.959996
0.418368 0.092006 -0.034156 -0.004942
0.092006 0.043239 -0.004947 -0.000866
-0.034156 -0.004947 0.565021 0.113424
-0.004942 -0.000866 0.113424 0.047185
31.202406 1.327125 41.615840 1.877886
0.419754 0.092450 -0.030562 -0.004109
0.092450 0.043298 -0.004064 -0.000710
-0.030562 -0.004064 0.561588 0.112434
-0.004109 -0.000710 0.112434 0.047013
31.853271 1.324314 42.552892 1.877447
0.422506 0.093115 -0.026264 -0.003234
0.093115 0.043398 -0.003152 -0.000563
-0.026264 -0.003152 0.555545 0.111079
-0.003234 -0.000563 0.111079 0.046792
32.578363 1.340040 43.896615 1.958802
0.428383 0.094381 -0.020585 -0.002162
0.094381 0.043622 -0.002059 -0.000387
-0.020585 -0.002059 0.544193 0.108835
-0.002162 -0.000387 0.108835 0.046415
33.399096 1.371607 44.490791 1.882163
0.440336 0.096843 -0.014836 -0.001149
0.096843 0.044094 -0.001085 -0.000239
-0.014836 -0.001085 0.524666 0.105169
-0.001149 -0.000239 0.105169 0.045780
33.732098 1.294360 45.445539 1.883658
0.455151 0.099680 -0.011035 -0.000599
0.099680 0.044613 -0.000608 -0.000191
-0.011035 -0.000608 0.503957 0.101559
-0.000599 -0.000191 0.101559 0.045188
34.461653 1.312247 46.373618 1.881108
0.472992 0.102912 -0.009932 -0.000615
0.102912 0.045190 -0.000723 -0.000256
-0.009932 -0.000723 0.482861 0.098100
-0.000615 -0.000256 0.098100 0.044639
34.781720 1.239188 47.088711 1.833974
0.494734 0.106711 -0.012749 -0.001400
0.106711 0.045863 -0.001621 -0.000463
-0.012749 -0.001621 0.461621 0.094777
-0.001400 -0.000463 0.094777 0.044115
35.523789 1.265741 48.196535 1.873941
0.516977 0.110318 -0.017709 -0.002538
0.110318 0.046469 -0.002830 -0.000712
-0.017709 -0.002830 0.443763 0.092267
-0.002538 -0.000712 0.092267 0.043742
