-0.039500 0.946294 2.144735 -0.034135
41.463505 16.585761 -56.479068 -22.592117
16.585761 86.638515 -22.592117 -9.037042
-56.479068 -22.592117 80.538224 32.215988
-22.592117 -9.037042 32.215988 92.890741
0.857691 3.361736 4.961669 2.965504
76.356742 54.488538 -82.424803 -30.315740
54.488538 59.735958 -57.160202 -41.434377
-82.424803 -57.160202 91.559035 35.211732
-30.315740 -41.434377 35.211732 49.021095
3.550460 3.897443 5.000699 2.081615
70.728988 39.238040 -83.060679 -42.722069
39.238040 32.606082 -45.830409 -36.537316
-83.060679 -45.830409 100.018892 52.814773
-42.722069 -36.537316 52.814773 47.050173
7.204719 4.683668 2.575505 -0.068194
92.552756 43.608117 -98.617988 -40.733145
43.608117 27.040057 -46.446048 -27.095362
-98.617988 -46.446048 106.962082 44.999166
-40.733145 -27.095362 44.999166 29.859394
9.761168 4.762151 2.385910 -0.094381
29.620906 10.967251 -22.722558 -4.636977
10.967251 8.236528 -8.546106 -6.864200
-22.722558 -8.546106 18.672987 4.564495
-4.636977 -6.864200 4.564495 8.076804
11.199601 4.164114 3.732744 0.806232
28.813670 8.742746 -17.083025 -1.492775
8.742746 5.322006 -5.554814 -3.820376
-17.083025 -5.554814 11.122324 1.898981
-1.492775 -3.820376 1.898981 4.879019
15.014759 5.006356 2.505976 -0.063190
36.990774 10.269302 -19.349613 -1.991552
10.269302 4.494898 -5.835708 -2.648439
-19.349613 -5.835708 11.050886 2.038842
-1.991552 -2.648439 2.038842 3.131358
15.130236 4.193489 4.065890 0.495963
25.574251 4.807070 -8.836183 1.915465
4.807070 1.885654 -2.043109 -0.864697
-8.836183 -2.043109 3.857749 0.112969
1.915465 -0.864697 0.112969 1.905575
17.758008 4.519332 3.644320 0.081545
30.278034 5.600545 -8.848178 1.539633
5.600545 1.660841 -1.975067 -0.480699
-8.848178 -1.975067 3.350458 0.206361
1.539633 -0.480699 0.206361 1.189034
17.902335 3.854604 4.975151 0.563851
29.970906 4.549704 -5.601928 2.539762
4.549704 1.093415 -1.117182 -0.088326
-5.601928 -1.117182 1.741713 0.038938
2.539762 -0.088326 0.038938 0.906265
20.561709 3.883027 5.388282 0.767326
33.916103 5.047150 -5.021295 2.282916
5.047150 1.027501 -0.965222 0.029685
-5.021295 -0.965222 1.392050 0.079479
2.282916 0.029685 0.079479 0.610337
21.431663 3.635230 6.219513 0.889161
31.862196 4.025590 -1.847527 2.816429
4.025590 0.706010 -0.407467 0.148837
-1.847527 -0.407467 0.703878 0.171971
2.816429 0.148837 0.171971 0.557888
21.765338 3.252307 7.474590 1.161393
32.956021 3.759863 0.385975 3.109541
3.759863 0.578260 -0.099969 0.210018
0.385975 -0.099969 0.562590 0.314314
3.109541 0.210018 0.314314 0.513603
24.754732 3.384690 8.202578 1.313920
35.553444 3.875955 2.007043 3.159724
3.875955 0.540643 0.097522 0.240168
2.007043 0.097522 0.638760 0.412748
3.159724 0.240168 0.412748 0.443915
25.582019 3.280454 8.843999 1.268516
22.756346 2.037883 3.799587 2.561158
2.037883 0.280098 0.234325 0.151455
3.799587 0.234325 1.144535 0.633251
2.561158 0.151455 0.633251 0.415309
20.179369 2.453901 9.092468 0.925359
19.283317 1.492015 5.097915 2.426932
1.492015 0.199474 0.298506 0.127576
5.097915 0.298506 1.850587 0.826663
2.426932 0.127576 0.826663 0.408610
25.718143 2.699360 11.373989 1.601641
7.872381 0.809917 1.285591 0.546078
0.809917 0.156997 0.048272 0.010271
1.285591 0.048272 0.682446 0.249060
0.546078 0.010271 0.249060 0.121174
26.194883 2.546291 12.414641 1.671041
6.776664 0.603487 1.777914 0.599001
0.603487 0.119589 0.083654 0.017900
1.777914 0.083654 0.931231 0.302440
0.599001 0.017900 0.302440 0.123835
25.215762 2.236509 13.328018 1.697147
6.076121 0.479672 2.178776 0.626022
0.479672 0.098647 0.102459 0.021053
2.178776 0.102459 1.247835 0.360506
0.626022 0.021053 0.360506 0.127321
25.128288 1.936435 15.146559 1.973735
6.361102 0.493147 2.600475 0.652863
0.493147 0.095230 0.137053 0.027982
2.600475 0.137053 1.520160 0.391977
0.652863 0.027982 0.391977 0.123019
25.053176 1.779057 16.234019 2.016390
6.365144 0.471830 2.998299 0.673973
0.471830 0.089296 0.160382 0.031517
2.998299 0.160382 1.870024 0.435848
0.673973 0.031517 0.435848 0.123020
23.967699 1.517424 17.117117 2.029167
6.165380 0.433960 3.316597 0.678803
0.433960 0.082972 0.172565 0.032483
3.316597 0.172565 2.249507 0.479459
0.678803 0.032483 0.479459 0.123557
24.768895 1.474965 18.511989 2.116981
6.125218 0.455308 3.358127 0.616910
0.455308 0.084524 0.191626 0.033733
3.358127 0.191626 2.294945 0.444419
0.616910 0.033733 0.444419 0.107764
24.058327 1.317849 19.126127 2.063861
4.330319 0.282811 2.829207 0.495569
0.282811 0.068468 0.123102 0.021521
2.829207 0.123102 2.343194 0.434807
0.495569 0.021521 0.434807 0.102682
24.494960 1.351215 19.611080 1.954595
3.747433 0.234680 2.730750 0.449758
0.234680 0.064065 0.106854 0.018763
2.730750 0.106854 2.512235 0.439789
0.449758 0.018763 0.439789 0.099523
26.647774 1.506526 21.238111 2.029138
2.689110 0.150643 2.270244 0.358702
0.150643 0.057847 0.055440 0.010957
2.270244 0.055440 2.507254 0.423948
0.358702 0.010957 0.423948 0.094804
27.840929 1.517999 22.771310 2.111879
0.927139 0.056047 0.827787 0.122631
0.056047 0.054686 -0.045332 -0.004542
0.827787 -0.045332 1.533125 0.264400
0.122631 -0.004542 0.264400 0.069311
28.425657 1.510742 23.609786 2.078655
0.491000 0.053032 0.326125 0.040876
0.053032 0.057657 -0.080775 -0.009414
0.326125 -0.080775 1.236734 0.214861
0.040876 -0.009414 0.214861 0.061686
28.540477 1.459119 23.865989 1.961294
0.370807 0.067163 0.081795 0.003091
0.067163 0.061249 -0.103758 -0.012122
0.081795 -0.103758 1.199798 0.206940
0.003091 -0.012122 0.206940 0.060700
28.730564 1.386740 24.257199 1.871452
0.348790 0.085145 -0.088427 -0.020817
0.085145 0.064354 -0.124608 -0.014371
-0.088427 -0.124608 1.283762 0.217249
-0.020817 -0.014371 0.217249 0.062427
29.511347 1.398670 25.343488 1.896022
0.375212 0.105318 -0.245114 -0.041062
0.105318 0.066975 -0.145232 -0.016552
-0.245114 -0.145232 1.419245 0.233802
-0.041062 -0.016552 0.233802 0.064838
30.448700 1.450607 26.505222 1.933894
0.445703 0.129714 -0.414232 -0.061705
0.129714 0.069893 -0.167183 -0.018913
-0.414232 -0.167183 1.554983 0.247869
-0.061705 -0.018913 0.247869 0.066487
31.123982 1.436412 27.527252 1.941541
0.555209 0.157240 -0.595899 -0.082355
0.157240 0.072912 -0.190461 -0.021395
-0.595899 -0.190461 1.697842 0.260818
-0.082355 -0.021395 0.260818 0.067679
31.922093 1.456997 28.616730 1.964064
0.701309 0.187310 -0.792044 -0.103111
0.187310 0.075954 -0.215007 -0.023958
-0.792044 -0.215007 1.850491 0.273245
-0.103111 -0.023958 0.273245 0.068578
32.446653 1.399748 29.202028 1.888651
0.882753 0.219454 -1.005217 -0.124263
0.219454 0.078965 -0.240814 -0.026585
-1.005217 -0.240814 2.017106 0.285927
-0.124263 -0.026585 0.285927 0.069356
33.100556 1.388216 30.154962 1.887547
1.091238 0.251272 -1.239517 -0.146819
0.251272 0.081397 -0.267705 -0.029351
-1.239517 -0.267705 2.224121 0.303200
-0.146819 -0.029351 0.303200 0.070725
33.778241 1.380296 30.972609 1.865288
1.334067 0.284704 -1.496098 -0.170358
0.284704 0.083879 -0.295773 -0.032130
-1.496098 -0.295773 2.447379 0.320721
-0.170358 -0.032130 0.320721 0.071965
34.562239 1.420710 32.383900 1.952640
1.606731 0.318378 -1.777418 -0.195448
0.318378 0.086117 -0.324700 -0.034938
-1.777418 -0.324700 2.700391 0.340699
-0.195448 -0.034938 0.340699 0.073445
35.092232 1.369353 33.135519 1.901800
1.926197 0.356432 -2.079582 -0.220052
0.356432 0.089122 -0.354946 -0.037550
-2.079582 -0.354946 2.941851 0.356245
-0.220052 -0.037550 0.356245 0.074127
35.964716 1.424728 34.371719 1.964271
2.279686 0.394965 -2.409442 -0.246333
0.394965 0.091921 -0.385958 -0.040173
-2.409442 -0.385958 3.213680 0.374477
-0.246333 -0.040173 0.374477 0.075146
36.603384 1.421301 35.599116 2.000837
2.674059 0.435503 -2.765337 -0.273330
0.435503 0.094885 -0.417861 -0.042706
-2.765337 -0.417861 3.500523 0.392712
-0.273330 -0.042706 0.392712 0.076089
37.084258 1.358934 36.328005 1.936170
3.115841 0.479354 -3.142609 -0.299691
0.479354 0.098275 -0.450444 -0.045018
-3.142609 -0.450444 3.784830 0.408333
-0.299691 -0.045018 0.408333 0.076619
37.650562 1.342614 37.410665 1.946980
3.596288 0.523653 -3.551753 -0.328059
0.523653 0.101444 -0.483744 -0.047372
-3.551753 -0.483744 4.102425 0.426970
-0.328059 -0.047372 0.426970 0.077528
38.374864 1.374302 38.749824 2.014919
4.124720 0.570615 -3.985231 -0.356198
0.570615 0.104868 -0.517696 -0.049568
-3.985231 -0.517696 4.425930 0.444256
-0.356198 -0.049568 0.444256 0.078211
38.929031 1.358939 39.918925 2.032073
4.704293 0.620659 -4.439549 -0.383328
0.620659 0.108601 -0.552076 -0.051549
-4.439549 -0.552076 4.746870 0.459149
-0.383328 -0.051549 0.459149 0.078564
39.681096 1.344388 40.486683 1.959464
5.335107 0.673383 -4.914220 -0.409544
0.673383 0.112533 -0.586677 -0.053341
-4.914220 -0.586677 5.066647 0.472164
-0.409544 -0.053341 0.472164 0.078690
40.205647 1.305050 41.262529 1.910616
5.996006 0.722332 -5.445237 -0.443231
0.722332 0.115439 -0.622223 -0.055653
-5.445237 -0.622223 5.474460 0.496131
-0.443231 -0.055653 0.496131 0.080141
40.953795 1.300082 41.887160 1.860250
6.697286 0.771334 -6.010616 -0.478820
0.771334 0.118171 -0.658265 -0.057991
-6.010616 -0.658265 5.915055 0.522293
-0.478820 -0.057991 0.522293 0.081763
42.057051 1.367087 42.669697 1.874363
7.404563 0.814711 -6.608888 -0.518929
0.814711 0.119928 -0.692764 -0.060488
-6.608888 -0.692764 6.414409 0.555245
-0.518929 -0.060488 0.555245 0.084132
43.498789 1.468339 43.246879 1.878405
8.073055 0.847495 -7.217091 -0.562844
0.847495 0.120241 -0.722572 -0.062978
-7.217091 -0.722572 6.966425 0.595296
-0.562844 -0.062978 0.595296 0.087312
