0.555373 1.184248 4.185728 0.782280
2.053490 0.821414 -0.226717 -0.090689
0.821414 80.332639 -0.090689 -0.036276
-0.226717 -0.090689 3.101368 1.240574
-0.090689 -0.036276 1.240574 80.500307
3.785496 5.799643 -0.330197 -7.489290
2.045568 3.635233 -0.897416 -1.482434
3.635233 13.610067 -1.536406 -3.181391
-0.897416 -1.536406 3.408175 5.763088
-1.482434 -3.181391 5.763088 19.880253
5.568790 4.798696 2.957033 0.347121
2.796114 3.230595 -0.597098 -0.509349
3.230595 5.324806 -0.620234 -0.781310
-0.597098 -0.620234 1.764216 1.947752
-0.509349 -0.781310 1.947752 4.576521
6.403700 3.561248 4.368088 1.377207
1.755169 1.409103 -0.133023 -0.046113
1.409103 1.738805 -0.078595 -0.139899
-0.133023 -0.078595 1.712885 1.508550
-0.046113 -0.139899 1.508550 2.204463
6.373025 2.414368 4.677939 1.092785
1.327813 0.841106 -0.235363 -0.147039
0.841106 0.832670 -0.150318 -0.158547
-0.235363 -0.150318 1.784337 1.233769
-0.147039 -0.158547 1.233769 1.253896
7.548020 2.397645 5.034214 0.986291
1.131803 0.599334 -0.286577 -0.155220
0.599334 0.488663 -0.154397 -0.119448
-0.286577 -0.154397 1.699910 0.949617
-0.155220 -0.119448 0.949617 0.748860
9.443067 2.714863 4.874313 0.682956
1.004604 0.457885 -0.289557 -0.132464
0.457885 0.317253 -0.131612 -0.081997
-0.289557 -0.131612 1.555380 0.726460
-0.132464 -0.081997 0.726460 0.474081
9.995204 2.397191 7.936424 1.775367
0.892706 0.357629 -0.235123 -0.092046
0.357629 0.218065 -0.091575 -0.050136
-0.235123 -0.091575 1.391810 0.559359
-0.092046 -0.050136 0.559359 0.316194
10.682285 2.210433 7.652935 1.359133
0.858061 0.307517 -0.254013 -0.087921
0.307517 0.165533 -0.088060 -0.040398
-0.254013 -0.088060 1.219626 0.431542
-0.087921 -0.040398 0.431542 0.219512
10.737885 1.872517 9.304001 1.665146
0.802298 0.260130 -0.245380 -0.075481
0.260130 0.127900 -0.075744 -0.030481
-0.245380 -0.075744 1.108274 0.352306
-0.075481 -0.030481 0.352306 0.164004
12.311724 2.063381 10.241017 1.698385
0.769580 0.228664 -0.235108 -0.064968
0.228664 0.104158 -0.065497 -0.023497
-0.235108 -0.065497 0.990011 0.287006
-0.064968 -0.023497 0.287006 0.125897
13.417107 2.082511 10.868950 1.639142
0.725620 0.199733 -0.208930 -0.052193
0.199733 0.086520 -0.052677 -0.017342
-0.208930 -0.052677 0.897971 0.240949
-0.052193 -0.017342 0.240949 0.101306
13.360479 1.798170 11.797841 1.659436
0.681590 0.175783 -0.181068 -0.041236
0.175783 0.073875 -0.041601 -0.012805
-0.181068 -0.041601 0.825106 0.207519
-0.041236 -0.012805 0.207519 0.084850
14.639602 1.892134 12.692791 1.677898
0.648852 0.158493 -0.159737 -0.033505
0.158493 0.065327 -0.033873 -0.009827
-0.159737 -0.033873 0.760572 0.181242
-0.033505 -0.009827 0.181242 0.073177
15.258690 1.808384 12.634933 1.469281
0.616476 0.144010 -0.136330 -0.026396
0.144010 0.059032 -0.026694 -0.007436
-0.136330 -0.026694 0.708051 0.161559
-0.026396 -0.007436 0.161559 0.065059
15.602250 1.682380 13.529396 1.500092
0.586608 0.132232 -0.117733 -0.021254
0.132232 0.054445 -0.021456 -0.005802
-0.117733 -0.021456 0.668901 0.147481
-0.021254 -0.005802 0.147481 0.059511
16.342332 1.663516 14.710670 1.592399
0.563275 0.123567 -0.101684 -0.017197
0.123567 0.051300 -0.017364 -0.004606
-0.101684 -0.017364 0.633899 0.136087
-0.017197 -0.004606 0.136087 0.055410
16.893934 1.604993 15.764833 1.644647
0.544373 0.117061 -0.085853 -0.013565
0.117061 0.049122 -0.013718 -0.003629
-0.085853 -0.013718 0.602722 0.126894
-0.013565 -0.003629 0.126894 0.052383
17.781008 1.634834 18.084529 1.958003
0.529412 0.112259 -0.071454 -0.010534
0.112259 0.047637 -0.010683 -0.002870
-0.071454 -0.010683 0.575868 0.119651
-0.010534 -0.002870 0.119651 0.050181
17.884572 1.484696 19.121795 1.964425
0.518544 0.108958 -0.055988 -0.007493
0.108958 0.046686 -0.007654 -0.002170
-0.055988 -0.007654 0.551063 0.113620
-0.007493 -0.002170 0.113620 0.048516
18.432939 1.444037 20.101262 1.962453
0.510482 0.106646 -0.043368 -0.005240
0.106646 0.046073 -0.005408 -0.001679
-0.043368 -0.005408 0.530942 0.109125
-0.005240 -0.001679 0.109125 0.047355
18.796271 1.367052 20.730464 1.887640
0.503781 0.104897 -0.032702 -0.003503
0.104897 0.045657 -0.003663 -0.001313
-0.032702 -0.003663 0.515491 0.105973
-0.003503 -0.001313 0.105973 0.046588
19.418697 1.354268 21.661749 1.884719
0.498263 0.103593 -0.024211 -0.002269
0.103593 0.045383 -0.002413 -0.001059
-0.024211 -0.002413 0.503869 0.103832
-0.002269 -0.001059 0.103832 0.046092
19.786419 1.290359 22.711597 1.905579
0.493441 0.102576 -0.017177 -0.001343
0.102576 0.045197 -0.001466 -0.000865
-0.017177 -0.001466 0.495494 0.102476
-0.001343 -0.000865 0.102476 0.045790
19.727673 1.143857 23.665890 1.903424
0.489230 0.101785 -0.011409 -0.000656
0.101785 0.045073 -0.000757 -0.000714
-0.011409 -0.000757 0.489683 0.101687
-0.000656 -0.000714 0.101687 0.045614
20.686414 1.224366 24.575209 1.895580
0.485606 0.101183 -0.006566 -0.000120
0.101183 0.044993 -0.000202 -0.000587
-0.006566 -0.000202 0.485816 0.101284
-0.000120 -0.000587 0.101284 0.045516
21.126792 1.187795 25.074887 1.801529
0.481688 0.100558 -0.003387 0.000116
0.100558 0.044905 0.000052 -0.000514
-0.003387 0.000052 0.484280 0.101318
0.000116 -0.000514 0.101318 0.045501
21.587797 1.159937 25.915279 1.788735
0.478197 0.100055 -0.001437 0.000165
0.100055 0.044841 0.000115 -0.000471
-0.001437 0.000115 0.483875 0.101507
0.000165 -0.000471 0.101507 0.045506
22.128062 1.151638 26.905728 1.808913
0.474619 0.099550 -0.000508 0.000076
0.099550 0.044770 0.000037 -0.000447
-0.000508 0.000037 0.484759 0.101883
0.000076 -0.000447 0.101883 0.045540
22.948506 1.203073 27.876982 1.822954
0.470670 0.098979 -0.000676 -0.000165
0.098979 0.044680 -0.000198 -0.000448
-0.000676 -0.000198 0.486975 0.102452
-0.000165 -0.000448 0.102452 0.045606
23.099628 1.107978 29.103620 1.889409
0.466462 0.098366 -0.002455 -0.000665
0.098366 0.044576 -0.000695 -0.000498
-0.002455 -0.000695 0.490247 0.103151
-0.000665 -0.000498 0.103151 0.045693
23.616985 1.100100 30.359067 1.954755
0.461362 0.097577 -0.004430 -0.001115
0.097577 0.044431 -0.001145 -0.000530
-0.004430 -0.001145 0.495190 0.104111
-0.001115 -0.000530 0.104111 0.045829
24.977405 1.271982 31.524924 1.994050
0.455595 0.096671 -0.007385 -0.001698
0.096671 0.044260 -0.001733 -0.000590
-0.007385 -0.001733 0.501621 0.105283
-0.001698 -0.000590 0.105283 0.046003
25.464007 1.240174 32.477714 1.984806
0.450135 0.095857 -0.013292 -0.002828
0.095857 0.044108 -0.002879 -0.000766
-0.013292 -0.002879 0.508683 0.106480
-0.002828 -0.000766 0.106480 0.046177
26.345253 1.296020 33.513800 1.994011
0.444943 0.095112 -0.019245 -0.003857
0.095112 0.043967 -0.003924 -0.000913
-0.019245 -0.003924 0.516300 0.107699
-0.003857 -0.000913 0.107699 0.046354
26.523479 1.195005 34.331946 1.956387
0.440248 0.094471 -0.026098 -0.004991
0.094471 0.043841 -0.005079 -0.001081
-0.026098 -0.005079 0.524345 0.108923
-0.004991 -0.001081 0.108923 0.046532
26.684794 1.101260 35.458435 1.986293
0.435817 0.093874 -0.031507 -0.005748
0.093874 0.043718 -0.005842 -0.001169
-0.031507 -0.005842 0.532529 0.110107
-0.005748 -0.001169 0.110107 0.046705
27.224849 1.099327 36.588124 2.014380
0.431230 0.093227 -0.035194 -0.006124
0.093227 0.043578 -0.006204 -0.001185
-0.035194 -0.006204 0.541129 0.111326
-0.006124 -0.001185 0.111326 0.046891
27.834792 1.111621 37.358441 1.966053
0.427024 0.092651 -0.037932 -0.006323
0.092651 0.043449 -0.006378 -0.001180
-0.037932 -0.006378 0.549392 0.112431
-0.006323 -0.001180 0.112431 0.047059
28.078796 1.045429 38.785910 2.055374
0.423668 0.092244 -0.040057 -0.006430
0.092244 0.043351 -0.006463 -0.001172
-0.040057 -0.006463 0.556468 0.113270
-0.006430 -0.001172 0.113270 0.047181
29.028464 1.140473 40.153190 2.126264
0.420984 0.091964 -0.039070 -0.005948
0.091964 0.043277 -0.005923 -0.001053
-0.039070 -0.005923 0.561321 0.113678
-0.005948 -0.001053 0.113678 0.047230
29.816017 1.187257 41.033906 2.090534
0.420039 0.092035 -0.035954 -0.005123
0.092035 0.043275 -0.005039 -0.000884
-0.035954 -0.005039 0.562279 0.113360
-0.005123 -0.000884 0.113360 0.047152
30.892958 1.290176 41.425136 1.961462
0.420873 0.092435 -0.031609 -0.004160
0.092435 0.043335 -0.004028 -0.000709
-0.031609 -0.004028 0.559606 0.112433
-0.004160 -0.000709 0.112433 0.046977
31.732375 1.333453 42.498299 1.981014
0.422697 0.092961 -0.027385 -0.003331
0.092961 0.043409 -0.003175 -0.000582
-0.027385 -0.003175 0.555266 0.111331
-0.003331 -0.000582 0.111331 0.046796
32.185333 1.286675 43.551955 1.992644
0.428263 0.094228 -0.021411 -0.002220
0.094228 0.043639 -0.002058 -0.000404
-0.021411 -0.002058 0.544397 0.109085
-0.002220 -0.000404 0.109085 0.046408
33.048355 1.335146 44.583504 2.000676
0.437847 0.096227 -0.015497 -0.001203
0.096227 0.044010 -0.001073 -0.000258
-0.015497 -0.001073 0.528261 0.106015
-0.001203 -0.000258 0.106015 0.045886
33.763603 1.344494 45.294577 1.942536
0.452634 0.099152 -0.011389 -0.000608
0.099152 0.044557 -0.000567 -0.000206
-0.011389 -0.000567 0.507145 0.102201
-0.000608 -0.000206 0.102201 0.045243
34.264413 1.307070 46.240942 1.936953
0.470490 0.102460 -0.010022 -0.000589
0.102460 0.045152 -0.000658 -0.000265
-0.010022 -0.000658 0.485590 0.098569
-0.000589 -0.000265 0.098569 0.044658
34.537821 1.225501 47.427225 1.980661
0.491440 0.106144 -0.012036 -0.001228
0.106144 0.045799 -0.001412 -0.000444
-0.012036 -0.001412 0.464550 0.095240
-0.001228 -0.000444 0.095240 0.044139
35.187498 1.233018 48.243739 1.944659
0.514921 0.110071 -0.017319 -0.002458
0.110071 0.046472 -0.002733 -0.000716
-0.017319 -0.002733 0.445309 0.092407
-0.002458 -0.000716 0.092407 0.043708
