2.966732 2.148813 0.783532 -0.578628
2.053490 0.821414 -0.226717 -0.090689
0.821414 80.332639 -0.090689 -0.036276
-0.226717 -0.090689 3.101368 1.240574
-0.090689 -0.036276 1.240574 80.500307
5.715224 5.148416 1.026202 0.356092
3.489576 6.209927 -1.091809 -1.784155
6.209927 18.200324 -1.907361 -3.760661
-1.091809 -1.907361 2.177924 3.672739
-1.784155 -3.760661 3.672739 16.329043
3.865432 0.359623 1.581008 0.483752
2.269734 2.458703 -0.150857 -0.013672
2.458703 4.404157 -0.085568 -0.205621
-0.150857 -0.085568 1.834342 2.228631
-0.013672 -0.205621 2.228631 4.873470
5.693923 1.680736 2.843750 1.416666
2.323541 1.856762 -0.633917 -0.518279
1.856762 2.164769 -0.502932 -0.534955
-0.633917 -0.502932 1.642301 1.440901
-0.518279 -0.534955 1.440901 2.018309
7.220228 2.115963 4.391059 2.010016
1.608176 1.003377 -0.188891 -0.097442
1.003377 0.964661 -0.106759 -0.116453
-0.188891 -0.106759 1.428292 0.982311
-0.097442 -0.116453 0.982311 1.023137
7.423419 1.669932 4.716007 1.620827
1.226878 0.639323 -0.257518 -0.134265
0.639323 0.527858 -0.133177 -0.105754
-0.257518 -0.133177 1.503530 0.842295
-0.134265 -0.105754 0.842295 0.661647
7.487524 1.320258 5.032718 1.386384
1.048125 0.474274 -0.282699 -0.127951
0.474274 0.338112 -0.126226 -0.079556
-0.282699 -0.126226 1.457296 0.681214
-0.127951 -0.079556 0.681214 0.435968
8.331082 1.397391 6.885776 1.852157
0.941065 0.377259 -0.295132 -0.115677
0.377259 0.235851 -0.114546 -0.059684
-0.295132 -0.114546 1.367001 0.547482
-0.115677 -0.059684 0.547482 0.299536
9.093641 1.425463 8.859202 2.220655
0.910617 0.327948 -0.318800 -0.109469
0.327948 0.180058 -0.109578 -0.047931
-0.318800 -0.109578 1.215435 0.426499
-0.109469 -0.047931 0.426499 0.208988
10.156363 1.538505 9.663564 2.125680
0.885428 0.289102 -0.302333 -0.091606
0.289102 0.142549 -0.092417 -0.035510
-0.302333 -0.092417 1.054791 0.331174
-0.091606 -0.035510 0.331174 0.150792
10.287176 1.350325 11.257118 2.274942
0.839544 0.250841 -0.273148 -0.073974
0.250841 0.114443 -0.074813 -0.025946
-0.273148 -0.074813 0.941973 0.269721
-0.073974 -0.025946 0.269721 0.116224
11.125524 1.391444 11.896173 2.142935
0.802061 0.221755 -0.238821 -0.058334
0.221755 0.095257 -0.059217 -0.018911
-0.238821 -0.059217 0.837397 0.222028
-0.058334 -0.018911 0.222028 0.092826
11.778906 1.373665 12.254264 1.963419
0.759210 0.196152 -0.208008 -0.046345
0.196152 0.081025 -0.047090 -0.014069
-0.208008 -0.047090 0.762073 0.189801
-0.046345 -0.014069 0.189801 0.077926
12.256020 1.322531 13.290054 1.974552
0.716857 0.174809 -0.182390 -0.037465
0.174809 0.070637 -0.038033 -0.010762
-0.182390 -0.038033 0.706119 0.167180
-0.037465 -0.010762 0.167180 0.068047
12.654765 1.268185 15.006775 2.139616
0.680355 0.158166 -0.158028 -0.030065
0.158166 0.063271 -0.030528 -0.008290
-0.158028 -0.030528 0.657734 0.149556
-0.030065 -0.008290 0.149556 0.061020
13.460612 1.308382 16.217221 2.172552
0.650471 0.145514 -0.132693 -0.023319
0.145514 0.058101 -0.023765 -0.006297
-0.132693 -0.023765 0.613138 0.135175
-0.023319 -0.006297 0.135175 0.055856
14.229738 1.330870 17.037459 2.115804
0.623159 0.135225 -0.109220 -0.017718
0.135225 0.054310 -0.018133 -0.004781
-0.109220 -0.018133 0.577399 0.124523
-0.017718 -0.004781 0.124523 0.052278
15.223341 1.398023 17.794016 2.054428
0.598631 0.126920 -0.089191 -0.013385
0.126920 0.051539 -0.013756 -0.003682
-0.089191 -0.013756 0.549944 0.116867
-0.013385 -0.003682 0.116867 0.049840
16.048066 1.423076 18.677472 2.025121
0.576281 0.120149 -0.071872 -0.009970
0.120149 0.049504 -0.010285 -0.002865
-0.071872 -0.010285 0.529431 0.111497
-0.009970 -0.002865 0.111497 0.048207
16.561298 1.382338 19.728480 2.031535
0.557018 0.114853 -0.056809 -0.007238
0.114853 0.048059 -0.007510 -0.002244
-0.056809 -0.007510 0.513724 0.107667
-0.007238 -0.002244 0.107667 0.047099
17.924391 1.518768 20.522263 1.990082
0.541323 0.110908 -0.043700 -0.005036
0.110908 0.047079 -0.005283 -0.001765
-0.043700 -0.005283 0.501307 0.104868
-0.005036 -0.001765 0.104868 0.046332
17.882278 1.355971 21.718157 2.026865
0.526969 0.107668 -0.032487 -0.003308
0.107668 0.046358 -0.003518 -0.001396
-0.032487 -0.003518 0.493174 0.103187
-0.003308 -0.001396 0.103187 0.045878
18.739393 1.391986 22.611634 2.002701
0.516064 0.105454 -0.022882 -0.001928
0.105454 0.045918 -0.002121 -0.001105
-0.022882 -0.002121 0.486589 0.101933
-0.001928 -0.001105 0.101933 0.045553
18.938230 1.290484 23.697523 2.018251
0.506509 0.103705 -0.015133 -0.000933
0.103705 0.045607 -0.001102 -0.000890
-0.015133 -0.001102 0.482665 0.101295
-0.000933 -0.000890 0.101295 0.045380
19.391984 1.250840 24.608451 1.996962
0.498542 0.102409 -0.008618 -0.000157
0.102409 0.045402 -0.000305 -0.000713
-0.008618 -0.000305 0.480415 0.101010
-0.000157 -0.000713 0.101010 0.045289
20.188711 1.285982 25.512484 1.977459
0.491508 0.101370 -0.003543 0.000367
0.101370 0.045249 0.000240 -0.000580
-0.003543 0.000240 0.479865 0.101055
0.000367 -0.000580 0.101055 0.045268
20.863516 1.291829 25.825105 1.834963
0.484872 0.100445 -0.000234 0.000585
0.100445 0.045112 0.000480 -0.000500
-0.000234 0.000480 0.481001 0.101405
0.000585 -0.000500 0.101405 0.045308
21.693609 1.330237 26.976394 1.884366
0.479441 0.099782 0.001341 0.000522
0.099782 0.045020 0.000437 -0.000469
0.001341 0.000437 0.482557 0.101774
0.000522 -0.000469 0.101774 0.045344
22.572467 1.375096 27.255391 1.744494
0.473811 0.099063 0.001330 0.000223
0.099063 0.044902 0.000153 -0.000476
0.001330 0.000153 0.485575 0.102393
0.000223 -0.000476 0.102393 0.045430
23.402574 1.404941 28.281150 1.776762
0.469478 0.098604 -0.000289 -0.000310
0.098604 0.044828 -0.000370 -0.000523
-0.000289 -0.000370 0.488235 0.102866
-0.000310 -0.000523 0.102866 0.045481
24.184287 1.421209 29.739301 1.896592
0.465085 0.098095 -0.003412 -0.001048
0.098095 0.044730 -0.001104 -0.000606
-0.003412 -0.001104 0.491801 0.103484
-0.001048 -0.000606 0.103484 0.045563
23.895166 1.209613 30.557326 1.869886
0.459847 0.097376 -0.008064 -0.001995
0.097376 0.044578 -0.002055 -0.000726
-0.008064 -0.002055 0.497172 0.104430
-0.001995 -0.000726 0.104430 0.045715
24.306186 1.168400 31.538922 1.879731
0.454449 0.096610 -0.011159 -0.002503
0.096610 0.044411 -0.002565 -0.000748
-0.011159 -0.002565 0.503386 0.105477
-0.002503 -0.000748 0.105477 0.045883
24.779699 1.144768 32.235555 1.828917
0.449057 0.095838 -0.014639 -0.003040
0.095838 0.044240 -0.003105 -0.000784
-0.014639 -0.003105 0.510322 0.106601
-0.003040 -0.000784 0.106601 0.046065
25.539765 1.184660 32.551710 1.704483
0.444309 0.095195 -0.018486 -0.003612
0.095195 0.044095 -0.003681 -0.000835
-0.018486 -0.003681 0.517133 0.107629
-0.003612 -0.000835 0.107629 0.046224
26.312150 1.224168 34.101522 1.849309
0.441035 0.094848 -0.023320 -0.004352
0.094848 0.044008 -0.004436 -0.000931
-0.023320 -0.004436 0.522705 0.108348
-0.004352 -0.000931 0.108348 0.046322
26.660061 1.167367 35.156024 1.875665
0.436811 0.094248 -0.028840 -0.005195
0.094248 0.043858 -0.005292 -0.001053
-0.028840 -0.005292 0.530393 0.109490
-0.005195 -0.001053 0.109490 0.046516
27.276921 1.175709 36.558055 1.971220
0.432526 0.093618 -0.033335 -0.005785
0.093618 0.043700 -0.005882 -0.001125
-0.033335 -0.005882 0.538574 0.110687
-0.005785 -0.001125 0.110687 0.046721
28.017324 1.210653 38.096102 2.084832
0.428170 0.092962 -0.036734 -0.006144
0.092962 0.043536 -0.006222 -0.001156
-0.036734 -0.006222 0.547123 0.111914
-0.006144 -0.001156 0.111914 0.046934
28.241615 1.127332 39.087712 2.072985
0.424313 0.092414 -0.038097 -0.006103
0.092414 0.043398 -0.006142 -0.001114
-0.038097 -0.006142 0.554574 0.112883
-0.006103 -0.001114 0.112883 0.047096
29.240168 1.222313 40.078860 2.065735
0.421610 0.092112 -0.037171 -0.005651
0.092112 0.043314 -0.005633 -0.001002
-0.037171 -0.005633 0.559405 0.113320
-0.005651 -0.001002 0.113320 0.047158
29.882896 1.232615 41.807694 2.206476
0.420430 0.092113 -0.034963 -0.005023
0.092113 0.043292 -0.004956 -0.000875
-0.034963 -0.004956 0.561123 0.113179
-0.005023 -0.000875 0.113179 0.047120
30.851475 1.310680 43.026775 2.231561
0.423075 0.092913 -0.029049 -0.003726
0.092913 0.043440 -0.003607 -0.000626
-0.029049 -0.003607 0.554830 0.111540
-0.003726 -0.000626 0.111540 0.046804
31.671258 1.346302 44.025853 2.208908
0.429907 0.094508 -0.022147 -0.002358
0.094508 0.043744 -0.002228 -0.000390
-0.022147 -0.002228 0.541780 0.108771
-0.002358 -0.000390 0.108771 0.046302
32.862339 1.461261 45.384447 2.262336
0.440762 0.096790 -0.015979 -0.001254
0.096790 0.044170 -0.001163 -0.000229
-0.015979 -0.001163 0.524073 0.105354
-0.001254 -0.000229 0.105354 0.045712
33.446003 1.429758 46.687987 2.296586
0.458948 0.100426 -0.012748 -0.000807
0.100426 0.044859 -0.000845 -0.000218
-0.012748 -0.000845 0.499537 0.100849
-0.000807 -0.000218 0.100849 0.044935
33.951610 1.382468 47.291293 2.184945
0.481821 0.104715 -0.013608 -0.001202
0.104715 0.045642 -0.001402 -0.000372
-0.013608 -0.001402 0.474353 0.096534
-0.001202 -0.000372 0.096534 0.044226
34.232101 1.291724 47.564467 2.015039
0.505130 0.108707 -0.016823 -0.002028
0.108707 0.046317 -0.002343 -0.000585
-0.016823 -0.002343 0.453371 0.093326
-0.002028 -0.000585 0.093326 0.043752
35.086222 1.335180 48.239544 1.946193
0.526283 0.111929 -0.020674 -0.002905
0.111929 0.046807 -0.003270 -0.000774
-0.020674 -0.003270 0.437545 0.091290
-0.002905 -0.000774 0.091290 0.043497
35.963280 1.378551 48.961019 1.893494
0.549593 0.115405 -0.028300 -0.004488
0.115405 0.047354 -0.004867 -0.001088
-0.028300 -0.004867 0.423606 0.089608
-0.004488 -0.001088 0.089608 0.043269
