2.144969 1.820100 3.790683 0.624259
2.053490 0.821414 -0.226717 -0.090689
0.821414 80.332639 -0.090689 -0.036276
-0.226717 -0.090689 3.101368 1.240574
-0.090689 -0.036276 1.240574 80.500307
6.165100 7.311165 0.883557 -4.775532
2.423590 4.303397 -1.250538 -2.074025
4.303397 14.790911 -2.168486 -4.240491
-1.250538 -2.168486 3.328926 5.621834
-2.074025 -4.240491 5.621834 19.629213
6.133088 3.157668 -0.197250 -3.589215
2.274127 2.594967 -0.220221 -0.063626
2.594967 4.592731 -0.147183 -0.268501
-0.220221 -0.147183 1.840689 2.080817
-0.063626 -0.268501 2.080817 4.743675
8.497571 3.819989 1.117719 -0.852999
2.211003 1.797043 -0.221478 -0.140141
1.797043 2.080285 -0.169429 -0.245382
-0.221478 -0.169429 1.441777 1.254521
-0.140141 -0.245382 1.254521 1.954350
8.587646 2.670228 2.463102 0.373616
1.621493 1.015837 -0.069179 -0.032644
1.015837 0.942533 -0.051176 -0.094073
-0.069179 -0.051176 1.384309 0.971612
-0.032644 -0.094073 0.971612 1.075695
9.300889 2.335250 3.861402 1.071204
1.263272 0.654217 -0.046986 -0.028015
0.654217 0.515248 -0.039071 -0.059396
-0.046986 -0.039071 1.356623 0.780652
-0.028015 -0.059396 0.780652 0.660572
10.396711 2.301525 4.548712 1.144847
1.034665 0.462152 -0.097532 -0.052982
0.462152 0.319199 -0.058745 -0.051986
-0.097532 -0.058745 1.339962 0.647394
-0.052982 -0.051986 0.647394 0.441175
11.537810 2.288879 6.088531 1.545210
0.901412 0.356426 -0.130848 -0.059930
0.356426 0.218950 -0.063243 -0.041380
-0.130848 -0.063243 1.278435 0.529846
-0.059930 -0.041380 0.529846 0.305618
12.010748 2.047227 7.395528 1.742439
0.819586 0.291824 -0.161643 -0.063025
0.291824 0.161621 -0.064945 -0.033545
-0.161643 -0.064945 1.194226 0.433440
-0.063025 -0.033545 0.433440 0.219802
11.744628 1.630839 7.930715 1.638571
0.765654 0.248528 -0.178871 -0.060575
0.248528 0.125964 -0.061795 -0.026652
-0.178871 -0.061795 1.097991 0.355380
-0.060575 -0.026652 0.355380 0.163603
12.494958 1.611557 8.576277 1.587756
0.724954 0.216763 -0.188290 -0.056288
0.216763 0.102267 -0.057207 -0.021256
-0.188290 -0.057207 1.009365 0.296107
-0.056288 -0.021256 0.296107 0.126864
12.774799 1.465758 9.846383 1.715918
0.686457 0.190917 -0.183009 -0.048930
0.190917 0.085506 -0.049655 -0.016402
-0.183009 -0.049655 0.930442 0.250960
-0.048930 -0.016402 0.250960 0.102239
12.859848 1.296489 10.870452 1.756019
0.657514 0.171782 -0.173521 -0.041941
0.171782 0.074006 -0.042579 -0.012723
-0.173521 -0.042579 0.853189 0.214329
-0.041941 -0.012723 0.214329 0.084873
13.567091 1.310834 11.681482 1.740354
0.634354 0.157088 -0.161971 -0.035700
0.157088 0.065890 -0.036316 -0.009956
-0.161971 -0.036316 0.783408 0.185566
-0.035700 -0.009956 0.185566 0.072702
14.206231 1.310897 13.153247 1.876936
0.610856 0.144584 -0.146746 -0.029662
0.144584 0.059836 -0.030210 -0.007719
-0.146746 -0.030210 0.725701 0.163995
-0.029662 -0.007719 0.163995 0.064324
14.768073 1.289465 14.101931 1.878491
0.590554 0.134715 -0.128517 -0.023856
0.134715 0.055481 -0.024349 -0.005888
-0.128517 -0.024349 0.673522 0.146752
-0.023856 -0.005888 0.146752 0.058287
15.248950 1.254556 15.235760 1.918701
0.572176 0.126725 -0.110913 -0.018961
0.126725 0.052297 -0.019396 -0.004507
-0.110913 -0.019396 0.630553 0.133775
-0.018961 -0.004507 0.133775 0.054087
15.508292 1.176264 16.409354 1.960378
0.556531 0.120479 -0.094092 -0.014808
0.120479 0.050020 -0.015199 -0.003452
-0.094092 -0.015199 0.594428 0.123840
-0.014808 -0.003452 0.123840 0.051126
15.866373 1.135985 18.381952 2.164041
0.544008 0.115776 -0.078660 -0.011370
0.115776 0.048437 -0.011739 -0.002658
-0.078660 -0.011739 0.563973 0.116212
-0.011370 -0.002658 0.116212 0.049033
16.093732 1.062394 19.280907 2.123257
0.534301 0.112336 -0.062550 -0.008098
0.112336 0.047370 -0.008458 -0.001967
-0.062550 -0.008458 0.537504 0.110214
-0.008098 -0.001967 0.110214 0.047528
16.618430 1.061723 20.425459 2.140268
0.526179 0.109688 -0.048901 -0.005595
0.109688 0.046628 -0.005938 -0.001480
-0.048901 -0.005938 0.517011 0.105987
-0.005595 -0.001480 0.105987 0.046539
17.189062 1.070117 21.512693 2.144101
0.518760 0.107542 -0.036610 -0.003535
0.107542 0.046098 -0.003848 -0.001103
-0.036610 -0.003848 0.501709 0.103158
-0.003535 -0.001103 0.103158 0.045922
18.329893 1.195024 22.511434 2.133021
0.511805 0.105766 -0.025811 -0.001885
0.105766 0.045715 -0.002160 -0.000816
-0.025811 -0.002160 0.490900 0.101420
-0.001885 -0.000816 0.101420 0.045567
18.664450 1.140291 23.500721 2.115487
0.504450 0.104118 -0.016841 -0.000667
0.104118 0.045404 -0.000893 -0.000612
-0.016841 -0.000893 0.484563 0.100656
-0.000667 -0.000612 0.100656 0.045420
19.101918 1.112867 24.554364 2.114044
0.497870 0.102807 -0.009444 0.000226
0.102807 0.045190 0.000041 -0.000465
-0.009444 0.000041 0.480811 0.100386
0.000226 -0.000465 0.100386 0.045364
20.443655 1.275321 25.613257 2.116963
0.491579 0.101678 -0.003475 0.000853
0.101678 0.045027 0.000703 -0.000358
-0.003475 0.000703 0.479443 0.100533
0.000853 -0.000358 0.100533 0.045379
21.192412 1.298621 26.812072 2.146716
0.484765 0.100527 -0.000073 0.000995
0.100527 0.044861 0.000880 -0.000335
-0.000073 0.000880 0.480714 0.101123
0.000995 -0.000335 0.101123 0.045468
21.694672 1.267902 27.754836 2.119029
0.477791 0.099419 0.001522 0.000851
0.099419 0.044703 0.000765 -0.000351
0.001522 0.000765 0.483833 0.101970
0.000851 -0.000351 0.101970 0.045592
22.346359 1.271648 29.016577 2.161677
0.471125 0.098434 0.001765 0.000534
0.098434 0.044566 0.000468 -0.000385
0.001765 0.000468 0.488023 0.102906
0.000534 -0.000385 0.102906 0.045719
23.052660 1.286392 30.259064 2.195726
0.464133 0.097414 0.000452 0.000003
0.097414 0.044413 -0.000053 -0.000450
0.000452 -0.000053 0.493753 0.104043
0.000003 -0.000450 0.104043 0.045878
23.583870 1.262770 31.361318 2.196706
0.457008 0.096393 -0.002422 -0.000739
0.096393 0.044250 -0.000794 -0.000546
-0.002422 -0.000794 0.500765 0.105325
-0.000739 -0.000546 0.105325 0.046060
24.956764 1.419887 32.627021 2.231387
0.450137 0.095442 -0.006143 -0.001539
0.095442 0.044093 -0.001600 -0.000644
-0.006143 -0.001600 0.508589 0.106658
-0.001539 -0.000644 0.106658 0.046249
25.707299 1.428681 33.379244 2.155441
0.443816 0.094610 -0.012688 -0.002823
0.094610 0.043950 -0.002905 -0.000840
-0.012688 -0.002905 0.517046 0.108017
-0.002823 -0.000840 0.108017 0.046441
25.751223 1.285012 34.587881 2.182624
0.438730 0.094024 -0.019688 -0.004066
0.094024 0.043847 -0.004176 -0.001019
-0.019688 -0.004176 0.525092 0.109196
-0.004066 -0.001019 0.109196 0.046597
26.487977 1.304760 34.960105 2.033879
0.433491 0.093363 -0.024735 -0.004797
0.093363 0.043712 -0.004917 -0.001084
-0.024735 -0.004917 0.534023 0.110498
-0.004797 -0.001084 0.110498 0.046786
26.652989 1.198846 35.713422 1.978872
0.429849 0.093012 -0.030215 -0.005574
0.093012 0.043634 -0.005711 -0.001171
-0.030215 -0.005711 0.541507 0.111438
-0.005574 -0.001171 0.111438 0.046906
27.306216 1.210667 36.754369 1.989548
0.426581 0.092684 -0.034096 -0.005990
0.092684 0.043547 -0.006124 -0.001191
-0.034096 -0.006124 0.548547 0.112276
-0.005990 -0.001191 0.112276 0.047018
28.462765 1.330877 37.707089 1.982701
0.423633 0.092371 -0.037252 -0.006268
0.092371 0.043453 -0.006391 -0.001196
-0.037252 -0.006391 0.555260 0.113050
-0.006268 -0.001196 0.113050 0.047131
28.837526 1.268145 38.944471 2.031484
0.421322 0.092147 -0.040396 -0.006568
0.092147 0.043371 -0.006686 -0.001224
-0.040396 -0.006686 0.561229 0.113684
-0.006568 -0.001224 0.113684 0.047227
29.420133 1.255109 39.577562 1.953978
0.419534 0.092000 -0.040318 -0.006241
0.092000 0.043304 -0.006308 -0.001129
-0.040318 -0.006308 0.565036 0.113922
-0.006241 -0.001129 0.113922 0.047258
29.869787 1.217968 40.963115 2.035270
0.418553 0.091987 -0.039153 -0.005775
0.091987 0.043263 -0.005793 -0.001027
-0.039153 -0.005793 0.566890 0.113836
-0.005775 -0.001027 0.113836 0.047242
30.403550 1.196737 41.103810 1.859030
0.419687 0.092404 -0.034447 -0.004677
0.092404 0.043316 -0.004621 -0.000808
-0.034447 -0.004621 0.563371 0.112781
-0.004677 -0.000808 0.112781 0.047052
31.319124 1.264702 41.645769 1.783151
0.420905 0.092748 -0.030586 -0.003882
0.092748 0.043341 -0.003782 -0.000680
-0.030586 -0.003782 0.560013 0.111921
-0.003882 -0.000680 0.111921 0.046927
32.114950 1.301489 42.675299 1.811580
0.423448 0.093320 -0.026140 -0.003053
0.093320 0.043415 -0.002924 -0.000555
-0.026140 -0.002924 0.554187 0.110700
-0.003053 -0.000555 0.110700 0.046746
32.509239 1.245357 43.666524 1.827449
0.429794 0.094661 -0.020119 -0.001970
0.094661 0.043656 -0.001833 -0.000384
-0.020119 -0.001833 0.541987 0.108353
-0.001970 -0.000384 0.108353 0.046356
33.313152 1.284658 44.450119 1.802113
0.439913 0.096687 -0.014442 -0.001030
0.096687 0.044031 -0.000925 -0.000253
-0.014442 -0.000925 0.525235 0.105308
-0.001030 -0.000253 0.105308 0.045850
34.325640 1.366189 45.480783 1.829574
0.453967 0.099374 -0.010529 -0.000495
0.099374 0.044526 -0.000466 -0.000209
-0.010529 -0.000466 0.505350 0.101861
-0.000495 -0.000209 0.101861 0.045282
35.277789 1.423955 46.132607 1.776920
0.474247 0.103164 -0.010658 -0.000782
0.103164 0.045234 -0.000890 -0.000331
-0.010658 -0.000890 0.481603 0.097842
-0.000782 -0.000331 0.097842 0.044610
35.684589 1.359196 47.455405 1.865414
0.498082 0.107385 -0.015267 -0.001927
0.107385 0.045994 -0.002174 -0.000609
-0.015267 -0.002174 0.458981 0.094261
-0.001927 -0.000609 0.094261 0.044032
36.399646 1.366704 48.363387 1.860347
0.525040 0.111923 -0.024229 -0.003849
0.111923 0.046787 -0.004197 -0.001012
-0.024229 -0.004197 0.438910 0.091329
-0.003849 -0.001012 0.091329 0.043574
