33.589784 0.655943 48.609464 1.969296
0.548510 0.116091 -0.038811 -0.006283
0.116091 0.047619 -0.006824 -0.001533
-0.038811 -0.006824 0.426698 0.089334
-0.006283 -0.001533 0.089334 0.043121
29.973443 -0.171391 48.550452 1.731227
0.563272 0.117453 -0.038087 -0.005870
0.117453 0.047676 -0.006398 -0.001374
-0.038087 -0.006398 0.417938 0.088890
-0.005870 -0.001374 0.088890 0.043171
25.805061 -1.019440 47.607040 1.322290
0.560780 0.115355 -0.031120 -0.004238
0.115355 0.047087 -0.004719 -0.000983
-0.031120 -0.004719 0.418155 0.090206
-0.004238 -0.000983 0.090206 0.043532
22.317864 -1.635642 45.952179 0.803600
0.545265 0.111041 -0.023418 -0.002661
0.111041 0.046163 -0.003054 -0.000643
-0.023418 -0.003054 0.426355 0.092920
-0.002661 -0.000643 0.092920 0.044112
19.433557 -2.066404 43.185151 0.100277
0.523339 0.106028 -0.017168 -0.001561
0.106028 0.045220 -0.001835 -0.000429
-0.017168 -0.001835 0.440304 0.096445
-0.001561 -0.000429 0.096445 0.044782
17.180486 -2.324798 39.840258 -0.648172
0.496208 0.100547 -0.010774 -0.000517
0.100547 0.044277 -0.000674 -0.000237
-0.010774 -0.000674 0.460930 0.100959
-0.000517 -0.000237 0.100959 0.045595
15.713871 -2.398020 35.328903 -1.561732
0.469966 0.095789 0.001767 0.001819
0.095789 0.043547 0.001660 0.000212
0.001767 0.001660 0.485310 0.105781
0.001819 0.000212 0.105781 0.046413
14.298267 -2.450917 29.702590 -2.608444
0.459915 0.094727 0.021977 0.005667
0.094727 0.043595 0.005378 0.000944
0.021977 0.005378 0.498015 0.107581
0.005667 0.000944 0.107581 0.046528
12.744026 -2.519897 23.970517 -3.555469
0.469328 0.097667 0.031532 0.006915
0.097667 0.044411 0.006624 0.001102
0.031532 0.006624 0.489101 0.104607
0.006915 0.001102 0.104607 0.045650
10.504230 -2.721770 19.938032 -4.033560
0.483236 0.101185 0.024495 0.004593
0.101185 0.045239 0.004423 0.000542
0.024495 0.004423 0.473032 0.100530
0.004593 0.000542 0.100530 0.044669
9.218335 -2.701887 16.215995 -4.395614
0.497824 0.104467 0.008758 0.000757
0.104467 0.045927 0.000726 -0.000254
0.008758 0.000726 0.457767 0.097128
0.000757 -0.000254 0.097128 0.043951
8.470717 -2.574527 13.635122 -4.478391
0.511679 0.107253 -0.012468 -0.003796
0.107253 0.046447 -0.003700 -0.001120
-0.012468 -0.003700 0.446891 0.095020
-0.003796 -0.001120 0.095020 0.043576
8.045513 -2.395226 11.828338 -4.387275
0.525214 0.109682 -0.035644 -0.008302
0.109682 0.046852 -0.008091 -0.001908
-0.035644 -0.008091 0.440893 0.094117
-0.008302 -0.001908 0.094117 0.043473
8.127714 -2.129191 10.500484 -4.201174
0.537896 0.111690 -0.059427 -0.012537
0.111690 0.047143 -0.012214 -0.002596
-0.059427 -0.012214 0.439908 0.094289
-0.012537 -0.002596 0.094289 0.043581
8.424180 -1.845300 9.427285 -3.976186
0.545209 0.112397 -0.084933 -0.016836
0.112397 0.047154 -0.016352 -0.003273
-0.084933 -0.016352 0.447354 0.096150
-0.016836 -0.003273 0.096150 0.044010
9.249279 -1.475872 9.230043 -3.579512
0.541281 0.110747 -0.108908 -0.020592
0.110747 0.046697 -0.019830 -0.003815
-0.108908 -0.019830 0.465978 0.100141
-0.020592 -0.003815 0.100141 0.044834
10.249206 -1.107978 8.688200 -3.295000
0.529751 0.107784 -0.124427 -0.022417
0.107784 0.046037 -0.021350 -0.003965
-0.124427 -0.021350 0.488343 0.104527
-0.022417 -0.003965 0.104527 0.045666
11.559810 -0.702839 8.863834 -2.881178
0.510482 0.103638 -0.129225 -0.022074
0.103638 0.045216 -0.020686 -0.003716
-0.129225 -0.020686 0.511756 0.108790
-0.022074 -0.003716 0.108790 0.046422
12.443627 -0.429236 8.695691 -2.592267
0.492913 0.100304 -0.127394 -0.020570
0.100304 0.044634 -0.018976 -0.003321
-0.127394 -0.018976 0.530110 0.111663
-0.020570 -0.003321 0.111663 0.046850
13.392121 -0.159107 9.151771 -2.203380
0.476973 0.097619 -0.121344 -0.018512
0.097619 0.044217 -0.016788 -0.002902
-0.121344 -0.016788 0.544533 0.113563
-0.018512 -0.002902 0.113563 0.047080
14.108840 0.042513 10.098196 -1.761133
0.465148 0.095966 -0.114015 -0.016499
0.095966 0.044012 -0.014769 -0.002573
-0.114015 -0.014769 0.553886 0.114351
-0.016499 -0.002573 0.114351 0.047101
14.994818 0.264624 11.491108 -1.275160
0.458162 0.095361 -0.106868 -0.014773
0.095361 0.044000 -0.013180 -0.002362
-0.106868 -0.013180 0.557405 0.113990
-0.014773 -0.002362 0.113990 0.046926
15.125267 0.306271 13.336110 -0.764378
0.454991 0.095517 -0.098419 -0.012976
0.095517 0.044114 -0.011633 -0.002170
-0.098419 -0.011633 0.554392 0.112497
-0.012976 -0.002170 0.112497 0.046582
15.874379 0.471395 15.212448 -0.293602
0.456929 0.096629 -0.089738 -0.011283
0.096629 0.044388 -0.010315 -0.002021
-0.089738 -0.010315 0.544037 0.109798
-0.011283 -0.002021 0.109798 0.046058
15.870448 0.448539 16.900216 0.076426
0.460517 0.097917 -0.078423 -0.009220
0.097917 0.044661 -0.008582 -0.001787
-0.078423 -0.008582 0.530048 0.106775
-0.009220 -0.001787 0.106775 0.045544
16.457138 0.556662 19.006445 0.502174
0.466228 0.099447 -0.066861 -0.007270
0.099447 0.044949 -0.006922 -0.001567
-0.066861 -0.006922 0.514489 0.103785
-0.007270 -0.001567 0.103785 0.045086
17.389154 0.722068 21.146681 0.895557
0.471972 0.100788 -0.053642 -0.005127
0.100788 0.045171 -0.004965 -0.001284
-0.053642 -0.004965 0.499727 0.101269
-0.005127 -0.001284 0.101269 0.044755
17.879116 0.762026 22.665773 1.116487
0.476237 0.101642 -0.039680 -0.002979
0.101642 0.045276 -0.002893 -0.000977
-0.039680 -0.002893 0.488258 0.099625
-0.002979 -0.000977 0.099625 0.044607
19.856354 1.110702 24.025424 1.296217
0.479118 0.102080 -0.027081 -0.001221
0.102080 0.045288 -0.001157 -0.000731
-0.027081 -0.001157 0.480468 0.098796
-0.001221 -0.000731 0.098796 0.044601
21.195273 1.279574 24.948408 1.358936
0.478942 0.101799 -0.017265 -0.000096
0.101799 0.045155 -0.000010 -0.000594
-0.017265 -0.000010 0.477672 0.098956
-0.000096 -0.000594 0.098956 0.044760
22.323751 1.387730 26.397326 1.522093
0.477482 0.101267 -0.010822 0.000363
0.101267 0.044990 0.000463 -0.000567
-0.010822 0.000463 0.477460 0.099519
0.000363 -0.000567 0.099519 0.044954
23.521317 1.498859 28.240879 1.750772
0.474559 0.100485 -0.007597 0.000249
0.100485 0.044795 0.000358 -0.000625
-0.007597 0.000358 0.479528 0.100406
0.000249 -0.000625 0.100406 0.045171
24.128286 1.469888 29.545437 1.840544
0.469762 0.099392 -0.008057 -0.000490
0.099392 0.044558 -0.000377 -0.000777
-0.008057 -0.000377 0.484172 0.101668
-0.000490 -0.000777 0.101668 0.045428
25.141433 1.528894 30.527144 1.853915
0.464047 0.098220 -0.010542 -0.001459
0.098220 0.044328 -0.001351 -0.000940
-0.010542 -0.001351 0.490416 0.103091
-0.001459 -0.000940 0.103091 0.045688
25.362072 1.414660 32.300430 2.031152
0.458710 0.097236 -0.015489 -0.002751
0.097236 0.044154 -0.002659 -0.001143
-0.015489 -0.002659 0.497060 0.104428
-0.002751 -0.001143 0.104428 0.045906
26.369806 1.477953 32.833019 1.930145
0.451553 0.095941 -0.020569 -0.003873
0.095941 0.043921 -0.003795 -0.001285
-0.020569 -0.003795 0.506657 0.106245
-0.003873 -0.001285 0.106245 0.046210
27.535472 1.568768 33.665578 1.902942
0.446331 0.095144 -0.027284 -0.005183
0.095144 0.043800 -0.005131 -0.001458
-0.027284 -0.005131 0.515077 0.107644
-0.005183 -0.001458 0.107644 0.046410
28.478511 1.603139 34.838113 1.949231
0.442435 0.094653 -0.035662 -0.006690
0.094653 0.043738 -0.006676 -0.001667
-0.035662 -0.006676 0.523169 0.108865
-0.006690 -0.001667 0.108865 0.046572
29.216702 1.589612 35.849262 1.956649
0.438689 0.094178 -0.044253 -0.008101
0.094178 0.043665 -0.008122 -0.001852
-0.044253 -0.008122 0.532255 0.110216
-0.008101 -0.001852 0.110216 0.046764
29.529908 1.485771 36.855014 1.960651
0.435083 0.093714 -0.051789 -0.009188
0.093714 0.043582 -0.009229 -0.001970
-0.051789 -0.009229 0.541792 0.111586
-0.009188 -0.001970 0.111586 0.046965
30.296603 1.492405 38.151001 2.025546
0.431154 0.093168 -0.056385 -0.009619
0.093168 0.043474 -0.009643 -0.001960
-0.056385 -0.009643 0.551185 0.112871
-0.009619 -0.001960 0.112871 0.047155
31.043304 1.493693 39.370994 2.067856
0.427104 0.092597 -0.057810 -0.009427
0.092597 0.043355 -0.009395 -0.001840
-0.057810 -0.009395 0.559530 0.113915
-0.009427 -0.001840 0.113915 0.047306
31.488289 1.428228 40.476226 2.080405
0.423827 0.092208 -0.055191 -0.008496
0.092208 0.043275 -0.008377 -0.001596
-0.055191 -0.008377 0.564452 0.114277
-0.008496 -0.001596 0.114277 0.047334
31.545213 1.286225 41.802866 2.133747
0.422553 0.092256 -0.048669 -0.006914
0.092256 0.043287 -0.006703 -0.001254
-0.048669 -0.006703 0.563797 0.113599
-0.006914 -0.001254 0.113599 0.047178
32.339215 1.318061 42.686625 2.097942
0.425109 0.093098 -0.039040 -0.004877
0.093098 0.043463 -0.004610 -0.000861
-0.039040 -0.004610 0.555325 0.111522
-0.004877 -0.000861 0.111522 0.046778
32.913981 1.303715 44.347804 2.220419
0.431518 0.094645 -0.029367 -0.003021
0.094645 0.043768 -0.002762 -0.000546
-0.029367 -0.002762 0.541468 0.108626
-0.003021 -0.000546 0.108626 0.046260
33.540187 1.298167 45.471327 2.222943
0.445995 0.097758 -0.021380 -0.001627
0.097758 0.044383 -0.001504 -0.000358
-0.021380 -0.001504 0.518052 0.104097
-0.001627 -0.000358 0.104097 0.045453
34.108829 1.280121 46.493835 2.204540
0.465422 0.101599 -0.017377 -0.001124
0.101599 0.045103 -0.001193 -0.000360
-0.017377 -0.001193 0.492753 0.099554
-0.001124 -0.000360 0.099554 0.044690
35.069862 1.348319 47.279288 2.141276
0.488310 0.105803 -0.017675 -0.001500
0.105803 0.045852 -0.001764 -0.000524
-0.017675 -0.001764 0.468681 0.095561
-0.001500 -0.000524 0.095561 0.044060
35.865395 1.371993 47.713154 2.010193
0.514449 0.110319 -0.023026 -0.002843
0.110319 0.046628 -0.003276 -0.000856
-0.023026 -0.003276 0.446935 0.092235
-0.002843 -0.000856 0.092235 0.043560
