-0.645679 0.703817 3.519348 0.515722
41.463505 16.585761 -56.479068 -22.592117
16.585761 86.638515 -22.592117 -9.037042
-56.479068 -22.592117 80.538224 32.215988
-22.592117 -9.037042 32.215988 92.890741
-0.745982 0.750483 4.840818 1.249090
72.453154 45.831916 -87.357836 -37.568887
45.831916 49.987567 -53.379121 -43.351791
-87.357836 -53.379121 108.259319 48.117875
-37.568887 -43.351791 48.117875 56.786539
1.723493 2.000452 3.701321 0.781497
83.571036 41.821936 -107.730707 -52.136475
41.821936 32.098643 -53.319297 -39.293143
-107.730707 -53.319297 141.622206 69.672180
-52.136475 -39.293143 69.672180 54.439899
3.557000 2.516773 4.336143 1.244167
82.716732 37.345309 -93.198854 -35.884041
37.345309 23.782836 -41.842557 -24.818051
-93.198854 -41.842557 106.995687 41.815294
-35.884041 -24.818051 41.815294 28.678618
7.873777 3.701287 1.803662 0.221495
102.269397 39.658797 -106.436633 -34.903216
39.658797 19.919804 -41.357864 -19.378161
-106.436633 -41.357864 112.357664 37.501235
-34.903216 -19.378161 37.501235 20.610803
11.607466 4.331543 0.029545 -0.325747
24.892027 7.207522 -19.012963 -2.487964
7.207522 5.181427 -5.715649 -4.738657
-19.012963 -5.715649 15.627663 2.788945
-2.487964 -4.738657 2.788945 6.069021
10.773911 3.129569 2.808811 0.882752
16.107921 3.300400 -8.353844 1.079336
3.300400 2.740138 -2.083255 -2.499622
-8.353844 -2.083255 5.209636 0.331873
1.079336 -2.499622 0.331873 4.018064
13.320023 2.453713 4.447475 2.685683
19.550141 4.879986 -9.838844 -0.836379
4.879986 2.530081 -2.947428 -1.973489
-9.838844 -2.947428 5.854234 1.405710
-0.836379 -1.973489 1.405710 2.664371
13.721863 2.803942 5.033625 1.654109
24.595475 5.951267 -11.827530 -1.630393
5.951267 2.217162 -3.272481 -1.425717
-11.827530 -3.272481 6.549011 1.595230
-1.630393 -1.425717 1.595230 1.666574
14.903638 2.573555 6.420137 2.032006
30.196405 6.680999 -13.768255 -1.925316
6.680999 1.958771 -3.358972 -1.042379
-13.768255 -3.358972 7.067955 1.504209
-1.925316 -1.042379 1.504209 1.062354
17.529771 2.946981 6.539057 1.742179
35.828798 7.186178 -15.499581 -2.018524
7.186178 1.759848 -3.345380 -0.793514
-15.499581 -3.345380 7.422481 1.357285
-2.018524 -0.793514 1.357285 0.709748
20.794083 3.373164 6.316502 1.446136
25.942504 4.161017 -8.622604 -0.068288
4.161017 0.891056 -1.556882 -0.264840
-8.622604 -1.556882 3.489626 0.387252
-0.068288 -0.264840 0.387252 0.389386
18.031229 2.530029 9.112260 1.829471
12.968908 1.528429 -2.267732 0.850385
1.528429 0.349250 -0.403940 -0.077291
-2.267732 -0.403940 0.951680 0.140778
0.850385 -0.077291 0.140778 0.328450
18.051824 2.502855 9.684769 1.513005
13.191151 1.679146 -2.470319 0.446215
1.679146 0.350545 -0.435668 -0.077090
-2.470319 -0.435668 0.993969 0.169861
0.446215 -0.077090 0.169861 0.223387
19.399951 2.483421 10.578086 1.581999
13.745139 1.809896 -2.792227 0.153488
1.809896 0.350821 -0.471257 -0.080354
-2.792227 -0.471257 1.071061 0.187524
0.153488 -0.080354 0.187524 0.161776
20.098159 2.382294 11.648295 1.647769
15.194359 1.906059 -2.757128 0.161090
1.906059 0.333757 -0.431235 -0.055226
-2.757128 -0.431235 0.968211 0.156113
0.161090 -0.055226 0.156113 0.125739
21.104612 2.400154 12.256467 1.556135
16.282843 1.921128 -2.481394 0.225890
1.921128 0.309026 -0.363741 -0.031130
-2.481394 -0.363741 0.814651 0.125013
0.225890 -0.031130 0.125013 0.102385
22.651144 2.436710 13.005264 1.566660
15.480931 1.670694 -1.563076 0.383424
1.670694 0.254156 -0.228427 -0.003789
-1.563076 -0.228427 0.567172 0.100640
0.383424 -0.003789 0.100640 0.091472
24.504175 2.517643 13.624140 1.545541
10.787517 1.020905 -0.133031 0.495275
1.020905 0.164732 -0.064734 0.010540
-0.133031 -0.064734 0.392988 0.119467
0.495275 0.010540 0.119467 0.093109
22.380624 2.137681 14.886938 1.559850
6.048181 0.483159 0.683843 0.451249
0.483159 0.103100 0.005366 0.005469
0.683843 0.005366 0.468898 0.170705
0.451249 0.005469 0.170705 0.097184
23.257803 1.985211 16.743953 1.869882
6.376821 0.521456 0.886192 0.440843
0.521456 0.104499 0.025569 0.010173
0.886192 0.025569 0.501544 0.172095
0.440843 0.010173 0.172095 0.087619
23.636980 1.936267 17.563157 1.825771
5.780062 0.443255 1.238033 0.457197
0.443255 0.093741 0.049003 0.012876
1.238033 0.049003 0.643120 0.204438
0.457197 0.012876 0.204438 0.089246
23.802672 1.864486 18.355650 1.785670
4.805162 0.339147 1.469897 0.443735
0.339147 0.082208 0.056679 0.011814
1.469897 0.056679 0.838329 0.241399
0.443735 0.011814 0.241399 0.091641
23.485358 1.773401 18.821801 1.674312
3.851201 0.249197 1.572598 0.410717
0.249197 0.073400 0.051416 0.008938
1.572598 0.051416 1.053331 0.275494
0.410717 0.008938 0.275494 0.093255
24.368518 1.773430 19.655195 1.673398
3.528940 0.225236 1.713509 0.397627
0.225236 0.070694 0.055902 0.009543
1.713509 0.055902 1.260322 0.301022
0.397627 0.009543 0.301022 0.092792
24.819836 1.743269 20.267201 1.626840
2.184485 0.121100 1.365548 0.291238
0.121100 0.062901 0.012037 0.000299
1.365548 0.012037 1.355367 0.303466
0.291238 0.000299 0.303466 0.088849
25.903547 1.754325 21.242593 1.658834
1.325879 0.067433 1.025806 0.203059
0.067433 0.060130 -0.028242 -0.006857
1.025806 -0.028242 1.421787 0.301607
0.203059 -0.006857 0.301607 0.085107
26.962101 1.769059 22.199126 1.681076
0.725618 0.046004 0.611001 0.111157
0.046004 0.060903 -0.069090 -0.013423
0.611001 -0.069090 1.368712 0.278494
0.111157 -0.013423 0.278494 0.078195
28.620729 1.828248 23.803350 1.813180
0.458550 0.050878 0.318697 0.051241
0.050878 0.063599 -0.100133 -0.017570
0.318697 -0.100133 1.366682 0.267017
0.051241 -0.017570 0.267017 0.074250
28.990465 1.773363 24.101788 1.711038
0.356702 0.070281 0.068352 0.004569
0.070281 0.067427 -0.126121 -0.020500
0.068352 -0.126121 1.355891 0.254513
0.004569 -0.020500 0.254513 0.070525
29.651363 1.728545 24.852969 1.695499
0.346078 0.091943 -0.116482 -0.025586
0.091943 0.070556 -0.151672 -0.023052
-0.116482 -0.151672 1.474706 0.265184
-0.025586 -0.023052 0.265184 0.071181
30.143079 1.680113 24.968856 1.570719
0.387207 0.116591 -0.299341 -0.052146
0.116591 0.073457 -0.177660 -0.025508
-0.299341 -0.177660 1.631694 0.280522
-0.052146 -0.025508 0.280522 0.072523
31.455682 1.783016 26.263277 1.660507
0.453793 0.138894 -0.477914 -0.075164
0.138894 0.074860 -0.202870 -0.027747
-0.477914 -0.202870 1.868552 0.307065
-0.075164 -0.027747 0.307065 0.075588
32.302030 1.770733 27.103561 1.661179
0.559941 0.165099 -0.683798 -0.099969
0.165099 0.076851 -0.230749 -0.030309
-0.683798 -0.230749 2.107992 0.330581
-0.099969 -0.030309 0.330581 0.077809
33.517474 1.855843 28.362353 1.740873
0.697081 0.192452 -0.911050 -0.125413
0.192452 0.078659 -0.259820 -0.032949
-0.911050 -0.259820 2.375327 0.355575
-0.125413 -0.032949 0.355575 0.080032
34.297115 1.816501 29.193830 1.728664
0.870674 0.222440 -1.164432 -0.151881
0.222440 0.080777 -0.290745 -0.035694
-1.164432 -0.290745 2.654111 0.379130
-0.151881 -0.035694 0.379130 0.081788
35.166513 1.808106 30.155192 1.742307
1.074593 0.253154 -1.443064 -0.179312
0.253154 0.082719 -0.322610 -0.038450
-1.443064 -0.322610 2.964274 0.404636
-0.179312 -0.038450 0.404636 0.083677
35.972304 1.782106 30.976577 1.729118
1.311302 0.285152 -1.749124 -0.207786
0.285152 0.084696 -0.355590 -0.041208
-1.749124 -0.355590 3.300063 0.430941
-0.207786 -0.041208 0.430941 0.085511
36.601685 1.712785 31.677072 1.687676
1.577167 0.317375 -2.083429 -0.237510
0.317375 0.086492 -0.389172 -0.043936
-2.083429 -0.389172 3.672194 0.459669
-0.237510 -0.043936 0.459669 0.087551
37.010259 1.594532 32.207949 1.609753
1.871812 0.349749 -2.446834 -0.268502
0.349749 0.088151 -0.423236 -0.046619
-2.446834 -0.423236 4.080718 0.490593
-0.268502 -0.046619 0.490593 0.089747
37.621241 1.552186 33.025113 1.599158
2.194398 0.382122 -2.839724 -0.300734
0.382122 0.089690 -0.457624 -0.049240
-2.839724 -0.457624 4.526313 0.523623
-0.300734 -0.049240 0.523623 0.092079
38.147611 1.509541 34.103322 1.625406
2.554279 0.416554 -3.264605 -0.333800
0.416554 0.091552 -0.493426 -0.051826
-3.264605 -0.493426 4.994967 0.556201
-0.333800 -0.051826 0.556201 0.094165
39.009525 1.541132 35.078634 1.658862
2.967835 0.456514 -3.717544 -0.365796
0.456514 0.094387 -0.531671 -0.054285
-3.717544 -0.531671 5.445596 0.582228
-0.365796 -0.054285 0.582228 0.095210
39.956480 1.595461 36.221633 1.721594
3.419931 0.497631 -4.203926 -0.398893
0.497631 0.097196 -0.570627 -0.056700
-4.203926 -0.570627 5.927862 0.609739
-0.398893 -0.056700 0.609739 0.096403
40.582125 1.548923 36.889550 1.677704
3.915557 0.540844 -4.722414 -0.432425
0.540844 0.100166 -0.610552 -0.059042
-4.722414 -0.610552 6.429629 0.636836
-0.432425 -0.059042 0.636836 0.097482
41.316139 1.529949 37.546502 1.645815
4.444988 0.583519 -5.279114 -0.468162
0.583519 0.102792 -0.650616 -0.061405
-5.279114 -0.650616 6.983304 0.668191
-0.468162 -0.061405 0.668191 0.099047
42.189423 1.572329 38.709253 1.708360
4.999896 0.624175 -5.873055 -0.506461
0.624175 0.104887 -0.690024 -0.063777
-5.873055 -0.690024 7.597131 0.704840
-0.506461 -0.063777 0.704840 0.101188
43.012767 1.565455 39.343609 1.676913
5.608074 0.668663 -6.502224 -0.544359
0.668663 0.107488 -0.731578 -0.066087
-6.502224 -0.731578 8.221904 0.738738
-0.544359 -0.066087 0.738738 0.102847
43.730626 1.548784 40.115991 1.660827
6.232449 0.709283 -7.168725 -0.585551
0.709283 0.109312 -0.771419 -0.068415
-7.168725 -0.771419 8.918344 0.779574
-0.585551 -0.068415 0.779574 0.105269
44.389680 1.527278 40.946445 1.650568
6.891120 0.750049 -7.872074 -0.627957
0.750049 0.111077 -0.811688 -0.070719
-7.872074 -0.811688 9.656752 0.822061
-0.627957 -0.070719 0.822061 0.107742
