33.348666 0.575341 49.533198 2.029617
0.571102 0.119207 -0.047088 -0.007927
0.119207 0.048081 -0.008419 -0.001811
-0.047088 -0.008419 0.415966 0.088360
-0.007927 -0.001811 0.088360 0.043005
28.651181 -0.455712 49.501381 1.780782
0.584810 0.120249 -0.046051 -0.007283
0.120249 0.048093 -0.007779 -0.001588
-0.046051 -0.007779 0.409028 0.088156
-0.007283 -0.001588 0.088156 0.043053
24.290598 -1.307326 47.884120 1.210697
0.579050 0.117491 -0.037215 -0.005130
0.117491 0.047406 -0.005628 -0.001090
-0.037215 -0.005628 0.410422 0.089593
-0.005130 -0.001090 0.089593 0.043400
20.983989 -1.850681 46.522469 0.762694
0.558312 0.112228 -0.027852 -0.003165
0.112228 0.046337 -0.003587 -0.000680
-0.027852 -0.003587 0.420362 0.092569
-0.003165 -0.000680 0.092569 0.044008
17.761149 -2.325524 43.711003 0.044897
0.534911 0.107110 -0.020380 -0.001812
0.107110 0.045426 -0.002127 -0.000431
-0.020380 -0.002127 0.433915 0.095875
-0.001812 -0.000431 0.095875 0.044604
16.303692 -2.398263 40.324334 -0.709132
0.505963 0.101453 -0.013133 -0.000632
0.101453 0.044490 -0.000821 -0.000228
-0.013133 -0.000821 0.454135 0.100211
-0.000632 -0.000228 0.100211 0.045367
15.065516 -2.419043 36.078050 -1.563073
0.476372 0.096201 0.000405 0.001865
0.096201 0.043693 0.001671 0.000237
0.000405 0.001671 0.479673 0.105236
0.001865 0.000237 0.105236 0.046229
14.048447 -2.391064 30.221137 -2.664540
0.463273 0.094697 0.022761 0.006131
0.094697 0.043676 0.005756 0.001035
0.022761 0.005756 0.495052 0.107544
0.006131 0.001035 0.107544 0.046451
11.682250 -2.635163 24.694141 -3.566281
0.471607 0.097576 0.033636 0.007578
0.097576 0.044496 0.007182 0.001215
0.033636 0.007182 0.487654 0.104754
0.007578 0.001215 0.104754 0.045596
10.074874 -2.692330 20.520869 -4.075647
0.486770 0.101495 0.027967 0.005439
0.101495 0.045416 0.005188 0.000681
0.027967 0.005188 0.470624 0.100327
0.005439 0.000681 0.100327 0.044527
8.950282 -2.640422 16.284259 -4.543888
0.501295 0.104846 0.013137 0.001679
0.104846 0.046114 0.001599 -0.000109
0.013137 0.001599 0.455339 0.096835
0.001679 -0.000109 0.096835 0.043791
7.417074 -2.683455 13.467102 -4.659479
0.514604 0.107587 -0.008537 -0.003081
0.107587 0.046619 -0.002998 -0.001023
-0.008537 -0.002998 0.444455 0.094676
-0.003081 -0.001023 0.094676 0.043414
7.577126 -2.372111 11.924381 -4.493824
0.530086 0.110477 -0.028590 -0.006999
0.110477 0.047111 -0.006783 -0.001687
-0.028590 -0.006783 0.436010 0.093217
-0.006999 -0.001687 0.093217 0.043202
7.699161 -2.101468 10.927741 -4.225592
0.543476 0.112642 -0.051181 -0.011101
0.112642 0.047420 -0.010756 -0.002354
-0.051181 -0.010756 0.433271 0.093056
-0.011101 -0.002354 0.093056 0.043261
8.463053 -1.725540 9.926137 -3.982280
0.553627 0.113934 -0.074591 -0.015062
0.113934 0.047539 -0.014568 -0.002968
-0.074591 -0.014568 0.436545 0.094106
-0.015062 -0.002968 0.094106 0.043542
9.024859 -1.426391 9.530125 -3.630075
0.550160 0.112326 -0.099437 -0.019133
0.112326 0.047070 -0.018354 -0.003584
-0.099437 -0.018354 0.453109 0.097820
-0.019133 -0.003584 0.097820 0.044344
9.988260 -1.069776 9.540982 -3.221402
0.540012 0.109575 -0.117934 -0.021661
0.109575 0.046435 -0.020571 -0.003878
-0.117934 -0.020571 0.474459 0.102150
-0.021661 -0.003878 0.102150 0.045194
11.301080 -0.675482 9.441761 -2.875258
0.526136 0.106420 -0.128102 -0.022396
0.106420 0.045793 -0.021041 -0.003840
-0.128102 -0.021041 0.495609 0.106038
-0.022396 -0.003840 0.106038 0.045883
11.848920 -0.467938 9.939504 -2.447223
0.508511 0.102893 -0.129407 -0.021433
0.102893 0.045141 -0.019860 -0.003523
-0.129407 -0.019860 0.514882 0.109253
-0.021433 -0.003523 0.109253 0.046402
12.622648 -0.230985 10.588659 -2.032527
0.496276 0.100798 -0.128399 -0.020222
0.100798 0.044822 -0.018589 -0.003251
-0.128399 -0.018589 0.528201 0.110970
-0.020222 -0.003251 0.110970 0.046589
13.606027 0.031496 11.589014 -1.588269
0.487240 0.099535 -0.124370 -0.018633
0.099535 0.044678 -0.017070 -0.002979
-0.124370 -0.017070 0.535706 0.111441
-0.018633 -0.002979 0.111441 0.046543
14.231162 0.189086 12.502692 -1.219854
0.480607 0.098858 -0.116913 -0.016600
0.098858 0.044642 -0.015210 -0.002677
-0.116913 -0.015210 0.537230 0.110799
-0.016600 -0.002677 0.110799 0.046321
15.003861 0.360720 13.507420 -0.872326
0.476389 0.098675 -0.107840 -0.014510
0.098675 0.044683 -0.013348 -0.002407
-0.107840 -0.013348 0.534379 0.109474
-0.014510 -0.002407 0.109474 0.046020
15.514264 0.465146 15.053310 -0.456647
0.473572 0.098729 -0.097068 -0.012329
0.098729 0.044747 -0.011398 -0.002140
-0.097068 -0.011398 0.528520 0.107808
-0.012329 -0.002140 0.107808 0.045709
16.370713 0.623879 16.386861 -0.124844
0.473379 0.099256 -0.084978 -0.010086
0.099256 0.044886 -0.009416 -0.001873
-0.084978 -0.009416 0.518932 0.105652
-0.010086 -0.001873 0.105652 0.045347
16.539147 0.625589 18.394193 0.299051
0.473771 0.099780 -0.071820 -0.007832
0.099780 0.044998 -0.007361 -0.001598
-0.071820 -0.007361 0.508852 0.103679
-0.007832 -0.001598 0.103679 0.045063
17.484190 0.781009 20.008026 0.608980
0.476490 0.100674 -0.058238 -0.005638
0.100674 0.045170 -0.005362 -0.001326
-0.058238 -0.005362 0.497221 0.101601
-0.005638 -0.001326 0.101601 0.044779
19.041260 1.046138 21.668003 0.902468
0.478615 0.101289 -0.044662 -0.003591
0.101289 0.045261 -0.003424 -0.001062
-0.044662 -0.003424 0.487840 0.100165
-0.003591 -0.001062 0.100165 0.044635
20.665082 1.298185 23.843434 1.270673
0.479209 0.101461 -0.031930 -0.001827
0.101461 0.045248 -0.001692 -0.000830
-0.031930 -0.001692 0.481885 0.099514
-0.001827 -0.000830 0.099514 0.044641
21.797355 1.408354 25.377934 1.461654
0.478238 0.101232 -0.021454 -0.000580
0.101232 0.045152 -0.000442 -0.000680
-0.021454 -0.000442 0.479358 0.099549
-0.000580 -0.000680 0.099549 0.044758
22.710299 1.459532 27.161398 1.682783
0.476119 0.100741 -0.014484 -0.000043
0.100741 0.045007 0.000104 -0.000647
-0.014484 0.000104 0.479482 0.100039
-0.000043 -0.000647 0.100039 0.044931
23.762872 1.529727 28.387531 1.764847
0.472308 0.099914 -0.011021 -0.000146
0.099914 0.044806 0.000012 -0.000711
-0.011021 0.000012 0.482324 0.100973
-0.000146 -0.000711 0.100973 0.045161
24.832903 1.596263 29.832132 1.883772
0.467874 0.099016 -0.011084 -0.000833
0.099016 0.044607 -0.000677 -0.000859
-0.011084 -0.000677 0.486593 0.102058
-0.000833 -0.000859 0.102058 0.045387
25.667585 1.605071 31.214037 1.976213
0.462689 0.098027 -0.014485 -0.002027
0.098027 0.044404 -0.001882 -0.001076
-0.014485 -0.001882 0.492482 0.103341
-0.002027 -0.001076 0.103341 0.045629
27.118209 1.742609 32.159614 1.968358
0.456968 0.096997 -0.020060 -0.003457
0.096997 0.044203 -0.003332 -0.001307
-0.020060 -0.003332 0.499943 0.104813
-0.003457 -0.001307 0.104813 0.045890
27.981677 1.742275 33.907308 2.128126
0.452726 0.096343 -0.028696 -0.005312
0.096343 0.044090 -0.005223 -0.001603
-0.028696 -0.005223 0.507138 0.106084
-0.005312 -0.001603 0.106084 0.046091
28.603608 1.689140 35.013873 2.136524
0.447297 0.095451 -0.037960 -0.007077
0.095451 0.043922 -0.007020 -0.001856
-0.037960 -0.007020 0.517237 0.107853
-0.007077 -0.001856 0.107853 0.046389
28.631018 1.514868 36.400675 2.200597
0.442052 0.094631 -0.046236 -0.008456
0.094631 0.043769 -0.008419 -0.002017
-0.046236 -0.008419 0.528128 0.109646
-0.008456 -0.002017 0.109646 0.046679
29.284059 1.494338 38.016099 2.306786
0.435947 0.093653 -0.050641 -0.008925
0.093653 0.043581 -0.008867 -0.001987
-0.050641 -0.008867 0.539691 0.111462
-0.008925 -0.001987 0.111462 0.046970
30.097179 1.508936 39.240753 2.321744
0.430110 0.092771 -0.051575 -0.008676
0.092771 0.043414 -0.008564 -0.001828
-0.051575 -0.008564 0.549974 0.112917
-0.008676 -0.001828 0.112917 0.047186
30.195165 1.367302 40.585359 2.355863
0.425801 0.092247 -0.049522 -0.007885
0.092247 0.043321 -0.007709 -0.001590
-0.049522 -0.007709 0.556762 0.113614
-0.007885 -0.001590 0.113614 0.047257
31.141485 1.425395 41.892254 2.383609
0.424139 0.092296 -0.043360 -0.006367
0.092296 0.043347 -0.006122 -0.001237
-0.043360 -0.006122 0.557264 0.113084
-0.006367 -0.001237 0.113084 0.047103
31.564099 1.362291 43.149847 2.395214
0.426702 0.093203 -0.034849 -0.004533
0.093203 0.043542 -0.004256 -0.000864
-0.034849 -0.004256 0.549943 0.111130
-0.004533 -0.000864 0.111130 0.046700
32.248238 1.362878 44.335688 2.392854
0.434121 0.095019 -0.026036 -0.002803
0.095019 0.043906 -0.002555 -0.000553
-0.026036 -0.002555 0.535602 0.108024
-0.002803 -0.000553 0.108024 0.046117
32.631333 1.294812 45.018928 2.287630
0.446888 0.097767 -0.018927 -0.001551
0.097767 0.044434 -0.001402 -0.000369
-0.018927 -0.001402 0.515687 0.104115
-0.001551 -0.000369 0.104115 0.045423
32.663469 1.160983 46.247694 2.302188
0.461439 0.100595 -0.014175 -0.000865
0.100595 0.044935 -0.000825 -0.000304
-0.014175 -0.000825 0.496385 0.100670
-0.000865 -0.000304 0.100670 0.044865
32.992758 1.104759 46.930773 2.205627
0.479067 0.103811 -0.012299 -0.000787
0.103811 0.045491 -0.000869 -0.000356
-0.012299 -0.000869 0.476635 0.097372
-0.000787 -0.000356 0.097372 0.044351
33.799867 1.158386 47.662664 2.129831
0.497425 0.106902 -0.012613 -0.001129
0.106902 0.045996 -0.001304 -0.000471
-0.012613 -0.001304 0.459147 0.094721
-0.001129 -0.000471 0.094721 0.043969
34.601120 1.205188 48.541694 2.091589
0.518325 0.110300 -0.016246 -0.002090
0.110300 0.046555 -0.002339 -0.000690
-0.016246 -0.002339 0.442564 0.092336
-0.002090 -0.000690 0.092336 0.043620
35.556642 1.279137 49.434669 2.060120
0.542055 0.114054 -0.023697 -0.003737
0.114054 0.047179 -0.004020 -0.001021
-0.023697 -0.004020 0.427356 0.090263
-0.003737 -0.001021 0.090263 0.043305
