0.020297 0.970213 2.845085 0.246011
2.053490 0.821414 -0.226717 -0.090689
0.821414 80.332639 -0.090689 -0.036276
-0.226717 -0.090689 3.101368 1.240574
-0.090689 -0.036276 1.240574 80.500307
1.268234 2.337217 3.219545 0.687276
2.510252 4.454517 -1.437732 -2.389839
4.454517 15.054362 -2.498353 -4.797037
-1.437732 -2.498353 3.555602 6.002662
-2.389839 -4.797037 6.002662 20.269002
1.454466 1.217703 3.678264 0.728239
2.348564 2.607675 -1.354572 -1.323234
2.607675 4.530970 -1.354499 -1.631763
-1.354572 -1.354499 3.129131 3.428300
-1.323234 -1.631763 3.428300 6.162773
3.515608 2.339813 2.458873 -0.483709
1.823843 1.456037 -1.010413 -0.708481
1.456037 1.786502 -0.703895 -0.659241
-1.010413 -0.703895 2.705370 2.176873
-0.708481 -0.659241 2.176873 2.666781
6.650664 3.636429 2.944127 0.085514
1.878326 1.194653 -0.647460 -0.327852
1.194653 1.065299 -0.365758 -0.282560
-0.647460 -0.365758 1.606581 1.011539
-0.327852 -0.282560 1.011539 1.083075
8.586216 3.699923 3.109077 0.156964
1.331092 0.692298 -0.230349 -0.080052
0.692298 0.535339 -0.096957 -0.093110
-0.230349 -0.096957 1.359912 0.741111
-0.080052 -0.093110 0.741111 0.653744
8.903198 3.020755 4.365599 0.690647
1.080023 0.481324 -0.126626 -0.042193
0.481324 0.326614 -0.051336 -0.057318
-0.126626 -0.051336 1.279976 0.605375
-0.042193 -0.057318 0.605375 0.439997
9.714036 2.740371 6.523530 1.439162
0.921846 0.362380 -0.132273 -0.050927
0.362380 0.220221 -0.055839 -0.048507
-0.132273 -0.055839 1.238585 0.512941
-0.050927 -0.048507 0.512941 0.315033
10.395914 2.499116 6.964360 1.338308
0.843985 0.298791 -0.185531 -0.069706
0.298791 0.163456 -0.072044 -0.045209
-0.185531 -0.072044 1.169505 0.429223
-0.069706 -0.045209 0.429223 0.231104
11.084059 2.318646 7.656412 1.347853
0.783196 0.252668 -0.205060 -0.070264
0.252668 0.126863 -0.071590 -0.037161
-0.205060 -0.071590 1.094993 0.360947
-0.070264 -0.037161 0.360947 0.175141
11.472479 2.089431 8.574532 1.423434
0.734311 0.218241 -0.208011 -0.064636
0.218241 0.102420 -0.065458 -0.029443
-0.208011 -0.065458 1.017526 0.305119
-0.064636 -0.029443 0.305119 0.136783
12.156342 1.989747 9.321856 1.434007
0.696896 0.192791 -0.204291 -0.057780
0.192791 0.085868 -0.058312 -0.023251
-0.204291 -0.058312 0.939602 0.259460
-0.057780 -0.023251 0.259460 0.109952
13.137420 1.986072 10.489636 1.549946
0.662748 0.172290 -0.192940 -0.049942
0.172290 0.074053 -0.050319 -0.018174
-0.192940 -0.050319 0.869007 0.223588
-0.049942 -0.018174 0.223588 0.091256
14.627915 2.109942 11.886477 1.701469
0.631848 0.155810 -0.175009 -0.041686
0.155810 0.065554 -0.041964 -0.014010
-0.175009 -0.041964 0.803162 0.194683
-0.041686 -0.014010 0.194683 0.077888
15.013332 1.948937 11.969963 1.522015
0.602183 0.142148 -0.150802 -0.033177
0.142148 0.059308 -0.033366 -0.010535
-0.150802 -0.033366 0.743743 0.171674
-0.033177 -0.010535 0.171674 0.068307
15.236582 1.780448 13.519844 1.694657
0.575889 0.131246 -0.131849 -0.026985
0.131246 0.054789 -0.027109 -0.008141
-0.131849 -0.027109 0.698145 0.154999
-0.026985 -0.008141 0.154999 0.061751
16.111431 1.778224 14.590103 1.742796
0.557237 0.123586 -0.114254 -0.021813
0.123586 0.051747 -0.021935 -0.006330
-0.114254 -0.021935 0.654192 0.140905
-0.021813 -0.006330 0.140905 0.056802
16.839961 1.745334 15.815188 1.816693
0.540826 0.117481 -0.096735 -0.017226
0.117481 0.049540 -0.017334 -0.004886
-0.096735 -0.017334 0.617312 0.130079
-0.017226 -0.004886 0.130079 0.053281
17.357981 1.672909 17.303839 1.935400
0.527427 0.112847 -0.080106 -0.013277
0.112847 0.047993 -0.013375 -0.003750
-0.080106 -0.013375 0.586035 0.121686
-0.013277 -0.003750 0.121686 0.050757
18.046491 1.641755 18.315019 1.943398
0.517357 0.109527 -0.064695 -0.009922
0.109527 0.046956 -0.010020 -0.002860
-0.064695 -0.010020 0.559215 0.115118
-0.009922 -0.002860 0.115118 0.048932
18.423210 1.550996 19.733952 2.032514
0.509011 0.106995 -0.051169 -0.007217
0.106995 0.046235 -0.007309 -0.002185
-0.051169 -0.007309 0.538040 0.110352
-0.007217 -0.002185 0.110352 0.047688
18.954470 1.498687 20.570323 1.994058
0.502741 0.105213 -0.039233 -0.005011
0.105213 0.045770 -0.005100 -0.001665
-0.039233 -0.005100 0.520853 0.106816
-0.005011 -0.001665 0.106816 0.046824
19.436904 1.443451 21.673668 2.014500
0.497463 0.103850 -0.029379 -0.003352
0.103850 0.045453 -0.003432 -0.001289
-0.029379 -0.003432 0.507962 0.104420
-0.003352 -0.001289 0.104420 0.046267
20.074402 1.423892 22.245086 1.924093
0.492966 0.102805 -0.021132 -0.002082
0.102805 0.045238 -0.002150 -0.001007
-0.021132 -0.002150 0.498480 0.102858
-0.002082 -0.001007 0.102858 0.045917
20.226444 1.307486 23.322476 1.945902
0.488975 0.101975 -0.014804 -0.001229
0.101975 0.045090 -0.001284 -0.000816
-0.014804 -0.001284 0.491921 0.101945
-0.001229 -0.000816 0.101945 0.045713
20.646855 1.260532 24.921185 2.075496
0.485403 0.101313 -0.009659 -0.000602
0.101313 0.044987 -0.000645 -0.000669
-0.009659 -0.000645 0.487578 0.101477
-0.000602 -0.000669 0.101477 0.045600
20.666845 1.133000 25.974909 2.077562
0.481207 0.100574 -0.005535 -0.000153
0.100574 0.044871 -0.000183 -0.000553
-0.005535 -0.000183 0.485957 0.101527
-0.000153 -0.000553 0.101527 0.045587
21.048725 1.094784 27.363102 2.150532
0.476849 0.099854 -0.002143 0.000189
0.099854 0.044761 0.000171 -0.000454
-0.002143 0.000171 0.486163 0.101869
0.000189 -0.000454 0.101869 0.045621
21.516959 1.078366 28.750420 2.215989
0.471492 0.098966 0.000150 0.000350
0.098966 0.044615 0.000341 -0.000387
0.000150 0.000341 0.488766 0.102610
0.000350 -0.000387 0.102610 0.045726
22.381790 1.146908 29.756793 2.194682
0.465119 0.097913 0.001133 0.000296
0.097913 0.044434 0.000290 -0.000360
0.001133 0.000290 0.493613 0.103696
0.000296 -0.000360 0.103696 0.045889
22.766299 1.107158 30.265653 2.071194
0.458666 0.096897 -0.000095 -0.000151
0.096897 0.044262 -0.000161 -0.000410
-0.000095 -0.000161 0.499561 0.104874
-0.000151 -0.000410 0.104874 0.046057
23.450972 1.134842 31.561241 2.125607
0.453179 0.096126 -0.002029 -0.000651
0.096126 0.044139 -0.000669 -0.000462
-0.002029 -0.000669 0.505246 0.105870
-0.000651 -0.000462 0.105870 0.046178
24.120315 1.156499 32.733771 2.148484
0.447175 0.095254 -0.005366 -0.001357
0.095254 0.043986 -0.001392 -0.000552
-0.005366 -0.001392 0.512418 0.107085
-0.001357 -0.000552 0.107085 0.046346
25.110940 1.244892 33.274405 2.037215
0.441212 0.094400 -0.009717 -0.002183
0.094400 0.043831 -0.002241 -0.000662
-0.009717 -0.002241 0.520471 0.108387
-0.002183 -0.000662 0.108387 0.046532
26.194344 1.343982 34.606224 2.102159
0.436690 0.093859 -0.015624 -0.003245
0.093859 0.043736 -0.003335 -0.000820
-0.015624 -0.003335 0.527564 0.109399
-0.003245 -0.000820 0.109399 0.046658
26.900034 1.351473 36.024020 2.177882
0.432283 0.093310 -0.022634 -0.004440
0.093310 0.043626 -0.004571 -0.001003
-0.022634 -0.004571 0.535608 0.110559
-0.004440 -0.001003 0.110559 0.046823
27.827655 1.405677 36.803514 2.114624
0.427914 0.092739 -0.028637 -0.005337
0.092739 0.043501 -0.005493 -0.001120
-0.028637 -0.005493 0.544335 0.111805
-0.005337 -0.001120 0.111805 0.047011
28.657730 1.432588 37.489606 2.038998
0.424562 0.092360 -0.034372 -0.006132
0.092360 0.043411 -0.006309 -0.001222
-0.034372 -0.006309 0.552190 0.112820
-0.006132 -0.001222 0.112820 0.047157
28.984474 1.346477 38.182220 1.971334
0.422049 0.092123 -0.039309 -0.006736
0.092123 0.043342 -0.006925 -0.001292
-0.039309 -0.006925 0.559000 0.113604
-0.006736 -0.001292 0.113604 0.047266
29.256957 1.258709 39.197669 1.975819
0.420060 0.091955 -0.042023 -0.006890
0.091955 0.043281 -0.007058 -0.001277
-0.042023 -0.007058 0.564349 0.114108
-0.006890 -0.001277 0.114108 0.047331
29.475065 1.168150 40.159250 1.968614
0.418686 0.091885 -0.041590 -0.006453
0.091885 0.043236 -0.006560 -0.001154
-0.041590 -0.006560 0.567281 0.114175
-0.006453 -0.001154 0.114175 0.047327
29.794303 1.111047 41.392319 2.017216
0.418437 0.092024 -0.038533 -0.005584
0.092024 0.043235 -0.005610 -0.000964
-0.038533 -0.005610 0.566943 0.113678
-0.005584 -0.000964 0.113678 0.047230
30.833990 1.217016 42.236374 1.986873
0.420445 0.092610 -0.032863 -0.004308
0.092610 0.043328 -0.004254 -0.000717
-0.032863 -0.004254 0.561470 0.112290
-0.004308 -0.000717 0.112290 0.046981
31.281453 1.177688 42.514093 1.842823
0.424800 0.093620 -0.026444 -0.003022
0.093620 0.043502 -0.002919 -0.000495
-0.026444 -0.002919 0.551950 0.110285
-0.003022 -0.000495 0.110285 0.046639
32.420188 1.302114 44.082779 1.975157
0.429410 0.094553 -0.020883 -0.002037
0.094553 0.043644 -0.001912 -0.000354
-0.020883 -0.001912 0.542750 0.108558
-0.002037 -0.000354 0.108558 0.046380
32.560979 1.192714 45.703574 2.099939
0.441637 0.097064 -0.014949 -0.001028
0.097064 0.044127 -0.000956 -0.000218
-0.014949 -0.000956 0.522910 0.104860
-0.001028 -0.000218 0.104860 0.045739
32.821492 1.118193 46.491557 2.045808
0.459587 0.100567 -0.011831 -0.000641
0.100567 0.044791 -0.000690 -0.000218
-0.011831 -0.000690 0.498715 0.100568
-0.000641 -0.000218 0.100568 0.045009
33.702049 1.187115 47.218177 1.986513
0.478627 0.103977 -0.010998 -0.000728
0.103977 0.045394 -0.000884 -0.000299
-0.010998 -0.000884 0.477156 0.097093
-0.000728 -0.000299 0.097093 0.044467
34.134096 1.151438 47.862426 1.914229
0.500383 0.107686 -0.013553 -0.001470
0.107686 0.046035 -0.001729 -0.000496
-0.013553 -0.001729 0.456806 0.094017
-0.001470 -0.000496 0.094017 0.043997
35.112817 1.237024 48.727912 1.896068
0.522516 0.111195 -0.018194 -0.002558
0.111195 0.046614 -0.002876 -0.000733
-0.018194 -0.002876 0.439766 0.091706
-0.002558 -0.000733 0.091706 0.043662
