2.296545 1.880732 2.029969 -0.080042
2.470482 0.988214 -0.052654 -0.021062
0.988214 80.399361 -0.021062 -0.008425
-0.052654 -0.021062 2.434012 0.973626
-0.021062 -0.008425 0.973626 80.393525
4.542305 4.162588 1.893507 -0.243001
2.258114 3.947750 -0.053131 -0.082754
3.947750 15.292798 -0.082558 -0.278739
-0.053131 -0.082558 2.264220 3.965584
-0.082754 -0.278739 3.965584 15.231127
5.959794 3.398750 4.102031 2.444589
1.992677 2.303794 -0.042541 -0.046114
2.303794 4.555457 -0.046052 -0.089665
-0.042541 -0.046052 2.011577 2.321066
-0.046114 -0.089665 2.321066 4.549875
6.058095 2.048202 3.926347 1.269064
1.709878 1.441566 -0.030605 -0.024975
1.441566 1.912170 -0.024944 -0.035620
-0.030605 -0.024944 1.719075 1.444657
-0.024975 -0.035620 1.444657 1.905537
9.489521 3.639122 4.859744 1.465776
1.478285 0.976957 -0.026590 -0.017645
0.976957 0.977448 -0.017633 -0.018948
-0.026590 -0.017633 1.484884 0.978361
-0.017645 -0.018948 0.978361 0.974720
9.984660 2.919576 5.524573 1.429186
1.294626 0.703374 -0.019698 -0.010954
0.703374 0.567604 -0.010944 -0.010024
-0.019698 -0.010944 1.303444 0.706269
-0.010954 -0.010024 0.706269 0.567534
11.008868 2.718755 5.126831 0.916956
1.150697 0.531406 -0.015909 -0.007702
0.531406 0.361546 -0.007695 -0.006070
-0.015909 -0.007695 1.159075 0.533906
-0.007702 -0.006070 0.533906 0.361850
10.760487 2.071512 6.388909 1.240125
1.034757 0.416393 -0.013449 -0.005779
0.416393 0.247016 -0.005774 -0.003972
-0.013449 -0.005774 1.043711 0.418968
-0.005779 -0.003972 0.418968 0.247582
11.474136 1.956443 6.685148 1.124727
0.941261 0.336587 -0.011724 -0.004526
0.336587 0.178866 -0.004522 -0.002742
-0.011724 -0.004522 0.948728 0.338439
-0.004526 -0.002742 0.338439 0.179249
11.897094 1.776885 7.977545 1.360134
0.863882 0.278999 -0.010262 -0.003594
0.278999 0.135980 -0.003592 -0.001951
-0.010262 -0.003592 0.870509 0.280488
-0.003594 -0.001951 0.280488 0.136295
12.564803 1.711396 9.378824 1.573054
0.799577 0.236512 -0.008900 -0.002855
0.236512 0.107931 -0.002853 -0.001413
-0.008900 -0.002853 0.805009 0.237590
-0.002855 -0.001413 0.237590 0.108152
13.483211 1.728528 10.479248 1.658964
0.745597 0.204526 -0.007604 -0.002255
0.204526 0.089011 -0.002253 -0.001035
-0.007604 -0.002253 0.749854 0.205265
-0.002255 -0.001035 0.205265 0.089158
14.168869 1.682478 11.881792 1.806151
0.699919 0.180076 -0.006425 -0.001776
0.180076 0.075948 -0.001774 -0.000767
-0.006425 -0.001774 0.703289 0.180596
-0.001776 -0.000767 0.180596 0.076055
14.530833 1.565605 12.882056 1.829870
0.661219 0.161225 -0.005380 -0.001395
0.161225 0.066788 -0.001393 -0.000573
-0.005380 -0.001393 0.663781 0.161569
-0.001395 -0.000573 0.161569 0.066864
14.996503 1.491584 14.230295 1.930831
0.628369 0.146598 -0.004531 -0.001108
0.146598 0.060293 -0.001106 -0.000435
-0.004531 -0.001106 0.630260 0.146815
-0.001108 -0.000435 0.146815 0.060348
14.989543 1.322077 15.283873 1.950689
0.600531 0.135227 -0.003789 -0.000878
0.135227 0.055663 -0.000876 -0.000333
-0.003789 -0.000876 0.601829 0.135342
-0.000878 -0.000333 0.135342 0.055701
15.180953 1.219205 15.836348 1.858162
0.577012 0.126395 -0.003188 -0.000701
0.126395 0.052358 -0.000700 -0.000258
-0.003188 -0.000700 0.577782 0.126428
-0.000701 -0.000258 0.126428 0.052383
15.474223 1.151327 16.611089 1.825066
0.557194 0.119554 -0.002704 -0.000566
0.119554 0.050005 -0.000565 -0.000202
-0.002704 -0.000565 0.557582 0.119537
-0.000566 -0.000202 0.119537 0.050022
16.676414 1.283818 18.150464 1.957543
0.540612 0.114294 -0.002289 -0.000457
0.114294 0.048342 -0.000456 -0.000159
-0.002289 -0.000456 0.540712 0.114247
-0.000457 -0.000159 0.114247 0.048356
17.114651 1.241176 19.064821 1.944049
0.526835 0.110288 -0.001864 -0.000353
0.110288 0.047182 -0.000353 -0.000123
-0.001864 -0.000353 0.526755 0.110230
-0.000353 -0.000123 0.110230 0.047194
17.313137 1.153285 19.426383 1.816998
0.515512 0.107280 -0.001500 -0.000270
0.107280 0.046387 -0.000270 -0.000095
-0.001500 -0.000270 0.515310 0.107219
-0.000270 -0.000095 0.107219 0.046398
17.990889 1.174286 20.573202 1.866458
0.506312 0.105060 -0.001209 -0.000207
0.105060 0.045854 -0.000207 -0.000075
-0.001209 -0.000207 0.506033 0.105002
-0.000207 -0.000075 0.105002 0.045865
18.648554 1.188971 22.225707 2.015631
0.498928 0.103458 -0.000945 -0.000154
0.103458 0.045508 -0.000153 -0.000058
-0.000945 -0.000153 0.498618 0.103406
-0.000154 -0.000058 0.103406 0.045519
18.497542 1.034208 22.628399 1.889962
0.493083 0.102330 -0.000702 -0.000107
0.102330 0.045293 -0.000107 -0.000044
-0.000702 -0.000107 0.492787 0.102292
-0.000107 -0.000044 0.102292 0.045304
19.136450 1.059506 23.201883 1.812714
0.488548 0.101569 -0.000507 -0.000072
0.101569 0.045166 -0.000072 -0.000034
-0.000507 -0.000072 0.488262 0.101538
-0.000072 -0.000034 0.101538 0.045176
19.539443 1.033131 24.784988 1.953766
0.485074 0.101075 -0.000353 -0.000047
0.101075 0.045097 -0.000046 -0.000027
-0.000353 -0.000046 0.484836 0.101057
-0.000047 -0.000027 0.101057 0.045107
20.242727 1.072153 26.273483 2.060671
0.482450 0.100771 -0.000215 -0.000025
0.100771 0.045063 -0.000025 -0.000020
-0.000215 -0.000025 0.482314 0.100776
-0.000025 -0.000020 0.100776 0.045075
20.839780 1.084911 27.008797 1.998887
0.480489 0.100598 -0.000109 -0.000010
0.100598 0.045048 -0.000010 -0.000016
-0.000109 -0.000010 0.480529 0.100637
-0.000010 -0.000016 0.100637 0.045064
21.611387 1.132990 27.922725 1.980943
0.479067 0.100516 -0.000042 -0.000002
0.100516 0.045042 -0.000002 -0.000013
-0.000042 -0.000002 0.479298 0.100588
-0.000002 -0.000013 0.100588 0.045063
22.554038 1.212061 29.013889 2.002113
0.478046 0.100489 -0.000019 -0.000003
0.100489 0.045040 -0.000003 -0.000012
-0.000019 -0.000003 0.478498 0.100598
-0.000003 -0.000012 0.100598 0.045065
23.345149 1.251025 30.174616 2.035728
0.477315 0.100490 -0.000046 -0.000012
0.100490 0.045036 -0.000012 -0.000012
-0.000046 -0.000012 0.478026 0.100642
-0.000012 -0.000012 0.100642 0.045067
23.703227 1.194652 31.204502 2.038265
0.476784 0.100503 -0.000118 -0.000029
0.100503 0.045028 -0.000029 -0.000014
-0.000118 -0.000029 0.477799 0.100704
-0.000029 -0.000014 0.100704 0.045068
24.911522 1.323560 32.511503 2.098980
0.476390 0.100515 -0.000204 -0.000047
0.100515 0.045017 -0.000047 -0.000016
-0.000204 -0.000047 0.477745 0.100770
-0.000047 -0.000016 0.100770 0.045065
25.070268 1.217350 32.690433 1.915262
0.476074 0.100520 -0.000372 -0.000080
0.100520 0.045001 -0.000080 -0.000021
-0.000372 -0.000080 0.477818 0.100836
-0.000080 -0.000021 0.100836 0.045060
26.038207 1.293244 33.571364 1.899075
0.475864 0.100526 -0.000513 -0.000103
0.100526 0.044985 -0.000103 -0.000024
-0.000513 -0.000103 0.477912 0.100884
-0.000103 -0.000024 0.100884 0.045050
26.549308 1.264607 34.597964 1.915340
0.475691 0.100524 -0.000711 -0.000137
0.100524 0.044968 -0.000137 -0.000030
-0.000711 -0.000137 0.478043 0.100923
-0.000137 -0.000030 0.100923 0.045039
27.335099 1.297045 35.461191 1.895410
0.475509 0.100508 -0.000929 -0.000173
0.100508 0.044948 -0.000173 -0.000035
-0.000929 -0.000173 0.478217 0.100958
-0.000173 -0.000035 0.100958 0.045028
28.014028 1.303496 36.722557 1.961623
0.475333 0.100484 -0.001186 -0.000215
0.100484 0.044927 -0.000215 -0.000042
-0.001186 -0.000215 0.478397 0.100985
-0.000215 -0.000042 0.100985 0.045018
28.492510 1.266856 37.610518 1.942008
0.475112 0.100444 -0.001487 -0.000264
0.100444 0.044906 -0.000264 -0.000051
-0.001487 -0.000264 0.478622 0.101015
-0.000264 -0.000051 0.101015 0.045010
29.109481 1.263427 38.935818 2.016765
0.474875 0.100399 -0.001795 -0.000311
0.100399 0.044885 -0.000312 -0.000059
-0.001795 -0.000312 0.478852 0.101041
-0.000311 -0.000059 0.101041 0.045003
30.001477 1.318405 39.646182 1.953943
0.474579 0.100341 -0.002145 -0.000366
0.100341 0.044863 -0.000367 -0.000068
-0.002145 -0.000367 0.479132 0.101075
-0.000366 -0.000068 0.101075 0.044999
31.092499 1.409782 40.938258 2.020496
0.474317 0.100291 -0.002541 -0.000428
0.100291 0.044845 -0.000429 -0.000080
-0.002541 -0.000429 0.479369 0.101098
-0.000428 -0.000080 0.101098 0.044995
31.667797 1.382365 41.899729 2.010176
0.474027 0.100236 -0.003036 -0.000509
0.100236 0.044828 -0.000510 -0.000095
-0.003036 -0.000510 0.479630 0.101125
-0.000509 -0.000095 0.101125 0.044994
32.265238 1.362585 43.036979 2.038003
0.473721 0.100180 -0.003536 -0.000587
0.100180 0.044812 -0.000587 -0.000109
-0.003536 -0.000587 0.479903 0.101155
-0.000587 -0.000109 0.101155 0.044995
32.958976 1.365240 44.114218 2.050280
0.473381 0.100118 -0.004057 -0.000666
0.100118 0.044795 -0.000667 -0.000124
-0.004057 -0.000667 0.480213 0.101193
-0.000666 -0.000124 0.101193 0.044999
33.382960 1.310717 45.536762 2.133882
0.473025 0.100056 -0.004610 -0.000750
0.100056 0.044780 -0.000751 -0.000140
-0.004610 -0.000751 0.480543 0.101236
-0.000750 -0.000140 0.101236 0.045004
33.886753 1.278642 46.585801 2.130029
0.472584 0.099978 -0.005178 -0.000835
0.099978 0.044762 -0.000836 -0.000156
-0.005178 -0.000836 0.480969 0.101298
-0.000835 -0.000156 0.101298 0.045015
34.379782 1.247377 47.151517 2.024807
0.472133 0.099902 -0.005749 -0.000918
0.099902 0.044746 -0.000919 -0.000171
-0.005749 -0.000919 0.481414 0.101363
-0.000918 -0.000171 0.101363 0.045026
35.363208 1.323544 48.202071 2.033089
0.471751 0.099844 -0.006286 -0.000993
0.099844 0.044733 -0.000993 -0.000186
-0.006286 -0.000993 0.481797 0.101413
-0.000993 -0.000186 0.101413 0.045034
35.704751 1.255445 48.829021 1.950854
0.471390 0.099791 -0.006922 -0.001088
0.099791 0.044722 -0.001089 -0.000205
-0.006922 -0.001089 0.482173 0.101462
-0.001088 -0.000205 0.101462 0.045043
