6.020447 3.370325 -0.443918 -1.069618
2.575399 1.030182 -0.261185 -0.104476
1.030182 80.416148 -0.104476 -0.041791
-0.261185 -0.104476 2.388565 0.955447
-0.104476 -0.041791 0.955447 80.386254
5.303115 -0.711850 3.338168 6.455890
2.177641 3.783244 -0.228878 -0.352733
3.783244 15.254116 -0.344035 -1.270916
-0.228878 -0.344035 2.399382 4.207733
-0.352733 -1.270916 4.207733 15.522227
5.286196 -0.340259 2.685168 2.026578
2.018972 2.357037 -0.184299 -0.203470
2.357037 4.688163 -0.202591 -0.415065
-0.184299 -0.202591 2.017862 2.302953
-0.203470 -0.415065 2.302953 4.493939
4.640847 -0.741883 4.742709 2.899491
1.726623 1.463302 -0.174416 -0.145948
1.463302 1.948004 -0.145880 -0.193894
-0.174416 -0.145880 1.736654 1.451650
-0.145948 -0.193894 1.451650 1.908087
6.451503 0.704011 4.328729 1.675356
1.506591 0.999067 -0.147407 -0.097090
0.999067 0.998438 -0.097046 -0.097885
-0.147407 -0.097046 1.484959 0.975030
-0.097090 -0.097885 0.975030 0.972886
7.724971 1.205320 4.226155 1.166499
1.310132 0.712923 -0.123141 -0.066872
0.712923 0.575395 -0.066833 -0.054910
-0.123141 -0.066833 1.310511 0.709015
-0.066872 -0.054910 0.709015 0.570112
8.068847 1.085640 5.834542 1.638382
1.154517 0.533689 -0.103600 -0.047983
0.533689 0.363972 -0.047953 -0.033462
-0.103600 -0.047953 1.173431 0.540094
-0.047983 -0.033462 0.540094 0.365584
9.437313 1.418162 7.229655 1.869109
1.037637 0.418015 -0.086677 -0.035096
0.418015 0.248555 -0.035067 -0.021488
-0.086677 -0.035067 1.055020 0.423175
-0.035096 -0.021488 0.423175 0.249865
9.587907 1.218384 7.338574 1.575006
0.942538 0.337442 -0.070786 -0.025557
0.337442 0.179767 -0.025527 -0.014187
-0.070786 -0.025527 0.957900 0.341465
-0.025557 -0.014187 0.341465 0.180755
10.011019 1.158206 8.160764 1.586244
0.864372 0.279511 -0.060779 -0.019891
0.279511 0.136563 -0.019865 -0.010024
-0.060779 -0.019865 0.878476 0.282876
-0.019891 -0.010024 0.282876 0.137383
10.718776 1.196225 9.367091 1.708076
0.799819 0.236898 -0.052615 -0.015773
0.236898 0.108347 -0.015751 -0.007297
-0.052615 -0.015751 0.811680 0.239420
-0.015773 -0.007297 0.239420 0.108934
11.222900 1.170391 10.386849 1.753433
0.745919 0.204889 -0.045113 -0.012493
0.204889 0.089331 -0.012473 -0.005384
-0.045113 -0.012473 0.755055 0.206576
-0.012493 -0.005384 0.206576 0.089704
11.681604 1.137819 12.021852 1.948062
0.700577 0.180480 -0.038730 -0.009982
0.180480 0.076214 -0.009964 -0.004045
-0.038730 -0.009964 0.707045 0.181472
-0.009982 -0.004045 0.181472 0.076428
12.598915 1.222980 13.633870 2.103330
0.662650 0.161767 -0.032847 -0.007924
0.161767 0.067038 -0.007909 -0.003059
-0.032847 -0.007909 0.665795 0.161996
-0.007924 -0.003059 0.161996 0.067088
13.250738 1.232306 14.381709 2.032578
0.630380 0.147213 -0.027309 -0.006197
0.147213 0.060520 -0.006183 -0.002314
-0.027309 -0.006183 0.630857 0.146923
-0.006197 -0.002314 0.146923 0.060474
13.506148 1.151185 15.803833 2.123713
0.602754 0.135824 -0.022798 -0.004891
0.135824 0.055853 -0.004880 -0.001777
-0.022798 -0.004880 0.601616 0.135300
-0.004891 -0.001777 0.135300 0.055779
13.939104 1.120095 17.189455 2.194513
0.579601 0.127013 -0.018884 -0.003843
0.127013 0.052529 -0.003835 -0.001373
-0.018884 -0.003835 0.576745 0.126239
-0.003843 -0.001373 0.126239 0.052418
14.675955 1.157621 17.593224 2.045842
0.560119 0.120188 -0.015421 -0.002983
0.120188 0.050161 -0.002977 -0.001061
-0.015421 -0.002977 0.555853 0.119238
-0.002983 -0.001061 0.119238 0.050026
15.371648 1.182194 18.409636 2.002239
0.543531 0.114874 -0.012642 -0.002333
0.114874 0.048474 -0.002329 -0.000832
-0.012642 -0.002329 0.538738 0.113934
-0.002333 -0.000832 0.113934 0.048351
16.069035 1.204793 19.969021 2.119276
0.529629 0.110800 -0.010261 -0.001809
0.110800 0.047289 -0.001807 -0.000655
-0.010261 -0.001807 0.524714 0.109932
-0.001809 -0.000655 0.109932 0.047186
16.768165 1.224362 20.168332 1.940075
0.518147 0.107728 -0.008035 -0.001347
0.107728 0.046475 -0.001346 -0.000508
-0.008035 -0.001346 0.513268 0.106942
-0.001347 -0.000508 0.106942 0.046387
17.523109 1.254363 21.838306 2.085623
0.508671 0.105429 -0.006305 -0.001011
0.105429 0.045923 -0.001011 -0.000401
-0.006305 -0.001011 0.504153 0.104771
-0.001011 -0.000401 0.104771 0.045856
18.732066 1.374693 22.579913 2.023362
0.500967 0.103748 -0.004691 -0.000711
0.103748 0.045561 -0.000712 -0.000311
-0.004691 -0.000712 0.496964 0.103227
-0.000711 -0.000311 0.103227 0.045513
19.221424 1.333420 23.051772 1.911042
0.494699 0.102531 -0.003414 -0.000491
0.102531 0.045328 -0.000492 -0.000244
-0.003414 -0.000492 0.491483 0.102181
-0.000491 -0.000244 0.102181 0.045305
19.536468 1.260423 24.070283 1.924038
0.489767 0.101693 -0.002431 -0.000335
0.101693 0.045189 -0.000336 -0.000195
-0.002431 -0.000336 0.487298 0.101486
-0.000335 -0.000195 0.101486 0.045182
19.860692 1.196630 24.604447 1.834663
0.485914 0.101132 -0.001628 -0.000215
0.101132 0.045110 -0.000216 -0.000156
-0.001628 -0.000216 0.484207 0.101057
-0.000215 -0.000156 0.101057 0.045117
20.107497 1.123348 25.922000 1.918318
0.482966 0.100779 -0.001018 -0.000132
0.100779 0.045069 -0.000133 -0.000126
-0.001018 -0.000133 0.481974 0.100814
-0.000132 -0.000126 0.100814 0.045086
20.989010 1.190190 26.102491 1.755131
0.480628 0.100547 -0.000503 -0.000063
0.100547 0.045045 -0.000064 -0.000101
-0.000503 -0.000064 0.480535 0.100724
-0.000063 -0.000101 0.100724 0.045080
21.844392 1.244778 27.327925 1.828186
0.478893 0.100422 -0.000250 -0.000043
0.100422 0.045033 -0.000044 -0.000086
-0.000250 -0.000044 0.479592 0.100711
-0.000043 -0.000086 0.100711 0.045082
22.230291 1.195070 28.597600 1.902976
0.477451 0.100330 -0.000200 -0.000058
0.100330 0.045020 -0.000059 -0.000080
-0.000200 -0.000059 0.479193 0.100779
-0.000058 -0.000080 0.100779 0.045093
23.095472 1.251425 29.380248 1.867409
0.476179 0.100244 -0.000258 -0.000086
0.100244 0.045000 -0.000087 -0.000076
-0.000258 -0.000087 0.479251 0.100907
-0.000086 -0.000076 0.100907 0.045109
23.808917 1.269951 29.965746 1.794030
0.475129 0.100177 -0.000550 -0.000154
0.100177 0.044978 -0.000155 -0.000080
-0.000550 -0.000155 0.479539 0.101046
-0.000154 -0.000080 0.101046 0.045122
24.372606 1.254903 30.847037 1.790720
0.474293 0.100129 -0.001004 -0.000245
0.100129 0.044956 -0.000246 -0.000089
-0.001004 -0.000246 0.479929 0.101172
-0.000245 -0.000089 0.101172 0.045129
25.234912 1.304525 32.034873 1.852378
0.473509 0.100068 -0.001583 -0.000351
0.100068 0.044929 -0.000352 -0.000101
-0.001583 -0.000352 0.480482 0.101306
-0.000351 -0.000101 0.101306 0.045136
25.377026 1.196625 33.102711 1.882231
0.472666 0.099975 -0.002426 -0.000502
0.099975 0.044893 -0.000504 -0.000123
-0.002426 -0.000504 0.481240 0.101459
-0.000502 -0.000123 0.101459 0.045147
26.496773 1.307016 34.255796 1.926962
0.471695 0.099841 -0.003226 -0.000631
0.099841 0.044849 -0.000633 -0.000140
-0.003226 -0.000633 0.482219 0.101637
-0.000631 -0.000140 0.101637 0.045164
27.199956 1.317445 34.767879 1.831874
0.470696 0.099694 -0.004435 -0.000838
0.099694 0.044804 -0.000841 -0.000174
-0.004435 -0.000841 0.483293 0.101816
-0.000838 -0.000174 0.101816 0.045180
27.598551 1.262318 35.693713 1.833871
0.469886 0.099583 -0.005726 -0.001049
0.099583 0.044768 -0.001052 -0.000208
-0.005726 -0.001052 0.484208 0.101946
-0.001049 -0.000208 0.101946 0.045188
27.816632 1.174626 36.411624 1.791793
0.468980 0.099446 -0.007025 -0.001249
0.099446 0.044727 -0.001252 -0.000240
-0.007025 -0.001252 0.485246 0.102094
-0.001249 -0.000240 0.102094 0.045202
28.328977 1.159034 37.782694 1.891648
0.468041 0.099300 -0.008207 -0.001416
0.099300 0.044686 -0.001419 -0.000265
-0.008207 -0.001419 0.486328 0.102244
-0.001416 -0.000265 0.102244 0.045219
29.128491 1.206113 39.175585 1.985755
0.466808 0.099090 -0.009583 -0.001620
0.099090 0.044633 -0.001624 -0.000300
-0.009583 -0.001624 0.487759 0.102462
-0.001620 -0.000300 0.102462 0.045253
30.040382 1.271698 40.150677 1.982341
0.465377 0.098845 -0.011315 -0.001894
0.098845 0.044574 -0.001898 -0.000351
-0.011315 -0.001898 0.489467 0.102728
-0.001894 -0.000351 0.102728 0.045296
30.832434 1.305592 41.693715 2.098261
0.464054 0.098631 -0.013350 -0.002220
0.098631 0.044525 -0.002225 -0.000413
-0.013350 -0.002225 0.491136 0.102972
-0.002220 -0.000413 0.102972 0.045336
31.584375 1.326518 42.630673 2.074911
0.462471 0.098366 -0.015717 -0.002602
0.098366 0.044466 -0.002608 -0.000485
-0.015717 -0.002608 0.493204 0.103292
-0.002602 -0.000485 0.103292 0.045393
31.832233 1.237822 43.532940 2.045888
0.461028 0.098141 -0.018201 -0.002991
0.098141 0.044417 -0.002999 -0.000558
-0.018201 -0.002999 0.495216 0.103585
-0.002991 -0.000558 0.103585 0.045443
32.438475 1.234645 44.326647 1.997955
0.459547 0.097911 -0.020425 -0.003311
0.097911 0.044368 -0.003320 -0.000616
-0.020425 -0.003320 0.497321 0.103890
-0.003311 -0.000616 0.103890 0.045497
33.105420 1.244394 44.975809 1.925061
0.458230 0.097720 -0.022668 -0.003630
0.097720 0.044327 -0.003639 -0.000675
-0.022668 -0.003639 0.499321 0.104164
-0.003630 -0.000675 0.104164 0.045545
34.792052 1.471324 45.780653 1.895099
0.457166 0.097581 -0.024945 -0.003951
0.097581 0.044296 -0.003962 -0.000737
-0.024945 -0.003962 0.501112 0.104390
-0.003951 -0.000737 0.104390 0.045585
35.590299 1.485567 47.009715 1.953901
0.456666 0.097555 -0.028073 -0.004444
0.097555 0.044288 -0.004465 -0.000837
-0.028073 -0.004465 0.502516 0.104535
-0.004444 -0.000837 0.104535 0.045609
36.240937 1.464541 47.605470 1.874309
0.455981 0.097472 -0.031354 -0.004952
0.097472 0.044263 -0.004980 -0.000937
-0.031354 -0.004980 0.504306 0.104769
-0.004952 -0.000937 0.104769 0.045655
