3.526313 2.372650 0.463415 -0.706677
2.470482 0.988214 -0.052654 -0.021062
0.988214 80.399361 -0.021062 -0.008425
-0.052654 -0.021062 2.434012 0.973626
-0.021062 -0.008425 0.973626 80.393525
7.041408 6.447995 0.947194 0.770181
2.249210 3.932181 -0.053502 -0.083443
3.932181 15.265575 -0.083164 -0.279872
-0.053502 -0.083164 2.273279 3.981449
-0.083443 -0.279872 3.981449 15.258911
5.763787 1.244888 4.238252 4.114525
1.984898 2.296199 -0.035337 -0.037758
2.296199 4.546729 -0.037650 -0.079985
-0.035337 -0.037650 2.019006 2.328242
-0.037758 -0.079985 2.328242 4.558086
6.299721 1.171495 3.618201 1.865915
1.710909 1.443330 -0.029300 -0.024486
1.443330 1.913371 -0.024453 -0.035537
-0.029300 -0.024453 1.717955 1.442863
-0.024486 -0.035537 1.442863 1.904326
5.925691 0.537424 3.209449 0.982257
1.478971 0.977540 -0.026497 -0.017854
0.977540 0.977346 -0.017844 -0.019094
-0.026497 -0.017844 1.484189 0.977789
-0.017854 -0.019094 0.977789 0.974822
5.970530 0.415834 3.591895 0.923427
1.296712 0.704440 -0.024849 -0.013842
0.704440 0.567833 -0.013839 -0.011529
-0.024849 -0.013839 1.301690 0.705393
-0.013842 -0.011529 0.705393 0.567401
7.715206 1.125431 3.405702 0.624574
1.152962 0.532290 -0.022530 -0.010624
0.532290 0.361703 -0.010623 -0.007295
-0.022530 -0.010623 1.157224 0.533208
-0.010624 -0.007295 0.533208 0.361769
9.104469 1.457629 6.013535 1.546324
1.036396 0.416866 -0.019494 -0.007960
0.416866 0.247030 -0.007959 -0.004722
-0.019494 -0.007959 1.042427 0.418624
-0.007960 -0.004722 0.418624 0.247611
9.877526 1.473389 7.714513 1.877450
0.942549 0.336875 -0.015753 -0.005686
0.336875 0.178849 -0.005684 -0.003054
-0.015753 -0.005684 0.947650 0.338209
-0.005686 -0.003054 0.338209 0.179280
10.839294 1.546039 8.689327 1.889074
0.865352 0.279325 -0.012734 -0.004141
0.279325 0.136004 -0.004140 -0.002058
-0.012734 -0.004140 0.869144 0.280182
-0.004141 -0.002058 0.280182 0.136274
11.981944 1.655326 9.081358 1.725914
0.800831 0.236750 -0.010400 -0.003095
0.236750 0.107944 -0.003093 -0.001442
-0.010400 -0.003093 0.803805 0.237357
-0.003095 -0.001442 0.237357 0.108139
12.078762 1.454941 11.206340 2.071576
0.746378 0.204624 -0.008605 -0.002372
0.204624 0.088997 -0.002370 -0.001044
-0.008605 -0.002370 0.749103 0.205167
-0.002372 -0.001044 0.205167 0.089172
13.483273 1.629041 11.312209 1.832659
0.700681 0.180176 -0.007111 -0.001832
0.180176 0.075946 -0.001831 -0.000771
-0.007111 -0.001831 0.702541 0.180495
-0.001832 -0.000771 0.180495 0.076057
13.598486 1.458608 11.603045 1.680330
0.661686 0.161257 -0.005915 -0.001435
0.161257 0.066777 -0.001434 -0.000581
-0.005915 -0.001434 0.663323 0.161536
-0.001435 -0.000581 0.161536 0.066875
14.174742 1.422919 12.464365 1.685256
0.628596 0.146585 -0.005059 -0.001163
0.146585 0.060278 -0.001163 -0.000451
-0.005059 -0.001163 0.630043 0.146829
-0.001163 -0.000451 0.146829 0.060364
14.554788 1.348329 13.497027 1.727993
0.600564 0.135183 -0.004326 -0.000946
0.135183 0.055646 -0.000945 -0.000354
-0.004326 -0.000945 0.601807 0.135388
-0.000946 -0.000354 0.135388 0.055718
15.842976 1.482816 14.711433 1.804732
0.576909 0.126335 -0.003694 -0.000770
0.126335 0.052342 -0.000769 -0.000279
-0.003694 -0.000769 0.577895 0.126489
-0.000770 -0.000279 0.126489 0.052399
16.345354 1.431550 15.739064 1.831572
0.556991 0.119485 -0.003073 -0.000610
0.119485 0.049990 -0.000610 -0.000218
-0.003073 -0.000610 0.557791 0.119607
-0.000610 -0.000218 0.119607 0.050038
16.909537 1.399557 17.151329 1.936470
0.540360 0.114227 -0.002543 -0.000482
0.114227 0.048331 -0.000481 -0.000171
-0.002543 -0.000481 0.540968 0.114315
-0.000482 -0.000171 0.114315 0.048368
17.694688 1.417453 18.346925 1.984059
0.526594 0.110233 -0.002069 -0.000374
0.110233 0.047174 -0.000374 -0.000134
-0.002069 -0.000374 0.526999 0.110285
-0.000374 -0.000134 0.110285 0.047202
17.873235 1.307147 19.586938 2.035595
0.515290 0.107236 -0.001652 -0.000285
0.107236 0.046382 -0.000285 -0.000105
-0.001652 -0.000285 0.515534 0.107263
-0.000285 -0.000105 0.107263 0.046403
18.131290 1.225135 21.189733 2.156929
0.506127 0.105030 -0.001300 -0.000214
0.105030 0.045852 -0.000214 -0.000082
-0.001300 -0.000214 0.506219 0.105033
-0.000214 -0.000082 0.105033 0.045867
19.004810 1.279254 22.289988 2.161474
0.498788 0.103439 -0.000989 -0.000154
0.103439 0.045509 -0.000154 -0.000064
-0.000989 -0.000154 0.498759 0.103425
-0.000154 -0.000064 0.103425 0.045519
19.663779 1.283240 23.050584 2.095029
0.492972 0.102319 -0.000731 -0.000108
0.102319 0.045294 -0.000108 -0.000050
-0.000731 -0.000108 0.492898 0.102303
-0.000108 -0.000050 0.102303 0.045303
20.240028 1.269668 24.370817 2.151732
0.488441 0.101558 -0.000529 -0.000074
0.101558 0.045167 -0.000074 -0.000039
-0.000529 -0.000074 0.488370 0.101549
-0.000074 -0.000039 0.101549 0.045176
21.004136 1.296588 25.096802 2.078820
0.484962 0.101063 -0.000368 -0.000050
0.101063 0.045097 -0.000050 -0.000031
-0.000368 -0.000050 0.484949 0.101069
-0.000050 -0.000031 0.101069 0.045108
21.084356 1.177929 26.389388 2.131691
0.482345 0.100761 -0.000258 -0.000035
0.100761 0.045062 -0.000035 -0.000026
-0.000258 -0.000035 0.482420 0.100787
-0.000035 -0.000026 0.100787 0.045076
21.959286 1.237811 27.602601 2.162558
0.480402 0.100591 -0.000170 -0.000024
0.100591 0.045047 -0.000024 -0.000022
-0.000170 -0.000024 0.480617 0.100645
-0.000024 -0.000022 0.100645 0.045065
22.628745 1.248421 28.866313 2.200841
0.478977 0.100507 -0.000133 -0.000022
0.100507 0.045041 -0.000022 -0.000019
-0.000133 -0.000022 0.479389 0.100598
-0.000022 -0.000019 0.100598 0.045064
23.528330 1.306312 30.051965 2.218759
0.477938 0.100475 -0.000139 -0.000028
0.100475 0.045037 -0.000028 -0.000018
-0.000139 -0.000028 0.478606 0.100612
-0.000028 -0.000018 0.100612 0.045068
24.733671 1.422575 31.282569 2.244278
0.477186 0.100472 -0.000200 -0.000043
0.100472 0.045032 -0.000043 -0.000020
-0.000200 -0.000043 0.478156 0.100661
-0.000043 -0.000020 0.100661 0.045071
25.411772 1.415579 32.987700 2.367142
0.476640 0.100481 -0.000339 -0.000072
0.100481 0.045024 -0.000072 -0.000024
-0.000339 -0.000072 0.477945 0.100725
-0.000072 -0.000024 0.100725 0.045072
26.580538 1.512847 33.708326 2.269506
0.476186 0.100481 -0.000528 -0.000108
0.100481 0.045010 -0.000108 -0.000029
-0.000528 -0.000108 0.477952 0.100804
-0.000108 -0.000029 0.100804 0.045072
26.934765 1.427899 34.050977 2.102353
0.475870 0.100487 -0.000781 -0.000154
0.100487 0.044995 -0.000154 -0.000036
-0.000781 -0.000154 0.478026 0.100869
-0.000154 -0.000036 0.100869 0.045067
27.395860 1.374463 34.800080 2.038584
0.475656 0.100494 -0.001009 -0.000191
0.100494 0.044979 -0.000191 -0.000041
-0.001009 -0.000191 0.478126 0.100918
-0.000191 -0.000041 0.100918 0.045057
27.404426 1.231019 35.700580 2.013457
0.475476 0.100492 -0.001240 -0.000226
0.100492 0.044961 -0.000226 -0.000046
-0.001240 -0.000226 0.478265 0.100957
-0.000226 -0.000046 0.100957 0.045046
27.684431 1.160035 36.158422 1.897560
0.475280 0.100473 -0.001440 -0.000253
0.100473 0.044941 -0.000253 -0.000050
-0.001440 -0.000253 0.478455 0.100994
-0.000253 -0.000050 0.100994 0.045036
28.012590 1.106817 37.331789 1.944926
0.475110 0.100451 -0.001623 -0.000276
0.100451 0.044921 -0.000276 -0.000052
-0.001623 -0.000276 0.478629 0.101019
-0.000276 -0.000052 0.101019 0.045024
28.655354 1.125646 37.926465 1.865220
0.474885 0.100412 -0.001828 -0.000304
0.100412 0.044899 -0.000304 -0.000057
-0.001828 -0.000304 0.478857 0.101049
-0.000304 -0.000057 0.101049 0.045016
28.940910 1.067003 38.794352 1.851508
0.474682 0.100374 -0.002065 -0.000338
0.100374 0.044880 -0.000338 -0.000063
-0.002065 -0.000338 0.479054 0.101068
-0.000338 -0.000063 0.101068 0.045008
29.666337 1.107553 39.573650 1.820663
0.474447 0.100328 -0.002304 -0.000372
0.100328 0.044860 -0.000372 -0.000069
-0.002304 -0.000372 0.479271 0.101089
-0.000372 -0.000069 0.101089 0.045002
30.138882 1.090388 40.532640 1.830902
0.474215 0.100283 -0.002595 -0.000417
0.100283 0.044843 -0.000417 -0.000078
-0.002595 -0.000417 0.479475 0.101106
-0.000417 -0.000078 0.101106 0.044997
30.943250 1.145213 41.493742 1.840607
0.473951 0.100231 -0.002911 -0.000466
0.100231 0.044826 -0.000466 -0.000087
-0.002911 -0.000466 0.479706 0.101129
-0.000466 -0.000087 0.101129 0.044996
31.516684 1.145424 42.514834 1.861850
0.473677 0.100180 -0.003297 -0.000527
0.100180 0.044811 -0.000528 -0.000100
-0.003297 -0.000528 0.479942 0.101154
-0.000527 -0.000100 0.101154 0.044996
31.605378 1.042959 43.224395 1.815012
0.473373 0.100124 -0.003716 -0.000594
0.100124 0.044795 -0.000594 -0.000113
-0.003716 -0.000594 0.480210 0.101185
-0.000594 -0.000113 0.101185 0.044998
32.370772 1.094547 44.113505 1.811247
0.473054 0.100067 -0.004080 -0.000646
0.100067 0.044781 -0.000646 -0.000122
-0.004080 -0.000646 0.480493 0.101221
-0.000646 -0.000122 0.101221 0.045003
32.614938 1.030227 44.636282 1.730461
0.472744 0.100014 -0.004507 -0.000711
0.100014 0.044768 -0.000712 -0.000135
-0.004507 -0.000712 0.480775 0.101256
-0.000711 -0.000135 0.101256 0.045008
33.855434 1.183818 45.680800 1.768619
0.472457 0.099969 -0.004890 -0.000765
0.099969 0.044758 -0.000765 -0.000145
-0.004890 -0.000765 0.481037 0.101287
-0.000765 -0.000145 0.101287 0.045013
34.799728 1.258531 46.786509 1.815445
0.472187 0.099928 -0.005427 -0.000851
0.099928 0.044748 -0.000852 -0.000163
-0.005427 -0.000852 0.481296 0.101318
-0.000851 -0.000163 0.101318 0.045018
35.743137 1.325233 47.997754 1.879542
0.471903 0.099884 -0.006060 -0.000954
0.099884 0.044738 -0.000955 -0.000184
-0.006060 -0.000955 0.481584 0.101357
-0.000954 -0.000184 0.101357 0.045025
