32.954440 0.457790 48.667573 1.855597
0.568396 0.118383 -0.041625 -0.006863
0.118383 0.047889 -0.007299 -0.001593
-0.041625 -0.007299 0.416003 0.088618
-0.006863 -0.001593 0.088618 0.043074
29.032799 -0.400098 48.454267 1.591068
0.575761 0.118242 -0.038667 -0.005924
0.118242 0.047686 -0.006353 -0.001323
-0.038667 -0.006353 0.411794 0.088943
-0.005924 -0.001323 0.088943 0.043221
24.979523 -1.191654 47.208158 1.126425
0.566229 0.114926 -0.030664 -0.004072
0.114926 0.046924 -0.004479 -0.000901
-0.030664 -0.004479 0.415745 0.090819
-0.004072 -0.000901 0.090819 0.043641
21.552495 -1.771742 45.551684 0.624434
0.545422 0.109873 -0.022851 -0.002498
0.109873 0.045932 -0.002826 -0.000576
-0.022851 -0.002826 0.426966 0.093923
-0.002498 -0.000576 0.093923 0.044253
18.428274 -2.233882 42.752056 -0.071499
0.520810 0.104683 -0.016587 -0.001416
0.104683 0.045023 -0.001634 -0.000376
-0.016587 -0.001634 0.442791 0.097583
-0.001416 -0.000376 0.097583 0.044911
16.700580 -2.368072 39.429095 -0.796466
0.492503 0.099298 -0.009365 -0.000205
0.099298 0.044150 -0.000332 -0.000158
-0.009365 -0.000332 0.464657 0.102116
-0.000205 -0.000158 0.102116 0.045701
15.385532 -2.405818 34.897616 -1.698682
0.466951 0.094950 0.004806 0.002462
0.094950 0.043531 0.002292 0.000348
0.004806 0.002292 0.489028 0.106714
0.002462 0.000348 0.106714 0.046454
13.382243 -2.577930 29.402991 -2.702779
0.459562 0.094609 0.025216 0.006298
0.094609 0.043730 0.005985 0.001064
0.025216 0.005985 0.499286 0.107810
0.006298 0.001064 0.107810 0.046415
11.449386 -2.711531 23.906779 -3.588329
0.471687 0.098190 0.033844 0.007292
0.098190 0.044664 0.006994 0.001163
0.033844 0.006994 0.487273 0.104101
0.007292 0.001163 0.104101 0.045398
9.752467 -2.777621 19.082493 -4.231435
0.487488 0.102107 0.026094 0.004793
0.102107 0.045548 0.004632 0.000568
0.026094 0.004632 0.469379 0.099661
0.004793 0.000568 0.099661 0.044372
8.797471 -2.682694 15.539964 -4.535233
0.502194 0.105373 0.008298 0.000517
0.105373 0.046204 0.000506 -0.000316
0.008298 0.000506 0.454117 0.096328
0.000517 -0.000316 0.096328 0.043704
7.447345 -2.684028 13.080832 -4.575933
0.516006 0.108103 -0.014093 -0.004244
0.108103 0.046687 -0.004121 -0.001214
-0.014093 -0.004121 0.443796 0.094397
-0.004244 -0.001214 0.094397 0.043392
7.190198 -2.458816 11.447733 -4.437616
0.531835 0.110958 -0.034179 -0.008037
0.110958 0.047159 -0.007805 -0.001841
-0.034179 -0.007805 0.435968 0.093133
-0.008037 -0.001841 0.093133 0.043228
6.990183 -2.245217 10.242280 -4.219763
0.546907 0.113375 -0.054351 -0.011518
0.113375 0.047512 -0.011189 -0.002376
-0.054351 -0.011189 0.432163 0.092771
-0.011518 -0.002376 0.092771 0.043240
6.818962 -2.046127 9.440505 -3.934956
0.560789 0.115336 -0.074271 -0.014696
0.115336 0.047760 -0.014268 -0.002840
-0.074271 -0.014268 0.432037 0.093133
-0.014696 -0.002840 0.093133 0.043374
6.961878 -1.800971 8.808873 -3.639227
0.573127 0.116841 -0.092977 -0.017435
0.116841 0.047919 -0.016904 -0.003217
-0.092977 -0.016904 0.434794 0.093980
-0.017435 -0.003217 0.093980 0.043570
8.173856 -1.357037 8.877387 -3.211761
0.579405 0.117011 -0.114365 -0.020692
0.117011 0.047815 -0.019921 -0.003709
-0.114365 -0.019921 0.445040 0.096255
-0.020692 -0.003709 0.096255 0.044029
9.456400 -0.939794 9.217437 -2.766519
0.566631 0.113411 -0.132078 -0.023202
0.113411 0.046988 -0.021939 -0.004033
-0.132078 -0.021939 0.467569 0.100932
-0.023202 -0.004033 0.100932 0.044957
10.115092 -0.683402 9.967586 -2.286587
0.548404 0.109231 -0.140434 -0.023715
0.109231 0.046155 -0.022052 -0.003983
-0.140434 -0.022052 0.489730 0.105116
-0.023715 -0.003983 0.105116 0.045710
11.219119 -0.356766 10.951883 -1.803371
0.536110 0.106743 -0.143929 -0.023267
0.106743 0.045745 -0.021472 -0.003824
-0.143929 -0.021472 0.504736 0.107398
-0.023267 -0.003824 0.107398 0.046011
12.271894 -0.070331 12.070018 -1.347888
0.525181 0.104856 -0.141085 -0.021688
0.104856 0.045491 -0.019954 -0.003516
-0.141085 -0.019954 0.513202 0.108209
-0.021688 -0.003516 0.108209 0.046018
13.541536 0.230994 13.190476 -0.941363
0.515584 0.103465 -0.133072 -0.019327
0.103465 0.045347 -0.017788 -0.003126
-0.133072 -0.017788 0.515623 0.107839
-0.019327 -0.003126 0.107839 0.045828
13.928859 0.324691 14.686295 -0.519304
0.506061 0.102228 -0.120679 -0.016421
0.102228 0.045231 -0.015111 -0.002683
-0.120679 -0.015111 0.514116 0.106865
-0.016421 -0.002683 0.106865 0.045577
14.803303 0.504252 16.099809 -0.153881
0.500723 0.101910 -0.106697 -0.013494
0.101910 0.045286 -0.012517 -0.002288
-0.106697 -0.012517 0.507444 0.105031
-0.013494 -0.002288 0.105031 0.045201
15.979477 0.722308 17.421529 0.155495
0.496574 0.101794 -0.091072 -0.010543
0.101794 0.045353 -0.009860 -0.001905
-0.091072 -0.009860 0.499133 0.103148
-0.010543 -0.001905 0.103148 0.044872
17.139316 0.910060 18.728682 0.425585
0.492629 0.101637 -0.074683 -0.007718
0.101637 0.045383 -0.007243 -0.001544
-0.074683 -0.007243 0.491399 0.101631
-0.007718 -0.001544 0.101631 0.044659
18.290182 1.074597 20.174821 0.693506
0.489196 0.101491 -0.058694 -0.005193
0.101491 0.045390 -0.004855 -0.001232
-0.058694 -0.004855 0.484970 0.100542
-0.005193 -0.001232 0.100542 0.044549
19.585700 1.258237 22.376323 1.090957
0.486410 0.101380 -0.043833 -0.003046
0.101380 0.045383 -0.002796 -0.000975
-0.043833 -0.002796 0.480085 0.099855
-0.003046 -0.000975 0.099855 0.044520
20.565032 1.345445 24.152944 1.352448
0.483838 0.101218 -0.030373 -0.001270
0.101218 0.045348 -0.001067 -0.000765
-0.030373 -0.001067 0.477075 0.099582
-0.001270 -0.000765 0.099582 0.044564
21.648716 1.439716 25.719930 1.542734
0.480935 0.100896 -0.019868 -0.000135
0.100896 0.045266 0.000052 -0.000653
-0.019868 0.000052 0.476451 0.099770
-0.000135 -0.000653 0.099770 0.044680
22.426895 1.455969 27.083500 1.667513
0.477269 0.100353 -0.012982 0.000292
0.100353 0.045131 0.000481 -0.000649
-0.012982 0.000481 0.478116 0.100361
0.000292 -0.000649 0.100361 0.044853
23.360315 1.501551 28.389287 1.767702
0.472862 0.099635 -0.009351 0.000160
0.099635 0.044960 0.000351 -0.000718
-0.009351 0.000351 0.481541 0.101222
0.000160 -0.000718 0.101222 0.045056
24.158376 1.513776 29.954448 1.911143
0.467828 0.098793 -0.009022 -0.000494
0.098793 0.044769 -0.000309 -0.000855
-0.009022 -0.000309 0.486398 0.102276
-0.000494 -0.000855 0.102276 0.045276
24.832913 1.496556 31.010800 1.932165
0.461728 0.097753 -0.011449 -0.001525
0.097753 0.044542 -0.001353 -0.001032
-0.011449 -0.001353 0.493179 0.103625
-0.001525 -0.001032 0.103625 0.045538
25.396522 1.458068 32.463297 2.033963
0.455769 0.096787 -0.015601 -0.002701
0.096787 0.044340 -0.002555 -0.001206
-0.015601 -0.002555 0.500643 0.104995
-0.002701 -0.001206 0.104995 0.045786
26.491936 1.536361 33.634722 2.066638
0.449196 0.095721 -0.020762 -0.003887
0.095721 0.044120 -0.003772 -0.001360
-0.020762 -0.003772 0.509800 0.106609
-0.003887 -0.001360 0.106609 0.046073
27.428732 1.572882 34.978474 2.131511
0.443353 0.094842 -0.027738 -0.005279
0.094842 0.043942 -0.005206 -0.001544
-0.027738 -0.005206 0.519385 0.108189
-0.005279 -0.001544 0.108189 0.046341
28.264287 1.584026 36.359069 2.196894
0.437800 0.094031 -0.035072 -0.006582
0.094031 0.043776 -0.006549 -0.001701
-0.035072 -0.006549 0.529826 0.109842
-0.006582 -0.001701 0.109842 0.046618
29.062452 1.585964 37.693580 2.245624
0.432500 0.093272 -0.041253 -0.007520
0.093272 0.043616 -0.007511 -0.001779
-0.041253 -0.007511 0.540650 0.111478
-0.007520 -0.001779 0.111478 0.046887
30.022076 1.620913 38.466846 2.174412
0.427745 0.092626 -0.045011 -0.007891
0.092626 0.043476 -0.007878 -0.001746
-0.045011 -0.007878 0.550533 0.112843
-0.007891 -0.001746 0.112843 0.047101
30.651655 1.580391 39.292341 2.120286
0.424157 0.092217 -0.047459 -0.007994
0.092217 0.043382 -0.007969 -0.001680
-0.047459 -0.007969 0.558491 0.113777
-0.007994 -0.001680 0.113777 0.047234
31.002927 1.488323 41.146959 2.279432
0.421633 0.092009 -0.047231 -0.007585
0.092009 0.043324 -0.007524 -0.001529
-0.047231 -0.007524 0.563569 0.114145
-0.007585 -0.001529 0.114145 0.047268
31.657264 1.470887 42.698632 2.362142
0.422562 0.092540 -0.040296 -0.005891
0.092540 0.043425 -0.005747 -0.001135
-0.040296 -0.005747 0.559370 0.112740
-0.005891 -0.001135 0.112740 0.046973
31.999700 1.383532 43.717812 2.327405
0.429161 0.094210 -0.030968 -0.003884
0.094210 0.043756 -0.003711 -0.000727
-0.030968 -0.003711 0.545213 0.109571
-0.003884 -0.000727 0.109571 0.046370
32.503584 1.338599 44.208707 2.191028
0.439507 0.096476 -0.022751 -0.002289
0.096476 0.044182 -0.002149 -0.000448
-0.022751 -0.002149 0.527206 0.105979
-0.002289 -0.000448 0.105979 0.045740
32.600921 1.213546 45.357271 2.199073
0.451179 0.098768 -0.016450 -0.001219
0.098768 0.044576 -0.001137 -0.000297
-0.016450 -0.001137 0.509772 0.102833
-0.001219 -0.000297 0.102833 0.045242
33.230905 1.217792 46.259526 2.159106
0.466279 0.101572 -0.012638 -0.000717
0.101572 0.045059 -0.000732 -0.000267
-0.012638 -0.000732 0.490653 0.099579
-0.000717 -0.000267 0.099579 0.044736
34.028585 1.256726 46.774221 2.044055
0.484693 0.104836 -0.011954 -0.000859
0.104836 0.045620 -0.000990 -0.000359
-0.011954 -0.000990 0.471013 0.096413
-0.000859 -0.000359 0.096413 0.044252
34.980359 1.326321 47.887927 2.063916
0.504816 0.108195 -0.014220 -0.001562
0.108195 0.046180 -0.001788 -0.000544
-0.014220 -0.001788 0.453035 0.093732
-0.001562 -0.000544 0.093732 0.043857
35.609005 1.318712 48.799960 2.038703
0.529757 0.112323 -0.021856 -0.003287
0.112323 0.046889 -0.003591 -0.000914
-0.021856 -0.003591 0.435188 0.091132
-0.003287 -0.000914 0.091132 0.043452
