-3.029427 -0.249703 5.245772 1.206307
41.463505 16.585761 -56.479068 -22.592117
16.585761 86.638515 -22.592117 -9.037042
-56.479068 -22.592117 80.538224 32.215988
-22.592117 -9.037042 32.215988 92.890741
1.902926 8.308292 8.100448 6.619211
55.635511 24.646393 -83.512662 -44.662861
24.646393 32.315221 -34.489436 -38.770400
-83.512662 -34.489436 129.263145 70.800167
-44.662861 -38.770400 70.800167 74.062780
7.912610 4.137159 -4.243654 -2.552186
77.144675 36.199505 -114.457543 -55.024385
36.199505 28.057794 -52.417662 -38.755966
-114.457543 -52.417662 173.119970 83.647140
-55.024385 -38.755966 83.647140 61.063079
3.299355 1.392864 4.521577 1.655171
9.247938 6.033088 -5.469850 -1.941718
6.033088 10.481351 -3.226505 -9.935818
-5.469850 -3.226505 4.524427 1.742204
-1.941718 -9.935818 1.742204 13.808895
6.401975 2.540086 4.764189 1.809576
10.522879 7.916655 -9.104693 -7.852999
7.916655 8.951102 -7.526852 -10.345295
-9.104693 -7.526852 9.406440 8.786253
-7.852999 -10.345295 8.786253 13.634817
8.369906 2.961506 5.004921 1.360132
20.144200 11.853515 -18.182484 -11.999332
11.853515 8.295477 -11.124395 -8.948640
-18.182484 -11.124395 17.760657 12.163875
-11.999332 -8.948640 12.163875 10.543201
8.496122 2.227294 7.387421 2.349782
26.432738 11.779400 -22.018238 -10.611162
11.779400 5.959694 -10.063670 -5.686644
-22.018238 -10.063670 19.446906 9.697900
-10.611162 -5.686644 9.697900 5.977118
9.128934 1.914310 9.702573 2.989596
36.398871 13.751811 -32.162617 -13.114883
13.751811 5.643722 -12.343209 -5.536799
-32.162617 -12.343209 29.464756 12.270285
-13.114883 -5.536799 12.270285 5.783224
7.039086 1.040125 13.195868 3.522916
33.429362 11.101704 -32.488506 -11.666547
11.101704 3.994795 -10.936884 -4.256790
-32.488506 -10.936884 32.606270 11.906457
-11.666547 -4.256790 11.906457 4.779849
5.451483 0.435902 17.012609 4.151682
6.549817 2.019103 -7.735256 -2.581690
2.019103 0.849554 -2.512282 -1.068719
-7.735256 -2.512282 10.353203 3.616021
-2.581690 -1.068719 3.616021 1.557448
7.317194 0.892394 17.144480 3.580734
1.877135 0.545396 -2.605669 -0.801826
0.545396 0.331845 -0.860765 -0.431894
-2.605669 -0.860765 5.216197 1.732121
-0.801826 -0.431894 1.732121 0.786262
6.407254 0.525610 20.268903 3.943165
1.427502 0.416545 -2.349002 -0.686023
0.416545 0.255577 -0.748118 -0.340729
-2.349002 -0.748118 5.809463 1.755514
-0.686023 -0.340729 1.755514 0.688212
7.227658 0.685001 21.322922 3.693805
0.779899 0.223122 -1.310332 -0.356080
0.223122 0.168432 -0.392395 -0.197754
-1.310332 -0.392395 4.728842 1.283227
-0.356080 -0.197754 1.283227 0.471003
9.030150 1.113588 20.379912 2.971822
0.533554 0.157909 -0.816183 -0.216011
0.157909 0.129087 -0.221208 -0.127445
-0.816183 -0.221208 4.476685 1.089701
-0.216011 -0.127445 1.089701 0.364033
10.103670 1.272773 21.064410 2.763727
0.484341 0.148886 -0.780812 -0.201294
0.148886 0.110743 -0.196005 -0.103026
-0.780812 -0.196005 5.293983 1.174601
-0.201294 -0.103026 1.174601 0.342351
10.950230 1.335194 21.902790 2.640477
0.434226 0.134896 -0.663077 -0.166577
0.134896 0.093782 -0.141613 -0.076306
-0.663077 -0.141613 6.002381 1.210077
-0.166577 -0.076306 1.210077 0.313261
11.569928 1.320937 23.331737 2.664282
0.381853 0.119607 -0.402750 -0.107865
0.119607 0.079717 -0.050202 -0.047324
-0.402750 -0.050202 6.348786 1.159830
-0.107865 -0.047324 1.159830 0.272188
13.266221 1.610747 21.025950 1.964767
0.356852 0.114236 0.055889 -0.025050
0.114236 0.071612 0.080245 -0.017441
0.055889 0.080245 5.680374 0.931561
-0.025050 -0.017441 0.931561 0.206658
14.632985 1.785634 22.288854 1.955746
0.352283 0.108150 -0.049426 -0.040969
0.108150 0.063033 0.030224 -0.019840
-0.049426 0.030224 6.422680 1.010471
-0.040969 -0.019840 1.010471 0.208318
16.020643 1.926951 22.221906 1.757101
0.350364 0.104650 0.164687 -0.006458
0.104650 0.057609 0.083669 -0.007241
0.164687 0.083669 6.867453 1.004372
-0.006458 -0.007241 1.004372 0.192856
17.051756 1.945809 22.941647 1.729126
0.357050 0.102919 0.346852 0.019702
0.102919 0.053648 0.119808 0.000981
0.346852 0.119808 7.308302 1.003676
0.019702 0.000981 1.003676 0.181521
18.174945 1.987062 23.469486 1.672273
0.414379 0.114763 0.677911 0.059926
0.114763 0.054214 0.190979 0.011750
0.677911 0.190979 6.219683 0.787420
0.059926 0.011750 0.787420 0.141916
19.040258 1.952954 24.235281 1.672381
0.525445 0.138297 0.843055 0.071869
0.138297 0.057877 0.214465 0.014394
0.843055 0.214465 4.131669 0.477518
0.071869 0.014394 0.477518 0.096675
20.147141 1.983063 25.562000 1.726341
0.644376 0.161443 0.746293 0.050089
0.161443 0.061391 0.176591 0.009082
0.746293 0.176591 2.239949 0.235581
0.050089 0.009082 0.235581 0.066123
20.718017 1.898233 24.947797 1.559698
0.715747 0.172144 0.482994 0.011739
0.172144 0.062115 0.105907 0.000583
0.482994 0.105907 1.075131 0.108197
0.011739 0.000583 0.108197 0.052652
21.659039 1.901608 25.445934 1.518769
0.847098 0.193787 0.392564 -0.005736
0.193787 0.065079 0.079809 -0.002507
0.392564 0.079809 0.713516 0.075721
-0.005736 -0.002507 0.075721 0.050132
22.871364 1.951477 26.604022 1.565893
0.943499 0.205993 0.247359 -0.028831
0.205993 0.065982 0.044791 -0.006539
0.247359 0.044791 0.485699 0.062700
-0.028831 -0.006539 0.062700 0.050188
24.211558 2.020624 27.745322 1.608806
1.005371 0.209905 0.084842 -0.053058
0.209905 0.065266 0.009897 -0.010452
0.084842 0.009897 0.375835 0.065463
-0.053058 -0.010452 0.065463 0.052156
25.120090 2.001352 28.491169 1.602283
1.060958 0.211907 -0.068967 -0.075855
0.211907 0.064323 -0.019417 -0.013712
-0.068967 -0.019417 0.352203 0.078559
-0.075855 -0.013712 0.078559 0.055157
25.937941 1.967032 29.250707 1.600539
1.145015 0.218695 -0.212808 -0.097860
0.218695 0.064412 -0.043352 -0.016499
-0.212808 -0.043352 0.381273 0.096717
-0.097860 -0.016499 0.096717 0.058353
26.710981 1.928303 29.965502 1.585356
1.258874 0.229774 -0.358820 -0.120199
0.229774 0.065286 -0.064755 -0.019099
-0.358820 -0.064755 0.446693 0.117792
-0.120199 -0.019099 0.117792 0.061456
27.155104 1.831176 30.436527 1.510444
1.399657 0.244001 -0.515027 -0.143370
0.244001 0.066627 -0.085336 -0.021649
-0.515027 -0.085336 0.542188 0.140875
-0.143370 -0.021649 0.140875 0.064376
27.999215 1.820677 31.285055 1.533741
1.576314 0.262528 -0.685656 -0.167347
0.262528 0.068577 -0.105997 -0.024192
-0.685656 -0.105997 0.661246 0.164449
-0.167347 -0.024192 0.164449 0.066837
28.468832 1.735595 31.794242 1.462035
1.777503 0.282815 -0.875131 -0.192437
0.282815 0.070620 -0.127412 -0.026774
-0.875131 -0.127412 0.806175 0.189168
-0.192437 -0.026774 0.189168 0.069132
29.250291 1.715473 32.394017 1.427277
2.012417 0.306249 -1.084780 -0.218175
0.306249 0.072988 -0.149873 -0.029359
-1.084780 -0.149873 0.971937 0.213692
-0.218175 -0.029359 0.213692 0.071016
30.263132 1.754071 33.366734 1.495429
2.264520 0.329556 -1.317505 -0.245328
0.329556 0.075096 -0.173387 -0.031986
-1.317505 -0.173387 1.166513 0.240010
-0.245328 -0.031986 0.240010 0.073064
30.974298 1.736521 34.325097 1.538890
2.538667 0.353531 -1.574706 -0.273719
0.353531 0.077112 -0.198050 -0.034628
-1.574706 -0.198050 1.389297 0.267699
-0.273719 -0.034628 0.267699 0.075179
32.047087 1.764572 34.974283 1.520187
2.856378 0.381782 -1.856621 -0.302138
0.381782 0.079637 -0.224390 -0.037228
-1.856621 -0.224390 1.628904 0.293945
-0.302138 -0.037228 0.293945 0.076775
32.654893 1.710277 35.604589 1.477662
3.175177 0.406565 -2.165377 -0.332937
0.406565 0.081392 -0.251085 -0.039837
-2.165377 -0.251085 1.910066 0.324538
-0.332937 -0.039837 0.324538 0.079149
33.187872 1.669910 36.560040 1.508335
3.530854 0.434228 -2.501996 -0.364169
0.434228 0.083453 -0.279360 -0.042409
-2.501996 -0.279360 2.215411 0.354934
-0.364169 -0.042409 0.354934 0.081277
34.103908 1.696133 37.502087 1.552867
3.945586 0.468422 -2.863361 -0.393801
0.468422 0.086357 -0.309841 -0.044871
-2.863361 -0.309841 2.525405 0.381220
-0.393801 -0.044871 0.381220 0.082486
35.147156 1.742624 38.477881 1.605618
4.392549 0.503640 -3.254496 -0.424590
0.503640 0.089177 -0.341491 -0.047320
-3.254496 -0.341491 2.862987 0.408628
-0.424590 -0.047320 0.408628 0.083864
35.698844 1.658354 38.848922 1.498509
4.866063 0.538655 -3.677946 -0.457239
0.538655 0.091740 -0.374027 -0.049777
-3.677946 -0.374027 3.235926 0.438472
-0.457239 -0.049777 0.438472 0.085608
36.043255 1.573542 39.530799 1.454916
5.364675 0.573339 -4.132798 -0.491414
0.573339 0.094072 -0.407220 -0.052208
-4.132798 -0.407220 3.644141 0.470466
-0.491414 -0.052208 0.470466 0.087623
36.783410 1.570700 40.320420 1.464104
5.922790 0.613916 -4.612123 -0.523357
0.613916 0.097104 -0.442516 -0.054505
-4.612123 -0.442516 4.053495 0.498087
-0.523357 -0.054505 0.498087 0.088830
37.538449 1.585466 41.302434 1.510300
6.519095 0.655649 -5.123845 -0.556334
0.655649 0.100080 -0.478820 -0.056784
-5.123845 -0.478820 4.490581 0.526621
-0.556334 -0.056784 0.526621 0.090147
38.427116 1.601802 42.068220 1.518858
7.162606 0.700222 -5.663754 -0.588834
0.700222 0.103258 -0.516391 -0.058987
-5.663754 -0.516391 4.942343 0.553794
-0.588834 -0.058987 0.553794 0.091226
39.292616 1.629096 43.034651 1.562259
7.834822 0.743286 -6.244901 -0.624712
0.743286 0.105992 -0.554364 -0.061267
-6.244901 -0.554364 5.442774 0.585307
-0.624712 -0.061267 0.585307 0.092896
40.148868 1.619190 43.617070 1.528328
8.548909 0.787672 -6.861089 -0.661478
0.787672 0.108729 -0.593362 -0.063529
-6.861089 -0.593362 5.972827 0.617532
-0.661478 -0.063529 0.617532 0.094581
41.412450 1.702615 44.521455 1.587488
9.272726 0.827892 -7.515916 -0.702082
0.827892 0.110766 -0.631467 -0.065826
-7.515916 -0.631467 6.560826 0.655362
-0.702082 -0.065826 0.655362 0.096961
