5.525942 3.172519 1.446179 -0.313563
2.470482 0.988214 -0.052654 -0.021062
0.988214 80.399361 -0.021062 -0.008425
-0.052654 -0.021062 2.434012 0.973626
-0.021062 -0.008425 0.973626 80.393525
6.652508 2.372690 2.139634 1.173546
2.246906 3.928196 -0.044148 -0.067070
3.928196 15.258681 -0.066803 -0.251233
-0.044148 -0.066803 2.274820 3.984190
-0.067070 -0.251233 3.984190 15.263787
4.702093 -1.256316 3.088784 1.588931
1.991018 2.303633 -0.037265 -0.041410
2.303633 4.555333 -0.041363 -0.084302
-0.037265 -0.041363 2.012850 2.320899
-0.041410 -0.084302 2.320899 4.549596
4.782207 -0.659185 2.262923 0.227638
1.712551 1.444238 -0.036132 -0.030286
1.444238 1.913713 -0.030286 -0.039713
-0.036132 -0.030286 1.716817 1.442387
-0.030286 -0.039713 1.442387 1.904285
5.228781 -0.146089 5.008942 1.962194
1.479586 0.977677 -0.033424 -0.021957
0.977677 0.977325 -0.021961 -0.021208
-0.033424 -0.021961 1.484126 0.977982
-0.021957 -0.021208 0.977982 0.975011
7.661369 1.214749 5.323825 1.601425
1.299397 0.705764 -0.026648 -0.014285
0.705764 0.568542 -0.014284 -0.011393
-0.026648 -0.014284 1.299135 0.704100
-0.014285 -0.011393 0.704100 0.566680
8.706771 1.416927 6.166630 1.620864
1.154221 0.532735 -0.020834 -0.009496
0.532735 0.361897 -0.009494 -0.006602
-0.020834 -0.009494 1.155827 0.532673
-0.009496 -0.006602 0.532673 0.361521
8.836920 1.184375 7.218173 1.717695
1.038067 0.417443 -0.016688 -0.006675
0.417443 0.247265 -0.006672 -0.004151
-0.016688 -0.006672 1.040543 0.417951
-0.006675 -0.004151 0.417951 0.247334
9.719067 1.287974 8.615412 1.909879
0.944016 0.337319 -0.013872 -0.004977
0.337319 0.179012 -0.004975 -0.002798
-0.013872 -0.004975 0.946051 0.337717
-0.004977 -0.002798 0.337717 0.179100
11.197235 1.557152 9.967784 2.037983
0.866487 0.279623 -0.011452 -0.003741
0.279623 0.136105 -0.003739 -0.001940
-0.011452 -0.003739 0.867929 0.279859
-0.003741 -0.001940 0.279859 0.136166
11.736674 1.486484 10.793301 1.980854
0.801712 0.236955 -0.009292 -0.002799
0.236955 0.108011 -0.002798 -0.001368
-0.009292 -0.002798 0.802864 0.237137
-0.002799 -0.001368 0.237137 0.108069
12.367248 1.455557 12.438444 2.160220
0.747280 0.204826 -0.007697 -0.002163
0.204826 0.089059 -0.002162 -0.001000
-0.007697 -0.002162 0.748156 0.204955
-0.002163 -0.001000 0.204955 0.089108
12.644941 1.339873 13.092367 2.050730
0.701383 0.180317 -0.006333 -0.001674
0.180317 0.075989 -0.001673 -0.000742
-0.006333 -0.001673 0.701807 0.180348
-0.001674 -0.000742 0.180348 0.076014
13.290906 1.334015 14.443973 2.130196
0.662451 0.161410 -0.005322 -0.001333
0.161410 0.066820 -0.001332 -0.000565
-0.005322 -0.001332 0.662536 0.161380
-0.001333 -0.000565 0.161380 0.066831
13.953356 1.332972 14.982717 2.007504
0.629420 0.146745 -0.004433 -0.001057
0.146745 0.060320 -0.001056 -0.000433
-0.004433 -0.001056 0.629199 0.146666
-0.001057 -0.000433 0.146666 0.060321
14.585036 1.325147 15.450817 1.886970
0.601358 0.135329 -0.003722 -0.000848
0.135329 0.055683 -0.000847 -0.000337
-0.003722 -0.000847 0.600996 0.135239
-0.000848 -0.000337 0.135239 0.055681
15.044515 1.280687 16.958127 2.010413
0.577597 0.126452 -0.003145 -0.000686
0.126452 0.052370 -0.000686 -0.000264
-0.003145 -0.000686 0.577194 0.126370
-0.000686 -0.000264 0.126370 0.052371
14.935639 1.120019 18.361479 2.095793
0.557640 0.119591 -0.002608 -0.000546
0.119591 0.050015 -0.000546 -0.000207
-0.002608 -0.000546 0.557133 0.119500
-0.000546 -0.000207 0.119500 0.050012
16.281235 1.286005 18.647121 1.934702
0.540998 0.114329 -0.002138 -0.000430
0.114329 0.048354 -0.000430 -0.000162
-0.002138 -0.000430 0.540323 0.114212
-0.000430 -0.000162 0.114212 0.048345
16.750512 1.249628 19.199860 1.847899
0.527126 0.110310 -0.001743 -0.000337
0.110310 0.047192 -0.000337 -0.000127
-0.001743 -0.000337 0.526463 0.110207
-0.000337 -0.000127 0.110207 0.047185
17.699406 1.317040 19.940464 1.809760
0.515725 0.107294 -0.001417 -0.000264
0.107294 0.046395 -0.000264 -0.000100
-0.001417 -0.000264 0.515096 0.107205
-0.000264 -0.000100 0.107205 0.046389
18.589172 1.365019 20.930107 1.827366
0.506451 0.105066 -0.001132 -0.000203
0.105066 0.045861 -0.000203 -0.000079
-0.001132 -0.000203 0.505894 0.104996
-0.000203 -0.000079 0.104996 0.045858
18.817975 1.270989 22.418651 1.946576
0.499007 0.103457 -0.000882 -0.000152
0.103457 0.045515 -0.000152 -0.000062
-0.000882 -0.000152 0.498540 0.103407
-0.000152 -0.000062 0.103407 0.045513
18.938404 1.164094 23.137031 1.893628
0.493130 0.102329 -0.000659 -0.000109
0.102329 0.045299 -0.000109 -0.000048
-0.000659 -0.000109 0.492741 0.102294
-0.000109 -0.000048 0.102294 0.045298
19.323598 1.123173 24.135774 1.904418
0.488563 0.101565 -0.000475 -0.000075
0.101565 0.045172 -0.000075 -0.000037
-0.000475 -0.000075 0.488247 0.101542
-0.000075 -0.000037 0.101542 0.045171
19.536132 1.050433 24.812898 1.847065
0.485066 0.101070 -0.000321 -0.000048
0.101070 0.045102 -0.000048 -0.000028
-0.000321 -0.000048 0.484845 0.101062
-0.000048 -0.000028 0.101062 0.045103
19.939522 1.024977 25.393257 1.775359
0.482443 0.100770 -0.000196 -0.000028
0.100770 0.045068 -0.000028 -0.000022
-0.000196 -0.000028 0.482322 0.100777
-0.000028 -0.000022 0.100777 0.045070
20.719180 1.080922 26.740344 1.871574
0.480516 0.100606 -0.000102 -0.000014
0.100606 0.045054 -0.000014 -0.000017
-0.000102 -0.000014 0.480504 0.100629
-0.000014 -0.000017 0.100629 0.045058
21.539433 1.139628 27.569853 1.849272
0.479101 0.100526 -0.000039 -0.000006
0.100526 0.045048 -0.000006 -0.000014
-0.000039 -0.000006 0.479264 0.100579
-0.000006 -0.000014 0.100579 0.045057
21.853297 1.085824 28.372331 1.823591
0.478092 0.100501 -0.000018 -0.000006
0.100501 0.045045 -0.000006 -0.000012
-0.000018 -0.000006 0.478452 0.100586
-0.000006 -0.000012 0.100586 0.045060
22.675172 1.144554 29.507970 1.870715
0.477384 0.100507 -0.000013 -0.000008
0.100507 0.045041 -0.000008 -0.000011
-0.000013 -0.000008 0.477957 0.100626
-0.000008 -0.000011 0.100626 0.045062
23.539306 1.206074 30.596362 1.902965
0.476874 0.100522 -0.000052 -0.000018
0.100522 0.045034 -0.000018 -0.000012
-0.000052 -0.000018 0.477709 0.100684
-0.000018 -0.000012 0.100684 0.045062
24.440261 1.268928 31.789318 1.953895
0.476499 0.100538 -0.000137 -0.000036
0.100538 0.045023 -0.000036 -0.000014
-0.000137 -0.000036 0.477635 0.100748
-0.000036 -0.000014 0.100748 0.045059
25.293426 1.315107 32.505191 1.898796
0.476204 0.100545 -0.000275 -0.000062
0.100545 0.045007 -0.000062 -0.000018
-0.000275 -0.000062 0.477688 0.100811
-0.000062 -0.000018 0.100811 0.045054
25.264972 1.170194 33.558773 1.920788
0.475984 0.100548 -0.000452 -0.000095
0.100548 0.044990 -0.000095 -0.000023
-0.000452 -0.000095 0.477791 0.100863
-0.000095 -0.000023 0.100863 0.045046
26.139245 1.231305 34.812581 1.982741
0.475765 0.100535 -0.000605 -0.000119
0.100535 0.044970 -0.000119 -0.000026
-0.000605 -0.000119 0.477967 0.100912
-0.000119 -0.000026 0.100912 0.045037
26.779208 1.236441 35.747480 1.970820
0.475534 0.100508 -0.000819 -0.000155
0.100508 0.044947 -0.000155 -0.000032
-0.000819 -0.000155 0.478191 0.100958
-0.000155 -0.000032 0.100958 0.045028
27.760646 1.313243 37.091213 2.046484
0.475304 0.100473 -0.001062 -0.000195
0.100473 0.044925 -0.000195 -0.000038
-0.001062 -0.000195 0.478426 0.100995
-0.000195 -0.000038 0.100995 0.045020
28.139672 1.254597 38.544908 2.137309
0.475038 0.100427 -0.001384 -0.000249
0.100427 0.044902 -0.000249 -0.000048
-0.001384 -0.000249 0.478695 0.101032
-0.000249 -0.000048 0.101032 0.045013
29.160530 1.337745 39.143684 2.038211
0.474700 0.100362 -0.001720 -0.000303
0.100362 0.044878 -0.000303 -0.000057
-0.001720 -0.000303 0.479029 0.101079
-0.000303 -0.000057 0.101079 0.045010
29.948588 1.362854 39.620103 1.923753
0.474421 0.100311 -0.002110 -0.000365
0.100311 0.044858 -0.000366 -0.000068
-0.002110 -0.000366 0.479293 0.101105
-0.000365 -0.000068 0.101105 0.045004
30.898000 1.419565 40.783217 1.966249
0.474196 0.100272 -0.002511 -0.000428
0.100272 0.044843 -0.000428 -0.000079
-0.002511 -0.000428 0.479492 0.101117
-0.000428 -0.000079 0.101117 0.044998
31.868968 1.474931 42.261266 2.070661
0.473944 0.100226 -0.002985 -0.000503
0.100226 0.044827 -0.000503 -0.000093
-0.002985 -0.000503 0.479713 0.101135
-0.000503 -0.000093 0.101135 0.044995
32.255339 1.400638 43.175140 2.044948
0.473629 0.100168 -0.003551 -0.000594
0.100168 0.044810 -0.000595 -0.000110
-0.003551 -0.000595 0.479998 0.101168
-0.000594 -0.000110 0.101168 0.044996
32.983228 1.406460 44.174074 2.039998
0.473296 0.100108 -0.004081 -0.000674
0.100108 0.044794 -0.000675 -0.000125
-0.004081 -0.000675 0.480301 0.101204
-0.000674 -0.000125 0.101204 0.045000
33.960549 1.464283 44.852583 1.968188
0.472959 0.100049 -0.004640 -0.000758
0.100049 0.044779 -0.000758 -0.000140
-0.004640 -0.000758 0.480613 0.101243
-0.000758 -0.000140 0.101243 0.045005
34.400702 1.402482 45.792357 1.958696
0.472687 0.100007 -0.005243 -0.000848
0.100007 0.044769 -0.000849 -0.000158
-0.005243 -0.000849 0.480865 0.101269
-0.000848 -0.000158 0.101269 0.045008
35.140204 1.410325 46.365527 1.873198
0.472387 0.099959 -0.005822 -0.000932
0.099959 0.044757 -0.000933 -0.000173
-0.005822 -0.000933 0.481155 0.101305
-0.000932 -0.000173 0.101305 0.045014
36.109285 1.466046 47.107909 1.832501
0.472145 0.099924 -0.006405 -0.001015
0.099924 0.044749 -0.001016 -0.000189
-0.006405 -0.001016 0.481393 0.101331
-0.001015 -0.000189 0.101331 0.045019
36.415168 1.375428 47.772081 1.779110
0.471947 0.099898 -0.007046 -0.001109
0.099898 0.044743 -0.001110 -0.000208
-0.007046 -0.001110 0.481598 0.101351
-0.001109 -0.000208 0.101351 0.045023
