4.079753 2.594031 0.916061 -0.525615
2.575399 1.030182 -0.261185 -0.104476
1.030182 80.416148 -0.104476 -0.041791
-0.261185 -0.104476 2.388565 0.955447
-0.104476 -0.041791 0.955447 80.386254
5.661973 3.128915 2.369075 2.493505
2.227442 3.869434 -0.248791 -0.386571
3.869434 15.403251 -0.379780 -1.331734
-0.248791 -0.379780 2.350445 4.121359
-0.386571 -1.331734 4.121359 15.369806
7.999931 4.007429 0.709172 -0.831179
1.979644 2.302864 -0.190952 -0.208218
2.302864 4.624952 -0.206784 -0.420048
-0.190952 -0.206784 2.060975 2.359269
-0.208218 -0.420048 2.359269 4.558912
8.668278 2.875190 1.035225 -0.212744
1.659284 1.408345 -0.155096 -0.128848
1.408345 1.906879 -0.128229 -0.180350
-0.155096 -0.128229 1.802721 1.504319
-0.128848 -0.180350 1.504319 1.947304
7.085062 0.861687 2.493874 0.813329
1.429458 0.952915 -0.130891 -0.087232
0.952915 0.971856 -0.086954 -0.092775
-0.130891 -0.086954 1.562120 1.020699
-0.087232 -0.092775 1.020699 0.999285
7.596007 0.905414 3.432066 1.098608
1.269448 0.696230 -0.120840 -0.066877
0.696230 0.568885 -0.066785 -0.055870
-0.120840 -0.066785 1.353594 0.727003
-0.066877 -0.055870 0.727003 0.577525
6.475062 0.172683 3.645369 0.947097
1.136171 0.529157 -0.105735 -0.049756
0.529157 0.363015 -0.049679 -0.034715
-0.105735 -0.049679 1.194276 0.545786
-0.049756 -0.034715 0.545786 0.367168
7.775199 0.664137 5.778829 1.607686
1.029651 0.417321 -0.097854 -0.039996
0.417321 0.248615 -0.039960 -0.023639
-0.097854 -0.039960 1.067767 0.425776
-0.039996 -0.023639 0.425776 0.250611
9.261289 1.079082 7.867784 2.062990
0.940471 0.338222 -0.083150 -0.030010
0.338222 0.180014 -0.029956 -0.015785
-0.083150 -0.029956 0.964306 0.342160
-0.030010 -0.015785 0.342160 0.181035
10.220341 1.215127 8.597395 1.966011
0.865292 0.280660 -0.067702 -0.021942
0.280660 0.136745 -0.021877 -0.010623
-0.067702 -0.021877 0.879697 0.282309
-0.021942 -0.010623 0.282309 0.137377
10.877495 1.229778 9.182943 1.849025
0.801100 0.237696 -0.055913 -0.016522
0.237696 0.108339 -0.016462 -0.007456
-0.055913 -0.016462 0.811313 0.238796
-0.016522 -0.007456 0.238796 0.108984
12.355416 1.466986 9.896409 1.791386
0.746648 0.205248 -0.047037 -0.012822
0.205248 0.089186 -0.012772 -0.005433
-0.047037 -0.012772 0.754806 0.206277
-0.012822 -0.005433 0.206277 0.089864
12.897777 1.417901 11.359597 1.936964
0.699782 0.180288 -0.039223 -0.009948
0.180288 0.075945 -0.009906 -0.004012
-0.039223 -0.009906 0.707971 0.181647
-0.009948 -0.004012 0.181647 0.076696
13.771095 1.458189 12.804718 2.053001
0.660834 0.161274 -0.032665 -0.007765
0.161274 0.066733 -0.007731 -0.003011
-0.032665 -0.007731 0.667599 0.162453
-0.007765 -0.003011 0.162453 0.067390
14.787423 1.525467 14.340957 2.171874
0.628011 0.146594 -0.026930 -0.006034
0.146594 0.060226 -0.006008 -0.002278
-0.026930 -0.006008 0.633176 0.147512
-0.006034 -0.002278 0.147512 0.060768
15.337163 1.477372 15.198371 2.120358
0.600281 0.135209 -0.021863 -0.004639
0.135209 0.055598 -0.004618 -0.001729
-0.021863 -0.004618 0.603955 0.135876
-0.004639 -0.001729 0.135876 0.056034
15.362805 1.321629 17.122237 2.309104
0.576843 0.126369 -0.017830 -0.003602
0.126369 0.052298 -0.003587 -0.001333
-0.017830 -0.003587 0.579363 0.126852
-0.003602 -0.001333 0.126852 0.052650
15.888778 1.292642 18.182341 2.288764
0.557526 0.119618 -0.014353 -0.002769
0.119618 0.049972 -0.002758 -0.001032
-0.014353 -0.002758 0.558314 0.119784
-0.002769 -0.001032 0.119784 0.050218
16.428940 1.270339 19.564207 2.338929
0.541297 0.114413 -0.011466 -0.002119
0.114413 0.048326 -0.002111 -0.000803
-0.011466 -0.002111 0.540846 0.114376
-0.002119 -0.000803 0.114376 0.048501
16.815226 1.218085 20.425499 2.274236
0.527782 0.110442 -0.008968 -0.001589
0.110442 0.047178 -0.001584 -0.000625
-0.008968 -0.001584 0.526446 0.110276
-0.001589 -0.000625 0.110276 0.047300
17.972720 1.331896 21.046162 2.166935
0.516608 0.107448 -0.006931 -0.001182
0.107448 0.046389 -0.001179 -0.000490
-0.006931 -0.001179 0.514725 0.107215
-0.001182 -0.000490 0.107215 0.046476
18.596195 1.323116 22.189515 2.179357
0.507322 0.105196 -0.005289 -0.000873
0.105196 0.045854 -0.000871 -0.000387
-0.005289 -0.000871 0.505443 0.105002
-0.000873 -0.000387 0.105002 0.045930
19.085679 1.287566 23.557095 2.236994
0.499785 0.103554 -0.003918 -0.000627
0.103554 0.045504 -0.000626 -0.000305
-0.003918 -0.000626 0.498111 0.103423
-0.000627 -0.000305 0.103423 0.045574
19.882331 1.319281 24.727554 2.247837
0.493709 0.102378 -0.002765 -0.000430
0.102378 0.045283 -0.000429 -0.000240
-0.002765 -0.000429 0.492454 0.102338
-0.000430 -0.000240 0.102338 0.045353
20.159493 1.239719 25.345942 2.142520
0.488815 0.101546 -0.001880 -0.000289
0.101546 0.045147 -0.000288 -0.000191
-0.001880 -0.000288 0.488243 0.101638
-0.000289 -0.000191 0.101638 0.045227
20.432786 1.167552 26.419791 2.143015
0.485000 0.100993 -0.001210 -0.000189
0.100993 0.045071 -0.000189 -0.000154
-0.001210 -0.000189 0.485122 0.101202
-0.000189 -0.000154 0.101202 0.045158
20.924531 1.148316 27.102082 2.061636
0.481977 0.100624 -0.000688 -0.000116
0.100624 0.045028 -0.000116 -0.000124
-0.000688 -0.000116 0.482970 0.100975
-0.000116 -0.000124 0.100975 0.045128
22.026603 1.258815 27.973436 2.028225
0.479629 0.100391 -0.000357 -0.000077
0.100391 0.045005 -0.000077 -0.000102
-0.000357 -0.000077 0.481547 0.100885
-0.000077 -0.000102 0.100885 0.045121
22.680297 1.263926 28.696023 1.967039
0.477759 0.100240 -0.000334 -0.000096
0.100240 0.044990 -0.000096 -0.000094
-0.000334 -0.000096 0.480744 0.100899
-0.000096 -0.000094 0.100899 0.045126
23.054301 1.209677 29.806954 1.993839
0.476295 0.100148 -0.000488 -0.000141
0.100148 0.044978 -0.000141 -0.000092
-0.000488 -0.000141 0.480374 0.100967
-0.000141 -0.000092 0.100967 0.045135
23.510673 1.178436 30.390260 1.906821
0.475010 0.100063 -0.000741 -0.000196
0.100063 0.044959 -0.000197 -0.000092
-0.000741 -0.000197 0.480451 0.101094
-0.000196 -0.000092 0.101094 0.045150
24.077352 1.173680 31.348338 1.907806
0.473986 0.100005 -0.001090 -0.000262
0.100005 0.044941 -0.000262 -0.000094
-0.001090 -0.000262 0.480719 0.101224
-0.000262 -0.000094 0.101224 0.045161
24.949393 1.233936 32.204521 1.887211
0.473032 0.099935 -0.001588 -0.000350
0.099935 0.044914 -0.000351 -0.000102
-0.001588 -0.000351 0.481239 0.101375
-0.000350 -0.000102 0.101375 0.045173
25.001080 1.114383 33.156139 1.888887
0.472170 0.099861 -0.002339 -0.000483
0.099861 0.044885 -0.000484 -0.000120
-0.002339 -0.000484 0.481887 0.101523
-0.000483 -0.000120 0.101523 0.045182
25.188310 1.036064 34.068531 1.882099
0.471231 0.099752 -0.003007 -0.000587
0.099752 0.044846 -0.000588 -0.000132
-0.003007 -0.000588 0.482757 0.101694
-0.000587 -0.000132 0.101694 0.045196
25.977031 1.093408 35.001266 1.880400
0.470226 0.099616 -0.003657 -0.000680
0.099616 0.044803 -0.000682 -0.000142
-0.003657 -0.000682 0.483784 0.101876
-0.000680 -0.000142 0.101876 0.045212
27.207421 1.238342 35.917325 1.875517
0.469215 0.099472 -0.004583 -0.000828
0.099472 0.044758 -0.000830 -0.000165
-0.004583 -0.000830 0.484880 0.102054
-0.000828 -0.000165 0.102054 0.045229
27.830402 1.239188 36.947709 1.895002
0.468287 0.099340 -0.005983 -0.001068
0.099340 0.044717 -0.001071 -0.000208
-0.005983 -0.001071 0.485941 0.102209
-0.001068 -0.000208 0.102209 0.045242
28.637958 1.279056 37.839501 1.883397
0.467267 0.099183 -0.007521 -0.001322
0.099183 0.044672 -0.001326 -0.000253
-0.007521 -0.001326 0.487138 0.102384
-0.001322 -0.000253 0.102384 0.045261
29.756619 1.380518 38.361874 1.795683
0.466279 0.099032 -0.009264 -0.001605
0.099032 0.044630 -0.001611 -0.000304
-0.009264 -0.001611 0.488342 0.102551
-0.001605 -0.000304 0.102551 0.045281
30.280849 1.345064 39.080708 1.757966
0.465606 0.098946 -0.011289 -0.001932
0.098946 0.044604 -0.001941 -0.000363
-0.011289 -0.001941 0.489254 0.102651
-0.001932 -0.000363 0.102651 0.045289
31.222123 1.401872 39.669002 1.697336
0.464930 0.098853 -0.013258 -0.002233
0.098853 0.044575 -0.002244 -0.000417
-0.013258 -0.002244 0.490199 0.102760
-0.002233 -0.000417 0.102760 0.045302
31.690162 1.352376 40.556895 1.705219
0.464458 0.098799 -0.015405 -0.002559
0.098799 0.044556 -0.002574 -0.000476
-0.015405 -0.002574 0.490975 0.102836
-0.002559 -0.000476 0.102836 0.045310
32.334383 1.346553 41.981430 1.824896
0.463830 0.098703 -0.017503 -0.002866
0.098703 0.044527 -0.002882 -0.000531
-0.017503 -0.002882 0.491963 0.102962
-0.002866 -0.000531 0.102962 0.045332
32.841686 1.312571 43.571895 1.966405
0.462825 0.098524 -0.019835 -0.003215
0.098524 0.044481 -0.003231 -0.000597
-0.019835 -0.003231 0.493468 0.103196
-0.003215 -0.000597 0.103196 0.045377
33.400871 1.291989 44.601722 1.975925
0.461349 0.098251 -0.022320 -0.003588
0.098251 0.044417 -0.003603 -0.000668
-0.022320 -0.003603 0.495617 0.103555
-0.003588 -0.000668 0.103555 0.045448
34.339426 1.354139 45.502200 1.958435
0.459859 0.097989 -0.024817 -0.003955
0.097989 0.044359 -0.003968 -0.000737
-0.024817 -0.003968 0.497887 0.103918
-0.003955 -0.000737 0.103918 0.045517
34.932180 1.335289 46.196679 1.898776
0.458617 0.097790 -0.027579 -0.004369
0.097790 0.044317 -0.004382 -0.000818
-0.027579 -0.004382 0.500032 0.104237
-0.004369 -0.000818 0.104237 0.045574
34.940372 1.194258 47.096267 1.886165
0.457572 0.097638 -0.030248 -0.004754
0.097638 0.044284 -0.004768 -0.000893
-0.030248 -0.004768 0.502031 0.104515
-0.004754 -0.000893 0.104515 0.045623
35.532337 1.192583 47.887080 1.854452
0.456274 0.097431 -0.032443 -0.005035
0.097431 0.044239 -0.005046 -0.000947
-0.032443 -0.005046 0.504300 0.104844
-0.005035 -0.000947 0.104844 0.045684
