32.364898 0.392447 49.634922 2.068552
0.560613 0.117282 -0.036824 -0.006070
0.117282 0.047729 -0.006482 -0.001466
-0.036824 -0.006482 0.418995 0.088910
-0.006070 -0.001466 0.088910 0.043106
27.913023 -0.572578 49.156374 1.725241
0.573110 0.118233 -0.035767 -0.005579
0.118233 0.047743 -0.005987 -0.001291
-0.035767 -0.005987 0.412285 0.088722
-0.005579 -0.001291 0.088722 0.043156
24.106591 -1.297805 48.048735 1.280941
0.566815 0.115489 -0.028607 -0.003896
0.115489 0.047069 -0.004290 -0.000895
-0.028607 -0.004290 0.414758 0.090348
-0.003896 -0.000895 0.090348 0.043541
20.597792 -1.885454 46.131760 0.706909
0.550505 0.111209 -0.021467 -0.002425
0.111209 0.046201 -0.002767 -0.000583
-0.021467 -0.002767 0.423404 0.092974
-0.002425 -0.000583 0.092974 0.044066
18.152967 -2.197821 43.600187 0.065090
0.527823 0.106221 -0.015706 -0.001410
0.106221 0.045298 -0.001657 -0.000388
-0.015706 -0.001657 0.437534 0.096389
-0.001410 -0.000388 0.096389 0.044692
16.172112 -2.386144 40.131888 -0.708319
0.500664 0.100890 -0.009772 -0.000436
0.100890 0.044410 -0.000591 -0.000211
-0.009772 -0.000591 0.457575 0.100660
-0.000436 -0.000211 0.100660 0.045443
15.280039 -2.335652 35.476460 -1.648150
0.472851 0.095933 0.003395 0.002069
0.095933 0.043653 0.001875 0.000272
0.003395 0.001875 0.482750 0.105585
0.002069 0.000272 0.105585 0.046285
13.870203 -2.393129 29.404809 -2.784665
0.462383 0.094887 0.024294 0.006079
0.094887 0.043710 0.005724 0.001033
0.024294 0.005724 0.495942 0.107413
0.006079 0.001033 0.107413 0.046407
11.764067 -2.581320 23.681888 -3.712739
0.472519 0.098050 0.032705 0.007066
0.098050 0.044572 0.006724 0.001134
0.032705 0.006724 0.486182 0.104184
0.007066 0.001134 0.104184 0.045475
10.088416 -2.656855 18.986209 -4.316810
0.487317 0.101799 0.024506 0.004498
0.101799 0.045442 0.004308 0.000528
0.024506 0.004308 0.469289 0.099900
0.004498 0.000528 0.099900 0.044459
8.841715 -2.635431 15.171150 -4.669169
0.501178 0.104945 0.006344 0.000172
0.104945 0.046092 0.000146 -0.000364
0.006344 0.000146 0.454886 0.096684
0.000172 -0.000364 0.096684 0.043795
8.390697 -2.454983 13.166453 -4.600866
0.514702 0.107682 -0.017007 -0.004766
0.107682 0.046595 -0.004646 -0.001297
-0.017007 -0.004646 0.445118 0.094801
-0.004766 -0.001297 0.094801 0.043477
7.766188 -2.330290 11.612514 -4.442050
0.527628 0.109995 -0.041067 -0.009361
0.109995 0.046966 -0.009119 -0.002090
-0.041067 -0.009119 0.440647 0.094190
-0.009361 -0.002090 0.094190 0.043439
7.352153 -2.174101 9.981950 -4.314754
0.541235 0.112207 -0.063583 -0.013227
0.112207 0.047294 -0.012883 -0.002691
-0.063583 -0.012883 0.439391 0.094246
-0.013227 -0.002691 0.094246 0.043520
7.977724 -1.817582 8.823395 -4.093989
0.553495 0.113926 -0.087159 -0.017049
0.113926 0.047504 -0.016582 -0.003271
-0.087159 -0.016582 0.443137 0.095275
-0.017049 -0.003271 0.095275 0.043772
8.518182 -1.511303 8.230569 -3.770618
0.545060 0.111237 -0.112072 -0.021054
0.111237 0.046807 -0.020217 -0.003867
-0.112072 -0.020217 0.465606 0.100146
-0.021054 -0.003867 0.100146 0.044804
9.337805 -1.175611 7.721283 -3.458717
0.525459 0.106637 -0.125947 -0.022587
0.106637 0.045813 -0.021330 -0.003950
-0.125947 -0.021330 0.493639 0.105741
-0.022587 -0.003950 0.105741 0.045898
10.438208 -0.815745 7.013701 -3.218919
0.501601 0.101740 -0.127491 -0.021613
0.101740 0.044871 -0.020002 -0.003577
-0.127491 -0.020002 0.519525 0.110426
-0.021613 -0.003577 0.110426 0.046729
12.243155 -0.338467 6.688852 -2.914204
0.477944 0.097449 -0.117951 -0.018614
0.097449 0.044140 -0.016782 -0.002893
-0.117951 -0.016782 0.538795 0.113423
-0.018614 -0.002893 0.113423 0.047179
13.078683 -0.094470 7.392808 -2.442948
0.459224 0.094541 -0.104418 -0.015213
0.094541 0.043725 -0.013291 -0.002240
-0.104418 -0.013291 0.551648 0.114925
-0.015213 -0.002240 0.114925 0.047324
13.886607 0.122132 8.411701 -1.962553
0.447047 0.093051 -0.095706 -0.013210
0.093051 0.043569 -0.011292 -0.001961
-0.095706 -0.011292 0.562204 0.115860
-0.013210 -0.001961 0.115860 0.047368
14.651271 0.311459 9.902568 -1.442152
0.440213 0.092619 -0.090201 -0.012076
0.092619 0.043587 -0.010297 -0.001902
-0.090201 -0.010297 0.568483 0.115931
-0.012076 -0.001902 0.115931 0.047270
15.324229 0.458982 11.532325 -0.954666
0.438247 0.093091 -0.086114 -0.011324
0.093091 0.043746 -0.009825 -0.001934
-0.086114 -0.009825 0.568351 0.114840
-0.011324 -0.001934 0.114840 0.046990
16.203286 0.632374 13.259736 -0.499030
0.439916 0.094168 -0.081278 -0.010472
0.094168 0.043989 -0.009322 -0.001937
-0.081278 -0.009322 0.561651 0.112707
-0.010472 -0.001937 0.112707 0.046568
16.872279 0.740979 15.273403 -0.038074
0.443545 0.095477 -0.073919 -0.009179
0.095477 0.044243 -0.008347 -0.001828
-0.073919 -0.008347 0.550146 0.109989
-0.009179 -0.001828 0.109989 0.046102
17.899357 0.912201 17.392313 0.400232
0.449081 0.096998 -0.064402 -0.007545
0.096998 0.044512 -0.006982 -0.001633
-0.064402 -0.006982 0.535138 0.106950
-0.007545 -0.001633 0.106950 0.045628
19.256586 1.129312 19.330588 0.760563
0.455081 0.098418 -0.052679 -0.005586
0.098418 0.044736 -0.005197 -0.001353
-0.052679 -0.005197 0.519683 0.104171
-0.005586 -0.001353 0.104171 0.045248
20.597881 1.315895 21.392294 1.108463
0.460453 0.099516 -0.040232 -0.003613
0.099516 0.044876 -0.003310 -0.001055
-0.040232 -0.003310 0.506518 0.102106
-0.003613 -0.001055 0.102106 0.045025
21.440368 1.367422 23.218393 1.368855
0.465021 0.100294 -0.028878 -0.001968
0.100294 0.044941 -0.001709 -0.000815
-0.028878 -0.001709 0.496409 0.100783
-0.001968 -0.000815 0.100783 0.044938
21.889525 1.324510 24.921093 1.575827
0.468302 0.100695 -0.020047 -0.000894
0.100695 0.044930 -0.000664 -0.000677
-0.020047 -0.000664 0.489675 0.100166
-0.000894 -0.000677 0.100166 0.044964
22.412220 1.298705 26.418057 1.721266
0.469653 0.100647 -0.013784 -0.000338
0.100647 0.044839 -0.000126 -0.000623
-0.013784 -0.000126 0.486312 0.100189
-0.000338 -0.000623 0.100189 0.045080
23.697294 1.438491 28.181249 1.910913
0.468909 0.100179 -0.010044 -0.000238
0.100179 0.044681 -0.000042 -0.000636
-0.010044 -0.000042 0.485995 0.100732
-0.000238 -0.000636 0.100732 0.045262
24.416506 1.438635 29.185790 1.921136
0.465981 0.099317 -0.010225 -0.000847
0.099317 0.044467 -0.000673 -0.000769
-0.010225 -0.000673 0.488710 0.101756
-0.000847 -0.000769 0.101756 0.045500
25.282438 1.471025 30.679741 2.032810
0.462331 0.098417 -0.012589 -0.001745
0.098417 0.044274 -0.001598 -0.000928
-0.012589 -0.001598 0.492762 0.102886
-0.001745 -0.000928 0.102886 0.045723
26.086358 1.486818 32.426115 2.185533
0.457428 0.097357 -0.017366 -0.002975
0.097357 0.044068 -0.002857 -0.001129
-0.017366 -0.002857 0.498998 0.104308
-0.002975 -0.001129 0.104308 0.045978
27.131441 1.551916 34.034194 2.293633
0.451140 0.096110 -0.023814 -0.004373
0.096110 0.043838 -0.004282 -0.001342
-0.023814 -0.004282 0.507954 0.106126
-0.004373 -0.001342 0.106126 0.046291
27.779384 1.524968 35.401203 2.339349
0.444563 0.094908 -0.031542 -0.005866
0.094908 0.043631 -0.005801 -0.001558
-0.031542 -0.005801 0.518741 0.108133
-0.005866 -0.001558 0.108133 0.046621
28.603979 1.539081 36.908093 2.409559
0.438097 0.093815 -0.038297 -0.007002
0.093815 0.043452 -0.006952 -0.001688
-0.038297 -0.006952 0.530414 0.110139
-0.007002 -0.001688 0.110139 0.046933
29.284888 1.518380 37.594677 2.302125
0.431980 0.092858 -0.043205 -0.007659
0.092858 0.043300 -0.007605 -0.001719
-0.043205 -0.007605 0.542095 0.111987
-0.007659 -0.001719 0.111987 0.047204
30.206269 1.552390 38.473071 2.246661
0.427244 0.092233 -0.046926 -0.008037
0.092233 0.043213 -0.007976 -0.001708
-0.046926 -0.007976 0.552042 0.113357
-0.008037 -0.001708 0.113357 0.047376
30.682004 1.486708 39.517265 2.229107
0.423575 0.091836 -0.048911 -0.008063
0.091836 0.043163 -0.007985 -0.001641
-0.048911 -0.007985 0.559987 0.114266
-0.008063 -0.001641 0.114266 0.047467
31.602051 1.521548 39.941028 2.089620
0.421120 0.091689 -0.047164 -0.007369
0.091689 0.043154 -0.007244 -0.001445
-0.047164 -0.007244 0.564180 0.114432
-0.007369 -0.001445 0.114432 0.047431
32.463945 1.544750 41.163523 2.126130
0.419753 0.091726 -0.044840 -0.006667
0.091726 0.043169 -0.006508 -0.001280
-0.044840 -0.006508 0.566215 0.114244
-0.006667 -0.001280 0.114244 0.047352
32.736951 1.434548 42.152694 2.108279
0.421660 0.092441 -0.037894 -0.005119
0.092441 0.043321 -0.004911 -0.000961
-0.037894 -0.004911 0.560287 0.112588
-0.005119 -0.000961 0.112588 0.047013
33.110471 1.355494 42.638199 1.992057
0.427253 0.093846 -0.029459 -0.003423
0.093846 0.043601 -0.003200 -0.000647
-0.029459 -0.003200 0.548028 0.109904
-0.003423 -0.000647 0.109904 0.046514
33.903479 1.381303 43.717546 2.009416
0.434505 0.095427 -0.021961 -0.002070
0.095427 0.043889 -0.001863 -0.000429
-0.021961 -0.001863 0.534490 0.107253
-0.002070 -0.000429 0.107253 0.046067
34.830644 1.434963 45.086606 2.083913
0.448150 0.098224 -0.015904 -0.001087
0.098224 0.044421 -0.000978 -0.000304
-0.015904 -0.000978 0.513697 0.103383
-0.001087 -0.000304 0.103383 0.045403
35.100466 1.336118 45.848941 2.025491
0.470244 0.102563 -0.015167 -0.001212
0.102563 0.045247 -0.001311 -0.000416
-0.015167 -0.001311 0.486692 0.098542
-0.001212 -0.000416 0.098542 0.044570
34.911167 1.150697 46.893801 2.029183
0.493284 0.106687 -0.017362 -0.001896
0.106687 0.045971 -0.002157 -0.000613
-0.017362 -0.002157 0.463759 0.094849
-0.001896 -0.000613 0.094849 0.043996
35.261921 1.101591 47.567499 1.957844
0.515961 0.110385 -0.021144 -0.002825
0.110385 0.046572 -0.003183 -0.000824
-0.021144 -0.003183 0.445227 0.092224
-0.002825 -0.000824 0.092224 0.043631
