-6.035939 -1.452334 9.408125 2.871284
41.463505 16.585761 -56.479068 -22.592117
16.585761 86.638515 -22.592117 -9.037042
-56.479068 -22.592117 80.538224 32.215988
-22.592117 -9.037042 32.215988 92.890741
-0.299269 6.426583 8.957220 5.203905
20.184031 -1.250798 -46.176840 -31.485551
-1.250798 23.069953 7.853787 -14.641405
-46.176840 7.853787 113.420672 79.517687
-31.485551 -14.641405 79.517687 90.910587
5.929034 4.310268 -3.915621 -3.150307
20.136371 13.969936 -37.091459 -25.642470
13.969936 18.239689 -23.680365 -27.263661
-37.091459 -23.680365 73.161911 49.435819
-25.642470 -27.263661 49.435819 50.811619
2.811532 1.500188 5.135918 2.689193
7.709242 6.911218 -4.973029 -4.532576
6.911218 9.786224 -4.082033 -9.109019
-4.973029 -4.082033 4.626143 3.461540
-4.532576 -9.109019 3.461540 11.823627
4.820096 2.300806 5.978403 2.369630
9.977198 7.420756 -9.359360 -7.918040
7.420756 7.078270 -7.270875 -8.379823
-9.359360 -7.270875 10.331335 8.980981
-7.918040 -8.379823 8.980981 11.604663
6.029585 2.276299 7.441621 2.614843
18.461763 10.702401 -19.186017 -12.365051
10.702401 6.965554 -11.378555 -8.362963
-19.186017 -11.378555 21.420874 14.092330
-12.365051 -8.362963 14.092330 10.977788
5.713527 1.729875 9.357515 2.747798
29.659008 13.689976 -32.407605 -16.283759
13.689976 6.756207 -15.133886 -8.169333
-32.407605 -15.133886 36.787428 18.727042
-16.283759 -8.169333 18.727042 10.452815
7.869085 2.180806 9.709175 2.396796
30.026470 11.635488 -36.217259 -15.135970
11.635488 4.793362 -14.161609 -6.269427
-36.217259 -14.161609 45.065790 19.030934
-15.135970 -6.269427 19.030934 8.597920
10.186809 2.668402 8.004453 1.220405
39.263710 12.798306 -47.094975 -16.300201
12.798306 4.371986 -15.426112 -5.575509
-47.094975 -15.426112 57.716594 20.123773
-16.300201 -5.575509 20.123773 7.391623
14.495988 3.517020 4.766966 0.053735
15.079195 4.131633 -15.289889 -4.229413
4.131633 1.282967 -4.227612 -1.339678
-15.289889 -4.227612 16.452856 4.668001
-4.229413 -1.339678 4.668001 1.595453
14.588485 3.104638 6.642079 0.527899
4.708922 1.100339 -3.260701 -0.626602
1.100339 0.377324 -0.784737 -0.280633
-3.260701 -0.784737 2.944127 0.683325
-0.626602 -0.280633 0.683325 0.368548
14.525947 2.705784 9.038098 1.106482
4.956409 1.058868 -2.845049 -0.448795
1.058868 0.325806 -0.633688 -0.202799
-2.845049 -0.633688 2.212201 0.465379
-0.448795 -0.202799 0.465379 0.265504
15.896539 2.696491 9.808301 1.186229
6.012378 1.200088 -3.284432 -0.504990
1.200088 0.324149 -0.685811 -0.187701
-3.284432 -0.685811 2.328377 0.467330
-0.504990 -0.187701 0.467330 0.228226
17.690489 2.808166 9.702272 0.987929
6.973839 1.288605 -3.511964 -0.487173
1.288605 0.311462 -0.679429 -0.160444
-3.511964 -0.679429 2.262396 0.419230
-0.487173 -0.160444 0.419230 0.187665
19.954313 2.982438 9.370531 0.792300
6.896945 1.163289 -2.912559 -0.295112
1.163289 0.261217 -0.519800 -0.106946
-2.912559 -0.519800 1.681308 0.279588
-0.295112 -0.106946 0.279588 0.139903
19.401656 2.630201 11.018947 1.017637
5.494926 0.837425 -1.668130 -0.036175
0.837425 0.186569 -0.280967 -0.052503
-1.668130 -0.280967 0.921045 0.150038
-0.036175 -0.052503 0.150038 0.107327
19.919555 2.468088 12.431892 1.247452
5.987398 0.859016 -1.495261 0.017644
0.859016 0.177867 -0.241191 -0.036974
-1.495261 -0.241191 0.767229 0.125273
0.017644 -0.036974 0.125273 0.092910
22.361690 2.682786 12.072247 1.022098
6.576202 0.893401 -1.362686 0.057004
0.893401 0.172741 -0.211221 -0.025588
-1.362686 -0.211221 0.660595 0.109868
0.057004 -0.025588 0.109868 0.081964
20.447353 2.203198 14.004345 1.251640
5.257296 0.653969 -0.538184 0.179265
0.653969 0.130301 -0.092014 -0.005895
-0.538184 -0.092014 0.420621 0.096088
0.179265 -0.005895 0.096088 0.078362
21.853644 2.220271 14.886897 1.346826
5.805490 0.707773 -0.544436 0.153887
0.707773 0.133603 -0.091463 -0.005522
-0.544436 -0.091463 0.407658 0.094446
0.153887 -0.005522 0.094446 0.069279
21.230375 1.969197 16.355088 1.502171
5.916564 0.684725 -0.228785 0.206660
0.684725 0.125277 -0.050570 0.003201
-0.228785 -0.050570 0.356277 0.095076
0.206660 0.003201 0.095076 0.066396
22.106181 1.946448 17.260551 1.542612
6.318729 0.716624 -0.193363 0.183806
0.716624 0.126468 -0.045361 0.003030
-0.193363 -0.045361 0.345882 0.092517
0.183806 0.003030 0.092517 0.059786
21.196213 1.720356 18.333174 1.568658
6.102613 0.659070 0.123809 0.224747
0.659070 0.115791 -0.008991 0.009025
0.123809 -0.008991 0.336805 0.098491
0.224747 0.009025 0.098491 0.058941
20.457668 1.541755 19.206581 1.554217
5.542302 0.601218 -0.037219 0.124541
0.601218 0.109562 -0.025837 0.000323
-0.037219 -0.025837 0.330303 0.089672
0.124541 0.000323 0.089672 0.050552
20.556421 1.483333 19.771132 1.484073
3.243878 0.366316 -0.328119 -0.024035
0.366316 0.085573 -0.058293 -0.014135
-0.328119 -0.058293 0.374113 0.093725
-0.024035 -0.014135 0.093725 0.046607
18.785609 1.221101 20.359922 1.398448
2.384917 0.281098 -0.466097 -0.078090
0.281098 0.077096 -0.073491 -0.018605
-0.466097 -0.073491 0.443717 0.107152
-0.078090 -0.018605 0.107152 0.047853
19.190995 1.197397 21.079985 1.399825
1.138106 0.140848 -0.357301 -0.068885
0.140848 0.061142 -0.060584 -0.016403
-0.357301 -0.060584 0.535094 0.128794
-0.068885 -0.016403 0.128794 0.052310
18.186591 0.989568 22.038915 1.429844
0.729346 0.098612 -0.300233 -0.058082
0.098612 0.056435 -0.052082 -0.013862
-0.300233 -0.052082 0.639950 0.149679
-0.058082 -0.013862 0.149679 0.056114
17.924837 0.873591 23.216416 1.520841
0.496555 0.075361 -0.192789 -0.033980
0.075361 0.053401 -0.033678 -0.009124
-0.192789 -0.033678 0.718808 0.162790
-0.033980 -0.009124 0.162790 0.058027
17.406773 0.706424 24.828257 1.689149
0.391219 0.069230 -0.069566 -0.007367
0.069230 0.052428 -0.010331 -0.003663
-0.069566 -0.010331 0.760128 0.166222
-0.007367 -0.003663 0.166222 0.057745
17.172491 0.589194 26.376334 1.827597
0.375266 0.077054 0.051954 0.016810
0.077054 0.053520 0.013932 0.001506
0.051954 0.013932 0.760507 0.160475
0.016810 0.001506 0.160475 0.055624
17.287882 0.548503 27.742489 1.917500
0.420361 0.094690 0.158929 0.035614
0.094690 0.056168 0.035375 0.005600
0.158929 0.035375 0.744565 0.151759
0.035614 0.005600 0.151759 0.053141
17.332273 0.486801 29.472621 2.069906
0.511443 0.119217 0.251739 0.049462
0.119217 0.059887 0.053223 0.008573
0.251739 0.053223 0.718170 0.141674
0.049462 0.008573 0.141674 0.050652
17.463853 0.446748 31.208623 2.208392
0.641448 0.148844 0.329732 0.058596
0.148844 0.064333 0.066984 0.010445
0.329732 0.066984 0.681861 0.130564
0.058596 0.010445 0.130564 0.048219
17.690378 0.442253 32.507085 2.246695
0.805444 0.181959 0.394337 0.063685
0.181959 0.069132 0.076958 0.011389
0.394337 0.076958 0.641957 0.119815
0.063685 0.011389 0.119815 0.046091
17.997386 0.471699 33.346969 2.187600
1.002039 0.217608 0.451262 0.066188
0.217608 0.074032 0.084488 0.011762
0.451262 0.084488 0.606361 0.110862
0.066188 0.011762 0.110862 0.044484
18.293250 0.470843 34.816354 2.263215
1.232426 0.255473 0.503995 0.066988
0.255473 0.078940 0.090441 0.011789
0.503995 0.090441 0.576605 0.103758
0.066988 0.011789 0.103758 0.043330
18.895453 0.504028 37.055261 2.485418
1.494766 0.295014 0.544963 0.064710
0.295014 0.083799 0.093619 0.011253
0.544963 0.093619 0.544781 0.096938
0.064710 0.011253 0.096938 0.042307
19.482187 0.543951 38.965988 2.618803
1.775367 0.333917 0.555025 0.055967
0.333917 0.088282 0.091031 0.009618
0.555025 0.091031 0.500310 0.088748
0.055967 0.009618 0.088748 0.041163
19.784505 0.544326 40.410732 2.647995
2.076555 0.372335 0.542879 0.043127
0.372335 0.092393 0.084923 0.007434
0.542879 0.084923 0.454243 0.081289
0.043127 0.007434 0.081289 0.040264
19.967461 0.533240 41.603511 2.621169
2.418144 0.413115 0.526866 0.030048
0.413115 0.096567 0.078787 0.005419
0.526866 0.078787 0.416795 0.076029
0.030048 0.005419 0.076029 0.039768
20.264672 0.535238 43.008487 2.642273
2.809833 0.457242 0.512352 0.017891
0.457242 0.100922 0.073485 0.003730
0.512352 0.073485 0.388248 0.072673
0.017891 0.003730 0.072673 0.039546
20.216436 0.498100 43.878107 2.544859
3.246784 0.503598 0.491714 0.005206
0.503598 0.105291 0.067758 0.002094
0.491714 0.067758 0.364293 0.070364
0.005206 0.002094 0.070364 0.039450
20.557324 0.516266 44.978130 2.499828
3.749720 0.554515 0.482089 -0.004229
0.554515 0.109957 0.064158 0.001057
0.482089 0.064158 0.348582 0.069354
-0.004229 0.001057 0.069354 0.039429
20.921833 0.531386 46.234650 2.498262
4.299865 0.607137 0.462477 -0.015035
0.607137 0.114546 0.059468 -0.000123
0.462477 0.059468 0.334171 0.068601
-0.015035 -0.000123 0.068601 0.039408
21.522384 0.571696 47.814243 2.571369
4.897161 0.661237 0.430365 -0.027552
0.661237 0.119039 0.053500 -0.001472
0.430365 0.053500 0.320801 0.068071
-0.027552 -0.001472 0.068071 0.039399
21.569305 0.544302 48.797770 2.501574
5.525599 0.714684 0.371649 -0.044599
0.714684 0.123186 0.044611 -0.003334
0.371649 0.044611 0.306987 0.067696
-0.044599 -0.003334 0.067696 0.039460
21.444199 0.500934 49.320265 2.327038
6.231141 0.772936 0.319061 -0.058400
0.772936 0.127662 0.037229 -0.004671
0.319061 0.037229 0.297726 0.067862
-0.058400 -0.004671 0.067862 0.039489
21.732457 0.504662 50.649667 2.368176
7.016995 0.835816 0.282971 -0.066498
0.835816 0.132411 0.032383 -0.005261
0.282971 0.032383 0.292465 0.068276
-0.066498 -0.005261 0.068276 0.039406
21.768745 0.479805 51.899720 2.388578
7.862078 0.900537 0.235554 -0.076053
0.900537 0.137103 0.026551 -0.006023
0.235554 0.026551 0.287881 0.068715
-0.076053 -0.006023 0.068715 0.039340
