5.571783 3.190856 1.260802 -0.387715
2.575399 1.030182 -0.261185 -0.104476
1.030182 80.416148 -0.104476 -0.041791
-0.261185 -0.104476 2.388565 0.955447
-0.104476 -0.041791 0.955447 80.386254
5.828031 0.862446 1.126338 -0.313649
2.208798 3.837634 -0.220674 -0.337624
3.837634 15.349039 -0.330666 -1.246215
-0.220674 -0.330666 2.359299 4.137541
-0.337624 -1.246215 4.137541 15.399323
6.464740 1.115579 3.504790 2.588346
1.963548 2.286985 -0.215436 -0.240437
2.286985 4.606228 -0.239781 -0.457821
-0.215436 -0.239781 2.089027 2.390001
-0.240437 -0.457821 2.390001 4.593810
7.496728 1.512553 2.615530 0.769760
1.704205 1.448375 -0.163285 -0.134291
1.448375 1.940164 -0.133858 -0.182082
-0.163285 -0.133858 1.755850 1.462674
-0.134291 -0.182082 1.462674 1.911926
6.338836 0.238594 2.227695 0.264457
1.463438 0.973352 -0.137314 -0.090241
0.973352 0.983173 -0.090027 -0.093444
-0.137314 -0.090027 1.525662 0.998648
-0.090241 -0.093444 0.998648 0.986627
6.814423 0.433473 3.882047 1.084233
1.285108 0.702276 -0.129095 -0.070431
0.702276 0.570715 -0.070397 -0.057173
-0.129095 -0.070397 1.339136 0.721528
-0.070431 -0.057173 0.721528 0.575849
7.262096 0.540914 6.531988 2.050164
1.147011 0.532397 -0.111351 -0.051588
0.532397 0.363832 -0.051548 -0.035212
-0.111351 -0.051548 1.184394 0.542876
-0.051588 -0.035212 0.542876 0.366415
7.725384 0.618910 8.100456 2.267329
1.038928 0.419826 -0.091204 -0.036780
0.419826 0.249327 -0.036717 -0.022154
-0.091204 -0.036717 1.055355 0.421917
-0.036780 -0.022154 0.421917 0.249312
8.344650 0.729983 8.307568 1.937674
0.949292 0.340497 -0.074960 -0.026897
0.340497 0.180710 -0.026833 -0.014648
-0.074960 -0.026833 0.952354 0.338775
-0.026897 -0.014648 0.338775 0.179947
9.488940 0.982149 9.116625 1.886105
0.872343 0.282272 -0.063724 -0.020686
0.282272 0.137228 -0.020635 -0.010266
-0.063724 -0.020635 0.871243 0.280301
-0.020686 -0.010266 0.280301 0.136785
10.572360 1.157530 9.968128 1.859013
0.806694 0.238843 -0.053895 -0.016013
0.238843 0.108685 -0.015973 -0.007360
-0.053895 -0.015973 0.805051 0.237508
-0.016013 -0.007360 0.237508 0.108614
11.376306 1.219315 10.969958 1.878809
0.751001 0.206054 -0.045443 -0.012480
0.206054 0.089435 -0.012449 -0.005383
-0.045443 -0.012449 0.749985 0.205390
-0.012480 -0.005383 0.205390 0.089603
12.202025 1.274830 11.323423 1.728206
0.704112 0.181104 -0.038309 -0.009804
0.181104 0.076195 -0.009782 -0.004010
-0.038309 -0.009782 0.703376 0.180801
-0.009804 -0.004010 0.180801 0.076445
13.515023 1.439443 12.087495 1.703942
0.664056 0.161817 -0.032651 -0.007841
0.161817 0.066907 -0.007825 -0.003054
-0.032651 -0.007825 0.664334 0.161929
-0.007841 -0.003054 0.161929 0.067224
13.788907 1.335601 13.247723 1.775730
0.629855 0.146830 -0.027504 -0.006227
0.146830 0.060323 -0.006214 -0.002337
-0.027504 -0.006214 0.631412 0.147314
-0.006227 -0.002337 0.147314 0.060681
13.742756 1.175156 14.627334 1.886196
0.601469 0.135332 -0.023233 -0.004981
0.135332 0.055669 -0.004972 -0.001812
-0.023233 -0.004972 0.602968 0.135809
-0.004981 -0.001812 0.135809 0.055975
14.226798 1.152749 16.060333 1.993503
0.578059 0.126533 -0.019631 -0.003999
0.126533 0.052377 -0.003993 -0.001419
-0.019631 -0.003993 0.578382 0.126742
-0.003999 -0.001419 0.126742 0.052581
15.423281 1.285428 16.576218 1.890645
0.558516 0.119755 -0.016336 -0.003164
0.119755 0.050041 -0.003162 -0.001109
-0.016336 -0.003162 0.557551 0.119693
-0.003164 -0.001109 0.119693 0.050156
15.992912 1.269917 17.418588 1.868813
0.541826 0.114470 -0.013487 -0.002489
0.114470 0.048374 -0.002488 -0.000871
-0.013487 -0.002488 0.540515 0.114355
-0.002489 -0.000871 0.114355 0.048457
16.128975 1.165524 18.322565 1.862087
0.527982 0.110449 -0.011057 -0.001947
0.110449 0.047212 -0.001947 -0.000687
-0.011057 -0.001947 0.526416 0.110295
-0.001947 -0.000687 0.110295 0.047268
16.751682 1.173821 19.238600 1.858988
0.516713 0.107454 -0.009020 -0.001518
0.107454 0.046420 -0.001519 -0.000546
-0.009020 -0.001519 0.514760 0.107229
-0.001518 -0.000546 0.107229 0.046446
18.036154 1.318490 20.200322 1.866151
0.507518 0.105235 -0.007234 -0.001162
0.105235 0.045889 -0.001164 -0.000433
-0.007234 -0.001164 0.505352 0.104976
-0.001162 -0.000433 0.104976 0.045895
18.414625 1.260434 21.336378 1.908118
0.499988 0.103601 -0.005636 -0.000860
0.103601 0.045537 -0.000862 -0.000341
-0.005636 -0.000862 0.497981 0.103382
-0.000860 -0.000341 0.103382 0.045540
18.549391 1.157586 22.108806 1.870107
0.494032 0.102453 -0.004267 -0.000616
0.102453 0.045318 -0.000618 -0.000269
-0.004267 -0.000618 0.492180 0.102265
-0.000616 -0.000269 0.102265 0.045318
19.394253 1.213215 23.814614 2.030658
0.489396 0.101674 -0.003142 -0.000429
0.101674 0.045189 -0.000431 -0.000213
-0.003142 -0.000431 0.487692 0.101509
-0.000429 -0.000213 0.101509 0.045184
19.912036 1.194896 25.319373 2.132722
0.485689 0.101136 -0.002157 -0.000272
0.101136 0.045112 -0.000274 -0.000167
-0.002157 -0.000274 0.484447 0.101056
-0.000272 -0.000167 0.101056 0.045116
20.421950 1.176455 25.752034 2.000202
0.482717 0.100768 -0.001349 -0.000152
0.100768 0.045066 -0.000154 -0.000131
-0.001349 -0.000154 0.482232 0.100827
-0.000152 -0.000131 0.100827 0.045090
21.377812 1.253493 27.353014 2.126173
0.480458 0.100545 -0.000790 -0.000082
0.100545 0.045042 -0.000083 -0.000107
-0.000790 -0.000083 0.480713 0.100728
-0.000082 -0.000107 0.100728 0.045083
22.099006 1.273335 28.776240 2.201788
0.478524 0.100372 -0.000490 -0.000060
0.100372 0.045020 -0.000061 -0.000093
-0.000490 -0.000061 0.479968 0.100763
-0.000060 -0.000093 0.100763 0.045096
22.582903 1.241232 30.215138 2.272852
0.476828 0.100225 -0.000432 -0.000079
0.100225 0.044995 -0.000080 -0.000088
-0.000432 -0.000080 0.479828 0.100887
-0.000079 -0.000088 0.100887 0.045119
23.580826 1.320680 31.638383 2.333217
0.475247 0.100077 -0.000552 -0.000125
0.100077 0.044963 -0.000126 -0.000088
-0.000552 -0.000126 0.480204 0.101078
-0.000125 -0.000088 0.101078 0.045147
24.331883 1.339836 32.223863 2.210810
0.473718 0.099919 -0.001039 -0.000236
0.099919 0.044924 -0.000237 -0.000101
-0.001039 -0.000237 0.480992 0.101312
-0.000236 -0.000101 0.101312 0.045178
24.592396 1.253362 33.050762 2.152141
0.472495 0.099806 -0.001726 -0.000374
0.099806 0.044891 -0.000375 -0.000119
-0.001726 -0.000375 0.481796 0.101508
-0.000374 -0.000119 0.101508 0.045197
25.338062 1.278522 33.911052 2.106684
0.471364 0.099692 -0.002410 -0.000495
0.099692 0.044856 -0.000497 -0.000133
-0.002410 -0.000497 0.482730 0.101700
-0.000495 -0.000133 0.101700 0.045213
26.441156 1.376685 34.542618 2.017899
0.470320 0.099579 -0.003310 -0.000651
0.099579 0.044818 -0.000653 -0.000154
-0.003310 -0.000653 0.483724 0.101878
-0.000651 -0.000154 0.101878 0.045226
27.000646 1.349491 36.124209 2.138419
0.469494 0.099497 -0.004542 -0.000864
0.099497 0.044787 -0.000867 -0.000188
-0.004542 -0.000867 0.484594 0.102010
-0.000864 -0.000188 0.102010 0.045231
27.487705 1.309542 36.759904 2.047154
0.468320 0.099326 -0.005967 -0.001102
0.099326 0.044736 -0.001106 -0.000226
-0.005967 -0.001106 0.485906 0.102224
-0.001102 -0.000226 0.102224 0.045255
27.993284 1.278023 38.083980 2.110253
0.467273 0.099177 -0.007371 -0.001321
0.099177 0.044691 -0.001326 -0.000260
-0.007371 -0.001326 0.487127 0.102402
-0.001321 -0.000260 0.102402 0.045272
28.979180 1.351460 38.778345 2.034710
0.465977 0.098970 -0.008903 -0.001557
0.098970 0.044636 -0.001562 -0.000298
-0.008903 -0.001562 0.488660 0.102636
-0.001557 -0.000298 0.102636 0.045304
29.521961 1.323190 39.783840 2.032104
0.464917 0.098814 -0.010717 -0.001841
0.098814 0.044593 -0.001849 -0.000348
-0.010717 -0.001849 0.489991 0.102815
-0.001841 -0.000348 0.102815 0.045326
30.347583 1.357991 40.718688 2.015262
0.463774 0.098638 -0.012582 -0.002125
0.098638 0.044547 -0.002133 -0.000397
-0.012582 -0.002133 0.491455 0.103017
-0.002125 -0.000397 0.103017 0.045355
31.136036 1.380836 41.389479 1.944864
0.462686 0.098473 -0.014664 -0.002444
0.098473 0.044504 -0.002454 -0.000455
-0.014664 -0.002454 0.492926 0.103216
-0.002444 -0.000455 0.103216 0.045385
31.641427 1.341520 42.423933 1.957539
0.461792 0.098349 -0.016855 -0.002774
0.098349 0.044470 -0.002787 -0.000516
-0.016855 -0.002787 0.494242 0.103378
-0.002774 -0.000516 0.103378 0.045410
32.765196 1.437849 43.274816 1.931680
0.460751 0.098188 -0.019049 -0.003096
0.098188 0.044429 -0.003110 -0.000575
-0.019049 -0.003110 0.495784 0.103589
-0.003096 -0.000575 0.103589 0.045447
33.247667 1.386251 43.721891 1.822831
0.459936 0.098074 -0.021638 -0.003492
0.098074 0.044399 -0.003511 -0.000651
-0.021638 -0.003511 0.497203 0.103771
-0.003492 -0.000651 0.103771 0.045479
32.783766 1.138117 44.194920 1.728414
0.459309 0.097997 -0.024001 -0.003829
0.097997 0.044376 -0.003851 -0.000714
-0.024001 -0.003851 0.498431 0.103914
-0.003829 -0.000714 0.103914 0.045504
33.149537 1.093435 44.626020 1.637556
0.458420 0.097858 -0.025509 -0.003984
0.097858 0.044340 -0.004002 -0.000740
-0.025509 -0.004002 0.499838 0.104101
-0.003984 -0.000740 0.104101 0.045541
34.018247 1.160009 44.740433 1.491921
0.457673 0.097750 -0.026922 -0.004132
0.097750 0.044311 -0.004149 -0.000769
-0.026922 -0.004149 0.501092 0.104257
-0.004132 -0.000769 0.104257 0.045573
34.953322 1.235903 45.470415 1.489840
0.457451 0.097750 -0.028555 -0.004339
0.097750 0.044305 -0.004358 -0.000815
-0.028555 -0.004358 0.501805 0.104303
-0.004339 -0.000815 0.104303 0.045582
35.618432 1.247354 46.577271 1.565266
0.457319 0.097755 -0.030611 -0.004640
0.097755 0.044298 -0.004664 -0.000882
-0.030611 -0.004664 0.502558 0.104369
-0.004640 -0.000882 0.104369 0.045598
