1.373286 1.511421 2.588176 0.143245
2.053490 0.821414 -0.226717 -0.090689
0.821414 80.332639 -0.090689 -0.036276
-0.226717 -0.090689 3.101368 1.240574
-0.090689 -0.036276 1.240574 80.500307
6.503581 9.286978 0.811091 -2.907506
2.911243 5.167944 -1.571487 -2.608926
5.167944 16.323529 -2.743393 -5.198814
-1.571487 -2.743393 3.235550 5.457242
-2.608926 -5.198814 5.457242 19.339690
4.466720 1.969093 2.486130 0.048029
2.127538 2.385265 -0.182063 0.003066
2.385265 4.347760 -0.074548 -0.191822
-0.182063 -0.074548 1.945102 2.237150
0.003066 -0.191822 2.237150 4.921112
7.594062 3.719640 3.066319 0.584389
2.147702 1.747546 -0.266262 -0.178470
1.747546 2.060740 -0.204283 -0.290631
-0.266262 -0.204283 1.486563 1.285710
-0.178470 -0.290631 1.285710 1.956840
6.738326 2.007499 3.920195 0.947470
1.456602 0.917546 -0.129131 -0.074907
0.917546 0.892601 -0.088759 -0.128200
-0.129131 -0.088759 1.544582 1.073963
-0.074907 -0.128200 1.073963 1.134972
8.351954 2.320616 5.180977 1.392487
1.161807 0.610773 -0.136732 -0.078040
0.610773 0.501229 -0.085011 -0.089373
-0.136732 -0.085011 1.519228 0.859767
-0.078040 -0.089373 0.859767 0.696898
8.742233 1.978202 5.044617 1.002113
1.016241 0.462557 -0.221833 -0.109721
0.462557 0.324690 -0.112312 -0.079275
-0.221833 -0.112312 1.453787 0.688947
-0.109721 -0.079275 0.688947 0.455535
9.807888 2.012419 4.798393 0.698343
0.906568 0.363905 -0.229448 -0.096746
0.363905 0.224483 -0.098315 -0.056462
-0.229448 -0.098315 1.354840 0.551101
-0.096746 -0.056462 0.551101 0.311346
10.698077 1.968004 6.500402 1.180779
0.815798 0.293466 -0.199761 -0.073292
0.293466 0.163303 -0.074269 -0.037358
-0.199761 -0.074269 1.240014 0.442442
-0.073292 -0.037358 0.442442 0.221562
11.076192 1.769680 7.724353 1.383664
0.762084 0.249307 -0.205547 -0.066712
0.249307 0.126739 -0.067507 -0.029050
-0.205547 -0.067507 1.136312 0.362494
-0.066712 -0.029050 0.362494 0.165334
12.244987 1.854995 8.265814 1.340058
0.725633 0.218280 -0.208774 -0.060583
0.218280 0.102957 -0.061353 -0.023046
-0.208774 -0.061353 1.034057 0.299644
-0.060583 -0.023046 0.299644 0.127806
12.486102 1.663464 9.201125 1.409886
0.685524 0.191512 -0.195693 -0.051223
0.191512 0.085743 -0.051833 -0.017547
-0.195693 -0.051833 0.948734 0.253344
-0.051223 -0.017547 0.253344 0.103041
13.211728 1.641133 11.122707 1.713563
0.654227 0.171498 -0.183253 -0.043699
0.171498 0.073923 -0.044250 -0.013665
-0.183253 -0.044250 0.871253 0.217125
-0.043699 -0.013665 0.217125 0.085856
13.828112 1.593112 12.488252 1.832838
0.630175 0.156507 -0.164982 -0.036023
0.156507 0.065714 -0.036541 -0.010479
-0.164982 -0.036541 0.794014 0.186873
-0.036023 -0.010479 0.186873 0.073334
14.044452 1.451866 13.032865 1.745282
0.608615 0.144444 -0.144675 -0.029048
0.144444 0.059765 -0.029521 -0.007985
-0.144675 -0.029521 0.727492 0.163615
-0.029048 -0.007985 0.163615 0.064576
14.981422 1.499926 13.836334 1.731651
0.589119 0.134664 -0.127794 -0.023778
0.134664 0.055416 -0.024217 -0.006242
-0.127794 -0.024217 0.675140 0.146668
-0.023778 -0.006242 0.146668 0.058606
15.546623 1.453972 14.136957 1.609696
0.569480 0.126316 -0.110409 -0.019067
0.126316 0.052147 -0.019425 -0.004848
-0.110409 -0.019425 0.633634 0.134226
-0.019067 -0.004848 0.134226 0.054501
15.283076 1.249235 16.271069 1.879919
0.551180 0.119450 -0.095618 -0.015427
0.119450 0.049740 -0.015703 -0.003845
-0.095618 -0.015703 0.601779 0.125283
-0.015427 -0.003845 0.125283 0.051707
16.054076 1.281619 17.326291 1.905051
0.540221 0.115127 -0.080667 -0.012062
0.115127 0.048258 -0.012359 -0.003017
-0.080667 -0.012359 0.569362 0.117231
-0.012062 -0.003017 0.117231 0.049471
17.157636 1.377741 18.068389 1.865676
0.529916 0.111558 -0.066349 -0.009132
0.111558 0.047171 -0.009416 -0.002347
-0.066349 -0.009416 0.543963 0.111446
-0.009132 -0.002347 0.111446 0.047967
17.549473 1.313610 18.768585 1.815407
0.519649 0.108486 -0.053239 -0.006682
0.108486 0.046351 -0.006923 -0.001823
-0.053239 -0.006923 0.525350 0.107577
-0.006682 -0.001823 0.107577 0.047013
18.602945 1.400918 20.308237 1.948504
0.511226 0.106190 -0.042280 -0.004822
0.106190 0.045805 -0.005031 -0.001448
-0.042280 -0.005031 0.510961 0.104860
-0.004822 -0.001448 0.104860 0.046379
19.820410 1.505791 20.906131 1.874313
0.503843 0.104402 -0.031642 -0.003110
0.104402 0.045436 -0.003287 -0.001115
-0.031642 -0.003287 0.500105 0.103037
-0.003110 -0.001115 0.103037 0.045973
20.069415 1.400868 21.765141 1.855181
0.497115 0.102953 -0.022990 -0.001870
0.102953 0.045175 -0.002012 -0.000883
-0.022990 -0.002012 0.492879 0.102022
-0.001870 -0.000883 0.102022 0.045750
20.260904 1.298819 23.466517 2.013776
0.491828 0.101949 -0.016158 -0.001013
0.101949 0.045028 -0.001131 -0.000727
-0.016158 -0.001131 0.487659 0.101406
-0.001013 -0.000727 0.101406 0.045607
20.823796 1.280576 24.396976 1.997487
0.487094 0.101151 -0.010343 -0.000341
0.101151 0.044930 -0.000437 -0.000597
-0.010343 -0.000437 0.484547 0.101183
-0.000341 -0.000597 0.101183 0.045540
21.450594 1.278743 25.776927 2.077345
0.482655 0.100470 -0.006183 0.000024
0.100470 0.044852 -0.000050 -0.000520
-0.006183 -0.000050 0.483310 0.101277
0.000024 -0.000520 0.101277 0.045527
21.601687 1.176998 26.924391 2.099305
0.477757 0.099727 -0.003609 0.000120
0.099727 0.044755 0.000067 -0.000486
-0.003609 0.000067 0.484223 0.101730
0.000120 -0.000486 0.101730 0.045578
22.447203 1.230593 27.743960 2.051174
0.472574 0.098957 -0.001895 0.000116
0.098957 0.044647 0.000080 -0.000459
-0.001895 0.000080 0.486754 0.102414
0.000116 -0.000459 0.102414 0.045664
23.215792 1.262651 28.402850 1.974069
0.467586 0.098255 -0.002226 -0.000237
0.098255 0.044546 -0.000262 -0.000495
-0.002226 -0.000262 0.490163 0.103167
-0.000237 -0.000495 0.103167 0.045754
24.159587 1.328560 29.480585 1.993181
0.463150 0.097683 -0.004210 -0.000835
0.097683 0.044464 -0.000856 -0.000570
-0.004210 -0.000856 0.493846 0.103874
-0.000835 -0.000570 0.103874 0.045828
24.422901 1.243666 30.686301 2.037125
0.458625 0.097087 -0.008201 -0.001745
0.097087 0.044367 -0.001769 -0.000701
-0.008201 -0.001769 0.498463 0.104697
-0.001745 -0.000701 0.104697 0.045925
25.093268 1.253965 31.474435 1.988832
0.453399 0.096336 -0.012344 -0.002565
0.096336 0.044228 -0.002595 -0.000802
-0.012344 -0.002595 0.504669 0.105773
-0.002565 -0.000802 0.105773 0.046076
25.480901 1.202933 32.526318 2.000759
0.448771 0.095716 -0.017393 -0.003479
0.095716 0.044112 -0.003521 -0.000920
-0.017393 -0.003521 0.510988 0.106782
-0.003479 -0.000920 0.106782 0.046211
25.925049 1.169337 33.630675 2.022283
0.443960 0.095045 -0.022397 -0.004297
0.095045 0.043978 -0.004350 -0.001016
-0.022397 -0.004350 0.518277 0.107922
-0.004297 -0.001016 0.107922 0.046376
26.348647 1.134262 34.337130 1.958844
0.439059 0.094345 -0.027258 -0.005024
0.094345 0.043831 -0.005084 -0.001098
-0.027258 -0.005084 0.526415 0.109167
-0.005024 -0.001098 0.109167 0.046564
26.890213 1.128294 35.108064 1.915727
0.434838 0.093783 -0.031782 -0.005640
0.093783 0.043710 -0.005704 -0.001163
-0.031782 -0.005704 0.534201 0.110270
-0.005640 -0.001163 0.110270 0.046725
27.300571 1.096190 36.488549 2.002179
0.431178 0.093321 -0.036120 -0.006198
0.093321 0.043604 -0.006265 -0.001226
-0.036120 -0.006265 0.541702 0.111271
-0.006198 -0.001226 0.111271 0.046870
28.007976 1.130611 37.427325 1.989998
0.427193 0.092764 -0.038894 -0.006429
0.092764 0.043471 -0.006476 -0.001228
-0.038894 -0.006476 0.549667 0.112345
-0.006429 -0.001228 0.112345 0.047040
28.874157 1.197114 38.618724 2.031275
0.423869 0.092335 -0.040992 -0.006550
0.092335 0.043363 -0.006573 -0.001222
-0.040992 -0.006573 0.556693 0.113205
-0.006550 -0.001222 0.113205 0.047172
29.483688 1.201037 39.948940 2.095097
0.421250 0.092040 -0.041470 -0.006377
0.092040 0.043281 -0.006365 -0.001168
-0.041470 -0.006365 0.562054 0.113736
-0.006377 -0.001168 0.113736 0.047249
30.003176 1.181960 40.752748 2.045477
0.420038 0.092034 -0.038784 -0.005623
0.092034 0.043260 -0.005551 -0.001006
-0.038784 -0.005551 0.563594 0.113546
-0.005623 -0.001006 0.113546 0.047197
30.766470 1.218595 41.540212 1.999099
0.420330 0.092309 -0.034655 -0.004682
0.092309 0.043294 -0.004557 -0.000828
-0.034655 -0.004557 0.561836 0.112803
-0.004682 -0.000828 0.112803 0.047058
31.911200 1.337629 42.736660 2.041489
0.422522 0.092930 -0.029400 -0.003620
0.092930 0.043394 -0.003458 -0.000645
-0.029400 -0.003458 0.556372 0.111465
-0.003620 -0.000645 0.111465 0.046827
33.319449 1.498330 43.329182 1.959433
0.429335 0.094476 -0.022426 -0.002300
0.094476 0.043688 -0.002136 -0.000424
-0.022426 -0.002136 0.543075 0.108745
-0.002300 -0.000424 0.108745 0.046346
33.778286 1.432757 43.938512 1.883734
0.440320 0.096756 -0.016115 -0.001214
0.096756 0.044116 -0.001097 -0.000269
-0.016115 -0.001097 0.524903 0.105315
-0.001214 -0.000269 0.105315 0.045760
34.317894 1.393214 44.673189 1.841250
0.453627 0.099304 -0.011635 -0.000570
0.099304 0.044572 -0.000526 -0.000208
-0.011635 -0.000526 0.505945 0.102008
-0.000570 -0.000208 0.102008 0.045228
35.035528 1.398155 45.704839 1.863876
0.470178 0.102318 -0.009839 -0.000490
0.102318 0.045105 -0.000547 -0.000257
-0.009839 -0.000547 0.485891 0.098696
-0.000490 -0.000257 0.098696 0.044707
35.256121 1.295966 47.065617 1.950623
0.491872 0.106180 -0.012668 -0.001319
0.106180 0.045797 -0.001509 -0.000480
-0.012668 -0.001509 0.464213 0.095216
-0.001319 -0.000480 0.095216 0.044148
35.541810 1.219220 48.346905 2.013348
0.516610 0.110374 -0.019376 -0.002847
0.110374 0.046529 -0.003140 -0.000814
-0.019376 -0.003140 0.444317 0.092241
-0.002847 -0.000814 0.092241 0.043683
