4.728198 2.853415 2.407564 0.070999
2.575399 1.030182 -0.261185 -0.104476
1.030182 80.416148 -0.104476 -0.041791
-0.261185 -0.104476 2.388565 0.955447
-0.104476 -0.041791 0.955447 80.386254
5.918438 2.435489 2.153011 -0.443619
2.237605 3.887721 -0.221840 -0.339021
3.887721 15.436113 -0.333405 -1.249896
-0.221840 -0.333405 2.327794 4.082196
-0.339021 -1.249896 4.082196 15.302116
7.237987 2.560887 3.258785 1.079062
1.967327 2.286816 -0.199771 -0.222326
2.286816 4.606218 -0.221356 -0.436765
-0.199771 -0.221356 2.077856 2.381980
-0.222326 -0.436765 2.381980 4.585173
8.350405 2.410438 -0.081796 -2.157119
1.688329 1.433846 -0.154401 -0.128152
1.433846 1.929842 -0.127636 -0.177629
-0.154401 -0.127636 1.769486 1.475743
-0.128152 -0.177629 1.475743 1.921339
7.728278 1.194433 0.865184 -0.830454
1.430691 0.952461 -0.139681 -0.092664
0.952461 0.971148 -0.092552 -0.095274
-0.139681 -0.092552 1.563943 1.023187
-0.092664 -0.095274 1.023187 1.000941
9.869487 2.040690 2.437609 0.235854
1.257275 0.689006 -0.127237 -0.069654
0.689006 0.564983 -0.069650 -0.056603
-0.127237 -0.069650 1.370214 0.736300
-0.069654 -0.056603 0.736300 0.582177
9.499777 1.393300 4.025074 0.907906
1.118327 0.521017 -0.101871 -0.047369
0.521017 0.359528 -0.047261 -0.033113
-0.101871 -0.047261 1.213179 0.554014
-0.047369 -0.033113 0.554014 0.370425
10.067238 1.340925 5.688774 1.389477
1.012482 0.410949 -0.085808 -0.034886
0.410949 0.246383 -0.034773 -0.021342
-0.085808 -0.034773 1.082496 0.430893
-0.034886 -0.021342 0.430893 0.252190
10.189118 1.143191 6.877145 1.564564
0.926010 0.333756 -0.071688 -0.025978
0.333756 0.178709 -0.025863 -0.014280
-0.071688 -0.025863 0.976221 0.345598
-0.025978 -0.014280 0.345598 0.181910
11.116895 1.258950 8.692845 1.895116
0.854208 0.277801 -0.061050 -0.020021
0.277801 0.136045 -0.019919 -0.010010
-0.061050 -0.019919 0.889549 0.284741
-0.020021 -0.010010 0.284741 0.137914
11.990160 1.331502 9.419444 1.830155
0.793657 0.236153 -0.050814 -0.015262
0.236153 0.108041 -0.015168 -0.007098
-0.050814 -0.015168 0.817808 0.240059
-0.015262 -0.007098 0.240059 0.109188
12.279679 1.227800 10.176453 1.787190
0.741365 0.204354 -0.042614 -0.011847
0.204354 0.089040 -0.011765 -0.005176
-0.042614 -0.011765 0.759276 0.206959
-0.011847 -0.005176 0.206959 0.089944
13.081518 1.276362 11.589566 1.920127
0.696946 0.180012 -0.036371 -0.009435
0.180012 0.075931 -0.009368 -0.003887
-0.036371 -0.009368 0.710321 0.181814
-0.009435 -0.003887 0.181814 0.076676
13.814959 1.299693 12.789328 1.978332
0.659229 0.161232 -0.030641 -0.007461
0.161232 0.066747 -0.007405 -0.002937
-0.030641 -0.007405 0.668882 0.162431
-0.007461 -0.002937 0.162431 0.067356
14.469695 1.300636 12.936016 1.782386
0.627099 0.146642 -0.025652 -0.005894
0.146642 0.060239 -0.005848 -0.002239
-0.025652 -0.005848 0.633903 0.147433
-0.005894 -0.002239 0.147433 0.060744
14.824666 1.234222 14.438205 1.919596
0.599362 0.135189 -0.021784 -0.004746
0.135189 0.055581 -0.004709 -0.001742
-0.021784 -0.004709 0.604881 0.135904
-0.004746 -0.001742 0.135904 0.056049
15.871658 1.329120 16.809717 2.228541
0.576244 0.126374 -0.018316 -0.003793
0.126374 0.052279 -0.003764 -0.001359
-0.018316 -0.003764 0.580028 0.126863
-0.003793 -0.001359 0.126863 0.052669
15.819664 1.174815 17.090403 2.049497
0.556948 0.119591 -0.014759 -0.002902
0.119591 0.049941 -0.002879 -0.001040
-0.014759 -0.002879 0.558932 0.119819
-0.002902 -0.001040 0.119819 0.050246
16.534407 1.201896 18.378452 2.105214
0.540771 0.114370 -0.012120 -0.002277
0.114370 0.048292 -0.002259 -0.000815
-0.012120 -0.002259 0.541424 0.114427
-0.002277 -0.000815 0.114427 0.048533
16.903962 1.153304 19.178396 2.052182
0.527286 0.110386 -0.009746 -0.001748
0.110386 0.047142 -0.001734 -0.000636
-0.009746 -0.001734 0.526990 0.110337
-0.001748 -0.000636 0.110337 0.047334
17.614620 1.180980 19.843524 1.977093
0.516162 0.107389 -0.007780 -0.001335
0.107389 0.046354 -0.001325 -0.000500
-0.007780 -0.001325 0.515211 0.107278
-0.001335 -0.000500 0.107278 0.046509
17.761140 1.089031 21.083720 2.029126
0.507013 0.105157 -0.006138 -0.001009
0.105157 0.045825 -0.001001 -0.000395
-0.006138 -0.001001 0.505781 0.105043
-0.001009 -0.000395 0.105043 0.045956
18.412669 1.111151 21.980057 2.004634
0.499692 0.103551 -0.004700 -0.000738
0.103551 0.045485 -0.000733 -0.000311
-0.004700 -0.000733 0.498224 0.103426
-0.000738 -0.000311 0.103426 0.045591
19.213745 1.162134 23.153753 2.040346
0.493808 0.102405 -0.003493 -0.000523
0.102405 0.045272 -0.000519 -0.000244
-0.003493 -0.000519 0.492367 0.102309
-0.000523 -0.000244 0.102309 0.045362
19.802278 1.163668 24.124047 2.029965
0.489100 0.101603 -0.002482 -0.000353
0.101603 0.045144 -0.000350 -0.000192
-0.002482 -0.000350 0.487964 0.101579
-0.000353 -0.000192 0.101579 0.045229
20.029742 1.089800 24.804086 1.959995
0.485388 0.101061 -0.001681 -0.000228
0.101061 0.045071 -0.000226 -0.000152
-0.001681 -0.000226 0.484733 0.101131
-0.000228 -0.000152 0.101131 0.045157
20.387055 1.050609 25.570598 1.915321
0.482535 0.100718 -0.001055 -0.000138
0.100718 0.045035 -0.000136 -0.000122
-0.001055 -0.000136 0.482407 0.100877
-0.000138 -0.000122 0.100877 0.045121
20.860213 1.039720 26.756316 1.963109
0.480338 0.100508 -0.000584 -0.000076
0.100508 0.045018 -0.000075 -0.000098
-0.000584 -0.000075 0.480829 0.100765
-0.000076 -0.000098 0.100765 0.045107
21.442778 1.052873 27.822903 1.980964
0.478559 0.100367 -0.000252 -0.000038
0.100367 0.045005 -0.000037 -0.000081
-0.000252 -0.000037 0.479931 0.100768
-0.000038 -0.000081 0.100768 0.045110
22.040159 1.067773 29.310856 2.085575
0.477085 0.100264 -0.000092 -0.000030
0.100264 0.044992 -0.000029 -0.000070
-0.000092 -0.000029 0.479566 0.100847
-0.000030 -0.000070 0.100847 0.045121
22.734474 1.101547 30.390202 2.093262
0.475697 0.100153 -0.000110 -0.000052
0.100153 0.044969 -0.000052 -0.000066
-0.000110 -0.000052 0.479743 0.101001
-0.000052 -0.000066 0.101001 0.045140
23.846261 1.219855 31.341991 2.073235
0.474436 0.100044 -0.000345 -0.000111
0.100044 0.044941 -0.000111 -0.000070
-0.000345 -0.000111 0.480249 0.101182
-0.000111 -0.000070 0.101182 0.045160
24.232428 1.172606 32.392886 2.076262
0.473312 0.099942 -0.000936 -0.000235
0.099942 0.044911 -0.000235 -0.000086
-0.000936 -0.000235 0.480939 0.101365
-0.000235 -0.000086 0.101365 0.045176
24.498153 1.104841 33.314402 2.051697
0.472194 0.099822 -0.001598 -0.000358
0.099822 0.044874 -0.000359 -0.000102
-0.001598 -0.000359 0.481846 0.101561
-0.000358 -0.000102 0.101561 0.045193
25.198491 1.136144 34.481470 2.081457
0.471083 0.099688 -0.002267 -0.000471
0.099688 0.044833 -0.000472 -0.000116
-0.002267 -0.000472 0.482891 0.101757
-0.000471 -0.000116 0.101757 0.045209
25.520967 1.084123 35.496379 2.075996
0.469894 0.099526 -0.003168 -0.000624
0.099526 0.044786 -0.000625 -0.000138
-0.003168 -0.000625 0.484118 0.101969
-0.000624 -0.000138 0.101969 0.045229
26.124778 1.097169 36.309899 2.028757
0.468637 0.099343 -0.004090 -0.000770
0.099343 0.044735 -0.000772 -0.000159
-0.004090 -0.000772 0.485477 0.102188
-0.000770 -0.000159 0.102188 0.045252
26.740730 1.111386 37.081165 1.977647
0.467440 0.099169 -0.005158 -0.000939
0.099169 0.044688 -0.000942 -0.000185
-0.005158 -0.000942 0.486814 0.102386
-0.000939 -0.000185 0.102386 0.045272
28.256770 1.315354 38.209778 2.007452
0.466313 0.099007 -0.006363 -0.001128
0.099007 0.044644 -0.001132 -0.000217
-0.006363 -0.001132 0.488108 0.102564
-0.001128 -0.000217 0.102564 0.045290
28.830169 1.297307 38.983336 1.959082
0.465253 0.098855 -0.008266 -0.001454
0.098855 0.044603 -0.001461 -0.000277
-0.008266 -0.001461 0.489397 0.102733
-0.001454 -0.000277 0.102733 0.045309
29.514326 1.304800 39.892548 1.944361
0.464240 0.098710 -0.010167 -0.001761
0.098710 0.044564 -0.001770 -0.000332
-0.010167 -0.001770 0.490667 0.102896
-0.001761 -0.000332 0.102896 0.045330
30.602789 1.397508 40.780569 1.927177
0.463222 0.098560 -0.012170 -0.002073
0.098560 0.044524 -0.002085 -0.000388
-0.012170 -0.002085 0.491993 0.103068
-0.002073 -0.000388 0.103068 0.045355
31.492048 1.437932 41.631768 1.903896
0.462339 0.098437 -0.014521 -0.002446
0.098437 0.044491 -0.002461 -0.000456
-0.014521 -0.002461 0.493254 0.103226
-0.002446 -0.000456 0.103226 0.045380
31.786197 1.347664 42.749510 1.937899
0.461544 0.098327 -0.017042 -0.002839
0.098327 0.044460 -0.002857 -0.000528
-0.017042 -0.002857 0.494500 0.103381
-0.002839 -0.000528 0.103381 0.045406
32.734092 1.406863 44.121176 2.022555
0.460456 0.098150 -0.019381 -0.003179
0.098150 0.044416 -0.003199 -0.000589
-0.019381 -0.003199 0.496126 0.103617
-0.003179 -0.000589 0.103617 0.045451
33.210287 1.358387 45.138496 2.023311
0.459213 0.097942 -0.022100 -0.003591
0.097942 0.044365 -0.003613 -0.000667
-0.022100 -0.003613 0.498085 0.103916
-0.003591 -0.000667 0.103916 0.045508
34.592441 1.508610 46.189963 2.033429
0.457887 0.097721 -0.024706 -0.003968
0.097721 0.044314 -0.003990 -0.000737
-0.024706 -0.003990 0.500223 0.104241
-0.003968 -0.000737 0.104241 0.045571
35.815930 1.608782 47.168997 2.026967
0.456872 0.097570 -0.027926 -0.004466
0.097570 0.044278 -0.004492 -0.000834
-0.027926 -0.004492 0.502248 0.104529
-0.004466 -0.000834 0.104529 0.045624
36.872908 1.660591 47.516190 1.889193
0.456132 0.097474 -0.031526 -0.005026
0.097474 0.044254 -0.005059 -0.000945
-0.031526 -0.005059 0.504184 0.104791
-0.005026 -0.000945 0.104791 0.045672
37.578330 1.631803 47.918726 1.776067
0.455985 0.097498 -0.035131 -0.005566
0.097498 0.044253 -0.005609 -0.001050
-0.035131 -0.005609 0.505551 0.104930
-0.005566 -0.001050 0.104930 0.045695
