1.091969 1.398891 3.683705 0.581467
2.053490 0.821414 -0.226717 -0.090689
0.821414 80.332639 -0.090689 -0.036276
-0.226717 -0.090689 3.101368 1.240574
-0.090689 -0.036276 1.240574 80.500307
1.403752 0.724626 4.901059 2.145561
2.278777 4.046292 -1.174275 -1.947486
4.046292 14.334499 -2.030058 -4.010690
-1.174275 -2.030058 3.445131 5.820402
-1.947486 -4.010690 5.820402 19.968450
3.720485 2.926461 4.966042 1.155379
1.695311 1.935431 -0.404529 -0.327763
1.935431 3.827350 -0.320148 -0.519107
-0.404529 -0.320148 2.705335 3.028545
-0.327763 -0.519107 3.028545 5.800780
5.888177 3.503770 4.717837 0.490030
2.038984 1.706764 -0.601271 -0.443186
1.706764 2.027545 -0.471070 -0.486966
-0.601271 -0.471070 1.787922 1.465310
-0.443186 -0.486966 1.465310 2.109897
7.868049 3.676822 7.203832 2.008419
1.415786 0.906132 -0.385667 -0.223733
0.906132 0.870405 -0.227080 -0.204849
-0.385667 -0.227080 1.781810 1.192634
-0.223733 -0.204849 1.192634 1.229958
8.245685 2.889560 6.305051 0.929944
1.291116 0.681880 -0.425937 -0.215286
0.681880 0.525779 -0.215332 -0.152217
-0.425937 -0.215332 1.594476 0.877015
-0.215286 -0.152217 0.877015 0.720183
9.626465 2.863029 7.182489 1.123106
1.115293 0.501097 -0.389313 -0.168217
0.501097 0.330699 -0.167233 -0.099740
-0.389313 -0.167233 1.483716 0.692713
-0.168217 -0.099740 0.692713 0.470168
10.674003 2.713508 8.118127 1.271308
0.993457 0.390291 -0.344021 -0.129044
0.390291 0.226677 -0.128409 -0.066711
-0.344021 -0.128409 1.342940 0.543747
-0.129044 -0.066711 0.543747 0.319053
10.531262 2.187913 9.233422 1.429605
0.902483 0.316266 -0.301203 -0.099790
0.316266 0.165575 -0.099578 -0.046131
-0.301203 -0.099578 1.205908 0.431940
-0.099790 -0.046131 0.431940 0.226364
11.147978 2.038729 10.548076 1.620097
0.846789 0.268918 -0.274934 -0.081844
0.268918 0.128839 -0.082054 -0.034103
-0.274934 -0.082054 1.074446 0.346253
-0.081844 -0.034103 0.346253 0.166784
12.602111 2.160222 10.271656 1.301411
0.798879 0.232826 -0.243563 -0.065642
0.232826 0.104193 -0.066153 -0.025170
-0.243563 -0.066153 0.957867 0.282120
-0.065642 -0.025170 0.282120 0.127928
12.744538 1.907619 11.376590 1.418698
0.738482 0.199765 -0.211560 -0.052174
0.199765 0.085827 -0.052582 -0.018680
-0.211560 -0.052582 0.883319 0.241189
-0.052174 -0.018680 0.241189 0.103950
13.103203 1.755423 12.083376 1.413263
0.694980 0.176617 -0.185934 -0.042337
0.176617 0.073727 -0.042770 -0.014285
-0.185934 -0.042770 0.812447 0.207861
-0.042337 -0.014285 0.207861 0.086801
13.133931 1.547430 12.402909 1.312004
0.658767 0.158909 -0.163958 -0.034721
0.158909 0.065267 -0.035168 -0.011135
-0.163958 -0.035168 0.752282 0.182257
-0.034721 -0.011135 0.182257 0.074776
14.153125 1.608421 13.658809 1.453982
0.628954 0.145352 -0.147381 -0.029285
0.145352 0.059303 -0.029728 -0.008951
-0.147381 -0.029728 0.702975 0.162841
-0.029285 -0.008951 0.162841 0.066318
15.448970 1.718844 14.372462 1.455067
0.601825 0.134407 -0.127780 -0.023762
0.134407 0.054965 -0.024197 -0.007047
-0.127780 -0.024197 0.659189 0.147335
-0.023762 -0.007047 0.147335 0.060165
15.666990 1.579537 15.250566 1.482625
0.575695 0.125230 -0.108023 -0.018797
0.125230 0.051729 -0.019176 -0.005495
-0.108023 -0.019176 0.624432 0.135800
-0.018797 -0.005495 0.135800 0.055851
16.744590 1.641060 15.958384 1.477853
0.555684 0.118580 -0.091585 -0.014983
0.118580 0.049531 -0.015338 -0.004366
-0.091585 -0.015338 0.594093 0.126587
-0.014983 -0.004366 0.126587 0.052677
17.376468 1.601747 16.780852 1.493956
0.537723 0.113226 -0.076051 -0.011673
0.113226 0.047934 -0.011981 -0.003452
-0.076051 -0.011981 0.569920 0.119729
-0.011673 -0.003452 0.119729 0.050448
17.660949 1.498161 18.197771 1.629994
0.523311 0.109270 -0.062398 -0.008980
0.109270 0.046849 -0.009250 -0.002747
-0.062398 -0.009250 0.549779 0.114445
-0.008980 -0.002747 0.114445 0.048843
18.704745 1.563779 19.650413 1.764609
0.513110 0.106651 -0.050074 -0.006705
0.106651 0.046183 -0.006960 -0.002183
-0.050074 -0.006960 0.531715 0.110119
-0.006705 -0.002183 0.110119 0.047636
19.887872 1.644311 20.047847 1.666740
0.504755 0.104710 -0.038351 -0.004664
0.104710 0.045737 -0.004895 -0.001700
-0.038351 -0.004895 0.517232 0.106936
-0.004664 -0.001700 0.106936 0.046802
20.132046 1.525180 21.059001 1.700310
0.497450 0.103177 -0.028761 -0.003148
0.103177 0.045422 -0.003344 -0.001347
-0.028761 -0.003344 0.506821 0.104847
-0.003148 -0.001347 0.104847 0.046275
20.508922 1.444348 21.755383 1.666588
0.492062 0.102176 -0.021098 -0.002056
0.102176 0.045242 -0.002223 -0.001092
-0.021098 -0.002223 0.498589 0.103341
-0.002056 -0.001092 0.103341 0.045911
20.897671 1.375331 22.699464 1.688366
0.487874 0.101496 -0.015159 -0.001311
0.101496 0.045136 -0.001451 -0.000911
-0.015159 -0.001451 0.492452 0.102341
-0.001311 -0.000911 0.102341 0.045675
21.859865 1.432895 23.661495 1.713726
0.484456 0.101009 -0.010584 -0.000813
0.101009 0.045070 -0.000927 -0.000777
-0.010584 -0.000927 0.488140 0.101742
-0.000813 -0.000777 0.101742 0.045531
22.243040 1.362937 24.358345 1.679587
0.481376 0.100603 -0.007626 -0.000600
0.100603 0.045014 -0.000691 -0.000696
-0.007626 -0.000691 0.485558 0.101490
-0.000600 -0.000696 0.101490 0.045459
22.356467 1.244208 25.424371 1.726206
0.478674 0.100276 -0.005848 -0.000563
0.100276 0.044969 -0.000635 -0.000645
-0.005848 -0.000635 0.484174 0.101448
-0.000563 -0.000645 0.101448 0.045426
22.814222 1.210092 26.834287 1.840864
0.475701 0.099883 -0.004846 -0.000613
0.099883 0.044903 -0.000669 -0.000605
-0.004846 -0.000669 0.484277 0.101665
-0.000613 -0.000605 0.101665 0.045441
23.094212 1.141643 27.648825 1.818456
0.471813 0.099295 -0.005058 -0.000847
0.099295 0.044791 -0.000889 -0.000599
-0.005058 -0.000889 0.486310 0.102218
-0.000847 -0.000599 0.102218 0.045519
23.890165 1.189168 28.730719 1.854813
0.467826 0.098700 -0.005935 -0.001142
0.098700 0.044677 -0.001176 -0.000602
-0.005935 -0.001176 0.489232 0.102868
-0.001142 -0.000602 0.102868 0.045607
24.613848 1.216493 29.840590 1.893179
0.463509 0.098046 -0.008542 -0.001731
0.098046 0.044549 -0.001761 -0.000665
-0.008542 -0.001761 0.493259 0.103665
-0.001731 -0.000665 0.103665 0.045719
25.486275 1.272645 31.334450 2.008107
0.458894 0.097342 -0.012603 -0.002541
0.097342 0.044409 -0.002572 -0.000771
-0.012603 -0.002572 0.498374 0.104602
-0.002541 -0.000771 0.104602 0.045856
26.580778 1.369877 31.826757 1.901150
0.453514 0.096487 -0.018436 -0.003630
0.096487 0.044236 -0.003669 -0.000932
-0.018436 -0.003669 0.505359 0.105843
-0.003630 -0.000932 0.105843 0.046051
27.202083 1.356695 33.176464 1.984445
0.449982 0.096047 -0.025883 -0.004953
0.096047 0.044152 -0.005009 -0.001139
-0.025883 -0.005009 0.511216 0.106741
-0.004953 -0.001139 0.106741 0.046168
27.495679 1.274820 34.484374 2.049498
0.445703 0.095423 -0.033491 -0.006203
0.095423 0.044020 -0.006273 -0.001324
-0.033491 -0.006273 0.519025 0.107987
-0.006203 -0.001324 0.107987 0.046360
28.590326 1.372120 35.129128 1.971887
0.440606 0.094619 -0.039660 -0.007074
0.094619 0.043846 -0.007139 -0.001430
-0.039660 -0.007139 0.528485 0.109495
-0.007074 -0.001430 0.109495 0.046606
29.181640 1.351568 36.085259 1.965395
0.437052 0.094151 -0.046905 -0.008133
0.094151 0.043743 -0.008209 -0.001587
-0.046905 -0.008209 0.537145 0.110738
-0.008133 -0.001587 0.110738 0.046792
29.631299 1.300482 36.607320 1.869698
0.433519 0.093666 -0.052794 -0.008873
0.093666 0.043630 -0.008943 -0.001682
-0.052794 -0.008943 0.546035 0.111976
-0.008873 -0.001682 0.111976 0.046981
30.243810 1.294096 37.869220 1.936376
0.430626 0.093302 -0.057479 -0.009364
0.093302 0.043538 -0.009419 -0.001738
-0.057479 -0.009419 0.553964 0.112975
-0.009364 -0.001738 0.112975 0.047128
30.933853 1.305111 39.090306 1.988127
0.427146 0.092797 -0.059080 -0.009258
0.092797 0.043413 -0.009255 -0.001680
-0.059080 -0.009255 0.561490 0.113898
-0.009258 -0.001680 0.113898 0.047272
31.707003 1.333750 40.396601 2.052239
0.423958 0.092368 -0.056917 -0.008473
0.092368 0.043308 -0.008377 -0.001500
-0.056917 -0.008377 0.566442 0.114324
-0.008473 -0.001500 0.114324 0.047329
32.059109 1.265065 41.473885 2.060153
0.422604 0.092356 -0.050172 -0.006890
0.092356 0.043298 -0.006689 -0.001184
-0.050172 -0.006689 0.565587 0.113662
-0.006890 -0.001184 0.113662 0.047190
32.976016 1.329102 42.700948 2.101910
0.424399 0.092998 -0.040799 -0.004953
0.092998 0.043424 -0.004685 -0.000832
-0.040799 -0.004685 0.558213 0.111857
-0.004953 -0.000832 0.111857 0.046854
33.792976 1.362019 43.668348 2.086249
0.432072 0.094825 -0.030227 -0.002939
0.094825 0.043793 -0.002696 -0.000503
-0.030227 -0.002696 0.541621 0.108443
-0.002939 -0.000503 0.108443 0.046236
34.366136 1.341044 45.124660 2.168576
0.445503 0.097679 -0.021754 -0.001495
0.097679 0.044347 -0.001375 -0.000318
-0.021754 -0.001375 0.519333 0.104211
-0.001495 -0.000318 0.104211 0.045500
35.008423 1.332241 45.738201 2.073330
0.466308 0.101814 -0.018265 -0.001129
0.101814 0.045133 -0.001240 -0.000364
-0.018265 -0.001240 0.492269 0.099339
-0.001129 -0.000364 0.099339 0.044671
35.259757 1.240690 46.428933 2.000868
0.489193 0.105983 -0.018815 -0.001581
0.105983 0.045871 -0.001895 -0.000551
-0.018815 -0.001895 0.468262 0.095410
-0.001581 -0.000551 0.095410 0.044058
35.925447 1.249684 47.243239 1.962609
0.512189 0.109808 -0.021993 -0.002503
0.109808 0.046499 -0.002949 -0.000793
-0.021993 -0.002949 0.448625 0.092563
-0.002503 -0.000793 0.092563 0.043660
36.638285 1.270487 48.838049 2.091440
0.537371 0.113801 -0.029609 -0.004236
0.113801 0.047147 -0.004763 -0.001165
-0.029609 -0.004763 0.431716 0.090322
-0.004236 -0.001165 0.090322 0.043351
