4.092893 2.599287 0.857205 -0.549158
2.490737 0.996316 -0.101026 -0.040411
0.996316 80.402602 -0.040411 -0.016165
-0.101026 -0.040411 2.420540 0.968237
-0.040411 -0.016165 0.968237 80.391370
7.882404 6.932834 -1.173616 -3.605580
2.240802 3.913045 -0.096712 -0.149895
3.913045 15.281520 -0.148894 -0.518541
-0.096712 -0.148894 2.287855 4.009146
-0.149895 -0.518541 4.009146 15.270981
8.040928 3.112749 1.589412 1.643796
1.950094 2.259078 -0.071397 -0.077620
2.259078 4.517610 -0.077187 -0.159321
-0.071397 -0.077187 2.060450 2.372269
-0.077620 -0.159321 2.372269 4.598959
6.177446 0.218897 4.214384 3.152629
1.686762 1.427744 -0.057012 -0.047528
1.427744 1.905936 -0.047376 -0.068044
-0.057012 -0.047376 1.746057 1.461491
-0.047528 -0.068044 1.461491 1.915852
6.544989 0.390573 3.574864 1.697721
1.474083 0.977669 -0.050198 -0.033694
0.977669 0.979554 -0.033629 -0.035979
-0.050198 -0.033629 1.491761 0.979422
-0.033694 -0.035979 0.979422 0.974596
9.426804 1.853611 4.139690 1.542687
1.294939 0.705166 -0.045663 -0.025399
0.705166 0.568770 -0.025373 -0.021370
-0.045663 -0.025373 1.305823 0.705980
-0.025399 -0.021370 0.705980 0.567634
10.401991 1.876009 4.833902 1.507181
1.148730 0.531177 -0.036576 -0.017331
0.531177 0.361237 -0.017309 -0.012543
-0.036576 -0.017309 1.163007 0.535061
-0.017331 -0.012543 0.535061 0.362848
11.375483 1.890053 6.304028 1.794595
1.032350 0.415733 -0.029845 -0.012395
0.415733 0.246506 -0.012378 -0.007927
-0.029845 -0.012378 1.047575 0.420233
-0.012395 -0.007927 0.420233 0.248505
11.569647 1.621236 7.812396 2.012795
0.938620 0.335783 -0.024216 -0.009003
0.335783 0.178365 -0.008990 -0.005225
-0.024216 -0.008990 0.952405 0.339634
-0.009003 -0.005225 0.339634 0.180007
11.709917 1.404685 8.851258 2.023506
0.862084 0.278482 -0.020064 -0.006787
0.278482 0.135641 -0.006776 -0.003615
-0.020064 -0.006776 0.873054 0.281270
-0.006787 -0.003615 0.281270 0.136804
12.486914 1.426650 10.239954 2.134733
0.798380 0.236173 -0.017013 -0.005296
0.236173 0.107693 -0.005287 -0.002604
-0.017013 -0.005287 0.806775 0.238123
-0.005296 -0.002604 0.238123 0.108511
12.875709 1.337453 11.973811 2.317306
0.744790 0.204290 -0.014277 -0.004128
0.204290 0.088835 -0.004121 -0.001902
-0.014277 -0.004121 0.751091 0.205644
-0.004128 -0.001902 0.205644 0.089421
13.621886 1.357620 12.029501 2.033976
0.699649 0.179975 -0.011902 -0.003224
0.179975 0.075833 -0.003217 -0.001409
-0.011902 -0.003217 0.703878 0.180804
-0.003224 -0.001409 0.180804 0.076234
13.309018 1.115929 12.806932 1.975819
0.660984 0.161122 -0.010119 -0.002582
0.161122 0.066690 -0.002577 -0.001071
-0.010119 -0.002577 0.664273 0.161757
-0.002582 -0.001071 0.161757 0.067010
13.528495 1.036985 13.820284 1.981787
0.628290 0.146530 -0.008800 -0.002122
0.146530 0.060218 -0.002118 -0.000834
-0.008800 -0.002118 0.630557 0.146954
-0.002122 -0.000834 0.146954 0.060460
14.089859 1.046634 14.834648 1.987066
0.600594 0.135189 -0.007637 -0.001745
0.135189 0.055607 -0.001742 -0.000654
-0.007637 -0.001742 0.601951 0.135439
-0.001745 -0.000654 0.135439 0.055786
15.004382 1.132277 15.251519 1.860826
0.577139 0.126371 -0.006555 -0.001422
0.126371 0.052315 -0.001419 -0.000512
-0.006555 -0.001419 0.577809 0.126500
-0.001422 -0.000512 0.126500 0.052449
16.381272 1.306216 16.794504 1.992290
0.557265 0.119518 -0.005599 -0.001154
0.119518 0.049967 -0.001152 -0.000403
-0.005599 -0.001152 0.557638 0.119612
-0.001154 -0.000403 0.119612 0.050078
16.770730 1.250491 17.734409 1.980366
0.540619 0.114249 -0.004601 -0.000900
0.114249 0.048309 -0.000898 -0.000311
-0.004601 -0.000898 0.540805 0.114323
-0.000900 -0.000311 0.114323 0.048403
17.271845 1.224423 18.183720 1.867110
0.526832 0.110246 -0.003753 -0.000697
0.110246 0.047155 -0.000696 -0.000241
-0.003753 -0.000696 0.526838 0.110296
-0.000697 -0.000241 0.110296 0.047232
18.309702 1.312889 18.672796 1.774672
0.515488 0.107240 -0.003058 -0.000540
0.107240 0.046365 -0.000540 -0.000189
-0.003058 -0.000540 0.515399 0.107279
-0.000540 -0.000189 0.107279 0.046428
19.035116 1.327240 19.784254 1.821206
0.506236 0.105016 -0.002458 -0.000413
0.105016 0.045835 -0.000412 -0.000148
-0.002458 -0.000412 0.506163 0.105062
-0.000413 -0.000148 0.105062 0.045890
19.405308 1.266522 21.303969 1.947504
0.498829 0.103415 -0.001928 -0.000307
0.103415 0.045493 -0.000306 -0.000115
-0.001928 -0.000306 0.498761 0.103462
-0.000307 -0.000115 0.103462 0.045539
20.129154 1.285406 22.791342 2.054156
0.492994 0.102296 -0.001466 -0.000220
0.102296 0.045282 -0.000219 -0.000090
-0.001466 -0.000219 0.492912 0.102336
-0.000220 -0.000090 0.102336 0.045318
20.067470 1.138963 23.703401 2.030128
0.488438 0.101535 -0.001077 -0.000151
0.101535 0.045157 -0.000151 -0.000070
-0.001077 -0.000151 0.488401 0.101580
-0.000151 -0.000070 0.101580 0.045188
20.098937 1.026823 24.382532 1.960036
0.484952 0.101043 -0.000759 -0.000099
0.101043 0.045090 -0.000099 -0.000054
-0.000759 -0.000099 0.484981 0.101095
-0.000099 -0.000054 0.101095 0.045117
20.477148 0.998620 25.743622 2.039648
0.482335 0.100745 -0.000501 -0.000060
0.100745 0.045058 -0.000059 -0.000043
-0.000501 -0.000059 0.482449 0.100807
-0.000060 -0.000043 0.100807 0.045082
20.951243 0.993341 26.770899 2.041207
0.480363 0.100572 -0.000295 -0.000030
0.100572 0.045043 -0.000030 -0.000034
-0.000295 -0.000030 0.480672 0.100666
-0.000030 -0.000034 0.100666 0.045070
20.963271 0.891653 27.816769 2.046491
0.478894 0.100483 -0.000151 -0.000013
0.100483 0.045036 -0.000013 -0.000028
-0.000151 -0.000013 0.479484 0.100624
-0.000013 -0.000028 0.100624 0.045070
21.748028 0.962908 29.197135 2.121572
0.477803 0.100444 -0.000030 0.000001
0.100444 0.045032 0.000001 -0.000022
-0.000030 0.000001 0.478752 0.100645
0.000001 -0.000022 0.100645 0.045074
22.519048 1.023880 29.787395 2.022517
0.476939 0.100421 0.000002 -0.000002
0.100421 0.045023 -0.000002 -0.000020
0.000002 -0.000002 0.478412 0.100713
-0.000002 -0.000020 0.100713 0.045081
23.298169 1.080209 30.711223 2.004088
0.476308 0.100417 -0.000055 -0.000021
0.100417 0.045013 -0.000021 -0.000022
-0.000055 -0.000021 0.478285 0.100791
-0.000021 -0.000022 0.100791 0.045084
23.619109 1.033958 31.706463 2.002658
0.475806 0.100413 -0.000199 -0.000053
0.100413 0.044998 -0.000053 -0.000026
-0.000199 -0.000053 0.478339 0.100874
-0.000053 -0.000026 0.100874 0.045084
24.713401 1.155883 32.906690 2.044609
0.475365 0.100398 -0.000367 -0.000087
0.100398 0.044979 -0.000087 -0.000030
-0.000367 -0.000087 0.478538 0.100960
-0.000087 -0.000030 0.100960 0.045083
25.463012 1.192160 34.123581 2.085669
0.474941 0.100367 -0.000677 -0.000146
0.100367 0.044956 -0.000147 -0.000039
-0.000677 -0.000147 0.478851 0.101047
-0.000146 -0.000039 0.101047 0.045080
26.332766 1.250009 34.578433 1.961597
0.474498 0.100317 -0.001075 -0.000219
0.100317 0.044929 -0.000219 -0.000050
-0.001075 -0.000219 0.479259 0.101134
-0.000219 -0.000050 0.101134 0.045079
26.844813 1.226127 35.687699 1.988696
0.474157 0.100280 -0.001539 -0.000299
0.100280 0.044906 -0.000299 -0.000063
-0.001539 -0.000299 0.479602 0.101191
-0.000299 -0.000063 0.101191 0.045071
27.557289 1.247187 36.977358 2.051000
0.473759 0.100222 -0.002037 -0.000381
0.100222 0.044879 -0.000381 -0.000076
-0.002037 -0.000381 0.480017 0.101255
-0.000381 -0.000076 0.101255 0.045067
28.007233 1.210435 37.943484 2.038451
0.473282 0.100142 -0.002623 -0.000477
0.100142 0.044850 -0.000477 -0.000092
-0.002623 -0.000477 0.480516 0.101328
-0.000477 -0.000092 0.101328 0.045067
29.352647 1.367026 38.704966 1.984292
0.472773 0.100054 -0.003217 -0.000568
0.100054 0.044821 -0.000569 -0.000108
-0.003217 -0.000569 0.481044 0.101401
-0.000568 -0.000108 0.101401 0.045069
30.390597 1.442246 40.317926 2.115211
0.472358 0.099987 -0.004001 -0.000697
0.099987 0.044798 -0.000698 -0.000131
-0.004001 -0.000698 0.481473 0.101448
-0.000697 -0.000131 0.101448 0.045068
31.352295 1.492971 40.851831 2.005007
0.471812 0.099891 -0.004974 -0.000858
0.099891 0.044771 -0.000860 -0.000161
-0.004974 -0.000860 0.482043 0.101524
-0.000858 -0.000161 0.101524 0.045074
31.850674 1.440359 41.718051 1.976190
0.471399 0.099826 -0.005986 -0.001019
0.099826 0.044752 -0.001022 -0.000190
-0.005986 -0.001022 0.482478 0.101570
-0.001019 -0.000190 0.101570 0.045076
32.388165 1.401646 42.681687 1.970927
0.470960 0.099756 -0.006956 -0.001165
0.099756 0.044732 -0.001167 -0.000216
-0.006956 -0.001167 0.482942 0.101623
-0.001165 -0.000216 0.101623 0.045082
32.620441 1.302257 43.516304 1.938837
0.470478 0.099676 -0.007920 -0.001305
0.099676 0.044712 -0.001307 -0.000241
-0.007920 -0.001307 0.483460 0.101688
-0.001305 -0.000241 0.101688 0.045091
32.412005 1.119733 44.093154 1.855515
0.469946 0.099588 -0.008784 -0.001421
0.099588 0.044690 -0.001423 -0.000261
-0.008784 -0.001423 0.484034 0.101766
-0.001421 -0.000261 0.101766 0.045104
33.384459 1.207425 45.237898 1.901552
0.469377 0.099495 -0.009415 -0.001488
0.099495 0.044668 -0.001490 -0.000272
-0.009415 -0.001490 0.484642 0.101850
-0.001488 -0.000272 0.101850 0.045119
34.432149 1.301035 45.726925 1.805064
0.468795 0.099401 -0.010272 -0.001608
0.099401 0.044647 -0.001610 -0.000297
-0.010272 -0.001610 0.485296 0.101943
-0.001608 -0.000297 0.101943 0.045137
35.057585 1.295505 46.468637 1.771259
0.468404 0.099350 -0.011263 -0.001756
0.099350 0.044636 -0.001758 -0.000328
-0.011263 -0.001758 0.485772 0.101997
-0.001756 -0.000328 0.101997 0.045146
35.783651 1.312243 47.437585 1.788862
0.468033 0.099301 -0.012280 -0.001907
0.099301 0.044624 -0.001910 -0.000359
-0.012280 -0.001910 0.486249 0.102054
-0.001907 -0.000359 0.102054 0.045157
