2.959567 2.145947 1.254903 -0.390075
2.490737 0.996316 -0.101026 -0.040411
0.996316 80.402602 -0.040411 -0.016165
-0.101026 -0.040411 2.420540 0.968237
-0.040411 -0.016165 0.968237 80.391370
6.637902 6.690849 0.403426 -1.517830
2.249952 3.928981 -0.101929 -0.158959
3.928981 15.309275 -0.158082 -0.534505
-0.101929 -0.158082 2.279320 3.994142
-0.158959 -0.534505 3.994142 15.244603
3.776707 -0.493059 0.406338 -0.657383
1.966279 2.276404 -0.072969 -0.078605
2.276404 4.537667 -0.078219 -0.160457
-0.072969 -0.078219 2.042912 2.353400
-0.078605 -0.160457 2.353400 4.577337
7.892723 3.196970 2.582271 1.442806
1.699417 1.436781 -0.080870 -0.067251
1.436781 1.913515 -0.067291 -0.085016
-0.080870 -0.067291 1.736537 1.455182
-0.067251 -0.085016 1.455182 1.910726
6.844888 1.444044 3.662780 1.677667
1.467787 0.972358 -0.055789 -0.036028
0.972358 0.976217 -0.035970 -0.037112
-0.055789 -0.035970 1.499023 0.985161
-0.036028 -0.037112 0.985161 0.978148
7.088497 1.183546 4.455125 1.652524
1.291014 0.702930 -0.046225 -0.024964
0.702930 0.568074 -0.024927 -0.021126
-0.046225 -0.024927 1.309912 0.708193
-0.024964 -0.021126 0.708193 0.568318
9.320443 1.942265 4.717238 1.392807
1.149937 0.531922 -0.039351 -0.018295
0.531922 0.362007 -0.018270 -0.013128
-0.039351 -0.018270 1.162147 0.534440
-0.018295 -0.013128 0.534440 0.362162
9.841350 1.760796 5.988568 1.623447
1.033645 0.416410 -0.032243 -0.013181
0.416410 0.247050 -0.013161 -0.008375
-0.032243 -0.013161 1.046539 0.419641
-0.013181 -0.008375 0.419641 0.248018
10.340712 1.624453 6.729159 1.598200
0.940015 0.336404 -0.026799 -0.009823
0.336404 0.178764 -0.009807 -0.005628
-0.026799 -0.009807 0.951259 0.339094
-0.009823 -0.005628 0.339094 0.179654
10.802891 1.511111 8.451614 1.895673
0.862841 0.278817 -0.022745 -0.007581
0.278817 0.135869 -0.007568 -0.003957
-0.022745 -0.007568 0.872549 0.281013
-0.007581 -0.003957 0.281013 0.136616
11.715359 1.557590 9.194016 1.835016
0.799026 0.236438 -0.019169 -0.005874
0.236438 0.107856 -0.005864 -0.002840
-0.019169 -0.005864 0.806316 0.237912
-0.005874 -0.002840 0.237912 0.108374
12.943079 1.680612 10.840025 2.034308
0.745067 0.204426 -0.016212 -0.004610
0.204426 0.088933 -0.004602 -0.002085
-0.016212 -0.004602 0.750971 0.205550
-0.004610 -0.002085 0.205550 0.089343
13.777899 1.679297 11.238754 1.875503
0.699502 0.179989 -0.013399 -0.003565
0.179989 0.075882 -0.003558 -0.001537
-0.013399 -0.003558 0.704139 0.180818
-0.003565 -0.001537 0.180818 0.076199
13.867056 1.496211 13.013244 2.079286
0.660666 0.161095 -0.011216 -0.002812
0.161095 0.066719 -0.002806 -0.001160
-0.011216 -0.002806 0.664670 0.161803
-0.002812 -0.001160 0.161803 0.066991
14.520675 1.474140 14.549070 2.194891
0.628012 0.146514 -0.009381 -0.002228
0.146514 0.060243 -0.002223 -0.000885
-0.009381 -0.002223 0.630877 0.146980
-0.002228 -0.000885 0.146980 0.060443
15.201358 1.461444 15.416729 2.143207
0.600355 0.135182 -0.007754 -0.001752
0.135182 0.055627 -0.001748 -0.000678
-0.007754 -0.001748 0.602203 0.135450
-0.001752 -0.000678 0.135450 0.055771
15.761085 1.423960 15.773326 1.986715
0.576898 0.126361 -0.006405 -0.001382
0.126361 0.052329 -0.001379 -0.000525
-0.006405 -0.001379 0.578050 0.126512
-0.001382 -0.000525 0.126512 0.052438
16.229589 1.371755 17.155731 2.070121
0.557077 0.119517 -0.005338 -0.001103
0.119517 0.049979 -0.001101 -0.000411
-0.005338 -0.001101 0.557823 0.119615
-0.001103 -0.000411 0.119615 0.050069
17.113133 1.413562 18.383756 2.110923
0.540542 0.114267 -0.004385 -0.000869
0.114267 0.048322 -0.000867 -0.000322
-0.004385 -0.000867 0.540882 0.114307
-0.000869 -0.000322 0.114307 0.048392
17.998685 1.450991 19.506713 2.125073
0.526802 0.110268 -0.003530 -0.000670
0.110268 0.047167 -0.000669 -0.000251
-0.003530 -0.000669 0.526869 0.110276
-0.000670 -0.000251 0.110276 0.047223
19.088838 1.526866 20.546596 2.120410
0.515489 0.107263 -0.002787 -0.000507
0.107263 0.046374 -0.000506 -0.000195
-0.002787 -0.000506 0.515399 0.107258
-0.000507 -0.000195 0.107258 0.046421
19.609513 1.476401 20.916113 1.977033
0.506268 0.105040 -0.002158 -0.000377
0.105040 0.045843 -0.000376 -0.000151
-0.002158 -0.000376 0.506131 0.105040
-0.000377 -0.000151 0.105040 0.045884
19.526487 1.306061 21.402842 1.872848
0.498864 0.103435 -0.001664 -0.000280
0.103435 0.045498 -0.000280 -0.000119
-0.001664 -0.000280 0.498728 0.103444
-0.000280 -0.000119 0.103444 0.045535
20.014510 1.271814 22.292207 1.863059
0.493026 0.102311 -0.001277 -0.000209
0.102311 0.045285 -0.000208 -0.000094
-0.001277 -0.000208 0.492883 0.102323
-0.000209 -0.000094 0.102323 0.045316
19.944037 1.124949 23.046390 1.826108
0.488479 0.101549 -0.000961 -0.000153
0.101549 0.045159 -0.000153 -0.000075
-0.000961 -0.000153 0.488363 0.101568
-0.000153 -0.000075 0.101568 0.045187
20.295589 1.081008 24.047727 1.844495
0.485009 0.101057 -0.000700 -0.000110
0.101057 0.045092 -0.000109 -0.000060
-0.000700 -0.000109 0.484928 0.101082
-0.000110 -0.000060 0.101082 0.045116
20.866908 1.087472 25.476261 1.950284
0.482390 0.100757 -0.000487 -0.000076
0.100757 0.045059 -0.000075 -0.000048
-0.000487 -0.000075 0.482398 0.100797
-0.000076 -0.000048 0.100797 0.045081
21.776353 1.164051 26.801011 2.023516
0.480415 0.100582 -0.000323 -0.000051
0.100582 0.045044 -0.000051 -0.000039
-0.000323 -0.000051 0.480623 0.100658
-0.000051 -0.000039 0.100658 0.045070
22.501728 1.194128 27.798412 2.020506
0.478927 0.100487 -0.000242 -0.000043
0.100487 0.045036 -0.000042 -0.000033
-0.000242 -0.000042 0.479454 0.100621
-0.000043 -0.000033 0.100621 0.045070
23.647292 1.309431 29.041372 2.069430
0.477825 0.100445 -0.000236 -0.000048
0.100445 0.045031 -0.000048 -0.000031
-0.000236 -0.000048 0.478733 0.100644
-0.000048 -0.000031 0.100644 0.045075
23.853301 1.214959 29.647983 1.979306
0.476989 0.100429 -0.000353 -0.000076
0.100429 0.045023 -0.000076 -0.000034
-0.000353 -0.000076 0.478364 0.100706
-0.000076 -0.000034 0.100706 0.045080
24.606459 1.245670 30.944498 2.043974
0.476383 0.100430 -0.000475 -0.000101
0.100430 0.045014 -0.000101 -0.000035
-0.000475 -0.000101 0.478212 0.100779
-0.000101 -0.000035 0.100779 0.045082
25.325626 1.265997 31.778631 2.004358
0.475869 0.100422 -0.000688 -0.000141
0.100422 0.044999 -0.000141 -0.000040
-0.000688 -0.000141 0.478278 0.100865
-0.000141 -0.000040 0.100865 0.045083
26.156685 1.307837 33.170350 2.086551
0.475460 0.100413 -0.000969 -0.000192
0.100413 0.044982 -0.000192 -0.000047
-0.000969 -0.000192 0.478447 0.100945
-0.000192 -0.000047 0.100945 0.045080
27.171667 1.384135 34.234248 2.090922
0.475041 0.100382 -0.001362 -0.000261
0.100382 0.044958 -0.000262 -0.000058
-0.001362 -0.000262 0.478757 0.101032
-0.000261 -0.000058 0.101032 0.045078
26.955372 1.192049 34.704629 1.969476
0.474654 0.100344 -0.001877 -0.000352
0.100344 0.044934 -0.000352 -0.000074
-0.001877 -0.000352 0.479111 0.101108
-0.000352 -0.000074 0.101108 0.045074
27.764938 1.237197 35.619901 1.954849
0.474292 0.100301 -0.002252 -0.000406
0.100301 0.044909 -0.000406 -0.000081
-0.002252 -0.000406 0.479476 0.101172
-0.000406 -0.000081 0.101172 0.045068
27.588642 1.068993 36.295384 1.890991
0.473937 0.100251 -0.002725 -0.000479
0.100251 0.044884 -0.000479 -0.000092
-0.002725 -0.000479 0.479849 0.101227
-0.000479 -0.000092 0.101227 0.045062
28.703172 1.191841 37.729241 1.994138
0.473546 0.100188 -0.003082 -0.000524
0.100188 0.044858 -0.000524 -0.000099
-0.003082 -0.000524 0.480257 0.101282
-0.000524 -0.000099 0.101282 0.045059
29.116809 1.153065 38.106014 1.863307
0.473074 0.100105 -0.003662 -0.000617
0.100105 0.044830 -0.000617 -0.000115
-0.003662 -0.000617 0.480747 0.101350
-0.000617 -0.000115 0.101350 0.045060
29.895446 1.195859 39.085355 1.873437
0.472684 0.100041 -0.004204 -0.000697
0.100041 0.044808 -0.000698 -0.000130
-0.004204 -0.000698 0.481143 0.101393
-0.000697 -0.000130 0.101393 0.045057
30.374460 1.170670 39.987068 1.866007
0.472272 0.099971 -0.004855 -0.000799
0.099971 0.044786 -0.000799 -0.000149
-0.004855 -0.000799 0.481559 0.101440
-0.000799 -0.000149 0.101440 0.045058
31.346619 1.252576 40.930372 1.868391
0.471823 0.099894 -0.005528 -0.000901
0.099894 0.044764 -0.000902 -0.000168
-0.005528 -0.000902 0.482011 0.101494
-0.000901 -0.000168 0.101494 0.045062
32.212323 1.303272 41.857276 1.867011
0.471392 0.099822 -0.006351 -0.001032
0.099822 0.044744 -0.001033 -0.000193
-0.006351 -0.001033 0.482453 0.101546
-0.001032 -0.000193 0.101546 0.045068
33.312601 1.398119 42.547148 1.816084
0.470970 0.099753 -0.007281 -0.001180
0.099753 0.044726 -0.001182 -0.000222
-0.007281 -0.001182 0.482897 0.101599
-0.001180 -0.000222 0.101599 0.045075
33.380447 1.264363 43.427032 1.809619
0.470654 0.099708 -0.008338 -0.001349
0.099708 0.044714 -0.001352 -0.000255
-0.008338 -0.001352 0.483248 0.101634
-0.001349 -0.000255 0.101634 0.045079
33.917039 1.244487 44.718039 1.890726
0.470220 0.099637 -0.009254 -0.001482
0.099637 0.044696 -0.001485 -0.000279
-0.009254 -0.001485 0.483727 0.101698
-0.001482 -0.000279 0.101698 0.045090
34.928152 1.326846 45.602525 1.878365
0.469649 0.099538 -0.010244 -0.001628
0.099538 0.044673 -0.001631 -0.000307
-0.010244 -0.001631 0.484373 0.101797
-0.001628 -0.000307 0.101797 0.045110
35.300120 1.265425 46.841579 1.941005
0.469156 0.099460 -0.011384 -0.001803
0.099460 0.044655 -0.001806 -0.000341
-0.011384 -0.001806 0.484969 0.101882
-0.001803 -0.000341 0.101882 0.045126
35.934708 1.265833 47.819470 1.942559
0.468517 0.099352 -0.012517 -0.001971
0.099352 0.044632 -0.001974 -0.000374
-0.012517 -0.001974 0.485743 0.102003
-0.001971 -0.000374 0.102003 0.045150
