-1.510821 0.357753 5.248963 1.207584
41.463505 16.585761 -56.479068 -22.592117
16.585761 86.638515 -22.592117 -9.037042
-56.479068 -22.592117 80.538224 32.215988
-22.592117 -9.037042 32.215988 92.890741
1.000112 2.965281 4.805099 1.696168
61.632483 31.190726 -86.457623 -43.647887
31.190726 37.037610 -41.472331 -41.290231
-86.457623 -41.472331 124.837141 64.650294
-43.647887 -41.290231 64.650294 68.795574
4.453519 3.731469 2.406833 0.074063
82.501983 44.489952 -100.209055 -43.468113
44.489952 35.139911 -53.152201 -36.742994
-100.209055 -53.152201 124.265012 54.542393
-43.468113 -36.742994 54.542393 44.674126
1.275744 1.438595 8.452660 2.483147
45.261989 21.704139 -40.236061 -11.449312
21.704139 17.150205 -19.163705 -14.286829
-40.236061 -19.163705 37.351672 11.354460
-11.449312 -14.286829 11.354460 16.529452
-0.301891 0.487253 11.520507 2.994833
11.496975 6.156962 -13.608178 -7.498027
6.156962 7.413861 -7.927519 -9.797910
-13.608178 -7.927519 18.156052 11.139395
-7.498027 -9.797910 11.139395 14.438952
3.874471 2.322470 8.977064 1.115918
6.165924 3.586109 -9.802372 -5.808572
3.586109 4.462728 -6.247566 -6.692955
-9.802372 -6.247566 18.256627 11.441556
-5.808572 -6.692955 11.441556 11.173209
4.174497 1.848444 11.171979 1.974138
9.783086 5.163806 -14.327020 -7.481920
5.163806 4.071692 -7.662401 -5.675505
-14.327020 -7.662401 22.916268 11.984740
-7.481920 -5.675505 11.984740 8.520552
4.639144 1.638902 12.438632 2.116631
14.155705 6.377913 -21.859679 -9.617510
6.377913 3.702380 -9.838402 -5.356760
-21.859679 -9.838402 35.590481 15.575497
-9.617510 -5.356760 15.575497 8.211701
6.803616 2.166525 11.717843 1.432092
15.664911 5.934697 -25.806378 -9.511436
5.934697 2.797714 -9.701023 -4.255205
-25.806378 -9.701023 44.346428 16.223769
-9.511436 -4.255205 16.223769 6.867429
6.573834 1.771716 15.155772 2.253248
19.147655 6.391645 -29.872733 -9.651361
6.391645 2.519303 -9.870708 -3.664709
-29.872733 -9.870708 48.169660 15.427477
-9.651361 -3.664709 15.427477 5.603132
3.283727 0.525629 22.403720 4.015385
8.963732 2.510487 -15.439990 -4.245737
2.510487 0.987411 -4.200999 -1.502038
-15.439990 -4.200999 28.322393 7.661076
-4.245737 -1.502038 7.661076 2.562079
6.641989 1.309891 18.999603 2.675511
0.866665 0.237142 -1.291804 -0.337282
0.237142 0.286398 -0.171141 -0.313764
-1.291804 -0.171141 4.244607 0.895733
-0.337282 -0.313764 0.895733 0.566917
6.756900 1.112292 20.742640 2.846640
0.748752 0.230467 -1.225526 -0.345983
0.230467 0.237869 -0.187663 -0.261461
-1.225526 -0.187663 4.897543 1.040010
-0.345983 -0.261461 1.040010 0.520173
8.525305 1.520587 20.334457 2.288253
0.584657 0.195406 -0.910492 -0.273575
0.195406 0.189795 -0.098008 -0.192178
-0.910492 -0.098008 5.133371 1.010014
-0.273575 -0.192178 1.010014 0.434051
9.425097 1.569154 21.273322 2.224056
0.546178 0.186432 -0.886910 -0.264139
0.186432 0.155512 -0.099444 -0.153020
-0.886910 -0.099444 5.986050 1.127104
-0.264139 -0.153020 1.127104 0.398795
10.687079 1.721684 21.380890 1.965661
0.481817 0.165153 -0.705565 -0.214810
0.165153 0.125786 -0.038744 -0.109749
-0.705565 -0.038744 6.615156 1.147258
-0.214810 -0.109749 1.147258 0.348257
12.131075 1.917951 21.600712 1.730445
0.444700 0.149550 -0.585915 -0.179960
0.149550 0.103559 -0.002606 -0.079517
-0.585915 -0.002606 7.451741 1.206394
-0.179960 -0.079517 1.206394 0.317234
13.212732 1.940849 21.591404 1.583332
0.415700 0.135681 -0.467987 -0.147330
0.135681 0.086635 0.029147 -0.056342
-0.467987 0.029147 8.339863 1.265354
-0.147330 -0.056342 1.265354 0.293846
14.460116 2.022167 21.814312 1.456732
0.396542 0.124095 -0.403444 -0.125337
0.124095 0.073727 0.040138 -0.041039
-0.403444 0.040138 9.327994 1.341280
-0.125337 -0.041039 1.341280 0.280104
15.400242 2.006134 22.952748 1.521870
0.375955 0.113508 -0.287039 -0.097581
0.113508 0.064129 0.063741 -0.027488
-0.287039 0.063741 10.149541 1.378137
-0.097581 -0.027488 1.378137 0.263701
16.795597 2.095920 21.515777 1.187941
0.370711 0.113990 0.293151 -0.015662
0.113990 0.061075 0.190106 -0.005087
0.293151 0.190106 8.362064 1.016343
-0.015662 -0.005087 1.016343 0.192468
17.684965 2.057142 22.869461 1.302265
0.351633 0.100622 0.050778 -0.039397
0.100622 0.052322 0.082465 -0.012190
0.050778 0.082465 8.058605 0.987642
-0.039397 -0.012190 0.987642 0.184651
18.971807 2.129943 23.844757 1.311269
0.379977 0.106973 0.455592 0.010692
0.106973 0.052106 0.164221 0.000766
0.455592 0.164221 6.243440 0.695278
0.010692 0.000766 0.695278 0.136932
20.182201 2.176121 27.083950 1.600606
0.488955 0.131279 0.555192 0.013696
0.131279 0.056284 0.155232 -0.000022
0.555192 0.155232 2.721968 0.262259
0.013696 -0.000022 0.262259 0.082355
21.035565 2.118755 26.927265 1.506763
0.572037 0.145615 0.290196 -0.022945
0.145615 0.057668 0.071463 -0.008799
0.290196 0.071463 0.996095 0.092966
-0.022945 -0.008799 0.092966 0.065024
22.053241 2.111103 27.371032 1.466797
0.700727 0.168936 0.192659 -0.041249
0.168936 0.061224 0.042010 -0.011700
0.192659 0.042010 0.603675 0.067014
-0.041249 -0.011700 0.067014 0.062890
22.947594 2.077817 27.765982 1.423720
0.840316 0.191558 0.089317 -0.060192
0.191558 0.064327 0.015744 -0.014342
0.089317 0.015744 0.438233 0.066488
-0.060192 -0.014342 0.066488 0.063417
24.113836 2.104735 28.527072 1.423849
0.989609 0.213191 -0.024967 -0.080586
0.213191 0.066964 -0.009023 -0.016965
-0.024967 -0.009023 0.373425 0.076663
-0.080586 -0.016965 0.076663 0.064866
25.048041 2.081067 29.181434 1.417780
1.133844 0.230909 -0.159913 -0.103470
0.230909 0.068602 -0.034436 -0.019801
-0.159913 -0.034436 0.373137 0.094188
-0.103470 -0.019801 0.094188 0.067050
26.369158 2.135497 30.050902 1.446099
1.287708 0.248073 -0.308089 -0.127885
0.248073 0.070029 -0.058781 -0.022625
-0.308089 -0.058781 0.419376 0.115885
-0.127885 -0.022625 0.115885 0.069408
26.833386 2.019333 30.352779 1.350444
1.432489 0.261176 -0.474464 -0.153963
0.261176 0.070603 -0.083018 -0.025458
-0.474464 -0.083018 0.510604 0.142348
-0.153963 -0.025458 0.142348 0.072278
27.503164 1.953272 30.769678 1.284329
1.610169 0.278361 -0.656206 -0.181110
0.278361 0.071907 -0.106727 -0.028242
-0.656206 -0.106727 0.632392 0.169773
-0.181110 -0.028242 0.169773 0.074735
28.310747 1.916380 31.147416 1.213540
1.807670 0.296677 -0.857962 -0.209399
0.296677 0.073307 -0.130743 -0.030999
-0.857962 -0.130743 0.786557 0.198853
-0.209399 -0.030999 0.198853 0.077112
29.060180 1.882914 31.839323 1.231343
2.010359 0.313408 -1.081018 -0.238816
0.313408 0.074320 -0.155047 -0.033693
-1.081018 -0.155047 0.977865 0.230729
-0.238816 -0.033693 0.230729 0.079789
29.124453 1.720900 32.192989 1.139967
2.245283 0.333282 -1.328551 -0.269104
0.333282 0.075776 -0.180400 -0.036371
-1.328551 -0.180400 1.198776 0.263056
-0.269104 -0.036371 0.263056 0.082180
29.466514 1.619022 32.484998 1.053302
2.542663 0.361186 -1.600017 -0.298478
0.361186 0.078433 -0.207501 -0.038955
-1.600017 -0.207501 1.430046 0.291153
-0.298478 -0.038955 0.291153 0.083297
30.601571 1.678910 33.095845 1.086895
2.874298 0.391473 -1.895923 -0.327888
0.391473 0.081240 -0.235763 -0.041461
-1.895923 -0.235763 1.682320 0.318434
-0.327888 -0.041461 0.318434 0.084185
31.773373 1.751498 33.925942 1.168130
3.196318 0.416172 -2.221307 -0.360435
0.416172 0.082897 -0.264107 -0.044008
-2.221307 -0.264107 1.987174 0.352192
-0.360435 -0.044008 0.352192 0.086436
32.806630 1.780353 34.547139 1.184334
3.519485 0.437930 -2.571986 -0.394292
0.437930 0.083985 -0.292300 -0.046441
-2.571986 -0.292300 2.335703 0.389565
-0.394292 -0.046441 0.389565 0.089260
33.269731 1.707121 35.119396 1.157094
3.839941 0.456602 -2.945056 -0.428892
0.456602 0.084566 -0.319845 -0.048693
-2.945056 -0.319845 2.728419 0.430246
-0.428892 -0.048693 0.430246 0.092527
34.509425 1.778360 35.789181 1.198033
4.222272 0.482330 -3.356071 -0.463782
0.482330 0.086125 -0.350702 -0.051063
-3.356071 -0.350702 3.147156 0.469036
-0.463782 -0.051063 0.469036 0.095105
35.877483 1.869444 36.534258 1.256045
4.582723 0.501730 -3.785709 -0.499769
0.501730 0.086705 -0.379367 -0.053172
-3.785709 -0.379367 3.619207 0.512960
-0.499769 -0.053172 0.512960 0.098494
36.486243 1.827672 37.340066 1.271270
4.912117 0.514546 -4.224932 -0.535575
0.514546 0.086420 -0.404905 -0.054914
-4.224932 -0.404905 4.140363 0.560957
-0.535575 -0.054914 0.560957 0.102434
37.167894 1.790210 37.999539 1.261167
5.334218 0.538650 -4.721617 -0.572730
0.538650 0.087622 -0.436928 -0.057083
-4.721617 -0.436928 4.696063 0.606587
-0.572730 -0.057083 0.606587 0.105502
37.901104 1.760549 38.603005 1.245522
5.806598 0.567400 -5.256554 -0.610021
0.567400 0.089345 -0.471831 -0.059341
-5.256554 -0.471831 5.283375 0.650895
-0.610021 -0.059341 0.650895 0.108109
39.072429 1.838640 39.573443 1.328827
6.314916 0.598247 -5.826140 -0.647701
0.598247 0.091215 -0.508343 -0.061606
-5.826140 -0.508343 5.906996 0.695227
-0.647701 -0.061606 0.695227 0.110559
40.486347 1.932890 40.354371 1.383631
6.852235 0.629752 -6.431262 -0.686368
0.629752 0.093033 -0.545815 -0.063855
-6.431262 -0.545815 6.574683 0.740966
-0.686368 -0.063855 0.740966 0.113081
40.970380 1.846651 41.002745 1.342202
7.364478 0.653918 -7.056940 -0.727059
0.653918 0.093838 -0.579594 -0.065834
-7.056940 -0.579594 7.310055 0.793166
-0.727059 -0.065834 0.793166 0.116483
41.545972 1.784635 41.645966 1.312539
7.958046 0.687110 -7.732980 -0.767075
0.687110 0.095684 -0.619233 -0.068065
-7.732980 -0.619233 8.068148 0.841051
-0.767075 -0.068065 0.841051 0.118971
42.238989 1.783830 42.677647 1.361720
8.607341 0.725440 -8.444301 -0.805830
0.725440 0.098052 -0.662103 -0.070349
-8.444301 -0.662103 8.842180 0.885214
-0.805830 -0.070349 0.885214 0.120815
