3.361218 2.306611 -1.931800 -1.664784
2.470482 0.988214 -0.052654 -0.021062
0.988214 80.399361 -0.021062 -0.008425
-0.052654 -0.021062 2.434012 0.973626
-0.021062 -0.008425 0.973626 80.393525
4.395043 2.111778 0.316453 3.730483
2.241158 3.918071 -0.060659 -0.096017
3.918071 15.240848 -0.095637 -0.301783
-0.060659 -0.095637 2.282299 3.997215
-0.096017 -0.301783 3.997215 15.286468
5.957517 2.700879 3.435342 5.176365
1.993260 2.307128 -0.045382 -0.048225
2.307128 4.559397 -0.048162 -0.092051
-0.045382 -0.048162 2.011265 2.317918
-0.048225 -0.092051 2.317918 4.546088
7.545273 2.898985 3.344088 2.925432
1.711654 1.443434 -0.030808 -0.024719
1.443434 1.912537 -0.024683 -0.035796
-0.030808 -0.024683 1.717307 1.442752
-0.024719 -0.035796 1.442752 1.905157
6.871665 1.496133 5.115247 3.128774
1.477493 0.976264 -0.024455 -0.016172
0.976264 0.976164 -0.016154 -0.018326
-0.024455 -0.016154 1.485534 0.978947
-0.016172 -0.018326 0.978947 0.975955
7.384500 1.368362 6.680955 3.129563
1.297186 0.704596 -0.020859 -0.011708
0.704596 0.567810 -0.011698 -0.010708
-0.020859 -0.011698 1.300929 0.705083
-0.011708 -0.010708 0.705083 0.567371
8.070428 1.369558 7.181104 2.638939
1.154405 0.532878 -0.017418 -0.008470
0.532878 0.361915 -0.008463 -0.006575
-0.017418 -0.008463 1.155420 0.532468
-0.008470 -0.006575 0.532468 0.361511
9.605215 1.711640 7.818982 2.364822
1.039065 0.417854 -0.014869 -0.006381
0.417854 0.247384 -0.006377 -0.004299
-0.014869 -0.006377 1.039438 0.417528
-0.006381 -0.004299 0.417528 0.247232
10.079819 1.575946 7.592771 1.862053
0.944556 0.337485 -0.012464 -0.004799
0.337485 0.179027 -0.004796 -0.002892
-0.012464 -0.004796 0.945437 0.337547
-0.004799 -0.002892 0.337547 0.179095
10.088377 1.324272 9.086302 2.043723
0.866397 0.279558 -0.010895 -0.003804
0.279558 0.136049 -0.003802 -0.002055
-0.010895 -0.003802 0.867997 0.279934
-0.003804 -0.002055 0.279934 0.136232
10.367238 1.211297 9.080946 1.740381
0.801698 0.236921 -0.009490 -0.003033
0.236921 0.107977 -0.003031 -0.001492
-0.009490 -0.003031 0.802894 0.237186
-0.003033 -0.001492 0.237186 0.108112
12.069658 1.511674 10.849211 1.986190
0.747189 0.204777 -0.008470 -0.002493
0.204777 0.089028 -0.002492 -0.001119
-0.008470 -0.002492 0.748286 0.205024
-0.002493 -0.001119 0.205024 0.089146
12.240897 1.361442 11.578208 1.918412
0.701128 0.180232 -0.007162 -0.001958
0.180232 0.075955 -0.001957 -0.000826
-0.007162 -0.001957 0.702099 0.180447
-0.001958 -0.000826 0.180447 0.076052
13.089722 1.402390 12.612162 1.936603
0.662140 0.161321 -0.006147 -0.001571
0.161321 0.066790 -0.001570 -0.000625
-0.006147 -0.001570 0.662881 0.161479
-0.001571 -0.000625 0.161479 0.066864
13.984982 1.447615 13.891769 2.009160
0.629047 0.146652 -0.005225 -0.001254
0.146652 0.060293 -0.001253 -0.000475
-0.005225 -0.001253 0.629601 0.146767
-0.001254 -0.000475 0.146767 0.060350
14.924014 1.496046 15.362295 2.114008
0.601004 0.135250 -0.004374 -0.000989
0.135250 0.055662 -0.000989 -0.000362
-0.004374 -0.000989 0.601370 0.135324
-0.000989 -0.000362 0.135324 0.055703
15.269514 1.407918 16.405080 2.110883
0.577312 0.126394 -0.003594 -0.000769
0.126394 0.052356 -0.000768 -0.000275
-0.003594 -0.000768 0.577492 0.126431
-0.000769 -0.000275 0.126431 0.052385
16.462231 1.512728 17.210146 2.057213
0.557394 0.119546 -0.002947 -0.000598
0.119546 0.050005 -0.000598 -0.000211
-0.002947 -0.000598 0.557388 0.119547
-0.000598 -0.000211 0.119547 0.050023
17.874137 1.651312 18.687793 2.152176
0.540702 0.114275 -0.002385 -0.000460
0.114275 0.048343 -0.000459 -0.000162
-0.002385 -0.000459 0.540626 0.114267
-0.000460 -0.000162 0.114267 0.048356
18.650782 1.641042 19.637021 2.125618
0.526847 0.110263 -0.001874 -0.000342
0.110263 0.047183 -0.000342 -0.000124
-0.001874 -0.000342 0.526745 0.110254
-0.000342 -0.000124 0.110254 0.047194
18.591074 1.457838 20.146483 2.010381
0.515466 0.107253 -0.001455 -0.000252
0.107253 0.046387 -0.000252 -0.000095
-0.001455 -0.000252 0.515356 0.107246
-0.000252 -0.000095 0.107246 0.046397
18.826110 1.355318 20.646840 1.905573
0.506238 0.105036 -0.001130 -0.000187
0.105036 0.045856 -0.000187 -0.000074
-0.001130 -0.000187 0.506108 0.105026
-0.000187 -0.000074 0.105026 0.045863
18.992897 1.249385 21.591162 1.903774
0.498845 0.103438 -0.000874 -0.000139
0.103438 0.045511 -0.000139 -0.000058
-0.000874 -0.000139 0.498702 0.103426
-0.000139 -0.000058 0.103426 0.045516
19.098393 1.141652 22.802448 1.957580
0.493012 0.102318 -0.000661 -0.000101
0.102318 0.045297 -0.000101 -0.000046
-0.000661 -0.000101 0.492859 0.102304
-0.000101 -0.000046 0.102304 0.045300
19.536268 1.113998 23.587100 1.917202
0.488479 0.101560 -0.000478 -0.000070
0.101560 0.045170 -0.000070 -0.000037
-0.000478 -0.000070 0.488331 0.101547
-0.000070 -0.000037 0.101547 0.045173
20.586275 1.216733 24.534178 1.914823
0.485012 0.101069 -0.000331 -0.000046
0.101069 0.045101 -0.000046 -0.000029
-0.000331 -0.000046 0.484898 0.101063
-0.000046 -0.000029 0.101063 0.045104
21.322122 1.243377 25.940381 2.008591
0.482399 0.100769 -0.000226 -0.000032
0.100769 0.045067 -0.000032 -0.000024
-0.000226 -0.000032 0.482366 0.100778
-0.000032 -0.000024 0.100778 0.045071
22.014238 1.258132 27.345424 2.092513
0.480457 0.100600 -0.000157 -0.000023
0.100600 0.045051 -0.000023 -0.000020
-0.000157 -0.000023 0.480562 0.100635
-0.000023 -0.000020 0.100635 0.045060
22.116604 1.147610 28.139241 2.039534
0.479030 0.100516 -0.000126 -0.000022
0.100516 0.045045 -0.000022 -0.000018
-0.000126 -0.000022 0.479335 0.100588
-0.000022 -0.000018 0.100588 0.045060
23.069335 1.227268 28.502350 1.901491
0.478013 0.100489 -0.000108 -0.000022
0.100489 0.045042 -0.000022 -0.000016
-0.000108 -0.000022 0.478531 0.100598
-0.000022 -0.000016 0.100598 0.045063
23.737353 1.238716 30.237429 2.066611
0.477321 0.100498 -0.000137 -0.000030
0.100498 0.045039 -0.000030 -0.000016
-0.000137 -0.000030 0.478020 0.100634
-0.000030 -0.000016 0.100634 0.045064
24.442766 1.256856 31.337524 2.080687
0.476794 0.100510 -0.000211 -0.000046
0.100510 0.045031 -0.000046 -0.000018
-0.000211 -0.000046 0.477790 0.100696
-0.000046 -0.000018 0.100696 0.045065
24.662048 1.170526 32.192255 2.041537
0.476403 0.100521 -0.000324 -0.000068
0.100521 0.045019 -0.000068 -0.000020
-0.000324 -0.000068 0.477733 0.100764
-0.000068 -0.000020 0.100764 0.045063
25.456430 1.214684 33.553968 2.113489
0.476104 0.100528 -0.000438 -0.000088
0.100528 0.045003 -0.000088 -0.000023
-0.000438 -0.000088 0.477788 0.100828
-0.000088 -0.000023 0.100828 0.045058
25.825185 1.164287 34.817901 2.157219
0.475831 0.100521 -0.000609 -0.000118
0.100521 0.044984 -0.000118 -0.000027
-0.000609 -0.000118 0.477947 0.100890
-0.000118 -0.000027 0.100890 0.045052
25.956270 1.068951 35.521953 2.078127
0.475554 0.100497 -0.000795 -0.000149
0.100497 0.044962 -0.000149 -0.000032
-0.000795 -0.000149 0.478182 0.100951
-0.000149 -0.000032 0.100951 0.045045
26.837941 1.142314 36.132270 1.987637
0.475302 0.100468 -0.000961 -0.000174
0.100468 0.044939 -0.000174 -0.000035
-0.000961 -0.000174 0.478428 0.100999
-0.000174 -0.000035 0.100999 0.045037
26.877946 1.030011 36.990071 1.958882
0.475091 0.100440 -0.001181 -0.000209
0.100440 0.044919 -0.000209 -0.000041
-0.001181 -0.000209 0.478643 0.101030
-0.000209 -0.000041 0.101030 0.045026
27.735938 1.102599 38.582608 2.088304
0.474856 0.100400 -0.001371 -0.000236
0.100400 0.044898 -0.000236 -0.000045
-0.001371 -0.000236 0.478880 0.101059
-0.000236 -0.000045 0.101059 0.045018
29.362441 1.329904 39.295925 2.018657
0.474544 0.100342 -0.001654 -0.000282
0.100342 0.044874 -0.000282 -0.000053
-0.001654 -0.000282 0.479188 0.101099
-0.000282 -0.000053 0.101099 0.045013
30.059682 1.336804 40.715103 2.105108
0.474299 0.100298 -0.002079 -0.000355
0.100298 0.044856 -0.000355 -0.000067
-0.002079 -0.000355 0.479418 0.101119
-0.000355 -0.000067 0.101119 0.045007
30.585629 1.306688 41.818190 2.115733
0.473983 0.100238 -0.002552 -0.000435
0.100238 0.044836 -0.000435 -0.000082
-0.002552 -0.000435 0.479711 0.101152
-0.000435 -0.000082 0.101152 0.045005
31.295333 1.318579 42.767446 2.092853
0.473635 0.100173 -0.003031 -0.000511
0.100173 0.044816 -0.000511 -0.000096
-0.003031 -0.000511 0.480033 0.101190
-0.000511 -0.000096 0.101190 0.045006
32.058942 1.340712 44.016433 2.135574
0.473289 0.100111 -0.003534 -0.000589
0.100111 0.044799 -0.000590 -0.000110
-0.003534 -0.000590 0.480348 0.101226
-0.000589 -0.000110 0.101226 0.045008
31.979647 1.181966 44.690428 2.052317
0.472907 0.100043 -0.004090 -0.000675
0.100043 0.044781 -0.000676 -0.000126
-0.004090 -0.000676 0.480703 0.101271
-0.000675 -0.000126 0.101271 0.045013
32.503405 1.167357 44.888531 1.877886
0.472520 0.099977 -0.004528 -0.000734
0.099977 0.044765 -0.000735 -0.000136
-0.004528 -0.000735 0.481064 0.101317
-0.000734 -0.000136 0.101317 0.045019
33.119327 1.174250 45.956517 1.905073
0.472240 0.099936 -0.004932 -0.000785
0.099936 0.044755 -0.000786 -0.000145
-0.004932 -0.000786 0.481317 0.101340
-0.000785 -0.000145 0.101340 0.045022
33.753034 1.184176 47.019171 1.928281
0.471924 0.099888 -0.005386 -0.000848
0.099888 0.044744 -0.000849 -0.000158
-0.005386 -0.000849 0.481616 0.101375
-0.000848 -0.000158 0.101375 0.045027
34.561230 1.229775 47.755899 1.880569
0.471580 0.099834 -0.005889 -0.000921
0.099834 0.044731 -0.000922 -0.000172
-0.005889 -0.000922 0.481955 0.101420
-0.000921 -0.000172 0.101420 0.045036
34.530629 1.092863 48.389547 1.815575
0.471279 0.099790 -0.006444 -0.001005
0.099790 0.044721 -0.001005 -0.000189
-0.006444 -0.001005 0.482262 0.101459
-0.001005 -0.000189 0.101459 0.045044
