1.822593 1.691147 -0.468098 -1.079290
2.470482 0.988214 -0.052654 -0.021062
0.988214 80.399361 -0.021062 -0.008425
-0.052654 -0.021062 2.434012 0.973626
-0.021062 -0.008425 0.973626 80.393525
3.747558 3.592275 2.051691 4.284295
2.251378 3.935931 -0.062268 -0.098788
3.935931 15.272061 -0.098497 -0.306711
-0.062268 -0.098497 2.271974 3.979123
-0.098788 -0.306711 3.979123 15.254768
7.108553 5.398613 2.550670 2.392637
1.998397 2.311473 -0.041933 -0.043994
2.311473 4.564377 -0.043928 -0.087152
-0.041933 -0.043928 2.005748 2.313153
-0.043994 -0.087152 2.313153 4.540687
7.240084 3.233613 2.710813 1.520287
1.706944 1.438768 -0.028972 -0.023431
1.438768 1.909098 -0.023391 -0.034965
-0.028972 -0.023391 1.721934 1.447366
-0.023431 -0.034965 1.447366 1.908578
6.895495 1.937206 5.002748 2.529921
1.474552 0.974475 -0.025064 -0.016775
0.974475 0.975614 -0.016759 -0.018826
-0.025064 -0.016759 1.488562 0.980809
-0.016775 -0.018826 0.980809 0.976563
7.246654 1.601547 6.729573 2.780369
1.295613 0.704020 -0.021261 -0.011988
0.704020 0.567904 -0.011978 -0.010861
-0.021261 -0.011978 1.302548 0.705688
-0.011988 -0.010861 0.705688 0.567293
7.809806 1.492546 6.149801 1.873046
1.153738 0.532814 -0.017700 -0.008613
0.532814 0.362127 -0.008605 -0.006624
-0.017700 -0.008605 1.156112 0.532545
-0.008613 -0.006624 0.532545 0.361303
8.050521 1.289118 7.175688 1.909124
1.038340 0.417747 -0.015649 -0.006690
0.417747 0.247484 -0.006685 -0.004407
-0.015649 -0.006685 1.040213 0.417656
-0.006690 -0.004407 0.417656 0.247138
9.017628 1.404105 9.039574 2.233522
0.944518 0.337615 -0.013729 -0.005229
0.337615 0.179163 -0.005225 -0.003028
-0.013729 -0.005225 0.945548 0.337442
-0.005229 -0.003028 0.337442 0.178967
10.504134 1.657508 9.464511 2.010262
0.867150 0.279903 -0.011539 -0.003973
0.279903 0.136215 -0.003970 -0.002092
-0.011539 -0.003970 0.867277 0.279597
-0.003973 -0.002092 0.279597 0.136067
11.644053 1.749503 10.406779 1.991622
0.802179 0.237126 -0.009679 -0.003051
0.237126 0.108068 -0.003049 -0.001484
-0.009679 -0.003049 0.802420 0.236982
-0.003051 -0.001484 0.236982 0.108020
12.176945 1.655974 10.444783 1.729311
0.747533 0.204910 -0.008074 -0.002355
0.204910 0.089083 -0.002353 -0.001073
-0.008074 -0.002353 0.747923 0.204883
-0.002355 -0.001073 0.204883 0.089089
12.826829 1.610147 11.572074 1.796828
0.701286 0.180297 -0.006920 -0.001881
0.180297 0.075982 -0.001880 -0.000803
-0.006920 -0.001880 0.701931 0.180378
-0.001881 -0.000803 0.180378 0.076024
12.987117 1.453092 11.923803 1.663734
0.662179 0.161348 -0.005897 -0.001503
0.161348 0.066803 -0.001502 -0.000608
-0.005897 -0.001502 0.662832 0.161450
-0.001503 -0.000608 0.161450 0.066850
13.744428 1.460252 12.983224 1.716772
0.629014 0.146657 -0.005127 -0.001230
0.146657 0.060299 -0.001229 -0.000471
-0.005127 -0.001229 0.629630 0.146761
-0.001230 -0.000471 0.146761 0.060344
14.212302 1.401229 14.021764 1.757311
0.600926 0.135242 -0.004401 -0.000997
0.135242 0.055663 -0.000996 -0.000365
-0.004401 -0.000996 0.601449 0.135331
-0.000997 -0.000365 0.135331 0.055702
14.666469 1.347281 15.287217 1.841980
0.577219 0.126384 -0.003757 -0.000805
0.126384 0.052356 -0.000805 -0.000284
-0.003757 -0.000805 0.577588 0.126443
-0.000805 -0.000284 0.126443 0.052385
15.706238 1.425804 16.089554 1.816557
0.557310 0.119537 -0.003169 -0.000644
0.119537 0.050005 -0.000643 -0.000221
-0.003169 -0.000643 0.557476 0.119557
-0.000644 -0.000221 0.119557 0.050023
16.486489 1.440088 17.528626 1.928744
0.540633 0.114269 -0.002636 -0.000507
0.114269 0.048342 -0.000507 -0.000172
-0.002636 -0.000507 0.540699 0.114274
-0.000507 -0.000172 0.114274 0.048356
17.405398 1.481688 18.282900 1.884793
0.526819 0.110265 -0.002141 -0.000390
0.110265 0.047184 -0.000390 -0.000133
-0.002141 -0.000390 0.526777 0.110254
-0.000390 -0.000133 0.110254 0.047193
17.395778 1.325472 18.739500 1.783615
0.515458 0.107257 -0.001717 -0.000296
0.107257 0.046389 -0.000296 -0.000103
-0.001717 -0.000296 0.515368 0.107242
-0.000296 -0.000103 0.107242 0.046396
17.896277 1.291894 20.349300 1.932585
0.506246 0.105043 -0.001384 -0.000227
0.105043 0.045857 -0.000227 -0.000081
-0.001384 -0.000227 0.506102 0.105020
-0.000227 -0.000081 0.105020 0.045862
18.587409 1.301282 21.476229 1.965904
0.498875 0.103447 -0.001076 -0.000166
0.103447 0.045513 -0.000166 -0.000063
-0.001076 -0.000166 0.498674 0.103417
-0.000166 -0.000063 0.103417 0.045515
19.261672 1.306199 22.595811 1.994266
0.493045 0.102326 -0.000812 -0.000118
0.102326 0.045298 -0.000117 -0.000049
-0.000812 -0.000117 0.492827 0.102296
-0.000118 -0.000049 0.102296 0.045299
20.125983 1.350103 23.487324 1.972322
0.488503 0.101565 -0.000591 -0.000080
0.101565 0.045171 -0.000080 -0.000038
-0.000591 -0.000080 0.488308 0.101542
-0.000080 -0.000038 0.101542 0.045172
20.741246 1.337664 24.754878 2.030966
0.485023 0.101071 -0.000421 -0.000053
0.101071 0.045101 -0.000053 -0.000030
-0.000421 -0.000053 0.484888 0.101061
-0.000053 -0.000030 0.101061 0.045104
21.613410 1.380162 26.215350 2.123947
0.482400 0.100768 -0.000292 -0.000035
0.100768 0.045066 -0.000035 -0.000025
-0.000292 -0.000035 0.482365 0.100779
-0.000035 -0.000025 0.100779 0.045072
22.069181 1.331112 27.547712 2.180561
0.480447 0.100597 -0.000211 -0.000026
0.100597 0.045050 -0.000026 -0.000021
-0.000211 -0.000026 0.480572 0.100638
-0.000026 -0.000021 0.100638 0.045062
23.071143 1.401685 27.990511 2.044695
0.479012 0.100512 -0.000167 -0.000023
0.100512 0.045044 -0.000023 -0.000019
-0.000167 -0.000023 0.479353 0.100593
-0.000023 -0.000019 0.100593 0.045062
23.176543 1.276512 29.163632 2.076382
0.478009 0.100488 -0.000178 -0.000031
0.100488 0.045041 -0.000031 -0.000019
-0.000178 -0.000031 0.478535 0.100599
-0.000031 -0.000019 0.100599 0.045064
23.998300 1.315150 30.566807 2.153222
0.477286 0.100491 -0.000201 -0.000039
0.100491 0.045037 -0.000039 -0.000019
-0.000201 -0.000039 0.478056 0.100642
-0.000039 -0.000019 0.100642 0.045066
24.699816 1.324415 31.992381 2.226767
0.476749 0.100501 -0.000279 -0.000056
0.100501 0.045029 -0.000056 -0.000020
-0.000279 -0.000056 0.477835 0.100705
-0.000056 -0.000020 0.100705 0.045067
25.301488 1.311639 32.754979 2.152779
0.476327 0.100507 -0.000406 -0.000081
0.100507 0.045016 -0.000081 -0.000024
-0.000406 -0.000081 0.477809 0.100779
-0.000081 -0.000024 0.100779 0.045066
25.850559 1.289085 33.143817 2.007687
0.476017 0.100513 -0.000560 -0.000109
0.100513 0.045000 -0.000109 -0.000028
-0.000560 -0.000109 0.477876 0.100844
-0.000109 -0.000028 0.100844 0.045061
25.892923 1.161870 34.171425 2.012683
0.475806 0.100519 -0.000723 -0.000137
0.100519 0.044984 -0.000137 -0.000031
-0.000723 -0.000137 0.477972 0.100892
-0.000137 -0.000031 0.100892 0.045052
26.651433 1.199375 34.760387 1.924581
0.475594 0.100509 -0.000872 -0.000159
0.100509 0.044964 -0.000159 -0.000034
-0.000872 -0.000159 0.478142 0.100939
-0.000159 -0.000034 0.100939 0.045042
27.323918 1.214746 35.484849 1.874380
0.475424 0.100495 -0.001059 -0.000189
0.100495 0.044945 -0.000189 -0.000038
-0.001059 -0.000189 0.478304 0.100971
-0.000189 -0.000038 0.100971 0.045031
27.804880 1.188079 37.005265 1.997474
0.475266 0.100475 -0.001278 -0.000223
0.100475 0.044926 -0.000223 -0.000044
-0.001278 -0.000223 0.478467 0.100994
-0.000223 -0.000044 0.100994 0.045019
29.111223 1.338627 37.610475 1.914513
0.475025 0.100432 -0.001540 -0.000265
0.100432 0.044903 -0.000265 -0.000051
-0.001540 -0.000265 0.478711 0.101028
-0.000265 -0.000051 0.101028 0.045012
29.963173 1.377310 38.993321 2.004339
0.474838 0.100397 -0.001892 -0.000324
0.100397 0.044884 -0.000324 -0.000062
-0.001892 -0.000324 0.478891 0.101043
-0.000324 -0.000062 0.101043 0.045003
30.616373 1.369733 39.586287 1.918013
0.474592 0.100348 -0.002315 -0.000395
0.100348 0.044865 -0.000395 -0.000075
-0.002315 -0.000395 0.479123 0.101068
-0.000395 -0.000075 0.101068 0.044998
31.195946 1.347492 40.643096 1.938613
0.474372 0.100306 -0.002737 -0.000461
0.100306 0.044848 -0.000462 -0.000087
-0.002737 -0.000462 0.479318 0.101083
-0.000461 -0.000087 0.101083 0.044993
31.412873 1.250657 40.815219 1.770400
0.474115 0.100256 -0.003178 -0.000529
0.100256 0.044831 -0.000530 -0.000099
-0.003178 -0.000530 0.479544 0.101106
-0.000529 -0.000099 0.101106 0.044991
32.027230 1.248421 41.938320 1.820542
0.473912 0.100219 -0.003537 -0.000578
0.100219 0.044819 -0.000578 -0.000107
-0.003537 -0.000578 0.479708 0.101115
-0.000578 -0.000107 0.101115 0.044988
32.586248 1.234679 42.958882 1.843758
0.473659 0.100172 -0.003943 -0.000636
0.100172 0.044805 -0.000636 -0.000118
-0.003943 -0.000636 0.479923 0.101137
-0.000636 -0.000118 0.101137 0.044988
33.200284 1.234266 44.486860 1.971458
0.473373 0.100120 -0.004378 -0.000699
0.100120 0.044791 -0.000699 -0.000130
-0.004378 -0.000699 0.480176 0.101168
-0.000699 -0.000130 0.101168 0.044992
33.784915 1.227331 45.360910 1.947916
0.472990 0.100049 -0.004887 -0.000777
0.100049 0.044775 -0.000777 -0.000146
-0.004887 -0.000777 0.480536 0.101222
-0.000777 -0.000146 0.101222 0.045001
34.352116 1.217711 46.684455 2.021512
0.472619 0.099985 -0.005411 -0.000856
0.099985 0.044760 -0.000856 -0.000161
-0.005411 -0.000856 0.480892 0.101274
-0.000856 -0.000161 0.101274 0.045010
35.064154 1.239684 47.903990 2.065540
0.472188 0.099911 -0.005983 -0.000943
0.099911 0.044745 -0.000944 -0.000178
-0.005983 -0.000944 0.481323 0.101339
-0.000943 -0.000178 0.101339 0.045022
36.216982 1.352283 48.659340 2.007541
0.471734 0.099836 -0.006616 -0.001041
0.099836 0.044729 -0.001041 -0.000198
-0.006616 -0.001041 0.481792 0.101411
-0.001041 -0.000198 0.101411 0.045036
