-1.813235 0.236785 1.151645 -0.431379
2.053490 0.821414 -0.226717 -0.090689
0.821414 80.332639 -0.090689 -0.036276
-0.226717 -0.090689 3.101368 1.240574
-0.090689 -0.036276 1.240574 80.500307
2.892121 8.461775 2.710045 2.666476
2.872936 5.094990 -1.806381 -3.008063
5.094990 16.185321 -3.153104 -5.895123
-1.806381 -3.153104 3.737232 6.303575
-3.008063 -5.895123 6.303575 20.767389
6.656419 7.825262 2.617278 0.989281
1.800903 2.027879 -0.267535 -0.110281
2.027879 3.943320 -0.126998 -0.288665
-0.267535 -0.126998 2.384730 2.691394
-0.110281 -0.288665 2.691394 5.437977
7.762529 5.504226 4.014900 1.673552
1.498210 1.245496 -0.105300 -0.047776
1.245496 1.658206 -0.052976 -0.179983
-0.105300 -0.052976 2.025056 1.703799
-0.047776 -0.179983 1.703799 2.323742
7.382845 3.447563 4.460424 1.417605
1.260140 0.828411 -0.180820 -0.121978
0.828411 0.843556 -0.123601 -0.165403
-0.180820 -0.123601 1.859362 1.236877
-0.121978 -0.165403 1.236877 1.244606
10.023326 3.939581 6.257679 2.004411
1.104894 0.601585 -0.232529 -0.134753
0.601585 0.495095 -0.135727 -0.122233
-0.232529 -0.135727 1.695001 0.925795
-0.134753 -0.122233 0.925795 0.739538
10.023624 3.027526 7.040709 1.916411
1.010281 0.469480 -0.262406 -0.127733
0.469480 0.323220 -0.128193 -0.088041
-0.262406 -0.128193 1.507642 0.697065
-0.127733 -0.088041 0.697065 0.467482
10.257783 2.507605 9.007621 2.325913
0.941448 0.381442 -0.278490 -0.115518
0.381442 0.226606 -0.115778 -0.064380
-0.278490 -0.115778 1.344237 0.539748
-0.115518 -0.064380 0.539748 0.315064
11.032889 2.335952 8.880099 1.867743
0.903131 0.324612 -0.276066 -0.099366
0.324612 0.170007 -0.099532 -0.046929
-0.276066 -0.099532 1.168588 0.415847
-0.099366 -0.046929 0.415847 0.219495
12.027988 2.279638 9.582106 1.792938
0.842614 0.272455 -0.258484 -0.081995
0.272455 0.130250 -0.082153 -0.033980
-0.258484 -0.082153 1.057570 0.339786
-0.081995 -0.033980 0.339786 0.164389
12.680399 2.133658 9.894931 1.619085
0.782675 0.231015 -0.231217 -0.065492
0.231015 0.103432 -0.065640 -0.024471
-0.231217 -0.065640 0.964606 0.283740
-0.065492 -0.024471 0.283740 0.128357
12.913303 1.903828 10.426848 1.538901
0.727835 0.198776 -0.205197 -0.052539
0.198776 0.085167 -0.052666 -0.017995
-0.205197 -0.052666 0.889984 0.242642
-0.052539 -0.017995 0.242642 0.104318
13.590686 1.832386 11.030911 1.494744
0.683578 0.174906 -0.183952 -0.043043
0.174906 0.072845 -0.043183 -0.013665
-0.183952 -0.043183 0.825300 0.210807
-0.043043 -0.013665 0.210807 0.087541
14.056259 1.724727 12.161986 1.584899
0.644697 0.156287 -0.163082 -0.035120
0.156287 0.064202 -0.035267 -0.010474
-0.163082 -0.035267 0.769839 0.186109
-0.035120 -0.010474 0.186109 0.075686
14.853131 1.714978 13.796803 1.780249
0.613951 0.142480 -0.143133 -0.028509
0.142480 0.058263 -0.028705 -0.008098
-0.143133 -0.028705 0.718118 0.165857
-0.028509 -0.008098 0.165857 0.066980
15.321004 1.631035 15.243558 1.901815
0.588953 0.132055 -0.121541 -0.022363
0.132055 0.054126 -0.022627 -0.006166
-0.121541 -0.022627 0.669708 0.149143
-0.022363 -0.006166 0.149143 0.060528
15.593489 1.509845 15.942786 1.842299
0.569191 0.124284 -0.101310 -0.017214
0.124284 0.051260 -0.017543 -0.004694
-0.101310 -0.017543 0.627118 0.135848
-0.017214 -0.004694 0.135848 0.055830
16.082810 1.456335 17.343877 1.942543
0.552873 0.118327 -0.084854 -0.013398
0.118327 0.049240 -0.013758 -0.003665
-0.084854 -0.013758 0.592854 0.125906
-0.013398 -0.003665 0.125906 0.052530
16.740839 1.439960 18.112524 1.899279
0.539708 0.113859 -0.069193 -0.010080
0.113859 0.047850 -0.010457 -0.002836
-0.069193 -0.010457 0.563791 0.118177
-0.010080 -0.002836 0.118177 0.050149
17.517830 1.448658 18.603771 1.803994
0.528096 0.110310 -0.055693 -0.007472
0.110310 0.046857 -0.007834 -0.002219
-0.055693 -0.007834 0.541297 0.112610
-0.007472 -0.002219 0.112610 0.048520
18.023986 1.402411 19.377898 1.775827
0.517616 0.107449 -0.044397 -0.005487
0.107449 0.046145 -0.005812 -0.001767
-0.044397 -0.005812 0.524507 0.108745
-0.005487 -0.001767 0.108745 0.047434
19.098786 1.481188 20.492399 1.825288
0.509018 0.105326 -0.034773 -0.003934
0.105326 0.045677 -0.004221 -0.001424
-0.034773 -0.004221 0.511372 0.105957
-0.003934 -0.001424 0.105957 0.046687
19.593136 1.434763 22.303900 2.010661
0.501485 0.103671 -0.025997 -0.002598
0.103671 0.045359 -0.002845 -0.001134
-0.025997 -0.002845 0.501653 0.104080
-0.002598 -0.001134 0.104080 0.046199
20.249700 1.421299 23.101292 1.967099
0.495251 0.102458 -0.018093 -0.001461
0.102458 0.045161 -0.001670 -0.000888
-0.018093 -0.001670 0.494446 0.102827
-0.001461 -0.000888 0.102827 0.045878
21.201964 1.470318 23.758127 1.899825
0.489833 0.101520 -0.012094 -0.000721
0.101520 0.045029 -0.000894 -0.000725
-0.012094 -0.000894 0.489711 0.102124
-0.000721 -0.000725 0.102124 0.045689
21.662433 1.413062 24.637053 1.884226
0.485094 0.100789 -0.008110 -0.000366
0.100789 0.044941 -0.000506 -0.000635
-0.008110 -0.000506 0.486908 0.101811
-0.000366 -0.000635 0.101811 0.045587
22.400982 1.419713 25.566426 1.881617
0.480837 0.100195 -0.005544 -0.000244
0.100195 0.044875 -0.000354 -0.000583
-0.005544 -0.000354 0.485629 0.101777
-0.000244 -0.000583 0.101777 0.045541
22.571167 1.307321 26.920478 1.967721
0.476820 0.099668 -0.004624 -0.000390
0.099668 0.044813 -0.000475 -0.000577
-0.004624 -0.000475 0.485700 0.101968
-0.000390 -0.000577 0.101968 0.045538
23.235833 1.309810 28.236885 2.037620
0.472121 0.099002 -0.004511 -0.000615
0.099002 0.044713 -0.000680 -0.000576
-0.004511 -0.000680 0.487734 0.102504
-0.000615 -0.000576 0.102504 0.045602
23.274091 1.180107 29.442914 2.076752
0.466818 0.098222 -0.006027 -0.001098
0.098222 0.044581 -0.001148 -0.000623
-0.006027 -0.001148 0.491515 0.103319
-0.001098 -0.000623 0.103319 0.045718
24.376514 1.288350 30.795344 2.142828
0.460862 0.097321 -0.007606 -0.001498
0.097321 0.044420 -0.001538 -0.000645
-0.007606 -0.001538 0.496962 0.104382
-0.001498 -0.000645 0.104382 0.045877
24.549218 1.188408 31.949386 2.160047
0.454678 0.096394 -0.011783 -0.002369
0.096394 0.044250 -0.002409 -0.000765
-0.011783 -0.002409 0.503793 0.105625
-0.002369 -0.000765 0.105625 0.046066
25.002967 1.158182 32.279361 2.003161
0.448271 0.095436 -0.015640 -0.003070
0.095436 0.044069 -0.003110 -0.000843
-0.015640 -0.003110 0.511835 0.107009
-0.003070 -0.000843 0.107009 0.046278
25.427707 1.124775 32.802888 1.903447
0.443473 0.094836 -0.019734 -0.003748
0.094836 0.043960 -0.003794 -0.000917
-0.019734 -0.003794 0.518671 0.108033
-0.003748 -0.000917 0.108033 0.046411
26.155041 1.158878 32.749114 1.695046
0.439587 0.094406 -0.023918 -0.004388
0.094406 0.043877 -0.004443 -0.000987
-0.023918 -0.004443 0.524953 0.108884
-0.004388 -0.000987 0.108884 0.046513
26.096994 1.021428 33.632546 1.701270
0.437745 0.094375 -0.028939 -0.005158
0.094375 0.043867 -0.005236 -0.001093
-0.028939 -0.005236 0.529063 0.109254
-0.005158 -0.001093 0.109254 0.046526
26.874364 1.081364 35.347945 1.879926
0.435070 0.094092 -0.032451 -0.005576
0.094092 0.043788 -0.005656 -0.001126
-0.032451 -0.005656 0.534356 0.109896
-0.005576 -0.001126 0.109896 0.046613
28.276152 1.268812 36.438675 1.913586
0.431226 0.093512 -0.036257 -0.006059
0.093512 0.043637 -0.006132 -0.001184
-0.036257 -0.006132 0.541944 0.111006
-0.006059 -0.001184 0.111006 0.046806
28.776290 1.240645 37.674116 1.969977
0.427985 0.093047 -0.041454 -0.006822
0.093047 0.043511 -0.006909 -0.001312
-0.041454 -0.006909 0.549686 0.112100
-0.006822 -0.001312 0.112100 0.046994
29.361623 1.231232 38.269209 1.890521
0.424691 0.092563 -0.044136 -0.007049
0.092563 0.043383 -0.007111 -0.001326
-0.044136 -0.007111 0.556935 0.113069
-0.007049 -0.001326 0.113069 0.047160
29.649513 1.160873 39.491618 1.944960
0.422131 0.092231 -0.045823 -0.007102
0.092231 0.043288 -0.007136 -0.001317
-0.045823 -0.007136 0.562765 0.113738
-0.007102 -0.001317 0.113738 0.047270
30.843807 1.294314 40.222812 1.899776
0.420335 0.092061 -0.043806 -0.006449
0.092061 0.043231 -0.006414 -0.001170
-0.043806 -0.006414 0.565542 0.113827
-0.006449 -0.001170 0.113827 0.047276
31.282252 1.250391 41.509485 1.966227
0.419692 0.092114 -0.040806 -0.005699
0.092114 0.043219 -0.005609 -0.001026
-0.040806 -0.005609 0.565767 0.113479
-0.005699 -0.001026 0.113479 0.047211
31.917398 1.254188 42.758480 2.019587
0.422007 0.092788 -0.034180 -0.004308
0.092788 0.043342 -0.004158 -0.000766
-0.034180 -0.004158 0.559214 0.111898
-0.004308 -0.000766 0.111898 0.046923
33.148109 1.384859 43.362239 1.941761
0.428821 0.094355 -0.025996 -0.002728
0.094355 0.043647 -0.002564 -0.000494
-0.025996 -0.002564 0.545109 0.109016
-0.002728 -0.000494 0.109016 0.046408
33.815609 1.378486 44.164706 1.907849
0.439389 0.096558 -0.018737 -0.001461
0.096558 0.044064 -0.001340 -0.000308
-0.018737 -0.001340 0.526953 0.105602
-0.001461 -0.000308 0.105602 0.045826
33.853552 1.234332 44.799774 1.840672
0.454067 0.099424 -0.013742 -0.000730
0.099424 0.044594 -0.000707 -0.000241
-0.013742 -0.000707 0.505866 0.101873
-0.000730 -0.000241 0.101873 0.045210
34.890182 1.325638 45.714414 1.841073
0.469169 0.102109 -0.010807 -0.000452
0.102109 0.045053 -0.000517 -0.000255
-0.010807 -0.000517 0.487206 0.098888
-0.000452 -0.000255 0.098888 0.044761
35.607526 1.338478 46.986272 1.913272
0.490239 0.105854 -0.012745 -0.001143
0.105854 0.045724 -0.001344 -0.000459
-0.012745 -0.001344 0.465784 0.095466
-0.001143 -0.000459 0.095466 0.044213
36.322182 1.347246 47.567917 1.835565
0.516257 0.110344 -0.020480 -0.002930
0.110344 0.046524 -0.003259 -0.000859
-0.020480 -0.003259 0.444797 0.092258
-0.002930 -0.000859 0.092258 0.043696
