2.966091 2.148556 -0.926526 -1.262666
2.575399 1.030182 -0.261185 -0.104476
1.030182 80.416148 -0.104476 -0.041791
-0.261185 -0.104476 2.388565 0.955447
-0.104476 -0.041791 0.955447 80.386254
6.477809 6.426106 0.089490 1.684794
2.219717 3.855102 -0.288312 -0.456138
3.855102 15.376782 -0.447900 -1.451664
-0.288312 -0.447900 2.378579 4.169865
-0.456138 -1.451664 4.169865 15.453405
3.921092 -0.294383 1.075889 1.803149
1.932754 2.249730 -0.187724 -0.199153
2.249730 4.563167 -0.196056 -0.408275
-0.187724 -0.196056 2.113345 2.415166
-0.199153 -0.408275 2.415166 4.622600
5.007105 0.756278 2.138517 1.937581
1.704786 1.451346 -0.193872 -0.160578
1.451346 1.944724 -0.160476 -0.210105
-0.193872 -0.160476 1.768338 1.470665
-0.160578 -0.210105 1.470665 1.918781
6.408444 1.437417 2.990776 1.861510
1.480628 0.985655 -0.162843 -0.106297
0.985655 0.991580 -0.106216 -0.106111
-0.162843 -0.106216 1.517900 0.992300
-0.106297 -0.106111 0.992300 0.983057
7.036685 1.387775 3.647343 1.713786
1.295104 0.707385 -0.131949 -0.071127
0.707385 0.573114 -0.071008 -0.058535
-0.131949 -0.071008 1.329598 0.716358
-0.071127 -0.058535 0.716358 0.573887
9.251392 2.093205 5.086943 1.980683
1.149485 0.533022 -0.110144 -0.050822
0.533022 0.363805 -0.050724 -0.035685
-0.110144 -0.050724 1.181249 0.541875
-0.050822 -0.035685 0.541875 0.366641
8.255790 1.268697 6.613865 2.196211
1.030638 0.416104 -0.087222 -0.035311
0.416104 0.247656 -0.035213 -0.022220
-0.087222 -0.035213 1.062616 0.425255
-0.035311 -0.022220 0.425255 0.251103
9.394582 1.449547 7.869814 2.252098
0.940601 0.337316 -0.073936 -0.026845
0.337316 0.179545 -0.026766 -0.015145
-0.073936 -0.026766 0.960940 0.342016
-0.026845 -0.015145 0.342016 0.181343
9.820279 1.352507 9.623856 2.454300
0.864646 0.279892 -0.061824 -0.020406
0.279892 0.136491 -0.020340 -0.010553
-0.061824 -0.020340 0.878536 0.282659
-0.020406 -0.010553 0.282659 0.137669
10.779436 1.436424 10.616378 2.384951
0.802079 0.237671 -0.051563 -0.015658
0.237671 0.108386 -0.015603 -0.007537
-0.051563 -0.015603 0.809135 0.238634
-0.015658 -0.007537 0.238634 0.109014
11.891732 1.544785 11.435950 2.282692
0.748506 0.205569 -0.043090 -0.012158
0.205569 0.089342 -0.012114 -0.005508
-0.043090 -0.012114 0.751990 0.205847
-0.012158 -0.005508 0.205847 0.089775
12.742521 1.565255 11.623530 2.037618
0.702475 0.180855 -0.036019 -0.009520
0.180855 0.076156 -0.009485 -0.004098
-0.036019 -0.009485 0.704596 0.181040
-0.009520 -0.004098 0.181040 0.076546
13.812380 1.635359 12.381626 1.974023
0.662872 0.161669 -0.030602 -0.007623
0.161669 0.066885 -0.007597 -0.003124
-0.030602 -0.007597 0.665200 0.162085
-0.007623 -0.003124 0.162085 0.067296
13.972258 1.481865 13.807066 2.076354
0.629132 0.146775 -0.025852 -0.006098
0.146775 0.060316 -0.006078 -0.002400
-0.025852 -0.006078 0.631931 0.147396
-0.006098 -0.002400 0.147396 0.060730
14.530591 1.440805 15.705262 2.270018
0.601187 0.135356 -0.021827 -0.004892
0.135356 0.055674 -0.004878 -0.001861
-0.021827 -0.004878 0.603113 0.135816
-0.004892 -0.001861 0.135816 0.056003
15.116808 1.411440 16.960560 2.296352
0.577913 0.126564 -0.018023 -0.003848
0.126564 0.052379 -0.003837 -0.001436
-0.018023 -0.003837 0.578393 0.126734
-0.003848 -0.001436 0.126734 0.052604
15.943852 1.437334 17.668166 2.201803
0.558331 0.119759 -0.014721 -0.003000
0.119759 0.050034 -0.002993 -0.001110
-0.014721 -0.002993 0.557627 0.119709
-0.003000 -0.001110 0.119709 0.050181
16.849402 1.476724 18.487562 2.142309
0.541777 0.114489 -0.011966 -0.002334
0.114489 0.048369 -0.002329 -0.000864
-0.011966 -0.002329 0.540489 0.114355
-0.002334 -0.000864 0.114355 0.048475
17.826581 1.526635 19.419293 2.113191
0.527920 0.110454 -0.009618 -0.001798
0.110454 0.047204 -0.001795 -0.000674
-0.009618 -0.001795 0.526429 0.110309
-0.001798 -0.000674 0.110309 0.047287
18.393858 1.485777 20.275133 2.071282
0.516443 0.107408 -0.007601 -0.001363
0.107408 0.046402 -0.001361 -0.000525
-0.007601 -0.001361 0.514995 0.107290
-0.001363 -0.000525 0.107290 0.046472
18.587123 1.371897 21.548304 2.120401
0.507102 0.105157 -0.005932 -0.001022
0.105157 0.045865 -0.001021 -0.000411
-0.005932 -0.001021 0.505751 0.105067
-0.001022 -0.000411 0.105067 0.045924
19.319687 1.381519 22.505749 2.099086
0.499628 0.103537 -0.004508 -0.000746
0.103537 0.045518 -0.000745 -0.000321
-0.004508 -0.000745 0.498339 0.103458
-0.000746 -0.000321 0.103458 0.045563
20.057968 1.391338 23.441873 2.075536
0.493637 0.102383 -0.003344 -0.000533
0.102383 0.045299 -0.000533 -0.000252
-0.003344 -0.000533 0.492584 0.102346
-0.000533 -0.000252 0.102346 0.045339
20.763511 1.393498 24.887873 2.160502
0.488887 0.101583 -0.002431 -0.000376
0.101583 0.045167 -0.000376 -0.000199
-0.002431 -0.000376 0.488217 0.101610
-0.000376 -0.000199 0.101610 0.045208
21.096942 1.317862 26.138315 2.195926
0.485097 0.101032 -0.001733 -0.000265
0.101032 0.045088 -0.000265 -0.000160
-0.001733 -0.000265 0.485060 0.101169
-0.000265 -0.000160 0.101169 0.045140
22.272425 1.425676 26.908988 2.127581
0.482082 0.100660 -0.001208 -0.000187
0.100660 0.045042 -0.000187 -0.000131
-0.001208 -0.000187 0.482891 0.100942
-0.000187 -0.000131 0.100942 0.045114
22.746982 1.375811 28.164286 2.167678
0.479740 0.100425 -0.001021 -0.000176
0.100425 0.045017 -0.000176 -0.000116
-0.001021 -0.000176 0.481454 0.100853
-0.000176 -0.000116 0.100853 0.045108
23.506336 1.390803 29.266015 2.171435
0.477814 0.100259 -0.001009 -0.000193
0.100259 0.044997 -0.000193 -0.000109
-0.001009 -0.000193 0.480704 0.100880
-0.000193 -0.000109 0.100880 0.045118
24.338078 1.419468 30.097456 2.117997
0.476219 0.100137 -0.001243 -0.000252
0.100137 0.044978 -0.000252 -0.000110
-0.001243 -0.000252 0.480464 0.100979
-0.000252 -0.000110 0.100979 0.045135
24.292892 1.260425 30.877417 2.059271
0.474945 0.100055 -0.001716 -0.000351
0.100055 0.044959 -0.000351 -0.000120
-0.001716 -0.000351 0.480532 0.101103
-0.000351 -0.000120 0.101103 0.045150
24.313386 1.131764 31.727866 2.021511
0.473833 0.099979 -0.002113 -0.000420
0.099979 0.044936 -0.000420 -0.000123
-0.002113 -0.000420 0.480893 0.101253
-0.000420 -0.000123 0.101253 0.045165
24.518132 1.055412 32.232721 1.914915
0.472796 0.099893 -0.002466 -0.000472
0.099893 0.044907 -0.000472 -0.000124
-0.002466 -0.000472 0.481501 0.101420
-0.000472 -0.000124 0.101420 0.045180
24.803987 1.004186 32.745879 1.821285
0.471926 0.099820 -0.002823 -0.000521
0.099820 0.044878 -0.000521 -0.000124
-0.002823 -0.000521 0.482153 0.101566
-0.000521 -0.000124 0.101566 0.045189
25.759841 1.100243 33.610967 1.811789
0.471174 0.099753 -0.003218 -0.000574
0.099753 0.044848 -0.000575 -0.000128
-0.003218 -0.000575 0.482823 0.101693
-0.000574 -0.000128 0.101693 0.045194
26.602519 1.162386 35.064054 1.927088
0.470444 0.099674 -0.003970 -0.000701
0.099674 0.044816 -0.000702 -0.000148
-0.003970 -0.000702 0.483565 0.101817
-0.000701 -0.000148 0.101817 0.045199
27.933013 1.321129 35.717690 1.862142
0.469459 0.099527 -0.005094 -0.000898
0.099527 0.044769 -0.000900 -0.000183
-0.005094 -0.000900 0.484642 0.101998
-0.000898 -0.000183 0.101998 0.045217
28.041990 1.204243 36.907615 1.916322
0.468718 0.099428 -0.006675 -0.001177
0.099428 0.044734 -0.001181 -0.000234
-0.006675 -0.001181 0.485517 0.102121
-0.001177 -0.000234 0.102121 0.045225
28.496162 1.173009 38.130394 1.971852
0.467663 0.099256 -0.008138 -0.001413
0.099256 0.044685 -0.001417 -0.000274
-0.008138 -0.001417 0.486751 0.102312
-0.001413 -0.000274 0.102312 0.045249
28.867397 1.127417 39.269292 2.003808
0.466392 0.099038 -0.009694 -0.001657
0.099038 0.044628 -0.001662 -0.000316
-0.009694 -0.001662 0.488255 0.102548
-0.001657 -0.000316 0.102548 0.045284
29.211992 1.080898 40.313093 2.012379
0.464953 0.098792 -0.011272 -0.001895
0.098792 0.044568 -0.001899 -0.000357
-0.011272 -0.001899 0.489978 0.102817
-0.001895 -0.000357 0.102817 0.045326
30.168198 1.169081 41.131498 1.973519
0.463416 0.098533 -0.012838 -0.002123
0.098533 0.044509 -0.002127 -0.000397
-0.012838 -0.002127 0.491847 0.103103
-0.002123 -0.000397 0.103103 0.045372
30.671774 1.151822 42.099375 1.969447
0.462104 0.098330 -0.014752 -0.002418
0.098330 0.044463 -0.002423 -0.000452
-0.014752 -0.002423 0.493552 0.103342
-0.002418 -0.000452 0.103342 0.045409
31.033187 1.107163 43.693197 2.096499
0.460764 0.098124 -0.016703 -0.002711
0.098124 0.044417 -0.002717 -0.000506
-0.016703 -0.002717 0.495349 0.103593
-0.002711 -0.000506 0.103593 0.045451
31.734925 1.138828 44.779944 2.104834
0.458978 0.097825 -0.018732 -0.003013
0.097825 0.044351 -0.003019 -0.000563
-0.018732 -0.003019 0.497744 0.103964
-0.003013 -0.000563 0.103964 0.045519
32.854885 1.254807 45.148574 1.963378
0.457254 0.097549 -0.020961 -0.003350
0.097549 0.044292 -0.003356 -0.000628
-0.020961 -0.003356 0.500193 0.104330
-0.003350 -0.000628 0.104330 0.045585
33.634739 1.286429 45.753044 1.885158
0.456201 0.097423 -0.023511 -0.003743
0.097423 0.044266 -0.003754 -0.000705
-0.023511 -0.003754 0.501997 0.104549
-0.003743 -0.000705 0.104549 0.045620
33.966762 1.218017 46.048771 1.749654
0.455433 0.097349 -0.026128 -0.004136
0.097349 0.044248 -0.004154 -0.000782
-0.026128 -0.004154 0.503562 0.104721
-0.004136 -0.000782 0.104721 0.045649
34.968449 1.302159 46.942978 1.754939
0.454899 0.097313 -0.028379 -0.004443
0.097313 0.044235 -0.004465 -0.000840
-0.028379 -0.004465 0.504833 0.104841
-0.004443 -0.000840 0.104841 0.045670
35.881361 1.357194 47.515830 1.692620
0.454462 0.097281 -0.031014 -0.004829
0.097281 0.044221 -0.004858 -0.000917
-0.031014 -0.004858 0.506161 0.104983
-0.004829 -0.000917 0.104983 0.045699
