5.652947 3.223322 -0.248244 -0.991347
2.575399 1.030182 -0.261185 -0.104476
1.030182 80.416148 -0.104476 -0.041791
-0.261185 -0.104476 2.388565 0.955447
-0.104476 -0.041791 0.955447 80.386254
4.317294 -1.783655 4.592800 8.312497
2.185823 3.797370 -0.233696 -0.361008
3.797370 15.278497 -0.352591 -1.285621
-0.233696 -0.352591 2.391655 4.194058
-0.361008 -1.285621 4.194058 15.498030
5.809211 0.956152 2.259261 0.909226
2.051618 2.393816 -0.175322 -0.192352
2.393816 4.731152 -0.191561 -0.402304
-0.175322 -0.191561 1.983143 2.264413
-0.192352 -0.402304 2.264413 4.450045
7.823999 2.256581 3.821262 1.836471
1.718542 1.453509 -0.169498 -0.142472
1.453509 1.939001 -0.142387 -0.191677
-0.169498 -0.142387 1.742789 1.460007
-0.142472 -0.191677 1.460007 1.916131
8.734827 2.112334 3.596983 1.085983
1.471090 0.975143 -0.130295 -0.086365
0.975143 0.983425 -0.086243 -0.091075
-0.130295 -0.086243 1.514600 0.995119
-0.086365 -0.091075 0.995119 0.985389
8.233252 1.263155 3.869292 0.941295
1.280770 0.698345 -0.107775 -0.059456
0.698345 0.568707 -0.059378 -0.051221
-0.107775 -0.059378 1.335722 0.721555
-0.059456 -0.051221 0.721555 0.575772
8.965701 1.309347 5.179716 1.326610
1.138621 0.528038 -0.096136 -0.045440
0.528038 0.362277 -0.045400 -0.032525
-0.096136 -0.045400 1.187791 0.545270
-0.045440 -0.032525 0.545270 0.367113
8.890468 1.013469 7.240957 1.886409
1.026226 0.414789 -0.082342 -0.034004
0.414789 0.247781 -0.033960 -0.021136
-0.082342 -0.033960 1.065768 0.426287
-0.034004 -0.021136 0.426287 0.250598
9.036901 0.883948 8.431891 1.974782
0.938186 0.336941 -0.069879 -0.025679
0.336941 0.179877 -0.025625 -0.014235
-0.069879 -0.025625 0.962280 0.342080
-0.025679 -0.014235 0.342080 0.180674
10.233741 1.128781 9.156393 1.889789
0.864972 0.280434 -0.059823 -0.019850
0.280434 0.136991 -0.019796 -0.009969
-0.059823 -0.019796 0.877678 0.281949
-0.019850 -0.009969 0.281949 0.136933
11.051324 1.204007 9.814052 1.805081
0.801494 0.237837 -0.050772 -0.015391
0.237837 0.108654 -0.015342 -0.007128
-0.050772 -0.015342 0.809544 0.238375
-0.015391 -0.007128 0.238375 0.108573
11.832596 1.253311 10.693474 1.798697
0.747342 0.205528 -0.043286 -0.012105
0.205528 0.089483 -0.012063 -0.005225
-0.043286 -0.012063 0.753204 0.205837
-0.012105 -0.005225 0.205837 0.089503
12.168429 1.178360 11.276278 1.717562
0.701387 0.180814 -0.036854 -0.009582
0.180814 0.076256 -0.009548 -0.003897
-0.036854 -0.009548 0.705835 0.181045
-0.009582 -0.003897 0.181045 0.076344
12.940534 1.223065 12.527778 1.813085
0.662469 0.161776 -0.031809 -0.007739
0.161776 0.066991 -0.007711 -0.002976
-0.031809 -0.007711 0.665781 0.161943
-0.007739 -0.002976 0.161943 0.067109
13.316521 1.168195 14.030651 1.951910
0.629558 0.147042 -0.027079 -0.006192
0.147042 0.060434 -0.006169 -0.002279
-0.027079 -0.006169 0.631641 0.147085
-0.006192 -0.002279 0.147085 0.060545
14.186846 1.232694 14.985215 1.947199
0.602019 0.135669 -0.022813 -0.004921
0.135669 0.055780 -0.004902 -0.001753
-0.022813 -0.004902 0.602346 0.135449
-0.004921 -0.001753 0.135449 0.055840
14.635865 1.196272 16.436422 2.051654
0.578531 0.126784 -0.019043 -0.003886
0.126784 0.052448 -0.003871 -0.001354
-0.019043 -0.003871 0.577819 0.126462
-0.003886 -0.001354 0.126462 0.052489
15.366911 1.224385 16.798005 1.909255
0.558906 0.119938 -0.015668 -0.003029
0.119938 0.050083 -0.003018 -0.001046
-0.015668 -0.003018 0.557068 0.119480
-0.003029 -0.001046 0.119480 0.050095
15.446782 1.111805 17.682770 1.894132
0.542257 0.114624 -0.012937 -0.002379
0.114624 0.048403 -0.002371 -0.000820
-0.012937 -0.002371 0.540010 0.114175
-0.002379 -0.000820 0.114175 0.048414
15.952279 1.101235 18.598009 1.887431
0.528554 0.110604 -0.010667 -0.001870
0.110604 0.047236 -0.001864 -0.000648
-0.010667 -0.001864 0.525789 0.110120
-0.001870 -0.000648 0.110120 0.047233
17.012720 1.207178 19.407160 1.859756
0.517258 0.107578 -0.008678 -0.001450
0.107578 0.046434 -0.001446 -0.000513
-0.008678 -0.001446 0.514169 0.107087
-0.001450 -0.000513 0.107087 0.046422
17.989379 1.284432 20.185030 1.828427
0.507908 0.105309 -0.006911 -0.001098
0.105309 0.045891 -0.001095 -0.000404
-0.006911 -0.001095 0.504920 0.104885
-0.001098 -0.000404 0.104885 0.045884
18.521081 1.261562 21.142405 1.837321
0.500294 0.103648 -0.005390 -0.000812
0.103648 0.045534 -0.000810 -0.000319
-0.005390 -0.000810 0.497639 0.103322
-0.000812 -0.000319 0.103322 0.045537
19.541981 1.342848 22.794974 1.990053
0.494245 0.102475 -0.004100 -0.000584
0.102475 0.045312 -0.000583 -0.000252
-0.004100 -0.000583 0.491936 0.102231
-0.000584 -0.000252 0.102231 0.045319
20.215181 1.343133 23.606721 1.951897
0.489417 0.101654 -0.002971 -0.000395
0.101654 0.045176 -0.000395 -0.000198
-0.002971 -0.000395 0.487642 0.101519
-0.000395 -0.000198 0.101519 0.045193
20.777812 1.320718 25.314066 2.104456
0.485646 0.101106 -0.002104 -0.000263
0.101106 0.045099 -0.000263 -0.000159
-0.002104 -0.000263 0.484467 0.101079
-0.000263 -0.000159 0.101079 0.045126
21.988265 1.435445 26.036626 2.035666
0.482623 0.100732 -0.001429 -0.000169
0.100732 0.045054 -0.000169 -0.000129
-0.001429 -0.000169 0.482307 0.100857
-0.000169 -0.000129 0.100857 0.045100
22.844015 1.464319 27.009555 2.026281
0.480291 0.100499 -0.001095 -0.000142
0.100499 0.045030 -0.000142 -0.000114
-0.001095 -0.000142 0.480865 0.100769
-0.000142 -0.000114 0.100769 0.045094
23.807430 1.512828 28.075148 2.037319
0.478473 0.100355 -0.001024 -0.000161
0.100355 0.045015 -0.000161 -0.000109
-0.001024 -0.000161 0.480008 0.100776
-0.000161 -0.000109 0.100776 0.045099
24.489164 1.497070 28.153181 1.839535
0.477032 0.100264 -0.001241 -0.000229
0.100264 0.045002 -0.000229 -0.000113
-0.001241 -0.000229 0.479615 0.100845
-0.000229 -0.000113 0.100845 0.045110
25.262765 1.502358 29.281604 1.883459
0.476087 0.100248 -0.001571 -0.000307
0.100248 0.044998 -0.000307 -0.000119
-0.001571 -0.000307 0.479347 0.100904
-0.000307 -0.000119 0.100904 0.045111
25.817063 1.460841 30.236083 1.886133
0.475276 0.100225 -0.002134 -0.000421
0.100225 0.044985 -0.000421 -0.000132
-0.002134 -0.000421 0.479402 0.100999
-0.000421 -0.000132 0.100999 0.045116
26.149202 1.376778 31.432263 1.939447
0.474548 0.100191 -0.002836 -0.000550
0.100191 0.044965 -0.000550 -0.000148
-0.002836 -0.000550 0.479694 0.101114
-0.000550 -0.000148 0.101114 0.045122
26.387988 1.281764 32.412026 1.941489
0.473733 0.100114 -0.003629 -0.000686
0.100114 0.044933 -0.000687 -0.000165
-0.003629 -0.000687 0.480294 0.101266
-0.000686 -0.000165 0.101266 0.045133
27.228216 1.324048 33.860239 2.042210
0.472859 0.100008 -0.004438 -0.000815
0.100008 0.044895 -0.000815 -0.000181
-0.004438 -0.000815 0.481097 0.101434
-0.000815 -0.000181 0.101434 0.045147
28.068393 1.361737 34.838559 2.033256
0.471828 0.099857 -0.005599 -0.001009
0.099857 0.044847 -0.001010 -0.000211
-0.005599 -0.001010 0.482169 0.101635
-0.001009 -0.000211 0.101635 0.045168
28.094636 1.222954 35.560358 1.970813
0.470847 0.099713 -0.007007 -0.001243
0.099713 0.044803 -0.001244 -0.000250
-0.007007 -0.001244 0.483264 0.101818
-0.001243 -0.000250 0.101818 0.045185
28.778239 1.238234 36.539456 1.969532
0.469824 0.099555 -0.008196 -0.001418
0.099555 0.044758 -0.001418 -0.000276
-0.008196 -0.001418 0.484428 0.102000
-0.001418 -0.000276 0.102000 0.045202
28.820536 1.115994 37.606441 1.986353
0.468792 0.099395 -0.009590 -0.001629
0.099395 0.044713 -0.001630 -0.000311
-0.009590 -0.001630 0.485643 0.102179
-0.001629 -0.000311 0.102179 0.045221
28.941762 1.023825 39.091530 2.089331
0.467534 0.099186 -0.010846 -0.001804
0.099186 0.044660 -0.001805 -0.000340
-0.010846 -0.001805 0.487111 0.102402
-0.001804 -0.000340 0.102402 0.045252
29.809731 1.099469 40.175551 2.098029
0.465873 0.098897 -0.012113 -0.001980
0.098897 0.044593 -0.001978 -0.000369
-0.012113 -0.001978 0.489046 0.102711
-0.001980 -0.000369 0.102711 0.045301
30.968361 1.229699 41.826570 2.225205
0.464292 0.098636 -0.013770 -0.002235
0.098636 0.044534 -0.002234 -0.000418
-0.013770 -0.002234 0.490975 0.103001
-0.002235 -0.000418 0.103001 0.045347
31.280216 1.165071 42.823636 2.200499
0.462559 0.098350 -0.016103 -0.002624
0.098350 0.044471 -0.002624 -0.000494
-0.016103 -0.002624 0.493221 0.103345
-0.002624 -0.000494 0.103345 0.045405
32.183412 1.233331 43.919818 2.200249
0.460820 0.098073 -0.018285 -0.002963
0.098073 0.044412 -0.002962 -0.000558
-0.018285 -0.002962 0.495538 0.103689
-0.002963 -0.000558 0.103689 0.045463
33.146655 1.306283 44.595238 2.112222
0.459227 0.097832 -0.020786 -0.003356
0.097832 0.044361 -0.003357 -0.000633
-0.020786 -0.003357 0.497832 0.104015
-0.003356 -0.000633 0.104015 0.045518
33.767925 1.298823 45.383765 2.056291
0.458058 0.097684 -0.023501 -0.003777
0.097684 0.044330 -0.003784 -0.000714
-0.023501 -0.003784 0.499771 0.104258
-0.003777 -0.000714 0.104258 0.045557
34.633473 1.345853 46.718049 2.120708
0.457033 0.097560 -0.026171 -0.004175
0.097560 0.044301 -0.004185 -0.000790
-0.026171 -0.004185 0.501630 0.104485
-0.004175 -0.000790 0.104485 0.045596
35.397786 1.363390 47.143564 1.988847
0.455881 0.097398 -0.029139 -0.004624
0.097398 0.044262 -0.004639 -0.000876
-0.029139 -0.004639 0.503823 0.104785
-0.004624 -0.000876 0.104785 0.045652
35.759114 1.293138 47.666635 1.889722
0.455180 0.097327 -0.032038 -0.005046
0.097327 0.044242 -0.005067 -0.000957
-0.032038 -0.005067 0.505567 0.104988
-0.005046 -0.000957 0.104988 0.045690
36.546898 1.324594 48.915095 1.953317
0.454580 0.097267 -0.034588 -0.005386
0.097267 0.044222 -0.005411 -0.001022
-0.034588 -0.005411 0.507181 0.105171
-0.005386 -0.001022 0.105171 0.045725
