32.234437 0.486760 49.720918 2.045782
0.560638 0.116723 -0.031667 -0.005201
0.116723 0.047599 -0.005509 -0.001251
-0.031667 -0.005509 0.417908 0.089193
-0.005201 -0.001251 0.089193 0.043133
28.493394 -0.337022 49.373522 1.736327
0.572828 0.117751 -0.031696 -0.004988
0.117751 0.047660 -0.005293 -0.001147
-0.031696 -0.005293 0.411696 0.088965
-0.004988 -0.001147 0.088965 0.043150
24.803497 -1.061150 47.816043 1.193131
0.568757 0.115584 -0.026052 -0.003629
0.115584 0.047125 -0.003939 -0.000825
-0.026052 -0.003939 0.413400 0.090299
-0.003629 -0.000825 0.090299 0.043458
21.746758 -1.576673 46.609641 0.786816
0.550684 0.111011 -0.019596 -0.002280
0.111011 0.046204 -0.002549 -0.000537
-0.019596 -0.002549 0.423157 0.093099
-0.002280 -0.000537 0.093099 0.044021
18.841219 -2.011447 44.053623 0.128651
0.529667 0.106438 -0.014399 -0.001339
0.106438 0.045393 -0.001543 -0.000356
-0.014399 -0.001543 0.436214 0.096204
-0.001339 -0.000356 0.096204 0.044578
17.363495 -2.116193 40.557070 -0.656958
0.503379 0.101314 -0.009383 -0.000519
0.101314 0.044543 -0.000646 -0.000208
-0.009383 -0.000646 0.455357 0.100248
-0.000519 -0.000208 0.100248 0.045288
15.718976 -2.242355 36.972493 -1.371071
0.475272 0.096297 0.000834 0.001392
0.096297 0.043765 0.001252 0.000157
0.000834 0.001252 0.480254 0.105109
0.001392 0.000157 0.105109 0.046128
13.975446 -2.376383 31.864067 -2.330439
0.459096 0.094086 0.019842 0.005083
0.094086 0.043578 0.004801 0.000866
0.019842 0.004801 0.498928 0.108136
0.005083 0.000866 0.108136 0.046522
12.238771 -2.490475 26.861860 -3.152641
0.465729 0.096634 0.035084 0.007648
0.096634 0.044327 0.007317 0.001306
0.035084 0.007317 0.494266 0.105903
0.007648 0.001306 0.105903 0.045793
10.589777 -2.569170 21.754441 -3.902730
0.481060 0.100636 0.034636 0.006678
0.100636 0.045266 0.006463 0.001013
0.034636 0.006463 0.477642 0.101491
0.006678 0.001013 0.101491 0.044724
9.506939 -2.521273 17.926252 -4.301098
0.496126 0.104142 0.021080 0.003128
0.104142 0.045998 0.003072 0.000242
0.021080 0.003072 0.460658 0.097587
0.003128 0.000242 0.097587 0.043902
8.869246 -2.388270 15.092008 -4.448089
0.509637 0.106947 0.001172 -0.001328
0.106947 0.046512 -0.001243 -0.000633
0.001172 -0.001243 0.447926 0.095035
-0.001328 -0.000633 0.095035 0.043452
8.593350 -2.196127 12.820069 -4.460604
0.522025 0.109220 -0.021733 -0.005945
0.109220 0.046874 -0.005739 -0.001466
-0.021733 -0.005739 0.440374 0.093821
-0.005945 -0.001466 0.093821 0.043312
8.703610 -1.946407 12.004337 -4.159273
0.532302 0.110817 -0.047125 -0.010662
0.110817 0.047075 -0.010335 -0.002268
-0.047125 -0.010335 0.439222 0.094023
-0.010662 -0.002268 0.094023 0.043459
9.050064 -1.672307 10.767586 -3.976625
0.539862 0.111691 -0.070648 -0.014600
0.111691 0.047121 -0.014156 -0.002871
-0.070648 -0.014156 0.443478 0.095265
-0.014600 -0.002871 0.095265 0.043783
9.041829 -1.495672 10.354002 -3.633682
0.539366 0.110831 -0.093734 -0.018223
0.110831 0.046822 -0.017592 -0.003399
-0.093734 -0.017592 0.456789 0.098237
-0.018223 -0.003399 0.098237 0.044422
9.812222 -1.174564 9.827293 -3.344795
0.538169 0.109950 -0.112594 -0.020767
0.109950 0.046562 -0.019960 -0.003712
-0.112594 -0.019960 0.471323 0.101117
-0.020767 -0.003712 0.101117 0.044968
11.110402 -0.770139 9.849052 -2.961016
0.528163 0.107414 -0.125054 -0.021974
0.107414 0.046004 -0.020915 -0.003776
-0.125054 -0.020915 0.490621 0.104750
-0.021974 -0.003776 0.104750 0.045634
12.072893 -0.470768 10.087247 -2.574988
0.513507 0.104271 -0.128778 -0.021472
0.104271 0.045388 -0.020186 -0.003545
-0.128778 -0.020186 0.508772 0.107873
-0.021472 -0.003545 0.107873 0.046158
12.952441 -0.217928 10.290259 -2.240673
0.499811 0.101679 -0.127317 -0.020129
0.101679 0.044938 -0.018709 -0.003226
-0.127317 -0.018709 0.522816 0.109924
-0.020129 -0.003226 0.109924 0.046441
13.880445 0.030620 11.175605 -1.799345
0.487421 0.099606 -0.122259 -0.018337
0.099606 0.044619 -0.016859 -0.002893
-0.122259 -0.016859 0.533060 0.111106
-0.018337 -0.002893 0.111106 0.046557
14.213605 0.135719 12.531079 -1.320164
0.478454 0.098405 -0.114671 -0.016298
0.098405 0.044483 -0.014895 -0.002580
-0.114671 -0.014895 0.537435 0.111090
-0.016298 -0.002580 0.111090 0.046455
14.578567 0.240372 14.293775 -0.810108
0.474747 0.098341 -0.106299 -0.014331
0.098341 0.044565 -0.013170 -0.002340
-0.106299 -0.013170 0.534752 0.109743
-0.014331 -0.002340 0.109743 0.046124
14.877945 0.309853 15.729314 -0.425829
0.474990 0.099052 -0.095803 -0.012137
0.099052 0.044779 -0.011317 -0.002085
-0.095803 -0.011317 0.525504 0.107328
-0.012137 -0.002085 0.107328 0.045641
15.598260 0.466063 17.707692 0.035349
0.477206 0.100037 -0.084137 -0.009932
0.100037 0.045012 -0.009432 -0.001833
-0.084137 -0.009432 0.513628 0.104722
-0.009932 -0.001833 0.104722 0.045185
16.507630 0.625415 18.733009 0.253028
0.480011 0.101005 -0.070056 -0.007443
0.101005 0.045214 -0.007190 -0.001514
-0.070056 -0.007190 0.500638 0.102226
-0.007443 -0.001514 0.102226 0.044802
17.291161 0.753644 20.879695 0.676492
0.481797 0.101587 -0.056448 -0.005271
0.101587 0.045308 -0.005151 -0.001245
-0.056448 -0.005151 0.490525 0.100559
-0.005271 -0.001245 0.100559 0.044612
18.161750 0.874261 22.515198 0.950976
0.483327 0.102016 -0.042161 -0.003095
0.102016 0.045361 -0.003048 -0.000955
-0.042161 -0.003048 0.481945 0.099342
-0.003095 -0.000955 0.099342 0.044513
19.360534 1.045626 23.973115 1.162808
0.483690 0.102104 -0.029114 -0.001288
0.102104 0.045337 -0.001259 -0.000718
-0.029114 -0.001259 0.476527 0.098821
-0.001288 -0.000718 0.098821 0.044539
20.830047 1.248643 24.913065 1.245201
0.482340 0.101778 -0.018400 -0.000019
0.101778 0.045227 0.000027 -0.000567
-0.018400 0.000027 0.474612 0.098984
-0.000019 -0.000567 0.098984 0.044673
21.705217 1.305040 26.088508 1.362612
0.479841 0.101204 -0.011201 0.000538
0.101204 0.045075 0.000605 -0.000533
-0.011201 0.000605 0.475243 0.099566
0.000538 -0.000533 0.099566 0.044855
22.935751 1.432198 27.944049 1.611948
0.476471 0.100483 -0.006873 0.000592
0.100483 0.044906 0.000675 -0.000567
-0.006873 0.000675 0.477598 0.100378
0.000592 -0.000567 0.100378 0.045050
24.119726 1.532589 29.313395 1.731897
0.471305 0.099436 -0.006155 0.000027
0.099436 0.044682 0.000123 -0.000693
-0.006155 0.000123 0.482442 0.101576
0.000027 -0.000693 0.101576 0.045295
25.622194 1.689120 30.714987 1.845980
0.465569 0.098353 -0.008874 -0.001072
0.098353 0.044468 -0.000975 -0.000894
-0.008874 -0.000975 0.488568 0.102892
-0.001072 -0.000894 0.102892 0.045537
26.785575 1.757217 32.130223 1.949883
0.459949 0.097372 -0.015462 -0.002765
0.097372 0.044286 -0.002681 -0.001185
-0.015462 -0.002681 0.495574 0.104248
-0.002765 -0.001185 0.104248 0.045768
27.260020 1.671924 33.603663 2.054153
0.454417 0.096468 -0.024385 -0.004702
0.096468 0.044125 -0.004642 -0.001494
-0.024385 -0.004642 0.503852 0.105742
-0.004702 -0.001494 0.105742 0.046014
27.891102 1.628882 35.063270 2.144391
0.448116 0.095438 -0.032813 -0.006301
0.095438 0.043937 -0.006262 -0.001708
-0.032813 -0.006262 0.514264 0.107555
-0.006301 -0.001708 0.107555 0.046317
28.116406 1.502931 36.184449 2.153450
0.441587 0.094398 -0.040287 -0.007534
0.094398 0.043746 -0.007508 -0.001836
-0.040287 -0.007508 0.526067 0.109516
-0.007534 -0.001836 0.109516 0.046640
28.740877 1.475927 37.359755 2.173520
0.435368 0.093459 -0.045194 -0.008133
0.093459 0.043574 -0.008096 -0.001836
-0.045194 -0.008096 0.537677 0.111301
-0.008133 -0.001836 0.111301 0.046919
29.649901 1.514000 38.728873 2.232337
0.429899 0.092699 -0.048101 -0.008297
0.092699 0.043435 -0.008235 -0.001765
-0.048101 -0.008235 0.548206 0.112767
-0.008297 -0.001765 0.112767 0.047133
29.912868 1.406906 39.885377 2.238326
0.425485 0.092170 -0.048170 -0.007909
0.092170 0.043339 -0.007801 -0.001603
-0.048170 -0.007801 0.556263 0.113684
-0.007909 -0.001603 0.113684 0.047245
30.568193 1.394630 40.677967 2.171602
0.422864 0.092017 -0.044621 -0.006864
0.092017 0.043315 -0.006692 -0.001336
-0.044621 -0.006692 0.559774 0.113704
-0.006864 -0.001336 0.113704 0.047196
31.467652 1.440032 41.959156 2.212296
0.422186 0.092232 -0.039565 -0.005649
0.092232 0.043357 -0.005426 -0.001071
-0.039565 -0.005426 0.559345 0.113037
-0.005649 -0.001071 0.113037 0.047040
32.145627 1.430360 42.989866 2.196844
0.425617 0.093269 -0.031820 -0.004016
0.093269 0.043563 -0.003767 -0.000752
-0.031820 -0.003767 0.551001 0.110947
-0.004016 -0.000752 0.110947 0.046635
32.618991 1.378065 44.239370 2.225969
0.433363 0.095091 -0.023765 -0.002467
0.095091 0.043913 -0.002241 -0.000482
-0.023765 -0.002241 0.536415 0.107874
-0.002467 -0.000482 0.107874 0.046080
33.460559 1.411220 45.290831 2.214296
0.446534 0.097872 -0.017240 -0.001340
0.097872 0.044438 -0.001208 -0.000323
-0.017240 -0.001208 0.516011 0.103941
-0.001340 -0.000323 0.103941 0.045397
34.164660 1.411658 46.578063 2.250769
0.465003 0.101500 -0.014140 -0.000970
0.101500 0.045107 -0.000990 -0.000327
-0.014140 -0.000990 0.492387 0.099684
-0.000970 -0.000327 0.099684 0.044686
34.699781 1.375506 47.945482 2.299635
0.488784 0.105915 -0.015972 -0.001596
0.105915 0.045901 -0.001803 -0.000526
-0.015972 -0.001803 0.467780 0.095514
-0.001596 -0.000526 0.095514 0.044012
35.792811 1.459896 48.250462 2.126180
0.516313 0.110728 -0.022513 -0.003104
0.110728 0.046736 -0.003471 -0.000875
-0.022513 -0.003471 0.445318 0.092003
-0.003104 -0.000875 0.092003 0.043474
36.693845 1.496081 49.291170 2.121998
0.544700 0.115316 -0.032928 -0.005273
0.115316 0.047487 -0.005726 -0.001316
-0.032928 -0.005726 0.427614 0.089592
-0.005273 -0.001316 0.089592 0.043142
