5.337284 3.097054 1.496991 -0.293238
2.470482 0.988214 -0.052654 -0.021062
0.988214 80.399361 -0.021062 -0.008425
-0.052654 -0.021062 2.434012 0.973626
-0.021062 -0.008425 0.973626 80.393525
5.074853 -0.082881 -1.657987 -5.570703
2.247560 3.929336 -0.044655 -0.067955
3.929336 15.260670 -0.067693 -0.252786
-0.044655 -0.067693 2.274191 3.983086
-0.067955 -0.252786 3.983086 15.261850
2.700917 -2.776448 1.137432 0.862591
1.979617 2.290323 -0.055572 -0.062451
2.290323 4.539911 -0.062451 -0.108628
-0.055572 -0.062451 2.026373 2.336575
-0.062451 -0.108628 2.336575 4.567660
5.257849 0.553091 1.697923 0.974788
1.710766 1.443703 -0.048108 -0.038769
1.443703 1.913791 -0.038802 -0.046127
-0.048108 -0.038802 1.719825 1.443782
-0.038769 -0.046127 1.443782 1.904846
6.207486 0.999137 3.409997 1.781942
1.477851 0.976950 -0.036050 -0.022526
0.976950 0.976850 -0.022525 -0.021391
-0.036050 -0.022525 1.486143 0.978776
-0.022526 -0.021391 0.978776 0.975506
8.662565 2.061614 4.309562 1.787621
1.296375 0.704334 -0.027440 -0.014189
0.704334 0.567691 -0.014183 -0.011475
-0.027440 -0.014183 1.302245 0.705523
-0.014189 -0.011475 0.705523 0.567537
9.326754 1.892612 6.115844 2.207906
1.151645 0.531707 -0.020638 -0.009200
0.531707 0.361364 -0.009193 -0.006655
-0.020638 -0.009193 1.158412 0.533684
-0.009200 -0.006655 0.533684 0.362062
11.241835 2.282286 6.994358 2.117448
1.036576 0.416965 -0.016066 -0.006381
0.416965 0.247026 -0.006375 -0.004207
-0.016066 -0.006375 1.042009 0.418413
-0.006381 -0.004207 0.418413 0.247582
12.365469 2.276020 8.206527 2.172212
0.942392 0.336818 -0.012534 -0.004535
0.336818 0.178790 -0.004530 -0.002785
-0.012534 -0.004530 0.947614 0.338197
-0.004535 -0.002785 0.338197 0.179327
12.117402 1.828706 8.736158 1.993026
0.864812 0.279142 -0.009939 -0.003336
0.279142 0.135915 -0.003332 -0.001927
-0.009939 -0.003332 0.869544 0.280326
-0.003336 -0.001927 0.280326 0.136361
12.661049 1.719275 8.915890 1.751900
0.800261 0.236577 -0.008400 -0.002642
0.236577 0.107872 -0.002639 -0.001415
-0.008400 -0.002639 0.804288 0.237513
-0.002642 -0.001415 0.237513 0.108215
13.366482 1.676819 10.655166 1.988394
0.745878 0.204487 -0.007285 -0.002155
0.204487 0.088945 -0.002153 -0.001070
-0.007285 -0.002153 0.749554 0.205300
-0.002155 -0.001070 0.205300 0.089229
13.343258 1.455225 11.795961 2.026232
0.700099 0.180029 -0.006197 -0.001734
0.180029 0.075898 -0.001732 -0.000810
-0.006197 -0.001732 0.703097 0.180644
-0.001734 -0.000810 0.180644 0.076111
13.458737 1.306043 12.787459 2.021075
0.661375 0.161188 -0.005344 -0.001418
0.161188 0.066753 -0.001416 -0.000624
-0.005344 -0.001416 0.663622 0.161609
-0.001418 -0.000624 0.161609 0.066903
13.742198 1.219822 14.075474 2.085791
0.628531 0.146576 -0.004640 -0.001169
0.146576 0.060270 -0.001168 -0.000487
-0.004640 -0.001168 0.630102 0.146842
-0.001169 -0.000487 0.146842 0.060375
14.961379 1.356888 15.938451 2.270225
0.600703 0.135218 -0.003998 -0.000959
0.135218 0.055649 -0.000958 -0.000381
-0.003998 -0.000958 0.601664 0.135357
-0.000959 -0.000381 0.135357 0.055719
15.466299 1.318926 16.414493 2.125972
0.577148 0.126385 -0.003318 -0.000760
0.126385 0.052348 -0.000759 -0.000293
-0.003318 -0.000759 0.577652 0.126442
-0.000760 -0.000293 0.126442 0.052395
16.443726 1.387129 17.598256 2.151865
0.557281 0.119541 -0.002771 -0.000607
0.119541 0.049997 -0.000606 -0.000228
-0.002771 -0.000606 0.557500 0.119554
-0.000607 -0.000228 0.119554 0.050032
16.667491 1.287831 19.047904 2.230843
0.540645 0.114276 -0.002269 -0.000476
0.114276 0.048336 -0.000475 -0.000177
-0.002269 -0.000475 0.540684 0.114268
-0.000476 -0.000177 0.114268 0.048364
17.113097 1.246328 20.284065 2.256108
0.526864 0.110274 -0.001827 -0.000367
0.110274 0.047178 -0.000366 -0.000136
-0.001827 -0.000366 0.526730 0.110245
-0.000367 -0.000136 0.110245 0.047199
17.439446 1.184554 21.097888 2.190704
0.515539 0.107271 -0.001440 -0.000277
0.107271 0.046385 -0.000277 -0.000105
-0.001440 -0.000277 0.515287 0.107230
-0.000277 -0.000105 0.107230 0.046400
18.454608 1.272268 21.685791 2.085419
0.506334 0.105054 -0.001118 -0.000206
0.105054 0.045854 -0.000206 -0.000080
-0.001118 -0.000206 0.506014 0.105009
-0.000206 -0.000080 0.105009 0.045866
19.243645 1.303975 22.781589 2.096437
0.498929 0.103450 -0.000856 -0.000152
0.103450 0.045508 -0.000151 -0.000062
-0.000856 -0.000151 0.498621 0.103415
-0.000152 -0.000062 0.103415 0.045519
19.719701 1.267486 24.267253 2.187238
0.493063 0.102321 -0.000637 -0.000108
0.102321 0.045293 -0.000108 -0.000048
-0.000637 -0.000108 0.492811 0.102302
-0.000108 -0.000048 0.102302 0.045304
20.192998 1.234114 24.955822 2.102995
0.488482 0.101553 -0.000451 -0.000074
0.101553 0.045165 -0.000073 -0.000037
-0.000451 -0.000073 0.488331 0.101555
-0.000074 -0.000037 0.101555 0.045178
20.517150 1.173088 26.211565 2.145558
0.484974 0.101054 -0.000310 -0.000049
0.101054 0.045095 -0.000049 -0.000029
-0.000310 -0.000049 0.484939 0.101079
-0.000049 -0.000029 0.101079 0.045110
20.692174 1.087123 26.976780 2.081287
0.482321 0.100747 -0.000197 -0.000030
0.100747 0.045060 -0.000030 -0.000022
-0.000197 -0.000030 0.482446 0.100800
-0.000030 -0.000022 0.100800 0.045078
21.237217 1.087432 27.929253 2.062823
0.480362 0.100577 -0.000109 -0.000017
0.100577 0.045045 -0.000017 -0.000017
-0.000109 -0.000017 0.480659 0.100658
-0.000017 -0.000017 0.100658 0.045066
22.343629 1.205502 28.673019 2.002462
0.478932 0.100495 -0.000057 -0.000011
0.100495 0.045040 -0.000011 -0.000014
-0.000057 -0.000011 0.479435 0.100610
-0.000011 -0.000014 0.100610 0.045065
23.196895 1.258164 30.211094 2.115316
0.477913 0.100469 -0.000066 -0.000016
0.100469 0.045038 -0.000016 -0.000014
-0.000066 -0.000016 0.478633 0.100618
-0.000016 -0.000014 0.100618 0.045067
24.250015 1.347446 31.274174 2.116453
0.477157 0.100467 -0.000126 -0.000031
0.100467 0.045032 -0.000031 -0.000015
-0.000126 -0.000031 0.478186 0.100666
-0.000031 -0.000015 0.100666 0.045071
24.794972 1.320302 32.230613 2.095003
0.476613 0.100477 -0.000250 -0.000056
0.100477 0.045024 -0.000056 -0.000019
-0.000250 -0.000056 0.477973 0.100729
-0.000056 -0.000019 0.100729 0.045071
25.822573 1.397840 32.734154 1.980280
0.476213 0.100489 -0.000396 -0.000084
0.100489 0.045013 -0.000084 -0.000023
-0.000396 -0.000084 0.477925 0.100797
-0.000084 -0.000023 0.100797 0.045069
25.908415 1.268368 32.972381 1.821611
0.475950 0.100506 -0.000590 -0.000118
0.100506 0.045000 -0.000118 -0.000028
-0.000590 -0.000118 0.477945 0.100851
-0.000118 -0.000028 0.100851 0.045062
26.387329 1.235555 33.645167 1.771368
0.475777 0.100520 -0.000746 -0.000142
0.100520 0.044985 -0.000142 -0.000031
-0.000746 -0.000142 0.478002 0.100892
-0.000142 -0.000031 0.100892 0.045051
26.698906 1.170852 34.714080 1.810030
0.475637 0.100523 -0.000914 -0.000167
0.100523 0.044968 -0.000168 -0.000034
-0.000914 -0.000168 0.478099 0.100924
-0.000167 -0.000034 0.100924 0.045039
26.205895 0.942897 35.784713 1.844908
0.475472 0.100508 -0.001092 -0.000194
0.100508 0.044948 -0.000194 -0.000038
-0.001092 -0.000194 0.478257 0.100958
-0.000194 -0.000038 0.100958 0.045028
27.174362 1.048060 37.552800 2.023451
0.475246 0.100472 -0.001205 -0.000205
0.100472 0.044924 -0.000205 -0.000039
-0.001205 -0.000205 0.478487 0.100997
-0.000205 -0.000039 0.100997 0.045021
27.832186 1.076318 38.338596 1.975788
0.474933 0.100413 -0.001431 -0.000241
0.100413 0.044899 -0.000241 -0.000045
-0.001431 -0.000241 0.478803 0.101046
-0.000241 -0.000045 0.101046 0.045017
28.666235 1.138875 39.283737 1.966814
0.474636 0.100357 -0.001695 -0.000284
0.100357 0.044876 -0.000284 -0.000053
-0.001695 -0.000284 0.479095 0.101084
-0.000284 -0.000053 0.101084 0.045012
29.653153 1.227170 40.358962 1.986259
0.474338 0.100300 -0.002021 -0.000338
0.100300 0.044855 -0.000338 -0.000063
-0.002021 -0.000338 0.479376 0.101116
-0.000338 -0.000063 0.101116 0.045008
30.275227 1.229015 41.574247 2.033108
0.474034 0.100243 -0.002430 -0.000406
0.100243 0.044836 -0.000406 -0.000077
-0.002430 -0.000406 0.479657 0.101146
-0.000406 -0.000077 0.101146 0.045005
31.199097 1.294396 42.422888 1.997793
0.473686 0.100179 -0.002875 -0.000479
0.100179 0.044817 -0.000479 -0.000090
-0.002875 -0.000479 0.479975 0.101183
-0.000479 -0.000090 0.101183 0.045006
31.768129 1.277817 43.279039 1.967685
0.473367 0.100122 -0.003376 -0.000560
0.100122 0.044801 -0.000560 -0.000105
-0.003376 -0.000560 0.480262 0.101213
-0.000560 -0.000105 0.101213 0.045006
32.811330 1.363246 44.011142 1.914800
0.473051 0.100068 -0.003876 -0.000637
0.100068 0.044786 -0.000637 -0.000120
-0.003876 -0.000637 0.480547 0.101244
-0.000637 -0.000120 0.101244 0.045008
32.855481 1.228368 44.952873 1.911216
0.472787 0.100027 -0.004441 -0.000725
0.100027 0.044775 -0.000726 -0.000136
-0.004441 -0.000726 0.480783 0.101265
-0.000725 -0.000136 0.101265 0.045009
33.743993 1.286374 45.825541 1.893893
0.472463 0.099973 -0.004927 -0.000793
0.099973 0.044762 -0.000794 -0.000148
-0.004927 -0.000794 0.481084 0.101302
-0.000793 -0.000148 0.101302 0.045015
34.654008 1.342669 46.473184 1.831040
0.472162 0.099926 -0.005476 -0.000874
0.099926 0.044751 -0.000875 -0.000164
-0.005476 -0.000875 0.481371 0.101337
-0.000874 -0.000164 0.101337 0.045021
35.550852 1.390572 47.639346 1.883944
0.471920 0.099891 -0.006070 -0.000963
0.099891 0.044742 -0.000964 -0.000181
-0.006070 -0.000964 0.481608 0.101362
-0.000963 -0.000181 0.101362 0.045025
36.561004 1.456811 48.015598 1.765136
0.471645 0.099850 -0.006745 -0.001067
0.099850 0.044733 -0.001068 -0.000202
-0.006745 -0.001068 0.481895 0.101399
-0.001067 -0.000202 0.101399 0.045033
