0.781798 1.274820 5.372372 1.256948
2.053490 0.821414 -0.226717 -0.090689
0.821414 80.332639 -0.090689 -0.036276
-0.226717 -0.090689 3.101368 1.240574
-0.090689 -0.036276 1.240574 80.500307
1.578298 1.530924 4.557445 -1.188068
1.880259 3.350644 -0.350879 -0.558676
3.350644 13.120655 -0.568398 -1.545104
-0.350879 -0.568398 3.000300 5.081898
-0.558676 -1.545104 5.081898 18.742812
2.534775 1.748336 3.569849 -1.631062
2.006243 2.326807 -1.001244 -1.101373
2.326807 4.278840 -1.126716 -1.430071
-1.001244 -1.126716 2.995520 3.379387
-1.101373 -1.430071 3.379387 6.194871
5.077414 3.158828 3.027518 -1.330030
2.254103 1.861915 -1.092964 -0.808779
1.861915 2.123459 -0.851541 -0.722284
-1.092964 -0.851541 2.246566 1.819256
-0.808779 -0.722284 1.819256 2.371423
7.530248 3.758454 3.629156 -0.439460
1.701206 1.084098 -0.323882 -0.130144
1.084098 0.976346 -0.165031 -0.115646
-0.323882 -0.165031 1.438892 0.944944
-0.130144 -0.115646 0.944944 1.051944
8.615224 3.371350 5.299503 0.598194
1.262297 0.656438 -0.148338 -0.044521
0.656438 0.505265 -0.057324 -0.050844
-0.148338 -0.057324 1.390400 0.776743
-0.044521 -0.050844 0.776743 0.670578
9.488011 3.019685 7.699400 1.590172
1.044257 0.464355 -0.184915 -0.072379
0.464355 0.311596 -0.075500 -0.054227
-0.184915 -0.075500 1.375299 0.654736
-0.072379 -0.054227 0.654736 0.456295
9.652627 2.489094 6.743591 0.855381
0.963986 0.377328 -0.241122 -0.091703
0.377328 0.220962 -0.092055 -0.051878
-0.241122 -0.092055 1.262942 0.520013
-0.091703 -0.051878 0.520013 0.310860
10.231955 2.257217 7.907968 1.120009
0.871455 0.305027 -0.247580 -0.084970
0.305027 0.161513 -0.084689 -0.040856
-0.247580 -0.084689 1.188940 0.432137
-0.084970 -0.040856 0.432137 0.226861
11.327417 2.246268 8.307585 1.067391
0.812890 0.258414 -0.247257 -0.076418
0.258414 0.125601 -0.076144 -0.032083
-0.247257 -0.076144 1.092817 0.355946
-0.076418 -0.032083 0.355946 0.169614
11.829145 2.066354 9.538012 1.271229
0.754353 0.220504 -0.229384 -0.064016
0.220504 0.100788 -0.063858 -0.024227
-0.229384 -0.063858 1.008125 0.298709
-0.064016 -0.024227 0.298709 0.132133
12.718998 2.026449 10.006503 1.224500
0.711640 0.193590 -0.210762 -0.053551
0.193590 0.084414 -0.053579 -0.018555
-0.210762 -0.053579 0.921952 0.251752
-0.053551 -0.018555 0.251752 0.105907
13.619362 2.000892 11.276995 1.392472
0.670164 0.171445 -0.189006 -0.044026
0.171445 0.072633 -0.044129 -0.014188
-0.189006 -0.044129 0.851344 0.216964
-0.044026 -0.014188 0.216964 0.088222
14.274590 1.916860 12.043878 1.407101
0.635529 0.154482 -0.165287 -0.035459
0.154482 0.064386 -0.035635 -0.010805
-0.165287 -0.035635 0.785546 0.188955
-0.035459 -0.010805 0.188955 0.075575
14.929701 1.845385 12.705948 1.395207
0.605651 0.141183 -0.143662 -0.028564
0.141183 0.058498 -0.028771 -0.008328
-0.143662 -0.028771 0.730172 0.167555
-0.028564 -0.008328 0.167555 0.066709
15.272503 1.719531 14.198455 1.567449
0.579737 0.130700 -0.124273 -0.023025
0.130700 0.054266 -0.023231 -0.006496
-0.124273 -0.023231 0.684251 0.151257
-0.023025 -0.006496 0.151257 0.060460
15.630159 1.610611 15.262010 1.623820
0.560601 0.123178 -0.106086 -0.018335
0.123178 0.051385 -0.018579 -0.005083
-0.106086 -0.018579 0.641385 0.137771
-0.018335 -0.005083 0.137771 0.055806
15.765625 1.470196 16.690992 1.748904
0.545385 0.117525 -0.089887 -0.014524
0.117525 0.049368 -0.014795 -0.004013
-0.089887 -0.014795 0.604915 0.127298
-0.014524 -0.004013 0.127298 0.052471
16.615260 1.487409 16.623785 1.553305
0.534340 0.113518 -0.074926 -0.011289
0.113518 0.048015 -0.011592 -0.003169
-0.074926 -0.011592 0.572841 0.118946
-0.011289 -0.003169 0.118946 0.050034
16.783753 1.365724 17.370055 1.542511
0.522833 0.109932 -0.062975 -0.008943
0.109932 0.046954 -0.009216 -0.002575
-0.062975 -0.009216 0.550229 0.113420
-0.008943 -0.002575 0.113420 0.048483
17.611698 1.398590 18.492534 1.616014
0.513979 0.107354 -0.052849 -0.007104
0.107354 0.046253 -0.007356 -0.002128
-0.052849 -0.007356 0.531494 0.109218
-0.007104 -0.002128 0.109218 0.047382
18.019703 1.339140 19.504364 1.656032
0.506414 0.105373 -0.042757 -0.005355
0.105373 0.045773 -0.005578 -0.001722
-0.042757 -0.005578 0.516493 0.106153
-0.005355 -0.001722 0.106153 0.046630
18.651239 1.335146 21.007623 1.795179
0.500535 0.103974 -0.033709 -0.003886
0.103974 0.045472 -0.004086 -0.001393
-0.033709 -0.004086 0.504479 0.103926
-0.003886 -0.001393 0.103926 0.046114
19.237238 1.320725 22.409232 1.899095
0.495705 0.102950 -0.025053 -0.002538
0.102950 0.045282 -0.002712 -0.001098
-0.025053 -0.002712 0.495243 0.102400
-0.002538 -0.001098 0.102400 0.045776
19.837048 1.307743 23.266159 1.879577
0.491332 0.102122 -0.017371 -0.001419
0.102122 0.045148 -0.001565 -0.000856
-0.017371 -0.001565 0.488890 0.101520
-0.001419 -0.000856 0.101520 0.045584
20.245730 1.255943 23.979186 1.831408
0.487265 0.101423 -0.011331 -0.000646
0.101423 0.045045 -0.000765 -0.000686
-0.011331 -0.000765 0.485017 0.101140
-0.000646 -0.000686 0.101140 0.045494
20.587803 1.197437 25.363558 1.928768
0.483576 0.100849 -0.006772 -0.000156
0.100849 0.044969 -0.000251 -0.000570
-0.006772 -0.000251 0.482932 0.101075
-0.000156 -0.000570 0.101075 0.045459
21.513185 1.265748 26.347640 1.933480
0.479389 0.100198 -0.003163 0.000183
0.100198 0.044873 0.000110 -0.000478
-0.003163 0.000110 0.483003 0.101386
0.000183 -0.000478 0.101386 0.045492
21.918946 1.218460 27.655126 2.004912
0.474856 0.099502 -0.001557 0.000157
0.099502 0.044764 0.000104 -0.000454
-0.001557 0.000104 0.484752 0.101948
0.000157 -0.000454 0.101948 0.045564
22.944050 1.305788 28.466593 1.964891
0.469544 0.098669 -0.001055 -0.000018
0.098669 0.044623 -0.000058 -0.000451
-0.001055 -0.000058 0.488357 0.102795
-0.000018 -0.000451 0.102795 0.045683
23.940392 1.378189 29.542126 1.984486
0.464500 0.097926 -0.002848 -0.000591
0.097926 0.044499 -0.000624 -0.000523
-0.002848 -0.000624 0.492565 0.103650
-0.000591 -0.000523 0.103650 0.045794
24.564965 1.364493 30.757189 2.031325
0.459422 0.097194 -0.006765 -0.001501
0.097194 0.044373 -0.001535 -0.000655
-0.006765 -0.001535 0.497656 0.104590
-0.001501 -0.000655 0.104590 0.045917
24.807575 1.271197 31.314949 1.935338
0.453973 0.096393 -0.011714 -0.002502
0.096393 0.044227 -0.002544 -0.000796
-0.011714 -0.002544 0.504066 0.105714
-0.002502 -0.000796 0.105714 0.046075
26.014481 1.392879 31.842461 1.843420
0.449282 0.095764 -0.016246 -0.003302
0.095764 0.044112 -0.003352 -0.000886
-0.016246 -0.003352 0.510271 0.106697
-0.003302 -0.000886 0.106697 0.046202
26.259797 1.296392 32.834223 1.857710
0.446168 0.095460 -0.022899 -0.004467
0.095460 0.044060 -0.004539 -0.001057
-0.022899 -0.004539 0.515491 0.107406
-0.004467 -0.001057 0.107406 0.046275
26.941128 1.303720 33.916839 1.889683
0.442532 0.095001 -0.028757 -0.005372
0.095001 0.043961 -0.005457 -0.001171
-0.028757 -0.005457 0.521951 0.108342
-0.005372 -0.001171 0.108342 0.046405
27.702832 1.327458 34.891622 1.896111
0.438790 0.094491 -0.034867 -0.006276
0.094491 0.043844 -0.006373 -0.001290
-0.034867 -0.006373 0.529362 0.109429
-0.006276 -0.001290 0.109429 0.046571
27.931947 1.234090 36.046231 1.937363
0.435286 0.094011 -0.041047 -0.007152
0.094011 0.043728 -0.007259 -0.001410
-0.041047 -0.007259 0.537225 0.110557
-0.007152 -0.001410 0.110557 0.046748
27.913756 1.098140 37.498036 2.033989
0.431254 0.093402 -0.045039 -0.007553
0.093402 0.043582 -0.007637 -0.001436
-0.045039 -0.007637 0.545683 0.111767
-0.007553 -0.001436 0.111767 0.046946
28.522396 1.113528 39.023769 2.138163
0.426846 0.092720 -0.045430 -0.007246
0.092720 0.043422 -0.007260 -0.001325
-0.045430 -0.007260 0.553595 0.112835
-0.007246 -0.001325 0.112835 0.047120
29.398426 1.181131 39.695213 2.059067
0.423455 0.092275 -0.043191 -0.006492
0.092275 0.043317 -0.006422 -0.001146
-0.043191 -0.006422 0.558887 0.113361
-0.006492 -0.001146 0.113361 0.047192
29.830235 1.145107 40.510100 2.014720
0.421366 0.092096 -0.040622 -0.005790
0.092096 0.043265 -0.005661 -0.001010
-0.040622 -0.005661 0.561917 0.113465
-0.005790 -0.001010 0.113465 0.047193
30.526886 1.172293 41.505221 2.012986
0.420797 0.092216 -0.036564 -0.004885
0.092216 0.043274 -0.004707 -0.000850
-0.036564 -0.004707 0.561650 0.112986
-0.004885 -0.000850 0.112986 0.047097
31.425328 1.239519 42.257575 1.963727
0.422588 0.092798 -0.030844 -0.003744
0.092798 0.043376 -0.003532 -0.000658
-0.030844 -0.003532 0.556665 0.111689
-0.003744 -0.000658 0.111689 0.046862
31.819479 1.191331 43.505659 2.015919
0.426830 0.093820 -0.024519 -0.002587
0.093820 0.043560 -0.002367 -0.000478
-0.024519 -0.002367 0.547626 0.109763
-0.002587 -0.000478 0.109763 0.046530
31.972287 1.095452 44.815377 2.074327
0.435711 0.095730 -0.017849 -0.001439
0.095730 0.043922 -0.001258 -0.000311
-0.017849 -0.001258 0.531978 0.106724
-0.001439 -0.000311 0.106724 0.046005
33.181483 1.243706 46.596741 2.227023
0.449065 0.098408 -0.012754 -0.000676
0.098408 0.044423 -0.000582 -0.000230
-0.012754 -0.000582 0.512055 0.103092
-0.000676 -0.000230 0.103092 0.045392
33.629300 1.204612 47.391309 2.161766
0.471666 0.102827 -0.012560 -0.000915
0.102827 0.045269 -0.001012 -0.000360
-0.012560 -0.001012 0.484788 0.098231
-0.000915 -0.000360 0.098231 0.044552
34.866250 1.342029 48.539248 2.177336
0.495465 0.107083 -0.015084 -0.001658
0.107083 0.046023 -0.001902 -0.000562
-0.015084 -0.001902 0.461461 0.094485
-0.001658 -0.000562 0.094485 0.043964
35.554622 1.343660 48.815221 2.008697
0.524345 0.112056 -0.023740 -0.003571
0.112056 0.046894 -0.003951 -0.000979
-0.023740 -0.003951 0.439482 0.091158
-0.003571 -0.000979 0.091158 0.043447
