4.575349 2.792274 1.250967 -0.391650
2.470482 0.988214 -0.052654 -0.021062
0.988214 80.399361 -0.021062 -0.008425
-0.052654 -0.021062 2.434012 0.973626
-0.021062 -0.008425 0.973626 80.393525
3.647519 -1.265987 2.121084 1.464761
2.248811 3.931508 -0.047818 -0.073489
3.931508 15.264444 -0.073227 -0.262470
-0.047818 -0.073227 2.273173 3.981289
-0.073489 -0.262470 3.981289 15.258676
4.946421 0.966384 0.596623 -1.135736
2.000524 2.314320 -0.047309 -0.052418
2.314320 4.567675 -0.052415 -0.097018
-0.047309 -0.052415 2.004076 2.311025
-0.052418 -0.097018 2.311025 4.538213
5.435852 0.973749 3.243342 1.566524
1.707149 1.438814 -0.041530 -0.033881
1.438814 1.908867 -0.033874 -0.042561
-0.041530 -0.033874 1.722765 1.448172
-0.033881 -0.042561 1.448172 1.909404
7.454954 1.985933 3.300672 1.088852
1.477804 0.976545 -0.031846 -0.020357
0.976545 0.976875 -0.020349 -0.020229
-0.031846 -0.020349 1.485788 0.978984
-0.020357 -0.020229 0.978984 0.975383
9.219399 2.405037 3.814264 1.072302
1.294723 0.703363 -0.024797 -0.013171
0.703363 0.567444 -0.013163 -0.011011
-0.024797 -0.013163 1.303697 0.706425
-0.013171 -0.011011 0.706425 0.567755
9.405029 1.935544 5.421440 1.565639
1.150033 0.531040 -0.019461 -0.008922
0.531040 0.361283 -0.008914 -0.006535
-0.019461 -0.008914 1.159965 0.534346
-0.008922 -0.006535 0.534346 0.362139
10.031302 1.798142 6.055944 1.506128
1.035316 0.416585 -0.015860 -0.006449
0.416585 0.247041 -0.006443 -0.004207
-0.015860 -0.006443 1.043275 0.418806
-0.006449 -0.004207 0.418806 0.247568
11.040137 1.837309 7.423101 1.725194
0.941715 0.336708 -0.013305 -0.004883
0.336708 0.178870 -0.004879 -0.002869
-0.013305 -0.004879 0.948346 0.338331
-0.004883 -0.002869 0.338331 0.179251
10.440546 1.347038 8.379473 1.755673
0.864524 0.279165 -0.011036 -0.003704
0.279165 0.136005 -0.003700 -0.002002
-0.011036 -0.003700 0.869891 0.280322
-0.003704 -0.002002 0.280322 0.136273
10.250187 1.091510 9.519012 1.833075
0.800394 0.236711 -0.009589 -0.002971
0.236711 0.107968 -0.002968 -0.001470
-0.009589 -0.002968 0.804210 0.237393
-0.002971 -0.001470 0.237393 0.108119
10.172575 0.920593 10.152358 1.755636
0.746560 0.204746 -0.008435 -0.002427
0.204746 0.089054 -0.002424 -0.001107
-0.008435 -0.002424 0.748915 0.205050
-0.002427 -0.001107 0.205050 0.089120
11.927594 1.253601 11.124999 1.779833
0.700989 0.180304 -0.007533 -0.002021
0.180304 0.075993 -0.002019 -0.000852
-0.007533 -0.002019 0.702253 0.180377
-0.002021 -0.000852 0.180377 0.076016
12.279553 1.186582 12.384124 1.869750
0.662090 0.161386 -0.006488 -0.001630
0.161386 0.066815 -0.001628 -0.000649
-0.006488 -0.001628 0.662943 0.161416
-0.001630 -0.000649 0.161416 0.066840
13.239172 1.272037 12.530126 1.685913
0.629124 0.146724 -0.005563 -0.001315
0.146724 0.060313 -0.001314 -0.000498
-0.005563 -0.001314 0.629534 0.146696
-0.001315 -0.000498 0.146696 0.060331
14.491141 1.410690 13.568249 1.729828
0.601039 0.135293 -0.004794 -0.001070
0.135293 0.055670 -0.001069 -0.000388
-0.004794 -0.001069 0.601348 0.135283
-0.001070 -0.000388 0.135283 0.055696
15.916863 1.568449 14.659103 1.779323
0.577266 0.126408 -0.004047 -0.000855
0.126408 0.052355 -0.000854 -0.000300
-0.004047 -0.000854 0.577550 0.126420
-0.000855 -0.000300 0.126420 0.052387
16.121104 1.444070 15.870264 1.848218
0.557243 0.119529 -0.003337 -0.000667
0.119529 0.049997 -0.000666 -0.000231
-0.003337 -0.000666 0.557548 0.119566
-0.000667 -0.000231 0.119566 0.050032
16.769081 1.428472 17.293897 1.953779
0.540557 0.114256 -0.002746 -0.000521
0.114256 0.048334 -0.000520 -0.000179
-0.002746 -0.000520 0.540777 0.114287
-0.000521 -0.000179 0.114287 0.048365
17.260356 1.381857 18.685154 2.040477
0.526745 0.110251 -0.002219 -0.000399
0.110251 0.047176 -0.000399 -0.000138
-0.002219 -0.000399 0.526853 0.110268
-0.000399 -0.000138 0.110268 0.047201
17.799584 1.350325 19.977786 2.097139
0.515418 0.107250 -0.001762 -0.000300
0.107250 0.046383 -0.000300 -0.000107
-0.001762 -0.000300 0.515409 0.107250
-0.000300 -0.000107 0.107250 0.046402
18.353315 1.325161 21.281644 2.150098
0.506224 0.105038 -0.001369 -0.000221
0.105038 0.045853 -0.000220 -0.000083
-0.001369 -0.000220 0.506125 0.105025
-0.000221 -0.000083 0.105025 0.045867
18.990714 1.319936 22.324779 2.143477
0.498849 0.103441 -0.001035 -0.000157
0.103441 0.045508 -0.000157 -0.000064
-0.001035 -0.000157 0.498700 0.103424
-0.000157 -0.000064 0.103424 0.045519
19.272039 1.241307 22.933082 2.047242
0.493012 0.102318 -0.000762 -0.000109
0.102318 0.045294 -0.000109 -0.000050
-0.000762 -0.000109 0.492860 0.102304
-0.000109 -0.000050 0.102304 0.045303
20.196773 1.304519 23.853288 2.025762
0.488474 0.101558 -0.000548 -0.000074
0.101558 0.045167 -0.000074 -0.000039
-0.000548 -0.000074 0.488338 0.101550
-0.000074 -0.000039 0.101550 0.045176
20.555898 1.243428 24.744029 2.000286
0.484993 0.101063 -0.000386 -0.000050
0.101063 0.045098 -0.000049 -0.000032
-0.000386 -0.000049 0.484919 0.101069
-0.000050 -0.000032 0.101069 0.045107
21.312993 1.271701 25.595818 1.969297
0.482378 0.100763 -0.000262 -0.000033
0.100763 0.045064 -0.000033 -0.000026
-0.000262 -0.000033 0.482389 0.100785
-0.000033 -0.000026 0.100785 0.045075
21.569470 1.192252 26.063112 1.860945
0.480448 0.100597 -0.000183 -0.000024
0.100597 0.045049 -0.000024 -0.000022
-0.000183 -0.000024 0.480572 0.100639
-0.000024 -0.000022 0.100639 0.045063
22.174702 1.194164 27.052050 1.873214
0.479066 0.100523 -0.000130 -0.000020
0.100523 0.045045 -0.000020 -0.000019
-0.000130 -0.000020 0.479300 0.100582
-0.000020 -0.000019 0.100582 0.045060
22.362489 1.108124 28.297355 1.938108
0.478084 0.100502 -0.000110 -0.000021
0.100502 0.045043 -0.000021 -0.000018
-0.000110 -0.000021 0.478461 0.100585
-0.000021 -0.000018 0.100585 0.045062
22.677250 1.057741 29.707602 2.030993
0.477380 0.100507 -0.000106 -0.000023
0.100507 0.045040 -0.000023 -0.000016
-0.000106 -0.000023 0.477961 0.100625
-0.000023 -0.000016 0.100625 0.045064
23.514629 1.122772 30.823302 2.052111
0.476858 0.100519 -0.000122 -0.000028
0.100519 0.045032 -0.000028 -0.000016
-0.000122 -0.000028 0.477726 0.100687
-0.000028 -0.000016 0.100687 0.045064
24.210572 1.151165 31.478590 1.973904
0.476469 0.100531 -0.000190 -0.000043
0.100531 0.045020 -0.000043 -0.000017
-0.000190 -0.000043 0.477666 0.100754
-0.000043 -0.000017 0.100754 0.045062
24.972939 1.190603 32.296763 1.938284
0.476193 0.100542 -0.000293 -0.000063
0.100542 0.045005 -0.000063 -0.000019
-0.000293 -0.000063 0.477699 0.100814
-0.000063 -0.000019 0.100814 0.045056
25.338763 1.142126 33.001237 1.882411
0.475980 0.100547 -0.000436 -0.000089
0.100547 0.044989 -0.000089 -0.000023
-0.000436 -0.000089 0.477795 0.100864
-0.000089 -0.000023 0.100864 0.045047
25.594796 1.075554 33.796678 1.851629
0.475803 0.100542 -0.000583 -0.000114
0.100542 0.044970 -0.000114 -0.000026
-0.000583 -0.000114 0.477929 0.100905
-0.000114 -0.000026 0.100905 0.045036
26.254175 1.101253 34.674321 1.841463
0.475631 0.100527 -0.000728 -0.000136
0.100527 0.044951 -0.000136 -0.000029
-0.000728 -0.000136 0.478092 0.100938
-0.000136 -0.000029 0.100938 0.045025
27.288423 1.203498 35.889858 1.903726
0.475456 0.100502 -0.000910 -0.000165
0.100502 0.044930 -0.000165 -0.000033
-0.000910 -0.000165 0.478271 0.100966
-0.000165 -0.000033 0.100966 0.045015
27.795424 1.183459 36.715474 1.877071
0.475252 0.100466 -0.001175 -0.000210
0.100466 0.044909 -0.000210 -0.000041
-0.001175 -0.000210 0.478475 0.100992
-0.000210 -0.000041 0.100992 0.045006
28.842444 1.279758 38.100512 1.971344
0.475039 0.100425 -0.001450 -0.000254
0.100425 0.044889 -0.000254 -0.000049
-0.001450 -0.000254 0.478681 0.101014
-0.000254 -0.000049 0.101014 0.044998
29.310345 1.243427 39.279790 2.012166
0.474778 0.100373 -0.001818 -0.000316
0.100373 0.044869 -0.000316 -0.000060
-0.001818 -0.000316 0.478924 0.101041
-0.000316 -0.000060 0.101041 0.044993
30.183757 1.296680 40.498204 2.056998
0.474469 0.100312 -0.002199 -0.000377
0.100312 0.044849 -0.000377 -0.000071
-0.002199 -0.000377 0.479206 0.101075
-0.000377 -0.000071 0.101075 0.044992
30.845611 1.299616 41.870524 2.129501
0.474135 0.100248 -0.002646 -0.000449
0.100248 0.044830 -0.000450 -0.000084
-0.002646 -0.000450 0.479509 0.101112
-0.000449 -0.000084 0.101112 0.044992
31.583626 1.318309 43.080439 2.160128
0.473746 0.100174 -0.003136 -0.000527
0.100174 0.044810 -0.000528 -0.000098
-0.003136 -0.000528 0.479865 0.101159
-0.000527 -0.000098 0.101159 0.044996
32.383216 1.348043 44.261790 2.181522
0.473336 0.100100 -0.003670 -0.000611
0.100100 0.044792 -0.000612 -0.000114
-0.003670 -0.000612 0.480245 0.101209
-0.000611 -0.000114 0.101209 0.045002
33.342836 1.408286 44.947787 2.096361
0.472917 0.100028 -0.004253 -0.000702
0.100028 0.044775 -0.000703 -0.000131
-0.004253 -0.000703 0.480640 0.101262
-0.000702 -0.000131 0.101262 0.045009
34.660021 1.537729 45.475471 1.987030
0.472576 0.099975 -0.004873 -0.000798
0.099975 0.044763 -0.000798 -0.000149
-0.004873 -0.000798 0.480963 0.101299
-0.000798 -0.000149 0.101299 0.045014
35.296416 1.509899 46.825717 2.062069
0.472359 0.099950 -0.005570 -0.000906
0.099950 0.044757 -0.000907 -0.000169
-0.005570 -0.000907 0.481170 0.101312
-0.000906 -0.000169 0.101312 0.045014
35.473936 1.387360 47.352574 1.955558
0.472058 0.099905 -0.006294 -0.001016
0.099905 0.044747 -0.001018 -0.000190
-0.006294 -0.001018 0.481474 0.101350
-0.001016 -0.000190 0.101350 0.045021
36.122150 1.377884 48.529369 1.997408
0.471775 0.099864 -0.006898 -0.001098
0.099864 0.044737 -0.001100 -0.000205
-0.006898 -0.001100 0.481766 0.101386
-0.001098 -0.000205 0.101386 0.045028
