6.598361 3.601496 -0.010384 -0.896201
2.490737 0.996316 -0.101026 -0.040411
0.996316 80.402602 -0.040411 -0.016165
-0.101026 -0.040411 2.420540 0.968237
-0.040411 -0.016165 0.968237 80.391370
8.471083 3.725217 -0.686163 -1.294630
2.222289 3.880822 -0.083806 -0.127436
3.880822 15.225437 -0.126199 -0.479044
-0.083806 -0.126199 2.305346 4.039917
-0.127436 -0.479044 4.039917 15.325110
8.211110 1.263120 -1.290178 -1.247618
1.957438 2.270484 -0.071049 -0.079142
2.270484 4.530837 -0.078883 -0.161268
-0.071049 -0.078883 2.052298 2.360181
-0.079142 -0.161268 2.360181 4.584815
8.014167 0.562520 0.115003 0.451021
1.677747 1.419906 -0.067478 -0.056615
1.419906 1.897652 -0.056601 -0.074879
-0.067478 -0.056601 1.757399 1.471219
-0.056615 -0.074879 1.471219 1.925464
8.602150 0.766789 4.521077 3.194755
1.456584 0.966297 -0.058249 -0.038364
0.966297 0.971448 -0.038359 -0.038205
-0.058249 -0.038359 1.511355 0.991929
-0.038364 -0.038205 0.991929 0.983219
9.251298 0.911530 5.322422 2.764870
1.287071 0.701558 -0.043469 -0.023540
0.701558 0.566705 -0.023500 -0.019827
-0.043469 -0.023500 1.313661 0.709403
-0.023540 -0.019827 0.709403 0.569495
9.133439 0.646056 6.420140 2.634124
1.147765 0.531219 -0.034546 -0.016086
0.531219 0.361145 -0.016051 -0.011764
-0.034546 -0.016051 1.163771 0.534854
-0.016086 -0.011764 0.534854 0.362833
8.770543 0.369847 6.933109 2.311958
1.035135 0.417076 -0.028887 -0.011872
0.417076 0.246894 -0.011846 -0.007637
-0.028887 -0.011846 1.044621 0.418794
-0.011872 -0.007637 0.418794 0.248071
9.684162 0.630569 7.977339 2.271881
0.942755 0.337279 -0.025388 -0.009352
0.337279 0.178734 -0.009334 -0.005315
-0.025388 -0.009334 0.948307 0.338142
-0.009352 -0.005315 0.338142 0.179639
9.703282 0.534825 9.544257 2.410862
0.865761 0.279560 -0.021819 -0.007285
0.279560 0.135836 -0.007272 -0.003751
-0.021819 -0.007272 0.869477 0.280219
-0.007285 -0.003751 0.280219 0.136621
9.970937 0.535014 10.230842 2.257621
0.801886 0.237044 -0.018710 -0.005723
0.237044 0.107821 -0.005713 -0.002709
-0.018710 -0.005713 0.803370 0.237279
-0.005723 -0.002709 0.237279 0.108393
10.350978 0.565834 11.464009 2.286198
0.747924 0.204957 -0.016254 -0.004593
0.204957 0.088912 -0.004586 -0.002013
-0.016254 -0.004586 0.748085 0.205009
-0.004593 -0.002013 0.205009 0.089355
12.014822 0.920682 12.427063 2.239745
0.702293 0.180455 -0.014020 -0.003684
0.180455 0.075872 -0.003679 -0.001513
-0.014020 -0.003679 0.701373 0.180356
-0.003684 -0.001513 0.180356 0.076205
12.375687 0.896469 13.368210 2.196176
0.663163 0.161459 -0.011801 -0.002901
0.161459 0.066706 -0.002898 -0.001136
-0.011801 -0.002898 0.662195 0.161441
-0.002901 -0.001136 0.161441 0.067000
13.494396 1.052643 14.424392 2.186420
0.630010 0.146750 -0.009982 -0.002309
0.146750 0.060220 -0.002307 -0.000867
-0.009982 -0.002307 0.628903 0.146746
-0.002309 -0.000867 0.146746 0.060463
14.321057 1.120145 15.287592 2.134634
0.601810 0.135299 -0.008324 -0.001818
0.135299 0.055595 -0.001817 -0.000663
-0.008324 -0.001817 0.600771 0.135334
-0.001818 -0.000663 0.135334 0.055800
15.021632 1.150956 16.925704 2.259760
0.577940 0.126403 -0.006906 -0.001429
0.126403 0.052296 -0.001429 -0.000511
-0.006906 -0.001429 0.577026 0.126470
-0.001429 -0.000511 0.126470 0.052468
15.415255 1.111958 17.868523 2.219562
0.557922 0.119539 -0.005606 -0.001101
0.119539 0.049956 -0.001101 -0.000392
-0.005606 -0.001101 0.556985 0.119591
-0.001101 -0.000392 0.119591 0.050090
15.812867 1.078539 19.073616 2.239695
0.541205 0.114272 -0.004529 -0.000846
0.114272 0.048306 -0.000847 -0.000303
-0.004529 -0.000847 0.540221 0.114299
-0.000846 -0.000303 0.114299 0.048407
16.034031 1.011919 19.711757 2.138702
0.527360 0.110273 -0.003601 -0.000640
0.110273 0.047158 -0.000641 -0.000235
-0.003601 -0.000641 0.526310 0.110268
-0.000640 -0.000235 0.110268 0.047230
16.406286 0.984062 20.495924 2.079275
0.515995 0.107276 -0.002852 -0.000484
0.107276 0.046373 -0.000485 -0.000184
-0.002852 -0.000485 0.514891 0.107242
-0.000484 -0.000184 0.107242 0.046421
17.347918 1.077222 21.249212 2.019894
0.506760 0.105066 -0.002224 -0.000361
0.105066 0.045848 -0.000362 -0.000144
-0.002224 -0.000362 0.505637 0.105012
-0.000361 -0.000144 0.105012 0.045878
18.774364 1.261162 22.073524 1.981526
0.499308 0.103463 -0.001694 -0.000263
0.103463 0.045507 -0.000264 -0.000114
-0.001694 -0.000264 0.498282 0.103413
-0.000263 -0.000114 0.103413 0.045526
19.846548 1.352801 23.375506 2.046234
0.493357 0.102327 -0.001258 -0.000187
0.102327 0.045293 -0.000188 -0.000090
-0.001258 -0.000188 0.492549 0.102305
-0.000187 -0.000090 0.102305 0.045308
20.614540 1.371858 24.605512 2.089291
0.488689 0.101550 -0.000903 -0.000129
0.101550 0.045165 -0.000129 -0.000071
-0.000903 -0.000129 0.488151 0.101565
-0.000129 -0.000071 0.101565 0.045180
21.135000 1.337357 25.255731 2.007033
0.485084 0.101041 -0.000636 -0.000088
0.101041 0.045095 -0.000089 -0.000058
-0.000636 -0.000089 0.484851 0.101098
-0.000088 -0.000058 0.101098 0.045112
21.495642 1.273040 26.412125 2.038964
0.482366 0.100730 -0.000450 -0.000064
0.100730 0.045061 -0.000064 -0.000048
-0.000450 -0.000064 0.482419 0.100823
-0.000064 -0.000048 0.100823 0.045079
22.065800 1.259127 26.831497 1.913264
0.480323 0.100550 -0.000321 -0.000049
0.100550 0.045045 -0.000050 -0.000041
-0.000321 -0.000050 0.480713 0.100689
-0.000049 -0.000041 0.100689 0.045068
22.417007 1.200718 27.353574 1.822058
0.478848 0.100467 -0.000261 -0.000047
0.100467 0.045040 -0.000047 -0.000036
-0.000261 -0.000047 0.479531 0.100641
-0.000047 -0.000036 0.100641 0.045067
22.842504 1.163959 28.530382 1.877931
0.477799 0.100442 -0.000243 -0.000050
0.100442 0.045038 -0.000050 -0.000033
-0.000243 -0.000050 0.478757 0.100648
-0.000050 -0.000033 0.100648 0.045068
22.603089 0.991008 29.748690 1.936740
0.477009 0.100437 -0.000273 -0.000060
0.100437 0.045032 -0.000060 -0.000032
-0.000273 -0.000060 0.478343 0.100697
-0.000060 -0.000032 0.100697 0.045072
22.744278 0.916310 30.490677 1.889037
0.476374 0.100433 -0.000282 -0.000062
0.100433 0.045021 -0.000063 -0.000029
-0.000282 -0.000063 0.478220 0.100775
-0.000062 -0.000029 0.100775 0.045076
23.181983 0.911996 31.132029 1.825105
0.475882 0.100431 -0.000304 -0.000066
0.100431 0.045006 -0.000066 -0.000026
-0.000304 -0.000066 0.478263 0.100856
-0.000066 -0.000026 0.100856 0.045076
24.248713 1.040985 32.207225 1.859419
0.475496 0.100426 -0.000375 -0.000079
0.100426 0.044988 -0.000079 -0.000026
-0.000375 -0.000079 0.478406 0.100931
-0.000079 -0.000026 0.100931 0.045074
25.137474 1.118810 33.331922 1.900568
0.475133 0.100406 -0.000587 -0.000120
0.100406 0.044966 -0.000120 -0.000032
-0.000587 -0.000120 0.478656 0.101006
-0.000120 -0.000032 0.101006 0.045070
25.623284 1.103250 34.252250 1.894245
0.474760 0.100369 -0.000911 -0.000180
0.100369 0.044941 -0.000180 -0.000042
-0.000911 -0.000180 0.478991 0.101081
-0.000180 -0.000042 0.101081 0.045066
26.696713 1.213596 35.134639 1.880613
0.474379 0.100319 -0.001270 -0.000243
0.100319 0.044914 -0.000243 -0.000052
-0.001270 -0.000243 0.479372 0.101151
-0.000243 -0.000052 0.101151 0.045063
27.211044 1.194080 36.559817 1.982894
0.474019 0.100267 -0.001763 -0.000329
0.100267 0.044888 -0.000330 -0.000067
-0.001763 -0.000330 0.479747 0.101208
-0.000329 -0.000067 0.101208 0.045058
27.600847 1.150252 37.665497 2.006957
0.473535 0.100183 -0.002314 -0.000422
0.100183 0.044858 -0.000422 -0.000083
-0.002314 -0.000422 0.480249 0.101284
-0.000422 -0.000083 0.101284 0.045059
28.739561 1.269531 38.771745 2.028736
0.472989 0.100086 -0.002875 -0.000511
0.100086 0.044827 -0.000511 -0.000098
-0.002875 -0.000511 0.480811 0.101366
-0.000511 -0.000098 0.101366 0.045063
29.593258 1.315788 39.494152 1.967269
0.472446 0.099991 -0.003613 -0.000633
0.099991 0.044798 -0.000634 -0.000120
-0.003613 -0.000634 0.481368 0.101441
-0.000633 -0.000120 0.101441 0.045067
30.513522 1.371347 40.522512 1.976783
0.471968 0.099912 -0.004414 -0.000762
0.099912 0.044775 -0.000763 -0.000143
-0.004414 -0.000763 0.481856 0.101498
-0.000762 -0.000143 0.101498 0.045069
31.210873 1.373713 41.276128 1.927357
0.471487 0.099833 -0.005321 -0.000907
0.099833 0.044753 -0.000908 -0.000169
-0.005321 -0.000908 0.482351 0.101557
-0.000907 -0.000169 0.101557 0.045074
31.866680 1.367175 42.307171 1.941517
0.471042 0.099763 -0.006241 -0.001048
0.099763 0.044734 -0.001050 -0.000195
-0.006241 -0.001050 0.482812 0.101608
-0.001048 -0.000195 0.101608 0.045078
32.822434 1.424844 43.292187 1.944702
0.470554 0.099684 -0.007200 -0.001193
0.099684 0.044714 -0.001195 -0.000221
-0.007200 -0.001195 0.483328 0.101672
-0.001193 -0.000221 0.101672 0.045087
33.338951 1.383035 43.902287 1.868368
0.470085 0.099610 -0.008276 -0.001358
0.099610 0.044696 -0.001360 -0.000252
-0.008276 -0.001360 0.483844 0.101737
-0.001358 -0.000252 0.101737 0.045097
34.242325 1.428331 45.243671 1.954163
0.469666 0.099548 -0.009284 -0.001503
0.099548 0.044680 -0.001506 -0.000278
-0.009284 -0.001506 0.484318 0.101793
-0.001503 -0.000278 0.101793 0.045107
34.826280 1.400446 45.970088 1.901350
0.469152 0.099465 -0.010458 -0.001681
0.099465 0.044661 -0.001685 -0.000313
-0.010458 -0.001685 0.484924 0.101879
-0.001681 -0.000313 0.101879 0.045123
36.007157 1.502724 47.183934 1.957230
0.468678 0.099393 -0.011594 -0.001846
0.099393 0.044644 -0.001850 -0.000344
-0.011594 -0.001850 0.485506 0.101959
-0.001846 -0.000344 0.101959 0.045139
37.434031 1.645016 47.433957 1.805217
0.468207 0.099321 -0.012965 -0.002058
0.099321 0.044627 -0.002063 -0.000386
-0.012965 -0.002063 0.486131 0.102047
-0.002058 -0.000386 0.102047 0.045156
