1.980641 1.754368 1.489044 -0.296417
2.053490 0.821414 -0.226717 -0.090689
0.821414 80.332639 -0.090689 -0.036276
-0.226717 -0.090689 3.101368 1.240574
-0.090689 -0.036276 1.240574 80.500307
5.343764 6.197829 1.572996 0.145516
3.411922 6.063279 -1.504015 -2.484787
6.063279 17.924391 -2.633627 -4.995295
-1.504015 -2.633627 2.682616 4.520740
-2.484787 -4.995295 4.520740 17.753730
8.611744 6.303460 0.331543 -1.409222
2.145017 2.349072 -0.168460 0.008962
2.349072 4.294389 -0.067221 -0.183922
-0.168460 -0.067221 1.931724 2.293118
0.008962 -0.183922 2.293118 4.969847
6.173403 1.788695 -0.056619 -1.262957
1.764912 1.425925 -0.025672 0.018789
1.425925 1.818483 -0.009203 -0.124470
-0.025672 -0.009203 1.676912 1.466922
0.018789 -0.124470 1.466922 2.078461
7.565113 2.092282 0.759936 -0.273098
1.764331 1.131830 -0.138473 -0.098566
1.131830 1.052037 -0.102245 -0.142954
-0.138473 -0.102245 1.299921 0.889872
-0.098566 -0.142954 0.889872 0.976657
8.950237 2.241885 2.912770 1.021438
1.483911 0.778565 -0.076982 -0.050427
0.778565 0.594148 -0.054659 -0.071487
-0.076982 -0.054659 1.169119 0.662234
-0.050427 -0.071487 0.662234 0.575064
11.599080 2.908237 4.608095 1.581459
1.138034 0.508291 -0.075230 -0.043393
0.508291 0.345135 -0.048432 -0.047699
-0.075230 -0.048432 1.191619 0.573554
-0.043393 -0.047699 0.573554 0.398263
12.235343 2.563101 7.626525 2.510429
0.949234 0.374037 -0.112407 -0.053210
0.374037 0.228969 -0.056862 -0.039158
-0.112407 -0.056862 1.184475 0.491686
-0.053210 -0.039158 0.491686 0.286187
12.003849 2.028576 8.808739 2.493134
0.860571 0.305591 -0.157997 -0.062632
0.305591 0.168739 -0.064659 -0.033757
-0.157997 -0.064659 1.115678 0.406197
-0.062632 -0.033757 0.406197 0.207646
12.856092 1.975874 10.141648 2.521785
0.807050 0.261326 -0.181365 -0.062081
0.261326 0.131733 -0.063284 -0.027310
-0.181365 -0.063284 1.026861 0.333631
-0.062081 -0.027310 0.333631 0.154987
12.634734 1.617971 10.049487 2.125644
0.761337 0.226975 -0.178385 -0.053815
0.226975 0.106485 -0.054615 -0.020565
-0.178385 -0.054615 0.937545 0.276243
-0.053815 -0.020565 0.276243 0.119884
12.745227 1.423732 10.557259 1.974792
0.720344 0.199683 -0.174658 -0.047099
0.199683 0.088811 -0.047718 -0.015937
-0.174658 -0.047718 0.866837 0.235093
-0.047099 -0.015937 0.235093 0.097126
13.348706 1.397842 12.361010 2.181364
0.685101 0.178301 -0.166921 -0.040689
0.178301 0.076359 -0.041201 -0.012423
-0.166921 -0.041201 0.804286 0.203378
-0.040689 -0.012423 0.203378 0.081504
13.654829 1.301294 13.613109 2.218405
0.656599 0.161952 -0.150257 -0.033290
0.161952 0.067606 -0.033730 -0.009376
-0.150257 -0.033730 0.740459 0.176673
-0.033290 -0.009376 0.176673 0.070110
14.677040 1.386768 14.295099 2.122683
0.632308 0.149081 -0.132034 -0.026725
0.149081 0.061314 -0.027128 -0.007056
-0.132034 -0.027128 0.684193 0.155858
-0.026725 -0.007056 0.155858 0.062099
15.606848 1.441897 15.513282 2.158919
0.606972 0.137875 -0.113511 -0.021075
0.137875 0.056529 -0.021394 -0.005294
-0.113511 -0.021394 0.640775 0.140895
-0.021075 -0.005294 0.140895 0.056712
16.285187 1.430945 16.398098 2.116682
0.584091 0.128827 -0.094517 -0.016062
0.128827 0.053035 -0.016304 -0.003911
-0.094517 -0.016304 0.604413 0.129485
-0.016062 -0.003911 0.129485 0.052934
16.747156 1.381256 18.117275 2.254458
0.564268 0.121683 -0.077580 -0.012058
0.121683 0.050517 -0.012242 -0.002908
-0.077580 -0.012242 0.574979 0.120977
-0.012058 -0.002908 0.120977 0.050321
16.791183 1.243605 19.255939 2.251868
0.548744 0.116413 -0.061281 -0.008575
0.116413 0.048786 -0.008736 -0.002117
-0.061281 -0.008736 0.549284 0.114261
-0.008575 -0.002117 0.114261 0.048439
17.438725 1.248077 20.255038 2.225745
0.536669 0.112544 -0.047465 -0.005899
0.112544 0.047606 -0.006056 -0.001558
-0.047465 -0.006056 0.528129 0.109209
-0.005899 -0.001558 0.109209 0.047135
17.966280 1.228235 21.409320 2.233663
0.525940 0.109444 -0.035513 -0.003802
0.109444 0.046754 -0.003943 -0.001150
-0.035513 -0.003943 0.512182 0.105731
-0.003802 -0.001150 0.105731 0.046300
18.120393 1.129144 21.902233 2.101811
0.516559 0.106998 -0.025144 -0.002145
0.106998 0.046152 -0.002268 -0.000844
-0.025144 -0.002268 0.500359 0.103406
-0.002145 -0.000844 0.103406 0.045782
18.779632 1.148906 22.989936 2.109913
0.508864 0.105178 -0.017086 -0.001022
0.105178 0.045751 -0.001130 -0.000650
-0.017086 -0.001130 0.491574 0.101870
-0.001022 -0.000650 0.101870 0.045464
19.604721 1.197914 23.318746 1.959816
0.501642 0.103651 -0.010283 -0.000164
0.103651 0.045453 -0.000252 -0.000501
-0.010283 -0.000252 0.485990 0.101075
-0.000164 -0.000501 0.101075 0.045314
19.858602 1.127467 24.631233 2.028241
0.495179 0.102425 -0.005597 0.000278
0.102425 0.045241 0.000207 -0.000426
-0.005597 0.000207 0.482735 0.100764
0.000278 -0.000426 0.100764 0.045260
20.204526 1.080942 24.917952 1.875475
0.489041 0.101368 -0.001582 0.000638
0.101368 0.045075 0.000583 -0.000352
-0.001582 0.000583 0.481563 0.100847
0.000638 -0.000352 0.100847 0.045277
20.399035 1.009048 25.875858 1.879315
0.484007 0.100611 0.001059 0.000773
0.100611 0.044974 0.000728 -0.000313
0.001059 0.000728 0.481264 0.101039
0.000773 -0.000313 0.101039 0.045303
20.200617 0.862494 26.918727 1.900726
0.479125 0.099917 0.003134 0.000862
0.099917 0.044879 0.000825 -0.000270
0.003134 0.000825 0.482357 0.101451
0.000862 -0.000270 0.101451 0.045363
20.939929 0.926955 27.896858 1.906522
0.474277 0.099248 0.005396 0.001059
0.099248 0.044781 0.001024 -0.000196
0.005396 0.001024 0.484686 0.102039
0.001059 -0.000196 0.102039 0.045448
21.638167 0.976193 28.947180 1.926804
0.468909 0.098478 0.006098 0.000976
0.098478 0.044655 0.000942 -0.000176
0.006098 0.000942 0.488534 0.102859
0.000976 -0.000176 0.102859 0.045573
22.385395 1.031358 29.396247 1.818335
0.463071 0.097623 0.005326 0.000650
0.097623 0.044504 0.000612 -0.000202
0.005326 0.000612 0.493707 0.103861
0.000650 -0.000202 0.103861 0.045727
23.252279 1.105265 30.664662 1.893355
0.458085 0.096964 0.003052 0.000088
0.096964 0.044390 0.000041 -0.000272
0.003052 0.000041 0.498602 0.104706
0.000088 -0.000272 0.104706 0.045841
23.687006 1.079944 31.829127 1.939124
0.452442 0.096160 -0.000906 -0.000738
0.096160 0.044237 -0.000802 -0.000391
-0.000906 -0.000802 0.504948 0.105787
-0.000738 -0.000391 0.105787 0.046005
24.250925 1.084976 32.877175 1.955491
0.446520 0.095297 -0.005189 -0.001533
0.095297 0.044067 -0.001617 -0.000496
-0.005189 -0.001617 0.512428 0.107023
-0.001533 -0.000496 0.107023 0.046199
25.150508 1.161476 33.912002 1.967143
0.440805 0.094482 -0.009945 -0.002346
0.094482 0.043902 -0.002452 -0.000603
-0.009945 -0.002452 0.520477 0.108293
-0.002346 -0.000603 0.108293 0.046397
26.652452 1.359722 35.487176 2.089595
0.435638 0.093780 -0.015782 -0.003316
0.093780 0.043756 -0.003450 -0.000744
-0.015782 -0.003450 0.528736 0.109530
-0.003316 -0.000744 0.109530 0.046589
27.978316 1.499389 36.524455 2.088405
0.430725 0.093113 -0.023310 -0.004566
0.093113 0.043611 -0.004740 -0.000947
-0.023310 -0.004740 0.537923 0.110897
-0.004566 -0.000947 0.110897 0.046810
28.372505 1.422010 37.436424 2.060782
0.426843 0.092644 -0.031193 -0.005804
0.092644 0.043502 -0.006021 -0.001145
-0.031193 -0.006021 0.546753 0.112122
-0.005804 -0.001145 0.112122 0.047002
29.456296 1.503604 38.600787 2.089008
0.423585 0.092275 -0.036469 -0.006442
0.092275 0.043406 -0.006663 -0.001215
-0.036469 -0.006663 0.554621 0.113113
-0.006442 -0.001215 0.113113 0.047152
30.287785 1.517344 38.507565 1.858220
0.421067 0.092027 -0.039589 -0.006643
0.092027 0.043330 -0.006840 -0.001204
-0.039589 -0.006840 0.560906 0.113779
-0.006643 -0.001204 0.113779 0.047247
30.918908 1.491638 40.001666 1.971892
0.419487 0.091930 -0.043828 -0.007114
0.091930 0.043277 -0.007317 -0.001275
-0.043828 -0.007317 0.566355 0.114295
-0.007114 -0.001275 0.114295 0.047324
31.310062 1.414310 41.143589 2.001531
0.418863 0.092013 -0.042127 -0.006406
0.092013 0.043263 -0.006529 -0.001101
-0.042127 -0.006529 0.567370 0.113988
-0.006406 -0.001101 0.113988 0.047255
31.564685 1.313265 41.912715 1.952597
0.420555 0.092562 -0.036590 -0.005047
0.092562 0.043348 -0.005070 -0.000819
-0.036590 -0.005070 0.562457 0.112628
-0.005047 -0.000819 0.112628 0.047002
32.322511 1.336287 43.015463 1.978481
0.424257 0.093459 -0.029913 -0.003624
0.093459 0.043498 -0.003574 -0.000561
-0.029913 -0.003574 0.553842 0.110732
-0.003624 -0.000561 0.110732 0.046677
33.262382 1.393962 43.580484 1.894987
0.432455 0.095230 -0.022331 -0.002155
0.095230 0.043827 -0.002087 -0.000320
-0.022331 -0.002087 0.538347 0.107684
-0.002155 -0.000320 0.107684 0.046152
33.926051 1.387285 44.663226 1.921985
0.443765 0.097484 -0.015979 -0.001059
0.097484 0.044236 -0.001026 -0.000176
-0.015979 -0.001026 0.520143 0.104372
-0.001059 -0.000176 0.104372 0.045608
34.703012 1.405809 45.696087 1.936844
0.460678 0.100733 -0.012481 -0.000604
0.100733 0.044836 -0.000683 -0.000173
-0.012481 -0.000683 0.497522 0.100414
-0.000604 -0.000173 0.100414 0.044954
35.458835 1.415803 46.227569 1.848014
0.482756 0.104794 -0.013594 -0.001091
0.104794 0.045576 -0.001329 -0.000355
-0.013594 -0.001329 0.473397 0.096394
-0.001091 -0.000355 0.096394 0.044300
35.982719 1.377204 47.483657 1.915924
0.506705 0.108899 -0.018458 -0.002282
0.108899 0.046287 -0.002649 -0.000651
-0.018458 -0.002649 0.452249 0.093181
-0.002282 -0.000651 0.093181 0.043810
36.432280 1.326750 48.566128 1.941266
0.533839 0.113353 -0.028124 -0.004348
0.113353 0.047045 -0.004803 -0.001090
-0.028124 -0.004803 0.433626 0.090567
-0.004348 -0.001090 0.090567 0.043418
