33.552430 0.660523 49.546758 1.874127
0.580715 0.119799 -0.044865 -0.007944
0.119799 0.048098 -0.008139 -0.001729
-0.044865 -0.008139 0.410507 0.088377
-0.007944 -0.001729 0.088377 0.043022
30.239352 -0.086263 49.305601 1.602418
0.592468 0.120574 -0.045017 -0.007471
0.120574 0.048105 -0.007691 -0.001540
-0.045017 -0.007691 0.405433 0.088331
-0.007471 -0.001540 0.088331 0.043048
25.765585 -0.988476 47.843357 1.082221
0.586621 0.117977 -0.037655 -0.005520
0.117977 0.047498 -0.005801 -0.001085
-0.037655 -0.005801 0.407293 0.089643
-0.005520 -0.001085 0.089643 0.043328
22.431442 -1.565729 46.219690 0.587511
0.563541 0.112420 -0.028354 -0.003454
0.112420 0.046407 -0.003720 -0.000657
-0.028354 -0.003720 0.418135 0.092650
-0.003454 -0.000657 0.092650 0.043923
19.327557 -2.040672 43.689072 -0.051308
0.535987 0.106654 -0.020793 -0.002010
0.106654 0.045397 -0.002192 -0.000392
-0.020793 -0.002192 0.433881 0.096298
-0.002010 -0.000392 0.096298 0.044585
17.515727 -2.211106 40.625264 -0.727446
0.505508 0.100903 -0.013674 -0.000799
0.100903 0.044472 -0.000880 -0.000189
-0.013674 -0.000880 0.455076 0.100694
-0.000799 -0.000189 0.100694 0.045352
16.227365 -2.262389 36.068061 -1.649356
0.476222 0.095891 -0.002301 0.001271
0.095891 0.043741 0.001194 0.000181
-0.002301 0.001194 0.480217 0.105486
0.001271 0.000181 0.105486 0.046157
14.588647 -2.377242 30.707468 -2.635978
0.461130 0.094104 0.017247 0.004998
0.094104 0.043669 0.004759 0.000868
0.017247 0.004759 0.496751 0.107946
0.004998 0.000868 0.107946 0.046417
12.479372 -2.572058 24.624236 -3.659878
0.467583 0.096725 0.029868 0.006936
0.096725 0.044438 0.006633 0.001154
0.029868 0.006633 0.491062 0.105441
0.006936 0.001154 0.105441 0.045631
10.418607 -2.731609 20.132896 -4.226085
0.482039 0.100621 0.024835 0.004993
0.100621 0.045354 0.004793 0.000652
0.024835 0.004793 0.474416 0.101000
0.004993 0.000652 0.101000 0.044563
8.948511 -2.750670 16.586314 -4.530170
0.496784 0.104121 0.009537 0.001167
0.104121 0.046080 0.001103 -0.000166
0.009537 0.001103 0.458705 0.097342
0.001167 -0.000166 0.097342 0.043799
8.234806 -2.611400 14.034165 -4.592405
0.511465 0.107210 -0.010305 -0.003168
0.107210 0.046645 -0.003111 -0.001002
-0.010305 -0.003111 0.446805 0.094916
-0.003168 -0.001002 0.094916 0.043375
8.585590 -2.266057 12.249678 -4.485333
0.525876 0.109899 -0.031813 -0.007405
0.109899 0.047079 -0.007243 -0.001750
-0.031813 -0.007243 0.439435 0.093679
-0.007405 -0.001750 0.093679 0.043228
8.524435 -2.043172 10.344500 -4.412749
0.535432 0.111292 -0.057010 -0.012047
0.111292 0.047214 -0.011763 -0.002537
-0.057010 -0.011763 0.440526 0.094310
-0.012047 -0.002537 0.094310 0.043466
9.207522 -1.685979 9.961758 -4.016246
0.537380 0.110963 -0.084639 -0.016865
0.110963 0.046995 -0.016386 -0.003322
-0.084639 -0.016386 0.452517 0.097122
-0.016865 -0.003322 0.097122 0.044119
10.051629 -1.333136 8.847894 -3.814539
0.531504 0.109076 -0.106057 -0.020061
0.109076 0.046494 -0.019347 -0.003743
-0.106057 -0.019347 0.471264 0.101045
-0.020061 -0.003743 0.101045 0.044931
11.029990 -0.978295 8.777675 -3.405270
0.512150 0.104682 -0.116161 -0.020816
0.104682 0.045546 -0.019779 -0.003670
-0.116161 -0.019779 0.496820 0.106075
-0.020816 -0.003670 0.106075 0.045915
11.673004 -0.727892 8.498515 -3.087948
0.494399 0.101098 -0.119172 -0.020200
0.101098 0.044856 -0.018913 -0.003389
-0.119172 -0.018913 0.518626 0.109868
-0.020200 -0.003389 0.109868 0.046566
13.050557 -0.341225 8.720346 -2.690195
0.478457 0.098234 -0.117364 -0.018821
0.098234 0.044364 -0.017354 -0.003038
-0.117364 -0.017354 0.536681 0.112602
-0.018821 -0.003038 0.112602 0.046970
14.019538 -0.078609 8.932868 -2.346078
0.465102 0.096149 -0.111399 -0.016861
0.096149 0.044051 -0.015310 -0.002649
-0.111399 -0.015310 0.549425 0.114103
-0.016861 -0.002649 0.114103 0.047128
14.942582 0.163366 10.192631 -1.824756
0.454562 0.094762 -0.103717 -0.014852
0.094762 0.043874 -0.013291 -0.002320
-0.103717 -0.013291 0.557948 0.114735
-0.014852 -0.002320 0.114735 0.047138
15.572388 0.316713 11.567458 -1.344551
0.448852 0.094394 -0.096342 -0.013145
0.094394 0.043884 -0.011716 -0.002109
-0.096342 -0.011716 0.560315 0.114179
-0.013145 -0.002109 0.114179 0.046945
16.749556 0.571886 13.199645 -0.857979
0.447083 0.094774 -0.088757 -0.011579
0.094774 0.044014 -0.010385 -0.001956
-0.088757 -0.010385 0.556685 0.112609
-0.011579 -0.001956 0.112609 0.046603
17.611499 0.730025 15.000317 -0.396351
0.447273 0.095456 -0.078436 -0.009625
0.095456 0.044177 -0.008667 -0.001727
-0.078436 -0.008667 0.548113 0.110368
-0.009625 -0.001727 0.110368 0.046195
17.951958 0.752142 16.731381 -0.005667
0.449647 0.096454 -0.066604 -0.007536
0.096454 0.044377 -0.006804 -0.001471
-0.066604 -0.006804 0.536046 0.107760
-0.007536 -0.001471 0.107760 0.045771
18.476443 0.806271 18.416833 0.338058
0.454135 0.097714 -0.055012 -0.005649
0.097714 0.044601 -0.005127 -0.001251
-0.055012 -0.005127 0.522460 0.105149
-0.005649 -0.001251 0.105149 0.045386
19.476797 0.946814 19.559905 0.542123
0.459396 0.098944 -0.043637 -0.003925
0.098944 0.044795 -0.003557 -0.001045
-0.043637 -0.003557 0.509497 0.102920
-0.003925 -0.001045 0.102920 0.045100
20.351052 1.048741 21.376932 0.860806
0.463831 0.099822 -0.033074 -0.002459
0.099822 0.044897 -0.002175 -0.000867
-0.033074 -0.002175 0.499333 0.101432
-0.002459 -0.000867 0.101432 0.044966
21.013631 1.086693 22.801682 1.065527
0.467743 0.100472 -0.023590 -0.001254
0.100472 0.044950 -0.001022 -0.000718
-0.023590 -0.001022 0.491348 0.100458
-0.001254 -0.000718 0.100458 0.044918
22.172775 1.223302 24.026555 1.211847
0.470574 0.100816 -0.016053 -0.000452
0.100816 0.044943 -0.000253 -0.000628
-0.016053 -0.000253 0.485938 0.100012
-0.000452 -0.000628 0.100012 0.044949
22.949200 1.263791 25.691724 1.432055
0.472085 0.100849 -0.011019 -0.000125
0.100849 0.044883 0.000047 -0.000609
-0.011019 0.000047 0.482935 0.100004
-0.000125 -0.000609 0.100004 0.045035
23.067835 1.157106 27.160176 1.587049
0.471798 0.100516 -0.008561 -0.000245
0.100516 0.044763 -0.000095 -0.000653
-0.008561 -0.000095 0.482453 0.100427
-0.000245 -0.000653 0.100427 0.045175
23.987074 1.230824 28.468305 1.695365
0.469479 0.099815 -0.007579 -0.000549
0.099815 0.044589 -0.000414 -0.000705
-0.007579 -0.000414 0.484477 0.101251
-0.000549 -0.000705 0.101251 0.045364
24.970706 1.309713 29.729199 1.782470
0.465910 0.098943 -0.009254 -0.001278
0.098943 0.044403 -0.001162 -0.000823
-0.009254 -0.001162 0.488276 0.102298
-0.001278 -0.000823 0.102298 0.045569
25.619255 1.308880 31.059408 1.874534
0.461603 0.098017 -0.013494 -0.002389
0.098017 0.044225 -0.002297 -0.000998
-0.013494 -0.002297 0.493470 0.103487
-0.002389 -0.000998 0.103487 0.045776
26.570354 1.372712 32.750422 2.032809
0.456417 0.097000 -0.019118 -0.003621
0.097000 0.044042 -0.003551 -0.001177
-0.019118 -0.003551 0.500404 0.104893
-0.003621 -0.001177 0.104893 0.046010
27.135954 1.347671 34.317476 2.147921
0.450284 0.095868 -0.026495 -0.005064
0.095868 0.043843 -0.005017 -0.001387
-0.026495 -0.005017 0.509664 0.106636
-0.005064 -0.001387 0.106636 0.046298
27.681587 1.320240 35.365615 2.142328
0.443499 0.094678 -0.033453 -0.006268
0.094678 0.043638 -0.006234 -0.001535
-0.033453 -0.006234 0.520840 0.108614
-0.006268 -0.001535 0.108614 0.046619
27.931319 1.233202 36.828384 2.222713
0.437378 0.093702 -0.039484 -0.007174
0.093702 0.043481 -0.007144 -0.001621
-0.039484 -0.007144 0.532019 0.110426
-0.007174 -0.001621 0.110426 0.046893
28.713359 1.267195 37.444720 2.120945
0.431290 0.092777 -0.042627 -0.007427
0.092777 0.043331 -0.007374 -0.001578
-0.042627 -0.007374 0.543050 0.112088
-0.007427 -0.001578 0.112088 0.047135
29.912021 1.391250 38.920497 2.208533
0.426707 0.092198 -0.045513 -0.007642
0.092198 0.043246 -0.007574 -0.001551
-0.045513 -0.007574 0.552389 0.113308
-0.007642 -0.001551 0.113308 0.047289
30.881719 1.448929 39.624060 2.127995
0.423106 0.091825 -0.045740 -0.007338
0.091825 0.043195 -0.007236 -0.001434
-0.045740 -0.007236 0.559322 0.114015
-0.007338 -0.001434 0.114015 0.047354
31.452213 1.414586 40.558458 2.100862
0.420842 0.091712 -0.044517 -0.006811
0.091712 0.043185 -0.006676 -0.001296
-0.044517 -0.006676 0.563448 0.114185
-0.006811 -0.001296 0.114185 0.047333
32.605609 1.517239 42.444756 2.272276
0.420511 0.091978 -0.040186 -0.005740
0.091978 0.043244 -0.005559 -0.001067
-0.040186 -0.005559 0.562722 0.113473
-0.005740 -0.001067 0.113473 0.047165
33.152221 1.470585 43.572075 2.269284
0.427545 0.093800 -0.030764 -0.003738
0.093800 0.043632 -0.003548 -0.000676
-0.030764 -0.003548 0.547596 0.110050
-0.003738 -0.000676 0.110050 0.046492
33.673552 1.425115 44.986222 2.324360
0.439966 0.096561 -0.022504 -0.002149
0.096561 0.044180 -0.002027 -0.000412
-0.022504 -0.002027 0.526354 0.105774
-0.002149 -0.000412 0.105774 0.045714
34.461379 1.439787 45.780540 2.250460
0.458991 0.100442 -0.017977 -0.001426
0.100442 0.044922 -0.001471 -0.000351
-0.017977 -0.001471 0.500254 0.100901
-0.001426 -0.000351 0.100901 0.044868
35.152705 1.430923 46.281238 2.123287
0.481561 0.104686 -0.017733 -0.001610
0.104686 0.045686 -0.001842 -0.000472
-0.017733 -0.001842 0.475216 0.096604
-0.001610 -0.000472 0.096604 0.044175
35.705396 1.395026 47.116442 2.076102
0.505378 0.108801 -0.020971 -0.002471
0.108801 0.046379 -0.002853 -0.000704
-0.020971 -0.002853 0.453841 0.093304
-0.002471 -0.000704 0.093304 0.043692
36.488567 1.412145 47.819428 2.006512
0.530871 0.112933 -0.028029 -0.004029
0.112933 0.047051 -0.004513 -0.001046
-0.028029 -0.004513 0.435715 0.090780
-0.004029 -0.001046 0.090780 0.043345
