0.896329 1.320634 5.139971 1.163986
41.463505 16.585761 -56.479068 -22.592117
16.585761 86.638515 -22.592117 -9.037042
-56.479068 -22.592117 80.538224 32.215988
-22.592117 -9.037042 32.215988 92.890741
1.221070 -0.980443 2.872286 -1.793956
70.567721 43.346857 -87.098037 -38.529041
43.346857 47.656531 -51.565433 -43.201348
-87.098037 -51.565433 110.515707 50.456192
-38.529041 -43.201348 50.456192 58.420664
0.327931 0.194476 8.255433 3.413701
113.811437 62.479890 -122.091107 -48.183367
62.479890 45.472534 -66.497441 -39.808593
-122.091107 -66.497441 133.183908 53.592923
-48.183367 -39.808593 53.592923 41.947060
-1.277977 -0.560730 11.402716 3.766256
17.738713 8.528803 -25.143487 -13.340442
8.528803 10.866175 -12.271623 -15.094952
-25.143487 -12.271623 38.431570 21.571405
-13.340442 -15.094952 21.571405 24.237204
-0.812221 -0.185051 12.558784 3.438013
8.140626 3.752764 -15.328384 -8.045725
3.752764 5.869481 -6.892396 -8.805912
-15.328384 -6.892396 32.577645 17.392278
-8.045725 -8.805912 17.392278 16.307779
2.978203 2.085392 8.960978 0.424426
7.824237 3.422421 -17.588955 -8.204638
3.422421 3.943169 -6.950614 -6.310506
-17.588955 -6.950614 43.972455 19.818637
-8.204638 -6.310506 19.818637 13.044520
3.254815 1.861231 11.425729 1.237236
7.386037 4.075196 -11.994331 -6.129922
4.075196 3.583754 -6.113498 -4.890456
-11.994331 -6.113498 22.039616 10.404152
-6.129922 -4.890456 10.404152 7.402237
4.473493 1.983607 11.500517 1.021487
11.572464 5.350486 -19.045647 -8.189810
5.350486 3.232966 -8.457378 -4.651965
-19.045647 -8.457378 33.592335 13.861631
-8.189810 -4.651965 13.861631 7.200883
4.555387 1.707814 14.112236 1.664399
17.174379 6.738675 -27.717827 -10.198664
6.738675 3.120241 -10.628271 -4.550586
-27.717827 -10.628271 46.659679 16.772013
-10.198664 -4.550586 16.772013 6.988450
3.674957 1.148562 17.921463 2.575032
11.588421 3.676171 -20.451921 -6.172963
3.676171 1.493156 -6.270299 -2.328344
-20.451921 -6.270299 38.105813 11.211522
-6.172963 -2.328344 11.211522 3.962539
6.425194 1.763816 15.413365 1.553661
2.459105 0.635750 -4.894868 -1.241960
0.635750 0.409159 -1.008036 -0.576479
-4.894868 -1.008036 12.359524 2.851084
-1.241960 -0.576479 2.851084 1.148405
7.381319 1.772877 15.930994 1.502832
2.979324 0.746728 -6.158175 -1.480467
0.746728 0.371014 -1.315045 -0.557672
-6.158175 -1.315045 15.261827 3.394076
-1.480467 -0.557672 3.394076 1.137966
9.180587 2.177473 17.015580 1.347610
3.548415 0.832549 -7.565624 -1.685344
0.832549 0.336396 -1.569434 -0.533024
-7.565624 -1.569434 18.592513 3.893939
-1.685344 -0.533024 3.893939 1.118501
10.544839 2.270261 17.510554 1.272764
4.048316 0.873039 -8.907781 -1.821552
0.873039 0.299581 -1.731555 -0.495614
-8.907781 -1.731555 22.026798 4.286957
-1.821552 -0.495614 4.286957 1.078574
11.388061 2.141648 17.843589 1.291190
4.597080 0.916180 -10.297275 -1.942608
0.916180 0.272686 -1.878882 -0.465498
-10.297275 -1.878882 25.420898 4.609560
-1.942608 -0.465498 4.609560 1.037245
12.584603 2.162865 18.175579 1.238375
5.078585 0.935482 -11.546536 -2.014561
0.935482 0.247232 -1.966734 -0.431725
-11.546536 -1.966734 28.544785 4.823324
-2.014561 -0.431725 4.823324 0.984766
13.999206 2.339478 19.820375 1.300001
5.563705 0.961471 -12.635187 -2.056904
0.961471 0.229836 -2.037539 -0.403412
-12.635187 -2.037539 30.879936 4.897836
-2.056904 -0.403412 4.897836 0.923018
14.018769 2.106680 22.361060 1.623564
3.748737 0.573440 -9.043860 -1.350379
0.573440 0.144470 -1.228725 -0.242921
-9.043860 -1.228725 24.224079 3.504747
-1.350379 -0.242921 3.504747 0.635268
16.009607 2.237065 20.796091 1.292715
0.719936 0.119655 -1.510613 -0.222244
0.119655 0.072978 -0.064373 -0.061996
-1.510613 -0.064373 6.177022 0.770582
-0.222244 -0.061996 0.770582 0.210906
16.314134 2.057840 22.492559 1.478250
0.682409 0.115159 -1.505234 -0.219585
0.115159 0.067135 -0.068364 -0.055186
-1.505234 -0.068364 6.626140 0.823177
-0.219585 -0.055186 0.823177 0.207139
17.462536 2.091976 23.225125 1.466471
0.407474 0.087210 -0.593146 -0.099021
0.087210 0.062268 0.065100 -0.032747
-0.593146 0.065100 4.616733 0.531140
-0.099021 -0.032747 0.531140 0.157453
17.922329 2.029783 26.390455 1.781837
0.335075 0.095166 -0.022771 -0.035052
0.095166 0.063649 0.126526 -0.022106
-0.022771 0.126526 3.052124 0.326336
-0.035052 -0.022106 0.326336 0.124386
19.005679 2.008952 26.034397 1.631238
0.427571 0.128935 0.206534 -0.022339
0.128935 0.068427 0.102473 -0.023674
0.206534 0.102473 1.340212 0.131683
-0.022339 -0.023674 0.131683 0.097182
20.037931 1.994833 25.442338 1.430415
0.568378 0.163365 0.275914 -0.028564
0.163365 0.073145 0.091129 -0.023483
0.275914 0.091129 0.894282 0.092831
-0.028564 -0.023483 0.092831 0.089071
21.008329 1.988639 25.478343 1.315462
0.742112 0.198957 0.295388 -0.040309
0.198957 0.077547 0.078323 -0.023392
0.295388 0.078323 0.671442 0.080421
-0.040309 -0.023392 0.080421 0.083936
22.139788 2.019637 26.387453 1.351199
0.931001 0.232446 0.239301 -0.062806
0.232446 0.081094 0.053092 -0.025419
0.239301 0.053092 0.505183 0.076211
-0.062806 -0.025419 0.076211 0.080370
23.182682 2.026910 27.086795 1.353206
1.093729 0.255757 0.100710 -0.095802
0.255757 0.082302 0.014863 -0.029443
0.100710 0.014863 0.398812 0.083467
-0.095802 -0.029443 0.083467 0.079492
24.284101 2.040974 27.990286 1.403591
1.242818 0.273057 -0.069766 -0.130504
0.273057 0.082360 -0.023682 -0.033296
-0.069766 -0.023682 0.371922 0.101971
-0.130504 -0.033296 0.101971 0.080517
25.235457 2.031053 28.457792 1.345393
1.394695 0.288370 -0.257813 -0.164967
0.288370 0.082186 -0.059743 -0.036651
-0.257813 -0.059743 0.411334 0.128196
-0.164967 -0.036651 0.128196 0.082634
25.733844 1.934382 28.850383 1.293149
1.549019 0.301728 -0.462456 -0.198724
0.301728 0.081765 -0.093536 -0.039516
-0.462456 -0.093536 0.507831 0.160250
-0.198724 -0.039516 0.160250 0.085487
27.212478 2.028401 29.406630 1.254844
1.751676 0.321755 -0.682462 -0.232667
0.321755 0.082691 -0.125097 -0.042132
-0.682462 -0.125097 0.643767 0.193423
-0.232667 -0.042132 0.193423 0.087925
28.286581 2.039388 30.060325 1.261302
1.894468 0.328114 -0.918245 -0.264220
0.328114 0.081126 -0.154639 -0.044052
-0.918245 -0.154639 0.841909 0.234349
-0.264220 -0.044052 0.234349 0.091878
28.626522 1.917651 30.583227 1.229783
2.050665 0.335397 -1.170873 -0.295609
0.335397 0.079932 -0.182591 -0.045772
-1.170873 -0.182591 1.086958 0.278064
-0.295609 -0.045772 0.278064 0.095924
30.238198 2.038753 31.425650 1.298554
2.289467 0.355035 -1.458174 -0.329802
0.355035 0.080939 -0.212696 -0.047968
-1.458174 -0.212696 1.363635 0.320121
-0.329802 -0.047968 0.320121 0.098920
30.501771 1.899441 31.890446 1.232983
2.495417 0.366406 -1.759104 -0.362706
0.366406 0.080498 -0.240225 -0.049657
-1.759104 -0.240225 1.697378 0.367534
-0.362706 -0.049657 0.367534 0.102872
31.591827 1.925498 32.537381 1.245089
2.782126 0.388937 -2.102274 -0.397961
0.388937 0.081864 -0.271545 -0.051853
-2.102274 -0.271545 2.062378 0.412431
-0.397961 -0.051853 0.412431 0.105669
32.428262 1.911219 33.308561 1.273609
3.075575 0.409418 -2.471820 -0.433693
0.409418 0.082762 -0.302572 -0.053916
-2.471820 -0.302572 2.478411 0.460328
-0.433693 -0.053916 0.460328 0.108855
32.820805 1.821500 34.116186 1.284621
3.415416 0.434496 -2.878021 -0.470291
0.434496 0.084266 -0.335932 -0.056142
-2.878021 -0.335932 2.932129 0.507351
-0.470291 -0.056142 0.507351 0.111507
33.812347 1.863191 35.181717 1.378224
3.831486 0.469440 -3.315689 -0.504744
0.469440 0.087177 -0.373063 -0.058489
-3.315689 -0.373063 3.383999 0.545594
-0.504744 -0.058489 0.545594 0.112214
34.818524 1.906666 36.310316 1.472185
4.291110 0.507635 -3.782608 -0.538482
0.507635 0.090337 -0.411824 -0.060799
-3.782608 -0.411824 3.854218 0.580981
-0.538482 -0.060799 0.580981 0.112475
35.485767 1.836810 36.786493 1.404073
4.795017 0.549003 -4.276752 -0.571179
0.549003 0.093729 -0.452021 -0.063035
-4.276752 -0.452021 4.337127 0.613131
-0.571179 -0.063035 0.613131 0.112315
36.144813 1.777105 37.308673 1.353648
5.332886 0.590369 -4.810947 -0.606134
0.590369 0.096801 -0.493218 -0.065312
-4.810947 -0.493218 4.865776 0.648311
-0.606134 -0.065312 0.648311 0.112815
36.860011 1.787804 38.521920 1.443819
5.905606 0.632030 -5.383253 -0.642638
0.632030 0.099657 -0.535266 -0.067585
-5.383253 -0.535266 5.435680 0.685403
-0.642638 -0.067585 0.685403 0.113698
37.726875 1.792817 39.367142 1.464794
6.532346 0.680203 -5.957614 -0.672622
0.680203 0.103391 -0.578548 -0.069524
-5.957614 -0.578548 5.960311 0.710592
-0.672622 -0.069524 0.710592 0.112878
38.870216 1.808359 39.757591 1.419522
7.204957 0.729246 -6.575552 -0.705133
0.729246 0.106925 -0.622955 -0.071533
-6.575552 -0.622955 6.526470 0.738636
-0.705133 -0.071533 0.738636 0.112663
39.826945 1.835015 40.679814 1.461040
7.873551 0.768301 -7.262430 -0.747877
0.768301 0.108685 -0.665036 -0.073746
-7.262430 -0.665036 7.227574 0.784089
-0.747877 -0.073746 0.784089 0.115017
40.836256 1.824878 41.100722 1.413184
8.583838 0.808975 -7.989383 -0.791223
0.808975 0.110572 -0.708384 -0.075948
-7.989383 -0.708384 7.967815 0.829869
-0.791223 -0.075948 0.829869 0.117274
42.224650 1.920452 41.974632 1.477076
9.252344 0.838722 -8.734471 -0.837431
0.838722 0.111018 -0.746074 -0.077862
-8.734471 -0.746074 8.783113 0.883806
-0.837431 -0.077862 0.883806 0.120639
42.778670 1.870294 42.931484 1.484013
9.876645 0.859613 -9.483911 -0.883971
0.859613 0.110494 -0.778435 -0.079426
-9.483911 -0.778435 9.652019 0.942218
-0.883971 -0.079426 0.942218 0.124527
43.353013 1.788333 43.433272 1.415767
10.652420 0.898178 -10.323811 -0.930361
0.898178 0.112082 -0.822509 -0.081536
-10.323811 -0.822509 10.554285 0.994494
-0.930361 -0.081536 0.994494 0.127116
