-1.863698 0.216599 4.824572 1.037823
41.463505 16.585761 -56.479068 -22.592117
16.585761 86.638515 -22.592117 -9.037042
-56.479068 -22.592117 80.538224 32.215988
-22.592117 -9.037042 32.215988 92.890741
3.526827 6.556584 3.646337 2.794935
62.751728 32.406667 -87.015764 -43.466645
32.406667 37.965699 -42.690822 -41.682448
-87.015764 -42.690822 124.161793 63.642085
-43.466645 -41.682448 63.642085 67.941600
14.662863 9.569101 -7.999935 -3.776384
47.723358 29.747968 -45.481302 -16.326039
29.747968 29.648754 -27.677460 -23.633315
-45.481302 -27.677460 45.327183 16.944932
-16.326039 -23.633315 16.944932 27.107026
12.561859 5.848491 -3.320442 -0.816243
10.148390 4.239546 -2.394703 3.668258
4.239546 7.885565 -1.176183 -6.463361
-2.394703 -1.176183 1.594392 0.269112
3.668258 -6.463361 0.269112 13.559593
15.757282 4.360984 -1.205941 3.013578
15.874322 8.711509 -3.902098 -1.391520
8.711509 7.084019 -2.802932 -3.927903
-3.902098 -2.802932 2.005987 1.899998
-1.391520 -3.927903 1.899998 5.391136
18.000593 4.479868 0.083445 2.786951
25.577218 11.400804 -5.674807 -2.058406
11.400804 5.981683 -2.950522 -2.087509
-5.674807 -2.950522 2.201658 1.483169
-2.058406 -2.087509 1.483169 2.214412
21.785657 5.332853 0.282749 1.959343
32.860167 11.477164 -4.925658 -0.563988
11.477164 4.456499 -1.984870 -0.728885
-4.925658 -1.984870 1.550851 0.760747
-0.563988 -0.728885 0.760747 0.968747
25.246711 5.588388 1.088744 1.901315
24.433165 6.542620 -0.207487 1.670576
6.542620 2.018248 -0.239022 0.160771
-0.207487 -0.239022 0.718095 0.467976
1.670576 0.160771 0.467976 0.642369
23.499148 4.317441 2.795653 2.123318
17.802922 3.783123 2.560163 2.268512
3.783123 0.983585 0.398658 0.305030
2.560163 0.398658 1.038136 0.706863
2.268512 0.305030 0.706863 0.623565
26.889558 4.470330 4.541537 2.486110
21.531419 4.242078 3.785806 2.324020
4.242078 0.966020 0.627741 0.341928
3.785806 0.627741 1.281014 0.711068
2.324020 0.341928 0.711068 0.474694
28.456834 4.375384 5.492673 2.355310
18.553112 3.122479 5.267345 2.406876
3.122479 0.625744 0.784840 0.324412
5.267345 0.784840 2.091035 0.940400
2.406876 0.324412 0.940400 0.475061
31.602405 4.552110 6.807668 2.403705
16.178243 2.363155 6.328784 2.358439
2.363155 0.426530 0.832905 0.285465
6.328784 0.832905 3.066098 1.149518
2.358439 0.285465 1.149518 0.469626
29.113994 3.796677 6.643289 1.998789
10.228152 1.252759 5.510198 1.760971
1.252759 0.222935 0.585395 0.169296
5.510198 0.585395 3.593667 1.164992
1.760971 0.169296 1.164992 0.408836
30.940122 3.557283 9.323812 2.527289
11.412134 1.356591 6.608834 1.811831
1.356591 0.221484 0.705166 0.180505
6.608834 0.705166 4.427711 1.237435
1.811831 0.180505 1.237435 0.372852
28.396288 2.921271 9.038127 2.206779
10.185682 1.077873 6.985868 1.711940
1.077873 0.168355 0.660441 0.152988
6.985868 0.660441 5.415856 1.353308
1.711940 0.152988 1.353308 0.362706
31.947890 2.964168 13.094365 2.916366
10.366618 1.123508 7.054517 1.514757
1.123508 0.170938 0.694070 0.143004
7.054517 0.694070 5.387563 1.185809
1.514757 0.143004 1.185809 0.284440
28.400166 2.379447 11.475057 2.346610
5.320866 0.483677 4.431538 0.891867
0.483677 0.090905 0.326012 0.061928
4.431538 0.326012 4.360638 0.907485
0.891867 0.061928 0.907485 0.211537
30.330810 2.357055 14.105229 2.650152
5.507739 0.531290 4.506235 0.809914
0.531290 0.095129 0.365552 0.063853
4.506235 0.365552 4.313353 0.805956
0.809914 0.063853 0.805956 0.173361
27.934491 1.888154 13.606282 2.409734
4.702292 0.405662 4.377421 0.742110
0.405662 0.077600 0.305165 0.051410
4.377421 0.305165 4.754013 0.837024
0.742110 0.051410 0.837024 0.170367
29.166097 1.786540 16.303483 2.699633
4.898754 0.446333 4.497165 0.693501
0.446333 0.081474 0.342809 0.053804
4.497165 0.342809 4.771790 0.767151
0.693501 0.053804 0.767151 0.146977
26.057930 1.310683 14.999925 2.374247
3.754936 0.302748 3.901616 0.578022
0.302748 0.064939 0.241425 0.037703
3.901616 0.241425 4.772167 0.739316
0.578022 0.037703 0.739316 0.138823
27.947544 1.332489 18.296451 2.701964
3.254306 0.313718 3.001852 0.394291
0.313718 0.069037 0.226388 0.032579
3.001852 0.226388 3.398322 0.479198
0.394291 0.032579 0.479198 0.092868
24.788992 0.879161 16.928063 2.409952
2.101554 0.179307 2.206660 0.286893
0.179307 0.054420 0.116036 0.018584
2.206660 0.116036 3.054669 0.432153
0.286893 0.018584 0.432153 0.087220
25.999285 0.869248 19.775509 2.651162
1.939444 0.204461 1.737563 0.198956
0.204461 0.058977 0.123351 0.018413
1.737563 0.123351 2.181439 0.284656
0.198956 0.018413 0.284656 0.064319
25.858145 0.814817 20.504309 2.580732
1.264928 0.123936 1.264237 0.146894
0.123936 0.049988 0.054582 0.011048
1.264237 0.054582 2.009137 0.271487
0.146894 0.011048 0.271487 0.064655
25.190118 0.703619 20.700593 2.456528
0.812995 0.080308 0.868907 0.100686
0.080308 0.046543 0.002610 0.005185
0.868907 0.002610 1.855634 0.258157
0.100686 0.005185 0.258157 0.064609
25.327613 0.676719 21.735106 2.435911
0.617569 0.066249 0.690544 0.080111
0.066249 0.046052 -0.022059 0.002666
0.690544 -0.022059 1.900450 0.266204
0.080111 0.002666 0.266204 0.066666
26.578945 0.770208 24.216105 2.590640
0.411272 0.059901 0.345444 0.036056
0.059901 0.047556 -0.058576 -0.001845
0.345444 -0.058576 1.658595 0.236269
0.036056 -0.001845 0.236269 0.063714
26.994678 0.767424 25.648742 2.609808
0.345230 0.076070 0.018782 -0.006925
0.076070 0.051925 -0.078770 -0.004407
0.018782 -0.078770 1.180806 0.171675
-0.006925 -0.004407 0.171675 0.055643
27.489169 0.792505 26.969804 2.610792
0.389822 0.099899 -0.155091 -0.027620
0.099899 0.056619 -0.089839 -0.005665
-0.155091 -0.089839 0.973714 0.144728
-0.027620 -0.005665 0.144728 0.052660
27.778186 0.777157 27.982354 2.565405
0.484839 0.127143 -0.281387 -0.040681
0.127143 0.061312 -0.099687 -0.006751
-0.281387 -0.099687 0.883211 0.133870
-0.040681 -0.006751 0.133870 0.051722
28.251543 0.802234 28.996672 2.523317
0.616498 0.156967 -0.393751 -0.050934
0.156967 0.065917 -0.110002 -0.007933
-0.393751 -0.110002 0.849519 0.130465
-0.050934 -0.007933 0.130465 0.051574
28.621985 0.794654 30.183751 2.509055
0.780444 0.188712 -0.507839 -0.060837
0.188712 0.070305 -0.121892 -0.009419
-0.507839 -0.121892 0.855018 0.131986
-0.060837 -0.009419 0.131986 0.051861
28.893363 0.758413 31.064629 2.432694
0.979488 0.222889 -0.625536 -0.070426
0.222889 0.074644 -0.134393 -0.010992
-0.625536 -0.134393 0.875797 0.134574
-0.070426 -0.010992 0.134574 0.052000
29.312913 0.767535 32.274120 2.433615
1.213178 0.258930 -0.752719 -0.080760
0.258930 0.078829 -0.148109 -0.012766
-0.752719 -0.148109 0.912506 0.138498
-0.080760 -0.012766 0.138498 0.052098
29.844627 0.801813 33.530439 2.450950
1.483923 0.297027 -0.890234 -0.091765
0.297027 0.082958 -0.162754 -0.014631
-0.890234 -0.162754 0.958626 0.142714
-0.091765 -0.014631 0.142714 0.052045
30.211346 0.792926 34.716975 2.440449
1.791978 0.336715 -1.042423 -0.104260
0.336715 0.086952 -0.178686 -0.016660
-1.042423 -0.178686 1.016827 0.147800
-0.104260 -0.016660 0.147800 0.051996
30.572505 0.786511 35.953318 2.441565
2.140553 0.378474 -1.207530 -0.117491
0.378474 0.090972 -0.195371 -0.018666
-1.207530 -0.195371 1.080783 0.152705
-0.117491 -0.018666 0.152705 0.051834
30.870335 0.753467 36.865653 2.367598
2.531972 0.422435 -1.385599 -0.131231
0.422435 0.095061 -0.212632 -0.020589
-1.385599 -0.212632 1.148805 0.157265
-0.131231 -0.020589 0.157265 0.051589
31.047255 0.688091 37.459880 2.224101
2.965558 0.467901 -1.581599 -0.146581
0.467901 0.099064 -0.230906 -0.022573
-1.581599 -0.230906 1.226763 0.162615
-0.146581 -0.022573 0.162615 0.051465
31.405058 0.690347 38.568796 2.224343
3.440831 0.514479 -1.797992 -0.163945
0.514479 0.102930 -0.250270 -0.024645
-1.797992 -0.250270 1.316878 0.169129
-0.163945 -0.024645 0.169129 0.051525
31.979031 0.732087 39.750100 2.255145
3.962687 0.563036 -2.031730 -0.182073
0.563036 0.106854 -0.270265 -0.026626
-2.031730 -0.270265 1.413581 0.175760
-0.182073 -0.026626 0.175760 0.051615
32.442561 0.745696 40.836875 2.252667
4.526450 0.612183 -2.290618 -0.202946
0.612183 0.110571 -0.291533 -0.028763
-2.290618 -0.291533 1.526694 0.184213
-0.202946 -0.028763 0.184213 0.051980
32.891590 0.748233 41.778935 2.216912
5.135112 0.662475 -2.572710 -0.225586
0.662475 0.114219 -0.313749 -0.030921
-2.572710 -0.313749 1.652704 0.193709
-0.225586 -0.030921 0.193709 0.052489
33.484907 0.787611 43.024293 2.261980
5.786042 0.713293 -2.880645 -0.250537
0.713293 0.117709 -0.337005 -0.033155
-2.880645 -0.337005 1.794885 0.204725
-0.250537 -0.033155 0.204725 0.053198
33.634742 0.749635 44.095153 2.232277
6.481888 0.765014 -3.214523 -0.277341
0.765014 0.121121 -0.361229 -0.035413
-3.214523 -0.361229 1.952358 0.216926
-0.277341 -0.035413 0.216926 0.054043
33.993559 0.760996 45.475714 2.289756
7.247031 0.821691 -3.560104 -0.300966
0.821691 0.125076 -0.385423 -0.037195
-3.560104 -0.385423 2.103950 0.226473
-0.300966 -0.037195 0.226473 0.054499
33.974491 0.699249 46.466639 2.228732
8.075257 0.881868 -3.917004 -0.322235
0.881868 0.129308 -0.409445 -0.038639
-3.917004 -0.409445 2.251688 0.234142
-0.322235 -0.038639 0.234142 0.054708
34.203319 0.679303 47.502126 2.203101
8.962675 0.945577 -4.266804 -0.337707
0.945577 0.133862 -0.431787 -0.039456
-4.266804 -0.431787 2.379101 0.237746
-0.337707 -0.039456 0.237746 0.054436
34.400129 0.665647 48.687662 2.212004
9.910262 1.011430 -4.629210 -0.352467
1.011430 0.138430 -0.454063 -0.040179
-4.629210 -0.454063 2.506611 0.240881
-0.352467 -0.040179 0.240881 0.054163
