32.747480 0.539120 49.206308 1.957234
0.549876 0.115772 -0.033138 -0.005673
0.115772 0.047465 -0.006010 -0.001352
-0.033138 -0.006010 0.424299 0.089517
-0.005673 -0.001352 0.089517 0.043235
29.072949 -0.282855 49.320722 1.759979
0.563682 0.117033 -0.033013 -0.005348
0.117033 0.047539 -0.005683 -0.001209
-0.033013 -0.005683 0.416508 0.089147
-0.005348 -0.001209 0.089147 0.043259
24.704913 -1.155633 48.460263 1.367214
0.563124 0.115440 -0.027530 -0.003964
0.115440 0.047086 -0.004296 -0.000872
-0.027530 -0.004296 0.416225 0.090223
-0.003964 -0.000872 0.090223 0.043535
21.249569 -1.748944 46.567138 0.792301
0.550698 0.111815 -0.020915 -0.002523
0.111815 0.046318 -0.002825 -0.000561
-0.020915 -0.002825 0.422830 0.092499
-0.002523 -0.000561 0.092499 0.044000
18.879990 -2.060700 43.960331 0.126582
0.530188 0.107087 -0.015429 -0.001495
0.107087 0.045435 -0.001720 -0.000361
-0.015429 -0.001720 0.435553 0.095725
-0.001495 -0.000361 0.095725 0.044602
16.659682 -2.310164 40.854341 -0.573938
0.503737 0.101723 -0.010092 -0.000597
0.101723 0.044513 -0.000732 -0.000198
-0.010092 -0.000732 0.454824 0.099949
-0.000597 -0.000198 0.099949 0.045357
15.108162 -2.399895 36.719482 -1.416590
0.475970 0.096626 0.000464 0.001388
0.096626 0.043712 0.001247 0.000179
0.000464 0.001247 0.479381 0.104848
0.001388 0.000179 0.104848 0.046200
13.491832 -2.492920 31.267936 -2.445215
0.461216 0.094601 0.021817 0.005582
0.094601 0.043565 0.005275 0.000986
0.021817 0.005275 0.496782 0.107692
0.005582 0.000986 0.107692 0.046547
11.721616 -2.602017 25.698647 -3.377476
0.470075 0.097505 0.035824 0.007831
0.097505 0.044391 0.007482 0.001347
0.035824 0.007482 0.489738 0.105030
0.007831 0.001347 0.105030 0.045718
10.213683 -2.640512 21.132438 -3.990048
0.485681 0.101447 0.032169 0.006157
0.101447 0.045318 0.005943 0.000904
0.032169 0.005943 0.472588 0.100610
0.006157 0.000904 0.100610 0.044645
8.219127 -2.777033 17.465243 -4.343677
0.500339 0.104772 0.017782 0.002474
0.104772 0.046017 0.002429 0.000115
0.017782 0.002429 0.456678 0.097012
0.002474 0.000115 0.097012 0.043881
8.098039 -2.509236 14.445210 -4.527848
0.515235 0.107796 -0.000173 -0.001524
0.107796 0.046587 -0.001413 -0.000654
-0.000173 -0.001413 0.443760 0.094442
-0.001524 -0.000654 0.094442 0.043411
7.422616 -2.388951 12.343360 -4.494557
0.528508 0.110181 -0.022362 -0.005997
0.110181 0.046979 -0.005742 -0.001458
-0.022362 -0.005742 0.436051 0.093213
-0.005997 -0.001458 0.093213 0.043253
6.836901 -2.263949 11.254756 -4.246294
0.542367 0.112452 -0.043795 -0.009892
0.112452 0.047326 -0.009511 -0.002091
-0.043795 -0.009511 0.431710 0.092743
-0.009892 -0.002091 0.092743 0.043243
7.492781 -1.894774 9.935346 -4.070787
0.556480 0.114576 -0.060308 -0.012416
0.114576 0.047630 -0.011966 -0.002420
-0.060308 -0.011966 0.428697 0.092506
-0.012416 -0.002420 0.092506 0.043251
8.210362 -1.548576 9.502777 -3.717239
0.562583 0.114871 -0.085864 -0.016794
0.114871 0.047549 -0.016109 -0.003138
-0.085864 -0.016109 0.437043 0.094625
-0.016794 -0.003138 0.094625 0.043733
8.540281 -1.312099 9.522774 -3.301201
0.556869 0.112784 -0.109257 -0.020497
0.112784 0.047015 -0.019467 -0.003690
-0.109257 -0.019467 0.455640 0.098660
-0.020497 -0.003690 0.098660 0.044562
8.874199 -1.096186 9.456797 -2.947039
0.550852 0.110924 -0.126761 -0.022759
0.110924 0.046597 -0.021460 -0.003957
-0.126761 -0.021460 0.474009 0.102201
-0.022759 -0.003957 0.102201 0.045201
9.912744 -0.746010 10.216098 -2.443253
0.543555 0.109059 -0.139096 -0.023913
0.109059 0.046229 -0.022408 -0.004040
-0.139096 -0.022408 0.491597 0.105238
-0.023913 -0.004040 0.105238 0.045686
10.412104 -0.538016 11.017509 -1.993437
0.535432 0.107313 -0.143843 -0.023555
0.107313 0.045928 -0.021990 -0.003881
-0.143843 -0.021990 0.504398 0.107054
-0.023555 -0.003881 0.107054 0.045902
11.743861 -0.186576 11.388270 -1.673873
0.530005 0.106351 -0.143702 -0.022365
0.106351 0.045813 -0.020922 -0.003640
-0.143702 -0.020922 0.510526 0.107396
-0.022365 -0.003640 0.107396 0.045825
12.415106 0.005185 12.425708 -1.260362
0.519810 0.104566 -0.138111 -0.020417
0.104566 0.045536 -0.019025 -0.003299
-0.138111 -0.019025 0.515912 0.107736
-0.020417 -0.003299 0.107736 0.045805
13.568932 0.277180 13.564460 -0.864260
0.512187 0.103494 -0.129264 -0.018090
0.103494 0.045418 -0.016884 -0.002951
-0.129264 -0.016884 0.515715 0.107017
-0.018090 -0.002951 0.107017 0.045603
14.567780 0.484373 14.608336 -0.537277
0.504567 0.102529 -0.116660 -0.015324
0.102529 0.045320 -0.014322 -0.002558
-0.116660 -0.014322 0.512223 0.105845
-0.015324 -0.002558 0.105845 0.045363
15.614030 0.685228 16.099263 -0.153636
0.497713 0.101766 -0.102270 -0.012516
0.101766 0.045253 -0.011708 -0.002185
-0.102270 -0.011708 0.506972 0.104536
-0.012516 -0.002185 0.104536 0.045140
16.345482 0.800912 17.936373 0.253207
0.492339 0.101322 -0.086209 -0.009630
0.101322 0.045239 -0.009019 -0.001809
-0.086209 -0.009019 0.499886 0.103058
-0.009630 -0.001809 0.103058 0.044918
17.676555 1.018450 19.430479 0.553227
0.489321 0.101322 -0.069553 -0.006839
0.101322 0.045298 -0.006427 -0.001453
-0.069553 -0.006427 0.491445 0.101480
-0.006839 -0.001453 0.101480 0.044699
18.954016 1.201611 21.202728 0.876053
0.486528 0.101263 -0.053293 -0.004330
0.101263 0.045319 -0.004039 -0.001138
-0.053293 -0.004039 0.484752 0.100412
-0.004330 -0.001138 0.100412 0.044596
19.961146 1.303132 22.925595 1.149301
0.484174 0.101191 -0.038386 -0.002230
0.101191 0.045316 -0.002011 -0.000882
-0.038386 -0.002011 0.479988 0.099806
-0.002230 -0.000882 0.099806 0.044583
20.631565 1.317906 24.546618 1.368448
0.481963 0.101045 -0.026026 -0.000723
0.101045 0.045279 -0.000538 -0.000717
-0.026026 -0.000538 0.477444 0.099654
-0.000723 -0.000717 0.099654 0.044644
21.698398 1.408345 25.802199 1.491364
0.479338 0.100733 -0.016575 0.000188
0.100733 0.045196 0.000362 -0.000638
-0.016575 0.000362 0.477133 0.099917
0.000188 -0.000638 0.099917 0.044766
22.552347 1.445745 27.527801 1.698029
0.476085 0.100239 -0.010659 0.000437
0.100239 0.045071 0.000610 -0.000656
-0.010659 0.000610 0.478776 0.100503
0.000437 -0.000656 0.100503 0.044928
24.280376 1.661937 29.365658 1.909844
0.471383 0.099427 -0.008010 0.000139
0.099427 0.044881 0.000315 -0.000744
-0.008010 0.000315 0.482778 0.101484
0.000139 -0.000744 0.101484 0.045149
24.932286 1.625306 30.768979 2.003697
0.465575 0.098402 -0.010515 -0.001058
0.098402 0.044654 -0.000887 -0.000980
-0.010515 -0.000887 0.488867 0.102780
-0.001058 -0.000980 0.102780 0.045409
25.913118 1.661948 32.311116 2.117457
0.459131 0.097294 -0.014965 -0.002413
0.097294 0.044420 -0.002259 -0.001205
-0.014965 -0.002259 0.496556 0.104282
-0.002413 -0.001205 0.104282 0.045691
26.652160 1.642660 33.551524 2.155422
0.452368 0.096169 -0.021630 -0.003996
0.096169 0.044190 -0.003872 -0.001445
-0.021630 -0.003872 0.505876 0.105991
-0.003996 -0.001445 0.105991 0.045998
27.678112 1.687025 35.081064 2.250037
0.445936 0.095158 -0.028925 -0.005487
0.095158 0.043989 -0.005397 -0.001643
-0.028925 -0.005397 0.516093 0.107746
-0.005487 -0.001643 0.107746 0.046300
29.131680 1.817795 36.185488 2.246774
0.439662 0.094202 -0.036625 -0.006881
0.094202 0.043799 -0.006826 -0.001810
-0.036625 -0.006826 0.527530 0.109625
-0.006881 -0.001810 0.109625 0.046616
29.365508 1.672993 37.548600 2.294749
0.434695 0.093534 -0.045145 -0.008301
0.093534 0.043666 -0.008287 -0.001982
-0.045145 -0.008287 0.538812 0.111342
-0.008301 -0.001982 0.111342 0.046890
30.523307 1.742559 38.697610 2.296158
0.429583 0.092824 -0.049128 -0.008670
0.092824 0.043517 -0.008646 -0.001931
-0.049128 -0.008646 0.549399 0.112833
-0.008670 -0.001931 0.112833 0.047120
31.366488 1.735727 39.687232 2.263640
0.425487 0.092327 -0.050600 -0.008530
0.092327 0.043409 -0.008474 -0.001799
-0.050600 -0.008474 0.557738 0.113818
-0.008530 -0.001799 0.113818 0.047253
32.253351 1.740142 40.868775 2.273844
0.422843 0.092128 -0.048549 -0.007730
0.092128 0.043360 -0.007617 -0.001559
-0.048549 -0.007617 0.562038 0.114002
-0.007730 -0.001559 0.114002 0.047243
32.570454 1.618884 42.004510 2.270515
0.423226 0.092558 -0.041921 -0.006114
0.092558 0.043440 -0.005930 -0.001186
-0.041921 -0.005930 0.558879 0.112789
-0.006114 -0.001186 0.112789 0.046981
33.281328 1.594682 42.713248 2.183999
0.427945 0.093840 -0.032954 -0.004193
0.093840 0.043690 -0.003975 -0.000797
-0.032954 -0.003975 0.547831 0.110210
-0.004193 -0.000797 0.110210 0.046490
33.931935 1.562451 43.807276 2.183608
0.436343 0.095741 -0.024456 -0.002546
0.095741 0.044044 -0.002348 -0.000504
-0.024456 -0.002348 0.532290 0.107033
-0.002546 -0.000504 0.107033 0.045930
34.291506 1.470433 44.981165 2.198108
0.450928 0.098762 -0.018086 -0.001446
0.098762 0.044611 -0.001358 -0.000353
-0.018086 -0.001358 0.510503 0.102903
-0.001446 -0.000353 0.102903 0.045218
35.071631 1.479508 45.916055 2.164986
0.470319 0.102502 -0.015589 -0.001194
0.102502 0.045291 -0.001270 -0.000382
-0.015589 -0.001270 0.486756 0.098702
-0.001194 -0.000382 0.098702 0.044526
35.207756 1.348114 46.778813 2.117834
0.494054 0.106814 -0.018107 -0.001951
0.106814 0.046051 -0.002211 -0.000605
-0.018107 -0.002211 0.463302 0.094826
-0.001951 -0.000605 0.094826 0.043915
36.034901 1.380154 47.613234 2.071772
0.517919 0.110775 -0.022839 -0.003076
0.110775 0.046700 -0.003454 -0.000865
-0.022839 -0.003454 0.444162 0.092030
-0.003076 -0.000865 0.092030 0.043520
36.175000 1.261955 48.016318 1.936971
0.544414 0.114984 -0.032425 -0.005097
0.114984 0.047385 -0.005544 -0.001278
-0.032425 -0.005544 0.427710 0.089834
-0.005097 -0.001278 0.089834 0.043215
