0.547472 1.181088 4.003837 0.709522
41.463505 16.585761 -56.479068 -22.592117
16.585761 86.638515 -22.592117 -9.037042
-56.479068 -22.592117 80.538224 32.215988
-22.592117 -9.037042 32.215988 92.890741
0.958438 0.304005 3.385629 -0.342134
73.588628 48.317223 -85.973906 -35.508166
48.317223 52.675918 -54.636668 -42.966840
-85.973906 -54.636668 103.267573 44.202076
-35.508166 -42.966840 44.202076 54.340644
1.362989 1.119375 6.625662 3.025652
122.402060 66.577124 -134.331853 -57.170233
66.577124 47.294582 -72.648755 -44.292403
-134.331853 -72.648755 149.694112 64.887384
-57.170233 -44.292403 64.887384 48.113682
3.205499 1.722473 6.223032 1.988783
48.885795 22.512060 -62.908778 -30.163196
22.512060 17.117308 -29.080824 -22.372807
-62.908778 -29.080824 83.335092 41.022717
-30.163196 -22.372807 41.022717 32.002450
-2.421503 -0.936393 16.884194 6.367658
66.245299 27.214673 -82.091107 -33.667574
27.214673 15.544865 -33.716593 -19.235225
-82.091107 -33.716593 103.647130 42.997242
-33.667574 -19.235225 42.997242 25.105924
0.339855 0.224455 16.098838 4.948875
1.636321 0.587171 -2.401434 -0.932118
0.587171 3.185034 -0.852939 -4.012252
-2.401434 -0.852939 6.965318 3.247846
-0.932118 -4.012252 3.247846 6.367645
-0.187661 -0.251541 19.156305 5.441786
1.404856 0.983748 -2.715954 -1.650555
0.983748 2.302690 -1.688270 -3.058282
-2.715954 -1.688270 10.234160 5.163116
-1.650555 -3.058282 5.163116 5.342404
1.940778 1.367969 17.884735 3.001327
0.943031 0.670257 -1.784628 -1.054917
0.670257 1.244400 -0.778550 -1.517899
-1.784628 -0.778550 11.105735 4.291013
-1.054917 -1.517899 4.291013 3.111995
2.911595 1.565613 19.028719 2.757852
1.132335 0.716184 -2.758939 -1.314984
0.716184 0.828268 -1.308254 -1.155730
-2.758939 -1.308254 15.931778 5.616116
-1.314984 -1.155730 5.616116 2.795206
4.149039 1.818392 19.508473 2.354256
1.110650 0.578156 -3.194039 -1.216183
0.578156 0.509048 -1.210214 -0.761074
-3.194039 -1.210214 20.649314 6.143598
-1.216183 -0.761074 6.143598 2.307283
4.530055 1.532698 20.714731 2.547819
1.067811 0.461654 -3.567123 -1.117591
0.461654 0.328617 -1.088036 -0.524825
-3.567123 -1.088036 25.660355 6.578688
-1.117591 -0.524825 6.578688 1.993154
5.268442 1.516939 21.898083 2.539075
0.779414 0.295543 -2.596071 -0.718877
0.295543 0.201285 -0.479664 -0.262897
-2.596071 -0.479664 26.627511 5.774780
-0.718877 -0.262897 5.774780 1.463642
7.500699 2.009421 17.695837 1.217297
0.538179 0.200619 -1.101001 -0.327089
0.200619 0.140183 0.105198 -0.088881
-1.101001 0.105198 24.511525 4.529419
-0.327089 -0.088881 4.529419 0.993166
8.659983 2.097611 19.931843 1.447276
0.729565 0.241815 -1.961521 -0.479712
0.241815 0.124031 -0.475119 -0.169200
-1.961521 -0.475119 14.949217 2.860303
-0.479712 -0.169200 2.860303 0.670342
9.626627 2.067470 20.546609 1.446035
0.780264 0.228607 -2.462675 -0.520002
0.228607 0.102645 -0.559796 -0.154955
-2.462675 -0.559796 17.584349 3.133466
-0.520002 -0.154955 3.133466 0.657461
10.779281 2.091382 20.389546 1.301526
0.751499 0.197471 -2.631805 -0.494378
0.197471 0.082825 -0.522600 -0.125402
-2.631805 -0.522600 19.895166 3.257909
-0.494378 -0.125402 3.257909 0.616869
11.575748 2.017167 21.044186 1.335191
0.793905 0.189520 -3.048923 -0.517085
0.189520 0.073087 -0.562921 -0.115651
-3.048923 -0.562921 22.388515 3.427211
-0.517085 -0.115651 3.427211 0.597603
12.966268 2.129281 21.977573 1.326585
0.708274 0.155793 -2.871224 -0.446553
0.155793 0.060535 -0.448280 -0.085594
-2.871224 -0.448280 23.470780 3.324616
-0.446553 -0.085594 3.324616 0.536741
14.614453 2.260291 20.861598 1.055141
0.483222 0.105419 -1.671843 -0.248962
0.105419 0.048506 -0.153659 -0.036811
-1.671843 -0.153659 19.442623 2.525688
-0.248962 -0.036811 2.525688 0.389028
15.669885 2.221732 20.107785 0.911811
0.536245 0.112427 -1.975001 -0.272972
0.112427 0.047554 -0.244941 -0.043824
-1.975001 -0.244941 18.772965 2.345168
-0.272972 -0.043824 2.345168 0.350633
16.992699 2.225524 17.108060 0.511037
0.633235 0.134858 -1.935209 -0.258388
0.134858 0.051099 -0.320234 -0.049628
-1.935209 -0.320234 12.155302 1.488229
-0.258388 -0.049628 1.488229 0.237544
18.070222 2.221947 17.694636 0.548957
0.582552 0.135149 -0.762630 -0.112259
0.135149 0.052538 -0.149947 -0.026996
-0.762630 -0.149947 2.669912 0.329580
-0.112259 -0.026996 0.329580 0.094354
18.923404 2.180322 19.102982 0.688443
0.692409 0.157401 -0.677405 -0.098652
0.157401 0.056780 -0.135495 -0.023588
-0.677405 -0.135495 1.623234 0.208461
-0.098652 -0.023588 0.208461 0.078822
19.918408 2.158289 19.473403 0.692416
0.845311 0.183816 -0.743632 -0.102841
0.183816 0.061070 -0.144799 -0.023242
-0.743632 -0.144799 1.379417 0.186359
-0.102841 -0.023242 0.186359 0.075483
21.020230 2.172519 20.144072 0.742008
0.981544 0.205284 -0.721917 -0.092600
0.205284 0.064290 -0.135257 -0.020210
-0.721917 -0.135257 1.096547 0.153873
-0.092600 -0.020210 0.153873 0.070020
22.533313 2.232309 19.426845 0.568220
0.983922 0.200472 -0.518902 -0.054649
0.200472 0.062571 -0.091360 -0.012202
-0.518902 -0.091360 0.729946 0.108160
-0.054649 -0.012202 0.108160 0.062504
25.242917 2.512748 18.025872 0.310597
0.802311 0.162011 -0.202654 -0.002060
0.162011 0.054901 -0.027808 -0.001796
-0.202654 -0.027808 0.458180 0.080971
-0.002060 -0.001796 0.080971 0.058485
26.513640 2.516801 18.224037 0.320649
0.671583 0.134618 -0.013272 0.027858
0.134618 0.049646 0.008667 0.003825
-0.013272 0.008667 0.415527 0.090456
0.027858 0.003825 0.090456 0.060293
28.038585 2.567059 18.273427 0.304008
0.607569 0.121086 0.108746 0.046423
0.121086 0.047228 0.029797 0.006935
0.108746 0.029797 0.469552 0.113303
0.046423 0.006935 0.113303 0.063875
28.590791 2.425729 18.669251 0.348355
0.568686 0.112651 0.202745 0.059552
0.112651 0.045789 0.043725 0.008801
0.202745 0.043725 0.580430 0.143025
0.059552 0.008801 0.143025 0.068231
29.607380 2.386383 18.928847 0.368108
0.546891 0.107603 0.284880 0.070203
0.107603 0.044964 0.053780 0.010050
0.284880 0.053780 0.733123 0.176623
0.070203 0.010050 0.176623 0.072830
29.950223 2.211762 19.182335 0.393015
0.528260 0.103084 0.355785 0.078127
0.103084 0.044175 0.060152 0.010652
0.355785 0.060152 0.925485 0.213546
0.078127 0.010652 0.213546 0.077627
31.009067 2.202121 19.365880 0.391060
0.517630 0.100094 0.424625 0.085394
0.100094 0.043636 0.064932 0.011078
0.424625 0.064932 1.155174 0.252838
0.085394 0.011078 0.252838 0.082411
32.127031 2.206868 19.522050 0.382049
0.504519 0.096590 0.483650 0.090392
0.096590 0.042964 0.066544 0.010986
0.483650 0.066544 1.422187 0.294350
0.090392 0.010986 0.294350 0.087222
33.646190 2.301122 19.673023 0.359923
0.489361 0.092814 0.533234 0.093474
0.092814 0.042242 0.065354 0.010494
0.533234 0.065354 1.726193 0.337679
0.093474 0.010494 0.337679 0.091987
35.501320 2.453090 20.134833 0.389649
0.470268 0.088569 0.569419 0.094181
0.088569 0.041472 0.060824 0.009541
0.569419 0.060824 2.065597 0.382336
0.094181 0.009541 0.382336 0.096646
36.427912 2.388573 20.168356 0.370813
0.439712 0.082843 0.572877 0.089584
0.082843 0.040555 0.049441 0.007570
0.572877 0.049441 2.423217 0.425600
0.089584 0.007570 0.425600 0.100823
37.321418 2.319943 20.270384 0.366843
0.416972 0.078961 0.580749 0.086387
0.078961 0.039989 0.039520 0.006077
0.580749 0.039520 2.834107 0.472472
0.086387 0.006077 0.472472 0.105235
38.276727 2.272803 20.388792 0.362850
0.398358 0.076107 0.588072 0.083566
0.076107 0.039603 0.030043 0.004808
0.588072 0.030043 3.296037 0.522086
0.083566 0.004808 0.522086 0.109727
39.669824 2.327126 20.823829 0.394627
0.382392 0.073930 0.592905 0.080749
0.073930 0.039325 0.020665 0.003667
0.592905 0.020665 3.809726 0.574147
0.080749 0.003667 0.574147 0.114253
41.024521 2.371243 21.114311 0.403309
0.362214 0.071469 0.570484 0.074431
0.071469 0.039081 0.006201 0.001884
0.570484 0.006201 4.350995 0.625368
0.074431 0.001884 0.625368 0.118414
42.472387 2.431912 21.463150 0.417938
0.342867 0.069516 0.532947 0.066715
0.069516 0.038951 -0.010189 -0.000023
0.532947 -0.010189 4.935064 0.677632
0.066715 -0.000023 0.677632 0.122466
43.465711 2.378730 21.588629 0.411017
0.324566 0.068105 0.476761 0.057313
0.068105 0.038941 -0.028965 -0.002103
0.476761 -0.028965 5.559084 0.730444
0.057313 -0.002103 0.730444 0.126356
45.050513 2.469799 22.115105 0.445888
0.310765 0.067504 0.420651 0.048773
0.067504 0.038994 -0.045825 -0.003793
0.420651 -0.045825 6.254258 0.787368
0.048773 -0.003793 0.787368 0.130514
45.793321 2.354330 21.973673 0.407032
0.297394 0.067354 0.332314 0.037085
0.067354 0.039190 -0.067779 -0.005999
0.332314 -0.067779 6.972251 0.842415
0.037085 -0.005999 0.842415 0.134230
47.004865 2.363552 22.146744 0.403251
0.290000 0.067789 0.266215 0.028948
0.067789 0.039280 -0.082236 -0.007190
0.266215 -0.082236 7.800489 0.905522
0.028948 -0.007190 0.905522 0.138655
47.962904 2.307349 22.341302 0.403203
0.284840 0.068452 0.195017 0.020850
0.068452 0.039355 -0.095853 -0.008243
0.195017 -0.095853 8.696636 0.971273
0.020850 -0.008243 0.971273 0.143130
49.449744 2.391010 22.563210 0.405391
0.281569 0.069279 0.116584 0.012546
0.069279 0.039422 -0.109130 -0.009228
0.116584 -0.109130 9.659545 1.039293
0.012546 -0.009228 1.039293 0.147614
50.246425 2.289365 22.856348 0.413579
0.280035 0.070254 0.028389 0.003787
0.070254 0.039491 -0.122660 -0.010214
0.028389 -0.122660 10.689850 1.109432
0.003787 -0.010214 1.109432 0.152091
51.153039 2.228379 23.158680 0.421806
0.280344 0.071461 -0.077312 -0.006159
0.071461 0.039607 -0.138209 -0.011373
-0.077312 -0.138209 11.780303 1.180722
-0.006159 -0.011373 1.180722 0.156462
