3.519884 2.370079 1.633544 -0.238615
2.575399 1.030182 -0.261185 -0.104476
1.030182 80.416148 -0.104476 -0.041791
-0.261185 -0.104476 2.388565 0.955447
-0.104476 -0.041791 0.955447 80.386254
2.611102 -1.227713 3.499555 3.200012
2.247118 3.903650 -0.249433 -0.387255
3.903650 15.462741 -0.381375 -1.333763
-0.249433 -0.381375 2.329235 4.084103
-0.387255 -1.333763 4.084103 15.304376
5.459926 2.760207 0.107719 -2.505514
2.053640 2.385456 -0.223880 -0.245462
2.385456 4.720702 -0.245398 -0.463869
-0.223880 -0.245398 1.999329 2.291561
-0.245462 -0.463869 2.291561 4.481357
5.997772 2.060909 2.760078 0.764937
1.686891 1.424885 -0.195759 -0.160123
1.424885 1.919309 -0.159724 -0.205437
-0.195759 -0.159724 1.788160 1.497987
-0.160123 -0.205437 1.497987 1.943405
7.156801 2.146301 3.124823 0.753463
1.462914 0.971680 -0.154032 -0.099354
0.971680 0.985076 -0.099090 -0.099925
-0.154032 -0.099090 1.532915 1.004074
-0.099354 -0.099925 1.004074 0.987611
6.954213 1.449915 4.434189 1.255394
1.281599 0.700474 -0.124741 -0.066928
0.700474 0.571968 -0.066722 -0.055737
-0.124741 -0.066722 1.341256 0.722162
-0.066928 -0.055737 0.722162 0.574276
8.202712 1.693991 6.913617 2.102879
1.145182 0.532166 -0.105471 -0.048672
0.532166 0.365279 -0.048527 -0.034495
-0.105471 -0.048527 1.184189 0.542120
-0.048672 -0.034495 0.542120 0.364828
8.915110 1.639498 7.659988 1.981174
1.035488 0.419125 -0.084238 -0.034197
0.419125 0.250094 -0.034051 -0.021668
-0.084238 -0.034051 1.056652 0.421848
-0.034197 -0.021668 0.421848 0.248483
9.601790 1.591712 8.504180 1.929281
0.943763 0.339195 -0.069471 -0.025339
0.339195 0.180973 -0.025215 -0.014537
-0.069471 -0.025215 0.956399 0.339685
-0.025339 -0.014537 0.339685 0.179727
10.146683 1.510629 8.754569 1.700132
0.867152 0.281254 -0.058277 -0.019376
0.281254 0.137425 -0.019276 -0.010181
-0.058277 -0.019276 0.875050 0.281016
-0.019376 -0.010181 0.281016 0.136623
11.387727 1.654931 9.330402 1.619042
0.802321 0.238160 -0.050234 -0.015380
0.238160 0.108864 -0.015303 -0.007430
-0.050234 -0.015303 0.808600 0.238085
-0.015380 -0.007430 0.238085 0.108499
12.804855 1.817441 9.433513 1.425640
0.746929 0.205481 -0.042987 -0.012214
0.205481 0.089555 -0.012153 -0.005499
-0.042987 -0.012153 0.753600 0.205955
-0.012214 -0.005499 0.205955 0.089549
13.417531 1.740782 11.110378 1.673036
0.699196 0.180322 -0.036701 -0.009743
0.180322 0.076196 -0.009696 -0.004130
-0.036701 -0.009696 0.708092 0.181627
-0.009743 -0.004130 0.181627 0.076503
14.097005 1.694077 12.251755 1.747228
0.659966 0.161264 -0.030976 -0.007730
0.161264 0.066924 -0.007691 -0.003122
-0.030976 -0.007691 0.668236 0.162511
-0.007730 -0.003122 0.162511 0.067247
14.297156 1.542868 12.982659 1.714091
0.627018 0.146570 -0.026059 -0.006144
0.146570 0.060375 -0.006111 -0.002385
-0.026059 -0.006111 0.634119 0.147604
-0.006144 -0.002385 0.147604 0.060660
15.111015 1.552443 13.876638 1.722393
0.599316 0.135196 -0.022206 -0.004967
0.135196 0.055717 -0.004940 -0.001856
-0.022206 -0.004940 0.605064 0.135981
-0.004967 -0.001856 0.135981 0.055950
15.458981 1.458481 14.755682 1.726212
0.575866 0.126349 -0.018770 -0.003992
0.126349 0.052390 -0.003970 -0.001448
-0.018770 -0.003970 0.580548 0.126958
-0.003992 -0.001448 0.126958 0.052586
16.217497 1.464980 16.166233 1.843527
0.556265 0.119530 -0.015881 -0.003219
0.119530 0.050027 -0.003201 -0.001139
-0.015881 -0.003201 0.559822 0.119952
-0.003219 -0.001139 0.119952 0.050183
17.017859 1.479423 17.245228 1.876763
0.539983 0.114309 -0.013158 -0.002541
0.114309 0.048363 -0.002526 -0.000890
-0.013158 -0.002526 0.542386 0.114543
-0.002541 -0.000890 0.114543 0.048478
17.238422 1.370594 18.137457 1.866842
0.526457 0.110330 -0.010730 -0.001974
0.110330 0.047199 -0.001962 -0.000694
-0.010730 -0.001962 0.527963 0.110435
-0.001974 -0.000694 0.110435 0.047288
18.143861 1.416187 18.612610 1.771641
0.515408 0.107354 -0.008711 -0.001529
0.107354 0.046404 -0.001519 -0.000545
-0.008711 -0.001519 0.516084 0.107344
-0.001529 -0.000545 0.107344 0.046467
18.786345 1.402525 19.431090 1.757634
0.506308 0.105131 -0.007001 -0.001173
0.105131 0.045865 -0.001165 -0.000430
-0.007001 -0.001165 0.506582 0.105092
-0.001173 -0.000430 0.105092 0.045921
19.479868 1.401138 20.713358 1.841291
0.498994 0.103521 -0.005541 -0.000886
0.103521 0.045514 -0.000880 -0.000340
-0.005541 -0.000880 0.498999 0.103472
-0.000886 -0.000340 0.103472 0.045565
19.781649 1.318480 21.901072 1.896536
0.493209 0.102389 -0.004265 -0.000649
0.102389 0.045295 -0.000644 -0.000268
-0.004265 -0.000644 0.493026 0.102337
-0.000649 -0.000268 0.102337 0.045341
20.753231 1.383524 23.075642 1.943729
0.488698 0.101617 -0.003198 -0.000462
0.101617 0.045166 -0.000458 -0.000211
-0.003198 -0.000458 0.488410 0.101571
-0.000462 -0.000211 0.101571 0.045207
21.031291 1.297542 24.697452 2.079071
0.485161 0.101099 -0.002354 -0.000325
0.101099 0.045092 -0.000321 -0.000169
-0.002354 -0.000321 0.484995 0.101098
-0.000325 -0.000169 0.101098 0.045136
21.591862 1.279093 25.638853 2.058541
0.482369 0.100753 -0.001682 -0.000223
0.100753 0.045049 -0.000220 -0.000137
-0.001682 -0.000220 0.482598 0.100845
-0.000223 -0.000137 0.100845 0.045106
22.159597 1.264105 26.906558 2.108466
0.480194 0.100534 -0.001227 -0.000165
0.100534 0.045026 -0.000163 -0.000115
-0.001227 -0.000163 0.480991 0.100741
-0.000165 -0.000115 0.100741 0.045099
22.520304 1.207135 27.680233 2.049551
0.478425 0.100382 -0.000980 -0.000145
0.100382 0.045008 -0.000143 -0.000102
-0.000980 -0.000143 0.480078 0.100753
-0.000145 -0.000102 0.100753 0.045107
22.672468 1.112254 28.934917 2.097846
0.477032 0.100287 -0.000879 -0.000148
0.100287 0.044994 -0.000146 -0.000094
-0.000879 -0.000146 0.479629 0.100824
-0.000148 -0.000094 0.100824 0.045118
23.493894 1.168117 29.846833 2.069021
0.475778 0.100194 -0.000865 -0.000161
0.100194 0.044974 -0.000159 -0.000088
-0.000865 -0.000159 0.479667 0.100959
-0.000161 -0.000088 0.100959 0.045135
24.612564 1.280874 31.162078 2.128173
0.474701 0.100114 -0.001117 -0.000222
0.100114 0.044951 -0.000221 -0.000092
-0.001117 -0.000221 0.479984 0.101111
-0.000222 -0.000092 0.101111 0.045150
24.794144 1.183991 32.511591 2.188314
0.473642 0.100015 -0.001759 -0.000356
0.100015 0.044920 -0.000355 -0.000111
-0.001759 -0.000355 0.480609 0.101291
-0.000356 -0.000111 0.101291 0.045167
24.973009 1.096663 33.632836 2.193996
0.472450 0.099869 -0.002435 -0.000481
0.099869 0.044877 -0.000481 -0.000128
-0.002435 -0.000481 0.481594 0.101513
-0.000481 -0.000128 0.101513 0.045190
25.851575 1.166517 34.577197 2.161871
0.471184 0.099697 -0.003113 -0.000594
0.099697 0.044829 -0.000594 -0.000141
-0.003113 -0.000594 0.482804 0.101750
-0.000594 -0.000141 0.101750 0.045214
26.574270 1.196079 35.810306 2.193956
0.469994 0.099534 -0.004099 -0.000764
0.099534 0.044782 -0.000765 -0.000167
-0.004099 -0.000765 0.484041 0.101965
-0.000764 -0.000167 0.101965 0.045234
27.357204 1.235131 36.477122 2.103458
0.468706 0.099344 -0.005337 -0.000974
0.099344 0.044731 -0.000976 -0.000202
-0.005337 -0.000976 0.485454 0.102195
-0.000974 -0.000202 0.102195 0.045258
27.891248 1.217267 37.206905 2.035700
0.467611 0.099192 -0.006751 -0.001208
0.099192 0.044689 -0.001210 -0.000241
-0.006751 -0.001210 0.486713 0.102375
-0.001208 -0.000241 0.102375 0.045273
28.523501 1.222185 38.069056 2.002994
0.466594 0.099052 -0.008200 -0.001435
0.099052 0.044650 -0.001439 -0.000278
-0.008200 -0.001439 0.487921 0.102534
-0.001435 -0.000278 0.102534 0.045286
28.573137 1.102616 38.717818 1.928483
0.465592 0.098910 -0.009768 -0.001677
0.098910 0.044611 -0.001682 -0.000319
-0.009768 -0.001682 0.489146 0.102692
-0.001677 -0.000319 0.102692 0.045303
29.551242 1.192708 39.039470 1.794126
0.464561 0.098758 -0.011065 -0.001852
0.098758 0.044571 -0.001857 -0.000346
-0.011065 -0.001857 0.490401 0.102854
-0.001852 -0.000346 0.102854 0.045323
30.179035 1.199000 39.610579 1.725859
0.463915 0.098686 -0.012624 -0.002080
0.098686 0.044548 -0.002088 -0.000387
-0.012624 -0.002088 0.491271 0.102933
-0.002080 -0.000387 0.102933 0.045329
31.118366 1.272140 41.026069 1.842038
0.463364 0.098625 -0.014253 -0.002318
0.098625 0.044527 -0.002327 -0.000431
-0.014253 -0.002327 0.492065 0.103004
-0.002318 -0.000431 0.103004 0.045337
31.169542 1.147913 42.162329 1.886091
0.462522 0.098492 -0.016361 -0.002651
0.098492 0.044490 -0.002663 -0.000495
-0.016361 -0.002663 0.493281 0.103170
-0.002651 -0.000495 0.103170 0.045367
31.760116 1.151682 43.223536 1.910824
0.461295 0.098277 -0.018226 -0.002921
0.098277 0.044437 -0.002933 -0.000546
-0.018226 -0.002933 0.494954 0.103430
-0.002921 -0.000546 0.103430 0.045419
32.161710 1.113981 43.931643 1.858790
0.459980 0.098051 -0.020239 -0.003218
0.098051 0.044384 -0.003230 -0.000603
-0.020239 -0.003230 0.496814 0.103719
-0.003218 -0.000603 0.103719 0.045475
33.073556 1.189326 44.703719 1.826841
0.458744 0.097850 -0.022160 -0.003490
0.097850 0.044338 -0.003501 -0.000655
-0.022160 -0.003501 0.498632 0.103989
-0.003490 -0.000655 0.103989 0.045526
33.516352 1.158189 46.090633 1.925120
0.457738 0.097701 -0.024403 -0.003826
0.097701 0.044304 -0.003839 -0.000722
-0.024403 -0.003839 0.500315 0.104221
-0.003826 -0.000722 0.104221 0.045569
34.320988 1.205831 46.865746 1.886776
0.456353 0.097471 -0.026725 -0.004172
0.097471 0.044252 -0.004185 -0.000791
-0.026725 -0.004185 0.502552 0.104566
-0.004172 -0.000791 0.104566 0.045636
35.353755 1.298020 47.874413 1.901800
0.455209 0.097298 -0.029240 -0.004551
0.097298 0.044214 -0.004565 -0.000867
-0.029240 -0.004565 0.504643 0.104866
-0.004551 -0.000867 0.104866 0.045692
