32.389426 0.424169 50.177492 2.090688
0.570105 0.119043 -0.042143 -0.006957
0.119043 0.048039 -0.007441 -0.001603
-0.042143 -0.007441 0.415159 0.088205
-0.006957 -0.001603 0.088205 0.042993
28.576825 -0.409780 49.946159 1.797722
0.583843 0.120097 -0.041047 -0.006381
0.120097 0.048056 -0.006866 -0.001409
-0.041047 -0.006866 0.408210 0.088018
-0.006381 -0.001409 0.088018 0.043044
24.975260 -1.107881 49.031688 1.384744
0.580918 0.117909 -0.033749 -0.004610
0.117909 0.047486 -0.005095 -0.000999
-0.033749 -0.005095 0.408710 0.089264
-0.004610 -0.000999 0.089264 0.043346
22.122244 -1.582025 47.069251 0.787679
0.566757 0.113916 -0.025561 -0.002880
0.113916 0.046664 -0.003331 -0.000640
-0.025561 -0.003331 0.415271 0.091518
-0.002880 -0.000640 0.091518 0.043796
19.448581 -1.971597 44.314150 0.081365
0.543435 0.108661 -0.018705 -0.001644
0.108661 0.045700 -0.001993 -0.000410
-0.018705 -0.001993 0.428296 0.094804
-0.001644 -0.000410 0.094804 0.044402
16.882214 -2.296493 41.952420 -0.456883
0.513646 0.102721 -0.012635 -0.000695
0.102721 0.044695 -0.000911 -0.000248
-0.012635 -0.000911 0.448240 0.099168
-0.000695 -0.000248 0.099168 0.045182
15.853534 -2.283745 37.963388 -1.284130
0.484581 0.097496 -0.004005 0.000779
0.097496 0.043900 0.000614 0.000016
-0.004005 0.000614 0.471962 0.103859
0.000779 0.000016 0.103859 0.045973
14.840289 -2.266947 33.067805 -2.210915
0.463121 0.094224 0.014356 0.004305
0.094224 0.043523 0.004008 0.000687
0.014356 0.004008 0.494183 0.107750
0.004305 0.000687 0.107750 0.046547
13.037276 -2.408832 27.209241 -3.235474
0.463377 0.095547 0.031796 0.007357
0.095547 0.044054 0.006958 0.001224
0.031796 0.006958 0.496480 0.106977
0.007357 0.001224 0.106977 0.046101
11.285935 -2.519998 22.758103 -3.839638
0.476989 0.099373 0.032960 0.006692
0.099373 0.045002 0.006391 0.000987
0.032960 0.006391 0.481501 0.102713
0.006692 0.000987 0.102713 0.045007
10.103772 -2.498262 18.600965 -4.314959
0.491785 0.102999 0.022174 0.003659
0.102999 0.045793 0.003519 0.000315
0.022174 0.003519 0.464759 0.098657
0.003659 0.000315 0.098657 0.044109
9.274244 -2.409360 16.145144 -4.379446
0.504922 0.105880 0.003223 -0.000705
0.105880 0.046347 -0.000693 -0.000554
0.003223 -0.000693 0.451720 0.095883
-0.000705 -0.000554 0.095883 0.043585
8.867943 -2.241530 13.657001 -4.444857
0.517516 0.108327 -0.017679 -0.005000
0.108327 0.046759 -0.004864 -0.001330
-0.017679 -0.004864 0.443096 0.094328
-0.005000 -0.001330 0.094328 0.043361
8.772618 -2.029094 12.333785 -4.253957
0.528300 0.110134 -0.041490 -0.009497
0.110134 0.047009 -0.009246 -0.002097
-0.041490 -0.009246 0.440283 0.094121
-0.009497 -0.002097 0.094121 0.043422
9.161807 -1.737082 11.568264 -3.960700
0.536727 0.111264 -0.065025 -0.013557
0.111264 0.047107 -0.013191 -0.002736
-0.065025 -0.013191 0.443038 0.095042
-0.013557 -0.002736 0.095042 0.043689
9.377041 -1.511191 10.239552 -3.816810
0.539741 0.111172 -0.086760 -0.016966
0.111172 0.046960 -0.016457 -0.003225
-0.086760 -0.016457 0.452226 0.097169
-0.016966 -0.003225 0.097169 0.044164
10.024820 -1.214260 9.642904 -3.525184
0.534040 0.109319 -0.106602 -0.019847
0.109319 0.046480 -0.019100 -0.003606
-0.106602 -0.019100 0.469924 0.100850
-0.019847 -0.003606 0.100850 0.044913
10.824233 -0.906914 9.849241 -3.088004
0.521459 0.106300 -0.119285 -0.021165
0.106300 0.045823 -0.020140 -0.003682
-0.119285 -0.020140 0.491259 0.104954
-0.021165 -0.003682 0.104954 0.045688
11.558314 -0.635621 10.529954 -2.596523
0.509750 0.103813 -0.125687 -0.021220
0.103813 0.045342 -0.020005 -0.003560
-0.125687 -0.020005 0.509104 0.107960
-0.021220 -0.003560 0.107960 0.046177
11.992876 -0.453694 11.081229 -2.191562
0.501538 0.102318 -0.127539 -0.020472
0.102318 0.045103 -0.019217 -0.003354
-0.127539 -0.019217 0.520594 0.109416
-0.020472 -0.003354 0.109416 0.046326
12.932157 -0.176403 12.159646 -1.713239
0.496027 0.101522 -0.126405 -0.019324
0.101522 0.045013 -0.018143 -0.003141
-0.126405 -0.018143 0.526733 0.109727
-0.019324 -0.003141 0.109727 0.046261
13.793396 0.053359 13.133023 -1.312841
0.491703 0.101065 -0.120588 -0.017456
0.101065 0.044992 -0.016440 -0.002842
-0.120588 -0.016440 0.527006 0.108961
-0.017456 -0.002842 0.108961 0.046024
14.755370 0.282331 14.329564 -0.909721
0.487938 0.100758 -0.111484 -0.015214
0.100758 0.044990 -0.014385 -0.002515
-0.111484 -0.014385 0.523543 0.107658
-0.015214 -0.002515 0.107658 0.045738
15.613556 0.465195 15.695150 -0.518828
0.484710 0.100571 -0.099510 -0.012684
0.100571 0.045002 -0.012040 -0.002161
-0.099510 -0.012040 0.517190 0.106027
-0.012684 -0.002161 0.106027 0.045439
16.229948 0.571822 16.955866 -0.197161
0.482548 0.100582 -0.085747 -0.010063
0.100582 0.045042 -0.009597 -0.001811
-0.085747 -0.009597 0.508872 0.104246
-0.010063 -0.001811 0.104246 0.045154
17.153142 0.735653 18.701798 0.194754
0.481654 0.100790 -0.071809 -0.007648
0.100790 0.045105 -0.007338 -0.001509
-0.071809 -0.007338 0.500047 0.102573
-0.007648 -0.001509 0.102573 0.044918
18.304795 0.925757 20.496585 0.557432
0.481462 0.101071 -0.057115 -0.005263
0.101071 0.045171 -0.005072 -0.001204
-0.057115 -0.005072 0.491355 0.101104
-0.005263 -0.001204 0.101104 0.044740
19.228773 1.035847 21.778557 0.771365
0.481217 0.101249 -0.042657 -0.003083
0.101249 0.045201 -0.002958 -0.000924
-0.042657 -0.002958 0.484392 0.100106
-0.003083 -0.000924 0.100106 0.044660
20.804338 1.271375 23.301557 1.018954
0.480777 0.101296 -0.030234 -0.001429
0.101296 0.045192 -0.001332 -0.000730
-0.030234 -0.001332 0.479802 0.099626
-0.001429 -0.000730 0.099626 0.044670
21.799356 1.356178 24.860328 1.241101
0.479484 0.101098 -0.020369 -0.000340
0.101098 0.045126 -0.000244 -0.000623
-0.020369 -0.000244 0.477847 0.099663
-0.000340 -0.000623 0.099663 0.044763
21.984245 1.254762 25.897042 1.325201
0.477439 0.100712 -0.013601 0.000141
0.100712 0.045022 0.000243 -0.000607
-0.013601 0.000243 0.477977 0.100055
0.000141 -0.000607 0.100055 0.044899
22.566060 1.248869 27.343769 1.489640
0.474828 0.100214 -0.009009 0.000270
0.100214 0.044902 0.000377 -0.000626
-0.009009 0.000377 0.479490 0.100639
0.000270 -0.000626 0.100639 0.045047
24.208049 1.465303 28.537073 1.587093
0.470933 0.099468 -0.006870 0.000013
0.099468 0.044738 0.000125 -0.000688
-0.006870 0.000125 0.482932 0.101526
0.000013 -0.000688 0.101526 0.045235
24.635064 1.403015 30.450030 1.821963
0.466836 0.098723 -0.009049 -0.000992
0.098723 0.044583 -0.000888 -0.000877
-0.009049 -0.000888 0.487228 0.102470
-0.000992 -0.000877 0.102470 0.045412
25.118293 1.357154 31.639120 1.880156
0.460523 0.097556 -0.012901 -0.002141
0.097556 0.044347 -0.002045 -0.001058
-0.012901 -0.002045 0.494597 0.103957
-0.002141 -0.001058 0.103957 0.045687
25.871992 1.373421 32.861846 1.939528
0.453971 0.096418 -0.017661 -0.003282
0.096418 0.044128 -0.003202 -0.001213
-0.017661 -0.003202 0.503089 0.105535
-0.003282 -0.001213 0.105535 0.045963
26.560672 1.374029 33.995870 1.973885
0.447580 0.095375 -0.023603 -0.004501
0.095375 0.043936 -0.004443 -0.001369
-0.023603 -0.004443 0.512466 0.107162
-0.004501 -0.001369 0.107162 0.046234
26.901098 1.300377 35.327577 2.045243
0.441617 0.094464 -0.029929 -0.005650
0.094464 0.043772 -0.005616 -0.001503
-0.029929 -0.005616 0.522383 0.108776
-0.005650 -0.001503 0.108776 0.046494
27.824692 1.360228 36.862433 2.151958
0.435577 0.093556 -0.034898 -0.006400
0.093556 0.043603 -0.006377 -0.001551
-0.034898 -0.006377 0.533033 0.110436
-0.006400 -0.001551 0.110436 0.046760
28.903536 1.447476 38.339631 2.235733
0.429990 0.092758 -0.038992 -0.006912
0.092758 0.043453 -0.006889 -0.001559
-0.038992 -0.006889 0.543652 0.111995
-0.006912 -0.001559 0.111995 0.047004
29.536001 1.428723 39.754287 2.296268
0.425445 0.092188 -0.041076 -0.006990
0.092188 0.043345 -0.006949 -0.001491
-0.041076 -0.006949 0.552550 0.113135
-0.006990 -0.001491 0.113135 0.047165
30.544680 1.493242 40.984788 2.314242
0.422741 0.092005 -0.039364 -0.006318
0.092005 0.043314 -0.006230 -0.001286
-0.039364 -0.006230 0.557101 0.113385
-0.006318 -0.001286 0.113385 0.047161
31.159530 1.463224 41.889842 2.262543
0.422886 0.092398 -0.034694 -0.005139
0.092398 0.043395 -0.005000 -0.001007
-0.034694 -0.005000 0.555639 0.112505
-0.005139 -0.001007 0.112505 0.046956
31.860563 1.454351 42.571973 2.171676
0.425894 0.093314 -0.028530 -0.003789
0.093314 0.043570 -0.003616 -0.000728
-0.028530 -0.003616 0.548950 0.110754
-0.003789 -0.000728 0.110754 0.046616
32.421583 1.417616 43.604774 2.160235
0.431484 0.094649 -0.022140 -0.002526
0.094649 0.043812 -0.002346 -0.000496
-0.022140 -0.002346 0.538470 0.108478
-0.002526 -0.000496 0.108478 0.046212
33.437032 1.482139 44.044615 2.032320
0.441515 0.096785 -0.016108 -0.001435
0.096785 0.044206 -0.001295 -0.000320
-0.016108 -0.001295 0.522388 0.105325
-0.001435 -0.000320 0.105325 0.045668
33.934201 1.428618 45.008891 2.020948
0.454390 0.099306 -0.011759 -0.000762
0.099306 0.044654 -0.000691 -0.000240
-0.011759 -0.000691 0.504479 0.102086
-0.000762 -0.000240 0.102086 0.045140
34.854045 1.474383 46.364535 2.091869
0.471426 0.102482 -0.010245 -0.000691
0.102482 0.045218 -0.000726 -0.000283
-0.010245 -0.000726 0.484297 0.098623
-0.000691 -0.000283 0.098623 0.044582
36.070212 1.576984 47.113724 2.032048
0.495525 0.106889 -0.014581 -0.001784
0.106889 0.046018 -0.001974 -0.000558
-0.014581 -0.001974 0.461059 0.094731
-0.001784 -0.000558 0.094731 0.043942
37.049436 1.616793 47.725532 1.948393
0.523774 0.111790 -0.025153 -0.004047
0.111790 0.046879 -0.004369 -0.001042
-0.025153 -0.004369 0.439986 0.091471
-0.004047 -0.001042 0.091471 0.043428
