2.564283 1.987830 1.816750 -0.165331
2.575399 1.030182 -0.261185 -0.104476
1.030182 80.416148 -0.104476 -0.041791
-0.261185 -0.104476 2.388565 0.955447
-0.104476 -0.041791 0.955447 80.386254
4.273232 3.232264 1.756272 -0.110239
2.266889 3.937765 -0.261793 -0.408512
3.937765 15.521598 -0.403225 -1.371357
-0.261793 -0.403225 2.313939 4.056968
-0.408512 -1.371357 4.056968 15.256251
5.949198 3.297716 1.216146 -0.666642
1.982112 2.299205 -0.219853 -0.239447
2.299205 4.620515 -0.238116 -0.456046
-0.219853 -0.238116 2.070264 2.375251
-0.239447 -0.456046 2.375251 4.577591
6.035241 1.975483 1.929051 0.203645
1.678723 1.423627 -0.179166 -0.146303
1.423627 1.922664 -0.145698 -0.194740
-0.179166 -0.145698 1.790149 1.493941
-0.146303 -0.194740 1.493941 1.935992
7.565994 2.338152 2.657210 0.613151
1.456303 0.969752 -0.152828 -0.099613
0.969752 0.984438 -0.099365 -0.101084
-0.152828 -0.099365 1.539927 1.006534
-0.099613 -0.101084 1.006534 0.988888
8.805498 2.377221 3.637876 0.975523
1.275754 0.698473 -0.123946 -0.067074
0.698473 0.570747 -0.066860 -0.056173
-0.123946 -0.066860 1.347545 0.724495
-0.067074 -0.056173 0.724495 0.575743
8.571650 1.715664 5.590332 1.646244
1.133558 0.527394 -0.100226 -0.046602
0.527394 0.362800 -0.046409 -0.033667
-0.100226 -0.046409 1.195032 0.546514
-0.046602 -0.033667 0.546514 0.367121
8.835937 1.475222 5.979500 1.473742
1.025878 0.415746 -0.083654 -0.034276
0.415746 0.248532 -0.034115 -0.021789
-0.083654 -0.034115 1.066746 0.425428
-0.034276 -0.021789 0.425428 0.250122
9.535607 1.460978 8.140303 1.978865
0.935867 0.336761 -0.072379 -0.026567
0.336761 0.179943 -0.026444 -0.015008
-0.072379 -0.026444 0.965613 0.342585
-0.026567 -0.015008 0.342585 0.180914
10.419023 1.510855 8.642019 1.822312
0.862385 0.280025 -0.060662 -0.020210
0.280025 0.136898 -0.020102 -0.010438
-0.060662 -0.020102 0.880677 0.282502
-0.020210 -0.010438 0.282502 0.137221
11.103056 1.489413 10.072333 1.975049
0.799113 0.237429 -0.051490 -0.015750
0.237429 0.108533 -0.015660 -0.007511
-0.051490 -0.015660 0.812242 0.238917
-0.015750 -0.007511 0.238917 0.108849
11.573746 1.414189 10.504212 1.823503
0.746044 0.205385 -0.043404 -0.012304
0.205385 0.089426 -0.012229 -0.005496
-0.043404 -0.012229 0.754620 0.206066
-0.012304 -0.005496 0.206066 0.089674
12.237502 1.403045 11.278301 1.788232
0.700649 0.180769 -0.037294 -0.009868
0.180769 0.076217 -0.009808 -0.004140
-0.037294 -0.009808 0.706740 0.181191
-0.009868 -0.004140 0.181191 0.076481
12.651747 1.332855 12.148453 1.782477
0.661941 0.161741 -0.032092 -0.007970
0.161741 0.066950 -0.007922 -0.003163
-0.032092 -0.007922 0.666435 0.162065
-0.007970 -0.003163 0.162065 0.067226
12.611991 1.167880 13.740580 1.945715
0.629176 0.147011 -0.027699 -0.006483
0.147011 0.060395 -0.006445 -0.002448
-0.027699 -0.006445 0.632201 0.147209
-0.006483 -0.002448 0.147209 0.060649
12.877323 1.095960 14.251074 1.841687
0.602008 0.135700 -0.023758 -0.005257
0.135700 0.055756 -0.005227 -0.001905
-0.023758 -0.005227 0.602573 0.135512
-0.005257 -0.001905 0.135512 0.055917
14.589461 1.351347 15.772546 1.973551
0.578871 0.126870 -0.020571 -0.004316
0.126870 0.052438 -0.004293 -0.001505
-0.020571 -0.004293 0.577761 0.126474
-0.004316 -0.001505 0.126474 0.052545
15.693970 1.443484 16.969827 2.018925
0.558984 0.119947 -0.017086 -0.003394
0.119947 0.050058 -0.003376 -0.001163
-0.017086 -0.003376 0.557229 0.119551
-0.003394 -0.001163 0.119551 0.050156
15.922431 1.339227 17.993006 2.021530
0.542220 0.114601 -0.013904 -0.002615
0.114601 0.048374 -0.002602 -0.000895
-0.013904 -0.002602 0.540217 0.114257
-0.002615 -0.000895 0.114257 0.048468
16.703698 1.362256 18.512369 1.918645
0.528409 0.110555 -0.011248 -0.002006
0.110555 0.047206 -0.001997 -0.000694
-0.011248 -0.001997 0.526055 0.110212
-0.002006 -0.000694 0.110212 0.047282
17.416066 1.368767 19.492316 1.922963
0.516929 0.107492 -0.009050 -0.001534
0.107492 0.046401 -0.001527 -0.000543
-0.009050 -0.001527 0.514590 0.107206
-0.001534 -0.000543 0.107206 0.046470
17.997668 1.347611 20.683245 1.970570
0.507562 0.105226 -0.007148 -0.001149
0.105226 0.045863 -0.001145 -0.000425
-0.007148 -0.001145 0.505341 0.104995
-0.001149 -0.000425 0.104995 0.045924
18.220131 1.254330 22.031564 2.045681
0.500029 0.103587 -0.005497 -0.000835
0.103587 0.045514 -0.000832 -0.000332
-0.005497 -0.000832 0.497966 0.103404
-0.000835 -0.000332 0.103404 0.045565
19.397880 1.368374 22.845402 2.002540
0.494065 0.102436 -0.004062 -0.000578
0.102436 0.045298 -0.000576 -0.000258
-0.004062 -0.000576 0.492166 0.102287
-0.000578 -0.000258 0.102287 0.045339
19.181478 1.181232 23.664533 1.964216
0.489281 0.101626 -0.002932 -0.000391
0.101626 0.045166 -0.000390 -0.000203
-0.002932 -0.000390 0.487823 0.101561
-0.000391 -0.000203 0.101561 0.045208
20.349926 1.301704 25.134476 2.066202
0.485615 0.101101 -0.001991 -0.000245
0.101101 0.045095 -0.000245 -0.000160
-0.001991 -0.000245 0.484535 0.101094
-0.000245 -0.000160 0.101094 0.045134
20.699937 1.238976 26.418364 2.118570
0.482643 0.100737 -0.001297 -0.000150
0.100737 0.045052 -0.000149 -0.000130
-0.001297 -0.000149 0.482319 0.100861
-0.000150 -0.000130 0.100861 0.045104
21.201833 1.214285 26.946463 2.007234
0.480261 0.100492 -0.000769 -0.000084
0.100492 0.045026 -0.000084 -0.000106
-0.000769 -0.000084 0.480920 0.100783
-0.000084 -0.000106 0.100783 0.045100
21.761559 1.204336 27.903521 1.997455
0.478450 0.100349 -0.000450 -0.000056
0.100349 0.045012 -0.000056 -0.000091
-0.000450 -0.000056 0.480051 0.100786
-0.000056 -0.000091 0.100786 0.045104
22.160975 1.161722 28.941518 2.005709
0.476980 0.100252 -0.000317 -0.000059
0.100252 0.044998 -0.000059 -0.000082
-0.000317 -0.000059 0.479679 0.100860
-0.000059 -0.000082 0.100860 0.045115
23.052110 1.227061 29.737702 1.962195
0.475724 0.100171 -0.000318 -0.000081
0.100171 0.044980 -0.000080 -0.000078
-0.000318 -0.000080 0.479721 0.100983
-0.000081 -0.000078 0.100983 0.045129
23.908272 1.278242 30.491383 1.914274
0.474675 0.100105 -0.000587 -0.000149
0.100105 0.044960 -0.000149 -0.000083
-0.000587 -0.000149 0.480008 0.101120
-0.000149 -0.000083 0.101120 0.045141
25.205434 1.417199 31.412213 1.906588
0.473793 0.100049 -0.001091 -0.000255
0.100049 0.044937 -0.000255 -0.000095
-0.001091 -0.000255 0.480447 0.101256
-0.000255 -0.000095 0.101256 0.045149
25.804082 1.393951 32.609876 1.958099
0.473030 0.099994 -0.001986 -0.000430
0.099994 0.044912 -0.000430 -0.000121
-0.001986 -0.000430 0.480986 0.101384
-0.000430 -0.000121 0.101384 0.045155
26.550152 1.404356 33.988074 2.042229
0.472169 0.099898 -0.003029 -0.000618
0.099898 0.044876 -0.000619 -0.000150
-0.003029 -0.000619 0.481773 0.101542
-0.000618 -0.000150 0.101542 0.045166
27.169397 1.386824 35.196471 2.081678
0.471142 0.099753 -0.004310 -0.000841
0.099753 0.044830 -0.000843 -0.000184
-0.004310 -0.000843 0.482836 0.101736
-0.000841 -0.000184 0.101736 0.045185
27.917742 1.398517 36.432907 2.122887
0.469998 0.099578 -0.005736 -0.001077
0.099578 0.044779 -0.001080 -0.000221
-0.005736 -0.001080 0.484093 0.101950
-0.001077 -0.000221 0.101950 0.045209
28.213297 1.312706 36.999157 2.018487
0.468753 0.099379 -0.007378 -0.001345
0.099379 0.044725 -0.001348 -0.000265
-0.007378 -0.001348 0.485517 0.102181
-0.001345 -0.000265 0.102181 0.045237
28.598089 1.255170 38.131741 2.044251
0.467641 0.099210 -0.008846 -0.001561
0.099210 0.044679 -0.001565 -0.000298
-0.008846 -0.001565 0.486824 0.102370
-0.001561 -0.000298 0.102370 0.045257
28.769600 1.158577 39.432096 2.102320
0.466365 0.099006 -0.010339 -0.001775
0.099006 0.044627 -0.001779 -0.000332
-0.010339 -0.001779 0.488339 0.102594
-0.001775 -0.000332 0.102594 0.045287
29.424091 1.174640 40.562377 2.119008
0.464796 0.098742 -0.011768 -0.001971
0.098742 0.044565 -0.001974 -0.000364
-0.011768 -0.001974 0.490203 0.102881
-0.001971 -0.000364 0.102881 0.045332
30.018645 1.175731 41.277023 2.046712
0.463196 0.098480 -0.013418 -0.002211
0.098480 0.044505 -0.002214 -0.000407
-0.013418 -0.002214 0.492168 0.103175
-0.002211 -0.000407 0.103175 0.045379
30.966710 1.250410 41.004111 1.775802
0.461796 0.098267 -0.015142 -0.002462
0.098267 0.044457 -0.002466 -0.000453
-0.015142 -0.002466 0.493963 0.103422
-0.002462 -0.000453 0.103422 0.045417
32.205706 1.380791 41.674673 1.731436
0.461245 0.098238 -0.016934 -0.002721
0.098238 0.044449 -0.002728 -0.000503
-0.016934 -0.002728 0.494840 0.103471
-0.002721 -0.000503 0.103471 0.045416
33.136807 1.432121 42.543724 1.732622
0.460968 0.098249 -0.019206 -0.003075
0.098249 0.044446 -0.003089 -0.000573
-0.019206 -0.003089 0.495517 0.103494
-0.003075 -0.000573 0.103494 0.045415
33.508501 1.358336 43.275238 1.703686
0.460704 0.098245 -0.021741 -0.003473
0.098245 0.044436 -0.003493 -0.000652
-0.021741 -0.003493 0.496283 0.103551
-0.003473 -0.000652 0.103551 0.045426
34.953355 1.521880 44.162420 1.713067
0.460298 0.098197 -0.024080 -0.003815
0.098197 0.044416 -0.003839 -0.000718
-0.024080 -0.003839 0.497241 0.103660
-0.003815 -0.000718 0.103660 0.045450
35.347747 1.445460 45.652988 1.844155
0.460161 0.098197 -0.027067 -0.004285
0.098197 0.044406 -0.004317 -0.000812
-0.027067 -0.004317 0.498102 0.103754
-0.004285 -0.000812 0.103754 0.045471
35.674018 1.362970 47.246597 1.982748
0.459382 0.098048 -0.030031 -0.004736
0.098048 0.044363 -0.004769 -0.000900
-0.030031 -0.004769 0.499813 0.104030
-0.004736 -0.000900 0.104030 0.045531
36.265734 1.341840 47.709859 1.872465
0.457961 0.097766 -0.032924 -0.005162
0.097766 0.044295 -0.005190 -0.000981
-0.032924 -0.005190 0.502384 0.104473
-0.005162 -0.000981 0.104473 0.045624
