2.954197 2.143799 1.135043 -0.438020
2.470482 0.988214 -0.052654 -0.021062
0.988214 80.399361 -0.021062 -0.008425
-0.052654 -0.021062 2.434012 0.973626
-0.021062 -0.008425 0.973626 80.393525
4.847029 3.577837 0.643253 -0.912051
2.253181 3.939124 -0.053588 -0.083575
3.939124 15.277713 -0.083333 -0.280135
-0.053588 -0.083333 2.269245 3.974383
-0.083575 -0.280135 3.974383 15.246534
6.028282 2.876108 0.854324 -0.143480
1.988585 2.299828 -0.045121 -0.049024
2.299828 4.550890 -0.048958 -0.093021
-0.045121 -0.048958 2.015998 2.325383
-0.049024 -0.093021 2.325383 4.554807
6.642546 2.181671 1.285298 0.278379
1.702711 1.435994 -0.036594 -0.029781
1.435994 1.907300 -0.029755 -0.039589
-0.036594 -0.029755 1.726866 1.450699
-0.029781 -0.039589 1.450699 1.910762
9.541340 3.377648 3.643217 1.739785
1.472022 0.973313 -0.030476 -0.019807
0.973313 0.974984 -0.019794 -0.020247
-0.030476 -0.019794 1.491573 0.982229
-0.019807 -0.020247 0.982229 0.977306
9.332504 2.346101 5.407912 2.224309
1.291428 0.702042 -0.021756 -0.011764
0.702042 0.566828 -0.011747 -0.010417
-0.021756 -0.011747 1.306844 0.707676
-0.011764 -0.010417 0.707676 0.568342
10.893482 2.525641 4.060596 1.091908
1.149874 0.531275 -0.017181 -0.008096
0.531275 0.361406 -0.008083 -0.006259
-0.017181 -0.008083 1.159991 0.534061
-0.008096 -0.006259 0.534061 0.362001
10.303413 1.779704 5.142585 1.307495
1.034014 0.416208 -0.014416 -0.006051
0.416208 0.246850 -0.006043 -0.004108
-0.014416 -0.006043 1.044523 0.419169
-0.006051 -0.004108 0.419169 0.247757
10.638144 1.580679 7.616936 1.957006
0.940602 0.336401 -0.012750 -0.004822
0.336401 0.178718 -0.004816 -0.002878
-0.012750 -0.004816 0.949452 0.338642
-0.004822 -0.002878 0.338642 0.179405
10.394998 1.246874 8.654006 1.976163
0.864103 0.279087 -0.010856 -0.003738
0.279087 0.135942 -0.003733 -0.002024
-0.010856 -0.003733 0.870313 0.280405
-0.003738 -0.002024 0.280405 0.136338
11.111038 1.274360 9.235477 1.856128
0.800258 0.236700 -0.009471 -0.002995
0.236700 0.107931 -0.002991 -0.001479
-0.009471 -0.002991 0.804344 0.237406
-0.002995 -0.001479 0.237406 0.108157
12.106440 1.372561 10.395530 1.919569
0.746274 0.204676 -0.008264 -0.002418
0.204676 0.089004 -0.002414 -0.001100
-0.008264 -0.002414 0.749197 0.205120
-0.002418 -0.001100 0.205120 0.089169
13.231600 1.485321 12.188069 2.133396
0.700536 0.180188 -0.007079 -0.001929
0.180188 0.075937 -0.001926 -0.000822
-0.007079 -0.001926 0.702691 0.180490
-0.001929 -0.000822 0.180490 0.076070
13.585091 1.390429 13.574834 2.211370
0.661759 0.161304 -0.005894 -0.001506
0.161304 0.066775 -0.001504 -0.000613
-0.005894 -0.001504 0.663254 0.161494
-0.001506 -0.000613 0.161494 0.066879
14.089953 1.346060 14.267425 2.115119
0.628874 0.146663 -0.004904 -0.001183
0.146663 0.060282 -0.001181 -0.000463
-0.004904 -0.001181 0.629764 0.146753
-0.001183 -0.000463 0.146753 0.060360
14.581900 1.305300 15.298557 2.109178
0.600935 0.135266 -0.004111 -0.000939
0.135266 0.055651 -0.000938 -0.000356
-0.004111 -0.000938 0.601432 0.135305
-0.000939 -0.000356 0.135305 0.055714
15.578888 1.380699 16.345559 2.107521
0.577304 0.126411 -0.003434 -0.000746
0.126411 0.052345 -0.000745 -0.000275
-0.003434 -0.000745 0.577496 0.126414
-0.000746 -0.000275 0.126414 0.052396
16.223404 1.370858 17.161629 2.056543
0.557379 0.119550 -0.002828 -0.000585
0.119550 0.049992 -0.000584 -0.000212
-0.002828 -0.000584 0.557400 0.119543
-0.000585 -0.000212 0.119543 0.050036
17.137621 1.419206 18.088017 2.035022
0.540705 0.114276 -0.002316 -0.000457
0.114276 0.048330 -0.000456 -0.000165
-0.002316 -0.000456 0.540621 0.114266
-0.000457 -0.000165 0.114266 0.048369
17.801167 1.409534 18.669444 1.943737
0.526860 0.110262 -0.001870 -0.000352
0.110262 0.047171 -0.000352 -0.000128
-0.001870 -0.000352 0.526732 0.110256
-0.000352 -0.000128 0.110256 0.047205
18.242834 1.354815 19.900937 1.997747
0.515479 0.107249 -0.001501 -0.000270
0.107249 0.046377 -0.000270 -0.000100
-0.001501 -0.000270 0.515345 0.107250
-0.000270 -0.000100 0.107250 0.046408
19.096679 1.391427 20.974286 2.013218
0.506248 0.105030 -0.001181 -0.000203
0.105030 0.045847 -0.000203 -0.000078
-0.001181 -0.000203 0.506098 0.105033
-0.000203 -0.000078 0.105033 0.045872
19.198462 1.268302 22.215060 2.061739
0.498842 0.103428 -0.000909 -0.000149
0.103428 0.045503 -0.000149 -0.000060
-0.000909 -0.000149 0.498706 0.103436
-0.000149 -0.000060 0.103436 0.045525
19.838342 1.269498 23.346635 2.082645
0.492997 0.102306 -0.000679 -0.000106
0.102306 0.045289 -0.000106 -0.000047
-0.000679 -0.000106 0.492875 0.102316
-0.000106 -0.000047 0.102316 0.045308
20.598052 1.295467 24.227003 2.049180
0.488442 0.101544 -0.000491 -0.000073
0.101544 0.045163 -0.000073 -0.000037
-0.000491 -0.000073 0.488369 0.101563
-0.000073 -0.000037 0.101563 0.045180
21.188418 1.283523 25.475725 2.095894
0.484953 0.101050 -0.000351 -0.000051
0.101050 0.045094 -0.000050 -0.000029
-0.000351 -0.000050 0.484958 0.101082
-0.000051 -0.000029 0.101082 0.045110
21.748039 1.266360 26.347212 2.059023
0.482321 0.100748 -0.000250 -0.000036
0.100748 0.045060 -0.000036 -0.000024
-0.000250 -0.000036 0.482445 0.100799
-0.000036 -0.000024 0.100799 0.045078
22.611250 1.314533 27.792145 2.146024
0.480378 0.100581 -0.000187 -0.000028
0.100581 0.045046 -0.000028 -0.000020
-0.000187 -0.000028 0.480641 0.100654
-0.000028 -0.000020 0.100654 0.045066
22.982730 1.254568 29.087390 2.192656
0.478950 0.100499 -0.000174 -0.000030
0.100499 0.045041 -0.000030 -0.000019
-0.000174 -0.000030 0.479416 0.100606
-0.000030 -0.000019 0.100606 0.045065
23.390552 1.208430 29.926751 2.138635
0.477907 0.100468 -0.000188 -0.000036
0.100468 0.045037 -0.000036 -0.000018
-0.000188 -0.000036 0.478638 0.100619
-0.000036 -0.000018 0.100619 0.045068
23.720479 1.150677 30.681839 2.072483
0.477168 0.100469 -0.000227 -0.000046
0.100469 0.045033 -0.000046 -0.000019
-0.000227 -0.000046 0.478174 0.100664
-0.000046 -0.000019 0.100664 0.045070
23.712080 1.027617 31.782076 2.085966
0.476649 0.100484 -0.000282 -0.000057
0.100484 0.045026 -0.000057 -0.000019
-0.000282 -0.000057 0.477936 0.100722
-0.000057 -0.000019 0.100722 0.045070
24.142796 1.010085 32.962583 2.114970
0.476252 0.100496 -0.000332 -0.000065
0.100496 0.045014 -0.000065 -0.000019
-0.000332 -0.000065 0.477885 0.100789
-0.000065 -0.000019 0.100789 0.045068
24.953345 1.074592 33.749453 2.057872
0.475926 0.100499 -0.000413 -0.000079
0.100499 0.044998 -0.000079 -0.000020
-0.000413 -0.000079 0.477968 0.100857
-0.000079 -0.000020 0.100857 0.045063
26.010184 1.184358 34.772228 2.056586
0.475670 0.100496 -0.000547 -0.000103
0.100496 0.044980 -0.000103 -0.000024
-0.000547 -0.000103 0.478109 0.100915
-0.000103 -0.000024 0.100915 0.045056
26.517360 1.166397 35.903408 2.078301
0.475445 0.100484 -0.000758 -0.000141
0.100484 0.044960 -0.000141 -0.000030
-0.000758 -0.000141 0.478292 0.100964
-0.000141 -0.000030 0.100964 0.045047
27.156944 1.178329 37.155463 2.123245
0.475205 0.100457 -0.000993 -0.000181
0.100457 0.044938 -0.000181 -0.000037
-0.000993 -0.000181 0.478526 0.101009
-0.000181 -0.000037 0.101009 0.045038
27.857418 1.201852 38.087386 2.095881
0.474933 0.100415 -0.001270 -0.000227
0.100415 0.044914 -0.000228 -0.000045
-0.001270 -0.000228 0.478804 0.101054
-0.000227 -0.000045 0.101054 0.045031
28.455657 1.201197 38.389984 1.938605
0.474661 0.100369 -0.001583 -0.000279
0.100369 0.044891 -0.000279 -0.000054
-0.001583 -0.000279 0.479081 0.101091
-0.000279 -0.000054 0.101091 0.045024
29.106965 1.211881 39.095665 1.883000
0.474451 0.100333 -0.001890 -0.000326
0.100333 0.044873 -0.000326 -0.000062
-0.001890 -0.000326 0.479287 0.101108
-0.000326 -0.000062 0.101108 0.045015
29.831299 1.236911 39.991195 1.873328
0.474246 0.100297 -0.002219 -0.000376
0.100297 0.044856 -0.000376 -0.000070
-0.002219 -0.000376 0.479475 0.101121
-0.000376 -0.000070 0.101121 0.045007
30.224493 1.189376 41.382590 1.969151
0.474027 0.100255 -0.002587 -0.000433
0.100255 0.044839 -0.000433 -0.000081
-0.002587 -0.000433 0.479668 0.101134
-0.000433 -0.000081 0.101134 0.045002
31.344638 1.300572 42.563344 2.010654
0.473712 0.100194 -0.002977 -0.000492
0.100194 0.044820 -0.000492 -0.000091
-0.002977 -0.000492 0.479952 0.101168
-0.000492 -0.000091 0.101168 0.045002
32.119323 1.326882 43.558022 2.008452
0.473386 0.100133 -0.003477 -0.000572
0.100133 0.044802 -0.000573 -0.000107
-0.003477 -0.000573 0.480247 0.101203
-0.000572 -0.000107 0.101203 0.045005
33.286607 1.433356 44.275008 1.948138
0.473056 0.100073 -0.004017 -0.000658
0.100073 0.044786 -0.000659 -0.000123
-0.004017 -0.000659 0.480548 0.101239
-0.000658 -0.000123 0.101239 0.045008
33.215264 1.266527 45.031897 1.902028
0.472793 0.100030 -0.004634 -0.000756
0.100030 0.044775 -0.000757 -0.000142
-0.004634 -0.000757 0.480785 0.101262
-0.000756 -0.000142 0.101262 0.045010
34.016092 1.301833 45.700063 1.842559
0.472485 0.099979 -0.005132 -0.000826
0.099979 0.044762 -0.000826 -0.000154
-0.005132 -0.000826 0.481070 0.101297
-0.000826 -0.000154 0.101297 0.045015
34.907870 1.352885 46.745010 1.868742
0.472223 0.099938 -0.005662 -0.000901
0.099938 0.044752 -0.000902 -0.000169
-0.005662 -0.000902 0.481318 0.101325
-0.000901 -0.000169 0.101325 0.045019
35.022137 1.233674 47.372540 1.803769
0.471948 0.099895 -0.006269 -0.000992
0.099895 0.044742 -0.000993 -0.000186
-0.006269 -0.000993 0.481590 0.101359
-0.000992 -0.000186 0.101359 0.045026
35.969980 1.303433 47.863343 1.717521
0.471661 0.099851 -0.006781 -0.001061
0.099851 0.044732 -0.001062 -0.000200
-0.006781 -0.001062 0.481881 0.101398
-0.001061 -0.000200 0.101398 0.045033
