3.644991 2.420123 0.892750 -0.534940
2.575399 1.030182 -0.261185 -0.104476
1.030182 80.416148 -0.104476 -0.041791
-0.261185 -0.104476 2.388565 0.955447
-0.104476 -0.041791 0.955447 80.386254
3.686054 0.418204 2.033265 1.910860
2.234507 3.881558 -0.256160 -0.399351
3.881558 15.424053 -0.392700 -1.354146
-0.256160 -0.392700 2.346007 4.113402
-0.399351 -1.354146 4.113402 15.355546
4.378232 0.974146 2.230026 1.044562
2.011473 2.338473 -0.228339 -0.249776
2.338473 4.666056 -0.249220 -0.468463
-0.228339 -0.249220 2.043093 2.339234
-0.249776 -0.468463 2.339234 4.535791
7.752422 3.425034 3.912303 2.020741
1.719899 1.456716 -0.192107 -0.156430
1.456716 1.947026 -0.156217 -0.202683
-0.192107 -0.156217 1.751103 1.462779
-0.156430 -0.202683 1.462779 1.913080
7.210096 1.927591 4.661970 1.847417
1.470349 0.975853 -0.133545 -0.085994
0.975853 0.986024 -0.085620 -0.091501
-0.133545 -0.085620 1.516702 0.994268
-0.085994 -0.091501 0.994268 0.983123
6.871093 1.216322 5.381327 1.737743
1.291724 0.705124 -0.110700 -0.060234
0.705124 0.573434 -0.060017 -0.052704
-0.110700 -0.060017 1.325084 0.714682
-0.060234 -0.052704 0.714682 0.571529
7.275253 1.121302 7.083858 2.120402
1.153274 0.535033 -0.096939 -0.045643
0.535033 0.365928 -0.045513 -0.033496
-0.096939 -0.045513 1.172546 0.538019
-0.045643 -0.033496 0.538019 0.363769
7.659573 1.050532 7.507450 1.865883
1.042582 0.421225 -0.082314 -0.034116
0.421225 0.250518 -0.034012 -0.021856
-0.082314 -0.034012 1.048666 0.419684
-0.034116 -0.021856 0.419684 0.248113
8.388800 1.123719 8.400799 1.851567
0.950000 0.340794 -0.071554 -0.026512
0.340794 0.181280 -0.026434 -0.015041
-0.071554 -0.026434 0.950634 0.338438
-0.026512 -0.015041 0.338438 0.179575
9.202345 1.205706 8.635541 1.628962
0.872523 0.282464 -0.061772 -0.020712
0.282464 0.137647 -0.020652 -0.010617
-0.061772 -0.020652 0.870565 0.280190
-0.020712 -0.010617 0.280190 0.136525
10.368202 1.372509 9.430258 1.622699
0.806538 0.238971 -0.053885 -0.016515
0.238971 0.108997 -0.016471 -0.007731
-0.053885 -0.016471 0.805273 0.237578
-0.016515 -0.007731 0.237578 0.108444
11.495140 1.493242 10.857290 1.790998
0.750576 0.206125 -0.046370 -0.013103
0.206125 0.089666 -0.013070 -0.005693
-0.046370 -0.013070 0.750705 0.205527
-0.013103 -0.005693 0.205527 0.089481
12.561066 1.575556 11.327091 1.681540
0.703641 0.181170 -0.039074 -0.010261
0.181170 0.076375 -0.010234 -0.004211
-0.039074 -0.010234 0.704084 0.180883
-0.010261 -0.004211 0.180883 0.076334
13.565718 1.628460 12.185916 1.685915
0.663515 0.161863 -0.033030 -0.008116
0.161863 0.067044 -0.008095 -0.003171
-0.033030 -0.008095 0.665018 0.161977
-0.008116 -0.003171 0.161977 0.067128
14.511539 1.659234 13.529103 1.802537
0.629564 0.146928 -0.027769 -0.006419
0.146928 0.060444 -0.006402 -0.002411
-0.027769 -0.006402 0.631814 0.147283
-0.006419 -0.002411 0.147283 0.060587
15.720590 1.744728 14.512752 1.821174
0.601114 0.135400 -0.023026 -0.005028
0.135400 0.055758 -0.005014 -0.001838
-0.023026 -0.005014 0.603351 0.135776
-0.005028 -0.001838 0.135776 0.055900
15.607576 1.529125 16.207615 1.992509
0.577052 0.126444 -0.018845 -0.003900
0.126444 0.052413 -0.003889 -0.001405
-0.018845 -0.003889 0.579343 0.126843
-0.003900 -0.001405 0.126843 0.052551
15.626737 1.369242 17.445123 2.043892
0.557393 0.119640 -0.015383 -0.003027
0.119640 0.050060 -0.003019 -0.001085
-0.015383 -0.003019 0.558613 0.119811
-0.003027 -0.001085 0.119811 0.050139
17.252465 1.568017 17.980952 1.941654
0.541173 0.114454 -0.012518 -0.002349
0.114454 0.048405 -0.002343 -0.000845
-0.012518 -0.002343 0.541113 0.114372
-0.002349 -0.000845 0.114372 0.048427
17.029521 1.357190 19.015039 1.954318
0.527363 0.110428 -0.010023 -0.001795
0.110428 0.047233 -0.001790 -0.000657
-0.010023 -0.001790 0.526984 0.110316
-0.001795 -0.000657 0.110316 0.047248
17.460593 1.305607 19.887296 1.932342
0.516189 0.107441 -0.008008 -0.001373
0.107441 0.046436 -0.001370 -0.000517
-0.008008 -0.001370 0.515241 0.107241
-0.001373 -0.000517 0.107241 0.046431
17.937659 1.268878 20.376320 1.833201
0.507091 0.105230 -0.006315 -0.001038
0.105230 0.045900 -0.001035 -0.000409
-0.006315 -0.001035 0.505748 0.104980
-0.001038 -0.000409 0.104980 0.045883
18.492023 1.252361 21.470805 1.870068
0.499740 0.103621 -0.004946 -0.000783
0.103621 0.045548 -0.000781 -0.000326
-0.004946 -0.000781 0.498214 0.103363
-0.000783 -0.000326 0.103363 0.045529
19.046199 1.237346 22.232742 1.834090
0.493881 0.102479 -0.003755 -0.000570
0.102479 0.045326 -0.000569 -0.000259
-0.003755 -0.000569 0.492325 0.102240
-0.000570 -0.000259 0.102240 0.045309
19.579403 1.219698 23.481182 1.903009
0.489258 0.101690 -0.002778 -0.000406
0.101690 0.045192 -0.000405 -0.000207
-0.002778 -0.000405 0.487829 0.101494
-0.000406 -0.000207 0.101494 0.045180
19.984864 1.177262 24.935034 2.007709
0.485625 0.101157 -0.001949 -0.000273
0.101157 0.045114 -0.000273 -0.000164
-0.001949 -0.000273 0.484513 0.101036
-0.000273 -0.000164 0.101036 0.045113
20.501312 1.162113 25.552807 1.926991
0.482741 0.100798 -0.001251 -0.000167
0.100798 0.045068 -0.000166 -0.000129
-0.001251 -0.000166 0.482211 0.100797
-0.000167 -0.000129 0.100797 0.045087
21.266361 1.200693 27.084104 2.045970
0.480523 0.100575 -0.000756 -0.000100
0.100575 0.045043 -0.000099 -0.000105
-0.000756 -0.000099 0.480651 0.100698
-0.000100 -0.000105 0.100698 0.045081
21.947947 1.217736 28.126499 2.050049
0.478647 0.100406 -0.000458 -0.000070
0.100406 0.045021 -0.000069 -0.000089
-0.000458 -0.000069 0.479846 0.100728
-0.000070 -0.000089 0.100728 0.045094
22.680616 1.243758 29.084819 2.036024
0.477095 0.100282 -0.000372 -0.000077
0.100282 0.045001 -0.000077 -0.000081
-0.000372 -0.000077 0.479559 0.100828
-0.000077 -0.000081 0.100828 0.045111
23.130996 1.207655 29.813691 1.975165
0.475790 0.100185 -0.000507 -0.000122
0.100185 0.044979 -0.000122 -0.000081
-0.000507 -0.000122 0.479650 0.100967
-0.000122 -0.000081 0.100967 0.045129
23.683238 1.196769 30.978753 2.012557
0.474709 0.100110 -0.000759 -0.000181
0.100110 0.044957 -0.000181 -0.000084
-0.000759 -0.000181 0.479972 0.101114
-0.000181 -0.000084 0.101114 0.045144
24.817152 1.309857 31.755142 1.964087
0.473645 0.100014 -0.001178 -0.000265
0.100014 0.044926 -0.000265 -0.000092
-0.001178 -0.000265 0.480598 0.101291
-0.000265 -0.000092 0.101291 0.045160
24.723522 1.151621 32.857638 1.989478
0.472746 0.099933 -0.001943 -0.000411
0.099933 0.044897 -0.000412 -0.000113
-0.001943 -0.000412 0.481277 0.101446
-0.000411 -0.000113 0.101446 0.045170
25.261432 1.143634 34.379001 2.100466
0.471715 0.099806 -0.002582 -0.000516
0.099806 0.044856 -0.000517 -0.000125
-0.002582 -0.000517 0.482234 0.101634
-0.000516 -0.000125 0.101634 0.045186
26.182159 1.217520 35.456275 2.106211
0.470430 0.099615 -0.003424 -0.000656
0.099615 0.044801 -0.000657 -0.000145
-0.003424 -0.000657 0.483556 0.101875
-0.000656 -0.000145 0.101875 0.045214
26.608966 1.179009 36.710547 2.148525
0.469152 0.099422 -0.004599 -0.000857
0.099422 0.044748 -0.000859 -0.000178
-0.004599 -0.000859 0.484942 0.102106
-0.000857 -0.000178 0.102106 0.045239
27.530307 1.249294 37.530406 2.095121
0.467708 0.099193 -0.005856 -0.001061
0.099193 0.044689 -0.001064 -0.000211
-0.005856 -0.001064 0.486555 0.102365
-0.001061 -0.000211 0.102365 0.045271
27.755052 1.164735 39.206734 2.227079
0.466427 0.099000 -0.007400 -0.001315
0.099000 0.044640 -0.001318 -0.000254
-0.007400 -0.001318 0.488044 0.102581
-0.001315 -0.000254 0.102581 0.045296
28.466532 1.192130 40.272141 2.217062
0.464682 0.098709 -0.008949 -0.001555
0.098709 0.044571 -0.001560 -0.000295
-0.008949 -0.001560 0.490080 0.102901
-0.001555 -0.000295 0.102901 0.045345
29.373418 1.258049 41.189137 2.177170
0.462983 0.098436 -0.010701 -0.001829
0.098436 0.044508 -0.001834 -0.000343
-0.010701 -0.001834 0.492131 0.103207
-0.001829 -0.000343 0.103207 0.045392
30.435332 1.350531 42.582330 2.241460
0.461467 0.098209 -0.012739 -0.002151
0.098209 0.044457 -0.002158 -0.000401
-0.012739 -0.002158 0.494060 0.103474
-0.002151 -0.000401 0.103474 0.045432
31.230518 1.375190 43.052943 2.105628
0.459884 0.097967 -0.015240 -0.002556
0.097967 0.044403 -0.002566 -0.000477
-0.015240 -0.002566 0.496192 0.103777
-0.002556 -0.000477 0.103777 0.045481
31.900846 1.371408 44.046341 2.093187
0.458737 0.097821 -0.017750 -0.002943
0.097821 0.044369 -0.002958 -0.000549
-0.017750 -0.002958 0.497905 0.103984
-0.002943 -0.000549 0.103984 0.045513
32.734359 1.402851 45.033472 2.081075
0.457591 0.097667 -0.020305 -0.003326
0.097667 0.044332 -0.003345 -0.000619
-0.020305 -0.003345 0.499709 0.104213
-0.003326 -0.000619 0.104213 0.045552
33.269653 1.365918 45.461282 1.953018
0.456510 0.097521 -0.023024 -0.003732
0.097521 0.044296 -0.003755 -0.000695
-0.023024 -0.003755 0.501558 0.104452
-0.003732 -0.000695 0.104452 0.045595
33.973695 1.367034 45.175945 1.690478
0.455722 0.097431 -0.025522 -0.004081
0.097431 0.044271 -0.004107 -0.000759
-0.025522 -0.004107 0.503101 0.104629
-0.004081 -0.000759 0.104629 0.045628
34.456560 1.322536 45.520588 1.585804
0.455679 0.097491 -0.027781 -0.004375
0.097491 0.044276 -0.004408 -0.000815
-0.027781 -0.004408 0.503751 0.104628
-0.004375 -0.000815 0.104628 0.045626
35.592966 1.425221 46.569488 1.640603
0.455739 0.097550 -0.029853 -0.004632
0.097550 0.044278 -0.004671 -0.000865
-0.029853 -0.004671 0.504280 0.104625
-0.004632 -0.000865 0.104625 0.045628
35.876612 1.333330 47.406908 1.642530
0.455736 0.097573 -0.032489 -0.005015
0.097573 0.044269 -0.005061 -0.000945
-0.032489 -0.005061 0.505097 0.104700
-0.005015 -0.000945 0.104700 0.045650
