32.849604 0.545607 51.052961 2.140495
0.591429 0.122390 -0.053532 -0.009302
0.122390 0.048624 -0.009693 -0.002033
-0.053532 -0.009693 0.407711 0.087361
-0.009302 -0.002033 0.087361 0.042831
28.666420 -0.368298 51.098266 1.895430
0.607297 0.123695 -0.053191 -0.008642
0.123695 0.048681 -0.009068 -0.001793
-0.053191 -0.009068 0.400950 0.087136
-0.008642 -0.001793 0.087136 0.042849
24.725550 -1.134192 50.128875 1.450872
0.605845 0.121666 -0.044533 -0.006363
0.121666 0.048140 -0.006868 -0.001268
-0.044533 -0.006868 0.400194 0.088061
-0.006363 -0.001268 0.088061 0.043068
21.250447 -1.727108 48.274108 0.859105
0.591167 0.117469 -0.033923 -0.003989
0.117469 0.047282 -0.004526 -0.000783
-0.033923 -0.004526 0.405474 0.090038
-0.003989 -0.000783 0.090038 0.043455
18.412479 -2.132933 45.790037 0.196590
0.567394 0.112079 -0.024744 -0.002227
0.112079 0.046305 -0.002698 -0.000464
-0.024744 -0.002698 0.416537 0.092928
-0.002227 -0.000464 0.092928 0.043979
16.392094 -2.335011 43.015464 -0.449945
0.537434 0.106096 -0.017588 -0.001097
0.106096 0.045309 -0.001420 -0.000287
-0.017588 -0.001420 0.433501 0.096708
-0.001097 -0.000287 0.096708 0.044641
15.958838 -2.201483 39.768043 -1.118097
0.503966 0.100004 -0.009345 0.000202
0.100004 0.044361 -0.000007 -0.000077
-0.009345 -0.000007 0.456749 0.101430
0.000202 -0.000077 0.101430 0.045460
14.623284 -2.262301 34.897819 -2.067789
0.474194 0.095141 0.005830 0.002981
0.095141 0.043694 0.002706 0.000428
0.005830 0.002706 0.482945 0.106313
0.002981 0.000428 0.106313 0.046267
12.890407 -2.392798 29.620692 -2.991368
0.466438 0.095016 0.027882 0.007093
0.095016 0.043973 0.006605 0.001177
0.027882 0.006605 0.493085 0.107231
0.007093 0.001177 0.107231 0.046176
10.881940 -2.560206 24.344844 -3.803831
0.477709 0.098610 0.036422 0.007956
0.098610 0.044918 0.007490 0.001236
0.036422 0.007490 0.482330 0.103648
0.007956 0.001236 0.103648 0.045176
9.582108 -2.559104 19.728537 -4.383090
0.492790 0.102535 0.028944 0.005412
0.102535 0.045805 0.005132 0.000631
0.028944 0.005132 0.465463 0.099292
0.005412 0.000631 0.099292 0.044164
8.695271 -2.472949 16.154208 -4.678607
0.506439 0.105716 0.011907 0.001207
0.105716 0.046439 0.001132 -0.000233
0.011907 0.001132 0.451124 0.096043
0.001207 -0.000233 0.096043 0.043515
8.532452 -2.249962 14.147997 -4.610478
0.519219 0.108357 -0.009843 -0.003501
0.108357 0.046898 -0.003397 -0.001115
-0.009843 -0.003397 0.441183 0.094104
-0.003501 -0.001115 0.094104 0.043208
8.555690 -2.012180 12.319592 -4.510524
0.530598 0.110405 -0.033018 -0.008022
0.110405 0.047196 -0.007771 -0.001890
-0.033018 -0.007771 0.436609 0.093479
-0.008022 -0.001890 0.093479 0.043192
8.689272 -1.776379 10.635478 -4.387920
0.538673 0.111542 -0.058323 -0.012594
0.111542 0.047288 -0.012195 -0.002635
-0.058323 -0.012195 0.438988 0.094340
-0.012594 -0.002635 0.094340 0.043468
8.936061 -1.539193 9.869653 -4.077295
0.538961 0.110943 -0.085003 -0.017128
0.110943 0.047025 -0.016527 -0.003343
-0.085003 -0.016527 0.451721 0.097255
-0.017128 -0.003343 0.097255 0.044131
10.007929 -1.152773 9.263989 -3.758247
0.533262 0.109174 -0.107083 -0.020412
0.109174 0.046558 -0.019576 -0.003776
-0.107083 -0.019576 0.470724 0.101166
-0.020412 -0.003776 0.101166 0.044930
11.250470 -0.768904 8.492841 -3.504356
0.516897 0.105447 -0.118695 -0.021408
0.105447 0.045749 -0.020290 -0.003753
-0.118695 -0.020290 0.494657 0.105777
-0.021408 -0.003753 0.105777 0.045815
12.148799 -0.482566 8.613658 -3.088329
0.494954 0.101026 -0.118300 -0.020031
0.101026 0.044885 -0.018647 -0.003307
-0.118300 -0.018647 0.517357 0.109790
-0.020031 -0.003307 0.109790 0.046525
12.517040 -0.328462 9.100052 -2.648224
0.477926 0.098017 -0.114941 -0.018340
0.098017 0.044370 -0.016791 -0.002902
-0.114941 -0.016791 0.535105 0.112445
-0.018340 -0.002902 0.112445 0.046915
13.195687 -0.122753 9.712702 -2.228157
0.467152 0.096487 -0.112348 -0.017087
0.096487 0.044166 -0.015511 -0.002679
-0.112348 -0.015511 0.547618 0.113826
-0.017087 -0.002679 0.113826 0.047037
13.861820 0.073384 11.280953 -1.657808
0.460291 0.095817 -0.108774 -0.015848
0.095817 0.044119 -0.014361 -0.002516
-0.108774 -0.014361 0.554624 0.114078
-0.015848 -0.002516 0.114078 0.046961
14.583852 0.264169 13.219104 -1.075580
0.458800 0.096244 -0.104147 -0.014551
0.096244 0.044272 -0.013329 -0.002391
-0.104147 -0.013329 0.553085 0.112713
-0.014551 -0.002391 0.112713 0.046607
15.544935 0.469409 14.378340 -0.714836
0.460850 0.097319 -0.096260 -0.012750
0.097319 0.044528 -0.011881 -0.002187
-0.096260 -0.011881 0.543535 0.110048
-0.012750 -0.002187 0.110048 0.046069
16.128997 0.581468 16.360458 -0.231740
0.462709 0.098181 -0.085843 -0.010675
0.098181 0.044701 -0.010065 -0.001929
-0.085843 -0.010065 0.532542 0.107514
-0.010675 -0.001929 0.107514 0.045637
17.023111 0.736114 17.894115 0.113188
0.466364 0.099290 -0.073295 -0.008365
0.099290 0.044905 -0.007993 -0.001627
-0.073295 -0.007993 0.518581 0.104727
-0.008365 -0.001627 0.104727 0.045206
18.155075 0.916169 19.091232 0.356017
0.469794 0.100183 -0.059843 -0.006083
0.100183 0.045042 -0.005859 -0.001323
-0.059843 -0.005859 0.505782 0.102481
-0.006083 -0.001323 0.102481 0.044918
19.236850 1.067590 20.694543 0.655228
0.472259 0.100728 -0.046727 -0.004047
0.100728 0.045092 -0.003890 -0.001056
-0.046727 -0.003890 0.495809 0.101000
-0.004047 -0.001056 0.101000 0.044791
20.078836 1.151938 22.751332 1.014055
0.474229 0.101074 -0.034430 -0.002291
0.101074 0.045100 -0.002164 -0.000829
-0.034430 -0.002164 0.488157 0.100072
-0.002291 -0.000829 0.100072 0.044759
20.962033 1.227348 24.380107 1.248539
0.475462 0.101202 -0.023663 -0.000910
0.101202 0.045067 -0.000792 -0.000658
-0.023663 -0.000792 0.483008 0.099659
-0.000910 -0.000658 0.099659 0.044803
22.096187 1.343667 25.810308 1.419427
0.475300 0.101001 -0.015458 -0.000070
0.101001 0.044973 0.000052 -0.000573
-0.015458 0.000052 0.480779 0.099789
-0.000070 -0.000573 0.099789 0.044924
22.946793 1.386758 27.508350 1.626543
0.473669 0.100501 -0.010530 0.000139
0.100501 0.044830 0.000266 -0.000588
-0.010530 0.000266 0.481111 0.100342
0.000139 -0.000588 0.100342 0.045094
23.627027 1.388489 29.543502 1.882299
0.470157 0.099654 -0.008705 -0.000187
0.099654 0.044633 -0.000056 -0.000679
-0.008705 -0.000056 0.484086 0.101314
-0.000187 -0.000679 0.101314 0.045315
24.117693 1.347047 31.161186 2.023715
0.464126 0.098362 -0.009642 -0.000936
0.098362 0.044362 -0.000803 -0.000823
-0.009642 -0.000803 0.490400 0.102831
-0.000936 -0.000823 0.102831 0.045618
25.184780 1.431145 32.502257 2.093384
0.456744 0.096908 -0.012251 -0.001853
0.096908 0.044080 -0.001725 -0.000969
-0.012251 -0.001725 0.499034 0.104651
-0.001853 -0.000969 0.104651 0.045953
25.645902 1.377978 34.265834 2.243194
0.449498 0.095603 -0.017425 -0.003129
0.095603 0.043847 -0.003022 -0.001168
-0.017425 -0.003022 0.508696 0.106492
-0.003129 -0.001168 0.106492 0.046265
26.684291 1.453502 36.087234 2.389644
0.441594 0.094247 -0.022512 -0.004201
0.094247 0.043609 -0.004115 -0.001301
-0.022512 -0.004115 0.520319 0.108571
-0.004201 -0.001301 0.108571 0.046609
27.436718 1.458762 37.127678 2.357607
0.434149 0.093064 -0.027766 -0.005168
0.093064 0.043411 -0.005104 -0.001405
-0.027766 -0.005104 0.532625 0.110618
-0.005168 -0.001405 0.110618 0.046933
28.213650 1.468592 38.104176 2.315901
0.428256 0.092258 -0.032138 -0.005845
0.092258 0.043288 -0.005799 -0.001448
-0.032138 -0.005799 0.543523 0.112225
-0.005845 -0.001448 0.112225 0.047159
29.123078 1.504848 38.624277 2.185362
0.423860 0.091776 -0.035157 -0.006183
0.091776 0.043222 -0.006145 -0.001427
-0.035157 -0.006145 0.552394 0.113335
-0.006183 -0.001427 0.113335 0.047289
29.859965 1.502580 40.057961 2.254905
0.420846 0.091556 -0.037783 -0.006425
0.091556 0.043196 -0.006399 -0.001404
-0.037783 -0.006399 0.559299 0.114024
-0.006425 -0.001404 0.114024 0.047351
30.946770 1.577338 41.532974 2.326655
0.419671 0.091690 -0.036287 -0.005831
0.091690 0.043231 -0.005773 -0.001217
-0.036287 -0.005773 0.561506 0.113804
-0.005831 -0.001217 0.113804 0.047253
31.933787 1.619634 42.402235 2.268071
0.422231 0.092571 -0.030872 -0.004520
0.092571 0.043413 -0.004413 -0.000909
-0.030872 -0.004413 0.555685 0.112099
-0.004520 -0.000909 0.112099 0.046893
32.815474 1.637131 43.926020 2.346870
0.428223 0.094060 -0.024305 -0.003114
0.094060 0.043700 -0.002981 -0.000618
-0.024305 -0.002981 0.544141 0.109494
-0.003114 -0.000618 0.109494 0.046402
33.825564 1.679690 45.212539 2.370403
0.441905 0.097042 -0.018012 -0.001875
0.097042 0.044285 -0.001797 -0.000398
-0.018012 -0.001797 0.522285 0.105110
-0.001875 -0.000398 0.105110 0.045601
34.538768 1.649358 45.695268 2.227931
0.462811 0.101266 -0.015781 -0.001543
0.101266 0.045090 -0.001618 -0.000389
-0.015781 -0.001618 0.495113 0.100043
-0.001543 -0.000389 0.100043 0.044716
34.655582 1.493275 46.117292 2.084616
0.485177 0.105378 -0.016642 -0.001858
0.105378 0.045812 -0.002077 -0.000506
-0.016642 -0.002077 0.471316 0.096040
-0.001858 -0.000506 0.096040 0.044086
35.643523 1.544622 46.968947 2.045993
0.505730 0.108734 -0.018484 -0.002340
0.108734 0.046336 -0.002646 -0.000631
-0.018484 -0.002646 0.452999 0.093386
-0.002340 -0.000631 0.093386 0.043734
36.025178 1.461022 47.798651 2.004498
0.530462 0.112726 -0.025889 -0.003919
0.112726 0.046989 -0.004308 -0.000970
-0.025889 -0.004308 0.435494 0.090942
-0.003919 -0.000970 0.090942 0.043388
36.925539 1.495604 48.430990 1.926606
0.555641 0.116526 -0.035630 -0.005851
0.116526 0.047589 -0.006259 -0.001345
-0.035630 -0.006259 0.421579 0.089255
-0.005851 -0.001345 0.089255 0.043162
