-0.003920 0.960526 4.795310 1.026118
41.463505 16.585761 -56.479068 -22.592117
16.585761 86.638515 -22.592117 -9.037042
-56.479068 -22.592117 80.538224 32.215988
-22.592117 -9.037042 32.215988 92.890741
-0.667514 -1.346309 4.220862 -0.754704
69.352232 41.241913 -87.714042 -39.902064
41.241913 45.593712 -50.166793 -43.206370
-87.714042 -50.166793 114.044560 53.456995
-39.902064 -43.206370 53.456995 60.427367
0.819818 1.060792 6.161237 2.166253
106.802854 53.804917 -134.308176 -60.969890
53.804917 38.329381 -66.966589 -44.020481
-134.308176 -66.966589 171.550086 78.860838
-60.969890 -44.020481 78.860838 56.712404
8.153122 4.063422 -0.298038 -0.561796
111.788480 46.728148 -148.995961 -62.754627
46.728148 26.527711 -62.028016 -35.032579
-148.995961 -62.028016 201.014486 85.378136
-62.754627 -35.032579 85.378136 49.024493
7.255446 3.007377 3.424464 0.916846
9.952498 4.115664 -7.188508 -1.455114
4.115664 6.414202 -2.871700 -6.656129
-7.188508 -2.871700 6.418966 1.733687
-1.455114 -6.656129 1.733687 8.998376
8.704889 3.273009 3.185185 0.138783
15.469000 7.351856 -11.183625 -5.056443
7.351856 6.249629 -5.757619 -6.166023
-11.183625 -5.757619 9.204277 4.863896
-5.056443 -6.166023 4.863896 7.399654
9.052109 2.283352 5.224526 1.612443
22.439997 9.011051 -15.220601 -5.977934
9.011051 5.107657 -6.550593 -4.439089
-15.220601 -6.550593 11.341867 5.105040
-5.977934 -4.439089 5.105040 4.771778
8.608786 1.521722 7.648869 2.479760
31.170573 11.360150 -22.414996 -8.611522
11.360150 5.010898 -8.552623 -4.319885
-22.414996 -8.552623 17.115770 7.087652
-8.611522 -4.319885 7.087652 4.260701
10.226768 1.677916 8.629192 2.545468
27.286268 9.475044 -22.653329 -8.711938
9.475044 3.841047 -8.185631 -3.757912
-22.653329 -8.185631 19.827673 7.999004
-8.711938 -3.757912 7.999004 3.975702
10.613893 1.684870 9.686241 2.301658
34.968977 10.761318 -30.523223 -10.325022
10.761318 3.676489 -9.618562 -3.637472
-30.523223 -9.618562 27.584424 9.594656
-10.325022 -3.637472 9.594656 3.802417
13.244677 2.190459 9.126977 1.772200
42.039781 11.519094 -38.204261 -11.407638
11.519094 3.417000 -10.628235 -3.434473
-38.204261 -10.628235 35.591516 10.821070
-11.407638 -3.434473 10.821070 3.603982
18.405018 3.243069 5.809729 0.585656
22.967144 5.235701 -18.638904 -4.425075
5.235701 1.389789 -4.349956 -1.221564
-18.638904 -4.349956 15.851342 3.914500
-4.425075 -1.221564 3.914500 1.197121
15.712293 2.317722 9.883980 1.448809
4.333529 0.756845 -2.275313 -0.258539
0.756845 0.288915 -0.460959 -0.200617
-2.275313 -0.460959 1.755545 0.359834
-0.258539 -0.200617 0.359834 0.259435
16.797332 2.320686 10.511329 1.401397
5.100067 0.881922 -2.570311 -0.322599
0.881922 0.285000 -0.505227 -0.181607
-2.570311 -0.505227 1.814002 0.363767
-0.322599 -0.181607 0.363767 0.219949
17.825988 2.274793 11.482313 1.486816
5.839099 0.967330 -2.731659 -0.327482
0.967330 0.273321 -0.507946 -0.155603
-2.731659 -0.507946 1.758165 0.332781
-0.327482 -0.155603 0.332781 0.181983
18.903402 2.262491 12.277456 1.498965
6.477500 1.013596 -2.754619 -0.292086
1.013596 0.256649 -0.480842 -0.127727
-2.754619 -0.480842 1.619277 0.285490
-0.292086 -0.127727 0.285490 0.148966
19.589921 2.182217 13.336261 1.562465
6.765855 0.987653 -2.501420 -0.200736
0.987653 0.230717 -0.409540 -0.096149
-2.501420 -0.409540 1.343741 0.219655
-0.200736 -0.096149 0.219655 0.120135
19.658292 2.040175 14.463040 1.586627
7.030954 0.962512 -2.237370 -0.119715
0.962512 0.209625 -0.346406 -0.071535
-2.237370 -0.346406 1.108540 0.171282
-0.119715 -0.071535 0.171282 0.099895
21.858030 2.211838 14.736157 1.513245
7.693950 1.009228 -2.249301 -0.106336
1.009228 0.203667 -0.331949 -0.060013
-2.249301 -0.331949 1.039844 0.155534
-0.106336 -0.060013 0.155534 0.087099
22.407104 2.138775 15.676302 1.529970
5.342758 0.629991 -0.975808 0.086871
0.629991 0.140413 -0.148063 -0.028219
-0.975808 -0.148063 0.542988 0.099062
0.086871 -0.028219 0.099062 0.076665
24.664521 2.313322 15.839795 1.420994
4.299608 0.467180 -0.336021 0.171781
0.467180 0.113204 -0.068287 -0.014333
-0.336021 -0.068287 0.381800 0.095926
0.171781 -0.014333 0.095926 0.074863
23.091422 1.973156 17.164951 1.463109
2.553102 0.247100 0.200655 0.194266
0.247100 0.083728 -0.014602 -0.010567
0.200655 -0.014602 0.387119 0.127149
0.194266 -0.010567 0.127149 0.079170
23.253058 1.845511 18.249110 1.536438
2.544032 0.246125 0.418184 0.217101
0.246125 0.081410 0.004020 -0.005158
0.418184 0.004020 0.440619 0.145168
0.217101 -0.005158 0.145168 0.078491
23.523033 1.755691 19.115625 1.549960
2.434233 0.231930 0.625774 0.234259
0.231930 0.077644 0.019920 -0.001119
0.625774 0.019920 0.543338 0.169947
0.234259 -0.001119 0.169947 0.079426
23.923516 1.742196 19.436474 1.419286
2.116424 0.193678 0.782817 0.236957
0.193678 0.071506 0.026889 0.000267
0.782817 0.026889 0.700961 0.202114
0.236957 0.000267 0.202114 0.082009
25.373201 1.834830 20.060031 1.394257
1.785064 0.156455 0.882362 0.230252
0.156455 0.066018 0.025677 0.000160
0.882362 0.025677 0.894651 0.236620
0.230252 0.000160 0.236620 0.084956
26.632786 1.888220 20.759151 1.389871
1.148067 0.095087 0.737635 0.172188
0.095087 0.059613 -0.005375 -0.006433
0.737635 -0.005375 1.051998 0.258442
0.172188 -0.006433 0.258442 0.085187
28.549974 1.995756 21.999679 1.499335
0.736897 0.065480 0.553607 0.116706
0.065480 0.057472 -0.038763 -0.012332
0.553607 -0.038763 1.190108 0.274068
0.116706 -0.012332 0.274068 0.084569
28.433369 1.879075 21.819370 1.320315
0.485288 0.058431 0.333898 0.062016
0.058431 0.058290 -0.072989 -0.017643
0.333898 -0.072989 1.284563 0.279262
0.062016 -0.017643 0.279262 0.082257
29.015044 1.818684 22.308629 1.293869
0.386957 0.061527 0.224332 0.036828
0.061527 0.058875 -0.096859 -0.020079
0.224332 -0.096859 1.518654 0.310412
0.036828 -0.020079 0.310412 0.085337
30.390514 1.919411 23.047569 1.301766
0.334851 0.069050 0.106694 0.013534
0.069050 0.059635 -0.120872 -0.022292
0.106694 -0.120872 1.786947 0.343721
0.013534 -0.022292 0.343721 0.088565
31.587317 1.946993 24.160398 1.381916
0.315591 0.080066 -0.034675 -0.010951
0.080066 0.060705 -0.147145 -0.024735
-0.034675 -0.147145 2.076717 0.376614
-0.010951 -0.024735 0.376614 0.091473
32.296285 1.897537 24.498209 1.323465
0.330040 0.095830 -0.215709 -0.039110
0.095830 0.062579 -0.177495 -0.027695
-0.215709 -0.177495 2.350079 0.402664
-0.039110 -0.027695 0.402664 0.093009
33.112578 1.857602 25.297761 1.345613
0.368642 0.111785 -0.400979 -0.064469
0.111785 0.063803 -0.206568 -0.030198
-0.400979 -0.206568 2.692903 0.436725
-0.064469 -0.030198 0.436725 0.095763
33.793333 1.799287 25.671162 1.296338
0.435092 0.130344 -0.615003 -0.091276
0.130344 0.065339 -0.237919 -0.032885
-0.615003 -0.237919 3.050858 0.469037
-0.091276 -0.032885 0.469037 0.098019
34.774722 1.820913 26.319849 1.297960
0.518937 0.148243 -0.843337 -0.117280
0.148243 0.066277 -0.268107 -0.035259
-0.843337 -0.268107 3.471720 0.507232
-0.117280 -0.035259 0.507232 0.101020
35.943593 1.888631 27.020237 1.312360
0.623096 0.166739 -1.095915 -0.144015
0.166739 0.067141 -0.298948 -0.037617
-1.095915 -0.298948 3.934080 0.547299
-0.144015 -0.037617 0.547299 0.104065
36.394146 1.756984 27.064952 1.208333
0.746204 0.185509 -1.373229 -0.171504
0.185509 0.067905 -0.330183 -0.039933
-1.373229 -0.330183 4.442213 0.589640
-0.171504 -0.039933 0.589640 0.107208
37.543535 1.829486 27.917965 1.253957
0.868476 0.199850 -1.654116 -0.197478
0.199850 0.067503 -0.355713 -0.041539
-1.654116 -0.355713 5.025971 0.639058
-0.197478 -0.041539 0.639058 0.111208
38.784266 1.915528 28.756309 1.297658
1.016367 0.216836 -1.972536 -0.225680
0.216836 0.067803 -0.385351 -0.043568
-1.972536 -0.385351 5.643675 0.687683
-0.225680 -0.043568 0.687683 0.114743
39.857051 1.942999 29.367010 1.298194
1.187615 0.235547 -2.324446 -0.255375
0.235547 0.068484 -0.417441 -0.045773
-2.324446 -0.417441 6.298911 0.736232
-0.255375 -0.045773 0.736232 0.117990
40.757799 1.932182 30.231580 1.323061
1.373379 0.253811 -2.701547 -0.285752
0.253811 0.069038 -0.449080 -0.047859
-2.701547 -0.449080 7.009542 0.787530
-0.285752 -0.047859 0.787530 0.121400
41.613832 1.895365 30.582198 1.276059
1.592876 0.275833 -3.119752 -0.317733
0.275833 0.070333 -0.485343 -0.050259
-3.119752 -0.485343 7.737543 0.835439
-0.317733 -0.050259 0.835439 0.124102
42.500245 1.878214 31.147851 1.263012
1.816250 0.294818 -3.555900 -0.349960
0.294818 0.070949 -0.517842 -0.052262
-3.555900 -0.517842 8.546395 0.889912
-0.349960 -0.052262 0.889912 0.127533
43.865036 1.974665 31.718225 1.282106
2.056257 0.313857 -4.020639 -0.382967
0.313857 0.071570 -0.550526 -0.054215
-4.020639 -0.550526 9.409264 0.946236
-0.382967 -0.054215 0.946236 0.130990
44.436029 1.884527 32.483204 1.270361
2.295786 0.329722 -4.498767 -0.415888
0.329722 0.071644 -0.579162 -0.055799
-4.498767 -0.579162 10.342442 1.007301
-0.415888 -0.055799 1.007301 0.134892
45.414853 1.923531 33.777221 1.354795
2.582144 0.351751 -5.032466 -0.450739
0.351751 0.072806 -0.616128 -0.057947
-5.032466 -0.616128 11.297598 1.063756
-0.450739 -0.057947 1.063756 0.137898
46.385415 1.943221 34.814952 1.399699
2.928912 0.382873 -5.605318 -0.484425
0.382873 0.075475 -0.662651 -0.060561
-5.605318 -0.662651 12.153251 1.102346
-0.484425 -0.060561 1.102346 0.138683
47.183935 1.864621 34.738302 1.292734
3.314746 0.417887 -6.200583 -0.516680
0.417887 0.078627 -0.711610 -0.063120
-6.200583 -0.711610 12.957122 1.131857
-0.516680 -0.063120 1.131857 0.138541
47.903298 1.824523 35.511305 1.292294
3.688231 0.443522 -6.843814 -0.554618
0.443522 0.079897 -0.751313 -0.065209
-6.843814 -0.751313 14.027480 1.189721
-0.554618 -0.065209 1.189721 0.141539
