3.270314 2.270248 1.008487 -0.488644
2.470482 0.988214 -0.052654 -0.021062
0.988214 80.399361 -0.021062 -0.008425
-0.052654 -0.021062 2.434012 0.973626
-0.021062 -0.008425 0.973626 80.393525
7.084389 6.958738 1.799116 1.336319
2.251799 3.936709 -0.052877 -0.082336
3.936709 15.273497 -0.082083 -0.277958
-0.052877 -0.082083 2.270582 3.976728
-0.082336 -0.277958 3.976728 15.250647
5.187978 0.740388 2.202210 1.022729
1.987204 2.298465 -0.033215 -0.035403
2.298465 4.549341 -0.035300 -0.077272
-0.033215 -0.035300 2.016475 2.325743
-0.035403 -0.077272 2.325743 4.555231
6.443138 1.486867 4.244011 2.308315
1.707764 1.440414 -0.034367 -0.028937
1.440414 1.910992 -0.028927 -0.039340
-0.034367 -0.028927 1.721512 1.446132
-0.028937 -0.039340 1.446132 1.906997
6.530912 1.053507 4.582032 1.770796
1.478408 0.977288 -0.027201 -0.018094
0.977288 0.977399 -0.018084 -0.019072
-0.027201 -0.018084 1.484810 0.978062
-0.018094 -0.019072 0.978062 0.974769
7.722827 1.415018 4.746628 1.380128
1.297244 0.704829 -0.023182 -0.012804
0.704829 0.568161 -0.012798 -0.010898
-0.023182 -0.012798 1.301032 0.704925
-0.012804 -0.010898 0.704925 0.567026
8.387807 1.395488 4.829841 1.100550
1.152834 0.532280 -0.019606 -0.009259
0.532280 0.361751 -0.009255 -0.006665
-0.019606 -0.009255 1.157139 0.533118
-0.009259 -0.006665 0.533118 0.361674
9.132869 1.414272 6.833764 1.684255
1.036841 0.417082 -0.016933 -0.006993
0.417082 0.247149 -0.006991 -0.004362
-0.016933 -0.006991 1.041798 0.418338
-0.006993 -0.004362 0.418338 0.247466
9.136304 1.162874 6.864554 1.394821
0.943128 0.337100 -0.014091 -0.005182
0.337100 0.178946 -0.005180 -0.002904
-0.014091 -0.005180 0.946961 0.337951
-0.005182 -0.002904 0.337951 0.179174
9.593469 1.122668 8.255733 1.618486
0.865632 0.279420 -0.012310 -0.004091
0.279420 0.136042 -0.004089 -0.002063
-0.012310 -0.004089 0.868838 0.280085
-0.004091 -0.002063 0.280085 0.136237
10.068072 1.096984 9.492612 1.744774
0.801181 0.236854 -0.010616 -0.003221
0.236854 0.107980 -0.003220 -0.001490
-0.010616 -0.003220 0.803465 0.237260
-0.003221 -0.001490 0.237260 0.108106
10.393054 1.035733 9.993480 1.643034
0.747037 0.204801 -0.009109 -0.002547
0.204801 0.089048 -0.002546 -0.001095
-0.009109 -0.002546 0.748464 0.204999
-0.002547 -0.001095 0.204999 0.089123
11.583864 1.208770 10.645035 1.599344
0.701189 0.180295 -0.007935 -0.002060
0.180295 0.075977 -0.002059 -0.000827
-0.007935 -0.002059 0.702068 0.180386
-0.002060 -0.000827 0.180386 0.076029
11.743160 1.100306 11.254697 1.553062
0.662164 0.161359 -0.006835 -0.001657
0.161359 0.066801 -0.001656 -0.000629
-0.006835 -0.001656 0.662880 0.161443
-0.001657 -0.000629 0.161443 0.066852
12.449743 1.136782 12.066295 1.561244
0.629079 0.146680 -0.005962 -0.001356
0.146680 0.060299 -0.001356 -0.000488
-0.005962 -0.001356 0.629591 0.146740
-0.001356 -0.000488 0.146740 0.060343
13.626184 1.273725 13.842558 1.785319
0.601015 0.135265 -0.005169 -0.001107
0.135265 0.055663 -0.001107 -0.000381
-0.005169 -0.001107 0.601382 0.135310
-0.001107 -0.000381 0.135310 0.055702
14.532284 1.332684 14.805277 1.800691
0.577319 0.126404 -0.004334 -0.000874
0.126404 0.052356 -0.000874 -0.000294
-0.004334 -0.000874 0.577502 0.126423
-0.000874 -0.000294 0.126423 0.052386
15.113497 1.314452 15.876592 1.837345
0.557364 0.119544 -0.003598 -0.000685
0.119544 0.050002 -0.000685 -0.000227
-0.003598 -0.000685 0.557431 0.119550
-0.000685 -0.000227 0.119550 0.050026
15.502956 1.257969 17.431584 1.971787
0.540694 0.114276 -0.002964 -0.000533
0.114276 0.048340 -0.000533 -0.000176
-0.002964 -0.000533 0.540643 0.114266
-0.000533 -0.000176 0.114266 0.048359
16.010917 1.232705 18.780111 2.047668
0.526905 0.110277 -0.002398 -0.000407
0.110277 0.047183 -0.000407 -0.000137
-0.002398 -0.000407 0.526694 0.110241
-0.000407 -0.000137 0.110241 0.047194
16.400232 1.185546 20.260113 2.142557
0.515586 0.107277 -0.001901 -0.000304
0.107277 0.046390 -0.000304 -0.000106
-0.001901 -0.000304 0.515241 0.107222
-0.000304 -0.000106 0.107222 0.046395
17.270783 1.243154 21.184472 2.112114
0.506400 0.105066 -0.001464 -0.000219
0.105066 0.045860 -0.000219 -0.000082
-0.001464 -0.000219 0.505948 0.104996
-0.000219 -0.000082 0.104996 0.045859
17.850217 1.234401 22.140195 2.091298
0.499011 0.103466 -0.001099 -0.000153
0.103466 0.045514 -0.000153 -0.000064
-0.001099 -0.000153 0.498537 0.103398
-0.000153 -0.000064 0.103398 0.045513
18.386180 1.217485 22.728803 1.996410
0.493162 0.102340 -0.000800 -0.000103
0.102340 0.045299 -0.000103 -0.000050
-0.000800 -0.000103 0.492710 0.102282
-0.000103 -0.000050 0.102282 0.045298
19.184633 1.256934 23.829954 2.017839
0.488605 0.101576 -0.000565 -0.000068
0.101576 0.045171 -0.000068 -0.000040
-0.000565 -0.000068 0.488206 0.101531
-0.000068 -0.000040 0.101531 0.045171
19.731184 1.239888 25.123033 2.077063
0.485105 0.101078 -0.000378 -0.000041
0.101078 0.045101 -0.000041 -0.000032
-0.000378 -0.000041 0.484805 0.101054
-0.000041 -0.000032 0.101054 0.045104
20.646628 1.301601 26.012220 2.045874
0.482460 0.100772 -0.000230 -0.000022
0.100772 0.045066 -0.000022 -0.000026
-0.000230 -0.000022 0.482305 0.100775
-0.000022 -0.000026 0.100775 0.045072
21.980604 1.444633 26.965695 2.031349
0.480500 0.100600 -0.000135 -0.000013
0.100600 0.045051 -0.000013 -0.000022
-0.000135 -0.000013 0.480519 0.100635
-0.000013 -0.000022 0.100635 0.045061
22.204703 1.340101 28.211338 2.079604
0.479072 0.100518 -0.000107 -0.000016
0.100518 0.045045 -0.000016 -0.000021
-0.000107 -0.000016 0.479293 0.100587
-0.000016 -0.000021 0.100587 0.045060
23.121826 1.392039 29.528983 2.138017
0.478038 0.100488 -0.000099 -0.000020
0.100488 0.045042 -0.000020 -0.000019
-0.000099 -0.000020 0.478506 0.100599
-0.000020 -0.000019 0.100599 0.045064
24.343705 1.502755 29.955395 2.002725
0.477286 0.100486 -0.000146 -0.000034
0.100486 0.045036 -0.000034 -0.000020
-0.000146 -0.000034 0.478056 0.100647
-0.000034 -0.000020 0.100647 0.045067
24.882902 1.458032 30.505790 1.907681
0.476789 0.100506 -0.000254 -0.000057
0.100506 0.045030 -0.000057 -0.000023
-0.000254 -0.000057 0.477795 0.100700
-0.000057 -0.000023 0.100700 0.045065
25.474881 1.429118 31.360883 1.886853
0.476458 0.100532 -0.000376 -0.000081
0.100532 0.045021 -0.000081 -0.000025
-0.000376 -0.000081 0.477678 0.100754
-0.000081 -0.000025 0.100754 0.045060
25.637683 1.312617 32.300065 1.885953
0.476222 0.100551 -0.000522 -0.000107
0.100551 0.045009 -0.000107 -0.000028
-0.000522 -0.000107 0.477671 0.100805
-0.000107 -0.000028 0.100805 0.045053
26.667369 1.391490 33.153326 1.867023
0.476022 0.100557 -0.000662 -0.000129
0.100557 0.044992 -0.000129 -0.000030
-0.000662 -0.000129 0.477754 0.100853
-0.000129 -0.000030 0.100853 0.045044
26.818929 1.276483 33.754907 1.796921
0.475865 0.100556 -0.000863 -0.000162
0.100556 0.044974 -0.000162 -0.000035
-0.000863 -0.000162 0.477868 0.100891
-0.000162 -0.000035 0.100891 0.045033
27.256455 1.234065 34.723871 1.811793
0.475721 0.100545 -0.001040 -0.000189
0.100545 0.044955 -0.000189 -0.000039
-0.001040 -0.000189 0.478004 0.100920
-0.000189 -0.000039 0.100920 0.045021
27.727897 1.203337 36.138819 1.919246
0.475556 0.100521 -0.001236 -0.000218
0.100521 0.044934 -0.000218 -0.000043
-0.001236 -0.000218 0.478172 0.100947
-0.000218 -0.000043 0.100947 0.045011
28.683507 1.278165 37.173642 1.935161
0.475325 0.100478 -0.001471 -0.000254
0.100478 0.044911 -0.000254 -0.000049
-0.001471 -0.000254 0.478406 0.100981
-0.000254 -0.000049 0.100981 0.045004
29.204164 1.253189 38.532744 2.017768
0.475086 0.100431 -0.001778 -0.000304
0.100431 0.044890 -0.000304 -0.000058
-0.001778 -0.000304 0.478638 0.101009
-0.000304 -0.000058 0.101009 0.044997
29.548033 1.193429 39.588071 2.027514
0.474783 0.100370 -0.002121 -0.000359
0.100370 0.044868 -0.000359 -0.000068
-0.002121 -0.000359 0.478924 0.101045
-0.000359 -0.000068 0.101045 0.044994
30.654901 1.301252 40.470971 2.000029
0.474448 0.100304 -0.002463 -0.000411
0.100304 0.044847 -0.000411 -0.000077
-0.002463 -0.000411 0.479233 0.101084
-0.000411 -0.000077 0.101084 0.044993
31.237555 1.286815 41.230114 1.949218
0.474147 0.100248 -0.002893 -0.000480
0.100248 0.044830 -0.000480 -0.000090
-0.002893 -0.000480 0.479503 0.101112
-0.000480 -0.000090 0.101112 0.044992
31.547849 1.216512 42.617078 2.036038
0.473861 0.100197 -0.003326 -0.000547
0.100197 0.044815 -0.000547 -0.000102
-0.003326 -0.000547 0.479752 0.101136
-0.000547 -0.000102 0.101136 0.044991
32.997671 1.394419 43.468118 2.001168
0.473487 0.100129 -0.003768 -0.000613
0.100129 0.044798 -0.000614 -0.000115
-0.003768 -0.000614 0.480093 0.101180
-0.000613 -0.000115 0.101180 0.044996
33.446116 1.341843 44.559053 2.020095
0.473191 0.100081 -0.004348 -0.000707
0.100081 0.044786 -0.000708 -0.000133
-0.004348 -0.000708 0.480361 0.101208
-0.000707 -0.000133 0.101208 0.044998
34.442980 1.410710 45.406720 1.986057
0.472853 0.100025 -0.004920 -0.000795
0.100025 0.044772 -0.000796 -0.000149
-0.004920 -0.000796 0.480678 0.101248
-0.000795 -0.000149 0.101248 0.045004
35.654817 1.517549 45.850108 1.870605
0.472561 0.099980 -0.005555 -0.000894
0.099980 0.044762 -0.000894 -0.000168
-0.005555 -0.000894 0.480959 0.101281
-0.000894 -0.000168 0.101281 0.045009
35.917347 1.412258 46.367522 1.782294
0.472391 0.099961 -0.006245 -0.001000
0.099961 0.044757 -0.001002 -0.000189
-0.006245 -0.001002 0.481126 0.101291
-0.001000 -0.000189 0.101291 0.045010
36.635700 1.414263 46.487273 1.619930
0.472222 0.099941 -0.006839 -0.001083
0.099941 0.044752 -0.001085 -0.000204
-0.006839 -0.001085 0.481297 0.101305
-0.001083 -0.000204 0.101305 0.045013
