5.505353 3.164283 -0.578899 -1.123612
2.490737 0.996316 -0.101026 -0.040411
0.996316 80.402602 -0.040411 -0.016165
-0.101026 -0.040411 2.420540 0.968237
-0.040411 -0.016165 0.968237 80.391370
5.294685 0.026466 -1.872975 -2.422779
2.224045 3.883802 -0.093787 -0.144913
3.883802 15.230489 -0.143633 -0.509576
-0.093787 -0.143633 2.305080 4.039363
-0.144913 -0.509576 4.039363 15.323986
6.610552 1.545622 0.217087 1.376965
1.966331 2.280449 -0.101289 -0.112406
2.280449 4.542313 -0.112358 -0.199736
-0.101289 -0.112358 2.048020 2.355240
-0.112406 -0.199736 2.355240 4.579073
7.142191 1.345207 2.759646 2.929247
1.691841 1.431009 -0.074026 -0.059327
1.431009 1.906795 -0.059238 -0.076536
-0.074026 -0.059238 1.743308 1.459784
-0.059327 -0.076536 1.459784 1.916055
7.626317 1.221134 5.099618 3.504159
1.469893 0.974089 -0.055039 -0.035116
0.974089 0.976367 -0.035045 -0.036502
-0.055039 -0.035045 1.496743 0.983221
-0.035116 -0.036502 0.983221 0.977848
7.933584 1.055636 5.398748 2.718471
1.294161 0.704498 -0.042036 -0.022587
0.704498 0.568181 -0.022533 -0.019952
-0.042036 -0.022533 1.306108 0.706248
-0.022587 -0.019952 0.706248 0.568032
7.584439 0.650355 5.910735 2.328843
1.152043 0.532588 -0.035120 -0.016453
0.532588 0.361794 -0.016419 -0.012432
-0.035120 -0.016419 1.159441 0.533511
-0.016453 -0.012432 0.533511 0.362284
9.333079 1.223098 7.821371 2.627705
1.037846 0.417790 -0.031009 -0.012872
0.417790 0.247257 -0.012851 -0.008383
-0.031009 -0.012851 1.042105 0.418201
-0.012872 -0.008383 0.418201 0.247814
10.711383 1.497345 8.822264 2.515697
0.944117 0.337540 -0.025447 -0.009492
0.337540 0.178919 -0.009476 -0.005594
-0.025447 -0.009476 0.946937 0.337907
-0.009492 -0.005594 0.337907 0.179500
11.926568 1.648179 9.437006 2.308131
0.866233 0.279591 -0.020790 -0.007079
0.279591 0.135936 -0.007068 -0.003851
-0.020790 -0.007068 0.868905 0.280181
-0.007079 -0.003851 0.280181 0.136542
12.876610 1.685574 10.163617 2.181793
0.801003 0.236731 -0.017139 -0.005395
0.236731 0.107812 -0.005387 -0.002739
-0.017139 -0.005387 0.804127 0.237575
-0.005395 -0.002739 0.237575 0.108414
13.136491 1.525957 10.928018 2.092536
0.746210 0.204495 -0.014251 -0.004187
0.204495 0.088862 -0.004183 -0.002001
-0.014251 -0.004183 0.749656 0.205451
-0.004187 -0.002001 0.205451 0.089411
12.892600 1.267214 11.830912 2.056007
0.700130 0.179953 -0.012099 -0.003340
0.179953 0.075813 -0.003337 -0.001503
-0.012099 -0.003337 0.703415 0.180843
-0.003340 -0.001503 0.180843 0.076270
14.516831 1.508659 12.362389 1.934751
0.661345 0.161105 -0.010505 -0.002735
0.161105 0.066683 -0.002733 -0.001157
-0.010505 -0.002733 0.663944 0.161793
-0.002735 -0.001157 0.161793 0.067030
14.848665 1.410110 13.686083 2.017920
0.628163 0.146425 -0.008934 -0.002203
0.146425 0.060197 -0.002201 -0.000889
-0.008934 -0.002201 0.630705 0.147073
-0.002203 -0.000889 0.147073 0.060490
16.136865 1.541267 15.205809 2.132821
0.600218 0.135058 -0.007568 -0.001772
0.135058 0.055586 -0.001771 -0.000687
-0.007568 -0.001771 0.602338 0.135581
-0.001772 -0.000687 0.135581 0.055814
17.128260 1.589604 16.080961 2.090929
0.576611 0.126232 -0.006229 -0.001390
0.126232 0.052295 -0.001389 -0.000527
-0.006229 -0.001389 0.578338 0.126645
-0.001390 -0.000527 0.126645 0.052473
17.880737 1.580524 16.917940 2.046205
0.556725 0.119399 -0.005077 -0.001082
0.119399 0.049954 -0.001081 -0.000405
-0.005077 -0.001081 0.558172 0.119736
-0.001082 -0.000405 0.119736 0.050094
18.089015 1.457504 17.631003 1.980635
0.540106 0.114151 -0.004111 -0.000838
0.114151 0.048302 -0.000838 -0.000312
-0.004111 -0.000838 0.541316 0.114424
-0.000838 -0.000312 0.114424 0.048413
18.100607 1.307407 18.699218 1.996879
0.526354 0.110167 -0.003338 -0.000653
0.110167 0.047152 -0.000653 -0.000243
-0.003338 -0.000653 0.527317 0.110378
-0.000653 -0.000243 0.110378 0.047237
19.009371 1.360477 19.640166 1.984942
0.515111 0.107189 -0.002699 -0.000507
0.107189 0.046366 -0.000507 -0.000191
-0.002699 -0.000507 0.515779 0.107332
-0.000507 -0.000191 0.107332 0.046428
19.390345 1.298413 20.943275 2.049368
0.505967 0.104991 -0.002140 -0.000386
0.104991 0.045840 -0.000386 -0.000149
-0.002140 -0.000386 0.506434 0.105090
-0.000386 -0.000149 0.105090 0.045887
19.634620 1.214431 21.890932 2.033348
0.498650 0.103408 -0.001659 -0.000287
0.103408 0.045499 -0.000287 -0.000116
-0.001659 -0.000287 0.498945 0.103471
-0.000287 -0.000116 0.103471 0.045534
20.272057 1.220716 23.023677 2.057443
0.492868 0.102297 -0.001262 -0.000210
0.102297 0.045288 -0.000210 -0.000090
-0.001262 -0.000210 0.493042 0.102337
-0.000210 -0.000090 0.102337 0.045313
20.719471 1.186850 24.206397 2.089450
0.488352 0.101541 -0.000936 -0.000150
0.101541 0.045162 -0.000150 -0.000071
-0.000936 -0.000150 0.488492 0.101576
-0.000150 -0.000071 0.101576 0.045184
20.733988 1.066227 25.521652 2.145789
0.484873 0.101046 -0.000677 -0.000105
0.101046 0.045093 -0.000105 -0.000056
-0.000677 -0.000105 0.485065 0.101093
-0.000105 -0.000056 0.101093 0.045114
20.687377 0.945113 26.466229 2.118949
0.482222 0.100738 -0.000457 -0.000069
0.100738 0.045057 -0.000069 -0.000044
-0.000457 -0.000069 0.482566 0.100815
-0.000069 -0.000044 0.100815 0.045083
21.448040 1.005449 27.723460 2.160369
0.480238 0.100561 -0.000269 -0.000039
0.100561 0.045041 -0.000039 -0.000034
-0.000269 -0.000039 0.480800 0.100679
-0.000039 -0.000034 0.100679 0.045072
22.205516 1.058900 28.328539 2.060682
0.478730 0.100462 -0.000165 -0.000026
0.100462 0.045032 -0.000026 -0.000028
-0.000165 -0.000026 0.479651 0.100646
-0.000026 -0.000028 0.100646 0.045074
22.796881 1.071918 29.324931 2.053546
0.477634 0.100421 -0.000149 -0.000030
0.100421 0.045027 -0.000030 -0.000026
-0.000149 -0.000030 0.478924 0.100669
-0.000030 -0.000026 0.100669 0.045079
23.371801 1.080121 30.483613 2.081311
0.476808 0.100405 -0.000199 -0.000045
0.100405 0.045019 -0.000045 -0.000026
-0.000199 -0.000045 0.478546 0.100729
-0.000045 -0.000026 0.100729 0.045084
23.575827 1.009272 31.182282 2.009255
0.476148 0.100395 -0.000315 -0.000071
0.100395 0.045007 -0.000071 -0.000029
-0.000315 -0.000071 0.478448 0.100813
-0.000071 -0.000029 0.100813 0.045089
23.903687 0.971961 32.306118 2.034392
0.475638 0.100389 -0.000438 -0.000094
0.100389 0.044993 -0.000094 -0.000031
-0.000438 -0.000094 0.478511 0.100899
-0.000094 -0.000031 0.100899 0.045090
25.432125 1.192156 33.572257 2.086915
0.475169 0.100367 -0.000595 -0.000122
0.100367 0.044972 -0.000122 -0.000033
-0.000595 -0.000122 0.478739 0.100991
-0.000122 -0.000033 0.100991 0.045089
25.680648 1.118688 34.135870 1.985662
0.474727 0.100333 -0.000977 -0.000195
0.100333 0.044948 -0.000195 -0.000046
-0.000977 -0.000195 0.479072 0.101081
-0.000195 -0.000046 0.101081 0.045088
26.321396 1.135876 34.679122 1.890808
0.474348 0.100298 -0.001330 -0.000254
0.100298 0.044925 -0.000255 -0.000055
-0.001330 -0.000255 0.479416 0.101154
-0.000254 -0.000055 0.101154 0.045083
26.606662 1.076114 35.921275 1.953385
0.474032 0.100265 -0.001722 -0.000319
0.100265 0.044902 -0.000319 -0.000065
-0.001722 -0.000319 0.479732 0.101207
-0.000319 -0.000065 0.101207 0.045075
27.606704 1.173914 37.312317 2.040843
0.473615 0.100202 -0.002130 -0.000382
0.100202 0.044874 -0.000383 -0.000075
-0.002130 -0.000383 0.480167 0.101275
-0.000382 -0.000075 0.101275 0.045072
28.917212 1.327090 38.654097 2.108743
0.473117 0.100118 -0.002708 -0.000479
0.100118 0.044844 -0.000480 -0.000092
-0.002708 -0.000480 0.480689 0.101353
-0.000479 -0.000092 0.101353 0.045073
29.363500 1.280943 39.080548 1.976339
0.472585 0.100025 -0.003517 -0.000619
0.100025 0.044814 -0.000620 -0.000118
-0.003517 -0.000620 0.481249 0.101433
-0.000619 -0.000118 0.101433 0.045076
30.022481 1.284765 39.786914 1.916974
0.472141 0.099952 -0.004257 -0.000735
0.099952 0.044790 -0.000736 -0.000138
-0.004257 -0.000736 0.481709 0.101486
-0.000735 -0.000138 0.101486 0.045076
30.188307 1.183794 40.605802 1.887368
0.471730 0.099886 -0.005015 -0.000851
0.099886 0.044769 -0.000852 -0.000158
-0.005015 -0.000852 0.482131 0.101530
-0.000851 -0.000158 0.101530 0.045076
30.664500 1.159251 41.479135 1.872497
0.471265 0.099808 -0.005688 -0.000944
0.099808 0.044747 -0.000946 -0.000174
-0.005688 -0.000946 0.482605 0.101586
-0.000944 -0.000174 0.101586 0.045080
31.328403 1.177128 42.451302 1.880109
0.470771 0.099726 -0.006377 -0.001040
0.099726 0.044725 -0.001041 -0.000191
-0.006377 -0.001041 0.483108 0.101648
-0.001040 -0.000191 0.101648 0.045087
31.888628 1.170945 43.153466 1.830054
0.470253 0.099640 -0.007145 -0.001152
0.099640 0.044704 -0.001153 -0.000212
-0.007145 -0.001153 0.483648 0.101718
-0.001152 -0.000212 0.101718 0.045098
32.646217 1.207100 43.687512 1.750104
0.469768 0.099563 -0.007929 -0.001265
0.099563 0.044685 -0.001267 -0.000234
-0.007929 -0.001267 0.484160 0.101782
-0.001265 -0.000234 0.101782 0.045108
33.243573 1.206231 45.021571 1.846560
0.469384 0.099509 -0.008766 -0.001388
0.099509 0.044671 -0.001390 -0.000258
-0.008766 -0.001390 0.484581 0.101828
-0.001388 -0.000258 0.101828 0.045115
34.244996 1.290327 45.598595 1.774253
0.468847 0.099421 -0.009712 -0.001531
0.099421 0.044651 -0.001534 -0.000287
-0.009712 -0.001534 0.485187 0.101915
-0.001531 -0.000287 0.101915 0.045132
34.575635 1.223871 46.706820 1.820302
0.468456 0.099366 -0.010774 -0.001696
0.099366 0.044638 -0.001699 -0.000320
-0.010774 -0.001699 0.485665 0.101973
-0.001696 -0.000320 0.101973 0.045143
35.274786 1.242542 47.738654 1.845962
0.467925 0.099281 -0.011810 -0.001850
0.099281 0.044618 -0.001853 -0.000351
-0.011810 -0.001853 0.486308 0.102068
-0.001850 -0.000351 0.102068 0.045162
