-1.295487 0.443889 7.345661 2.046281
41.463505 16.585761 -56.479068 -22.592117
16.585761 86.638515 -22.592117 -9.037042
-56.479068 -22.592117 80.538224 32.215988
-22.592117 -9.037042 32.215988 92.890741
-0.808378 0.582224 8.003284 1.864704
48.144444 17.861746 -77.668174 -43.846314
17.861746 28.202444 -26.030199 -34.983976
-77.668174 -26.030199 129.635674 74.910042
-43.846314 -34.983976 74.910042 78.542262
0.329097 0.664170 6.848730 0.783703
67.502081 28.744572 -113.988829 -57.687925
28.744572 23.125207 -46.850464 -36.999561
-113.988829 -46.850464 196.480365 99.586363
-57.687925 -36.999561 99.586363 70.841831
-0.707242 0.406746 10.437575 2.086163
62.332479 29.231755 -93.512084 -41.981591
29.231755 19.900007 -42.885207 -27.592862
-93.512084 -42.885207 143.171846 63.941242
-41.981591 -27.592862 63.941242 41.234429
5.381408 2.945342 3.474683 -1.079381
24.646164 8.492594 -43.542580 -16.606120
8.492594 6.796505 -14.324763 -10.882083
-43.542580 -14.324763 80.107936 30.401991
-16.606120 -10.882083 30.401991 19.878664
6.473323 2.838421 3.717462 -0.815851
6.885246 3.422203 -7.185645 -3.307687
3.422203 4.234156 -3.243454 -5.204859
-7.185645 -3.243454 9.033686 3.773225
-3.307687 -5.204859 3.773225 7.319994
5.820695 1.756037 7.044198 1.112176
9.482905 4.556651 -8.369705 -4.158660
4.556651 3.725121 -4.071697 -4.288919
-8.369705 -4.071697 8.483558 4.256866
-4.158660 -4.288919 4.256866 5.684168
8.654069 2.333278 7.054716 1.193758
13.717162 6.069445 -13.297234 -6.421936
6.069445 3.626626 -6.118826 -4.304013
-13.297234 -6.118826 13.992743 7.039675
-6.421936 -4.304013 7.039675 5.615024
9.839269 2.405489 7.337322 0.978204
18.364490 6.727413 -17.097777 -6.749851
6.727413 3.051223 -6.482493 -3.378836
-17.097777 -6.482493 16.913278 6.983465
-6.749851 -3.378836 6.983465 4.129601
7.881116 1.090792 12.305731 2.962453
21.012991 6.381001 -18.376865 -5.838179
6.381001 2.328348 -5.765075 -2.362694
-18.376865 -5.765075 16.963576 5.681134
-5.838179 -2.362694 5.681134 2.706617
8.257230 1.067919 13.817165 2.934368
7.849338 2.373021 -8.292246 -2.761210
2.373021 1.003255 -2.709468 -1.267096
-8.292246 -2.709468 9.823679 3.544108
-2.761210 -1.267096 3.544108 1.807408
9.334718 1.192858 14.859001 2.840499
5.293305 1.587389 -6.633501 -2.169158
1.587389 0.687467 -2.169303 -0.961258
-6.633501 -2.169303 9.522881 3.327870
-2.169158 -0.961258 3.327870 1.519093
10.411518 1.300218 15.893622 2.757302
4.695293 1.360100 -6.719811 -2.059578
1.360100 0.553293 -2.083467 -0.816920
-6.719811 -2.083467 10.917391 3.496833
-2.059578 -0.816920 3.496833 1.372014
8.848454 0.770247 19.658562 3.345944
4.417274 1.208376 -7.017866 -1.973538
1.208376 0.454255 -2.011335 -0.696502
-7.017866 -2.011335 12.520316 3.620914
-1.973538 -0.696502 3.620914 1.234868
10.880306 1.178146 18.821442 2.717175
1.321698 0.335438 -2.247886 -0.574398
0.335438 0.184710 -0.630262 -0.260859
-2.247886 -0.630262 5.554674 1.494633
-0.574398 -0.260859 1.494633 0.548315
12.675330 1.480469 18.229628 2.247329
1.129424 0.287197 -2.163093 -0.526359
0.287197 0.154674 -0.574646 -0.216721
-2.163093 -0.574646 6.182317 1.531391
-0.526359 -0.216721 1.531391 0.496609
13.493919 1.498698 18.902676 2.145931
1.304884 0.326825 -2.700220 -0.617818
0.326825 0.149607 -0.666127 -0.212482
-2.700220 -0.666127 7.690116 1.747096
-0.617818 -0.212482 1.747096 0.493857
13.625650 1.346849 21.072800 2.382514
1.422545 0.338858 -3.143005 -0.666145
0.338858 0.137974 -0.709133 -0.197897
-3.143005 -0.709133 9.180845 1.912002
-0.666145 -0.197897 1.912002 0.480532
12.820287 1.010475 25.473574 3.015066
0.786873 0.178324 -1.732634 -0.340976
0.178324 0.090198 -0.317847 -0.101063
-1.732634 -0.317847 6.618317 1.246560
-0.340976 -0.101063 1.246560 0.306509
15.336826 1.415660 20.999025 1.936493
0.365531 0.099201 -0.236788 -0.057834
0.099201 0.069907 0.004321 -0.033857
-0.236788 0.004321 2.434831 0.408190
-0.057834 -0.033857 0.408190 0.132501
16.513171 1.553818 21.990110 1.909592
0.359347 0.099503 -0.258746 -0.064615
0.099503 0.064430 -0.009655 -0.031047
-0.258746 -0.009655 2.836224 0.468404
-0.064615 -0.031047 0.468404 0.135680
17.275009 1.558762 23.436668 1.986684
0.337396 0.095824 -0.139186 -0.045077
0.095824 0.059407 0.017856 -0.021799
-0.139186 0.017856 3.077846 0.485636
-0.045077 -0.021799 0.485636 0.130213
17.891689 1.512399 24.461952 2.003163
0.351032 0.103337 0.157542 -0.001511
0.103337 0.058749 0.081557 -0.008903
0.157542 0.081557 2.480445 0.361565
-0.001511 -0.008903 0.361565 0.102678
19.044602 1.606298 23.111230 1.621772
0.440644 0.127039 0.353328 0.019817
0.127039 0.062075 0.113512 -0.002941
0.353328 0.113512 1.802323 0.242985
0.019817 -0.002941 0.242985 0.080157
19.868485 1.611932 23.956358 1.625397
0.518756 0.141452 0.494909 0.035091
0.141452 0.062149 0.133140 0.001712
0.494909 0.133140 1.794144 0.236606
0.035091 0.001712 0.236606 0.076505
20.699721 1.613162 25.338688 1.713255
0.659030 0.169620 0.539110 0.030985
0.169620 0.066083 0.130216 0.001456
0.539110 0.130216 1.329893 0.165684
0.030985 0.001456 0.165684 0.064479
21.593347 1.628443 26.584017 1.770568
0.775925 0.189914 0.409596 0.002582
0.189914 0.068250 0.089790 -0.004208
0.409596 0.089790 0.811476 0.100394
0.002582 -0.004208 0.100394 0.055506
22.492581 1.647297 27.535660 1.775489
0.889011 0.206973 0.268341 -0.025331
0.206973 0.069682 0.051942 -0.009138
0.268341 0.051942 0.537959 0.074811
-0.025331 -0.009138 0.074811 0.052797
23.724790 1.720269 29.188420 1.895476
1.014965 0.224398 0.135568 -0.050767
0.224398 0.071151 0.020493 -0.013024
0.135568 0.020493 0.406128 0.069913
-0.050767 -0.013024 0.069913 0.052959
24.246124 1.658576 29.703280 1.824591
1.147381 0.240710 -0.002844 -0.075867
0.240710 0.072330 -0.008241 -0.016459
-0.002844 -0.008241 0.353314 0.076180
-0.075867 -0.016459 0.076180 0.054562
24.671651 1.586227 30.141619 1.736312
1.320307 0.262446 -0.136060 -0.099682
0.262446 0.074479 -0.032180 -0.019266
-0.136060 -0.032180 0.348716 0.087371
-0.099682 -0.019266 0.087371 0.056374
25.486365 1.590142 31.027602 1.739832
1.531258 0.288225 -0.275070 -0.123245
0.288225 0.077188 -0.054049 -0.021761
-0.275070 -0.054049 0.375087 0.101038
-0.123245 -0.021761 0.101038 0.058069
26.141576 1.565337 31.990513 1.766287
1.762258 0.314171 -0.432407 -0.148218
0.314171 0.079677 -0.076374 -0.024311
-0.432407 -0.076374 0.430206 0.117520
-0.148218 -0.024311 0.117520 0.059932
27.078927 1.594353 33.078243 1.816931
2.029441 0.343019 -0.605933 -0.173781
0.343019 0.082450 -0.098681 -0.026780
-0.605933 -0.098681 0.507115 0.134993
-0.173781 -0.026780 0.134993 0.061559
27.185656 1.468395 33.470809 1.683524
2.317377 0.371669 -0.802733 -0.201110
0.371669 0.084935 -0.122062 -0.029365
-0.802733 -0.122062 0.609621 0.154555
-0.201110 -0.029365 0.154555 0.063340
27.934719 1.472304 34.365242 1.697121
2.663613 0.406517 -1.013628 -0.227040
0.406517 0.088248 -0.145242 -0.031634
-1.013628 -0.145242 0.721956 0.172082
-0.227040 -0.031634 0.172082 0.064285
28.731103 1.490831 35.467382 1.762239
3.039054 0.441846 -1.250009 -0.254594
0.441846 0.091337 -0.169739 -0.034022
-1.250009 -0.169739 0.856009 0.190890
-0.254594 -0.034022 0.190890 0.065376
29.260166 1.445174 36.063393 1.685678
3.449805 0.478558 -1.511632 -0.283223
0.478558 0.094382 -0.195384 -0.036438
-1.511632 -0.195384 1.009875 0.210381
-0.283223 -0.036438 0.210381 0.066479
30.376869 1.522861 37.271617 1.787567
3.896831 0.516638 -1.798901 -0.312718
0.516638 0.097391 -0.222102 -0.038847
-1.798901 -0.222102 1.183219 0.230422
-0.312718 -0.038847 0.230422 0.067589
31.702738 1.607601 38.149596 1.804755
4.358587 0.552345 -2.118435 -0.345255
0.552345 0.099793 -0.250129 -0.041436
-2.118435 -0.250129 1.388366 0.253694
-0.345255 -0.041436 0.253694 0.069283
32.354201 1.583274 39.023635 1.791807
4.781850 0.578229 -2.466040 -0.381643
0.578229 0.100627 -0.277935 -0.044144
-2.466040 -0.277935 1.638489 0.282947
-0.381643 -0.044144 0.282947 0.072077
32.926819 1.546513 39.845266 1.764841
5.263594 0.609463 -2.845608 -0.418133
0.609463 0.102185 -0.307398 -0.046761
-2.845608 -0.307398 1.911717 0.312008
-0.418133 -0.046761 0.312008 0.074533
34.249708 1.627049 40.728036 1.791524
5.806406 0.645954 -3.256426 -0.454206
0.645954 0.104379 -0.338492 -0.049270
-3.256426 -0.338492 2.204791 0.340188
-0.454206 -0.049270 0.340188 0.076585
34.931483 1.607281 41.614570 1.782700
6.308829 0.672872 -3.692242 -0.493606
0.672872 0.105181 -0.368281 -0.051777
-3.692242 -0.368281 2.546316 0.374295
-0.493606 -0.051777 0.374295 0.079621
35.683667 1.600018 42.508528 1.780474
6.878623 0.705877 -4.165776 -0.532989
0.705877 0.106739 -0.400329 -0.054248
-4.165776 -0.400329 2.913986 0.407884
-0.532989 -0.054248 0.407884 0.082263
36.411228 1.582821 43.305560 1.756429
7.501577 0.742563 -4.674617 -0.572490
0.742563 0.108678 -0.434027 -0.056673
-4.674617 -0.434027 3.309062 0.441414
-0.572490 -0.056673 0.441414 0.084666
36.816451 1.504187 43.876626 1.668948
8.170728 0.781658 -5.218302 -0.612339
0.781658 0.110803 -0.469063 -0.059060
-5.218302 -0.469063 3.733205 0.475271
-0.612339 -0.059060 0.475271 0.086939
37.530636 1.487106 44.561538 1.635659
8.905929 0.825955 -5.795083 -0.650873
0.825955 0.113454 -0.506005 -0.061355
-5.795083 -0.506005 4.174697 0.507102
-0.650873 -0.061355 0.507102 0.088717
38.180126 1.461179 45.223817 1.597935
9.676914 0.870426 -6.407892 -0.690768
0.870426 0.115957 -0.543734 -0.063654
-6.407892 -0.543734 4.650394 0.540482
-0.690768 -0.063654 0.540482 0.090635
38.771050 1.470369 46.376715 1.660006
10.490145 0.916018 -7.056652 -0.731423
0.916018 0.118445 -0.582444 -0.065935
-7.056652 -0.582444 5.157332 0.574628
-0.731423 -0.065935 0.574628 0.092555
