4.958788 2.945652 0.707302 -0.609120
2.470482 0.988214 -0.052654 -0.021062
0.988214 80.399361 -0.021062 -0.008425
-0.052654 -0.021062 2.434012 0.973626
-0.021062 -0.008425 0.973626 80.393525
7.026468 3.993077 2.025330 2.235589
2.245966 3.926535 -0.047876 -0.073604
3.926535 15.255749 -0.073316 -0.262648
-0.047876 -0.073316 2.276091 3.986400
-0.073604 -0.262648 3.986400 15.267629
7.732108 2.497410 1.462047 0.295987
1.989883 2.302470 -0.034790 -0.037985
2.302470 4.553997 -0.037911 -0.080305
-0.034790 -0.037911 2.013835 2.321842
-0.037985 -0.080305 2.321842 4.550677
10.410933 3.703640 3.385639 1.787598
1.702719 1.436069 -0.030845 -0.025965
1.436069 1.906807 -0.025947 -0.036427
-0.030845 -0.025947 1.726396 1.450321
-0.025965 -0.036427 1.450321 1.910995
9.554421 1.912943 4.541475 1.960751
1.471701 0.973041 -0.021697 -0.014604
0.973041 0.974480 -0.014584 -0.016646
-0.021697 -0.014584 1.491274 0.982137
-0.014604 -0.016646 0.982137 0.977548
9.440058 1.331031 5.069875 1.716373
1.292417 0.702515 -0.018363 -0.010434
0.702515 0.566904 -0.010422 -0.009597
-0.018363 -0.010422 1.305622 0.707113
-0.010434 -0.009597 0.707113 0.568205
10.077015 1.317711 6.265634 1.871834
1.150156 0.531312 -0.016230 -0.007942
0.531312 0.361299 -0.007935 -0.006056
-0.016230 -0.007935 1.159648 0.534015
-0.007942 -0.006056 0.534015 0.362089
9.273153 0.729039 7.259891 1.895796
1.035763 0.416834 -0.013887 -0.005961
0.416834 0.247024 -0.005955 -0.003935
-0.013887 -0.005955 1.042715 0.418528
-0.005961 -0.003935 0.418528 0.247564
9.122490 0.545048 7.545674 1.659744
0.942845 0.337108 -0.012382 -0.004727
0.337108 0.178911 -0.004723 -0.002727
-0.012382 -0.004723 0.947156 0.337918
-0.004727 -0.002727 0.337918 0.179197
10.745998 0.981126 8.716050 1.769127
0.865825 0.279535 -0.011254 -0.003860
0.279535 0.136038 -0.003857 -0.001968
-0.011254 -0.003857 0.868590 0.279956
-0.003860 -0.001968 0.279956 0.136234
12.199120 1.265498 10.676695 2.086677
0.801218 0.236880 -0.009665 -0.003015
0.236880 0.107948 -0.003012 -0.001406
-0.009665 -0.003012 0.803382 0.237223
-0.003015 -0.001406 0.237223 0.108133
12.437872 1.157594 10.910795 1.865083
0.746929 0.204768 -0.007944 -0.002280
0.204768 0.089005 -0.002278 -0.001000
-0.007944 -0.002278 0.748520 0.205019
-0.002280 -0.001000 0.205019 0.089161
13.370366 1.248671 10.259726 1.458139
0.700963 0.180226 -0.006737 -0.001795
0.180226 0.075931 -0.001793 -0.000741
-0.006737 -0.001793 0.702244 0.180443
-0.001795 -0.000741 0.180443 0.076070
13.640925 1.162439 11.661364 1.621972
0.661740 0.161243 -0.005846 -0.001455
0.161243 0.066750 -0.001454 -0.000565
-0.005846 -0.001454 0.663267 0.161551
-0.001455 -0.000565 0.161551 0.066900
13.584961 1.013878 12.671739 1.668450
0.628627 0.146565 -0.005038 -0.001177
0.146565 0.060255 -0.001176 -0.000434
-0.005038 -0.001176 0.630012 0.146848
-0.001177 -0.000434 0.146848 0.060385
14.083071 1.011946 14.932724 1.989483
0.600646 0.135177 -0.004373 -0.000962
0.135177 0.055631 -0.000961 -0.000338
-0.004373 -0.000961 0.601725 0.135393
-0.000962 -0.000338 0.135393 0.055732
14.594503 1.013121 15.661879 1.931342
0.577096 0.126353 -0.003665 -0.000760
0.126353 0.052335 -0.000759 -0.000260
-0.003665 -0.000759 0.577705 0.126470
-0.000760 -0.000260 0.126470 0.052405
15.575658 1.114857 16.087084 1.815477
0.557250 0.119519 -0.003070 -0.000602
0.119519 0.049989 -0.000601 -0.000202
-0.003070 -0.000601 0.557531 0.119573
-0.000602 -0.000202 0.119573 0.050038
16.479612 1.188082 16.894891 1.794398
0.540597 0.114254 -0.002558 -0.000475
0.114254 0.048329 -0.000475 -0.000158
-0.002558 -0.000475 0.540730 0.114286
-0.000475 -0.000158 0.114286 0.048369
17.132842 1.200523 18.183815 1.876399
0.526768 0.110247 -0.002103 -0.000369
0.110247 0.047172 -0.000369 -0.000123
-0.002103 -0.000369 0.526824 0.110270
-0.000369 -0.000123 0.110270 0.047204
17.514247 1.155003 19.244478 1.901853
0.515424 0.107243 -0.001691 -0.000281
0.107243 0.046379 -0.000280 -0.000096
-0.001691 -0.000280 0.515399 0.107255
-0.000281 -0.000096 0.107255 0.046405
18.689047 1.278952 20.360039 1.936099
0.506222 0.105031 -0.001339 -0.000209
0.105031 0.045849 -0.000209 -0.000074
-0.001339 -0.000209 0.506122 0.105031
-0.000209 -0.000074 0.105031 0.045869
19.836396 1.384273 21.441598 1.959704
0.498832 0.103432 -0.001028 -0.000151
0.103432 0.045505 -0.000151 -0.000058
-0.001028 -0.000151 0.498714 0.103431
-0.000151 -0.000058 0.103431 0.045522
20.472044 1.372572 22.621139 2.001150
0.492984 0.102309 -0.000770 -0.000105
0.102309 0.045291 -0.000105 -0.000045
-0.000770 -0.000105 0.492885 0.102313
-0.000105 -0.000045 0.102313 0.045305
20.716167 1.280734 24.577756 2.199921
0.488436 0.101547 -0.000564 -0.000072
0.101547 0.045165 -0.000072 -0.000036
-0.000564 -0.000072 0.488373 0.101559
-0.000072 -0.000036 0.101559 0.045178
21.458119 1.301915 25.846163 2.235037
0.484943 0.101052 -0.000396 -0.000046
0.101052 0.045095 -0.000046 -0.000029
-0.000396 -0.000046 0.484967 0.101080
-0.000046 -0.000029 0.101080 0.045109
21.734154 1.223593 26.871669 2.215792
0.482303 0.100748 -0.000282 -0.000032
0.100748 0.045061 -0.000032 -0.000024
-0.000282 -0.000032 0.482461 0.100799
-0.000032 -0.000024 0.100799 0.045077
22.045466 1.160691 28.357428 2.294909
0.480347 0.100577 -0.000204 -0.000024
0.100577 0.045046 -0.000024 -0.000021
-0.000204 -0.000024 0.480671 0.100658
-0.000024 -0.000021 0.100658 0.045066
22.277240 1.087558 29.943383 2.386918
0.478899 0.100491 -0.000158 -0.000021
0.100491 0.045039 -0.000021 -0.000019
-0.000158 -0.000021 0.479466 0.100613
-0.000021 -0.000019 0.100613 0.045066
23.018846 1.129141 30.693177 2.293656
0.477818 0.100452 -0.000137 -0.000022
0.100452 0.045034 -0.000022 -0.000017
-0.000137 -0.000022 0.478726 0.100635
-0.000022 -0.000017 0.100635 0.045071
23.387547 1.087896 31.370643 2.194850
0.477050 0.100448 -0.000169 -0.000033
0.100448 0.045029 -0.000033 -0.000018
-0.000169 -0.000033 0.478292 0.100685
-0.000033 -0.000018 0.100685 0.045074
23.636618 1.025727 32.020450 2.100521
0.476510 0.100460 -0.000221 -0.000045
0.100460 0.045021 -0.000045 -0.000018
-0.000221 -0.000045 0.478075 0.100746
-0.000045 -0.000018 0.100746 0.045075
24.287077 1.054764 33.134857 2.114050
0.476129 0.100477 -0.000283 -0.000057
0.100477 0.045011 -0.000057 -0.000019
-0.000283 -0.000057 0.478008 0.100808
-0.000057 -0.000019 0.100808 0.045071
24.947293 1.082814 34.022586 2.078330
0.475822 0.100485 -0.000389 -0.000077
0.100485 0.044995 -0.000077 -0.000022
-0.000389 -0.000077 0.478072 0.100872
-0.000077 -0.000022 0.100872 0.045066
25.595603 1.105391 34.507372 1.961328
0.475572 0.100483 -0.000535 -0.000104
0.100483 0.044978 -0.000104 -0.000025
-0.000535 -0.000104 0.478208 0.100928
-0.000104 -0.000025 0.100928 0.045058
26.289585 1.135244 35.186144 1.897611
0.475385 0.100479 -0.000708 -0.000134
0.100479 0.044959 -0.000134 -0.000030
-0.000708 -0.000134 0.478352 0.100969
-0.000134 -0.000030 0.100969 0.045048
26.794146 1.121903 35.968982 1.862576
0.475224 0.100468 -0.000914 -0.000168
0.100468 0.044940 -0.000168 -0.000035
-0.000914 -0.000168 0.478507 0.100998
-0.000168 -0.000035 0.100998 0.045036
27.695474 1.193895 37.190747 1.923906
0.475058 0.100446 -0.001135 -0.000203
0.100446 0.044920 -0.000204 -0.000041
-0.001135 -0.000204 0.478677 0.101023
-0.000203 -0.000041 0.101023 0.045025
28.542538 1.246787 38.185764 1.930909
0.474851 0.100410 -0.001427 -0.000252
0.100410 0.044899 -0.000252 -0.000049
-0.001427 -0.000252 0.478886 0.101050
-0.000252 -0.000049 0.101050 0.045016
29.235140 1.261439 39.276268 1.957300
0.474628 0.100367 -0.001774 -0.000309
0.100367 0.044878 -0.000310 -0.000059
-0.001774 -0.000310 0.479104 0.101074
-0.000309 -0.000059 0.101074 0.045009
29.553050 1.195315 40.404537 1.988801
0.474369 0.100316 -0.002157 -0.000371
0.100316 0.044858 -0.000371 -0.000070
-0.002157 -0.000371 0.479348 0.101101
-0.000371 -0.000070 0.101101 0.045005
30.140863 1.193301 41.706023 2.053551
0.474054 0.100253 -0.002531 -0.000428
0.100253 0.044837 -0.000429 -0.000080
-0.002531 -0.000429 0.479638 0.101136
-0.000428 -0.000080 0.101136 0.045004
30.974387 1.243294 42.348483 1.972601
0.473682 0.100181 -0.002945 -0.000492
0.100181 0.044816 -0.000492 -0.000092
-0.002945 -0.000492 0.479982 0.101181
-0.000492 -0.000092 0.101181 0.045006
31.729711 1.271598 43.423751 1.991394
0.473362 0.100123 -0.003395 -0.000560
0.100123 0.044799 -0.000561 -0.000104
-0.003395 -0.000561 0.480268 0.101212
-0.000560 -0.000104 0.101212 0.045007
32.244588 1.245738 43.695803 1.838886
0.473026 0.100064 -0.003892 -0.000637
0.100064 0.044784 -0.000638 -0.000119
-0.003892 -0.000638 0.480574 0.101248
-0.000637 -0.000119 0.101248 0.045010
32.569186 1.182627 44.604245 1.836434
0.472772 0.100024 -0.004348 -0.000702
0.100024 0.044774 -0.000703 -0.000131
-0.004348 -0.000703 0.480796 0.101267
-0.000702 -0.000131 0.101267 0.045011
32.778670 1.101503 44.892734 1.703632
0.472481 0.099977 -0.004784 -0.000763
0.099977 0.044762 -0.000763 -0.000142
-0.004784 -0.000763 0.481060 0.101296
-0.000763 -0.000142 0.101296 0.045015
33.377033 1.111676 45.908414 1.738157
0.472241 0.099942 -0.005148 -0.000807
0.099942 0.044753 -0.000808 -0.000150
-0.005148 -0.000808 0.481274 0.101317
-0.000807 -0.000150 0.101317 0.045017
34.281957 1.185746 47.051296 1.796013
0.471963 0.099899 -0.005566 -0.000865
0.099899 0.044743 -0.000866 -0.000162
-0.005566 -0.000866 0.481538 0.101350
-0.000865 -0.000162 0.101350 0.045024
35.171366 1.248576 48.020586 1.811225
0.471657 0.099850 -0.006096 -0.000947
0.099850 0.044732 -0.000947 -0.000179
-0.006096 -0.000947 0.481845 0.101393
-0.000947 -0.000179 0.101393 0.045032
