0.882003 1.314903 3.134786 0.361894
2.053490 0.821414 -0.226717 -0.090689
0.821414 80.332639 -0.090689 -0.036276
-0.226717 -0.090689 3.101368 1.240574
-0.090689 -0.036276 1.240574 80.500307
4.159042 5.930857 0.134004 -4.983755
2.519229 4.471370 -1.395157 -2.317455
4.471370 15.085890 -2.424317 -4.671140
-1.395157 -2.424317 3.453066 5.829581
-2.317455 -4.671140 5.829581 19.976848
3.847591 2.502213 2.833219 0.634766
2.701136 3.060784 -0.513318 -0.342040
3.060784 5.104504 -0.478147 -0.598481
-0.513318 -0.478147 1.759542 1.958086
-0.342040 -0.598481 1.958086 4.580606
5.114823 2.521189 3.514011 0.956522
2.395430 1.909497 -0.439200 -0.283634
1.909497 2.152441 -0.326840 -0.361875
-0.439200 -0.326840 1.472896 1.282094
-0.283634 -0.361875 1.282094 1.979509
7.758256 3.374091 3.799012 0.855731
1.575835 0.972141 -0.131454 -0.052183
0.972141 0.915083 -0.077818 -0.110271
-0.131454 -0.077818 1.442595 1.015048
-0.052183 -0.110271 1.015048 1.106987
7.693944 2.466174 5.225480 1.416061
1.196710 0.616828 -0.131196 -0.066163
0.616828 0.500678 -0.077018 -0.084405
-0.131196 -0.077018 1.470653 0.844079
-0.066163 -0.084405 0.844079 0.695284
7.836667 1.980435 5.725589 1.317013
1.034028 0.463950 -0.232555 -0.112021
0.463950 0.324868 -0.114981 -0.082151
-0.232555 -0.114981 1.434633 0.687681
-0.112021 -0.082151 0.687681 0.458124
8.296593 1.764657 7.557766 1.799189
0.946197 0.376280 -0.286525 -0.119151
0.376280 0.230105 -0.120034 -0.066938
-0.286525 -0.120034 1.347569 0.553050
-0.119151 -0.066938 0.553050 0.313426
9.636426 1.928267 8.064795 1.657966
0.921969 0.329037 -0.315178 -0.113697
0.329037 0.176761 -0.114014 -0.052666
-0.315178 -0.114014 1.190935 0.427827
-0.113697 -0.052666 0.427827 0.216716
9.917459 1.706960 8.787130 1.622511
0.864967 0.279498 -0.301191 -0.095406
0.279498 0.136784 -0.095692 -0.038539
-0.301191 -0.095692 1.080658 0.347050
-0.095406 -0.038539 0.347050 0.160560
11.823747 2.022782 10.242358 1.815035
0.816942 0.241909 -0.281029 -0.079299
0.241909 0.110025 -0.079646 -0.028591
-0.281029 -0.079646 0.979778 0.285957
-0.079299 -0.028591 0.285957 0.123913
12.721248 1.988305 10.641812 1.676864
0.760578 0.208765 -0.242059 -0.061376
0.208765 0.090508 -0.061641 -0.020335
-0.242059 -0.061641 0.889410 0.239468
-0.061376 -0.020335 0.239468 0.099392
13.816681 2.017511 11.888744 1.781070
0.708311 0.182286 -0.207846 -0.047908
0.182286 0.076742 -0.048055 -0.014806
-0.207846 -0.048055 0.819269 0.206226
-0.047908 -0.014806 0.206226 0.083215
14.130105 1.850175 13.249598 1.888579
0.664105 0.162028 -0.174546 -0.036803
0.162028 0.067156 -0.036876 -0.010806
-0.174546 -0.036876 0.756460 0.180112
-0.036803 -0.010806 0.180112 0.071813
14.759413 1.775353 13.592535 1.748238
0.631197 0.147454 -0.146567 -0.028455
0.147454 0.060634 -0.028553 -0.008062
-0.146567 -0.028553 0.699637 0.159265
-0.028455 -0.008062 0.159265 0.063622
14.625983 1.547673 14.976961 1.852596
0.601927 0.135763 -0.124243 -0.022413
0.135763 0.055888 -0.022492 -0.006193
-0.124243 -0.022492 0.656080 0.144242
-0.022413 -0.006193 0.144242 0.058059
14.807529 1.414509 15.650782 1.793069
0.581417 0.127607 -0.105366 -0.017729
0.127607 0.052698 -0.017868 -0.004849
-0.105366 -0.017868 0.615646 0.131848
-0.017729 -0.004849 0.131848 0.053924
15.066306 1.324880 17.396160 1.968870
0.564555 0.121320 -0.089930 -0.014213
0.121320 0.050421 -0.014393 -0.003890
-0.089930 -0.014393 0.582723 0.122545
-0.014213 -0.003890 0.122545 0.051036
16.263374 1.436717 18.156401 1.926466
0.551688 0.116729 -0.074032 -0.010870
0.116729 0.048860 -0.011096 -0.003053
-0.074032 -0.011096 0.553241 0.115038
-0.010870 -0.003053 0.115038 0.048915
16.626734 1.360979 18.974247 1.893444
0.538505 0.112668 -0.059584 -0.008090
0.112668 0.047646 -0.008302 -0.002392
-0.059584 -0.008302 0.531813 0.109983
-0.008090 -0.002392 0.109983 0.047560
17.406263 1.377463 19.349311 1.775737
0.527650 0.109590 -0.047368 -0.005933
0.109590 0.046805 -0.006131 -0.001902
-0.047368 -0.006131 0.514963 0.106341
-0.005933 -0.001902 0.106341 0.046644
18.080028 1.370750 19.677237 1.659590
0.517728 0.107066 -0.037402 -0.004338
0.107066 0.046189 -0.004508 -0.001548
-0.037402 -0.004508 0.502945 0.103989
-0.004338 -0.001548 0.103989 0.046081
18.468198 1.310163 20.661190 1.689899
0.509033 0.105076 -0.029355 -0.003175
0.105076 0.045755 -0.003317 -0.001291
-0.029355 -0.003317 0.494420 0.102508
-0.003175 -0.001291 0.102508 0.045740
19.018678 1.291139 22.061545 1.805063
0.502159 0.103669 -0.022232 -0.002194
0.103669 0.045486 -0.002317 -0.001072
-0.022232 -0.002317 0.487844 0.101493
-0.002194 -0.001072 0.101493 0.045513
19.728058 1.305613 23.302060 1.875932
0.496347 0.102611 -0.015598 -0.001296
0.102611 0.045310 -0.001404 -0.000868
-0.015598 -0.001404 0.483274 0.100911
-0.001296 -0.000868 0.100911 0.045382
20.592811 1.350164 24.457018 1.922060
0.490924 0.101713 -0.010016 -0.000598
0.101713 0.045173 -0.000688 -0.000703
-0.010016 -0.000688 0.480904 0.100762
-0.000598 -0.000703 0.100762 0.045336
21.503311 1.399448 25.598456 1.960489
0.485578 0.100882 -0.005974 -0.000189
0.100882 0.045049 -0.000260 -0.000593
-0.005974 -0.000260 0.480562 0.100975
-0.000189 -0.000593 0.100975 0.045356
21.951376 1.347914 27.289097 2.109698
0.480211 0.100081 -0.003784 -0.000114
0.100081 0.044927 -0.000166 -0.000546
-0.003784 -0.000166 0.481912 0.101456
-0.000114 -0.000546 0.101456 0.045420
22.643251 1.351947 28.758489 2.197073
0.473856 0.099099 -0.002858 -0.000227
0.099099 0.044763 -0.000263 -0.000529
-0.002858 -0.000263 0.485603 0.102334
-0.000227 -0.000529 0.102334 0.045556
23.442555 1.377786 29.639010 2.151178
0.466813 0.098009 -0.003723 -0.000633
0.098009 0.044572 -0.000658 -0.000564
-0.003723 -0.000658 0.491225 0.103497
-0.000633 -0.000564 0.103497 0.045738
23.623694 1.270712 30.661450 2.139966
0.460415 0.097090 -0.006390 -0.001317
0.097090 0.044415 -0.001338 -0.000649
-0.006390 -0.001338 0.497248 0.104616
-0.001317 -0.000649 0.104616 0.045899
23.314329 1.070570 31.477120 2.086571
0.454059 0.096192 -0.009110 -0.001902
0.096192 0.044256 -0.001925 -0.000705
-0.009110 -0.001925 0.504177 0.105817
-0.001902 -0.000705 0.105817 0.046072
24.404139 1.188582 32.368185 2.054814
0.447958 0.095352 -0.010469 -0.002120
0.095352 0.044100 -0.002141 -0.000680
-0.010469 -0.002141 0.511517 0.107005
-0.002120 -0.000680 0.107005 0.046240
24.930020 1.173742 32.872404 1.945770
0.442624 0.094668 -0.014289 -0.002817
0.094668 0.043970 -0.002850 -0.000766
-0.014289 -0.002850 0.518872 0.108115
-0.002817 -0.000766 0.108115 0.046393
25.621364 1.195947 33.523410 1.879064
0.438407 0.094200 -0.018548 -0.003535
0.094200 0.043876 -0.003585 -0.000856
-0.018548 -0.003585 0.525464 0.109005
-0.003535 -0.000856 0.109005 0.046506
26.316674 1.218008 35.307234 2.053565
0.434970 0.093855 -0.023528 -0.004342
0.093855 0.043796 -0.004416 -0.000967
-0.023528 -0.004416 0.531693 0.109791
-0.004342 -0.000967 0.109791 0.046607
27.077884 1.250605 36.124413 2.010734
0.430534 0.093241 -0.028323 -0.005057
0.093241 0.043647 -0.005146 -0.001060
-0.028323 -0.005146 0.540029 0.110999
-0.005057 -0.001060 0.110999 0.046806
27.618975 1.231620 36.861965 1.955711
0.426902 0.092779 -0.033080 -0.005726
0.092779 0.043527 -0.005831 -0.001149
-0.033080 -0.005831 0.547783 0.112041
-0.005726 -0.001149 0.112041 0.046973
27.972892 1.175584 38.197164 2.027686
0.423929 0.092430 -0.036954 -0.006192
0.092430 0.043427 -0.006301 -0.001202
-0.036954 -0.006301 0.554697 0.112890
-0.006192 -0.001202 0.112890 0.047106
28.796715 1.225446 38.736411 1.932345
0.421241 0.092113 -0.038062 -0.006099
0.092113 0.043331 -0.006171 -0.001143
-0.038062 -0.006171 0.560361 0.113495
-0.006099 -0.001143 0.113495 0.047202
29.446598 1.236095 40.266291 2.046341
0.419396 0.091944 -0.038992 -0.006025
0.091944 0.043264 -0.006073 -0.001110
-0.038992 -0.006073 0.564611 0.113843
-0.006025 -0.001110 0.113843 0.047257
29.890957 1.196203 40.948428 1.976894
0.419108 0.092093 -0.036136 -0.005235
0.092093 0.043266 -0.005218 -0.000936
-0.036136 -0.005218 0.564464 0.113375
-0.005235 -0.000936 0.113375 0.047164
30.532062 1.205258 41.852446 1.960176
0.420050 0.092449 -0.032212 -0.004338
0.092449 0.043306 -0.004266 -0.000765
-0.032212 -0.004266 0.561653 0.112500
-0.004338 -0.000765 0.112500 0.047015
31.658779 1.318502 42.361007 1.868380
0.423124 0.093205 -0.026918 -0.003266
0.093205 0.043428 -0.003151 -0.000576
-0.026918 -0.003151 0.554702 0.110948
-0.003266 -0.000576 0.110948 0.046753
32.610182 1.382187 43.143804 1.839453
0.427927 0.094237 -0.021461 -0.002264
0.094237 0.043599 -0.002130 -0.000419
-0.021461 -0.002130 0.545143 0.109061
-0.002264 -0.000419 0.109061 0.046450
33.151214 1.349401 44.117569 1.849647
0.436353 0.095949 -0.015754 -0.001284
0.095949 0.043909 -0.001165 -0.000275
-0.015754 -0.001165 0.530610 0.106366
-0.001284 -0.000275 0.106366 0.046005
33.933007 1.373778 45.280909 1.898079
0.449135 0.098441 -0.011262 -0.000607
0.098441 0.044370 -0.000549 -0.000200
-0.011262 -0.000549 0.511686 0.103008
-0.000607 -0.000200 0.103008 0.045448
34.511394 1.349478 46.023478 1.855886
0.467991 0.102018 -0.010148 -0.000631
0.102018 0.045040 -0.000697 -0.000270
-0.010148 -0.000697 0.488385 0.098990
-0.000631 -0.000270 0.098990 0.044772
35.318693 1.378439 47.065403 1.879559
0.489244 0.105790 -0.012213 -0.001271
0.105790 0.045713 -0.001457 -0.000448
-0.012213 -0.001457 0.466618 0.095518
-0.001271 -0.000448 0.095518 0.044220
35.974687 1.371112 47.906836 1.859098
0.514681 0.110145 -0.019322 -0.002867
0.110145 0.046481 -0.003165 -0.000800
-0.019322 -0.003165 0.445796 0.092370
-0.002867 -0.000800 0.092370 0.043722
