3.949920 2.542097 -0.945191 -1.270132
2.575399 1.030182 -0.261185 -0.104476
1.030182 80.416148 -0.104476 -0.041791
-0.261185 -0.104476 2.388565 0.955447
-0.104476 -0.041791 0.955447 80.386254
5.761045 3.545617 1.254127 3.718742
2.202211 3.825042 -0.270879 -0.425924
3.825042 15.325177 -0.417317 -1.398645
-0.270879 -0.417317 2.389871 4.190086
-0.425924 -1.398645 4.190086 15.489590
6.585016 2.414731 0.550957 0.784547
1.968875 2.294505 -0.194553 -0.209211
2.294505 4.615165 -0.207292 -0.420732
-0.194553 -0.207292 2.074540 2.369020
-0.209211 -0.420732 2.369020 4.569553
6.728139 1.514912 2.814329 2.343091
1.675874 1.423959 -0.170935 -0.141287
1.423959 1.918587 -0.140766 -0.192188
-0.170935 -0.140766 1.790027 1.491601
-0.141287 -0.192188 1.491601 1.938488
6.364413 0.768604 4.721538 2.824570
1.462377 0.974067 -0.140573 -0.092728
0.974067 0.984124 -0.092442 -0.096976
-0.140573 -0.092442 1.528221 0.998924
-0.092728 -0.096976 0.998924 0.987078
7.053868 0.935522 5.765027 2.625741
1.296765 0.709251 -0.117540 -0.064556
0.709251 0.574474 -0.064357 -0.055007
-0.117540 -0.064357 1.322385 0.711973
-0.064556 -0.055007 0.711973 0.571182
7.865375 1.094947 7.239894 2.699664
1.157858 0.537305 -0.098157 -0.046248
0.537305 0.365806 -0.046099 -0.033530
-0.098157 -0.046099 1.168278 0.535862
-0.046248 -0.033530 0.535862 0.363829
8.045058 0.946351 8.786926 2.779002
1.044307 0.421600 -0.080920 -0.033491
0.421600 0.249746 -0.033375 -0.021410
-0.080920 -0.033375 1.046463 0.419055
-0.033491 -0.021410 0.419055 0.248699
9.445793 1.279253 9.368448 2.490148
0.952516 0.341261 -0.067371 -0.024967
0.341261 0.180772 -0.024877 -0.014359
-0.067371 -0.024877 0.946879 0.337483
-0.024967 -0.014359 0.337483 0.179855
10.365309 1.369901 10.362335 2.408932
0.873511 0.282318 -0.056210 -0.018927
0.282318 0.137102 -0.018864 -0.009967
-0.056210 -0.018864 0.868059 0.279825
-0.018927 -0.009967 0.279825 0.136874
11.096329 1.384179 10.707347 2.154915
0.807403 0.238801 -0.046976 -0.014547
0.238801 0.108585 -0.014503 -0.007113
-0.046976 -0.014503 0.802675 0.237238
-0.014547 -0.007113 0.237238 0.108688
11.717892 1.364972 11.602370 2.104927
0.751446 0.205985 -0.040033 -0.011503
0.205985 0.089363 -0.011474 -0.005245
-0.040033 -0.011474 0.748376 0.205288
-0.011503 -0.005245 0.205288 0.089672
12.801101 1.467944 12.663901 2.107046
0.704485 0.181056 -0.034195 -0.009180
0.181056 0.076151 -0.009161 -0.003937
-0.034195 -0.009161 0.702226 0.180768
-0.009180 -0.003937 0.180768 0.076496
13.418676 1.439544 13.876002 2.145786
0.664640 0.161850 -0.028830 -0.007274
0.161850 0.066897 -0.007263 -0.002972
-0.028830 -0.007263 0.663110 0.161832
-0.007274 -0.002972 0.161832 0.067235
14.392393 1.498750 14.723162 2.093018
0.631164 0.147047 -0.024170 -0.005762
0.147047 0.060364 -0.005755 -0.002263
-0.024170 -0.005755 0.629619 0.147055
-0.005762 -0.002263 0.147055 0.060639
14.875263 1.438808 16.151428 2.179097
0.602676 0.135520 -0.020138 -0.004554
0.135520 0.055704 -0.004551 -0.001736
-0.020138 -0.004551 0.601372 0.135588
-0.004554 -0.001736 0.135588 0.055936
15.256091 1.364746 17.283363 2.188354
0.578883 0.126634 -0.016588 -0.003570
0.126634 0.052394 -0.003569 -0.001335
-0.016588 -0.003569 0.577230 0.126612
-0.003570 -0.001335 0.126612 0.052558
15.780569 1.330876 18.221488 2.154787
0.558984 0.119785 -0.013575 -0.002788
0.119785 0.050045 -0.002789 -0.001032
-0.013575 -0.002789 0.556834 0.119643
-0.002788 -0.001032 0.119643 0.050146
16.058200 1.248858 18.870594 2.063986
0.542331 0.114518 -0.011022 -0.002165
0.114518 0.048385 -0.002167 -0.000800
-0.011022 -0.002167 0.539827 0.114293
-0.002165 -0.000800 0.114293 0.048440
17.077110 1.331090 19.172494 1.911059
0.528524 0.110513 -0.008942 -0.001684
0.110513 0.047228 -0.001687 -0.000626
-0.008942 -0.001687 0.525748 0.110224
-0.001684 -0.000626 0.110224 0.047248
17.810729 1.345172 19.943832 1.872695
0.516983 0.107465 -0.007227 -0.001308
0.107465 0.046426 -0.001310 -0.000494
-0.007227 -0.001310 0.514402 0.107212
-0.001308 -0.000494 0.107212 0.046436
18.179932 1.282265 20.825878 1.861293
0.507556 0.105207 -0.005748 -0.000999
0.105207 0.045887 -0.001002 -0.000388
-0.005748 -0.001002 0.505255 0.105000
-0.000999 -0.000388 0.105000 0.045891
18.654459 1.247949 22.311575 1.976497
0.500004 0.103579 -0.004484 -0.000748
0.103579 0.045538 -0.000751 -0.000305
-0.004484 -0.000751 0.497930 0.103402
-0.000748 -0.000305 0.103402 0.045535
19.213893 1.234655 23.573651 2.033383
0.493992 0.102428 -0.003331 -0.000530
0.102428 0.045319 -0.000532 -0.000237
-0.003331 -0.000532 0.492198 0.102287
-0.000530 -0.000237 0.102287 0.045312
19.330340 1.130459 24.058701 1.922576
0.489211 0.101627 -0.002346 -0.000353
0.101627 0.045186 -0.000355 -0.000182
-0.002346 -0.000355 0.487862 0.101554
-0.000353 -0.000182 0.101554 0.045183
19.803057 1.111194 25.015753 1.921673
0.485533 0.101103 -0.001560 -0.000222
0.101103 0.045112 -0.000224 -0.000141
-0.001560 -0.000224 0.484594 0.101087
-0.000222 -0.000141 0.101087 0.045112
20.518124 1.144507 26.127711 1.953291
0.482656 0.100761 -0.000933 -0.000124
0.100761 0.045071 -0.000126 -0.000109
-0.000933 -0.000126 0.482287 0.100832
-0.000124 -0.000109 0.100832 0.045082
21.822945 1.297832 27.222572 1.978120
0.480359 0.100532 -0.000492 -0.000064
0.100532 0.045045 -0.000065 -0.000087
-0.000492 -0.000065 0.480807 0.100738
-0.000064 -0.000087 0.100738 0.045078
22.706530 1.347060 28.249600 1.986095
0.478487 0.100373 -0.000372 -0.000067
0.100373 0.045025 -0.000068 -0.000079
-0.000372 -0.000068 0.480000 0.100758
-0.000067 -0.000079 0.100758 0.045088
23.673968 1.408846 29.065749 1.948901
0.476963 0.100262 -0.000496 -0.000112
0.100262 0.045006 -0.000113 -0.000080
-0.000496 -0.000113 0.479686 0.100846
-0.000112 -0.000080 0.100846 0.045105
24.183776 1.367842 30.604790 2.067739
0.475755 0.100190 -0.000875 -0.000200
0.100190 0.044989 -0.000201 -0.000089
-0.000875 -0.000201 0.479682 0.100961
-0.000200 -0.000089 0.100961 0.045119
24.407207 1.270709 32.046191 2.153592
0.474527 0.100084 -0.001422 -0.000310
0.100084 0.044959 -0.000311 -0.000102
-0.001422 -0.000311 0.480158 0.101141
-0.000310 -0.000102 0.101141 0.045142
25.275592 1.319921 33.000821 2.127852
0.473208 0.099936 -0.002023 -0.000419
0.099936 0.044916 -0.000420 -0.000115
-0.002023 -0.000420 0.481055 0.101371
-0.000419 -0.000115 0.101371 0.045171
25.676771 1.265188 33.829684 2.078296
0.472013 0.099799 -0.002894 -0.000574
0.099799 0.044874 -0.000575 -0.000137
-0.002894 -0.000575 0.482054 0.101587
-0.000574 -0.000137 0.101587 0.045193
26.471092 1.299418 34.870644 2.078704
0.470894 0.099665 -0.003800 -0.000724
0.099665 0.044832 -0.000725 -0.000158
-0.003800 -0.000725 0.483127 0.101788
-0.000724 -0.000158 0.101788 0.045211
26.110504 1.085293 35.544425 2.001444
0.469785 0.099520 -0.004957 -0.000916
0.099520 0.044788 -0.000918 -0.000189
-0.004957 -0.000918 0.484295 0.101986
-0.000916 -0.000189 0.101986 0.045229
26.555177 1.064229 35.827409 1.850353
0.468640 0.099359 -0.005724 -0.001015
0.099359 0.044741 -0.001016 -0.000199
-0.005724 -0.001016 0.485545 0.102183
-0.001015 -0.000199 0.102183 0.045248
27.397050 1.129689 36.261109 1.747167
0.467762 0.099249 -0.006513 -0.001116
0.099249 0.044706 -0.001118 -0.000213
-0.006513 -0.001118 0.486539 0.102312
-0.001116 -0.000213 0.102312 0.045255
28.131651 1.165698 37.081587 1.736123
0.467102 0.099176 -0.007549 -0.001270
0.099176 0.044679 -0.001273 -0.000239
-0.007549 -0.001273 0.487324 0.102391
-0.001270 -0.000239 0.102391 0.045254
29.231054 1.275697 38.255733 1.800812
0.466421 0.099088 -0.008821 -0.001469
0.099088 0.044648 -0.001473 -0.000275
-0.008821 -0.001473 0.488158 0.102483
-0.001469 -0.000275 0.102483 0.045260
30.304126 1.368143 39.084372 1.786183
0.465636 0.098971 -0.010587 -0.001763
0.098971 0.044612 -0.001770 -0.000332
-0.010587 -0.001770 0.489159 0.102612
-0.001763 -0.000332 0.102612 0.045277
31.373892 1.450899 40.595917 1.916285
0.464962 0.098873 -0.012703 -0.002116
0.098873 0.044581 -0.002126 -0.000400
-0.012703 -0.002126 0.490103 0.102727
-0.002116 -0.000400 0.102727 0.045293
31.563597 1.337241 41.795599 1.966128
0.464025 0.098715 -0.015311 -0.002554
0.098715 0.044538 -0.002567 -0.000483
-0.015311 -0.002567 0.491448 0.102926
-0.002554 -0.000483 0.102926 0.045329
32.213039 1.332452 42.359430 1.878344
0.462740 0.098486 -0.017692 -0.002921
0.098486 0.044482 -0.002935 -0.000550
-0.017692 -0.002935 0.493225 0.103210
-0.002921 -0.000550 0.103210 0.045382
32.708304 1.297071 43.820396 1.987125
0.461711 0.098320 -0.020021 -0.003264
0.098320 0.044442 -0.003279 -0.000612
-0.020021 -0.003279 0.494778 0.103433
-0.003264 -0.000612 0.103433 0.045422
33.354174 1.295758 44.492509 1.919956
0.460297 0.098075 -0.022450 -0.003621
0.098075 0.044386 -0.003635 -0.000677
-0.022450 -0.003635 0.496873 0.103764
-0.003621 -0.000677 0.103764 0.045485
34.356545 1.370354 45.062273 1.839455
0.459119 0.097889 -0.024863 -0.003966
0.097889 0.044345 -0.003980 -0.000742
-0.024863 -0.003980 0.498781 0.104040
-0.003966 -0.000742 0.104040 0.045535
34.789125 1.316174 45.901635 1.821937
0.458367 0.097796 -0.027508 -0.004353
0.097796 0.044323 -0.004371 -0.000817
-0.027508 -0.004371 0.500329 0.104233
-0.004353 -0.000817 0.104233 0.045567
35.074365 1.237190 47.019878 1.863847
0.457541 0.097681 -0.030003 -0.004702
0.097681 0.044296 -0.004722 -0.000884
-0.030003 -0.004722 0.502016 0.104456
-0.004702 -0.000884 0.104456 0.045608
35.779830 1.255859 47.975635 1.869132
0.456399 0.097494 -0.032338 -0.005017
0.097494 0.044252 -0.005034 -0.000946
-0.032338 -0.005034 0.504129 0.104768
-0.005017 -0.000946 0.104768 0.045669
