32.489746 0.509894 48.565047 1.960323
0.543355 0.114833 -0.032847 -0.005439
0.114833 0.047314 -0.005847 -0.001287
-0.032847 -0.005847 0.428308 0.089954
-0.005439 -0.001287 0.089954 0.043290
28.965852 -0.282410 48.223379 1.665901
0.554431 0.115565 -0.030935 -0.004782
0.115565 0.047275 -0.005176 -0.001086
-0.030935 -0.005176 0.421281 0.089785
-0.004782 -0.001086 0.089785 0.043373
24.841038 -1.109460 47.182571 1.246499
0.549690 0.113181 -0.024722 -0.003333
0.113181 0.046663 -0.003686 -0.000746
-0.024722 -0.003686 0.423274 0.091362
-0.003333 -0.000746 0.091362 0.043766
21.608849 -1.664843 45.236842 0.676928
0.534204 0.109047 -0.018524 -0.002069
0.109047 0.045804 -0.002349 -0.000479
-0.018524 -0.002349 0.432471 0.094156
-0.002069 -0.000479 0.094156 0.044340
19.231829 -1.989025 42.326845 -0.038567
0.512298 0.104169 -0.013457 -0.001182
0.104169 0.044902 -0.001362 -0.000311
-0.013457 -0.001362 0.447705 0.097832
-0.001182 -0.000311 0.097832 0.045028
17.700767 -2.108293 38.586944 -0.852409
0.485994 0.098950 -0.007111 -0.000086
0.098950 0.044016 -0.000186 -0.000108
-0.007111 -0.000186 0.469420 0.102455
-0.000086 -0.000108 0.102455 0.045853
16.349663 -2.177913 34.073648 -1.739840
0.463195 0.094944 0.005903 0.002398
0.094944 0.043434 0.002265 0.000370
0.005903 0.002265 0.492410 0.106845
0.002398 0.000370 0.106845 0.046566
14.485314 -2.343871 28.650355 -2.719407
0.457271 0.094708 0.022810 0.005539
0.094708 0.043633 0.005318 0.000954
0.022810 0.005318 0.500931 0.107678
0.005539 0.000954 0.107678 0.046478
12.267981 -2.561526 23.673837 -3.489535
0.468057 0.097859 0.029352 0.006210
0.097859 0.044469 0.006012 0.001002
0.029352 0.006012 0.489696 0.104281
0.006210 0.001002 0.104281 0.045539
10.490908 -2.660608 18.728803 -4.166876
0.483324 0.101577 0.022011 0.003948
0.101577 0.045317 0.003851 0.000467
0.022011 0.003851 0.472368 0.100053
0.003948 0.000467 0.100053 0.044558
9.203984 -2.648929 15.575037 -4.393584
0.497483 0.104673 0.003610 -0.000344
0.104673 0.045949 -0.000332 -0.000421
0.003610 -0.000332 0.457736 0.096904
-0.000344 -0.000421 0.096904 0.043920
8.360837 -2.547982 13.421107 -4.385450
0.511529 0.107420 -0.018381 -0.004923
0.107420 0.046449 -0.004813 -0.001285
-0.018381 -0.004813 0.447596 0.095022
-0.004923 -0.001285 0.095022 0.043604
7.843047 -2.390338 11.646065 -4.297083
0.525906 0.109951 -0.040571 -0.009098
0.109951 0.046866 -0.008901 -0.002000
-0.040571 -0.008901 0.441639 0.094157
-0.009098 -0.002000 0.094157 0.043510
8.091556 -2.089137 10.733288 -4.030928
0.539822 0.112140 -0.062872 -0.012946
0.112140 0.047189 -0.012661 -0.002613
-0.062872 -0.012661 0.439983 0.094202
-0.012946 -0.002613 0.094202 0.043588
8.501992 -1.784189 10.019398 -3.745782
0.548464 0.113043 -0.086113 -0.016741
0.113043 0.047234 -0.016319 -0.003199
-0.086113 -0.016319 0.445844 0.095749
-0.016741 -0.003199 0.095749 0.043949
9.051359 -1.478220 9.724612 -3.395875
0.548692 0.112171 -0.107996 -0.020073
0.112171 0.046932 -0.019418 -0.003677
-0.107996 -0.019418 0.460016 0.098838
-0.020073 -0.003677 0.098838 0.044584
9.173026 -1.292864 9.004285 -3.176577
0.542279 0.110109 -0.124470 -0.022160
0.110109 0.046440 -0.021226 -0.003907
-0.124470 -0.021226 0.478272 0.102464
-0.022160 -0.003907 0.102464 0.045270
10.347380 -0.901186 8.946121 -2.824799
0.530542 0.107243 -0.136087 -0.023274
0.107243 0.045845 -0.022012 -0.003971
-0.136087 -0.022012 0.499529 0.106389
-0.023274 -0.003971 0.106389 0.045965
11.591850 -0.525162 9.423977 -2.394611
0.513919 0.103779 -0.138704 -0.022638
0.103779 0.045199 -0.021086 -0.003732
-0.138704 -0.021086 0.519323 0.109734
-0.022638 -0.003732 0.109734 0.046510
12.131812 -0.330660 9.965455 -2.010907
0.499193 0.101098 -0.135766 -0.021073
0.101098 0.044766 -0.019385 -0.003390
-0.135766 -0.019385 0.533457 0.111678
-0.021073 -0.003390 0.111678 0.046751
12.587260 -0.160485 11.272917 -1.511315
0.489019 0.099576 -0.131393 -0.019474
0.099576 0.044582 -0.017813 -0.003127
-0.131393 -0.017813 0.541898 0.112348
-0.019474 -0.003127 0.112348 0.046741
13.406141 0.069889 12.787442 -1.019806
0.484898 0.099404 -0.125591 -0.017780
0.099404 0.044663 -0.016377 -0.002916
-0.125591 -0.016377 0.541718 0.111298
-0.017780 -0.002916 0.111298 0.046420
14.495772 0.335106 14.572364 -0.523828
0.483169 0.099726 -0.116050 -0.015553
0.099726 0.044821 -0.014497 -0.002634
-0.116050 -0.014497 0.534837 0.109166
-0.015553 -0.002634 0.109166 0.045955
16.015752 0.643543 15.519779 -0.250021
0.482166 0.100152 -0.102330 -0.012749
0.100152 0.044974 -0.012024 -0.002256
-0.102330 -0.012024 0.523655 0.106547
-0.012749 -0.002256 0.106547 0.045473
17.026855 0.826503 17.489872 0.193744
0.479370 0.100095 -0.086752 -0.009903
0.100095 0.044996 -0.009353 -0.001869
-0.086752 -0.009353 0.514085 0.104620
-0.009903 -0.001869 0.104620 0.045193
17.648656 0.900658 19.424256 0.575770
0.478223 0.100326 -0.069944 -0.007035
0.100326 0.045066 -0.006648 -0.001482
-0.069944 -0.006648 0.503303 0.102677
-0.007035 -0.001482 0.102677 0.044935
18.353855 0.978526 21.348326 0.916945
0.478645 0.100774 -0.053730 -0.004482
0.100774 0.045161 -0.004230 -0.001152
-0.053730 -0.004230 0.493067 0.101012
-0.004482 -0.001152 0.101012 0.044742
19.098969 1.046322 22.890836 1.144290
0.479354 0.101151 -0.038771 -0.002329
0.101151 0.045221 -0.002158 -0.000883
-0.038771 -0.002158 0.485034 0.099902
-0.002329 -0.000883 0.099902 0.044657
20.390401 1.215184 24.060031 1.275800
0.479435 0.101277 -0.026097 -0.000730
0.101277 0.045215 -0.000591 -0.000698
-0.026097 -0.000591 0.480064 0.099444
-0.000730 -0.000698 0.099444 0.044685
21.525723 1.333243 25.492591 1.445526
0.478334 0.101076 -0.016634 0.000195
0.101076 0.045135 0.000330 -0.000617
-0.016634 0.000330 0.478220 0.099581
0.000195 -0.000617 0.099581 0.044805
22.145928 1.326952 26.806100 1.568868
0.476011 0.100591 -0.010484 0.000499
0.100591 0.045000 0.000640 -0.000625
-0.010484 0.000640 0.478889 0.100141
0.000499 -0.000625 0.100141 0.044976
22.511107 1.267669 28.501535 1.758817
0.472578 0.099892 -0.007041 0.000370
0.099892 0.044831 0.000514 -0.000682
-0.007041 0.000514 0.481497 0.100984
0.000370 -0.000682 0.100984 0.045174
23.639497 1.375298 30.489996 1.993054
0.467269 0.098844 -0.005630 -0.000022
0.098844 0.044602 0.000124 -0.000754
-0.005630 0.000124 0.486668 0.102233
-0.000022 -0.000754 0.102233 0.045428
24.328287 1.376334 31.978944 2.096516
0.459996 0.097456 -0.007805 -0.000993
0.097456 0.044317 -0.000856 -0.000915
-0.007805 -0.000856 0.494775 0.103944
-0.000993 -0.000915 0.103944 0.045752
25.450077 1.468662 33.239801 2.141439
0.452190 0.096056 -0.011765 -0.002127
0.096056 0.044046 -0.002012 -0.001081
-0.011765 -0.002012 0.504486 0.105815
-0.002127 -0.001081 0.105815 0.046083
26.272988 1.487271 33.929218 2.061751
0.445014 0.094877 -0.017993 -0.003538
0.094877 0.043831 -0.003460 -0.001283
-0.017993 -0.003460 0.514737 0.107625
-0.003538 -0.001283 0.107625 0.046382
27.321101 1.552483 34.963681 2.062698
0.439389 0.094080 -0.025013 -0.004919
0.094080 0.043698 -0.004886 -0.001462
-0.025013 -0.004886 0.524190 0.109123
-0.004919 -0.001462 0.109123 0.046604
27.509922 1.426526 36.304980 2.126241
0.434684 0.093481 -0.032792 -0.006296
0.093481 0.043599 -0.006313 -0.001633
-0.032792 -0.006313 0.533657 0.110525
-0.006296 -0.001633 0.110525 0.046807
28.227048 1.428754 38.016626 2.259901
0.429769 0.092818 -0.037781 -0.006967
0.092818 0.043473 -0.006999 -0.001651
-0.037781 -0.006999 0.543529 0.111942
-0.006967 -0.001651 0.111942 0.047019
29.469441 1.542666 38.892709 2.209323
0.425297 0.092242 -0.039914 -0.007012
0.092242 0.043358 -0.007025 -0.001552
-0.039914 -0.007025 0.552301 0.113078
-0.007012 -0.001552 0.113078 0.047180
30.121642 1.517214 40.140862 2.238147
0.422182 0.091938 -0.041246 -0.006924
0.091938 0.043294 -0.006917 -0.001454
-0.041246 -0.006917 0.558896 0.113751
-0.006924 -0.001454 0.113751 0.047258
31.378934 1.625507 41.050768 2.197822
0.420894 0.092000 -0.038846 -0.006123
0.092000 0.043300 -0.006064 -0.001228
-0.038846 -0.006064 0.560827 0.113523
-0.006123 -0.001228 0.113523 0.047175
31.735443 1.525782 42.250684 2.216123
0.421963 0.092513 -0.034200 -0.004974
0.092513 0.043392 -0.004864 -0.000964
-0.034200 -0.004864 0.557720 0.112408
-0.004974 -0.000964 0.112408 0.046945
32.104161 1.436773 42.884754 2.118880
0.427018 0.093801 -0.027189 -0.003470
0.093801 0.043638 -0.003324 -0.000659
-0.027189 -0.003324 0.547252 0.110012
-0.003470 -0.000659 0.110012 0.046496
33.011087 1.475877 43.437316 2.017754
0.434066 0.095351 -0.020588 -0.002195
0.095351 0.043913 -0.002045 -0.000432
-0.020588 -0.002045 0.534527 0.107441
-0.002195 -0.000432 0.107441 0.046058
33.878111 1.503529 44.286812 1.986149
0.444040 0.097359 -0.014878 -0.001202
0.097359 0.044267 -0.001086 -0.000281
-0.014878 -0.001086 0.518868 0.104533
-0.001202 -0.000281 0.104533 0.045583
34.836953 1.548993 45.340531 1.999147
0.459124 0.100274 -0.011369 -0.000711
0.100274 0.044797 -0.000686 -0.000242
-0.011369 -0.000686 0.498741 0.100955
-0.000711 -0.000242 0.100955 0.044992
35.230726 1.464310 45.659250 1.859137
0.480732 0.104322 -0.012673 -0.001203
0.104322 0.045541 -0.001333 -0.000406
-0.012673 -0.001333 0.474994 0.096877
-0.001203 -0.000406 0.096877 0.044314
36.154790 1.505446 46.533246 1.848155
0.501663 0.107863 -0.015657 -0.001977
0.107863 0.046134 -0.002208 -0.000596
-0.015657 -0.002208 0.455853 0.093980
-0.001977 -0.000596 0.093980 0.043887
36.858412 1.496091 47.927462 1.946231
0.526917 0.112047 -0.024487 -0.003874
0.112047 0.046847 -0.004194 -0.000996
-0.024487 -0.004194 0.437584 0.091335
-0.003874 -0.000996 0.091335 0.043487
