2.411690 1.926792 -0.774806 -1.201976
2.575399 1.030182 -0.261185 -0.104476
1.030182 80.416148 -0.104476 -0.041791
-0.261185 -0.104476 2.388565 0.955447
-0.104476 -0.041791 0.955447 80.386254
8.249670 10.446428 0.370065 1.973443
2.232310 3.876829 -0.296371 -0.470005
3.876829 15.414258 -0.462146 -1.476188
-0.296371 -0.462146 2.368589 4.152144
-0.470005 -1.476188 4.152144 15.421976
7.724804 3.747849 0.708699 1.181804
1.911594 2.223631 -0.145027 -0.149324
2.223631 4.533442 -0.144897 -0.349996
-0.145027 -0.144897 2.123563 2.428780
-0.149324 -0.349996 2.428780 4.638816
8.540992 2.845639 0.559731 0.568497
1.652061 1.408297 -0.142315 -0.121044
1.408297 1.910040 -0.120139 -0.178830
-0.142315 -0.120139 1.807072 1.502466
-0.121044 -0.178830 1.502466 1.944251
7.289615 1.057505 2.041223 1.356572
1.428587 0.954701 -0.128488 -0.087769
0.954701 0.972855 -0.087505 -0.095311
-0.128488 -0.087505 1.562609 1.019172
-0.087769 -0.095311 1.019172 0.999167
8.219383 1.277487 2.853210 1.427283
1.267880 0.696168 -0.119803 -0.067503
0.696168 0.568128 -0.067411 -0.057064
-0.119803 -0.067411 1.355147 0.727356
-0.067503 -0.057064 0.727356 0.578729
8.505972 1.111604 5.546884 2.332447
1.132086 0.527470 -0.104021 -0.049655
0.527470 0.361587 -0.049568 -0.035022
-0.104021 -0.049568 1.198235 0.547562
-0.049655 -0.035022 0.547562 0.368754
8.978328 1.077828 6.649699 2.307282
1.026675 0.416157 -0.086401 -0.035869
0.416157 0.247672 -0.035751 -0.022126
-0.086401 -0.035751 1.066850 0.425469
-0.035869 -0.022126 0.425469 0.251024
10.445221 1.411515 7.733726 2.281592
0.938057 0.337312 -0.072609 -0.026763
0.337312 0.179339 -0.026654 -0.014755
-0.072609 -0.026654 0.963339 0.341998
-0.026763 -0.014755 0.341998 0.181384
10.542800 1.214752 7.966783 1.990594
0.861947 0.279496 -0.059922 -0.019936
0.279496 0.136108 -0.019842 -0.010078
-0.059922 -0.019842 0.880868 0.282907
-0.019936 -0.010078 0.282907 0.137874
11.486608 1.314486 9.096474 2.029970
0.797998 0.236706 -0.051576 -0.015684
0.236706 0.107857 -0.015611 -0.007279
-0.051576 -0.015611 0.813356 0.239591
-0.015684 -0.007279 0.239591 0.109438
11.824779 1.226597 10.915511 2.249976
0.744004 0.204468 -0.043865 -0.012305
0.204468 0.088833 -0.012248 -0.005328
-0.043865 -0.012248 0.756763 0.206960
-0.012305 -0.005328 0.206960 0.090207
12.398029 1.216329 11.610880 2.139694
0.699332 0.180133 -0.036981 -0.009648
0.180133 0.075802 -0.009603 -0.003949
-0.036981 -0.009603 0.707960 0.181754
-0.009648 -0.003949 0.181754 0.076835
13.040116 1.224589 12.234332 2.030998
0.661075 0.161279 -0.031453 -0.007684
0.161279 0.066651 -0.007649 -0.002990
-0.031453 -0.007649 0.667136 0.162445
-0.007684 -0.002990 0.162445 0.067474
14.096006 1.328036 12.956218 1.962606
0.628313 0.146597 -0.026888 -0.006182
0.146597 0.060158 -0.006156 -0.002300
-0.026888 -0.006156 0.632881 0.147546
-0.006182 -0.002300 0.147546 0.060844
14.560453 1.283400 14.816792 2.160510
0.600213 0.135120 -0.022792 -0.004949
0.135120 0.055522 -0.004929 -0.001778
-0.022792 -0.004929 0.604181 0.136022
-0.004949 -0.001778 0.136022 0.056120
15.808540 1.416130 15.793597 2.138115
0.576930 0.126320 -0.018950 -0.003894
0.126320 0.052243 -0.003880 -0.001371
-0.018950 -0.003880 0.579437 0.126947
-0.003894 -0.001371 0.126947 0.052710
15.907432 1.285836 17.474417 2.269111
0.557099 0.119463 -0.015494 -0.003018
0.119463 0.049904 -0.003008 -0.001055
-0.015494 -0.003008 0.558882 0.119972
-0.003018 -0.001055 0.119972 0.050288
16.356287 1.244746 18.470763 2.239749
0.540818 0.114263 -0.012500 -0.002311
0.114263 0.048270 -0.002304 -0.000814
-0.012500 -0.002304 0.541431 0.114546
-0.002311 -0.000814 0.114546 0.048556
17.152312 1.280964 19.418025 2.203691
0.527296 0.110306 -0.009991 -0.001756
0.110306 0.047132 -0.001752 -0.000632
-0.009991 -0.001752 0.527017 0.110424
-0.001756 -0.000632 0.110424 0.047344
17.747721 1.272073 21.289103 2.363920
0.516081 0.107317 -0.007857 -0.001313
0.107317 0.046350 -0.001311 -0.000492
-0.007857 -0.001311 0.515313 0.107352
-0.001313 -0.000492 0.107352 0.046512
18.200317 1.233755 21.985080 2.262848
0.506932 0.105106 -0.005913 -0.000932
0.105106 0.045828 -0.000931 -0.000377
-0.005913 -0.000931 0.505864 0.105092
-0.000932 -0.000377 0.105092 0.045952
18.815297 1.233083 22.572128 2.149820
0.499530 0.103500 -0.004363 -0.000650
0.103500 0.045488 -0.000650 -0.000293
-0.004363 -0.000650 0.498381 0.103474
-0.000650 -0.000293 0.103474 0.045586
19.564890 1.260475 23.174553 2.051695
0.493598 0.102357 -0.003154 -0.000446
0.102357 0.045276 -0.000446 -0.000231
-0.003154 -0.000446 0.492573 0.102355
-0.000446 -0.000231 0.102355 0.045358
19.693910 1.156239 23.864829 1.981679
0.488898 0.101567 -0.002232 -0.000304
0.101567 0.045149 -0.000304 -0.000185
-0.002232 -0.000304 0.488162 0.101613
-0.000304 -0.000185 0.101613 0.045222
19.645115 1.025654 24.680778 1.945048
0.485268 0.101049 -0.001499 -0.000198
0.101049 0.045080 -0.000199 -0.000150
-0.001499 -0.000199 0.484852 0.101142
-0.000198 -0.000150 0.101142 0.045147
20.750340 1.149377 26.020450 2.021899
0.482495 0.100725 -0.000881 -0.000112
0.100725 0.045046 -0.000112 -0.000120
-0.000881 -0.000112 0.482445 0.100869
-0.000112 -0.000120 0.100869 0.045109
21.276792 1.139275 26.926634 1.999944
0.480228 0.100501 -0.000490 -0.000068
0.100501 0.045024 -0.000069 -0.000100
-0.000490 -0.000069 0.480938 0.100772
-0.000068 -0.000100 0.100772 0.045101
21.873679 1.144990 27.898299 1.994002
0.478436 0.100357 -0.000263 -0.000052
0.100357 0.045010 -0.000052 -0.000086
-0.000263 -0.000052 0.480052 0.100777
-0.000052 -0.000086 0.100777 0.045105
22.613212 1.180101 28.902026 1.995409
0.476978 0.100258 -0.000209 -0.000063
0.100258 0.044996 -0.000064 -0.000078
-0.000209 -0.000064 0.479673 0.100852
-0.000063 -0.000078 0.100852 0.045117
23.126033 1.163863 29.542143 1.920144
0.475744 0.100178 -0.000362 -0.000109
0.100178 0.044978 -0.000110 -0.000078
-0.000362 -0.000110 0.479694 0.100974
-0.000109 -0.000078 0.100974 0.045131
23.717113 1.165813 30.237966 1.864476
0.474750 0.100122 -0.000637 -0.000170
0.100122 0.044960 -0.000171 -0.000081
-0.000637 -0.000171 0.479927 0.101102
-0.000170 -0.000081 0.101102 0.045141
24.413941 1.189859 31.326480 1.897405
0.473915 0.100072 -0.001050 -0.000251
0.100072 0.044939 -0.000251 -0.000088
-0.001050 -0.000251 0.480318 0.101231
-0.000251 -0.000088 0.101231 0.045147
24.803048 1.146361 31.971615 1.833420
0.473064 0.099996 -0.001661 -0.000363
0.099996 0.044909 -0.000364 -0.000102
-0.001661 -0.000364 0.480943 0.101380
-0.000363 -0.000102 0.101380 0.045157
25.399629 1.151324 33.274504 1.914819
0.472295 0.099919 -0.002307 -0.000472
0.099919 0.044878 -0.000473 -0.000115
-0.002307 -0.000473 0.481623 0.101516
-0.000472 -0.000115 0.101516 0.045163
25.934714 1.142768 34.558651 1.983666
0.471347 0.099789 -0.003146 -0.000612
0.099789 0.044835 -0.000614 -0.000135
-0.003146 -0.000614 0.482581 0.101691
-0.000612 -0.000135 0.101691 0.045178
26.772603 1.199340 36.099759 2.099413
0.470213 0.099613 -0.004149 -0.000778
0.099613 0.044784 -0.000780 -0.000161
-0.004149 -0.000780 0.483794 0.101899
-0.000778 -0.000161 0.101899 0.045201
27.834322 1.297495 37.791350 2.234675
0.468830 0.099383 -0.005502 -0.001007
0.099383 0.044723 -0.001009 -0.000200
-0.005502 -0.001009 0.485325 0.102156
-0.001007 -0.000200 0.102156 0.045234
28.226183 1.242889 38.672278 2.184832
0.467193 0.099105 -0.007347 -0.001325
0.099105 0.044655 -0.001329 -0.000257
-0.007347 -0.001329 0.487197 0.102465
-0.001325 -0.000257 0.102465 0.045279
28.728902 1.217704 39.796761 2.191491
0.465622 0.098849 -0.009106 -0.001605
0.098849 0.044595 -0.001610 -0.000305
-0.009106 -0.001610 0.489043 0.102747
-0.001605 -0.000305 0.102747 0.045319
29.673057 1.288934 40.868476 2.186743
0.463994 0.098588 -0.010910 -0.001882
0.098588 0.044536 -0.001887 -0.000352
-0.010910 -0.001887 0.491003 0.103039
-0.001882 -0.000352 0.103039 0.045362
30.049407 1.231899 41.957376 2.185505
0.462468 0.098354 -0.013038 -0.002215
0.098354 0.044483 -0.002222 -0.000412
-0.013038 -0.002222 0.492938 0.103313
-0.002215 -0.000412 0.103313 0.045403
30.623916 1.222911 42.931263 2.160564
0.460861 0.098106 -0.015079 -0.002517
0.098106 0.044429 -0.002525 -0.000465
-0.015079 -0.002525 0.495023 0.103609
-0.002517 -0.000465 0.103609 0.045451
31.470082 1.272303 43.629987 2.081187
0.459312 0.097873 -0.017165 -0.002820
0.097873 0.044377 -0.002829 -0.000520
-0.017165 -0.002829 0.497118 0.103901
-0.002820 -0.000520 0.103901 0.045499
32.500059 1.356636 44.821311 2.113431
0.458071 0.097708 -0.019432 -0.003155
0.097708 0.044340 -0.003166 -0.000582
-0.019432 -0.003166 0.498957 0.104132
-0.003155 -0.000582 0.104132 0.045537
33.588606 1.443427 45.509025 2.037432
0.456860 0.097542 -0.022113 -0.003568
0.097542 0.044302 -0.003583 -0.000662
-0.022113 -0.003583 0.500922 0.104390
-0.003568 -0.000662 0.104390 0.045583
34.272023 1.435054 46.457731 2.022754
0.456034 0.097452 -0.025072 -0.004024
0.097452 0.044278 -0.004047 -0.000752
-0.025072 -0.004047 0.502586 0.104584
-0.004024 -0.000752 0.104584 0.045617
34.792529 1.392563 47.361949 1.999878
0.455199 0.097349 -0.028022 -0.004464
0.097349 0.044250 -0.004492 -0.000837
-0.028022 -0.004492 0.504370 0.104809
-0.004464 -0.000837 0.104809 0.045660
35.824519 1.465251 48.589207 2.048236
0.454306 0.097224 -0.030827 -0.004863
0.097224 0.044215 -0.004895 -0.000913
-0.030827 -0.004895 0.506296 0.105066
-0.004863 -0.000913 0.105066 0.045712
36.501192 1.450041 48.762696 1.871528
0.453393 0.097087 -0.034011 -0.005336
0.097087 0.044178 -0.005372 -0.001006
-0.034011 -0.005372 0.508477 0.105374
-0.005336 -0.001006 0.105374 0.045774
