0.874174 1.311772 0.310686 -0.767770
2.053490 0.821414 -0.226717 -0.090689
0.821414 80.332639 -0.090689 -0.036276
-0.226717 -0.090689 3.101368 1.240574
-0.090689 -0.036276 1.240574 80.500307
4.923415 7.373590 0.058293 -0.478994
3.505942 6.227009 -1.718387 -2.846554
6.227009 18.209420 -3.011971 -5.633817
-1.718387 -3.011971 2.912011 4.905655
-2.846554 -5.633817 4.905655 18.399558
6.854527 5.457101 0.091933 -0.342842
2.385477 2.611802 -0.256128 -0.048348
2.611802 4.579533 -0.159632 -0.262155
-0.256128 -0.159632 1.800379 2.111955
-0.048348 -0.262155 2.111955 4.753499
8.428593 4.560354 2.557880 1.948669
1.911716 1.526561 -0.061266 0.007025
1.526561 1.889930 -0.033748 -0.143229
-0.061266 -0.033748 1.571390 1.385353
0.007025 -0.143229 1.385353 2.023542
9.968999 4.080984 4.688351 2.747226
1.381204 0.873692 -0.082622 -0.053025
0.873692 0.884024 -0.068866 -0.122816
-0.082622 -0.068866 1.621204 1.122690
-0.053025 -0.122816 1.122690 1.144963
7.962334 1.939754 5.453536 2.434584
1.145279 0.610368 -0.183960 -0.110743
0.610368 0.513706 -0.117293 -0.110719
-0.183960 -0.117293 1.575291 0.882445
-0.110743 -0.110719 0.882445 0.694615
9.908727 2.402023 5.105489 1.696563
1.053927 0.486723 -0.298306 -0.147128
0.486723 0.343155 -0.149873 -0.097233
-0.298306 -0.149873 1.466216 0.686682
-0.147128 -0.097233 0.686682 0.445376
10.739286 2.247000 7.434603 2.292264
0.930030 0.377033 -0.265242 -0.110264
0.377033 0.233602 -0.112015 -0.061370
-0.265242 -0.112015 1.349718 0.542658
-0.110264 -0.061370 0.542658 0.302382
10.930450 1.909445 7.848099 2.035740
0.871954 0.316059 -0.264733 -0.095151
0.316059 0.173713 -0.096391 -0.044671
-0.264733 -0.096391 1.208223 0.426710
-0.095151 -0.044671 0.426710 0.212621
11.190597 1.681668 9.129069 2.118925
0.818686 0.268590 -0.254769 -0.080536
0.268590 0.134225 -0.081516 -0.032910
-0.254769 -0.081516 1.092595 0.345713
-0.080536 -0.032910 0.345713 0.157958
12.196089 1.726348 8.920264 1.753210
0.779096 0.234129 -0.239292 -0.067466
0.234129 0.108317 -0.068330 -0.024566
-0.239292 -0.068330 0.981343 0.282748
-0.067466 -0.024566 0.282748 0.121689
12.135887 1.472072 10.553622 1.951903
0.727456 0.202399 -0.216305 -0.055019
0.202399 0.089068 -0.055590 -0.018213
-0.216305 -0.055590 0.905026 0.241021
-0.055019 -0.018213 0.241021 0.099040
12.359403 1.339797 11.867873 2.033904
0.694382 0.180955 -0.196091 -0.045438
0.180955 0.076546 -0.045983 -0.013881
-0.196091 -0.045983 0.824872 0.205495
-0.045438 -0.013881 0.205495 0.082532
13.580331 1.471182 12.160068 1.865444
0.667303 0.164470 -0.174633 -0.037096
0.164470 0.067747 -0.037650 -0.010622
-0.174633 -0.037650 0.752713 0.177558
-0.037096 -0.010622 0.177558 0.070906
13.986357 1.400461 13.980635 2.065043
0.635093 0.149347 -0.152891 -0.029974
0.149347 0.060935 -0.030385 -0.008141
-0.152891 -0.030385 0.700947 0.158398
-0.029974 -0.008141 0.158398 0.063284
15.236711 1.524982 14.888738 2.042264
0.610396 0.138235 -0.130143 -0.023533
0.138235 0.056248 -0.023907 -0.006178
-0.130143 -0.023907 0.651276 0.142349
-0.023533 -0.006178 0.142349 0.057593
16.183094 1.563206 15.636769 1.985195
0.585797 0.128767 -0.108104 -0.018030
0.128767 0.052724 -0.018314 -0.004657
-0.108104 -0.018314 0.612841 0.130771
-0.018030 -0.004657 0.130771 0.053722
16.885995 1.548181 16.848236 2.030727
0.563752 0.121162 -0.088647 -0.013645
0.121162 0.050167 -0.013848 -0.003539
-0.088647 -0.013848 0.582784 0.122328
-0.013645 -0.003539 0.122328 0.051060
17.460902 1.507482 18.051342 2.068181
0.545887 0.115458 -0.071187 -0.010053
0.115458 0.048401 -0.010212 -0.002692
-0.071187 -0.010212 0.557636 0.115837
-0.010053 -0.002692 0.115837 0.049158
18.375040 1.544031 19.430120 2.141022
0.531679 0.111250 -0.055948 -0.007180
0.111250 0.047205 -0.007319 -0.002060
-0.055948 -0.007319 0.536944 0.110924
-0.007180 -0.002060 0.110924 0.047816
18.594509 1.426686 20.212070 2.077145
0.519904 0.108068 -0.042276 -0.004801
0.108068 0.046386 -0.004923 -0.001564
-0.042276 -0.004923 0.520615 0.107364
-0.004801 -0.001564 0.107364 0.046902
19.005603 1.362892 21.086470 2.041188
0.510681 0.105780 -0.031464 -0.003119
0.105780 0.045855 -0.003230 -0.001229
-0.031464 -0.003230 0.507910 0.104830
-0.003119 -0.001229 0.104830 0.046286
19.540174 1.332401 22.094355 2.037736
0.503179 0.104099 -0.022704 -0.001896
0.104099 0.045509 -0.001996 -0.000991
-0.022704 -0.001996 0.498366 0.103114
-0.001896 -0.000991 0.103114 0.045887
19.962932 1.282431 23.216347 2.058065
0.496821 0.102825 -0.015581 -0.001005
0.102825 0.045279 -0.001091 -0.000813
-0.015581 -0.001091 0.491607 0.102055
-0.001005 -0.000813 0.102055 0.045648
20.207001 1.199571 24.089952 2.024312
0.491230 0.101824 -0.009864 -0.000372
0.101824 0.045122 -0.000442 -0.000679
-0.009864 -0.000442 0.487249 0.101511
-0.000372 -0.000679 0.101511 0.045521
20.797032 1.197683 25.162029 2.036814
0.486305 0.101035 -0.005443 0.000046
0.101035 0.045012 -0.000010 -0.000577
-0.005443 -0.000010 0.484766 0.101327
0.000046 -0.000577 0.101327 0.045465
21.420630 1.202458 25.915054 1.981227
0.481378 0.100288 -0.002419 0.000236
0.100288 0.044908 0.000194 -0.000512
-0.002419 0.000194 0.484303 0.101509
0.000236 -0.000512 0.101509 0.045477
21.876748 1.172366 27.235232 2.050323
0.476737 0.099631 -0.000907 0.000187
0.099631 0.044817 0.000156 -0.000485
-0.000907 0.000156 0.485138 0.101881
0.000187 -0.000485 0.101881 0.045517
22.409682 1.161126 27.776164 1.948511
0.471442 0.098852 -0.000500 -0.000005
0.098852 0.044693 -0.000029 -0.000478
-0.000500 -0.000029 0.487916 0.102576
-0.000005 -0.000478 0.102576 0.045616
22.788322 1.118644 28.708120 1.939656
0.466813 0.098234 -0.001265 -0.000355
0.098234 0.044597 -0.000376 -0.000496
-0.001265 -0.000376 0.491011 0.103233
-0.000355 -0.000496 0.103233 0.045696
23.102098 1.066555 30.225549 2.054800
0.462025 0.097581 -0.002778 -0.000771
0.097581 0.044486 -0.000794 -0.000522
-0.002778 -0.000794 0.495122 0.104020
-0.000771 -0.000522 0.104020 0.045799
23.616941 1.062697 31.143222 2.031791
0.455969 0.096660 -0.004896 -0.001233
0.096660 0.044311 -0.001262 -0.000555
-0.004896 -0.001262 0.501487 0.105196
-0.001233 -0.000555 0.105196 0.045980
24.169829 1.067074 32.794256 2.164679
0.450156 0.095810 -0.007886 -0.001806
0.095810 0.044148 -0.001844 -0.000610
-0.007886 -0.001844 0.508383 0.106376
-0.001806 -0.000610 0.106376 0.046155
24.888259 1.106618 33.440345 2.073680
0.443408 0.094767 -0.011682 -0.002480
0.094767 0.043941 -0.002531 -0.000687
-0.011682 -0.002531 0.517385 0.107903
-0.002480 -0.000687 0.107903 0.046400
25.501507 1.119587 34.782485 2.137103
0.437946 0.094020 -0.016379 -0.003275
0.094020 0.043795 -0.003345 -0.000792
-0.016379 -0.003345 0.525648 0.109163
-0.003275 -0.000792 0.109163 0.046584
26.044512 1.115707 35.545548 2.073939
0.432556 0.093275 -0.021120 -0.004016
0.093275 0.043641 -0.004102 -0.000886
-0.021120 -0.004102 0.534676 0.110511
-0.004016 -0.000886 0.110511 0.046789
27.214140 1.248265 36.588450 2.076031
0.428154 0.092728 -0.025591 -0.004653
0.092728 0.043524 -0.004753 -0.000962
-0.025591 -0.004753 0.542945 0.111634
-0.004653 -0.000962 0.111634 0.046951
27.824285 1.245237 37.633910 2.077525
0.424597 0.092329 -0.030701 -0.005393
0.092329 0.043429 -0.005515 -0.001069
-0.030701 -0.005515 0.550734 0.112624
-0.005393 -0.001069 0.112624 0.047094
28.376923 1.229587 38.544765 2.051290
0.421665 0.092025 -0.034208 -0.005777
0.092025 0.043346 -0.005899 -0.001104
-0.034208 -0.005899 0.557506 0.113397
-0.005777 -0.001104 0.113397 0.047203
28.756379 1.176773 39.221989 1.979880
0.419533 0.091853 -0.035916 -0.005806
0.091853 0.043285 -0.005907 -0.001074
-0.035916 -0.005907 0.562522 0.113833
-0.005806 -0.001074 0.113833 0.047259
29.639753 1.242174 40.344268 2.007778
0.418232 0.091816 -0.036053 -0.005562
0.091816 0.043246 -0.005628 -0.001004
-0.036053 -0.005628 0.565521 0.113915
-0.005562 -0.001004 0.113915 0.047261
30.930253 1.388787 41.145479 1.970077
0.418357 0.092044 -0.033867 -0.004915
0.092044 0.043261 -0.004928 -0.000864
-0.033867 -0.004928 0.564965 0.113372
-0.004915 -0.000864 0.113372 0.047157
31.190722 1.293694 42.270946 1.996164
0.420148 0.092571 -0.030193 -0.004062
0.092571 0.043335 -0.004026 -0.000703
-0.030193 -0.004026 0.560796 0.112241
-0.004062 -0.000703 0.112241 0.046961
31.907327 1.307144 42.854540 1.913538
0.425006 0.093693 -0.024368 -0.002870
0.093693 0.043531 -0.002792 -0.000488
-0.024368 -0.002792 0.550786 0.110119
-0.002870 -0.000488 0.110119 0.046594
32.716404 1.342359 44.022229 1.956475
0.431761 0.095092 -0.018608 -0.001806
0.095092 0.043772 -0.001713 -0.000320
-0.018608 -0.001713 0.538358 0.107743
-0.001806 -0.000320 0.107743 0.046208
33.643035 1.397926 44.853348 1.927941
0.444053 0.097558 -0.013351 -0.000915
0.097558 0.044233 -0.000866 -0.000200
-0.013351 -0.000866 0.519111 0.104214
-0.000915 -0.000200 0.104214 0.045611
34.267862 1.382242 45.973492 1.959242
0.460918 0.100778 -0.010640 -0.000589
0.100778 0.044827 -0.000638 -0.000202
-0.010640 -0.000638 0.496822 0.100337
-0.000589 -0.000202 0.100337 0.044969
34.712111 1.326270 46.110729 1.786832
0.482474 0.104716 -0.011935 -0.001074
0.104716 0.045543 -0.001257 -0.000363
-0.011935 -0.001257 0.473320 0.096450
-0.001074 -0.000363 0.096450 0.044338
35.791616 1.415801 47.013167 1.789712
0.502462 0.107983 -0.014379 -0.001737
0.107983 0.046080 -0.001997 -0.000529
-0.014379 -0.001997 0.455053 0.093830
-0.001737 -0.000529 0.093830 0.043966
36.442292 1.403553 47.870070 1.781649
0.527445 0.112077 -0.022857 -0.003572
0.112077 0.046783 -0.003908 -0.000919
-0.022857 -0.003908 0.436932 0.091266
-0.003572 -0.000919 0.091266 0.043570
