7.077052 3.792977 0.962328 -0.507108
2.470482 0.988214 -0.052654 -0.021062
0.988214 80.399361 -0.021062 -0.008425
-0.052654 -0.021062 2.434012 0.973626
-0.021062 -0.008425 0.973626 80.393525
6.855472 0.085225 -0.301079 -2.285553
2.241566 3.918878 -0.039966 -0.059770
3.918878 15.242424 -0.059469 -0.238430
-0.039966 -0.059469 2.280004 3.993289
-0.059770 -0.238430 3.993289 15.279757
5.423058 -1.621314 -0.134420 -0.776894
1.982793 2.294949 -0.045166 -0.051164
2.294949 4.545302 -0.051160 -0.095621
-0.045166 -0.051160 2.021996 2.330642
-0.051164 -0.095621 2.330642 4.560776
7.408465 0.739541 2.687429 1.919605
1.703193 1.437186 -0.043262 -0.035703
1.437186 1.907738 -0.035725 -0.043661
-0.043262 -0.035725 1.727012 1.450044
-0.035703 -0.043661 1.450044 1.910675
5.970304 -0.455584 4.485062 2.470435
1.474695 0.975178 -0.030860 -0.019645
0.975178 0.975633 -0.019638 -0.019343
-0.030860 -0.019638 1.488875 0.980313
-0.019645 -0.019343 0.980313 0.976555
7.461812 0.478465 4.420166 1.766669
1.296944 0.704864 -0.025190 -0.013328
0.704864 0.567924 -0.013323 -0.010869
-0.025190 -0.013323 1.301490 0.704924
-0.013328 -0.010869 0.704924 0.567254
9.241548 1.189977 6.745062 2.430913
1.153045 0.532413 -0.020835 -0.009473
0.532413 0.361601 -0.009469 -0.006640
-0.020835 -0.009469 1.157013 0.532993
-0.009473 -0.006640 0.532993 0.361820
9.882509 1.208415 6.560245 1.868601
1.037778 0.417421 -0.016150 -0.006460
0.417421 0.247123 -0.006456 -0.004104
-0.016150 -0.006456 1.040801 0.417958
-0.006460 -0.004104 0.417958 0.247474
10.308967 1.144856 8.510329 2.231198
0.943365 0.337106 -0.013384 -0.004824
0.337106 0.178822 -0.004821 -0.002778
-0.013384 -0.004821 0.946678 0.337922
-0.004824 -0.002778 0.337922 0.179290
10.600690 1.054291 9.409956 2.161582
0.865987 0.279453 -0.011032 -0.003635
0.279453 0.135961 -0.003632 -0.001933
-0.011032 -0.003632 0.868409 0.280025
-0.003635 -0.001933 0.280025 0.136311
11.410229 1.137870 9.303707 1.810908
0.801452 0.236855 -0.009308 -0.002836
0.236855 0.107912 -0.002834 -0.001400
-0.009308 -0.002834 0.803126 0.237239
-0.002836 -0.001400 0.237239 0.108170
12.595088 1.306684 10.039284 1.764299
0.746906 0.204693 -0.008048 -0.002284
0.204693 0.088969 -0.002283 -0.001048
-0.008048 -0.002283 0.748546 0.205094
-0.002284 -0.001048 0.205094 0.089201
13.107300 1.270289 12.295748 2.117539
0.700748 0.180123 -0.006877 -0.001829
0.180123 0.075897 -0.001828 -0.000790
-0.006877 -0.001828 0.702465 0.180549
-0.001829 -0.000790 0.180549 0.076108
14.399912 1.430443 13.654463 2.190570
0.661868 0.161244 -0.005742 -0.001439
0.161244 0.066748 -0.001439 -0.000595
-0.005742 -0.001439 0.663135 0.161550
-0.001439 -0.000595 0.161550 0.066905
15.207081 1.451885 14.524173 2.137979
0.628834 0.146592 -0.004706 -0.001118
0.146592 0.060261 -0.001118 -0.000450
-0.004706 -0.001118 0.629795 0.146822
-0.001118 -0.000450 0.146822 0.060381
15.517983 1.358491 15.600612 2.139659
0.600805 0.135195 -0.003860 -0.000874
0.135195 0.055635 -0.000874 -0.000344
-0.003860 -0.000874 0.601553 0.135375
-0.000874 -0.000344 0.135375 0.055729
15.718367 1.253654 16.314378 2.061695
0.577140 0.126348 -0.003176 -0.000688
0.126348 0.052335 -0.000688 -0.000266
-0.003176 -0.000688 0.577652 0.126475
-0.000688 -0.000266 0.126475 0.052406
16.615139 1.311534 16.948876 1.976690
0.557236 0.119505 -0.002636 -0.000548
0.119505 0.049987 -0.000548 -0.000208
-0.002636 -0.000548 0.557539 0.119587
-0.000548 -0.000208 0.119587 0.050040
16.900614 1.233299 18.393256 2.073065
0.540565 0.114241 -0.002173 -0.000435
0.114241 0.048329 -0.000435 -0.000164
-0.002173 -0.000435 0.540758 0.114301
-0.000435 -0.000164 0.114301 0.048370
17.981210 1.330399 19.503548 2.088531
0.526770 0.110244 -0.001763 -0.000339
0.110244 0.047173 -0.000339 -0.000128
-0.001763 -0.000339 0.526820 0.110274
-0.000339 -0.000128 0.110274 0.047203
17.678535 1.129037 20.847370 2.150810
0.515422 0.107241 -0.001398 -0.000259
0.107241 0.046381 -0.000259 -0.000100
-0.001398 -0.000259 0.515400 0.107258
-0.000259 -0.000100 0.107258 0.046404
18.134788 1.106526 21.164425 1.993427
0.506233 0.105033 -0.001087 -0.000193
0.105033 0.045852 -0.000193 -0.000078
-0.001087 -0.000193 0.506112 0.105030
-0.000193 -0.000078 0.105030 0.045867
18.472707 1.061835 21.498808 1.856049
0.498860 0.103438 -0.000841 -0.000145
0.103438 0.045508 -0.000145 -0.000061
-0.000841 -0.000145 0.498687 0.103426
-0.000145 -0.000061 0.103426 0.045519
19.164587 1.095203 21.731519 1.711724
0.493034 0.102319 -0.000647 -0.000108
0.102319 0.045295 -0.000108 -0.000049
-0.000647 -0.000108 0.492838 0.102304
-0.000108 -0.000049 0.102304 0.045302
19.678384 1.088189 22.908943 1.778593
0.488498 0.101560 -0.000495 -0.000081
0.101560 0.045168 -0.000081 -0.000039
-0.000495 -0.000081 0.488313 0.101547
-0.000081 -0.000039 0.101547 0.045174
20.257285 1.095450 24.012648 1.823283
0.485030 0.101069 -0.000362 -0.000058
0.101069 0.045100 -0.000058 -0.000031
-0.000362 -0.000058 0.484881 0.101063
-0.000058 -0.000031 0.101063 0.045105
20.968798 1.129663 24.953722 1.829437
0.482424 0.100771 -0.000253 -0.000040
0.100771 0.045066 -0.000040 -0.000025
-0.000253 -0.000040 0.482342 0.100777
-0.000040 -0.000025 0.100777 0.045072
21.725546 1.169856 26.433729 1.947822
0.480502 0.100606 -0.000176 -0.000029
0.100606 0.045052 -0.000029 -0.000020
-0.000176 -0.000029 0.480518 0.100629
-0.000029 -0.000020 0.100629 0.045060
22.197666 1.146189 27.814261 2.033153
0.479096 0.100527 -0.000131 -0.000023
0.100527 0.045046 -0.000023 -0.000017
-0.000131 -0.000023 0.479270 0.100578
-0.000023 -0.000017 0.100578 0.045059
22.893431 1.171977 29.097835 2.089285
0.478076 0.100498 -0.000114 -0.000023
0.100498 0.045043 -0.000023 -0.000015
-0.000114 -0.000023 0.478469 0.100589
-0.000023 -0.000015 0.100589 0.045062
23.291111 1.132331 30.149278 2.090717
0.477337 0.100497 -0.000137 -0.000029
0.100497 0.045038 -0.000029 -0.000015
-0.000137 -0.000029 0.478005 0.100636
-0.000029 -0.000015 0.100636 0.045065
23.864623 1.133880 31.111580 2.073212
0.476802 0.100508 -0.000183 -0.000039
0.100508 0.045030 -0.000039 -0.000015
-0.000183 -0.000039 0.477782 0.100699
-0.000039 -0.000015 0.100699 0.045066
24.805494 1.212777 31.765515 1.992496
0.476412 0.100520 -0.000261 -0.000055
0.100520 0.045018 -0.000055 -0.000017
-0.000261 -0.000055 0.477724 0.100765
-0.000055 -0.000017 0.100765 0.045063
25.380509 1.206154 32.884980 2.018499
0.476140 0.100534 -0.000390 -0.000079
0.100534 0.045004 -0.000079 -0.000021
-0.000390 -0.000079 0.477752 0.100822
-0.000079 -0.000021 0.100822 0.045057
25.859329 1.179909 34.109613 2.063963
0.475907 0.100534 -0.000550 -0.000107
0.100534 0.044987 -0.000107 -0.000025
-0.000550 -0.000107 0.477870 0.100877
-0.000107 -0.000025 0.100877 0.045049
26.654613 1.223290 34.901447 2.013270
0.475673 0.100519 -0.000735 -0.000139
0.100519 0.044966 -0.000139 -0.000030
-0.000735 -0.000139 0.478062 0.100929
-0.000139 -0.000030 0.100929 0.045040
27.174144 1.203836 36.185038 2.071735
0.475468 0.100498 -0.000962 -0.000177
0.100498 0.044945 -0.000177 -0.000036
-0.000962 -0.000177 0.478259 0.100968
-0.000177 -0.000036 0.100968 0.045030
28.390107 1.333629 37.049195 2.035538
0.475224 0.100461 -0.001218 -0.000219
0.100461 0.044923 -0.000219 -0.000043
-0.001218 -0.000219 0.478509 0.101008
-0.000219 -0.000043 0.101008 0.045022
28.941562 1.309302 38.617427 2.151700
0.475007 0.100425 -0.001561 -0.000277
0.100425 0.044902 -0.000277 -0.000053
-0.001561 -0.000277 0.478729 0.101035
-0.000277 -0.000053 0.101035 0.045013
29.557169 1.301023 39.537593 2.118845
0.474704 0.100367 -0.001943 -0.000339
0.100367 0.044879 -0.000340 -0.000064
-0.001943 -0.000340 0.479029 0.101074
-0.000339 -0.000064 0.101074 0.045009
29.971234 1.250983 40.366749 2.070226
0.474399 0.100309 -0.002340 -0.000402
0.100309 0.044857 -0.000402 -0.000075
-0.002340 -0.000402 0.479320 0.101108
-0.000402 -0.000075 0.101108 0.045005
30.758087 1.284985 40.906563 1.965817
0.474091 0.100252 -0.002722 -0.000459
0.100252 0.044838 -0.000459 -0.000085
-0.002722 -0.000459 0.479605 0.101138
-0.000459 -0.000085 0.101138 0.045003
31.362065 1.276817 41.813084 1.949702
0.473837 0.100207 -0.003128 -0.000519
0.100207 0.044823 -0.000519 -0.000096
-0.003128 -0.000519 0.479828 0.101155
-0.000519 -0.000096 0.101155 0.044999
32.040290 1.285115 42.439353 1.876249
0.473570 0.100160 -0.003552 -0.000582
0.100160 0.044809 -0.000582 -0.000107
-0.003552 -0.000582 0.480059 0.101175
-0.000582 -0.000107 0.101175 0.044998
32.319328 1.208213 43.357163 1.871819
0.473335 0.100121 -0.003990 -0.000645
0.100121 0.044797 -0.000646 -0.000119
-0.003990 -0.000646 0.480259 0.101190
-0.000645 -0.000119 0.101190 0.044997
32.727248 1.166423 43.688203 1.744308
0.473057 0.100073 -0.004405 -0.000703
0.100073 0.044784 -0.000704 -0.000130
-0.004405 -0.000704 0.480503 0.101217
-0.000703 -0.000130 0.101217 0.045000
33.531602 1.213258 44.647021 1.762679
0.472835 0.100038 -0.004783 -0.000753
0.100038 0.044774 -0.000754 -0.000140
-0.004783 -0.000754 0.480693 0.101234
-0.000753 -0.000140 0.101234 0.045002
34.034564 1.191355 45.584240 1.774383
0.472598 0.100000 -0.005237 -0.000820
0.100000 0.044765 -0.000820 -0.000153
-0.005237 -0.000820 0.480907 0.101257
-0.000820 -0.000153 0.101257 0.045006
34.956790 1.260678 46.795162 1.842751
0.472329 0.099956 -0.005711 -0.000890
0.099956 0.044754 -0.000890 -0.000168
-0.005711 -0.000890 0.481164 0.101291
-0.000890 -0.000168 0.101291 0.045012
35.458501 1.233783 48.172469 1.938623
0.472025 0.099906 -0.006297 -0.000982
0.099906 0.044742 -0.000983 -0.000187
-0.006297 -0.000983 0.481471 0.101336
-0.000982 -0.000187 0.101336 0.045022
