0.796221 1.280590 1.127914 -0.440872
2.053490 0.821414 -0.226717 -0.090689
0.821414 80.332639 -0.090689 -0.036276
-0.226717 -0.090689 3.101368 1.240574
-0.090689 -0.036276 1.240574 80.500307
5.974476 9.307735 -3.012572 -7.001583
3.299408 5.858090 -1.724884 -2.861575
5.858090 17.550511 -3.020085 -5.654728
-1.724884 -3.020085 3.091968 5.210746
-2.861575 -5.654728 5.210746 18.916721
7.751963 6.637856 1.035992 1.566227
2.861023 3.149163 -0.453215 -0.224531
3.149163 5.168038 -0.386981 -0.471541
-0.453215 -0.386981 1.671253 1.916503
-0.224531 -0.471541 1.916503 4.512525
8.072347 4.273304 1.483893 1.134198
1.751786 1.377288 -0.092323 -0.004997
1.377288 1.752291 -0.048168 -0.150985
-0.092323 -0.048168 1.715827 1.528563
-0.004997 -0.150985 1.528563 2.174634
6.336407 1.814731 3.925441 2.399547
1.408651 0.890084 -0.034759 -0.013055
0.890084 0.894665 -0.032232 -0.098420
-0.034759 -0.032232 1.575743 1.088784
-0.013055 -0.098420 1.088784 1.123863
7.881912 2.160220 4.570796 2.084626
1.146146 0.610171 -0.192371 -0.115243
0.610171 0.513940 -0.122365 -0.116657
-0.192371 -0.122365 1.580708 0.887365
-0.115243 -0.116657 0.887365 0.700581
8.179732 1.794490 6.335329 2.428354
1.012170 0.466862 -0.250181 -0.124735
0.466862 0.334173 -0.128638 -0.089243
-0.250181 -0.128638 1.491199 0.699276
-0.124735 -0.089243 0.699276 0.452848
9.572971 2.005017 5.635432 1.657350
0.976541 0.397208 -0.317739 -0.133235
0.397208 0.242569 -0.135400 -0.072654
-0.317739 -0.135400 1.332814 0.536706
-0.133235 -0.072654 0.536706 0.301036
9.761385 1.710153 6.689650 1.738980
0.876472 0.317492 -0.288030 -0.103858
0.317492 0.174306 -0.105222 -0.048674
-0.288030 -0.105222 1.231871 0.435980
-0.103858 -0.048674 0.435980 0.216658
11.779902 2.091097 6.916095 1.535304
0.817740 0.268095 -0.278266 -0.088137
0.268095 0.134115 -0.089188 -0.035887
-0.278266 -0.089188 1.126869 0.356922
-0.088137 -0.035887 0.356922 0.161910
12.206303 1.905514 7.993015 1.623223
0.747768 0.224690 -0.239645 -0.067557
0.224690 0.105561 -0.068039 -0.024845
-0.239645 -0.068039 1.034553 0.297996
-0.067557 -0.024845 0.297996 0.126270
11.778612 1.523012 9.695987 1.855735
0.699014 0.195003 -0.214132 -0.054542
0.195003 0.087207 -0.054833 -0.018317
-0.214132 -0.054833 0.949288 0.252118
-0.054542 -0.018317 0.252118 0.101988
11.765121 1.318068 10.543344 1.831969
0.672835 0.176150 -0.198921 -0.046318
0.176150 0.075517 -0.046772 -0.014334
-0.198921 -0.046772 0.860919 0.213465
-0.046318 -0.014334 0.213465 0.084433
12.093824 1.240544 12.124762 1.986895
0.651254 0.161399 -0.184288 -0.039524
0.161399 0.067184 -0.040105 -0.011397
-0.184288 -0.040105 0.785586 0.184142
-0.039524 -0.011397 0.184142 0.072352
12.703424 1.243374 13.751655 2.129899
0.632920 0.149735 -0.165203 -0.032708
0.149735 0.061184 -0.033363 -0.008925
-0.165203 -0.033363 0.716804 0.160708
-0.032708 -0.008925 0.160708 0.063696
13.379442 1.253633 14.575167 2.077552
0.614928 0.139963 -0.142852 -0.026103
0.139963 0.056725 -0.026759 -0.006853
-0.142852 -0.026759 0.658087 0.142727
-0.026103 -0.006853 0.142727 0.057618
14.367127 1.334552 15.678158 2.094571
0.596352 0.131518 -0.122479 -0.020738
0.131518 0.053342 -0.021341 -0.005309
-0.122479 -0.021341 0.613242 0.129966
-0.020738 -0.005309 0.129966 0.053545
15.342325 1.398216 16.406793 2.030434
0.577616 0.124281 -0.102518 -0.016052
0.124281 0.050789 -0.016567 -0.004082
-0.102518 -0.016567 0.578259 0.120761
-0.016052 -0.004082 0.120761 0.050778
16.037667 1.395953 17.270782 1.998850
0.559558 0.118200 -0.084688 -0.012260
0.118200 0.048886 -0.012677 -0.003161
-0.084688 -0.012677 0.552026 0.114340
-0.012260 -0.003161 0.114340 0.048938
16.560018 1.362103 18.592619 2.064138
0.543897 0.113435 -0.068986 -0.009206
0.113435 0.047541 -0.009549 -0.002470
-0.068986 -0.009549 0.531534 0.109710
-0.009206 -0.002470 0.109710 0.047680
16.897323 1.291175 19.682229 2.073021
0.531280 0.109919 -0.054545 -0.006601
0.109919 0.046645 -0.006902 -0.001918
-0.054545 -0.006902 0.514726 0.106229
-0.006601 -0.001918 0.106229 0.046791
17.698949 1.322563 20.608957 2.051496
0.521210 0.107359 -0.041990 -0.004517
0.107359 0.046063 -0.004792 -0.001500
-0.041990 -0.004792 0.501471 0.103725
-0.004517 -0.001500 0.103725 0.046181
18.255426 1.298239 21.227922 1.966127
0.512266 0.105328 -0.031178 -0.002875
0.105328 0.045659 -0.003118 -0.001181
-0.031178 -0.003118 0.492134 0.102167
-0.002875 -0.001181 0.102167 0.045810
18.794224 1.279161 22.861596 2.101276
0.504691 0.103791 -0.022495 -0.001705
0.103791 0.045394 -0.001916 -0.000958
-0.022495 -0.001916 0.485719 0.101251
-0.001705 -0.000958 0.101251 0.045587
19.620542 1.316474 23.647375 2.046693
0.497919 0.102568 -0.014535 -0.000671
0.102568 0.045213 -0.000853 -0.000755
-0.014535 -0.000853 0.481769 0.100834
-0.000671 -0.000755 0.100834 0.045472
20.320586 1.324336 24.436706 1.997679
0.491707 0.101553 -0.008586 -0.000033
0.101553 0.045078 -0.000184 -0.000625
-0.008586 -0.000184 0.480076 0.100829
-0.000033 -0.000625 0.100829 0.045435
21.332909 1.398353 26.080107 2.134303
0.486078 0.100720 -0.004427 0.000288
0.100720 0.044977 0.000166 -0.000547
-0.004427 0.000166 0.479986 0.101074
0.000288 -0.000547 0.101074 0.045441
21.993509 1.390592 27.342834 2.175497
0.479742 0.099771 -0.002197 0.000281
0.099771 0.044843 0.000189 -0.000523
-0.002197 0.000189 0.482300 0.101731
0.000281 -0.000523 0.101731 0.045523
22.574907 1.367036 28.803017 2.254007
0.473217 0.098818 -0.001681 0.000015
0.098818 0.044701 -0.000053 -0.000538
-0.001681 -0.000053 0.486198 0.102607
0.000015 -0.000538 0.102607 0.045641
23.268582 1.369205 30.303372 2.332752
0.466075 0.097761 -0.002698 -0.000463
0.097761 0.044529 -0.000515 -0.000584
-0.002698 -0.000515 0.491966 0.103758
-0.000463 -0.000584 0.103758 0.045807
23.905021 1.359146 30.930503 2.219233
0.458395 0.096618 -0.005400 -0.001180
0.096618 0.044332 -0.001224 -0.000670
-0.005400 -0.001224 0.499537 0.105164
-0.001180 -0.000670 0.105164 0.046018
24.062270 1.248610 31.380306 2.080833
0.452075 0.095787 -0.009184 -0.002002
0.095787 0.044195 -0.002048 -0.000769
-0.009184 -0.002048 0.506636 0.106339
-0.002002 -0.000769 0.106339 0.046173
24.458422 1.200015 32.327926 2.061430
0.446948 0.095198 -0.012533 -0.002623
0.095198 0.044096 -0.002673 -0.000819
-0.012533 -0.002673 0.513077 0.107285
-0.002623 -0.000819 0.107285 0.046282
24.907082 1.167643 33.434429 2.077165
0.442000 0.094610 -0.016152 -0.003226
0.094610 0.043983 -0.003284 -0.000868
-0.016152 -0.003284 0.520049 0.108291
-0.003226 -0.000868 0.108291 0.046412
25.237630 1.113000 34.256883 2.032168
0.437050 0.093984 -0.019967 -0.003814
0.093984 0.043850 -0.003880 -0.000919
-0.019967 -0.003880 0.527766 0.109403
-0.003814 -0.000919 0.109403 0.046572
26.156433 1.191747 35.630388 2.106382
0.432604 0.093434 -0.023451 -0.004291
0.093434 0.043724 -0.004362 -0.000954
-0.023451 -0.004362 0.535351 0.110441
-0.004291 -0.000954 0.110441 0.046723
26.529821 1.143425 36.657767 2.100673
0.428295 0.092877 -0.027582 -0.004879
0.092877 0.043588 -0.004960 -0.001022
-0.027582 -0.004960 0.543517 0.111566
-0.004879 -0.001022 0.111566 0.046900
27.580500 1.247519 37.608081 2.081407
0.424516 0.092405 -0.030508 -0.005195
0.092405 0.043466 -0.005271 -0.001039
-0.030508 -0.005271 0.551063 0.112534
-0.005195 -0.001039 0.112534 0.047051
28.530169 1.318036 38.405960 2.033019
0.421622 0.092090 -0.033518 -0.005534
0.092090 0.043372 -0.005612 -0.001074
-0.033518 -0.005612 0.557575 0.113281
-0.005534 -0.001074 0.113281 0.047165
29.388487 1.361168 39.260277 2.000911
0.419566 0.091915 -0.035931 -0.005757
0.091915 0.043303 -0.005835 -0.001094
-0.035931 -0.005835 0.562688 0.113761
-0.005757 -0.001094 0.113761 0.047237
30.360977 1.423938 39.912523 1.931935
0.418337 0.091874 -0.036794 -0.005686
0.091874 0.043258 -0.005746 -0.001060
-0.036794 -0.005746 0.565816 0.113889
-0.005686 -0.001060 0.113889 0.047253
30.804961 1.365598 41.040043 1.963160
0.417941 0.091966 -0.036435 -0.005414
0.091966 0.043239 -0.005448 -0.000998
-0.036435 -0.005448 0.566888 0.113681
-0.005414 -0.000998 0.113681 0.047219
31.787830 1.432718 42.203676 2.001071
0.419541 0.092456 -0.032538 -0.004487
0.092456 0.043306 -0.004461 -0.000808
-0.032538 -0.004461 0.562860 0.112566
-0.004487 -0.000808 0.112566 0.047024
31.923281 1.302647 42.835422 1.924486
0.424843 0.093685 -0.026079 -0.003144
0.093685 0.043529 -0.003069 -0.000555
-0.026079 -0.003069 0.551702 0.110205
-0.003144 -0.000555 0.110205 0.046609
32.548306 1.294505 43.291674 1.823091
0.431592 0.095081 -0.019923 -0.001994
0.095081 0.043768 -0.001898 -0.000365
-0.019923 -0.001898 0.539042 0.107796
-0.001994 -0.000365 0.107796 0.046218
33.539572 1.371096 44.430162 1.870074
0.439844 0.096656 -0.014516 -0.001089
0.096656 0.044032 -0.001001 -0.000238
-0.014516 -0.001001 0.525273 0.105381
-0.001089 -0.000238 0.105381 0.045848
34.060771 1.334809 45.281370 1.852581
0.454786 0.099545 -0.010810 -0.000568
0.099545 0.044572 -0.000561 -0.000197
-0.010810 -0.000561 0.504340 0.101696
-0.000568 -0.000197 0.101696 0.045231
34.585831 1.304091 46.292491 1.869411
0.473039 0.102884 -0.009987 -0.000646
0.102884 0.045178 -0.000746 -0.000274
-0.009987 -0.000746 0.482783 0.098124
-0.000646 -0.000274 0.098124 0.044653
35.483279 1.356571 47.040725 1.831696
0.494837 0.106702 -0.012922 -0.001454
0.106702 0.045858 -0.001668 -0.000484
-0.012922 -0.001668 0.461524 0.094789
-0.001454 -0.000484 0.094789 0.044122
36.017937 1.325570 47.792256 1.797193
0.519813 0.110892 -0.020404 -0.003108
0.110892 0.046588 -0.003415 -0.000841
-0.020404 -0.003415 0.442044 0.091930
-0.003108 -0.000841 0.091930 0.043674
