3.445971 2.340513 1.616154 -0.245572
2.490737 0.996316 -0.101026 -0.040411
0.996316 80.402602 -0.040411 -0.016165
-0.101026 -0.040411 2.420540 0.968237
-0.040411 -0.016165 0.968237 80.391370
6.209533 5.121671 1.289346 -0.589219
2.249137 3.927602 -0.096997 -0.150320
3.927602 15.306942 -0.149466 -0.519416
-0.096997 -0.149466 2.279280 3.994114
-0.150320 -0.519416 3.994114 15.244630
4.182472 -0.188155 1.896880 0.439103
1.975166 2.286811 -0.074276 -0.080831
2.286811 4.549711 -0.080548 -0.163123
-0.074276 -0.080548 2.033596 2.342665
-0.080831 -0.163123 2.342665 4.564960
7.584365 2.765445 1.090847 -0.419671
1.705780 1.441398 -0.074356 -0.061797
1.441398 1.916980 -0.061798 -0.080017
-0.074356 -0.061798 1.728725 1.449413
-0.061797 -0.080017 1.449413 1.906275
9.491161 3.113485 3.353216 1.206335
1.465587 0.970290 -0.058108 -0.037854
0.970290 0.974693 -0.037822 -0.038290
-0.058108 -0.037822 1.501657 0.987570
-0.037854 -0.038290 0.987570 0.979888
10.005595 2.546217 4.750561 1.635769
1.284902 0.699460 -0.042511 -0.022959
0.699460 0.566287 -0.022914 -0.019892
-0.042511 -0.022914 1.315738 0.711496
-0.022959 -0.019892 0.711496 0.569982
10.338865 2.111292 6.111329 1.885593
1.143951 0.529301 -0.033281 -0.015586
0.529301 0.360967 -0.015548 -0.011820
-0.033281 -0.015548 1.167556 0.536789
-0.015586 -0.011820 0.536789 0.363058
9.862888 1.494044 6.627998 1.715464
1.031262 0.415702 -0.027144 -0.011308
0.415702 0.246918 -0.011278 -0.007617
-0.027144 -0.011278 1.048418 0.420159
-0.011308 -0.007617 0.420159 0.248068
10.700902 1.526639 7.457998 1.705539
0.939334 0.336374 -0.023746 -0.008923
0.336374 0.178852 -0.008901 -0.005313
-0.023746 -0.008901 0.951643 0.339035
-0.008923 -0.005313 0.339035 0.179532
10.794821 1.309811 9.262930 2.012353
0.862829 0.278967 -0.020524 -0.007025
0.278967 0.135974 -0.007008 -0.003777
-0.020524 -0.007008 0.872351 0.280809
-0.007025 -0.003777 0.280809 0.136490
12.154766 1.518504 10.320338 2.027156
0.799495 0.236682 -0.017603 -0.005540
0.236682 0.107959 -0.005526 -0.002734
-0.017603 -0.005526 0.805704 0.237636
-0.005540 -0.002734 0.237636 0.108260
12.390709 1.375056 10.807176 1.883216
0.745708 0.204666 -0.014785 -0.004318
0.204666 0.089013 -0.004307 -0.001995
-0.014785 -0.004307 0.750209 0.205284
-0.004318 -0.001995 0.205284 0.089253
12.916143 1.333148 12.468332 2.068004
0.700113 0.180181 -0.012711 -0.003468
0.180181 0.075936 -0.003459 -0.001500
-0.012711 -0.003459 0.703474 0.180618
-0.003468 -0.001500 0.180618 0.076141
13.216984 1.243961 13.505914 2.068953
0.661594 0.161335 -0.010761 -0.002759
0.161335 0.066776 -0.002752 -0.001133
-0.010761 -0.002752 0.663706 0.161557
-0.002759 -0.001133 0.161557 0.066930
14.132869 1.312536 14.456431 2.049353
0.628890 0.146714 -0.009140 -0.002212
0.146714 0.060284 -0.002206 -0.000868
-0.009140 -0.002206 0.629979 0.146777
-0.002212 -0.000868 0.146777 0.060398
14.556805 1.260241 15.207030 1.987711
0.601031 0.135316 -0.007687 -0.001763
0.135316 0.055651 -0.001758 -0.000667
-0.007687 -0.001758 0.601520 0.135315
-0.001763 -0.000667 0.135315 0.055745
14.689306 1.151259 15.771628 1.893739
0.577442 0.126455 -0.006483 -0.001413
0.126455 0.052343 -0.001409 -0.000518
-0.006483 -0.001409 0.577507 0.126418
-0.001413 -0.000518 0.126418 0.052422
14.610419 1.010868 16.689096 1.887388
0.557591 0.119598 -0.005520 -0.001146
0.119598 0.049991 -0.001143 -0.000408
-0.005520 -0.001143 0.557314 0.119534
-0.001146 -0.000408 0.119534 0.050056
15.874234 1.171120 17.449837 1.848802
0.541050 0.114344 -0.004702 -0.000931
0.114344 0.048333 -0.000928 -0.000323
-0.004702 -0.000928 0.540382 0.114231
-0.000931 -0.000323 0.114231 0.048380
16.982642 1.280522 18.325957 1.838775
0.527220 0.110324 -0.003919 -0.000738
0.110324 0.047174 -0.000737 -0.000254
-0.003919 -0.000737 0.526460 0.110221
-0.000738 -0.000254 0.110221 0.047214
17.705189 1.297798 20.116590 2.020154
0.515807 0.107297 -0.003194 -0.000572
0.107297 0.046378 -0.000571 -0.000198
-0.003194 -0.000571 0.515087 0.107223
-0.000572 -0.000198 0.107223 0.046416
18.905997 1.412297 21.235725 2.042899
0.506554 0.105070 -0.002502 -0.000423
0.105070 0.045847 -0.000422 -0.000151
-0.002502 -0.000422 0.505850 0.105010
-0.000423 -0.000151 0.105010 0.045879
19.386994 1.365649 22.381014 2.068550
0.499093 0.103455 -0.001907 -0.000303
0.103455 0.045501 -0.000302 -0.000116
-0.001907 -0.000302 0.498501 0.103422
-0.000303 -0.000116 0.103422 0.045531
19.672571 1.283085 22.548271 1.888447
0.493185 0.102320 -0.001415 -0.000210
0.102320 0.045286 -0.000210 -0.000089
-0.001415 -0.000210 0.492723 0.102313
-0.000210 -0.000089 0.102313 0.045314
19.880073 1.192907 23.738602 1.939578
0.488594 0.101552 -0.001039 -0.000145
0.101552 0.045161 -0.000145 -0.000070
-0.001039 -0.000145 0.488247 0.101563
-0.000145 -0.000070 0.101563 0.045185
20.673765 1.234024 24.931241 1.986061
0.485070 0.101053 -0.000726 -0.000094
0.101053 0.045092 -0.000094 -0.000055
-0.000726 -0.000094 0.484866 0.101085
-0.000094 -0.000055 0.101085 0.045115
21.034248 1.180488 26.361875 2.077486
0.482385 0.100743 -0.000493 -0.000061
0.100743 0.045058 -0.000060 -0.000044
-0.000493 -0.000060 0.482401 0.100809
-0.000061 -0.000044 0.100809 0.045082
21.822191 1.221872 27.337860 2.064354
0.480349 0.100560 -0.000316 -0.000038
0.100560 0.045041 -0.000037 -0.000036
-0.000316 -0.000037 0.480687 0.100679
-0.000038 -0.000036 0.100679 0.045072
22.027381 1.136736 28.188106 2.026157
0.478832 0.100464 -0.000232 -0.000032
0.100464 0.045034 -0.000032 -0.000032
-0.000232 -0.000032 0.479547 0.100644
-0.000032 -0.000032 0.100644 0.045072
22.414498 1.098631 29.012421 1.986471
0.477715 0.100423 -0.000186 -0.000032
0.100423 0.045029 -0.000031 -0.000029
-0.000186 -0.000031 0.478841 0.100667
-0.000032 -0.000029 0.100667 0.045077
23.022982 1.111088 29.543432 1.889166
0.476890 0.100411 -0.000188 -0.000039
0.100411 0.045023 -0.000039 -0.000027
-0.000188 -0.000039 0.478462 0.100723
-0.000039 -0.000027 0.100723 0.045081
23.816252 1.161206 30.777352 1.950136
0.476305 0.100419 -0.000255 -0.000056
0.100419 0.045015 -0.000056 -0.000028
-0.000255 -0.000056 0.478289 0.100789
-0.000056 -0.000028 0.100789 0.045081
24.568355 1.197399 31.912232 1.983836
0.475812 0.100417 -0.000416 -0.000090
0.100417 0.045001 -0.000090 -0.000032
-0.000416 -0.000090 0.478334 0.100871
-0.000090 -0.000032 0.100871 0.045082
24.841434 1.128625 32.504069 1.899429
0.475375 0.100402 -0.000664 -0.000138
0.100402 0.044981 -0.000138 -0.000039
-0.000664 -0.000138 0.478530 0.100956
-0.000138 -0.000039 0.100956 0.045080
25.058691 1.055285 33.591015 1.928379
0.475017 0.100385 -0.000907 -0.000180
0.100385 0.044961 -0.000180 -0.000044
-0.000907 -0.000180 0.478776 0.101029
-0.000180 -0.000044 0.101029 0.045076
24.937935 0.918196 34.429394 1.901798
0.474628 0.100345 -0.001157 -0.000220
0.100345 0.044935 -0.000221 -0.000049
-0.001157 -0.000221 0.479128 0.101106
-0.000220 -0.000049 0.101106 0.045072
25.527330 0.945774 35.652392 1.959221
0.474219 0.100291 -0.001348 -0.000246
0.100291 0.044908 -0.000246 -0.000051
-0.001348 -0.000246 0.479537 0.101180
-0.000246 -0.000051 0.101180 0.045069
26.355952 1.021028 36.653705 1.963840
0.473741 0.100215 -0.001631 -0.000289
0.100215 0.044877 -0.000290 -0.000058
-0.001631 -0.000290 0.480029 0.101260
-0.000289 -0.000058 0.101260 0.045069
27.096309 1.069691 37.835455 2.006015
0.473249 0.100133 -0.002040 -0.000358
0.100133 0.044848 -0.000358 -0.000070
-0.002040 -0.000358 0.480538 0.101335
-0.000358 -0.000070 0.101335 0.045069
27.883702 1.123132 38.804028 1.998806
0.472701 0.100039 -0.002558 -0.000445
0.100039 0.044818 -0.000445 -0.000086
-0.002558 -0.000445 0.481102 0.101414
-0.000445 -0.000086 0.101414 0.045072
28.259662 1.084009 40.456618 2.136388
0.472150 0.099944 -0.003176 -0.000548
0.099944 0.044790 -0.000549 -0.000105
-0.003176 -0.000549 0.481664 0.101488
-0.000548 -0.000105 0.101488 0.045076
28.753441 1.073955 42.009544 2.238461
0.471406 0.099811 -0.003842 -0.000656
0.099811 0.044755 -0.000657 -0.000124
-0.003842 -0.000657 0.482424 0.101601
-0.000656 -0.000124 0.101601 0.045089
29.808116 1.183865 43.781389 2.376044
0.470521 0.099653 -0.004577 -0.000774
0.099653 0.044717 -0.000775 -0.000145
-0.004577 -0.000775 0.483335 0.101740
-0.000774 -0.000145 0.101740 0.045110
30.666965 1.240307 44.740861 2.328094
0.469509 0.099476 -0.005556 -0.000937
0.099476 0.044677 -0.000938 -0.000176
-0.005556 -0.000938 0.484399 0.101905
-0.000937 -0.000176 0.101905 0.045137
32.009027 1.393056 45.438291 2.230425
0.468593 0.099328 -0.006621 -0.001110
0.099328 0.044646 -0.001112 -0.000208
-0.006621 -0.001112 0.485382 0.102045
-0.001110 -0.000208 0.102045 0.045158
32.685720 1.388425 45.970115 2.107839
0.467899 0.099231 -0.007881 -0.001316
0.099231 0.044626 -0.001319 -0.000247
-0.007881 -0.001319 0.486159 0.102137
-0.001316 -0.000247 0.102137 0.045171
33.908814 1.500701 47.077163 2.119456
0.467354 0.099166 -0.009082 -0.001499
0.099166 0.044611 -0.001503 -0.000281
-0.009082 -0.001503 0.486793 0.102202
-0.001499 -0.000281 0.102202 0.045180
34.577152 1.483048 47.902695 2.070227
0.466848 0.099104 -0.010484 -0.001719
0.099104 0.044597 -0.001724 -0.000322
-0.010484 -0.001724 0.487424 0.102271
-0.001719 -0.000322 0.102271 0.045192
35.378755 1.495144 48.385874 1.954544
0.466371 0.099045 -0.011843 -0.001921
0.099045 0.044583 -0.001928 -0.000359
-0.011843 -0.001928 0.488048 0.102342
-0.001921 -0.000359 0.102342 0.045206
36.302449 1.532208 49.103193 1.900298
0.466040 0.099014 -0.013167 -0.002110
0.099014 0.044574 -0.002118 -0.000395
-0.013167 -0.002118 0.488533 0.102388
-0.002110 -0.000395 0.102388 0.045215
