5.295620 3.080388 -2.734264 -1.985777
2.490737 0.996316 -0.101026 -0.040411
0.996316 80.402602 -0.040411 -0.016165
-0.101026 -0.040411 2.420540 0.968237
-0.040411 -0.016165 0.968237 80.391370
6.319618 2.228455 1.947866 7.956482
2.210586 3.860199 -0.104606 -0.163995
3.860199 15.189099 -0.162386 -0.542651
-0.104606 -0.162386 2.321702 4.068402
-0.163995 -0.542651 4.068402 15.374717
7.292392 2.064116 5.893430 7.918536
1.991443 2.311852 -0.066692 -0.070928
2.311852 4.578915 -0.070594 -0.151608
-0.066692 -0.070594 2.015683 2.315645
-0.070928 -0.151608 2.315645 4.533489
6.181663 0.252654 5.679969 4.418691
1.717346 1.450729 -0.044228 -0.036988
1.450729 1.921414 -0.036819 -0.059899
-0.044228 -0.036819 1.712837 1.436572
-0.036988 -0.059899 1.436572 1.899017
5.505644 -0.276035 5.844382 3.072650
1.487062 0.983277 -0.042283 -0.029332
0.983277 0.981262 -0.029271 -0.033777
-0.042283 -0.029271 1.477602 0.973226
-0.029332 -0.033777 0.973226 0.972617
7.272943 0.759259 6.850371 2.783153
1.305294 0.708936 -0.040573 -0.023358
0.708936 0.570110 -0.023331 -0.020601
-0.040573 -0.023331 1.294740 0.701953
-0.023358 -0.020601 0.701953 0.566212
8.029913 0.934042 7.392645 2.391178
1.158951 0.534695 -0.034360 -0.016816
0.534695 0.362629 -0.016804 -0.012455
-0.034360 -0.016804 1.152426 0.531474
-0.016816 -0.012455 0.531474 0.361449
7.794793 0.652554 7.596237 1.992881
1.041658 0.418629 -0.029259 -0.012475
0.418629 0.247612 -0.012470 -0.008005
-0.029259 -0.012470 1.038089 0.417326
-0.012475 -0.008005 0.417326 0.247402
8.278585 0.709336 7.636984 1.651333
0.946816 0.338084 -0.026018 -0.009826
0.338084 0.179196 -0.009823 -0.005514
-0.026018 -0.009823 0.944302 0.337404
-0.009826 -0.005514 0.337404 0.179199
8.684742 0.726170 7.932735 1.480292
0.868287 0.280003 -0.023340 -0.007905
0.280003 0.136170 -0.007904 -0.003941
-0.023340 -0.007904 0.867108 0.279852
-0.007905 -0.003941 0.279852 0.136304
10.613211 1.188557 8.516651 1.433648
0.802873 0.237137 -0.020973 -0.006436
0.237137 0.108030 -0.006436 -0.002892
-0.020973 -0.006436 0.802611 0.237263
-0.006436 -0.002892 0.237263 0.108197
11.847750 1.363857 9.738536 1.572007
0.747420 0.204740 -0.018113 -0.005084
0.204740 0.089017 -0.005085 -0.002111
-0.018113 -0.005085 0.748764 0.205274
-0.005084 -0.002111 0.205274 0.089254
12.077387 1.247635 10.503341 1.566575
0.700830 0.180090 -0.015300 -0.003962
0.180090 0.075924 -0.003963 -0.001548
-0.015300 -0.003963 0.702947 0.180744
-0.003962 -0.001548 0.180744 0.076151
12.024476 1.082802 11.410888 1.596814
0.661629 0.161161 -0.013099 -0.003154
0.161161 0.066762 -0.003154 -0.001166
-0.013099 -0.003154 0.663829 0.161755
-0.003154 -0.001166 0.161755 0.066941
13.076764 1.201870 12.005423 1.549356
0.628634 0.146544 -0.011351 -0.002556
0.146544 0.060282 -0.002557 -0.000898
-0.011351 -0.002557 0.630371 0.146965
-0.002556 -0.000898 0.146965 0.060398
13.545978 1.172263 12.946864 1.586854
0.600545 0.135150 -0.009754 -0.002062
0.135150 0.055653 -0.002062 -0.000695
-0.009754 -0.002062 0.602118 0.135494
-0.002062 -0.000695 0.135494 0.055740
14.195866 1.186340 14.146485 1.675795
0.576888 0.126316 -0.008356 -0.001664
0.126316 0.052352 -0.001664 -0.000542
-0.008356 -0.001664 0.578150 0.126564
-0.001664 -0.000542 0.126564 0.052410
14.468367 1.117808 15.742957 1.838360
0.557047 0.119493 -0.007065 -0.001326
0.119493 0.050006 -0.001327 -0.000424
-0.007065 -0.001327 0.557919 0.119642
-0.001326 -0.000424 0.119642 0.050038
15.444558 1.205859 16.227904 1.746754
0.540584 0.114276 -0.005882 -0.001041
0.114276 0.048353 -0.001041 -0.000330
-0.005882 -0.001041 0.540886 0.114298
-0.001041 -0.000330 0.114298 0.048358
16.338347 1.266784 17.197151 1.766930
0.526840 0.110286 -0.004867 -0.000813
0.110286 0.047195 -0.000814 -0.000260
-0.004867 -0.000814 0.526863 0.110256
-0.000813 -0.000260 0.110256 0.047191
17.005731 1.274082 18.656023 1.886666
0.515533 0.107287 -0.003958 -0.000623
0.107287 0.046400 -0.000624 -0.000204
-0.003958 -0.000624 0.515375 0.107230
-0.000623 -0.000204 0.107230 0.046392
17.174335 1.176813 19.435754 1.852546
0.506375 0.105080 -0.003135 -0.000462
0.105080 0.045868 -0.000462 -0.000159
-0.003135 -0.000462 0.506035 0.104997
-0.000462 -0.000159 0.104997 0.045856
17.828461 1.190598 20.820059 1.947552
0.499050 0.103490 -0.002462 -0.000340
0.103490 0.045524 -0.000341 -0.000126
-0.002462 -0.000341 0.498545 0.103385
-0.000340 -0.000126 0.103385 0.045508
18.749731 1.258492 22.595836 2.114120
0.493254 0.102372 -0.001863 -0.000238
0.102372 0.045308 -0.000239 -0.000099
-0.001863 -0.000239 0.492654 0.102259
-0.000238 -0.000099 0.102259 0.045292
19.690835 1.323314 23.591436 2.101418
0.488704 0.101605 -0.001332 -0.000153
0.101605 0.045179 -0.000153 -0.000078
-0.001332 -0.000153 0.488134 0.101509
-0.000153 -0.000078 0.101509 0.045167
20.317794 1.316103 24.737080 2.121199
0.485183 0.101099 -0.000921 -0.000094
0.101099 0.045106 -0.000094 -0.000062
-0.000921 -0.000094 0.484749 0.101038
-0.000094 -0.000062 0.101038 0.045101
21.005730 1.322360 25.894011 2.141331
0.482501 0.100782 -0.000610 -0.000055
0.100782 0.045068 -0.000055 -0.000051
-0.000610 -0.000055 0.482281 0.100769
-0.000055 -0.000051 0.100769 0.045072
21.754732 1.340729 26.793366 2.105463
0.480476 0.100595 -0.000397 -0.000033
0.100595 0.045049 -0.000033 -0.000044
-0.000397 -0.000033 0.480557 0.100643
-0.000033 -0.000044 0.100643 0.045064
22.346666 1.324305 28.353937 2.212035
0.478974 0.100498 -0.000284 -0.000029
0.100498 0.045040 -0.000029 -0.000040
-0.000284 -0.000029 0.479402 0.100609
-0.000029 -0.000040 0.100609 0.045066
22.975144 1.317236 29.779218 2.279153
0.477811 0.100443 -0.000253 -0.000038
0.100443 0.045032 -0.000038 -0.000038
-0.000253 -0.000038 0.478742 0.100646
-0.000038 -0.000038 0.100646 0.045074
23.199826 1.225863 30.172993 2.122142
0.476888 0.100408 -0.000310 -0.000060
0.100408 0.045021 -0.000060 -0.000039
-0.000310 -0.000060 0.478463 0.100726
-0.000060 -0.000039 0.100726 0.045083
23.875756 1.239145 31.676120 2.215298
0.476231 0.100401 -0.000385 -0.000081
0.100401 0.045010 -0.000081 -0.000039
-0.000385 -0.000081 0.478363 0.100807
-0.000081 -0.000039 0.100807 0.045086
24.509241 1.242082 32.380677 2.130294
0.475636 0.100379 -0.000554 -0.000117
0.100379 0.044992 -0.000117 -0.000043
-0.000554 -0.000117 0.478512 0.100909
-0.000117 -0.000043 0.100909 0.045090
24.979037 1.210138 33.588388 2.160369
0.475166 0.100361 -0.000785 -0.000161
0.100361 0.044973 -0.000161 -0.000048
-0.000785 -0.000161 0.478743 0.100998
-0.000161 -0.000048 0.100998 0.045089
25.808850 1.257626 34.346012 2.092314
0.474696 0.100323 -0.001069 -0.000212
0.100323 0.044948 -0.000212 -0.000054
-0.001069 -0.000212 0.479104 0.101092
-0.000212 -0.000054 0.101092 0.045088
26.130959 1.192795 35.703671 2.158023
0.474292 0.100285 -0.001444 -0.000277
0.100285 0.044924 -0.000277 -0.000064
-0.001444 -0.000277 0.479475 0.101168
-0.000277 -0.000064 0.101168 0.045084
26.507737 1.146326 36.633106 2.126446
0.473798 0.100217 -0.001844 -0.000342
0.100217 0.044894 -0.000343 -0.000073
-0.001844 -0.000343 0.479975 0.101257
-0.000342 -0.000073 0.101257 0.045083
27.052302 1.140340 38.135408 2.219045
0.473292 0.100140 -0.002257 -0.000407
0.100140 0.044864 -0.000407 -0.000082
-0.002257 -0.000407 0.480503 0.101340
-0.000407 -0.000082 0.101340 0.045083
27.624077 1.140680 39.245494 2.219164
0.472660 0.100033 -0.002756 -0.000486
0.100033 0.044829 -0.000486 -0.000095
-0.002756 -0.000486 0.481164 0.101441
-0.000486 -0.000095 0.101441 0.045089
28.208606 1.143712 40.463139 2.241940
0.471996 0.099919 -0.003318 -0.000574
0.099919 0.044795 -0.000575 -0.000110
-0.003318 -0.000575 0.481856 0.101541
-0.000574 -0.000110 0.101541 0.045095
28.910957 1.171207 41.171911 2.155165
0.471276 0.099796 -0.003952 -0.000674
0.099796 0.044762 -0.000674 -0.000128
-0.003952 -0.000674 0.482604 0.101647
-0.000674 -0.000128 0.101647 0.045105
29.668412 1.207742 42.565612 2.221783
0.470638 0.099693 -0.004644 -0.000781
0.099693 0.044734 -0.000782 -0.000147
-0.004644 -0.000782 0.483264 0.101730
-0.000781 -0.000147 0.101730 0.045112
30.915027 1.343826 43.447571 2.173942
0.469905 0.099572 -0.005466 -0.000912
0.099572 0.044704 -0.000913 -0.000171
-0.005466 -0.000913 0.484031 0.101834
-0.000912 -0.000171 0.101834 0.045125
32.195705 1.472816 44.439169 2.154258
0.469280 0.099476 -0.006493 -0.001081
0.099476 0.044680 -0.001082 -0.000203
-0.006493 -0.001082 0.484700 0.101914
-0.001081 -0.000203 0.101914 0.045135
32.925428 1.470777 44.657211 1.973714
0.468733 0.099397 -0.007726 -0.001284
0.099397 0.044661 -0.001287 -0.000242
-0.007726 -0.001287 0.485310 0.101983
-0.001284 -0.000242 0.101983 0.045144
33.774354 1.494680 45.431276 1.929117
0.468392 0.099361 -0.008877 -0.001460
0.099361 0.044651 -0.001464 -0.000274
-0.008877 -0.001464 0.485711 0.102011
-0.001460 -0.000274 0.102011 0.045146
34.603972 1.511740 45.999996 1.846097
0.468084 0.099328 -0.010069 -0.001639
0.099328 0.044640 -0.001644 -0.000307
-0.010069 -0.001644 0.486095 0.102042
-0.001639 -0.000307 0.102042 0.045151
35.137500 1.464510 46.897549 1.840485
0.467859 0.099307 -0.011266 -0.001814
0.099307 0.044632 -0.001820 -0.000339
-0.011266 -0.001820 0.486410 0.102064
-0.001814 -0.000339 0.102064 0.045156
35.393112 1.363311 47.826724 1.841717
0.467555 0.099265 -0.012432 -0.001979
0.099265 0.044619 -0.001986 -0.000370
-0.012432 -0.001986 0.486826 0.102113
-0.001979 -0.000370 0.102113 0.045167
35.597034 1.261217 48.334209 1.754298
0.467123 0.099193 -0.013494 -0.002120
0.099193 0.044600 -0.002128 -0.000397
-0.013494 -0.002128 0.487391 0.102196
-0.002120 -0.000397 0.102196 0.045186
