3.959108 2.545772 -0.127290 -0.942964
2.053490 0.821414 -0.226717 -0.090689
0.821414 80.332639 -0.090689 -0.036276
-0.226717 -0.090689 3.101368 1.240574
-0.090689 -0.036276 1.240574 80.500307
3.274277 -0.937863 0.026651 0.079856
3.364514 5.993665 -0.727930 -1.169417
5.993665 17.826662 -1.262217 -2.670646
-0.727930 -1.262217 1.940133 3.276482
-1.169417 -2.670646 3.276482 15.668878
4.363175 0.777322 1.108923 1.443355
3.246067 3.485981 -1.275796 -1.403865
3.485981 5.483060 -1.327035 -1.693810
-1.275796 -1.327035 2.188789 2.629314
-1.403865 -1.693810 2.629314 5.286043
5.589667 1.383975 0.490046 0.301762
2.621771 2.023103 -0.777630 -0.538279
2.023103 2.256539 -0.548582 -0.494786
-0.777630 -0.548582 1.640912 1.411759
-0.538279 -0.494786 1.411759 1.961694
6.425243 1.535768 3.204034 2.082264
2.058355 1.250405 -0.380874 -0.178901
1.250405 1.112042 -0.200993 -0.161212
-0.380874 -0.200993 1.288959 0.876729
-0.178901 -0.161212 0.876729 0.941297
7.332333 1.601538 3.839822 1.855505
1.336966 0.674245 -0.182982 -0.071290
0.674245 0.546006 -0.077268 -0.072837
-0.182982 -0.077268 1.333237 0.752550
-0.071290 -0.072837 0.752550 0.612434
8.423233 1.728993 4.549802 1.755245
1.061126 0.468392 -0.176199 -0.072251
0.468392 0.338941 -0.073052 -0.058701
-0.176199 -0.073052 1.339417 0.633914
-0.072251 -0.058701 0.633914 0.415549
9.214140 1.700555 6.175953 2.059010
0.921867 0.364846 -0.197700 -0.077196
0.364846 0.235364 -0.077076 -0.049337
-0.197700 -0.077076 1.288888 0.522813
-0.077196 -0.049337 0.522813 0.290613
9.446067 1.479221 8.474315 2.509599
0.860016 0.309069 -0.237849 -0.084393
0.309069 0.177553 -0.084566 -0.043252
-0.237849 -0.084566 1.194709 0.424291
-0.084393 -0.043252 0.424291 0.208573
9.733769 1.331029 10.034590 2.606569
0.842666 0.276998 -0.254198 -0.080865
0.276998 0.142392 -0.081498 -0.035381
-0.254198 -0.081498 1.052868 0.333740
-0.080865 -0.035381 0.333740 0.151425
9.964605 1.196971 10.758681 2.439270
0.822911 0.248830 -0.243605 -0.069744
0.248830 0.116964 -0.070499 -0.027170
-0.243605 -0.070499 0.926222 0.266958
-0.069744 -0.027170 0.266958 0.114989
10.283764 1.117155 11.750958 2.377997
0.795823 0.222979 -0.226675 -0.058897
0.222979 0.097985 -0.059638 -0.020818
-0.226675 -0.059638 0.830199 0.221195
-0.058897 -0.020818 0.221195 0.092136
11.177661 1.208074 13.352177 2.482564
0.765469 0.200436 -0.205022 -0.048696
0.200436 0.083934 -0.049354 -0.015887
-0.205022 -0.049354 0.752453 0.187970
-0.048696 -0.015887 0.187970 0.077011
12.152480 1.293689 13.672372 2.264703
0.730985 0.180496 -0.177117 -0.038615
0.180496 0.073360 -0.039126 -0.011866
-0.177117 -0.039126 0.687842 0.163188
-0.038615 -0.011866 0.163188 0.066707
12.622029 1.257575 15.555516 2.435835
0.693744 0.162968 -0.153971 -0.031086
0.162968 0.065342 -0.031440 -0.009081
-0.153971 -0.031440 0.642088 0.146341
-0.031086 -0.009081 0.146341 0.059987
13.321458 1.263314 15.520917 2.157582
0.662397 0.149425 -0.128428 -0.023953
0.149425 0.059656 -0.024240 -0.006799
-0.128428 -0.024240 0.599696 0.132565
-0.023953 -0.006799 0.132565 0.055050
14.338637 1.344725 16.203520 2.074232
0.632682 0.138135 -0.109729 -0.019129
0.138135 0.055414 -0.019341 -0.005311
-0.109729 -0.019341 0.569815 0.123223
-0.019129 -0.005311 0.123223 0.051813
15.229343 1.391314 17.218501 2.071196
0.604881 0.128803 -0.092549 -0.015105
0.128803 0.052268 -0.015247 -0.004164
-0.092549 -0.015247 0.546893 0.116487
-0.015105 -0.004164 0.116487 0.049602
15.798100 1.364240 18.205864 2.059969
0.580704 0.121458 -0.076253 -0.011602
0.121458 0.050013 -0.011705 -0.003245
-0.076253 -0.011705 0.528288 0.111429
-0.011602 -0.003245 0.111429 0.048049
15.953675 1.254750 19.208616 2.050208
0.560859 0.115918 -0.061665 -0.008704
0.115918 0.048449 -0.008798 -0.002534
-0.061665 -0.008798 0.513028 0.107603
-0.008704 -0.002534 0.107603 0.046953
16.595279 1.256862 20.120381 2.026517
0.545507 0.111949 -0.048971 -0.006368
0.111949 0.047414 -0.006476 -0.001991
-0.048971 -0.006476 0.500152 0.104644
-0.006368 -0.001991 0.104644 0.046167
17.130393 1.237395 21.080842 2.014837
0.532454 0.108888 -0.037730 -0.004448
0.108888 0.046690 -0.004565 -0.001564
-0.037730 -0.004565 0.490507 0.102620
-0.004448 -0.001564 0.102620 0.045658
17.658173 1.218442 22.026032 2.001263
0.521521 0.106571 -0.027848 -0.002879
0.106571 0.046196 -0.003000 -0.001225
-0.027848 -0.003000 0.483482 0.101293
-0.002879 -0.001225 0.101293 0.045341
18.628544 1.292159 22.975925 1.992317
0.512246 0.104801 -0.019303 -0.001621
0.104801 0.045856 -0.001742 -0.000956
-0.019303 -0.001742 0.478786 0.100526
-0.001621 -0.000956 0.100526 0.045161
18.752055 1.185959 24.257655 2.050474
0.503672 0.103309 -0.012259 -0.000683
0.103309 0.045594 -0.000793 -0.000752
-0.012259 -0.000793 0.476644 0.100309
-0.000683 -0.000752 0.100309 0.045104
19.926433 1.305680 25.293857 2.054404
0.496251 0.102147 -0.005921 0.000132
0.102147 0.045407 0.000030 -0.000569
-0.005921 0.000030 0.476028 0.100380
0.000132 -0.000569 0.100380 0.045102
20.648209 1.320090 26.418281 2.075060
0.488769 0.101017 -0.001722 0.000526
0.101017 0.045224 0.000442 -0.000468
-0.001722 0.000442 0.477643 0.100863
0.000526 -0.000468 0.100863 0.045179
21.270151 1.312105 27.365044 2.055846
0.481474 0.099960 0.000819 0.000636
0.099960 0.045051 0.000569 -0.000416
0.000819 0.000569 0.480809 0.101588
0.000636 -0.000416 0.101588 0.045296
21.690328 1.262969 28.899182 2.162702
0.474583 0.099008 0.001810 0.000502
0.099008 0.044892 0.000448 -0.000404
0.001810 0.000448 0.484973 0.102430
0.000502 -0.000404 0.102430 0.045426
22.415842 1.282675 30.008329 2.168540
0.466933 0.097901 0.001782 0.000248
0.097901 0.044692 0.000200 -0.000406
0.001782 0.000200 0.491149 0.103605
0.000248 -0.000406 0.103605 0.045619
23.307607 1.335660 30.791554 2.105024
0.459456 0.096844 0.000042 -0.000275
0.096844 0.044496 -0.000324 -0.000459
0.000042 -0.000324 0.498261 0.104869
-0.000275 -0.000459 0.104869 0.045821
23.943996 1.328702 32.227466 2.185486
0.452943 0.095994 -0.003571 -0.001089
0.095994 0.044336 -0.001146 -0.000565
-0.003571 -0.001146 0.505291 0.106014
-0.001089 -0.000565 0.106014 0.045993
23.627670 1.120109 32.766928 2.070480
0.446088 0.095051 -0.008138 -0.001989
0.095051 0.044146 -0.002063 -0.000682
-0.008138 -0.002063 0.513823 0.107398
-0.001989 -0.000682 0.107398 0.046215
24.154230 1.112951 33.747300 2.059074
0.440272 0.094314 -0.010771 -0.002384
0.094314 0.043992 -0.002464 -0.000686
-0.010771 -0.002464 0.521772 0.108572
-0.002384 -0.000686 0.108572 0.046391
24.612106 1.091705 34.626168 2.027867
0.434947 0.093648 -0.013950 -0.002856
0.093648 0.043844 -0.002945 -0.000717
-0.013950 -0.002945 0.529851 0.109720
-0.002856 -0.000717 0.109720 0.046567
25.665044 1.201227 35.311023 1.960339
0.430277 0.093086 -0.017228 -0.003315
0.093086 0.043708 -0.003413 -0.000752
-0.017228 -0.003413 0.537665 0.110772
-0.003315 -0.000752 0.110772 0.046728
26.415039 1.233315 35.947028 1.889945
0.426696 0.092714 -0.021979 -0.004052
0.092714 0.043606 -0.004177 -0.000857
-0.021979 -0.004177 0.544676 0.111634
-0.004052 -0.000857 0.111634 0.046859
27.027627 1.232932 37.189862 1.950700
0.423952 0.092466 -0.026943 -0.004788
0.092466 0.043521 -0.004944 -0.000965
-0.026943 -0.004944 0.550946 0.112344
-0.004788 -0.000965 0.112344 0.046969
28.091456 1.330606 38.044717 1.927282
0.421356 0.092191 -0.030587 -0.005223
0.092191 0.043422 -0.005385 -0.001011
-0.030587 -0.005385 0.557027 0.113036
-0.005223 -0.001011 0.113036 0.047087
29.133734 1.411931 38.519877 1.829655
0.419449 0.092017 -0.033967 -0.005605
0.092017 0.043342 -0.005773 -0.001057
-0.033967 -0.005773 0.562129 0.113549
-0.005605 -0.001057 0.113549 0.047178
29.529422 1.342955 39.250897 1.791506
0.418205 0.091937 -0.037353 -0.005998
0.091937 0.043278 -0.006176 -0.001115
-0.037353 -0.006176 0.566259 0.113903
-0.005998 -0.001115 0.113903 0.047248
30.326830 1.373061 40.700236 1.903147
0.417451 0.091923 -0.038425 -0.005935
0.091923 0.043229 -0.006086 -0.001083
-0.038425 -0.006086 0.568612 0.113957
-0.005935 -0.001083 0.113957 0.047269
31.466109 1.473289 41.698751 1.914690
0.418418 0.092261 -0.035219 -0.005063
0.092261 0.043260 -0.005134 -0.000891
-0.035219 -0.005134 0.565947 0.113098
-0.005063 -0.000891 0.113098 0.047124
32.431064 1.524189 42.747004 1.933987
0.421933 0.093100 -0.029646 -0.003828
0.093100 0.043397 -0.003824 -0.000650
-0.029646 -0.003824 0.557895 0.111321
-0.003828 -0.000650 0.111321 0.046819
32.788977 1.434142 43.547542 1.898754
0.429739 0.094781 -0.022568 -0.002413
0.094781 0.043710 -0.002372 -0.000398
-0.022568 -0.002372 0.542799 0.108352
-0.002413 -0.000398 0.108352 0.046307
33.741281 1.486049 44.521337 1.904704
0.440352 0.096893 -0.016333 -0.001293
0.096893 0.044093 -0.001263 -0.000231
-0.016333 -0.001263 0.525113 0.105139
-0.001293 -0.000231 0.105139 0.045780
34.330300 1.453409 45.760589 1.961894
0.456672 0.100043 -0.012499 -0.000727
0.100043 0.044680 -0.000788 -0.000191
-0.012499 -0.000788 0.502438 0.101163
-0.000727 -0.000191 0.101163 0.045119
34.749398 1.386264 46.679630 1.948298
0.478382 0.104065 -0.012993 -0.001057
0.104065 0.045420 -0.001265 -0.000333
-0.012993 -0.001265 0.477760 0.097028
-0.001057 -0.000333 0.097028 0.044440
35.662808 1.431497 46.851107 1.783910
0.502108 0.108166 -0.016850 -0.002025
0.108166 0.046138 -0.002359 -0.000581
-0.016850 -0.002359 0.455867 0.093672
-0.002025 -0.000581 0.093672 0.043923
36.160818 1.385870 48.036332 1.844457
0.526303 0.112042 -0.023773 -0.003531
0.112042 0.046780 -0.003941 -0.000905
-0.023773 -0.003941 0.437997 0.091243
-0.003531 -0.000905 0.091243 0.043574
