5.433174 3.135411 -1.433791 -1.465576
2.490737 0.996316 -0.101026 -0.040411
0.996316 80.402602 -0.040411 -0.016165
-0.101026 -0.040411 2.420540 0.968237
-0.040411 -0.016165 0.968237 80.391370
4.562064 -1.117883 -1.428725 -0.193665
2.218777 3.874564 -0.097998 -0.152341
3.874564 15.214289 -0.150933 -0.522451
-0.097998 -0.150933 2.311507 4.050591
-0.152341 -0.522451 4.050591 15.343601
7.041444 2.414935 1.072865 2.800836
1.977553 2.294296 -0.103039 -0.113746
2.294296 4.558376 -0.113757 -0.201290
-0.103039 -0.113757 2.036381 2.340868
-0.113746 -0.201290 2.340868 4.562465
7.329780 1.634920 1.040804 1.598948
1.697021 1.434551 -0.068571 -0.054500
1.434551 1.908939 -0.054377 -0.072672
-0.068571 -0.054377 1.736888 1.455234
-0.054500 -0.072672 1.455234 1.913151
7.809128 1.412319 3.590436 2.749287
1.466143 0.970979 -0.056109 -0.036085
0.970979 0.973988 -0.036021 -0.037494
-0.056109 -0.036021 1.500780 0.986556
-0.036085 -0.037494 0.986556 0.980423
8.023228 1.144683 5.972603 3.294174
1.289579 0.701887 -0.044380 -0.023963
0.701887 0.566789 -0.023917 -0.020832
-0.044380 -0.023917 1.311118 0.709095
-0.023963 -0.020832 0.709095 0.569565
9.133913 1.393878 5.833490 2.472285
1.150552 0.531995 -0.035332 -0.016552
0.531995 0.361618 -0.016517 -0.012518
-0.035332 -0.016517 1.160985 0.534126
-0.016552 -0.012518 0.534126 0.362475
9.596507 1.299525 7.056213 2.467000
1.035587 0.416983 -0.029533 -0.012285
0.416983 0.247001 -0.012261 -0.008174
-0.029533 -0.012261 1.044224 0.418948
-0.012285 -0.008174 0.418948 0.248049
9.900622 1.176046 7.982274 2.357499
0.942226 0.336978 -0.024910 -0.009340
0.336978 0.178771 -0.009323 -0.005570
-0.024910 -0.009323 0.948794 0.338459
-0.009340 -0.005570 0.338459 0.179647
10.215341 1.087723 9.331953 2.412724
0.865192 0.279365 -0.021368 -0.007305
0.279365 0.135902 -0.007292 -0.003946
-0.021368 -0.007292 0.870016 0.280432
-0.007305 -0.003946 0.280432 0.136587
10.650448 1.055693 10.247898 2.327005
0.801134 0.236861 -0.018314 -0.005762
0.236861 0.107875 -0.005753 -0.002859
-0.018314 -0.005753 0.804102 0.237479
-0.005762 -0.002859 0.237479 0.108362
11.160467 1.050862 11.256864 2.284673
0.747156 0.204815 -0.015785 -0.004606
0.204815 0.088962 -0.004599 -0.002119
-0.015785 -0.004599 0.748828 0.205164
-0.004606 -0.002119 0.205164 0.089321
11.953645 1.119833 11.900814 2.156485
0.701467 0.180324 -0.013594 -0.003702
0.180324 0.075910 -0.003697 -0.001594
-0.013594 -0.003697 0.702180 0.180498
-0.003702 -0.001594 0.180498 0.076179
12.238574 1.052734 13.533127 2.291558
0.662527 0.161392 -0.011711 -0.002992
0.161392 0.066748 -0.002988 -0.001215
-0.011711 -0.002988 0.662837 0.161523
-0.002992 -0.001215 0.161523 0.066969
12.711864 1.040422 14.172856 2.173546
0.629667 0.146755 -0.009961 -0.002398
0.146755 0.060267 -0.002395 -0.000929
-0.009961 -0.002395 0.629257 0.146754
-0.002398 -0.000929 0.146754 0.060424
13.406407 1.079631 15.462985 2.219326
0.601723 0.135357 -0.008518 -0.001939
0.135357 0.055643 -0.001937 -0.000720
-0.008518 -0.001937 0.600881 0.135290
-0.001939 -0.000720 0.135290 0.055759
13.996456 1.090618 16.440649 2.190410
0.578085 0.126501 -0.007167 -0.001546
0.126501 0.052343 -0.001545 -0.000557
-0.007167 -0.001545 0.576906 0.126384
-0.001546 -0.000557 0.126384 0.052426
15.273251 1.247417 17.565531 2.196857
0.558164 0.119643 -0.005982 -0.001225
0.119643 0.049996 -0.001224 -0.000432
-0.005982 -0.001224 0.556770 0.119498
-0.001225 -0.000432 0.119498 0.050054
15.823737 1.231923 18.481818 2.158320
0.541413 0.114354 -0.004878 -0.000949
0.114354 0.048335 -0.000948 -0.000332
-0.004878 -0.000948 0.540036 0.114225
-0.000949 -0.000332 0.114225 0.048381
16.771469 1.301399 20.018850 2.254290
0.527513 0.110332 -0.003939 -0.000728
0.110332 0.047177 -0.000728 -0.000257
-0.003939 -0.000728 0.526177 0.110216
-0.000728 -0.000257 0.110216 0.047212
17.473638 1.312031 20.789536 2.180068
0.516072 0.107311 -0.003077 -0.000538
0.107311 0.046384 -0.000539 -0.000196
-0.003077 -0.000539 0.514829 0.107212
-0.000538 -0.000196 0.107212 0.046411
18.994884 1.491502 22.184916 2.243645
0.506754 0.105078 -0.002367 -0.000392
0.105078 0.045853 -0.000393 -0.000151
-0.002367 -0.000393 0.505655 0.105003
-0.000392 -0.000151 0.105003 0.045873
19.438899 1.428762 22.140657 2.001605
0.499219 0.103456 -0.001763 -0.000276
0.103456 0.045507 -0.000276 -0.000116
-0.001763 -0.000276 0.498379 0.103423
-0.000276 -0.000116 0.103423 0.045527
19.730439 1.341054 23.149298 2.003167
0.493268 0.102318 -0.001314 -0.000196
0.102318 0.045292 -0.000196 -0.000091
-0.001314 -0.000196 0.492645 0.102316
-0.000196 -0.000091 0.102316 0.045309
20.071994 1.272686 24.144943 2.001889
0.488634 0.101548 -0.000949 -0.000135
0.101548 0.045166 -0.000135 -0.000072
-0.000949 -0.000135 0.488211 0.101569
-0.000135 -0.000072 0.101569 0.045181
20.419062 1.212439 25.271185 2.027985
0.485076 0.101047 -0.000658 -0.000090
0.101047 0.045097 -0.000090 -0.000057
-0.000658 -0.000090 0.484863 0.101092
-0.000090 -0.000057 0.101092 0.045111
21.029027 1.213244 26.628636 2.099762
0.482374 0.100737 -0.000429 -0.000057
0.100737 0.045062 -0.000057 -0.000046
-0.000429 -0.000057 0.482415 0.100816
-0.000057 -0.000046 0.100816 0.045078
21.902317 1.269063 27.486594 2.059575
0.480322 0.100554 -0.000270 -0.000037
0.100554 0.045045 -0.000037 -0.000038
-0.000270 -0.000037 0.480717 0.100686
-0.000037 -0.000038 0.100686 0.045068
22.126103 1.182891 29.040042 2.169467
0.478800 0.100459 -0.000210 -0.000036
0.100459 0.045037 -0.000036 -0.000034
-0.000210 -0.000036 0.479581 0.100649
-0.000036 -0.000034 0.100649 0.045069
22.959080 1.233666 29.940575 2.130744
0.477613 0.100405 -0.000186 -0.000038
0.100405 0.045029 -0.000039 -0.000031
-0.000186 -0.000039 0.478945 0.100685
-0.000038 -0.000031 0.100685 0.045076
23.376173 1.191612 30.493288 2.022830
0.476724 0.100382 -0.000260 -0.000059
0.100382 0.045020 -0.000059 -0.000032
-0.000260 -0.000059 0.478630 0.100753
-0.000059 -0.000032 0.100753 0.045083
23.768923 1.148804 30.936978 1.903207
0.476081 0.100381 -0.000371 -0.000083
0.100381 0.045010 -0.000083 -0.000034
-0.000371 -0.000083 0.478516 0.100828
-0.000083 -0.000034 0.100828 0.045086
24.482034 1.178082 31.761208 1.876350
0.475624 0.100389 -0.000508 -0.000109
0.100389 0.044998 -0.000109 -0.000035
-0.000508 -0.000109 0.478525 0.100898
-0.000109 -0.000035 0.100898 0.045084
24.927463 1.147747 32.794064 1.896321
0.475256 0.100390 -0.000719 -0.000147
0.100390 0.044982 -0.000148 -0.000040
-0.000719 -0.000148 0.478652 0.100968
-0.000147 -0.000040 0.100968 0.045080
25.428910 1.132424 33.232291 1.788729
0.474897 0.100373 -0.000971 -0.000191
0.100373 0.044960 -0.000191 -0.000046
-0.000971 -0.000191 0.478899 0.101041
-0.000191 -0.000046 0.101041 0.045076
26.236519 1.183482 34.397007 1.845786
0.474617 0.100355 -0.001247 -0.000235
0.100355 0.044939 -0.000236 -0.000052
-0.001247 -0.000236 0.479141 0.101096
-0.000235 -0.000052 0.101096 0.045068
26.494520 1.112881 35.184150 1.817115
0.474290 0.100315 -0.001630 -0.000300
0.100315 0.044914 -0.000301 -0.000062
-0.001630 -0.000301 0.479468 0.101155
-0.000300 -0.000062 0.101155 0.045063
27.776734 1.266401 35.952729 1.787687
0.473941 0.100263 -0.001999 -0.000358
0.100263 0.044887 -0.000358 -0.000071
-0.001999 -0.000358 0.479830 0.101212
-0.000358 -0.000071 0.101212 0.045059
28.856568 1.360906 36.860351 1.790675
0.473641 0.100216 -0.002547 -0.000450
0.100216 0.044864 -0.000451 -0.000087
-0.002547 -0.000451 0.480146 0.101251
-0.000450 -0.000087 0.101251 0.045053
29.250562 1.300231 37.528570 1.742726
0.473346 0.100167 -0.003229 -0.000565
0.100167 0.044842 -0.000566 -0.000108
-0.003229 -0.000566 0.480453 0.101285
-0.000565 -0.000108 0.101285 0.045047
29.649672 1.247299 39.001119 1.869343
0.473037 0.100112 -0.003872 -0.000666
0.100112 0.044821 -0.000667 -0.000126
-0.003872 -0.000667 0.480765 0.101318
-0.000666 -0.000126 0.101318 0.045044
30.390715 1.272233 40.150561 1.914637
0.472546 0.100019 -0.004564 -0.000772
0.100019 0.044793 -0.000773 -0.000144
-0.004564 -0.000773 0.481260 0.101389
-0.000772 -0.000144 0.101389 0.045051
31.661034 1.406483 41.092511 1.911712
0.472002 0.099918 -0.005352 -0.000895
0.099918 0.044766 -0.000896 -0.000167
-0.005352 -0.000896 0.481813 0.101468
-0.000895 -0.000167 0.101468 0.045060
32.040226 1.337939 42.165438 1.936166
0.471531 0.099837 -0.006338 -0.001055
0.099837 0.044745 -0.001057 -0.000197
-0.006338 -0.001057 0.482303 0.101531
-0.001055 -0.000197 0.101531 0.045067
32.468190 1.286533 42.617359 1.827375
0.470975 0.099740 -0.007290 -0.001200
0.099740 0.044721 -0.001202 -0.000224
-0.007290 -0.001202 0.482888 0.101613
-0.001200 -0.000224 0.101613 0.045080
33.236055 1.313359 44.049010 1.936434
0.470511 0.099667 -0.008152 -0.001323
0.099667 0.044704 -0.001324 -0.000246
-0.008152 -0.001324 0.483383 0.101674
-0.001323 -0.000246 0.101674 0.045088
34.092024 1.355900 45.340914 2.004688
0.469919 0.099568 -0.009167 -0.001475
0.099568 0.044682 -0.001477 -0.000275
-0.009167 -0.001477 0.484036 0.101769
-0.001475 -0.000275 0.101769 0.045105
34.809102 1.364485 46.608334 2.060445
0.469272 0.099460 -0.010327 -0.001655
0.099460 0.044658 -0.001657 -0.000310
-0.010327 -0.001657 0.484781 0.101881
-0.001655 -0.000310 0.101881 0.045125
35.206793 1.303811 47.369714 2.003609
0.468562 0.099343 -0.011576 -0.001847
0.099343 0.044634 -0.001849 -0.000347
-0.011576 -0.001849 0.485625 0.102010
-0.001847 -0.000347 0.102010 0.045150
35.909485 1.314059 47.997642 1.925171
0.467892 0.099239 -0.012728 -0.002013
0.099239 0.044612 -0.002016 -0.000379
-0.012728 -0.002016 0.486442 0.102129
-0.002013 -0.000379 0.102129 0.045172
