3.660890 2.426482 2.122479 -0.043037
2.490737 0.996316 -0.101026 -0.040411
0.996316 80.402602 -0.040411 -0.016165
-0.101026 -0.040411 2.420540 0.968237
-0.040411 -0.016165 0.968237 80.391370
5.115943 2.855059 2.811025 1.203632
2.250809 3.930556 -0.093078 -0.143436
3.930556 15.312161 -0.142642 -0.507429
-0.093078 -0.142642 2.276901 3.989979
-0.143436 -0.507429 3.989979 15.237443
6.181122 2.437237 4.124190 2.022512
1.991728 2.305718 -0.075777 -0.083119
2.305718 4.571589 -0.082953 -0.165863
-0.075777 -0.082953 2.016551 2.323389
-0.083119 -0.165863 2.323389 4.542768
5.562507 0.885001 2.873779 0.123584
1.708761 1.442436 -0.058737 -0.048656
1.442436 1.917273 -0.048581 -0.068594
-0.058737 -0.048581 1.723192 1.446269
-0.048656 -0.068594 1.446269 1.904194
8.052076 2.239420 2.694930 -0.035365
1.475922 0.976511 -0.056200 -0.037399
0.976511 0.978918 -0.037389 -0.038258
-0.056200 -0.037389 1.490638 0.981085
-0.037399 -0.038258 0.981085 0.975570
8.752228 2.011067 3.713636 0.525704
1.289172 0.701183 -0.046273 -0.025377
0.701183 0.567269 -0.025366 -0.021200
-0.046273 -0.025366 1.311785 0.710035
-0.025377 -0.021200 0.710035 0.569154
9.474504 1.879889 5.129173 1.056101
1.145293 0.529560 -0.038204 -0.017886
0.529560 0.361188 -0.017874 -0.012753
-0.038204 -0.017874 1.166762 0.536807
-0.017886 -0.012753 0.536807 0.362950
10.851234 2.055811 5.997799 1.192516
1.031316 0.415550 -0.031413 -0.012886
0.415550 0.246979 -0.012872 -0.008108
-0.031413 -0.012872 1.048838 0.420495
-0.012886 -0.008108 0.420495 0.248061
10.750439 1.651754 6.357009 1.108383
0.938007 0.335842 -0.025619 -0.009399
0.335842 0.178778 -0.009386 -0.005362
-0.025619 -0.009386 0.953200 0.339629
-0.009399 -0.005362 0.339629 0.179610
11.743496 1.705383 8.739120 1.696637
0.861215 0.278470 -0.022044 -0.007343
0.278470 0.135919 -0.007332 -0.003795
-0.022044 -0.007332 0.874154 0.281346
-0.007343 -0.003795 0.281346 0.136545
11.681071 1.434444 9.352613 1.627637
0.797824 0.236259 -0.018215 -0.005573
0.236259 0.107924 -0.005562 -0.002686
-0.018215 -0.005562 0.807461 0.238067
-0.005573 -0.002686 0.238067 0.108287
11.221383 1.111151 10.906141 1.830190
0.744447 0.204417 -0.015594 -0.004425
0.204417 0.089020 -0.004415 -0.001986
-0.015594 -0.004415 0.751554 0.205543
-0.004425 -0.001986 0.205543 0.089242
12.163431 1.210764 11.088499 1.642117
0.699693 0.180175 -0.013516 -0.003580
0.180175 0.075994 -0.003571 -0.001504
-0.013516 -0.003571 0.703958 0.180629
-0.003580 -0.001504 0.180629 0.076079
12.919493 1.247476 12.697120 1.833690
0.661206 0.161332 -0.011768 -0.002923
0.161332 0.066820 -0.002916 -0.001156
-0.011768 -0.002916 0.664162 0.161568
-0.002923 -0.001156 0.161568 0.066885
13.844000 1.317680 13.016018 1.694454
0.628575 0.146721 -0.010016 -0.002343
0.146721 0.060319 -0.002337 -0.000886
-0.010016 -0.002337 0.630345 0.146775
-0.002343 -0.000886 0.146775 0.060362
14.841556 1.394003 14.235489 1.778164
0.600668 0.135304 -0.008548 -0.001890
0.135304 0.055673 -0.001885 -0.000687
-0.008548 -0.001885 0.601926 0.135331
-0.001890 -0.000687 0.135331 0.055722
15.081117 1.293770 15.060406 1.764072
0.577054 0.126431 -0.007161 -0.001499
0.126431 0.052356 -0.001495 -0.000531
-0.007161 -0.001495 0.577923 0.126443
-0.001499 -0.000531 0.126443 0.052409
16.176877 1.390151 16.264023 1.833087
0.557214 0.119573 -0.006025 -0.001199
0.119573 0.049998 -0.001195 -0.000415
-0.006025 -0.001195 0.557708 0.119559
-0.001199 -0.000415 0.119559 0.050047
16.709634 1.355910 17.546692 1.910414
0.540593 0.114296 -0.004955 -0.000936
0.114296 0.048333 -0.000933 -0.000323
-0.004955 -0.000933 0.540844 0.114276
-0.000936 -0.000323 0.114276 0.048380
17.191080 1.314833 18.764258 1.965273
0.526837 0.110289 -0.004015 -0.000720
0.110289 0.047173 -0.000718 -0.000250
-0.004015 -0.000718 0.526841 0.110253
-0.000720 -0.000250 0.110253 0.047214
18.108772 1.368864 19.190195 1.849495
0.515550 0.107285 -0.003200 -0.000545
0.107285 0.046380 -0.000543 -0.000195
-0.003200 -0.000543 0.515341 0.107233
-0.000545 -0.000195 0.107233 0.046413
18.179958 1.241717 20.536909 1.936921
0.506334 0.105060 -0.002530 -0.000409
0.105060 0.045847 -0.000408 -0.000152
-0.002530 -0.000408 0.506066 0.105018
-0.000409 -0.000152 0.105018 0.045879
18.856577 1.253322 21.705784 1.978500
0.498975 0.103461 -0.001955 -0.000300
0.103461 0.045503 -0.000299 -0.000120
-0.001955 -0.000299 0.498616 0.103415
-0.000300 -0.000120 0.103415 0.045529
19.627209 1.283295 23.212578 2.085968
0.493139 0.102335 -0.001465 -0.000212
0.102335 0.045289 -0.000211 -0.000094
-0.001465 -0.000211 0.492767 0.102298
-0.000212 -0.000094 0.102298 0.045312
20.058221 1.239542 24.475501 2.131678
0.488562 0.101564 -0.001052 -0.000143
0.101564 0.045161 -0.000142 -0.000073
-0.001052 -0.000142 0.488277 0.101551
-0.000143 -0.000073 0.101551 0.045185
20.835371 1.272274 25.060865 2.031540
0.485025 0.101057 -0.000720 -0.000091
0.101057 0.045090 -0.000090 -0.000058
-0.000720 -0.000090 0.484909 0.101081
-0.000091 -0.000058 0.101081 0.045117
21.615427 1.302357 26.350752 2.088831
0.482349 0.100745 -0.000493 -0.000060
0.100745 0.045055 -0.000060 -0.000048
-0.000493 -0.000060 0.482436 0.100807
-0.000060 -0.000048 0.100807 0.045085
22.012897 1.249247 27.502692 2.111336
0.480322 0.100561 -0.000355 -0.000047
0.100561 0.045039 -0.000047 -0.000041
-0.000355 -0.000047 0.480713 0.100678
-0.000047 -0.000041 0.100678 0.045075
22.212687 1.160102 28.345627 2.066677
0.478801 0.100461 -0.000279 -0.000043
0.100461 0.045031 -0.000043 -0.000037
-0.000279 -0.000043 0.479578 0.100646
-0.000043 -0.000037 0.100646 0.045076
23.204216 1.246601 29.274221 2.044663
0.477678 0.100418 -0.000241 -0.000044
0.100418 0.045025 -0.000044 -0.000033
-0.000241 -0.000044 0.478878 0.100672
-0.000044 -0.000033 0.100672 0.045080
23.610358 1.200877 30.449683 2.076898
0.476846 0.100403 -0.000315 -0.000066
0.100403 0.045019 -0.000065 -0.000035
-0.000315 -0.000065 0.478507 0.100731
-0.000066 -0.000035 0.100731 0.045085
23.833951 1.121426 31.519191 2.083444
0.476181 0.100394 -0.000436 -0.000093
0.100394 0.045008 -0.000093 -0.000037
-0.000436 -0.000093 0.478415 0.100815
-0.000093 -0.000037 0.100815 0.045089
24.193541 1.078981 32.879171 2.150555
0.475622 0.100379 -0.000577 -0.000120
0.100379 0.044991 -0.000120 -0.000039
-0.000577 -0.000120 0.478527 0.100909
-0.000120 -0.000039 0.100909 0.045091
24.159027 0.957730 33.266368 2.005388
0.475079 0.100345 -0.000764 -0.000153
0.100345 0.044969 -0.000153 -0.000042
-0.000764 -0.000153 0.478831 0.101014
-0.000153 -0.000042 0.101014 0.045093
24.454200 0.918906 34.241677 1.999603
0.474654 0.100317 -0.000904 -0.000173
0.100317 0.044947 -0.000173 -0.000043
-0.000904 -0.000173 0.479146 0.101097
-0.000173 -0.000043 0.101097 0.045090
25.318687 1.004542 35.122454 1.974514
0.474224 0.100274 -0.001073 -0.000198
0.100274 0.044921 -0.000198 -0.000045
-0.001073 -0.000198 0.479540 0.101178
-0.000198 -0.000045 0.101178 0.045086
25.902776 1.021825 35.831774 1.915888
0.473811 0.100223 -0.001370 -0.000249
0.100223 0.044895 -0.000249 -0.000053
-0.001370 -0.000249 0.479955 0.101249
-0.000249 -0.000053 0.101249 0.045082
26.441303 1.027600 36.215499 1.794789
0.473422 0.100169 -0.001723 -0.000308
0.100169 0.044870 -0.000308 -0.000062
-0.001723 -0.000308 0.480360 0.101307
-0.000308 -0.000062 0.101307 0.045077
27.197006 1.078729 36.697804 1.707314
0.473103 0.100125 -0.002102 -0.000368
0.100125 0.044848 -0.000369 -0.000072
-0.002102 -0.000369 0.480692 0.101344
-0.000368 -0.000072 0.101344 0.045069
28.414800 1.222309 37.421146 1.679989
0.472834 0.100087 -0.002550 -0.000440
0.100087 0.044828 -0.000441 -0.000085
-0.002550 -0.000441 0.480966 0.101365
-0.000440 -0.000085 0.101365 0.045061
28.764382 1.167102 38.914545 1.817580
0.472598 0.100051 -0.003171 -0.000545
0.100051 0.044811 -0.000546 -0.000104
-0.003171 -0.000546 0.481199 0.101378
-0.000545 -0.000104 0.101378 0.045054
29.414634 1.181192 39.723380 1.796550
0.472157 0.099969 -0.003828 -0.000652
0.099969 0.044785 -0.000653 -0.000124
-0.003828 -0.000653 0.481640 0.101436
-0.000652 -0.000124 0.101436 0.045058
30.475399 1.280869 40.901420 1.855641
0.471712 0.099889 -0.004529 -0.000763
0.099889 0.044761 -0.000764 -0.000144
-0.004529 -0.000764 0.482082 0.101493
-0.000763 -0.000144 0.101493 0.045064
31.282737 1.316338 42.072836 1.906990
0.471226 0.099802 -0.005410 -0.000907
0.099802 0.044738 -0.000909 -0.000171
-0.005410 -0.000909 0.482575 0.101560
-0.000907 -0.000171 0.101560 0.045073
31.663726 1.257693 43.148214 1.932467
0.470682 0.099706 -0.006390 -0.001065
0.099706 0.044714 -0.001067 -0.000200
-0.006390 -0.001067 0.483143 0.101641
-0.001065 -0.000200 0.101641 0.045086
32.076296 1.211973 44.266237 1.964235
0.470058 0.099597 -0.007336 -0.001209
0.099597 0.044689 -0.001211 -0.000226
-0.007336 -0.001211 0.483805 0.101740
-0.001209 -0.000226 0.101740 0.045103
32.785327 1.234120 45.615113 2.041420
0.469359 0.099477 -0.008272 -0.001346
0.099477 0.044662 -0.001348 -0.000251
-0.008272 -0.001348 0.484562 0.101855
-0.001346 -0.000251 0.101855 0.045123
33.565269 1.268702 46.682670 2.051421
0.468574 0.099344 -0.009321 -0.001504
0.099344 0.044634 -0.001506 -0.000281
-0.009321 -0.001506 0.485437 0.101992
-0.001504 -0.000281 0.101992 0.045149
34.226141 1.273924 47.344571 1.975044
0.467811 0.099221 -0.010461 -0.001677
0.099221 0.044609 -0.001679 -0.000314
-0.010461 -0.001679 0.486322 0.102124
-0.001677 -0.000314 0.102124 0.045173
35.198084 1.344906 48.246108 1.957419
0.467168 0.099128 -0.011590 -0.001843
0.099128 0.044591 -0.001846 -0.000346
-0.011590 -0.001846 0.487100 0.102230
-0.001843 -0.000346 0.102230 0.045192
