5.157549 3.025159 1.833602 -0.158590
2.575399 1.030182 -0.261185 -0.104476
1.030182 80.416148 -0.104476 -0.041791
-0.261185 -0.104476 2.388565 0.955447
-0.104476 -0.041791 0.955447 80.386254
7.019361 3.625947 1.454455 -0.677199
2.223052 3.862413 -0.221456 -0.338676
3.862413 15.392107 -0.332382 -1.248669
-0.221456 -0.332382 2.343586 4.109932
-0.338676 -1.248669 4.109932 15.350824
7.323053 1.882009 3.556139 2.113277
1.942290 2.260080 -0.186825 -0.207634
2.260080 4.575130 -0.206240 -0.419523
-0.186825 -0.206240 2.101273 2.406472
-0.207634 -0.419523 2.406472 4.613033
7.748701 1.444639 5.408540 2.776087
1.689053 1.437070 -0.149008 -0.124766
1.437070 1.932572 -0.124202 -0.175275
-0.149008 -0.124202 1.766926 1.471308
-0.124766 -0.175275 1.471308 1.917657
7.386694 0.722419 6.016856 2.267768
1.474402 0.982178 -0.117940 -0.079129
0.982178 0.990015 -0.078754 -0.086314
-0.117940 -0.078754 1.507328 0.985686
-0.079129 -0.086314 0.985686 0.977244
7.784819 0.744600 4.960109 1.087319
1.300952 0.711172 -0.101948 -0.057133
0.711172 0.575582 -0.056924 -0.050000
-0.101948 -0.056924 1.312769 0.707537
-0.057133 -0.050000 0.707537 0.568298
7.715291 0.538588 6.511253 1.550429
1.153823 0.535176 -0.093193 -0.044608
0.535176 0.364885 -0.044518 -0.032092
-0.093193 -0.044518 1.170756 0.537492
-0.044608 -0.032092 0.537492 0.364202
8.142950 0.601736 8.095196 1.874064
1.040785 0.420176 -0.081986 -0.034162
0.420176 0.249297 -0.034098 -0.021112
-0.081986 -0.034098 1.050364 0.420701
-0.034162 -0.021112 0.420701 0.248983
9.049417 0.818878 8.846606 1.807357
0.949127 0.340150 -0.070005 -0.025856
0.340150 0.180494 -0.025801 -0.014197
-0.070005 -0.025801 0.951010 0.338824
-0.025856 -0.014197 0.338824 0.180010
9.531786 0.841939 10.656514 2.099150
0.871508 0.281821 -0.059551 -0.019798
0.281821 0.137043 -0.019754 -0.009857
-0.059551 -0.019754 0.870911 0.280513
-0.019798 -0.009857 0.280513 0.136834
10.345514 0.958260 11.471567 2.029724
0.807643 0.239021 -0.049780 -0.015090
0.239021 0.108726 -0.015055 -0.006960
-0.049780 -0.015055 0.803068 0.237102
-0.015090 -0.006960 0.237102 0.108447
11.197662 1.060689 11.983781 1.891883
0.753109 0.206552 -0.041813 -0.011684
0.206552 0.089568 -0.011657 -0.005049
-0.041813 -0.011657 0.747064 0.204712
-0.011684 -0.005049 0.204712 0.089370
12.543023 1.270270 12.460119 1.771000
0.706352 0.181597 -0.035427 -0.009203
0.181597 0.076317 -0.009185 -0.003754
-0.035427 -0.009185 0.700557 0.180180
-0.009203 -0.003754 0.180180 0.076246
13.549368 1.360654 12.705293 1.614843
0.665984 0.162199 -0.029882 -0.007265
0.162199 0.066995 -0.007253 -0.002827
-0.029882 -0.007253 0.661889 0.161428
-0.007265 -0.002827 0.161428 0.067070
13.828476 1.267079 12.973932 1.488986
0.631455 0.147115 -0.025348 -0.005800
0.147115 0.060385 -0.005792 -0.002166
-0.025348 -0.005792 0.629437 0.146941
-0.005800 -0.002166 0.146941 0.060567
14.516687 1.279401 13.807313 1.509037
0.602403 0.135457 -0.021887 -0.004737
0.135457 0.055694 -0.004732 -0.001696
-0.021887 -0.004732 0.601807 0.135627
-0.004737 -0.001696 0.135627 0.055911
14.774448 1.196058 15.046458 1.615121
0.578042 0.126455 -0.018755 -0.003847
0.126455 0.052360 -0.003844 -0.001333
-0.018755 -0.003844 0.578253 0.126778
-0.003847 -0.001333 0.126778 0.052568
16.056695 1.342912 16.204745 1.690835
0.557963 0.119586 -0.015945 -0.003105
0.119586 0.050009 -0.003103 -0.001051
-0.015945 -0.003103 0.558023 0.119833
-0.003105 -0.001051 0.119833 0.050164
16.508264 1.296348 16.872684 1.653135
0.541105 0.114293 -0.013179 -0.002431
0.114293 0.048345 -0.002431 -0.000818
-0.013179 -0.002431 0.541165 0.114503
-0.002431 -0.000818 0.114503 0.048465
16.398759 1.138685 18.904551 1.905124
0.527186 0.110281 -0.010874 -0.001905
0.110281 0.047188 -0.001905 -0.000643
-0.010874 -0.001905 0.527153 0.110438
-0.001905 -0.000643 0.110438 0.047275
17.636154 1.277532 19.705284 1.873986
0.516110 0.107345 -0.008712 -0.001442
0.107345 0.046411 -0.001444 -0.000500
-0.008712 -0.001444 0.515296 0.107311
-0.001442 -0.000500 0.107311 0.046441
18.313601 1.285271 20.231772 1.788767
0.506935 0.105142 -0.006828 -0.001065
0.105142 0.045882 -0.001067 -0.000388
-0.006828 -0.001067 0.505866 0.105044
-0.001065 -0.000388 0.105044 0.045889
18.885995 1.270762 21.205426 1.805172
0.499520 0.103539 -0.005295 -0.000779
0.103539 0.045535 -0.000781 -0.000305
-0.005295 -0.000781 0.498389 0.103423
-0.000779 -0.000305 0.103423 0.045532
19.321256 1.229763 23.037336 1.998073
0.493635 0.102409 -0.004005 -0.000554
0.102409 0.045318 -0.000556 -0.000241
-0.004005 -0.000556 0.492524 0.102291
-0.000554 -0.000241 0.102291 0.045310
20.376412 1.321465 24.459359 2.086285
0.488992 0.101628 -0.002855 -0.000364
0.101628 0.045187 -0.000365 -0.000188
-0.002855 -0.000365 0.488049 0.101540
-0.000364 -0.000188 0.101540 0.045180
20.851688 1.282917 25.731174 2.133898
0.485266 0.101086 -0.001972 -0.000231
0.101086 0.045107 -0.000232 -0.000150
-0.001972 -0.000232 0.484830 0.101094
-0.000231 -0.000150 0.101094 0.045116
21.442483 1.272277 26.575963 2.087453
0.482303 0.100719 -0.001314 -0.000144
0.100719 0.045060 -0.000144 -0.000122
-0.001314 -0.000144 0.482614 0.100866
-0.000144 -0.000122 0.100866 0.045093
21.760262 1.205572 27.299403 2.020309
0.479987 0.100483 -0.000899 -0.000102
0.100483 0.045032 -0.000103 -0.000105
-0.000899 -0.000103 0.481159 0.100782
-0.000102 -0.000105 0.100782 0.045091
21.947683 1.118389 28.039582 1.963610
0.478192 0.100339 -0.000645 -0.000086
0.100339 0.045015 -0.000086 -0.000093
-0.000645 -0.000086 0.480280 0.100790
-0.000086 -0.000093 0.100790 0.045099
22.346172 1.084585 28.702417 1.896560
0.476781 0.100248 -0.000495 -0.000083
0.100248 0.045001 -0.000083 -0.000084
-0.000495 -0.000083 0.479856 0.100859
-0.000083 -0.000084 0.100859 0.045111
23.018280 1.111928 29.295485 1.821811
0.475662 0.100190 -0.000483 -0.000101
0.100190 0.044986 -0.000101 -0.000079
-0.000483 -0.000101 0.479764 0.100959
-0.000101 -0.000079 0.100959 0.045123
23.728690 1.144510 30.083543 1.795935
0.474775 0.100151 -0.000666 -0.000151
0.100151 0.044969 -0.000151 -0.000080
-0.000666 -0.000151 0.479891 0.101071
-0.000151 -0.000080 0.101071 0.045131
24.123207 1.106963 31.328306 1.869016
0.474003 0.100109 -0.001045 -0.000232
0.100109 0.044948 -0.000232 -0.000088
-0.001045 -0.000232 0.480219 0.101192
-0.000232 -0.000088 0.101192 0.045138
24.357344 1.039453 32.333315 1.883877
0.473125 0.100020 -0.001539 -0.000326
0.100020 0.044913 -0.000327 -0.000099
-0.001539 -0.000327 0.480872 0.101354
-0.000326 -0.000099 0.101354 0.045152
25.212441 1.110437 33.980619 2.032557
0.472181 0.099902 -0.002064 -0.000417
0.099902 0.044873 -0.000418 -0.000109
-0.002064 -0.000418 0.481733 0.101533
-0.000417 -0.000109 0.101533 0.045168
26.378730 1.239786 34.694615 1.968923
0.470955 0.099713 -0.002948 -0.000575
0.099713 0.044818 -0.000576 -0.000133
-0.002948 -0.000576 0.482985 0.101769
-0.000575 -0.000133 0.101769 0.045196
27.297507 1.303137 35.811384 1.996843
0.469924 0.099564 -0.004214 -0.000800
0.099564 0.044774 -0.000803 -0.000171
-0.004214 -0.000803 0.484102 0.101952
-0.000800 -0.000171 0.101952 0.045212
28.181559 1.352426 36.805656 1.996041
0.468851 0.099403 -0.005773 -0.001071
0.099403 0.044728 -0.001074 -0.000218
-0.005773 -0.001074 0.485316 0.102139
-0.001071 -0.000218 0.102139 0.045230
28.883038 1.357520 37.234094 1.876269
0.467799 0.099243 -0.007565 -0.001372
0.099243 0.044684 -0.001377 -0.000269
-0.007565 -0.001377 0.486555 0.102319
-0.001372 -0.000269 0.102319 0.045249
29.283345 1.298545 38.382083 1.920179
0.467008 0.099138 -0.009352 -0.001654
0.099138 0.044653 -0.001660 -0.000316
-0.009352 -0.001660 0.487542 0.102437
-0.001654 -0.000316 0.102437 0.045257
30.381064 1.393516 39.015719 1.852042
0.465985 0.098978 -0.011134 -0.001921
0.098978 0.044611 -0.001929 -0.000361
-0.011134 -0.001929 0.488812 0.102613
-0.001921 -0.000361 0.102613 0.045281
30.781570 1.330194 39.633480 1.787044
0.465241 0.098877 -0.013210 -0.002241
0.098877 0.044582 -0.002251 -0.000418
-0.013210 -0.002251 0.489838 0.102733
-0.002241 -0.000418 0.102733 0.045295
30.983929 1.230917 39.916355 1.658412
0.464527 0.098778 -0.015123 -0.002515
0.098778 0.044554 -0.002526 -0.000465
-0.015123 -0.002526 0.490851 0.102852
-0.002515 -0.000465 0.102852 0.045311
31.876244 1.290444 41.107311 1.734635
0.463946 0.098703 -0.016699 -0.002713
0.098703 0.044532 -0.002725 -0.000498
-0.016699 -0.002725 0.491701 0.102939
-0.002713 -0.000498 0.102939 0.045323
32.182094 1.218137 41.949844 1.728782
0.463206 0.098588 -0.018685 -0.003000
0.098588 0.044500 -0.003013 -0.000552
-0.018685 -0.003013 0.492827 0.103090
-0.003000 -0.000552 0.103090 0.045351
32.623372 1.182079 42.673984 1.699078
0.462319 0.098441 -0.020552 -0.003258
0.098441 0.044463 -0.003272 -0.000602
-0.020552 -0.003272 0.494149 0.103281
-0.003258 -0.000602 0.103281 0.045388
33.325212 1.208673 44.704276 1.946066
0.461430 0.098296 -0.022388 -0.003510
0.098296 0.044427 -0.003522 -0.000651
-0.022388 -0.003522 0.495517 0.103477
-0.003510 -0.000651 0.103477 0.045427
34.534401 1.337666 45.675067 1.947299
0.459848 0.098004 -0.024750 -0.003874
0.098004 0.044360 -0.003883 -0.000725
-0.024750 -0.003883 0.497862 0.103872
-0.003874 -0.000725 0.103872 0.045506
34.903558 1.271680 45.996229 1.810275
0.458599 0.097797 -0.027647 -0.004339
0.097797 0.044315 -0.004350 -0.000820
-0.027647 -0.004350 0.500047 0.104210
-0.004339 -0.000820 0.104210 0.045570
35.586932 1.280069 46.387846 1.703449
0.457681 0.097668 -0.030168 -0.004707
0.097668 0.044287 -0.004719 -0.000893
-0.030168 -0.004719 0.501855 0.104456
-0.004707 -0.000893 0.104456 0.045614
