1.524920 1.572075 3.610247 0.552083
2.053490 0.821414 -0.226717 -0.090689
0.821414 80.332639 -0.090689 -0.036276
-0.226717 -0.090689 3.101368 1.240574
-0.090689 -0.036276 1.240574 80.500307
3.597588 3.810921 0.862343 -4.551786
2.389115 4.241727 -1.256266 -2.084408
4.241727 14.680618 -2.177326 -4.256679
-1.256266 -2.177326 3.400557 5.743213
-2.084408 -4.256679 5.743213 19.834879
6.732472 5.307624 0.045145 -2.793063
2.850010 3.234371 -0.714151 -0.577551
3.234371 5.296783 -0.715623 -0.862374
-0.714151 -0.715623 1.830184 2.021291
-0.577551 -0.862374 2.021291 4.636336
5.504550 2.298861 2.767549 0.641476
2.138718 1.704070 -0.207566 -0.072805
1.704070 1.984999 -0.132554 -0.183021
-0.207566 -0.132554 1.481040 1.296267
-0.072805 -0.183021 1.296267 2.002994
7.749080 2.979510 3.199806 0.741646
1.648356 1.024715 -0.063588 -0.012024
1.024715 0.949799 -0.040682 -0.087224
-0.063588 -0.040682 1.367601 0.960709
-0.012024 -0.087224 0.960709 1.069651
7.203832 1.930785 3.598950 0.751822
1.239094 0.639074 -0.067313 -0.035070
0.639074 0.510441 -0.048998 -0.069477
-0.067313 -0.048998 1.391087 0.801998
-0.035070 -0.069477 0.801998 0.674049
7.906046 1.784134 6.518696 1.980417
1.035204 0.462243 -0.077469 -0.041851
0.462243 0.321945 -0.049885 -0.051272
-0.077469 -0.049885 1.330761 0.642457
-0.041851 -0.051272 0.642457 0.438721
8.935262 1.843278 7.030044 1.781289
0.971757 0.385929 -0.223376 -0.099298
0.385929 0.233051 -0.101066 -0.060158
-0.223376 -0.101066 1.233214 0.511899
-0.099298 -0.060158 0.511899 0.298627
11.305815 2.351992 8.638725 2.035438
0.909131 0.323642 -0.270088 -0.102198
0.323642 0.174106 -0.102770 -0.049037
-0.270088 -0.102770 1.153574 0.420099
-0.102198 -0.049037 0.420099 0.215499
11.563902 2.056949 9.385578 1.948766
0.840320 0.271139 -0.254476 -0.083788
0.271139 0.133672 -0.084130 -0.034830
-0.254476 -0.084130 1.056422 0.343350
-0.083788 -0.034830 0.343350 0.160131
12.476281 2.022178 9.992563 1.840212
0.786105 0.232840 -0.235609 -0.068678
0.232840 0.107162 -0.068932 -0.025321
-0.235609 -0.068932 0.964708 0.284452
-0.068678 -0.025321 0.284452 0.123786
13.843104 2.121889 11.389581 1.971132
0.734108 0.201889 -0.210586 -0.055043
0.201889 0.088577 -0.055232 -0.018411
-0.210586 -0.055232 0.886877 0.240755
-0.055043 -0.018411 0.240755 0.099786
14.525875 2.021585 11.939922 1.858701
0.687509 0.177536 -0.179228 -0.042355
0.177536 0.075547 -0.042475 -0.013154
-0.179228 -0.042475 0.814332 0.206215
-0.042355 -0.013154 0.206215 0.083102
14.820462 1.847775 13.308523 1.960104
0.647385 0.158605 -0.152698 -0.032946
0.158605 0.066363 -0.033005 -0.009634
-0.152698 -0.033005 0.755348 0.180618
-0.032946 -0.009634 0.180618 0.071760
15.748348 1.847662 14.135432 1.924990
0.617374 0.144886 -0.129589 -0.025689
0.144886 0.060077 -0.025760 -0.007182
-0.129589 -0.025760 0.700830 0.159964
-0.025689 -0.007182 0.159964 0.063580
15.347428 1.543238 14.779831 1.845239
0.590436 0.133835 -0.108249 -0.019788
0.133835 0.055492 -0.019838 -0.005375
-0.108249 -0.019838 0.656550 0.144538
-0.019788 -0.005375 0.144538 0.057920
16.316039 1.585709 15.541195 1.811956
0.570837 0.125905 -0.093158 -0.015895
0.125905 0.052352 -0.015980 -0.004235
-0.093158 -0.015980 0.618604 0.132514
-0.015895 -0.004235 0.132514 0.053875
16.342294 1.420914 16.658355 1.850882
0.552545 0.119341 -0.078404 -0.012473
0.119341 0.050016 -0.012548 -0.003314
-0.078404 -0.012548 0.588334 0.123636
-0.012473 -0.003314 0.123636 0.051090
17.579817 1.535614 17.868094 1.913957
0.539004 0.114648 -0.065676 -0.009760
0.114648 0.048437 -0.009853 -0.002633
-0.065676 -0.009853 0.561670 0.116555
-0.009760 -0.002633 0.116555 0.049063
18.023670 1.466134 18.673025 1.880246
0.526512 0.110795 -0.052565 -0.007181
0.110795 0.047274 -0.007259 -0.002030
-0.052565 -0.007259 0.540531 0.111406
-0.007181 -0.002030 0.111406 0.047695
18.305894 1.372208 19.692992 1.893764
0.516365 0.107905 -0.041523 -0.005195
0.107905 0.046474 -0.005264 -0.001590
-0.041523 -0.005264 0.523692 0.107653
-0.005195 -0.001590 0.107653 0.046769
17.986807 1.162428 20.605833 1.880868
0.508467 0.105826 -0.032057 -0.003628
0.105826 0.045949 -0.003694 -0.001259
-0.032057 -0.003694 0.510092 0.104901
-0.003628 -0.001259 0.104901 0.046140
18.815622 1.214614 21.682932 1.910334
0.502936 0.104475 -0.024238 -0.002449
0.104475 0.045639 -0.002518 -0.001016
-0.024238 -0.002518 0.498785 0.102828
-0.002449 -0.001016 0.102828 0.045702
19.006892 1.127743 22.535444 1.887308
0.497644 0.103323 -0.017229 -0.001455
0.103323 0.045405 -0.001516 -0.000810
-0.017229 -0.001516 0.490958 0.101602
-0.001455 -0.000810 0.101602 0.045463
19.800213 1.174210 23.113224 1.812016
0.493190 0.102457 -0.011353 -0.000692
0.102457 0.045251 -0.000745 -0.000650
-0.011353 -0.000745 0.485417 0.100884
-0.000692 -0.000650 0.100884 0.045332
20.260397 1.149352 24.646343 1.942591
0.488928 0.101703 -0.006965 -0.000217
0.101703 0.045129 -0.000259 -0.000543
-0.006965 -0.000259 0.482217 0.100635
-0.000217 -0.000543 0.100635 0.045290
20.728552 1.127231 25.664370 1.952194
0.484302 0.100926 -0.003229 0.000167
0.100926 0.045005 0.000135 -0.000446
-0.003229 0.000135 0.481339 0.100815
0.000167 -0.000446 0.100815 0.045324
21.631681 1.198441 26.939705 2.015389
0.479545 0.100169 -0.000618 0.000363
0.100169 0.044886 0.000341 -0.000381
-0.000618 0.000341 0.482185 0.101267
0.000363 -0.000381 0.101267 0.045397
22.471217 1.248801 28.012623 2.029211
0.474070 0.099297 0.000180 0.000237
0.099297 0.044741 0.000222 -0.000377
0.000180 0.000222 0.485036 0.102037
0.000237 -0.000377 0.102037 0.045521
23.232448 1.277570 28.715375 1.963569
0.468377 0.098418 -0.000861 -0.000195
0.098418 0.044593 -0.000208 -0.000427
-0.000861 -0.000208 0.489175 0.102960
-0.000195 -0.000427 0.102960 0.045662
23.817658 1.266220 29.878421 2.001711
0.463271 0.097695 -0.003404 -0.000846
0.097695 0.044475 -0.000860 -0.000512
-0.003404 -0.000860 0.493587 0.103823
-0.000846 -0.000512 0.103823 0.045778
24.212829 1.215857 30.872329 2.000327
0.457804 0.096906 -0.007025 -0.001620
0.096906 0.044337 -0.001641 -0.000615
-0.007025 -0.001641 0.499260 0.104858
-0.001620 -0.000615 0.104858 0.045926
24.646456 1.178777 32.197247 2.068397
0.452316 0.096121 -0.011016 -0.002374
0.096121 0.044193 -0.002404 -0.000707
-0.011016 -0.002404 0.505779 0.105974
-0.002374 -0.000707 0.105974 0.046087
25.006434 1.129922 33.658643 2.157580
0.446302 0.095228 -0.015367 -0.003122
0.095228 0.044021 -0.003163 -0.000796
-0.015367 -0.003163 0.513816 0.107318
-0.003122 -0.000796 0.107318 0.046293
25.457358 1.105104 34.201742 2.046048
0.439831 0.094245 -0.019506 -0.003762
0.094245 0.043825 -0.003810 -0.000864
-0.019506 -0.003810 0.523338 0.108872
-0.003762 -0.000864 0.108872 0.046540
26.255975 1.157473 34.745487 1.947098
0.434702 0.093563 -0.023619 -0.004354
0.093563 0.043691 -0.004409 -0.000928
-0.023619 -0.004409 0.531827 0.110108
-0.004354 -0.000928 0.110108 0.046718
26.760283 1.140640 35.329410 1.866674
0.430872 0.093140 -0.028542 -0.005083
0.093140 0.043604 -0.005156 -0.001030
-0.028542 -0.005156 0.539292 0.111073
-0.005083 -0.001030 0.111073 0.046846
27.538352 1.186634 36.602139 1.936786
0.427835 0.092845 -0.033166 -0.005716
0.092845 0.043532 -0.005806 -0.001117
-0.033166 -0.005806 0.546037 0.111871
-0.005716 -0.001117 0.111871 0.046950
27.591195 1.069103 37.665512 1.954414
0.424760 0.092491 -0.037152 -0.006203
0.092491 0.043437 -0.006298 -0.001179
-0.037152 -0.006298 0.553126 0.112742
-0.006203 -0.001179 0.112742 0.047083
27.979502 1.036299 38.437794 1.912220
0.421887 0.092149 -0.038457 -0.006149
0.092149 0.043340 -0.006209 -0.001133
-0.038457 -0.006209 0.559173 0.113411
-0.006149 -0.001133 0.113411 0.047187
28.935249 1.133726 39.704692 1.977029
0.419731 0.091934 -0.038538 -0.005901
0.091934 0.043267 -0.005921 -0.001065
-0.038538 -0.005921 0.563622 0.113783
-0.005901 -0.001065 0.113783 0.047243
29.621220 1.161158 40.943594 2.028036
0.418709 0.091935 -0.036801 -0.005352
0.091935 0.043238 -0.005322 -0.000949
-0.036801 -0.005322 0.565292 0.113654
-0.005352 -0.000949 0.113654 0.047214
30.749403 1.281390 41.867603 2.012781
0.419683 0.092332 -0.032572 -0.004383
0.092332 0.043293 -0.004296 -0.000764
-0.032572 -0.004296 0.562335 0.112703
-0.004383 -0.000764 0.112703 0.047041
31.476225 1.299369 42.674369 1.973231
0.423036 0.093174 -0.027052 -0.003263
0.093174 0.043436 -0.003137 -0.000567
-0.027052 -0.003137 0.554845 0.111008
-0.003263 -0.000567 0.111008 0.046747
31.968136 1.264466 43.636202 1.967508
0.428981 0.094471 -0.020980 -0.002135
0.094471 0.043666 -0.001996 -0.000386
-0.020980 -0.001996 0.543318 0.108712
-0.002135 -0.000386 0.108712 0.046363
32.585475 1.260758 44.521132 1.947614
0.438405 0.096385 -0.015177 -0.001147
0.096385 0.044013 -0.001034 -0.000246
-0.015177 -0.001034 0.527487 0.105778
-0.001147 -0.000246 0.105778 0.045877
33.031765 1.221064 45.668116 1.981836
0.451399 0.098884 -0.010855 -0.000518
0.098884 0.044467 -0.000470 -0.000184
-0.010855 -0.000470 0.508672 0.102480
-0.000518 -0.000184 0.102480 0.045340
33.850505 1.267076 46.869639 2.025214
0.468675 0.102082 -0.009212 -0.000449
0.102082 0.045047 -0.000504 -0.000234
-0.009212 -0.000504 0.487483 0.098919
-0.000449 -0.000234 0.098919 0.044762
34.780415 1.328906 46.987370 1.842520
0.491159 0.106123 -0.011866 -0.001225
0.106123 0.045781 -0.001410 -0.000444
-0.011866 -0.001410 0.464796 0.095240
-0.001225 -0.000444 0.095240 0.044163
35.676835 1.378108 47.713377 1.802499
0.513760 0.109854 -0.016887 -0.002398
0.109854 0.046413 -0.002666 -0.000703
-0.016887 -0.002666 0.446126 0.092547
-0.002398 -0.000703 0.092547 0.043760
