5.521065 3.170568 -0.575634 -1.122306
2.575399 1.030182 -0.261185 -0.104476
1.030182 80.416148 -0.104476 -0.041791
-0.261185 -0.104476 2.388565 0.955447
-0.104476 -0.041791 0.955447 80.386254
4.969769 -0.520622 0.005956 0.835942
2.182919 3.792198 -0.239021 -0.370423
3.792198 15.269293 -0.361722 -1.301770
-0.239021 -0.361722 2.397526 4.204246
-0.370423 -1.301770 4.204246 15.515705
7.055054 2.228479 1.878205 2.506287
1.971894 2.300804 -0.238621 -0.264166
2.300804 4.622067 -0.263878 -0.485250
-0.238621 -0.263878 2.090830 2.386291
-0.264166 -0.485250 2.386291 4.588874
7.351479 1.529650 2.318039 1.827167
1.688544 1.434980 -0.169235 -0.136949
1.434980 1.926428 -0.136312 -0.184473
-0.169235 -0.136312 1.775265 1.477774
-0.136949 -0.184473 1.477774 1.926768
7.250028 0.953177 3.330571 1.891635
1.459924 0.971566 -0.138748 -0.090331
0.971566 0.981192 -0.090002 -0.094264
-0.138748 -0.090002 1.530137 1.000556
-0.090331 -0.094264 1.000556 0.988943
5.466074 -0.282211 5.332024 2.461362
1.285396 0.702623 -0.118604 -0.064590
0.702623 0.570331 -0.064410 -0.054675
-0.118604 -0.064410 1.334765 0.718836
-0.064590 -0.054675 0.718836 0.575251
6.543733 0.283473 6.259727 2.321484
1.158395 0.537629 -0.105522 -0.049310
0.537629 0.365824 -0.049199 -0.034805
-0.105522 -0.049199 1.170318 0.536595
-0.049310 -0.034805 0.536595 0.364242
6.915933 0.376301 8.024430 2.563069
1.046807 0.422604 -0.090421 -0.036940
0.422604 0.250039 -0.036856 -0.022685
-0.090421 -0.036856 1.047039 0.419167
-0.036940 -0.022685 0.419167 0.248819
7.522722 0.526069 9.771622 2.728747
0.955537 0.342265 -0.076039 -0.027653
0.342265 0.181032 -0.027585 -0.015219
-0.076039 -0.027585 0.946459 0.337285
-0.027653 -0.015219 0.337285 0.179856
8.398279 0.724078 10.743444 2.601932
0.879353 0.284086 -0.063033 -0.020726
0.284086 0.137589 -0.020674 -0.010469
-0.063033 -0.020674 0.864157 0.278571
-0.020726 -0.010469 0.278571 0.136535
9.073025 0.816701 11.402950 2.412175
0.814175 0.240618 -0.052557 -0.015831
0.240618 0.109041 -0.015796 -0.007439
-0.052557 -0.015796 0.797404 0.235768
-0.015831 -0.007439 0.235768 0.108324
10.207911 1.016018 11.134541 2.007231
0.758625 0.207716 -0.044469 -0.012398
0.207716 0.089762 -0.012376 -0.005457
-0.044469 -0.012376 0.742335 0.203788
-0.012398 -0.005457 0.203788 0.089333
11.537940 1.226909 12.412454 2.077822
0.710182 0.182246 -0.038484 -0.010005
0.182246 0.076387 -0.009994 -0.004131
-0.038484 -0.009994 0.697503 0.179765
-0.010005 -0.004131 0.179765 0.076307
11.755748 1.130724 13.683278 2.134488
0.669122 0.162661 -0.032513 -0.007923
0.162661 0.067037 -0.007920 -0.003121
-0.032513 -0.007920 0.659366 0.161149
-0.007923 -0.003121 0.161149 0.067127
12.251182 1.114397 14.230329 2.012784
0.635055 0.147686 -0.027474 -0.006309
0.147686 0.060469 -0.006311 -0.002389
-0.027474 -0.006311 0.626322 0.146514
-0.006309 -0.002389 0.146514 0.060560
13.275103 1.219199 15.395427 2.048780
0.606191 0.136058 -0.023427 -0.005092
0.136058 0.055793 -0.005098 -0.001859
-0.023427 -0.005098 0.598383 0.135134
-0.005092 -0.001859 0.135134 0.055870
14.575286 1.369978 16.372210 2.038636
0.581730 0.127021 -0.019623 -0.004045
0.127021 0.052456 -0.004053 -0.001443
-0.019623 -0.004053 0.574809 0.126291
-0.004045 -0.001443 0.126291 0.052515
15.362272 1.391833 17.461257 2.053701
0.560955 0.119991 -0.016150 -0.003160
0.119991 0.050075 -0.003170 -0.001117
-0.016150 -0.003170 0.555174 0.119480
-0.003160 -0.001117 0.119480 0.050130
16.456969 1.475873 18.429315 2.041485
0.543649 0.114609 -0.013117 -0.002440
0.114609 0.048399 -0.002450 -0.000866
-0.013117 -0.002450 0.538726 0.114229
-0.002440 -0.000866 0.114229 0.048437
17.144035 1.465344 19.601487 2.073242
0.529229 0.110505 -0.010474 -0.001852
0.110505 0.047228 -0.001862 -0.000671
-0.010474 -0.001862 0.525178 0.110247
-0.001852 -0.000671 0.110247 0.047255
17.739338 1.436774 20.563978 2.057686
0.517430 0.107438 -0.008204 -0.001378
0.107438 0.046429 -0.001388 -0.000520
-0.008204 -0.001388 0.514032 0.107247
-0.001378 -0.000520 0.107247 0.046439
18.358134 1.416190 21.665041 2.072647
0.507855 0.105179 -0.006315 -0.001008
0.105179 0.045895 -0.001017 -0.000405
-0.006315 -0.001017 0.504999 0.105032
-0.001008 -0.000405 0.105032 0.045889
18.816835 1.364528 22.646085 2.061028
0.500153 0.103546 -0.004735 -0.000717
0.103546 0.045547 -0.000725 -0.000316
-0.004735 -0.000725 0.497804 0.103437
-0.000717 -0.000316 0.103437 0.045531
19.083188 1.278387 23.819890 2.090633
0.494029 0.102393 -0.003442 -0.000494
0.102393 0.045329 -0.000502 -0.000248
-0.003442 -0.000502 0.492175 0.102325
-0.000494 -0.000248 0.102325 0.045306
19.519769 1.236245 24.683442 2.052715
0.489203 0.101600 -0.002364 -0.000319
0.101600 0.045198 -0.000325 -0.000194
-0.002364 -0.000325 0.487881 0.101584
-0.000319 -0.000194 0.101584 0.045175
20.191002 1.247282 25.622435 2.034502
0.485424 0.101069 -0.001518 -0.000193
0.101069 0.045122 -0.000198 -0.000153
-0.001518 -0.000198 0.484712 0.101124
-0.000193 -0.000153 0.101124 0.045106
20.478584 1.177100 26.475788 2.000180
0.482451 0.100718 -0.000906 -0.000111
0.100718 0.045078 -0.000115 -0.000124
-0.000906 -0.000115 0.482501 0.100878
-0.000111 -0.000124 0.100878 0.045078
20.875555 1.137016 27.685717 2.044127
0.480140 0.100496 -0.000447 -0.000056
0.100496 0.045052 -0.000059 -0.000101
-0.000447 -0.000059 0.481035 0.100778
-0.000056 -0.000101 0.100778 0.045073
21.640677 1.178268 29.050219 2.116000
0.478243 0.100339 -0.000130 -0.000023
0.100339 0.045031 -0.000026 -0.000084
-0.000130 -0.000026 0.480254 0.100797
-0.000023 -0.000084 0.100797 0.045085
22.757989 1.289335 29.817778 2.054926
0.476570 0.100201 -0.000047 -0.000033
0.100201 0.045005 -0.000035 -0.000076
-0.000047 -0.000035 0.480092 0.100912
-0.000033 -0.000076 0.100912 0.045108
23.892702 1.392553 30.955636 2.078114
0.475208 0.100102 -0.000312 -0.000106
0.100102 0.044981 -0.000108 -0.000081
-0.000312 -0.000108 0.480245 0.101053
-0.000106 -0.000081 0.101053 0.045129
24.383822 1.349241 32.281483 2.138523
0.473985 0.100004 -0.000931 -0.000240
0.100004 0.044951 -0.000242 -0.000099
-0.000931 -0.000242 0.480717 0.101225
-0.000240 -0.000099 0.101225 0.045151
25.012668 1.339578 33.222785 2.111571
0.472726 0.099873 -0.001679 -0.000383
0.099873 0.044911 -0.000386 -0.000117
-0.001679 -0.000386 0.481557 0.101439
-0.000383 -0.000117 0.101439 0.045177
25.282829 1.255049 34.317955 2.119868
0.471552 0.099742 -0.002573 -0.000543
0.099742 0.044869 -0.000545 -0.000138
-0.002573 -0.000545 0.482536 0.101648
-0.000543 -0.000138 0.101648 0.045199
25.754117 1.221939 35.045126 2.049774
0.470313 0.099582 -0.003465 -0.000688
0.099582 0.044820 -0.000691 -0.000156
-0.003465 -0.000691 0.483737 0.101876
-0.000688 -0.000156 0.101876 0.045224
26.738798 1.301185 36.289549 2.096061
0.469179 0.099434 -0.004411 -0.000835
0.099434 0.044775 -0.000838 -0.000176
-0.004411 -0.000838 0.484925 0.102076
-0.000835 -0.000176 0.102076 0.045244
27.113049 1.242462 37.009811 2.027020
0.467963 0.099259 -0.005748 -0.001055
0.099259 0.044724 -0.001059 -0.000212
-0.005748 -0.001059 0.486282 0.102293
-0.001055 -0.000212 0.102293 0.045267
27.791391 1.254595 38.042934 2.031171
0.466814 0.099094 -0.007036 -0.001253
0.099094 0.044676 -0.001258 -0.000243
-0.007036 -0.001258 0.487607 0.102488
-0.001253 -0.000243 0.102488 0.045288
28.338967 1.237159 38.298488 1.871509
0.465615 0.098913 -0.008514 -0.001482
0.098913 0.044626 -0.001487 -0.000281
-0.008514 -0.001487 0.489031 0.102693
-0.001482 -0.000281 0.102693 0.045313
29.238045 1.296504 38.891296 1.799797
0.464748 0.098802 -0.009944 -0.001691
0.098802 0.044593 -0.001698 -0.000316
-0.009944 -0.001698 0.490111 0.102817
-0.001691 -0.000316 0.102817 0.045324
30.035679 1.328224 39.732083 1.787565
0.464065 0.098722 -0.011612 -0.001944
0.098722 0.044566 -0.001953 -0.000361
-0.011612 -0.001953 0.491025 0.102908
-0.001944 -0.000361 0.102908 0.045331
30.723346 1.333224 40.614225 1.785157
0.463384 0.098632 -0.013487 -0.002232
0.098632 0.044537 -0.002244 -0.000414
-0.013487 -0.002244 0.491986 0.103013
-0.002232 -0.000414 0.103013 0.045344
31.392534 1.334134 41.744768 1.834954
0.462650 0.098525 -0.015492 -0.002538
0.098525 0.044504 -0.002552 -0.000471
-0.015492 -0.002552 0.493056 0.103146
-0.002538 -0.000471 0.103146 0.045366
31.529377 1.221042 42.612152 1.823534
0.461726 0.098373 -0.017669 -0.002870
0.098373 0.044463 -0.002886 -0.000534
-0.017669 -0.002886 0.494414 0.103340
-0.002870 -0.000534 0.103340 0.045403
32.027943 1.196479 43.189594 1.753459
0.460610 0.098182 -0.019571 -0.003135
0.098182 0.044415 -0.003151 -0.000583
-0.019571 -0.003151 0.496004 0.103579
-0.003135 -0.000583 0.103579 0.045449
32.950079 1.266188 44.320298 1.807234
0.459639 0.098027 -0.021427 -0.003389
0.098027 0.044377 -0.003404 -0.000630
-0.021427 -0.003404 0.497472 0.103785
-0.003389 -0.000630 0.103785 0.045488
33.731926 1.299556 45.833674 1.934787
0.458621 0.097863 -0.023703 -0.003730
0.097863 0.044337 -0.003746 -0.000699
-0.023703 -0.003746 0.499140 0.104028
-0.003730 -0.000699 0.104028 0.045535
34.348939 1.292496 46.780956 1.930500
0.457280 0.097631 -0.026339 -0.004140
0.097631 0.044283 -0.004156 -0.000781
-0.026339 -0.004156 0.501358 0.104379
-0.004140 -0.000781 0.104379 0.045604
35.110078 1.316032 47.429473 1.864955
0.455979 0.097415 -0.029000 -0.004542
0.097415 0.044235 -0.004559 -0.000861
-0.029000 -0.004559 0.503645 0.104729
-0.004542 -0.000861 0.104729 0.045671
35.941246 1.352581 48.219935 1.836059
0.454981 0.097269 -0.031721 -0.004945
0.097269 0.044202 -0.004965 -0.000941
-0.031721 -0.004965 0.505690 0.105014
-0.004945 -0.000941 0.105014 0.045723
