33.067227 0.528390 49.384004 1.981839
0.564530 0.117964 -0.040981 -0.006959
0.117964 0.047821 -0.007357 -0.001582
-0.040981 -0.007357 0.417824 0.088764
-0.006959 -0.001582 0.088764 0.043113
29.417863 -0.281452 49.604912 1.800286
0.577403 0.118931 -0.040194 -0.006411
0.118931 0.047836 -0.006812 -0.001389
-0.040194 -0.006812 0.411146 0.088586
-0.006411 -0.001389 0.088586 0.043157
25.312996 -1.095402 48.832539 1.417003
0.575776 0.117090 -0.033537 -0.004730
0.117090 0.047347 -0.005143 -0.000994
-0.033537 -0.005143 0.411131 0.089671
-0.004730 -0.000994 0.089671 0.043418
21.813212 -1.701114 47.068637 0.858496
0.562150 0.113242 -0.025500 -0.002984
0.113242 0.046555 -0.003374 -0.000630
-0.025500 -0.003374 0.417601 0.091879
-0.002984 -0.000630 0.091879 0.043857
19.266602 -2.054083 44.320232 0.148175
0.540426 0.108321 -0.018726 -0.001721
0.108321 0.045655 -0.002026 -0.000394
-0.018726 -0.002026 0.429977 0.095004
-0.001721 -0.000394 0.095004 0.044429
17.088158 -2.296814 41.102435 -0.583863
0.511859 0.102603 -0.012690 -0.000747
0.102603 0.044685 -0.000930 -0.000228
-0.012690 -0.000930 0.449390 0.099251
-0.000747 -0.000228 0.099251 0.045187
15.576432 -2.381815 36.929131 -1.438047
0.481680 0.097119 -0.002298 0.001130
0.097119 0.043828 0.000972 0.000116
-0.002298 0.000972 0.474491 0.104264
0.001130 0.000116 0.104264 0.046056
14.374559 -2.393920 31.649964 -2.430451
0.463814 0.094572 0.018274 0.005119
0.094572 0.043596 0.004793 0.000872
0.018274 0.004793 0.493769 0.107499
0.005119 0.000872 0.107499 0.046486
12.755226 -2.483898 26.037941 -3.376930
0.468641 0.096763 0.033034 0.007527
0.096763 0.044292 0.007130 0.001262
0.033034 0.007130 0.490814 0.105643
0.007527 0.001262 0.105643 0.045818
10.938167 -2.599547 20.785863 -4.137008
0.482321 0.100465 0.030954 0.006169
0.100465 0.045190 0.005891 0.000881
0.030954 0.005891 0.475635 0.101489
0.006169 0.000881 0.101489 0.044777
9.883580 -2.544592 17.239197 -4.451914
0.495936 0.103738 0.015656 0.002243
0.103738 0.045896 0.002140 0.000035
0.015656 0.002140 0.460157 0.097830
0.002243 0.000035 0.097830 0.043981
9.349818 -2.387898 14.242812 -4.617647
0.508270 0.106383 -0.005417 -0.002431
0.106383 0.046398 -0.002379 -0.000876
-0.005417 -0.002379 0.449135 0.095548
-0.002431 -0.000876 0.095548 0.043564
8.983555 -2.215414 12.077242 -4.588622
0.518559 0.108311 -0.030745 -0.007511
0.108311 0.046706 -0.007329 -0.001797
-0.030745 -0.007329 0.444575 0.094862
-0.007511 -0.001797 0.094862 0.043515
8.954178 -1.991586 11.070223 -4.313378
0.526115 0.109449 -0.058102 -0.012554
0.109449 0.046827 -0.012244 -0.002651
-0.058102 -0.012244 0.447564 0.095795
-0.012554 -0.002651 0.095795 0.043792
9.165453 -1.738156 10.417570 -3.987868
0.530506 0.109795 -0.083355 -0.016750
0.109795 0.046780 -0.016305 -0.003291
-0.083355 -0.016305 0.456780 0.097887
-0.016750 -0.003291 0.097887 0.044265
9.669526 -1.450273 9.181561 -3.817973
0.530228 0.109142 -0.104690 -0.019864
0.109142 0.046542 -0.019258 -0.003699
-0.104690 -0.019258 0.471178 0.100822
-0.019864 -0.003699 0.100822 0.044860
10.392525 -1.139224 8.695201 -3.500488
0.516807 0.105883 -0.118666 -0.021389
0.105883 0.045803 -0.020491 -0.003788
-0.118666 -0.020491 0.494462 0.105379
-0.021389 -0.003788 0.105379 0.045750
12.258265 -0.620183 8.213407 -3.202627
0.499837 0.102283 -0.123750 -0.021132
0.102283 0.045075 -0.019947 -0.003564
-0.123750 -0.019947 0.516976 0.109398
-0.021132 -0.003564 0.109398 0.046467
13.447447 -0.286439 8.184360 -2.848826
0.479846 0.098506 -0.117272 -0.018716
0.098506 0.044386 -0.017294 -0.002979
-0.117272 -0.017294 0.534924 0.112236
-0.018716 -0.002979 0.112236 0.046918
14.227159 -0.072728 8.087420 -2.555951
0.463611 0.095831 -0.107980 -0.016107
0.095831 0.043960 -0.014542 -0.002459
-0.107980 -0.014542 0.548217 0.113944
-0.016107 -0.002459 0.113944 0.047132
15.124283 0.158906 8.980834 -2.089310
0.450892 0.094041 -0.097933 -0.013704
0.094041 0.043714 -0.012075 -0.002061
-0.097933 -0.012075 0.557944 0.114874
-0.013704 -0.002061 0.114874 0.047205
16.199806 0.405142 10.074187 -1.633313
0.442809 0.093238 -0.089539 -0.011917
0.093238 0.043647 -0.010344 -0.001845
-0.089539 -0.010344 0.563457 0.114958
-0.011917 -0.001845 0.114958 0.047135
16.681213 0.492749 11.069982 -1.258689
0.438039 0.093077 -0.081066 -0.010303
0.093077 0.043681 -0.008869 -0.001688
-0.081066 -0.008869 0.564246 0.114222
-0.010303 -0.001688 0.114222 0.046946
16.753779 0.495803 13.247891 -0.691245
0.436259 0.093422 -0.073520 -0.009021
0.093422 0.043783 -0.007787 -0.001605
-0.073520 -0.007787 0.561233 0.112920
-0.009021 -0.001605 0.112920 0.046693
16.726733 0.464287 14.985729 -0.274054
0.439574 0.094704 -0.066759 -0.007955
0.094704 0.044049 -0.007041 -0.001567
-0.066759 -0.007041 0.550864 0.110380
-0.007955 -0.001567 0.110380 0.046237
17.577359 0.626504 17.037328 0.173949
0.445840 0.096402 -0.059915 -0.006923
0.096402 0.044366 -0.006327 -0.001514
-0.059915 -0.006327 0.536632 0.107405
-0.006923 -0.001514 0.107405 0.045750
18.216465 0.717625 18.889226 0.533189
0.452708 0.098016 -0.050534 -0.005437
0.098016 0.044638 -0.005052 -0.001333
-0.050534 -0.005052 0.521371 0.104582
-0.005437 -0.001333 0.104582 0.045341
18.941127 0.820086 21.420761 0.994867
0.459516 0.099416 -0.040355 -0.003875
0.099416 0.044843 -0.003618 -0.001115
-0.040355 -0.003618 0.507407 0.102286
-0.003875 -0.001115 0.102286 0.045057
19.931143 0.953196 22.787736 1.176452
0.465509 0.100484 -0.029486 -0.002249
0.100484 0.044970 -0.002049 -0.000865
-0.029486 -0.002049 0.495823 0.100641
-0.002249 -0.000865 0.100641 0.044902
21.534855 1.199117 23.805917 1.272014
0.469483 0.100999 -0.020267 -0.001028
0.100999 0.044979 -0.000849 -0.000685
-0.020267 -0.000849 0.488311 0.099882
-0.001028 -0.000685 0.099882 0.044903
22.033041 1.186015 25.969187 1.586431
0.471556 0.101062 -0.013774 -0.000380
0.101062 0.044907 -0.000215 -0.000607
-0.013774 -0.000215 0.484207 0.099779
-0.000380 -0.000607 0.099779 0.045000
22.369641 1.135060 27.666432 1.773001
0.470984 0.100584 -0.009467 -0.000136
0.100584 0.044743 0.000024 -0.000588
-0.009467 0.000024 0.483676 0.100315
-0.000136 -0.000588 0.100315 0.045185
23.081548 1.167833 29.223683 1.913222
0.467934 0.099664 -0.007065 -0.000201
0.099664 0.044515 -0.000044 -0.000608
-0.007065 -0.000044 0.486289 0.101355
-0.000201 -0.000608 0.101355 0.045433
23.604630 1.156217 30.834307 2.049864
0.462923 0.098452 -0.007147 -0.000671
0.098452 0.044257 -0.000525 -0.000689
-0.007147 -0.000525 0.491553 0.102768
-0.000671 -0.000689 0.102768 0.045716
24.107041 1.140678 32.276778 2.137180
0.456240 0.097025 -0.008973 -0.001367
0.097025 0.043981 -0.001238 -0.000794
-0.008973 -0.001238 0.499338 0.104513
-0.001367 -0.000794 0.104513 0.046035
24.785617 1.164187 33.814942 2.235472
0.448817 0.095586 -0.011991 -0.002169
0.095586 0.043723 -0.002061 -0.000902
-0.011991 -0.002061 0.508844 0.106415
-0.002169 -0.000902 0.106415 0.046357
26.216528 1.345702 35.165853 2.284679
0.441177 0.094223 -0.016084 -0.003062
0.094223 0.043495 -0.002981 -0.001016
-0.016084 -0.002981 0.519698 0.108403
-0.003062 -0.001016 0.108403 0.046675
26.839525 1.334550 35.864143 2.192382
0.434517 0.093161 -0.022416 -0.004297
0.093161 0.043335 -0.004257 -0.001195
-0.022416 -0.004257 0.530694 0.110239
-0.004297 -0.001195 0.110239 0.046948
27.839389 1.407156 37.603294 2.325708
0.429307 0.092457 -0.028353 -0.005316
0.092457 0.043245 -0.005314 -0.001320
-0.028353 -0.005314 0.540574 0.111705
-0.005316 -0.001320 0.111705 0.047140
28.832335 1.469093 38.423656 2.255856
0.424660 0.091877 -0.032576 -0.005889
0.091877 0.043167 -0.005905 -0.001351
-0.032576 -0.005905 0.549955 0.112985
-0.005889 -0.001351 0.112985 0.047301
29.680014 1.493838 39.599264 2.265894
0.421357 0.091573 -0.035836 -0.006232
0.091573 0.043134 -0.006258 -0.001345
-0.035836 -0.006258 0.557391 0.113821
-0.006232 -0.001345 0.113821 0.047384
30.557929 1.520559 40.175388 2.153160
0.419533 0.091554 -0.036078 -0.005959
0.091554 0.043147 -0.005963 -0.001223
-0.036078 -0.005963 0.561387 0.113972
-0.005959 -0.001223 0.113972 0.047349
31.282591 1.510257 40.620627 2.025346
0.418921 0.091736 -0.035067 -0.005493
0.091736 0.043186 -0.005471 -0.001086
-0.035067 -0.005471 0.562766 0.113676
-0.005493 -0.001086 0.113676 0.047252
31.990711 1.502355 42.199214 2.139145
0.419328 0.092065 -0.033025 -0.004895
0.092065 0.043240 -0.004845 -0.000945
-0.033025 -0.004845 0.561858 0.113040
-0.004895 -0.000945 0.113040 0.047118
32.310701 1.408314 43.475690 2.178815
0.424893 0.093463 -0.026447 -0.003449
0.093463 0.043520 -0.003357 -0.000645
-0.026447 -0.003357 0.550510 0.110465
-0.003449 -0.000645 0.110465 0.046626
33.449821 1.503690 44.477442 2.163064
0.435387 0.095766 -0.019584 -0.002079
0.095766 0.043968 -0.001996 -0.000395
-0.019584 -0.001996 0.532304 0.106809
-0.002079 -0.000395 0.106809 0.045967
34.089540 1.476813 44.985674 2.047159
0.451892 0.099126 -0.014972 -0.001268
0.099126 0.044610 -0.001276 -0.000287
-0.014972 -0.001276 0.508472 0.102357
-0.001268 -0.000287 0.102357 0.045193
34.670793 1.441224 45.629948 1.969702
0.470162 0.102528 -0.012969 -0.001045
0.102528 0.045214 -0.001158 -0.000302
-0.012969 -0.001158 0.486290 0.098581
-0.001045 -0.000302 0.098581 0.044592
35.728676 1.513538 46.393907 1.925438
0.490524 0.106075 -0.014090 -0.001458
0.106075 0.045819 -0.001681 -0.000438
-0.014090 -0.001681 0.465675 0.095343
-0.001458 -0.000438 0.095343 0.044105
36.438853 1.503978 47.517535 1.958677
0.515382 0.110291 -0.020878 -0.002980
0.110291 0.046546 -0.003321 -0.000784
-0.020878 -0.003321 0.445541 0.092318
-0.002980 -0.000784 0.092318 0.043643
