0.269057 1.069720 7.182638 1.981070
41.463505 16.585761 -56.479068 -22.592117
16.585761 86.638515 -22.592117 -9.037042
-56.479068 -22.592117 80.538224 32.215988
-22.592117 -9.037042 32.215988 92.890741
-1.334883 -1.075627 9.517422 1.901971
56.304318 25.810194 -83.165016 -43.899003
25.810194 33.192702 -35.672520 -39.162010
-83.165016 -35.672520 126.658160 68.516252
-43.899003 -39.162010 68.516252 72.355016
-2.318858 -1.164660 11.438747 2.412460
40.252308 12.565165 -75.657016 -38.620548
12.565165 15.244548 -21.812649 -24.697919
-75.657016 -21.812649 146.934524 75.550003
-38.620548 -24.697919 75.550003 59.505377
-2.836860 -0.924568 13.105575 2.521773
29.731492 6.557034 -69.771245 -29.872802
6.557034 8.170224 -13.198131 -14.137644
-69.771245 -13.198131 169.659842 71.788637
-29.872802 -14.137644 71.788637 42.862199
0.365153 0.694690 7.036438 -0.829262
22.659533 3.278620 -64.758580 -22.741149
3.278620 4.517771 -6.697108 -7.523274
-64.758580 -6.697108 192.784899 65.793046
-22.741149 -7.523274 65.793046 29.982397
-4.164902 0.266221 23.263540 4.049899
6.940980 4.214362 -11.141058 -6.287767
4.214362 4.424353 -5.877527 -6.195140
-11.141058 -5.877527 20.968823 10.253932
-6.287767 -6.195140 10.253932 9.683633
0.916286 2.809561 17.427084 0.220106
0.905778 0.547582 -0.974496 -0.632068
0.547582 1.384407 0.239863 -1.662804
-0.974496 0.239863 5.744803 1.377535
-0.632068 -1.662804 1.377535 2.941493
3.298240 3.565589 17.733954 -0.318974
1.093671 0.692821 -1.752075 -1.079556
0.692821 0.963639 -0.722810 -1.365403
-1.752075 -0.722810 7.785989 2.931630
-1.079556 -1.365403 2.931630 2.735850
4.592629 3.240199 17.406445 -0.110919
1.483740 0.818486 -3.074760 -1.504444
0.818486 0.733651 -1.462565 -1.197117
-3.074760 -1.462565 11.297370 4.316198
-1.504444 -1.197117 4.316198 2.613189
6.701349 3.522279 17.683120 -0.236544
2.092705 0.967724 -4.907848 -1.953340
0.967724 0.616582 -2.097559 -1.115743
-4.907848 -2.097559 16.038367 5.593441
-1.953340 -1.115743 5.593441 2.550124
7.559619 3.076608 17.066284 -0.043668
2.958270 1.154816 -7.229989 -2.431197
1.154816 0.562412 -2.686103 -1.082085
-7.229989 -2.686103 21.624197 6.744493
-2.431197 -1.082085 6.744493 2.503635
8.577175 2.901905 18.313310 0.327147
4.130425 1.391856 -9.877026 -2.906358
1.391856 0.548739 -3.220933 -1.069183
-9.877026 -3.220933 26.882885 7.557385
-2.906358 -1.069183 7.557385 2.409679
9.026915 2.573658 19.778433 0.755961
4.571639 1.321103 -11.469644 -2.918608
1.321103 0.443185 -3.211832 -0.904597
-11.469644 -3.211832 31.968050 7.877253
-2.918608 -0.904597 7.877253 2.154950
8.842612 2.200397 23.930123 1.607537
2.709655 0.673011 -7.401108 -1.642042
0.673011 0.217851 -1.720815 -0.447929
-7.401108 -1.720815 23.864742 5.080940
-1.642042 -0.447929 5.080940 1.250589
9.358485 2.065790 26.250821 1.917666
0.553253 0.141337 -1.004375 -0.227324
0.141337 0.080006 -0.122611 -0.083331
-1.004375 -0.122611 5.989655 1.052395
-0.227324 -0.083331 1.052395 0.324289
11.385709 2.273933 23.896062 1.297577
0.379866 0.112684 -0.074378 -0.058649
0.112684 0.070414 0.070189 -0.039511
-0.074378 0.070189 3.328812 0.507278
-0.058649 -0.039511 0.507278 0.196986
12.860355 2.368105 24.257122 1.209502
0.372592 0.112744 0.149074 -0.025522
0.112744 0.065803 0.109926 -0.025643
0.149074 0.109926 3.482231 0.515471
-0.025522 -0.025643 0.515471 0.181052
14.092043 2.377605 24.469816 1.141844
0.403347 0.120555 0.386334 0.006383
0.120555 0.063778 0.150200 -0.013817
0.386334 0.150200 3.578554 0.507619
0.006383 -0.013817 0.507619 0.164491
14.925177 2.279512 25.690046 1.293154
0.471493 0.134858 0.627070 0.035123
0.134858 0.063618 0.188390 -0.004107
0.627070 0.188390 3.622411 0.488466
0.035123 -0.004107 0.488466 0.148374
16.002549 2.265388 25.562701 1.177658
0.607428 0.163361 0.835138 0.050754
0.163361 0.067250 0.217140 0.001453
0.835138 0.217140 3.082899 0.379834
0.050754 0.001453 0.379834 0.121456
17.154560 2.277365 25.545735 1.075361
0.774646 0.194186 1.013709 0.060593
0.194186 0.070950 0.237720 0.005273
1.013709 0.237720 2.776673 0.317830
0.060593 0.005273 0.317830 0.104813
18.188210 2.246182 26.320456 1.129940
0.972271 0.227652 1.136756 0.060576
0.227652 0.075013 0.246030 0.006681
1.136756 0.246030 2.428581 0.257589
0.060576 0.006681 0.257589 0.090828
18.812235 2.153405 25.693323 0.986745
1.154234 0.256221 1.060635 0.031869
0.256221 0.078340 0.216071 0.002176
1.060635 0.216071 1.763736 0.168510
0.031869 0.002176 0.168510 0.076189
19.558198 2.106784 25.168113 0.840509
1.389555 0.290015 1.088350 0.020302
0.290015 0.082066 0.208249 0.001387
1.088350 0.208249 1.493112 0.135177
0.020302 0.001387 0.135177 0.069319
20.970294 2.182655 25.666393 0.810404
1.630178 0.320451 1.095570 0.008798
0.320451 0.084854 0.197436 0.000626
1.095570 0.197436 1.281626 0.113080
0.008798 0.000626 0.113080 0.064465
21.363932 2.071076 25.148885 0.704155
1.553535 0.295868 0.682552 -0.046911
0.295868 0.078693 0.114548 -0.008307
0.682552 0.114548 0.746735 0.071720
-0.046911 -0.008307 0.071720 0.060778
22.945211 2.144405 26.478549 0.857645
1.601556 0.293741 0.442006 -0.080950
0.293741 0.076834 0.068415 -0.012758
0.442006 0.068415 0.512934 0.063261
-0.080950 -0.012758 0.063261 0.060315
23.669416 2.085419 26.769104 0.859699
1.428086 0.254268 0.113352 -0.113579
0.254268 0.068964 0.010347 -0.016979
0.113352 0.010347 0.374975 0.075736
-0.113579 -0.016979 0.075736 0.063501
25.144721 2.154719 27.476503 0.892444
1.385857 0.239154 -0.113715 -0.138482
0.239154 0.065732 -0.025727 -0.019605
-0.113715 -0.025727 0.366407 0.098021
-0.138482 -0.019605 0.098021 0.067214
26.309546 2.168825 28.009491 0.909010
1.331192 0.222247 -0.310343 -0.157280
0.222247 0.062352 -0.053513 -0.021077
-0.310343 -0.053513 0.438672 0.128626
-0.157280 -0.021077 0.128626 0.071683
27.682601 2.216551 28.485047 0.903292
1.317345 0.212569 -0.485961 -0.174715
0.212569 0.060320 -0.074936 -0.022238
-0.485961 -0.074936 0.564929 0.162926
-0.174715 -0.022238 0.162926 0.076235
29.516027 2.341142 29.098111 0.931266
1.310302 0.203996 -0.650323 -0.190211
0.203996 0.058519 -0.091912 -0.023003
-0.650323 -0.091912 0.738902 0.200762
-0.190211 -0.023003 0.200762 0.080924
30.794483 2.358424 29.528936 0.922437
1.293841 0.193962 -0.802702 -0.202996
0.193962 0.056535 -0.104470 -0.023249
-0.802702 -0.104470 0.957321 0.241723
-0.202996 -0.023249 0.241723 0.085735
31.389083 2.259286 30.092395 0.939149
1.301112 0.187892 -0.959737 -0.216889
0.187892 0.055235 -0.115797 -0.023686
-0.959737 -0.115797 1.217595 0.285067
-0.216889 -0.023686 0.285067 0.090513
32.224975 2.209237 30.637675 0.949413
1.371077 0.191559 -1.148716 -0.236130
0.191559 0.055414 -0.131124 -0.025167
-1.148716 -0.131124 1.517972 0.329307
-0.236130 -0.025167 0.329307 0.094784
32.667700 2.072651 30.930161 0.884932
1.474644 0.199666 -1.362519 -0.257707
0.199666 0.056134 -0.149070 -0.027112
-1.362519 -0.149070 1.857483 0.373958
-0.257707 -0.027112 0.373958 0.098564
33.898268 2.114388 31.432643 0.906016
1.609589 0.211632 -1.602469 -0.281012
0.211632 0.057276 -0.170017 -0.029436
-1.602469 -0.170017 2.231786 0.417891
-0.281012 -0.029436 0.417891 0.101727
34.984181 2.110884 31.748963 0.878997
1.750215 0.222752 -1.860665 -0.304946
0.222752 0.058105 -0.191220 -0.031649
-1.860665 -0.191220 2.654074 0.464384
-0.304946 -0.031649 0.464384 0.105135
35.936224 2.080690 32.055258 0.847465
1.891060 0.232248 -2.134650 -0.329145
0.232248 0.058564 -0.211911 -0.033646
-2.134650 -0.211911 3.127512 0.513812
-0.329145 -0.033646 0.513812 0.108849
37.186569 2.120679 32.439376 0.850892
2.038033 0.241318 -2.427463 -0.353820
0.241318 0.058890 -0.232858 -0.035545
-2.427463 -0.232858 3.650935 0.565350
-0.353820 -0.035545 0.565350 0.112657
37.856326 2.044165 32.916579 0.839278
2.181437 0.248490 -2.733522 -0.378365
0.248490 0.058911 -0.252595 -0.037166
-2.733522 -0.252595 4.228789 0.619808
-0.378365 -0.037166 0.619808 0.116727
38.843306 2.039485 33.371057 0.843401
2.361044 0.260399 -3.077336 -0.404874
0.260399 0.059568 -0.277298 -0.039262
-3.077336 -0.277298 4.848776 0.673264
-0.404874 -0.039262 0.673264 0.120222
39.910679 2.064029 33.988384 0.878696
2.556314 0.273270 -3.447524 -0.432218
0.273270 0.060300 -0.303507 -0.041375
-3.447524 -0.303507 5.518193 0.727822
-0.432218 -0.041375 0.727822 0.123656
40.652531 1.992208 34.277892 0.838192
2.775850 0.288469 -3.849108 -0.460583
0.288469 0.061291 -0.332554 -0.043635
-3.849108 -0.332554 6.231178 0.782163
-0.460583 -0.043635 0.782163 0.126818
41.681604 2.013710 34.889275 0.869874
3.009630 0.304062 -4.277393 -0.489671
0.304062 0.062266 -0.362493 -0.045830
-4.277393 -0.362493 6.995810 0.837934
-0.489671 -0.045830 0.837934 0.130023
42.738429 2.018782 35.253746 0.862225
3.268718 0.321911 -4.738133 -0.519614
0.321911 0.063476 -0.395182 -0.048141
-4.738133 -0.395182 7.802362 0.893208
-0.519614 -0.048141 0.893208 0.132967
43.558330 1.996808 35.915168 0.884498
3.531166 0.337907 -5.222199 -0.550291
0.337907 0.064371 -0.426354 -0.050178
-5.222199 -0.426354 8.676769 0.952451
-0.550291 -0.050178 0.952451 0.136342
44.493828 1.968054 36.156170 0.852285
3.834153 0.358860 -5.745105 -0.581582
0.358860 0.065855 -0.463079 -0.052572
-5.745105 -0.463079 9.573026 1.007734
-0.581582 -0.052572 1.007734 0.138972
45.520474 2.001074 36.891858 0.897516
4.135596 0.376608 -6.291697 -0.613936
0.376608 0.066840 -0.496724 -0.054589
-6.291697 -0.496724 10.551296 1.068891
-0.613936 -0.054589 1.068891 0.142283
45.926389 1.862460 37.160260 0.836326
4.474481 0.398490 -6.877339 -0.646878
0.398490 0.068292 -0.535148 -0.056880
-6.877339 -0.535148 11.558559 1.127121
-0.646878 -0.056880 1.127121 0.145027
