4.708875 2.845685 -0.926398 -1.262614
2.490737 0.996316 -0.101026 -0.040411
0.996316 80.402602 -0.040411 -0.016165
-0.101026 -0.040411 2.420540 0.968237
-0.040411 -0.016165 0.968237 80.391370
4.611279 0.221821 2.075629 5.092331
2.226030 3.887207 -0.100977 -0.157498
3.887207 15.236327 -0.156199 -0.531571
-0.100977 -0.156199 2.304228 4.037808
-0.157498 -0.531571 4.037808 15.321150
6.306007 2.054198 3.170494 3.427218
1.999068 2.318160 -0.079504 -0.086183
2.318160 4.586109 -0.086050 -0.169367
-0.079504 -0.086050 2.009741 2.311389
-0.086183 -0.169367 2.311389 4.528703
6.109065 1.020177 4.056040 2.731430
1.710611 1.443980 -0.060207 -0.049381
1.443980 1.916501 -0.049303 -0.069582
-0.060207 -0.049303 1.721523 1.444777
-0.049381 -0.069582 1.444777 1.905020
6.917071 1.217245 4.442467 2.086622
1.479952 0.978785 -0.051138 -0.033910
0.978785 0.979260 -0.033877 -0.036287
-0.051138 -0.033877 1.485804 0.978255
-0.033910 -0.036287 0.978255 0.974904
7.310624 1.100171 6.047684 2.391069
1.296908 0.704897 -0.043471 -0.024065
0.704897 0.568592 -0.024048 -0.020829
-0.043471 -0.024048 1.303468 0.706051
-0.024065 -0.020829 0.706051 0.567742
8.039504 1.183078 6.432990 2.017801
1.154079 0.533046 -0.036190 -0.017196
0.533046 0.362328 -0.017182 -0.012661
-0.036190 -0.017182 1.157504 0.533156
-0.017196 -0.012661 0.533156 0.361775
8.029784 0.941178 7.395879 1.999607
1.038432 0.417831 -0.030783 -0.012841
0.417831 0.247571 -0.012831 -0.008235
-0.030783 -0.012831 1.041485 0.418163
-0.012841 -0.008235 0.418163 0.247474
8.113769 0.803433 7.279129 1.601311
0.944875 0.337777 -0.026659 -0.009922
0.337777 0.179255 -0.009915 -0.005636
-0.026659 -0.009915 0.946309 0.337719
-0.009922 -0.005636 0.337719 0.179159
9.726868 1.194317 8.506875 1.738551
0.867203 0.279942 -0.023929 -0.008037
0.279942 0.136249 -0.008032 -0.004065
-0.023929 -0.008032 0.868254 0.279927
-0.008037 -0.004065 0.279927 0.136243
10.500017 1.246267 9.657415 1.821572
0.802082 0.237114 -0.020474 -0.006270
0.237114 0.108079 -0.006267 -0.002912
-0.020474 -0.006267 0.803351 0.237269
-0.006270 -0.002912 0.237269 0.108155
11.019511 1.217854 10.579026 1.824556
0.747518 0.204922 -0.017392 -0.004905
0.204922 0.089097 -0.004903 -0.002123
-0.017392 -0.004903 0.748599 0.205077
-0.004905 -0.002123 0.205077 0.089179
11.751526 1.249444 12.084906 1.977089
0.701506 0.180367 -0.014843 -0.003887
0.180367 0.076008 -0.003885 -0.001581
-0.014843 -0.003885 0.702232 0.180462
-0.003887 -0.001581 0.180462 0.076073
13.256309 1.463887 13.339911 2.041977
0.662634 0.161466 -0.012493 -0.003057
0.161466 0.066837 -0.003055 -0.001186
-0.012493 -0.003055 0.662777 0.161445
-0.003057 -0.001186 0.161445 0.066871
14.401954 1.560340 14.298552 2.027464
0.629494 0.146769 -0.010292 -0.002367
0.146769 0.060327 -0.002365 -0.000889
-0.010292 -0.002365 0.629440 0.146731
-0.002367 -0.000889 0.146731 0.060355
13.793906 1.247974 15.751353 2.126119
0.601335 0.135328 -0.008417 -0.001828
0.135328 0.055683 -0.001826 -0.000673
-0.008417 -0.001826 0.601250 0.135305
-0.001828 -0.000673 0.135305 0.055712
13.972103 1.150433 17.188846 2.208034
0.577799 0.126500 -0.006953 -0.001433
0.126500 0.052381 -0.001432 -0.000519
-0.006953 -0.001432 0.577169 0.126372
-0.001433 -0.000519 0.126372 0.052383
15.164949 1.282789 17.751095 2.091935
0.558051 0.119679 -0.005682 -0.001114
0.119679 0.050033 -0.001114 -0.000401
-0.005682 -0.001114 0.556858 0.119451
-0.001114 -0.000401 0.119451 0.050012
16.231758 1.372701 18.868138 2.107049
0.541389 0.114404 -0.004613 -0.000863
0.114404 0.048368 -0.000863 -0.000312
-0.004613 -0.000863 0.540039 0.114168
-0.000863 -0.000312 0.114168 0.048344
16.976628 1.384884 19.633130 2.046650
0.527508 0.110378 -0.003668 -0.000655
0.110378 0.047204 -0.000655 -0.000242
-0.003668 -0.000655 0.526162 0.110163
-0.000655 -0.000242 0.110163 0.047183
17.936096 1.440482 20.909134 2.099307
0.516074 0.107350 -0.002885 -0.000492
0.107350 0.046405 -0.000492 -0.000189
-0.002885 -0.000492 0.514812 0.107168
-0.000492 -0.000189 0.107168 0.046389
18.797135 1.469721 22.136904 2.136310
0.506756 0.105111 -0.002206 -0.000359
0.105111 0.045868 -0.000359 -0.000147
-0.002206 -0.000359 0.505640 0.104967
-0.000359 -0.000147 0.104967 0.045857
19.448222 1.452326 23.032971 2.100593
0.499252 0.103488 -0.001640 -0.000254
0.103488 0.045519 -0.000254 -0.000114
-0.001640 -0.000254 0.498336 0.103388
-0.000254 -0.000114 0.103388 0.045514
20.403202 1.499810 24.159595 2.116475
0.493298 0.102344 -0.001192 -0.000177
0.102344 0.045300 -0.000177 -0.000090
-0.001192 -0.000177 0.492606 0.102288
-0.000177 -0.000090 0.102288 0.045300
20.598741 1.384563 25.022868 2.075858
0.488627 0.101561 -0.000856 -0.000124
0.101561 0.045170 -0.000124 -0.000072
-0.000856 -0.000124 0.488211 0.101554
-0.000124 -0.000072 0.101554 0.045176
20.979878 1.319709 25.653425 1.990907
0.485035 0.101049 -0.000595 -0.000085
0.101049 0.045098 -0.000086 -0.000059
-0.000595 -0.000086 0.484899 0.101089
-0.000085 -0.000059 0.101089 0.045109
21.048916 1.196305 26.476749 1.954908
0.482323 0.100736 -0.000410 -0.000061
0.100736 0.045062 -0.000061 -0.000049
-0.000410 -0.000061 0.482462 0.100817
-0.000061 -0.000049 0.100817 0.045078
22.102771 1.291696 26.828241 1.823822
0.480301 0.100557 -0.000264 -0.000043
0.100557 0.045045 -0.000043 -0.000040
-0.000264 -0.000043 0.480735 0.100682
-0.000043 -0.000040 0.100682 0.045068
23.118787 1.369366 27.614114 1.797374
0.478841 0.100474 -0.000223 -0.000044
0.100474 0.045040 -0.000044 -0.000037
-0.000223 -0.000044 0.479538 0.100634
-0.000044 -0.000037 0.100634 0.045067
23.508652 1.307384 28.850993 1.868470
0.477790 0.100445 -0.000274 -0.000061
0.100445 0.045037 -0.000061 -0.000036
-0.000274 -0.000061 0.478766 0.100644
-0.000061 -0.000036 0.100644 0.045069
24.277224 1.331574 29.777403 1.866821
0.476990 0.100437 -0.000369 -0.000083
0.100437 0.045030 -0.000083 -0.000037
-0.000369 -0.000083 0.478362 0.100698
-0.000083 -0.000037 0.100698 0.045074
24.970173 1.337299 30.864074 1.899117
0.476395 0.100440 -0.000539 -0.000117
0.100440 0.045020 -0.000117 -0.000040
-0.000539 -0.000117 0.478199 0.100769
-0.000117 -0.000040 0.100769 0.045076
25.670277 1.343939 32.017916 1.942196
0.475917 0.100439 -0.000782 -0.000162
0.100439 0.045006 -0.000162 -0.000045
-0.000782 -0.000162 0.478231 0.100849
-0.000162 -0.000045 0.100849 0.045076
26.529350 1.383463 33.249475 1.997152
0.475494 0.100425 -0.001100 -0.000219
0.100425 0.044986 -0.000219 -0.000053
-0.001100 -0.000219 0.478413 0.100934
-0.000219 -0.000053 0.100934 0.045076
27.311200 1.402496 34.076596 1.960977
0.475089 0.100396 -0.001525 -0.000293
0.100396 0.044963 -0.000293 -0.000065
-0.001525 -0.000293 0.478709 0.101019
-0.000293 -0.000065 0.101019 0.045074
28.424699 1.489663 35.177608 1.986455
0.474738 0.100364 -0.002013 -0.000375
0.100364 0.044939 -0.000375 -0.000078
-0.002013 -0.000375 0.479028 0.101089
-0.000375 -0.000078 0.101089 0.045069
29.090346 1.472928 36.235548 2.000097
0.474400 0.100323 -0.002643 -0.000481
0.100323 0.044914 -0.000482 -0.000096
-0.002643 -0.000482 0.479373 0.101150
-0.000481 -0.000096 0.101150 0.045063
29.233348 1.347458 37.502666 2.056301
0.474034 0.100269 -0.003322 -0.000592
0.100269 0.044888 -0.000592 -0.000115
-0.003322 -0.000592 0.479765 0.101211
-0.000592 -0.000115 0.101211 0.045059
29.725207 1.308974 38.509791 2.051810
0.473539 0.100183 -0.003964 -0.000688
0.100183 0.044857 -0.000689 -0.000130
-0.003964 -0.000689 0.480291 0.101293
-0.000688 -0.000130 0.101293 0.045061
30.358204 1.304495 39.708023 2.088133
0.473013 0.100090 -0.004626 -0.000786
0.100090 0.044827 -0.000787 -0.000147
-0.004626 -0.000787 0.480846 0.101372
-0.000786 -0.000147 0.101372 0.045064
30.928023 1.286878 40.403460 2.014623
0.472429 0.099986 -0.005365 -0.000897
0.099986 0.044797 -0.000898 -0.000166
-0.005365 -0.000898 0.481457 0.101458
-0.000897 -0.000166 0.101458 0.045071
31.166804 1.201164 41.328563 1.997065
0.471903 0.099897 -0.006108 -0.001006
0.099897 0.044771 -0.001006 -0.000186
-0.006108 -0.001006 0.482006 0.101527
-0.001006 -0.000186 0.101527 0.045075
31.415912 1.126600 42.129852 1.955291
0.471327 0.099799 -0.006803 -0.001102
0.099799 0.044746 -0.001102 -0.000203
-0.006803 -0.001102 0.482603 0.101604
-0.001102 -0.000203 0.101604 0.045083
31.752002 1.078108 42.654237 1.859721
0.470739 0.099702 -0.007453 -0.001188
0.099702 0.044722 -0.001188 -0.000219
-0.007453 -0.001188 0.483212 0.101683
-0.001188 -0.000219 0.101683 0.045093
32.137714 1.046046 44.051533 1.957903
0.470219 0.099621 -0.008060 -0.001266
0.099621 0.044702 -0.001266 -0.000234
-0.008060 -0.001266 0.483750 0.101746
-0.001266 -0.000234 0.101746 0.045101
33.054903 1.129661 45.103073 1.973564
0.469534 0.099507 -0.008756 -0.001364
0.099507 0.044676 -0.001364 -0.000254
-0.008756 -0.001364 0.484477 0.101850
-0.001364 -0.000254 0.101850 0.045119
34.350113 1.284949 46.476126 2.055553
0.468877 0.099402 -0.009646 -0.001503
0.099402 0.044652 -0.001503 -0.000283
-0.009646 -0.001503 0.485202 0.101951
-0.001503 -0.000283 0.101951 0.045136
34.545893 1.189846 47.213704 1.994051
0.468219 0.099299 -0.010869 -0.001708
0.099299 0.044630 -0.001709 -0.000326
-0.010869 -0.001709 0.485975 0.102061
-0.001708 -0.000326 0.102061 0.045157
35.911959 1.353291 48.072283 1.966034
0.467565 0.099199 -0.011944 -0.001872
0.099199 0.044608 -0.001873 -0.000358
-0.011944 -0.001873 0.486756 0.102170
-0.001872 -0.000358 0.102170 0.045177
36.654730 1.366896 48.766274 1.905487
0.467084 0.099137 -0.013292 -0.002089
0.099137 0.044595 -0.002092 -0.000402
-0.013292 -0.002092 0.487400 0.102250
-0.002089 -0.000402 0.102250 0.045192
