5.890000 3.318145 0.386346 -0.737505
2.490737 0.996316 -0.101026 -0.040411
0.996316 80.402602 -0.040411 -0.016165
-0.101026 -0.040411 2.420540 0.968237
-0.040411 -0.016165 0.968237 80.391370
3.578324 -3.615061 0.279482 -0.313246
2.228242 3.891192 -0.086991 -0.132965
3.891192 15.243501 -0.131813 -0.488793
-0.086991 -0.131813 2.299470 4.029590
-0.132965 -0.488793 4.029590 15.306962
6.104350 1.411009 0.752325 0.417782
1.995247 2.313320 -0.105361 -0.118079
2.313320 4.580423 -0.118222 -0.206455
-0.105361 -0.118222 2.018391 2.322018
-0.118079 -0.206455 2.322018 4.540920
6.662149 1.289713 2.687544 1.865851
1.700419 1.435648 -0.076819 -0.061482
1.435648 1.909786 -0.061424 -0.077727
-0.076819 -0.061424 1.734705 1.455220
-0.061482 -0.077727 1.455220 1.913106
7.064387 1.130407 4.764811 2.618356
1.471975 0.974197 -0.057887 -0.036697
0.974197 0.976588 -0.036646 -0.037194
-0.057887 -0.036646 1.494979 0.983324
-0.036697 -0.037194 0.983324 0.977728
7.911793 1.283711 5.603551 2.363901
1.294485 0.704193 -0.044853 -0.023835
0.704193 0.568400 -0.023798 -0.020434
-0.044853 -0.023798 1.306137 0.706724
-0.023835 -0.020434 0.706724 0.567877
8.344120 1.186862 6.619026 2.287294
1.151993 0.532442 -0.036213 -0.016719
0.532442 0.362085 -0.016692 -0.012441
-0.036213 -0.016692 1.159621 0.533694
-0.016719 -0.012441 0.533694 0.361990
8.786614 1.126248 7.014044 1.986944
1.037496 0.417678 -0.030126 -0.012356
0.417678 0.247495 -0.012336 -0.008121
-0.030126 -0.012336 1.042352 0.418253
-0.012356 -0.008121 0.418253 0.247540
10.144554 1.410317 8.528384 2.172467
0.943654 0.337469 -0.025897 -0.009574
0.337469 0.179109 -0.009561 -0.005609
-0.025897 -0.009561 0.947451 0.337988
-0.009574 -0.005609 0.337988 0.179308
10.608573 1.332302 10.053511 2.314012
0.866089 0.279663 -0.021512 -0.007258
0.279663 0.136122 -0.007247 -0.003904
-0.021512 -0.007247 0.869121 0.280125
-0.007258 -0.003904 0.280125 0.136358
10.465094 1.093064 10.758707 2.180893
0.801753 0.237070 -0.017908 -0.005579
0.237070 0.108033 -0.005570 -0.002792
-0.017908 -0.005570 0.803439 0.237249
-0.005579 -0.002792 0.237249 0.108195
11.130683 1.125851 11.388491 2.054669
0.747772 0.205018 -0.015398 -0.004464
0.205018 0.089092 -0.004457 -0.002076
-0.015398 -0.004457 0.748175 0.204945
-0.004464 -0.002076 0.204945 0.089185
11.897646 1.178481 11.769876 1.888609
0.701911 0.180474 -0.013308 -0.003611
0.180474 0.076006 -0.003606 -0.001571
-0.013308 -0.003606 0.701711 0.180338
-0.003611 -0.001571 0.180338 0.076079
12.389146 1.154629 12.908931 1.936075
0.662813 0.161496 -0.011570 -0.002950
0.161496 0.066818 -0.002947 -0.001208
-0.011570 -0.002947 0.662539 0.161414
-0.002950 -0.001208 0.161414 0.066897
13.340108 1.241717 14.017173 1.968721
0.629725 0.146802 -0.009981 -0.002401
0.146802 0.060313 -0.002398 -0.000933
-0.009981 -0.002398 0.629198 0.146705
-0.002401 -0.000933 0.146705 0.060377
14.514067 1.366161 15.179643 2.008793
0.601631 0.135370 -0.008475 -0.001929
0.135370 0.055674 -0.001927 -0.000721
-0.008475 -0.001927 0.600967 0.135275
-0.001929 -0.000721 0.135275 0.055727
15.166445 1.359459 16.656639 2.112297
0.577827 0.126478 -0.007058 -0.001524
0.126478 0.052361 -0.001522 -0.000554
-0.007058 -0.001522 0.577155 0.126404
-0.001524 -0.000554 0.126404 0.052408
16.257788 1.447699 17.553028 2.078059
0.557855 0.119612 -0.005779 -0.001186
0.119612 0.050007 -0.001185 -0.000426
-0.005779 -0.001185 0.557066 0.119526
-0.001186 -0.000426 0.119526 0.050042
16.862756 1.422605 18.754681 2.112429
0.541101 0.114324 -0.004672 -0.000912
0.114324 0.048343 -0.000912 -0.000327
-0.004672 -0.000912 0.540337 0.114253
-0.000912 -0.000327 0.114253 0.048372
17.096467 1.322693 19.882817 2.127410
0.527221 0.110307 -0.003721 -0.000692
0.110307 0.047184 -0.000692 -0.000252
-0.003721 -0.000692 0.526459 0.110239
-0.000692 -0.000252 0.110239 0.047205
17.808331 1.333192 20.895779 2.116855
0.515846 0.107298 -0.002922 -0.000518
0.107298 0.046391 -0.000518 -0.000194
-0.002922 -0.000518 0.515048 0.107223
-0.000518 -0.000194 0.107223 0.046404
17.786551 1.190315 21.404893 2.002702
0.506585 0.105075 -0.002249 -0.000380
0.105075 0.045859 -0.000380 -0.000150
-0.002249 -0.000380 0.505819 0.105005
-0.000380 -0.000150 0.105005 0.045867
18.455768 1.205670 22.425456 2.006699
0.499175 0.103475 -0.001713 -0.000277
0.103475 0.045515 -0.000277 -0.000117
-0.001713 -0.000277 0.498420 0.103404
-0.000277 -0.000117 0.103404 0.045518
19.354640 1.267119 23.638015 2.050180
0.493291 0.102346 -0.001261 -0.000195
0.102346 0.045300 -0.000195 -0.000091
-0.001261 -0.000195 0.492620 0.102288
-0.000195 -0.000091 0.102288 0.045301
19.300132 1.124101 24.663905 2.050270
0.488668 0.101572 -0.000890 -0.000131
0.101572 0.045171 -0.000131 -0.000071
-0.000890 -0.000131 0.488176 0.101545
-0.000131 -0.000071 0.101545 0.045175
19.722538 1.094994 25.515810 2.014145
0.485117 0.101067 -0.000571 -0.000079
0.101067 0.045101 -0.000079 -0.000055
-0.000571 -0.000079 0.484820 0.101072
-0.000079 -0.000055 0.101072 0.045107
20.441619 1.130845 26.810057 2.074164
0.482421 0.100754 -0.000324 -0.000042
0.100754 0.045064 -0.000042 -0.000043
-0.000324 -0.000042 0.482367 0.100799
-0.000042 -0.000043 0.100799 0.045075
21.374515 1.207789 28.280016 2.164836
0.480362 0.100566 -0.000149 -0.000019
0.100566 0.045046 -0.000019 -0.000034
-0.000149 -0.000019 0.480676 0.100673
-0.000019 -0.000034 0.100673 0.045067
22.071566 1.227333 28.420883 1.967238
0.478772 0.100455 -0.000073 -0.000014
0.100455 0.045035 -0.000014 -0.000030
-0.000073 -0.000014 0.479610 0.100653
-0.000014 -0.000030 0.100653 0.045072
22.503274 1.189079 29.519446 1.991404
0.477653 0.100415 -0.000077 -0.000024
0.100415 0.045030 -0.000024 -0.000028
-0.000077 -0.000024 0.478905 0.100675
-0.000024 -0.000028 0.100675 0.045076
23.156430 1.201429 30.230879 1.931563
0.476799 0.100398 -0.000127 -0.000039
0.100398 0.045022 -0.000039 -0.000028
-0.000127 -0.000039 0.478555 0.100737
-0.000039 -0.000028 0.100737 0.045082
23.992387 1.251026 31.255525 1.943960
0.476169 0.100397 -0.000243 -0.000064
0.100397 0.045012 -0.000065 -0.000030
-0.000243 -0.000065 0.478427 0.100812
-0.000064 -0.000030 0.100812 0.045084
24.680934 1.264328 32.343611 1.968441
0.475661 0.100393 -0.000449 -0.000105
0.100393 0.044997 -0.000105 -0.000035
-0.000449 -0.000105 0.478488 0.100895
-0.000105 -0.000035 0.100895 0.045085
25.585982 1.321968 33.375509 1.978497
0.475213 0.100377 -0.000728 -0.000157
0.100377 0.044978 -0.000157 -0.000042
-0.000728 -0.000157 0.478696 0.100982
-0.000157 -0.000042 0.100982 0.045084
26.032224 1.276574 33.998523 1.901220
0.474807 0.100351 -0.001109 -0.000225
0.100351 0.044955 -0.000225 -0.000052
-0.001109 -0.000225 0.478992 0.101064
-0.000225 -0.000052 0.101064 0.045081
26.698580 1.282524 35.209957 1.956254
0.474459 0.100322 -0.001492 -0.000288
0.100322 0.044932 -0.000288 -0.000061
-0.001492 -0.000288 0.479304 0.101130
-0.000288 -0.000061 0.101130 0.045076
27.359292 1.286637 36.176442 1.953800
0.474060 0.100270 -0.001952 -0.000363
0.100270 0.044905 -0.000363 -0.000073
-0.001952 -0.000363 0.479708 0.101203
-0.000363 -0.000073 0.101203 0.045073
27.772530 1.237870 36.586416 1.834188
0.473647 0.100208 -0.002470 -0.000446
0.100208 0.044877 -0.000447 -0.000087
-0.002470 -0.000447 0.480141 0.101270
-0.000446 -0.000087 0.101270 0.045070
28.392327 1.238032 37.411809 1.814853
0.473301 0.100155 -0.002957 -0.000518
0.100155 0.044853 -0.000519 -0.000098
-0.002957 -0.000519 0.480506 0.101316
-0.000518 -0.000098 0.101316 0.045064
29.341161 1.307895 38.517231 1.856682
0.472942 0.100097 -0.003492 -0.000598
0.100097 0.044829 -0.000599 -0.000112
-0.003492 -0.000599 0.480878 0.101358
-0.000598 -0.000112 0.101358 0.045060
30.142212 1.339099 39.621465 1.893797
0.472543 0.100027 -0.004172 -0.000706
0.100027 0.044805 -0.000707 -0.000131
-0.004172 -0.000707 0.481289 0.101407
-0.000706 -0.000131 0.101407 0.045060
31.648404 1.516319 40.766590 1.935924
0.472094 0.099948 -0.004954 -0.000831
0.099948 0.044781 -0.000833 -0.000155
-0.004954 -0.000833 0.481749 0.101465
-0.000831 -0.000155 0.101465 0.045064
32.341959 1.502532 41.539063 1.894730
0.471682 0.099878 -0.006009 -0.001008
0.099878 0.044760 -0.001010 -0.000189
-0.006009 -0.001010 0.482182 0.101516
-0.001008 -0.000189 0.101516 0.045067
32.804575 1.441615 42.817195 1.964154
0.471293 0.099813 -0.007059 -0.001175
0.099813 0.044741 -0.001177 -0.000219
-0.007059 -0.001177 0.482599 0.101563
-0.001175 -0.000219 0.101563 0.045072
32.811685 1.289591 42.738960 1.740520
0.470761 0.099719 -0.008114 -0.001336
0.099719 0.044718 -0.001339 -0.000249
-0.008114 -0.001339 0.483174 0.101645
-0.001336 -0.000249 0.101645 0.045085
33.622475 1.324547 43.374970 1.691411
0.470388 0.099663 -0.008877 -0.001430
0.099663 0.044703 -0.001433 -0.000265
-0.008877 -0.001433 0.483573 0.101688
-0.001430 -0.000265 0.101688 0.045090
34.693567 1.411551 44.557339 1.762621
0.470081 0.099620 -0.009715 -0.001543
0.099620 0.044692 -0.001545 -0.000286
-0.009715 -0.001545 0.483917 0.101721
-0.001543 -0.000286 0.101721 0.045095
35.026415 1.332803 45.698566 1.816797
0.469734 0.099568 -0.010779 -0.001703
0.099568 0.044679 -0.001706 -0.000318
-0.010779 -0.001706 0.484338 0.101774
-0.001703 -0.000318 0.101774 0.045105
35.468353 1.284564 46.125904 1.715431
0.469234 0.099483 -0.011821 -0.001856
0.099483 0.044659 -0.001859 -0.000348
-0.011821 -0.001859 0.484936 0.101864
-0.001856 -0.000348 0.101864 0.045123
35.880667 1.236340 47.356236 1.793346
0.468828 0.099420 -0.012774 -0.001987
0.099420 0.044644 -0.001990 -0.000374
-0.012774 -0.001990 0.485445 0.101934
-0.001987 -0.000374 0.101934 0.045137
