3.877146 2.512986 0.692665 -0.614975
2.053490 0.821414 -0.226717 -0.090689
0.821414 80.332639 -0.090689 -0.036276
-0.226717 -0.090689 3.101368 1.240574
-0.090689 -0.036276 1.240574 80.500307
5.410864 3.006114 0.287533 -0.775214
3.311011 5.898486 -0.709506 -1.139205
5.898486 17.657348 -1.229168 -2.616438
-0.709506 -1.229168 1.947850 3.289927
-1.139205 -2.616438 3.289927 15.692268
7.277765 3.454653 2.042434 1.877718
2.703536 2.927068 -0.328284 -0.267643
2.927068 4.904976 -0.314728 -0.477109
-0.328284 -0.314728 1.669496 2.036445
-0.267643 -0.477109 2.036445 4.615704
7.993349 2.658578 2.696784 1.599204
1.695475 1.330893 -0.096420 -0.047755
1.330893 1.732344 -0.065925 -0.132325
-0.096420 -0.065925 1.772899 1.589096
-0.047755 -0.132325 1.589096 2.157083
9.831310 2.983546 2.965907 1.238235
1.331582 0.846091 -0.082365 -0.051129
0.846091 0.878171 -0.058263 -0.087120
-0.082365 -0.058263 1.690080 1.156067
-0.051129 -0.087120 1.156067 1.127224
8.906874 1.685911 3.978274 1.461893
1.127771 0.605178 -0.090404 -0.053168
0.605178 0.517654 -0.056723 -0.060234
-0.090404 -0.056723 1.549627 0.852492
-0.053168 -0.060234 0.852492 0.654501
9.470111 1.555238 4.887430 1.545280
0.986003 0.458233 -0.134185 -0.066747
0.458233 0.333678 -0.069221 -0.050052
-0.134185 -0.069221 1.438123 0.662076
-0.066747 -0.050052 0.662076 0.420767
9.257282 1.146819 6.653956 1.942949
0.892943 0.366148 -0.178027 -0.074430
0.366148 0.232093 -0.076720 -0.041954
-0.178027 -0.076720 1.329949 0.527003
-0.074430 -0.041954 0.527003 0.288512
10.787879 1.498155 7.166248 1.780559
0.859731 0.315491 -0.237666 -0.085006
0.315491 0.175475 -0.087694 -0.038031
-0.237666 -0.087694 1.198608 0.417957
-0.085006 -0.038031 0.417957 0.204854
10.085412 1.017813 8.895679 2.042657
0.806298 0.267383 -0.238806 -0.074496
0.267383 0.134986 -0.076650 -0.028662
-0.238806 -0.076650 1.095601 0.342583
-0.074496 -0.028662 0.342583 0.153865
10.924456 1.123370 10.955603 2.340002
0.786771 0.238650 -0.241098 -0.066721
0.238650 0.110382 -0.068853 -0.022606
-0.241098 -0.068853 0.974073 0.277402
-0.066721 -0.022606 0.277402 0.118001
11.390399 1.097513 12.297914 2.385140
0.762041 0.213521 -0.219213 -0.054239
0.213521 0.092530 -0.056068 -0.016635
-0.219213 -0.056068 0.862605 0.227263
-0.054239 -0.016635 0.227263 0.093896
12.308560 1.187730 12.609422 2.168246
0.733811 0.191821 -0.192274 -0.042884
0.191821 0.079452 -0.044411 -0.012132
-0.192274 -0.044411 0.773278 0.191259
-0.042884 -0.012132 0.191259 0.078062
13.694091 1.370924 12.202271 1.821018
0.698888 0.172074 -0.168575 -0.034275
0.172074 0.069505 -0.035457 -0.009066
-0.168575 -0.035457 0.711447 0.167361
-0.034275 -0.009066 0.167361 0.067960
13.714491 1.214379 13.179520 1.830165
0.656910 0.153839 -0.147648 -0.027681
0.153839 0.061797 -0.028426 -0.006923
-0.147648 -0.028426 0.672020 0.151971
-0.027681 -0.006923 0.151971 0.061513
13.545414 1.039430 14.232307 1.853015
0.625492 0.140781 -0.129671 -0.022550
0.140781 0.056617 -0.023094 -0.005421
-0.129671 -0.023094 0.634738 0.139100
-0.022550 -0.005421 0.139100 0.056672
14.442020 1.129892 15.890202 2.014796
0.602423 0.131467 -0.113861 -0.018445
0.131467 0.053129 -0.018930 -0.004333
-0.113861 -0.018930 0.599820 0.128366
-0.018445 -0.004333 0.128366 0.053035
15.057298 1.142285 17.051097 2.047912
0.581794 0.124044 -0.095476 -0.014231
0.124044 0.050622 -0.014674 -0.003335
-0.095476 -0.014674 0.568936 0.119812
-0.014231 -0.003335 0.119812 0.050389
15.436032 1.102305 18.137450 2.059046
0.564025 0.118245 -0.078287 -0.010665
0.118245 0.048846 -0.011073 -0.002560
-0.078287 -0.011073 0.543623 0.113375
-0.010665 -0.002560 0.113375 0.048537
16.575597 1.224229 19.097292 2.050258
0.549426 0.113866 -0.062969 -0.007768
0.113866 0.047625 -0.008155 -0.001978
-0.062969 -0.008155 0.523007 0.108565
-0.007768 -0.001978 0.108565 0.047246
17.027558 1.193347 20.374698 2.101349
0.535590 0.110201 -0.049011 -0.005357
0.110201 0.046721 -0.005696 -0.001520
-0.049011 -0.005696 0.508089 0.105376
-0.005357 -0.001520 0.105376 0.046432
17.499630 1.166811 21.305919 2.075460
0.524313 0.107496 -0.036508 -0.003363
0.107496 0.046128 -0.003669 -0.001160
-0.036508 -0.003669 0.496439 0.103110
-0.003363 -0.001160 0.103110 0.045887
18.473428 1.244830 22.028169 2.012341
0.514860 0.105459 -0.025990 -0.001849
0.105459 0.045736 -0.002122 -0.000900
-0.025990 -0.002122 0.488030 0.101653
-0.001849 -0.000900 0.101653 0.045549
19.228733 1.271026 22.833381 1.971055
0.506218 0.103787 -0.017578 -0.000794
0.103787 0.045452 -0.001026 -0.000723
-0.017578 -0.001026 0.482941 0.100937
-0.000794 -0.000723 0.100937 0.045381
19.646928 1.228329 24.300994 2.071228
0.498648 0.102477 -0.011003 -0.000094
0.102477 0.045257 -0.000286 -0.000604
-0.011003 -0.000286 0.480134 0.100679
-0.000094 -0.000604 0.100679 0.045310
20.673532 1.314382 25.673623 2.143444
0.491650 0.101377 -0.005450 0.000450
0.101377 0.045108 0.000293 -0.000500
-0.005450 0.000293 0.479388 0.100802
0.000450 -0.000500 0.100802 0.045311
21.345956 1.318396 27.199860 2.239242
0.484430 0.100285 -0.001928 0.000632
0.100285 0.044955 0.000511 -0.000455
-0.001928 0.000511 0.481015 0.101344
0.000632 -0.000455 0.101344 0.045389
21.696678 1.254202 28.271850 2.228828
0.476759 0.099141 -0.000145 0.000541
0.099141 0.044783 0.000451 -0.000449
-0.000145 0.000451 0.484852 0.102247
0.000541 -0.000449 0.102247 0.045530
22.132453 1.214210 29.360328 2.223273
0.469379 0.098094 0.000486 0.000315
0.098094 0.044624 0.000246 -0.000456
0.000486 0.000246 0.489872 0.103277
0.000315 -0.000456 0.103277 0.045684
22.718493 1.209768 30.555369 2.240834
0.462161 0.097099 -0.000069 -0.000055
0.097099 0.044465 -0.000113 -0.000482
-0.000069 -0.000113 0.495992 0.104422
-0.000055 -0.000482 0.104422 0.045853
23.735705 1.296865 31.691509 2.243964
0.454934 0.096107 -0.002021 -0.000614
0.096107 0.044294 -0.000670 -0.000538
-0.002021 -0.000670 0.503281 0.105704
-0.000614 -0.000538 0.105704 0.046045
24.728388 1.370213 32.423350 2.162115
0.448122 0.095201 -0.006234 -0.001542
0.095201 0.044132 -0.001608 -0.000665
-0.006234 -0.001608 0.511237 0.107020
-0.001542 -0.000665 0.107020 0.046240
25.288312 1.343650 33.026199 2.062469
0.442627 0.094561 -0.012142 -0.002700
0.094561 0.044015 -0.002789 -0.000833
-0.012142 -0.002789 0.518687 0.108137
-0.002700 -0.000833 0.108137 0.046392
25.459632 1.236177 34.328815 2.118776
0.438262 0.094120 -0.018160 -0.003756
0.094120 0.043925 -0.003870 -0.000971
-0.018160 -0.003870 0.525598 0.109081
-0.003756 -0.000971 0.109081 0.046515
26.200607 1.262297 34.798894 1.997113
0.433448 0.093523 -0.022883 -0.004450
0.093523 0.043787 -0.004576 -0.001032
-0.022883 -0.004576 0.533781 0.110256
-0.004450 -0.001032 0.110256 0.046695
26.493833 1.188949 35.731885 1.983183
0.429951 0.093169 -0.028118 -0.005206
0.093169 0.043693 -0.005351 -0.001117
-0.028118 -0.005351 0.540855 0.111154
-0.005206 -0.001117 0.111154 0.046822
26.692879 1.102948 36.757690 1.989350
0.426620 0.092795 -0.032065 -0.005662
0.092795 0.043584 -0.005808 -0.001145
-0.032065 -0.005808 0.547894 0.112036
-0.005662 -0.001145 0.112036 0.046957
27.526605 1.166313 38.342114 2.110264
0.423468 0.092415 -0.034276 -0.005766
0.092415 0.043468 -0.005888 -0.001112
-0.034276 -0.005888 0.554483 0.112825
-0.005766 -0.001112 0.112825 0.047083
28.167152 1.178345 39.242953 2.079186
0.420850 0.092117 -0.034917 -0.005591
0.092117 0.043368 -0.005670 -0.001038
-0.034917 -0.005670 0.559841 0.113377
-0.005591 -0.001038 0.113377 0.047171
28.689201 1.165153 40.667236 2.156577
0.419261 0.092008 -0.034350 -0.005232
0.092008 0.043307 -0.005266 -0.000945
-0.034350 -0.005266 0.563018 0.113526
-0.005232 -0.000945 0.113526 0.047191
29.618070 1.241688 41.805054 2.170082
0.419667 0.092298 -0.030972 -0.004376
0.092298 0.043333 -0.004347 -0.000765
-0.030972 -0.004347 0.561557 0.112823
-0.004376 -0.000765 0.112823 0.047058
30.297686 1.254882 42.941766 2.180716
0.422593 0.093069 -0.026052 -0.003314
0.093069 0.043456 -0.003235 -0.000565
-0.026052 -0.003235 0.555174 0.111281
-0.003314 -0.000565 0.111281 0.046783
31.391848 1.355506 43.514068 2.078894
0.428807 0.094451 -0.020197 -0.002168
0.094451 0.043701 -0.002067 -0.000369
-0.020197 -0.002067 0.543398 0.108862
-0.002168 -0.000369 0.108862 0.046363
31.969571 1.332656 44.345829 2.036790
0.437167 0.096142 -0.014843 -0.001225
0.096142 0.043994 -0.001131 -0.000230
-0.014843 -0.001131 0.529292 0.106221
-0.001225 -0.000230 0.106221 0.045932
33.022346 1.416416 45.086154 1.982090
0.448482 0.098305 -0.010516 -0.000555
0.098305 0.044374 -0.000502 -0.000154
-0.010516 -0.000502 0.512525 0.103268
-0.000555 -0.000154 0.103268 0.045458
33.572112 1.381316 45.892360 1.944144
0.463834 0.101146 -0.008294 -0.000340
0.101146 0.044882 -0.000365 -0.000170
-0.008294 -0.000365 0.492955 0.099953
-0.000340 -0.000170 0.099953 0.044924
33.967112 1.317537 46.966347 1.964301
0.481905 0.104329 -0.008665 -0.000642
0.104329 0.045441 -0.000755 -0.000281
-0.008665 -0.000755 0.473346 0.096821
-0.000642 -0.000281 0.096821 0.044431
34.314363 1.251106 48.161189 2.007681
0.502959 0.107898 -0.012152 -0.001530
0.107898 0.046061 -0.001726 -0.000492
-0.012152 -0.001726 0.454285 0.093931
-0.001530 -0.000492 0.093931 0.043979
35.338144 1.334209 48.346605 1.837014
0.526642 0.111761 -0.018730 -0.002962
0.111761 0.046725 -0.003212 -0.000789
-0.018730 -0.003212 0.436825 0.091445
-0.002962 -0.000789 0.091445 0.043589
36.118746 1.357724 49.112269 1.804801
0.550773 0.115448 -0.028086 -0.004848
0.115448 0.047334 -0.005098 -0.001148
-0.028086 -0.005098 0.422761 0.089680
-0.004848 -0.001148 0.089680 0.043320
