3.535162 2.376190 -0.010060 -0.896071
2.470482 0.988214 -0.052654 -0.021062
0.988214 80.399361 -0.021062 -0.008425
-0.052654 -0.021062 2.434012 0.973626
-0.021062 -0.008425 0.973626 80.393525
4.328117 1.696930 2.080474 3.548480
2.247565 3.929299 -0.054764 -0.085662
3.929299 15.260526 -0.085363 -0.283737
-0.054764 -0.085363 2.275084 3.984605
-0.085662 -0.283737 3.984605 15.264429
4.354783 0.744749 3.052431 2.622089
1.997926 2.311519 -0.042175 -0.045429
2.311519 4.564449 -0.045383 -0.088873
-0.042175 -0.045383 2.006238 2.313231
-0.045429 -0.088873 2.313231 4.540748
6.826727 2.513885 2.862531 1.361500
1.713951 1.444805 -0.035575 -0.029140
1.444805 1.913941 -0.029128 -0.039260
-0.035575 -0.029128 1.715359 1.441717
-0.029140 -0.039260 1.441717 1.904016
6.120382 1.216931 3.488668 1.325312
1.477633 0.976120 -0.028066 -0.018356
0.976120 0.976332 -0.018347 -0.019353
-0.028066 -0.018347 1.485646 0.979246
-0.018356 -0.019353 0.979246 0.975856
7.970523 1.891417 2.958783 0.678842
1.295979 0.703902 -0.024600 -0.013454
0.703902 0.567656 -0.013450 -0.011383
-0.024600 -0.013450 1.302406 0.705903
-0.013454 -0.011383 0.705903 0.567570
8.741840 1.810837 3.878715 0.946347
1.150612 0.531195 -0.020947 -0.009814
0.531195 0.361314 -0.009811 -0.007019
-0.020947 -0.009811 1.159480 0.534252
-0.009814 -0.007019 0.534252 0.362143
10.066951 1.979646 4.605670 1.048179
1.034961 0.416367 -0.017708 -0.007267
0.416367 0.246937 -0.007264 -0.004543
-0.017708 -0.007264 1.043755 0.419081
-0.007267 -0.004543 0.419081 0.247696
11.040741 1.973754 6.340764 1.480261
0.940814 0.336351 -0.014766 -0.005407
0.336351 0.178742 -0.005405 -0.003039
-0.014766 -0.005405 0.949349 0.338725
-0.005407 -0.003039 0.338725 0.179390
11.024837 1.649846 7.909013 1.747259
0.863613 0.278868 -0.012129 -0.004027
0.278868 0.135918 -0.004024 -0.002084
-0.012129 -0.004024 0.870874 0.280640
-0.004027 -0.002084 0.280640 0.136365
11.490366 1.543472 9.482844 1.953978
0.799577 0.236485 -0.010172 -0.003102
0.236485 0.107913 -0.003100 -0.001490
-0.010172 -0.003100 0.805065 0.237627
-0.003102 -0.001490 0.237627 0.108175
12.420343 1.586834 10.893364 2.072644
0.745802 0.204563 -0.008526 -0.002412
0.204563 0.089015 -0.002410 -0.001088
-0.008526 -0.002410 0.749684 0.205233
-0.002412 -0.001088 0.205233 0.089158
12.820742 1.485774 11.285081 1.907136
0.700260 0.180147 -0.007080 -0.001874
0.180147 0.075962 -0.001872 -0.000804
-0.007080 -0.001872 0.702967 0.180528
-0.001874 -0.000804 0.180528 0.076044
13.803271 1.544240 11.374248 1.696701
0.661521 0.161281 -0.006011 -0.001498
0.161281 0.066798 -0.001497 -0.000612
-0.006011 -0.001497 0.663496 0.161516
-0.001498 -0.000612 0.161516 0.066856
14.761975 1.587754 12.834265 1.839196
0.628476 0.146606 -0.005145 -0.001213
0.146606 0.060292 -0.001212 -0.000473
-0.005145 -0.001212 0.630171 0.146811
-0.001213 -0.000473 0.146811 0.060351
15.184012 1.504029 13.583001 1.800765
0.600499 0.135206 -0.004318 -0.000966
0.135206 0.055656 -0.000965 -0.000365
-0.004318 -0.000965 0.601875 0.135366
-0.000966 -0.000365 0.135366 0.055709
15.179197 1.338267 14.729184 1.854526
0.576851 0.126351 -0.003645 -0.000776
0.126351 0.052347 -0.000775 -0.000285
-0.003645 -0.000775 0.577955 0.126475
-0.000776 -0.000285 0.126475 0.052395
16.312909 1.438025 16.900412 2.121253
0.557007 0.119510 -0.003088 -0.000628
0.119510 0.049996 -0.000627 -0.000225
-0.003088 -0.000627 0.557777 0.119584
-0.000628 -0.000225 0.119584 0.050033
17.311853 1.497231 18.233887 2.178926
0.540439 0.114258 -0.002510 -0.000486
0.114258 0.048336 -0.000485 -0.000173
-0.002510 -0.000485 0.540891 0.114284
-0.000486 -0.000173 0.114284 0.048363
17.626881 1.406452 19.240506 2.161549
0.526681 0.110259 -0.001997 -0.000368
0.110259 0.047178 -0.000367 -0.000133
-0.001997 -0.000367 0.526912 0.110259
-0.000368 -0.000133 0.110259 0.047199
18.726838 1.489039 20.527408 2.204474
0.515383 0.107259 -0.001575 -0.000277
0.107259 0.046384 -0.000276 -0.000103
-0.001575 -0.000276 0.515442 0.107240
-0.000277 -0.000103 0.107240 0.046401
18.856754 1.361496 21.604045 2.199103
0.506188 0.105042 -0.001212 -0.000203
0.105042 0.045852 -0.000202 -0.000080
-0.001212 -0.000202 0.506159 0.105021
-0.000203 -0.000080 0.105021 0.045867
19.149949 1.281130 22.734581 2.205495
0.498818 0.103443 -0.000915 -0.000146
0.103443 0.045507 -0.000146 -0.000062
-0.000915 -0.000146 0.498730 0.103422
-0.000146 -0.000062 0.103422 0.045521
19.867119 1.297032 23.874447 2.213205
0.492988 0.102319 -0.000671 -0.000102
0.102319 0.045292 -0.000102 -0.000048
-0.000671 -0.000102 0.492884 0.102304
-0.000102 -0.000048 0.102304 0.045305
20.088447 1.208173 24.335410 2.078923
0.488436 0.101554 -0.000477 -0.000069
0.101554 0.045164 -0.000069 -0.000038
-0.000477 -0.000069 0.488375 0.101554
-0.000069 -0.000038 0.101554 0.045179
20.614497 1.191924 25.657335 2.137790
0.484959 0.101059 -0.000328 -0.000046
0.101059 0.045095 -0.000046 -0.000031
-0.000328 -0.000046 0.484952 0.101073
-0.000046 -0.000031 0.101073 0.045110
21.314012 1.213552 26.616130 2.114791
0.482329 0.100755 -0.000215 -0.000030
0.100755 0.045060 -0.000030 -0.000025
-0.000215 -0.000030 0.482437 0.100793
-0.000030 -0.000025 0.100793 0.045078
22.090197 1.249018 27.360145 2.049169
0.480380 0.100584 -0.000146 -0.000022
0.100584 0.045045 -0.000022 -0.000021
-0.000146 -0.000022 0.480640 0.100651
-0.000022 -0.000021 0.100651 0.045067
22.711828 1.248416 28.675503 2.110187
0.478968 0.100504 -0.000121 -0.000023
0.100504 0.045040 -0.000022 -0.000019
-0.000121 -0.000022 0.479398 0.100601
-0.000023 -0.000019 0.100601 0.045065
23.353336 1.252053 29.887394 2.143149
0.477941 0.100475 -0.000134 -0.000029
0.100475 0.045037 -0.000029 -0.000018
-0.000134 -0.000029 0.478603 0.100612
-0.000029 -0.000018 0.100612 0.045068
23.982603 1.252736 30.738757 2.096790
0.477197 0.100473 -0.000185 -0.000041
0.100473 0.045032 -0.000041 -0.000019
-0.000185 -0.000041 0.478145 0.100659
-0.000041 -0.000019 0.100659 0.045071
24.209149 1.168451 31.464032 2.028694
0.476670 0.100487 -0.000270 -0.000058
0.100487 0.045025 -0.000058 -0.000020
-0.000270 -0.000058 0.477914 0.100720
-0.000058 -0.000020 0.100720 0.045071
24.649078 1.138002 32.186253 1.967081
0.476296 0.100503 -0.000357 -0.000074
0.100503 0.045014 -0.000074 -0.000022
-0.000357 -0.000074 0.477841 0.100782
-0.000074 -0.000022 0.100782 0.045068
25.531078 1.204096 33.277410 1.989794
0.476024 0.100517 -0.000460 -0.000091
0.100517 0.045001 -0.000091 -0.000023
-0.000460 -0.000091 0.477870 0.100840
-0.000091 -0.000023 0.100840 0.045061
26.040342 1.184491 34.161818 1.966469
0.475796 0.100518 -0.000623 -0.000119
0.100518 0.044983 -0.000119 -0.000027
-0.000623 -0.000119 0.477982 0.100893
-0.000119 -0.000027 0.100893 0.045052
26.705931 1.200008 35.535212 2.048837
0.475593 0.100509 -0.000806 -0.000150
0.100509 0.044964 -0.000150 -0.000032
-0.000806 -0.000150 0.478142 0.100938
-0.000150 -0.000032 0.100938 0.045043
27.104999 1.157511 36.204860 1.973932
0.475358 0.100482 -0.001037 -0.000189
0.100482 0.044942 -0.000189 -0.000038
-0.001037 -0.000189 0.478371 0.100985
-0.000189 -0.000038 0.100985 0.045034
27.475978 1.113596 37.322451 2.001485
0.475140 0.100450 -0.001267 -0.000224
0.100450 0.044920 -0.000225 -0.000044
-0.001267 -0.000225 0.478594 0.101019
-0.000224 -0.000044 0.101019 0.045025
27.967464 1.099787 38.318069 2.000396
0.474883 0.100405 -0.001510 -0.000261
0.100405 0.044897 -0.000262 -0.000050
-0.001510 -0.000262 0.478855 0.101055
-0.000261 -0.000050 0.101055 0.045018
28.347473 1.063842 39.168087 1.968684
0.474603 0.100353 -0.001775 -0.000302
0.100353 0.044875 -0.000302 -0.000057
-0.001775 -0.000302 0.479129 0.101088
-0.000302 -0.000057 0.101088 0.045012
28.794102 1.045732 39.761527 1.886216
0.474313 0.100298 -0.002044 -0.000341
0.100298 0.044855 -0.000342 -0.000064
-0.002044 -0.000342 0.479403 0.101118
-0.000341 -0.000064 0.101118 0.045008
29.534063 1.091635 40.671016 1.879176
0.474043 0.100248 -0.002315 -0.000381
0.100248 0.044837 -0.000381 -0.000071
-0.002315 -0.000381 0.479645 0.101140
-0.000381 -0.000071 0.101140 0.045003
30.313363 1.141191 42.269654 2.018171
0.473767 0.100198 -0.002643 -0.000431
0.100198 0.044821 -0.000431 -0.000080
-0.002643 -0.000431 0.479887 0.101162
-0.000431 -0.000080 0.101162 0.045001
31.234825 1.215384 43.215868 2.005029
0.473398 0.100129 -0.003064 -0.000499
0.100129 0.044802 -0.000500 -0.000093
-0.003064 -0.000500 0.480222 0.101205
-0.000499 -0.000093 0.101205 0.045005
32.240792 1.299604 44.131651 1.986898
0.473047 0.100067 -0.003555 -0.000580
0.100067 0.044785 -0.000580 -0.000109
-0.003555 -0.000580 0.480541 0.101243
-0.000580 -0.000109 0.101243 0.045008
33.349413 1.396560 44.843626 1.927802
0.472723 0.100013 -0.004121 -0.000672
0.100013 0.044772 -0.000672 -0.000127
-0.004121 -0.000672 0.480837 0.101277
-0.000672 -0.000127 0.101277 0.045012
33.845035 1.353601 45.651126 1.894770
0.472464 0.099974 -0.004754 -0.000774
0.099974 0.044762 -0.000775 -0.000146
-0.004754 -0.000775 0.481075 0.101300
-0.000774 -0.000146 0.101300 0.045014
34.524697 1.353932 46.103490 1.790559
0.472197 0.099933 -0.005357 -0.000866
0.099933 0.044752 -0.000867 -0.000164
-0.005357 -0.000867 0.481329 0.101328
-0.000866 -0.000164 0.101328 0.045019
35.387601 1.393065 46.642913 1.715778
0.471992 0.099906 -0.005940 -0.000950
0.099906 0.044745 -0.000952 -0.000179
-0.005940 -0.000952 0.481525 0.101345
-0.000950 -0.000179 0.101345 0.045022
35.493499 1.268171 47.710140 1.759405
0.471843 0.099890 -0.006545 -0.001038
0.099890 0.044741 -0.001040 -0.000196
-0.006545 -0.001040 0.481675 0.101356
-0.001038 -0.000196 0.101356 0.045024
