1.512910 1.567271 4.398399 0.867350
2.053490 0.821414 -0.226717 -0.090689
0.821414 80.332639 -0.090689 -0.036276
-0.226717 -0.090689 3.101368 1.240574
-0.090689 -0.036276 1.240574 80.500307
4.848930 6.079060 2.467557 -3.093558
1.995574 3.548409 -0.771182 -1.269303
3.548409 13.459357 -1.313168 -2.804448
-0.771182 -1.313168 3.296291 5.575772
-1.269303 -2.804448 5.575772 19.566683
8.211114 6.440178 0.516371 -3.532942
2.163190 2.514772 -0.154917 -0.067614
2.514772 4.512900 -0.111214 -0.255816
-0.154917 -0.111214 1.890208 2.120502
-0.067614 -0.255816 2.120502 4.793726
5.660546 1.702370 0.920634 -1.720173
1.866737 1.534427 -0.045067 -0.015943
1.534427 1.856632 -0.032681 -0.116811
-0.045067 -0.032681 1.590258 1.379951
-0.015943 -0.116811 1.379951 2.076266
6.988850 1.989522 2.141893 -0.278050
1.824171 1.163665 -0.164016 -0.116537
1.163665 1.033274 -0.114870 -0.131277
-0.164016 -0.114870 1.278898 0.886833
-0.116537 -0.131277 0.886833 1.018947
9.226297 2.634875 1.664017 -0.474320
1.445333 0.748084 -0.072197 -0.042463
0.748084 0.554444 -0.046687 -0.053523
-0.072197 -0.046687 1.199499 0.692416
-0.042463 -0.053523 0.692416 0.616848
9.128357 1.999567 3.066542 0.331651
1.182803 0.520358 -0.038569 -0.021676
0.520358 0.336504 -0.026036 -0.029118
-0.038569 -0.026036 1.145093 0.560614
-0.021676 -0.029118 0.560614 0.405633
8.928544 1.525368 4.766193 0.984850
0.980760 0.378530 -0.046472 -0.023360
0.378530 0.221349 -0.026437 -0.021954
-0.046472 -0.026437 1.122436 0.474861
-0.023360 -0.021954 0.474861 0.288018
9.645820 1.500509 6.670987 1.509312
0.844965 0.293255 -0.106153 -0.042872
0.293255 0.158111 -0.043943 -0.023568
-0.106153 -0.043943 1.111020 0.412850
-0.042872 -0.023568 0.412850 0.216114
10.762618 1.613818 8.081430 1.725071
0.783921 0.248825 -0.168207 -0.057778
0.248825 0.123637 -0.057603 -0.023842
-0.168207 -0.057603 1.055383 0.349333
-0.057778 -0.023842 0.349333 0.163994
10.989378 1.443403 9.397335 1.860856
0.743110 0.217848 -0.191246 -0.057445
0.217848 0.101080 -0.057109 -0.020098
-0.191246 -0.057109 0.980718 0.293372
-0.057445 -0.020098 0.293372 0.127356
12.231610 1.586193 10.505617 1.910850
0.715083 0.195403 -0.196086 -0.052303
0.195403 0.085786 -0.052131 -0.016132
-0.196086 -0.052131 0.897733 0.246180
-0.052303 -0.016132 0.246180 0.101590
13.074272 1.600941 11.925973 2.030062
0.682247 0.175294 -0.183133 -0.043787
0.175294 0.074273 -0.043787 -0.012223
-0.183133 -0.043787 0.825318 0.210394
-0.043787 -0.012223 0.210394 0.084187
13.442422 1.494437 12.874644 2.011271
0.652215 0.159049 -0.162762 -0.035111
0.159049 0.065957 -0.035252 -0.009037
-0.162762 -0.035252 0.758439 0.182051
-0.035111 -0.009037 0.182051 0.071976
13.098074 1.247544 15.172940 2.300455
0.626232 0.146214 -0.142943 -0.028022
0.146214 0.059975 -0.028267 -0.006756
-0.142943 -0.028267 0.701434 0.160437
-0.028022 -0.006756 0.160437 0.063512
13.938159 1.294534 16.075607 2.247403
0.609530 0.137398 -0.120790 -0.021433
0.137398 0.055962 -0.021863 -0.004938
-0.120790 -0.021863 0.644035 0.141920
-0.021433 -0.004938 0.141920 0.057161
14.772109 1.338203 17.469801 2.307638
0.591783 0.129622 -0.100549 -0.016173
0.129622 0.052869 -0.016656 -0.003626
-0.100549 -0.016656 0.600855 0.128958
-0.016173 -0.003626 0.128958 0.052982
16.069539 1.470489 18.288669 2.242548
0.574840 0.123128 -0.080826 -0.011656
0.123128 0.050562 -0.012135 -0.002609
-0.080826 -0.012135 0.566653 0.119517
-0.011656 -0.002609 0.119517 0.050149
16.229743 1.349760 19.519553 2.260184
0.557625 0.117460 -0.063393 -0.008100
0.117460 0.048791 -0.008515 -0.001876
-0.063393 -0.008515 0.541985 0.113146
-0.008100 -0.001876 0.113146 0.048333
17.785133 1.526074 19.737105 2.077624
0.543965 0.113269 -0.048333 -0.005324
0.113269 0.047587 -0.005701 -0.001354
-0.048333 -0.005701 0.521833 0.108374
-0.005324 -0.001354 0.108374 0.047072
18.026601 1.419227 20.936980 2.107015
0.530081 0.109552 -0.036351 -0.003390
0.109552 0.046649 -0.003692 -0.001022
-0.036351 -0.003692 0.508720 0.105503
-0.003390 -0.001022 0.105503 0.046341
18.582476 1.385993 21.755104 2.057028
0.519062 0.106864 -0.026108 -0.001887
0.106864 0.046041 -0.002140 -0.000779
-0.026108 -0.002140 0.498314 0.103425
-0.001887 -0.000779 0.103425 0.045846
18.819070 1.289645 22.335490 1.961135
0.509720 0.104818 -0.017824 -0.000819
0.104818 0.045632 -0.001030 -0.000616
-0.017824 -0.001030 0.490905 0.102108
-0.000819 -0.000616 0.102108 0.045547
19.278039 1.250588 23.128786 1.921218
0.502141 0.103339 -0.011396 -0.000119
0.103339 0.045377 -0.000296 -0.000514
-0.011396 -0.000296 0.485589 0.101284
-0.000119 -0.000514 0.101284 0.045366
19.534130 1.174465 24.099121 1.922010
0.495623 0.102209 -0.006322 0.000346
0.102209 0.045209 0.000200 -0.000440
-0.006322 0.000200 0.482285 0.100891
0.000346 -0.000440 0.100891 0.045279
20.161809 1.182323 24.818909 1.871504
0.489894 0.101323 -0.002163 0.000686
0.101323 0.045093 0.000566 -0.000375
-0.002163 0.000566 0.480658 0.100823
0.000686 -0.000375 0.100823 0.045254
21.477546 1.332272 25.405569 1.799130
0.484623 0.100574 0.000628 0.000808
0.100574 0.044999 0.000711 -0.000339
0.000628 0.000711 0.480554 0.101021
0.000808 -0.000339 0.101021 0.045277
22.168532 1.337560 26.551601 1.851034
0.479717 0.099923 0.001249 0.000556
0.099923 0.044917 0.000479 -0.000367
0.001249 0.000479 0.481625 0.101396
0.000556 -0.000367 0.101396 0.045327
22.689158 1.306544 27.896097 1.939302
0.474684 0.099251 0.000613 0.000145
0.099251 0.044819 0.000084 -0.000413
0.000613 0.000084 0.484048 0.101982
0.000145 -0.000413 0.101982 0.045412
23.301659 1.297945 28.961660 1.959521
0.469057 0.098458 -0.001069 -0.000380
0.098458 0.044686 -0.000432 -0.000470
-0.001069 -0.000432 0.488133 0.102835
-0.000380 -0.000470 0.102835 0.045545
23.041767 1.106488 29.773274 1.924573
0.463375 0.097662 -0.003900 -0.001045
0.097662 0.044546 -0.001093 -0.000548
-0.003900 -0.001093 0.493223 0.103804
-0.001045 -0.000548 0.103804 0.045693
23.515348 1.089500 31.009058 1.982058
0.457764 0.096884 -0.005651 -0.001384
0.096884 0.044403 -0.001430 -0.000551
-0.005651 -0.001430 0.499006 0.104823
-0.001384 -0.000551 0.104823 0.045846
24.812131 1.249341 31.986245 1.978957
0.451695 0.096006 -0.008256 -0.001851
0.096006 0.044232 -0.001900 -0.000585
-0.008256 -0.001900 0.506127 0.106039
-0.001851 -0.000585 0.106039 0.046036
25.061440 1.169209 32.720168 1.925596
0.446344 0.095285 -0.013644 -0.002846
0.095285 0.044090 -0.002911 -0.000735
-0.013644 -0.002911 0.513380 0.107191
-0.002846 -0.000735 0.107191 0.046210
25.782000 1.198583 34.147821 2.022339
0.441516 0.094660 -0.018446 -0.003628
0.094660 0.043961 -0.003705 -0.000835
-0.018446 -0.003705 0.520671 0.108279
-0.003628 -0.000835 0.108279 0.046370
26.458411 1.215175 35.144835 2.019489
0.436343 0.093935 -0.023750 -0.004459
0.093935 0.043802 -0.004550 -0.000949
-0.023750 -0.004550 0.529332 0.109595
-0.004459 -0.000949 0.109595 0.046582
27.340053 1.274931 36.434139 2.077589
0.431751 0.093320 -0.028999 -0.005228
0.093320 0.043662 -0.005331 -0.001053
-0.028999 -0.005331 0.537972 0.110840
-0.005228 -0.001053 0.110840 0.046780
28.238485 1.332503 37.834977 2.152496
0.427527 0.092759 -0.033834 -0.005880
0.092759 0.043527 -0.005988 -0.001139
-0.033834 -0.005988 0.546700 0.112052
-0.005880 -0.001139 0.112052 0.046974
29.050729 1.363780 38.740207 2.118069
0.423859 0.092295 -0.036976 -0.006171
0.092295 0.043410 -0.006264 -0.001155
-0.036976 -0.006264 0.554545 0.113051
-0.006171 -0.001155 0.113051 0.047131
29.570681 1.328434 39.822724 2.122198
0.421218 0.092027 -0.038553 -0.006166
0.092027 0.043330 -0.006232 -0.001123
-0.038553 -0.006232 0.560389 0.113640
-0.006166 -0.001123 0.113640 0.047213
30.443741 1.375986 41.261798 2.199537
0.419907 0.092017 -0.037189 -0.005616
0.092017 0.043302 -0.005628 -0.000991
-0.037189 -0.005628 0.562780 0.113577
-0.005616 -0.000991 0.113577 0.047182
31.168945 1.381684 41.850014 2.096729
0.421524 0.092604 -0.032192 -0.004420
0.092604 0.043400 -0.004365 -0.000746
-0.032192 -0.004365 0.558540 0.112293
-0.004420 -0.000746 0.112293 0.046930
31.992423 1.412918 43.308177 2.179699
0.424766 0.093437 -0.026690 -0.003265
0.093437 0.043536 -0.003165 -0.000539
-0.026690 -0.003165 0.551484 0.110644
-0.003265 -0.000539 0.110644 0.046642
32.890232 1.453702 44.111423 2.123061
0.434009 0.095476 -0.019750 -0.001919
0.095476 0.043924 -0.001825 -0.000315
-0.019750 -0.001825 0.534985 0.107313
-0.001919 -0.000315 0.107313 0.046048
33.307835 1.384376 44.840554 2.054848
0.447238 0.098155 -0.014288 -0.000981
0.098155 0.044419 -0.000948 -0.000194
-0.014288 -0.000948 0.514880 0.103572
-0.000981 -0.000194 0.103572 0.045414
34.463110 1.483571 45.325976 1.946802
0.462702 0.101047 -0.011022 -0.000553
0.101047 0.044928 -0.000604 -0.000179
-0.011022 -0.000604 0.494762 0.100121
-0.000553 -0.000179 0.100121 0.044867
34.973655 1.431984 45.824830 1.849211
0.481964 0.104498 -0.011262 -0.000846
0.104498 0.045532 -0.001011 -0.000305
-0.011262 -0.001011 0.473747 0.096697
-0.000846 -0.000305 0.096697 0.044332
35.734839 1.440707 46.359296 1.768781
0.502136 0.107855 -0.014048 -0.001613
0.107855 0.046091 -0.001867 -0.000503
-0.014048 -0.001867 0.455323 0.093967
-0.001613 -0.000503 0.093967 0.043932
35.987204 1.341741 47.466035 1.814166
0.524423 0.111416 -0.020573 -0.003068
0.111416 0.046681 -0.003383 -0.000816
-0.020573 -0.003383 0.438729 0.091675
-0.003068 -0.000816 0.091675 0.043597
36.153064 1.235572 48.321613 1.801998
0.548250 0.115061 -0.029919 -0.004977
0.115061 0.047279 -0.005304 -0.001189
-0.029919 -0.005304 0.424661 0.089905
-0.004977 -0.001189 0.089905 0.043334
