3.759081 2.465759 2.132892 -0.038872
2.575399 1.030182 -0.261185 -0.104476
1.030182 80.416148 -0.104476 -0.041791
-0.261185 -0.104476 2.388565 0.955447
-0.104476 -0.041791 0.955447 80.386254
4.561171 1.778589 4.872978 4.796649
2.249855 3.908629 -0.239753 -0.370197
3.908629 15.471778 -0.364697 -1.304367
-0.239753 -0.364697 2.322076 4.071751
-0.370197 -1.304367 4.071751 15.283073
5.407625 1.695205 2.199558 -1.022048
2.029042 2.356735 -0.175950 -0.192077
2.356735 4.687691 -0.191187 -0.401871
-0.175950 -0.191187 2.004519 2.298810
-0.192077 -0.401871 2.298810 4.490007
5.960581 1.447309 3.627616 0.602163
1.705376 1.442622 -0.175220 -0.147063
1.442622 1.935577 -0.146989 -0.195976
-0.175220 -0.146989 1.758871 1.473247
-0.147063 -0.195976 1.473247 1.922035
6.980414 1.644140 4.347624 0.876806
1.475136 0.979414 -0.146762 -0.096893
0.979414 0.989642 -0.096827 -0.098191
-0.146762 -0.096827 1.516651 0.994822
-0.096893 -0.098191 0.994822 0.982033
8.353744 1.945020 4.154492 0.535965
1.292586 0.705747 -0.120418 -0.065594
0.705747 0.574370 -0.065508 -0.054435
-0.120418 -0.065508 1.327682 0.716026
-0.065594 -0.054435 0.716026 0.571190
8.326776 1.481177 4.953656 0.780130
1.143405 0.530612 -0.100182 -0.046630
0.530612 0.364243 -0.046550 -0.032981
-0.100182 -0.046550 1.184069 0.542981
-0.046630 -0.032981 0.542981 0.365293
8.406154 1.213697 5.813351 0.968231
1.029087 0.416172 -0.086328 -0.035182
0.416172 0.248805 -0.035117 -0.021624
-0.086328 -0.035117 1.064043 0.425241
-0.035182 -0.021624 0.425241 0.249742
8.695454 1.099427 7.086966 1.248839
0.937639 0.336921 -0.075416 -0.027363
0.336921 0.180177 -0.027308 -0.014885
-0.075416 -0.027308 0.964603 0.342652
-0.027363 -0.014885 0.342652 0.180602
9.723765 1.254711 7.599433 1.212680
0.862976 0.279978 -0.065459 -0.021423
0.279978 0.137069 -0.021372 -0.010520
-0.065459 -0.021372 0.881408 0.282895
-0.021423 -0.010520 0.282895 0.137037
10.855280 1.404467 7.749940 1.078458
0.798906 0.237278 -0.056554 -0.016880
0.237278 0.108661 -0.016834 -0.007603
-0.056554 -0.016834 0.813785 0.239363
-0.016880 -0.007603 0.239363 0.108711
11.611333 1.419319 8.664277 1.180827
0.743686 0.204739 -0.048937 -0.013445
0.204739 0.089402 -0.013403 -0.005619
-0.048937 -0.013403 0.758389 0.206987
-0.013445 -0.005619 0.206987 0.089698
12.515575 1.469741 10.020634 1.377007
0.697415 0.180022 -0.042171 -0.010745
0.180022 0.076160 -0.010708 -0.004215
-0.042171 -0.010708 0.711144 0.182127
-0.010745 -0.004215 0.182127 0.076525
13.409161 1.508937 11.608099 1.595341
0.658652 0.161087 -0.035817 -0.008515
0.161087 0.066911 -0.008481 -0.003178
-0.035817 -0.008481 0.670541 0.162814
-0.008515 -0.003178 0.162814 0.067242
13.663445 1.391880 12.369467 1.586675
0.626169 0.146497 -0.029941 -0.006675
0.146497 0.060379 -0.006643 -0.002404
-0.029941 -0.006643 0.635647 0.147733
-0.006675 -0.002404 0.147733 0.060633
13.663639 1.235327 13.940323 1.760768
0.598779 0.135181 -0.025336 -0.005327
0.135181 0.055726 -0.005300 -0.001859
-0.025336 -0.005300 0.606064 0.136013
-0.005327 -0.001859 0.136013 0.055919
14.206641 1.218885 14.761419 1.747763
0.576152 0.126498 -0.021383 -0.004255
0.126498 0.052429 -0.004233 -0.001450
-0.021383 -0.004233 0.580572 0.126806
-0.004255 -0.001450 0.126806 0.052529
15.253120 1.312789 15.561637 1.732349
0.556975 0.119740 -0.018022 -0.003404
0.119740 0.050072 -0.003386 -0.001141
-0.018022 -0.003386 0.559314 0.119727
-0.003404 -0.001141 0.119727 0.050124
16.286051 1.392935 16.869552 1.825919
0.540671 0.114483 -0.015001 -0.002691
0.114483 0.048393 -0.002676 -0.000899
-0.015001 -0.002676 0.541833 0.114352
-0.002691 -0.000899 0.114352 0.048437
16.889558 1.373089 17.398271 1.745485
0.527087 0.110468 -0.012192 -0.002072
0.110468 0.047219 -0.002060 -0.000702
-0.012192 -0.002060 0.527408 0.110277
-0.002072 -0.000702 0.110277 0.047260
17.701655 1.399155 18.177333 1.726113
0.515842 0.107435 -0.009891 -0.001598
0.107435 0.046410 -0.001588 -0.000556
-0.009891 -0.001588 0.515687 0.107244
-0.001598 -0.000556 0.107244 0.046455
17.957162 1.307155 19.269996 1.773374
0.506646 0.105183 -0.007916 -0.001215
0.105183 0.045866 -0.001207 -0.000442
-0.007916 -0.001207 0.506254 0.105023
-0.001215 -0.000442 0.105023 0.045917
18.331159 1.249386 20.441010 1.832124
0.499339 0.103570 -0.006246 -0.000911
0.103570 0.045515 -0.000905 -0.000353
-0.006246 -0.000905 0.498647 0.103408
-0.000911 -0.000353 0.103408 0.045562
19.419974 1.346124 21.953493 1.956261
0.493580 0.102440 -0.004810 -0.000665
0.102440 0.045298 -0.000660 -0.000283
-0.004810 -0.000660 0.492640 0.102274
-0.000665 -0.000283 0.102274 0.045338
20.017134 1.330533 23.254622 2.023407
0.488996 0.101651 -0.003552 -0.000460
0.101651 0.045166 -0.000456 -0.000225
-0.003552 -0.000456 0.488093 0.101529
-0.000460 -0.000225 0.101529 0.045207
20.277035 1.246222 24.563464 2.085177
0.485400 0.101120 -0.002532 -0.000306
0.101120 0.045091 -0.000303 -0.000181
-0.002532 -0.000303 0.484735 0.101070
-0.000306 -0.000181 0.101070 0.045138
21.233599 1.315958 25.908434 2.148496
0.482583 0.100771 -0.001709 -0.000191
0.100771 0.045049 -0.000189 -0.000146
-0.001709 -0.000189 0.482364 0.100823
-0.000191 -0.000146 0.100823 0.045108
21.484899 1.230759 26.661651 2.081143
0.480305 0.100532 -0.001172 -0.000131
0.100532 0.045023 -0.000129 -0.000124
-0.001172 -0.000129 0.480864 0.100740
-0.000131 -0.000124 0.100740 0.045104
21.943873 1.198003 28.067496 2.157797
0.478542 0.100386 -0.000802 -0.000099
0.100386 0.045008 -0.000097 -0.000108
-0.000802 -0.000097 0.479949 0.100749
-0.000099 -0.000108 0.100749 0.045109
22.775389 1.246874 29.110588 2.150285
0.477012 0.100265 -0.000616 -0.000095
0.100265 0.044989 -0.000094 -0.000098
-0.000616 -0.000094 0.479641 0.100847
-0.000095 -0.000098 0.100847 0.045125
23.492105 1.266515 30.161040 2.145089
0.475705 0.100166 -0.000707 -0.000140
0.100166 0.044969 -0.000139 -0.000097
-0.000707 -0.000139 0.479737 0.100988
-0.000140 -0.000097 0.100988 0.045142
23.699480 1.176702 31.390143 2.178076
0.474541 0.100073 -0.001033 -0.000222
0.100073 0.044944 -0.000221 -0.000104
-0.001033 -0.000221 0.480146 0.101154
-0.000222 -0.000104 0.101154 0.045158
24.621152 1.247085 32.513273 2.185259
0.473359 0.099954 -0.001416 -0.000302
0.099954 0.044910 -0.000301 -0.000110
-0.001416 -0.000301 0.480896 0.101355
-0.000302 -0.000110 0.101355 0.045178
25.362136 1.271905 33.264157 2.113229
0.472210 0.099824 -0.002124 -0.000439
0.099824 0.044871 -0.000439 -0.000128
-0.002124 -0.000439 0.481840 0.101561
-0.000439 -0.000128 0.101561 0.045197
26.001751 1.272657 34.025262 2.050956
0.471199 0.099710 -0.003025 -0.000602
0.099710 0.044835 -0.000602 -0.000151
-0.003025 -0.000602 0.482790 0.101739
-0.000602 -0.000151 0.101739 0.045209
26.477330 1.238626 35.142001 2.070153
0.470274 0.099601 -0.004058 -0.000778
0.099601 0.044799 -0.000779 -0.000176
-0.004058 -0.000779 0.483746 0.101896
-0.000778 -0.000176 0.101896 0.045217
27.004768 1.219103 36.000630 2.032982
0.469225 0.099455 -0.005190 -0.000962
0.099455 0.044755 -0.000964 -0.000203
-0.005190 -0.000964 0.484895 0.102078
-0.000962 -0.000203 0.102078 0.045233
28.118018 1.326024 37.211938 2.074175
0.468180 0.099304 -0.006403 -0.001152
0.099304 0.044712 -0.001155 -0.000232
-0.006403 -0.001155 0.486080 0.102253
-0.001152 -0.000232 0.102253 0.045249
28.821944 1.334859 38.509523 2.128954
0.467085 0.099138 -0.008076 -0.001429
0.099138 0.044666 -0.001434 -0.000279
-0.008076 -0.001434 0.487376 0.102441
-0.001429 -0.000279 0.102441 0.045270
29.249175 1.283732 39.433476 2.099259
0.465812 0.098932 -0.009958 -0.001735
0.098932 0.044613 -0.001741 -0.000333
-0.009958 -0.001741 0.488917 0.102671
-0.001735 -0.000333 0.102671 0.045302
29.667129 1.236066 40.411154 2.083941
0.464513 0.098725 -0.011789 -0.002014
0.098725 0.044562 -0.002021 -0.000380
-0.011789 -0.002021 0.490524 0.102904
-0.002014 -0.000380 0.102904 0.045336
30.133456 1.204069 41.675399 2.130340
0.463156 0.098508 -0.013588 -0.002276
0.098508 0.044510 -0.002283 -0.000425
-0.013588 -0.002283 0.492236 0.103151
-0.002276 -0.000425 0.103151 0.045375
31.030141 1.266400 42.471991 2.074551
0.461597 0.098251 -0.015464 -0.002548
0.098251 0.044451 -0.002555 -0.000473
-0.015464 -0.002555 0.494239 0.103451
-0.002548 -0.000473 0.103451 0.045426
32.415488 1.426173 43.221089 2.015616
0.460285 0.098054 -0.017603 -0.002869
0.098054 0.044406 -0.002878 -0.000532
-0.017603 -0.002878 0.496058 0.103700
-0.002869 -0.000532 0.103700 0.045467
32.969086 1.390883 43.607852 1.885578
0.459407 0.097949 -0.020305 -0.003299
0.097949 0.044381 -0.003313 -0.000616
-0.020305 -0.003313 0.497540 0.103874
-0.003299 -0.000616 0.103874 0.045494
33.665880 1.391309 44.608800 1.897714
0.458809 0.097896 -0.022795 -0.003666
0.097896 0.044365 -0.003685 -0.000685
-0.022795 -0.003685 0.498735 0.103993
-0.003666 -0.000685 0.103993 0.045512
34.220395 1.360259 45.227082 1.828436
0.458116 0.097809 -0.025386 -0.004046
0.097809 0.044340 -0.004069 -0.000758
-0.025386 -0.004069 0.500142 0.104164
-0.004046 -0.000758 0.104164 0.045545
35.115484 1.406765 46.319442 1.866188
0.457522 0.097736 -0.027858 -0.004393
0.097736 0.044317 -0.004420 -0.000824
-0.027858 -0.004420 0.501484 0.104327
-0.004393 -0.000824 0.104327 0.045577
35.634931 1.365388 46.661607 1.742631
0.456861 0.097640 -0.030632 -0.004801
0.097640 0.044288 -0.004831 -0.000905
-0.030632 -0.004831 0.503069 0.104542
-0.004801 -0.000905 0.104542 0.045621
36.591284 1.424572 47.690257 1.776375
0.456459 0.097595 -0.033160 -0.005149
0.097595 0.044271 -0.005182 -0.000973
-0.033160 -0.005182 0.504361 0.104697
-0.005149 -0.000973 0.104697 0.045653
