5.263945 3.067718 1.346877 -0.353285
2.470482 0.988214 -0.052654 -0.021062
0.988214 80.399361 -0.021062 -0.008425
-0.052654 -0.021062 2.434012 0.973626
-0.021062 -0.008425 0.973626 80.393525
1.523642 -6.158558 0.041769 -2.353888
2.247266 3.928819 -0.045264 -0.069024
3.928819 15.259762 -0.068756 -0.254652
-0.045264 -0.068756 2.274541 3.983696
-0.069024 -0.254652 3.983696 15.262914
4.016421 0.292113 2.817848 2.209104
2.002714 2.317081 -0.065624 -0.073928
2.317081 4.570859 -0.074007 -0.121926
-0.065624 -0.074007 2.003948 2.310653
-0.073928 -0.121926 2.310653 4.537755
7.047270 2.721123 2.473774 0.995597
1.715323 1.445567 -0.042908 -0.033533
1.445567 1.914366 -0.033530 -0.041322
-0.042908 -0.033530 1.714671 1.441358
-0.033533 -0.041322 1.441358 1.903781
8.209856 2.590382 2.992076 1.008950
1.477106 0.975571 -0.030202 -0.018690
0.975571 0.975950 -0.018672 -0.019087
-0.030202 -0.018672 1.486355 0.979820
-0.018690 -0.019087 0.979820 0.976216
8.394852 1.987837 4.707475 1.664933
1.293347 0.702423 -0.023299 -0.012222
0.702423 0.566902 -0.012209 -0.010651
-0.023299 -0.012209 1.304980 0.707304
-0.012222 -0.010651 0.707304 0.568278
9.246249 1.922099 7.109895 2.388201
1.150506 0.531216 -0.018840 -0.008658
0.531216 0.361399 -0.008649 -0.006566
-0.018840 -0.008649 1.159442 0.534150
-0.008658 -0.006566 0.534150 0.362029
9.661774 1.702608 8.294601 2.384505
1.036489 0.417034 -0.014914 -0.006130
0.417034 0.247249 -0.006123 -0.004193
-0.014914 -0.006123 1.042031 0.418335
-0.006130 -0.004193 0.418335 0.247362
9.571049 1.366003 8.615489 2.073823
0.943361 0.337268 -0.012221 -0.004576
0.337268 0.179087 -0.004570 -0.002844
-0.012221 -0.004570 0.946624 0.337752
-0.004576 -0.002844 0.337752 0.179035
10.900334 1.575080 8.025638 1.549344
0.866244 0.279680 -0.010589 -0.003645
0.279680 0.136179 -0.003641 -0.002047
-0.010589 -0.003641 0.868136 0.279803
-0.003645 -0.002047 0.279803 0.136103
10.538671 1.235091 9.546493 1.769964
0.801232 0.236911 -0.009315 -0.002965
0.236911 0.108030 -0.002961 -0.001514
-0.009315 -0.002961 0.803354 0.237195
-0.002965 -0.001514 0.237195 0.108061
11.184846 1.242840 10.867932 1.889483
0.747015 0.204829 -0.008240 -0.002436
0.204829 0.089080 -0.002433 -0.001141
-0.008240 -0.002433 0.748452 0.204969
-0.002436 -0.001141 0.204969 0.089097
12.124504 1.324656 11.941535 1.922525
0.701206 0.180329 -0.007160 -0.001977
0.180329 0.076004 -0.001975 -0.000863
-0.007160 -0.001975 0.702022 0.180353
-0.001977 -0.000863 0.180353 0.076007
11.958931 1.122946 12.439587 1.809845
0.662297 0.161415 -0.006136 -0.001590
0.161415 0.066827 -0.001589 -0.000655
-0.006136 -0.001589 0.662725 0.161388
-0.001590 -0.000655 0.161388 0.066829
12.798529 1.187791 13.484421 1.842425
0.629298 0.146749 -0.005376 -0.001312
0.146749 0.060324 -0.001311 -0.000510
-0.005376 -0.001311 0.629357 0.146673
-0.001312 -0.000510 0.146673 0.060321
13.173095 1.138411 14.730604 1.915549
0.601281 0.135337 -0.004638 -0.001069
0.135337 0.055685 -0.001068 -0.000396
-0.004638 -0.001068 0.601104 0.135241
-0.001069 -0.000396 0.135241 0.055682
14.175972 1.233365 15.387800 1.849751
0.577623 0.126476 -0.003962 -0.000864
0.126476 0.052375 -0.000864 -0.000308
-0.003962 -0.000864 0.577193 0.126354
-0.000864 -0.000308 0.126354 0.052368
15.561195 1.398212 16.506319 1.891317
0.557651 0.119606 -0.003354 -0.000694
0.119606 0.050016 -0.000693 -0.000240
-0.003354 -0.000693 0.557142 0.119491
-0.000694 -0.000240 0.119491 0.050013
16.771163 1.506207 17.801354 1.965204
0.540913 0.114318 -0.002768 -0.000542
0.114318 0.048349 -0.000542 -0.000185
-0.002768 -0.000542 0.540425 0.114227
-0.000542 -0.000185 0.114227 0.048350
17.102043 1.417844 18.783604 1.965087
0.527021 0.110294 -0.002227 -0.000413
0.110294 0.047187 -0.000412 -0.000142
-0.002227 -0.000412 0.526579 0.110226
-0.000413 -0.000142 0.110226 0.047191
17.869548 1.430033 19.762586 1.964353
0.515626 0.107279 -0.001777 -0.000312
0.107279 0.046390 -0.000311 -0.000109
-0.001777 -0.000311 0.515203 0.107222
-0.000312 -0.000109 0.107222 0.046395
18.013858 1.311636 20.791129 1.973910
0.506369 0.105054 -0.001392 -0.000231
0.105054 0.045857 -0.000231 -0.000084
-0.001392 -0.000231 0.505981 0.105010
-0.000231 -0.000084 0.105010 0.045862
18.630379 1.303503 21.910576 2.001386
0.498961 0.103452 -0.001072 -0.000168
0.103452 0.045512 -0.000168 -0.000065
-0.001072 -0.000168 0.498591 0.103413
-0.000168 -0.000065 0.103413 0.045515
19.282783 1.303643 22.961720 2.011859
0.493101 0.102327 -0.000801 -0.000118
0.102327 0.045297 -0.000118 -0.000050
-0.000801 -0.000118 0.492772 0.102296
-0.000118 -0.000050 0.102296 0.045300
20.095832 1.337196 24.392251 2.100176
0.488537 0.101562 -0.000579 -0.000080
0.101562 0.045170 -0.000080 -0.000039
-0.000579 -0.000080 0.488276 0.101545
-0.000080 -0.000039 0.101545 0.045173
20.860760 1.357283 25.658932 2.145328
0.485028 0.101064 -0.000402 -0.000052
0.101064 0.045100 -0.000052 -0.000031
-0.000402 -0.000052 0.484884 0.101068
-0.000052 -0.000031 0.101068 0.045105
21.468376 1.342461 27.020573 2.205703
0.482376 0.100758 -0.000275 -0.000034
0.100758 0.045064 -0.000034 -0.000025
-0.000275 -0.000034 0.482391 0.100790
-0.000034 -0.000025 0.100790 0.045074
22.359449 1.388493 28.176669 2.216861
0.480397 0.100583 -0.000193 -0.000025
0.100583 0.045048 -0.000025 -0.000021
-0.000193 -0.000025 0.480623 0.100652
-0.000025 -0.000021 0.100652 0.045064
23.155816 1.409915 28.974112 2.151601
0.478946 0.100497 -0.000169 -0.000026
0.100497 0.045042 -0.000026 -0.000020
-0.000169 -0.000026 0.479420 0.100608
-0.000026 -0.000020 0.100608 0.045064
23.865345 1.410873 29.801130 2.099302
0.477912 0.100469 -0.000193 -0.000036
0.100469 0.045039 -0.000036 -0.000020
-0.000193 -0.000036 0.478633 0.100618
-0.000036 -0.000020 0.100618 0.045066
24.691403 1.436269 30.635755 2.054036
0.477185 0.100473 -0.000258 -0.000052
0.100473 0.045035 -0.000052 -0.000021
-0.000258 -0.000052 0.478157 0.100660
-0.000052 -0.000021 0.100660 0.045068
25.018328 1.353792 31.010031 1.916473
0.476682 0.100491 -0.000368 -0.000074
0.100491 0.045028 -0.000074 -0.000024
-0.000368 -0.000074 0.477903 0.100715
-0.000074 -0.000024 0.100715 0.045068
25.017139 1.210705 31.911995 1.904595
0.476352 0.100517 -0.000476 -0.000094
0.100517 0.045019 -0.000094 -0.000026
-0.000476 -0.000094 0.477785 0.100768
-0.000094 -0.000026 0.100768 0.045063
25.761979 1.240158 32.808171 1.892756
0.476097 0.100533 -0.000573 -0.000109
0.100533 0.045005 -0.000109 -0.000027
-0.000573 -0.000109 0.477796 0.100823
-0.000109 -0.000027 0.100823 0.045056
26.172596 1.195905 33.722085 1.885895
0.475897 0.100539 -0.000715 -0.000132
0.100539 0.044989 -0.000132 -0.000030
-0.000715 -0.000132 0.477881 0.100872
-0.000132 -0.000030 0.100872 0.045047
26.743233 1.190162 35.194304 1.997627
0.475713 0.100533 -0.000873 -0.000158
0.100533 0.044969 -0.000158 -0.000034
-0.000873 -0.000158 0.478022 0.100915
-0.000158 -0.000034 0.100915 0.045037
27.105726 1.140953 35.587101 1.869674
0.475484 0.100505 -0.001079 -0.000191
0.100505 0.044946 -0.000191 -0.000039
-0.001079 -0.000191 0.478245 0.100961
-0.000191 -0.000039 0.100961 0.045030
27.955476 1.200006 36.664370 1.899768
0.475295 0.100478 -0.001275 -0.000221
0.100478 0.044926 -0.000221 -0.000044
-0.001275 -0.000221 0.478437 0.100991
-0.000221 -0.000044 0.100991 0.045019
28.428052 1.173103 37.909547 1.962073
0.475086 0.100441 -0.001537 -0.000264
0.100441 0.044905 -0.000264 -0.000051
-0.001537 -0.000264 0.478648 0.101018
-0.000264 -0.000051 0.101018 0.045011
29.641540 1.305615 38.641887 1.909697
0.474822 0.100390 -0.001828 -0.000310
0.100390 0.044882 -0.000310 -0.000059
-0.001828 -0.000310 0.478907 0.101051
-0.000310 -0.000059 0.101051 0.045005
29.647672 1.168806 39.196157 1.825069
0.474599 0.100347 -0.002208 -0.000373
0.100347 0.044864 -0.000373 -0.000071
-0.002208 -0.000373 0.479114 0.101069
-0.000373 -0.000071 0.101069 0.044998
30.240900 1.170752 40.447265 1.896475
0.474367 0.100303 -0.002517 -0.000418
0.100303 0.044847 -0.000418 -0.000079
-0.002517 -0.000418 0.479317 0.101085
-0.000418 -0.000079 0.101085 0.044993
30.622633 1.127770 41.675423 1.955436
0.474077 0.100246 -0.002875 -0.000472
0.100246 0.044829 -0.000472 -0.000088
-0.002875 -0.000472 0.479575 0.101114
-0.000472 -0.000088 0.101114 0.044992
31.146696 1.119337 42.619460 1.948323
0.473724 0.100179 -0.003250 -0.000528
0.100179 0.044811 -0.000529 -0.000099
-0.003250 -0.000529 0.479892 0.101154
-0.000528 -0.000099 0.101154 0.044996
31.434932 1.061934 43.602529 1.950097
0.473363 0.100113 -0.003647 -0.000588
0.100113 0.044794 -0.000588 -0.000110
-0.003647 -0.000588 0.480217 0.101196
-0.000588 -0.000110 0.101196 0.045000
32.718259 1.221018 44.442910 1.922054
0.472975 0.100045 -0.004033 -0.000643
0.100045 0.044777 -0.000643 -0.000120
-0.004033 -0.000643 0.480573 0.101243
-0.000643 -0.000120 0.101243 0.045006
33.730130 1.306119 45.785629 2.002643
0.472654 0.099993 -0.004553 -0.000726
0.099993 0.044765 -0.000727 -0.000137
-0.004553 -0.000727 0.480869 0.101278
-0.000726 -0.000137 0.101278 0.045011
34.586078 1.348977 46.653794 1.974718
0.472298 0.099936 -0.005186 -0.000830
0.099936 0.044753 -0.000830 -0.000157
-0.005186 -0.000830 0.481215 0.101323
-0.000830 -0.000157 0.101323 0.045018
35.663505 1.434178 47.516506 1.948731
0.471974 0.099887 -0.005858 -0.000937
0.099887 0.044742 -0.000938 -0.000178
-0.005858 -0.000938 0.481539 0.101364
-0.000937 -0.000178 0.101364 0.045025
36.541387 1.468336 48.659923 1.984423
0.471701 0.099849 -0.006603 -0.001056
0.099849 0.044734 -0.001057 -0.000201
-0.006603 -0.001057 0.481825 0.101398
-0.001056 -0.000201 0.101398 0.045031
