3.261450 2.266703 2.368426 0.055344
2.053490 0.821414 -0.226717 -0.090689
0.821414 80.332639 -0.090689 -0.036276
-0.226717 -0.090689 3.101368 1.240574
-0.090689 -0.036276 1.240574 80.500307
6.967516 6.815220 0.053553 -3.867904
3.352301 5.966332 -1.013003 -1.653155
5.966332 17.768077 -1.766836 -3.527041
-1.013003 -1.766836 2.167973 3.657388
-1.653155 -3.527041 3.657388 16.305545
6.487362 2.705288 1.275840 -0.297397
2.425608 2.635705 -0.190837 -0.060488
2.635705 4.596809 -0.137597 -0.259102
-0.190837 -0.137597 1.750738 2.119974
-0.060488 -0.259102 2.119974 4.738301
8.618923 3.327040 2.045961 0.535716
1.959942 1.557538 -0.070650 -0.023259
1.557538 1.917775 -0.051657 -0.135634
-0.070650 -0.051657 1.542944 1.371171
-0.023259 -0.135634 1.371171 1.971836
8.158700 1.982881 3.131094 1.097579
1.453692 0.915473 -0.038368 -0.023930
0.915473 0.913427 -0.037613 -0.081868
-0.038368 -0.037613 1.525210 1.055650
-0.023930 -0.081868 1.055650 1.075262
8.159976 1.465162 3.189393 0.828874
1.175410 0.621687 -0.067074 -0.044186
0.621687 0.520992 -0.051495 -0.062470
-0.067074 -0.051495 1.466689 0.820682
-0.044186 -0.062470 0.820682 0.647341
8.958477 1.473950 5.881340 1.892584
1.019733 0.467315 -0.069384 -0.040053
0.467315 0.335203 -0.044376 -0.041434
-0.069384 -0.044376 1.344816 0.628906
-0.040053 -0.041434 0.628906 0.410641
7.936378 0.763380 6.748982 1.874146
0.931222 0.377911 -0.188301 -0.082639
0.377911 0.235951 -0.085735 -0.047796
-0.188301 -0.085735 1.263803 0.509270
-0.082639 -0.047796 0.509270 0.284718
8.501048 0.828331 8.078069 2.011812
0.915074 0.332691 -0.269530 -0.099263
0.332691 0.181307 -0.101748 -0.044282
-0.269530 -0.101748 1.142602 0.404812
-0.099263 -0.044282 0.404812 0.202058
8.786847 0.785132 7.816137 1.609755
0.896450 0.294239 -0.289218 -0.092098
0.294239 0.143511 -0.094174 -0.034804
-0.289218 -0.094174 1.021961 0.324246
-0.092098 -0.034804 0.324246 0.149054
9.904910 1.005176 9.056923 1.738447
0.853568 0.255396 -0.291080 -0.081695
0.255396 0.115001 -0.083416 -0.026994
-0.291080 -0.083416 0.946068 0.273393
-0.081695 -0.026994 0.273393 0.117426
11.482699 1.301512 9.505619 1.632079
0.804854 0.222149 -0.269935 -0.067569
0.222149 0.094588 -0.068891 -0.020031
-0.269935 -0.068891 0.870179 0.232175
-0.067569 -0.020031 0.232175 0.095406
11.814794 1.216733 10.135345 1.582396
0.744447 0.191770 -0.238286 -0.053747
0.191770 0.079250 -0.054514 -0.014552
-0.238286 -0.054514 0.811811 0.202649
-0.053747 -0.014552 0.202649 0.080822
12.013230 1.124842 11.775261 1.781021
0.696837 0.169546 -0.211250 -0.043398
0.169546 0.068884 -0.043873 -0.010912
-0.211250 -0.043873 0.758644 0.179121
-0.043398 -0.010912 0.179121 0.070425
13.432000 1.321248 12.213803 1.687420
0.663319 0.154103 -0.184571 -0.034662
0.154103 0.062004 -0.035136 -0.008248
-0.184571 -0.035136 0.702179 0.158434
-0.034662 -0.008248 0.158434 0.062521
14.493157 1.419254 13.622229 1.817035
0.627123 0.140345 -0.158330 -0.027337
0.140345 0.056707 -0.027634 -0.006241
-0.158330 -0.027634 0.660352 0.143935
-0.027337 -0.006241 0.143935 0.057277
15.224779 1.433524 15.262816 1.974790
0.596573 0.129780 -0.132080 -0.020898
0.129780 0.052979 -0.021098 -0.004669
-0.132080 -0.021098 0.622457 0.132236
-0.020898 -0.004669 0.132236 0.053451
15.958184 1.433238 15.946842 1.910987
0.572736 0.122065 -0.107450 -0.015464
0.122065 0.050437 -0.015649 -0.003473
-0.107450 -0.015649 0.588192 0.122760
-0.015464 -0.003473 0.122760 0.050647
16.446879 1.392876 17.551358 2.043428
0.552645 0.116087 -0.087092 -0.011424
0.116087 0.048630 -0.011579 -0.002658
-0.087092 -0.011579 0.561562 0.115933
-0.011424 -0.002658 0.115933 0.048758
17.227486 1.407425 18.302892 1.988522
0.537572 0.111878 -0.068671 -0.008068
0.111878 0.047443 -0.008233 -0.002031
-0.068671 -0.008233 0.538369 0.110537
-0.008068 -0.002031 0.110537 0.047397
17.723437 1.367506 19.616121 2.052118
0.524815 0.108618 -0.053390 -0.005568
0.108618 0.046607 -0.005720 -0.001596
-0.053390 -0.005720 0.520882 0.106816
-0.005568 -0.001596 0.106816 0.046523
18.321623 1.345396 20.157833 1.951501
0.514913 0.106296 -0.040144 -0.003580
0.106296 0.046065 -0.003725 -0.001265
-0.040144 -0.003725 0.506903 0.104121
-0.003580 -0.001265 0.104121 0.045941
19.161231 1.383358 21.584763 2.045996
0.506675 0.104539 -0.029727 -0.002220
0.104539 0.045696 -0.002348 -0.001052
-0.029727 -0.002348 0.496808 0.102399
-0.002220 -0.001052 0.102399 0.045597
19.478398 1.306092 22.636283 2.049537
0.499655 0.103192 -0.020674 -0.001122
0.103192 0.045445 -0.001229 -0.000872
-0.020674 -0.001229 0.489709 0.101375
-0.001122 -0.000872 0.101375 0.045411
19.680843 1.216170 24.363398 2.193455
0.493858 0.102199 -0.013421 -0.000355
0.102199 0.045281 -0.000443 -0.000741
-0.013421 -0.000443 0.484928 0.100836
-0.000355 -0.000741 0.100836 0.045320
20.205164 1.198696 25.434510 2.187802
0.488229 0.101300 -0.007122 0.000279
0.101300 0.045140 0.000213 -0.000616
-0.007122 0.000213 0.482721 0.100796
0.000279 -0.000616 0.100796 0.045321
20.165145 1.065356 26.412264 2.161930
0.482653 0.100450 -0.002565 0.000622
0.100450 0.045007 0.000576 -0.000535
-0.002565 0.000576 0.482708 0.101134
0.000622 -0.000535 0.101134 0.045384
21.227025 1.175294 27.034455 2.066295
0.477360 0.099689 0.001214 0.000893
0.099689 0.044888 0.000860 -0.000452
0.001214 0.000860 0.484157 0.101676
0.000893 -0.000452 0.101676 0.045470
21.624343 1.135324 27.853387 2.021171
0.472247 0.098979 0.002371 0.000700
0.098979 0.044773 0.000676 -0.000453
0.002371 0.000676 0.486758 0.102351
0.000700 -0.000453 0.102351 0.045569
22.837879 1.271183 28.930350 2.034970
0.467231 0.098295 0.002467 0.000402
0.098295 0.044657 0.000380 -0.000462
0.002467 0.000380 0.490299 0.103120
0.000402 -0.000462 0.103120 0.045676
23.077042 1.187112 30.444318 2.139597
0.461905 0.097547 -0.000125 -0.000351
0.097547 0.044520 -0.000378 -0.000556
-0.000125 -0.000378 0.495023 0.104042
-0.000351 -0.000556 0.104042 0.045807
23.721869 1.197908 31.600387 2.157655
0.455423 0.096556 -0.003005 -0.001027
0.096556 0.044326 -0.001067 -0.000620
-0.003005 -0.001067 0.501949 0.105329
-0.001027 -0.000620 0.105329 0.046009
24.607265 1.258569 33.095369 2.244512
0.448931 0.095584 -0.006992 -0.001827
0.095584 0.044135 -0.001885 -0.000707
-0.006992 -0.001885 0.509825 0.106697
-0.001827 -0.000707 0.106697 0.046220
24.989797 1.205847 34.119967 2.224281
0.442204 0.094574 -0.012393 -0.002822
0.094574 0.043933 -0.002905 -0.000833
-0.012393 -0.002905 0.519112 0.108251
-0.002822 -0.000833 0.108251 0.046465
25.800924 1.250584 34.885668 2.152352
0.436117 0.093711 -0.017320 -0.003618
0.093711 0.043759 -0.003720 -0.000915
-0.017320 -0.003720 0.528515 0.109716
-0.003618 -0.000915 0.109716 0.046687
26.566527 1.280836 35.889903 2.137573
0.431252 0.093103 -0.022805 -0.004465
0.093103 0.043633 -0.004591 -0.001013
-0.022805 -0.004591 0.537171 0.110938
-0.004465 -0.001013 0.110938 0.046859
27.123336 1.261988 36.429815 2.028801
0.427128 0.092620 -0.028096 -0.005218
0.092620 0.043524 -0.005362 -0.001098
-0.028096 -0.005362 0.545474 0.112037
-0.005218 -0.001098 0.112037 0.047014
27.316804 1.166381 37.312569 2.000980
0.424044 0.092320 -0.032822 -0.005820
0.092320 0.043445 -0.005977 -0.001161
-0.032822 -0.005977 0.552601 0.112868
-0.005820 -0.001161 0.112868 0.047124
27.930701 1.172454 38.092556 1.956233
0.421377 0.092061 -0.035467 -0.005988
0.092061 0.043365 -0.006129 -0.001141
-0.035467 -0.006129 0.558738 0.113508
-0.005988 -0.001141 0.113508 0.047210
28.358953 1.137548 39.004719 1.942313
0.419374 0.091897 -0.037160 -0.005999
0.091897 0.043298 -0.006116 -0.001107
-0.037160 -0.006116 0.563575 0.113915
-0.005999 -0.001107 0.113915 0.047265
29.188694 1.193756 39.686303 1.885068
0.418063 0.091839 -0.037018 -0.005690
0.091839 0.043250 -0.005763 -0.001021
-0.037018 -0.005763 0.566490 0.113993
-0.005690 -0.001021 0.113993 0.047270
30.016538 1.245593 40.824834 1.925497
0.417529 0.091901 -0.036133 -0.005305
0.091901 0.043224 -0.005339 -0.000940
-0.036133 -0.005339 0.567623 0.113795
-0.005305 -0.000940 0.113795 0.047238
31.040075 1.331110 41.180559 1.805948
0.418650 0.092283 -0.032720 -0.004483
0.092283 0.043267 -0.004460 -0.000781
-0.032720 -0.004460 0.564643 0.112882
-0.004483 -0.000781 0.112882 0.047083
31.718702 1.330837 41.444104 1.678204
0.420411 0.092728 -0.029277 -0.003759
0.092728 0.043316 -0.003697 -0.000662
-0.029277 -0.003697 0.560455 0.111878
-0.003759 -0.000662 0.111878 0.046933
32.273177 1.306722 42.362969 1.693603
0.422596 0.093194 -0.025855 -0.003121
0.093194 0.043365 -0.003034 -0.000572
-0.025855 -0.003034 0.555529 0.110866
-0.003121 -0.000572 0.110866 0.046797
32.575360 1.232326 43.882891 1.826570
0.427879 0.094290 -0.020584 -0.002162
0.094290 0.043554 -0.002055 -0.000419
-0.020584 -0.002055 0.545118 0.108885
-0.002162 -0.000419 0.108885 0.046479
33.452697 1.290917 45.064616 1.881438
0.439437 0.096653 -0.014837 -0.001164
0.096653 0.044011 -0.001092 -0.000269
-0.014837 -0.001092 0.525972 0.105339
-0.001164 -0.000269 0.105339 0.045866
34.283496 1.332745 46.347973 1.951120
0.457123 0.100119 -0.011769 -0.000758
0.100119 0.044676 -0.000795 -0.000252
-0.011769 -0.000795 0.501621 0.101016
-0.000758 -0.000252 0.101016 0.045125
35.102505 1.365062 47.023930 1.890676
0.480809 0.104556 -0.013597 -0.001345
0.104556 0.045508 -0.001549 -0.000436
-0.013597 -0.001549 0.475262 0.096558
-0.001345 -0.000436 0.096558 0.044378
35.731975 1.354133 48.163322 1.930469
0.506748 0.109080 -0.019370 -0.002666
0.109080 0.046310 -0.003011 -0.000743
-0.019370 -0.003011 0.452305 0.093024
-0.002666 -0.000743 0.093024 0.043824
