0.530366 1.174246 5.751277 1.408513
2.053490 0.821414 -0.226717 -0.090689
0.821414 80.332639 -0.090689 -0.036276
-0.226717 -0.090689 3.101368 1.240574
-0.090689 -0.036276 1.240574 80.500307
2.870899 4.243763 3.285951 -3.933319
1.890291 3.370193 -0.266471 -0.415321
3.370193 13.158447 -0.419485 -1.292159
-0.266471 -0.419485 2.907013 4.925312
-0.415321 -1.292159 4.925312 18.480011
4.674442 3.875450 1.606808 -3.609163
2.650180 3.081825 -0.582030 -0.636286
3.081825 5.166333 -0.662309 -0.901283
-0.582030 -0.662309 1.813576 2.058849
-0.636286 -0.901283 2.058849 4.705454
6.280269 3.627967 1.419090 -2.192290
2.325649 1.877822 -0.350177 -0.243340
1.877822 2.116050 -0.264466 -0.259618
-0.350177 -0.264466 1.449638 1.268850
-0.243340 -0.259618 1.268850 1.960943
6.960938 2.946693 3.769416 0.216050
1.821906 1.131347 -0.149110 -0.067140
1.131347 1.000824 -0.084050 -0.078448
-0.149110 -0.084050 1.286672 0.904833
-0.067140 -0.078448 0.904833 1.022709
9.560471 3.521231 4.803171 0.765615
1.284439 0.654674 -0.103203 -0.045691
0.654674 0.507167 -0.051907 -0.047847
-0.103203 -0.051907 1.354427 0.784720
-0.045691 -0.047847 0.784720 0.661266
9.281115 2.621221 6.663094 1.471961
1.041869 0.458681 -0.142111 -0.063916
0.458681 0.313772 -0.064696 -0.044604
-0.142111 -0.064696 1.354016 0.655737
-0.063916 -0.044604 0.655737 0.442869
11.276992 2.887778 8.401120 1.888955
0.941827 0.367903 -0.217529 -0.087796
0.367903 0.221594 -0.086164 -0.044880
-0.217529 -0.086164 1.276893 0.528643
-0.087796 -0.044880 0.528643 0.302905
12.006547 2.635913 8.901612 1.725734
0.870662 0.305981 -0.225159 -0.078935
0.305981 0.165437 -0.077684 -0.034210
-0.225159 -0.077684 1.162423 0.420813
-0.078935 -0.034210 0.420813 0.213530
12.528824 2.378560 9.139327 1.520031
0.807150 0.258301 -0.214004 -0.065987
0.258301 0.128290 -0.065215 -0.025173
-0.214004 -0.065215 1.060646 0.342582
-0.065987 -0.025173 0.342582 0.158342
12.366598 1.983009 10.863659 1.796849
0.750476 0.221246 -0.197625 -0.054356
0.221246 0.103072 -0.053886 -0.018654
-0.197625 -0.053886 0.975146 0.285788
-0.054356 -0.018654 0.285788 0.123110
13.217111 1.939773 11.028583 1.597302
0.715699 0.196544 -0.182479 -0.045289
0.196544 0.086782 -0.045206 -0.014224
-0.182479 -0.045206 0.882349 0.237999
-0.045289 -0.014224 0.237999 0.098254
13.890892 1.859498 11.334446 1.470626
0.677352 0.174865 -0.164767 -0.037254
0.174865 0.074654 -0.037287 -0.010856
-0.164767 -0.037287 0.813604 0.204850
-0.037254 -0.010856 0.204850 0.082212
15.397537 2.001213 11.986393 1.454855
0.641221 0.157106 -0.147166 -0.030570
0.157106 0.065845 -0.030617 -0.008369
-0.147166 -0.030617 0.758425 0.180392
-0.030570 -0.008369 0.180392 0.071314
15.234514 1.732463 13.501579 1.625811
0.605956 0.142246 -0.125648 -0.023996
0.142246 0.059340 -0.023959 -0.006273
-0.125648 -0.023959 0.712454 0.161825
-0.023996 -0.006273 0.161825 0.063721
15.912135 1.697548 15.292327 1.839654
0.582371 0.132151 -0.108377 -0.019165
0.132151 0.055035 -0.019185 -0.004862
-0.108377 -0.019185 0.666751 0.145974
-0.019165 -0.004862 0.145974 0.058002
16.439091 1.626056 16.218877 1.838450
0.563927 0.124613 -0.090063 -0.014659
0.124613 0.052022 -0.014731 -0.003685
-0.090063 -0.014731 0.624718 0.133076
-0.014659 -0.003685 0.133076 0.053816
17.484714 1.677366 17.221604 1.857878
0.548299 0.118698 -0.074126 -0.011121
0.118698 0.049847 -0.011214 -0.002829
-0.074126 -0.011214 0.590591 0.123455
-0.011121 -0.002829 0.123455 0.050924
17.875676 1.580975 18.082923 1.840359
0.534173 0.113891 -0.059213 -0.008115
0.113891 0.048250 -0.008194 -0.002151
-0.059213 -0.008194 0.563630 0.116449
-0.008115 -0.002151 0.116449 0.048965
18.853655 1.622396 19.240755 1.890666
0.522787 0.110273 -0.046854 -0.005855
0.110273 0.047139 -0.005926 -0.001672
-0.046854 -0.005926 0.541893 0.111267
-0.005855 -0.001672 0.111267 0.047622
19.114717 1.507616 20.291564 1.908725
0.513065 0.107460 -0.035648 -0.003960
0.107460 0.046357 -0.004015 -0.001289
-0.035648 -0.004015 0.524849 0.107559
-0.003960 -0.001289 0.107559 0.046731
18.440671 1.211069 21.541199 1.961248
0.505473 0.105427 -0.026458 -0.002555
0.105427 0.045842 -0.002602 -0.001017
-0.026458 -0.002602 0.511298 0.104886
-0.002555 -0.001017 0.104886 0.046137
19.022424 1.205020 22.291864 1.913782
0.500300 0.104134 -0.018718 -0.001471
0.104134 0.045545 -0.001518 -0.000811
-0.018718 -0.001518 0.499914 0.102852
-0.001471 -0.000811 0.102852 0.045718
19.402542 1.158567 23.202419 1.903359
0.495468 0.103055 -0.012471 -0.000693
0.103055 0.045326 -0.000734 -0.000660
-0.012471 -0.000734 0.492006 0.101649
-0.000693 -0.000660 0.101649 0.045491
19.977870 1.156601 23.750290 1.819522
0.491009 0.102165 -0.007357 -0.000121
0.102165 0.045167 -0.000153 -0.000542
-0.007357 -0.000153 0.486776 0.101028
-0.000121 -0.000542 0.101028 0.045383
20.766571 1.201385 25.149802 1.922031
0.486871 0.101421 -0.003681 0.000197
0.101421 0.045048 0.000173 -0.000466
-0.003681 0.000173 0.483688 0.100821
0.000197 -0.000466 0.100821 0.045350
20.916981 1.107469 26.151975 1.930102
0.482091 0.100600 -0.001138 0.000340
0.100600 0.044916 0.000325 -0.000415
-0.001138 0.000325 0.483170 0.101088
0.000340 -0.000415 0.101088 0.045401
21.597838 1.134171 27.338156 1.976562
0.477261 0.099822 0.000784 0.000424
0.099822 0.044795 0.000414 -0.000367
0.000784 0.000414 0.484253 0.101591
0.000424 -0.000367 0.101591 0.045482
22.166077 1.134414 28.085568 1.925947
0.471818 0.098955 0.001275 0.000274
0.098955 0.044653 0.000265 -0.000360
0.001275 0.000265 0.487220 0.102381
0.000274 -0.000360 0.102381 0.045607
22.305055 1.044313 29.042302 1.924791
0.466622 0.098181 0.000532 -0.000058
0.098181 0.044530 -0.000068 -0.000383
0.000532 -0.000068 0.490953 0.103212
-0.000058 -0.000383 0.103212 0.045725
22.960872 1.072506 30.057969 1.935907
0.461232 0.097389 -0.000405 -0.000347
0.097389 0.044397 -0.000362 -0.000391
-0.000405 -0.000362 0.495768 0.104162
-0.000347 -0.000391 0.104162 0.045859
23.475329 1.067853 31.080237 1.947315
0.455660 0.096576 -0.002706 -0.000858
0.096576 0.044256 -0.000882 -0.000443
-0.002706 -0.000882 0.501578 0.105219
-0.000858 -0.000443 0.105219 0.046008
24.267561 1.122787 32.113068 1.959556
0.450002 0.095758 -0.005849 -0.001470
0.095758 0.044107 -0.001507 -0.000514
-0.005849 -0.001507 0.508262 0.106361
-0.001470 -0.000514 0.106361 0.046172
24.654254 1.085434 33.181792 1.978162
0.444526 0.094986 -0.010374 -0.002299
0.094986 0.043963 -0.002355 -0.000630
-0.010374 -0.002355 0.515566 0.107541
-0.002299 -0.000630 0.107541 0.046342
25.226199 1.091777 34.676361 2.083196
0.439104 0.094223 -0.014829 -0.003035
0.094223 0.043814 -0.003109 -0.000724
-0.014829 -0.003109 0.523584 0.108790
-0.003035 -0.000724 0.108790 0.046527
25.628027 1.060709 35.688080 2.076924
0.433429 0.093399 -0.019307 -0.003721
0.093399 0.043645 -0.003809 -0.000809
-0.019307 -0.003809 0.532803 0.110211
-0.003721 -0.000809 0.110211 0.046750
26.029825 1.032985 36.811259 2.094205
0.428456 0.092724 -0.023086 -0.004222
0.092724 0.043504 -0.004315 -0.000859
-0.023086 -0.004315 0.541635 0.111475
-0.004222 -0.000859 0.111475 0.046941
26.544825 1.032968 38.021579 2.127630
0.424218 0.092191 -0.025796 -0.004491
0.092191 0.043387 -0.004577 -0.000869
-0.025796 -0.004577 0.549680 0.112527
-0.004491 -0.000869 0.112527 0.047094
27.318285 1.089633 39.312301 2.174491
0.420975 0.091847 -0.027242 -0.004515
0.091847 0.043304 -0.004580 -0.000838
-0.027242 -0.004580 0.556146 0.113240
-0.004515 -0.000838 0.113240 0.047188
27.866922 1.089074 39.926964 2.078697
0.419165 0.091775 -0.027266 -0.004285
0.091775 0.043271 -0.004322 -0.000769
-0.027266 -0.004322 0.559895 0.113425
-0.004285 -0.000769 0.113425 0.047191
28.834736 1.182399 41.055117 2.098034
0.418436 0.091878 -0.026639 -0.003982
0.091878 0.043266 -0.003992 -0.000701
-0.026639 -0.003992 0.561535 0.113258
-0.003982 -0.000701 0.113258 0.047144
29.559424 1.210867 41.841713 2.045725
0.419672 0.092346 -0.024377 -0.003404
0.092346 0.043333 -0.003382 -0.000588
-0.024377 -0.003382 0.559117 0.112380
-0.003404 -0.000588 0.112380 0.046978
30.406759 1.262421 42.374254 1.948190
0.422577 0.093088 -0.021131 -0.002702
0.093088 0.043448 -0.002652 -0.000463
-0.021131 -0.002652 0.553483 0.111016
-0.002702 -0.000463 0.111016 0.046742
31.048695 1.265384 43.518048 1.982269
0.426732 0.093996 -0.017576 -0.002015
0.093996 0.043588 -0.001946 -0.000353
-0.017576 -0.001946 0.545791 0.109420
-0.002015 -0.000353 0.109420 0.046487
31.889831 1.309312 43.917787 1.864208
0.434776 0.095653 -0.013159 -0.001210
0.095653 0.043883 -0.001140 -0.000226
-0.013159 -0.001140 0.532267 0.106831
-0.001210 -0.000226 0.106831 0.046052
32.729773 1.350015 44.865920 1.867976
0.444089 0.097415 -0.009419 -0.000606
0.097415 0.044183 -0.000551 -0.000147
-0.009419 -0.000551 0.518068 0.104337
-0.000606 -0.000147 0.104337 0.045661
33.091306 1.281413 45.746565 1.856407
0.457953 0.100011 -0.007073 -0.000312
0.100011 0.044653 -0.000311 -0.000134
-0.007073 -0.000311 0.499612 0.101161
-0.000312 -0.000134 0.101161 0.045142
33.732316 1.282372 47.118961 1.947060
0.474387 0.102938 -0.006748 -0.000432
0.102938 0.045171 -0.000498 -0.000200
-0.006748 -0.000498 0.480718 0.098094
-0.000432 -0.000200 0.098094 0.044655
34.134823 1.230193 47.600481 1.845263
0.496313 0.106811 -0.010437 -0.001338
0.106811 0.045873 -0.001495 -0.000417
-0.010437 -0.001495 0.459741 0.094738
-0.001338 -0.000417 0.094738 0.044102
34.581676 1.194123 48.369028 1.812860
0.517853 0.110295 -0.015437 -0.002422
0.110295 0.046461 -0.002628 -0.000642
-0.015437 -0.002628 0.442672 0.092323
-0.002422 -0.000642 0.092323 0.043736
