32.183410 0.524385 48.746065 1.955833
0.547185 0.115385 -0.032450 -0.005340
0.115385 0.047416 -0.005737 -0.001294
-0.032450 -0.005737 0.425849 0.089651
-0.005340 -0.001294 0.089651 0.043228
28.567448 -0.286112 48.626868 1.708537
0.557389 0.115921 -0.030419 -0.004683
0.115921 0.047337 -0.005064 -0.001091
-0.030419 -0.005064 0.419516 0.089615
-0.004683 -0.001091 0.089615 0.043335
24.845390 -1.028291 47.551188 1.277811
0.553449 0.113713 -0.024471 -0.003303
0.113713 0.046766 -0.003654 -0.000766
-0.024471 -0.003654 0.421100 0.091078
-0.003303 -0.000766 0.091078 0.043698
21.807224 -1.551221 45.561312 0.694845
0.538784 0.109746 -0.018375 -0.002062
0.109746 0.045942 -0.002351 -0.000501
-0.018375 -0.002351 0.429604 0.093712
-0.002062 -0.000501 0.093712 0.044236
19.165447 -1.939970 42.558920 -0.045234
0.516825 0.104845 -0.013410 -0.001198
0.104845 0.045036 -0.001391 -0.000334
-0.013410 -0.001391 0.444446 0.097314
-0.001198 -0.000334 0.097314 0.044910
17.185356 -2.154168 39.085515 -0.803109
0.489695 0.099453 -0.007314 -0.000154
0.099453 0.044116 -0.000268 -0.000138
-0.007314 -0.000268 0.466209 0.101966
-0.000154 -0.000138 0.101966 0.045746
15.973922 -2.189757 34.784695 -1.651184
0.465515 0.095175 0.005832 0.002369
0.095175 0.043482 0.002213 0.000351
0.005832 0.002213 0.489992 0.106545
0.002369 0.000351 0.106545 0.046503
14.020022 -2.372524 29.290923 -2.657473
0.457768 0.094591 0.024013 0.005792
0.094591 0.043616 0.005530 0.000996
0.024013 0.005530 0.500728 0.107846
0.005792 0.000996 0.107846 0.046512
12.252091 -2.492724 24.502158 -3.395285
0.468790 0.097841 0.032131 0.006776
0.097841 0.044481 0.006535 0.001107
0.032131 0.006535 0.489711 0.104433
0.006776 0.001107 0.104433 0.045558
10.501549 -2.592515 19.498608 -4.095660
0.483958 0.101573 0.026251 0.004768
0.101573 0.045337 0.004643 0.000621
0.026251 0.004643 0.472644 0.100208
0.004768 0.000621 0.100208 0.044569
8.813916 -2.672350 16.548773 -4.285780
0.498131 0.104706 0.008875 0.000618
0.104706 0.045978 0.000623 -0.000244
0.008875 0.000623 0.457492 0.096908
0.000618 -0.000244 0.096908 0.043895
8.411098 -2.474913 13.783808 -4.420147
0.513075 0.107667 -0.010689 -0.003527
0.107667 0.046525 -0.003407 -0.001021
-0.010689 -0.003407 0.445659 0.094649
-0.003527 -0.001021 0.094649 0.043500
8.180664 -2.264793 11.690782 -4.396722
0.526495 0.110012 -0.033661 -0.007981
0.110012 0.046901 -0.007753 -0.001806
-0.033661 -0.007753 0.439495 0.093772
-0.007981 -0.001806 0.093772 0.043414
8.257068 -2.013663 10.142634 -4.257116
0.537441 0.111614 -0.059309 -0.012618
0.111614 0.047103 -0.012267 -0.002584
-0.059309 -0.012267 0.440146 0.094347
-0.012618 -0.002584 0.094347 0.043615
8.556519 -1.740272 9.396728 -3.955908
0.540875 0.111512 -0.086872 -0.017336
0.111512 0.046951 -0.016791 -0.003344
-0.086872 -0.016791 0.451420 0.097031
-0.017336 -0.003344 0.097031 0.044217
9.567587 -1.344645 8.916938 -3.621989
0.535840 0.109710 -0.110108 -0.020863
0.109710 0.046480 -0.020055 -0.003832
-0.110108 -0.020055 0.470979 0.101146
-0.020863 -0.003832 0.101146 0.045050
10.272608 -1.045350 8.914636 -3.219722
0.519678 0.105893 -0.122588 -0.022028
0.105893 0.045663 -0.020902 -0.003843
-0.122588 -0.020902 0.495619 0.105958
-0.022028 -0.003843 0.105958 0.045962
11.555985 -0.653282 8.941084 -2.847664
0.504820 0.102778 -0.128692 -0.021942
0.102778 0.045072 -0.020574 -0.003668
-0.128692 -0.020574 0.516935 0.109627
-0.021942 -0.003668 0.109627 0.046566
12.120102 -0.441171 9.448116 -2.423761
0.489290 0.099884 -0.127257 -0.020504
0.099884 0.044576 -0.018966 -0.003296
-0.127257 -0.018966 0.534081 0.112184
-0.020504 -0.003296 0.112184 0.046923
12.719794 -0.240021 10.114541 -2.014449
0.478932 0.098291 -0.124677 -0.019104
0.098291 0.044364 -0.017543 -0.003027
-0.124677 -0.017543 0.545414 0.113368
-0.019104 -0.003027 0.113368 0.046998
13.774060 0.042243 11.173817 -1.563041
0.472433 0.097588 -0.120698 -0.017662
0.097588 0.044323 -0.016208 -0.002819
-0.120698 -0.016208 0.550899 0.113361
-0.017662 -0.002819 0.113361 0.046864
14.420526 0.202063 11.954990 -1.228466
0.468092 0.097360 -0.113551 -0.015807
0.097360 0.044360 -0.014545 -0.002573
-0.113551 -0.014545 0.550357 0.112304
-0.015807 -0.002573 0.112304 0.046578
14.976576 0.337477 13.542632 -0.767366
0.465426 0.097427 -0.105100 -0.013941
0.097427 0.044429 -0.012893 -0.002354
-0.105100 -0.012893 0.546305 0.110793
-0.013941 -0.002354 0.110793 0.046264
15.846987 0.511166 14.537078 -0.473629
0.465801 0.098068 -0.094910 -0.011916
0.098068 0.044594 -0.011150 -0.002125
-0.094910 -0.011150 0.536790 0.108458
-0.011916 -0.002125 0.108458 0.045841
16.994272 0.728277 15.890959 -0.134817
0.466211 0.098585 -0.083397 -0.009846
0.098585 0.044705 -0.009285 -0.001882
-0.083397 -0.009285 0.526728 0.106347
-0.009846 -0.001882 0.106347 0.045519
17.250069 0.733502 17.694262 0.245677
0.466682 0.099013 -0.070210 -0.007623
0.099013 0.044781 -0.007202 -0.001598
-0.070210 -0.007202 0.516347 0.104442
-0.007623 -0.001598 0.104442 0.045272
17.187359 0.674814 20.236198 0.734761
0.469380 0.099809 -0.057261 -0.005585
0.099809 0.044922 -0.005313 -0.001346
-0.057261 -0.005313 0.504759 0.102472
-0.005585 -0.001346 0.102472 0.045022
18.428666 0.888361 22.264200 1.085797
0.473879 0.100867 -0.043768 -0.003533
0.100867 0.045106 -0.003393 -0.001075
-0.043768 -0.003393 0.492556 0.100537
-0.003533 -0.001075 0.100537 0.044782
19.148108 0.956492 23.721332 1.276923
0.476372 0.101353 -0.030656 -0.001672
0.101353 0.045154 -0.001570 -0.000816
-0.030656 -0.001570 0.484452 0.099556
-0.001672 -0.000816 0.099556 0.044730
20.459447 1.142023 25.352164 1.489144
0.477315 0.101425 -0.019657 -0.000307
0.101425 0.045113 -0.000207 -0.000636
-0.019657 -0.000207 0.479944 0.099303
-0.000307 -0.000636 0.099303 0.044798
21.348213 1.216071 27.137770 1.707899
0.475906 0.100969 -0.011598 0.000450
0.100969 0.044968 0.000569 -0.000555
-0.011598 0.000569 0.479318 0.099769
0.000450 -0.000555 0.099769 0.044976
22.730975 1.383047 28.600908 1.838630
0.472176 0.100059 -0.006514 0.000660
0.100059 0.044747 0.000799 -0.000554
-0.006514 0.000799 0.482043 0.100792
0.000660 -0.000554 0.100792 0.045227
24.033906 1.512659 29.543590 1.845232
0.466946 0.098917 -0.005615 0.000123
0.098917 0.044499 0.000266 -0.000677
-0.005615 0.000266 0.487114 0.102126
0.000123 -0.000677 0.102126 0.045502
25.379404 1.637936 30.658253 1.886513
0.461855 0.097912 -0.008365 -0.000990
0.097912 0.044302 -0.000861 -0.000883
-0.008365 -0.000861 0.492726 0.103393
-0.000990 -0.000883 0.103393 0.045730
26.145697 1.627203 31.985945 1.967094
0.457062 0.097054 -0.014452 -0.002580
0.097054 0.044148 -0.002480 -0.001154
-0.014452 -0.002480 0.498878 0.104622
-0.002580 -0.001154 0.104622 0.045928
26.960874 1.627368 32.800155 1.931640
0.451800 0.096155 -0.021853 -0.004209
0.096155 0.043991 -0.004142 -0.001401
-0.021853 -0.004142 0.506616 0.106056
-0.004209 -0.001401 0.106056 0.046158
28.045810 1.685191 33.692284 1.916544
0.447438 0.095496 -0.030031 -0.005791
0.095496 0.043886 -0.005762 -0.001618
-0.030031 -0.005762 0.514389 0.107365
-0.005791 -0.001618 0.107365 0.046351
28.703603 1.646314 35.032155 1.995623
0.444096 0.095069 -0.039390 -0.007447
0.095069 0.043824 -0.007460 -0.001843
-0.039390 -0.007460 0.522264 0.108589
-0.007447 -0.001843 0.108589 0.046522
29.020719 1.538141 36.253869 2.040703
0.439996 0.094464 -0.047735 -0.008746
0.094464 0.043713 -0.008783 -0.001988
-0.047735 -0.008783 0.531988 0.110115
-0.008746 -0.001988 0.110115 0.046758
29.544004 1.486925 37.747747 2.137477
0.435207 0.093716 -0.053251 -0.009376
0.093716 0.043566 -0.009400 -0.001998
-0.053251 -0.009400 0.542454 0.111705
-0.009376 -0.001998 0.111705 0.047007
30.588592 1.552334 38.848963 2.145583
0.430051 0.092915 -0.055080 -0.009248
0.092915 0.043408 -0.009214 -0.001869
-0.055080 -0.009214 0.552321 0.113098
-0.009248 -0.001869 0.113098 0.047218
31.133597 1.504085 40.273787 2.216127
0.425859 0.092346 -0.054577 -0.008717
0.092346 0.043298 -0.008615 -0.001690
-0.054577 -0.008615 0.559817 0.113963
-0.008717 -0.001690 0.113963 0.047328
31.632308 1.445915 40.945442 2.125915
0.423708 0.092243 -0.048844 -0.007225
0.092243 0.043289 -0.007032 -0.001343
-0.048844 -0.007032 0.561137 0.113615
-0.007225 -0.001343 0.113615 0.047214
32.312193 1.437207 42.116573 2.147493
0.423577 0.092531 -0.041868 -0.005663
0.092531 0.043351 -0.005406 -0.001028
-0.041868 -0.005406 0.558568 0.112616
-0.005663 -0.001028 0.112616 0.047003
32.757767 1.372910 42.534763 2.013642
0.427930 0.093728 -0.032665 -0.003801
0.093728 0.043597 -0.003528 -0.000687
-0.032665 -0.003528 0.547929 0.110181
-0.003801 -0.000687 0.110181 0.046541
33.292728 1.339984 43.595216 2.023529
0.433802 0.095079 -0.024582 -0.002342
0.095079 0.043845 -0.002083 -0.000458
-0.024582 -0.002083 0.536194 0.107802
-0.002342 -0.000458 0.107802 0.046137
33.766260 1.295356 44.318913 1.964406
0.444951 0.097416 -0.017541 -0.001185
0.097416 0.044286 -0.001011 -0.000306
-0.017541 -0.001011 0.518304 0.104416
-0.001185 -0.000306 0.104416 0.045558
34.923635 1.409517 45.932322 2.094519
0.459145 0.100162 -0.012912 -0.000582
0.100162 0.044782 -0.000521 -0.000267
-0.012912 -0.000521 0.499034 0.101026
-0.000582 -0.000267 0.101026 0.045007
35.585359 1.400708 47.120876 2.123197
0.483446 0.104821 -0.015238 -0.001377
0.104821 0.045661 -0.001543 -0.000516
-0.015238 -0.001543 0.472743 0.096412
-0.001377 -0.000516 0.096412 0.044216
36.259181 1.395842 48.449702 2.178262
0.511522 0.109848 -0.022909 -0.003162
0.109848 0.046561 -0.003519 -0.000929
-0.022909 -0.003519 0.449054 0.092600
-0.003162 -0.000929 0.092600 0.043604
