2.197381 1.841066 -0.379760 -1.043954
2.575399 1.030182 -0.261185 -0.104476
1.030182 80.416148 -0.104476 -0.041791
-0.261185 -0.104476 2.388565 0.955447
-0.104476 -0.041791 0.955447 80.386254
5.772247 6.528922 2.207210 4.474710
2.242349 3.894316 -0.295369 -0.468018
3.894316 15.444714 -0.460667 -1.473195
-0.295369 -0.460667 2.356878 4.131603
-0.468018 -1.473195 4.131603 15.385955
6.239507 3.273083 4.264764 4.244432
1.971670 2.291600 -0.174737 -0.182918
2.291600 4.612186 -0.180320 -0.389912
-0.174737 -0.180320 2.063798 2.361855
-0.182918 -0.389912 2.361855 4.562101
5.412252 1.178458 5.051853 3.130188
1.708755 1.450786 -0.137929 -0.114835
1.450786 1.944317 -0.113963 -0.172340
-0.137929 -0.113963 1.741910 1.453258
-0.114835 -0.172340 1.453258 1.904968
7.089784 1.903700 4.912971 2.011249
1.492701 0.992479 -0.125817 -0.085486
0.992479 0.997392 -0.085163 -0.094086
-0.125817 -0.085163 1.491043 0.977436
-0.085486 -0.094086 0.977436 0.972850
7.045549 1.361238 5.298439 1.678462
1.302896 0.710969 -0.108440 -0.061326
0.710969 0.575955 -0.061186 -0.054075
-0.108440 -0.061186 1.312784 0.709169
-0.061326 -0.054075 0.709169 0.569470
8.433258 1.689156 5.925430 1.579563
1.157318 0.536327 -0.096307 -0.046492
0.536327 0.365983 -0.046421 -0.033969
-0.096307 -0.046421 1.168182 0.537022
-0.046492 -0.033969 0.537022 0.363855
8.661454 1.441661 5.826373 1.224361
1.038253 0.418983 -0.082138 -0.034580
0.418983 0.249273 -0.034534 -0.021916
-0.082138 -0.034534 1.053021 0.422115
-0.034580 -0.021916 0.422115 0.249356
9.389334 1.442765 7.719997 1.680872
0.941855 0.337627 -0.072700 -0.027147
0.337627 0.179980 -0.027119 -0.015096
-0.072700 -0.027119 0.959289 0.341848
-0.027147 -0.015096 0.341848 0.180873
10.722073 1.641169 7.910302 1.471018
0.864843 0.279944 -0.061970 -0.020826
0.279944 0.136772 -0.020797 -0.010480
-0.061970 -0.020797 0.878411 0.282760
-0.020826 -0.010480 0.282760 0.137336
11.493129 1.626413 8.773699 1.508763
0.798811 0.236769 -0.052820 -0.016174
0.236769 0.108333 -0.016148 -0.007480
-0.052820 -0.016148 0.812844 0.239704
-0.016174 -0.007480 0.239704 0.109018
12.898770 1.789129 9.781319 1.577722
0.743824 0.204437 -0.045036 -0.012692
0.204437 0.089215 -0.012669 -0.005461
-0.045036 -0.012669 0.757255 0.207123
-0.012692 -0.005461 0.207123 0.089855
13.053939 1.598554 10.488910 1.557074
0.697265 0.179736 -0.037704 -0.009863
0.179736 0.076026 -0.009841 -0.004016
-0.037704 -0.009841 0.710277 0.182234
-0.009863 -0.004016 0.182234 0.076621
14.075141 1.652781 11.894269 1.709482
0.658415 0.160853 -0.032200 -0.007876
0.160853 0.066821 -0.007856 -0.003041
-0.032200 -0.007856 0.670044 0.162937
-0.007876 -0.003041 0.162937 0.067308
14.459033 1.549393 13.023260 1.773245
0.625731 0.146271 -0.026996 -0.006205
0.146271 0.060310 -0.006186 -0.002304
-0.026996 -0.006186 0.635569 0.147893
-0.006205 -0.002304 0.147893 0.060686
14.397260 1.360922 14.668658 1.943450
0.598348 0.135001 -0.022675 -0.004920
0.135001 0.055682 -0.004903 -0.001770
-0.022675 -0.004903 0.606088 0.136142
-0.004920 -0.001770 0.136142 0.055950
15.597013 1.474950 15.746516 1.966871
0.575748 0.126359 -0.018991 -0.003903
0.126359 0.052401 -0.003889 -0.001371
-0.018991 -0.003889 0.580655 0.126907
-0.003903 -0.001371 0.126907 0.052544
15.799856 1.360090 16.831573 1.988347
0.556452 0.119600 -0.015606 -0.003042
0.119600 0.050049 -0.003029 -0.001059
-0.015606 -0.003029 0.559556 0.119832
-0.003042 -0.001059 0.119832 0.050135
16.701202 1.407046 17.977625 2.020545
0.540412 0.114420 -0.012791 -0.002371
0.114420 0.048389 -0.002360 -0.000825
-0.012791 -0.002360 0.541869 0.114387
-0.002371 -0.000825 0.114387 0.048431
17.015790 1.325635 19.150593 2.054320
0.526992 0.110450 -0.010284 -0.001811
0.110450 0.047225 -0.001803 -0.000641
-0.010284 -0.001803 0.527340 0.110277
-0.001811 -0.000641 0.110277 0.047246
17.188477 1.223874 20.677791 2.158006
0.515988 0.107471 -0.008148 -0.001364
0.107471 0.046426 -0.001357 -0.000499
-0.008148 -0.001357 0.515416 0.107193
-0.001364 -0.000499 0.107193 0.046432
18.250162 1.317193 21.661879 2.138587
0.507070 0.105275 -0.006256 -0.000991
0.105275 0.045891 -0.000985 -0.000387
-0.006256 -0.000985 0.505733 0.104919
-0.000991 -0.000387 0.104919 0.045885
18.882736 1.311825 22.784629 2.149659
0.499731 0.103648 -0.004673 -0.000698
0.103648 0.045536 -0.000694 -0.000300
-0.004673 -0.000694 0.498181 0.103321
-0.000698 -0.000300 0.103321 0.045536
19.128170 1.226665 23.918628 2.161757
0.493809 0.102479 -0.003366 -0.000473
0.102479 0.045309 -0.000469 -0.000234
-0.003366 -0.000469 0.492356 0.102227
-0.000473 -0.000234 0.102227 0.045322
19.744722 1.227280 24.851253 2.130915
0.489100 0.101663 -0.002284 -0.000297
0.101663 0.045171 -0.000295 -0.000182
-0.002284 -0.000295 0.487951 0.101511
-0.000297 -0.000182 0.101511 0.045199
20.086034 1.170710 26.506294 2.253787
0.485353 0.101102 -0.001456 -0.000176
0.101102 0.045089 -0.000174 -0.000144
-0.001456 -0.000174 0.484754 0.101084
-0.000176 -0.000144 0.101084 0.045137
20.688948 1.174269 27.006779 2.122853
0.482275 0.100702 -0.000770 -0.000080
0.100702 0.045037 -0.000078 -0.000113
-0.000770 -0.000078 0.482654 0.100888
-0.000080 -0.000113 0.100888 0.045117
20.992530 1.114882 27.640824 2.033298
0.479896 0.100450 -0.000346 -0.000034
0.100450 0.045009 -0.000033 -0.000094
-0.000346 -0.000033 0.481261 0.100820
-0.000034 -0.000094 0.100820 0.045115
21.651669 1.136217 28.572010 2.015361
0.478054 0.100296 -0.000069 -0.000012
0.100296 0.044993 -0.000011 -0.000080
-0.000069 -0.000011 0.480429 0.100837
-0.000012 -0.000080 0.100837 0.045122
22.769515 1.251780 29.814587 2.064711
0.476537 0.100185 -0.000001 -0.000025
0.100185 0.044977 -0.000024 -0.000073
-0.000001 -0.000024 0.480112 0.100925
-0.000025 -0.000073 0.100925 0.045135
23.398034 1.252342 30.751450 2.044614
0.475171 0.100079 -0.000272 -0.000099
0.100079 0.044955 -0.000099 -0.000079
-0.000272 -0.000099 0.480272 0.101074
-0.000099 -0.000079 0.101074 0.045154
24.155324 1.280033 31.442441 1.974824
0.473974 0.099984 -0.000716 -0.000196
0.099984 0.044930 -0.000196 -0.000089
-0.000716 -0.000196 0.480719 0.101243
-0.000196 -0.000089 0.101243 0.045171
24.752123 1.270925 32.139938 1.913746
0.472979 0.099908 -0.001350 -0.000320
0.099908 0.044905 -0.000320 -0.000104
-0.001350 -0.000320 0.481284 0.101400
-0.000320 -0.000104 0.101400 0.045183
25.326668 1.258045 32.984923 1.890172
0.472115 0.099838 -0.002098 -0.000454
0.099838 0.044877 -0.000454 -0.000120
-0.002098 -0.000454 0.481934 0.101545
-0.000454 -0.000120 0.101545 0.045190
26.149266 1.299038 34.294748 1.967022
0.471281 0.099755 -0.002960 -0.000599
0.099755 0.044846 -0.000601 -0.000140
-0.002960 -0.000601 0.482698 0.101691
-0.000599 -0.000140 0.101691 0.045197
26.855090 1.310905 34.884456 1.884096
0.470294 0.099624 -0.004105 -0.000793
0.099624 0.044803 -0.000796 -0.000170
-0.004105 -0.000796 0.483722 0.101871
-0.000793 -0.000170 0.101871 0.045212
27.385672 1.284637 36.551244 2.036612
0.469460 0.099517 -0.005357 -0.000997
0.099517 0.044767 -0.001000 -0.000202
-0.005357 -0.001000 0.484648 0.102012
-0.000997 -0.000202 0.102012 0.045221
27.963013 1.270798 37.437962 2.008903
0.468213 0.099314 -0.006810 -0.001231
0.099314 0.044710 -0.001235 -0.000240
-0.006810 -0.001235 0.486066 0.102246
-0.001231 -0.000240 0.102246 0.045250
28.564589 1.263394 38.073399 1.931318
0.466990 0.099118 -0.008339 -0.001469
0.099118 0.044658 -0.001474 -0.000279
-0.008339 -0.001474 0.487496 0.102464
-0.001469 -0.000279 0.102464 0.045278
29.270210 1.279337 39.338268 1.994214
0.465923 0.098957 -0.009908 -0.001705
0.098957 0.044616 -0.001710 -0.000319
-0.009908 -0.001710 0.488791 0.102642
-0.001705 -0.000319 0.102642 0.045298
29.733926 1.241671 40.074199 1.939236
0.464678 0.098757 -0.011715 -0.001983
0.098757 0.044566 -0.001989 -0.000368
-0.011715 -0.001989 0.490332 0.102866
-0.001983 -0.000368 0.102866 0.045331
30.359464 1.243587 41.771794 2.091828
0.463508 0.098576 -0.013475 -0.002241
0.098576 0.044522 -0.002248 -0.000414
-0.013475 -0.002248 0.491825 0.103071
-0.002241 -0.000414 0.103071 0.045361
31.184727 1.286428 42.504555 2.026565
0.461898 0.098302 -0.015528 -0.002554
0.098302 0.044458 -0.002562 -0.000472
-0.015528 -0.002562 0.493901 0.103393
-0.002554 -0.000472 0.103393 0.045417
31.446104 1.203580 42.675748 1.849765
0.460561 0.098096 -0.017753 -0.002894
0.098096 0.044412 -0.002903 -0.000536
-0.017753 -0.002903 0.495759 0.103655
-0.002894 -0.000536 0.103655 0.045461
32.270845 1.252076 44.061098 1.946418
0.459597 0.097972 -0.019600 -0.003143
0.097972 0.044383 -0.003154 -0.000581
-0.019600 -0.003154 0.497187 0.103822
-0.003143 -0.000581 0.103822 0.045486
32.703495 1.209824 44.620185 1.859549
0.458403 0.097793 -0.021843 -0.003476
0.097793 0.044341 -0.003488 -0.000646
-0.021843 -0.003488 0.499016 0.104075
-0.003476 -0.000646 0.104075 0.045533
33.393721 1.227051 45.174126 1.781443
0.457385 0.097651 -0.023931 -0.003769
0.097651 0.044307 -0.003782 -0.000703
-0.023931 -0.003782 0.500678 0.104291
-0.003769 -0.000703 0.104291 0.045572
34.493160 1.329839 45.689756 1.704796
0.456616 0.097557 -0.026090 -0.004074
0.097557 0.044283 -0.004090 -0.000764
-0.026090 -0.004090 0.502125 0.104462
-0.004074 -0.000764 0.104462 0.045604
34.902769 1.275581 46.657472 1.727940
0.456259 0.097543 -0.028615 -0.004452
0.097543 0.044275 -0.004475 -0.000841
-0.028615 -0.004475 0.503231 0.104566
-0.004452 -0.000841 0.104566 0.045623
35.866976 1.345146 47.428843 1.709880
0.455643 0.097460 -0.031045 -0.004803
0.097460 0.044249 -0.004830 -0.000913
-0.031045 -0.004830 0.504702 0.104758
-0.004803 -0.000913 0.104758 0.045664
