3.018594 2.169558 2.504328 0.109706
2.470482 0.988214 -0.052654 -0.021062
0.988214 80.399361 -0.021062 -0.008425
-0.052654 -0.021062 2.434012 0.973626
-0.021062 -0.008425 0.973626 80.393525
6.355526 6.107754 2.696187 0.359954
2.257306 3.946353 -0.049467 -0.076340
3.946353 15.290385 -0.076150 -0.267522
-0.049467 -0.076150 2.264701 3.966442
-0.076340 -0.267522 3.966442 15.232658
5.664811 1.775833 1.029794 -1.774992
1.990372 2.301264 -0.034594 -0.037510
2.301264 4.552547 -0.037437 -0.079747
-0.034594 -0.037437 2.013310 2.322999
-0.037510 -0.079747 2.322999 4.552112
6.647850 1.856284 5.108062 2.397619
1.703172 1.436130 -0.036338 -0.030557
1.436130 1.907628 -0.030556 -0.040417
-0.036338 -0.030556 1.726362 1.450621
-0.030557 -0.040417 1.450621 1.910507
8.132102 2.223933 5.453097 1.835332
1.477272 0.976724 -0.026699 -0.017606
0.976724 0.977427 -0.017594 -0.018549
-0.026699 -0.017594 1.485924 0.978599
-0.017606 -0.018549 0.978599 0.974710
8.457247 1.796555 4.084453 0.596998
1.296054 0.704360 -0.020775 -0.011433
0.704360 0.568128 -0.011422 -0.010077
-0.020775 -0.011422 1.302072 0.705306
-0.011433 -0.010077 0.705306 0.567005
7.813698 1.084333 5.088812 0.922452
1.151270 0.531710 -0.018381 -0.008723
0.531710 0.361619 -0.008718 -0.006408
-0.018381 -0.008718 1.158642 0.533658
-0.008723 -0.006408 0.533658 0.361792
8.109223 0.984924 6.326073 1.234024
1.036477 0.417074 -0.016593 -0.006897
0.417074 0.247230 -0.006894 -0.004322
-0.016593 -0.006894 1.042147 0.418342
-0.006897 -0.004322 0.418342 0.247383
9.073553 1.153649 6.838498 1.196619
0.943137 0.337202 -0.014580 -0.005384
0.337202 0.179030 -0.005381 -0.002972
-0.014580 -0.005381 0.946984 0.337863
-0.005384 -0.002972 0.337863 0.179094
10.657616 1.478771 8.032643 1.388501
0.865670 0.279498 -0.012663 -0.004210
0.279498 0.136094 -0.004208 -0.002093
-0.012663 -0.004208 0.868822 0.280014
-0.004210 -0.002093 0.280014 0.136186
11.388794 1.476321 8.982689 1.464022
0.800909 0.236818 -0.010619 -0.003217
0.236818 0.107984 -0.003215 -0.001479
-0.010619 -0.003215 0.803740 0.237296
-0.003217 -0.001479 0.237296 0.108101
12.477973 1.572565 9.800785 1.487574
0.746516 0.204694 -0.008937 -0.002494
0.204694 0.089028 -0.002492 -0.001073
-0.008937 -0.002492 0.748981 0.205104
-0.002494 -0.001073 0.205104 0.089142
12.972075 1.497405 11.417868 1.711921
0.700494 0.180149 -0.007492 -0.001943
0.180149 0.075946 -0.001941 -0.000792
-0.007492 -0.001941 0.702747 0.180527
-0.001943 -0.000792 0.180527 0.076058
13.601357 1.468296 12.032011 1.653038
0.661633 0.161263 -0.006248 -0.001517
0.161263 0.066783 -0.001515 -0.000592
-0.006248 -0.001515 0.663390 0.161534
-0.001517 -0.000592 0.161534 0.066868
13.873405 1.360546 13.368969 1.771965
0.628612 0.146603 -0.005257 -0.001202
0.146603 0.060285 -0.001201 -0.000452
-0.005257 -0.001201 0.630035 0.146812
-0.001202 -0.000452 0.146812 0.060356
14.748040 1.404313 14.467610 1.819815
0.600687 0.135221 -0.004419 -0.000956
0.135221 0.055656 -0.000955 -0.000348
-0.004419 -0.000955 0.601686 0.135349
-0.000956 -0.000348 0.135349 0.055708
14.710880 1.242459 15.980732 1.951776
0.577060 0.126374 -0.003675 -0.000754
0.126374 0.052351 -0.000753 -0.000270
-0.003675 -0.000753 0.577743 0.126450
-0.000754 -0.000270 0.126450 0.052390
15.021255 1.175770 16.921049 1.944116
0.557244 0.119541 -0.003043 -0.000594
0.119541 0.050002 -0.000593 -0.000210
-0.003043 -0.000593 0.557537 0.119550
-0.000594 -0.000210 0.119550 0.050026
15.966682 1.251396 18.292620 2.028583
0.540671 0.114289 -0.002513 -0.000468
0.114289 0.048342 -0.000467 -0.000165
-0.002513 -0.000467 0.540656 0.114252
-0.000468 -0.000165 0.114252 0.048356
16.710056 1.276019 19.240153 2.014626
0.526902 0.110289 -0.002022 -0.000358
0.110289 0.047184 -0.000358 -0.000128
-0.002022 -0.000358 0.526689 0.110228
-0.000358 -0.000128 0.110228 0.047192
17.743041 1.358132 19.631476 1.886496
0.515573 0.107283 -0.001602 -0.000270
0.107283 0.046389 -0.000270 -0.000100
-0.001602 -0.000270 0.515250 0.107215
-0.000270 -0.000100 0.107215 0.046395
18.667786 1.409109 20.589016 1.889490
0.506340 0.105059 -0.001260 -0.000203
0.105059 0.045856 -0.000203 -0.000079
-0.001260 -0.000203 0.506005 0.105003
-0.000203 -0.000079 0.105003 0.045863
19.858294 1.509870 21.516322 1.885924
0.498928 0.103453 -0.000970 -0.000149
0.103453 0.045510 -0.000149 -0.000062
-0.000970 -0.000149 0.498619 0.103411
-0.000149 -0.000062 0.103411 0.045518
20.468534 1.479862 22.677364 1.931181
0.493059 0.102323 -0.000732 -0.000107
0.102323 0.045293 -0.000107 -0.000049
-0.000732 -0.000107 0.492811 0.102299
-0.000107 -0.000049 0.102299 0.045303
20.596746 1.352716 24.044721 2.014687
0.488493 0.101557 -0.000542 -0.000076
0.101557 0.045166 -0.000076 -0.000040
-0.000542 -0.000076 0.488317 0.101550
-0.000076 -0.000040 0.101550 0.045177
20.785480 1.251117 25.201051 2.045712
0.484998 0.101060 -0.000389 -0.000053
0.101060 0.045096 -0.000053 -0.000032
-0.000389 -0.000053 0.484912 0.101072
-0.000053 -0.000032 0.101072 0.045108
21.363248 1.241145 26.479298 2.099071
0.482367 0.100757 -0.000268 -0.000036
0.100757 0.045062 -0.000036 -0.000026
-0.000268 -0.000036 0.482398 0.100790
-0.000036 -0.000026 0.100790 0.045076
21.233803 1.084115 27.747342 2.144810
0.480410 0.100587 -0.000186 -0.000026
0.100587 0.045047 -0.000026 -0.000022
-0.000186 -0.000026 0.480609 0.100649
-0.000026 -0.000022 0.100649 0.045065
22.490600 1.234088 28.798207 2.140300
0.478976 0.100503 -0.000114 -0.000017
0.100503 0.045041 -0.000017 -0.000018
-0.000114 -0.000017 0.479389 0.100602
-0.000017 -0.000018 0.100602 0.045064
22.928843 1.196497 29.334503 2.028071
0.477939 0.100473 -0.000116 -0.000022
0.100473 0.045038 -0.000022 -0.000017
-0.000116 -0.000022 0.478606 0.100614
-0.000022 -0.000017 0.100614 0.045067
24.106206 1.318429 30.199933 1.996785
0.477220 0.100478 -0.000142 -0.000031
0.100478 0.045034 -0.000031 -0.000017
-0.000142 -0.000031 0.478121 0.100655
-0.000031 -0.000017 0.100655 0.045069
24.380047 1.237189 31.303784 2.019012
0.476723 0.100497 -0.000235 -0.000051
0.100497 0.045028 -0.000051 -0.000020
-0.000235 -0.000051 0.477861 0.100709
-0.000051 -0.000020 0.100709 0.045068
24.921174 1.220843 32.502837 2.058990
0.476350 0.100514 -0.000339 -0.000071
0.100514 0.045017 -0.000071 -0.000022
-0.000339 -0.000071 0.477786 0.100772
-0.000071 -0.000022 0.100772 0.045064
25.416887 1.196619 33.257643 2.001023
0.476049 0.100520 -0.000474 -0.000096
0.100520 0.045002 -0.000096 -0.000025
-0.000474 -0.000096 0.477844 0.100836
-0.000096 -0.000025 0.100836 0.045059
25.931822 1.179006 34.291993 2.008164
0.475813 0.100521 -0.000627 -0.000121
0.100521 0.044984 -0.000121 -0.000028
-0.000627 -0.000121 0.477965 0.100890
-0.000121 -0.000028 0.100890 0.045051
26.120022 1.094181 34.895047 1.923488
0.475592 0.100508 -0.000804 -0.000150
0.100508 0.044964 -0.000150 -0.000032
-0.000804 -0.000150 0.478143 0.100940
-0.000150 -0.000032 0.100940 0.045043
26.525263 1.064206 35.998851 1.953468
0.475396 0.100489 -0.000966 -0.000174
0.100489 0.044944 -0.000174 -0.000036
-0.000966 -0.000174 0.478332 0.100977
-0.000174 -0.000036 0.100977 0.045032
27.413672 1.139532 36.969475 1.952209
0.475170 0.100455 -0.001149 -0.000202
0.100455 0.044922 -0.000202 -0.000040
-0.001149 -0.000202 0.478562 0.101014
-0.000202 -0.000040 0.101014 0.045024
27.965419 1.135733 38.044758 1.973137
0.474939 0.100416 -0.001400 -0.000242
0.100416 0.044900 -0.000242 -0.000047
-0.001400 -0.000242 0.478796 0.101044
-0.000242 -0.000047 0.101044 0.045015
29.172128 1.270774 38.766467 1.917346
0.474676 0.100366 -0.001681 -0.000287
0.100366 0.044878 -0.000288 -0.000055
-0.001681 -0.000288 0.479053 0.101074
-0.000287 -0.000055 0.101074 0.045009
29.810099 1.271389 40.116570 1.999912
0.474452 0.100325 -0.002052 -0.000349
0.100325 0.044860 -0.000349 -0.000066
-0.002052 -0.000349 0.479261 0.101091
-0.000349 -0.000066 0.101091 0.045002
30.109321 1.200249 41.174940 2.012157
0.474159 0.100268 -0.002468 -0.000417
0.100268 0.044841 -0.000417 -0.000079
-0.002468 -0.000417 0.479529 0.101121
-0.000417 -0.000079 0.101121 0.045000
30.751371 1.208992 41.716299 1.914196
0.473823 0.100204 -0.002867 -0.000478
0.100204 0.044821 -0.000479 -0.000090
-0.002867 -0.000479 0.479835 0.101157
-0.000478 -0.000090 0.101157 0.045001
31.346614 1.206948 42.400442 1.856665
0.473536 0.100152 -0.003270 -0.000538
0.100152 0.044806 -0.000539 -0.000100
-0.003270 -0.000539 0.480086 0.101182
-0.000538 -0.000100 0.101182 0.045000
32.020846 1.222142 43.934132 1.984243
0.473268 0.100107 -0.003683 -0.000599
0.100107 0.044793 -0.000599 -0.000111
-0.003683 -0.000599 0.480317 0.101203
-0.000599 -0.000111 0.101203 0.045000
32.647898 1.225545 44.978262 1.995205
0.472905 0.100042 -0.004171 -0.000674
0.100042 0.044777 -0.000674 -0.000126
-0.004171 -0.000674 0.480651 0.101248
-0.000674 -0.000126 0.101248 0.045007
33.620895 1.301757 45.964395 1.992969
0.472526 0.099976 -0.004690 -0.000753
0.099976 0.044762 -0.000754 -0.000141
-0.004690 -0.000754 0.481008 0.101296
-0.000753 -0.000141 0.101296 0.045015
33.948670 1.233274 46.771184 1.952847
0.472171 0.099919 -0.005290 -0.000847
0.099919 0.044749 -0.000848 -0.000159
-0.005290 -0.000848 0.481352 0.101342
-0.000847 -0.000159 0.101342 0.045022
34.578908 1.235931 47.399633 1.879611
0.471812 0.099862 -0.005843 -0.000928
0.099862 0.044736 -0.000929 -0.000175
-0.005843 -0.000929 0.481708 0.101390
-0.000928 -0.000175 0.101390 0.045031
35.128618 1.221199 47.947237 1.797030
0.471503 0.099817 -0.006396 -0.001007
0.099817 0.044727 -0.001008 -0.000190
-0.006396 -0.001008 0.482022 0.101429
-0.001007 -0.000190 0.101429 0.045038
