32.474629 0.503422 49.661387 1.878581
0.568630 0.118147 -0.035548 -0.006155
0.118147 0.047861 -0.006407 -0.001476
-0.035548 -0.006407 0.414342 0.088625
-0.006155 -0.001476 0.088625 0.043046
28.676867 -0.331392 49.257756 1.574162
0.579433 0.118784 -0.035149 -0.005751
0.118784 0.047828 -0.006008 -0.001309
-0.035149 -0.006008 0.409099 0.088633
-0.005751 -0.001309 0.088633 0.043111
24.776533 -1.093623 48.582661 1.239553
0.572949 0.116081 -0.028733 -0.004153
0.116081 0.047185 -0.004432 -0.000924
-0.028733 -0.004432 0.411825 0.090194
-0.004153 -0.000924 0.090194 0.043461
21.277700 -1.695439 46.891461 0.717965
0.557685 0.112090 -0.021803 -0.002645
0.112090 0.046393 -0.002918 -0.000600
-0.021803 -0.002918 0.419641 0.092545
-0.002645 -0.000600 0.092545 0.043915
18.822303 -2.028815 43.869841 -0.035965
0.535987 0.107349 -0.016072 -0.001569
0.107349 0.045549 -0.001784 -0.000391
-0.016072 -0.001784 0.432513 0.095636
-0.001569 -0.000391 0.095636 0.044469
16.667637 -2.267576 40.474011 -0.785692
0.506790 0.101635 -0.010400 -0.000613
0.101635 0.044587 -0.000743 -0.000217
-0.010400 -0.000743 0.453062 0.100016
-0.000613 -0.000217 0.100016 0.045254
15.248929 -2.333250 36.792152 -1.508123
0.477222 0.096378 0.001388 0.001629
0.096378 0.043777 0.001464 0.000211
0.001388 0.001464 0.478664 0.105027
0.001629 0.000211 0.105027 0.046121
13.964165 -2.365157 31.214180 -2.555770
0.461608 0.094345 0.022076 0.005651
0.094345 0.043640 0.005310 0.000977
0.022076 0.005310 0.496715 0.107894
0.005651 0.000977 0.107894 0.046472
12.172812 -2.491471 25.620998 -3.482296
0.468962 0.097066 0.035291 0.007717
0.097066 0.044428 0.007340 0.001302
0.035291 0.007340 0.490935 0.105397
0.007717 0.001302 0.105397 0.045681
10.814680 -2.510136 21.010940 -4.093256
0.483763 0.100965 0.031445 0.006009
0.100965 0.045346 0.005772 0.000857
0.031445 0.005772 0.474269 0.100981
0.006009 0.000857 0.100981 0.044612
9.713720 -2.473435 17.414076 -4.422907
0.497584 0.104224 0.016500 0.002222
0.104224 0.046028 0.002153 0.000050
0.016500 0.002153 0.458809 0.097403
0.002222 0.000050 0.097403 0.043860
8.112547 -2.545621 13.848198 -4.709749
0.510174 0.106868 -0.004206 -0.002330
0.106868 0.046513 -0.002252 -0.000830
-0.004206 -0.002252 0.447593 0.095143
-0.002330 -0.000830 0.095143 0.043466
7.803695 -2.345837 12.149131 -4.571953
0.524435 0.109570 -0.027577 -0.006976
0.109570 0.046969 -0.006764 -0.001658
-0.027577 -0.006764 0.439679 0.093793
-0.006976 -0.001658 0.093793 0.043287
7.429140 -2.180506 10.770729 -4.377983
0.537959 0.111828 -0.051074 -0.011221
0.111828 0.047301 -0.010893 -0.002353
-0.051074 -0.010893 0.436739 0.093569
-0.011221 -0.002353 0.093569 0.043337
8.071675 -1.820356 9.798087 -4.113221
0.550975 0.113757 -0.073704 -0.014948
0.113757 0.047549 -0.014512 -0.002917
-0.073704 -0.014512 0.437672 0.094104
-0.014948 -0.002917 0.094104 0.043514
8.974338 -1.442032 9.050663 -3.822265
0.551626 0.112958 -0.099394 -0.019154
0.112958 0.047230 -0.018469 -0.003568
-0.099394 -0.018469 0.451915 0.097346
-0.019154 -0.003568 0.097346 0.044226
9.702789 -1.131555 8.950848 -3.419111
0.535895 0.108958 -0.117255 -0.021555
0.108958 0.046312 -0.020495 -0.003829
-0.117255 -0.020495 0.477039 0.102577
-0.021555 -0.003829 0.102577 0.045291
10.419460 -0.849913 9.007369 -3.024233
0.519377 0.105274 -0.127233 -0.022263
0.105274 0.045563 -0.020890 -0.003784
-0.127233 -0.020890 0.500848 0.107022
-0.022263 -0.003784 0.107022 0.046097
11.612427 -0.495645 9.069939 -2.665388
0.504634 0.102356 -0.131505 -0.021896
0.102356 0.045037 -0.020312 -0.003593
-0.131505 -0.020312 0.520807 0.110272
-0.021896 -0.003593 0.110272 0.046602
12.655146 -0.196315 9.803644 -2.206196
0.489667 0.099710 -0.129185 -0.020390
0.099710 0.044604 -0.018677 -0.003247
-0.129185 -0.018677 0.536558 0.112463
-0.020390 -0.003247 0.112463 0.046885
13.528285 0.038308 10.588641 -1.792313
0.478909 0.098147 -0.124170 -0.018600
0.098147 0.044406 -0.016911 -0.002931
-0.124170 -0.016911 0.545805 0.113214
-0.018600 -0.002931 0.113214 0.046886
14.448431 0.255697 11.266315 -1.448460
0.471376 0.097337 -0.117117 -0.016668
0.097337 0.044347 -0.015115 -0.002651
-0.117117 -0.015115 0.549363 0.112875
-0.016668 -0.002651 0.112875 0.046711
14.805443 0.336948 12.386715 -1.062437
0.465485 0.096866 -0.108087 -0.014611
0.096866 0.044334 -0.013227 -0.002385
-0.108087 -0.013227 0.549023 0.111946
-0.014611 -0.002385 0.111946 0.046477
15.832138 0.556249 13.932296 -0.621128
0.463342 0.097119 -0.099047 -0.012772
0.097119 0.044440 -0.011648 -0.002195
-0.099047 -0.011648 0.543761 0.110233
-0.012772 -0.002195 0.110233 0.046137
16.974698 0.767424 15.174016 -0.289759
0.462781 0.097618 -0.087366 -0.010588
0.097618 0.044573 -0.009722 -0.001938
-0.087366 -0.009722 0.534483 0.108028
-0.010588 -0.001938 0.108028 0.045759
17.754325 0.889947 17.409306 0.202065
0.462594 0.098069 -0.074108 -0.008294
0.098069 0.044669 -0.007617 -0.001651
-0.074108 -0.007617 0.524410 0.105977
-0.008294 -0.001651 0.105977 0.045462
18.830055 1.048314 19.102442 0.535523
0.464761 0.098908 -0.059737 -0.005927
0.098908 0.044829 -0.005438 -0.001345
-0.059737 -0.005438 0.512053 0.103707
-0.005927 -0.001345 0.103707 0.045147
19.469131 1.095461 21.135558 0.897896
0.467288 0.099659 -0.045688 -0.003782
0.099659 0.044948 -0.003414 -0.001066
-0.045688 -0.003414 0.501213 0.101952
-0.003782 -0.001066 0.101952 0.044950
20.542395 1.220084 22.697575 1.131647
0.470182 0.100343 -0.032985 -0.002012
0.100343 0.045038 -0.001728 -0.000844
-0.032985 -0.001728 0.492212 0.100682
-0.002012 -0.000844 0.100682 0.044844
21.503495 1.308118 24.735173 1.437996
0.472117 0.100696 -0.022598 -0.000770
0.100696 0.045048 -0.000531 -0.000703
-0.022598 -0.000531 0.486330 0.100087
-0.000770 -0.000703 0.100087 0.044854
22.328349 1.348497 26.029991 1.558395
0.472361 0.100618 -0.015025 -0.000097
0.100618 0.044969 0.000123 -0.000647
-0.015025 0.000123 0.483757 0.100137
-0.000097 -0.000647 0.100137 0.044965
24.015409 1.567366 27.460152 1.698609
0.471223 0.100238 -0.010556 0.000009
0.100238 0.044839 0.000213 -0.000674
-0.010556 0.000213 0.483646 0.100603
0.000009 -0.000674 0.100603 0.045125
24.779159 1.565540 28.983370 1.839276
0.469050 0.099666 -0.010653 -0.000705
0.099666 0.044684 -0.000528 -0.000837
-0.010653 -0.000528 0.485424 0.101335
-0.000705 -0.000837 0.101335 0.045304
25.434489 1.538359 29.860282 1.830053
0.465329 0.098827 -0.013489 -0.001798
0.098827 0.044492 -0.001645 -0.001037
-0.013489 -0.001645 0.489478 0.102415
-0.001798 -0.001037 0.102415 0.045526
25.804443 1.453800 30.929979 1.861810
0.461508 0.098050 -0.017929 -0.003014
0.098050 0.044332 -0.002890 -0.001228
-0.017929 -0.002890 0.494285 0.103507
-0.003014 -0.001228 0.103507 0.045724
26.611458 1.471573 32.302678 1.954428
0.456988 0.097193 -0.023000 -0.004169
0.097193 0.044167 -0.004069 -0.001381
-0.023000 -0.004069 0.500529 0.104770
-0.004169 -0.001381 0.104770 0.045939
27.247351 1.450283 33.282020 1.954717
0.451892 0.096276 -0.029591 -0.005482
0.096276 0.043996 -0.005406 -0.001554
-0.029591 -0.005406 0.508503 0.106262
-0.005482 -0.001554 0.106262 0.046186
28.161300 1.491857 34.809498 2.069801
0.447067 0.095473 -0.036522 -0.006714
0.095473 0.043855 -0.006660 -0.001702
-0.036522 -0.006660 0.517123 0.107749
-0.006714 -0.001702 0.107749 0.046420
28.979076 1.507344 35.872214 2.075774
0.441733 0.094593 -0.043791 -0.007902
0.094593 0.043695 -0.007861 -0.001840
-0.043791 -0.007861 0.527585 0.109498
-0.007902 -0.001840 0.109498 0.046700
29.772663 1.517280 37.267647 2.149878
0.436855 0.093845 -0.050445 -0.008869
0.093845 0.043562 -0.008835 -0.001936
-0.050445 -0.008835 0.538265 0.111162
-0.008869 -0.001936 0.111162 0.046956
30.087039 1.421661 38.429731 2.165792
0.431761 0.093070 -0.054633 -0.009279
0.093070 0.043419 -0.009221 -0.001925
-0.054633 -0.009221 0.549013 0.112745
-0.009279 -0.001925 0.112745 0.047195
30.641731 1.390126 39.932924 2.250961
0.427100 0.092418 -0.054806 -0.008882
0.092418 0.043301 -0.008763 -0.001763
-0.054806 -0.008763 0.557508 0.113807
-0.008882 -0.001763 0.113807 0.047334
31.185810 1.359146 41.364936 2.312415
0.424114 0.092155 -0.049977 -0.007553
0.092155 0.043265 -0.007349 -0.001439
-0.049977 -0.007349 0.560695 0.113805
-0.007553 -0.001439 0.113805 0.047276
32.385605 1.473510 42.601377 2.332045
0.424863 0.092689 -0.041335 -0.005608
0.092689 0.043393 -0.005341 -0.001032
-0.041335 -0.005341 0.555829 0.112290
-0.005608 -0.001032 0.112290 0.046947
32.451961 1.328856 44.122918 2.399526
0.431338 0.094367 -0.031264 -0.003557
0.094367 0.043747 -0.003301 -0.000652
-0.031264 -0.003301 0.541718 0.109147
-0.003557 -0.000652 0.109147 0.046338
33.332087 1.370813 44.444589 2.223588
0.443922 0.097151 -0.022762 -0.001988
0.097151 0.044300 -0.001836 -0.000410
-0.022762 -0.001836 0.520802 0.104967
-0.001988 -0.000410 0.104967 0.045578
34.355963 1.443243 45.273935 2.168112
0.458194 0.099982 -0.016834 -0.001067
0.099982 0.044813 -0.001029 -0.000310
-0.016834 -0.001029 0.500896 0.101364
-0.001067 -0.000310 0.101364 0.044985
34.643913 1.347850 46.079634 2.109496
0.477809 0.103678 -0.015235 -0.001061
0.103678 0.045479 -0.001191 -0.000397
-0.015235 -0.001191 0.478499 0.097504
-0.001061 -0.000397 0.097504 0.044357
34.686149 1.211025 46.908831 2.060777
0.498799 0.107327 -0.016675 -0.001642
0.107327 0.046098 -0.001908 -0.000577
-0.016675 -0.001908 0.458633 0.094391
-0.001642 -0.000577 0.094391 0.043890
35.345719 1.223597 48.276654 2.131281
0.519693 0.110662 -0.020002 -0.002534
0.110662 0.046629 -0.002879 -0.000785
-0.020002 -0.002879 0.442175 0.092103
-0.002534 -0.000785 0.092103 0.043576
