-0.428142 0.790834 4.866917 1.054762
41.463505 16.585761 -56.479068 -22.592117
16.585761 86.638515 -22.592117 -9.037042
-56.479068 -22.592117 80.538224 32.215988
-22.592117 -9.037042 32.215988 92.890741
-0.518698 -0.384105 4.628666 0.005985
67.661480 38.783580 -87.839196 -41.107742
38.783580 43.341804 -48.288390 -42.976491
-87.839196 -48.288390 117.245297 56.457074
-41.107742 -42.976491 56.457074 62.540785
3.011801 2.777015 4.433412 1.444639
105.463429 52.503756 -135.357791 -61.418554
52.503756 37.377675 -66.609645 -43.889061
-135.357791 -66.609645 176.445399 80.969790
-61.418554 -43.889061 80.969790 57.727257
5.540281 3.229420 3.468093 0.703729
89.002870 39.684148 -97.780199 -34.754722
39.684148 24.692549 -43.349907 -24.390533
-97.780199 -43.349907 109.353473 39.493909
-34.754722 -24.390533 39.493909 27.240761
10.201625 4.426943 0.360647 -0.542096
58.493694 21.675861 -52.684390 -12.880894
21.675861 12.629613 -19.656751 -10.835410
-52.684390 -19.656751 48.846545 12.722545
-12.880894 -10.835410 12.722545 11.940458
6.828664 2.388047 5.367967 1.163917
19.841590 4.825067 -11.688128 1.077972
4.825067 4.178358 -3.182272 -3.757695
-11.688128 -3.182272 7.878239 0.369058
1.077972 -3.757695 0.369058 6.011037
10.231535 2.636489 5.393175 1.832998
15.478125 5.725910 -11.031301 -3.818403
5.725910 4.033505 -4.732556 -4.083764
-11.031301 -4.732556 9.028035 4.112556
-3.818403 -4.083764 4.112556 5.073541
10.398339 2.716942 6.084042 1.093550
21.452745 7.153131 -15.044220 -4.954421
7.153131 3.447037 -5.482551 -3.093299
-15.044220 -5.482551 11.587367 4.483818
-4.954421 -3.093299 4.483818 3.378954
11.561697 2.684527 6.697684 1.078128
28.484459 8.382893 -19.788211 -5.843506
8.382893 3.115953 -6.162367 -2.569526
-19.788211 -6.162367 14.677306 4.810685
-5.843506 -2.569526 4.810685 2.516717
11.012203 1.885770 9.564186 2.119714
34.383473 8.720451 -22.940334 -5.688318
8.720451 2.641206 -6.064597 -1.979298
-22.940334 -6.064597 16.128485 4.358038
-5.688318 -1.979298 4.358038 1.769467
5.710409 0.683128 13.896404 2.531595
26.638482 6.648646 -19.960122 -5.324277
6.648646 1.970793 -5.189579 -1.704155
-19.960122 -5.189579 15.777179 4.477586
-5.324277 -1.704155 4.477586 1.651256
10.407405 1.642782 11.977286 1.797438
3.544683 0.948339 -3.410937 -1.017109
0.948339 0.496793 -1.124256 -0.562872
-3.410937 -1.124256 4.318305 1.509635
-1.017109 -0.562872 1.509635 0.775270
11.213087 1.594504 13.190387 1.930010
4.442268 1.187633 -4.684243 -1.351121
1.187633 0.498720 -1.392714 -0.558839
-4.684243 -1.392714 5.887945 1.831740
-1.351121 -0.558839 1.831740 0.743817
11.374795 1.481664 14.380305 1.942991
5.447645 1.388031 -6.130624 -1.640095
1.388031 0.494516 -1.651477 -0.556763
-6.130624 -1.651477 7.792354 2.170605
-1.640095 -0.556763 2.170605 0.735307
12.367995 1.540574 15.072000 1.875684
6.006365 1.437621 -7.252999 -1.787423
1.437621 0.457852 -1.788943 -0.528587
-7.252999 -1.788943 9.642205 2.434528
-1.787423 -0.528587 2.434528 0.717951
13.724839 1.647340 16.169326 1.952765
6.812600 1.511972 -8.607399 -1.941286
1.511972 0.430259 -1.932915 -0.504945
-8.607399 -1.932915 11.744697 2.688563
-1.941286 -0.504945 2.688563 0.700522
15.114923 1.763445 16.436570 1.807229
7.469160 1.530376 -9.786610 -2.023112
1.530376 0.394575 -2.003868 -0.469917
-9.786610 -2.003868 13.689132 2.857610
-2.023112 -0.469917 2.857610 0.669121
17.245218 2.007171 15.982395 1.556617
8.460880 1.610809 -10.950425 -2.071660
1.610809 0.377565 -2.065589 -0.436649
-10.950425 -2.065589 14.995475 2.856885
-2.071660 -0.436649 2.856885 0.608143
19.043568 2.133734 15.374406 1.307415
4.812933 0.889715 -5.273715 -0.900592
0.889715 0.227468 -0.947954 -0.200344
-5.273715 -0.947954 6.460756 1.119798
-0.900592 -0.200344 1.119798 0.251787
22.527585 2.524050 12.756056 0.766365
2.480905 0.465140 -2.018388 -0.305736
0.465140 0.143669 -0.352465 -0.086039
-2.018388 -0.352465 2.181140 0.349140
-0.305736 -0.086039 0.349140 0.109231
20.752226 2.012313 16.320368 1.266980
1.278838 0.250334 -0.603366 -0.071488
0.250334 0.100014 -0.097158 -0.039193
-0.603366 -0.097158 0.726816 0.117405
-0.071488 -0.039193 0.117405 0.069060
22.335543 2.104816 16.119081 1.115350
1.419632 0.279956 -0.502421 -0.055655
0.279956 0.101525 -0.086084 -0.033636
-0.502421 -0.086084 0.562232 0.098349
-0.055655 -0.033636 0.098349 0.064017
22.669648 1.974060 17.316020 1.234021
1.388134 0.270537 -0.283702 -0.017233
0.270537 0.095333 -0.048724 -0.023597
-0.283702 -0.048724 0.408152 0.081564
-0.017233 -0.023597 0.081564 0.059694
23.104145 1.869814 18.435960 1.339485
1.402521 0.266474 -0.115262 0.012913
0.266474 0.090323 -0.021366 -0.015675
-0.115262 -0.021366 0.342802 0.079481
0.012913 -0.015675 0.079481 0.057896
24.481631 1.954374 18.891088 1.293949
1.343777 0.246232 0.053674 0.043017
0.246232 0.082562 0.004850 -0.008372
0.053674 0.004850 0.336592 0.087678
0.043017 -0.008372 0.087678 0.058067
24.654598 1.804067 19.708883 1.330152
1.070782 0.187580 0.197212 0.065002
0.187580 0.068609 0.023588 -0.003435
0.197212 0.023588 0.407275 0.110862
0.065002 -0.003435 0.110862 0.061478
26.349252 1.946135 20.439974 1.347095
0.870090 0.147309 0.281379 0.074582
0.147309 0.059431 0.029745 -0.001254
0.281379 0.029745 0.523455 0.140008
0.074582 -0.001254 0.140008 0.065705
26.900061 1.870288 21.036751 1.332459
0.643409 0.107798 0.273674 0.063405
0.107798 0.051663 0.018505 -0.003119
0.273674 0.018505 0.667774 0.171599
0.063405 -0.003119 0.171599 0.070184
27.309770 1.776726 21.503691 1.294066
0.503576 0.086846 0.244543 0.050213
0.086846 0.047810 0.004413 -0.005204
0.244543 0.004413 0.834677 0.203786
0.050213 -0.005204 0.203786 0.074398
28.493108 1.828978 22.332485 1.329013
0.415510 0.076326 0.203446 0.036818
0.076326 0.045999 -0.010676 -0.007190
0.203446 -0.010676 1.027690 0.237013
0.036818 -0.007190 0.237013 0.078457
29.922483 1.923299 23.393469 1.402035
0.354317 0.071947 0.125831 0.017808
0.071947 0.045501 -0.031030 -0.010084
0.125831 -0.031030 1.226217 0.267076
0.017808 -0.010084 0.267076 0.081592
31.298362 1.997597 24.600207 1.495611
0.322730 0.073617 0.015490 -0.005126
0.073617 0.046168 -0.055433 -0.013499
0.015490 -0.055433 1.419612 0.292251
-0.005126 -0.013499 0.292251 0.083575
32.271939 1.995181 25.240250 1.475304
0.322874 0.080995 -0.120386 -0.029878
0.080995 0.047795 -0.082257 -0.017031
-0.120386 -0.082257 1.604457 0.312509
-0.029878 -0.017031 0.312509 0.084542
33.366605 2.015011 26.140721 1.503745
0.348078 0.091480 -0.264242 -0.052746
0.091480 0.049636 -0.108549 -0.020083
-0.264242 -0.108549 1.828112 0.336976
-0.052746 -0.020083 0.336976 0.086252
34.492053 2.042890 26.993027 1.520657
0.397592 0.105020 -0.425890 -0.075736
0.105020 0.051770 -0.135818 -0.023019
-0.425890 -0.135818 2.071574 0.361637
-0.075736 -0.023019 0.361637 0.087887
35.338043 1.999924 27.549623 1.485914
0.469275 0.120791 -0.605656 -0.098827
0.120791 0.054004 -0.163868 -0.025827
-0.605656 -0.163868 2.343435 0.387830
-0.098827 -0.025827 0.387830 0.089668
36.519525 2.045705 28.341168 1.496172
0.558866 0.137491 -0.803053 -0.121948
0.137491 0.056046 -0.192093 -0.028449
-0.803053 -0.192093 2.660663 0.418059
-0.121948 -0.028449 0.418059 0.091976
37.227378 1.963588 28.806014 1.444918
0.667432 0.155280 -1.022020 -0.145711
0.155280 0.058001 -0.221037 -0.031006
-1.022020 -0.221037 3.015972 0.450597
-0.145711 -0.031006 0.450597 0.094464
37.986482 1.905570 29.382436 1.415994
0.791623 0.173195 -1.262160 -0.170077
0.173195 0.059687 -0.250035 -0.033436
-1.262160 -0.250035 3.419409 0.486730
-0.170077 -0.033436 0.486730 0.097312
38.729888 1.845843 29.755141 1.358041
0.933556 0.191705 -1.526441 -0.195375
0.191705 0.061276 -0.279686 -0.035835
-1.526441 -0.279686 3.863557 0.524861
-0.195375 -0.035835 0.524861 0.100232
39.630631 1.841737 30.476634 1.363369
1.086076 0.209116 -1.811282 -0.221277
0.209116 0.062440 -0.308389 -0.038040
-1.811282 -0.308389 4.364596 0.567329
-0.221277 -0.038040 0.567329 0.103581
40.795894 1.909599 31.428525 1.414220
1.259623 0.227880 -2.124762 -0.248433
0.227880 0.063765 -0.338761 -0.040340
-2.124762 -0.338761 4.900963 0.610193
-0.248433 -0.040340 0.610193 0.106717
41.574254 1.870358 32.197797 1.413899
1.459247 0.248875 -2.469972 -0.276865
0.248875 0.065411 -0.371591 -0.042782
-2.469972 -0.371591 5.464385 0.652079
-0.276865 -0.042782 0.652079 0.109467
42.501493 1.865090 32.823865 1.402057
1.686112 0.272039 -2.846678 -0.306323
0.272039 0.067324 -0.406577 -0.045304
-2.846678 -0.406577 6.052707 0.692816
-0.306323 -0.045304 0.692816 0.111866
43.272534 1.811017 33.151182 1.340407
1.931651 0.295173 -3.252663 -0.336908
0.295173 0.069057 -0.441645 -0.047736
-3.252663 -0.441645 6.693762 0.736564
-0.336908 -0.047736 0.736564 0.114522
44.085813 1.789844 33.815280 1.333750
2.183332 0.315760 -3.681601 -0.368447
0.315760 0.070193 -0.474281 -0.049900
-3.681601 -0.474281 7.407974 0.786260
-0.368447 -0.049900 0.786260 0.117827
44.691519 1.722271 34.424827 1.306896
2.459377 0.337771 -4.143665 -0.401034
0.337771 0.071508 -0.508636 -0.052123
-4.143665 -0.508636 8.163556 0.836334
-0.401034 -0.052123 0.836334 0.120952
45.655969 1.740336 34.989514 1.302037
2.764209 0.361888 -4.640827 -0.434538
0.361888 0.073093 -0.545306 -0.054430
-4.640827 -0.545306 8.953348 0.885682
-0.434538 -0.054430 0.885682 0.123779
46.860306 1.809287 35.567840 1.315988
3.082746 0.384881 -5.166697 -0.469108
0.384881 0.074387 -0.580960 -0.056598
-5.166697 -0.580960 9.806724 0.938777
-0.469108 -0.056598 0.938777 0.126924
47.942016 1.846888 36.213720 1.327264
3.404254 0.405035 -5.713948 -0.504457
0.405035 0.075173 -0.613704 -0.058513
-5.713948 -0.613704 10.731096 0.996777
-0.504457 -0.058513 0.996777 0.130528
