3.024409 2.171884 -1.255447 -1.394237
2.490737 0.996316 -0.101026 -0.040411
0.996316 80.402602 -0.040411 -0.016165
-0.101026 -0.040411 2.420540 0.968237
-0.040411 -0.016165 0.968237 80.391370
4.800923 3.398740 0.408800 2.750646
2.233725 3.900528 -0.114603 -0.181314
3.900528 15.259385 -0.180048 -0.573255
-0.114603 -0.180048 2.298704 4.028005
-0.181314 -0.573255 4.028005 15.303759
6.986929 3.962105 1.605581 2.547001
1.983502 2.298889 -0.083926 -0.089247
2.298889 4.563720 -0.088955 -0.172715
-0.083926 -0.088955 2.026468 2.331472
-0.089247 -0.172715 2.331472 4.551849
7.867859 3.034226 4.051957 3.529347
1.697730 1.434260 -0.060687 -0.049107
1.434260 1.909496 -0.048952 -0.070060
-0.060687 -0.048952 1.734879 1.454699
-0.049107 -0.070060 1.454699 1.912276
7.499410 1.785597 4.740336 2.821836
1.471831 0.974590 -0.045507 -0.030117
0.974590 0.977096 -0.030025 -0.034394
-0.045507 -0.030025 1.493377 0.982031
-0.030117 -0.034394 0.982031 0.976883
7.455457 1.276300 5.329697 2.377953
1.293687 0.703969 -0.039175 -0.022047
0.703969 0.568307 -0.021998 -0.020246
-0.039175 -0.021998 1.306220 0.706750
-0.022047 -0.020246 0.706750 0.567982
8.180817 1.315913 7.532489 2.844458
1.151899 0.532512 -0.034767 -0.016903
0.532512 0.362104 -0.016874 -0.012872
-0.034767 -0.016874 1.159555 0.533671
-0.016903 -0.012872 0.533671 0.362045
8.626742 1.231275 7.888434 2.416762
1.038446 0.418109 -0.028935 -0.012383
0.418109 0.247640 -0.012360 -0.008257
-0.028935 -0.012360 1.041277 0.417840
-0.012383 -0.008257 0.417840 0.247421
10.198593 1.572808 9.730735 2.642266
0.944929 0.337922 -0.024886 -0.009524
0.337922 0.179236 -0.009508 -0.005627
-0.024886 -0.009508 0.946076 0.337539
-0.009524 -0.005627 0.337539 0.179187
10.270439 1.342442 10.476758 2.457301
0.867422 0.280059 -0.020368 -0.007084
0.280059 0.136215 -0.007072 -0.003846
-0.020368 -0.007072 0.867684 0.279719
-0.007084 -0.003846 0.279719 0.136260
10.856629 1.317589 11.144622 2.291710
0.802868 0.237348 -0.017229 -0.005508
0.237348 0.108084 -0.005499 -0.002754
-0.017229 -0.005499 0.802272 0.236970
-0.005508 -0.002754 0.236970 0.108140
11.050254 1.190121 12.224609 2.273866
0.748423 0.205139 -0.014735 -0.004365
0.205139 0.089100 -0.004359 -0.002026
-0.014735 -0.004359 0.747478 0.204819
-0.004365 -0.002026 0.204819 0.089171
11.661184 1.194239 13.247114 2.244444
0.702549 0.180585 -0.012663 -0.003499
0.180585 0.076016 -0.003494 -0.001519
-0.012663 -0.003494 0.701032 0.180221
-0.003499 -0.001519 0.180221 0.076064
12.000423 1.131390 14.513750 2.279703
0.663599 0.161638 -0.010823 -0.002805
0.161638 0.066838 -0.002802 -0.001151
-0.010823 -0.002802 0.661709 0.161262
-0.002805 -0.001151 0.161262 0.066870
13.151771 1.267892 15.521979 2.248909
0.630603 0.146958 -0.009185 -0.002243
0.146958 0.060338 -0.002241 -0.000878
-0.009185 -0.002241 0.628277 0.146540
-0.002243 -0.000878 0.146540 0.060346
13.947887 1.304410 16.081195 2.121618
0.602462 0.135506 -0.007675 -0.001774
0.135506 0.055695 -0.001772 -0.000670
-0.007675 -0.001772 0.600099 0.135129
-0.001774 -0.000670 0.135129 0.055701
14.480743 1.278298 16.811750 2.049260
0.578579 0.126592 -0.006419 -0.001408
0.126592 0.052378 -0.001407 -0.000517
-0.006419 -0.001407 0.576376 0.126283
-0.001408 -0.000517 0.126283 0.052387
14.633717 1.174077 17.443269 1.964850
0.558475 0.119695 -0.005359 -0.001118
0.119695 0.050019 -0.001118 -0.000401
-0.005359 -0.001118 0.556431 0.119438
-0.001118 -0.000401 0.119438 0.050027
15.151976 1.159587 18.779103 2.039601
0.541699 0.114404 -0.004491 -0.000893
0.114404 0.048356 -0.000893 -0.000314
-0.004491 -0.000893 0.539734 0.114171
-0.000893 -0.000314 0.114171 0.048357
16.123376 1.241433 19.403234 1.956771
0.527802 0.110384 -0.003667 -0.000694
0.110384 0.047197 -0.000694 -0.000244
-0.003667 -0.000694 0.525877 0.110161
-0.000694 -0.000244 0.110161 0.047190
16.920627 1.278136 20.365426 1.953427
0.516323 0.107355 -0.002955 -0.000532
0.107355 0.046401 -0.000532 -0.000189
-0.002955 -0.000532 0.514571 0.107165
-0.000532 -0.000189 0.107165 0.046392
17.712957 1.309892 21.213312 1.926699
0.506974 0.105116 -0.002325 -0.000397
0.105116 0.045867 -0.000398 -0.000146
-0.002325 -0.000398 0.505430 0.104963
-0.000397 -0.000146 0.104963 0.045858
18.048102 1.243715 22.749418 2.045512
0.499452 0.103496 -0.001785 -0.000289
0.103496 0.045520 -0.000289 -0.000113
-0.001785 -0.000289 0.498143 0.103381
-0.000289 -0.000113 0.103381 0.045512
18.872447 1.285660 23.402850 1.968833
0.493497 0.102358 -0.001293 -0.000195
0.102358 0.045304 -0.000196 -0.000085
-0.001293 -0.000196 0.492412 0.102274
-0.000195 -0.000085 0.102274 0.045296
20.212746 1.430557 24.081767 1.905359
0.488833 0.101581 -0.000907 -0.000127
0.101581 0.045176 -0.000128 -0.000065
-0.000907 -0.000128 0.488008 0.101534
-0.000127 -0.000065 0.101534 0.045170
20.343058 1.308740 25.318401 1.964510
0.485227 0.101069 -0.000634 -0.000085
0.101069 0.045104 -0.000085 -0.000052
-0.000634 -0.000085 0.484709 0.101069
-0.000085 -0.000052 0.101069 0.045103
20.687899 1.244118 26.497490 2.005626
0.482488 0.100753 -0.000407 -0.000051
0.100753 0.045067 -0.000051 -0.000041
-0.000407 -0.000051 0.482298 0.100799
-0.000051 -0.000041 0.100799 0.045072
21.232504 1.227915 27.721356 2.051925
0.480422 0.100568 -0.000234 -0.000028
0.100568 0.045050 -0.000028 -0.000033
-0.000234 -0.000028 0.480613 0.100671
-0.000028 -0.000033 0.100671 0.045063
21.697639 1.196681 28.225418 1.942385
0.478861 0.100466 -0.000128 -0.000017
0.100466 0.045041 -0.000017 -0.000028
-0.000128 -0.000017 0.479518 0.100642
-0.000017 -0.000028 0.100642 0.045065
21.807774 1.094054 28.964812 1.893653
0.477736 0.100426 -0.000083 -0.000016
0.100426 0.045035 -0.000017 -0.000025
-0.000083 -0.000017 0.478819 0.100663
-0.000016 -0.000025 0.100663 0.045070
22.368197 1.096873 30.026128 1.917754
0.476915 0.100417 -0.000056 -0.000017
0.100417 0.045029 -0.000017 -0.000022
-0.000056 -0.000017 0.478436 0.100717
-0.000017 -0.000022 0.100717 0.045074
23.325375 1.183046 31.128307 1.947943
0.476271 0.100413 -0.000094 -0.000029
0.100413 0.045018 -0.000029 -0.000022
-0.000094 -0.000029 0.478322 0.100794
-0.000029 -0.000022 0.100794 0.045078
24.242412 1.251744 32.191371 1.966723
0.475739 0.100405 -0.000245 -0.000062
0.100405 0.045002 -0.000062 -0.000026
-0.000245 -0.000062 0.478407 0.100882
-0.000062 -0.000026 0.100882 0.045080
25.866775 1.462643 33.115412 1.954193
0.475278 0.100387 -0.000503 -0.000114
0.100387 0.044981 -0.000114 -0.000034
-0.000503 -0.000114 0.478628 0.100971
-0.000114 -0.000034 0.100971 0.045080
25.953555 1.326424 34.160873 1.968616
0.474909 0.100369 -0.000968 -0.000203
0.100369 0.044960 -0.000203 -0.000049
-0.000968 -0.000203 0.478886 0.101045
-0.000203 -0.000049 0.101045 0.045076
25.930319 1.181290 35.305427 2.002403
0.474508 0.100328 -0.001387 -0.000275
0.100328 0.044934 -0.000275 -0.000060
-0.001387 -0.000275 0.479253 0.101124
-0.000275 -0.000060 0.101124 0.045073
26.124434 1.097389 35.913150 1.919355
0.474034 0.100261 -0.001748 -0.000329
0.100261 0.044904 -0.000330 -0.000067
-0.001748 -0.000330 0.479731 0.101211
-0.000329 -0.000067 0.101211 0.045073
26.799980 1.124221 36.836769 1.911767
0.473593 0.100195 -0.002074 -0.000374
0.100195 0.044875 -0.000374 -0.000073
-0.002074 -0.000374 0.480189 0.101282
-0.000374 -0.000073 0.101282 0.045071
27.126736 1.074480 38.125362 1.981875
0.473140 0.100122 -0.002483 -0.000435
0.100122 0.044847 -0.000435 -0.000082
-0.002483 -0.000435 0.480660 0.101348
-0.000435 -0.000082 0.101348 0.045070
28.348927 1.219482 39.228156 2.005620
0.472574 0.100023 -0.002923 -0.000500
0.100023 0.044816 -0.000501 -0.000093
-0.002923 -0.000501 0.481244 0.101432
-0.000500 -0.000093 0.101432 0.045074
29.044195 1.237583 40.211732 2.001594
0.472012 0.099926 -0.003586 -0.000610
0.099926 0.044787 -0.000611 -0.000114
-0.003586 -0.000611 0.481821 0.101509
-0.000610 -0.000114 0.101509 0.045079
29.770656 1.260303 41.005399 1.958017
0.471439 0.099829 -0.004317 -0.000730
0.099829 0.044759 -0.000731 -0.000136
-0.004317 -0.000731 0.482407 0.101585
-0.000730 -0.000136 0.101585 0.045085
30.561875 1.294458 42.067527 1.975587
0.470904 0.099742 -0.005102 -0.000854
0.099742 0.044736 -0.000856 -0.000159
-0.005102 -0.000856 0.482955 0.101651
-0.000854 -0.000159 0.101651 0.045091
31.753546 1.409623 42.719751 1.905295
0.470345 0.099651 -0.005984 -0.000994
0.099651 0.044712 -0.000996 -0.000185
-0.005984 -0.000996 0.483536 0.101724
-0.000994 -0.000185 0.101724 0.045100
33.049048 1.534984 43.927558 1.959348
0.469921 0.099590 -0.007015 -0.001160
0.099590 0.044696 -0.001162 -0.000217
-0.007015 -0.001162 0.483990 0.101770
-0.001160 -0.000217 0.101770 0.045105
33.062024 1.375520 45.530046 2.089658
0.469493 0.099527 -0.008278 -0.001367
0.099527 0.044680 -0.001370 -0.000257
-0.008278 -0.001370 0.484477 0.101826
-0.001367 -0.000257 0.101826 0.045114
33.626185 1.349063 46.312044 2.034320
0.468759 0.099398 -0.009427 -0.001540
0.099398 0.044650 -0.001544 -0.000288
-0.009427 -0.001544 0.485302 0.101955
-0.001540 -0.000288 0.101955 0.045139
34.373201 1.363879 46.815559 1.926529
0.468082 0.099288 -0.010538 -0.001701
0.099288 0.044625 -0.001705 -0.000318
-0.010538 -0.001705 0.486085 0.102071
-0.001701 -0.000318 0.102071 0.045161
34.933615 1.337906 47.633645 1.895902
0.467566 0.099214 -0.011643 -0.001857
0.099214 0.044609 -0.001862 -0.000347
-0.011643 -0.001862 0.486717 0.102152
-0.001857 -0.000347 0.102152 0.045176
35.774846 1.374006 48.244773 1.825477
0.467058 0.099142 -0.012734 -0.002009
0.099142 0.044593 -0.002014 -0.000376
-0.012734 -0.002014 0.487359 0.102236
-0.002009 -0.000376 0.102236 0.045192
