-1.169651 0.494224 5.835174 1.442073
41.463505 16.585761 -56.479068 -22.592117
16.585761 86.638515 -22.592117 -9.037042
-56.479068 -22.592117 80.538224 32.215988
-22.592117 -9.037042 32.215988 92.890741
0.839066 3.026185 6.640822 2.654210
59.364185 28.753630 -85.284149 -43.974460
28.753630 35.228367 -38.950805 -40.427775
-85.284149 -38.950805 126.194231 66.709574
-43.974460 -40.427775 66.709574 70.567825
4.448804 3.540152 3.664668 0.384386
88.510606 43.066209 -122.988025 -57.313310
43.066209 32.108289 -58.743519 -41.024642
-122.988025 -58.743519 173.910900 81.617534
-57.313310 -41.024642 81.617534 59.017269
8.132916 4.294299 0.968899 -0.827948
31.769109 16.102707 -31.065006 -10.890652
16.102707 14.944758 -15.376492 -14.339968
-31.065006 -15.376492 32.114197 11.600222
-10.890652 -14.339968 11.600222 17.428799
11.227789 4.757197 -0.482427 -1.309621
22.351898 9.127845 -14.913088 -2.396354
9.127845 7.812753 -6.304988 -6.596361
-14.913088 -6.304988 11.097270 2.675436
-2.396354 -6.596361 2.675436 9.008303
12.042914 3.735971 0.676866 -0.015527
22.472119 6.903381 -10.281691 0.812509
6.903381 4.375458 -3.631781 -2.926655
-10.281691 -3.631781 5.665522 0.809936
0.812509 -2.926655 0.809936 5.076941
12.890330 2.826995 2.252281 1.349381
30.039123 8.817413 -11.964657 -0.316225
8.817413 3.788277 -3.998007 -1.787212
-11.964657 -3.998007 5.703970 1.205914
-0.316225 -1.787212 1.205914 2.764702
14.486212 2.701084 3.269342 1.730866
37.905665 10.718151 -15.080749 -2.293930
10.718151 3.688726 -4.645774 -1.552961
-15.080749 -4.645774 6.891922 1.756515
-2.293930 -1.552961 1.756515 1.639283
14.596400 2.551413 4.124992 1.434378
47.855858 11.954471 -17.762484 -2.556610
11.954471 3.375340 -4.708299 -1.144045
-17.762484 -4.708299 7.388909 1.563135
-2.556610 -1.144045 1.563135 0.981414
14.620603 1.954546 6.421212 2.231074
58.017961 13.193634 -21.252777 -3.325349
13.193634 3.255133 -5.033285 -1.065033
-21.252777 -5.033285 8.503881 1.683082
-3.325349 -1.065033 1.683082 0.710398
12.936902 1.580256 7.738497 1.959078
53.303738 11.535854 -21.461262 -4.209419
11.535854 2.677994 -4.799618 -1.114341
-21.461262 -4.799618 9.309535 2.065577
-4.209419 -1.114341 2.065577 0.679126
15.279012 1.839672 8.333508 1.960429
27.674053 5.902218 -13.492743 -3.172622
5.902218 1.396848 -3.002696 -0.818759
-13.492743 -3.002696 7.228440 1.859924
-3.172622 -0.818759 1.859924 0.612516
18.146656 2.158851 8.735032 1.917098
32.519866 6.294585 -15.872715 -3.342170
6.294585 1.326939 -3.162867 -0.745345
-15.872715 -3.162867 8.329594 1.876771
-3.342170 -0.745345 1.876771 0.519674
18.058742 1.962309 10.182584 1.995138
18.794937 3.127493 -7.580950 -1.146329
3.127493 0.610270 -1.325190 -0.261102
-7.580950 -1.325190 3.561702 0.652284
-1.146329 -0.261102 0.652284 0.198592
19.259160 2.035131 10.731353 1.857591
19.433494 2.954869 -7.185206 -0.904585
2.954869 0.527743 -1.141791 -0.191417
-7.185206 -1.141791 3.115560 0.493385
-0.904585 -0.191417 0.493385 0.144086
18.634068 1.801521 12.248739 1.926149
16.738061 2.312833 -5.264638 -0.461679
2.312833 0.390245 -0.766148 -0.106262
-5.264638 -0.766148 2.075567 0.280876
-0.461679 -0.106262 0.280876 0.096605
18.904562 1.714683 13.458491 1.959132
18.316788 2.404431 -5.700945 -0.508512
2.404431 0.381008 -0.780723 -0.101531
-5.700945 -0.780723 2.172773 0.280404
-0.508512 -0.101531 0.280404 0.086696
16.962291 1.417023 14.562264 1.819865
19.357429 2.426152 -6.094771 -0.569980
2.426152 0.365595 -0.790731 -0.100265
-6.094771 -0.790731 2.300910 0.291281
-0.569980 -0.100265 0.291281 0.081152
17.870960 1.436496 15.484673 1.835200
9.168662 1.136998 -3.578282 -0.464688
1.136998 0.199771 -0.466921 -0.082133
-3.578282 -0.466921 1.789202 0.291800
-0.464688 -0.082133 0.291800 0.083717
17.294852 1.278997 16.973583 1.915439
7.802374 0.951297 -3.487345 -0.495380
0.951297 0.172516 -0.442317 -0.080745
-3.487345 -0.442317 1.952782 0.327434
-0.495380 -0.080745 0.327434 0.087295
20.916017 1.618359 17.072473 1.859844
4.575376 0.550999 -2.480144 -0.384828
0.550999 0.121148 -0.309611 -0.063256
-2.480144 -0.309611 1.764562 0.316879
-0.384828 -0.063256 0.316879 0.086393
21.228641 1.558224 18.455085 1.943919
3.532251 0.417266 -1.554604 -0.188709
0.417266 0.102611 -0.186040 -0.035818
-1.554604 -0.186040 1.063922 0.176378
-0.188709 -0.035818 0.176378 0.058406
23.240021 1.701909 18.568064 1.804214
3.136598 0.372150 -1.140557 -0.105389
0.372150 0.096239 -0.133153 -0.024095
-1.140557 -0.133153 0.768699 0.123003
-0.105389 -0.024095 0.123003 0.048756
24.366834 1.734984 19.384073 1.798055
1.495737 0.182095 -0.252964 0.017160
0.182095 0.073103 -0.026247 -0.008296
-0.252964 -0.026247 0.395342 0.080435
0.017160 -0.008296 0.080435 0.044561
25.740610 1.799128 20.002114 1.753762
0.892050 0.116702 0.011960 0.041982
0.116702 0.064866 0.004408 -0.004586
0.011960 0.004408 0.391653 0.093235
0.041982 -0.004586 0.093235 0.048292
26.219407 1.736754 20.979727 1.764588
0.620243 0.090526 0.096548 0.041968
0.090526 0.061022 0.011372 -0.004246
0.096548 0.011372 0.484794 0.117586
0.041968 -0.004246 0.117586 0.053116
26.353598 1.611073 21.848564 1.749936
0.473703 0.079201 0.108120 0.032612
0.079201 0.058675 0.006924 -0.005463
0.108120 0.006924 0.611720 0.144160
0.032612 -0.005463 0.144160 0.057715
27.189475 1.615102 22.797561 1.766716
0.389797 0.075657 0.075391 0.017924
0.075657 0.057134 -0.005463 -0.007722
0.075391 -0.005463 0.751007 0.169697
0.017924 -0.007722 0.169697 0.061655
28.230510 1.666847 23.703972 1.770164
0.348297 0.078026 0.005628 -0.001070
0.078026 0.056415 -0.024588 -0.010839
0.005628 -0.024588 0.889651 0.192134
-0.001070 -0.010839 0.192134 0.064672
29.198961 1.699477 24.597600 1.770556
0.341418 0.085214 -0.086142 -0.021144
0.085214 0.056424 -0.046940 -0.014092
-0.086142 -0.046940 1.034256 0.213320
-0.021144 -0.014092 0.213320 0.067273
29.594484 1.590554 25.094746 1.698878
0.363581 0.096191 -0.196640 -0.041730
0.096191 0.057017 -0.071246 -0.017295
-0.196640 -0.071246 1.189571 0.234174
-0.041730 -0.017295 0.234174 0.069655
30.244460 1.553213 25.884162 1.688395
0.408898 0.109442 -0.322456 -0.062183
0.109442 0.057859 -0.096184 -0.020253
-0.322456 -0.096184 1.367879 0.256821
-0.062183 -0.020253 0.256821 0.072208
31.160127 1.589668 26.931218 1.724932
0.479937 0.125655 -0.469058 -0.083553
0.125655 0.059198 -0.122656 -0.023201
-0.469058 -0.122656 1.557807 0.278796
-0.083553 -0.023201 0.278796 0.074437
32.043967 1.613570 27.879364 1.740542
0.579463 0.145228 -0.637584 -0.105845
0.145228 0.061122 -0.150658 -0.026141
-0.637584 -0.150658 1.753291 0.299007
-0.105845 -0.026141 0.299007 0.076179
32.886632 1.618452 28.488838 1.696971
0.705750 0.167254 -0.827000 -0.128715
0.167254 0.063352 -0.179504 -0.028968
-0.827000 -0.179504 1.964863 0.319380
-0.128715 -0.028968 0.319380 0.077812
33.707340 1.622474 29.385374 1.705229
0.851094 0.189424 -1.037516 -0.152275
0.189424 0.065309 -0.208345 -0.031609
-1.037516 -0.208345 2.219621 0.344329
-0.152275 -0.031609 0.344329 0.080070
34.589330 1.651066 30.612609 1.768858
1.023703 0.213697 -1.271919 -0.176697
0.213697 0.067520 -0.238206 -0.034213
-1.271919 -0.238206 2.494036 0.369362
-0.176697 -0.034213 0.369362 0.082137
35.537381 1.678433 31.438848 1.764078
1.232088 0.241803 -1.529566 -0.201428
0.241803 0.070359 -0.269540 -0.036787
-1.529566 -0.269540 2.764928 0.390701
-0.201428 -0.036787 0.390701 0.083439
36.312457 1.649872 31.984889 1.706966
1.465365 0.270404 -1.814227 -0.227461
0.270404 0.072984 -0.301353 -0.039303
-1.814227 -0.301353 3.076347 0.415649
-0.227461 -0.039303 0.415649 0.085189
36.990870 1.620187 32.924192 1.713349
1.717701 0.298038 -2.126760 -0.255136
0.298038 0.075135 -0.333052 -0.041753
-2.126760 -0.333052 3.439955 0.445687
-0.255136 -0.041753 0.445687 0.087561
37.437389 1.509530 33.172165 1.595303
2.005883 0.328645 -2.466848 -0.283346
0.328645 0.077701 -0.366331 -0.044204
-2.466848 -0.366331 3.815738 0.473929
-0.283346 -0.044204 0.473929 0.089456
38.161109 1.512280 34.153786 1.622873
2.309594 0.357255 -2.835916 -0.313488
0.357255 0.079649 -0.398939 -0.046586
-2.835916 -0.398939 4.249420 0.507793
-0.313488 -0.046586 0.507793 0.092026
39.220625 1.569726 34.831122 1.621215
2.653503 0.389421 -3.235086 -0.343977
0.389421 0.082120 -0.433660 -0.048992
-3.235086 -0.433660 4.694150 0.539198
-0.343977 -0.048992 0.539198 0.094024
39.808072 1.531907 35.702248 1.617255
3.010222 0.418864 -3.664680 -0.376719
0.418864 0.083902 -0.467299 -0.051337
-3.664680 -0.467299 5.202107 0.576700
-0.376719 -0.051337 0.576700 0.096740
40.652592 1.532882 36.258570 1.582829
3.410751 0.452251 -4.127163 -0.409649
0.452251 0.086255 -0.503490 -0.053718
-4.127163 -0.503490 5.722663 0.611491
-0.409649 -0.053718 0.611491 0.098859
41.442330 1.521725 36.795688 1.544294
3.824728 0.483016 -4.620659 -0.444755
0.483016 0.088001 -0.538520 -0.056034
-4.620659 -0.538520 6.304201 0.651680
-0.444755 -0.056034 0.651680 0.101578
42.530154 1.608058 37.901125 1.622249
4.249913 0.511359 -5.141695 -0.481427
0.511359 0.089277 -0.572301 -0.058256
-5.141695 -0.572301 6.939640 0.695890
-0.481427 -0.058256 0.695890 0.104671
43.409390 1.635163 38.898889 1.657538
4.717693 0.543037 -5.701926 -0.518793
0.543037 0.091007 -0.608835 -0.060551
-5.701926 -0.608835 7.605979 0.739166
-0.518793 -0.060551 0.739166 0.107396
44.019195 1.594182 39.714408 1.638521
5.231264 0.578328 -6.300041 -0.556353
0.578328 0.093183 -0.648075 -0.062885
-6.300041 -0.648075 8.295344 0.780525
-0.556353 -0.062885 0.780525 0.109681
44.936124 1.614520 40.498091 1.642974
5.791276 0.617110 -6.932976 -0.593620
0.617110 0.095747 -0.689647 -0.065210
-6.932976 -0.689647 9.000046 0.819286
-0.593620 -0.065210 0.819286 0.111508
