2.856092 2.104556 0.242994 -0.794848
2.053490 0.821414 -0.226717 -0.090689
0.821414 80.332639 -0.090689 -0.036276
-0.226717 -0.090689 3.101368 1.240574
-0.090689 -0.036276 1.240574 80.500307
6.279295 6.356416 0.788430 0.850247
3.542147 6.303116 -1.127090 -1.842975
6.303116 18.365508 -1.970173 -3.865388
-1.127090 -1.970173 2.187557 3.688392
-1.842975 -3.865388 3.688392 16.354452
5.970230 2.682475 3.708234 3.629689
2.135273 2.310833 -0.129383 0.006301
2.310833 4.244460 -0.055854 -0.179590
-0.129383 -0.055854 1.928676 2.346415
0.006301 -0.179590 2.346415 5.018901
7.589457 2.900984 3.508138 1.863410
1.582489 1.273123 -0.424660 -0.346949
1.273123 1.703513 -0.336299 -0.399640
-0.424660 -0.336299 2.133015 1.867616
-0.346949 -0.399640 1.867616 2.392110
7.678548 2.009655 3.163509 0.997180
1.278880 0.828907 -0.266692 -0.165721
0.828907 0.868309 -0.162326 -0.162527
-0.266692 -0.162326 1.894313 1.263291
-0.165721 -0.162527 1.263291 1.196873
6.701861 0.927600 2.830062 0.542333
1.117470 0.607895 -0.147181 -0.075910
0.607895 0.516537 -0.074108 -0.073162
-0.147181 -0.074108 1.596988 0.860776
-0.075910 -0.073162 0.860776 0.661931
8.659037 1.626806 4.169592 1.025394
1.059457 0.495481 -0.067571 -0.032531
0.495481 0.347632 -0.030732 -0.036180
-0.067571 -0.030732 1.279411 0.581669
-0.032531 -0.036180 0.581669 0.388919
9.658888 1.699904 5.948846 1.526864
0.919383 0.375500 -0.106725 -0.046633
0.375500 0.232203 -0.046462 -0.033863
-0.106725 -0.046462 1.224885 0.486314
-0.046633 -0.033863 0.486314 0.278458
10.727931 1.779123 6.908609 1.594774
0.843382 0.307312 -0.170079 -0.063962
0.307312 0.169695 -0.064831 -0.033446
-0.170079 -0.064831 1.154646 0.406630
-0.063962 -0.033446 0.406630 0.206087
10.108672 1.282189 7.599372 1.565981
0.787749 0.259689 -0.194871 -0.064193
0.259689 0.130629 -0.065232 -0.027848
-0.194871 -0.065232 1.074165 0.340309
-0.064193 -0.027848 0.340309 0.157081
10.727865 1.275775 8.595609 1.627568
0.753909 0.227610 -0.214993 -0.062882
0.227610 0.105835 -0.064020 -0.023372
-0.214993 -0.064020 0.990962 0.286320
-0.062882 -0.023372 0.286320 0.123443
12.198238 1.510770 9.955531 1.774670
0.722957 0.201981 -0.215891 -0.056687
0.201981 0.088524 -0.057745 -0.018683
-0.215891 -0.057745 0.910611 0.243042
-0.056687 -0.018683 0.243042 0.100075
13.321301 1.608749 11.123813 1.846430
0.687609 0.179627 -0.198284 -0.047091
0.179627 0.075793 -0.047915 -0.014136
-0.198284 -0.047915 0.836174 0.208725
-0.047091 -0.014136 0.208725 0.083701
13.811099 1.532098 12.283541 1.900811
0.652874 0.161160 -0.174483 -0.037717
0.161160 0.066580 -0.038317 -0.010506
-0.174483 -0.038317 0.770819 0.182085
-0.037717 -0.010506 0.182085 0.072231
14.363915 1.485623 13.771858 2.021658
0.623975 0.147005 -0.151657 -0.030019
0.147005 0.060117 -0.030496 -0.007881
-0.151657 -0.030496 0.713220 0.161174
-0.030019 -0.007881 0.161174 0.064065
15.011907 1.464209 14.814827 2.027945
0.600155 0.136176 -0.128887 -0.023398
0.136176 0.055569 -0.023815 -0.005893
-0.128887 -0.023815 0.661958 0.144561
-0.023398 -0.005893 0.144561 0.058176
14.899431 1.279241 16.103896 2.079444
0.579121 0.127558 -0.108059 -0.018023
0.127558 0.052288 -0.018389 -0.004432
-0.108059 -0.018389 0.620165 0.132111
-0.018023 -0.004432 0.132111 0.054069
15.770158 1.328052 17.002804 2.051876
0.563721 0.121378 -0.090151 -0.013828
0.121378 0.050068 -0.014204 -0.003391
-0.090151 -0.014204 0.583749 0.122263
-0.013828 -0.003391 0.122263 0.051087
16.146451 1.265622 17.897953 2.021965
0.548998 0.116214 -0.073785 -0.010372
0.116214 0.048420 -0.010718 -0.002597
-0.073785 -0.010718 0.555814 0.115261
-0.010372 -0.002597 0.115261 0.049085
16.098100 1.125233 19.228773 2.082311
0.536701 0.112257 -0.059714 -0.007670
0.112257 0.047274 -0.007991 -0.002021
-0.059714 -0.007991 0.533574 0.110129
-0.007670 -0.002021 0.110129 0.047707
16.459442 1.078815 19.698016 1.962291
0.527609 0.109494 -0.046984 -0.005412
0.109494 0.046542 -0.005728 -0.001569
-0.046984 -0.005728 0.514755 0.106160
-0.005412 -0.001569 0.106160 0.046716
17.051547 1.090745 20.824369 1.992765
0.519659 0.107320 -0.036773 -0.003798
0.107320 0.046033 -0.004093 -0.001264
-0.036773 -0.004093 0.500794 0.103492
-0.003798 -0.001264 0.103492 0.046082
17.640046 1.103961 22.531721 2.140775
0.512467 0.105580 -0.027279 -0.002382
0.105580 0.045679 -0.002650 -0.001000
-0.027279 -0.002650 0.490564 0.101760
-0.002382 -0.001000 0.101760 0.045688
18.500021 1.168540 23.820602 2.188003
0.505606 0.104117 -0.017867 -0.001010
0.104117 0.045422 -0.001247 -0.000740
-0.017867 -0.001247 0.483705 0.100795
-0.001010 -0.000740 0.100795 0.045471
19.021832 1.153102 24.262105 2.051105
0.498482 0.102749 -0.009895 0.000042
0.102749 0.045205 -0.000157 -0.000542
-0.009895 -0.000157 0.480405 0.100555
0.000042 -0.000542 0.100555 0.045404
19.667440 1.167563 25.357292 2.065949
0.492282 0.101689 -0.004122 0.000653
0.101689 0.045061 0.000487 -0.000427
-0.004122 0.000487 0.478961 0.100622
0.000653 -0.000427 0.100622 0.045389
20.977404 1.317526 26.112679 2.008923
0.486015 0.100690 0.000195 0.001012
0.100690 0.044928 0.000877 -0.000349
0.000195 0.000877 0.479676 0.101049
0.001012 -0.000349 0.101049 0.045436
21.810054 1.353924 27.417467 2.072470
0.479808 0.099758 0.001844 0.000883
0.099758 0.044804 0.000777 -0.000359
0.001844 0.000777 0.481976 0.101697
0.000883 -0.000359 0.101697 0.045515
22.557115 1.368573 28.619924 2.107579
0.473202 0.098781 0.001710 0.000487
0.098781 0.044663 0.000404 -0.000406
0.001710 0.000404 0.485998 0.102595
0.000487 -0.000406 0.102595 0.045637
23.612357 1.446272 29.892662 2.153673
0.466447 0.097806 -0.000084 -0.000137
0.097806 0.044514 -0.000205 -0.000486
-0.000084 -0.000205 0.491333 0.103652
-0.000137 -0.000486 0.103652 0.045782
24.165283 1.410525 30.783289 2.114549
0.459657 0.096846 -0.004183 -0.001121
0.096846 0.044359 -0.001184 -0.000628
-0.004183 -0.001184 0.497828 0.104837
-0.001121 -0.000628 0.104837 0.045948
24.637736 1.361447 31.439538 2.030450
0.453509 0.096033 -0.008947 -0.002103
0.096033 0.044226 -0.002169 -0.000757
-0.008947 -0.002169 0.504669 0.105984
-0.002103 -0.000757 0.105984 0.046103
25.209681 1.338279 32.530478 2.046318
0.448336 0.095417 -0.013924 -0.003012
0.095417 0.044123 -0.003085 -0.000864
-0.013924 -0.003085 0.511278 0.106992
-0.003012 -0.000864 0.106992 0.046228
26.015937 1.367669 33.818334 2.101522
0.443244 0.094785 -0.019319 -0.003916
0.094785 0.044003 -0.004001 -0.000971
-0.019319 -0.004001 0.518724 0.108112
-0.003916 -0.000971 0.108112 0.046384
27.177174 1.470371 35.009516 2.131079
0.438178 0.094127 -0.025402 -0.004889
0.094127 0.043865 -0.004990 -0.001096
-0.025402 -0.004990 0.527207 0.109384
-0.004889 -0.001096 0.109384 0.046575
27.534844 1.388577 35.891075 2.092465
0.433725 0.093570 -0.032513 -0.006008
0.093570 0.043740 -0.006133 -0.001258
-0.032513 -0.006133 0.536105 0.110673
-0.006008 -0.001258 0.110673 0.046772
28.506310 1.449088 37.100482 2.126697
0.429726 0.093076 -0.037950 -0.006717
0.093076 0.043620 -0.006846 -0.001335
-0.037950 -0.006846 0.544715 0.111848
-0.006717 -0.001335 0.111848 0.046951
28.067999 1.194097 37.636763 2.014946
0.426122 0.092631 -0.042443 -0.007218
0.092631 0.043503 -0.007340 -0.001380
-0.042443 -0.007340 0.553057 0.112934
-0.007218 -0.001380 0.112934 0.047118
27.781410 1.001660 38.805068 2.043867
0.423050 0.092274 -0.043678 -0.007068
0.092274 0.043401 -0.007143 -0.001300
-0.043678 -0.007143 0.559522 0.113631
-0.007068 -0.001300 0.113631 0.047217
28.590530 1.071220 40.219022 2.124765
0.420598 0.092029 -0.041424 -0.006286
0.092029 0.043322 -0.006277 -0.001108
-0.041424 -0.006277 0.563478 0.113862
-0.006286 -0.001108 0.113862 0.047238
28.953270 1.031808 41.022302 2.071606
0.419890 0.092132 -0.037224 -0.005234
0.092132 0.043316 -0.005145 -0.000892
-0.037224 -0.005145 0.563529 0.113385
-0.005234 -0.000892 0.113385 0.047138
29.465522 1.030281 41.927122 2.045272
0.420675 0.092496 -0.032232 -0.004155
0.092496 0.043358 -0.004008 -0.000698
-0.032232 -0.004008 0.560634 0.112450
-0.004155 -0.000698 0.112450 0.046973
30.335608 1.105671 42.417190 1.940402
0.423441 0.093214 -0.026555 -0.003054
0.093214 0.043469 -0.002872 -0.000520
-0.026555 -0.002872 0.554161 0.110959
-0.003054 -0.000520 0.110959 0.046722
30.853133 1.096669 43.144572 1.891564
0.427383 0.094080 -0.021269 -0.002135
0.094080 0.043601 -0.001944 -0.000392
-0.021269 -0.001944 0.546098 0.109335
-0.002135 -0.000392 0.109335 0.046470
31.568360 1.132048 43.792130 1.832468
0.433359 0.095286 -0.016081 -0.001303
0.095286 0.043798 -0.001124 -0.000285
-0.016081 -0.001124 0.535292 0.107332
-0.001303 -0.000285 0.107332 0.046160
31.993564 1.097207 43.695096 1.628022
0.441557 0.096853 -0.011466 -0.000631
0.096853 0.044065 -0.000487 -0.000210
-0.011466 -0.000487 0.522112 0.105027
-0.000631 -0.000210 0.105027 0.045803
32.439623 1.075358 44.684677 1.663207
0.447958 0.097881 -0.008054 -0.000239
0.097881 0.044203 -0.000118 -0.000183
-0.008054 -0.000118 0.512426 0.103595
-0.000239 -0.000183 0.103595 0.045631
33.225111 1.129267 45.513686 1.663281
0.458503 0.099742 -0.005559 -0.000017
0.099742 0.044528 0.000054 -0.000182
-0.005559 0.000054 0.498460 0.101355
-0.000017 -0.000182 0.101355 0.045283
33.855656 1.144659 46.936848 1.784554
0.473207 0.102362 -0.005127 -0.000190
0.102362 0.045007 -0.000187 -0.000250
-0.005127 -0.000187 0.481513 0.098613
-0.000190 -0.000250 0.098613 0.044827
34.634567 1.188928 47.759139 1.770372
0.494110 0.106109 -0.008761 -0.001140
0.106109 0.045709 -0.001224 -0.000466
-0.008761 -0.001224 0.461292 0.095313
-0.001140 -0.000466 0.095313 0.044254
