31.146030 0.143868 49.410709 1.865137
0.570384 0.117818 -0.034290 -0.005550
0.117818 0.047714 -0.005873 -0.001300
-0.034290 -0.005873 0.413338 0.088885
-0.005550 -0.001300 0.088885 0.043131
27.898950 -0.540139 48.476166 1.446140
0.574369 0.117190 -0.030939 -0.004621
0.117190 0.047464 -0.004947 -0.001051
-0.030939 -0.004947 0.411105 0.089445
-0.004621 -0.001051 0.089445 0.043288
23.712322 -1.337829 47.534219 1.064832
0.562450 0.113628 -0.024207 -0.003113
0.113628 0.046700 -0.003426 -0.000713
-0.024207 -0.003426 0.416930 0.091537
-0.003113 -0.000713 0.091537 0.043724
20.518386 -1.853684 45.630179 0.517283
0.543431 0.109168 -0.017990 -0.001890
0.109168 0.045865 -0.002155 -0.000465
-0.017990 -0.002155 0.427690 0.094349
-0.001890 -0.000465 0.094349 0.044249
17.718887 -2.237297 43.429040 -0.032345
0.519658 0.104295 -0.012977 -0.001050
0.104295 0.045035 -0.001231 -0.000312
-0.012977 -0.001231 0.443312 0.097832
-0.001050 -0.000312 0.097832 0.044861
16.369985 -2.292693 40.040519 -0.774618
0.493973 0.099532 -0.007436 -0.000146
0.099532 0.044288 -0.000264 -0.000151
-0.007436 -0.000264 0.463216 0.101839
-0.000146 -0.000151 0.101839 0.045538
15.218244 -2.302523 35.528840 -1.674612
0.468089 0.095133 0.005094 0.002237
0.095133 0.043645 0.002068 0.000308
0.005094 0.002068 0.487758 0.106446
0.002237 0.000308 0.106446 0.046308
13.743554 -2.374326 30.228531 -2.638349
0.458927 0.094441 0.025669 0.006187
0.094441 0.043760 0.005871 0.001062
0.025669 0.005871 0.500096 0.107975
0.006187 0.001062 0.107975 0.046376
12.387775 -2.407626 24.485389 -3.583061
0.469226 0.097685 0.035868 0.007570
0.097685 0.044620 0.007268 0.001251
0.035868 0.007268 0.490495 0.104739
0.007570 0.001251 0.104739 0.045466
10.919060 -2.456787 19.589749 -4.241232
0.483765 0.101408 0.028945 0.005259
0.101408 0.045465 0.005095 0.000693
0.028945 0.005095 0.473491 0.100416
0.005259 0.000693 0.100416 0.044465
9.592860 -2.472945 16.011360 -4.549711
0.496826 0.104412 0.010723 0.000891
0.104412 0.046068 0.000868 -0.000217
0.010723 0.000868 0.458755 0.097133
0.000891 -0.000217 0.097133 0.043809
8.633146 -2.413728 13.357198 -4.630917
0.509347 0.106970 -0.012691 -0.004077
0.106970 0.046521 -0.003981 -0.001164
-0.012691 -0.003981 0.448676 0.095202
-0.004077 -0.001164 0.095202 0.043502
8.269720 -2.237417 11.114281 -4.616868
0.522189 0.109308 -0.037930 -0.008936
0.109308 0.046890 -0.008737 -0.002016
-0.037930 -0.008737 0.443571 0.094482
-0.008936 -0.002016 0.094482 0.043460
8.028539 -2.054540 9.754490 -4.413779
0.531862 0.110727 -0.066128 -0.014005
0.110727 0.047043 -0.013689 -0.002865
-0.066128 -0.013689 0.446803 0.095531
-0.014005 -0.002865 0.095531 0.043769
8.647466 -1.709165 8.968698 -4.103866
0.536664 0.110977 -0.094007 -0.018638
0.110977 0.046951 -0.018158 -0.003588
-0.094007 -0.018158 0.458647 0.098217
-0.018638 -0.003588 0.098217 0.044368
9.298844 -1.388236 8.491115 -3.755996
0.526561 0.108150 -0.114923 -0.021579
0.108150 0.046250 -0.020813 -0.003938
-0.114923 -0.020813 0.482166 0.103087
-0.021579 -0.003938 0.103087 0.045366
10.580663 -0.961319 8.544476 -3.322970
0.509990 0.104350 -0.125422 -0.022287
0.104350 0.045435 -0.021204 -0.003857
-0.125422 -0.021204 0.507382 0.107869
-0.022287 -0.003857 0.107869 0.046263
11.971817 -0.551451 8.591715 -2.935678
0.493409 0.100990 -0.127409 -0.021364
0.100990 0.044793 -0.020034 -0.003519
-0.127409 -0.020034 0.528198 0.111338
-0.021364 -0.003519 0.111338 0.046829
12.982610 -0.258538 8.775998 -2.567686
0.477806 0.098190 -0.122919 -0.019386
0.098190 0.044317 -0.017891 -0.003061
-0.122919 -0.017891 0.543856 0.113523
-0.019386 -0.003061 0.113523 0.047118
13.993626 0.011550 9.371956 -2.155874
0.465160 0.096228 -0.115877 -0.017231
0.096228 0.044028 -0.015660 -0.002658
-0.115877 -0.015660 0.554812 0.114654
-0.017231 -0.002658 0.114654 0.047205
14.544885 0.164360 10.528887 -1.682974
0.456078 0.095108 -0.107885 -0.015193
0.095108 0.043903 -0.013653 -0.002351
-0.107885 -0.013653 0.560850 0.114802
-0.015193 -0.002351 0.114802 0.047127
15.837054 0.457504 11.744242 -1.240466
0.451849 0.094988 -0.100784 -0.013574
0.094988 0.043957 -0.012212 -0.002182
-0.100784 -0.012212 0.560966 0.113852
-0.013574 -0.002182 0.113852 0.046869
16.104747 0.503570 13.421629 -0.770574
0.449224 0.095146 -0.090971 -0.011608
0.095146 0.044041 -0.010444 -0.001957
-0.090971 -0.010444 0.556317 0.112215
-0.011608 -0.001957 0.112215 0.046540
16.612403 0.590373 15.040889 -0.359582
0.450669 0.096046 -0.081345 -0.009849
0.096046 0.044248 -0.008973 -0.001790
-0.081345 -0.008973 0.546126 0.109735
-0.009849 -0.001790 0.109735 0.046096
17.052131 0.657114 17.262293 0.128902
0.454168 0.097215 -0.070777 -0.008047
0.097215 0.044480 -0.007439 -0.001606
-0.070777 -0.007439 0.533043 0.107014
-0.008047 -0.001606 0.107014 0.045659
17.446622 0.691164 18.787434 0.425724
0.459681 0.098645 -0.058774 -0.006077
0.098645 0.044742 -0.005702 -0.001371
-0.058774 -0.005702 0.517679 0.104154
-0.006077 -0.001371 0.104154 0.045235
18.368141 0.831253 20.304176 0.697225
0.465388 0.099912 -0.047048 -0.004296
0.099912 0.044944 -0.004074 -0.001154
-0.047048 -0.004074 0.503947 0.101884
-0.004296 -0.001154 0.101884 0.044951
19.426847 0.981347 21.774335 0.932585
0.469936 0.100768 -0.035602 -0.002669
0.100768 0.045045 -0.002520 -0.000942
-0.035602 -0.002520 0.493317 0.100406
-0.002669 -0.000942 0.100406 0.044825
20.236598 1.063255 23.796352 1.254850
0.473004 0.101202 -0.025296 -0.001335
0.101202 0.045056 -0.001209 -0.000767
-0.025296 -0.001209 0.486046 0.099663
-0.001335 -0.000767 0.099663 0.044825
21.178613 1.155547 25.092798 1.395843
0.474327 0.101218 -0.016514 -0.000326
0.101218 0.044989 -0.000200 -0.000634
-0.016514 -0.000200 0.482017 0.099551
-0.000326 -0.000634 0.099551 0.044919
22.587860 1.339272 27.068527 1.665605
0.473942 0.100876 -0.010370 0.000167
0.100876 0.044864 0.000296 -0.000583
-0.010370 0.000296 0.480873 0.099934
0.000167 -0.000583 0.099934 0.045073
23.065202 1.301063 28.616961 1.814418
0.471063 0.100052 -0.007885 -0.000021
0.100052 0.044658 0.000110 -0.000645
-0.007885 0.000110 0.483093 0.100878
-0.000021 -0.000645 0.100878 0.045302
23.622015 1.282529 30.066753 1.927871
0.466310 0.098934 -0.007529 -0.000511
0.098934 0.044417 -0.000381 -0.000737
-0.007529 -0.000381 0.487828 0.102179
-0.000511 -0.000737 0.102179 0.045567
24.793882 1.396251 31.712676 2.071675
0.460199 0.097653 -0.009127 -0.001251
0.097653 0.044166 -0.001130 -0.000852
-0.009127 -0.001130 0.494660 0.103737
-0.001251 -0.000852 0.103737 0.045853
25.203363 1.334572 32.451165 2.009078
0.453208 0.096306 -0.013875 -0.002486
0.096306 0.043920 -0.002386 -0.001049
-0.013875 -0.002386 0.503482 0.105524
-0.002486 -0.001049 0.105524 0.046159
26.353368 1.437868 33.881787 2.098580
0.447023 0.095244 -0.018862 -0.003582
0.095244 0.043747 -0.003507 -0.001194
-0.018862 -0.003507 0.512202 0.107106
-0.003582 -0.001194 0.107106 0.046401
27.206395 1.466788 35.135783 2.141378
0.440987 0.094276 -0.025740 -0.004924
0.094276 0.043594 -0.004883 -0.001380
-0.025740 -0.004883 0.522041 0.108777
-0.004924 -0.001380 0.108777 0.046653
27.548420 1.382539 36.085418 2.115676
0.435396 0.093444 -0.032692 -0.006133
0.093444 0.043465 -0.006125 -0.001530
-0.032692 -0.006125 0.532425 0.110427
-0.006133 -0.001530 0.110427 0.046895
28.293481 1.395569 37.738785 2.238731
0.430428 0.092765 -0.037905 -0.006873
0.092765 0.043360 -0.006880 -0.001581
-0.037905 -0.006880 0.542349 0.111875
-0.006873 -0.001581 0.111875 0.047095
28.408973 1.269964 39.048004 2.275951
0.425777 0.092156 -0.040608 -0.007053
0.092156 0.043260 -0.007045 -0.001523
-0.040608 -0.007045 0.551571 0.113110
-0.007053 -0.001523 0.113110 0.047260
29.188872 1.302867 40.529759 2.346668
0.422408 0.091823 -0.039659 -0.006506
0.091823 0.043211 -0.006450 -0.001334
-0.039659 -0.006450 0.557555 0.113658
-0.006506 -0.001334 0.113658 0.047298
29.493394 1.229150 42.181898 2.442383
0.421519 0.092003 -0.035717 -0.005437
0.092003 0.043261 -0.005324 -0.001067
-0.035717 -0.005324 0.558167 0.113167
-0.005437 -0.001067 0.113167 0.047151
31.099862 1.445726 43.202220 2.406297
0.424831 0.093028 -0.028967 -0.003920
0.093028 0.043478 -0.003763 -0.000743
-0.028967 -0.003763 0.550694 0.111194
-0.003920 -0.000743 0.111194 0.046743
31.882451 1.456412 43.879404 2.300462
0.432492 0.094849 -0.021896 -0.002485
0.094849 0.043839 -0.002331 -0.000474
-0.021896 -0.002331 0.536755 0.108181
-0.002485 -0.000474 0.108181 0.046176
32.521119 1.432375 43.991206 2.090449
0.442825 0.097029 -0.015916 -0.001397
0.097029 0.044242 -0.001282 -0.000301
-0.015916 -0.001282 0.520442 0.105005
-0.001397 -0.000301 0.105005 0.045627
33.427303 1.476069 45.626603 2.210713
0.452781 0.098889 -0.011339 -0.000685
0.098889 0.044545 -0.000607 -0.000210
-0.011339 -0.000607 0.506340 0.102560
-0.000685 -0.000210 0.102560 0.045259
34.142898 1.468847 45.968629 2.055092
0.471619 0.102501 -0.010445 -0.000736
0.102501 0.045216 -0.000785 -0.000284
-0.010445 -0.000785 0.484073 0.098615
-0.000736 -0.000284 0.098615 0.044589
35.021817 1.499236 46.686838 1.991843
0.491191 0.105939 -0.011837 -0.001226
0.105939 0.045810 -0.001376 -0.000426
-0.011837 -0.001376 0.464569 0.095493
-0.001226 -0.000426 0.095493 0.044105
36.103169 1.569145 47.235386 1.899544
0.514029 0.109793 -0.017362 -0.002500
0.109793 0.046470 -0.002742 -0.000710
-0.017362 -0.002742 0.445914 0.092675
-0.002500 -0.000710 0.092675 0.043672
36.470437 1.481346 48.352345 1.933838
0.539729 0.113955 -0.027881 -0.004691
0.113955 0.047173 -0.004982 -0.001151
-0.027881 -0.004982 0.429513 0.090387
-0.004691 -0.001151 0.090387 0.043324
