1.479272 1.553816 3.153825 0.369510
2.053490 0.821414 -0.226717 -0.090689
0.821414 80.332639 -0.090689 -0.036276
-0.226717 -0.090689 3.101368 1.240574
-0.090689 -0.036276 1.240574 80.500307
4.706640 5.845426 -0.996195 -6.935053
2.647789 4.700032 -1.441582 -2.393703
4.700032 15.492547 -2.509346 -4.810923
-1.441582 -2.509346 3.343073 5.642125
-2.393703 -4.810923 5.642125 19.657434
5.044920 3.233647 0.714853 -1.234794
2.855161 3.212973 -0.577076 -0.395593
3.212973 5.265024 -0.546302 -0.660795
-0.577076 -0.546302 1.735418 1.937218
-0.395593 -0.660795 1.937218 4.544612
3.232426 0.515200 0.475461 -1.062201
2.336574 1.851358 -0.304974 -0.159684
1.851358 2.106858 -0.216313 -0.264464
-0.304974 -0.216313 1.432594 1.257010
-0.159684 -0.264464 1.257010 1.954903
3.060797 0.246080 3.588463 1.505456
2.187602 1.348729 -0.607917 -0.381909
1.348729 1.152312 -0.376358 -0.318306
-0.607917 -0.376358 1.391981 0.971056
-0.381909 -0.318306 0.971056 1.063575
6.160833 1.745531 3.900968 1.310629
1.522014 0.766342 -0.604760 -0.319944
0.766342 0.573190 -0.303566 -0.207331
-0.604760 -0.303566 1.576399 0.902472
-0.319944 -0.207331 0.902472 0.723956
7.760480 2.066768 5.389285 1.725335
1.112953 0.483030 -0.330611 -0.139585
0.483030 0.330861 -0.136212 -0.086817
-0.330611 -0.136212 1.422159 0.679969
-0.139585 -0.086817 0.679969 0.451542
9.144904 2.207393 7.137186 2.093909
0.979201 0.378688 -0.327128 -0.123707
0.378688 0.230895 -0.120501 -0.065521
-0.327128 -0.120501 1.347165 0.551198
-0.123707 -0.065521 0.551198 0.310663
10.359894 2.248108 8.484498 2.202901
0.910636 0.318484 -0.317165 -0.107006
0.318484 0.173955 -0.105095 -0.049574
-0.317165 -0.105095 1.214324 0.434614
-0.107006 -0.049574 0.434614 0.217723
10.735878 2.000039 8.323361 1.792340
0.850451 0.271728 -0.287246 -0.086835
0.271728 0.135817 -0.085879 -0.036302
-0.287246 -0.085879 1.084508 0.346669
-0.086835 -0.036302 0.346669 0.159365
11.004581 1.785174 9.566830 1.889493
0.790227 0.232917 -0.261107 -0.071627
0.232917 0.108975 -0.071057 -0.027305
-0.261107 -0.071057 0.992327 0.288354
-0.071627 -0.027305 0.288354 0.123883
12.042173 1.828987 11.028623 2.029654
0.747965 0.205497 -0.236974 -0.059483
0.205497 0.091122 -0.059279 -0.020938
-0.236974 -0.059279 0.900592 0.241274
-0.059483 -0.020938 0.241274 0.099322
13.099795 1.860184 11.239080 1.827882
0.708558 0.183139 -0.206818 -0.047731
0.183139 0.078258 -0.047697 -0.015810
-0.206818 -0.047697 0.817931 0.204795
-0.047731 -0.015810 0.204795 0.082442
13.864815 1.823341 12.652910 1.946033
0.667353 0.163693 -0.179609 -0.038435
0.163693 0.068593 -0.038375 -0.012096
-0.179609 -0.038375 0.757768 0.179569
-0.038435 -0.012096 0.179569 0.071407
13.821170 1.597226 13.655659 1.946110
0.633885 0.148926 -0.153058 -0.030477
0.148926 0.061788 -0.030420 -0.009254
-0.153058 -0.030420 0.702591 0.159261
-0.030477 -0.009254 0.159261 0.063438
14.605878 1.595880 14.844906 1.993670
0.609056 0.138164 -0.131902 -0.024609
0.138164 0.057064 -0.024614 -0.007268
-0.131902 -0.024614 0.654411 0.143304
-0.024609 -0.007268 0.143304 0.057729
14.961855 1.498503 15.938810 2.011176
0.586990 0.129480 -0.111386 -0.019482
0.129480 0.053592 -0.019510 -0.005682
-0.111386 -0.019510 0.614193 0.131145
-0.019482 -0.005682 0.131145 0.053711
15.655506 1.488745 17.220054 2.068941
0.569048 0.122829 -0.093295 -0.015326
0.122829 0.051113 -0.015381 -0.004477
-0.093295 -0.015381 0.580509 0.121831
-0.015326 -0.004477 0.121831 0.050865
16.352624 1.482709 18.753132 2.172661
0.553582 0.117566 -0.076220 -0.011711
0.117566 0.049314 -0.011778 -0.003501
-0.076220 -0.011778 0.552937 0.114841
-0.011711 -0.003501 0.114841 0.048881
16.639196 1.383009 19.336662 2.065031
0.540467 0.113462 -0.059987 -0.008518
0.113462 0.048026 -0.008592 -0.002695
-0.059987 -0.008592 0.530567 0.109649
-0.008518 -0.002695 0.109649 0.047509
17.419366 1.402588 20.521636 2.097195
0.529626 0.110315 -0.047093 -0.006201
0.110315 0.047116 -0.006281 -0.002128
-0.047093 -0.006281 0.513508 0.106018
-0.006201 -0.002128 0.106018 0.046604
18.156057 1.412103 21.925680 2.171070
0.519913 0.107772 -0.035464 -0.004242
0.107772 0.046454 -0.004318 -0.001664
-0.035464 -0.004318 0.500901 0.103595
-0.004242 -0.001664 0.103595 0.046032
18.788326 1.394815 22.619479 2.089307
0.511134 0.105703 -0.025062 -0.002594
0.105703 0.045970 -0.002662 -0.001283
-0.025062 -0.002662 0.492095 0.102109
-0.002594 -0.001283 0.102109 0.045694
19.774042 1.455305 23.872301 2.133890
0.503408 0.104058 -0.016913 -0.001441
0.104058 0.045624 -0.001500 -0.001014
-0.016913 -0.001500 0.486379 0.101309
-0.001441 -0.001014 0.101309 0.045512
20.535472 1.463082 25.193782 2.187229
0.495886 0.102604 -0.010545 -0.000645
0.102604 0.045347 -0.000689 -0.000819
-0.010545 -0.000689 0.483688 0.101124
-0.000645 -0.000819 0.101124 0.045457
21.059524 1.420138 26.327178 2.195117
0.488490 0.101290 -0.006006 -0.000187
0.101290 0.045115 -0.000217 -0.000689
-0.006006 -0.000217 0.483486 0.101392
-0.000187 -0.000689 0.101392 0.045486
21.689918 1.403131 27.085856 2.123792
0.481341 0.100114 -0.003104 -0.000004
0.100114 0.044919 -0.000024 -0.000610
-0.003104 -0.000024 0.485146 0.101952
-0.000004 -0.000610 0.101952 0.045562
22.350030 1.394377 27.978539 2.088170
0.474890 0.099145 -0.001959 -0.000109
0.099145 0.044767 -0.000120 -0.000582
-0.001959 -0.000120 0.487794 0.102611
-0.000109 -0.000582 0.102611 0.045646
22.729309 1.327685 28.547279 1.988142
0.468814 0.098285 -0.002434 -0.000458
0.098285 0.044632 -0.000466 -0.000596
-0.002434 -0.000466 0.491422 0.103374
-0.000458 -0.000596 0.103374 0.045742
23.282720 1.304505 29.180102 1.912243
0.463586 0.097618 -0.003690 -0.000869
0.097618 0.044529 -0.000878 -0.000615
-0.003690 -0.000878 0.495237 0.104081
-0.000869 -0.000615 0.104081 0.045821
23.359718 1.182849 30.124139 1.909895
0.458992 0.097074 -0.005974 -0.001403
0.097074 0.044441 -0.001417 -0.000656
-0.005974 -0.001417 0.499255 0.104756
-0.001403 -0.000656 0.104756 0.045894
24.332922 1.263970 30.902955 1.872917
0.454122 0.096446 -0.008081 -0.001813
0.096446 0.044323 -0.001832 -0.000668
-0.008081 -0.001832 0.504344 0.105596
-0.001813 -0.000668 0.105596 0.046004
24.849594 1.239368 32.239074 1.956377
0.449822 0.095922 -0.012170 -0.002576
0.095922 0.044219 -0.002610 -0.000759
-0.012170 -0.002610 0.509578 0.106403
-0.002576 -0.000759 0.106403 0.046108
25.211457 1.184154 33.156266 1.943607
0.444777 0.095211 -0.016833 -0.003379
0.095211 0.044066 -0.003430 -0.000857
-0.016833 -0.003430 0.516565 0.107526
-0.003379 -0.000857 0.107526 0.046283
26.128873 1.253690 33.672000 1.849267
0.439918 0.094529 -0.021295 -0.004070
0.094529 0.043915 -0.004134 -0.000933
-0.021295 -0.004134 0.524032 0.108676
-0.004070 -0.000933 0.108676 0.046462
26.642417 1.229315 34.646053 1.859319
0.436380 0.094117 -0.027008 -0.004973
0.094117 0.043818 -0.005063 -0.001061
-0.027008 -0.005063 0.530620 0.109580
-0.004973 -0.001061 0.109580 0.046591
27.114249 1.198663 35.704990 1.885616
0.432851 0.093667 -0.032327 -0.005741
0.093667 0.043705 -0.005847 -0.001163
-0.032327 -0.005847 0.537773 0.110570
-0.005741 -0.001163 0.110570 0.046744
27.470262 1.144915 36.347422 1.823379
0.429268 0.093177 -0.036714 -0.006287
0.093177 0.043578 -0.006394 -0.001224
-0.036714 -0.006394 0.545330 0.111614
-0.006287 -0.001224 0.111614 0.046914
28.107295 1.161599 37.971142 1.968852
0.426213 0.092780 -0.040102 -0.006626
0.092780 0.043470 -0.006723 -0.001252
-0.040102 -0.006723 0.552161 0.112482
-0.006626 -0.001252 0.112482 0.047052
29.292286 1.294224 39.067967 1.994315
0.423041 0.092339 -0.041149 -0.006513
0.092339 0.043350 -0.006565 -0.001195
-0.041149 -0.006565 0.558540 0.113261
-0.006513 -0.001195 0.113261 0.047181
29.674979 1.236002 40.018169 1.983516
0.420807 0.092088 -0.041103 -0.006240
0.092088 0.043271 -0.006248 -0.001124
-0.041103 -0.006248 0.562992 0.113660
-0.006240 -0.001124 0.113660 0.047243
29.942314 1.161681 41.531360 2.086697
0.419801 0.092086 -0.038585 -0.005536
0.092086 0.043247 -0.005484 -0.000979
-0.038585 -0.005484 0.564195 0.113460
-0.005536 -0.000979 0.113460 0.047198
29.804651 1.002853 42.466119 2.060932
0.421802 0.092713 -0.032476 -0.004200
0.092713 0.043358 -0.004082 -0.000721
-0.032476 -0.004082 0.558630 0.112016
-0.004200 -0.000721 0.112016 0.046928
30.232637 0.983827 42.966524 1.954241
0.425900 0.093697 -0.025819 -0.002895
0.093697 0.043532 -0.002739 -0.000497
-0.025819 -0.002739 0.549626 0.110083
-0.002895 -0.000497 0.110083 0.046593
30.961515 1.036184 43.983385 1.963386
0.430977 0.094764 -0.019896 -0.001859
0.094764 0.043707 -0.001693 -0.000346
-0.019896 -0.001693 0.539777 0.108192
-0.001859 -0.000346 0.108192 0.046295
31.813160 1.109127 44.893242 1.950398
0.439638 0.096497 -0.014307 -0.000959
0.096497 0.044018 -0.000824 -0.000230
-0.014307 -0.000824 0.525386 0.105566
-0.000959 -0.000230 0.105566 0.045867
33.071140 1.260429 45.167566 1.811450
0.452064 0.098881 -0.010115 -0.000386
0.098881 0.044453 -0.000319 -0.000181
-0.010115 -0.000319 0.507563 0.102453
-0.000386 -0.000181 0.102453 0.045358
33.768818 1.276565 46.555636 1.909715
0.466610 0.101506 -0.007896 -0.000228
0.101506 0.044916 -0.000239 -0.000208
-0.007896 -0.000239 0.489483 0.099494
-0.000228 -0.000208 0.099494 0.044892
34.297459 1.252554 47.372230 1.881098
0.487440 0.105268 -0.009884 -0.000895
0.105268 0.045606 -0.001026 -0.000394
-0.009884 -0.001026 0.467918 0.095964
-0.000895 -0.000394 0.095964 0.044305
35.102263 1.290322 48.092275 1.835692
0.510148 0.109120 -0.014747 -0.002066
0.109120 0.046282 -0.002283 -0.000654
-0.014747 -0.002283 0.448601 0.093055
-0.002066 -0.000654 0.093055 0.043844
