4.778099 2.873375 -0.813494 -1.217452
2.470482 0.988214 -0.052654 -0.021062
0.988214 80.399361 -0.021062 -0.008425
-0.052654 -0.021062 2.434012 0.973626
-0.021062 -0.008425 0.973626 80.393525
5.646982 1.886562 -0.126858 1.048809
2.241177 3.918141 -0.052306 -0.081385
3.918141 15.241037 -0.081036 -0.276208
-0.052306 -0.081036 2.281431 3.995732
-0.081385 -0.276208 3.995732 15.283938
7.163274 2.550198 0.646826 1.336923
1.987457 2.300404 -0.044709 -0.048742
2.300404 4.551615 -0.048688 -0.092710
-0.044709 -0.048688 2.017136 2.324814
-0.048742 -0.092710 2.324814 4.554045
6.670556 1.058782 1.177260 1.220078
1.702366 1.436097 -0.034365 -0.027974
1.436097 1.906598 -0.027944 -0.037995
-0.034365 -0.027944 1.727039 1.450446
-0.027974 -0.037995 1.450446 1.911316
8.401257 1.853452 4.060257 2.716967
1.472848 0.973870 -0.030065 -0.019666
0.973870 0.974803 -0.019656 -0.020155
-0.030065 -0.019656 1.490691 0.981643
-0.019666 -0.020155 0.981643 0.977463
9.021438 1.686855 6.701532 3.411751
1.293489 0.703037 -0.022607 -0.012284
0.703037 0.567008 -0.012272 -0.010674
-0.022607 -0.012272 1.304796 0.706694
-0.012284 -0.010674 0.706694 0.568167
7.822732 0.743804 7.288458 2.896719
1.152020 0.532079 -0.017129 -0.008064
0.532079 0.361530 -0.008053 -0.006204
-0.017129 -0.008053 1.157806 0.533241
-0.008064 -0.006204 0.533241 0.361868
7.390378 0.420179 8.969166 2.990199
1.038264 0.417724 -0.014725 -0.006164
0.417724 0.247291 -0.006156 -0.004125
-0.014725 -0.006156 1.040233 0.417642
-0.006164 -0.004125 0.417642 0.247311
8.347578 0.687428 9.549136 2.663383
0.945543 0.337940 -0.012697 -0.004783
0.337940 0.179138 -0.004778 -0.002842
-0.012697 -0.004778 0.944461 0.337088
-0.004783 -0.002842 0.337088 0.178980
9.622681 0.988136 10.251330 2.460152
0.868170 0.280154 -0.010941 -0.003750
0.280154 0.136184 -0.003746 -0.002013
-0.010941 -0.003746 0.866224 0.279333
-0.003750 -0.002013 0.279333 0.136094
10.702321 1.161178 11.410114 2.438956
0.803206 0.237335 -0.009326 -0.002937
0.237335 0.108042 -0.002935 -0.001451
-0.009326 -0.002935 0.801377 0.236767
-0.002937 -0.001451 0.236767 0.108044
12.498318 1.494217 12.415888 2.380156
0.748522 0.205083 -0.007840 -0.002291
0.205083 0.089062 -0.002289 -0.001058
-0.007840 -0.002289 0.746924 0.204708
-0.002291 -0.001058 0.204708 0.089109
12.455135 1.291197 13.280982 2.296718
0.702149 0.180422 -0.006453 -0.001765
0.180422 0.075961 -0.001764 -0.000777
-0.006453 -0.001764 0.701049 0.180249
-0.001765 -0.000777 0.180249 0.076044
13.413658 1.367457 13.947595 2.179274
0.662971 0.161449 -0.005428 -0.001399
0.161449 0.066787 -0.001398 -0.000586
-0.005428 -0.001398 0.662024 0.161346
-0.001399 -0.000586 0.161346 0.066865
13.841409 1.307810 15.028751 2.177316
0.629680 0.146727 -0.004563 -0.001114
0.146727 0.060284 -0.001113 -0.000448
-0.004563 -0.001113 0.628947 0.146688
-0.001114 -0.000448 0.146688 0.060358
14.292490 1.262187 16.174971 2.190284
0.601510 0.135296 -0.003830 -0.000888
0.135296 0.055652 -0.000888 -0.000345
-0.003830 -0.000888 0.600850 0.135275
-0.000888 -0.000345 0.135275 0.055712
15.137151 1.308926 16.951153 2.120418
0.577727 0.126425 -0.003192 -0.000706
0.126425 0.052348 -0.000706 -0.000267
-0.003192 -0.000706 0.577067 0.126399
-0.000706 -0.000267 0.126399 0.052393
15.517759 1.250219 18.075594 2.134196
0.557694 0.119557 -0.002643 -0.000558
0.119557 0.049997 -0.000558 -0.000207
-0.002643 -0.000558 0.557082 0.119535
-0.000558 -0.000207 0.119535 0.050031
15.979274 1.215646 18.836217 2.069386
0.540968 0.114285 -0.002164 -0.000437
0.114285 0.048338 -0.000437 -0.000161
-0.002164 -0.000437 0.540357 0.114256
-0.000437 -0.000161 0.114256 0.048361
16.560572 1.210074 19.449051 1.981053
0.527096 0.110277 -0.001760 -0.000340
0.110277 0.047181 -0.000340 -0.000125
-0.001760 -0.000340 0.526494 0.110242
-0.000340 -0.000125 0.110242 0.047195
17.099610 1.196366 20.764440 2.048674
0.515697 0.107268 -0.001421 -0.000263
0.107268 0.046388 -0.000263 -0.000098
-0.001421 -0.000263 0.515126 0.107232
-0.000263 -0.000098 0.107232 0.046396
17.009993 1.053666 21.306542 1.948528
0.506442 0.105050 -0.001110 -0.000197
0.105050 0.045858 -0.000197 -0.000076
-0.001110 -0.000197 0.505904 0.105013
-0.000197 -0.000076 0.105013 0.045861
17.737029 1.095144 21.898563 1.869249
0.499040 0.103454 -0.000857 -0.000145
0.103454 0.045515 -0.000145 -0.000059
-0.000857 -0.000145 0.498508 0.103411
-0.000145 -0.000059 0.103411 0.045513
18.837110 1.209791 22.909130 1.885048
0.493178 0.102331 -0.000646 -0.000105
0.102331 0.045300 -0.000105 -0.000046
-0.000646 -0.000105 0.492693 0.102291
-0.000105 -0.000046 0.102291 0.045296
19.335834 1.187703 23.506114 1.813176
0.488600 0.101567 -0.000467 -0.000072
0.101567 0.045173 -0.000073 -0.000036
-0.000467 -0.000073 0.488211 0.101540
-0.000072 -0.000036 0.101540 0.045170
19.966126 1.195301 24.532998 1.838253
0.485100 0.101073 -0.000326 -0.000048
0.101073 0.045104 -0.000049 -0.000028
-0.000326 -0.000049 0.484811 0.101059
-0.000048 -0.000028 0.101059 0.045101
20.622904 1.207645 25.245514 1.795084
0.482466 0.100771 -0.000213 -0.000030
0.100771 0.045069 -0.000031 -0.000022
-0.000213 -0.000031 0.482300 0.100776
-0.000030 -0.000022 0.100776 0.045069
21.914050 1.351550 26.364320 1.841436
0.480527 0.100606 -0.000134 -0.000019
0.100606 0.045055 -0.000019 -0.000018
-0.000134 -0.000019 0.480493 0.100629
-0.000019 -0.000018 0.100629 0.045057
21.842499 1.194750 27.663596 1.920875
0.479116 0.100528 -0.000106 -0.000018
0.100528 0.045050 -0.000018 -0.000016
-0.000106 -0.000018 0.479249 0.100577
-0.000018 -0.000016 0.100577 0.045056
22.412425 1.188981 28.788111 1.955370
0.478098 0.100501 -0.000081 -0.000016
0.100501 0.045046 -0.000017 -0.000014
-0.000081 -0.000017 0.478446 0.100586
-0.000016 -0.000014 0.100586 0.045059
23.573877 1.308343 30.522261 2.114629
0.477368 0.100503 -0.000089 -0.000020
0.100503 0.045042 -0.000020 -0.000013
-0.000089 -0.000020 0.477973 0.100629
-0.000020 -0.000013 0.100629 0.045061
24.139719 1.289725 31.407522 2.078367
0.476811 0.100509 -0.000169 -0.000038
0.100509 0.045032 -0.000038 -0.000015
-0.000169 -0.000038 0.477773 0.100697
-0.000038 -0.000015 0.100697 0.045064
24.565738 1.243550 32.576096 2.105659
0.476405 0.100520 -0.000275 -0.000059
0.100520 0.045020 -0.000059 -0.000018
-0.000275 -0.000059 0.477730 0.100766
-0.000059 -0.000018 0.100766 0.045062
25.222200 1.250870 32.993854 1.971639
0.476076 0.100521 -0.000402 -0.000082
0.100521 0.045003 -0.000082 -0.000021
-0.000402 -0.000082 0.477816 0.100835
-0.000082 -0.000021 0.100835 0.045058
25.819458 1.244922 34.241287 2.026862
0.475848 0.100525 -0.000553 -0.000108
0.100525 0.044986 -0.000108 -0.000025
-0.000553 -0.000108 0.477929 0.100886
-0.000108 -0.000025 0.100886 0.045049
26.653741 1.289678 35.020057 1.977330
0.475619 0.100511 -0.000740 -0.000140
0.100511 0.044966 -0.000140 -0.000030
-0.000740 -0.000140 0.478116 0.100936
-0.000140 -0.000030 0.100936 0.045041
27.837018 1.403498 36.148441 2.006855
0.475421 0.100492 -0.000971 -0.000179
0.100492 0.044945 -0.000179 -0.000036
-0.000971 -0.000179 0.478307 0.100974
-0.000179 -0.000036 0.100974 0.045030
28.441293 1.382849 36.630565 1.896810
0.475221 0.100465 -0.001291 -0.000234
0.100465 0.044924 -0.000234 -0.000046
-0.001291 -0.000234 0.478512 0.101004
-0.000234 -0.000046 0.101004 0.045021
29.517111 1.464174 38.055619 1.997447
0.475055 0.100438 -0.001607 -0.000284
0.100438 0.044906 -0.000285 -0.000054
-0.001607 -0.000285 0.478681 0.101021
-0.000284 -0.000054 0.101021 0.045010
30.395224 1.494986 38.643802 1.910847
0.474838 0.100397 -0.002016 -0.000352
0.100397 0.044885 -0.000353 -0.000067
-0.002016 -0.000353 0.478894 0.101044
-0.000352 -0.000067 0.101044 0.045002
30.549004 1.369576 40.232547 2.044324
0.474657 0.100362 -0.002447 -0.000421
0.100362 0.044868 -0.000422 -0.000079
-0.002447 -0.000422 0.479059 0.101054
-0.000421 -0.000079 0.101054 0.044994
31.281338 1.379532 40.868246 1.962834
0.474345 0.100299 -0.002870 -0.000485
0.100299 0.044847 -0.000486 -0.000090
-0.002870 -0.000486 0.479348 0.101091
-0.000485 -0.000090 0.101091 0.044994
31.872492 1.358713 41.957397 1.985518
0.474072 0.100247 -0.003306 -0.000550
0.100247 0.044830 -0.000550 -0.000102
-0.003306 -0.000550 0.479591 0.101115
-0.000550 -0.000102 0.101115 0.044992
32.470996 1.341580 42.856036 1.965649
0.473766 0.100189 -0.003766 -0.000618
0.100189 0.044813 -0.000619 -0.000114
-0.003766 -0.000619 0.479865 0.101147
-0.000618 -0.000114 0.101147 0.044994
32.777779 1.264379 43.346216 1.861675
0.473456 0.100133 -0.004240 -0.000688
0.100133 0.044798 -0.000688 -0.000127
-0.004240 -0.000688 0.480143 0.101179
-0.000688 -0.000127 0.101179 0.044996
32.685518 1.110716 43.429453 1.682739
0.473179 0.100086 -0.004659 -0.000744
0.100086 0.044786 -0.000744 -0.000137
-0.004659 -0.000744 0.480388 0.101205
-0.000744 -0.000137 0.101205 0.044998
33.900317 1.250299 44.406772 1.711749
0.472955 0.100051 -0.004951 -0.000774
0.100051 0.044777 -0.000774 -0.000143
-0.004951 -0.000774 0.480576 0.101220
-0.000774 -0.000143 0.101220 0.044999
34.844985 1.317816 45.124622 1.682884
0.472749 0.100021 -0.005395 -0.000839
0.100021 0.044769 -0.000839 -0.000156
-0.005395 -0.000839 0.480759 0.101237
-0.000839 -0.000156 0.101237 0.045002
34.974783 1.205835 45.942700 1.677599
0.472577 0.099997 -0.005913 -0.000918
0.099997 0.044763 -0.000919 -0.000173
-0.005913 -0.000919 0.480917 0.101250
-0.000918 -0.000173 0.101250 0.045004
35.502306 1.190142 47.128100 1.750505
0.472346 0.099961 -0.006378 -0.000985
0.099961 0.044754 -0.000986 -0.000187
-0.006378 -0.000986 0.481143 0.101280
-0.000985 -0.000187 0.101280 0.045010
