3.404808 2.324047 -1.676273 -1.562571
2.490737 0.996316 -0.101026 -0.040411
0.996316 80.402602 -0.040411 -0.016165
-0.101026 -0.040411 2.420540 0.968237
-0.040411 -0.016165 0.968237 80.391370
4.961827 3.050748 1.744211 5.805457
2.228582 3.891551 -0.113974 -0.180257
3.891551 15.243716 -0.178903 -0.571327
-0.113974 -0.178903 2.304044 4.037370
-0.180257 -0.571327 4.037370 15.320183
6.824551 3.449528 6.509797 7.949451
1.993032 2.310792 -0.075089 -0.079140
2.310792 4.577582 -0.078858 -0.161058
-0.075089 -0.078858 2.015215 2.317747
-0.079140 -0.161058 2.317747 4.536046
5.753673 1.083278 4.102401 2.593110
1.717949 1.450652 -0.044387 -0.036171
1.450652 1.922575 -0.036001 -0.059499
-0.044387 -0.036001 1.712244 1.436546
-0.036171 -0.059499 1.436546 1.897874
8.103796 2.278896 5.577125 2.708909
1.483071 0.980626 -0.046521 -0.031908
0.980626 0.980354 -0.031866 -0.035956
-0.046521 -0.031866 1.482067 0.976170
-0.031908 -0.035956 0.976170 0.973810
9.589834 2.468605 5.330864 1.841175
1.297792 0.705156 -0.037893 -0.021744
0.705156 0.568655 -0.021725 -0.020003
-0.037893 -0.021725 1.301883 0.705512
-0.021744 -0.020003 0.705512 0.567591
9.180895 1.709662 6.471233 1.943949
1.150600 0.531306 -0.031597 -0.015614
0.531306 0.361505 -0.015607 -0.012155
-0.031597 -0.015607 1.160494 0.534737
-0.015614 -0.012155 0.534737 0.362553
9.486135 1.489076 6.775060 1.676148
1.035511 0.416673 -0.027492 -0.011924
0.416673 0.247142 -0.011919 -0.007980
-0.027492 -0.011919 1.044085 0.419239
-0.011924 -0.007980 0.419239 0.247883
10.395033 1.547826 7.635006 1.683828
0.941678 0.336712 -0.024344 -0.009395
0.336712 0.178918 -0.009391 -0.005500
-0.024344 -0.009391 0.949302 0.338745
-0.009395 -0.005500 0.338745 0.179486
10.567586 1.353913 8.012532 1.534539
0.864197 0.279081 -0.021093 -0.007339
0.279081 0.136013 -0.007336 -0.003859
-0.021093 -0.007336 0.871007 0.280727
-0.007339 -0.003859 0.280727 0.136459
10.188258 1.041393 9.001887 1.600630
0.799654 0.236520 -0.018646 -0.005906
0.236520 0.107939 -0.005903 -0.002810
-0.018646 -0.005903 0.805635 0.237837
-0.005906 -0.002810 0.237837 0.108285
11.017379 1.125847 10.206674 1.711256
0.745905 0.204602 -0.016697 -0.004850
0.204602 0.089037 -0.004847 -0.002104
-0.016697 -0.004847 0.750170 0.205397
-0.004850 -0.002104 0.205397 0.089236
12.039479 1.243906 11.379160 1.792526
0.700396 0.180191 -0.014582 -0.003913
0.180191 0.075982 -0.003910 -0.001576
-0.014582 -0.003910 0.703334 0.180644
-0.003913 -0.001576 0.180644 0.076098
12.299023 1.155556 12.185950 1.770785
0.661698 0.161330 -0.012480 -0.003114
0.161330 0.066816 -0.003111 -0.001183
-0.012480 -0.003111 0.663721 0.161587
-0.003114 -0.001183 0.161587 0.066891
13.350472 1.266057 13.923150 1.969246
0.628880 0.146704 -0.010752 -0.002508
0.146704 0.060319 -0.002505 -0.000904
-0.010752 -0.002505 0.630090 0.146805
-0.002508 -0.000904 0.146805 0.060363
13.857311 1.237711 15.578153 2.120025
0.601068 0.135332 -0.008989 -0.001966
0.135332 0.055687 -0.001964 -0.000685
-0.008989 -0.001964 0.601553 0.135308
-0.001966 -0.000685 0.135308 0.055707
14.922023 1.335340 16.505758 2.091121
0.577617 0.126509 -0.007394 -0.001521
0.126509 0.052382 -0.001519 -0.000519
-0.007394 -0.001519 0.577373 0.126367
-0.001521 -0.000519 0.126367 0.052380
16.147368 1.454858 17.029217 1.979284
0.557766 0.119654 -0.006013 -0.001166
0.119654 0.050025 -0.001164 -0.000395
-0.006013 -0.001164 0.557156 0.119476
-0.001166 -0.000395 0.119476 0.050019
17.112111 1.504988 17.896531 1.953490
0.541047 0.114360 -0.004853 -0.000889
0.114360 0.048355 -0.000888 -0.000302
-0.004853 -0.000888 0.540387 0.114210
-0.000889 -0.000302 0.114210 0.048356
17.554140 1.440066 19.082193 1.997138
0.527150 0.110328 -0.003867 -0.000669
0.110328 0.047189 -0.000668 -0.000233
-0.003867 -0.000668 0.526524 0.110212
-0.000669 -0.000233 0.110212 0.047196
18.579629 1.503604 20.026182 1.985859
0.515759 0.107307 -0.003036 -0.000497
0.107307 0.046392 -0.000496 -0.000180
-0.003036 -0.000496 0.515127 0.107209
-0.000497 -0.000180 0.107209 0.046400
19.185568 1.473305 20.863077 1.953438
0.506482 0.105074 -0.002338 -0.000361
0.105074 0.045857 -0.000360 -0.000140
-0.002338 -0.000360 0.505913 0.105001
-0.000361 -0.000140 0.105001 0.045867
19.720562 1.431536 22.018458 1.990454
0.499038 0.103462 -0.001774 -0.000259
0.103462 0.045510 -0.000258 -0.000110
-0.001774 -0.000258 0.498548 0.103412
-0.000259 -0.000110 0.103412 0.045521
19.327035 1.201292 22.680017 1.920974
0.493149 0.102329 -0.001314 -0.000181
0.102329 0.045294 -0.000181 -0.000087
-0.001314 -0.000181 0.492752 0.102301
-0.000181 -0.000087 0.102301 0.045306
19.892833 1.194013 23.407147 1.872434
0.488588 0.101566 -0.000946 -0.000124
0.101566 0.045168 -0.000123 -0.000070
-0.000946 -0.000123 0.488248 0.101548
-0.000124 -0.000070 0.101548 0.045178
20.433513 1.182302 24.563410 1.918297
0.485085 0.101069 -0.000660 -0.000083
0.101069 0.045098 -0.000083 -0.000057
-0.000660 -0.000083 0.484846 0.101068
-0.000083 -0.000057 0.101068 0.045108
20.612843 1.096292 25.578097 1.929870
0.482426 0.100761 -0.000439 -0.000054
0.100761 0.045063 -0.000054 -0.000046
-0.000439 -0.000054 0.482356 0.100790
-0.000054 -0.000046 0.100790 0.045076
21.389791 1.144206 26.777572 1.979002
0.480441 0.100586 -0.000264 -0.000032
0.100586 0.045048 -0.000032 -0.000038
-0.000264 -0.000032 0.480592 0.100652
-0.000032 -0.000038 0.100652 0.045065
22.161146 1.186008 27.567946 1.937216
0.478951 0.100492 -0.000166 -0.000024
0.100492 0.045040 -0.000024 -0.000033
-0.000166 -0.000024 0.479425 0.100615
-0.000024 -0.000033 0.100615 0.045066
22.962641 1.229836 28.349967 1.897990
0.477863 0.100454 -0.000148 -0.000030
0.100454 0.045035 -0.000030 -0.000031
-0.000148 -0.000030 0.478691 0.100635
-0.000030 -0.000031 0.100635 0.045071
23.808312 1.278420 29.317405 1.901870
0.477074 0.100447 -0.000209 -0.000049
0.100447 0.045029 -0.000049 -0.000031
-0.000209 -0.000049 0.478276 0.100688
-0.000049 -0.000031 0.100688 0.045074
24.058700 1.196450 30.290409 1.906527
0.476485 0.100450 -0.000353 -0.000082
0.100450 0.045020 -0.000082 -0.000035
-0.000353 -0.000082 0.478107 0.100757
-0.000082 -0.000035 0.100757 0.045076
24.780460 1.222511 32.029138 2.072178
0.476011 0.100450 -0.000514 -0.000113
0.100450 0.045006 -0.000113 -0.000037
-0.000514 -0.000113 0.478133 0.100837
-0.000113 -0.000037 0.100837 0.045076
25.260557 1.194811 32.778963 2.011778
0.475516 0.100421 -0.000777 -0.000162
0.100421 0.044984 -0.000162 -0.000044
-0.000777 -0.000162 0.478388 0.100937
-0.000162 -0.000044 0.100937 0.045078
25.560761 1.132027 34.335792 2.128039
0.475096 0.100390 -0.001068 -0.000212
0.100390 0.044960 -0.000212 -0.000050
-0.001068 -0.000212 0.478697 0.101024
-0.000212 -0.000050 0.101024 0.045076
25.974603 1.099893 35.956313 2.245475
0.474584 0.100326 -0.001395 -0.000266
0.100326 0.044930 -0.000266 -0.000058
-0.001395 -0.000266 0.479175 0.101126
-0.000266 -0.000058 0.101126 0.045077
27.051095 1.211262 37.278492 2.287612
0.473957 0.100229 -0.001784 -0.000329
0.100229 0.044895 -0.000329 -0.000068
-0.001784 -0.000329 0.479810 0.101244
-0.000329 -0.000068 0.101244 0.045083
27.855874 1.253292 37.757871 2.147484
0.473309 0.100124 -0.002352 -0.000426
0.100124 0.044860 -0.000426 -0.000084
-0.002352 -0.000426 0.480486 0.101356
-0.000426 -0.000084 0.101356 0.045087
28.943675 1.350715 38.059807 1.984839
0.472795 0.100047 -0.002970 -0.000528
0.100047 0.044832 -0.000528 -0.000102
-0.002970 -0.000528 0.481029 0.101428
-0.000528 -0.000102 0.101428 0.045086
29.218942 1.266102 39.315834 2.040285
0.472453 0.100003 -0.003678 -0.000643
0.100003 0.044814 -0.000643 -0.000122
-0.003678 -0.000643 0.481390 0.101456
-0.000643 -0.000122 0.101456 0.045077
30.508136 1.405002 40.283836 2.029540
0.471975 0.099926 -0.004369 -0.000748
0.099926 0.044789 -0.000749 -0.000140
-0.004369 -0.000749 0.481887 0.101514
-0.000748 -0.000140 0.101514 0.045078
31.407244 1.446536 41.075005 1.982547
0.471547 0.099858 -0.005265 -0.000893
0.099858 0.044767 -0.000895 -0.000167
-0.005265 -0.000895 0.482335 0.101561
-0.000893 -0.000167 0.101561 0.045079
32.073991 1.434587 42.107809 1.991256
0.471163 0.099799 -0.006230 -0.001046
0.099799 0.044748 -0.001048 -0.000195
-0.006230 -0.001048 0.482740 0.101600
-0.001046 -0.000195 0.101600 0.045080
32.666973 1.407951 42.666592 1.899265
0.470728 0.099728 -0.007229 -0.001199
0.099728 0.044728 -0.001202 -0.000223
-0.007229 -0.001202 0.483206 0.101654
-0.001199 -0.000223 0.101654 0.045086
33.076722 1.345380 43.347566 1.842527
0.470357 0.099672 -0.008184 -0.001338
0.099672 0.044712 -0.001341 -0.000248
-0.008184 -0.001341 0.483610 0.101697
-0.001338 -0.000248 0.101697 0.045091
34.076632 1.414832 44.364589 1.862969
0.469980 0.099613 -0.009073 -0.001461
0.099613 0.044696 -0.001464 -0.000270
-0.009073 -0.001464 0.484025 0.101744
-0.001461 -0.000270 0.101744 0.045099
34.876625 1.434416 45.255786 1.854603
0.469601 0.099554 -0.010126 -0.001617
0.099554 0.044680 -0.001621 -0.000301
-0.010126 -0.001621 0.484468 0.101799
-0.001617 -0.000301 0.101799 0.045109
35.920177 1.503907 46.412928 1.903289
0.469225 0.099495 -0.011251 -0.001785
0.099495 0.044665 -0.001789 -0.000334
-0.011251 -0.001789 0.484931 0.101859
-0.001785 -0.000334 0.101859 0.045121
36.431836 1.452887 47.329419 1.895574
0.468825 0.099431 -0.012560 -0.001989
0.099431 0.044649 -0.001993 -0.000374
-0.012560 -0.001993 0.485460 0.101933
-0.001989 -0.000374 0.101933 0.045136
37.041690 1.428449 48.471499 1.936183
0.468375 0.099357 -0.013827 -0.002177
0.099357 0.044631 -0.002182 -0.000411
-0.013827 -0.002182 0.486063 0.102023
-0.002177 -0.000411 0.102023 0.045154
