32.867462 0.589772 48.291785 1.907866
0.541158 0.114585 -0.031792 -0.004759
0.114585 0.047321 -0.005278 -0.001257
-0.031792 -0.005278 0.429658 0.089927
-0.004759 -0.001257 0.089927 0.043245
28.347537 -0.419700 48.367243 1.702853
0.552659 0.115413 -0.030026 -0.004310
0.115413 0.047291 -0.004802 -0.001112
-0.030026 -0.004802 0.422210 0.089719
-0.004310 -0.001112 0.089719 0.043338
24.374916 -1.202111 47.597970 1.338861
0.548174 0.113072 -0.023707 -0.002977
0.113072 0.046675 -0.003404 -0.000797
-0.023707 -0.003404 0.423997 0.091302
-0.002977 -0.000797 0.091302 0.043746
20.790610 -1.822002 45.367945 0.697190
0.535234 0.109439 -0.017698 -0.001848
0.109439 0.045907 -0.002194 -0.000553
-0.017698 -0.002194 0.431604 0.093791
-0.001848 -0.000553 0.093791 0.044265
17.994683 -2.214856 42.639511 0.018896
0.513995 0.104630 -0.012793 -0.001062
0.104630 0.045003 -0.001298 -0.000395
-0.012793 -0.001298 0.446239 0.097404
-0.001062 -0.000395 0.097404 0.044951
16.012631 -2.402407 38.862969 -0.809749
0.488303 0.099472 -0.006457 -0.000006
0.099472 0.044116 -0.000161 -0.000187
-0.006457 -0.000161 0.467149 0.101917
-0.000006 -0.000187 0.101917 0.045763
14.660436 -2.441456 34.157538 -1.743323
0.464941 0.095293 0.009496 0.003093
0.095293 0.043489 0.002871 0.000431
0.009496 0.002871 0.490632 0.106490
0.003093 0.000431 0.106490 0.046525
12.746142 -2.589124 28.057841 -2.868236
0.462419 0.095722 0.029983 0.006934
0.095722 0.043822 0.006598 0.001162
0.029983 0.006598 0.496555 0.106806
0.006934 0.001162 0.106806 0.046326
10.554044 -2.773245 22.981273 -3.644492
0.476799 0.099527 0.034050 0.006940
0.099527 0.044781 0.006675 0.001068
0.034050 0.006675 0.481754 0.102726
0.006940 0.001068 0.102726 0.045250
8.668610 -2.872713 19.002848 -4.101587
0.493014 0.103307 0.023942 0.004027
0.103307 0.045625 0.003920 0.000411
0.023942 0.003920 0.463897 0.098522
0.004027 0.000411 0.098522 0.044291
7.582896 -2.795400 15.694970 -4.369802
0.508528 0.106553 0.007722 0.000201
0.106553 0.046274 0.000252 -0.000353
0.007722 0.000252 0.449062 0.095436
0.000201 -0.000353 0.095436 0.043673
7.684255 -2.481869 13.349155 -4.408070
0.523470 0.109356 -0.010454 -0.003609
0.109356 0.046776 -0.003418 -0.001041
-0.010454 -0.003418 0.438192 0.093481
-0.003609 -0.001041 0.093481 0.043342
7.716944 -2.218057 11.558467 -4.321599
0.536880 0.111580 -0.032032 -0.007765
0.111580 0.047126 -0.007437 -0.001754
-0.032032 -0.007437 0.432298 0.092719
-0.007765 -0.001754 0.092719 0.043271
7.973888 -1.936107 10.056056 -4.179672
0.547914 0.113119 -0.056425 -0.012167
0.113119 0.047322 -0.011682 -0.002480
-0.056425 -0.011682 0.432458 0.093229
-0.012167 -0.002480 0.093229 0.043448
8.816893 -1.560866 9.500551 -3.843043
0.550826 0.112861 -0.084386 -0.017027
0.112861 0.047148 -0.016300 -0.003269
-0.084386 -0.016300 0.443543 0.095923
-0.017027 -0.003269 0.095923 0.044045
9.691616 -1.215770 8.836733 -3.561210
0.540826 0.110037 -0.106985 -0.020469
0.110037 0.046486 -0.019432 -0.003737
-0.106985 -0.019432 0.465200 0.100546
-0.020469 -0.003737 0.100546 0.044983
10.812338 -0.851206 8.358218 -3.264448
0.521090 0.105596 -0.118901 -0.021549
0.105596 0.045577 -0.020189 -0.003732
-0.118901 -0.020189 0.491426 0.105697
-0.021549 -0.003732 0.105697 0.045954
11.992864 -0.507152 7.966316 -2.979234
0.498762 0.101148 -0.120216 -0.020515
0.101148 0.044758 -0.018900 -0.003361
-0.120216 -0.018900 0.515396 0.109937
-0.020515 -0.003361 0.109937 0.046671
12.906305 -0.238641 8.466059 -2.538605
0.478212 0.097518 -0.114423 -0.018287
0.097518 0.044166 -0.016508 -0.002843
-0.114423 -0.016508 0.534555 0.112861
-0.018287 -0.002843 0.112861 0.047088
13.561008 -0.048583 9.093860 -2.126308
0.464011 0.095441 -0.108726 -0.016419
0.095441 0.043901 -0.014600 -0.002499
-0.108726 -0.014600 0.548512 0.114492
-0.016419 -0.002499 0.114492 0.047235
14.309848 0.140590 9.689044 -1.768077
0.454908 0.094483 -0.103527 -0.014922
0.094483 0.043839 -0.013182 -0.002298
-0.103527 -0.013182 0.557250 0.115003
-0.014922 -0.002298 0.115003 0.047182
14.886966 0.284790 11.086255 -1.288544
0.448947 0.094142 -0.097713 -0.013512
0.094142 0.043866 -0.011926 -0.002152
-0.097713 -0.011926 0.561350 0.114678
-0.013512 -0.002152 0.114678 0.047014
15.682636 0.457773 12.519895 -0.852998
0.447450 0.094642 -0.091917 -0.012257
0.094642 0.044027 -0.010947 -0.002064
-0.091917 -0.010947 0.558797 0.113190
-0.012257 -0.002064 0.113190 0.046668
16.222418 0.559232 14.334505 -0.392341
0.448362 0.095507 -0.084267 -0.010764
0.095507 0.044226 -0.009749 -0.001930
-0.084267 -0.009749 0.551081 0.110983
-0.010764 -0.001930 0.110983 0.046250
17.242358 0.743072 15.746411 -0.056300
0.451935 0.096770 -0.074958 -0.009067
0.096770 0.044474 -0.008353 -0.001751
-0.074958 -0.008353 0.538627 0.108178
-0.009067 -0.001751 0.108178 0.045776
17.743154 0.787372 16.910701 0.186806
0.455559 0.097850 -0.063818 -0.007159
0.097850 0.044654 -0.006647 -0.001511
-0.063818 -0.006647 0.525828 0.105673
-0.007159 -0.001511 0.105673 0.045416
18.332365 0.854420 18.994587 0.592708
0.459664 0.098850 -0.053054 -0.005468
0.098850 0.044795 -0.005104 -0.001305
-0.053054 -0.005104 0.513827 0.103589
-0.005468 -0.001305 0.103589 0.045163
19.822261 1.094316 20.234113 0.795476
0.464582 0.099887 -0.041713 -0.003747
0.099887 0.044936 -0.003493 -0.001075
-0.041713 -0.003493 0.501942 0.101714
-0.003747 -0.001075 0.101714 0.044956
20.458761 1.126148 21.971155 1.070166
0.468071 0.100481 -0.030936 -0.002231
0.100481 0.044977 -0.002020 -0.000867
-0.030936 -0.002020 0.493334 0.100624
-0.002231 -0.000867 0.100624 0.044899
20.998854 1.133864 24.140565 1.406158
0.470999 0.100878 -0.021742 -0.001079
0.100878 0.044981 -0.000897 -0.000715
-0.021742 -0.000897 0.486936 0.099999
-0.001079 -0.000715 0.099999 0.044907
21.995655 1.230900 25.686694 1.583000
0.472291 0.100887 -0.014340 -0.000293
0.100887 0.044914 -0.000123 -0.000615
-0.014340 -0.000123 0.483492 0.099942
-0.000293 -0.000615 0.099942 0.044998
23.289185 1.380044 27.491653 1.796600
0.471665 0.100495 -0.009752 -0.000047
0.100495 0.044780 0.000115 -0.000603
-0.009752 0.000115 0.482972 0.100395
-0.000047 -0.000603 0.100395 0.045156
24.561666 1.504524 28.574183 1.836777
0.468894 0.099704 -0.008879 -0.000478
0.099704 0.044583 -0.000328 -0.000704
-0.008879 -0.000328 0.485369 0.101319
-0.000478 -0.000704 0.101319 0.045373
25.746467 1.597418 29.939253 1.931139
0.465693 0.098921 -0.011454 -0.001475
0.098921 0.044413 -0.001348 -0.000892
-0.011454 -0.001348 0.488814 0.102302
-0.001475 -0.000892 0.102302 0.045567
26.429724 1.573610 31.344618 2.023141
0.461882 0.098098 -0.017160 -0.002937
0.098098 0.044253 -0.002838 -0.001145
-0.017160 -0.002838 0.493708 0.103441
-0.002937 -0.001145 0.103441 0.045768
27.646423 1.665964 32.988513 2.156193
0.457072 0.097147 -0.024246 -0.004480
0.097147 0.044079 -0.004404 -0.001386
-0.024246 -0.004404 0.500666 0.104870
-0.004480 -0.001386 0.104870 0.046009
28.306143 1.629843 34.512503 2.249197
0.451785 0.096174 -0.033573 -0.006304
0.096174 0.043909 -0.006254 -0.001666
-0.033573 -0.006254 0.509780 0.106592
-0.006304 -0.001666 0.106592 0.046293
29.009993 1.606298 35.711432 2.264452
0.445718 0.095102 -0.042247 -0.007806
0.095102 0.043722 -0.007768 -0.001863
-0.042247 -0.007768 0.521085 0.108605
-0.007806 -0.001863 0.108605 0.046623
29.214446 1.478991 37.160022 2.328276
0.439860 0.094138 -0.049639 -0.008916
0.094138 0.043560 -0.008875 -0.001976
-0.049639 -0.008875 0.533005 0.110575
-0.008916 -0.001976 0.110575 0.046929
29.606430 1.404663 38.440290 2.350815
0.433562 0.093132 -0.052854 -0.009098
0.093132 0.043388 -0.009016 -0.001902
-0.052854 -0.009016 0.544708 0.112367
-0.009098 -0.001902 0.112367 0.047194
30.161868 1.374683 39.957852 2.420370
0.428134 0.092365 -0.052366 -0.008556
0.092365 0.043266 -0.008408 -0.001704
-0.052366 -0.008408 0.553870 0.113548
-0.008556 -0.001704 0.113548 0.047338
31.207953 1.447510 40.302407 2.245658
0.424840 0.092089 -0.047460 -0.007211
0.092089 0.043244 -0.006986 -0.001375
-0.047460 -0.006986 0.557571 0.113609
-0.007211 -0.001375 0.113609 0.047274
31.534208 1.359712 41.264303 2.210515
0.422983 0.092075 -0.042966 -0.006122
0.092075 0.043259 -0.005851 -0.001146
-0.042966 -0.005851 0.559263 0.113348
-0.006122 -0.001146 0.113348 0.047176
32.361013 1.394387 42.760713 2.290529
0.423912 0.092615 -0.036132 -0.004679
0.092615 0.043379 -0.004378 -0.000871
-0.036132 -0.004378 0.555276 0.112069
-0.004679 -0.000871 0.112069 0.046907
32.704488 1.318172 44.134130 2.334438
0.431231 0.094453 -0.027107 -0.002910
0.094453 0.043762 -0.002642 -0.000558
-0.027107 -0.002642 0.540532 0.108835
-0.002910 -0.000558 0.108835 0.046287
33.301441 1.304856 45.356914 2.345313
0.444468 0.097344 -0.019677 -0.001596
0.097344 0.044333 -0.001439 -0.000367
-0.019677 -0.001439 0.519268 0.104626
-0.001596 -0.000367 0.104626 0.045526
33.997071 1.309948 45.616996 2.160702
0.463075 0.101075 -0.015825 -0.001086
0.101075 0.045035 -0.001100 -0.000351
-0.015825 -0.001100 0.494879 0.100147
-0.001086 -0.000351 0.100147 0.044760
34.345628 1.243840 46.788127 2.178058
0.481987 0.104497 -0.014475 -0.001105
0.104497 0.045622 -0.001254 -0.000425
-0.014475 -0.001254 0.474091 0.096729
-0.001105 -0.000425 0.096729 0.044238
34.941409 1.238728 48.030819 2.209680
0.504169 0.108319 -0.017024 -0.001883
0.108319 0.046269 -0.002161 -0.000634
-0.017024 -0.002161 0.454055 0.093633
-0.001883 -0.000634 0.093633 0.043776
35.871683 1.303529 48.684129 2.116225
0.529978 0.112600 -0.024178 -0.003513
0.112600 0.046991 -0.003890 -0.000987
-0.024178 -0.003890 0.435502 0.090938
-0.003513 -0.000987 0.090938 0.043374
