6.416603 3.528791 -0.950736 -1.272350
2.575399 1.030182 -0.261185 -0.104476
1.030182 80.416148 -0.104476 -0.041791
-0.261185 -0.104476 2.388565 0.955447
-0.104476 -0.041791 0.955447 80.386254
5.039319 -1.871130 1.320802 3.762197
2.164621 3.760660 -0.225918 -0.347829
3.760660 15.214950 -0.338554 -1.261802
-0.225918 -0.338554 2.414055 4.233563
-0.347829 -1.261802 4.233563 15.567692
5.768031 0.061228 1.023712 1.283013
2.000606 2.337584 -0.220282 -0.245042
2.337584 4.665195 -0.244943 -0.463454
-0.220282 -0.244943 2.051221 2.338848
-0.245042 -0.463454 2.338848 4.534609
5.353727 -0.318040 1.144261 0.847781
1.704033 1.446002 -0.190085 -0.156087
1.446002 1.933054 -0.156035 -0.200677
-0.190085 -0.156035 1.767068 1.473815
-0.156087 -0.200677 1.473815 1.926031
6.722787 0.699959 2.969809 1.767190
1.472935 0.978416 -0.168689 -0.109210
0.978416 0.984563 -0.109229 -0.105545
-0.168689 -0.109229 1.528535 1.001038
-0.109210 -0.105545 1.001038 0.989901
7.161857 0.750746 5.331910 2.564396
1.291250 0.704507 -0.134367 -0.071449
0.704507 0.570863 -0.071376 -0.057276
-0.134367 -0.071376 1.334642 0.719470
-0.071449 -0.057276 0.719470 0.575636
8.427385 1.163366 6.643933 2.578451
1.153343 0.534485 -0.106293 -0.048285
0.534485 0.364225 -0.048196 -0.033693
-0.106293 -0.048196 1.175741 0.539379
-0.048285 -0.033693 0.539379 0.365410
8.586888 0.992937 7.709373 2.488840
1.039020 0.419190 -0.084473 -0.033756
0.419190 0.248735 -0.033671 -0.021151
-0.084473 -0.033671 1.052913 0.421503
-0.033756 -0.021151 0.421503 0.249581
9.775800 1.240995 8.854109 2.453174
0.946661 0.339127 -0.069936 -0.025129
0.339127 0.180053 -0.025062 -0.014271
-0.069936 -0.025062 0.953437 0.339602
-0.025129 -0.014271 0.339602 0.180514
10.193323 1.175371 10.091657 2.456782
0.868971 0.280950 -0.057640 -0.018896
0.280950 0.136732 -0.018844 -0.009913
-0.057640 -0.018844 0.872920 0.281133
-0.018896 -0.009913 0.281133 0.137212
10.901716 1.211267 10.832497 2.312791
0.804721 0.238160 -0.048119 -0.014568
0.238160 0.108464 -0.014528 -0.007125
-0.048119 -0.014528 0.805570 0.237845
-0.014568 -0.007125 0.237845 0.108805
11.500716 1.209745 11.215775 2.100956
0.750209 0.205800 -0.040664 -0.011473
0.205800 0.089366 -0.011443 -0.005265
-0.040664 -0.011443 0.749702 0.205440
-0.011473 -0.005265 0.205440 0.089674
11.710997 1.108351 12.015380 2.036584
0.703732 0.180994 -0.034973 -0.009254
0.180994 0.076172 -0.009233 -0.003993
-0.034973 -0.009233 0.703093 0.180828
-0.009254 -0.003993 0.180828 0.076490
12.708023 1.216275 12.963507 2.019364
0.664664 0.161963 -0.030389 -0.007576
0.161963 0.066949 -0.007560 -0.003084
-0.030389 -0.007560 0.663336 0.161764
-0.007576 -0.003084 0.161764 0.067209
13.235817 1.197577 13.635758 1.940608
0.631267 0.147150 -0.026058 -0.006141
0.147150 0.060402 -0.006130 -0.002386
-0.026058 -0.006130 0.629796 0.147010
-0.006141 -0.002386 0.147010 0.060630
14.057650 1.247745 14.488372 1.914100
0.602954 0.135639 -0.022414 -0.005009
0.135639 0.055737 -0.005002 -0.001865
-0.022414 -0.005002 0.601403 0.135536
-0.005009 -0.001865 0.135536 0.055930
13.932435 1.083872 15.655418 1.959976
0.578955 0.126686 -0.019105 -0.004056
0.126686 0.052407 -0.004052 -0.001461
-0.019105 -0.004052 0.577465 0.126625
-0.004056 -0.001461 0.126625 0.052570
14.399261 1.067692 16.412336 1.912028
0.559178 0.119851 -0.016285 -0.003291
0.119851 0.050058 -0.003289 -0.001153
-0.016285 -0.003289 0.556934 0.119637
-0.003291 -0.001153 0.119637 0.050154
15.420773 1.170751 17.505656 1.941333
0.542607 0.114590 -0.013821 -0.002661
0.114590 0.048397 -0.002661 -0.000914
-0.013821 -0.002661 0.539819 0.114274
-0.002661 -0.000914 0.114274 0.048446
16.496153 1.272906 17.923038 1.825620
0.528722 0.110558 -0.011449 -0.002096
0.110558 0.047233 -0.002097 -0.000717
-0.011449 -0.002097 0.525759 0.110218
-0.002096 -0.000717 0.110218 0.047256
17.575999 1.364996 18.704077 1.798432
0.517105 0.107488 -0.009400 -0.001637
0.107488 0.046426 -0.001638 -0.000564
-0.009400 -0.001638 0.514439 0.107218
-0.001637 -0.000564 0.107218 0.046446
18.603608 1.436869 20.143637 1.910950
0.507573 0.105205 -0.007563 -0.001249
0.105205 0.045883 -0.001251 -0.000442
-0.007563 -0.001251 0.505354 0.105022
-0.001249 -0.000442 0.105022 0.045904
19.481304 1.469995 21.321073 1.957143
0.499921 0.103557 -0.005878 -0.000914
0.103557 0.045530 -0.000916 -0.000342
-0.005878 -0.000916 0.498091 0.103437
-0.000914 -0.000342 0.103437 0.045549
20.115465 1.449093 22.310910 1.959428
0.493840 0.102394 -0.004448 -0.000648
0.102394 0.045310 -0.000650 -0.000265
-0.004448 -0.000650 0.492404 0.102331
-0.000648 -0.000265 0.102331 0.045326
20.791514 1.439254 23.784040 2.062115
0.489077 0.101599 -0.003297 -0.000450
0.101599 0.045179 -0.000452 -0.000208
-0.003297 -0.000452 0.488036 0.101589
-0.000450 -0.000208 0.101589 0.045194
21.040181 1.341118 24.650647 2.027624
0.485344 0.101066 -0.002391 -0.000306
0.101066 0.045104 -0.000308 -0.000166
-0.002391 -0.000308 0.484813 0.101129
-0.000306 -0.000166 0.101129 0.045124
21.707644 1.340549 25.920949 2.081245
0.482476 0.100728 -0.001700 -0.000208
0.100728 0.045064 -0.000209 -0.000136
-0.001700 -0.000209 0.482491 0.100869
-0.000208 -0.000136 0.100869 0.045091
22.523116 1.371038 27.416713 2.176631
0.480207 0.100508 -0.001249 -0.000155
0.100508 0.045040 -0.000157 -0.000116
-0.001249 -0.000157 0.480978 0.100766
-0.000155 -0.000116 0.100766 0.045085
22.354696 1.191915 28.676437 2.212482
0.478324 0.100348 -0.001078 -0.000155
0.100348 0.045020 -0.000156 -0.000107
-0.001078 -0.000156 0.480180 0.100788
-0.000155 -0.000107 0.100788 0.045095
22.666685 1.132186 29.459867 2.144596
0.476706 0.100218 -0.000932 -0.000151
0.100218 0.044998 -0.000151 -0.000097
-0.000932 -0.000151 0.479958 0.100894
-0.000151 -0.000097 0.100894 0.045115
23.125814 1.109663 30.612836 2.161567
0.475385 0.100124 -0.000917 -0.000166
0.100124 0.044976 -0.000166 -0.000091
-0.000917 -0.000166 0.480068 0.101030
-0.000166 -0.000091 0.101030 0.045133
24.174160 1.213767 31.673274 2.157300
0.474154 0.100021 -0.001077 -0.000209
0.100021 0.044947 -0.000210 -0.000092
-0.001077 -0.000210 0.480544 0.101206
-0.000209 -0.000092 0.101206 0.045154
24.117636 1.073638 32.831433 2.174028
0.473021 0.099916 -0.001614 -0.000323
0.099916 0.044914 -0.000324 -0.000107
-0.001614 -0.000324 0.481248 0.101392
-0.000323 -0.000107 0.101392 0.045174
24.614765 1.065259 34.139120 2.220521
0.471809 0.099775 -0.002078 -0.000408
0.099775 0.044870 -0.000408 -0.000115
-0.002078 -0.000408 0.482256 0.101611
-0.000408 -0.000115 0.101611 0.045197
24.708507 0.972303 34.806577 2.127196
0.470473 0.099593 -0.002724 -0.000522
0.099593 0.044818 -0.000523 -0.000130
-0.002724 -0.000523 0.483546 0.101859
-0.000522 -0.000130 0.101859 0.045226
25.306484 0.995894 35.292672 2.005626
0.469239 0.099426 -0.003294 -0.000610
0.099426 0.044769 -0.000611 -0.000139
-0.003294 -0.000611 0.484821 0.102076
-0.000610 -0.000139 0.102076 0.045247
26.236911 1.087672 36.528114 2.054682
0.468211 0.099295 -0.004026 -0.000727
0.099295 0.044729 -0.000728 -0.000155
-0.004026 -0.000728 0.485936 0.102240
-0.000727 -0.000155 0.102240 0.045259
26.913951 1.115884 37.386487 2.019206
0.467046 0.099126 -0.005165 -0.000922
0.099126 0.044681 -0.000924 -0.000188
-0.005165 -0.000924 0.487248 0.102434
-0.000922 -0.000188 0.102434 0.045279
27.926515 1.212322 38.130235 1.963578
0.465910 0.098959 -0.006487 -0.001143
0.098959 0.044635 -0.001147 -0.000226
-0.006487 -0.001147 0.488564 0.102619
-0.001143 -0.000226 0.102619 0.045300
28.827491 1.275098 39.288058 2.000702
0.464927 0.098822 -0.008146 -0.001421
0.098822 0.044596 -0.001427 -0.000276
-0.008146 -0.001427 0.489755 0.102770
-0.001421 -0.000276 0.102770 0.045316
29.840618 1.354990 40.289812 2.001298
0.463844 0.098658 -0.010119 -0.001749
0.098658 0.044552 -0.001758 -0.000336
-0.010119 -0.001758 0.491112 0.102954
-0.001749 -0.000336 0.102954 0.045342
31.242139 1.509155 41.335113 2.011390
0.462807 0.098502 -0.012413 -0.002126
0.098502 0.044511 -0.002139 -0.000405
-0.012413 -0.002139 0.492495 0.103139
-0.002126 -0.000405 0.103139 0.045371
32.512779 1.618905 42.200772 1.982752
0.461932 0.098379 -0.015257 -0.002599
0.098379 0.044477 -0.002617 -0.000493
-0.015257 -0.002617 0.493823 0.103310
-0.002599 -0.000493 0.103310 0.045398
32.790540 1.504516 42.532506 1.844006
0.461300 0.098303 -0.018447 -0.003118
0.098303 0.044454 -0.003143 -0.000589
-0.018447 -0.003143 0.495014 0.103451
-0.003118 -0.000589 0.103451 0.045420
33.349651 1.463246 43.417808 1.835960
0.460811 0.098249 -0.021100 -0.003499
0.098249 0.044435 -0.003528 -0.000654
-0.021100 -0.003528 0.496042 0.103562
-0.003499 -0.000654 0.103562 0.045439
34.490489 1.549666 43.945463 1.755467
0.460209 0.098162 -0.023667 -0.003855
0.098162 0.044408 -0.003885 -0.000716
-0.023667 -0.003885 0.497263 0.103719
-0.003855 -0.000716 0.103719 0.045469
34.431135 1.372337 45.116061 1.814244
0.459993 0.098153 -0.026481 -0.004257
0.098153 0.044397 -0.004293 -0.000791
-0.026481 -0.004293 0.498168 0.103810
-0.004257 -0.000791 0.103810 0.045487
34.725856 1.287456 45.622937 1.729603
0.459142 0.097997 -0.028838 -0.004561
0.097997 0.044355 -0.004594 -0.000846
-0.028838 -0.004594 0.499790 0.104059
-0.004561 -0.000846 0.104059 0.045539
35.076336 1.225499 46.692498 1.771199
0.458350 0.097860 -0.030886 -0.004804
0.097860 0.044319 -0.004834 -0.000891
-0.030886 -0.004834 0.501334 0.104284
-0.004804 -0.000891 0.104284 0.045585
35.474372 1.178873 47.396301 1.732531
0.457271 0.097663 -0.032896 -0.005052
0.097663 0.044271 -0.005075 -0.000941
-0.032896 -0.005075 0.503276 0.104586
-0.005052 -0.000941 0.104586 0.045646
