0.506806 1.164821 1.469162 -0.304370
2.053490 0.821414 -0.226717 -0.090689
0.821414 80.332639 -0.090689 -0.036276
-0.226717 -0.090689 3.101368 1.240574
-0.090689 -0.036276 1.240574 80.500307
4.790663 7.766010 0.892836 -0.952013
3.138755 5.571133 -1.729566 -2.872629
5.571133 17.038012 -3.025248 -5.669046
-1.729566 -3.025248 3.256932 5.490445
-2.872629 -5.669046 5.490445 19.390893
5.304320 4.143841 2.542443 1.162269
2.246624 2.500101 -0.223518 -0.018568
2.500101 4.470315 -0.117138 -0.224983
-0.223518 -0.117138 1.872656 2.158229
-0.018568 -0.224983 2.158229 4.825199
6.630799 3.529911 1.954093 0.117098
1.717921 1.388091 -0.035427 0.019700
1.388091 1.771231 -0.011748 -0.133172
-0.035427 -0.011748 1.723324 1.506678
0.019700 -0.133172 1.506678 2.152753
8.242080 3.401915 5.032187 2.187808
1.478920 0.947788 -0.010996 -0.008577
0.947788 0.925238 -0.021617 -0.093348
-0.010996 -0.021617 1.490247 1.021920
-0.008577 -0.093348 1.021920 1.086347
7.784856 2.279505 4.603400 1.353724
1.191218 0.635224 -0.199178 -0.124319
0.635224 0.519071 -0.128520 -0.119204
-0.199178 -0.128520 1.510041 0.851312
-0.124319 -0.119204 0.851312 0.689923
9.456234 2.508700 6.571294 1.957809
1.022814 0.468872 -0.233377 -0.118578
0.468872 0.328581 -0.121362 -0.084156
-0.233377 -0.121362 1.452909 0.686799
-0.118578 -0.084156 0.686799 0.453640
10.404831 2.394856 6.008301 1.335064
0.947899 0.382285 -0.275025 -0.116823
0.382285 0.232060 -0.118164 -0.064373
-0.275025 -0.118164 1.328294 0.539560
-0.116823 -0.064373 0.539560 0.306382
10.616714 2.039168 7.581589 1.660226
0.854687 0.307484 -0.253513 -0.092432
0.307484 0.167957 -0.093317 -0.043579
-0.253513 -0.093317 1.225726 0.437375
-0.092432 -0.043579 0.437375 0.219801
10.567806 1.690670 8.551145 1.704900
0.803683 0.262004 -0.249920 -0.079892
0.262004 0.130340 -0.080594 -0.032543
-0.249920 -0.080594 1.111747 0.354867
-0.079892 -0.032543 0.354867 0.162987
10.906223 1.536646 8.737776 1.510358
0.767959 0.229540 -0.243446 -0.069246
0.229540 0.105770 -0.069954 -0.024916
-0.243446 -0.069954 1.003500 0.291215
-0.069246 -0.024916 0.291215 0.125487
11.589763 1.517660 10.437420 1.763835
0.729096 0.201891 -0.230789 -0.059106
0.201891 0.088108 -0.059761 -0.019156
-0.230789 -0.059761 0.920120 0.246350
-0.059106 -0.019156 0.246350 0.101322
12.851720 1.651797 11.732194 1.870641
0.697817 0.180965 -0.209319 -0.048609
0.180965 0.075934 -0.049268 -0.014491
-0.209319 -0.049268 0.835226 0.208936
-0.048609 -0.014491 0.208936 0.083964
13.884075 1.701145 12.444820 1.819054
0.664023 0.162874 -0.181476 -0.038400
0.162874 0.066892 -0.038963 -0.010727
-0.181476 -0.038963 0.764044 0.180858
-0.038400 -0.010727 0.180858 0.072088
14.710838 1.700719 13.954793 1.956000
0.630715 0.147736 -0.154949 -0.030060
0.147736 0.060233 -0.030488 -0.007987
-0.154949 -0.030488 0.708363 0.160487
-0.030060 -0.007987 0.160487 0.064032
14.776944 1.523303 15.063986 1.977772
0.602931 0.136137 -0.129006 -0.022952
0.136137 0.055550 -0.023307 -0.005914
-0.129006 -0.023307 0.659115 0.144350
-0.022952 -0.005914 0.144350 0.058226
15.286886 1.469347 16.234380 2.014451
0.581852 0.127662 -0.107760 -0.017668
0.127662 0.052334 -0.018019 -0.004496
-0.107760 -0.018019 0.617130 0.131816
-0.017668 -0.004496 0.131816 0.054070
16.056914 1.474376 16.961808 1.955625
0.564173 0.121105 -0.088700 -0.013387
0.121105 0.050052 -0.013732 -0.003437
-0.088700 -0.013732 0.582538 0.122331
-0.013387 -0.003437 0.122331 0.051146
16.362538 1.382564 17.923779 1.948327
0.548161 0.115786 -0.072296 -0.010048
0.115786 0.048387 -0.010360 -0.002665
-0.072296 -0.010360 0.555996 0.115558
-0.010048 -0.002665 0.115558 0.049170
17.372191 1.447492 18.675737 1.904949
0.535337 0.111829 -0.058310 -0.007448
0.111829 0.047252 -0.007738 -0.002100
-0.058310 -0.007738 0.534376 0.110479
-0.007448 -0.002100 0.110479 0.047783
18.374717 1.505446 19.620608 1.905599
0.523512 0.108586 -0.045949 -0.005340
0.108586 0.046425 -0.005590 -0.001662
-0.045949 -0.005590 0.518382 0.107023
-0.005340 -0.001662 0.107023 0.046884
18.866161 1.455792 21.232318 2.040256
0.513187 0.106045 -0.035007 -0.003614
0.106045 0.045850 -0.003824 -0.001315
-0.035007 -0.003824 0.506487 0.104683
-0.003614 -0.001315 0.104683 0.046302
19.682225 1.473345 22.136123 2.016652
0.504985 0.104231 -0.025199 -0.002162
0.104231 0.045491 -0.002343 -0.001029
-0.025199 -0.002343 0.497199 0.103028
-0.002162 -0.001029 0.103028 0.045908
19.959170 1.378221 23.122485 2.009795
0.497879 0.102826 -0.017406 -0.001145
0.102826 0.045248 -0.001296 -0.000831
-0.017406 -0.001296 0.490923 0.102064
-0.001145 -0.000831 0.102064 0.045678
20.392128 1.325295 24.153789 2.014314
0.491928 0.101784 -0.011248 -0.000444
0.101784 0.045095 -0.000568 -0.000688
-0.011248 -0.000568 0.486765 0.101544
-0.000444 -0.000688 0.101544 0.045547
21.086875 1.331362 24.933074 1.966712
0.486552 0.100935 -0.006576 -0.000003
0.100935 0.044983 -0.000103 -0.000589
-0.006576 -0.000103 0.484633 0.101413
-0.000003 -0.000589 0.101413 0.045494
21.544376 1.288476 26.175053 2.020579
0.481640 0.100227 -0.003650 0.000138
0.100227 0.044896 0.000061 -0.000538
-0.003650 0.000061 0.484101 0.101555
0.000138 -0.000538 0.101555 0.045490
21.935286 1.235482 27.081530 1.998489
0.476493 0.099493 -0.001980 0.000100
0.099493 0.044794 0.000042 -0.000512
-0.001980 0.000042 0.485418 0.102009
0.000100 -0.000512 0.102009 0.045543
22.602585 1.245836 27.992612 1.979969
0.471456 0.098800 -0.001415 -0.000079
0.098800 0.044694 -0.000123 -0.000504
-0.001415 -0.000123 0.487910 0.102618
-0.000079 -0.000504 0.102618 0.045619
23.055780 1.210111 29.430063 2.074069
0.466473 0.098127 -0.002366 -0.000486
0.098127 0.044588 -0.000522 -0.000536
-0.002366 -0.000522 0.491398 0.103344
-0.000486 -0.000536 0.103344 0.045712
23.285259 1.130896 30.090796 1.995086
0.460514 0.097250 -0.004366 -0.001015
0.097250 0.044431 -0.001049 -0.000585
-0.004366 -0.001049 0.496909 0.104406
-0.001015 -0.000585 0.104406 0.045870
23.512459 1.059245 30.822240 1.939371
0.455143 0.096512 -0.006551 -0.001490
0.096512 0.044299 -0.001525 -0.000617
-0.006551 -0.001525 0.502570 0.105392
-0.001490 -0.000617 0.105392 0.046005
24.235817 1.100506 31.723553 1.925043
0.450119 0.095844 -0.008853 -0.001916
0.095844 0.044174 -0.001955 -0.000639
-0.008853 -0.001955 0.508508 0.106352
-0.001916 -0.000639 0.106352 0.046134
24.485542 1.036268 32.852974 1.959811
0.445342 0.095217 -0.012511 -0.002571
0.095217 0.044051 -0.002620 -0.000713
-0.012511 -0.002620 0.514883 0.107335
-0.002571 -0.000713 0.107335 0.046269
25.225990 1.083937 33.715504 1.935531
0.440219 0.094498 -0.015970 -0.003120
0.094498 0.043899 -0.003178 -0.000766
-0.015970 -0.003178 0.522348 0.108487
-0.003120 -0.000766 0.108487 0.046444
26.027310 1.140162 35.026049 2.006669
0.435681 0.093894 -0.020403 -0.003828
0.093894 0.043768 -0.003902 -0.000858
-0.020403 -0.003902 0.529810 0.109573
-0.003828 -0.000858 0.109573 0.046606
26.624712 1.145336 35.531735 1.904221
0.431143 0.093266 -0.025326 -0.004590
0.093266 0.043625 -0.004682 -0.000965
-0.025326 -0.004682 0.538081 0.110777
-0.004590 -0.000965 0.110777 0.046797
27.524608 1.216265 36.406195 1.888987
0.427699 0.092858 -0.030222 -0.005302
0.092858 0.043525 -0.005413 -0.001064
-0.030222 -0.005413 0.545329 0.111720
-0.005302 -0.001064 0.111720 0.046937
28.577003 1.313108 37.340432 1.888131
0.424843 0.092538 -0.035230 -0.006006
0.092538 0.043437 -0.006138 -0.001169
-0.035230 -0.006138 0.552241 0.112577
-0.006006 -0.001169 0.112577 0.047068
29.333823 1.335420 38.391861 1.910290
0.422485 0.092286 -0.039945 -0.006629
0.092286 0.043357 -0.006777 -0.001261
-0.039945 -0.006777 0.558718 0.113342
-0.006629 -0.001261 0.113342 0.047190
30.310935 1.404760 39.691071 1.981190
0.420447 0.092068 -0.042492 -0.006805
0.092068 0.043281 -0.006935 -0.001264
-0.042492 -0.006935 0.564047 0.113891
-0.006805 -0.001264 0.113891 0.047278
30.805332 1.359034 40.685856 1.981013
0.419288 0.092021 -0.041572 -0.006316
0.092021 0.043241 -0.006388 -0.001139
-0.041572 -0.006388 0.566295 0.113867
-0.006316 -0.001139 0.113867 0.047265
31.560059 1.377812 42.092746 2.065009
0.419756 0.092299 -0.037590 -0.005303
0.092299 0.043272 -0.005296 -0.000927
-0.037590 -0.005296 0.564192 0.113068
-0.005303 -0.000927 0.113068 0.047118
31.896204 1.302530 43.589130 2.155999
0.424321 0.093426 -0.030189 -0.003719
0.093426 0.043484 -0.003645 -0.000622
-0.030189 -0.003645 0.553739 0.110760
-0.003719 -0.000622 0.110760 0.046697
32.659607 1.325534 44.340415 2.091140
0.434510 0.095647 -0.022215 -0.002162
0.095647 0.043916 -0.002094 -0.000359
-0.022215 -0.002094 0.535088 0.107075
-0.002162 -0.000359 0.107075 0.046041
32.656977 1.178642 45.235032 2.057644
0.447909 0.098323 -0.016088 -0.001108
0.098323 0.044411 -0.001101 -0.000220
-0.016088 -0.001101 0.514459 0.103321
-0.001108 -0.000220 0.103321 0.045414
33.046315 1.133414 45.884689 1.980131
0.462917 0.101081 -0.012144 -0.000572
0.101081 0.044891 -0.000644 -0.000190
-0.012144 -0.000644 0.494730 0.100027
-0.000572 -0.000190 0.100027 0.044904
33.698551 1.153229 47.252628 2.057548
0.479164 0.103865 -0.010436 -0.000511
0.103865 0.045357 -0.000663 -0.000245
-0.010436 -0.000663 0.476438 0.097211
-0.000511 -0.000245 0.097211 0.044492
34.154687 1.127432 48.316405 2.064435
0.500893 0.107610 -0.013132 -0.001317
0.107610 0.046018 -0.001577 -0.000465
-0.013132 -0.001577 0.456261 0.094100
-0.001317 -0.000465 0.094100 0.044001
34.757966 1.135310 49.120748 2.016916
0.524946 0.111560 -0.019012 -0.002685
0.111560 0.046697 -0.003016 -0.000767
-0.019012 -0.003016 0.438132 0.091504
-0.002685 -0.000767 0.091504 0.043597
