-1.145323 0.503955 3.987344 0.702925
41.463505 16.585761 -56.479068 -22.592117
16.585761 86.638515 -22.592117 -9.037042
-56.479068 -22.592117 80.538224 32.215988
-22.592117 -9.037042 32.215988 92.890741
-0.718583 2.107278 6.453785 2.850568
69.371349 40.958755 -88.197081 -40.354674
40.958755 45.259685 -50.066730 -43.291817
-88.197081 -50.066730 115.258912 54.315651
-40.354674 -43.291817 54.315651 60.963231
1.024192 2.806447 8.332299 3.537793
65.894371 29.997821 -94.801178 -47.214801
29.997821 24.922599 -42.310657 -34.694402
-94.801178 -42.310657 139.562538 70.521556
-47.214801 -34.694402 70.521556 56.092294
2.056122 1.887140 7.181660 1.893324
76.291890 29.875001 -119.085076 -52.764850
29.875001 18.682210 -45.968213 -29.225852
-119.085076 -45.968213 188.884113 83.992855
-52.764850 -29.225852 83.992855 50.023712
2.335968 1.728019 9.495618 2.398764
65.863346 25.688643 -94.527650 -36.827179
25.688643 14.578055 -36.310995 -20.089303
-94.527650 -36.310995 137.984993 53.605491
-36.827179 -20.089303 53.605491 29.204283
2.597478 1.259889 10.175044 2.310023
60.408188 19.823296 -92.254049 -31.382906
19.823296 9.591032 -29.858949 -14.257489
-92.254049 -29.858949 143.097065 48.543461
-31.382906 -14.257489 48.543461 22.275381
-1.634372 -0.055193 19.496414 4.722432
55.776953 15.776023 -89.939163 -26.920960
15.776023 6.668372 -25.047021 -10.456330
-89.939163 -25.047021 147.156169 43.838855
-26.920960 -10.456330 43.838855 17.259525
1.795419 0.852488 16.287420 3.207738
1.342204 0.332756 -2.263083 -0.600524
0.332756 1.767140 0.101401 -2.214143
-2.263083 0.101401 7.214690 1.434623
-0.600524 -2.214143 1.434623 3.417240
4.131132 2.180043 16.659091 1.870975
1.316147 0.661284 -2.545184 -1.146286
0.661284 1.385188 -0.647959 -1.824868
-2.545184 -0.647959 9.137696 2.775762
-1.146286 -1.824868 2.775762 3.028420
4.941132 1.965075 17.619523 2.058237
1.717204 0.903915 -3.717777 -1.635522
0.903915 1.053537 -1.436430 -1.511675
-3.717777 -1.436430 12.527609 4.152957
-1.635522 -1.511675 4.152957 2.736667
4.893880 1.362838 19.696327 2.782776
1.883595 0.849759 -4.576841 -1.682005
0.849759 0.719196 -1.588093 -1.100475
-4.576841 -1.588093 16.157721 4.762380
-1.682005 -1.100475 4.762380 2.237420
7.064234 2.017474 18.227041 1.700936
1.170052 0.453481 -3.017947 -0.949965
0.453481 0.395090 -0.635959 -0.544172
-3.017947 -0.635959 14.526015 3.324325
-0.949965 -0.544172 3.324325 1.298497
8.022178 2.000845 19.234425 1.742184
1.424390 0.491629 -4.006144 -1.105978
0.491629 0.312111 -0.962876 -0.484622
-4.006144 -0.962876 17.806111 3.951855
-1.105978 -0.484622 3.951855 1.252417
8.462444 1.785943 20.955497 2.045838
1.430791 0.425850 -4.431935 -1.058431
0.425850 0.228025 -0.930986 -0.371735
-4.431935 -0.930986 20.857891 4.170416
-1.058431 -0.371735 4.170416 1.104158
8.569527 1.545108 23.849693 2.508952
0.867857 0.236070 -2.698971 -0.587927
0.236070 0.143800 -0.300435 -0.181081
-2.698971 -0.300435 17.573631 2.938823
-0.587927 -0.181081 2.938823 0.695509
10.633930 1.829092 19.843381 1.545538
0.445062 0.157564 -0.328029 -0.156538
0.157564 0.115612 0.230333 -0.067542
-0.328029 0.230333 8.852384 1.132674
-0.156538 -0.067542 1.132674 0.307763
11.936576 1.995517 21.522421 1.560730
0.472389 0.148015 -0.686640 -0.197282
0.148015 0.090935 0.027918 -0.071245
-0.686640 0.027918 8.972135 1.248131
-0.197282 -0.071245 1.248131 0.309670
13.191320 2.084899 22.456914 1.523984
0.432277 0.129506 -0.582416 -0.162719
0.129506 0.075678 0.051254 -0.050160
-0.582416 0.051254 9.899596 1.312017
-0.162719 -0.050160 1.312017 0.288534
14.952506 2.268586 21.194612 1.147613
0.382101 0.116749 -0.138417 -0.089284
0.116749 0.067062 0.154229 -0.025133
-0.138417 0.154229 9.700634 1.172651
-0.089284 -0.025133 1.172651 0.241069
16.389678 2.367366 22.317388 1.159537
0.382262 0.107333 -0.390307 -0.111271
0.107333 0.057310 0.040472 -0.029332
-0.390307 0.040472 9.774065 1.206998
-0.111271 -0.029332 1.206998 0.237493
17.260874 2.278448 22.876854 1.204595
0.352666 0.099254 -0.058572 -0.060161
0.099254 0.052658 0.109201 -0.014046
-0.058572 0.109201 9.344968 1.076477
-0.060161 -0.014046 1.076477 0.203900
18.411466 2.279112 23.251618 1.177538
0.369459 0.105455 0.416346 -0.003283
0.105455 0.052768 0.191007 -0.001191
0.416346 0.191007 7.190886 0.750183
-0.003283 -0.001191 0.750183 0.152086
19.123275 2.176758 25.444203 1.409858
0.454270 0.125214 0.684747 0.019907
0.125214 0.055837 0.213170 0.002330
0.684747 0.213170 4.564913 0.424456
0.019907 0.002330 0.424456 0.109126
20.048075 2.133169 25.216012 1.322260
0.557536 0.144516 0.469355 -0.012770
0.144516 0.058156 0.123472 -0.006924
0.469355 0.123472 1.608782 0.128626
-0.012770 -0.006924 0.128626 0.077790
21.120469 2.133026 26.166793 1.359596
0.689629 0.168764 0.393764 -0.029953
0.168764 0.061800 0.092461 -0.009821
0.393764 0.092461 0.938455 0.076578
-0.029953 -0.009821 0.076578 0.072312
22.013053 2.092460 26.814163 1.374679
0.809355 0.187516 0.259558 -0.053043
0.187516 0.064029 0.054347 -0.013504
0.259558 0.054347 0.585485 0.062228
-0.053043 -0.013504 0.062228 0.071258
22.684049 2.023322 26.499944 1.224443
0.938488 0.206002 0.128628 -0.076155
0.206002 0.066106 0.022544 -0.016683
0.128628 0.022544 0.426357 0.067289
-0.076155 -0.016683 0.067289 0.071961
23.897342 2.060274 27.529247 1.298420
1.071887 0.222959 -0.009039 -0.099951
0.222959 0.067743 -0.006249 -0.019629
-0.009039 -0.006249 0.366826 0.082095
-0.099951 -0.019629 0.082095 0.073405
24.941563 2.062629 28.244767 1.313765
1.191064 0.234911 -0.166590 -0.125695
0.234911 0.068311 -0.035049 -0.022662
-0.166590 -0.035049 0.377061 0.104781
-0.125695 -0.022662 0.104781 0.075774
25.685624 2.008154 28.617022 1.253139
1.313426 0.245750 -0.334933 -0.152256
0.245750 0.068670 -0.061943 -0.025543
-0.334933 -0.061943 0.442005 0.132414
-0.152256 -0.025543 0.132414 0.078501
26.410461 1.955631 29.084960 1.218138
1.451293 0.257785 -0.515282 -0.179563
0.257785 0.069249 -0.087354 -0.028296
-0.515282 -0.087354 0.550943 0.163041
-0.179563 -0.028296 0.163041 0.081243
27.513557 1.980366 29.812610 1.249023
1.610617 0.271834 -0.711796 -0.207752
0.271834 0.070145 -0.112211 -0.030985
-0.711796 -0.112211 0.698378 0.195616
-0.207752 -0.030985 0.195616 0.083862
28.756354 2.031367 30.662352 1.310535
1.774708 0.284668 -0.927247 -0.236702
0.284668 0.070748 -0.136881 -0.033569
-0.927247 -0.136881 0.888416 0.231331
-0.236702 -0.033569 0.231331 0.086793
29.571711 1.992512 31.214249 1.280036
1.945434 0.296728 -1.162400 -0.266277
0.296728 0.071167 -0.161418 -0.036031
-1.162400 -0.161418 1.121245 0.269894
-0.266277 -0.036031 0.269894 0.089980
30.627664 2.001556 31.822999 1.273863
2.141635 0.311222 -1.421436 -0.296717
0.311222 0.071943 -0.186718 -0.038488
-1.421436 -0.186718 1.392235 0.309638
-0.296717 -0.038488 0.309638 0.092999
31.544729 1.977175 32.267009 1.224187
2.346740 0.325133 -1.702665 -0.327662
0.325133 0.072550 -0.212131 -0.040817
-1.702665 -0.212131 1.706989 0.351827
-0.327662 -0.040817 0.351827 0.096234
32.252572 1.930707 32.931522 1.224579
2.560440 0.338483 -2.006136 -0.358969
0.338483 0.073015 -0.237582 -0.043006
-2.006136 -0.237582 2.066611 0.396332
-0.358969 -0.043006 0.396332 0.099645
33.256597 1.942641 33.627730 1.245144
2.822234 0.357612 -2.343948 -0.391376
0.357612 0.074305 -0.265887 -0.045400
-2.343948 -0.265887 2.460142 0.439770
-0.391376 -0.045400 0.439770 0.102428
34.438097 1.981446 34.271229 1.260320
3.106930 0.377902 -2.710726 -0.424503
0.377902 0.075641 -0.295319 -0.047766
-2.710726 -0.295319 2.895729 0.484382
-0.424503 -0.047766 0.484382 0.105211
34.867221 1.860865 34.610532 1.169813
3.395202 0.396123 -3.101854 -0.458260
0.396123 0.076554 -0.324310 -0.049949
-3.101854 -0.324310 3.382702 0.532205
-0.458260 -0.049949 0.532205 0.108430
35.851763 1.861299 35.065463 1.146954
3.725878 0.418701 -3.528264 -0.492569
0.418701 0.078011 -0.356086 -0.052267
-3.528264 -0.356086 3.904505 0.578821
-0.492569 -0.052267 0.578821 0.111135
36.905097 1.890308 35.729821 1.171706
4.058337 0.438696 -3.979371 -0.527607
0.438696 0.078984 -0.386979 -0.054379
-3.979371 -0.386979 4.481018 0.628950
-0.527607 -0.054379 0.628950 0.114321
38.618210 2.040280 36.447375 1.243101
4.409415 0.459001 -4.460805 -0.563336
0.459001 0.079925 -0.418560 -0.056445
-4.460805 -0.418560 5.106904 0.680736
-0.563336 -0.056445 0.680736 0.117565
39.283074 1.990529 37.260794 1.255518
4.711537 0.469818 -4.940387 -0.598072
0.469818 0.079591 -0.443959 -0.057841
-4.940387 -0.443959 5.794307 0.738181
-0.598072 -0.057841 0.738181 0.121688
40.340361 2.019374 38.103270 1.297198
5.105849 0.492413 -5.486226 -0.634970
0.492413 0.080773 -0.478136 -0.059949
-5.486226 -0.478136 6.522074 0.792367
-0.634970 -0.059949 0.792367 0.124787
41.001937 1.939064 38.558220 1.241283
5.541253 0.518601 -6.071334 -0.672358
0.518601 0.082328 -0.515276 -0.062187
-6.071334 -0.515276 7.289886 0.845532
-0.672358 -0.062187 0.845532 0.127512
41.953573 1.935980 39.181574 1.240534
6.010255 0.546966 -6.692291 -0.710111
0.546966 0.084050 -0.554374 -0.064460
-6.692291 -0.554374 8.098409 0.898236
-0.710111 -0.064460 0.898236 0.130019
42.996504 1.956186 39.875250 1.257574
6.505037 0.575870 -7.348963 -0.748721
0.575870 0.085720 -0.594344 -0.066699
-7.348963 -0.594344 8.957377 0.952206
-0.748721 -0.066699 0.952206 0.132588
43.439900 1.852862 40.458064 1.213044
7.025212 0.605143 -8.042147 -0.788259
0.605143 0.087323 -0.635058 -0.068901
-8.042147 -0.635058 9.869144 1.007650
-0.788259 -0.068901 1.007650 0.135235
44.155298 1.857897 41.567250 1.276325
7.604451 0.641351 -8.768237 -0.825689
0.641351 0.089709 -0.680826 -0.071280
-8.768237 -0.680826 10.776572 1.055788
-0.825689 -0.071280 1.055788 0.136797
