-2.933072 -0.211160 8.137445 2.363001
41.463505 16.585761 -56.479068 -22.592117
16.585761 86.638515 -22.592117 -9.037042
-56.479068 -22.592117 80.538224 32.215988
-22.592117 -9.037042 32.215988 92.890741
-0.406284 4.010053 10.127303 4.830585
35.863178 8.025235 -66.081903 -40.578479
8.025235 23.783691 -11.360283 -27.179227
-66.081903 -11.360283 127.102600 79.908974
-40.578479 -27.179227 79.908974 85.450765
-0.411272 -1.673565 5.696044 1.921668
44.661910 16.014793 -92.661548 -50.461778
16.014793 16.144867 -30.712023 -29.285998
-92.661548 -30.712023 197.829563 107.319109
-50.461778 -29.285998 107.319109 77.682080
-4.110611 -1.811075 15.434619 5.432823
27.930078 16.038334 -45.108155 -24.261223
16.038334 14.306461 -24.687965 -20.402757
-45.108155 -24.687965 76.201452 40.009009
-24.261223 -20.402757 40.009009 32.297277
-2.172218 -0.393119 13.822636 3.411759
2.435922 0.883718 -5.204068 -2.165844
0.883718 3.277302 -0.533043 -4.431718
-5.204068 -0.533043 17.247841 6.407651
-2.165844 -4.431718 6.407651 9.177078
-0.746799 1.139028 15.853476 2.511046
2.893336 1.436656 -7.359490 -3.554429
1.436656 2.329070 -2.516377 -3.717638
-7.359490 -2.516377 25.687929 10.750583
-3.554429 -3.717638 10.750583 8.621456
0.933090 1.985828 16.538621 1.699107
3.247642 1.444704 -9.607004 -4.017370
1.444704 1.524233 -3.218317 -2.754748
-9.607004 -3.218317 36.536941 13.563660
-4.017370 -2.754748 13.563660 7.443973
2.334949 2.269476 17.266693 1.444855
4.019899 1.541598 -12.989804 -4.629226
1.541598 1.098868 -4.095812 -2.285870
-12.989804 -4.095812 50.355086 16.471974
-4.629226 -2.285870 16.471974 6.866941
4.524710 2.786089 16.324359 0.655908
4.677720 1.511215 -16.249685 -4.930496
1.511215 0.803750 -4.499234 -1.879998
-16.249685 -4.499234 64.989401 18.507296
-4.930496 -1.879998 18.507296 6.231027
7.184431 3.001047 10.199176 -0.831574
5.740004 1.844096 -17.584135 -5.027891
1.844096 0.788203 -5.196965 -1.814491
-17.584135 -5.196965 59.929012 16.293034
-5.027891 -1.814491 16.293034 5.094003
7.667812 2.736711 13.247990 0.004445
2.249249 0.856413 -3.460620 -1.271882
0.856413 0.447349 -1.183635 -0.648942
-3.460620 -1.183635 7.395059 2.241214
-1.271882 -0.648942 2.241214 1.167810
9.160233 2.785803 13.222125 -0.031591
3.189059 1.074985 -4.735297 -1.570510
1.074985 0.449060 -1.523305 -0.649768
-4.735297 -1.523305 8.596407 2.583218
-1.570510 -0.649768 2.583218 1.127213
10.369745 2.752817 14.108219 0.162248
4.207530 1.260676 -5.896102 -1.767903
1.260676 0.444348 -1.724511 -0.620700
-5.896102 -1.724511 9.498640 2.701278
-1.767903 -0.620700 2.701278 1.030088
12.246651 2.872420 12.950486 -0.132420
5.420354 1.446394 -7.388063 -1.981427
1.446394 0.440255 -1.944804 -0.599158
-7.388063 -1.944804 11.133947 2.914218
-1.981427 -0.599158 2.914218 0.965302
12.715118 2.644723 14.385984 0.223675
4.994526 1.210131 -5.974373 -1.454279
1.210131 0.339616 -1.430759 -0.408416
-5.974373 -1.430759 7.998273 1.923544
-1.454279 -0.408416 1.923544 0.624698
13.205842 2.477924 16.563188 0.693112
5.970800 1.314753 -6.890179 -1.516585
1.314753 0.330763 -1.505796 -0.379280
-6.890179 -1.505796 8.723352 1.930441
-1.516585 -0.379280 1.930441 0.560273
15.008739 2.594657 16.525181 0.627620
6.334346 1.268872 -7.665294 -1.555342
1.268872 0.292090 -1.525465 -0.348462
-7.665294 -1.525465 10.067820 2.076169
-1.555342 -0.348462 2.076169 0.539722
15.753017 2.494313 17.626975 0.781395
7.114097 1.315827 -8.369426 -1.543158
1.315827 0.279159 -1.537387 -0.315801
-8.369426 -1.537387 10.595263 1.999837
-1.543158 -0.315801 1.999837 0.472744
16.141448 2.325651 17.751503 0.641551
7.826656 1.340087 -9.265865 -1.583055
1.340087 0.263918 -1.573971 -0.296302
-9.265865 -1.573971 11.713329 2.055904
-1.583055 -0.296302 2.055904 0.443646
17.492570 2.364577 18.277934 0.708677
8.440586 1.347858 -9.931719 -1.570761
1.347858 0.248964 -1.570830 -0.272075
-9.931719 -1.570830 12.416725 2.022940
-1.570761 -0.272075 2.022940 0.402706
19.032147 2.418967 18.250144 0.655489
7.908377 1.194139 -8.845547 -1.267257
1.194139 0.213679 -1.318366 -0.209656
-8.845547 -1.318366 10.580477 1.576947
-1.267257 -0.209656 1.576947 0.300811
22.471126 2.722059 15.619897 0.213604
4.194176 0.619852 -3.872403 -0.448564
0.619852 0.124815 -0.555219 -0.082861
-3.872403 -0.555219 4.157225 0.545757
-0.448564 -0.082861 0.545757 0.132367
21.990996 2.469689 17.632925 0.452938
1.246485 0.191403 -0.628889 -0.013190
0.191403 0.062529 -0.081777 -0.017682
-0.628889 -0.081777 0.793651 0.113815
-0.013190 -0.017682 0.113815 0.074100
22.422402 2.353589 18.561651 0.541201
1.109898 0.176101 -0.299013 0.034682
0.176101 0.060878 -0.037757 -0.009847
-0.299013 -0.037757 0.494142 0.087172
0.034682 -0.009847 0.087172 0.069282
23.385838 2.321017 19.020081 0.570305
1.077475 0.173693 -0.094122 0.063177
0.173693 0.060690 -0.011055 -0.004800
-0.094122 -0.011055 0.390652 0.088542
0.063177 -0.004800 0.088542 0.068469
24.640609 2.335573 19.459257 0.615950
0.988771 0.159579 0.091580 0.085065
0.159579 0.058174 0.013034 -0.000796
0.091580 0.013034 0.394502 0.107606
0.085065 -0.000796 0.107606 0.070735
25.773245 2.328208 19.842540 0.634574
0.836926 0.134095 0.225111 0.093952
0.134095 0.053625 0.027230 0.000822
0.225111 0.027230 0.492810 0.140369
0.093952 0.000822 0.140369 0.075086
26.954008 2.325751 20.316987 0.676773
0.701254 0.112102 0.302058 0.093441
0.112102 0.049784 0.030644 0.000700
0.302058 0.030644 0.646968 0.178021
0.093441 0.000700 0.178021 0.079765
28.002248 2.299793 20.759743 0.703985
0.583905 0.094433 0.332118 0.085675
0.094433 0.046855 0.025356 -0.000722
0.332118 0.025356 0.837047 0.217029
0.085675 -0.000722 0.217029 0.084221
28.951643 2.266676 20.969048 0.671738
0.492740 0.082259 0.332725 0.074807
0.082259 0.044977 0.015003 -0.002629
0.332725 0.015003 1.056138 0.256426
0.074807 -0.002629 0.256426 0.088402
30.836316 2.417057 21.493942 0.697408
0.430610 0.075347 0.326017 0.065436
0.075347 0.043944 0.003936 -0.004151
0.326017 0.003936 1.313310 0.298050
0.065436 -0.004151 0.298050 0.092707
31.699536 2.344903 21.734809 0.683913
0.377286 0.070625 0.288403 0.051893
0.070625 0.043358 -0.012133 -0.006390
0.288403 -0.012133 1.594054 0.338808
0.051893 -0.006390 0.338808 0.096548
32.969473 2.365285 22.130170 0.691875
0.341162 0.068710 0.245888 0.039841
0.068710 0.043116 -0.027860 -0.008201
0.245888 -0.027860 1.920058 0.382544
0.039841 -0.008201 0.382544 0.100634
34.024095 2.335988 22.437365 0.688058
0.315257 0.068500 0.187566 0.026857
0.068500 0.043098 -0.045227 -0.010081
0.187566 -0.045227 2.284525 0.427555
0.026857 -0.010081 0.427555 0.104637
34.767940 2.242307 22.464701 0.641976
0.298909 0.069596 0.118528 0.013930
0.069596 0.043183 -0.062929 -0.011811
0.118528 -0.062929 2.695816 0.474889
0.013930 -0.011811 0.474889 0.108719
35.892432 2.237595 22.979323 0.674135
0.290752 0.071238 0.053771 0.003488
0.071238 0.043122 -0.077405 -0.012839
0.053771 -0.077405 3.171526 0.526743
0.003488 -0.012839 0.526743 0.113179
37.082391 2.251068 23.509504 0.703469
0.288018 0.073698 -0.037062 -0.009725
0.073698 0.043253 -0.095623 -0.014414
-0.037062 -0.095623 3.683723 0.578483
-0.009725 -0.014414 0.578483 0.117314
37.811913 2.153790 23.674365 0.678961
0.292224 0.077168 -0.154345 -0.025331
0.077168 0.043582 -0.117213 -0.016391
-0.154345 -0.117213 4.230444 0.629754
-0.025331 -0.016391 0.629754 0.121100
39.147872 2.212274 24.567887 0.756494
0.301925 0.080772 -0.277242 -0.040018
0.080772 0.043783 -0.136878 -0.017956
-0.277242 -0.136878 4.843409 0.684982
-0.040018 -0.017956 0.684982 0.125190
39.762785 2.092113 24.394678 0.680997
0.323535 0.086665 -0.449717 -0.059885
0.086665 0.044562 -0.165099 -0.020591
-0.449717 -0.165099 5.447749 0.733492
-0.059885 -0.020591 0.733492 0.128097
40.849402 2.102720 24.678697 0.674000
0.345998 0.091102 -0.605966 -0.075734
0.091102 0.044749 -0.184999 -0.021974
-0.605966 -0.184999 6.168774 0.792700
-0.075734 -0.021974 0.792700 0.132269
42.030427 2.135436 25.200529 0.698539
0.372850 0.095505 -0.774216 -0.091666
0.095505 0.044878 -0.204163 -0.023224
-0.774216 -0.204163 6.952683 0.854438
-0.091666 -0.023224 0.854438 0.136507
42.956532 2.100264 25.821006 0.728702
0.408597 0.101023 -0.972473 -0.109780
0.101023 0.045253 -0.227192 -0.024888
-0.972473 -0.227192 7.780361 0.915872
-0.109780 -0.024888 0.915872 0.140434
44.181881 2.144429 26.185867 0.732304
0.457584 0.108469 -1.210321 -0.130820
0.108469 0.046018 -0.256145 -0.027131
-1.210321 -0.256145 8.626883 0.973925
-0.130820 -0.027131 0.973925 0.143708
45.387345 2.180305 26.829499 0.766600
0.513204 0.115996 -1.464767 -0.152008
0.115996 0.046693 -0.284106 -0.029145
-1.464767 -0.284106 9.546226 1.035540
-0.152008 -0.029145 1.035540 0.147238
46.284139 2.134047 27.390622 0.780694
0.583488 0.125373 -1.756341 -0.175369
0.125373 0.047678 -0.316766 -0.031530
-1.756341 -0.316766 10.487479 1.094280
-0.175369 -0.031530 1.094280 0.150242
47.492334 2.171331 27.929820 0.800785
0.668833 0.136396 -2.081857 -0.200320
0.136396 0.048885 -0.352741 -0.034102
-2.081857 -0.352741 11.453594 1.150851
-0.200320 -0.034102 1.150851 0.152862
48.269624 2.086811 27.857158 0.741448
0.767145 0.148342 -2.435683 -0.226195
0.148342 0.050137 -0.389735 -0.036628
-2.435683 -0.389735 12.473710 1.208690
-0.226195 -0.036628 1.208690 0.155512
49.316728 2.088982 28.291593 0.748033
0.857480 0.156657 -2.778057 -0.249673
0.156657 0.050545 -0.415675 -0.038062
-2.778057 -0.415675 13.650959 1.279608
-0.249673 -0.038062 1.279608 0.159503
50.335834 2.089781 28.983014 0.778489
0.957500 0.165482 -3.146318 -0.274039
0.165482 0.051017 -0.442864 -0.039569
-3.146318 -0.442864 14.891749 1.351740
-0.274039 -0.039569 1.351740 0.163414
