3.447113 2.340969 -1.155667 -1.354324
2.575399 1.030182 -0.261185 -0.104476
1.030182 80.416148 -0.104476 -0.041791
-0.261185 -0.104476 2.388565 0.955447
-0.104476 -0.041791 0.955447 80.386254
4.851013 2.711527 -3.406605 -4.112335
2.207642 3.834236 -0.282139 -0.445572
3.834236 15.340728 -0.436918 -1.432853
-0.282139 -0.436918 2.389300 4.188830
-0.445572 -1.432853 4.188830 15.486943
5.594016 2.049428 -0.384987 1.685517
1.900576 2.213338 -0.262616 -0.285864
2.213338 4.519754 -0.283612 -0.508575
-0.262616 -0.283612 2.190668 2.501333
-0.285864 -0.508575 2.501333 4.720206
8.343440 3.529047 1.479249 2.537896
1.664045 1.419877 -0.199110 -0.159039
1.419877 1.918462 -0.158240 -0.204901
-0.199110 -0.158240 1.817687 1.505167
-0.159039 -0.204901 1.505167 1.945003
9.084890 2.846903 3.217634 2.842085
1.441186 0.962653 -0.138783 -0.088430
0.962653 0.976614 -0.087605 -0.094114
-0.138783 -0.087605 1.551918 1.009895
-0.088430 -0.094114 1.009895 0.994106
9.556751 2.325900 5.569272 3.341811
1.269981 0.696385 -0.106218 -0.057554
0.696385 0.567176 -0.056994 -0.052107
-0.106218 -0.056994 1.347664 0.723125
-0.057554 -0.052107 0.723125 0.577847
9.085192 1.565790 6.144508 2.843092
1.137287 0.529230 -0.083761 -0.039861
0.529230 0.361839 -0.039463 -0.031557
-0.083761 -0.039463 1.185533 0.542169
-0.039861 -0.031557 0.542169 0.367375
10.017046 1.626900 6.851202 2.557319
1.029084 0.416572 -0.072576 -0.030857
0.416572 0.247489 -0.030594 -0.021178
-0.072576 -0.030594 1.059865 0.423427
-0.030857 -0.021178 0.423427 0.251045
10.625100 1.554429 7.230589 2.237881
0.937458 0.336674 -0.062524 -0.023992
0.336674 0.178899 -0.023811 -0.014616
-0.062524 -0.023811 0.961032 0.341905
-0.023992 -0.014616 0.341905 0.181933
11.021497 1.430660 8.656131 2.337193
0.860448 0.278733 -0.054644 -0.019093
0.278733 0.135745 -0.018968 -0.010445
-0.054644 -0.018968 0.881079 0.283567
-0.019093 -0.010445 0.283567 0.138473
11.138267 1.253620 9.573520 2.264003
0.797177 0.236291 -0.047329 -0.015192
0.236291 0.107673 -0.015100 -0.007591
-0.047329 -0.015100 0.813246 0.240001
-0.015192 -0.007591 0.240001 0.109811
11.745363 1.247654 11.195503 2.398215
0.744243 0.204422 -0.041455 -0.012306
0.204422 0.088787 -0.012236 -0.005656
-0.041455 -0.012236 0.756081 0.207113
-0.012306 -0.005656 0.207113 0.090417
12.647850 1.319243 12.554884 2.439139
0.699718 0.180146 -0.035584 -0.009839
0.180146 0.075784 -0.009784 -0.004230
-0.035584 -0.009784 0.707405 0.181881
-0.009839 -0.004230 0.181881 0.076983
13.553554 1.379477 13.406725 2.349320
0.661674 0.161355 -0.030052 -0.007789
0.161355 0.066656 -0.007747 -0.003177
-0.030052 -0.007747 0.666402 0.162481
-0.007789 -0.003177 0.162481 0.067562
14.076728 1.340652 14.533646 2.338250
0.628981 0.146691 -0.025284 -0.006175
0.146691 0.060171 -0.006143 -0.002410
-0.025284 -0.006143 0.632075 0.147533
-0.006175 -0.002410 0.147533 0.060896
14.231994 1.224734 15.806791 2.361796
0.601313 0.135312 -0.021192 -0.004896
0.135312 0.055559 -0.004873 -0.001844
-0.021192 -0.004873 0.602970 0.135895
-0.004896 -0.001844 0.135895 0.056129
14.906716 1.238376 16.703211 2.299407
0.578135 0.126525 -0.017699 -0.003880
0.126525 0.052283 -0.003864 -0.001421
-0.017699 -0.003864 0.578197 0.126805
-0.003880 -0.001421 0.126805 0.052706
15.831572 1.303855 17.653957 2.256706
0.558474 0.119695 -0.014677 -0.003060
0.119695 0.049948 -0.003048 -0.001099
-0.014677 -0.003048 0.557538 0.119801
-0.003060 -0.001099 0.119801 0.050270
16.106933 1.224322 18.721333 2.243682
0.541861 0.114414 -0.011997 -0.002381
0.114414 0.048296 -0.002373 -0.000849
-0.011997 -0.002373 0.540459 0.114451
-0.002381 -0.000849 0.114451 0.048550
16.834870 1.248429 19.581672 2.188883
0.528132 0.110412 -0.009698 -0.001833
0.110412 0.047150 -0.001829 -0.000657
-0.009698 -0.001829 0.526266 0.110366
-0.001833 -0.000657 0.110366 0.047340
17.452201 1.246966 20.600709 2.173159
0.516752 0.107391 -0.007719 -0.001390
0.107391 0.046363 -0.001388 -0.000508
-0.007719 -0.001388 0.514730 0.107317
-0.001390 -0.000508 0.107317 0.046509
17.931149 1.217050 21.768716 2.190024
0.507449 0.105154 -0.006006 -0.001028
0.105154 0.045837 -0.001028 -0.000392
-0.006006 -0.001028 0.505437 0.105076
-0.001028 -0.000392 0.105076 0.045949
18.779762 1.266751 22.815424 2.180089
0.499936 0.103531 -0.004517 -0.000732
0.103531 0.045496 -0.000733 -0.000301
-0.004517 -0.000733 0.498055 0.103466
-0.000732 -0.000301 0.103466 0.045582
19.571753 1.299456 23.425124 2.080285
0.493871 0.102369 -0.003279 -0.000502
0.102369 0.045281 -0.000502 -0.000231
-0.003279 -0.000502 0.492365 0.102359
-0.000502 -0.000231 0.102359 0.045354
19.837743 1.219820 24.654442 2.119562
0.489064 0.101565 -0.002330 -0.000338
0.101565 0.045153 -0.000340 -0.000180
-0.002330 -0.000340 0.488049 0.101626
-0.000338 -0.000180 0.101626 0.045219
20.513511 1.233428 25.260999 2.025008
0.485280 0.101024 -0.001538 -0.000210
0.101024 0.045080 -0.000211 -0.000140
-0.001538 -0.000211 0.484880 0.101174
-0.000210 -0.000140 0.101174 0.045147
21.094630 1.225950 25.956447 1.958703
0.482353 0.100678 -0.000988 -0.000131
0.100678 0.045042 -0.000133 -0.000113
-0.000988 -0.000133 0.482618 0.100921
-0.000131 -0.000113 0.100921 0.045112
22.047268 1.297028 26.934106 1.958378
0.480105 0.100467 -0.000632 -0.000090
0.100467 0.045024 -0.000091 -0.000094
-0.000632 -0.000091 0.481084 0.100807
-0.000090 -0.000094 0.100807 0.045100
22.706020 1.299174 27.849965 1.945084
0.478331 0.100334 -0.000522 -0.000094
0.100334 0.045012 -0.000095 -0.000086
-0.000522 -0.000095 0.480175 0.100800
-0.000094 -0.000086 0.100800 0.045102
22.710203 1.163504 29.377463 2.061760
0.476922 0.100251 -0.000595 -0.000127
0.100251 0.045001 -0.000128 -0.000084
-0.000595 -0.000128 0.479741 0.100860
-0.000127 -0.000084 0.100860 0.045111
23.519798 1.211491 30.136288 2.004493
0.475580 0.100150 -0.000692 -0.000156
0.100150 0.044978 -0.000156 -0.000081
-0.000692 -0.000156 0.479868 0.101002
-0.000156 -0.000081 0.101002 0.045130
24.095656 1.205180 31.444486 2.068939
0.474477 0.100074 -0.001026 -0.000227
0.100074 0.044955 -0.000227 -0.000086
-0.001026 -0.000227 0.480213 0.101151
-0.000227 -0.000086 0.101151 0.045145
24.542656 1.172321 32.422040 2.056946
0.473347 0.099966 -0.001545 -0.000327
0.099966 0.044921 -0.000327 -0.000098
-0.001545 -0.000327 0.480909 0.101339
-0.000327 -0.000098 0.101339 0.045165
25.326037 1.214013 33.313374 2.028053
0.472255 0.099848 -0.002170 -0.000438
0.099848 0.044883 -0.000439 -0.000112
-0.002170 -0.000439 0.481791 0.101533
-0.000438 -0.000112 0.101533 0.045183
26.160205 1.262116 34.587344 2.082847
0.471236 0.099730 -0.003028 -0.000589
0.099730 0.044844 -0.000590 -0.000135
-0.003028 -0.000590 0.482747 0.101715
-0.000589 -0.000135 0.101715 0.045198
27.289695 1.367686 35.601289 2.077156
0.470111 0.099576 -0.004183 -0.000790
0.099576 0.044797 -0.000792 -0.000168
-0.004183 -0.000792 0.483918 0.101920
-0.000790 -0.000168 0.101920 0.045218
27.644100 1.297686 36.112351 1.966015
0.469060 0.099431 -0.005729 -0.001059
0.099431 0.044753 -0.001062 -0.000215
-0.005729 -0.001062 0.485093 0.102106
-0.001059 -0.000215 0.102106 0.045235
27.861981 1.206116 36.785721 1.900684
0.468150 0.099309 -0.007144 -0.001282
0.099309 0.044715 -0.001286 -0.000250
-0.007144 -0.001286 0.486154 0.102254
-0.001282 -0.000250 0.102254 0.045246
29.147761 1.350908 37.525571 1.856889
0.467237 0.099180 -0.008410 -0.001463
0.099180 0.044677 -0.001468 -0.000278
-0.008410 -0.001468 0.487234 0.102398
-0.001463 -0.000278 0.102398 0.045259
29.588976 1.301510 38.879195 1.945979
0.466541 0.099092 -0.010150 -0.001739
0.099092 0.044647 -0.001746 -0.000327
-0.010150 -0.001746 0.488135 0.102499
-0.001739 -0.000327 0.102499 0.045265
30.292516 1.313092 40.196421 2.018266
0.465491 0.098921 -0.011978 -0.002021
0.098921 0.044600 -0.002029 -0.000377
-0.011978 -0.002029 0.489458 0.102690
-0.002021 -0.000377 0.102690 0.045294
30.551113 1.228880 41.528713 2.085501
0.464230 0.098707 -0.014041 -0.002343
0.098707 0.044546 -0.002351 -0.000436
-0.014041 -0.002351 0.491082 0.102937
-0.002343 -0.000436 0.102937 0.045336
31.148510 1.225584 42.784061 2.130004
0.462641 0.098428 -0.016029 -0.002637
0.098428 0.044481 -0.002645 -0.000489
-0.016029 -0.002645 0.493123 0.103261
-0.002637 -0.000489 0.103261 0.045394
31.942059 1.262897 43.201889 1.994927
0.460934 0.098136 -0.018167 -0.002955
0.098136 0.044416 -0.002962 -0.000548
-0.018167 -0.002962 0.495391 0.103617
-0.002955 -0.000548 0.103617 0.045458
32.329975 1.209828 43.656700 1.881007
0.459717 0.097960 -0.020376 -0.003280
0.097960 0.044377 -0.003288 -0.000609
-0.020376 -0.003288 0.497184 0.103857
-0.003280 -0.000609 0.103857 0.045497
32.601648 1.138960 44.696150 1.900848
0.458733 0.097832 -0.022371 -0.003552
0.097832 0.044349 -0.003562 -0.000660
-0.022371 -0.003562 0.498732 0.104043
-0.003552 -0.000660 0.104043 0.045526
33.434066 1.195685 45.853992 1.944812
0.457529 0.097653 -0.024260 -0.003803
0.097653 0.044308 -0.003812 -0.000708
-0.024260 -0.003812 0.500580 0.104296
-0.003803 -0.000708 0.104296 0.045573
34.219451 1.236880 47.189702 2.021037
0.456291 0.097464 -0.026519 -0.004134
0.097464 0.044264 -0.004144 -0.000775
-0.026519 -0.004144 0.502625 0.104586
-0.004134 -0.000775 0.104586 0.045628
34.825541 1.234403 48.249817 2.031311
0.454902 0.097242 -0.029102 -0.004527
0.097242 0.044213 -0.004538 -0.000856
-0.029102 -0.004538 0.505030 0.104944
-0.004527 -0.000856 0.104944 0.045697
35.109185 1.163292 49.356711 2.049035
0.453499 0.097021 -0.031739 -0.004922
0.097021 0.044163 -0.004934 -0.000936
-0.031739 -0.004934 0.507582 0.105321
-0.004922 -0.000936 0.105321 0.045770
