1.215510 1.448309 3.794943 0.625963
2.053490 0.821414 -0.226717 -0.090689
0.821414 80.332639 -0.090689 -0.036276
-0.226717 -0.090689 3.101368 1.240574
-0.090689 -0.036276 1.240574 80.500307
2.683150 2.682768 -0.697922 -7.510647
2.238787 3.975814 -1.126337 -1.866955
3.975814 14.210304 -1.944769 -3.867400
-1.126337 -1.944769 3.429130 5.794193
-1.866955 -3.867400 5.794193 19.925558
1.594902 0.190007 1.575311 -0.876842
3.166305 3.604915 -1.058724 -0.963511
3.604915 5.715775 -1.119606 -1.299749
-1.058724 -1.119606 1.990315 2.171263
-0.963511 -1.299749 2.171263 4.785432
5.750470 3.462331 2.273580 0.383291
2.619232 2.050357 -1.239277 -0.924610
2.050357 2.227692 -0.921704 -0.834398
-1.239277 -0.921704 2.166639 1.829451
-0.924610 -0.834398 1.829451 2.424562
7.609120 3.563173 3.266822 0.943717
1.642471 1.006797 -0.304796 -0.117785
1.006797 0.931234 -0.147555 -0.133834
-0.304796 -0.147555 1.484677 1.007505
-0.117785 -0.133834 1.007505 1.093722
7.479884 2.576844 3.086334 0.519011
1.226004 0.627199 -0.158412 -0.054799
0.627199 0.503571 -0.067103 -0.074445
-0.158412 -0.067103 1.446284 0.815903
-0.054799 -0.074445 0.815903 0.682820
8.670165 2.533495 3.827830 0.747945
1.042825 0.463738 -0.089351 -0.031291
0.463738 0.323376 -0.038918 -0.047765
-0.089351 -0.038918 1.319121 0.628500
-0.031291 -0.047765 0.628500 0.435540
9.515238 2.363070 5.150372 1.138553
0.904818 0.357198 -0.097707 -0.039674
0.357198 0.222038 -0.044001 -0.040193
-0.097707 -0.044001 1.248579 0.514446
-0.039674 -0.040193 0.514446 0.303298
10.257917 2.204650 6.122369 1.286382
0.815168 0.290658 -0.140573 -0.054386
0.290658 0.163423 -0.057004 -0.036869
-0.140573 -0.057004 1.184054 0.429799
-0.054386 -0.036869 0.429799 0.222168
10.464762 1.913226 6.879895 1.328300
0.756966 0.246733 -0.170750 -0.059443
0.246733 0.127139 -0.061229 -0.031575
-0.170750 -0.061229 1.107876 0.359878
-0.059443 -0.031575 0.359878 0.168045
11.112589 1.820582 7.551409 1.331946
0.716106 0.215459 -0.189699 -0.059208
0.215459 0.103259 -0.060537 -0.026269
-0.189699 -0.060537 1.029599 0.303620
-0.059208 -0.026269 0.303620 0.131357
12.425960 1.933140 8.361019 1.369533
0.680947 0.190793 -0.193735 -0.054579
0.190793 0.086537 -0.055607 -0.021135
-0.193735 -0.055607 0.955121 0.259047
-0.054579 -0.021135 0.259047 0.106131
13.198426 1.882474 9.802700 1.560688
0.646009 0.170077 -0.183228 -0.046976
0.170077 0.074363 -0.047721 -0.016404
-0.183228 -0.047721 0.885941 0.223688
-0.046976 -0.016404 0.223688 0.088490
13.886611 1.820371 11.085209 1.679965
0.618613 0.154470 -0.168826 -0.039681
0.154470 0.065871 -0.040223 -0.012711
-0.168826 -0.040223 0.817466 0.194361
-0.039681 -0.012711 0.194361 0.075700
15.150389 1.904835 11.835386 1.660509
0.595455 0.142237 -0.151740 -0.032879
0.142237 0.059789 -0.033276 -0.009814
-0.151740 -0.033276 0.754951 0.170933
-0.032879 -0.009814 0.170933 0.066544
15.829846 1.841871 12.712057 1.669511
0.571504 0.131638 -0.131775 -0.026413
0.131638 0.055185 -0.026643 -0.007466
-0.131775 -0.026643 0.704297 0.153492
-0.026413 -0.007466 0.153492 0.060227
16.428921 1.773220 14.133268 1.792483
0.551115 0.123355 -0.113233 -0.021071
0.123355 0.051885 -0.021187 -0.005714
-0.113233 -0.021187 0.661461 0.140065
-0.021071 -0.005714 0.140065 0.055750
17.320100 1.779321 15.737868 1.940155
0.535395 0.117252 -0.095497 -0.016500
0.117252 0.049605 -0.016555 -0.004365
-0.095497 -0.016555 0.623019 0.129248
-0.016500 -0.004365 0.129248 0.052472
17.732532 1.676869 16.831119 1.962202
0.522929 0.112693 -0.077832 -0.012407
0.112693 0.048021 -0.012422 -0.003277
-0.077832 -0.012422 0.589544 0.120724
-0.012407 -0.003277 0.120724 0.050109
17.969004 1.551970 18.329724 2.063642
0.513346 0.109350 -0.062750 -0.009209
0.109350 0.046938 -0.009210 -0.002487
-0.062750 -0.009210 0.562124 0.114336
-0.009209 -0.002487 0.114336 0.048467
18.276548 1.453780 19.518090 2.092328
0.506622 0.107051 -0.049470 -0.006620
0.107051 0.046238 -0.006627 -0.001892
-0.049470 -0.006627 0.539085 0.109448
-0.006620 -0.001892 0.109448 0.047308
19.245888 1.505052 20.594711 2.100074
0.501431 0.105375 -0.038052 -0.004579
0.105375 0.045771 -0.004593 -0.001450
-0.038052 -0.004593 0.520868 0.105947
-0.004579 -0.001450 0.105947 0.046536
20.291113 1.567933 21.901830 2.154325
0.496511 0.103976 -0.028156 -0.002957
0.103976 0.045429 -0.002965 -0.001112
-0.028156 -0.002965 0.507618 0.103696
-0.002957 -0.001112 0.103696 0.046073
21.199593 1.591599 22.491431 2.054685
0.491875 0.102810 -0.019970 -0.001742
0.102810 0.045180 -0.001741 -0.000867
-0.019970 -0.001741 0.498368 0.102363
-0.001742 -0.000867 0.102363 0.045814
21.760273 1.541686 23.322097 2.013125
0.487792 0.101893 -0.014014 -0.001001
0.101893 0.045010 -0.000995 -0.000720
-0.014014 -0.000995 0.492047 0.101636
-0.001001 -0.000720 0.101636 0.045676
21.805039 1.390123 24.395114 2.024761
0.484194 0.101175 -0.009876 -0.000606
0.101175 0.044898 -0.000597 -0.000635
-0.009876 -0.000597 0.487923 0.101315
-0.000606 -0.000635 0.101315 0.045608
22.004153 1.286859 25.632412 2.070607
0.480641 0.100537 -0.006922 -0.000402
0.100537 0.044807 -0.000389 -0.000578
-0.006922 -0.000389 0.485815 0.101335
-0.000402 -0.000578 0.101335 0.045596
22.913624 1.342856 26.841492 2.107379
0.476655 0.099861 -0.005047 -0.000356
0.099861 0.044710 -0.000339 -0.000543
-0.005047 -0.000339 0.485772 0.101689
-0.000356 -0.000543 0.101689 0.045636
23.138694 1.249788 28.595244 2.253885
0.472238 0.099139 -0.005275 -0.000679
0.099139 0.044603 -0.000660 -0.000576
-0.005275 -0.000660 0.487514 0.102302
-0.000679 -0.000576 0.102302 0.045713
24.007184 1.301069 29.741295 2.258030
0.466153 0.098109 -0.006428 -0.001101
0.098109 0.044429 -0.001080 -0.000616
-0.006428 -0.001080 0.492155 0.103401
-0.001101 -0.000616 0.103401 0.045879
23.850510 1.130567 30.709561 2.223981
0.460060 0.097137 -0.009623 -0.001859
0.097137 0.044269 -0.001842 -0.000720
-0.009623 -0.001842 0.497945 0.104590
-0.001859 -0.000720 0.104590 0.046048
24.000118 1.042584 32.088132 2.279725
0.453786 0.096171 -0.011957 -0.002328
0.096171 0.044108 -0.002314 -0.000753
-0.011957 -0.002314 0.504818 0.105868
-0.002328 -0.000753 0.105868 0.046225
24.455345 1.028416 33.055147 2.243534
0.446894 0.095104 -0.014251 -0.002726
0.095104 0.043921 -0.002713 -0.000772
-0.014251 -0.002713 0.513367 0.107371
-0.002726 -0.000772 0.107371 0.046444
24.857113 1.004384 34.188907 2.245938
0.440601 0.094197 -0.017111 -0.003195
0.094197 0.043764 -0.003188 -0.000811
-0.017111 -0.003188 0.522116 0.108785
-0.003195 -0.000811 0.108785 0.046639
24.970070 0.920854 35.396617 2.263052
0.434689 0.093378 -0.020067 -0.003643
0.093378 0.043618 -0.003640 -0.000849
-0.020067 -0.003640 0.531208 0.110170
-0.003643 -0.000849 0.110170 0.046829
25.729080 0.984865 36.251445 2.206427
0.429172 0.092640 -0.022018 -0.003853
0.092640 0.043479 -0.003845 -0.000842
-0.022018 -0.003845 0.540293 0.111473
-0.003853 -0.000842 0.111473 0.047008
26.768043 1.103078 37.170381 2.169708
0.424810 0.092134 -0.024611 -0.004192
0.092134 0.043381 -0.004190 -0.000874
-0.024611 -0.004190 0.548358 0.112507
-0.004192 -0.000874 0.112507 0.047139
27.422127 1.125297 38.201697 2.159030
0.421515 0.091819 -0.027823 -0.004646
0.091819 0.043311 -0.004663 -0.000939
-0.027823 -0.004663 0.555333 0.113296
-0.004646 -0.000939 0.113296 0.047234
28.239703 1.180899 39.214815 2.146289
0.419125 0.091651 -0.029879 -0.004847
0.091651 0.043261 -0.004870 -0.000952
-0.029879 -0.004870 0.560739 0.113780
-0.004847 -0.000952 0.113780 0.047283
28.238496 1.049750 39.934763 2.072933
0.417818 0.091663 -0.030597 -0.004787
0.091663 0.043241 -0.004802 -0.000919
-0.030597 -0.004802 0.563908 0.113859
-0.004787 -0.000919 0.113859 0.047271
28.532878 0.999314 41.057237 2.089393
0.417514 0.091831 -0.029489 -0.004393
0.091831 0.043245 -0.004381 -0.000825
-0.029489 -0.004381 0.564614 0.113531
-0.004393 -0.000825 0.113531 0.047199
29.458220 1.093287 42.118782 2.094435
0.418989 0.092325 -0.026364 -0.003654
0.092325 0.043313 -0.003600 -0.000673
-0.026364 -0.003600 0.561370 0.112530
-0.003654 -0.000673 0.112530 0.047017
30.862885 1.282854 43.207890 2.106190
0.422812 0.093245 -0.022043 -0.002756
0.093245 0.043464 -0.002670 -0.000506
-0.022043 -0.002670 0.553705 0.110810
-0.002756 -0.000506 0.110810 0.046719
31.624024 1.307183 43.712968 1.996881
0.430460 0.094888 -0.016821 -0.001757
0.094888 0.043762 -0.001663 -0.000333
-0.016821 -0.001663 0.539973 0.108083
-0.001757 -0.000333 0.108083 0.046249
32.475300 1.349411 44.342741 1.923529
0.439575 0.096671 -0.012248 -0.000974
0.096671 0.044068 -0.000892 -0.000217
-0.012248 -0.000892 0.525221 0.105412
-0.000974 -0.000217 0.105412 0.045822
33.179949 1.354503 44.808035 1.823464
0.451383 0.098870 -0.008730 -0.000453
0.098870 0.044451 -0.000410 -0.000159
-0.008730 -0.000410 0.508344 0.102521
-0.000453 -0.000159 0.102521 0.045366
34.316080 1.453877 45.481381 1.776131
0.464915 0.101252 -0.006751 -0.000265
0.101252 0.044856 -0.000275 -0.000166
-0.006751 -0.000275 0.491349 0.099794
-0.000265 -0.000166 0.099794 0.044951
34.613262 1.361030 46.412921 1.784223
0.483304 0.104494 -0.008066 -0.000734
0.104494 0.045437 -0.000829 -0.000301
-0.008066 -0.000829 0.471734 0.096659
-0.000734 -0.000301 0.096659 0.044446
35.273056 1.355232 46.460363 1.609194
0.503810 0.107937 -0.012073 -0.001691
0.107937 0.046037 -0.001858 -0.000516
-0.012073 -0.001858 0.453422 0.093919
-0.001691 -0.000516 0.093919 0.044014
35.911177 1.347622 47.768495 1.714747
0.523458 0.110954 -0.017414 -0.002828
0.110954 0.046530 -0.003027 -0.000741
-0.017414 -0.003027 0.438776 0.092004
-0.002828 -0.000741 0.092004 0.043733
