1.513924 1.567677 4.457525 0.891002
2.053490 0.821414 -0.226717 -0.090689
0.821414 80.332639 -0.090689 -0.036276
-0.226717 -0.090689 3.101368 1.240574
-0.090689 -0.036276 1.240574 80.500307
3.595793 3.806567 0.830963 -5.990318
1.976514 3.515127 -0.732356 -1.203821
3.515127 13.401264 -1.244232 -2.688172
-0.732356 -1.244232 3.276076 5.542238
-1.203821 -2.688172 5.542238 19.511077
6.454049 5.141214 4.206777 1.227421
2.791210 3.230757 -0.667766 -0.621956
3.230757 5.326848 -0.715447 -0.904585
-0.667766 -0.715447 1.814028 2.011397
-0.621956 -0.904585 2.011397 4.644718
4.534430 1.503257 3.672433 0.028765
1.638711 1.313513 -0.357229 -0.247343
1.313513 1.657692 -0.251604 -0.285957
-0.357229 -0.251604 1.981540 1.733380
-0.247343 -0.285957 1.733380 2.388720
5.870565 1.865749 2.487713 -0.777109
1.684139 1.072916 -0.257754 -0.139626
1.072916 0.981285 -0.152097 -0.143527
-0.257754 -0.152097 1.399656 0.949811
-0.139626 -0.143527 0.949811 1.048189
6.945973 1.941457 2.783595 -0.387315
1.478461 0.770628 -0.129864 -0.055028
0.770628 0.572509 -0.065305 -0.063630
-0.129864 -0.065305 1.186478 0.670971
-0.055028 -0.063630 0.670971 0.599270
8.304311 2.106323 4.713529 0.643928
1.214650 0.537035 -0.058539 -0.021791
0.537035 0.346986 -0.029262 -0.033566
-0.058539 -0.029262 1.115384 0.540225
-0.021791 -0.033566 0.540225 0.395443
9.646055 2.210605 6.287638 1.171431
0.977757 0.378861 -0.116161 -0.048733
0.378861 0.223252 -0.051659 -0.035998
-0.116161 -0.051659 1.148328 0.483689
-0.048733 -0.035998 0.483689 0.292813
10.459895 2.106811 7.368600 1.355062
0.867250 0.302187 -0.174664 -0.065763
0.302187 0.162384 -0.066426 -0.034555
-0.174664 -0.066426 1.121656 0.415262
-0.065763 -0.034555 0.415262 0.217857
11.735142 2.177481 7.938507 1.319411
0.800496 0.254469 -0.201631 -0.067027
0.254469 0.126054 -0.067016 -0.028968
-0.201631 -0.067016 1.060085 0.349947
-0.067027 -0.028968 0.349947 0.164935
12.083275 1.959958 9.559768 1.606169
0.741277 0.217394 -0.198870 -0.058792
0.217394 0.101332 -0.058724 -0.022249
-0.198870 -0.058724 0.992498 0.296483
-0.058792 -0.022249 0.296483 0.128951
12.387259 1.775898 11.051505 1.793622
0.703138 0.192354 -0.191190 -0.050818
0.192354 0.085277 -0.050824 -0.017210
-0.191190 -0.050824 0.911173 0.249693
-0.050818 -0.017210 0.249693 0.103108
12.440610 1.561546 12.342014 1.891040
0.674548 0.173752 -0.177032 -0.042650
0.173752 0.074181 -0.042796 -0.013199
-0.177032 -0.042796 0.829963 0.211480
-0.042650 -0.013199 0.211480 0.084906
12.551074 1.397567 13.449724 1.926643
0.651994 0.159485 -0.160312 -0.035246
0.159485 0.066317 -0.035541 -0.010133
-0.160312 -0.035541 0.756240 0.181519
-0.035246 -0.010133 0.181519 0.072216
12.843254 1.298394 13.880197 1.801351
0.632457 0.148073 -0.142740 -0.028796
0.148073 0.060596 -0.029208 -0.007803
-0.142740 -0.029208 0.693489 0.158743
-0.028796 -0.007803 0.158743 0.063445
14.618314 1.556048 15.030865 1.865251
0.613156 0.138391 -0.127487 -0.023785
0.138391 0.056293 -0.024246 -0.006139
-0.127487 -0.024246 0.645097 0.142411
-0.023785 -0.006139 0.142411 0.057555
15.235323 1.519496 15.835883 1.836306
0.589800 0.129264 -0.108039 -0.018557
0.129264 0.052860 -0.018950 -0.004644
-0.108039 -0.018950 0.607900 0.130718
-0.018557 -0.004644 0.130718 0.053591
16.364372 1.602252 17.124034 1.918096
0.569466 0.122054 -0.090660 -0.014361
0.122054 0.050391 -0.014697 -0.003547
-0.090660 -0.014697 0.577729 0.121967
-0.014361 -0.003547 0.121967 0.050829
16.765347 1.516487 17.974890 1.891920
0.551291 0.116282 -0.073258 -0.010580
0.116282 0.048606 -0.010862 -0.002650
-0.073258 -0.010862 0.553062 0.115398
-0.010580 -0.002650 0.115398 0.048905
17.240458 1.460554 19.337966 1.976388
0.536680 0.111984 -0.058644 -0.007699
0.111984 0.047386 -0.007945 -0.002018
-0.058644 -0.007945 0.533092 0.110502
-0.007699 -0.002018 0.110502 0.047569
17.644269 1.390848 20.086026 1.924013
0.525102 0.108847 -0.045342 -0.005286
0.108847 0.046573 -0.005512 -0.001524
-0.045342 -0.005512 0.516614 0.106812
-0.005286 -0.001524 0.106812 0.046637
17.967409 1.307925 20.184114 1.742300
0.515624 0.106506 -0.034392 -0.003499
0.106506 0.046026 -0.003703 -0.001181
-0.034392 -0.003703 0.503985 0.104235
-0.003499 -0.001181 0.104235 0.046028
18.995119 1.385752 21.160261 1.766370
0.507768 0.104749 -0.026267 -0.002362
0.104749 0.045661 -0.002541 -0.000975
-0.026267 -0.002541 0.494749 0.102542
-0.002362 -0.000975 0.102542 0.045650
19.744179 1.398855 22.352149 1.830901
0.500681 0.103332 -0.019042 -0.001415
0.103332 0.045401 -0.001565 -0.000800
-0.019042 -0.001565 0.488457 0.101556
-0.001415 -0.000800 0.101556 0.045442
20.240864 1.356367 23.124058 1.800112
0.494541 0.102237 -0.012918 -0.000679
0.102237 0.045225 -0.000802 -0.000660
-0.012918 -0.000802 0.484365 0.101049
-0.000679 -0.000660 0.101049 0.045337
20.703191 1.312684 24.390342 1.876109
0.489346 0.101415 -0.008237 -0.000208
0.101415 0.045111 -0.000308 -0.000564
-0.008237 -0.000308 0.481933 0.100862
-0.000208 -0.000564 0.100862 0.045294
21.143466 1.268630 25.753562 1.964867
0.484417 0.100691 -0.004655 0.000086
0.100691 0.045013 0.000008 -0.000492
-0.004655 0.000008 0.481271 0.100996
0.000086 -0.000492 0.100996 0.045308
21.978978 1.310676 26.805622 1.979789
0.479213 0.099933 -0.002192 0.000210
0.099933 0.044901 0.000151 -0.000445
-0.002192 0.000151 0.482508 0.101457
0.000210 -0.000445 0.101457 0.045379
22.841976 1.354363 28.163875 2.057480
0.473915 0.099176 -0.001590 0.000014
0.099176 0.044783 -0.000029 -0.000454
-0.001590 -0.000029 0.485155 0.102122
0.000014 -0.000454 0.102122 0.045480
23.722325 1.397057 29.299131 2.079954
0.468047 0.098313 -0.002980 -0.000510
0.098313 0.044636 -0.000541 -0.000520
-0.002980 -0.000541 0.489509 0.103048
-0.000510 -0.000520 0.103048 0.045624
24.628567 1.440900 29.682772 1.941914
0.462185 0.097470 -0.006303 -0.001330
0.097470 0.044488 -0.001358 -0.000637
-0.006303 -0.001358 0.494890 0.104083
-0.001330 -0.000637 0.104083 0.045781
24.475207 1.255841 30.873931 1.988153
0.457961 0.096985 -0.011073 -0.002332
0.096985 0.044409 -0.002364 -0.000781
-0.011073 -0.002364 0.499357 0.104823
-0.002332 -0.000781 0.104823 0.045869
24.940766 1.221251 31.568110 1.925314
0.452709 0.096252 -0.014808 -0.002998
0.096252 0.044267 -0.003033 -0.000845
-0.014808 -0.003033 0.505713 0.105898
-0.002998 -0.000845 0.105898 0.046030
25.638910 1.239882 32.447130 1.907907
0.448086 0.095648 -0.018925 -0.003675
0.095648 0.044145 -0.003716 -0.000914
-0.018925 -0.003716 0.512045 0.106887
-0.003675 -0.000914 0.106887 0.046170
26.500208 1.291705 33.480817 1.924764
0.443861 0.095108 -0.023951 -0.004486
0.095108 0.044030 -0.004538 -0.001016
-0.023951 -0.004538 0.518696 0.107880
-0.004486 -0.001016 0.107880 0.046314
26.950972 1.249170 34.127729 1.859047
0.439907 0.094599 -0.030024 -0.005457
0.094599 0.043914 -0.005527 -0.001157
-0.030024 -0.005527 0.525956 0.108947
-0.005457 -0.001157 0.108947 0.046476
27.083177 1.142488 34.920021 1.829502
0.436536 0.094187 -0.035657 -0.006276
0.094187 0.043813 -0.006360 -0.001269
-0.035657 -0.006360 0.532986 0.109916
-0.006276 -0.001269 0.109916 0.046621
27.613406 1.133849 35.910300 1.844891
0.433071 0.093724 -0.039768 -0.006750
0.093724 0.043694 -0.006828 -0.001312
-0.039768 -0.006828 0.540206 0.110897
-0.006750 -0.001312 0.110897 0.046776
28.120458 1.122321 37.197396 1.919272
0.429625 0.093242 -0.043243 -0.007102
0.093242 0.043569 -0.007164 -0.001342
-0.043243 -0.007164 0.547629 0.111895
-0.007102 -0.001342 0.111895 0.046939
28.872389 1.162874 37.936346 1.875220
0.426017 0.092711 -0.045018 -0.007132
0.092711 0.043432 -0.007154 -0.001317
-0.045018 -0.007154 0.554964 0.112861
-0.007132 -0.001317 0.112861 0.047102
30.349040 1.358207 38.775504 1.860076
0.423138 0.092329 -0.046314 -0.007113
0.092329 0.043327 -0.007103 -0.001299
-0.046314 -0.007103 0.561131 0.113579
-0.007113 -0.001299 0.113579 0.047220
31.162545 1.389244 39.969117 1.914106
0.420993 0.092084 -0.047589 -0.007140
0.092084 0.043250 -0.007112 -0.001305
-0.047589 -0.007112 0.566175 0.114083
-0.007140 -0.001305 0.114083 0.047304
31.669049 1.347788 40.912438 1.910165
0.419871 0.092055 -0.044903 -0.006406
0.092055 0.043222 -0.006319 -0.001158
-0.044903 -0.006319 0.567387 0.113876
-0.006406 -0.001158 0.113876 0.047261
31.525584 1.168186 41.939056 1.919271
0.420671 0.092420 -0.039247 -0.005174
0.092420 0.043278 -0.005021 -0.000926
-0.039247 -0.005021 0.563720 0.112808
-0.005174 -0.000926 0.112808 0.047068
32.430454 1.238902 42.898580 1.921260
0.424158 0.093308 -0.031696 -0.003686
0.093308 0.043441 -0.003488 -0.000664
-0.031696 -0.003488 0.554837 0.110873
-0.003686 -0.000664 0.110873 0.046732
32.593608 1.139940 44.125005 1.971814
0.431736 0.094976 -0.023633 -0.002217
0.094976 0.043758 -0.002029 -0.000429
-0.023633 -0.002029 0.539892 0.107947
-0.002217 -0.000429 0.107947 0.046228
33.416414 1.194513 44.921459 1.935082
0.443885 0.097455 -0.016868 -0.001109
0.097455 0.044227 -0.000995 -0.000285
-0.016868 -0.000995 0.520166 0.104326
-0.001109 -0.000285 0.104326 0.045618
34.149119 1.224013 45.861116 1.930036
0.459995 0.100543 -0.012809 -0.000605
0.100543 0.044795 -0.000611 -0.000266
-0.012809 -0.000611 0.498339 0.100552
-0.000605 -0.000266 0.100552 0.045002
34.782156 1.230157 47.267110 2.019922
0.480379 0.104265 -0.012650 -0.000890
0.104265 0.045467 -0.001045 -0.000397
-0.012650 -0.001045 0.475563 0.096812
-0.000890 -0.000397 0.096812 0.044402
35.031896 1.151641 48.300044 2.023591
0.505937 0.108772 -0.017887 -0.002212
0.108772 0.046274 -0.002524 -0.000718
-0.017887 -0.002524 0.452747 0.093230
-0.002212 -0.000718 0.093230 0.043829
