2.804327 2.083849 -1.514098 -1.497700
2.053490 0.821414 -0.226717 -0.090689
0.821414 80.332639 -0.090689 -0.036276
-0.226717 -0.090689 3.101368 1.240574
-0.090689 -0.036276 1.240574 80.500307
6.351378 6.644006 2.223158 6.159562
3.690559 6.567651 -1.151550 -1.881585
6.567651 18.837008 -2.014615 -3.935638
-1.151550 -2.014615 2.148055 3.620920
-1.881585 -3.935638 3.620920 16.239267
7.522002 4.239098 3.431436 3.696859
1.873838 2.001704 -0.505920 -0.475403
2.001704 3.891874 -0.438146 -0.671671
-0.505920 -0.438146 2.487221 3.012074
-0.475403 -0.671671 3.012074 5.796287
7.741618 2.646549 3.660746 2.249604
1.484588 1.208275 -0.380337 -0.277632
1.208275 1.662173 -0.261837 -0.321763
-0.380337 -0.261837 2.270599 1.931292
-0.277632 -0.321763 1.931292 2.411593
9.578614 2.961360 2.837682 0.980230
1.255744 0.824432 -0.281273 -0.168087
0.824432 0.868581 -0.161393 -0.166233
-0.281273 -0.161393 1.961845 1.281523
-0.168087 -0.166233 1.281523 1.203732
9.407723 2.058007 4.023334 1.344432
1.106920 0.607517 -0.154467 -0.078220
0.607517 0.516017 -0.074124 -0.077907
-0.154467 -0.074124 1.625815 0.864655
-0.078220 -0.077907 0.864655 0.666549
9.273453 1.509583 3.929901 1.001867
0.982264 0.461710 -0.156880 -0.073082
0.461710 0.330578 -0.071272 -0.058093
-0.156880 -0.071272 1.464457 0.660866
-0.073082 -0.058093 0.660866 0.428656
9.407655 1.254234 5.100123 1.266951
0.884508 0.363902 -0.143301 -0.060023
0.363902 0.226821 -0.059019 -0.040753
-0.143301 -0.059019 1.319529 0.517930
-0.060023 -0.040753 0.517930 0.292922
8.991672 0.871138 6.948827 1.694612
0.814272 0.298513 -0.174085 -0.064484
0.298513 0.165831 -0.064647 -0.034752
-0.174085 -0.064647 1.218786 0.424690
-0.064484 -0.034752 0.424690 0.214051
10.523173 1.234379 6.713924 1.351290
0.796485 0.263974 -0.226455 -0.073969
0.263974 0.131491 -0.075083 -0.032131
-0.226455 -0.075083 1.097136 0.344738
-0.073969 -0.032131 0.344738 0.160023
11.242234 1.267703 8.838089 1.767101
0.744561 0.225281 -0.224516 -0.065356
0.225281 0.104501 -0.066321 -0.024876
-0.224516 -0.066321 1.020238 0.293222
-0.065356 -0.024876 0.293222 0.126868
11.974097 1.301938 11.722014 2.299798
0.714695 0.199950 -0.217606 -0.057099
0.199950 0.087435 -0.057992 -0.019439
-0.217606 -0.057992 0.926491 0.246416
-0.057099 -0.019439 0.246416 0.102209
12.452287 1.258767 13.329049 2.413496
0.692868 0.181188 -0.193377 -0.045990
0.181188 0.075785 -0.046784 -0.014424
-0.193377 -0.046784 0.823428 0.205202
-0.045990 -0.014424 0.205202 0.083887
12.810579 1.186821 13.778105 2.231922
0.670268 0.165399 -0.166133 -0.036002
0.165399 0.067252 -0.036719 -0.010603
-0.166133 -0.036719 0.739798 0.175037
-0.036002 -0.010603 0.175037 0.071534
13.581926 1.226872 14.602419 2.166394
0.646697 0.151934 -0.144354 -0.028758
0.151934 0.060908 -0.029413 -0.008038
-0.144354 -0.029413 0.679024 0.154340
-0.028758 -0.008038 0.154340 0.063418
14.354457 1.261827 15.529060 2.132844
0.622294 0.140419 -0.123795 -0.022765
0.140419 0.056167 -0.023339 -0.006125
-0.123795 -0.023339 0.632530 0.139491
-0.022765 -0.006125 0.139491 0.057880
14.693882 1.196061 16.386295 2.085012
0.599032 0.130921 -0.104458 -0.017755
0.130921 0.052691 -0.018255 -0.004675
-0.104458 -0.018255 0.595907 0.128560
-0.017755 -0.004675 0.128560 0.054016
15.474848 1.232428 17.070451 2.009955
0.579231 0.123557 -0.087648 -0.013800
0.123557 0.050242 -0.014256 -0.003618
-0.087648 -0.014256 0.566155 0.120300
-0.013800 -0.003618 0.120300 0.051262
16.808391 1.381791 17.859882 1.970455
0.560958 0.117562 -0.072711 -0.010608
0.117562 0.048466 -0.011012 -0.002825
-0.072711 -0.011012 0.543371 0.114359
-0.010608 -0.002825 0.114359 0.049359
17.886931 1.468062 19.592589 2.130818
0.543461 0.112552 -0.058547 -0.007836
0.112552 0.047158 -0.008177 -0.002183
-0.058547 -0.008177 0.526639 0.110253
-0.007836 -0.002183 0.110253 0.048078
18.593647 1.459692 20.269756 2.049257
0.528849 0.108788 -0.044523 -0.005267
0.108788 0.046285 -0.005571 -0.001628
-0.044523 -0.005571 0.513020 0.107154
-0.005267 -0.001628 0.107154 0.047158
19.058876 1.406036 21.409673 2.071567
0.516760 0.105985 -0.033186 -0.003401
0.105985 0.045714 -0.003669 -0.001246
-0.033186 -0.003669 0.502962 0.105019
-0.003401 -0.001246 0.105019 0.046534
19.545421 1.363786 22.856378 2.156290
0.507081 0.103983 -0.023719 -0.001986
0.103983 0.045364 -0.002224 -0.000966
-0.023719 -0.002224 0.495353 0.103523
-0.001986 -0.000966 0.103523 0.046102
19.993999 1.315915 23.955227 2.159506
0.498895 0.102486 -0.015741 -0.000902
0.102486 0.045144 -0.001108 -0.000754
-0.015741 -0.001108 0.490192 0.102606
-0.000902 -0.000754 0.102606 0.045827
20.363124 1.256547 25.084166 2.168752
0.491756 0.101325 -0.009507 -0.000171
0.101325 0.044998 -0.000344 -0.000607
-0.009507 -0.000344 0.487244 0.102166
-0.000171 -0.000607 0.102166 0.045671
21.053613 1.268889 25.942416 2.121425
0.485213 0.100360 -0.004776 0.000288
0.100360 0.044888 0.000148 -0.000506
-0.004776 0.000148 0.486299 0.102123
0.000288 -0.000506 0.102123 0.045605
21.126638 1.151303 26.339261 1.980907
0.479183 0.099539 -0.001976 0.000403
0.099539 0.044796 0.000294 -0.000464
-0.001976 0.000294 0.486926 0.102359
0.000403 -0.000464 0.102359 0.045599
21.355818 1.079459 27.972497 2.115767
0.474342 0.098983 -0.000023 0.000427
0.098983 0.044745 0.000341 -0.000427
-0.000023 0.000341 0.487948 0.102614
0.000427 -0.000427 0.102614 0.045595
21.373554 0.970043 29.015777 2.112554
0.468348 0.098170 0.001254 0.000392
0.098170 0.044623 0.000323 -0.000393
0.001254 0.000323 0.491518 0.103352
0.000392 -0.000393 0.103352 0.045694
22.149892 1.031463 29.833000 2.062275
0.462278 0.097344 0.002275 0.000380
0.097344 0.044488 0.000322 -0.000346
0.002275 0.000322 0.496329 0.104261
0.000380 -0.000346 0.104261 0.045823
22.866246 1.073814 31.012548 2.093280
0.456460 0.096572 0.001310 0.000014
0.096572 0.044354 -0.000041 -0.000372
0.001310 -0.000041 0.501798 0.105219
0.000014 -0.000372 0.105219 0.045957
23.414123 1.076240 31.938420 2.068013
0.450322 0.095723 -0.001267 -0.000603
0.095723 0.044194 -0.000666 -0.000446
-0.001267 -0.000666 0.508537 0.106362
-0.000603 -0.000446 0.106362 0.046129
23.952521 1.076369 32.877105 2.048142
0.444527 0.094942 -0.004722 -0.001308
0.094942 0.044042 -0.001386 -0.000532
-0.004722 -0.001386 0.515724 0.107513
-0.001308 -0.000532 0.107513 0.046301
24.767746 1.135952 33.631643 1.992027
0.439120 0.094229 -0.008780 -0.002051
0.094229 0.043896 -0.002149 -0.000623
-0.008780 -0.002149 0.523246 0.108661
-0.002051 -0.000623 0.108661 0.046473
25.812779 1.238849 34.145745 1.892313
0.434570 0.093679 -0.013931 -0.002945
0.093679 0.043776 -0.003070 -0.000745
-0.013931 -0.003070 0.530449 0.109681
-0.002945 -0.000745 0.109681 0.046621
26.071028 1.160716 35.240548 1.922771
0.431312 0.093370 -0.020501 -0.004054
0.093370 0.043700 -0.004220 -0.000914
-0.020501 -0.004220 0.536720 0.110470
-0.004054 -0.000914 0.110470 0.046727
26.937914 1.222794 36.025387 1.886903
0.427854 0.092960 -0.025620 -0.004784
0.092960 0.043590 -0.004969 -0.001000
-0.025620 -0.004969 0.543701 0.111395
-0.004784 -0.001000 0.111395 0.046872
27.450028 1.201438 37.130106 1.919623
0.425058 0.092651 -0.030972 -0.005529
0.092651 0.043496 -0.005735 -0.001097
-0.030972 -0.005735 0.550296 0.112222
-0.005529 -0.001097 0.112222 0.047004
27.945772 1.178244 38.004574 1.902003
0.422391 0.092329 -0.034700 -0.005920
0.092329 0.043394 -0.006119 -0.001126
-0.034700 -0.006119 0.556630 0.112995
-0.005920 -0.001126 0.112995 0.047133
28.995916 1.281201 39.485063 2.010722
0.420222 0.092082 -0.036875 -0.006013
0.092082 0.043306 -0.006184 -0.001106
-0.036875 -0.006184 0.561824 0.113546
-0.006013 -0.001106 0.113546 0.047225
29.678166 1.290967 40.640309 2.041103
0.418983 0.092013 -0.036492 -0.005633
0.092013 0.043257 -0.005748 -0.001001
-0.036492 -0.005748 0.564433 0.113613
-0.005633 -0.001001 0.113613 0.047231
30.382268 1.303874 41.658483 2.040894
0.419426 0.092278 -0.033413 -0.004792
0.092278 0.043280 -0.004833 -0.000820
-0.033413 -0.004833 0.562907 0.112933
-0.004792 -0.000820 0.112933 0.047105
30.804419 1.253597 42.765812 2.057210
0.422146 0.092982 -0.028396 -0.003673
0.092982 0.043394 -0.003647 -0.000606
-0.028396 -0.003647 0.556679 0.111453
-0.003673 -0.000606 0.111453 0.046844
31.574393 1.286016 43.977063 2.094474
0.428048 0.094289 -0.022174 -0.002428
0.094289 0.043629 -0.002364 -0.000390
-0.022174 -0.002364 0.545096 0.109095
-0.002428 -0.000390 0.109095 0.046436
32.631812 1.377103 44.995101 2.090421
0.438671 0.096483 -0.016081 -0.001315
0.096483 0.044041 -0.001267 -0.000222
-0.016081 -0.001267 0.527325 0.105733
-0.001315 -0.000222 0.105733 0.045858
33.275093 1.365995 45.727607 2.027227
0.454393 0.099565 -0.012059 -0.000696
0.099565 0.044618 -0.000731 -0.000168
-0.012059 -0.000731 0.505149 0.101760
-0.000696 -0.000168 0.101760 0.045187
34.121229 1.398921 45.926067 1.862192
0.472605 0.102893 -0.010670 -0.000644
0.102893 0.045212 -0.000780 -0.000226
-0.010670 -0.000780 0.483483 0.098163
-0.000644 -0.000226 0.098163 0.044614
34.674556 1.366072 46.368619 1.761528
0.491313 0.106043 -0.011517 -0.001033
0.106043 0.045741 -0.001252 -0.000356
-0.011517 -0.001252 0.464652 0.095334
-0.001033 -0.000356 0.095334 0.044198
35.131815 1.317794 47.236873 1.758396
0.510656 0.109098 -0.014649 -0.001838
0.109098 0.046237 -0.002115 -0.000548
-0.014649 -0.002115 0.448271 0.093089
-0.001838 -0.000548 0.093089 0.043880
36.020694 1.366997 48.404572 1.819621
0.532057 0.112394 -0.020908 -0.003208
0.112394 0.046782 -0.003514 -0.000832
-0.020908 -0.003514 0.433391 0.091153
-0.003208 -0.000832 0.091153 0.043590
