4.155179 2.624202 3.123203 0.357261
2.470482 0.988214 -0.052654 -0.021062
0.988214 80.399361 -0.021062 -0.008425
-0.052654 -0.021062 2.434012 0.973626
-0.021062 -0.008425 0.973626 80.393525
4.346096 0.663674 3.236521 0.237748
2.255803 3.943749 -0.044275 -0.067253
3.943749 15.285873 -0.067067 -0.251625
-0.044275 -0.067067 2.265783 3.968362
-0.067253 -0.251625 3.968362 15.236063
5.817546 1.981229 3.110462 -0.043925
1.999090 2.311570 -0.042568 -0.047501
2.311570 4.564460 -0.047482 -0.091353
-0.042568 -0.047482 2.005081 2.313329
-0.047501 -0.091353 2.313329 4.540935
4.545288 0.074761 4.935768 1.508305
1.709519 1.440765 -0.034535 -0.028490
1.440765 1.911061 -0.028479 -0.037981
-0.034535 -0.028479 1.719732 1.445721
-0.028490 -0.037981 1.445721 1.906809
6.041004 1.038179 4.090174 0.454227
1.481611 0.978989 -0.029316 -0.019194
0.978989 0.978736 -0.019189 -0.019465
-0.029316 -0.019189 1.481747 0.976439
-0.019194 -0.019465 0.976439 0.973465
7.793715 1.708223 4.288041 0.438376
1.297947 0.704983 -0.025109 -0.013608
0.704983 0.568428 -0.013605 -0.011164
-0.025109 -0.013605 1.300464 0.704830
-0.013608 -0.011164 0.704830 0.566779
9.465185 2.085550 4.944924 0.640030
1.152439 0.532022 -0.020730 -0.009586
0.532022 0.361797 -0.009584 -0.006725
-0.020730 -0.009584 1.157614 0.533399
-0.009586 -0.006725 0.533399 0.361634
10.734403 2.176617 5.871133 0.883423
1.036033 0.416771 -0.016789 -0.006800
0.416771 0.247160 -0.006798 -0.004239
-0.016789 -0.006798 1.042605 0.418640
-0.006800 -0.004239 0.418640 0.247448
12.220043 2.318632 6.698383 1.020955
0.941651 0.336631 -0.013600 -0.004930
0.336631 0.178885 -0.004928 -0.002799
-0.013600 -0.004928 0.948426 0.338411
-0.004930 -0.002799 0.338411 0.179229
12.314727 1.974817 7.816766 1.216967
0.863873 0.278938 -0.010969 -0.003622
0.278938 0.135973 -0.003619 -0.001911
-0.010969 -0.003619 0.870547 0.280546
-0.003622 -0.001911 0.280546 0.136299
12.150758 1.634237 8.920943 1.363406
0.799404 0.236432 -0.009149 -0.002789
0.236432 0.107924 -0.002786 -0.001371
-0.009149 -0.002786 0.805190 0.237665
-0.002789 -0.001371 0.237665 0.108157
12.395570 1.477254 9.614327 1.366665
0.745433 0.204471 -0.007849 -0.002228
0.204471 0.089012 -0.002226 -0.001020
-0.007849 -0.002226 0.750026 0.205317
-0.002228 -0.001020 0.205317 0.089156
12.267693 1.254291 10.631180 1.452382
0.699796 0.180046 -0.006834 -0.001816
0.180046 0.075956 -0.001814 -0.000778
-0.006834 -0.001814 0.703426 0.180627
-0.001816 -0.000778 0.180627 0.076048
13.537101 1.410866 12.029569 1.615953
0.661181 0.161223 -0.006021 -0.001504
0.161223 0.066801 -0.001502 -0.000604
-0.006021 -0.001502 0.663839 0.161574
-0.001504 -0.000604 0.161574 0.066852
14.270138 1.417305 12.951401 1.642472
0.628345 0.146603 -0.005135 -0.001210
0.146603 0.060305 -0.001208 -0.000464
-0.005135 -0.001208 0.630301 0.146813
-0.001210 -0.000464 0.146813 0.060337
14.514629 1.312781 14.017486 1.697524
0.600466 0.135224 -0.004356 -0.000971
0.135224 0.055671 -0.000970 -0.000359
-0.004356 -0.000970 0.601908 0.135348
-0.000971 -0.000359 0.135348 0.055694
15.212090 1.321790 15.099012 1.748453
0.576918 0.126386 -0.003699 -0.000783
0.126386 0.052363 -0.000782 -0.000280
-0.003699 -0.000782 0.577888 0.126439
-0.000783 -0.000280 0.126439 0.052378
15.863425 1.319777 16.467799 1.854468
0.557087 0.119543 -0.003105 -0.000625
0.119543 0.050008 -0.000624 -0.000219
-0.003105 -0.000624 0.557697 0.119550
-0.000625 -0.000219 0.119550 0.050020
15.809542 1.168892 17.753853 1.930207
0.540512 0.114285 -0.002561 -0.000490
0.114285 0.048345 -0.000489 -0.000170
-0.002561 -0.000489 0.540817 0.114257
-0.000490 -0.000170 0.114257 0.048354
16.329480 1.155419 19.014961 1.992136
0.526795 0.110291 -0.002098 -0.000382
0.110291 0.047186 -0.000381 -0.000133
-0.002098 -0.000381 0.526799 0.110227
-0.000382 -0.000133 0.110227 0.047190
16.570075 1.085216 19.655191 1.918066
0.515520 0.107292 -0.001682 -0.000291
0.107292 0.046392 -0.000290 -0.000103
-0.001682 -0.000290 0.515305 0.107207
-0.000291 -0.000103 0.107207 0.046393
16.912335 1.043649 20.691540 1.934085
0.506355 0.105078 -0.001340 -0.000221
0.105078 0.045859 -0.000220 -0.000081
-0.001340 -0.000220 0.505991 0.104985
-0.000221 -0.000081 0.104985 0.045860
17.337175 1.023506 21.364637 1.873118
0.499003 0.103479 -0.001041 -0.000163
0.103479 0.045514 -0.000162 -0.000063
-0.001041 -0.000162 0.498545 0.103385
-0.000163 -0.000063 0.103385 0.045514
18.392172 1.136215 21.944493 1.799129
0.493183 0.102354 -0.000792 -0.000117
0.102354 0.045298 -0.000117 -0.000050
-0.000792 -0.000117 0.492688 0.102268
-0.000117 -0.000050 0.102268 0.045299
19.292698 1.205352 23.173683 1.867704
0.488633 0.101587 -0.000589 -0.000083
0.101587 0.045170 -0.000082 -0.000040
-0.000589 -0.000082 0.488178 0.101520
-0.000083 -0.000040 0.101520 0.045173
20.021545 1.231636 24.011358 1.847665
0.485138 0.101086 -0.000416 -0.000055
0.101086 0.045099 -0.000055 -0.000031
-0.000416 -0.000055 0.484773 0.101046
-0.000055 -0.000031 0.101046 0.045106
20.133710 1.126451 25.184821 1.899800
0.482507 0.100781 -0.000284 -0.000035
0.100781 0.045064 -0.000035 -0.000025
-0.000284 -0.000035 0.482259 0.100767
-0.000035 -0.000025 0.100767 0.045074
21.300659 1.252870 26.826949 2.044798
0.480564 0.100611 -0.000172 -0.000020
0.100611 0.045050 -0.000020 -0.000020
-0.000172 -0.000020 0.480456 0.100625
-0.000020 -0.000020 0.100625 0.045062
22.308312 1.332851 27.782513 2.030778
0.479126 0.100525 -0.000110 -0.000014
0.100525 0.045043 -0.000014 -0.000017
-0.000110 -0.000014 0.479239 0.100580
-0.000014 -0.000017 0.100580 0.045062
23.173739 1.374679 28.537505 1.976032
0.478095 0.100495 -0.000102 -0.000018
0.100495 0.045040 -0.000018 -0.000016
-0.000102 -0.000018 0.478449 0.100592
-0.000018 -0.000016 0.100592 0.045065
23.395199 1.276600 30.029429 2.082128
0.477377 0.100499 -0.000139 -0.000029
0.100499 0.045037 -0.000029 -0.000017
-0.000139 -0.000029 0.477964 0.100633
-0.000029 -0.000017 0.100633 0.045066
24.168076 1.304967 30.950039 2.056739
0.476838 0.100509 -0.000192 -0.000042
0.100509 0.045029 -0.000042 -0.000018
-0.000192 -0.000042 0.477746 0.100697
-0.000042 -0.000018 0.100697 0.045066
24.772872 1.294906 31.714299 2.001028
0.476451 0.100524 -0.000289 -0.000061
0.100524 0.045018 -0.000061 -0.000020
-0.000289 -0.000061 0.477685 0.100762
-0.000061 -0.000020 0.100762 0.045063
25.250200 1.258986 32.650954 1.987550
0.476171 0.100536 -0.000413 -0.000084
0.100536 0.045004 -0.000084 -0.000023
-0.000413 -0.000084 0.477721 0.100820
-0.000084 -0.000023 0.100820 0.045057
25.520173 1.183035 33.294236 1.913553
0.475943 0.100538 -0.000557 -0.000109
0.100538 0.044988 -0.000109 -0.000026
-0.000557 -0.000109 0.477834 0.100873
-0.000109 -0.000026 0.100873 0.045048
26.333401 1.229885 34.233375 1.909836
0.475756 0.100533 -0.000696 -0.000131
0.100533 0.044969 -0.000131 -0.000029
-0.000696 -0.000131 0.477978 0.100915
-0.000131 -0.000029 0.100915 0.045038
27.171717 1.277072 34.732499 1.813619
0.475579 0.100517 -0.000886 -0.000162
0.100517 0.044949 -0.000162 -0.000034
-0.000886 -0.000162 0.478146 0.100948
-0.000162 -0.000034 0.100948 0.045026
28.188924 1.357127 35.762009 1.839549
0.475441 0.100501 -0.001112 -0.000199
0.100501 0.044931 -0.000199 -0.000040
-0.001112 -0.000199 0.478287 0.100967
-0.000199 -0.000040 0.100967 0.045014
28.361432 1.250194 37.139373 1.936079
0.475291 0.100476 -0.001408 -0.000249
0.100476 0.044912 -0.000249 -0.000048
-0.001408 -0.000249 0.478439 0.100982
-0.000249 -0.000048 0.100982 0.045003
29.190395 1.293262 37.885128 1.889200
0.475053 0.100429 -0.001701 -0.000295
0.100429 0.044891 -0.000295 -0.000056
-0.001701 -0.000295 0.478670 0.101010
-0.000295 -0.000056 0.101010 0.044997
29.177520 1.153855 38.950863 1.914642
0.474831 0.100385 -0.002035 -0.000348
0.100385 0.044872 -0.000348 -0.000066
-0.002035 -0.000348 0.478874 0.101030
-0.000348 -0.000066 0.101030 0.044991
29.892568 1.183002 39.650370 1.860293
0.474543 0.100327 -0.002327 -0.000389
0.100327 0.044852 -0.000389 -0.000072
-0.002327 -0.000389 0.479133 0.101060
-0.000389 -0.000072 0.101060 0.044988
31.094807 1.312216 40.915022 1.930987
0.474279 0.100276 -0.002654 -0.000437
0.100276 0.044835 -0.000438 -0.000081
-0.002654 -0.000438 0.479362 0.101082
-0.000437 -0.000081 0.101082 0.044986
31.427196 1.243897 42.308923 2.021205
0.473995 0.100223 -0.003108 -0.000511
0.100223 0.044820 -0.000512 -0.000095
-0.003108 -0.000512 0.479609 0.101109
-0.000511 -0.000095 0.101109 0.044986
32.162064 1.267501 42.547448 1.858518
0.473623 0.100153 -0.003570 -0.000583
0.100153 0.044802 -0.000584 -0.000109
-0.003570 -0.000584 0.479946 0.101155
-0.000583 -0.000109 0.101155 0.044992
32.844781 1.278029 43.891930 1.946030
0.473359 0.100110 -0.004023 -0.000651
0.100110 0.044791 -0.000652 -0.000122
-0.004023 -0.000652 0.480176 0.101177
-0.000651 -0.000122 0.101177 0.044993
33.802203 1.345153 44.391832 1.846516
0.473029 0.100053 -0.004539 -0.000730
0.100053 0.044777 -0.000731 -0.000137
-0.004539 -0.000731 0.480480 0.101216
-0.000730 -0.000137 0.101216 0.044999
34.470752 1.344483 45.650580 1.917171
0.472788 0.100018 -0.005092 -0.000815
0.100018 0.044769 -0.000816 -0.000153
-0.005092 -0.000816 0.480702 0.101238
-0.000815 -0.000153 0.101238 0.045001
35.046118 1.323702 46.149044 1.820227
0.472485 0.099969 -0.005695 -0.000908
0.099969 0.044758 -0.000909 -0.000171
-0.005695 -0.000909 0.480999 0.101278
-0.000908 -0.000171 0.101278 0.045009
35.725009 1.327314 47.068088 1.822118
0.472238 0.099934 -0.006268 -0.000992
0.099934 0.044750 -0.000992 -0.000187
-0.006268 -0.000992 0.481246 0.101307
-0.000992 -0.000187 0.101307 0.045014
