-2.127834 0.110943 0.521767 -0.683336
2.053490 0.821414 -0.226717 -0.090689
0.821414 80.332639 -0.090689 -0.036276
-0.226717 -0.090689 3.101368 1.240574
-0.090689 -0.036276 1.240574 80.500307
4.069262 11.073032 -0.055649 -0.964167
3.027175 5.368226 -1.918791 -3.195728
5.368226 16.669333 -3.353655 -6.229976
-1.918791 -3.353655 3.746042 6.316339
-3.195728 -6.229976 6.316339 20.785400
5.452068 6.598174 2.422955 1.956685
2.230645 2.507352 -0.235922 -0.018058
2.507352 4.486074 -0.121584 -0.227366
-0.235922 -0.121584 1.890276 2.137892
-0.018058 -0.227366 2.137892 4.814712
6.926438 5.128820 4.423527 2.789832
1.599946 1.297508 -0.084721 -0.023533
1.297508 1.689931 -0.047702 -0.172500
-0.084721 -0.047702 1.867363 1.624022
-0.023533 -0.172500 1.624022 2.277306
8.202395 4.290857 6.751784 3.424492
1.309814 0.847096 -0.269770 -0.183025
0.847096 0.858607 -0.186960 -0.209151
-0.269770 -0.186960 1.837387 1.250403
-0.183025 -0.209151 1.250403 1.252173
9.820607 4.016647 6.829609 2.524747
1.229918 0.663081 -0.369260 -0.207784
0.663081 0.532839 -0.207475 -0.160732
-0.369260 -0.207475 1.612244 0.890508
-0.207784 -0.160732 0.890508 0.712374
10.568244 3.440657 6.795425 1.922069
1.090788 0.500978 -0.344230 -0.160722
0.500978 0.340467 -0.160503 -0.101264
-0.344230 -0.160503 1.457973 0.678591
-0.160722 -0.101264 0.678591 0.452380
10.926747 2.894060 7.282227 1.729096
0.968613 0.388338 -0.302933 -0.120754
0.388338 0.231557 -0.120615 -0.065174
-0.302933 -0.120615 1.325532 0.533761
-0.120754 -0.065174 0.533761 0.307483
11.792696 2.686977 8.518523 1.860134
0.879734 0.314139 -0.273359 -0.095285
0.314139 0.168270 -0.095196 -0.044966
-0.273359 -0.095196 1.204827 0.428502
-0.095285 -0.044966 0.428502 0.219922
12.966223 2.631121 9.211164 1.783549
0.813874 0.263017 -0.244752 -0.075830
0.263017 0.129158 -0.075832 -0.031992
-0.244752 -0.075832 1.086737 0.347318
-0.075830 -0.031992 0.347318 0.163428
13.270794 2.331388 10.374634 1.859116
0.752988 0.223203 -0.212110 -0.059135
0.223203 0.102854 -0.059133 -0.022837
-0.212110 -0.059133 0.988226 0.288249
-0.059135 -0.022837 0.288249 0.127008
13.347317 2.029767 11.206880 1.827982
0.707842 0.194869 -0.186545 -0.047378
0.194869 0.085560 -0.047440 -0.016938
-0.186545 -0.047440 0.898936 0.242502
-0.047378 -0.016938 0.242502 0.102200
14.387755 2.031763 11.210606 1.597287
0.672309 0.173761 -0.166536 -0.038919
0.173761 0.073729 -0.039058 -0.012985
-0.166536 -0.039058 0.822598 0.207770
-0.038919 -0.012985 0.207770 0.085202
14.635462 1.844844 12.419961 1.691747
0.634651 0.155506 -0.146430 -0.031698
0.155506 0.064921 -0.031788 -0.009988
-0.146430 -0.031788 0.766734 0.183406
-0.031698 -0.009988 0.183406 0.073888
15.051974 1.725652 13.288969 1.694037
0.606261 0.142227 -0.128639 -0.025935
0.142227 0.058902 -0.026042 -0.007801
-0.128639 -0.026042 0.714388 0.163396
-0.025935 -0.007801 0.163396 0.065577
15.522638 1.635672 14.032916 1.668659
0.582633 0.131985 -0.112444 -0.021206
0.131985 0.054632 -0.021330 -0.006153
-0.112444 -0.021330 0.669425 0.147770
-0.021206 -0.006153 0.147770 0.059616
15.990339 1.558321 14.901259 1.673640
0.562479 0.123974 -0.097764 -0.017311
0.123974 0.051574 -0.017442 -0.004896
-0.097764 -0.017442 0.631798 0.135746
-0.017311 -0.004896 0.135746 0.055362
16.070253 1.407188 15.820167 1.686147
0.545714 0.117811 -0.084194 -0.014022
0.117811 0.049411 -0.014157 -0.003914
-0.084194 -0.014157 0.599890 0.126395
-0.014022 -0.003914 0.126395 0.052298
16.447887 1.336453 16.501379 1.650056
0.532977 0.113340 -0.072460 -0.011389
0.113340 0.047943 -0.011541 -0.003173
-0.072460 -0.011541 0.572235 0.118994
-0.011389 -0.003173 0.118994 0.050063
16.781932 1.263518 16.979302 1.575834
0.522295 0.109900 -0.061996 -0.009216
0.109900 0.046915 -0.009374 -0.002594
-0.061996 -0.009374 0.549717 0.113441
-0.009216 -0.002594 0.113441 0.048495
17.357317 1.258698 18.839497 1.796706
0.513288 0.107257 -0.053051 -0.007496
0.107257 0.046201 -0.007650 -0.002155
-0.053051 -0.007650 0.531832 0.109380
-0.007496 -0.002155 0.109380 0.047416
18.064576 1.272682 19.369661 1.721294
0.506705 0.105469 -0.042792 -0.005589
0.105469 0.045765 -0.005744 -0.001706
-0.042792 -0.005744 0.515852 0.106080
-0.005589 -0.001706 0.106080 0.046609
18.757675 1.285119 20.340876 1.744458
0.500709 0.104019 -0.033975 -0.004085
0.104019 0.045454 -0.004227 -0.001367
-0.033975 -0.004227 0.504125 0.103903
-0.004085 -0.001367 0.103903 0.046103
19.588102 1.324841 21.345501 1.772854
0.495620 0.102923 -0.025991 -0.002811
0.102923 0.045250 -0.002936 -0.001088
-0.025991 -0.002936 0.495348 0.102458
-0.002811 -0.001088 0.102458 0.045781
20.326490 1.340424 22.180877 1.762579
0.491144 0.102065 -0.019018 -0.001779
0.102065 0.045113 -0.001885 -0.000866
-0.019018 -0.001885 0.489204 0.101603
-0.001779 -0.000866 0.101603 0.045592
20.661858 1.273257 23.804853 1.916317
0.487248 0.101401 -0.013408 -0.001039
0.101401 0.045023 -0.001127 -0.000706
-0.013408 -0.001127 0.485170 0.101173
-0.001039 -0.000706 0.101173 0.045490
21.085933 1.229639 25.032759 1.972190
0.483448 0.100804 -0.008723 -0.000474
0.100804 0.044945 -0.000544 -0.000578
-0.008723 -0.000544 0.483133 0.101111
-0.000474 -0.000578 0.101111 0.045457
21.256600 1.138044 26.670542 2.108084
0.479435 0.100192 -0.005282 -0.000139
0.100192 0.044860 -0.000191 -0.000492
-0.005282 -0.000191 0.482989 0.101371
-0.000139 -0.000492 0.101371 0.045479
21.919724 1.158276 28.145397 2.196705
0.474360 0.099383 -0.002632 0.000077
0.099383 0.044730 0.000043 -0.000424
-0.002632 0.000043 0.485244 0.102042
0.000077 -0.000424 0.102042 0.045576
22.592691 1.178065 29.354835 2.220152
0.468219 0.098387 -0.001749 -0.000025
0.098387 0.044559 -0.000046 -0.000416
-0.001749 -0.000046 0.489754 0.103069
-0.000025 -0.000416 0.103069 0.045733
23.065914 1.153677 30.601964 2.248947
0.461669 0.097352 -0.002645 -0.000425
0.097352 0.044378 -0.000439 -0.000462
-0.002645 -0.000439 0.495722 0.104269
-0.000425 -0.000462 0.104269 0.045913
23.583496 1.141131 31.710857 2.245674
0.454773 0.096283 -0.004653 -0.000966
0.096283 0.044190 -0.000981 -0.000528
-0.004653 -0.000981 0.503058 0.105625
-0.000966 -0.000528 0.105625 0.046115
24.282245 1.168371 33.459173 2.376616
0.448023 0.095278 -0.007638 -0.001618
0.095278 0.044012 -0.001641 -0.000610
-0.007638 -0.001641 0.511192 0.107022
-0.001618 -0.000610 0.107022 0.046319
24.625581 1.116857 34.191380 2.281478
0.440655 0.094160 -0.011727 -0.002413
0.094160 0.043803 -0.002450 -0.000717
-0.011727 -0.002450 0.521245 0.108706
-0.002413 -0.000717 0.108706 0.046579
25.181557 1.116249 35.140023 2.241607
0.434550 0.093333 -0.015591 -0.003073
0.093333 0.043652 -0.003125 -0.000791
-0.015591 -0.003125 0.530551 0.110111
-0.003073 -0.000791 0.110111 0.046777
25.446183 1.052460 35.771495 2.140350
0.429367 0.092691 -0.019532 -0.003689
0.092691 0.043531 -0.003756 -0.000859
-0.019532 -0.003756 0.539372 0.111338
-0.003689 -0.000859 0.111338 0.046944
25.930659 1.043250 36.732475 2.117877
0.425254 0.092249 -0.022743 -0.004112
0.092249 0.043441 -0.004187 -0.000890
-0.022743 -0.004187 0.547059 0.112285
-0.004112 -0.000890 0.112285 0.047063
26.192643 0.985718 37.302363 2.017538
0.421880 0.091919 -0.025388 -0.004402
0.091919 0.043362 -0.004479 -0.000902
-0.025388 -0.004479 0.553890 0.113050
-0.004402 -0.000902 0.113050 0.047159
26.795372 1.010307 38.534155 2.063101
0.419369 0.091724 -0.027241 -0.004534
0.091724 0.043301 -0.004605 -0.000891
-0.027241 -0.004605 0.559349 0.113553
-0.004534 -0.000891 0.113553 0.047219
27.679778 1.093506 39.533354 2.057648
0.417662 0.091648 -0.027917 -0.004447
0.091648 0.043256 -0.004500 -0.000846
-0.027917 -0.004500 0.563181 0.113772
-0.004447 -0.000846 0.113772 0.047239
28.873935 1.234824 40.179497 1.982712
0.417033 0.091747 -0.027785 -0.004237
0.091747 0.043242 -0.004269 -0.000788
-0.027785 -0.004269 0.564811 0.113619
-0.004237 -0.000788 0.113619 0.047203
29.884780 1.321390 41.103315 1.970550
0.417279 0.091970 -0.027437 -0.004031
0.091970 0.043247 -0.004051 -0.000745
-0.027437 -0.004051 0.564680 0.113211
-0.004031 -0.000745 0.113211 0.047137
30.376630 1.284443 42.181856 1.988593
0.419098 0.092475 -0.025344 -0.003515
0.092475 0.043310 -0.003509 -0.000645
-0.025344 -0.003509 0.561062 0.112223
-0.003515 -0.000645 0.112223 0.046974
31.194785 1.321693 42.747269 1.903490
0.423473 0.093464 -0.021212 -0.002651
0.093464 0.043473 -0.002607 -0.000483
-0.021212 -0.002607 0.552456 0.110395
-0.002651 -0.000483 0.110395 0.046666
31.675567 1.280559 43.309325 1.824858
0.429383 0.094670 -0.016824 -0.001820
0.094670 0.043672 -0.001755 -0.000343
-0.016824 -0.001755 0.541653 0.108333
-0.001820 -0.000343 0.108333 0.046338
32.586442 1.341555 44.659837 1.913640
0.436729 0.096066 -0.012626 -0.001097
0.096066 0.043902 -0.001029 -0.000234
-0.012626 -0.001029 0.529349 0.106161
-0.001097 -0.000234 0.106161 0.046006
33.655172 1.428930 45.661349 1.923783
0.450689 0.098781 -0.009264 -0.000578
0.098781 0.044412 -0.000562 -0.000175
-0.009264 -0.000562 0.509268 0.102588
-0.000578 -0.000175 0.102588 0.045401
34.529882 1.464950 47.077809 2.016418
0.470240 0.102461 -0.009158 -0.000736
0.102461 0.045102 -0.000825 -0.000257
-0.009158 -0.000825 0.485689 0.098547
-0.000736 -0.000257 0.098547 0.044720
35.325397 1.477494 47.554206 1.907496
0.496021 0.107156 -0.014548 -0.001976
0.107156 0.045971 -0.002210 -0.000554
-0.014548 -0.002210 0.460713 0.094441
-0.001976 -0.000554 0.094441 0.044035
36.183334 1.503655 48.865736 1.982087
0.522685 0.111637 -0.022865 -0.003703
0.111637 0.046747 -0.004032 -0.000915
-0.022865 -0.004032 0.440377 0.091470
-0.003703 -0.000915 0.091470 0.043579
