-0.236559 0.867469 2.793581 0.225409
2.053490 0.821414 -0.226717 -0.090689
0.821414 80.332639 -0.090689 -0.036276
-0.226717 -0.090689 3.101368 1.240574
-0.090689 -0.036276 1.240574 80.500307
4.434248 8.370705 -0.324213 -5.171611
2.497220 4.431172 -1.441494 -2.396472
4.431172 15.012558 -2.504469 -4.807862
-1.441494 -2.504469 3.586654 6.055257
-2.396472 -4.807862 6.055257 20.358077
7.055774 6.966434 3.220885 1.635792
2.548482 2.901206 -0.386218 -0.205421
2.901206 4.933853 -0.331086 -0.443138
-0.386218 -0.331086 1.760659 1.960668
-0.205421 -0.443138 1.960668 4.600055
9.528337 6.128425 2.146368 -0.068062
1.604210 1.288618 -0.195825 -0.113183
1.288618 1.659871 -0.132804 -0.224164
-0.195825 -0.132804 1.910248 1.674988
-0.113183 -0.224164 1.674988 2.338494
9.851459 4.372859 1.680641 -0.388521
1.330008 0.852156 -0.085820 -0.046237
0.852156 0.852550 -0.056900 -0.107551
-0.085820 -0.056900 1.691017 1.154441
-0.046237 -0.107551 1.154441 1.189904
8.847354 2.657110 3.278301 0.620516
1.175943 0.627875 -0.045245 -0.029388
0.627875 0.509157 -0.034816 -0.062989
-0.045245 -0.034816 1.457789 0.811784
-0.029388 -0.062989 0.811784 0.671943
9.060491 2.150429 3.268719 0.479725
1.014754 0.464439 -0.066641 -0.040337
0.464439 0.322313 -0.043655 -0.048621
-0.066641 -0.043655 1.353982 0.638257
-0.040337 -0.048621 0.638257 0.436221
8.492877 1.489412 3.740107 0.590312
0.903475 0.363006 -0.071202 -0.037947
0.363006 0.221240 -0.040077 -0.034648
-0.071202 -0.040077 1.240370 0.506141
-0.037947 -0.034648 0.506141 0.297734
11.100249 2.158551 3.848646 0.505561
0.813618 0.292286 -0.081986 -0.037189
0.292286 0.160643 -0.038734 -0.026206
-0.081986 -0.038734 1.150998 0.414783
-0.037189 -0.026206 0.414783 0.215706
11.942439 2.070800 5.711335 1.027063
0.742562 0.242168 -0.085722 -0.033797
0.242168 0.122685 -0.034945 -0.019667
-0.085722 -0.034945 1.070166 0.346069
-0.033797 -0.019667 0.346069 0.163185
11.700225 1.685018 6.873596 1.226295
0.688008 0.206532 -0.108401 -0.036521
0.206532 0.098240 -0.037535 -0.016871
-0.108401 -0.037535 1.007333 0.296597
-0.036521 -0.016871 0.296597 0.129275
12.419959 1.648744 8.128639 1.400614
0.651253 0.182033 -0.131521 -0.038751
0.182033 0.082341 -0.039672 -0.014803
-0.131521 -0.039672 0.944180 0.256173
-0.038751 -0.014803 0.256173 0.105473
13.039621 1.594827 8.996918 1.443519
0.623972 0.163956 -0.142211 -0.037447
0.163956 0.071450 -0.038251 -0.012426
-0.142211 -0.038251 0.879264 0.222277
-0.037447 -0.012426 0.222277 0.088270
13.553190 1.525504 11.077793 1.767167
0.600108 0.149558 -0.142901 -0.034060
0.149558 0.063644 -0.034753 -0.010111
-0.142901 -0.034753 0.819355 0.195112
-0.034060 -0.010111 0.195112 0.075994
14.422164 1.553777 12.889093 1.978061
0.584144 0.139276 -0.136009 -0.029572
0.139276 0.058305 -0.030190 -0.008024
-0.136009 -0.030190 0.754930 0.171116
-0.029572 -0.008024 0.171116 0.066655
14.899282 1.486833 14.347242 2.079449
0.569615 0.130929 -0.121710 -0.024199
0.130929 0.054404 -0.024735 -0.006118
-0.121710 -0.024735 0.695935 0.151791
-0.024199 -0.006118 0.151791 0.059898
15.120311 1.368941 15.272697 2.052032
0.556980 0.124292 -0.105622 -0.019221
0.124292 0.051583 -0.019700 -0.004600
-0.105622 -0.019700 0.645435 0.136867
-0.019221 -0.004600 0.136867 0.055120
15.440991 1.293940 16.963682 2.188536
0.545995 0.119018 -0.090967 -0.015189
0.119018 0.049546 -0.015636 -0.003497
-0.090967 -0.015636 0.604596 0.125794
-0.015189 -0.003497 0.125794 0.051824
16.095246 1.298600 18.461824 2.272100
0.537185 0.115021 -0.075493 -0.011458
0.115021 0.048128 -0.011883 -0.002591
-0.075493 -0.011883 0.569643 0.117200
-0.011458 -0.002591 0.117200 0.049473
16.905697 1.328622 19.062804 2.163343
0.528922 0.111753 -0.060099 -0.008137
0.111753 0.047100 -0.008527 -0.001863
-0.060099 -0.008527 0.541994 0.110988
-0.008137 -0.001863 0.110988 0.047888
17.750822 1.367810 20.307319 2.198213
0.520529 0.108932 -0.047105 -0.005622
0.108932 0.046327 -0.005962 -0.001359
-0.047105 -0.005962 0.522071 0.106907
-0.005622 -0.001359 0.106907 0.046900
18.134779 1.304502 21.293986 2.172885
0.512635 0.106617 -0.035200 -0.003524
0.106617 0.045775 -0.003811 -0.000971
-0.035200 -0.003811 0.507387 0.104205
-0.003524 -0.000971 0.104205 0.046278
18.698006 1.287124 22.559849 2.209384
0.505839 0.104838 -0.025141 -0.001931
0.104838 0.045409 -0.002175 -0.000700
-0.025141 -0.002175 0.496620 0.102452
-0.001931 -0.000700 0.102452 0.045890
19.565538 1.333307 23.623811 2.202154
0.499503 0.103382 -0.016458 -0.000688
0.103382 0.045154 -0.000890 -0.000499
-0.016458 -0.000890 0.489415 0.101481
-0.000688 -0.000499 0.101481 0.045676
20.176145 1.324020 25.293784 2.320501
0.493217 0.102104 -0.009682 0.000135
0.102104 0.044959 -0.000025 -0.000376
-0.009682 -0.000025 0.485488 0.101162
0.000135 -0.000376 0.101162 0.045593
20.847805 1.324998 26.114182 2.249412
0.486397 0.100846 -0.004350 0.000678
0.100846 0.044780 0.000558 -0.000297
-0.004350 0.000558 0.484720 0.101423
0.000678 -0.000297 0.101423 0.045618
21.386984 1.299201 27.159173 2.232409
0.479987 0.099781 -0.001109 0.000832
0.099781 0.044645 0.000745 -0.000281
-0.001109 0.000745 0.485692 0.101926
0.000832 -0.000281 0.101926 0.045675
21.702333 1.229062 27.912491 2.155688
0.473606 0.098794 0.000502 0.000725
0.098794 0.044522 0.000663 -0.000301
0.000502 0.000663 0.488333 0.102655
0.000725 -0.000301 0.102655 0.045765
22.767004 1.323229 28.747248 2.104824
0.467736 0.097965 0.001060 0.000494
0.097965 0.044424 0.000449 -0.000328
0.001060 0.000449 0.491807 0.103435
0.000494 -0.000328 0.103435 0.045853
23.100573 1.254236 29.323221 2.004667
0.462223 0.097235 -0.000862 -0.000161
0.097235 0.044335 -0.000198 -0.000431
-0.000862 -0.000198 0.496009 0.104256
-0.000161 -0.000431 0.104256 0.045944
23.371037 1.178868 30.331867 2.006076
0.457429 0.096663 -0.003260 -0.000792
0.096663 0.044266 -0.000828 -0.000512
-0.003260 -0.000828 0.500333 0.105008
-0.000792 -0.000512 0.105008 0.046018
24.215839 1.233006 31.537193 2.048362
0.452383 0.096021 -0.005957 -0.001383
0.096021 0.044166 -0.001423 -0.000576
-0.005957 -0.001423 0.505772 0.105919
-0.001383 -0.000576 0.105919 0.046129
24.686880 1.202022 32.415063 2.017836
0.447092 0.095314 -0.010336 -0.002241
0.095314 0.044042 -0.002295 -0.000693
-0.010336 -0.002295 0.512410 0.107007
-0.002241 -0.000693 0.107007 0.046279
24.983209 1.136809 33.591188 2.052593
0.442152 0.094671 -0.014989 -0.003063
0.094671 0.043921 -0.003132 -0.000799
-0.014989 -0.003132 0.519430 0.108094
-0.003063 -0.000799 0.108094 0.046429
25.585209 1.143724 34.124167 1.950355
0.436988 0.093961 -0.019211 -0.003720
0.093961 0.043777 -0.003800 -0.000869
-0.019211 -0.003800 0.527476 0.109327
-0.003720 -0.000869 0.109327 0.046614
26.183187 1.148954 34.755510 1.879427
0.432954 0.093480 -0.023812 -0.004411
0.093480 0.043675 -0.004505 -0.000952
-0.023812 -0.004505 0.534673 0.110315
-0.004411 -0.000952 0.110315 0.046749
27.072669 1.216720 35.396128 1.818550
0.429692 0.093130 -0.028557 -0.005092
0.093130 0.043592 -0.005203 -0.001040
-0.028557 -0.005203 0.541345 0.111161
-0.005092 -0.001040 0.111161 0.046864
27.378246 1.151269 36.486274 1.854784
0.427235 0.092908 -0.034019 -0.005890
0.092908 0.043527 -0.006030 -0.001161
-0.034019 -0.006030 0.547521 0.111891
-0.005890 -0.001161 0.111891 0.046965
28.255827 1.216915 37.324247 1.837558
0.424500 0.092577 -0.037670 -0.006289
0.092577 0.043430 -0.006425 -0.001199
-0.037670 -0.006425 0.553975 0.112685
-0.006289 -0.001199 0.112685 0.047091
28.878319 1.220273 38.314991 1.852207
0.422234 0.092313 -0.041056 -0.006647
0.092313 0.043343 -0.006778 -0.001241
-0.041056 -0.006778 0.559876 0.113368
-0.006647 -0.001241 0.113368 0.047202
29.573927 1.241909 39.863568 1.978325
0.420262 0.092086 -0.042614 -0.006654
0.092086 0.043263 -0.006756 -0.001219
-0.042614 -0.006756 0.564666 0.113848
-0.006654 -0.001219 0.113848 0.047283
30.025998 1.203837 40.676507 1.941987
0.419301 0.092067 -0.040259 -0.005922
0.092067 0.043231 -0.005947 -0.001053
-0.040259 -0.005947 0.565878 0.113660
-0.005922 -0.001053 0.113660 0.047243
30.530039 1.182582 41.706085 1.953202
0.419658 0.092300 -0.036221 -0.004960
0.092300 0.043251 -0.004913 -0.000864
-0.036221 -0.004913 0.563942 0.112943
-0.004960 -0.000864 0.112943 0.047118
31.667358 1.303646 42.796283 1.978967
0.422330 0.092990 -0.030301 -0.003733
0.092990 0.043367 -0.003626 -0.000643
-0.030301 -0.003626 0.557262 0.111418
-0.003733 -0.000643 0.111418 0.046854
32.090763 1.252331 43.604698 1.941518
0.429021 0.094471 -0.023161 -0.002371
0.094471 0.043646 -0.002246 -0.000415
-0.023161 -0.002246 0.543955 0.108759
-0.002371 -0.000415 0.108759 0.046391
33.406015 1.402059 44.181903 1.865868
0.438418 0.096376 -0.016757 -0.001270
0.096376 0.043995 -0.001167 -0.000258
-0.016757 -0.001167 0.527877 0.105798
-0.001270 -0.000258 0.105798 0.045900
33.793213 1.336145 45.809682 2.004584
0.452005 0.099004 -0.012074 -0.000583
0.099004 0.044479 -0.000554 -0.000193
-0.012074 -0.000554 0.508149 0.102335
-0.000583 -0.000193 0.102335 0.045330
33.971233 1.230130 47.027257 2.046627
0.472484 0.102880 -0.011513 -0.000744
0.102880 0.045206 -0.000865 -0.000303
-0.011513 -0.000865 0.483698 0.098136
-0.000744 -0.000303 0.098136 0.044623
34.824541 1.282495 48.380125 2.114901
0.495523 0.106958 -0.014212 -0.001525
0.106958 0.045934 -0.001779 -0.000515
-0.014212 -0.001779 0.461202 0.094572
-0.001525 -0.000515 0.094572 0.044057
35.432539 1.274885 49.228089 2.071277
0.523372 0.111722 -0.022390 -0.003340
0.111722 0.046775 -0.003712 -0.000912
-0.022390 -0.003712 0.439877 0.091370
-0.003340 -0.000912 0.091370 0.043549
