4.463574 2.747563 0.869361 -0.544295
2.470482 0.988214 -0.052654 -0.021062
0.988214 80.399361 -0.021062 -0.008425
-0.052654 -0.021062 2.434012 0.973626
-0.021062 -0.008425 0.973626 80.393525
7.156089 5.055750 1.160191 0.447789
2.247865 3.929849 -0.049176 -0.075873
3.929849 15.261532 -0.075597 -0.266629
-0.049176 -0.075597 2.274258 3.983183
-0.075873 -0.266629 3.983183 15.261982
6.644073 1.539856 2.287880 1.486398
1.985626 2.297247 -0.035941 -0.039116
2.297247 4.547943 -0.039032 -0.081597
-0.035941 -0.039032 2.018295 2.327267
-0.039116 -0.081597 2.327267 4.556947
7.609085 1.704550 4.053873 2.345443
1.705539 1.438769 -0.031982 -0.026791
1.438769 1.909398 -0.026772 -0.037162
-0.031982 -0.026772 1.723596 1.447635
-0.026791 -0.037162 1.447635 1.908429
7.915799 1.343983 3.934912 1.494817
1.476421 0.976129 -0.025256 -0.016859
0.976129 0.976504 -0.016845 -0.018170
-0.025256 -0.016845 1.486684 0.979142
-0.016859 -0.018170 0.979142 0.975598
7.734288 0.880446 3.455317 0.830319
1.294853 0.703638 -0.021732 -0.012095
0.703638 0.567428 -0.012088 -0.010482
-0.021732 -0.012088 1.303348 0.706075
-0.012095 -0.010482 0.706075 0.567730
8.171901 0.879226 3.934056 0.859607
1.150936 0.531501 -0.019869 -0.009447
0.531501 0.361340 -0.009444 -0.006733
-0.019869 -0.009444 1.159078 0.533917
-0.009447 -0.006733 0.533917 0.362092
8.564947 0.860320 5.258975 1.218983
1.035594 0.416658 -0.017712 -0.007326
0.416658 0.246941 -0.007325 -0.004468
-0.017712 -0.007325 1.043114 0.418789
-0.007326 -0.004468 0.418789 0.247682
9.074754 0.888597 7.296740 1.728605
0.942083 0.336782 -0.015386 -0.005632
0.336782 0.178800 -0.005630 -0.003036
-0.015386 -0.005630 0.948099 0.338301
-0.005632 -0.003036 0.338301 0.179328
10.395287 1.171484 8.092443 1.706407
0.865254 0.279337 -0.012975 -0.004268
0.279337 0.135989 -0.004266 -0.002092
-0.012975 -0.004266 0.869259 0.280178
-0.004268 -0.002092 0.280178 0.136290
11.283820 1.261034 8.390817 1.542568
0.800762 0.236751 -0.010844 -0.003248
0.236751 0.107926 -0.003246 -0.001476
-0.010844 -0.003246 0.803899 0.237364
-0.003248 -0.001476 0.237364 0.108159
11.631102 1.183378 9.298950 1.580054
0.746333 0.204620 -0.009188 -0.002535
0.204620 0.088979 -0.002533 -0.001076
-0.009188 -0.002533 0.749176 0.205179
-0.002535 -0.001076 0.205179 0.089191
12.987143 1.379937 10.931328 1.796473
0.700419 0.180109 -0.007865 -0.002015
0.180109 0.075914 -0.002014 -0.000805
-0.007865 -0.002014 0.702837 0.180570
-0.002015 -0.000805 0.180570 0.076090
13.136701 1.248264 12.438998 1.944863
0.661518 0.161216 -0.006540 -0.001565
0.161216 0.066755 -0.001564 -0.000600
-0.006540 -0.001564 0.663516 0.161582
-0.001565 -0.000600 0.161582 0.066897
13.275103 1.135020 13.752808 2.024386
0.628622 0.146589 -0.005456 -0.001228
0.146589 0.060269 -0.001227 -0.000455
-0.005456 -0.001227 0.630031 0.146826
-0.001228 -0.000455 0.146826 0.060372
13.631537 1.087453 14.175509 1.891745
0.600779 0.135227 -0.004563 -0.000970
0.135227 0.055648 -0.000970 -0.000350
-0.004563 -0.000970 0.601598 0.135344
-0.000970 -0.000350 0.135344 0.055716
13.968455 1.042154 14.998875 1.864906
0.577187 0.126387 -0.003868 -0.000781
0.126387 0.052346 -0.000781 -0.000275
-0.003868 -0.000781 0.577620 0.126438
-0.000781 -0.000275 0.126438 0.052395
14.926272 1.135891 16.372565 1.959587
0.557330 0.119545 -0.003283 -0.000632
0.119545 0.049996 -0.000631 -0.000217
-0.003283 -0.000631 0.557456 0.119548
-0.000632 -0.000217 0.119548 0.050031
15.281396 1.090882 17.162511 1.919433
0.540711 0.114284 -0.002718 -0.000497
0.114284 0.048336 -0.000497 -0.000171
-0.002718 -0.000497 0.540620 0.114258
-0.000497 -0.000171 0.114258 0.048362
16.272349 1.184028 17.475546 1.784144
0.526925 0.110282 -0.002245 -0.000392
0.110282 0.047179 -0.000391 -0.000135
-0.002245 -0.000391 0.526670 0.110236
-0.000392 -0.000135 0.110236 0.047198
16.740471 1.158300 18.698241 1.852929
0.515558 0.107270 -0.001847 -0.000308
0.107270 0.046384 -0.000308 -0.000108
-0.001847 -0.000308 0.515267 0.107229
-0.000308 -0.000108 0.107229 0.046401
17.177305 1.128827 19.995084 1.929773
0.506341 0.105052 -0.001489 -0.000236
0.105052 0.045853 -0.000236 -0.000086
-0.001489 -0.000236 0.506006 0.105011
-0.000236 -0.000086 0.105011 0.045866
18.097070 1.202531 21.155077 1.970287
0.498961 0.103453 -0.001168 -0.000176
0.103453 0.045509 -0.000176 -0.000068
-0.001168 -0.000176 0.498588 0.103411
-0.000176 -0.000068 0.103411 0.045519
18.329202 1.125978 22.547905 2.054876
0.493115 0.102329 -0.000886 -0.000125
0.102329 0.045294 -0.000125 -0.000053
-0.000886 -0.000125 0.492756 0.102293
-0.000125 -0.000053 0.102293 0.045302
18.902570 1.128183 24.040995 2.151719
0.488570 0.101568 -0.000639 -0.000084
0.101568 0.045168 -0.000084 -0.000041
-0.000639 -0.000084 0.488240 0.101539
-0.000084 -0.000041 0.101539 0.045175
19.491483 1.133338 24.908223 2.108233
0.485078 0.101072 -0.000426 -0.000050
0.101072 0.045099 -0.000050 -0.000032
-0.000426 -0.000050 0.484832 0.101060
-0.000050 -0.000032 0.101060 0.045106
19.769236 1.073004 26.161703 2.149872
0.482447 0.100769 -0.000263 -0.000026
0.100769 0.045064 -0.000026 -0.000025
-0.000263 -0.000026 0.482318 0.100778
-0.000026 -0.000025 0.100778 0.045074
20.379302 1.088408 27.307641 2.164745
0.480494 0.100599 -0.000129 -0.000008
0.100599 0.045050 -0.000008 -0.000020
-0.000129 -0.000008 0.480525 0.100637
-0.000008 -0.000020 0.100637 0.045062
20.967841 1.097710 28.365462 2.159593
0.479060 0.100515 -0.000036 0.000002
0.100515 0.045044 0.000002 -0.000016
-0.000036 0.000002 0.479305 0.100590
0.000002 -0.000016 0.100590 0.045062
21.933440 1.185311 28.763309 2.016224
0.478022 0.100485 0.000016 0.000005
0.100485 0.045040 0.000005 -0.000014
0.000016 0.000005 0.478522 0.100602
0.000005 -0.000014 0.100602 0.045065
22.260854 1.129471 29.467594 1.952261
0.477306 0.100490 0.000011 -0.000002
0.100490 0.045037 -0.000002 -0.000014
0.000011 -0.000002 0.478035 0.100643
-0.000002 -0.000014 0.100643 0.045066
23.215636 1.211684 30.886842 2.045646
0.476810 0.100510 -0.000013 -0.000011
0.100510 0.045031 -0.000011 -0.000014
-0.000013 -0.000011 0.477774 0.100697
-0.000011 -0.000014 0.100697 0.045065
23.484166 1.140510 32.046758 2.074570
0.476426 0.100524 -0.000093 -0.000029
0.100524 0.045019 -0.000029 -0.000015
-0.000093 -0.000029 0.477710 0.100762
-0.000029 -0.000015 0.100762 0.045062
23.889214 1.105630 32.940127 2.044201
0.476113 0.100528 -0.000182 -0.000047
0.100528 0.045004 -0.000047 -0.000017
-0.000182 -0.000047 0.477779 0.100828
-0.000047 -0.000017 0.100828 0.045058
24.350942 1.086387 34.088879 2.070938
0.475855 0.100524 -0.000287 -0.000066
0.100524 0.044985 -0.000066 -0.000019
-0.000287 -0.000066 0.477921 0.100887
-0.000066 -0.000019 0.100887 0.045051
25.638487 1.243685 34.535144 1.946547
0.475603 0.100506 -0.000416 -0.000088
0.100506 0.044964 -0.000088 -0.000022
-0.000416 -0.000088 0.478131 0.100942
-0.000088 -0.000022 0.100942 0.045043
26.159351 1.222344 35.732779 1.993911
0.475419 0.100491 -0.000628 -0.000125
0.100491 0.044944 -0.000125 -0.000028
-0.000628 -0.000125 0.478307 0.100975
-0.000125 -0.000028 0.100975 0.045031
26.695308 1.206442 36.681486 1.983723
0.475199 0.100459 -0.000864 -0.000165
0.100459 0.044923 -0.000165 -0.000034
-0.000864 -0.000165 0.478531 0.101010
-0.000165 -0.000034 0.101010 0.045022
27.228613 1.191663 37.719244 1.993405
0.474964 0.100418 -0.001117 -0.000206
0.100418 0.044901 -0.000206 -0.000041
-0.001117 -0.000206 0.478768 0.101040
-0.000206 -0.000041 0.101040 0.045014
28.211960 1.273589 38.614474 1.972032
0.474700 0.100369 -0.001391 -0.000249
0.100369 0.044880 -0.000249 -0.000048
-0.001391 -0.000249 0.479025 0.101071
-0.000249 -0.000048 0.101071 0.045008
29.536365 1.418951 39.344306 1.918082
0.474442 0.100321 -0.001733 -0.000304
0.100321 0.044860 -0.000305 -0.000057
-0.001733 -0.000305 0.479266 0.101094
-0.000304 -0.000057 0.101094 0.045002
29.796524 1.323977 40.539494 1.967804
0.474226 0.100281 -0.002169 -0.000377
0.100281 0.044844 -0.000377 -0.000071
-0.002169 -0.000377 0.479454 0.101106
-0.000377 -0.000071 0.101106 0.044996
30.339910 1.298933 41.695705 2.004105
0.473937 0.100226 -0.002583 -0.000441
0.100226 0.044826 -0.000441 -0.000082
-0.002583 -0.000441 0.479710 0.101133
-0.000441 -0.000082 0.101133 0.044995
31.358008 1.376939 42.852949 2.036914
0.473603 0.100163 -0.003016 -0.000506
0.100163 0.044808 -0.000507 -0.000094
-0.003016 -0.000507 0.480009 0.101170
-0.000506 -0.000094 0.101170 0.044998
32.191740 1.407553 43.536382 1.966369
0.473259 0.100101 -0.003536 -0.000588
0.100101 0.044792 -0.000589 -0.000109
-0.003536 -0.000589 0.480321 0.101208
-0.000588 -0.000109 0.101208 0.045002
32.738095 1.374427 44.963581 2.059841
0.472963 0.100051 -0.004079 -0.000672
0.100051 0.044779 -0.000672 -0.000124
-0.004079 -0.000672 0.480587 0.101237
-0.000672 -0.000124 0.101237 0.045004
33.746753 1.442508 46.145388 2.091979
0.472579 0.099985 -0.004652 -0.000759
0.099985 0.044764 -0.000760 -0.000141
-0.004652 -0.000760 0.480951 0.101288
-0.000759 -0.000141 0.101288 0.045013
34.509375 1.450922 46.563133 1.959725
0.472193 0.099920 -0.005312 -0.000862
0.099920 0.044749 -0.000863 -0.000161
-0.005312 -0.000863 0.481329 0.101341
-0.000862 -0.000161 0.101341 0.045022
35.345468 1.474169 47.273267 1.903018
0.471908 0.099880 -0.005952 -0.000957
0.099880 0.044740 -0.000958 -0.000179
-0.005952 -0.000958 0.481613 0.101373
-0.000957 -0.000179 0.101373 0.045027
36.176921 1.493761 47.684902 1.789473
0.471666 0.099848 -0.006612 -0.001054
0.099848 0.044733 -0.001055 -0.000197
-0.006612 -0.001055 0.481863 0.101400
-0.001054 -0.000197 0.101400 0.045032
