5.392393 3.119098 0.330015 -0.760038
2.470482 0.988214 -0.052654 -0.021062
0.988214 80.399361 -0.021062 -0.008425
-0.052654 -0.021062 2.434012 0.973626
-0.021062 -0.008425 0.973626 80.393525
4.766361 -0.689674 2.667980 3.990588
2.243541 3.922297 -0.047274 -0.072562
3.922297 15.248344 -0.072253 -0.260805
-0.047274 -0.072253 2.278537 3.990686
-0.072562 -0.260805 3.990686 15.275140
5.003480 -0.018845 2.283283 1.247584
2.000291 2.314890 -0.041073 -0.045310
2.314890 4.568373 -0.045287 -0.088800
-0.041073 -0.045287 2.003765 2.309851
-0.045310 -0.088800 2.309851 4.536825
7.055684 1.719426 4.389766 2.494453
1.712217 1.443239 -0.036999 -0.030614
1.443239 1.912241 -0.030611 -0.040040
-0.036999 -0.030611 1.717218 1.443405
-0.030614 -0.040040 1.443405 1.905771
7.694782 1.573538 4.810343 1.949556
1.479237 0.977199 -0.027043 -0.017609
0.977199 0.976923 -0.017601 -0.018476
-0.027043 -0.017601 1.483952 0.978104
-0.017609 -0.018476 0.978104 0.975191
8.390841 1.524283 5.522313 1.807105
1.296653 0.704189 -0.021748 -0.011857
0.704189 0.567703 -0.011851 -0.010311
-0.021748 -0.011851 1.301521 0.705497
-0.011857 -0.010311 0.705497 0.567441
9.034382 1.469515 6.581398 1.878798
1.152642 0.532058 -0.017994 -0.008475
0.532058 0.361645 -0.008471 -0.006305
-0.017994 -0.008471 1.157224 0.533288
-0.008475 -0.006305 0.533288 0.361757
10.109232 1.606491 6.543944 1.486416
1.037374 0.417239 -0.014995 -0.006236
0.417239 0.247233 -0.006233 -0.004079
-0.014995 -0.006233 1.041140 0.418132
-0.006236 -0.004079 0.418132 0.247365
10.843034 1.581501 8.099945 1.776531
0.942957 0.337005 -0.012754 -0.004760
0.337005 0.178932 -0.004758 -0.002780
-0.012754 -0.004758 0.947057 0.338024
-0.004760 -0.002780 0.338024 0.179181
10.967629 1.366533 8.729812 1.693369
0.865448 0.279350 -0.010681 -0.003626
0.279350 0.136040 -0.003624 -0.001935
-0.010681 -0.003624 0.868938 0.280131
-0.003626 -0.001935 0.280131 0.136232
10.911603 1.148002 9.425438 1.648904
0.800875 0.236766 -0.009204 -0.002872
0.236766 0.107972 -0.002870 -0.001405
-0.009204 -0.002870 0.803705 0.237331
-0.002872 -0.001405 0.237331 0.108110
12.282163 1.366276 10.998302 1.853751
0.746674 0.204714 -0.008098 -0.002338
0.204714 0.089041 -0.002336 -0.001052
-0.008098 -0.002336 0.748784 0.205077
-0.002338 -0.001052 0.205077 0.089129
12.512701 1.249901 11.813541 1.825124
0.700825 0.180219 -0.006850 -0.001843
0.180219 0.075972 -0.001842 -0.000782
-0.006850 -0.001842 0.702389 0.180453
-0.001843 -0.000782 0.180453 0.076032
13.189680 1.262658 11.681888 1.570834
0.661969 0.161333 -0.005866 -0.001479
0.161333 0.066806 -0.001478 -0.000594
-0.005866 -0.001478 0.663040 0.161463
-0.001479 -0.000594 0.161463 0.066846
14.308713 1.376386 12.611740 1.604476
0.628849 0.146647 -0.005109 -0.001213
0.146647 0.060301 -0.001212 -0.000461
-0.005109 -0.001212 0.629793 0.146769
-0.001213 -0.000461 0.146769 0.060341
14.717294 1.313448 13.619428 1.650694
0.600750 0.135226 -0.004367 -0.000979
0.135226 0.055662 -0.000978 -0.000357
-0.004367 -0.000978 0.601622 0.135346
-0.000979 -0.000357 0.135346 0.055703
15.299585 1.297157 14.642109 1.693883
0.577044 0.126364 -0.003723 -0.000790
0.126364 0.052353 -0.000789 -0.000278
-0.003723 -0.000789 0.577762 0.126461
-0.000790 -0.000278 0.126461 0.052388
15.843533 1.274767 16.208925 1.848239
0.557118 0.119512 -0.003146 -0.000633
0.119512 0.049999 -0.000632 -0.000217
-0.003146 -0.000632 0.557666 0.119581
-0.000633 -0.000217 0.119581 0.050028
16.598432 1.299608 17.130997 1.847818
0.540502 0.114255 -0.002605 -0.000497
0.114255 0.048339 -0.000496 -0.000168
-0.002605 -0.000496 0.540828 0.114286
-0.000497 -0.000168 0.114286 0.048359
16.802047 1.206200 17.982454 1.832604
0.526713 0.110255 -0.002131 -0.000385
0.110255 0.047181 -0.000385 -0.000131
-0.002131 -0.000385 0.526881 0.110263
-0.000385 -0.000131 0.110263 0.047195
16.696299 1.058693 18.947271 1.842612
0.515402 0.107256 -0.001736 -0.000298
0.107256 0.046388 -0.000298 -0.000102
-0.001736 -0.000298 0.515423 0.107243
-0.000298 -0.000102 0.107243 0.046397
16.792972 0.968869 19.540396 1.774464
0.506242 0.105050 -0.001405 -0.000229
0.105050 0.045857 -0.000229 -0.000081
-0.001405 -0.000229 0.506105 0.105013
-0.000229 -0.000081 0.105013 0.045861
17.886749 1.095230 20.435844 1.776239
0.498906 0.103459 -0.001131 -0.000176
0.103459 0.045514 -0.000176 -0.000064
-0.001131 -0.000176 0.498643 0.103405
-0.000176 -0.000064 0.103405 0.045514
18.962709 1.204941 21.834575 1.882281
0.493087 0.102338 -0.000884 -0.000130
0.102338 0.045298 -0.000130 -0.000051
-0.000884 -0.000130 0.492785 0.102285
-0.000130 -0.000051 0.102285 0.045298
19.550010 1.201767 22.563671 1.838186
0.488547 0.101575 -0.000660 -0.000091
0.101575 0.045171 -0.000090 -0.000040
-0.000660 -0.000090 0.488263 0.101532
-0.000091 -0.000040 0.101532 0.045172
20.253321 1.223161 24.113727 1.969702
0.485076 0.101080 -0.000479 -0.000061
0.101080 0.045101 -0.000061 -0.000032
-0.000479 -0.000061 0.484835 0.101051
-0.000061 -0.000032 0.101051 0.045104
19.732221 0.986601 25.710401 2.097460
0.482458 0.100778 -0.000331 -0.000039
0.100778 0.045066 -0.000039 -0.000025
-0.000331 -0.000039 0.482308 0.100769
-0.000039 -0.000025 0.100769 0.045072
20.958190 1.140027 27.278106 2.206178
0.480521 0.100609 -0.000186 -0.000017
0.100609 0.045051 -0.000017 -0.000019
-0.000186 -0.000017 0.480498 0.100626
-0.000017 -0.000019 0.100626 0.045061
21.437868 1.121053 27.708348 2.064972
0.479081 0.100522 -0.000100 -0.000007
0.100522 0.045044 -0.000007 -0.000016
-0.000100 -0.000007 0.479284 0.100583
-0.000007 -0.000016 0.100583 0.045061
21.788447 1.076922 28.901902 2.098830
0.478066 0.100495 -0.000054 -0.000004
0.100495 0.045042 -0.000004 -0.000014
-0.000054 -0.000004 0.478478 0.100592
-0.000004 -0.000014 0.100592 0.045063
22.851190 1.187301 29.931089 2.094573
0.477334 0.100495 -0.000033 -0.000006
0.100495 0.045037 -0.000006 -0.000013
-0.000033 -0.000006 0.478007 0.100637
-0.000006 -0.000013 0.100637 0.045066
23.791343 1.260339 31.569663 2.219194
0.476808 0.100508 -0.000076 -0.000018
0.100508 0.045029 -0.000018 -0.000014
-0.000076 -0.000018 0.477776 0.100698
-0.000018 -0.000014 0.100698 0.045066
24.320915 1.239117 32.200151 2.118136
0.476383 0.100514 -0.000182 -0.000042
0.100514 0.045016 -0.000042 -0.000017
-0.000182 -0.000042 0.477752 0.100772
-0.000042 -0.000017 0.100772 0.045065
25.060087 1.264372 33.452006 2.158821
0.476078 0.100520 -0.000308 -0.000067
0.100520 0.045001 -0.000067 -0.000021
-0.000308 -0.000067 0.477814 0.100836
-0.000067 -0.000021 0.100836 0.045060
26.102230 1.350975 34.456452 2.142998
0.475806 0.100514 -0.000481 -0.000099
0.100514 0.044983 -0.000099 -0.000025
-0.000481 -0.000099 0.477971 0.100897
-0.000099 -0.000025 0.100897 0.045053
26.765098 1.348294 34.810051 1.991439
0.475572 0.100500 -0.000720 -0.000142
0.100500 0.044963 -0.000142 -0.000032
-0.000720 -0.000142 0.478163 0.100947
-0.000142 -0.000032 0.100947 0.045044
27.176257 1.292709 35.911658 2.013781
0.475403 0.100489 -0.000965 -0.000183
0.100489 0.044944 -0.000183 -0.000038
-0.000965 -0.000183 0.478325 0.100978
-0.000183 -0.000038 0.100978 0.045032
27.870775 1.302924 37.375507 2.110239
0.475202 0.100461 -0.001220 -0.000224
0.100461 0.044923 -0.000224 -0.000045
-0.001220 -0.000224 0.478531 0.101008
-0.000224 -0.000045 0.101008 0.045022
28.566357 1.312260 38.504446 2.125823
0.474938 0.100414 -0.001529 -0.000273
0.100414 0.044900 -0.000273 -0.000053
-0.001529 -0.000273 0.478799 0.101046
-0.000273 -0.000053 0.101046 0.045015
29.581644 1.388227 39.757375 2.165965
0.474648 0.100360 -0.001876 -0.000328
0.100360 0.044877 -0.000329 -0.000062
-0.001876 -0.000329 0.479084 0.101082
-0.000328 -0.000062 0.101082 0.045010
30.416105 1.417922 40.939209 2.186843
0.474335 0.100300 -0.002307 -0.000399
0.100300 0.044856 -0.000399 -0.000075
-0.002307 -0.000399 0.479385 0.101117
-0.000399 -0.000075 0.101117 0.045007
31.041257 1.400151 41.830229 2.144142
0.473999 0.100237 -0.002790 -0.000476
0.100237 0.044835 -0.000477 -0.000089
-0.002790 -0.000477 0.479701 0.101154
-0.000476 -0.000089 0.101154 0.045006
31.629146 1.376265 42.358791 2.029533
0.473669 0.100176 -0.003277 -0.000552
0.100176 0.044817 -0.000552 -0.000103
-0.003277 -0.000552 0.480004 0.101187
-0.000552 -0.000103 0.101187 0.045006
32.567967 1.429293 43.383149 2.031645
0.473389 0.100129 -0.003744 -0.000620
0.100129 0.044803 -0.000620 -0.000115
-0.003744 -0.000620 0.480252 0.101209
-0.000620 -0.000115 0.101209 0.045004
33.058142 1.381726 44.207382 1.991184
0.473108 0.100081 -0.004279 -0.000701
0.100081 0.044789 -0.000701 -0.000130
-0.004279 -0.000701 0.480503 0.101233
-0.000701 -0.000130 0.101233 0.045005
34.009129 1.436711 45.100641 1.969759
0.472822 0.100034 -0.004797 -0.000776
0.100034 0.044777 -0.000776 -0.000144
-0.004797 -0.000776 0.480762 0.101260
-0.000776 -0.000144 0.101260 0.045008
34.709864 1.433022 46.154914 1.984362
0.472557 0.099992 -0.005380 -0.000863
0.099992 0.044766 -0.000864 -0.000160
-0.005380 -0.000864 0.481008 0.101286
-0.000863 -0.000160 0.101286 0.045011
35.539648 1.456607 46.550698 1.858878
0.472266 0.099945 -0.005996 -0.000955
0.099945 0.044754 -0.000957 -0.000178
-0.005996 -0.000957 0.481291 0.101321
-0.000955 -0.000178 0.101321 0.045018
36.211719 1.444690 47.460030 1.854604
0.472067 0.099918 -0.006610 -0.001045
0.099918 0.044747 -0.001046 -0.000196
-0.006610 -0.001046 0.481488 0.101339
-0.001045 -0.000196 0.101339 0.045021
36.487419 1.349872 48.068683 1.787182
0.471848 0.099886 -0.007244 -0.001138
0.099886 0.044739 -0.001139 -0.000214
-0.007244 -0.001139 0.481715 0.101366
-0.001138 -0.000214 0.101366 0.045026
