33.339366 0.639237 50.386996 2.115237
0.575378 0.120032 -0.048193 -0.008276
0.120032 0.048243 -0.008726 -0.001885
-0.048193 -0.008726 0.414015 0.088015
-0.008276 -0.001885 0.088015 0.042937
29.656895 -0.187775 50.550854 1.904160
0.592842 0.121768 -0.048956 -0.007954
0.121768 0.048386 -0.008417 -0.001719
-0.048956 -0.008417 0.405966 0.087583
-0.007954 -0.001719 0.087583 0.042936
25.408193 -1.039271 49.661750 1.478948
0.594172 0.120319 -0.041836 -0.006061
0.120319 0.047944 -0.006563 -0.001265
-0.041836 -0.006563 0.404249 0.088370
-0.006061 -0.001265 0.088370 0.043144
21.331794 -1.762665 48.394294 1.015243
0.580715 0.116306 -0.032079 -0.003879
0.116306 0.047095 -0.004382 -0.000805
-0.032079 -0.004382 0.409479 0.090411
-0.003879 -0.000805 0.090411 0.043563
18.363747 -2.192540 45.964498 0.351040
0.561186 0.111678 -0.023501 -0.002207
0.111678 0.046244 -0.002658 -0.000490
-0.023501 -0.002658 0.418970 0.093010
-0.002207 -0.000490 0.093010 0.044032
16.237572 -2.408948 43.465418 -0.248807
0.534725 0.106243 -0.016852 -0.001138
0.106243 0.045323 -0.001460 -0.000315
-0.016852 -0.001460 0.434419 0.096531
-0.001138 -0.000315 0.096531 0.044647
15.147988 -2.398172 40.077904 -0.971168
0.504653 0.100646 -0.009816 -0.000054
0.100646 0.044441 -0.000263 -0.000139
-0.009816 -0.000263 0.455551 0.100872
-0.000054 -0.000139 0.100872 0.045392
14.132089 -2.374112 35.266111 -1.921180
0.474873 0.095593 0.005722 0.002856
0.095593 0.043709 0.002578 0.000405
0.005722 0.002578 0.481759 0.105880
0.002856 0.000405 0.105880 0.046240
12.964312 -2.377714 29.954785 -2.866089
0.467191 0.095353 0.029343 0.007339
0.095353 0.043954 0.006838 0.001238
0.029343 0.006838 0.492346 0.106995
0.007339 0.001238 0.106995 0.046198
11.668998 -2.398815 24.446014 -3.741773
0.477977 0.098750 0.038514 0.008328
0.098750 0.044857 0.007852 0.001320
0.038514 0.007852 0.482603 0.103692
0.008328 0.001320 0.103692 0.045257
10.110248 -2.467345 19.588886 -4.378578
0.491759 0.102345 0.030862 0.005727
0.102345 0.045681 0.005442 0.000700
0.030862 0.005442 0.466822 0.099592
0.005727 0.000700 0.099592 0.044291
9.061839 -2.425115 16.298681 -4.613597
0.504444 0.105315 0.012559 0.001240
0.105315 0.046284 0.001168 -0.000225
0.012559 0.001168 0.452808 0.096411
0.001240 -0.000225 0.096411 0.043644
8.071865 -2.380005 14.408220 -4.525466
0.516678 0.107856 -0.009726 -0.003565
0.107856 0.046739 -0.003456 -0.001124
-0.009726 -0.003456 0.443066 0.094501
-0.003565 -0.001124 0.094501 0.043331
8.039771 -2.140431 12.744958 -4.399488
0.530180 0.110365 -0.030370 -0.007525
0.110365 0.047146 -0.007277 -0.001778
-0.030370 -0.007277 0.436346 0.093392
-0.007525 -0.001778 0.093392 0.043198
7.849004 -1.958635 11.231068 -4.252399
0.541775 0.112215 -0.052415 -0.011430
0.112215 0.047390 -0.011057 -0.002392
-0.052415 -0.011057 0.434801 0.093437
-0.011430 -0.002392 0.093437 0.043300
8.529869 -1.614746 10.098804 -4.034737
0.551361 0.113466 -0.075427 -0.015252
0.113466 0.047504 -0.014739 -0.002973
-0.075427 -0.014739 0.438376 0.094491
-0.015252 -0.002973 0.094491 0.043579
9.408222 -1.262104 9.596345 -3.698901
0.548348 0.112018 -0.099662 -0.019154
0.112018 0.047069 -0.018376 -0.003557
-0.099662 -0.018376 0.454489 0.098055
-0.019154 -0.003557 0.098055 0.044347
10.814495 -0.833728 9.227843 -3.362649
0.535066 0.108674 -0.116357 -0.021303
0.108674 0.046309 -0.020207 -0.003775
-0.116357 -0.020207 0.477120 0.102643
-0.021303 -0.003775 0.102643 0.045259
12.059241 -0.476578 9.089447 -3.012052
0.514554 0.104285 -0.121775 -0.021105
0.104285 0.045427 -0.019712 -0.003553
-0.121775 -0.019712 0.500591 0.107028
-0.021105 -0.003553 0.107028 0.046064
13.046557 -0.194191 9.862160 -2.507272
0.494628 0.100494 -0.119856 -0.019587
0.100494 0.044746 -0.017985 -0.003146
-0.119856 -0.017985 0.520321 0.110282
-0.019587 -0.003146 0.110282 0.046588
14.274766 0.105146 10.226016 -2.144411
0.480908 0.098300 -0.115899 -0.017918
0.098300 0.044426 -0.016268 -0.002808
-0.115899 -0.016268 0.533479 0.111917
-0.017918 -0.002808 0.111917 0.046757
15.380303 0.358619 11.227254 -1.691721
0.469094 0.096657 -0.108315 -0.015797
0.096657 0.044217 -0.014169 -0.002446
-0.108315 -0.014169 0.542106 0.112610
-0.015797 -0.002446 0.112610 0.046766
16.370037 0.562001 12.360590 -1.266336
0.460869 0.095826 -0.098777 -0.013556
0.095826 0.044157 -0.012052 -0.002119
-0.098777 -0.012052 0.545044 0.112217
-0.013556 -0.002119 0.112217 0.046597
16.844445 0.642580 14.179288 -0.756221
0.455675 0.095600 -0.087771 -0.011279
0.095600 0.044193 -0.009957 -0.001822
-0.087771 -0.009957 0.543134 0.111029
-0.011279 -0.001822 0.111029 0.046324
17.314172 0.708442 16.007189 -0.300842
0.454982 0.096225 -0.076363 -0.009126
0.096225 0.044372 -0.008078 -0.001577
-0.076363 -0.008078 0.535263 0.108871
-0.009126 -0.001577 0.108871 0.045909
18.401214 0.890190 17.540441 0.053464
0.457279 0.097312 -0.064375 -0.007035
0.097312 0.044608 -0.006267 -0.001345
-0.064375 -0.006267 0.523851 0.106314
-0.007035 -0.001345 0.106314 0.045472
19.201051 0.998176 19.983470 0.551483
0.460115 0.098311 -0.051603 -0.004958
0.098311 0.044789 -0.004383 -0.001096
-0.051603 -0.004383 0.512606 0.104112
-0.004958 -0.001096 0.104112 0.045155
19.941165 1.067138 21.747226 0.858411
0.464185 0.099393 -0.038686 -0.002978
0.099393 0.044964 -0.002552 -0.000849
-0.038686 -0.002552 0.501376 0.102143
-0.002978 -0.000849 0.102143 0.044905
21.097510 1.211030 23.222539 1.078621
0.467853 0.100204 -0.027381 -0.001433
0.100204 0.045060 -0.001098 -0.000669
-0.027381 -0.001098 0.492715 0.100849
-0.001433 -0.000669 0.100849 0.044794
21.617276 1.200295 24.736592 1.278860
0.470270 0.100611 -0.018533 -0.000436
0.100611 0.045062 -0.000154 -0.000574
-0.018533 -0.000154 0.487183 0.100256
-0.000436 -0.000574 0.100256 0.044809
23.326292 1.441726 26.112563 1.437435
0.471205 0.100633 -0.012174 0.000072
0.100633 0.044989 0.000320 -0.000547
-0.012174 0.000320 0.484403 0.100212
0.000072 -0.000547 0.100212 0.044907
23.693288 1.369783 27.628975 1.601873
0.470824 0.100359 -0.009854 -0.000179
0.100359 0.044867 0.000033 -0.000645
-0.009854 0.000033 0.483881 0.100561
-0.000179 -0.000645 0.100561 0.045052
24.421973 1.380362 28.832615 1.686007
0.468426 0.099692 -0.009689 -0.000733
0.099692 0.044682 -0.000548 -0.000766
-0.009689 -0.000548 0.485963 0.101356
-0.000733 -0.000766 0.101356 0.045257
25.040151 1.367104 30.618717 1.883064
0.464948 0.098870 -0.011875 -0.001614
0.098870 0.044488 -0.001457 -0.000922
-0.011875 -0.001457 0.489709 0.102370
-0.001614 -0.000922 0.102370 0.045475
25.976329 1.422345 32.483727 2.076671
0.459395 0.097694 -0.016089 -0.002744
0.097694 0.044239 -0.002614 -0.001101
-0.016089 -0.002614 0.496442 0.103873
-0.002744 -0.001101 0.103873 0.045769
26.512516 1.384725 33.280211 2.025878
0.452460 0.096331 -0.022459 -0.004149
0.096331 0.043971 -0.004046 -0.001315
-0.022459 -0.004046 0.505949 0.105787
-0.004149 -0.001315 0.105787 0.046121
27.122893 1.367858 34.677147 2.105885
0.446419 0.095269 -0.028936 -0.005398
0.095269 0.043782 -0.005322 -0.001479
-0.028936 -0.005322 0.515420 0.107505
-0.005398 -0.001479 0.107505 0.046405
28.200888 1.453431 36.264020 2.217669
0.440175 0.094227 -0.035112 -0.006449
0.094227 0.043600 -0.006391 -0.001594
-0.035112 -0.006391 0.526160 0.109337
-0.006449 -0.001594 0.109337 0.046701
29.043334 1.479367 37.740603 2.294095
0.434125 0.093273 -0.040978 -0.007342
0.093273 0.043436 -0.007294 -0.001679
-0.040978 -0.007294 0.537672 0.111188
-0.007342 -0.001679 0.111188 0.046992
29.383583 1.390863 38.286365 2.168923
0.428672 0.092484 -0.044354 -0.007661
0.092484 0.043304 -0.007599 -0.001651
-0.044354 -0.007599 0.548263 0.112732
-0.007661 -0.001651 0.112732 0.047217
30.455265 1.474322 39.770171 2.252253
0.424565 0.091996 -0.046106 -0.007652
0.091996 0.043228 -0.007570 -0.001574
-0.046106 -0.007570 0.556599 0.113745
-0.007652 -0.001574 0.113745 0.047339
31.152688 1.465308 40.828019 2.238163
0.422059 0.091848 -0.043901 -0.006877
0.091848 0.043216 -0.006746 -0.001359
-0.043901 -0.006746 0.560604 0.113885
-0.006877 -0.001359 0.113885 0.047303
31.839933 1.453015 41.517023 2.150835
0.422017 0.092196 -0.038650 -0.005591
0.092196 0.043298 -0.005408 -0.001069
-0.038650 -0.005408 0.559014 0.112991
-0.005591 -0.001069 0.112991 0.047090
32.390871 1.413769 42.465562 2.124292
0.424241 0.092946 -0.032246 -0.004216
0.092946 0.043447 -0.004000 -0.000797
-0.032246 -0.004000 0.553228 0.111431
-0.004216 -0.000797 0.111431 0.046784
32.922057 1.376482 43.773193 2.172806
0.430229 0.094398 -0.024800 -0.002759
0.094398 0.043728 -0.002543 -0.000535
-0.024800 -0.002543 0.541383 0.108875
-0.002759 -0.000535 0.108875 0.046317
33.676106 1.395022 45.695253 2.341463
0.442339 0.097006 -0.017982 -0.001534
0.097006 0.044234 -0.001391 -0.000346
-0.017982 -0.001391 0.521803 0.105034
-0.001534 -0.000346 0.105034 0.045633
34.146448 1.345378 46.874064 2.342172
0.464129 0.101430 -0.015904 -0.001326
0.101430 0.045092 -0.001385 -0.000387
-0.015904 -0.001385 0.493650 0.099785
-0.001326 -0.000387 0.099785 0.044705
34.795289 1.338196 47.490733 2.228967
0.489306 0.106136 -0.018025 -0.001964
0.106136 0.045947 -0.002221 -0.000585
-0.018025 -0.002221 0.467632 0.095351
-0.001964 -0.000585 0.095351 0.043983
35.272557 1.296091 48.320735 2.169590
0.515377 0.110600 -0.023237 -0.003163
0.110600 0.046700 -0.003562 -0.000864
-0.023237 -0.003562 0.446171 0.092095
-0.003163 -0.000864 0.092095 0.043507
35.779619 1.265926 49.316604 2.150505
0.542185 0.114858 -0.031229 -0.004824
0.114858 0.047383 -0.005301 -0.001203
-0.031229 -0.005301 0.428844 0.089783
-0.004824 -0.001203 0.089783 0.043197
