2.937572 2.137149 1.712337 -0.207098
2.470482 0.988214 -0.052654 -0.021062
0.988214 80.399361 -0.021062 -0.008425
-0.052654 -0.021062 2.434012 0.973626
-0.021062 -0.008425 0.973626 80.393525
5.729100 5.151991 2.156714 0.760470
2.255093 3.942473 -0.051993 -0.080773
3.942473 15.283580 -0.080554 -0.275253
-0.051993 -0.080554 2.267160 3.970738
-0.080773 -0.275253 3.970738 15.240163
9.833509 6.920486 3.243892 1.578180
1.991041 2.302380 -0.037684 -0.040686
2.302380 4.553845 -0.040613 -0.083398
-0.037684 -0.040613 2.012855 2.322091
-0.040686 -0.083398 2.322091 4.551040
7.209725 1.790519 4.672753 2.114688
1.702394 1.435473 -0.022930 -0.018968
1.435473 1.906893 -0.018918 -0.030683
-0.022930 -0.018918 1.726222 1.450482
-0.018968 -0.030683 1.450482 1.910575
8.519444 2.065415 3.624336 0.727659
1.476023 0.975917 -0.022122 -0.015256
0.975917 0.976819 -0.015238 -0.017498
-0.022122 -0.015238 1.486889 0.979263
-0.015256 -0.017498 0.979263 0.975258
9.034710 1.784072 4.233427 0.860777
1.293597 0.703068 -0.020236 -0.011630
0.703068 0.567396 -0.011624 -0.010407
-0.020236 -0.011624 1.304532 0.706630
-0.011630 -0.010407 0.706630 0.567767
8.669962 1.202717 6.631864 1.767676
1.150037 0.531225 -0.017827 -0.008727
0.531225 0.361395 -0.008723 -0.006470
-0.017827 -0.008723 1.159864 0.534154
-0.008727 -0.006470 0.534154 0.362023
10.041795 1.512959 7.057067 1.583313
1.036365 0.417097 -0.015250 -0.006504
0.417097 0.247235 -0.006500 -0.004170
-0.015250 -0.006500 1.042182 0.418297
-0.006504 -0.004170 0.418297 0.247368
9.662787 1.106806 8.345392 1.760837
0.942735 0.337093 -0.012854 -0.004870
0.337093 0.178980 -0.004866 -0.002781
-0.012854 -0.004866 0.947292 0.337942
-0.004870 -0.002781 0.337942 0.179132
11.239359 1.437136 9.408763 1.819546
0.865791 0.279560 -0.011090 -0.003786
0.279560 0.136103 -0.003783 -0.001948
-0.011090 -0.003783 0.868616 0.279928
-0.003786 -0.001948 0.279928 0.136169
12.220515 1.514985 9.203233 1.490223
0.801234 0.236922 -0.009269 -0.002889
0.236922 0.108003 -0.002887 -0.001374
-0.009269 -0.002887 0.803348 0.237175
-0.002889 -0.001374 0.237175 0.108077
12.784610 1.461877 10.532871 1.650324
0.746645 0.204725 -0.007908 -0.002273
0.204725 0.089025 -0.002271 -0.001005
-0.007908 -0.002271 0.748805 0.205062
-0.002273 -0.001005 0.205062 0.089141
12.633095 1.234917 11.644148 1.723914
0.700667 0.180185 -0.006702 -0.001791
0.180185 0.075946 -0.001789 -0.000745
-0.006702 -0.001789 0.702541 0.180484
-0.001791 -0.000745 0.180484 0.076056
13.207717 1.224494 12.170954 1.642302
0.661825 0.161298 -0.005763 -0.001440
0.161298 0.066783 -0.001439 -0.000566
-0.005763 -0.001439 0.663180 0.161495
-0.001440 -0.000566 0.161495 0.066867
14.013579 1.269636 13.753616 1.819765
0.628799 0.146634 -0.004978 -0.001169
0.146634 0.060285 -0.001168 -0.000436
-0.004978 -0.001168 0.629838 0.146780
-0.001169 -0.000436 0.146780 0.060355
14.078411 1.141356 15.247693 1.951179
0.600837 0.135241 -0.004199 -0.000929
0.135241 0.055655 -0.000928 -0.000334
-0.004199 -0.000928 0.601529 0.135328
-0.000929 -0.000334 0.135328 0.055708
15.136124 1.248001 16.194925 1.945000
0.577263 0.126404 -0.003519 -0.000736
0.126404 0.052353 -0.000735 -0.000258
-0.003519 -0.000735 0.577535 0.126418
-0.000736 -0.000258 0.126418 0.052387
15.739629 1.243567 16.722601 1.849605
0.557370 0.119554 -0.002904 -0.000575
0.119554 0.050000 -0.000575 -0.000199
-0.002904 -0.000575 0.557407 0.119537
-0.000575 -0.000199 0.119537 0.050026
16.704718 1.316092 17.312179 1.778792
0.540709 0.114284 -0.002399 -0.000451
0.114284 0.048338 -0.000451 -0.000155
-0.002399 -0.000451 0.540615 0.114256
-0.000451 -0.000155 0.114256 0.048360
17.482978 1.341361 19.147112 1.976713
0.526860 0.110269 -0.001963 -0.000351
0.110269 0.047178 -0.000350 -0.000121
-0.001963 -0.000350 0.526730 0.110248
-0.000351 -0.000121 0.110248 0.047198
17.380801 1.180613 20.643604 2.082364
0.515504 0.107261 -0.001549 -0.000262
0.107261 0.046384 -0.000261 -0.000093
-0.001549 -0.000261 0.515317 0.107237
-0.000262 -0.000093 0.107237 0.046400
18.088907 1.205039 21.557947 2.056056
0.506305 0.105047 -0.001192 -0.000189
0.105047 0.045853 -0.000189 -0.000071
-0.001192 -0.000189 0.506038 0.105014
-0.000189 -0.000071 0.105014 0.045865
19.269963 1.325020 22.810028 2.102585
0.498916 0.103448 -0.000894 -0.000133
0.103448 0.045509 -0.000133 -0.000055
-0.000894 -0.000133 0.498629 0.103416
-0.000133 -0.000055 0.103416 0.045518
19.254512 1.184355 24.182827 2.169264
0.493052 0.102320 -0.000649 -0.000090
0.102320 0.045293 -0.000090 -0.000043
-0.000649 -0.000090 0.492817 0.102302
-0.000090 -0.000043 0.102302 0.045303
19.614509 1.136094 25.377495 2.192130
0.488483 0.101554 -0.000439 -0.000056
0.101554 0.045166 -0.000056 -0.000033
-0.000439 -0.000056 0.488325 0.101552
-0.000056 -0.000033 0.101552 0.045177
20.478602 1.197760 26.080566 2.110234
0.484973 0.101055 -0.000269 -0.000030
0.101055 0.045096 -0.000030 -0.000025
-0.000269 -0.000030 0.484936 0.101077
-0.000030 -0.000025 0.101077 0.045109
21.134768 1.209715 26.829610 2.046287
0.482326 0.100749 -0.000158 -0.000016
0.100749 0.045061 -0.000016 -0.000021
-0.000158 -0.000016 0.482438 0.100798
-0.000016 -0.000021 0.100798 0.045077
21.449284 1.148922 27.773312 2.029645
0.480369 0.100579 -0.000091 -0.000010
0.100579 0.045046 -0.000010 -0.000018
-0.000091 -0.000010 0.480649 0.100656
-0.000010 -0.000018 0.100656 0.045065
21.628386 1.065965 29.094147 2.093859
0.478944 0.100498 -0.000051 -0.000008
0.100498 0.045041 -0.000008 -0.000016
-0.000051 -0.000008 0.479420 0.100606
-0.000008 -0.000016 0.100606 0.045064
22.342134 1.103967 29.991998 2.062519
0.477902 0.100467 -0.000025 -0.000007
0.100467 0.045037 -0.000007 -0.000014
-0.000025 -0.000007 0.478642 0.100620
-0.000007 -0.000014 0.100620 0.045068
23.359178 1.201889 30.819304 2.019579
0.477156 0.100467 -0.000044 -0.000015
0.100467 0.045033 -0.000015 -0.000014
-0.000044 -0.000015 0.478185 0.100666
-0.000015 -0.000014 0.100666 0.045070
24.054267 1.221735 31.929436 2.040724
0.476630 0.100481 -0.000123 -0.000033
0.100481 0.045025 -0.000033 -0.000016
-0.000123 -0.000033 0.477954 0.100725
-0.000033 -0.000016 0.100725 0.045070
24.944278 1.280643 32.641162 1.975628
0.476235 0.100494 -0.000241 -0.000056
0.100494 0.045014 -0.000056 -0.000019
-0.000241 -0.000056 0.477901 0.100792
-0.000056 -0.000019 0.100792 0.045068
25.762149 1.318136 33.497726 1.947932
0.475954 0.100506 -0.000405 -0.000087
0.100506 0.045000 -0.000087 -0.000023
-0.000405 -0.000087 0.477939 0.100850
-0.000087 -0.000023 0.100850 0.045062
26.509715 1.336832 34.359352 1.924221
0.475736 0.100511 -0.000609 -0.000123
0.100511 0.044983 -0.000123 -0.000029
-0.000609 -0.000123 0.478043 0.100901
-0.000123 -0.000029 0.100901 0.045053
27.016069 1.302577 35.190569 1.896585
0.475550 0.100505 -0.000846 -0.000164
0.100505 0.044964 -0.000164 -0.000035
-0.000846 -0.000164 0.478186 0.100942
-0.000164 -0.000035 0.100942 0.045043
27.489820 1.265061 36.378958 1.947257
0.475373 0.100490 -0.001091 -0.000203
0.100490 0.044944 -0.000203 -0.000041
-0.001091 -0.000203 0.478357 0.100977
-0.000203 -0.000041 0.100977 0.045032
27.989657 1.237023 37.537410 1.986256
0.475156 0.100457 -0.001356 -0.000244
0.100457 0.044922 -0.000244 -0.000047
-0.001356 -0.000244 0.478580 0.101013
-0.000244 -0.000047 0.101013 0.045023
28.284682 1.168634 38.588471 1.998442
0.474899 0.100411 -0.001643 -0.000288
0.100411 0.044899 -0.000288 -0.000055
-0.001643 -0.000288 0.478840 0.101049
-0.000288 -0.000055 0.101049 0.045017
29.020839 1.200701 39.347134 1.947713
0.474604 0.100354 -0.001926 -0.000330
0.100354 0.044876 -0.000330 -0.000061
-0.001926 -0.000330 0.479131 0.101087
-0.000330 -0.000061 0.101087 0.045012
29.374438 1.148449 39.959361 1.871386
0.474327 0.100302 -0.002247 -0.000378
0.100302 0.044855 -0.000378 -0.000070
-0.002247 -0.000378 0.479392 0.101115
-0.000378 -0.000070 0.101115 0.045007
30.305062 1.223805 40.837761 1.859393
0.474063 0.100253 -0.002550 -0.000421
0.100253 0.044838 -0.000421 -0.000077
-0.002550 -0.000421 0.479630 0.101137
-0.000421 -0.000077 0.101137 0.045003
30.873117 1.214544 41.810275 1.868406
0.473807 0.100206 -0.002927 -0.000479
0.100206 0.044822 -0.000479 -0.000088
-0.002927 -0.000479 0.479853 0.101155
-0.000479 -0.000088 0.101155 0.045000
31.851017 1.292901 42.642855 1.847115
0.473525 0.100154 -0.003329 -0.000540
0.100154 0.044807 -0.000541 -0.000100
-0.003329 -0.000541 0.480099 0.101180
-0.000540 -0.000100 0.101180 0.045000
32.938007 1.386187 43.812971 1.899237
0.473267 0.100110 -0.003804 -0.000615
0.100110 0.044794 -0.000616 -0.000115
-0.003804 -0.000616 0.480323 0.101201
-0.000615 -0.000115 0.101201 0.045000
34.137241 1.493122 44.448425 1.833289
0.472992 0.100062 -0.004384 -0.000710
0.100062 0.044781 -0.000710 -0.000133
-0.004384 -0.000710 0.480569 0.101228
-0.000710 -0.000133 0.101228 0.045003
34.785154 1.472011 44.904121 1.736163
0.472793 0.100032 -0.005035 -0.000815
0.100032 0.044773 -0.000816 -0.000154
-0.005035 -0.000816 0.480746 0.101241
-0.000815 -0.000154 0.101241 0.045004
35.697058 1.509050 45.466269 1.671852
0.472641 0.100012 -0.005650 -0.000908
0.100012 0.044767 -0.000909 -0.000171
-0.005650 -0.000909 0.480882 0.101248
-0.000908 -0.000171 0.101248 0.045004
36.210516 1.457878 46.073957 1.623641
0.472534 0.100000 -0.006285 -0.001003
0.100000 0.044763 -0.001004 -0.000189
-0.006285 -0.001004 0.480981 0.101251
-0.001003 -0.000189 0.101251 0.045004
36.766658 1.421674 47.369365 1.725298
0.472422 0.099986 -0.006881 -0.001087
0.099986 0.044758 -0.001089 -0.000205
-0.006881 -0.001089 0.481093 0.101259
-0.001087 -0.000205 0.101259 0.045007
