0.290624 1.078346 1.899518 -0.132223
2.053490 0.821414 -0.226717 -0.090689
0.821414 80.332639 -0.090689 -0.036276
-0.226717 -0.090689 3.101368 1.240574
-0.090689 -0.036276 1.240574 80.500307
4.122476 6.983585 3.161667 2.184395
2.940854 5.218702 -1.680753 -2.793673
5.218702 16.410443 -2.935363 -5.523424
-1.680753 -2.935363 3.397426 5.729677
-2.793673 -5.523424 5.729677 19.798176
7.109624 6.343534 3.256297 0.979802
1.776256 1.980978 -0.343477 -0.210232
1.980978 3.883011 -0.212336 -0.391772
-0.343477 -0.212336 2.486975 2.835118
-0.210232 -0.391772 2.835118 5.592451
6.342389 3.036464 2.381450 -0.286992
1.466697 1.217844 -0.165385 -0.094790
1.217844 1.641387 -0.095171 -0.210221
-0.165385 -0.095171 2.113739 1.772742
-0.094790 -0.210221 1.772742 2.360567
7.040487 2.496471 2.673608 -0.001208
1.405090 0.926066 -0.051807 -0.031183
0.926066 0.912526 -0.032053 -0.101574
-0.051807 -0.032053 1.569910 1.036065
-0.031183 -0.101574 1.036065 1.099867
8.175796 2.433769 2.876900 0.112018
1.236830 0.668326 -0.027572 -0.025839
0.668326 0.530697 -0.026336 -0.064302
-0.027572 -0.026336 1.370415 0.754709
-0.025839 -0.064302 0.754709 0.646035
9.819119 2.612786 4.348318 0.773989
1.067296 0.489545 -0.035337 -0.029810
0.489545 0.331262 -0.030872 -0.045796
-0.035337 -0.030872 1.265365 0.596930
-0.029810 -0.045796 0.596930 0.423450
10.787140 2.469854 5.394794 1.049316
0.918668 0.368245 -0.090899 -0.049123
0.368245 0.221041 -0.050595 -0.040798
-0.090899 -0.050595 1.223793 0.504040
-0.049123 -0.040798 0.504040 0.302720
11.088138 2.134568 6.169282 1.150260
0.823479 0.294798 -0.132445 -0.057113
0.294798 0.159898 -0.058306 -0.034162
-0.132445 -0.058306 1.164771 0.424372
-0.057113 -0.034162 0.424372 0.223245
11.557397 1.937846 7.239508 1.316337
0.758013 0.246176 -0.158862 -0.057937
0.246176 0.122808 -0.058785 -0.027692
-0.158862 -0.058785 1.095605 0.357954
-0.057937 -0.027692 0.357954 0.169748
12.352230 1.882416 8.813789 1.588398
0.712183 0.212522 -0.173980 -0.055237
0.212522 0.099096 -0.055809 -0.022207
-0.173980 -0.055809 1.019343 0.302614
-0.055237 -0.022207 0.302614 0.132791
12.976668 1.793920 10.192374 1.748523
0.678969 0.188227 -0.175684 -0.049511
0.188227 0.083281 -0.049907 -0.017392
-0.175684 -0.049907 0.936150 0.255730
-0.049511 -0.017392 0.255730 0.106516
13.172841 1.611649 11.280091 1.802644
0.651322 0.169436 -0.167182 -0.042356
0.169436 0.072236 -0.042676 -0.013357
-0.167182 -0.042676 0.856357 0.217956
-0.042356 -0.013357 0.217956 0.088028
14.286677 1.687605 12.121429 1.789026
0.628322 0.154844 -0.155334 -0.035710
0.154844 0.064432 -0.036030 -0.010289
-0.155334 -0.036030 0.785188 0.188440
-0.035710 -0.010289 0.188440 0.075077
14.623845 1.569486 13.389876 1.872619
0.603150 0.142067 -0.138124 -0.028969
0.142067 0.058546 -0.029255 -0.007762
-0.138124 -0.029255 0.727765 0.166584
-0.028969 -0.007762 0.166584 0.066198
15.415167 1.574568 14.919669 2.004187
0.582816 0.132359 -0.120770 -0.023206
0.132359 0.054417 -0.023498 -0.005872
-0.120770 -0.023498 0.676542 0.149198
-0.023206 -0.005872 0.149198 0.059791
16.360229 1.607582 15.635253 1.943536
0.565055 0.124695 -0.101795 -0.017880
0.124695 0.051458 -0.018175 -0.004351
-0.101795 -0.018175 0.632093 0.135584
-0.017880 -0.004351 0.135584 0.055198
16.585250 1.489767 17.642202 2.157948
0.548079 0.118319 -0.084348 -0.013539
0.118319 0.049268 -0.013803 -0.003228
-0.084348 -0.013803 0.597738 0.125768
-0.013539 -0.003228 0.125768 0.052071
17.498965 1.522322 18.269146 2.064940
0.535970 0.113887 -0.067389 -0.009745
0.113887 0.047838 -0.010019 -0.002346
-0.067389 -0.010019 0.566620 0.117749
-0.009745 -0.002346 0.117749 0.049744
17.740039 1.409846 18.926688 1.983147
0.524577 0.110216 -0.053013 -0.006853
0.110216 0.046788 -0.007105 -0.001726
-0.053013 -0.007105 0.543513 0.112214
-0.006853 -0.001726 0.112214 0.048216
18.333819 1.385484 19.757996 1.949226
0.515353 0.107481 -0.041471 -0.004770
0.107481 0.046083 -0.005002 -0.001315
-0.041471 -0.005002 0.525401 0.108217
-0.004770 -0.001315 0.108217 0.047174
18.987728 1.379256 21.027543 2.009872
0.507494 0.105387 -0.031630 -0.003164
0.105387 0.045608 -0.003370 -0.001017
-0.031630 -0.003370 0.511557 0.105427
-0.003164 -0.001017 0.105427 0.046484
19.337627 1.313176 22.846068 2.176216
0.500840 0.103805 -0.022900 -0.001852
0.103805 0.045298 -0.002031 -0.000783
-0.022900 -0.002031 0.501103 0.103528
-0.001852 -0.000783 0.103528 0.046035
20.102127 1.334558 23.712483 2.130739
0.494936 0.102565 -0.014980 -0.000738
0.102565 0.045092 -0.000889 -0.000585
-0.014980 -0.000889 0.493717 0.102358
-0.000738 -0.000585 0.102358 0.045765
20.224312 1.221133 24.689450 2.110289
0.489391 0.101525 -0.009093 -0.000055
0.101525 0.044942 -0.000175 -0.000469
-0.009093 -0.000175 0.489254 0.101812
-0.000055 -0.000469 0.101812 0.045631
20.491229 1.150291 25.981319 2.158780
0.484320 0.100675 -0.004426 0.000408
0.100675 0.044836 0.000314 -0.000385
-0.004426 0.000314 0.486868 0.101662
0.000408 -0.000385 0.101662 0.045576
21.192125 1.175916 26.706038 2.084743
0.478934 0.099820 -0.000797 0.000706
0.099820 0.044725 0.000636 -0.000322
-0.000797 0.000636 0.486853 0.101942
0.000706 -0.000322 0.101942 0.045603
21.872364 1.195492 28.074511 2.153243
0.473773 0.099059 0.000948 0.000671
0.099059 0.044629 0.000619 -0.000316
0.000948 0.000619 0.488248 0.102423
0.000671 -0.000316 0.102423 0.045658
22.440578 1.189262 29.012816 2.124192
0.467770 0.098150 0.001044 0.000375
0.098150 0.044494 0.000336 -0.000351
0.001044 0.000336 0.491864 0.103273
0.000375 -0.000351 0.103273 0.045781
22.477359 1.071744 30.085188 2.126422
0.461844 0.097292 -0.000213 -0.000105
0.097292 0.044363 -0.000139 -0.000410
-0.000213 -0.000139 0.496535 0.104226
-0.000105 -0.000410 0.104226 0.045914
22.883719 1.044423 30.958884 2.086743
0.455685 0.096404 -0.001402 -0.000468
0.096404 0.044218 -0.000503 -0.000434
-0.001402 -0.000503 0.502485 0.105338
-0.000468 -0.000434 0.105338 0.046072
23.269398 1.015653 31.490568 1.979788
0.449811 0.095591 -0.003365 -0.000918
0.095591 0.044082 -0.000958 -0.000473
-0.003365 -0.000958 0.508998 0.106459
-0.000918 -0.000473 0.106459 0.046227
24.107029 1.086017 32.595894 2.003719
0.444850 0.094974 -0.005854 -0.001406
0.094974 0.043978 -0.001456 -0.000517
-0.005854 -0.001456 0.515127 0.107408
-0.001406 -0.000517 0.107408 0.046345
24.818714 1.122287 33.098135 1.899882
0.439859 0.094329 -0.009953 -0.002167
0.094329 0.043856 -0.002237 -0.000620
-0.009953 -0.002237 0.522104 0.108472
-0.002167 -0.000620 0.108472 0.046493
25.364062 1.118868 33.941440 1.877815
0.435964 0.093899 -0.014927 -0.003033
0.093899 0.043771 -0.003129 -0.000744
-0.014927 -0.003129 0.528336 0.109322
-0.003033 -0.000744 0.109322 0.046600
26.172219 1.172910 35.258483 1.955892
0.432365 0.093491 -0.020018 -0.003850
0.093491 0.043679 -0.003972 -0.000856
-0.020018 -0.003972 0.534801 0.110189
-0.003850 -0.000856 0.110189 0.046719
27.059765 1.238111 36.112208 1.930782
0.428600 0.093007 -0.025366 -0.004665
0.093007 0.043561 -0.004813 -0.000970
-0.025366 -0.004813 0.542235 0.111230
-0.004665 -0.000970 0.111230 0.046883
27.298079 1.154927 36.957388 1.905473
0.425500 0.092636 -0.030884 -0.005472
0.092636 0.043462 -0.005644 -0.001087
-0.030884 -0.005644 0.549329 0.112166
-0.005472 -0.001087 0.112166 0.047029
27.869484 1.153365 37.822915 1.887717
0.422722 0.092302 -0.034489 -0.005855
0.092302 0.043367 -0.006023 -0.001117
-0.034489 -0.006023 0.555785 0.112958
-0.005855 -0.001117 0.112958 0.047153
28.854615 1.243609 38.970531 1.930409
0.420454 0.092048 -0.036873 -0.006006
0.092048 0.043285 -0.006153 -0.001111
-0.036873 -0.006153 0.561224 0.113548
-0.006006 -0.001111 0.113548 0.047245
29.582030 1.263931 39.224769 1.787411
0.418870 0.091913 -0.037689 -0.005876
0.091913 0.043227 -0.005987 -0.001061
-0.037689 -0.005987 0.564959 0.113822
-0.005876 -0.001061 0.113822 0.047286
30.324710 1.286567 39.734500 1.710732
0.417847 0.091858 -0.038630 -0.005832
0.091858 0.043181 -0.005921 -0.001047
-0.038630 -0.005921 0.567747 0.113957
-0.005832 -0.001047 0.113957 0.047311
31.353063 1.372767 40.842359 1.763274
0.417381 0.091888 -0.038616 -0.005643
0.091888 0.043153 -0.005705 -0.001013
-0.038616 -0.005705 0.569046 0.113860
-0.005643 -0.001013 0.113860 0.047303
31.773223 1.316430 42.195351 1.856112
0.418602 0.092265 -0.035148 -0.004810
0.092265 0.043202 -0.004812 -0.000852
-0.035148 -0.004812 0.565710 0.112930
-0.004810 -0.000852 0.112930 0.047145
32.265013 1.280764 43.331967 1.896875
0.423704 0.093447 -0.028199 -0.003370
0.093447 0.043426 -0.003311 -0.000583
-0.028199 -0.003311 0.554403 0.110568
-0.003370 -0.000583 0.110568 0.046726
32.648506 1.225279 44.517054 1.942881
0.433115 0.095439 -0.020839 -0.001976
0.095439 0.043808 -0.001911 -0.000351
-0.020839 -0.001911 0.537000 0.107237
-0.001976 -0.000351 0.107237 0.046149
33.560334 1.291006 45.478098 1.942146
0.447124 0.098227 -0.015106 -0.001012
0.098227 0.044336 -0.001011 -0.000227
-0.015106 -0.001011 0.515359 0.103339
-0.001012 -0.000227 0.103339 0.045491
33.965929 1.237902 46.274316 1.905892
0.466015 0.101805 -0.012704 -0.000774
0.101805 0.045000 -0.000898 -0.000258
-0.012704 -0.000898 0.491255 0.099214
-0.000774 -0.000258 0.099214 0.044811
34.802098 1.284733 47.149176 1.890653
0.486679 0.105441 -0.013217 -0.001124
0.105441 0.045640 -0.001367 -0.000392
-0.013217 -0.001367 0.469394 0.095782
-0.001124 -0.000392 0.095782 0.044280
35.410432 1.277937 48.280762 1.929063
0.510814 0.109523 -0.018166 -0.002326
0.109523 0.046349 -0.002682 -0.000680
-0.018166 -0.002682 0.448781 0.092725
-0.002326 -0.000680 0.092725 0.043810
