-0.840877 0.625736 2.778530 0.219389
2.053490 0.821414 -0.226717 -0.090689
0.821414 80.332639 -0.090689 -0.036276
-0.226717 -0.090689 3.101368 1.240574
-0.090689 -0.036276 1.240574 80.500307
3.683242 8.125522 1.859160 -1.444362
2.437536 4.324973 -1.422186 -2.364881
4.324973 14.823620 -2.468638 -4.749149
-1.422186 -2.468638 3.656509 6.174109
-2.364881 -4.749149 6.174109 20.560270
6.508928 6.556699 -1.149842 -4.137171
2.194193 2.513264 -0.212631 -0.043916
2.513264 4.503720 -0.125114 -0.246398
-0.212631 -0.125114 1.897634 2.123736
-0.043916 -0.246398 2.123736 4.802135
8.367995 5.419436 -0.538751 -1.845339
2.110485 1.724183 -0.145933 -0.074482
1.724183 2.022777 -0.106690 -0.198723
-0.145933 -0.106690 1.464998 1.268556
-0.074482 -0.198723 1.268556 1.980698
9.932513 4.668364 2.254299 0.750375
1.710247 1.077908 -0.064190 -0.034471
1.077908 0.981482 -0.050987 -0.100283
-0.064190 -0.050987 1.322630 0.926065
-0.034471 -0.100283 0.926065 1.052067
9.799198 3.372765 4.172383 1.649497
1.271512 0.657968 -0.057626 -0.036797
0.657968 0.514425 -0.047489 -0.066772
-0.057626 -0.047489 1.351499 0.781850
-0.036797 -0.066772 0.781850 0.668549
10.319352 2.861282 4.453400 1.393372
1.037803 0.462798 -0.120057 -0.065151
0.462798 0.317664 -0.070419 -0.058687
-0.120057 -0.070419 1.348216 0.655070
-0.065151 -0.058687 0.655070 0.449165
11.649023 2.809209 6.449585 1.934210
0.903146 0.356206 -0.142754 -0.065234
0.356206 0.217588 -0.068354 -0.043890
-0.142754 -0.068354 1.285152 0.535146
-0.065234 -0.043890 0.535146 0.310249
11.329714 2.196781 7.830140 2.093729
0.824042 0.292572 -0.171042 -0.066581
0.292572 0.161016 -0.068239 -0.034945
-0.171042 -0.068239 1.194736 0.435400
-0.066581 -0.034945 0.435400 0.221996
11.261141 1.819237 9.149870 2.186143
0.778579 0.251933 -0.194066 -0.065553
0.251933 0.126450 -0.066467 -0.028293
-0.194066 -0.066467 1.089769 0.354084
-0.065553 -0.028293 0.354084 0.164157
11.627305 1.657504 10.246686 2.187795
0.748956 0.223038 -0.201888 -0.060176
0.223038 0.103648 -0.060816 -0.022372
-0.201888 -0.060816 0.982592 0.289392
-0.060176 -0.022372 0.289392 0.125573
13.094208 1.834569 11.500375 2.232022
0.720902 0.199381 -0.195162 -0.051979
0.199381 0.087425 -0.052543 -0.017196
-0.195162 -0.052543 0.888208 0.240756
-0.051979 -0.017196 0.240756 0.100025
13.513178 1.703112 12.147911 2.111418
0.685937 0.177854 -0.173897 -0.041727
0.177854 0.075193 -0.042188 -0.012619
-0.173897 -0.042188 0.810566 0.205054
-0.041727 -0.012619 0.205054 0.083026
14.537928 1.746850 13.391696 2.157469
0.654006 0.160545 -0.154039 -0.033617
0.160545 0.066414 -0.034013 -0.009430
-0.154039 -0.034013 0.747561 0.178704
-0.033617 -0.009430 0.178704 0.071505
15.242601 1.708481 14.693435 2.207599
0.624087 0.146421 -0.131484 -0.026180
0.146421 0.060029 -0.026505 -0.006936
-0.131484 -0.026505 0.693727 0.158478
-0.026180 -0.006936 0.158478 0.063440
15.441354 1.557349 15.527717 2.143038
0.598616 0.135423 -0.109669 -0.019951
0.135423 0.055483 -0.020231 -0.005084
-0.109669 -0.020231 0.647559 0.142816
-0.019951 -0.005084 0.142816 0.057725
15.329769 1.363355 16.963894 2.214897
0.577923 0.127048 -0.091785 -0.015338
0.127048 0.052278 -0.015603 -0.003825
-0.091785 -0.015603 0.609431 0.130938
-0.015338 -0.003825 0.130938 0.053710
15.813546 1.311757 16.937589 1.972963
0.562733 0.121033 -0.075729 -0.011598
0.121033 0.050102 -0.011886 -0.002896
-0.075729 -0.011886 0.575575 0.121427
-0.011598 -0.002896 0.121427 0.050780
15.992570 1.211839 18.105930 2.007344
0.548243 0.115981 -0.063757 -0.009084
0.115981 0.048472 -0.009354 -0.002307
-0.063757 -0.009354 0.550871 0.114900
-0.009084 -0.002307 0.114900 0.048863
16.349808 1.161124 19.311248 2.047432
0.536826 0.112259 -0.052466 -0.006898
0.112259 0.047368 -0.007162 -0.001830
-0.052466 -0.007162 0.529822 0.109829
-0.006898 -0.001830 0.109829 0.047490
17.506903 1.282608 20.562199 2.098603
0.527341 0.109436 -0.041637 -0.004950
0.109436 0.046612 -0.005205 -0.001428
-0.041637 -0.005205 0.512707 0.106069
-0.004950 -0.001428 0.106069 0.046545
17.755157 1.197480 20.986518 1.966442
0.517899 0.106990 -0.031122 -0.003182
0.106990 0.046039 -0.003408 -0.001078
-0.031122 -0.003408 0.500546 0.103660
-0.003182 -0.001078 0.103660 0.045973
19.173610 1.366565 21.949524 1.966731
0.510121 0.105171 -0.022884 -0.001962
0.105171 0.045664 -0.002160 -0.000849
-0.022884 -0.002160 0.491515 0.102057
-0.001962 -0.000849 0.102057 0.045611
20.002172 1.396940 23.027620 1.987145
0.502308 0.103546 -0.015833 -0.001011
0.103546 0.045367 -0.001174 -0.000672
-0.015833 -0.001174 0.486179 0.101299
-0.001011 -0.000672 0.101299 0.045443
20.327347 1.319560 23.933841 1.967530
0.495309 0.102247 -0.010209 -0.000349
0.102247 0.045160 -0.000480 -0.000548
-0.010209 -0.000480 0.483150 0.101012
-0.000349 -0.000548 0.101012 0.045373
21.532159 1.432819 25.099083 2.007051
0.489275 0.101254 -0.005875 0.000080
0.101254 0.045024 -0.000025 -0.000462
-0.005875 -0.000025 0.481693 0.101006
0.000080 -0.000462 0.101006 0.045354
22.338544 1.452142 26.492094 2.089079
0.483355 0.100346 -0.003613 0.000126
0.100346 0.044903 0.000047 -0.000443
-0.003613 0.000047 0.482156 0.101334
0.000126 -0.000443 0.101334 0.045394
22.900762 1.418056 27.592955 2.100749
0.477253 0.099442 -0.003192 -0.000135
0.099442 0.044776 -0.000191 -0.000474
-0.003192 -0.000191 0.484432 0.101956
-0.000135 -0.000474 0.101956 0.045485
23.341121 1.361725 28.399198 2.049181
0.471259 0.098591 -0.004167 -0.000590
0.098591 0.044652 -0.000628 -0.000531
-0.004167 -0.000628 0.487955 0.102740
-0.000590 -0.000531 0.102740 0.045598
23.866617 1.328965 28.920923 1.943311
0.465774 0.097866 -0.006062 -0.001133
0.097866 0.044546 -0.001161 -0.000595
-0.006062 -0.001161 0.492074 0.103549
-0.001133 -0.000595 0.103549 0.045707
24.138103 1.246024 29.879110 1.940402
0.461271 0.097346 -0.008800 -0.001757
0.097346 0.044472 -0.001780 -0.000667
-0.008800 -0.001780 0.496053 0.104240
-0.001757 -0.000667 0.104240 0.045787
24.542965 1.199904 31.284175 2.031544
0.456582 0.096763 -0.011838 -0.002354
0.096763 0.044371 -0.002377 -0.000729
-0.011838 -0.002377 0.501039 0.105079
-0.002354 -0.000729 0.105079 0.045900
24.997750 1.169058 32.389880 2.050283
0.450970 0.095962 -0.015518 -0.003014
0.095962 0.044213 -0.003040 -0.000804
-0.015518 -0.003040 0.507966 0.106257
-0.003014 -0.000804 0.106257 0.046083
25.532506 1.158446 33.441775 2.055817
0.445327 0.095153 -0.019610 -0.003696
0.095153 0.044048 -0.003726 -0.000885
-0.019610 -0.003726 0.515808 0.107538
-0.003696 -0.000885 0.107538 0.046285
26.115911 1.159126 34.313457 2.023374
0.439944 0.094394 -0.024043 -0.004395
0.094394 0.043890 -0.004430 -0.000972
-0.024043 -0.004430 0.524188 0.108844
-0.004395 -0.000972 0.108844 0.046489
26.536670 1.124731 35.243631 2.006211
0.435222 0.093767 -0.028668 -0.005088
0.093767 0.043754 -0.005131 -0.001062
-0.028668 -0.005131 0.532474 0.110055
-0.005088 -0.001062 0.110055 0.046674
27.321072 1.173470 36.503086 2.059542
0.430911 0.093206 -0.032684 -0.005620
0.093206 0.043625 -0.005666 -0.001124
-0.032684 -0.005666 0.540680 0.111196
-0.005620 -0.001124 0.111196 0.046849
27.692996 1.125616 37.177596 1.986089
0.426889 0.092679 -0.036294 -0.006058
0.092679 0.043498 -0.006100 -0.001174
-0.036294 -0.006100 0.548917 0.112307
-0.006058 -0.001174 0.112307 0.047023
27.854756 1.037502 38.017414 1.953314
0.423655 0.092299 -0.038807 -0.006272
0.092299 0.043398 -0.006302 -0.001186
-0.038807 -0.006302 0.555921 0.113143
-0.006272 -0.001186 0.113143 0.047149
28.782917 1.128979 39.402414 2.037948
0.421005 0.092016 -0.039404 -0.006123
0.092016 0.043314 -0.006120 -0.001132
-0.039404 -0.006120 0.561403 0.113684
-0.006123 -0.001132 0.113684 0.047227
29.292281 1.116831 40.413113 2.036008
0.419403 0.091929 -0.038019 -0.005628
0.091929 0.043269 -0.005579 -0.001020
-0.038019 -0.005579 0.564274 0.113744
-0.005628 -0.001020 0.113744 0.047224
30.148474 1.182665 41.485218 2.048421
0.419279 0.092123 -0.034688 -0.004821
0.092123 0.043281 -0.004721 -0.000862
-0.034688 -0.004721 0.563662 0.113194
-0.004821 -0.000862 0.113194 0.047120
31.143972 1.270507 42.267932 2.002074
0.421433 0.092754 -0.029595 -0.003754
0.092754 0.043382 -0.003612 -0.000668
-0.029595 -0.003612 0.558349 0.111839
-0.003754 -0.000668 0.111839 0.046880
31.907096 1.299660 43.459384 2.040857
0.425943 0.093802 -0.023758 -0.002642
0.093802 0.043562 -0.002480 -0.000483
-0.023758 -0.002480 0.549017 0.109871
-0.002642 -0.000483 0.109871 0.046546
32.822529 1.355988 44.011160 1.948108
0.435199 0.095765 -0.017396 -0.001507
0.095765 0.043928 -0.001368 -0.000308
-0.017396 -0.001368 0.532802 0.106740
-0.001507 -0.000308 0.106740 0.046008
33.762599 1.413132 44.889902 1.929968
0.447092 0.098092 -0.012371 -0.000722
0.098092 0.044347 -0.000638 -0.000213
-0.012371 -0.000638 0.514730 0.103511
-0.000722 -0.000213 0.103511 0.045482
34.332586 1.382211 45.528251 1.863395
0.464032 0.101293 -0.010079 -0.000519
0.101293 0.044931 -0.000544 -0.000238
-0.010079 -0.000544 0.493013 0.099774
-0.000519 -0.000238 0.099774 0.044870
35.254792 1.432094 46.386764 1.849060
0.483091 0.104663 -0.010582 -0.000871
0.104663 0.045521 -0.001005 -0.000362
-0.010582 -0.001005 0.472433 0.096493
-0.000871 -0.000362 0.096493 0.044360
35.870340 1.410318 47.221304 1.830238
0.506597 0.108711 -0.016004 -0.002169
0.108711 0.046233 -0.002419 -0.000662
-0.016004 -0.002419 0.451787 0.093328
-0.002169 -0.000662 0.093328 0.043862
36.525880 1.399502 48.000080 1.801575
0.532131 0.112871 -0.025180 -0.004114
0.112871 0.046942 -0.004432 -0.001058
-0.025180 -0.004432 0.434084 0.090857
-0.004114 -0.001058 0.090857 0.043486
