3.559647 2.385984 0.069255 -0.864345
2.575399 1.030182 -0.261185 -0.104476
1.030182 80.416148 -0.104476 -0.041791
-0.261185 -0.104476 2.388565 0.955447
-0.104476 -0.041791 0.955447 80.386254
5.392277 3.504169 -0.122905 -0.428490
2.224048 3.863120 -0.266918 -0.418476
3.863120 15.391562 -0.411037 -1.386758
-0.266918 -0.411037 2.362777 4.142603
-0.418476 -1.386758 4.142603 15.406387
9.156696 5.870026 2.176757 2.461796
1.944588 2.262397 -0.220714 -0.239863
2.262397 4.577552 -0.238020 -0.456094
-0.220714 -0.238020 2.113475 2.417375
-0.239863 -0.456094 2.417375 4.625071
7.772382 2.185022 1.091483 0.527094
1.659903 1.412142 -0.134395 -0.108903
1.412142 1.911403 -0.107383 -0.163178
-0.134395 -0.107383 1.794935 1.493194
-0.108903 -0.163178 1.493194 1.936634
8.443930 1.904140 2.343108 1.172639
1.438033 0.959587 -0.129482 -0.086765
0.959587 0.975851 -0.086364 -0.093998
-0.129482 -0.086364 1.551625 1.012897
-0.086765 -0.093998 1.012897 0.995194
8.492114 1.407270 4.705923 2.128555
1.266294 0.694381 -0.112476 -0.062857
0.694381 0.567178 -0.062643 -0.054557
-0.112476 -0.062643 1.354016 0.727470
-0.062857 -0.054557 0.727470 0.578817
8.191814 0.939542 6.128619 2.294205
1.135976 0.528967 -0.094621 -0.045307
0.528967 0.362511 -0.045117 -0.033262
-0.094621 -0.045117 1.190499 0.544351
-0.045307 -0.033262 0.544351 0.367171
8.734057 0.969421 6.726542 2.074980
1.030677 0.417594 -0.081384 -0.034131
0.417594 0.248438 -0.033975 -0.021708
-0.081384 -0.033975 1.060887 0.423397
-0.034131 -0.021708 0.423397 0.250125
9.893802 1.212610 7.105190 1.840054
0.940764 0.338157 -0.070526 -0.026330
0.338157 0.179782 -0.026210 -0.014816
-0.070526 -0.026210 0.959857 0.341017
-0.026330 -0.014816 0.341017 0.180976
10.066260 1.071901 8.144276 1.878782
0.863352 0.279872 -0.060729 -0.020456
0.279872 0.136340 -0.020365 -0.010394
-0.060729 -0.020365 0.879641 0.282698
-0.020456 -0.010394 0.282698 0.137748
10.897003 1.158858 9.837809 2.100744
0.799609 0.237147 -0.052737 -0.016204
0.237147 0.108079 -0.016134 -0.007523
-0.052737 -0.016134 0.812010 0.239302
-0.016204 -0.007523 0.239302 0.109291
12.293834 1.383463 10.869188 2.095086
0.746295 0.205077 -0.044706 -0.012651
0.205077 0.089072 -0.012595 -0.005477
-0.044706 -0.012595 0.754629 0.206442
-0.012651 -0.005477 0.206442 0.090010
13.133730 1.421922 10.546367 1.743143
0.700368 0.180375 -0.037307 -0.009808
0.180375 0.075918 -0.009764 -0.004023
-0.037307 -0.009764 0.706992 0.181560
-0.009808 -0.004023 0.181560 0.076741
13.426733 1.319969 11.335965 1.723228
0.660520 0.161130 -0.031880 -0.007841
0.161130 0.066659 -0.007808 -0.003050
-0.031880 -0.007808 0.667807 0.162644
-0.007841 -0.003050 0.162644 0.067484
14.038265 1.308718 12.623967 1.822631
0.627162 0.146342 -0.027483 -0.006357
0.146342 0.060139 -0.006331 -0.002354
-0.027483 -0.006331 0.634179 0.147848
-0.006357 -0.002354 0.147848 0.060877
14.253471 1.210011 14.163008 1.963807
0.599256 0.134945 -0.023429 -0.005112
0.134945 0.055520 -0.005092 -0.001822
-0.023429 -0.005092 0.605273 0.136234
-0.005112 -0.001822 0.136234 0.056131
14.769929 1.190761 15.466337 2.034164
0.576153 0.126205 -0.019805 -0.004087
0.126205 0.052251 -0.004073 -0.001416
-0.019805 -0.004073 0.580357 0.127096
-0.004087 -0.001416 0.127096 0.052710
15.141824 1.143345 17.403264 2.231408
0.556815 0.119464 -0.016537 -0.003233
0.119464 0.049932 -0.003222 -0.001101
-0.016537 -0.003222 0.559305 0.120000
-0.003233 -0.001101 0.120000 0.050265
15.612334 1.121793 18.271050 2.178914
0.540857 0.114329 -0.013439 -0.002485
0.114329 0.048305 -0.002478 -0.000848
-0.013439 -0.002478 0.541498 0.114500
-0.002485 -0.000848 0.114500 0.048524
16.027183 1.091148 19.251090 2.155895
0.527530 0.110403 -0.010840 -0.001899
0.110403 0.047167 -0.001895 -0.000657
-0.010840 -0.001895 0.526863 0.110341
-0.001899 -0.000657 0.110341 0.047310
16.585273 1.093621 20.144788 2.117532
0.516529 0.107445 -0.008621 -0.001431
0.107445 0.046387 -0.001428 -0.000511
-0.008621 -0.001428 0.514927 0.107233
-0.001431 -0.000511 0.107233 0.046477
16.901519 1.045611 20.915198 2.057482
0.507496 0.105243 -0.006730 -0.001056
0.105243 0.045861 -0.001056 -0.000399
-0.006730 -0.001056 0.505353 0.104962
-0.001056 -0.000399 0.104962 0.045919
17.391634 1.038914 22.070005 2.083635
0.500207 0.103645 -0.005153 -0.000765
0.103645 0.045520 -0.000765 -0.000313
-0.005153 -0.000765 0.497747 0.103333
-0.000765 -0.000313 0.103333 0.045555
18.358959 1.131843 23.226863 2.107778
0.494353 0.102505 -0.003765 -0.000521
0.102505 0.045305 -0.000522 -0.000243
-0.003765 -0.000522 0.491846 0.102209
-0.000521 -0.000243 0.102209 0.045328
19.265424 1.202413 23.901938 2.029058
0.489610 0.101693 -0.002595 -0.000329
0.101693 0.045172 -0.000330 -0.000188
-0.002595 -0.000330 0.487467 0.101486
-0.000329 -0.000188 0.101486 0.045199
19.963553 1.222467 24.537990 1.950116
0.485844 0.101138 -0.001714 -0.000199
0.101138 0.045095 -0.000200 -0.000150
-0.001714 -0.000200 0.484284 0.101051
-0.000199 -0.000150 0.101051 0.045132
21.116504 1.335664 26.174494 2.088576
0.482915 0.100779 -0.001075 -0.000117
0.100779 0.045053 -0.000118 -0.000122
-0.001075 -0.000118 0.482030 0.100814
-0.000117 -0.000122 0.100814 0.045101
21.398523 1.254976 27.422404 2.131204
0.480494 0.100522 -0.000685 -0.000080
0.100522 0.045025 -0.000081 -0.000105
-0.000685 -0.000081 0.480673 0.100750
-0.000080 -0.000105 0.100750 0.045099
22.083346 1.267010 28.681781 2.171899
0.478515 0.100343 -0.000423 -0.000062
0.100343 0.045005 -0.000062 -0.000091
-0.000423 -0.000062 0.479974 0.100791
-0.000062 -0.000091 0.100791 0.045110
22.833004 1.291419 29.397009 2.093935
0.476827 0.100202 -0.000384 -0.000081
0.100202 0.044984 -0.000082 -0.000086
-0.000384 -0.000082 0.479826 0.100909
-0.000081 -0.000086 0.100909 0.045129
23.686158 1.335115 29.910495 1.981615
0.475480 0.100108 -0.000573 -0.000138
0.100108 0.044965 -0.000139 -0.000088
-0.000573 -0.000139 0.479963 0.101045
-0.000138 -0.000088 0.101045 0.045144
24.080827 1.277579 30.635224 1.925573
0.474459 0.100056 -0.000988 -0.000230
0.100056 0.044950 -0.000231 -0.000097
-0.000988 -0.000231 0.480226 0.101170
-0.000230 -0.000097 0.101170 0.045152
24.334976 1.196344 31.986591 2.007477
0.473589 0.100007 -0.001470 -0.000323
0.100007 0.044929 -0.000324 -0.000106
-0.001470 -0.000324 0.480657 0.101298
-0.000323 -0.000106 0.101298 0.045157
24.943642 1.198555 32.448197 1.893211
0.472576 0.099904 -0.002016 -0.000419
0.099904 0.044894 -0.000420 -0.000115
-0.002016 -0.000420 0.481453 0.101477
-0.000419 -0.000115 0.101477 0.045173
25.228665 1.132004 32.666471 1.739701
0.471765 0.099826 -0.002682 -0.000530
0.099826 0.044863 -0.000532 -0.000128
-0.002682 -0.000532 0.482184 0.101614
-0.000530 -0.000128 0.101614 0.045178
26.046695 1.185395 33.662035 1.766223
0.471161 0.099777 -0.003295 -0.000622
0.099777 0.044838 -0.000624 -0.000138
-0.003295 -0.000624 0.482782 0.101705
-0.000622 -0.000138 0.101705 0.045175
26.788030 1.216914 34.637081 1.785618
0.470482 0.099695 -0.004184 -0.000767
0.099695 0.044805 -0.000769 -0.000160
-0.004184 -0.000769 0.483513 0.101815
-0.000767 -0.000160 0.101815 0.045179
27.911038 1.326068 35.703677 1.822374
0.469727 0.099587 -0.005299 -0.000951
0.099587 0.044768 -0.000953 -0.000190
-0.005299 -0.000953 0.484360 0.101939
-0.000951 -0.000190 0.101939 0.045188
28.187885 1.243856 36.003558 1.693607
0.468943 0.099468 -0.006831 -0.001211
0.099468 0.044729 -0.001215 -0.000236
-0.006831 -0.001215 0.485277 0.102070
-0.001211 -0.000236 0.102070 0.045200
28.470952 1.171941 36.844445 1.692145
0.468307 0.099377 -0.008160 -0.001413
0.099377 0.044698 -0.001419 -0.000270
-0.008160 -0.001419 0.486040 0.102162
-0.001413 -0.000270 0.102162 0.045206
29.339104 1.232481 38.456664 1.853318
0.467529 0.099252 -0.009436 -0.001597
0.099252 0.044661 -0.001602 -0.000299
-0.009436 -0.001602 0.486962 0.102286
-0.001597 -0.000299 0.102286 0.045221
29.883437 1.217124 39.300852 1.835933
0.466385 0.099049 -0.011168 -0.001872
0.099049 0.044610 -0.001878 -0.000350
-0.011168 -0.001878 0.488340 0.102503
-0.001872 -0.000350 0.102503 0.045258
30.875734 1.299246 40.687639 1.934745
0.465252 0.098855 -0.012946 -0.002145
0.098855 0.044563 -0.002152 -0.000400
-0.012946 -0.002152 0.489748 0.102715
-0.002145 -0.000400 0.102715 0.045293
31.543478 1.303369 41.840211 1.973587
0.463973 0.098637 -0.015185 -0.002506
0.098637 0.044512 -0.002514 -0.000468
-0.015185 -0.002514 0.491422 0.102974
-0.002506 -0.000468 0.102974 0.045339
32.322944 1.331362 43.293871 2.071566
0.462613 0.098408 -0.017563 -0.002880
0.098408 0.044462 -0.002889 -0.000539
-0.017563 -0.002889 0.493281 0.103260
-0.002880 -0.000539 0.103260 0.045390
33.189214 1.375140 44.856795 2.182240
0.461052 0.098145 -0.020220 -0.003299
0.098145 0.044405 -0.003308 -0.000618
-0.020220 -0.003308 0.495505 0.103610
-0.003299 -0.000618 0.103610 0.045454
33.952867 1.390305 45.498031 2.088418
0.459303 0.097850 -0.023210 -0.003772
0.097850 0.044342 -0.003782 -0.000708
-0.023210 -0.003782 0.498131 0.104027
-0.003772 -0.000708 0.104027 0.045531
34.632895 1.385121 45.818672 1.937389
0.457962 0.097653 -0.026161 -0.004217
0.097653 0.044302 -0.004229 -0.000792
-0.026161 -0.004229 0.500408 0.104350
-0.004217 -0.000792 0.104350 0.045587
35.291348 1.376310 46.294793 1.834634
0.457129 0.097565 -0.028932 -0.004610
0.097565 0.044284 -0.004626 -0.000865
-0.028932 -0.004626 0.502153 0.104555
-0.004610 -0.000865 0.104555 0.045619
35.249268 1.219436 47.007146 1.789416
0.456598 0.097531 -0.031586 -0.004973
0.097531 0.044275 -0.004994 -0.000934
-0.031586 -0.004994 0.503600 0.104702
-0.004973 -0.000934 0.104702 0.045642
