2.431151 1.934576 -0.549480 -1.111844
2.470482 0.988214 -0.052654 -0.021062
0.988214 80.399361 -0.021062 -0.008425
-0.052654 -0.021062 2.434012 0.973626
-0.021062 -0.008425 0.973626 80.393525
5.629342 5.841662 0.355742 1.457561
2.249100 3.931957 -0.060288 -0.095330
3.931957 15.265128 -0.095025 -0.300648
-0.060288 -0.095025 2.274082 3.982824
-0.095330 -0.300648 3.982824 15.261266
6.514835 3.491371 3.132555 3.815101
1.986822 2.298440 -0.040397 -0.042550
2.298440 4.549316 -0.042436 -0.085470
-0.040397 -0.042436 2.017417 2.326285
-0.042550 -0.085470 2.326285 4.555816
5.407674 1.083704 2.582503 1.749645
1.707555 1.440337 -0.029455 -0.024021
1.440337 1.910755 -0.023976 -0.035390
-0.029455 -0.023976 1.721360 1.445838
-0.024021 -0.035390 1.445838 1.906943
7.605826 2.178570 3.656413 1.880475
1.477591 0.976762 -0.028401 -0.018985
0.976762 0.976930 -0.018973 -0.020173
-0.028401 -0.018973 1.485725 0.978658
-0.018985 -0.020173 0.978658 0.975327
7.671465 1.622171 5.606963 2.428124
1.295156 0.703710 -0.023032 -0.012799
0.703710 0.567488 -0.012791 -0.011170
-0.023032 -0.012791 1.303129 0.706052
-0.012799 -0.011170 0.706052 0.567725
8.559262 1.657531 7.067199 2.541508
1.152598 0.532225 -0.018882 -0.009018
0.532225 0.361703 -0.009011 -0.006730
-0.018882 -0.009011 1.157331 0.533158
-0.009018 -0.006730 0.533158 0.361731
9.210166 1.586145 7.723439 2.294812
1.037892 0.417530 -0.015380 -0.006471
0.417530 0.247305 -0.006466 -0.004272
-0.015380 -0.006466 1.040644 0.417857
-0.006471 -0.004272 0.417857 0.247307
10.165629 1.644280 8.517356 2.168606
0.944064 0.337420 -0.012876 -0.004862
0.337420 0.179031 -0.004858 -0.002878
-0.012876 -0.004858 0.945952 0.337614
-0.004862 -0.002878 0.337614 0.179089
11.491589 1.806809 9.915085 2.269524
0.866412 0.279638 -0.010820 -0.003717
0.279638 0.136087 -0.003714 -0.002006
-0.010820 -0.003714 0.867977 0.279847
-0.003717 -0.002006 0.279847 0.136191
11.984694 1.685530 11.062139 2.273252
0.801620 0.236944 -0.008905 -0.002820
0.236944 0.107985 -0.002817 -0.001418
-0.008905 -0.002817 0.802944 0.237152
-0.002820 -0.001418 0.237152 0.108099
12.482555 1.591014 12.088860 2.243215
0.747238 0.204820 -0.007409 -0.002184
0.204820 0.089037 -0.002182 -0.001032
-0.007409 -0.002182 0.748190 0.204966
-0.002184 -0.001032 0.204966 0.089133
14.119225 1.807269 13.169425 2.232522
0.701296 0.180292 -0.006215 -0.001718
0.180292 0.075965 -0.001717 -0.000768
-0.006215 -0.001717 0.701894 0.180377
-0.001718 -0.000768 0.180377 0.076039
14.718385 1.733132 13.933310 2.146728
0.662236 0.161351 -0.005105 -0.001334
0.161351 0.066791 -0.001333 -0.000573
-0.005105 -0.001333 0.662749 0.161441
-0.001334 -0.000573 0.161441 0.066861
15.348968 1.678223 13.957929 1.902279
0.629091 0.146663 -0.004230 -0.001051
0.146663 0.060290 -0.001050 -0.000435
-0.004230 -0.001050 0.629526 0.146749
-0.001051 -0.000435 0.146749 0.060352
16.524743 1.754010 14.526681 1.816207
0.600936 0.135232 -0.003569 -0.000845
0.135232 0.055653 -0.000845 -0.000337
-0.003569 -0.000845 0.601417 0.135337
-0.000845 -0.000337 0.135337 0.055712
17.141167 1.696952 15.673361 1.868450
0.577111 0.126348 -0.002980 -0.000674
0.126348 0.052342 -0.000674 -0.000261
-0.002980 -0.000674 0.577679 0.126475
-0.000674 -0.000261 0.126475 0.052399
17.334279 1.556389 17.064342 1.966421
0.557113 0.119486 -0.002465 -0.000534
0.119486 0.049989 -0.000534 -0.000203
-0.002465 -0.000534 0.557659 0.119606
-0.000534 -0.000203 0.119606 0.050038
17.975287 1.527390 17.704760 1.893968
0.540450 0.114226 -0.002026 -0.000421
0.114226 0.048330 -0.000421 -0.000158
-0.002026 -0.000421 0.540872 0.114316
-0.000421 -0.000158 0.114316 0.048368
18.754087 1.530561 18.981141 1.962912
0.526630 0.110225 -0.001656 -0.000331
0.110225 0.047174 -0.000330 -0.000123
-0.001656 -0.000330 0.526959 0.110293
-0.000331 -0.000123 0.110293 0.047203
19.150460 1.453803 20.106686 1.992879
0.515292 0.107225 -0.001325 -0.000254
0.107225 0.046381 -0.000254 -0.000096
-0.001325 -0.000254 0.515530 0.107274
-0.000254 -0.000096 0.107274 0.046403
19.533072 1.382370 21.270541 2.027601
0.506096 0.105016 -0.001044 -0.000192
0.105016 0.045851 -0.000192 -0.000074
-0.001044 -0.000192 0.506249 0.105047
-0.000192 -0.000074 0.105047 0.045868
20.019640 1.339951 22.538738 2.080346
0.498730 0.103423 -0.000807 -0.000143
0.103423 0.045508 -0.000142 -0.000058
-0.000807 -0.000142 0.498817 0.103441
-0.000143 -0.000058 0.103441 0.045520
20.789556 1.360671 23.078134 1.976411
0.492908 0.102305 -0.000609 -0.000103
0.102305 0.045293 -0.000103 -0.000045
-0.000609 -0.000103 0.492963 0.102318
-0.000103 -0.000045 0.102318 0.045303
20.727531 1.206303 23.801712 1.921356
0.488378 0.101547 -0.000458 -0.000075
0.101547 0.045167 -0.000075 -0.000035
-0.000458 -0.000075 0.488433 0.101560
-0.000075 -0.000035 0.101560 0.045176
21.094177 1.157012 24.649399 1.897801
0.484921 0.101057 -0.000335 -0.000054
0.101057 0.045098 -0.000054 -0.000028
-0.000335 -0.000054 0.484990 0.101075
-0.000054 -0.000028 0.101075 0.045106
21.604548 1.142778 25.597097 1.897548
0.482326 0.100761 -0.000242 -0.000038
0.100761 0.045064 -0.000038 -0.000022
-0.000242 -0.000038 0.482439 0.100787
-0.000038 -0.000022 0.100787 0.045074
22.132986 1.133782 26.441109 1.875610
0.480414 0.100597 -0.000179 -0.000029
0.100597 0.045050 -0.000029 -0.000018
-0.000179 -0.000029 0.480606 0.100638
-0.000029 -0.000018 0.100638 0.045062
22.029928 0.993204 27.931049 1.991462
0.479033 0.100522 -0.000145 -0.000025
0.100522 0.045045 -0.000025 -0.000016
-0.000145 -0.000025 0.479332 0.100582
-0.000025 -0.000016 0.100582 0.045060
22.476870 0.982765 29.244981 2.058352
0.478027 0.100496 -0.000115 -0.000021
0.100496 0.045042 -0.000021 -0.000014
-0.000115 -0.000021 0.478517 0.100591
-0.000021 -0.000014 0.100591 0.045063
23.626889 1.121441 30.357228 2.075842
0.477295 0.100494 -0.000113 -0.000023
0.100494 0.045037 -0.000023 -0.000013
-0.000113 -0.000023 0.478046 0.100638
-0.000023 -0.000013 0.100638 0.045066
24.189219 1.121781 31.646490 2.128812
0.476766 0.100505 -0.000182 -0.000038
0.100505 0.045029 -0.000038 -0.000014
-0.000182 -0.000038 0.477818 0.100701
-0.000038 -0.000014 0.100701 0.045067
24.331608 1.033474 32.169183 2.014554
0.476356 0.100513 -0.000286 -0.000059
0.100513 0.045016 -0.000059 -0.000017
-0.000286 -0.000059 0.477780 0.100772
-0.000059 -0.000017 0.100772 0.045066
25.487956 1.168523 32.680995 1.910004
0.476064 0.100521 -0.000380 -0.000075
0.100521 0.045001 -0.000075 -0.000019
-0.000380 -0.000075 0.477829 0.100835
-0.000075 -0.000019 0.100835 0.045060
25.817163 1.114639 33.505002 1.882347
0.475867 0.100530 -0.000541 -0.000104
0.100530 0.044986 -0.000104 -0.000024
-0.000541 -0.000104 0.477909 0.100881
-0.000104 -0.000024 0.100881 0.045050
25.841292 1.001963 34.488511 1.891266
0.475693 0.100527 -0.000706 -0.000132
0.100527 0.044967 -0.000132 -0.000028
-0.000706 -0.000132 0.478041 0.100921
-0.000132 -0.000028 0.100921 0.045039
26.967045 1.134031 35.603698 1.927095
0.475500 0.100507 -0.000852 -0.000154
0.100507 0.044947 -0.000154 -0.000031
-0.000852 -0.000154 0.478226 0.100959
-0.000154 -0.000031 0.100959 0.045029
27.517233 1.130478 36.621283 1.938500
0.475298 0.100477 -0.001090 -0.000194
0.100477 0.044925 -0.000194 -0.000038
-0.001090 -0.000194 0.478432 0.100991
-0.000194 -0.000038 0.100991 0.045020
28.154934 1.145803 37.652081 1.951498
0.475073 0.100437 -0.001353 -0.000237
0.100437 0.044904 -0.000237 -0.000046
-0.001353 -0.000237 0.478659 0.101022
-0.000237 -0.000046 0.101022 0.045012
28.543588 1.106911 39.096679 2.050402
0.474825 0.100390 -0.001652 -0.000285
0.100390 0.044882 -0.000285 -0.000054
-0.001652 -0.000285 0.478901 0.101050
-0.000285 -0.000054 0.101050 0.045005
29.518393 1.195968 39.934715 2.010991
0.474494 0.100325 -0.001973 -0.000336
0.100325 0.044859 -0.000336 -0.000063
-0.001973 -0.000336 0.479216 0.101091
-0.000336 -0.000063 0.101091 0.045003
29.786921 1.126300 40.916482 2.005918
0.474190 0.100267 -0.002363 -0.000399
0.100267 0.044840 -0.000399 -0.000075
-0.002363 -0.000399 0.479495 0.101121
-0.000399 -0.000075 0.101121 0.045000
30.288152 1.113203 41.907522 2.003389
0.473854 0.100204 -0.002731 -0.000455
0.100204 0.044821 -0.000455 -0.000085
-0.002731 -0.000455 0.479799 0.101156
-0.000455 -0.000085 0.101156 0.045000
31.267273 1.202600 43.034308 2.029884
0.473501 0.100140 -0.003116 -0.000512
0.100140 0.044804 -0.000512 -0.000095
-0.003116 -0.000512 0.480117 0.101194
-0.000512 -0.000095 0.101194 0.045002
31.900933 1.209385 43.883006 1.994866
0.473145 0.100078 -0.003592 -0.000587
0.100078 0.044788 -0.000588 -0.000109
-0.003592 -0.000588 0.480441 0.101232
-0.000587 -0.000109 0.101232 0.045006
32.412247 1.189693 45.031130 2.026570
0.472802 0.100021 -0.004085 -0.000663
0.100021 0.044774 -0.000663 -0.000124
-0.004085 -0.000663 0.480754 0.101269
-0.000663 -0.000124 0.101269 0.045010
33.274733 1.246283 45.962191 2.009383
0.472419 0.099957 -0.004595 -0.000740
0.099957 0.044759 -0.000741 -0.000138
-0.004595 -0.000741 0.481115 0.101316
-0.000740 -0.000138 0.101316 0.045017
34.412721 1.354924 46.389454 1.888099
0.472060 0.099900 -0.005165 -0.000828
0.099900 0.044746 -0.000828 -0.000155
-0.005165 -0.000828 0.481462 0.101361
-0.000828 -0.000155 0.101361 0.045025
35.274654 1.394310 47.875167 2.002221
0.471824 0.099871 -0.005796 -0.000926
0.099871 0.044740 -0.000926 -0.000174
-0.005796 -0.000926 0.481693 0.101381
-0.000926 -0.000174 0.101381 0.045028
35.377622 1.268354 48.656247 1.955502
0.471501 0.099821 -0.006521 -0.001040
0.099821 0.044728 -0.001041 -0.000197
-0.006521 -0.001041 0.482030 0.101427
-0.001040 -0.000197 0.101427 0.045037
