33.641771 0.733765 49.536537 2.126017
0.556574 0.117189 -0.042035 -0.007017
0.117189 0.047751 -0.007532 -0.001611
-0.042035 -0.007532 0.422648 0.089011
-0.007017 -0.001611 0.089011 0.043115
30.060616 -0.087717 50.206864 2.025607
0.574800 0.119219 -0.043128 -0.006871
0.119219 0.047958 -0.007387 -0.001502
-0.043128 -0.007387 0.413079 0.088326
-0.006871 -0.001502 0.088326 0.043086
26.338377 -0.848689 49.455797 1.624815
0.579864 0.118587 -0.037458 -0.005365
0.118587 0.047672 -0.005888 -0.001137
-0.037458 -0.005888 0.409643 0.088816
-0.005365 -0.001137 0.088816 0.043251
22.576095 -1.534996 47.925163 1.093508
0.570605 0.115364 -0.029066 -0.003501
0.115364 0.046953 -0.004000 -0.000741
-0.029066 -0.004000 0.413404 0.090623
-0.003501 -0.000741 0.090623 0.043638
20.087475 -1.891396 46.037123 0.547175
0.551620 0.110713 -0.021420 -0.002030
0.110713 0.046060 -0.002447 -0.000460
-0.021420 -0.002447 0.423369 0.093427
-0.002030 -0.000460 0.093427 0.044170
17.969091 -2.138111 43.329323 -0.117623
0.527667 0.105656 -0.015398 -0.001059
0.105656 0.045188 -0.001355 -0.000298
-0.015398 -0.001355 0.438199 0.096876
-0.001059 -0.000298 0.096876 0.044775
16.147372 -2.300761 39.872395 -0.869998
0.499029 0.100200 -0.008916 -0.000055
0.100200 0.044307 -0.000239 -0.000131
-0.008916 -0.000239 0.459384 0.101288
-0.000055 -0.000131 0.101288 0.045539
14.911465 -2.328612 35.510875 -1.729920
0.471387 0.095436 0.005080 0.002556
0.095436 0.043612 0.002329 0.000359
0.005080 0.002329 0.484698 0.106134
0.002556 0.000359 0.106134 0.046350
14.219935 -2.238303 30.466378 -2.634112
0.461971 0.094715 0.026725 0.006656
0.094715 0.043746 0.006259 0.001127
0.026725 0.006259 0.497166 0.107712
0.006656 0.001127 0.107712 0.046410
12.014547 -2.462924 25.400609 -3.437330
0.469936 0.097485 0.036972 0.007962
0.097485 0.044523 0.007575 0.001286
0.036972 0.007575 0.490320 0.105049
0.007962 0.001286 0.105049 0.045600
9.953111 -2.630323 20.569998 -4.097974
0.484947 0.101358 0.032225 0.006034
0.101358 0.045421 0.005799 0.000805
0.032225 0.005799 0.473329 0.100644
0.006034 0.000805 0.100644 0.044551
8.915706 -2.567373 17.027523 -4.415757
0.499857 0.104787 0.016465 0.002072
0.104787 0.046128 0.002017 -0.000025
0.016465 0.002017 0.456915 0.096933
0.002072 -0.000025 0.096933 0.043782
8.295373 -2.427069 14.412908 -4.504221
0.513721 0.107626 -0.004013 -0.002413
0.107626 0.046643 -0.002314 -0.000877
-0.004013 -0.002314 0.444934 0.094579
-0.002413 -0.000877 0.094579 0.043377
7.672730 -2.303880 12.207452 -4.495616
0.527026 0.110044 -0.026384 -0.006831
0.110044 0.047030 -0.006599 -0.001648
-0.026384 -0.006599 0.437699 0.093439
-0.006831 -0.001648 0.093439 0.043249
7.921216 -2.014507 11.529098 -4.160120
0.540517 0.112252 -0.049241 -0.010949
0.112252 0.047350 -0.010596 -0.002312
-0.049241 -0.010596 0.434507 0.093199
-0.010949 -0.002312 0.093199 0.043296
8.350052 -1.716497 10.591274 -3.911814
0.550626 0.113549 -0.071634 -0.014650
0.113549 0.047470 -0.014173 -0.002868
-0.071634 -0.014173 0.436988 0.094101
-0.014650 -0.002868 0.094101 0.043550
8.769984 -1.449173 9.838786 -3.646058
0.553227 0.113200 -0.094771 -0.018312
0.113200 0.047260 -0.017636 -0.003408
-0.094771 -0.017636 0.448013 0.096653
-0.018312 -0.003408 0.096653 0.044107
9.996943 -1.037168 9.816287 -3.241792
0.547292 0.111190 -0.114753 -0.021166
0.111190 0.046751 -0.020207 -0.003781
-0.114753 -0.020207 0.466352 0.100462
-0.021166 -0.003781 0.100462 0.044867
11.338799 -0.634610 10.384496 -2.748839
0.533358 0.107849 -0.125783 -0.022093
0.107849 0.046043 -0.020844 -0.003781
-0.125783 -0.020844 0.487181 0.104452
-0.022093 -0.003781 0.104452 0.045604
12.271458 -0.358946 10.521150 -2.407148
0.519091 0.104866 -0.128731 -0.021426
0.104866 0.045486 -0.020009 -0.003527
-0.128731 -0.020009 0.503721 0.107205
-0.021426 -0.003527 0.107205 0.046036
13.778490 0.011011 10.817509 -2.061347
0.504937 0.102238 -0.126656 -0.019975
0.102238 0.045046 -0.018458 -0.003196
-0.126656 -0.018458 0.517028 0.109109
-0.019975 -0.003196 0.109109 0.046284
14.740045 0.246766 12.087404 -1.556926
0.490152 0.099761 -0.118841 -0.017655
0.099761 0.044664 -0.016092 -0.002761
-0.118841 -0.016092 0.526789 0.110243
-0.017655 -0.002761 0.110243 0.046396
15.547868 0.424295 13.342502 -1.116923
0.480221 0.098478 -0.108690 -0.015153
0.098478 0.044533 -0.013709 -0.002370
-0.108690 -0.013709 0.529714 0.109970
-0.015153 -0.002370 0.109970 0.046245
16.231251 0.559288 14.888988 -0.668896
0.473888 0.097987 -0.096862 -0.012601
0.097987 0.044546 -0.011368 -0.002020
-0.096862 -0.011368 0.527405 0.108779
-0.012601 -0.002020 0.108779 0.045957
16.682790 0.629214 16.582391 -0.244686
0.470934 0.098155 -0.083764 -0.010051
0.098155 0.044664 -0.009081 -0.001700
-0.083764 -0.009081 0.520621 0.106911
-0.010051 -0.001700 0.106911 0.045588
17.262339 0.708572 17.945846 0.066716
0.470972 0.098830 -0.070185 -0.007629
0.098830 0.044850 -0.006932 -0.001415
-0.070185 -0.006932 0.510886 0.104712
-0.007629 -0.001415 0.104712 0.045204
18.516754 0.919600 19.364528 0.364900
0.472268 0.099594 -0.056922 -0.005472
0.099594 0.045017 -0.004987 -0.001172
-0.056922 -0.004987 0.501151 0.102777
-0.005472 -0.001172 0.102777 0.044915
19.742323 1.099187 20.878992 0.649166
0.473323 0.100142 -0.043725 -0.003483
0.100142 0.045110 -0.003125 -0.000938
-0.043725 -0.003125 0.493116 0.101397
-0.003483 -0.000938 0.101397 0.044760
20.945319 1.254641 22.751172 0.976113
0.474272 0.100530 -0.031690 -0.001833
0.100530 0.045152 -0.001551 -0.000749
-0.031690 -0.001551 0.486999 0.100518
-0.001833 -0.000749 0.100518 0.044707
21.289289 1.203693 24.305567 1.195218
0.474846 0.100728 -0.021731 -0.000656
0.100728 0.045143 -0.000419 -0.000628
-0.021731 -0.000419 0.482988 0.100107
-0.000656 -0.000628 0.100107 0.044733
22.062105 1.247970 26.080126 1.441434
0.474642 0.100688 -0.014238 0.000026
0.100688 0.045083 0.000236 -0.000576
-0.014238 0.000236 0.481089 0.100113
0.000026 -0.000576 0.100113 0.044822
22.943037 1.307517 27.804200 1.652221
0.472734 0.100255 -0.009561 0.000189
0.100255 0.044945 0.000387 -0.000597
-0.009561 0.000387 0.481856 0.100614
0.000189 -0.000597 0.100614 0.044986
23.701176 1.332635 29.477698 1.829963
0.468936 0.099440 -0.008025 -0.000186
0.099440 0.044740 0.000002 -0.000693
-0.008025 0.000002 0.485257 0.101568
-0.000186 -0.000693 0.101568 0.045214
24.915645 1.449548 30.641365 1.883221
0.463406 0.098320 -0.009245 -0.000975
0.098320 0.044489 -0.000801 -0.000840
-0.009245 -0.000801 0.491138 0.102913
-0.000975 -0.000840 0.102913 0.045495
25.253343 1.368412 32.280363 2.028803
0.457905 0.097292 -0.013749 -0.002264
0.097292 0.044276 -0.002119 -0.001061
-0.013749 -0.002119 0.497835 0.104278
-0.002264 -0.001061 0.104278 0.045753
26.070322 1.396404 33.074618 1.982895
0.450999 0.096037 -0.018755 -0.003449
0.096037 0.044026 -0.003332 -0.001230
-0.018755 -0.003332 0.507045 0.106037
-0.003449 -0.001230 0.106037 0.046074
27.104451 1.468657 34.413023 2.055626
0.445234 0.095103 -0.024947 -0.004710
0.095103 0.043855 -0.004628 -0.001399
-0.024947 -0.004628 0.515962 0.107578
-0.004710 -0.001399 0.107578 0.046329
27.542156 1.405762 35.859860 2.142242
0.439725 0.094256 -0.032257 -0.006051
0.094256 0.043701 -0.006009 -0.001576
-0.032257 -0.006009 0.525855 0.109202
-0.006051 -0.001576 0.109202 0.046593
28.323901 1.422545 36.846021 2.124839
0.433969 0.093376 -0.037805 -0.006895
0.093376 0.043536 -0.006870 -0.001642
-0.037805 -0.006870 0.536648 0.110903
-0.006895 -0.001642 0.110903 0.046869
29.573868 1.539071 37.901981 2.125073
0.429154 0.092714 -0.042474 -0.007493
0.092714 0.043414 -0.007478 -0.001667
-0.042474 -0.007478 0.546630 0.112336
-0.007493 -0.001667 0.112336 0.047086
30.421658 1.556877 39.167649 2.166923
0.425284 0.092246 -0.046371 -0.007908
0.092246 0.043324 -0.007895 -0.001669
-0.046371 -0.007895 0.555495 0.113480
-0.007908 -0.001669 0.113480 0.047249
31.197260 1.556835 40.373754 2.191864
0.422318 0.091960 -0.046535 -0.007563
0.091960 0.043267 -0.007513 -0.001526
-0.046535 -0.007513 0.561436 0.114023
-0.007563 -0.001526 0.114023 0.047303
31.510554 1.456055 41.680979 2.232247
0.421361 0.092089 -0.042528 -0.006446
0.092089 0.043292 -0.006332 -0.001249
-0.042528 -0.006332 0.561933 0.113528
-0.006446 -0.001249 0.113528 0.047172
32.234200 1.454048 42.610817 2.194669
0.424115 0.092971 -0.034944 -0.004738
0.092971 0.043469 -0.004565 -0.000887
-0.034944 -0.004565 0.554561 0.111607
-0.004738 -0.000887 0.111607 0.046791
32.860271 1.432541 43.833070 2.219261
0.430669 0.094546 -0.026712 -0.003068
0.094546 0.043774 -0.002883 -0.000574
-0.026712 -0.002883 0.541384 0.108780
-0.003068 -0.000574 0.108780 0.046275
33.629887 1.442527 44.604222 2.151377
0.443025 0.097191 -0.019457 -0.001728
0.097191 0.044282 -0.001611 -0.000361
-0.019457 -0.001611 0.521292 0.104859
-0.001728 -0.000361 0.104859 0.045583
34.494505 1.474854 45.897074 2.195905
0.459295 0.100397 -0.014963 -0.001043
0.100397 0.044870 -0.001043 -0.000297
-0.014963 -0.001043 0.499238 0.100878
-0.001043 -0.000297 0.100878 0.044921
35.191365 1.464152 46.493559 2.093582
0.482292 0.104737 -0.015827 -0.001465
0.104737 0.045664 -0.001655 -0.000462
-0.015827 -0.001655 0.474065 0.096533
-0.001465 -0.000462 0.096533 0.044204
36.015709 1.484477 47.685520 2.123790
0.506913 0.109023 -0.020314 -0.002569
0.109023 0.046401 -0.002910 -0.000736
-0.020314 -0.002910 0.452372 0.093152
-0.002569 -0.000736 0.093152 0.043692
36.370051 1.399927 48.058437 1.978691
0.535480 0.113785 -0.030702 -0.004778
0.113785 0.047208 -0.005235 -0.001205
-0.030702 -0.005235 0.433096 0.090372
-0.004778 -0.001205 0.090372 0.043282
