32.914543 0.503635 49.256434 2.040296
0.560637 0.117195 -0.038624 -0.006451
0.117195 0.047696 -0.006850 -0.001523
-0.038624 -0.006850 0.419417 0.089068
-0.006451 -0.001523 0.089068 0.043146
28.806854 -0.398834 49.513694 1.859158
0.573095 0.118156 -0.037715 -0.005947
0.118156 0.047718 -0.006345 -0.001342
-0.037715 -0.006345 0.412757 0.088863
-0.005947 -0.001342 0.088863 0.043185
24.956586 -1.151712 48.230050 1.360554
0.570747 0.116233 -0.031039 -0.004318
0.116233 0.047216 -0.004721 -0.000957
-0.031039 -0.004721 0.413161 0.090015
-0.004318 -0.000957 0.090015 0.043462
21.889523 -1.665596 46.205087 0.754583
0.554893 0.111991 -0.023419 -0.002709
0.111991 0.046347 -0.003067 -0.000616
-0.023419 -0.003067 0.421214 0.092541
-0.002709 -0.000616 0.092541 0.043973
18.585485 -2.173103 43.725281 0.113838
0.530928 0.106697 -0.017168 -0.001582
0.106697 0.045377 -0.001838 -0.000401
-0.017168 -0.001838 0.435734 0.096082
-0.001582 -0.000401 0.096082 0.044632
16.300957 -2.424031 40.786325 -0.550629
0.503183 0.101236 -0.011039 -0.000573
0.101236 0.044464 -0.000728 -0.000221
-0.011039 -0.000728 0.455768 0.100373
-0.000573 -0.000221 0.100373 0.045390
14.857048 -2.480796 36.898671 -1.342331
0.475185 0.096241 0.000424 0.001550
0.096241 0.043703 0.001389 0.000180
0.000424 0.001389 0.480481 0.105212
0.001550 0.000180 0.105212 0.046213
13.690782 -2.473511 31.867191 -2.287427
0.460313 0.094304 0.022498 0.005840
0.094304 0.043583 0.005509 0.001001
0.022498 0.005509 0.498135 0.108035
0.005840 0.001001 0.108035 0.046554
11.764576 -2.617289 26.328665 -3.229992
0.467683 0.096976 0.037786 0.008306
0.096976 0.044360 0.007927 0.001403
0.037786 0.007927 0.493045 0.105727
0.008306 0.001403 0.105727 0.045801
10.222771 -2.660425 21.422602 -3.929998
0.483591 0.101066 0.035420 0.006836
0.101066 0.045319 0.006595 0.000998
0.035420 0.006595 0.475481 0.101132
0.006836 0.000998 0.101132 0.044687
8.399356 -2.756906 17.174366 -4.413233
0.498594 0.104523 0.021063 0.003082
0.104523 0.046041 0.003017 0.000190
0.021063 0.003017 0.458627 0.097283
0.003082 0.000190 0.097283 0.043875
7.873075 -2.576631 14.470312 -4.521647
0.513359 0.107565 0.001263 -0.001365
0.107565 0.046608 -0.001266 -0.000673
0.001263 -0.001266 0.445168 0.094592
-0.001365 -0.000673 0.094592 0.043390
7.601095 -2.366577 12.944734 -4.367471
0.527539 0.110166 -0.020290 -0.005706
0.110166 0.047037 -0.005467 -0.001440
-0.020290 -0.005467 0.436395 0.093138
-0.005706 -0.001440 0.093138 0.043196
7.388216 -2.166540 11.778350 -4.150513
0.541057 0.112366 -0.041110 -0.009481
0.112366 0.047356 -0.009125 -0.002042
-0.041110 -0.009125 0.431760 0.092634
-0.009481 -0.002042 0.092634 0.043192
7.280671 -1.964642 10.609151 -3.954396
0.553628 0.114171 -0.060743 -0.012701
0.114171 0.047585 -0.012242 -0.002511
-0.060743 -0.012242 0.430523 0.092809
-0.012701 -0.002511 0.092809 0.043301
8.120120 -1.586655 10.089904 -3.632699
0.564359 0.115460 -0.080863 -0.015829
0.115460 0.047709 -0.015248 -0.002962
-0.080863 -0.015248 0.433303 0.093726
-0.015829 -0.002962 0.093726 0.043528
9.445561 -1.145712 9.842293 -3.279138
0.563938 0.114387 -0.103161 -0.019335
0.114387 0.047362 -0.018479 -0.003489
-0.103161 -0.018479 0.446821 0.096770
-0.019335 -0.003489 0.096770 0.044166
10.196423 -0.862074 9.899191 -2.897902
0.549566 0.110690 -0.118701 -0.021329
0.110690 0.046544 -0.020105 -0.003702
-0.118701 -0.020105 0.468483 0.101248
-0.021329 -0.003702 0.101248 0.045049
11.839477 -0.422185 10.021230 -2.533193
0.534520 0.107319 -0.127591 -0.021914
0.107319 0.045885 -0.020414 -0.003672
-0.127591 -0.020414 0.488673 0.104975
-0.021914 -0.003672 0.104975 0.045699
13.031416 -0.105299 10.950508 -2.039355
0.515428 0.103562 -0.127287 -0.020734
0.103562 0.045219 -0.019034 -0.003345
-0.127287 -0.019034 0.506794 0.108009
-0.020734 -0.003345 0.108009 0.046180
14.201051 0.176144 11.865846 -1.605817
0.500728 0.101086 -0.122315 -0.018821
0.101086 0.044858 -0.017110 -0.002964
-0.122315 -0.017110 0.518087 0.109400
-0.018821 -0.002964 0.109400 0.046307
14.772916 0.296280 12.259812 -1.343568
0.488873 0.099412 -0.113462 -0.016410
0.099412 0.044668 -0.014807 -0.002560
-0.113462 -0.014807 0.523686 0.109607
-0.016410 -0.002560 0.109607 0.046221
15.483460 0.443607 13.346590 -0.963712
0.479685 0.098349 -0.103994 -0.014203
0.098349 0.044581 -0.012744 -0.002252
-0.103994 -0.012744 0.526332 0.109304
-0.014203 -0.002252 0.109304 0.046077
16.853881 0.719061 14.886033 -0.522633
0.473787 0.097975 -0.093225 -0.011979
0.097975 0.044609 -0.010736 -0.001976
-0.093225 -0.010736 0.524452 0.108231
-0.011979 -0.001976 0.108231 0.045824
17.435872 0.788092 15.980483 -0.237407
0.469589 0.097916 -0.079451 -0.009370
0.097916 0.044675 -0.008352 -0.001634
-0.079451 -0.008352 0.518903 0.106662
-0.009370 -0.001634 0.106662 0.045530
18.176748 0.891418 17.826438 0.174160
0.467755 0.098225 -0.066286 -0.007116
0.098225 0.044780 -0.006309 -0.001371
-0.066286 -0.006309 0.511958 0.105036
-0.007116 -0.001371 0.105036 0.045266
19.302541 1.059581 19.629559 0.537225
0.468280 0.098892 -0.052850 -0.004959
0.098892 0.044929 -0.004353 -0.001118
-0.052850 -0.004353 0.503303 0.103275
-0.004959 -0.001118 0.103275 0.045006
20.088076 1.128627 21.115684 0.791477
0.469666 0.099571 -0.039705 -0.002994
0.099571 0.045051 -0.002532 -0.000881
-0.039705 -0.002532 0.495256 0.101831
-0.002994 -0.000881 0.101831 0.044831
20.629256 1.139793 23.111421 1.122171
0.471409 0.100157 -0.028409 -0.001499
0.100157 0.045128 -0.001136 -0.000717
-0.028409 -0.001136 0.488827 0.100835
-0.001499 -0.000717 0.100835 0.044748
22.070241 1.335908 24.980719 1.399937
0.472749 0.100523 -0.019094 -0.000438
0.100523 0.045146 -0.000139 -0.000611
-0.019094 -0.000139 0.484419 0.100309
-0.000438 -0.000611 0.100309 0.044751
23.053835 1.405736 26.109339 1.490894
0.472537 0.100463 -0.013005 -0.000023
0.100463 0.045068 0.000239 -0.000604
-0.013005 0.000239 0.482915 0.100379
-0.000023 -0.000604 0.100379 0.044855
24.574388 1.582588 27.514966 1.631969
0.471434 0.100183 -0.010114 -0.000177
0.100183 0.044953 0.000051 -0.000679
-0.010114 0.000051 0.483138 0.100749
-0.000177 -0.000679 0.100749 0.044993
24.763590 1.456295 28.844565 1.737662
0.469578 0.099746 -0.011392 -0.001056
0.099746 0.044816 -0.000865 -0.000868
-0.011392 -0.000865 0.484810 0.101337
-0.001056 -0.000868 0.101337 0.045150
25.451462 1.450011 30.704705 1.945157
0.466013 0.098982 -0.013957 -0.002007
0.098982 0.044626 -0.001844 -0.001030
-0.013957 -0.001844 0.488739 0.102312
-0.002007 -0.001030 0.102312 0.045364
25.879072 1.387357 31.997409 2.011769
0.460403 0.097844 -0.018790 -0.003250
0.097844 0.044373 -0.003113 -0.001225
-0.018790 -0.003113 0.495701 0.103804
-0.003250 -0.001225 0.103804 0.045663
26.775718 1.431317 33.448709 2.105253
0.454110 0.096653 -0.024222 -0.004431
0.096653 0.044128 -0.004318 -0.001383
-0.024222 -0.004318 0.504319 0.105490
-0.004431 -0.001383 0.105490 0.045976
27.774238 1.492448 34.897799 2.188472
0.447640 0.095505 -0.030980 -0.005735
0.095505 0.043905 -0.005646 -0.001556
-0.030980 -0.005646 0.514444 0.107333
-0.005735 -0.001556 0.107333 0.046300
28.192130 1.423231 36.460401 2.285176
0.441344 0.094455 -0.038309 -0.007017
0.094455 0.043708 -0.006950 -0.001718
-0.038309 -0.006950 0.525735 0.109261
-0.007017 -0.001718 0.109261 0.046625
28.214563 1.275784 37.861998 2.336794
0.434799 0.093400 -0.043066 -0.007652
0.093400 0.043512 -0.007580 -0.001740
-0.043066 -0.007580 0.537646 0.111178
-0.007652 -0.001740 0.111178 0.046938
28.795303 1.263465 39.038998 2.338353
0.428922 0.092535 -0.043900 -0.007447
0.092535 0.043357 -0.007335 -0.001599
-0.043900 -0.007335 0.547781 0.112619
-0.007447 -0.001599 0.112619 0.047149
29.720886 1.325109 39.734277 2.242642
0.424709 0.092048 -0.042482 -0.006835
0.092048 0.043278 -0.006677 -0.001404
-0.042482 -0.006677 0.554761 0.113363
-0.006835 -0.001404 0.113363 0.047227
30.196873 1.284274 40.829263 2.236379
0.422133 0.091889 -0.040385 -0.006176
0.091889 0.043257 -0.005984 -0.001231
-0.040385 -0.005984 0.558934 0.113561
-0.006176 -0.001231 0.113561 0.047213
30.776250 1.266472 41.184346 2.081529
0.421921 0.092200 -0.035678 -0.005072
0.092200 0.043324 -0.004845 -0.000991
-0.035678 -0.004845 0.557985 0.112811
-0.005072 -0.000991 0.112811 0.047036
31.428224 1.270961 42.295725 2.095871
0.422725 0.092631 -0.031150 -0.004127
0.092631 0.043397 -0.003882 -0.000812
-0.031150 -0.003882 0.555407 0.111893
-0.004127 -0.000812 0.111893 0.046862
32.568590 1.382255 43.404196 2.110531
0.427178 0.093774 -0.024780 -0.002892
0.093774 0.043612 -0.002646 -0.000588
-0.024780 -0.002646 0.546274 0.109825
-0.002892 -0.000588 0.109825 0.046486
33.269273 1.386473 44.909399 2.201110
0.437200 0.095985 -0.018088 -0.001679
0.095985 0.044039 -0.001483 -0.000388
-0.018088 -0.001483 0.529231 0.106411
-0.001679 -0.000388 0.106411 0.045877
33.870835 1.365698 45.842397 2.166940
0.454688 0.099573 -0.014061 -0.001071
0.099573 0.044729 -0.001012 -0.000331
-0.014061 -0.001012 0.504709 0.101800
-0.001071 -0.000331 0.101800 0.045068
34.273369 1.303056 46.463815 2.072122
0.475643 0.103545 -0.013546 -0.001198
0.103545 0.045450 -0.001295 -0.000419
-0.013546 -0.001295 0.480469 0.097600
-0.001198 -0.000419 0.097600 0.044382
35.372102 1.399342 47.415404 2.056024
0.497213 0.107281 -0.015465 -0.001786
0.107281 0.046080 -0.002003 -0.000578
-0.015465 -0.002003 0.459808 0.094388
-0.001786 -0.000578 0.094388 0.043907
35.720478 1.324928 48.674936 2.103285
0.523470 0.111708 -0.023220 -0.003500
0.111708 0.046835 -0.003834 -0.000949
-0.023220 -0.003834 0.439918 0.091439
-0.003500 -0.000949 0.091439 0.043464
