4.212510 2.647135 2.850409 0.248141
2.490737 0.996316 -0.101026 -0.040411
0.996316 80.402602 -0.040411 -0.016165
-0.101026 -0.040411 2.420540 0.968237
-0.040411 -0.016165 0.968237 80.391370
5.484898 2.565882 3.904344 1.877494
2.251747 3.932254 -0.086139 -0.131267
3.932254 15.315233 -0.130541 -0.486204
-0.086139 -0.130541 2.274834 3.986417
-0.131267 -0.486204 3.986417 15.231305
5.770649 1.406949 2.346734 -1.000826
1.996009 2.310538 -0.069617 -0.077072
2.310538 4.577175 -0.076931 -0.158941
-0.069617 -0.076931 2.011271 2.317632
-0.077072 -0.158941 2.317632 4.536161
6.386470 1.333169 3.060082 0.018233
1.703522 1.437620 -0.067113 -0.056373
1.437620 1.913089 -0.056364 -0.074903
-0.067113 -0.056364 1.729785 1.452304
-0.056373 -0.074903 1.452304 1.909344
7.012218 1.306215 3.945644 0.594946
1.472357 0.974329 -0.056728 -0.037430
0.974329 0.977690 -0.037421 -0.037697
-0.056728 -0.037421 1.494380 0.983322
-0.037430 -0.037697 0.983322 0.976738
10.555902 2.878957 4.687799 0.835292
1.292103 0.703016 -0.046971 -0.025528
0.703016 0.568418 -0.025515 -0.020990
-0.046971 -0.025515 1.308875 0.708186
-0.025528 -0.020990 0.708186 0.567956
9.585765 1.764720 5.072188 0.820287
1.146111 0.529978 -0.034903 -0.016196
0.529978 0.361402 -0.016173 -0.011809
-0.034903 -0.016173 1.165491 0.536157
-0.016196 -0.011809 0.536157 0.362605
10.352171 1.717739 7.016474 1.435350
1.031574 0.415657 -0.029689 -0.012157
0.415657 0.247024 -0.012140 -0.007752
-0.029689 -0.012140 1.048365 0.420295
-0.012157 -0.007752 0.420295 0.247969
10.330693 1.402406 8.375372 1.664070
0.939266 0.336289 -0.024544 -0.009016
0.336289 0.178938 -0.009001 -0.005193
-0.024544 -0.009001 0.951786 0.339126
-0.009016 -0.005193 0.339126 0.179426
10.352506 1.182479 10.313320 2.020234
0.863418 0.279158 -0.020739 -0.006934
0.279158 0.136135 -0.006920 -0.003644
-0.020739 -0.006920 0.871763 0.280601
-0.006934 -0.003644 0.280601 0.136309
10.136770 0.943699 10.765229 1.855847
0.800459 0.236987 -0.017451 -0.005369
0.236987 0.108127 -0.005357 -0.002614
-0.017451 -0.005357 0.804707 0.237308
-0.005369 -0.002614 0.237308 0.108074
9.789121 0.718787 11.568512 1.821944
0.747201 0.205097 -0.015221 -0.004344
0.205097 0.089191 -0.004334 -0.001956
-0.015221 -0.004334 0.748732 0.204848
-0.004344 -0.001956 0.204848 0.089067
11.618105 1.096982 12.696705 1.877446
0.702153 0.180715 -0.013507 -0.003593
0.180715 0.076116 -0.003586 -0.001500
-0.013507 -0.003586 0.701479 0.180087
-0.003593 -0.001500 0.180087 0.075956
12.876859 1.270215 13.145031 1.758003
0.663352 0.161754 -0.011514 -0.002869
0.161754 0.066907 -0.002863 -0.001136
-0.011514 -0.002863 0.661988 0.161142
-0.002869 -0.001136 0.161142 0.066795
13.635818 1.299100 14.302018 1.822774
0.630102 0.146974 -0.009771 -0.002292
0.146974 0.060365 -0.002287 -0.000868
-0.009771 -0.002287 0.628797 0.146519
-0.002292 -0.000868 0.146519 0.060315
15.054520 1.472221 14.994269 1.773505
0.601932 0.135492 -0.008204 -0.001818
0.135492 0.055705 -0.001814 -0.000666
-0.008204 -0.001814 0.600640 0.135139
-0.001818 -0.000666 0.135139 0.055688
15.499839 1.408489 15.297244 1.645660
0.577976 0.126544 -0.006794 -0.001427
0.126544 0.052374 -0.001423 -0.000511
-0.006794 -0.001423 0.576980 0.126326
-0.001427 -0.000511 0.126326 0.052388
15.341854 1.223736 17.111831 1.858281
0.557809 0.119622 -0.005688 -0.001136
0.119622 0.050006 -0.001134 -0.000400
-0.005688 -0.001134 0.557096 0.119507
-0.001136 -0.000400 0.119507 0.050038
16.334946 1.304283 17.994841 1.848598
0.541140 0.114346 -0.004696 -0.000893
0.114346 0.048344 -0.000891 -0.000312
-0.004696 -0.000891 0.540286 0.114224
-0.000893 -0.000312 0.114224 0.048368
16.863352 1.278419 19.044077 1.874732
0.527265 0.110324 -0.003815 -0.000690
0.110324 0.047183 -0.000689 -0.000243
-0.003815 -0.000689 0.526406 0.110217
-0.000690 -0.000243 0.110217 0.047204
17.729159 1.325528 19.862092 1.849935
0.515874 0.107307 -0.003051 -0.000525
0.107307 0.046388 -0.000524 -0.000189
-0.003051 -0.000524 0.515012 0.107210
-0.000525 -0.000189 0.107210 0.046404
17.864646 1.216240 21.167437 1.928788
0.506595 0.105077 -0.002399 -0.000392
0.105077 0.045856 -0.000392 -0.000148
-0.002399 -0.000392 0.505801 0.105000
-0.000392 -0.000148 0.105000 0.045869
18.399664 1.201144 22.428113 1.990242
0.499177 0.103474 -0.001831 -0.000284
0.103474 0.045511 -0.000283 -0.000115
-0.001831 -0.000283 0.498411 0.103402
-0.000284 -0.000115 0.103402 0.045521
18.864981 1.173107 23.569504 2.020591
0.493293 0.102344 -0.001340 -0.000195
0.102344 0.045297 -0.000195 -0.000089
-0.001340 -0.000195 0.492611 0.102288
-0.000195 -0.000089 0.102288 0.045304
19.475369 1.178043 24.452209 1.994054
0.488688 0.101573 -0.000929 -0.000125
0.101573 0.045169 -0.000125 -0.000069
-0.000929 -0.000125 0.488149 0.101542
-0.000125 -0.000069 0.101542 0.045177
20.234678 1.213476 25.047217 1.910259
0.485134 0.101067 -0.000608 -0.000075
0.101067 0.045098 -0.000075 -0.000054
-0.000608 -0.000075 0.484799 0.101071
-0.000075 -0.000054 0.101071 0.045109
21.013145 1.249343 26.032950 1.916667
0.482441 0.100755 -0.000383 -0.000045
0.100755 0.045063 -0.000045 -0.000043
-0.000383 -0.000045 0.482342 0.100797
-0.000045 -0.000043 0.100797 0.045077
21.368953 1.193042 26.639836 1.843045
0.480418 0.100574 -0.000240 -0.000030
0.100574 0.045046 -0.000030 -0.000037
-0.000240 -0.000030 0.480617 0.100664
-0.000030 -0.000037 0.100664 0.045067
22.530975 1.311699 28.114772 1.959202
0.478941 0.100486 -0.000150 -0.000023
0.100486 0.045040 -0.000023 -0.000032
-0.000150 -0.000023 0.479437 0.100621
-0.000023 -0.000032 0.100621 0.045066
22.544079 1.176587 28.956697 1.930259
0.477813 0.100441 -0.000172 -0.000037
0.100441 0.045034 -0.000037 -0.000031
-0.000172 -0.000037 0.478742 0.100648
-0.000037 -0.000031 0.100648 0.045072
23.007232 1.150236 30.213500 1.991664
0.476976 0.100426 -0.000198 -0.000047
0.100426 0.045027 -0.000047 -0.000030
-0.000198 -0.000047 0.478375 0.100708
-0.000047 -0.000030 0.100708 0.045077
23.394574 1.110650 31.155950 1.980418
0.476300 0.100414 -0.000277 -0.000066
0.100414 0.045014 -0.000066 -0.000030
-0.000277 -0.000066 0.478293 0.100794
-0.000066 -0.000030 0.100794 0.045082
24.445937 1.215336 31.823033 1.912270
0.475753 0.100402 -0.000395 -0.000089
0.100402 0.044998 -0.000089 -0.000032
-0.000395 -0.000089 0.478393 0.100885
-0.000089 -0.000032 0.100885 0.045084
24.430745 1.083784 33.346689 2.032002
0.475338 0.100394 -0.000631 -0.000134
0.100394 0.044980 -0.000134 -0.000038
-0.000631 -0.000134 0.478567 0.100964
-0.000134 -0.000038 0.100964 0.045081
25.125647 1.116118 34.284227 2.015448
0.474853 0.100351 -0.000853 -0.000171
0.100351 0.044954 -0.000172 -0.000042
-0.000853 -0.000172 0.478942 0.101063
-0.000171 -0.000042 0.101063 0.045082
26.160090 1.216830 35.100357 1.975040
0.474396 0.100300 -0.001156 -0.000223
0.100300 0.044927 -0.000223 -0.000050
-0.001156 -0.000223 0.479364 0.101152
-0.000223 -0.000050 0.101152 0.045080
26.915837 1.248020 36.452855 2.052054
0.473988 0.100250 -0.001591 -0.000299
0.100250 0.044901 -0.000299 -0.000062
-0.001591 -0.000299 0.479776 0.101222
-0.000299 -0.000062 0.101222 0.045076
27.262922 1.189444 37.572153 2.071693
0.473502 0.100175 -0.002130 -0.000391
0.100175 0.044871 -0.000392 -0.000078
-0.002130 -0.000392 0.480283 0.101302
-0.000391 -0.000078 0.101302 0.045076
28.288065 1.280512 38.519546 2.053120
0.472954 0.100084 -0.002670 -0.000478
0.100084 0.044839 -0.000478 -0.000092
-0.002670 -0.000478 0.480857 0.101388
-0.000478 -0.000092 0.101388 0.045078
29.138047 1.324905 39.546958 2.053352
0.472434 0.099998 -0.003349 -0.000589
0.099998 0.044811 -0.000590 -0.000112
-0.003349 -0.000590 0.481401 0.101460
-0.000589 -0.000112 0.101460 0.045079
29.856064 1.336671 40.579070 2.054515
0.471906 0.099910 -0.004126 -0.000715
0.099910 0.044784 -0.000717 -0.000135
-0.004126 -0.000717 0.481949 0.101529
-0.000715 -0.000135 0.101529 0.045082
30.612203 1.355264 41.603131 2.053879
0.471358 0.099819 -0.004963 -0.000848
0.099819 0.044758 -0.000849 -0.000158
-0.004963 -0.000849 0.482519 0.101600
-0.000848 -0.000158 0.101600 0.045088
31.692762 1.440363 42.145621 1.952129
0.470796 0.099726 -0.005867 -0.000989
0.099726 0.044733 -0.000991 -0.000184
-0.005867 -0.000991 0.483106 0.101674
-0.000989 -0.000184 0.101674 0.045095
32.496487 1.457776 42.668356 1.856818
0.470386 0.099666 -0.006865 -0.001144
0.099666 0.044716 -0.001147 -0.000212
-0.006865 -0.001147 0.483544 0.101716
-0.001144 -0.000212 0.101716 0.045098
33.188928 1.450544 44.240917 1.992236
0.470075 0.099627 -0.007871 -0.001295
0.099627 0.044704 -0.001298 -0.000240
-0.007871 -0.001298 0.483885 0.101741
-0.001295 -0.000240 0.101741 0.045099
33.690147 1.402468 44.598397 1.857800
0.469558 0.099540 -0.008996 -0.001467
0.099540 0.044682 -0.001471 -0.000273
-0.008996 -0.001471 0.484466 0.101821
-0.001467 -0.000273 0.101821 0.045113
34.575680 1.441187 45.179013 1.784818
0.469162 0.099482 -0.010009 -0.001611
0.099482 0.044667 -0.001614 -0.000299
-0.010009 -0.001614 0.484925 0.101874
-0.001611 -0.000299 0.101874 0.045123
35.398934 1.463087 46.175059 1.806708
0.468870 0.099445 -0.011077 -0.001764
0.099445 0.044656 -0.001768 -0.000328
-0.011077 -0.001768 0.485294 0.101911
-0.001764 -0.000328 0.101911 0.045129
36.299581 1.498526 46.751905 1.738385
0.468541 0.099397 -0.012242 -0.001935
0.099397 0.044643 -0.001940 -0.000362
-0.012242 -0.001940 0.485732 0.101965
-0.001935 -0.000362 0.101965 0.045141
36.637350 1.410850 47.393383 1.689966
0.468316 0.099370 -0.013454 -0.002114
0.099370 0.044635 -0.002120 -0.000397
-0.013454 -0.002120 0.486083 0.102003
-0.002114 -0.000397 0.102003 0.045149
