32.315533 0.527894 49.533307 2.004086
0.552251 0.115850 -0.030959 -0.005219
0.115850 0.047457 -0.005529 -0.001238
-0.030959 -0.005529 0.422441 0.089488
-0.005219 -0.001238 0.089488 0.043220
28.325138 -0.355763 49.647748 1.800539
0.565691 0.117087 -0.031038 -0.004977
0.117087 0.047542 -0.005285 -0.001124
-0.031038 -0.005285 0.415091 0.089136
-0.004977 -0.001124 0.089136 0.043233
24.001344 -1.209980 48.656897 1.374902
0.564986 0.115523 -0.025788 -0.003667
0.115523 0.047108 -0.003979 -0.000809
-0.025788 -0.003979 0.415031 0.090194
-0.003667 -0.000809 0.090194 0.043495
21.155443 -1.673102 46.589606 0.762663
0.552766 0.111992 -0.019522 -0.002313
0.111992 0.046370 -0.002603 -0.000519
-0.019522 -0.002603 0.421558 0.092399
-0.002313 -0.000519 0.092399 0.043941
19.484666 -1.851881 43.507413 -0.002907
0.531654 0.107183 -0.014373 -0.001361
0.107183 0.045476 -0.001578 -0.000336
-0.014373 -0.001578 0.434582 0.095655
-0.001361 -0.000336 0.095655 0.044548
17.383650 -2.097895 40.168867 -0.740844
0.502755 0.101369 -0.009042 -0.000463
0.101369 0.044468 -0.000590 -0.000172
-0.009042 -0.000590 0.455659 0.100246
-0.000463 -0.000172 0.100246 0.045385
16.090569 -2.156300 35.835593 -1.608581
0.474602 0.096268 0.001928 0.001620
0.096268 0.043675 0.001469 0.000225
0.001928 0.001469 0.480845 0.105220
0.001620 0.000225 0.105220 0.046240
14.803897 -2.205483 30.548936 -2.580167
0.461177 0.094570 0.020537 0.005217
0.094570 0.043599 0.004923 0.000908
0.020537 0.004923 0.496581 0.107633
0.005217 0.000908 0.107633 0.046488
13.150621 -2.319793 25.298616 -3.429350
0.467500 0.096968 0.031558 0.006875
0.096968 0.044316 0.006561 0.001157
0.031558 0.006561 0.491293 0.105338
0.006875 0.001157 0.105338 0.045745
11.468031 -2.423837 20.128234 -4.164185
0.480809 0.100496 0.027742 0.005275
0.100496 0.045162 0.005077 0.000744
0.027742 0.005077 0.476162 0.101311
0.005275 0.000744 0.101311 0.044756
10.092418 -2.453467 16.190316 -4.557654
0.493467 0.103498 0.011167 0.001223
0.103498 0.045803 0.001170 -0.000115
0.011167 0.001170 0.461734 0.097965
0.001223 -0.000115 0.097965 0.044042
9.221159 -2.377458 13.345757 -4.678623
0.504997 0.105937 -0.012338 -0.003826
0.105937 0.046262 -0.003754 -0.001097
-0.012338 -0.003754 0.452102 0.096023
-0.003826 -0.001097 0.096023 0.043701
8.750746 -2.227951 11.481187 -4.578577
0.515625 0.107912 -0.039102 -0.009055
0.107912 0.046583 -0.008878 -0.002039
-0.039102 -0.008878 0.448777 0.095592
-0.009055 -0.002039 0.095592 0.043698
8.683323 -2.009679 9.551300 -4.501301
0.524288 0.109246 -0.066590 -0.013975
0.109246 0.046744 -0.013694 -0.002861
-0.066590 -0.013694 0.452541 0.096642
-0.013975 -0.002861 0.096642 0.043986
9.157138 -1.696880 9.126371 -4.105513
0.520741 0.107884 -0.093798 -0.018502
0.107884 0.046338 -0.018031 -0.003564
-0.093798 -0.018031 0.470902 0.100625
-0.018502 -0.003564 0.100625 0.044849
9.647846 -1.409678 8.542496 -3.782468
0.511879 0.105574 -0.112721 -0.021023
0.105574 0.045785 -0.020325 -0.003837
-0.112721 -0.020325 0.493312 0.105044
-0.021023 -0.003837 0.105044 0.045717
10.870339 -0.998182 7.758091 -3.528308
0.497785 0.102456 -0.122171 -0.021544
0.102456 0.045127 -0.020584 -0.003733
-0.122171 -0.020584 0.516747 0.109296
-0.021544 -0.003733 0.109296 0.046487
11.940344 -0.646759 7.913322 -3.102292
0.478497 0.098667 -0.118302 -0.019488
0.098667 0.044403 -0.018265 -0.003169
-0.118302 -0.018265 0.536609 0.112548
-0.019488 -0.003169 0.112548 0.047023
12.709090 -0.391331 8.176576 -2.705681
0.463908 0.096181 -0.112642 -0.017430
0.096181 0.043991 -0.016044 -0.002719
-0.112642 -0.016044 0.551513 0.114541
-0.017430 -0.002719 0.114541 0.047281
13.570336 -0.136931 8.808981 -2.276688
0.453419 0.094696 -0.106786 -0.015657
0.094696 0.043786 -0.014211 -0.002413
-0.106786 -0.014211 0.562090 0.115559
-0.015657 -0.002413 0.115559 0.047353
14.743148 0.161969 9.800207 -1.818825
0.446715 0.094033 -0.101240 -0.014202
0.094033 0.043732 -0.012807 -0.002231
-0.101240 -0.012807 0.568022 0.115659
-0.014202 -0.002231 0.115659 0.047271
15.835898 0.411868 10.923308 -1.388184
0.442777 0.093919 -0.094607 -0.012721
0.093919 0.043765 -0.011459 -0.002074
-0.094607 -0.011459 0.568774 0.114862
-0.012721 -0.002074 0.114862 0.047059
16.782165 0.601624 12.136803 -0.990258
0.440887 0.094159 -0.086513 -0.011121
0.094159 0.043845 -0.010029 -0.001908
-0.086513 -0.010029 0.564993 0.113395
-0.011121 -0.001908 0.113395 0.046772
17.191392 0.660302 14.012770 -0.510091
0.440740 0.094661 -0.077190 -0.009436
0.094661 0.043953 -0.008521 -0.001727
-0.077190 -0.008521 0.557626 0.111492
-0.009436 -0.001727 0.111492 0.046451
18.103466 0.817460 15.944067 -0.062450
0.443912 0.095741 -0.067623 -0.007822
0.095741 0.044161 -0.007139 -0.001564
-0.067623 -0.007139 0.545460 0.108905
-0.007822 -0.001564 0.108905 0.046036
19.232253 1.000489 17.960679 0.358237
0.448529 0.096973 -0.056387 -0.005985
0.096973 0.044379 -0.005487 -0.001338
-0.056387 -0.005487 0.531206 0.106219
-0.005985 -0.001338 0.106219 0.045644
20.230535 1.121258 19.229894 0.583428
0.453816 0.098181 -0.044144 -0.004061
0.098181 0.044573 -0.003685 -0.001077
-0.044144 -0.003685 0.517139 0.103838
-0.004061 -0.001077 0.103838 0.045336
20.367604 1.045378 21.138159 0.907070
0.458785 0.099151 -0.032977 -0.002462
0.099151 0.044700 -0.002159 -0.000866
-0.032977 -0.002159 0.505630 0.102145
-0.002462 -0.000866 0.102145 0.045166
21.366193 1.158479 22.846554 1.166433
0.463875 0.100023 -0.023614 -0.001277
0.100023 0.044803 -0.001036 -0.000722
-0.023614 -0.001036 0.495961 0.100895
-0.001277 -0.000722 0.100895 0.045067
21.365574 1.043526 24.934178 1.471526
0.467599 0.100511 -0.016159 -0.000487
0.100511 0.044826 -0.000283 -0.000634
-0.016159 -0.000283 0.489355 0.100284
-0.000487 -0.000634 0.100284 0.045070
21.765027 1.023826 26.984647 1.742392
0.469149 0.100503 -0.010362 0.000000
0.100503 0.044756 0.000188 -0.000579
-0.010362 0.000188 0.486108 0.100311
0.000000 -0.000579 0.100311 0.045169
21.983336 0.962827 28.340657 1.842100
0.467654 0.099877 -0.006483 0.000161
0.099877 0.044577 0.000343 -0.000565
-0.006483 0.000343 0.486798 0.101044
0.000161 -0.000565 0.101044 0.045374
22.471292 0.965183 29.668175 1.926847
0.464175 0.098927 -0.004111 0.000110
0.098927 0.044358 0.000283 -0.000570
-0.004111 0.000283 0.490115 0.102162
0.000110 -0.000570 0.102162 0.045617
23.392032 1.059114 31.072106 2.019403
0.459087 0.097756 -0.003605 -0.000216
0.097756 0.044119 -0.000060 -0.000611
-0.003605 -0.000060 0.495697 0.103571
-0.000216 -0.000611 0.103571 0.045885
24.616633 1.207691 32.745437 2.158497
0.452836 0.096468 -0.005780 -0.000975
0.096468 0.043878 -0.000849 -0.000724
-0.005780 -0.000849 0.503236 0.105201
-0.000975 -0.000724 0.105201 0.046168
25.402271 1.246366 33.527339 2.096445
0.445754 0.095126 -0.010934 -0.002205
0.095126 0.043643 -0.002122 -0.000919
-0.010934 -0.002122 0.512751 0.107059
-0.002205 -0.000919 0.107059 0.046475
26.367972 1.320100 35.545393 2.298429
0.439770 0.094128 -0.017078 -0.003468
0.094128 0.043490 -0.003432 -0.001101
-0.017078 -0.003432 0.521904 0.108656
-0.003468 -0.001101 0.108656 0.046709
27.074422 1.330373 37.094558 2.381395
0.433228 0.093066 -0.023396 -0.004617
0.093066 0.043321 -0.004623 -0.001247
-0.023396 -0.004623 0.532971 0.110513
-0.004617 -0.001247 0.110513 0.046991
27.825180 1.349133 38.505863 2.427013
0.427502 0.092227 -0.028086 -0.005314
0.092227 0.043195 -0.005342 -0.001293
-0.028086 -0.005342 0.543522 0.112122
-0.005314 -0.001293 0.112122 0.047217
28.696737 1.391917 39.751625 2.433988
0.423277 0.091732 -0.030491 -0.005490
0.091732 0.043134 -0.005516 -0.001238
-0.030491 -0.005516 0.551747 0.113160
-0.005490 -0.001238 0.113160 0.047330
29.586730 1.432620 40.368886 2.312100
0.421050 0.091654 -0.030490 -0.005182
0.091654 0.043148 -0.005185 -0.001101
-0.030490 -0.005185 0.556161 0.113402
-0.005182 -0.001101 0.113402 0.047298
30.017836 1.370703 41.673447 2.341396
0.420297 0.091836 -0.029508 -0.004735
0.091836 0.043199 -0.004714 -0.000961
-0.029508 -0.004714 0.557767 0.113140
-0.004735 -0.000961 0.113140 0.047193
30.778687 1.386730 42.689725 2.310431
0.422737 0.092646 -0.025470 -0.003733
0.092646 0.043370 -0.003671 -0.000727
-0.025470 -0.003671 0.552873 0.111685
-0.003733 -0.000727 0.111685 0.046881
31.879291 1.475866 43.755119 2.293726
0.428447 0.094043 -0.020246 -0.002599
0.094043 0.043644 -0.002513 -0.000495
-0.020246 -0.002513 0.542479 0.109338
-0.002599 -0.000495 0.109338 0.046433
32.364322 1.420114 44.834740 2.279323
0.438988 0.096324 -0.014948 -0.001554
0.096324 0.044084 -0.001482 -0.000306
-0.014948 -0.001482 0.525574 0.105946
-0.001554 -0.000306 0.105946 0.045819
32.903426 1.382464 45.898480 2.263452
0.453588 0.099242 -0.011283 -0.000922
0.099242 0.044627 -0.000910 -0.000221
-0.011283 -0.000910 0.505326 0.102191
-0.000922 -0.000221 0.102191 0.045175
33.149455 1.283456 46.235372 2.100489
0.471987 0.102697 -0.010292 -0.000872
0.102697 0.045251 -0.000954 -0.000259
-0.010292 -0.000954 0.483674 0.098438
-0.000872 -0.000259 0.098438 0.044558
34.236383 1.379085 47.073247 2.057846
0.489090 0.105563 -0.010375 -0.001036
0.105563 0.045715 -0.001180 -0.000326
-0.010375 -0.001180 0.466338 0.095804
-0.001036 -0.000326 0.095804 0.044182
35.183489 1.434530 48.288911 2.097153
0.510708 0.109181 -0.014682 -0.002037
0.109181 0.046332 -0.002257 -0.000557
-0.014682 -0.002257 0.448137 0.093073
-0.002037 -0.000557 0.093073 0.043764
35.647022 1.379955 48.856753 1.995522
0.537139 0.113545 -0.024425 -0.004072
0.113545 0.047088 -0.004344 -0.000977
-0.024425 -0.004344 0.430560 0.090524
-0.004072 -0.000977 0.090524 0.043358
