2.499067 1.961743 1.042652 -0.474977
2.053490 0.821414 -0.226717 -0.090689
0.821414 80.332639 -0.090689 -0.036276
-0.226717 -0.090689 3.101368 1.240574
-0.090689 -0.036276 1.240574 80.500307
5.882052 6.238808 0.174719 -1.497702
3.503766 6.231325 -1.295145 -2.128751
6.231325 18.231572 -2.266601 -4.369540
-1.295145 -2.266601 2.376184 4.005059
-2.128751 -4.369540 4.005059 16.886001
8.513519 5.753741 0.334293 -0.439374
2.416251 2.623279 -0.220320 -0.056943
2.623279 4.583683 -0.148808 -0.262180
-0.220320 -0.148808 1.767999 2.123136
-0.056943 -0.262180 2.123136 4.748751
10.351994 4.938395 1.909248 1.127445
1.799572 1.430688 -0.037519 0.012387
1.430688 1.818585 -0.020313 -0.120243
-0.037519 -0.020313 1.655478 1.468692
0.012387 -0.120243 1.468692 2.068907
8.588759 2.248574 2.661236 1.255231
1.374947 0.873661 -0.045199 -0.030536
0.873661 0.891186 -0.044266 -0.095953
-0.045199 -0.044266 1.619152 1.113450
-0.030536 -0.095953 1.113450 1.117381
8.739646 1.729419 3.257720 1.245559
1.157766 0.618614 -0.059187 -0.041917
0.618614 0.521069 -0.049085 -0.066501
-0.059187 -0.049085 1.490763 0.828180
-0.041917 -0.066501 0.828180 0.652808
8.899738 1.408038 3.558160 1.102564
1.004371 0.463877 -0.083431 -0.048676
0.463877 0.333752 -0.053120 -0.048819
-0.083431 -0.053120 1.377946 0.641704
-0.048676 -0.048819 0.641704 0.418425
9.951936 1.534428 5.894693 1.814220
0.894104 0.364183 -0.097569 -0.047370
0.364183 0.229682 -0.050395 -0.035467
-0.097569 -0.050395 1.269526 0.509276
-0.047370 -0.035467 0.509276 0.285879
11.069866 1.660919 6.998915 1.880927
0.828754 0.302855 -0.166666 -0.065265
0.302855 0.170070 -0.068078 -0.034052
-0.166666 -0.068078 1.181249 0.417623
-0.065265 -0.034052 0.417623 0.207762
11.589587 1.557796 8.058536 1.920124
0.780136 0.258569 -0.193084 -0.064906
0.258569 0.131838 -0.067227 -0.027750
-0.193084 -0.067227 1.087743 0.344532
-0.064906 -0.027750 0.344532 0.156383
12.179703 1.500543 8.480320 1.765659
0.741490 0.225295 -0.200008 -0.059083
0.225295 0.106321 -0.060941 -0.021741
-0.200008 -0.060941 0.995529 0.286821
-0.059083 -0.021741 0.286821 0.121885
13.555220 1.677729 9.712902 1.859052
0.702000 0.197568 -0.193547 -0.051018
0.197568 0.088197 -0.052451 -0.016645
-0.193547 -0.052451 0.918238 0.244031
-0.051018 -0.016645 0.244031 0.098982
14.127617 1.612464 11.832826 2.154512
0.663956 0.174946 -0.174635 -0.041489
0.174946 0.075289 -0.042483 -0.012295
-0.174635 -0.042483 0.845808 0.209975
-0.041489 -0.012295 0.209975 0.082932
14.503103 1.509579 13.763484 2.353520
0.636286 0.158618 -0.152550 -0.032883
0.158618 0.066533 -0.033622 -0.009024
-0.152550 -0.033622 0.772143 0.181199
-0.032883 -0.009024 0.181199 0.071158
14.805405 1.400703 14.870031 2.334874
0.614657 0.146298 -0.129291 -0.025360
0.146298 0.060402 -0.025952 -0.006566
-0.129291 -0.025952 0.705245 0.158311
-0.025360 -0.006566 0.158311 0.062760
15.012708 1.285382 15.822152 2.284342
0.595676 0.136450 -0.108793 -0.019499
0.136450 0.055955 -0.019998 -0.004844
-0.108793 -0.019998 0.651431 0.141452
-0.019499 -0.004844 0.141452 0.057020
15.551449 1.263039 17.071892 2.306480
0.579186 0.128615 -0.091240 -0.014997
0.128615 0.052734 -0.015436 -0.003640
-0.091240 -0.015436 0.608355 0.129029
-0.014997 -0.003640 0.129029 0.053078
15.458449 1.103057 17.955973 2.244230
0.564257 0.122276 -0.074616 -0.011188
0.122276 0.050385 -0.011570 -0.002716
-0.074616 -0.011570 0.573741 0.119852
-0.011188 -0.002716 0.119852 0.050362
15.635201 1.019463 18.628447 2.147775
0.552280 0.117471 -0.060857 -0.008330
0.117471 0.048745 -0.008686 -0.002079
-0.060857 -0.008686 0.545666 0.113013
-0.008330 -0.002079 0.113013 0.048476
16.544765 1.105794 19.996007 2.211593
0.541835 0.113671 -0.049386 -0.006175
0.113671 0.047577 -0.006505 -0.001632
-0.049386 -0.006505 0.523813 0.108124
-0.006175 -0.001632 0.108124 0.047208
17.318136 1.148986 20.699791 2.129888
0.531467 0.110436 -0.037770 -0.004134
0.110436 0.046708 -0.004423 -0.001228
-0.037770 -0.004423 0.507543 0.104821
-0.004134 -0.001228 0.104821 0.046398
18.290084 1.232486 21.978935 2.176780
0.521656 0.107748 -0.027980 -0.002583
0.107748 0.046075 -0.002828 -0.000938
-0.027980 -0.002828 0.496140 0.102754
-0.002583 -0.000938 0.102754 0.045911
18.949211 1.239148 22.635094 2.087046
0.512256 0.105489 -0.019129 -0.001279
0.105489 0.045612 -0.001482 -0.000700
-0.019129 -0.001482 0.488692 0.101610
-0.001279 -0.000700 0.101610 0.045644
19.423543 1.207999 23.370128 2.021989
0.503944 0.103713 -0.012235 -0.000401
0.103713 0.045299 -0.000568 -0.000547
-0.012235 -0.000568 0.484025 0.101049
-0.000401 -0.000547 0.101049 0.045504
19.901861 1.182064 24.369910 2.019229
0.496737 0.102352 -0.006888 0.000176
0.102352 0.045095 0.000039 -0.000445
-0.006888 0.000039 0.481369 0.100864
0.000176 -0.000445 0.100864 0.045437
20.757107 1.236299 25.216045 1.985476
0.490164 0.101244 -0.002732 0.000551
0.101244 0.044952 0.000439 -0.000371
-0.002732 0.000439 0.480561 0.100998
0.000551 -0.000371 0.100998 0.045429
21.630571 1.288937 25.990579 1.939881
0.483984 0.100295 -0.000280 0.000628
0.100295 0.044839 0.000539 -0.000346
-0.000280 0.000539 0.481357 0.101381
0.000628 -0.000346 0.101381 0.045463
21.841914 1.199024 27.310871 2.013460
0.478322 0.099505 0.000434 0.000420
0.099505 0.044751 0.000351 -0.000366
0.000434 0.000351 0.483208 0.101891
0.000420 -0.000366 0.101891 0.045514
22.021943 1.111400 28.478268 2.047288
0.472285 0.098659 0.000572 0.000188
0.098659 0.044639 0.000133 -0.000377
0.000572 0.000133 0.486731 0.102662
0.000188 -0.000377 0.102662 0.045613
22.649244 1.126390 29.608134 2.069660
0.465995 0.097778 0.000270 -0.000051
0.097778 0.044509 -0.000098 -0.000380
0.000270 -0.000098 0.491632 0.103622
-0.000051 -0.000380 0.103622 0.045745
23.282497 1.141331 30.304937 1.998502
0.459550 0.096878 -0.001426 -0.000510
0.096878 0.044364 -0.000554 -0.000425
-0.001426 -0.000554 0.497698 0.104724
-0.000510 -0.000425 0.104724 0.045901
24.067222 1.186615 31.420207 2.022742
0.453893 0.096153 -0.004315 -0.001136
0.096153 0.044247 -0.001184 -0.000500
-0.004315 -0.001184 0.503746 0.105721
-0.001136 -0.000500 0.105721 0.046032
24.611759 1.176355 32.120509 1.957690
0.448262 0.095419 -0.008664 -0.001984
0.095419 0.044116 -0.002043 -0.000618
-0.008664 -0.002043 0.510660 0.106825
-0.001984 -0.000618 0.106825 0.046187
25.240512 1.185019 33.339130 2.007653
0.443425 0.094837 -0.013468 -0.002835
0.094837 0.044006 -0.002910 -0.000733
-0.013468 -0.002910 0.517401 0.107819
-0.002835 -0.000733 0.107819 0.046321
25.754513 1.167991 33.967365 1.929677
0.438450 0.094192 -0.018765 -0.003713
0.094192 0.043872 -0.003806 -0.000853
-0.018765 -0.003806 0.525200 0.108983
-0.003713 -0.000853 0.108983 0.046497
26.324938 1.164785 34.666642 1.874800
0.434384 0.093715 -0.023998 -0.004512
0.093715 0.043765 -0.004623 -0.000958
-0.023998 -0.004623 0.532470 0.109979
-0.004512 -0.000958 0.109979 0.046641
26.738967 1.128054 35.461963 1.845291
0.430986 0.093342 -0.029156 -0.005251
0.093342 0.043671 -0.005379 -0.001055
-0.029156 -0.005379 0.539398 0.110874
-0.005251 -0.001055 0.110874 0.046772
27.138549 1.091303 35.990291 1.764162
0.427893 0.092989 -0.033544 -0.005803
0.092989 0.043573 -0.005936 -0.001120
-0.033544 -0.005936 0.546186 0.111726
-0.005803 -0.001120 0.111726 0.046903
27.721518 1.099882 37.006738 1.791667
0.425398 0.092725 -0.037293 -0.006220
0.092725 0.043488 -0.006354 -0.001166
-0.037293 -0.006354 0.552220 0.112421
-0.006220 -0.001166 0.112421 0.047011
28.823772 1.223178 38.509287 1.916983
0.422953 0.092429 -0.040069 -0.006454
0.092429 0.043391 -0.006572 -0.001185
-0.040069 -0.006572 0.558098 0.113100
-0.006454 -0.001185 0.113100 0.047126
29.588908 1.257965 39.705396 1.965719
0.420732 0.092154 -0.041178 -0.006382
0.092154 0.043298 -0.006463 -0.001150
-0.041178 -0.006463 0.563065 0.113618
-0.006382 -0.001150 0.113618 0.047219
30.522579 1.324428 40.577621 1.945002
0.419517 0.092083 -0.039610 -0.005826
0.092083 0.043251 -0.005846 -0.001028
-0.039610 -0.005846 0.565092 0.113588
-0.005826 -0.001028 0.113588 0.047213
30.990298 1.283168 41.847409 2.003626
0.419706 0.092286 -0.036247 -0.005001
0.092286 0.043263 -0.004959 -0.000869
-0.036247 -0.004959 0.563770 0.112975
-0.005001 -0.000869 0.112975 0.047107
32.257263 1.420633 42.764960 1.990172
0.423036 0.093135 -0.029895 -0.003671
0.093135 0.043413 -0.003570 -0.000625
-0.029895 -0.003570 0.555839 0.111180
-0.003671 -0.000625 0.111180 0.046789
32.687946 1.356686 43.317780 1.900143
0.430351 0.094747 -0.022636 -0.002281
0.094747 0.043717 -0.002167 -0.000393
-0.022636 -0.002167 0.541642 0.108349
-0.002281 -0.000393 0.108349 0.046295
33.653578 1.419555 44.201943 1.888270
0.439384 0.096551 -0.016380 -0.001214
0.096551 0.044038 -0.001117 -0.000243
-0.016380 -0.001117 0.526340 0.105563
-0.001214 -0.000243 0.105563 0.045845
34.392457 1.424617 44.823462 1.823338
0.453747 0.099338 -0.011973 -0.000579
0.099338 0.044554 -0.000565 -0.000190
-0.011973 -0.000565 0.505877 0.101953
-0.000579 -0.000190 0.101953 0.045247
34.860987 1.371272 45.651478 1.805530
0.471340 0.102563 -0.010487 -0.000557
0.102563 0.045135 -0.000655 -0.000257
-0.010487 -0.000655 0.484730 0.098441
-0.000557 -0.000257 0.098441 0.044684
35.511477 1.365031 47.046747 1.906511
0.491720 0.106111 -0.012401 -0.001198
0.106111 0.045758 -0.001408 -0.000441
-0.012401 -0.001408 0.464317 0.095259
-0.001198 -0.000441 0.095259 0.044187
36.411692 1.411164 47.834785 1.872705
0.517394 0.110505 -0.020112 -0.002947
0.110505 0.046537 -0.003269 -0.000829
-0.020112 -0.003269 0.443834 0.092160
-0.002947 -0.000829 0.092160 0.043690
