-0.422428 0.793120 3.401629 0.468634
2.053490 0.821414 -0.226717 -0.090689
0.821414 80.332639 -0.090689 -0.036276
-0.226717 -0.090689 3.101368 1.240574
-0.090689 -0.036276 1.240574 80.500307
4.726000 9.191857 -0.819086 -6.995296
2.256667 4.005930 -1.219870 -2.025245
4.005930 14.260902 -2.108714 -4.144877
-1.219870 -2.108714 3.587519 6.061018
-2.025245 -4.144877 6.061018 20.375042
6.664352 6.372732 0.295898 -2.012863
2.570593 2.954991 -0.380781 -0.228028
2.954991 5.006444 -0.343396 -0.464933
-0.380781 -0.343396 1.743686 1.932109
-0.228028 -0.464933 1.932109 4.573108
8.641531 5.431589 2.274713 0.576508
2.003589 1.615385 -0.104479 -0.024312
1.615385 1.915738 -0.066756 -0.146336
-0.104479 -0.066756 1.518490 1.334386
-0.024312 -0.146336 1.334386 2.050461
8.019487 3.326599 3.929211 1.508148
1.437051 0.902699 -0.060377 -0.030635
0.902699 0.870432 -0.048404 -0.095761
-0.060377 -0.048404 1.551822 1.088666
-0.030635 -0.095761 1.088666 1.163103
7.794948 2.319266 6.535197 2.569605
1.149616 0.602774 -0.136948 -0.081625
0.602774 0.490179 -0.088230 -0.088888
-0.136948 -0.088230 1.544375 0.880732
-0.081625 -0.088888 0.880732 0.717386
8.209158 1.980205 8.097260 2.705470
1.091828 0.495644 -0.292046 -0.144734
0.495644 0.335629 -0.143930 -0.092372
-0.292046 -0.143930 1.396849 0.666159
-0.144734 -0.092372 0.666159 0.449134
8.549960 1.724485 8.954682 2.503628
1.060737 0.421893 -0.330876 -0.137254
0.421893 0.244130 -0.135660 -0.069672
-0.330876 -0.135660 1.222659 0.501372
-0.137254 -0.069672 0.501372 0.294044
9.852673 1.879778 9.489857 2.245225
1.012489 0.357504 -0.324023 -0.115073
0.357504 0.182851 -0.114013 -0.049637
-0.324023 -0.114013 1.081472 0.390690
-0.115073 -0.049637 0.390690 0.205451
11.252894 2.022874 9.478249 1.877693
0.934798 0.297173 -0.296425 -0.091930
0.297173 0.139207 -0.091307 -0.034914
-0.296425 -0.091307 0.985607 0.319900
-0.091930 -0.034914 0.319900 0.153703
12.066815 1.964019 10.197841 1.810939
0.846060 0.245739 -0.261100 -0.071898
0.245739 0.108687 -0.071394 -0.024632
-0.261100 -0.071394 0.918462 0.271986
-0.071898 -0.024632 0.271986 0.121398
11.945655 1.665815 11.253297 1.843196
0.774607 0.208570 -0.226972 -0.056195
0.208570 0.088715 -0.055817 -0.017706
-0.226972 -0.055817 0.854343 0.233699
-0.056195 -0.017706 0.233699 0.098990
13.053812 1.740377 12.743784 1.992359
0.726078 0.183550 -0.200184 -0.045077
0.183550 0.075862 -0.044938 -0.013254
-0.200184 -0.044938 0.789145 0.201673
-0.045077 -0.013254 0.201673 0.082828
13.351437 1.599684 13.489589 1.925843
0.683008 0.163862 -0.169699 -0.034843
0.163862 0.066756 -0.034891 -0.009752
-0.169699 -0.034891 0.729075 0.176127
-0.034843 -0.009752 0.176127 0.071360
14.277940 1.623712 13.853427 1.787550
0.648174 0.149003 -0.144994 -0.027398
0.149003 0.060390 -0.027570 -0.007398
-0.144994 -0.027570 0.678739 0.156667
-0.027398 -0.007398 0.156667 0.063346
14.602043 1.510770 14.343681 1.692061
0.615606 0.136764 -0.123720 -0.021684
0.136764 0.055691 -0.021864 -0.005719
-0.123720 -0.021864 0.640235 0.142597
-0.021684 -0.005719 0.142597 0.057883
15.044804 1.452494 16.269027 1.924724
0.588989 0.127472 -0.106583 -0.017482
0.127472 0.052384 -0.017664 -0.004555
-0.106583 -0.017664 0.608214 0.131795
-0.017482 -0.004555 0.131795 0.053999
16.512801 1.611128 17.238674 1.933435
0.569188 0.120877 -0.088330 -0.013403
0.120877 0.050165 -0.013647 -0.003536
-0.088330 -0.013647 0.576828 0.122522
-0.013403 -0.003536 0.122522 0.051035
16.886290 1.523112 18.549704 2.002045
0.550221 0.115298 -0.070784 -0.009845
0.115298 0.048488 -0.010078 -0.002706
-0.070784 -0.010078 0.552929 0.115933
-0.009845 -0.002706 0.115933 0.049051
17.559520 1.504196 19.490679 1.988741
0.535708 0.111307 -0.055457 -0.006993
0.111307 0.047372 -0.007228 -0.002080
-0.055457 -0.007228 0.532652 0.110821
-0.006993 -0.002080 0.110821 0.047633
17.862662 1.410823 20.447098 1.977385
0.523670 0.108275 -0.042458 -0.004789
0.108275 0.046596 -0.005010 -0.001619
-0.042458 -0.005010 0.516911 0.107165
-0.004789 -0.001619 0.107165 0.046685
18.736818 1.444333 21.220374 1.933793
0.514188 0.106089 -0.031666 -0.003127
0.106089 0.046086 -0.003331 -0.001281
-0.031666 -0.003331 0.504507 0.104531
-0.003127 -0.001281 0.104531 0.046049
19.377126 1.429059 22.494201 1.997097
0.505880 0.104357 -0.022826 -0.001903
0.104357 0.045721 -0.002079 -0.001034
-0.022826 -0.002079 0.495742 0.102860
-0.001903 -0.001034 0.102860 0.045669
19.763858 1.361685 23.581583 2.014112
0.498725 0.103012 -0.015385 -0.000958
0.103012 0.045466 -0.001104 -0.000838
-0.015385 -0.001104 0.489712 0.101861
-0.000958 -0.000838 0.101861 0.045455
20.212589 1.311890 24.044834 1.899851
0.492492 0.101955 -0.009430 -0.000289
0.101955 0.045284 -0.000407 -0.000691
-0.009430 -0.000407 0.485958 0.101367
-0.000289 -0.000691 0.101367 0.045353
21.185285 1.376909 24.651996 1.828907
0.487290 0.101170 -0.005225 0.000071
0.101170 0.045162 -0.000024 -0.000597
-0.005225 -0.000024 0.483758 0.101182
0.000071 -0.000597 0.101182 0.045310
21.753750 1.351381 25.163504 1.744251
0.482614 0.100519 -0.002909 0.000109
0.100519 0.045063 0.000035 -0.000559
-0.002909 0.000035 0.483046 0.101266
0.000109 -0.000559 0.101266 0.045317
22.108905 1.284495 26.190850 1.776603
0.478653 0.100026 -0.001868 -0.000026
0.100026 0.044990 -0.000084 -0.000544
-0.001868 -0.000084 0.483159 0.101466
-0.000026 -0.000544 0.101466 0.045338
22.752497 1.284845 27.611115 1.888446
0.474588 0.099502 -0.001677 -0.000244
0.099502 0.044902 -0.000290 -0.000535
-0.001677 -0.000290 0.484586 0.101881
-0.000244 -0.000535 0.101881 0.045397
23.005760 1.203057 28.219291 1.817814
0.469672 0.098791 -0.002867 -0.000663
0.098791 0.044767 -0.000701 -0.000562
-0.002867 -0.000701 0.487900 0.102623
-0.000663 -0.000562 0.102623 0.045515
23.642285 1.210499 28.962412 1.782949
0.465211 0.098184 -0.004416 -0.001064
0.098184 0.044651 -0.001098 -0.000580
-0.004416 -0.001098 0.491548 0.103343
-0.001064 -0.000580 0.103343 0.045619
24.156268 1.191127 29.995030 1.812614
0.461032 0.097631 -0.007106 -0.001627
0.097631 0.044542 -0.001663 -0.000630
-0.007106 -0.001663 0.495596 0.104070
-0.001627 -0.000630 0.104070 0.045720
25.022436 1.248527 31.577201 1.954246
0.456511 0.096994 -0.010637 -0.002290
0.096994 0.044409 -0.002330 -0.000701
-0.010637 -0.002330 0.500706 0.104954
-0.002290 -0.000701 0.104954 0.045852
25.615859 1.241967 32.629210 1.969900
0.450972 0.096135 -0.015920 -0.003246
0.096135 0.044226 -0.003297 -0.000834
-0.015920 -0.003297 0.507931 0.106210
-0.003246 -0.000834 0.106210 0.046059
25.800525 1.148692 33.725984 1.992912
0.445593 0.095322 -0.021640 -0.004207
0.095322 0.044053 -0.004271 -0.000967
-0.021640 -0.004271 0.515883 0.107519
-0.004207 -0.000967 0.107519 0.046270
26.368554 1.147309 34.703206 1.988909
0.440051 0.094479 -0.026342 -0.004886
0.094479 0.043872 -0.004951 -0.001040
-0.026342 -0.004951 0.524702 0.108920
-0.004886 -0.001040 0.108920 0.046497
26.854113 1.128911 35.989395 2.049043
0.435026 0.093753 -0.030961 -0.005516
0.093753 0.043715 -0.005580 -0.001111
-0.030961 -0.005580 0.533584 0.110249
-0.005516 -0.001111 0.110249 0.046707
27.065433 1.053178 37.278562 2.102513
0.430113 0.093044 -0.034577 -0.005921
0.093044 0.043558 -0.005973 -0.001144
-0.034577 -0.005973 0.542738 0.111571
-0.005921 -0.001144 0.111571 0.046917
27.613796 1.058836 38.594025 2.156671
0.425635 0.092426 -0.035999 -0.005887
0.092426 0.043418 -0.005902 -0.001094
-0.035999 -0.005902 0.551030 0.112669
-0.005887 -0.001094 0.112669 0.047087
28.178957 1.066041 39.525629 2.126937
0.422270 0.092039 -0.035630 -0.005538
0.092039 0.043326 -0.005506 -0.000997
-0.035630 -0.005506 0.557165 0.113313
-0.005538 -0.000997 0.113313 0.047173
28.754755 1.074883 40.471227 2.103244
0.420305 0.091927 -0.034031 -0.005015
0.091927 0.043286 -0.004938 -0.000884
-0.034031 -0.004938 0.560565 0.113436
-0.005015 -0.000884 0.113436 0.047169
29.746924 1.177578 42.114632 2.224782
0.419962 0.092118 -0.031071 -0.004297
0.092118 0.043304 -0.004181 -0.000749
-0.031071 -0.004181 0.560607 0.112966
-0.004297 -0.000749 0.112966 0.047069
30.661472 1.248205 43.000511 2.180763
0.423573 0.093112 -0.025415 -0.003114
0.093112 0.043490 -0.002967 -0.000533
-0.025415 -0.002967 0.552920 0.111083
-0.003114 -0.000533 0.111083 0.046713
31.658109 1.329200 43.865423 2.137137
0.430019 0.094583 -0.019477 -0.001988
0.094583 0.043757 -0.001839 -0.000349
-0.019477 -0.001839 0.540963 0.108584
-0.001988 -0.000349 0.108584 0.046274
32.609195 1.391337 44.731078 2.097477
0.440056 0.096664 -0.014026 -0.001050
0.096664 0.044136 -0.000936 -0.000217
-0.014026 -0.000936 0.524697 0.105478
-0.001050 -0.000217 0.105478 0.045749
33.319630 1.396701 46.385974 2.219938
0.454282 0.099439 -0.010280 -0.000513
0.099439 0.044639 -0.000477 -0.000173
-0.010280 -0.000477 0.504849 0.101917
-0.000513 -0.000173 0.101917 0.045160
34.019698 1.395482 46.946267 2.108157
0.475899 0.103551 -0.010823 -0.000854
0.103551 0.045403 -0.000965 -0.000310
-0.010823 -0.000965 0.479946 0.097575
-0.000854 -0.000310 0.097575 0.044430
34.663140 1.383841 48.029960 2.114113
0.498704 0.107541 -0.014047 -0.001690
0.107541 0.046095 -0.001920 -0.000522
-0.014047 -0.001920 0.458372 0.094177
-0.001690 -0.000522 0.094177 0.043907
34.675018 1.238988 49.185982 2.133205
0.524497 0.111841 -0.021216 -0.003250
0.111841 0.046826 -0.003570 -0.000856
-0.021216 -0.003570 0.438873 0.091329
-0.003250 -0.000856 0.091329 0.043480
35.193489 1.217483 50.151390 2.111585
0.550590 0.115883 -0.029635 -0.004927
0.115883 0.047481 -0.005277 -0.001176
-0.029635 -0.005277 0.423227 0.089327
-0.004927 -0.001176 0.089327 0.043198
