4.071964 2.590915 2.225509 -0.001824
2.575399 1.030182 -0.261185 -0.104476
1.030182 80.416148 -0.104476 -0.041791
-0.261185 -0.104476 2.388565 0.955447
-0.104476 -0.041791 0.955447 80.386254
5.279837 2.439333 2.259473 0.057435
2.245826 3.901751 -0.233901 -0.360014
3.901751 15.460045 -0.354477 -1.286577
-0.233901 -0.354477 2.323896 4.075080
-0.360014 -1.286577 4.075080 15.289147
7.072371 3.112558 3.476451 1.422944
1.978031 2.297904 -0.205472 -0.227052
2.297904 4.619091 -0.226038 -0.442124
-0.205472 -0.226038 2.068429 2.371717
-0.227052 -0.442124 2.371717 4.573450
5.551234 0.502269 4.961009 2.065484
1.692398 1.436160 -0.152925 -0.126168
1.436160 1.931975 -0.125564 -0.176513
-0.152925 -0.125564 1.764434 1.472406
-0.126168 -0.176513 1.472406 1.918724
5.735900 0.457765 5.031534 1.435768
1.485601 0.988516 -0.134062 -0.089008
0.988516 0.995515 -0.088781 -0.093471
-0.134062 -0.088781 1.501141 0.982614
-0.089008 -0.093471 0.982614 0.974325
7.750376 1.432946 5.887010 1.508035
1.308336 0.714611 -0.118998 -0.065569
0.714611 0.578351 -0.065465 -0.054869
-0.118998 -0.065465 1.310979 0.706987
-0.065569 -0.054869 0.706987 0.567291
8.029146 1.229776 7.227404 1.777630
1.159043 0.537315 -0.097413 -0.045789
0.537315 0.366519 -0.045701 -0.032770
-0.097413 -0.045701 1.166766 0.535725
-0.045789 -0.032770 0.535725 0.362836
8.519989 1.179977 7.649796 1.590958
1.043382 0.421119 -0.080920 -0.033318
0.421119 0.250148 -0.033244 -0.020957
-0.080920 -0.033244 1.047375 0.419496
-0.033318 -0.020957 0.419496 0.248117
9.206912 1.215168 7.691739 1.322487
0.948456 0.339926 -0.069123 -0.025399
0.339926 0.180772 -0.025343 -0.014240
-0.069123 -0.025343 0.951421 0.338930
-0.025399 -0.014240 0.338930 0.179774
9.979767 1.268486 8.607869 1.404423
0.868918 0.281103 -0.060268 -0.020023
0.281103 0.137096 -0.019983 -0.010115
-0.060268 -0.019983 0.873720 0.281314
-0.020023 -0.010115 0.281314 0.136878
11.326236 1.479085 10.078309 1.630660
0.803052 0.237855 -0.052066 -0.015803
0.237855 0.108612 -0.015772 -0.007318
-0.052066 -0.015772 0.808257 0.238468
-0.015803 -0.007318 0.238468 0.108674
11.960237 1.450108 10.880159 1.627009
0.747859 0.205366 -0.043646 -0.012219
0.205366 0.089434 -0.012193 -0.005305
-0.043646 -0.012193 0.752745 0.206036
-0.012219 -0.005305 0.206036 0.089582
12.617913 1.432773 11.570798 1.595471
0.701458 0.180634 -0.036882 -0.009606
0.180634 0.076228 -0.009585 -0.003941
-0.036882 -0.009585 0.705764 0.181242
-0.009606 -0.003941 0.181242 0.076391
13.180266 1.395194 12.658763 1.666130
0.662171 0.161582 -0.031360 -0.007651
0.161582 0.066973 -0.007633 -0.002984
-0.031360 -0.007633 0.666000 0.162134
-0.007651 -0.002984 0.162134 0.067136
14.107879 1.448855 13.269396 1.614337
0.629136 0.146878 -0.026593 -0.006108
0.146878 0.060431 -0.006093 -0.002285
-0.026593 -0.006093 0.631992 0.147247
-0.006108 -0.002285 0.147247 0.060556
14.568853 1.389584 14.358240 1.677620
0.600916 0.135395 -0.022496 -0.004884
0.135395 0.055755 -0.004871 -0.001766
-0.022496 -0.004871 0.603419 0.135729
-0.004884 -0.001766 0.135729 0.055873
15.826950 1.513221 15.568642 1.759193
0.577307 0.126528 -0.018956 -0.003902
0.126528 0.052428 -0.003892 -0.001374
-0.018956 -0.003892 0.579048 0.126729
-0.003902 -0.001374 0.126729 0.052516
16.392115 1.471783 15.842913 1.629285
0.557361 0.119648 -0.015596 -0.003045
0.119648 0.050055 -0.003037 -0.001062
-0.015596 -0.003037 0.558618 0.119780
-0.003045 -0.001062 0.119780 0.050128
17.318287 1.512372 17.203426 1.744762
0.540595 0.114339 -0.012924 -0.002403
0.114339 0.048375 -0.002396 -0.000834
-0.012924 -0.002396 0.541682 0.114469
-0.002403 -0.000834 0.114469 0.048445
17.901283 1.476667 18.939489 1.925415
0.526784 0.110321 -0.010457 -0.001849
0.110321 0.047206 -0.001843 -0.000650
-0.010457 -0.001843 0.527551 0.110407
-0.001849 -0.000650 0.110407 0.047265
18.435840 1.434708 20.609404 2.072446
0.515584 0.107334 -0.008239 -0.001381
0.107334 0.046411 -0.001376 -0.000503
-0.008239 -0.001376 0.515818 0.107331
-0.001381 -0.000503 0.107331 0.046447
19.244300 1.453124 20.849188 1.907226
0.506517 0.105135 -0.006302 -0.000997
0.105135 0.045879 -0.000994 -0.000388
-0.006302 -0.000994 0.506281 0.105058
-0.000997 -0.000388 0.105058 0.045897
19.649127 1.386417 21.847046 1.916226
0.499161 0.103529 -0.004801 -0.000721
0.103529 0.045529 -0.000719 -0.000305
-0.004801 -0.000719 0.498750 0.103441
-0.000721 -0.000305 0.103441 0.045543
20.321583 1.382058 22.695947 1.893544
0.493323 0.102394 -0.003583 -0.000512
0.102394 0.045309 -0.000510 -0.000242
-0.003583 -0.000510 0.492844 0.102312
-0.000512 -0.000242 0.102312 0.045322
20.625470 1.301596 23.721223 1.909724
0.488724 0.101612 -0.002631 -0.000361
0.101612 0.045176 -0.000360 -0.000195
-0.002631 -0.000360 0.488331 0.101563
-0.000361 -0.000195 0.101563 0.045193
21.260458 1.298352 24.847636 1.945481
0.485143 0.101091 -0.001884 -0.000252
0.101091 0.045100 -0.000250 -0.000159
-0.001884 -0.000250 0.484969 0.101096
-0.000252 -0.000159 0.101096 0.045125
21.074382 1.123909 25.917857 1.965678
0.482340 0.100748 -0.001350 -0.000182
0.100748 0.045058 -0.000181 -0.000133
-0.001350 -0.000181 0.482594 0.100843
-0.000182 -0.000133 0.100843 0.045096
21.782620 1.154610 27.447300 2.080176
0.480151 0.100530 -0.000895 -0.000123
0.100530 0.045033 -0.000123 -0.000110
-0.000895 -0.000123 0.481007 0.100740
-0.000123 -0.000110 0.100740 0.045091
22.408377 1.164793 28.715875 2.128128
0.478295 0.100362 -0.000655 -0.000104
0.100362 0.045011 -0.000104 -0.000096
-0.000655 -0.000104 0.480188 0.100770
-0.000104 -0.000096 0.100770 0.045103
22.980621 1.162648 29.296303 2.026471
0.476698 0.100227 -0.000629 -0.000122
0.100227 0.044988 -0.000122 -0.000090
-0.000629 -0.000122 0.479951 0.100883
-0.000122 -0.000090 0.100883 0.045124
23.841193 1.221467 29.894531 1.939133
0.475450 0.100141 -0.000778 -0.000167
0.100141 0.044969 -0.000167 -0.000090
-0.000778 -0.000167 0.479990 0.101011
-0.000167 -0.000090 0.101011 0.045140
24.481390 1.227684 30.712296 1.907161
0.474478 0.100087 -0.001166 -0.000252
0.100087 0.044951 -0.000252 -0.000098
-0.001166 -0.000252 0.480205 0.101138
-0.000252 -0.000098 0.101138 0.045150
24.951373 1.197297 31.252065 1.819965
0.473632 0.100034 -0.001717 -0.000360
0.100034 0.044929 -0.000360 -0.000110
-0.001717 -0.000360 0.480613 0.101271
-0.000360 -0.000110 0.101271 0.045158
25.530880 1.193285 32.837421 1.962300
0.472938 0.099989 -0.002332 -0.000468
0.099989 0.044906 -0.000469 -0.000123
-0.002332 -0.000469 0.481082 0.101389
-0.000468 -0.000123 0.101389 0.045161
26.465133 1.264678 33.440601 1.882684
0.471980 0.099868 -0.003174 -0.000615
0.099868 0.044865 -0.000616 -0.000144
-0.003174 -0.000616 0.481970 0.101572
-0.000615 -0.000144 0.101572 0.045177
27.007777 1.245586 33.898469 1.780805
0.471206 0.099776 -0.004253 -0.000800
0.099776 0.044830 -0.000801 -0.000173
-0.004253 -0.000801 0.482764 0.101711
-0.000800 -0.000173 0.101711 0.045184
27.459989 1.209446 34.799507 1.782990
0.470577 0.099705 -0.005351 -0.000976
0.099705 0.044801 -0.000978 -0.000199
-0.005351 -0.000978 0.483460 0.101813
-0.000976 -0.000199 0.101813 0.045184
27.256475 1.038191 35.875931 1.821544
0.469853 0.099602 -0.006507 -0.001154
0.099602 0.044765 -0.001157 -0.000227
-0.006507 -0.001157 0.484288 0.101933
-0.001154 -0.000227 0.101933 0.045191
28.049533 1.096533 37.171854 1.902734
0.468817 0.099428 -0.007435 -0.001276
0.099428 0.044716 -0.001279 -0.000243
-0.007435 -0.001279 0.485451 0.102117
-0.001276 -0.000243 0.102117 0.045213
28.708893 1.119836 37.770331 1.828636
0.467605 0.099220 -0.008724 -0.001474
0.099220 0.044662 -0.001476 -0.000277
-0.008724 -0.001476 0.486843 0.102336
-0.001474 -0.000277 0.102336 0.045244
29.562535 1.182829 39.352703 1.969234
0.466571 0.099055 -0.010133 -0.001689
0.099055 0.044620 -0.001693 -0.000316
-0.010133 -0.001693 0.488071 0.102508
-0.001689 -0.000316 0.102508 0.045266
29.874718 1.123373 40.220472 1.944397
0.465225 0.098826 -0.011984 -0.001991
0.098826 0.044566 -0.001995 -0.000373
-0.011984 -0.001995 0.489712 0.102760
-0.001991 -0.000373 0.102760 0.045307
30.604677 1.160009 41.833838 2.079052
0.463857 0.098600 -0.013732 -0.002256
0.098600 0.044515 -0.002261 -0.000422
-0.013732 -0.002261 0.491411 0.103013
-0.002256 -0.000422 0.103013 0.045348
31.501952 1.226977 42.530520 2.007744
0.462169 0.098313 -0.015840 -0.002590
0.098313 0.044451 -0.002594 -0.000485
-0.015840 -0.002594 0.493575 0.103353
-0.002590 -0.000485 0.103353 0.045408
32.646498 1.339733 43.346598 1.969431
0.460826 0.098110 -0.018162 -0.002954
0.098110 0.044408 -0.002961 -0.000554
-0.018162 -0.002961 0.495453 0.103617
-0.002954 -0.000554 0.103617 0.045452
34.016210 1.489482 44.593974 2.025799
0.459811 0.097978 -0.020873 -0.003386
0.097978 0.044380 -0.003397 -0.000637
-0.020873 -0.003397 0.497104 0.103826
-0.003386 -0.000637 0.103826 0.045486
34.719574 1.479250 45.032097 1.905738
0.458927 0.097867 -0.024203 -0.003929
0.097867 0.044354 -0.003946 -0.000743
-0.024203 -0.003946 0.498831 0.104051
-0.003929 -0.000743 0.104051 0.045524
35.351447 1.455840 45.844313 1.876112
0.458393 0.097824 -0.027330 -0.004403
0.097824 0.044341 -0.004428 -0.000832
-0.027330 -0.004428 0.500225 0.104205
-0.004403 -0.000832 0.104205 0.045550
35.609898 1.355919 46.914503 1.902111
0.457869 0.097770 -0.030346 -0.004840
0.097770 0.044323 -0.004870 -0.000914
-0.030346 -0.004870 0.501692 0.104382
-0.004840 -0.000914 0.104382 0.045584
36.374675 1.373626 47.628699 1.853150
0.456991 0.097630 -0.033062 -0.005207
0.097630 0.044286 -0.005236 -0.000981
-0.033062 -0.005236 0.503606 0.104656
-0.005207 -0.000981 0.104656 0.045639
