3.837741 2.497224 -0.150176 -0.952119
2.490737 0.996316 -0.101026 -0.040411
0.996316 80.402602 -0.040411 -0.016165
-0.101026 -0.040411 2.420540 0.968237
-0.040411 -0.016165 0.968237 80.391370
6.042925 4.188702 1.736436 3.197381
2.235999 3.904599 -0.103361 -0.161591
3.904599 15.266667 -0.160453 -0.538875
-0.103361 -0.160453 2.294085 4.020008
-0.161591 -0.538875 4.020008 15.289916
6.156757 1.895320 3.938548 3.886266
1.984104 2.299250 -0.071448 -0.076590
2.299250 4.564175 -0.076286 -0.158171
-0.071448 -0.076286 2.023833 2.329164
-0.076590 -0.158171 2.329164 4.549274
8.466172 3.045355 5.275042 3.377857
1.709662 1.444230 -0.056561 -0.046959
1.444230 1.918062 -0.046852 -0.068036
-0.056561 -0.046852 1.722010 1.444242
-0.046959 -0.068036 1.444242 1.903319
8.795198 2.256058 5.279800 2.270076
1.476843 0.977229 -0.041733 -0.028152
0.977229 0.978624 -0.028085 -0.032633
-0.041733 -0.028085 1.487780 0.979114
-0.028152 -0.032633 0.979114 0.975097
8.401143 1.427745 7.286838 2.743456
1.294023 0.703686 -0.035375 -0.020223
0.703686 0.568103 -0.020190 -0.018893
-0.035375 -0.020190 1.305424 0.706818
-0.020223 -0.018893 0.706818 0.568001
8.899984 1.329042 7.855639 2.373977
1.152931 0.532780 -0.030070 -0.014870
0.532780 0.362283 -0.014847 -0.011677
-0.030070 -0.014847 1.157978 0.533165
-0.014870 -0.011677 0.533165 0.361707
9.148152 1.162755 7.420216 1.723149
1.038420 0.417992 -0.025945 -0.011293
0.417992 0.247659 -0.011276 -0.007649
-0.025945 -0.011276 1.040987 0.417838
-0.011293 -0.007649 0.417838 0.247321
10.302030 1.367481 8.251296 1.711834
0.944088 0.337586 -0.023422 -0.009073
0.337586 0.179181 -0.009063 -0.005339
-0.023422 -0.009063 0.946772 0.337826
-0.009073 -0.005339 0.337826 0.179200
10.470814 1.201531 8.596387 1.547500
0.866029 0.279623 -0.020368 -0.007113
0.279623 0.136135 -0.007107 -0.003754
-0.020368 -0.007107 0.869082 0.280154
-0.007113 -0.003754 0.280154 0.136322
10.337139 0.984596 8.922242 1.415611
0.801081 0.236868 -0.018054 -0.005738
0.236868 0.107996 -0.005733 -0.002737
-0.018054 -0.005733 0.804135 0.237466
-0.005738 -0.002737 0.237466 0.108218
11.118730 1.063518 10.716891 1.713186
0.746684 0.204736 -0.016328 -0.004755
0.204736 0.089037 -0.004751 -0.002060
-0.016328 -0.004751 0.749349 0.205251
-0.004755 -0.002060 0.205251 0.089231
11.509542 1.027246 11.683967 1.741607
0.700988 0.180270 -0.014178 -0.003813
0.180270 0.075975 -0.003810 -0.001537
-0.014178 -0.003810 0.702702 0.180554
-0.003813 -0.001537 0.180554 0.076100
12.061440 1.036560 12.679896 1.772077
0.662274 0.161407 -0.012283 -0.003070
0.161407 0.066815 -0.003067 -0.001162
-0.012283 -0.003067 0.663124 0.161505
-0.003070 -0.001162 0.161505 0.066889
12.537074 1.026616 13.486349 1.753527
0.629396 0.146767 -0.010571 -0.002467
0.146767 0.060319 -0.002465 -0.000886
-0.010571 -0.002465 0.629557 0.146737
-0.002467 -0.000886 0.146737 0.060360
12.669124 0.940769 13.973268 1.665770
0.601487 0.135375 -0.009086 -0.001989
0.135375 0.055686 -0.001987 -0.000683
-0.009086 -0.001987 0.601137 0.135265
-0.001989 -0.000683 0.135265 0.055707
13.947584 1.117710 14.907131 1.688020
0.577887 0.126523 -0.007893 -0.001627
0.126523 0.052378 -0.001626 -0.000535
-0.007893 -0.001626 0.577127 0.126357
-0.001627 -0.000535 0.126357 0.052384
13.923639 0.992840 16.225971 1.789732
0.557902 0.119645 -0.006698 -0.001300
0.119645 0.050019 -0.001299 -0.000416
-0.006698 -0.001299 0.557049 0.119490
-0.001300 -0.000416 0.119490 0.050025
14.148202 0.935473 17.391015 1.846768
0.541317 0.114387 -0.005636 -0.001031
0.114387 0.048359 -0.001031 -0.000325
-0.005636 -0.001031 0.540146 0.114187
-0.001031 -0.000325 0.114187 0.048352
15.107242 1.038480 18.937876 1.977466
0.527600 0.110396 -0.004679 -0.000807
0.110396 0.047203 -0.000806 -0.000254
-0.004679 -0.000806 0.526100 0.110148
-0.000807 -0.000254 0.110148 0.047183
16.121307 1.141466 20.100660 2.013868
0.516286 0.107390 -0.003742 -0.000603
0.107390 0.046408 -0.000603 -0.000194
-0.003742 -0.000603 0.514620 0.107128
-0.000603 -0.000194 0.107128 0.046383
16.606724 1.123756 21.060346 2.004030
0.507031 0.105159 -0.002902 -0.000433
0.105159 0.045874 -0.000434 -0.000148
-0.002902 -0.000434 0.505377 0.104917
-0.000433 -0.000148 0.104917 0.045850
16.906045 1.069324 22.020303 1.995223
0.499590 0.103545 -0.002191 -0.000301
0.103545 0.045527 -0.000301 -0.000113
-0.002191 -0.000301 0.498004 0.103329
-0.000301 -0.000113 0.103329 0.045505
18.065678 1.199004 23.159851 2.024869
0.493696 0.102410 -0.001591 -0.000197
0.102410 0.045310 -0.000197 -0.000087
-0.001591 -0.000197 0.492210 0.102220
-0.000197 -0.000087 0.102220 0.045290
18.437882 1.151886 24.692171 2.132982
0.489037 0.101625 -0.001092 -0.000117
0.101625 0.045179 -0.000118 -0.000067
-0.001092 -0.000118 0.487801 0.101488
-0.000117 -0.000067 0.101488 0.045166
18.942954 1.137100 25.614840 2.102979
0.485422 0.101105 -0.000657 -0.000052
0.101105 0.045106 -0.000053 -0.000050
-0.000657 -0.000053 0.484509 0.101031
-0.000052 -0.000050 0.101031 0.045101
20.061858 1.252029 26.791617 2.129234
0.482661 0.100780 -0.000319 -0.000008
0.100780 0.045067 -0.000008 -0.000039
-0.000319 -0.000008 0.482120 0.100771
-0.000008 -0.000039 0.100771 0.045072
20.422255 1.196451 28.090071 2.178201
0.480542 0.100580 -0.000103 0.000014
0.100580 0.045048 0.000013 -0.000032
-0.000103 0.000013 0.480490 0.100657
0.000014 -0.000032 0.100657 0.045065
21.946906 1.390795 29.316082 2.206968
0.478925 0.100466 0.000055 0.000026
0.100466 0.045037 0.000026 -0.000027
0.000055 0.000026 0.479451 0.100641
0.000026 -0.000027 0.100641 0.045070
22.109992 1.278910 30.363489 2.195180
0.477672 0.100400 0.000035 0.000005
0.100400 0.045027 0.000005 -0.000028
0.000035 0.000005 0.478882 0.100689
0.000005 -0.000028 0.100689 0.045079
22.517520 1.230108 30.476539 1.987909
0.476705 0.100365 -0.000005 -0.000014
0.100365 0.045016 -0.000014 -0.000029
-0.000005 -0.000014 0.478646 0.100770
-0.000014 -0.000029 0.100770 0.045087
23.427136 1.292212 31.396611 1.972329
0.476050 0.100364 -0.000084 -0.000036
0.100364 0.045007 -0.000036 -0.000029
-0.000084 -0.000036 0.478545 0.100844
-0.000036 -0.000029 0.100844 0.045089
24.229895 1.325303 31.689139 1.826058
0.475531 0.100363 -0.000267 -0.000076
0.100363 0.044994 -0.000076 -0.000034
-0.000267 -0.000076 0.478617 0.100924
-0.000076 -0.000034 0.100924 0.045088
24.703047 1.285282 32.375854 1.778323
0.475183 0.100373 -0.000515 -0.000123
0.100373 0.044980 -0.000124 -0.000039
-0.000515 -0.000124 0.478723 0.100986
-0.000123 -0.000039 0.100986 0.045082
25.465783 1.310661 33.580784 1.844945
0.474894 0.100372 -0.000786 -0.000171
0.100372 0.044962 -0.000171 -0.000045
-0.000786 -0.000171 0.478900 0.101041
-0.000171 -0.000045 0.101041 0.045074
26.877890 1.470686 34.843028 1.916648
0.474568 0.100346 -0.001145 -0.000233
0.100346 0.044939 -0.000233 -0.000054
-0.001145 -0.000233 0.479189 0.101105
-0.000233 -0.000054 0.101105 0.045069
27.307465 1.406017 35.865840 1.930235
0.474224 0.100304 -0.001708 -0.000333
0.100304 0.044913 -0.000334 -0.000071
-0.001708 -0.000334 0.479536 0.101168
-0.000333 -0.000071 0.101168 0.045064
28.021487 1.408364 36.987999 1.963361
0.473831 0.100243 -0.002272 -0.000426
0.100243 0.044885 -0.000427 -0.000086
-0.002272 -0.000427 0.479948 0.101233
-0.000426 -0.000086 0.101233 0.045062
28.713368 1.405754 37.928226 1.954617
0.473389 0.100168 -0.002904 -0.000528
0.100168 0.044855 -0.000529 -0.000102
-0.002904 -0.000529 0.480413 0.101302
-0.000528 -0.000102 0.101302 0.045062
29.394340 1.401100 38.834932 1.939729
0.472935 0.100089 -0.003585 -0.000634
0.100089 0.044828 -0.000635 -0.000120
-0.003585 -0.000635 0.480888 0.101367
-0.000634 -0.000120 0.101367 0.045062
30.675732 1.524092 39.930340 1.966383
0.472474 0.100009 -0.004307 -0.000745
0.100009 0.044802 -0.000746 -0.000139
-0.004307 -0.000746 0.481365 0.101428
-0.000745 -0.000139 0.101428 0.045064
31.594699 1.557414 41.140714 2.014302
0.472032 0.099933 -0.005234 -0.000895
0.099933 0.044778 -0.000896 -0.000166
-0.005234 -0.000896 0.481826 0.101483
-0.000895 -0.000166 0.101483 0.045067
32.068590 1.493179 42.713932 2.133314
0.471541 0.099848 -0.006273 -0.001061
0.099848 0.044755 -0.001063 -0.000197
-0.006273 -0.001063 0.482344 0.101549
-0.001061 -0.000197 0.101549 0.045073
32.138708 1.349868 43.733176 2.122878
0.470858 0.099725 -0.007348 -0.001228
0.099725 0.044724 -0.001230 -0.000227
-0.007348 -0.001230 0.483074 0.101659
-0.001228 -0.000227 0.101659 0.045090
32.822984 1.351514 44.386300 2.036994
0.470094 0.099590 -0.008277 -0.001358
0.099590 0.044693 -0.001360 -0.000250
-0.008277 -0.001360 0.483892 0.101783
-0.001358 -0.000250 0.101783 0.045111
33.474499 1.346449 45.480109 2.052805
0.469449 0.099487 -0.009217 -0.001489
0.099487 0.044670 -0.001491 -0.000274
-0.009217 -0.001491 0.484599 0.101879
-0.001489 -0.000274 0.101879 0.045126
34.047997 1.325063 46.286639 2.006491
0.468779 0.099381 -0.010223 -0.001633
0.099381 0.044647 -0.001634 -0.000302
-0.010223 -0.001634 0.485354 0.101984
-0.001633 -0.000302 0.101984 0.045144
34.800581 1.343898 47.076194 1.961720
0.468157 0.099287 -0.011231 -0.001775
0.099287 0.044627 -0.001777 -0.000329
-0.011231 -0.001777 0.486078 0.102080
-0.001775 -0.000329 0.102080 0.045161
35.451451 1.339366 48.014906 1.952843
0.467610 0.099211 -0.012300 -0.001930
0.099211 0.044611 -0.001932 -0.000360
-0.012300 -0.001932 0.486746 0.102165
-0.001930 -0.000360 0.102165 0.045176
35.869682 1.285817 48.883120 1.929749
0.467063 0.099134 -0.013419 -0.002093
0.099134 0.044594 -0.002095 -0.000393
-0.013419 -0.002095 0.487442 0.102256
-0.002093 -0.000393 0.102256 0.045193
