3.738042 2.457344 0.357839 -0.748908
2.575399 1.030182 -0.261185 -0.104476
1.030182 80.416148 -0.104476 -0.041791
-0.261185 -0.104476 2.388565 0.955447
-0.104476 -0.041791 0.955447 80.386254
4.166334 1.115980 2.245538 3.204978
2.225186 3.865240 -0.260683 -0.407503
3.865240 15.395492 -0.400288 -1.367836
-0.260683 -0.400288 2.358492 4.135221
-0.407503 -1.367836 4.135221 15.393673
2.858203 -1.076480 1.519879 0.528454
2.007613 2.335641 -0.214029 -0.232727
2.335641 4.662903 -0.231887 -0.448605
-0.214029 -0.231887 2.040889 2.334966
-0.232727 -0.448605 2.334966 4.530853
6.080470 2.118563 4.157227 2.517668
1.735775 1.470681 -0.212558 -0.174570
1.470681 1.958257 -0.174725 -0.219004
-0.212558 -0.174725 1.744358 1.456996
-0.174570 -0.219004 1.456996 1.909074
8.151931 2.788275 4.699113 2.048947
1.489380 0.987656 -0.150074 -0.096091
0.987656 0.992926 -0.095896 -0.097775
-0.150074 -0.095896 1.503216 0.985885
-0.096091 -0.097775 0.985885 0.978314
9.698617 2.870779 5.062775 1.692173
1.294410 0.705409 -0.111774 -0.059837
0.705409 0.572892 -0.059636 -0.052110
-0.111774 -0.059636 1.322565 0.714135
-0.059837 -0.052110 0.714135 0.571786
9.758697 2.233588 5.847785 1.664858
1.142955 0.529552 -0.087461 -0.040776
0.529552 0.363118 -0.040626 -0.031167
-0.087461 -0.040626 1.180242 0.542065
-0.040776 -0.031167 0.542065 0.365872
10.374844 2.030752 7.586604 2.028178
1.027410 0.414967 -0.073415 -0.030517
0.414967 0.247999 -0.030412 -0.020514
-0.073415 -0.030412 1.061725 0.425019
-0.030517 -0.020514 0.425019 0.250280
10.876307 1.846431 8.464921 1.980564
0.936057 0.336035 -0.061129 -0.022987
0.336035 0.179695 -0.022899 -0.013921
-0.061129 -0.022899 0.962064 0.342303
-0.022987 -0.013921 0.342303 0.180874
11.983123 1.906761 8.709888 1.740779
0.860542 0.278996 -0.051851 -0.017846
0.278996 0.136664 -0.017772 -0.009833
-0.051851 -0.017772 0.880251 0.282970
-0.017846 -0.009833 0.282970 0.137322
13.295973 2.013488 9.552855 1.732237
0.795991 0.236312 -0.044287 -0.014076
0.236312 0.108333 -0.014017 -0.007134
-0.044287 -0.014017 0.813760 0.239700
-0.014076 -0.007134 0.239700 0.108980
12.928582 1.634492 11.269081 1.966072
0.741437 0.204089 -0.037263 -0.011033
0.204089 0.089207 -0.010983 -0.005230
-0.037263 -0.010983 0.758087 0.207158
-0.011033 -0.005230 0.207158 0.089853
13.319411 1.524332 12.378956 1.998999
0.697104 0.179947 -0.031857 -0.008842
0.179947 0.076137 -0.008798 -0.003931
-0.031857 -0.008798 0.709357 0.181861
-0.008842 -0.003931 0.181861 0.076528
13.678878 1.425834 13.407723 2.006419
0.659573 0.161315 -0.027260 -0.007128
0.161315 0.066963 -0.007089 -0.002994
-0.027260 -0.007089 0.668041 0.162374
-0.007128 -0.002994 0.162374 0.067186
14.340927 1.413941 14.396697 2.003134
0.627700 0.146839 -0.023340 -0.005771
0.146839 0.060451 -0.005737 -0.002305
-0.023340 -0.005737 0.633045 0.147289
-0.005771 -0.002305 0.147289 0.060569
15.243394 1.458002 15.646349 2.058808
0.600487 0.135526 -0.019836 -0.004652
0.135526 0.055794 -0.004623 -0.001782
-0.019836 -0.004623 0.603582 0.135613
-0.004652 -0.001782 0.135613 0.055860
15.570737 1.369870 16.463915 2.012534
0.577339 0.126699 -0.016547 -0.003690
0.126699 0.052461 -0.003666 -0.001373
-0.016547 -0.003666 0.578815 0.126576
-0.003690 -0.001373 0.126576 0.052502
15.841410 1.280862 17.498338 2.018550
0.557832 0.119858 -0.013816 -0.002936
0.119858 0.050086 -0.002917 -0.001066
-0.013816 -0.002917 0.558043 0.119596
-0.002936 -0.001066 0.119596 0.050113
16.651842 1.316857 18.592815 2.036582
0.541551 0.114603 -0.011455 -0.002323
0.114603 0.048410 -0.002307 -0.000831
-0.011455 -0.002307 0.540670 0.114230
-0.002323 -0.000831 0.114230 0.048421
16.734368 1.196318 19.908986 2.098768
0.527921 0.110577 -0.009305 -0.001800
0.110577 0.047235 -0.001787 -0.000643
-0.009305 -0.001787 0.526397 0.110175
-0.001800 -0.000643 0.110175 0.047244
17.177217 1.163973 20.911012 2.088857
0.516780 0.107566 -0.007399 -0.001364
0.107566 0.046432 -0.001354 -0.000496
-0.007399 -0.001354 0.514634 0.107121
-0.001364 -0.000496 0.107121 0.046431
17.946633 1.202819 21.845004 2.065996
0.507650 0.105326 -0.005744 -0.001007
0.105326 0.045892 -0.000999 -0.000380
-0.005744 -0.000999 0.505180 0.104887
-0.001007 -0.000380 0.104887 0.045888
19.480509 1.396061 22.760906 2.042026
0.500183 0.103678 -0.004329 -0.000720
0.103678 0.045535 -0.000714 -0.000291
-0.004329 -0.000714 0.497762 0.103306
-0.000720 -0.000291 0.103306 0.045539
20.165310 1.393387 23.994902 2.086270
0.494065 0.102475 -0.003194 -0.000505
0.102475 0.045304 -0.000500 -0.000224
-0.003194 -0.000500 0.492133 0.102242
-0.000505 -0.000224 0.102242 0.045328
20.427642 1.303044 24.679911 2.011614
0.489174 0.101631 -0.002286 -0.000344
0.101631 0.045163 -0.000340 -0.000174
-0.002286 -0.000340 0.487906 0.101551
-0.000344 -0.000174 0.101551 0.045206
20.545967 1.191933 25.301979 1.931454
0.485363 0.101068 -0.001581 -0.000228
0.101068 0.045083 -0.000225 -0.000137
-0.001581 -0.000225 0.484771 0.101122
-0.000228 -0.000137 0.101122 0.045141
21.021881 1.166884 26.355167 1.949722
0.482437 0.100711 -0.001027 -0.000143
0.100711 0.045042 -0.000141 -0.000109
-0.001027 -0.000141 0.482512 0.100882
-0.000143 -0.000109 0.100882 0.045111
21.671417 1.180690 27.042856 1.889558
0.480123 0.100478 -0.000637 -0.000091
0.100478 0.045018 -0.000089 -0.000089
-0.000637 -0.000089 0.481047 0.100793
-0.000091 -0.000089 0.100793 0.045104
22.134521 1.153995 27.868466 1.864537
0.478336 0.100337 -0.000446 -0.000076
0.100337 0.045005 -0.000074 -0.000077
-0.000446 -0.000074 0.480155 0.100794
-0.000076 -0.000077 0.100794 0.045108
23.174539 1.251322 29.316775 1.973030
0.476919 0.100248 -0.000397 -0.000084
0.100248 0.044994 -0.000083 -0.000071
-0.000397 -0.000083 0.479732 0.100860
-0.000084 -0.000071 0.100860 0.045117
23.891099 1.270471 29.967743 1.902400
0.475620 0.100155 -0.000658 -0.000150
0.100155 0.044973 -0.000150 -0.000077
-0.000658 -0.000150 0.479819 0.100995
-0.000150 -0.000077 0.100995 0.045134
24.448722 1.254088 31.539985 2.033223
0.474589 0.100092 -0.001098 -0.000243
0.100092 0.044954 -0.000242 -0.000088
-0.001098 -0.000242 0.480091 0.101131
-0.000243 -0.000088 0.101131 0.045146
24.659205 1.166120 32.048888 1.926228
0.473438 0.099978 -0.001731 -0.000364
0.099978 0.044919 -0.000364 -0.000104
-0.001731 -0.000364 0.480813 0.101327
-0.000364 -0.000104 0.101327 0.045167
25.922864 1.309986 32.655137 1.851050
0.472477 0.099886 -0.002320 -0.000464
0.099886 0.044887 -0.000464 -0.000116
-0.002320 -0.000464 0.481558 0.101494
-0.000464 -0.000116 0.101494 0.045179
26.568558 1.308024 33.626990 1.860812
0.471749 0.099826 -0.003295 -0.000637
0.099826 0.044861 -0.000638 -0.000143
-0.003295 -0.000638 0.482213 0.101616
-0.000637 -0.000143 0.101616 0.045181
26.951627 1.250628 34.479683 1.844381
0.470983 0.099740 -0.004419 -0.000828
0.099740 0.044828 -0.000830 -0.000173
-0.004419 -0.000830 0.483003 0.101749
-0.000828 -0.000173 0.101749 0.045187
27.492622 1.232967 36.002361 1.970793
0.470167 0.099632 -0.005550 -0.001008
0.099632 0.044790 -0.001010 -0.000201
-0.005550 -0.001010 0.483902 0.101890
-0.001008 -0.000201 0.101890 0.045196
28.164973 1.244673 36.700254 1.910317
0.469017 0.099445 -0.006889 -0.001222
0.099445 0.044737 -0.001224 -0.000237
-0.006889 -0.001224 0.485201 0.102104
-0.001222 -0.000237 0.102104 0.045222
28.795781 1.246465 37.647849 1.908732
0.467993 0.099286 -0.008338 -0.001448
0.099286 0.044692 -0.001452 -0.000275
-0.008338 -0.001452 0.486403 0.102281
-0.001448 -0.000275 0.102281 0.045241
29.454906 1.254295 38.853308 1.961523
0.466941 0.099120 -0.009923 -0.001694
0.099120 0.044648 -0.001698 -0.000318
-0.009923 -0.001698 0.487669 0.102462
-0.001694 -0.000318 0.102462 0.045264
29.833810 1.201960 40.215293 2.041298
0.465736 0.098923 -0.011710 -0.001972
0.098923 0.044598 -0.001977 -0.000368
-0.011710 -0.001977 0.489150 0.102680
-0.001972 -0.000368 0.102680 0.045296
30.591382 1.234714 40.816943 1.953614
0.464233 0.098666 -0.013547 -0.002250
0.098666 0.044537 -0.002255 -0.000418
-0.013547 -0.002255 0.491009 0.102969
-0.002250 -0.000418 0.102969 0.045344
31.670813 1.333333 42.002922 1.998143
0.463025 0.098480 -0.015501 -0.002544
0.098480 0.044494 -0.002550 -0.000472
-0.015501 -0.002550 0.492602 0.103189
-0.002544 -0.000472 0.103189 0.045377
32.380501 1.341830 42.629619 1.920283
0.461849 0.098303 -0.017922 -0.002927
0.098303 0.044453 -0.002936 -0.000546
-0.017922 -0.002936 0.494287 0.103421
-0.002927 -0.000546 0.103421 0.045415
32.966407 1.323727 43.595508 1.921308
0.460914 0.098176 -0.020351 -0.003297
0.098176 0.044423 -0.003308 -0.000615
-0.020351 -0.003308 0.495771 0.103608
-0.003297 -0.000615 0.103608 0.045445
33.342525 1.263639 44.913023 1.995152
0.459927 0.098034 -0.022799 -0.003659
0.098034 0.044389 -0.003673 -0.000684
-0.022799 -0.003673 0.497396 0.103824
-0.003659 -0.000684 0.103824 0.045484
34.198626 1.310557 45.560482 1.922721
0.458589 0.097815 -0.025211 -0.004007
0.097815 0.044338 -0.004020 -0.000750
-0.025211 -0.004020 0.499510 0.104142
-0.004007 -0.000750 0.104142 0.045545
35.086625 1.360092 46.462668 1.911106
0.457594 0.097673 -0.027775 -0.004380
0.097673 0.044305 -0.004395 -0.000822
-0.027775 -0.004395 0.501347 0.104390
-0.004380 -0.000822 0.104390 0.045591
35.408142 1.283620 47.473400 1.921360
0.456745 0.097558 -0.030571 -0.004795
0.097558 0.044276 -0.004814 -0.000905
-0.030571 -0.004814 0.503167 0.104632
-0.004795 -0.000905 0.104632 0.045636
35.925615 1.255341 47.994234 1.829432
0.455677 0.097391 -0.033147 -0.005156
0.097391 0.044236 -0.005175 -0.000975
-0.033147 -0.005175 0.505293 0.104937
-0.005156 -0.000975 0.104937 0.045695
