33.016513 0.614200 49.298408 2.003850
0.551539 0.116171 -0.034070 -0.005699
0.116171 0.047572 -0.006082 -0.001378
-0.034070 -0.006082 0.423572 0.089279
-0.005699 -0.001378 0.089279 0.043154
29.079765 -0.270472 49.432799 1.804038
0.566718 0.117677 -0.034561 -0.005531
0.117677 0.047684 -0.005910 -0.001271
-0.034561 -0.005910 0.415218 0.088815
-0.005531 -0.001271 0.088815 0.043169
24.867746 -1.111237 49.015900 1.502380
0.566317 0.116060 -0.028828 -0.004107
0.116060 0.047213 -0.004479 -0.000924
-0.028828 -0.004479 0.414756 0.089889
-0.004107 -0.000924 0.089889 0.043455
21.505487 -1.691811 46.752691 0.831112
0.556459 0.112908 -0.022022 -0.002632
0.112908 0.046533 -0.002982 -0.000605
-0.022022 -0.002982 0.419694 0.091835
-0.002632 -0.000605 0.091835 0.043856
18.612587 -2.115090 44.131620 0.154963
0.535283 0.107964 -0.016235 -0.001559
0.107964 0.045593 -0.001824 -0.000394
-0.016235 -0.001824 0.432357 0.095113
-0.001559 -0.000394 0.095113 0.044481
16.743000 -2.289841 40.520559 -0.659821
0.508145 0.102413 -0.010776 -0.000657
0.102413 0.044629 -0.000821 -0.000230
-0.010776 -0.000821 0.451490 0.099360
-0.000657 -0.000230 0.099360 0.045248
15.644327 -2.290083 36.349272 -1.501377
0.478588 0.096935 0.000757 0.001523
0.096935 0.043753 0.001346 0.000188
0.000757 0.001346 0.476938 0.104504
0.001523 0.000188 0.104504 0.046151
14.495631 -2.298424 31.011534 -2.497225
0.463328 0.094817 0.020786 0.005405
0.094817 0.043594 0.005070 0.000927
0.020786 0.005070 0.494317 0.107355
0.005405 0.000927 0.107355 0.046496
12.835952 -2.404817 25.197968 -3.478111
0.469242 0.097124 0.033288 0.007339
0.097124 0.044302 0.006969 0.001227
0.033288 0.006969 0.489988 0.105277
0.007339 0.001227 0.105277 0.045787
10.932008 -2.546854 20.584145 -4.090270
0.482736 0.100693 0.028888 0.005545
0.100693 0.045167 0.005309 0.000767
0.028888 0.005309 0.474633 0.101180
0.005545 0.000767 0.101180 0.044768
10.144938 -2.440387 16.765847 -4.468425
0.496354 0.103897 0.013470 0.001690
0.103897 0.045858 0.001621 -0.000049
0.013470 0.001621 0.459523 0.097670
0.001690 -0.000049 0.097670 0.044007
8.721625 -2.481104 13.879720 -4.606594
0.507588 0.106261 -0.008866 -0.003171
0.106261 0.046305 -0.003095 -0.000992
-0.008866 -0.003095 0.449845 0.095719
-0.003171 -0.000992 0.095719 0.043657
8.482188 -2.272253 11.644744 -4.593711
0.520477 0.108708 -0.033126 -0.007943
0.108708 0.046730 -0.007739 -0.001840
-0.033126 -0.007739 0.443709 0.094692
-0.007943 -0.001840 0.094692 0.043523
8.540634 -2.023981 10.211291 -4.408821
0.530106 0.110211 -0.060499 -0.012948
0.110211 0.046925 -0.012615 -0.002687
-0.060499 -0.012615 0.445697 0.095434
-0.012948 -0.002687 0.095434 0.043754
8.977738 -1.721431 9.021742 -4.187143
0.532342 0.110016 -0.088034 -0.017613
0.110016 0.046760 -0.017106 -0.003425
-0.088034 -0.017106 0.458212 0.098265
-0.017613 -0.003425 0.098265 0.044384
9.240025 -1.480403 8.554866 -3.830841
0.519953 0.106839 -0.108466 -0.020532
0.106839 0.046009 -0.019747 -0.003776
-0.108466 -0.019747 0.482669 0.103326
-0.020532 -0.003776 0.103326 0.045420
10.505282 -1.054841 7.841401 -3.555731
0.505632 0.103619 -0.121078 -0.021726
0.103619 0.045330 -0.020664 -0.003799
-0.121078 -0.020664 0.507486 0.107968
-0.021726 -0.003799 0.107968 0.046277
11.668414 -0.681272 7.963004 -3.131262
0.485062 0.099529 -0.119446 -0.020072
0.099529 0.044548 -0.018745 -0.003298
-0.119446 -0.018745 0.529586 0.111731
-0.020072 -0.003298 0.111731 0.046913
12.801935 -0.344648 8.430809 -2.681607
0.469118 0.096767 -0.114804 -0.018127
0.096767 0.044090 -0.016637 -0.002848
-0.114804 -0.016637 0.546323 0.114094
-0.018127 -0.002848 0.114094 0.047233
13.686972 -0.097270 8.689315 -2.331508
0.457772 0.095142 -0.109203 -0.016303
0.095142 0.043871 -0.014765 -0.002515
-0.109203 -0.014765 0.557780 0.115245
-0.016303 -0.002515 0.115245 0.047313
14.450609 0.111700 9.818038 -1.843855
0.449177 0.094147 -0.102433 -0.014526
0.094147 0.043764 -0.013011 -0.002252
-0.102433 -0.013011 0.565074 0.115583
-0.014526 -0.002252 0.115583 0.047266
15.227089 0.304956 11.334495 -1.332572
0.445027 0.094049 -0.096538 -0.013144
0.094049 0.043812 -0.011785 -0.002118
-0.096538 -0.011785 0.566738 0.114877
-0.013144 -0.002118 0.114877 0.047052
16.054370 0.487095 13.000131 -0.847839
0.444590 0.094642 -0.089950 -0.011773
0.094642 0.043972 -0.010670 -0.002007
-0.089950 -0.010670 0.561918 0.113089
-0.011773 -0.002007 0.113089 0.046679
16.967487 0.657500 14.245006 -0.500450
0.446584 0.095619 -0.081363 -0.010140
0.095619 0.044180 -0.009312 -0.001844
-0.081363 -0.009312 0.551786 0.110570
-0.010140 -0.001844 0.110570 0.046227
17.779308 0.796734 16.390933 -0.010141
0.449155 0.096549 -0.071136 -0.008342
0.096549 0.044348 -0.007721 -0.001637
-0.071136 -0.007721 0.540140 0.108112
-0.008342 -0.001637 0.108112 0.045848
18.628139 0.909658 17.524389 0.225295
0.453592 0.097738 -0.059137 -0.006318
0.097738 0.044554 -0.005879 -0.001376
-0.059137 -0.005879 0.525830 0.105425
-0.006318 -0.001376 0.105425 0.045460
19.475197 1.012097 19.098778 0.525483
0.457829 0.098702 -0.047462 -0.004509
0.098702 0.044690 -0.004180 -0.001144
-0.047462 -0.004180 0.513467 0.103385
-0.004509 -0.001144 0.103385 0.045222
20.274443 1.093885 21.137393 0.889253
0.462198 0.099559 -0.036278 -0.002893
0.099559 0.044796 -0.002638 -0.000935
-0.036278 -0.002638 0.502635 0.101804
-0.002893 -0.000935 0.101804 0.045072
21.097016 1.163713 22.781978 1.136717
0.466402 0.100272 -0.026098 -0.001538
0.100272 0.044869 -0.001330 -0.000758
-0.026098 -0.001330 0.493719 0.100683
-0.001538 -0.000758 0.100683 0.044997
21.894625 1.218628 24.578621 1.390674
0.469478 0.100662 -0.017913 -0.000612
0.100662 0.044877 -0.000432 -0.000648
-0.017913 -0.000432 0.487639 0.100146
-0.000612 -0.000648 0.100146 0.045013
23.159030 1.363405 26.137831 1.572640
0.470774 0.100640 -0.012173 -0.000163
0.100640 0.044809 0.000001 -0.000610
-0.012173 0.000001 0.484605 0.100178
-0.000163 -0.000610 0.100178 0.045109
23.541625 1.301988 27.528807 1.697285
0.470315 0.100265 -0.009823 -0.000339
0.100265 0.044685 -0.000194 -0.000674
-0.009823 -0.000194 0.484222 0.100650
-0.000339 -0.000674 0.100650 0.045258
24.605000 1.392146 29.245434 1.879535
0.467983 0.099561 -0.009477 -0.000801
0.099561 0.044514 -0.000671 -0.000765
-0.009477 -0.000671 0.486282 0.101499
-0.000801 -0.000765 0.101499 0.045450
25.449775 1.425011 30.836147 2.016038
0.463834 0.098566 -0.012428 -0.001805
0.098566 0.044305 -0.001693 -0.000941
-0.012428 -0.001693 0.490917 0.102731
-0.001805 -0.000941 0.102731 0.045688
26.317808 1.458474 32.115042 2.072986
0.458349 0.097403 -0.017697 -0.003113
0.097403 0.044082 -0.003022 -0.001152
-0.017697 -0.003022 0.497865 0.104275
-0.003113 -0.001152 0.104275 0.045963
27.198460 1.490934 33.312940 2.106963
0.452661 0.096312 -0.024599 -0.004576
0.096312 0.043891 -0.004508 -0.001374
-0.024599 -0.004508 0.506150 0.105917
-0.004576 -0.001374 0.105917 0.046234
27.514871 1.399201 34.258588 2.083757
0.447198 0.095357 -0.032509 -0.006076
0.095357 0.043737 -0.006031 -0.001587
-0.032509 -0.006031 0.515444 0.107598
-0.006076 -0.001587 0.107598 0.046494
28.557790 1.473582 35.673578 2.162183
0.441887 0.094496 -0.039227 -0.007176
0.094496 0.043603 -0.007144 -0.001707
-0.039227 -0.007144 0.525273 0.109240
-0.007176 -0.001707 0.109240 0.046737
29.180201 1.450278 37.154514 2.244695
0.436640 0.093684 -0.045992 -0.008198
0.093684 0.043474 -0.008173 -0.001816
-0.045992 -0.008173 0.536128 0.110964
-0.008198 -0.001816 0.110964 0.046992
29.879478 1.445477 38.466855 2.283766
0.431192 0.092859 -0.049962 -0.008583
0.092859 0.043337 -0.008535 -0.001799
-0.049962 -0.008535 0.547032 0.112590
-0.008583 -0.001799 0.112590 0.047227
29.947537 1.302651 39.434735 2.244903
0.426475 0.092222 -0.050616 -0.008300
0.092222 0.043236 -0.008202 -0.001661
-0.050616 -0.008202 0.555792 0.113701
-0.008300 -0.001661 0.113701 0.047363
30.904437 1.370476 40.779351 2.291890
0.423169 0.091902 -0.047859 -0.007397
0.091902 0.043195 -0.007233 -0.001423
-0.047859 -0.007233 0.560760 0.114034
-0.007397 -0.001423 0.114034 0.047359
31.622142 1.376857 41.807705 2.268244
0.422629 0.092166 -0.041616 -0.005908
0.092166 0.043270 -0.005682 -0.001100
-0.041616 -0.005682 0.559389 0.113164
-0.005908 -0.001100 0.113164 0.047141
32.515558 1.419673 42.596143 2.199676
0.425515 0.093098 -0.033566 -0.004212
0.093098 0.043471 -0.003956 -0.000772
-0.033566 -0.003956 0.551695 0.111201
-0.004212 -0.000772 0.111201 0.046746
33.277460 1.433407 44.088728 2.279128
0.432058 0.094683 -0.025334 -0.002637
0.094683 0.043785 -0.002397 -0.000503
-0.025334 -0.002397 0.538750 0.108436
-0.002637 -0.000503 0.108436 0.046238
33.555762 1.337754 45.315615 2.294496
0.446557 0.097804 -0.018548 -0.001455
0.097804 0.044402 -0.001337 -0.000341
-0.018548 -0.001337 0.516176 0.104014
-0.001455 -0.000341 0.104014 0.045438
34.279724 1.348014 46.073395 2.215810
0.465444 0.101536 -0.015266 -0.001056
0.101536 0.045099 -0.001102 -0.000345
-0.015266 -0.001102 0.492020 0.099643
-0.001056 -0.000345 0.099643 0.044697
34.984289 1.351019 46.227029 2.020874
0.487259 0.105529 -0.015800 -0.001436
0.105529 0.045806 -0.001646 -0.000494
-0.015800 -0.001646 0.469148 0.095833
-0.001436 -0.000494 0.095833 0.044094
35.472569 1.311833 47.544021 2.083663
0.508711 0.109092 -0.018628 -0.002229
0.109092 0.046386 -0.002548 -0.000695
-0.018628 -0.002548 0.450543 0.093099
-0.002229 -0.000695 0.093099 0.043710
35.815549 1.245805 48.707785 2.108282
0.533911 0.113177 -0.026284 -0.003927
0.113177 0.047064 -0.004327 -0.001055
-0.026284 -0.004327 0.433187 0.090673
-0.003927 -0.001055 0.090673 0.043358
