33.948180 0.727267 48.807616 1.916871
0.555848 0.116684 -0.039052 -0.006801
0.116684 0.047631 -0.007148 -0.001569
-0.039052 -0.007148 0.422173 0.089304
-0.006801 -0.001569 0.089304 0.043181
30.378351 -0.090154 49.013920 1.741548
0.571111 0.118203 -0.039964 -0.006595
0.118203 0.047755 -0.006945 -0.001439
-0.039964 -0.006945 0.414168 0.088850
-0.006595 -0.001439 0.088850 0.043179
26.418900 -0.898014 47.986506 1.312181
0.570115 0.116475 -0.033698 -0.004950
0.116475 0.047272 -0.005309 -0.001039
-0.033698 -0.005309 0.413827 0.089900
-0.004950 -0.001039 0.089900 0.043448
22.973125 -1.514526 46.265561 0.777061
0.554270 0.112142 -0.025645 -0.003162
0.112142 0.046364 -0.003484 -0.000654
-0.025645 -0.003484 0.421741 0.092462
-0.003162 -0.000654 0.092462 0.043978
19.571190 -2.057941 43.955781 0.171027
0.530765 0.106864 -0.018915 -0.001875
0.106864 0.045385 -0.002104 -0.000406
-0.018915 -0.002104 0.435908 0.095977
-0.001875 -0.000406 0.095977 0.044638
18.028353 -2.173905 40.544589 -0.600691
0.503753 0.101483 -0.012727 -0.000827
0.101483 0.044480 -0.000951 -0.000223
-0.012727 -0.000951 0.455345 0.100182
-0.000827 -0.000223 0.100182 0.045381
17.145713 -2.144030 36.414453 -1.438272
0.475602 0.096393 -0.002334 0.001073
0.096393 0.043693 0.000973 0.000128
-0.002334 0.000973 0.480024 0.105060
0.001073 0.000128 0.105060 0.046215
15.266333 -2.318906 31.331760 -2.386094
0.459040 0.094062 0.014201 0.004191
0.094062 0.043491 0.003993 0.000707
0.014201 0.003993 0.498249 0.108037
0.004191 0.000707 0.108037 0.046588
13.682265 -2.410516 25.880473 -3.299416
0.463159 0.096072 0.027902 0.006462
0.096072 0.044140 0.006200 0.001082
0.027902 0.006200 0.495287 0.106209
0.006462 0.001082 0.106209 0.045936
11.965711 -2.515044 21.076424 -3.969929
0.476256 0.099639 0.026553 0.005368
0.099639 0.045008 0.005181 0.000762
0.026553 0.005181 0.480432 0.102155
0.005368 0.000762 0.102155 0.044925
10.845951 -2.483159 17.592768 -4.287758
0.489613 0.102850 0.012918 0.001874
0.102850 0.045699 0.001802 0.000002
0.012918 0.001802 0.465279 0.098574
0.001874 0.000002 0.098574 0.044148
10.202225 -2.354770 14.225042 -4.548375
0.501354 0.105366 -0.007149 -0.002554
0.105366 0.046173 -0.002528 -0.000871
-0.007149 -0.002528 0.454631 0.096368
-0.002554 -0.000871 0.096368 0.043746
9.938408 -2.164598 12.793134 -4.370732
0.509670 0.106888 -0.032969 -0.007734
0.106888 0.046398 -0.007623 -0.001829
-0.032969 -0.007623 0.451735 0.096022
-0.007734 -0.001829 0.096022 0.043767
9.528602 -2.023987 11.627586 -4.153260
0.516091 0.107832 -0.057869 -0.012241
0.107832 0.046487 -0.012050 -0.002582
-0.057869 -0.012050 0.454902 0.096942
-0.012241 -0.002582 0.096942 0.044032
9.718404 -1.770427 10.845288 -3.873668
0.521492 0.108451 -0.081054 -0.016036
0.108451 0.046507 -0.015754 -0.003156
-0.081054 -0.015754 0.462280 0.098599
-0.016036 -0.003156 0.098599 0.044407
10.170791 -1.488229 9.698015 -3.697712
0.522051 0.108005 -0.100839 -0.018897
0.108005 0.046314 -0.018485 -0.003532
-0.100839 -0.018485 0.474961 0.101174
-0.018897 -0.003532 0.101174 0.044931
10.809577 -1.189056 9.313724 -3.373111
0.512490 0.105541 -0.114771 -0.020488
0.105541 0.045735 -0.019831 -0.003656
-0.114771 -0.019831 0.494990 0.105067
-0.020488 -0.003656 0.105067 0.045688
11.886636 -0.823361 9.263607 -3.006113
0.499931 0.102760 -0.121553 -0.020643
0.102760 0.045156 -0.019737 -0.003531
-0.121553 -0.019737 0.514584 0.108542
-0.020643 -0.003531 0.108542 0.046305
12.781244 -0.528749 9.402284 -2.641046
0.486534 0.100131 -0.121559 -0.019573
0.100131 0.044664 -0.018464 -0.003225
-0.121559 -0.018464 0.530835 0.111085
-0.019573 -0.003225 0.111085 0.046703
13.194604 -0.352601 10.360226 -2.151542
0.474821 0.098106 -0.117824 -0.017996
0.098106 0.044328 -0.016763 -0.002894
-0.117824 -0.016763 0.542862 0.112620
-0.017996 -0.002894 0.112620 0.046891
13.102137 -0.302560 11.327844 -1.723616
0.468904 0.097418 -0.114222 -0.016678
0.097418 0.044271 -0.015505 -0.002698
-0.114222 -0.015505 0.548175 0.112708
-0.016678 -0.002698 0.112708 0.046796
13.900285 -0.063006 12.758447 -1.233745
0.468402 0.097848 -0.111228 -0.015658
0.097848 0.044421 -0.014716 -0.002617
-0.111228 -0.014716 0.546769 0.111517
-0.015658 -0.002617 0.111517 0.046480
14.559496 0.116898 14.092753 -0.820969
0.469582 0.098572 -0.104518 -0.014046
0.098572 0.044609 -0.013378 -0.002434
-0.104518 -0.013378 0.539451 0.109418
-0.014046 -0.002434 0.109418 0.046051
15.539157 0.348262 15.767256 -0.378748
0.471621 0.099379 -0.095134 -0.012100
0.099379 0.044788 -0.011686 -0.002195
-0.095134 -0.011686 0.528860 0.106999
-0.012100 -0.002195 0.106999 0.045625
15.887231 0.401003 16.557932 -0.175320
0.473653 0.100092 -0.082592 -0.009732
0.100092 0.044931 -0.009511 -0.001873
-0.082592 -0.009511 0.516482 0.104561
-0.009732 -0.001873 0.104561 0.045248
16.512685 0.518335 18.256856 0.197085
0.475934 0.100723 -0.070885 -0.007758
0.100723 0.045035 -0.007672 -0.001632
-0.070885 -0.007672 0.505432 0.102633
-0.007758 -0.001632 0.102633 0.044999
17.672479 0.726647 19.547398 0.453893
0.478573 0.101349 -0.058108 -0.005708
0.101349 0.045134 -0.005719 -0.001365
-0.058108 -0.005719 0.494563 0.100921
-0.005708 -0.001365 0.100921 0.044801
18.443544 0.831846 21.314397 0.776508
0.479955 0.101622 -0.045332 -0.003797
0.101622 0.045153 -0.003835 -0.001108
-0.045332 -0.003835 0.486418 0.099879
-0.003797 -0.001108 0.099879 0.044734
19.708648 1.027764 23.234593 1.102634
0.480939 0.101765 -0.033102 -0.002083
0.101765 0.045148 -0.002125 -0.000874
-0.033102 -0.002125 0.480250 0.099262
-0.002083 -0.000874 0.099262 0.044731
20.530232 1.102349 24.912893 1.339975
0.480405 0.101555 -0.022281 -0.000713
0.101555 0.045074 -0.000730 -0.000689
-0.022281 -0.000730 0.477207 0.099251
-0.000713 -0.000689 0.099251 0.044823
21.570129 1.210348 26.303413 1.493875
0.478436 0.101048 -0.013882 0.000151
0.101048 0.044946 0.000167 -0.000584
-0.013882 0.000167 0.476987 0.099725
0.000151 -0.000584 0.099725 0.044979
22.216554 1.223428 27.966904 1.686499
0.475087 0.100288 -0.008657 0.000409
0.100288 0.044779 0.000456 -0.000577
-0.008657 0.000456 0.479186 0.100565
0.000409 -0.000577 0.100565 0.045174
22.420113 1.138997 29.348185 1.798379
0.469977 0.099226 -0.006050 0.000234
0.099226 0.044563 0.000305 -0.000627
-0.006050 0.000305 0.483888 0.101778
0.000234 -0.000627 0.101778 0.045415
23.355660 1.217174 30.628902 1.879420
0.463668 0.098007 -0.004879 -0.000093
0.098007 0.044331 -0.000008 -0.000677
-0.004879 -0.000008 0.490463 0.103222
-0.000093 -0.000677 0.103222 0.045676
24.168404 1.260710 31.803981 1.929136
0.456836 0.096774 -0.006583 -0.000874
0.096774 0.044108 -0.000791 -0.000798
-0.006583 -0.000791 0.498348 0.104775
-0.000874 -0.000798 0.104775 0.045937
25.471534 1.403775 32.896847 1.956433
0.450031 0.095632 -0.010343 -0.001911
0.095632 0.043913 -0.001845 -0.000949
-0.010343 -0.001845 0.507041 0.106343
-0.001911 -0.000949 0.106343 0.046186
26.387560 1.449476 33.904672 1.962704
0.444027 0.094721 -0.016912 -0.003360
0.094721 0.043767 -0.003329 -0.001170
-0.016912 -0.003329 0.515885 0.107808
-0.003360 -0.001170 0.107808 0.046404
27.561265 1.546130 35.475871 2.085703
0.438817 0.094006 -0.024442 -0.004822
0.094006 0.043656 -0.004833 -0.001375
-0.024442 -0.004833 0.524869 0.109195
-0.004822 -0.001375 0.109195 0.046605
27.912431 1.454888 36.191066 2.017380
0.433655 0.093297 -0.032475 -0.006229
0.093297 0.043535 -0.006283 -0.001560
-0.032475 -0.006283 0.535099 0.110755
-0.006229 -0.001560 0.110755 0.046843
28.430770 1.410457 37.571140 2.093455
0.429396 0.092775 -0.038728 -0.007140
0.092775 0.043444 -0.007219 -0.001638
-0.038728 -0.007219 0.544490 0.112055
-0.007140 -0.001638 0.112055 0.047030
29.625856 1.516911 38.629934 2.097328
0.425324 0.092270 -0.042145 -0.007414
0.092270 0.043346 -0.007482 -0.001591
-0.042145 -0.007482 0.553222 0.113178
-0.007414 -0.001591 0.113178 0.047190
29.925919 1.417579 39.854821 2.131509
0.422248 0.091957 -0.044156 -0.007419
0.091957 0.043279 -0.007463 -0.001512
-0.044156 -0.007463 0.560134 0.113915
-0.007419 -0.001512 0.113915 0.047283
30.840238 1.462656 40.933506 2.135050
0.420567 0.091923 -0.041976 -0.006619
0.091923 0.043266 -0.006599 -0.001287
-0.041976 -0.006599 0.562827 0.113839
-0.006619 -0.001287 0.113839 0.047231
31.348372 1.413535 41.983665 2.130439
0.421165 0.092335 -0.037053 -0.005381
0.092335 0.043339 -0.005292 -0.001005
-0.037053 -0.005292 0.560306 0.112828
-0.005381 -0.001005 0.112828 0.047022
31.851917 1.371622 43.585083 2.237220
0.424891 0.093345 -0.030121 -0.003878
0.093345 0.043528 -0.003738 -0.000704
-0.030121 -0.003738 0.551804 0.110807
-0.003878 -0.000704 0.110807 0.046646
32.685777 1.402092 44.286703 2.154177
0.434982 0.095611 -0.022261 -0.002319
0.095611 0.043972 -0.002197 -0.000426
-0.022261 -0.002197 0.533689 0.107111
-0.002319 -0.000426 0.107111 0.045976
33.901892 1.514564 45.238055 2.131161
0.448274 0.098314 -0.016226 -0.001260
0.098314 0.044471 -0.001206 -0.000276
-0.016226 -0.001206 0.513527 0.103355
-0.001260 -0.000276 0.103355 0.045344
34.694253 1.520013 45.744137 2.017957
0.467789 0.102089 -0.014027 -0.001037
0.102089 0.045168 -0.001130 -0.000308
-0.014027 -0.001130 0.489208 0.099046
-0.001037 -0.000308 0.099046 0.044626
35.359136 1.498350 46.436599 1.952919
0.489411 0.105957 -0.015273 -0.001512
0.105957 0.045842 -0.001747 -0.000469
-0.015273 -0.001747 0.467011 0.095449
-0.001512 -0.000469 0.095449 0.044071
36.418149 1.565300 47.595143 1.991513
0.513158 0.109948 -0.020356 -0.002712
0.109948 0.046513 -0.003064 -0.000752
-0.020356 -0.003064 0.447268 0.092516
-0.002712 -0.000752 0.092516 0.043642
