2.542223 1.979006 -0.504756 -1.093954
2.490737 0.996316 -0.101026 -0.040411
0.996316 80.402602 -0.040411 -0.016165
-0.101026 -0.040411 2.420540 0.968237
-0.040411 -0.016165 0.968237 80.391370
4.226434 3.232743 3.554797 6.986134
2.241660 3.914393 -0.114057 -0.180287
3.914393 15.283610 -0.179168 -0.571591
-0.114057 -0.179168 2.290249 4.013190
-0.180287 -0.571591 4.013190 15.277803
6.109234 3.526165 3.278874 2.647880
2.004671 2.322216 -0.069529 -0.072681
2.322216 4.590785 -0.072451 -0.153633
-0.069529 -0.072451 2.002616 2.305353
-0.072681 -0.153633 2.305353 4.521925
6.426324 2.306114 4.338732 2.425549
1.709696 1.442346 -0.056704 -0.046968
1.442346 1.915992 -0.046885 -0.068864
-0.056704 -0.046885 1.721947 1.446093
-0.046968 -0.068864 1.446093 1.905508
6.560101 1.632466 4.457195 1.705483
1.477981 0.977433 -0.048148 -0.032448
0.977433 0.979152 -0.032412 -0.035946
-0.048148 -0.032412 1.487394 0.979438
-0.032448 -0.035946 0.979438 0.975013
7.757436 1.840334 4.220159 1.115048
1.296104 0.704659 -0.042853 -0.024127
0.704659 0.569001 -0.024112 -0.021175
-0.042853 -0.024112 1.304210 0.706319
-0.024127 -0.021175 0.706319 0.567405
8.746898 1.871979 5.390415 1.397125
1.150386 0.531555 -0.037458 -0.018020
0.531555 0.361979 -0.018013 -0.013184
-0.037458 -0.018013 1.161418 0.534783
-0.018020 -0.013184 0.534783 0.362210
9.204220 1.678683 7.189975 1.839179
1.034707 0.416598 -0.031613 -0.013286
0.416598 0.247319 -0.013280 -0.008467
-0.031613 -0.013280 1.045372 0.419475
-0.013286 -0.008467 0.419475 0.247766
9.405311 1.450369 8.053474 1.819497
0.941770 0.336938 -0.026362 -0.009871
0.336938 0.179129 -0.009863 -0.005637
-0.026362 -0.009863 0.949422 0.338567
-0.009871 -0.005637 0.338567 0.179290
11.102315 1.764340 8.993695 1.828897
0.865095 0.279510 -0.022495 -0.007615
0.279510 0.136232 -0.007608 -0.003939
-0.022495 -0.007608 0.870235 0.280321
-0.007615 -0.003939 0.280321 0.136248
11.115671 1.507132 10.355100 1.961089
0.800474 0.236850 -0.018715 -0.005801
0.236850 0.108084 -0.005794 -0.002784
-0.018715 -0.005794 0.804807 0.237492
-0.005801 -0.002784 0.237492 0.108138
11.975371 1.536325 11.045164 1.881552
0.746602 0.204847 -0.015798 -0.004530
0.204847 0.089133 -0.004524 -0.002031
-0.015798 -0.004524 0.749387 0.205121
-0.004530 -0.002031 0.205121 0.089135
12.693335 1.523482 11.583778 1.778292
0.700829 0.180334 -0.013384 -0.003578
0.180334 0.076036 -0.003572 -0.001512
-0.013384 -0.003572 0.702801 0.180473
-0.003578 -0.001512 0.180473 0.076040
12.542846 1.300992 12.934242 1.890704
0.661887 0.161396 -0.011421 -0.002863
0.161396 0.066843 -0.002859 -0.001147
-0.011421 -0.002859 0.663453 0.161503
-0.002863 -0.001147 0.161503 0.066863
13.741375 1.428836 14.162524 1.956591
0.629110 0.146771 -0.009800 -0.002315
0.146771 0.060342 -0.002311 -0.000883
-0.009800 -0.002311 0.629797 0.146726
-0.002315 -0.000883 0.146726 0.060340
15.234039 1.604074 15.242256 1.979423
0.601203 0.135370 -0.008224 -0.001837
0.135370 0.055700 -0.001833 -0.000677
-0.008224 -0.001833 0.601375 0.135264
-0.001837 -0.000677 0.135264 0.055695
15.333604 1.450237 16.499877 2.038000
0.577482 0.126484 -0.006751 -0.001429
0.126484 0.052380 -0.001426 -0.000517
-0.006751 -0.001426 0.577478 0.126389
-0.001429 -0.000517 0.126389 0.052384
15.768360 1.388019 18.067961 2.155705
0.557616 0.119628 -0.005535 -0.001114
0.119628 0.050022 -0.001112 -0.000399
-0.005535 -0.001112 0.557287 0.119502
-0.001114 -0.000399 0.119502 0.050023
16.743459 1.447399 18.919533 2.107929
0.541043 0.114367 -0.004453 -0.000853
0.114367 0.048359 -0.000851 -0.000307
-0.004453 -0.000851 0.540380 0.114204
-0.000853 -0.000307 0.114204 0.048353
17.564674 1.467874 20.328337 2.182219
0.527228 0.110351 -0.003536 -0.000645
0.110351 0.047196 -0.000644 -0.000237
-0.003536 -0.000644 0.526438 0.110190
-0.000645 -0.000237 0.110190 0.047191
18.460558 1.501588 21.522695 2.203737
0.515855 0.107331 -0.002735 -0.000475
0.107331 0.046398 -0.000474 -0.000182
-0.002735 -0.000474 0.515027 0.107187
-0.000475 -0.000182 0.107187 0.046395
19.107663 1.480066 22.559262 2.190166
0.506578 0.105095 -0.002065 -0.000341
0.105095 0.045862 -0.000340 -0.000140
-0.002065 -0.000340 0.505815 0.104982
-0.000341 -0.000140 0.104982 0.045863
19.708833 1.451174 22.988965 2.052123
0.499111 0.103476 -0.001524 -0.000240
0.103476 0.045513 -0.000239 -0.000108
-0.001524 -0.000239 0.498475 0.103400
-0.000240 -0.000108 0.103400 0.045519
19.982367 1.357412 24.317799 2.114927
0.493193 0.102336 -0.001114 -0.000169
0.102336 0.045295 -0.000168 -0.000086
-0.001114 -0.000168 0.492710 0.102296
-0.000169 -0.000086 0.102296 0.045305
20.291431 1.280592 25.553128 2.151885
0.488557 0.101557 -0.000779 -0.000114
0.101557 0.045166 -0.000114 -0.000068
-0.000779 -0.000114 0.488280 0.101558
-0.000114 -0.000068 0.101558 0.045180
21.197025 1.335862 26.555891 2.136649
0.484965 0.101043 -0.000511 -0.000073
0.101043 0.045093 -0.000073 -0.000054
-0.000511 -0.000073 0.484968 0.101095
-0.000073 -0.000054 0.101095 0.045114
21.624985 1.285740 27.627014 2.137223
0.482216 0.100719 -0.000350 -0.000053
0.100719 0.045055 -0.000053 -0.000045
-0.000350 -0.000053 0.482569 0.100834
-0.000053 -0.000045 0.100834 0.045085
22.024163 1.234707 28.143114 2.021510
0.480132 0.100527 -0.000253 -0.000044
0.100527 0.045036 -0.000044 -0.000039
-0.000253 -0.000044 0.480904 0.100713
-0.000044 -0.000039 0.100713 0.045077
22.410451 1.186220 29.089328 2.007966
0.478609 0.100431 -0.000211 -0.000043
0.100431 0.045029 -0.000043 -0.000035
-0.000211 -0.000043 0.479771 0.100677
-0.000043 -0.000035 0.100677 0.045078
22.748330 1.132553 30.723481 2.140429
0.477472 0.100387 -0.000218 -0.000050
0.100387 0.045023 -0.000050 -0.000032
-0.000218 -0.000050 0.479085 0.100703
-0.000050 -0.000032 0.100703 0.045083
23.351921 1.140415 31.500705 2.078760
0.476534 0.100352 -0.000270 -0.000064
0.100352 0.045012 -0.000064 -0.000031
-0.000270 -0.000064 0.478821 0.100783
-0.000064 -0.000031 0.100783 0.045092
24.235424 1.206480 32.535531 2.077796
0.475819 0.100336 -0.000392 -0.000089
0.100336 0.044999 -0.000089 -0.000033
-0.000392 -0.000089 0.478780 0.100873
-0.000089 -0.000033 0.100873 0.045097
24.747041 1.187140 33.058616 1.969049
0.475233 0.100319 -0.000626 -0.000133
0.100319 0.044982 -0.000134 -0.000039
-0.000626 -0.000134 0.478921 0.100970
-0.000133 -0.000039 0.100970 0.045100
25.305710 1.179756 33.356097 1.824144
0.474791 0.100308 -0.000890 -0.000180
0.100308 0.044964 -0.000180 -0.000045
-0.000890 -0.000180 0.479126 0.101052
-0.000180 -0.000045 0.101052 0.045098
25.778476 1.154982 33.902641 1.747034
0.474482 0.100305 -0.001178 -0.000228
0.100305 0.044947 -0.000228 -0.000051
-0.001178 -0.000228 0.479324 0.101110
-0.000228 -0.000051 0.101110 0.045090
26.059907 1.092381 34.957647 1.785295
0.474225 0.100296 -0.001486 -0.000276
0.100296 0.044927 -0.000277 -0.000058
-0.001486 -0.000277 0.479543 0.101157
-0.000276 -0.000058 0.101157 0.045080
26.932725 1.161489 35.902694 1.796386
0.473903 0.100258 -0.001806 -0.000325
0.100258 0.044902 -0.000325 -0.000065
-0.001806 -0.000325 0.479868 0.101214
-0.000325 -0.000065 0.101214 0.045075
27.523704 1.163659 36.827901 1.802084
0.473563 0.100209 -0.002245 -0.000396
0.100209 0.044877 -0.000397 -0.000077
-0.002245 -0.000397 0.480224 0.101269
-0.000396 -0.000077 0.101269 0.045070
27.928717 1.126273 37.896798 1.837433
0.473188 0.100147 -0.002739 -0.000476
0.100147 0.044850 -0.000476 -0.000091
-0.002739 -0.000476 0.480618 0.101324
-0.000476 -0.000091 0.101324 0.045067
28.458777 1.119305 38.938251 1.863291
0.472733 0.100065 -0.003259 -0.000556
0.100065 0.044821 -0.000557 -0.000105
-0.003259 -0.000557 0.481088 0.101390
-0.000556 -0.000105 0.101390 0.045069
29.484498 1.217901 39.649187 1.816953
0.472220 0.099972 -0.003830 -0.000645
0.099972 0.044792 -0.000646 -0.000121
-0.003830 -0.000646 0.481612 0.101463
-0.000645 -0.000121 0.101463 0.045073
30.125979 1.224753 40.471262 1.798771
0.471777 0.099896 -0.004538 -0.000759
0.099896 0.044769 -0.000760 -0.000142
-0.004538 -0.000760 0.482062 0.101516
-0.000759 -0.000142 0.101516 0.045075
31.105944 1.302606 41.372742 1.799397
0.471333 0.099821 -0.005288 -0.000876
0.099821 0.044748 -0.000878 -0.000164
-0.005288 -0.000878 0.482513 0.101569
-0.000876 -0.000164 0.101569 0.045079
31.998314 1.353455 41.908710 1.723004
0.470910 0.099752 -0.006170 -0.001018
0.099752 0.044729 -0.001019 -0.000190
-0.006170 -0.001019 0.482950 0.101619
-0.001018 -0.000190 0.101619 0.045084
32.970874 1.415955 42.511221 1.668736
0.470587 0.099704 -0.007107 -0.001164
0.099704 0.044715 -0.001166 -0.000218
-0.007107 -0.001166 0.483290 0.101650
-0.001164 -0.000218 0.101650 0.045086
33.879445 1.458568 43.469310 1.694915
0.470348 0.099674 -0.008121 -0.001321
0.099674 0.044706 -0.001324 -0.000248
-0.008121 -0.001324 0.483556 0.101668
-0.001321 -0.000248 0.101668 0.045087
34.635241 1.463862 43.973628 1.622813
0.470084 0.099636 -0.009237 -0.001495
0.099636 0.044694 -0.001499 -0.000281
-0.009237 -0.001499 0.483870 0.101700
-0.001495 -0.000281 0.101700 0.045092
35.198814 1.428803 45.366917 1.744905
0.469895 0.099612 -0.010337 -0.001659
0.099612 0.044686 -0.001663 -0.000312
-0.010337 -0.001663 0.484121 0.101722
-0.001659 -0.000312 0.101722 0.045096
35.867722 1.419695 46.673794 1.836116
0.469495 0.099541 -0.011510 -0.001834
0.099541 0.044668 -0.001839 -0.000345
-0.011510 -0.001839 0.484621 0.101799
-0.001834 -0.000345 0.101799 0.045113
36.676878 1.440744 47.582055 1.834198
0.468958 0.099444 -0.012771 -0.002025
0.099444 0.044646 -0.002029 -0.000382
-0.012771 -0.002029 0.485297 0.101911
-0.002025 -0.000382 0.101911 0.045136
