-0.532044 0.749272 2.788505 0.223379
2.053490 0.821414 -0.226717 -0.090689
0.821414 80.332639 -0.090689 -0.036276
-0.226717 -0.090689 3.101368 1.240574
-0.090689 -0.036276 1.240574 80.500307
3.804286 7.789989 1.176865 -2.622724
2.464949 4.373767 -1.430264 -2.378051
4.373767 14.910456 -2.483734 -4.773806
-1.430264 -2.483734 3.621883 6.115225
-2.378051 -4.773806 6.115225 20.460144
5.007706 4.859256 2.457129 0.066337
2.370375 2.706621 -0.300861 -0.126520
2.706621 4.718361 -0.230832 -0.347924
-0.300861 -0.230832 1.815895 2.027161
-0.126520 -0.347924 2.027161 4.684227
6.600677 4.194767 3.766211 1.156774
1.839818 1.491099 -0.058500 0.006226
1.491099 1.828036 -0.029835 -0.131401
-0.058500 -0.029835 1.617900 1.413996
0.006226 -0.131401 1.413996 2.111547
6.608096 2.879795 2.910421 0.154533
1.347866 0.856926 -0.126446 -0.083458
0.856926 0.849174 -0.094495 -0.135641
-0.126446 -0.094495 1.683813 1.168431
-0.083458 -0.135641 1.168431 1.212265
8.905591 3.323600 4.072250 0.760530
1.189883 0.630786 -0.061886 -0.040247
0.630786 0.507761 -0.046621 -0.067595
-0.061886 -0.046621 1.443644 0.812139
-0.040247 -0.067595 0.812139 0.674819
9.600585 2.887797 4.135770 0.618330
1.009279 0.459453 -0.107722 -0.059415
0.459453 0.318912 -0.063121 -0.055870
-0.107722 -0.063121 1.382210 0.656277
-0.059415 -0.055870 0.656277 0.445217
10.124287 2.507141 6.014324 1.267114
0.891650 0.357135 -0.120218 -0.056372
0.357135 0.218589 -0.058789 -0.040547
-0.120218 -0.058789 1.288199 0.527379
-0.056372 -0.040547 0.527379 0.305817
10.628543 2.228687 8.305786 1.868261
0.819270 0.294179 -0.168349 -0.066225
0.294179 0.161442 -0.067735 -0.035265
-0.168349 -0.067735 1.200928 0.432839
-0.066225 -0.035265 0.432839 0.221351
10.674685 1.884026 8.491034 1.632194
0.787328 0.256704 -0.200887 -0.068255
0.256704 0.127547 -0.069148 -0.029498
-0.200887 -0.069148 1.081211 0.348827
-0.068255 -0.029498 0.348827 0.163232
11.311163 1.793029 8.969239 1.533677
0.753243 0.225167 -0.212617 -0.063596
0.225167 0.103689 -0.064293 -0.023588
-0.212617 -0.064293 0.988313 0.290033
-0.063596 -0.023588 0.290033 0.126679
11.760540 1.669413 9.986785 1.601086
0.716059 0.198298 -0.207986 -0.055539
0.198298 0.086539 -0.056120 -0.018269
-0.207986 -0.056120 0.910716 0.246440
-0.055539 -0.018269 0.246440 0.102399
13.294448 1.849516 10.279576 1.474904
0.684145 0.177405 -0.195754 -0.047168
0.177405 0.074572 -0.047696 -0.014053
-0.195754 -0.047696 0.837460 0.211536
-0.047168 -0.014053 0.211536 0.085324
14.386658 1.892491 11.302086 1.544229
0.644807 0.158154 -0.174497 -0.038209
0.158154 0.065402 -0.038567 -0.010504
-0.174497 -0.038567 0.781585 0.186495
-0.038209 -0.010504 0.186495 0.073874
14.767236 1.763166 12.673793 1.677575
0.610288 0.143089 -0.151059 -0.030204
0.143089 0.058918 -0.030434 -0.007791
-0.151059 -0.030434 0.730775 0.166422
-0.030204 -0.007791 0.166422 0.065615
15.448918 1.719841 13.789973 1.737214
0.584529 0.132267 -0.129861 -0.023820
0.132267 0.054530 -0.024029 -0.005861
-0.129861 -0.024029 0.682717 0.149806
-0.023820 -0.005861 0.149806 0.059502
16.509899 1.762970 14.490848 1.702985
0.563115 0.123968 -0.109891 -0.018520
0.123968 0.051434 -0.018720 -0.004424
-0.109891 -0.018720 0.641174 0.136806
-0.018520 -0.004424 0.136806 0.055119
16.808004 1.640603 15.818751 1.797847
0.543513 0.117219 -0.091197 -0.014111
0.117219 0.049172 -0.014265 -0.003336
-0.091197 -0.014265 0.608132 0.127217
-0.014111 -0.003336 0.127217 0.052095
16.888397 1.489511 17.505909 1.954644
0.529230 0.112499 -0.074891 -0.010618
0.112499 0.047684 -0.010774 -0.002549
-0.074891 -0.010774 0.578727 0.119488
-0.010618 -0.002549 0.119488 0.049869
17.627131 1.490672 18.762982 2.012203
0.519623 0.109381 -0.060174 -0.007733
0.109381 0.046754 -0.007921 -0.001952
-0.060174 -0.007921 0.552289 0.113201
-0.007733 -0.001952 0.113201 0.048219
18.230113 1.461185 19.817513 2.020954
0.511527 0.106986 -0.046764 -0.005331
0.106986 0.046109 -0.005521 -0.001485
-0.046764 -0.005521 0.531387 0.108661
-0.005331 -0.001485 0.108661 0.047111
18.708463 1.410833 21.150227 2.085201
0.504755 0.105163 -0.035264 -0.003464
0.105163 0.045671 -0.003641 -0.001142
-0.035264 -0.003641 0.515352 0.105502
-0.003464 -0.001142 0.105502 0.046391
19.638280 1.456973 22.096919 2.066917
0.499138 0.103797 -0.025298 -0.001985
0.103797 0.045384 -0.002142 -0.000880
-0.025298 -0.002142 0.503207 0.103361
-0.001985 -0.000880 0.103361 0.045935
20.276702 1.437899 23.064244 2.052780
0.493852 0.102651 -0.017323 -0.000950
0.102651 0.045172 -0.001078 -0.000703
-0.017323 -0.001078 0.494965 0.102128
-0.000950 -0.000703 0.102128 0.045687
21.022512 1.443234 24.026879 2.039669
0.489050 0.101720 -0.011231 -0.000288
0.101720 0.045022 -0.000389 -0.000591
-0.011231 -0.000389 0.489597 0.101501
-0.000288 -0.000591 0.101501 0.045564
21.201985 1.329836 24.893743 2.006138
0.484514 0.100925 -0.007022 0.000031
0.100925 0.044908 -0.000045 -0.000533
-0.007022 -0.000045 0.486615 0.101327
0.000031 -0.000533 0.101327 0.045524
22.194436 1.398051 25.816230 1.989988
0.480299 0.100256 -0.004021 0.000174
0.100256 0.044821 0.000118 -0.000495
-0.004021 0.000118 0.485353 0.101437
0.000174 -0.000495 0.101437 0.045529
22.821442 1.382576 26.469549 1.918284
0.476116 0.099630 -0.003104 -0.000036
0.099630 0.044739 -0.000075 -0.000515
-0.003104 -0.000075 0.485690 0.101791
-0.000036 -0.000515 0.101791 0.045570
23.383332 1.355215 27.080715 1.845134
0.472353 0.099119 -0.003580 -0.000432
0.099119 0.044675 -0.000461 -0.000558
-0.003580 -0.000461 0.486850 0.102217
-0.000432 -0.000558 0.102217 0.045613
24.045898 1.352045 27.985718 1.841439
0.469009 0.098704 -0.005144 -0.000949
0.098704 0.044624 -0.000971 -0.000614
-0.005144 -0.000971 0.488560 0.102669
-0.000949 -0.000614 0.102669 0.045653
24.428377 1.290057 28.449494 1.745373
0.465607 0.098272 -0.007995 -0.001632
0.098272 0.044559 -0.001653 -0.000695
-0.007995 -0.001653 0.491170 0.103229
-0.001632 -0.000695 0.103229 0.045710
24.862802 1.245484 29.369707 1.755325
0.462737 0.097947 -0.011163 -0.002279
0.097947 0.044510 -0.002300 -0.000761
-0.011163 -0.002300 0.493848 0.103726
-0.002279 -0.000761 0.103726 0.045752
25.850114 1.322860 30.233525 1.752550
0.459502 0.097525 -0.014970 -0.002978
0.097525 0.044431 -0.003002 -0.000837
-0.014970 -0.003002 0.497544 0.104379
-0.002978 -0.000837 0.104379 0.045827
26.158984 1.248292 31.751438 1.886683
0.456680 0.097179 -0.020579 -0.003982
0.097179 0.044363 -0.004015 -0.000979
-0.020579 -0.004015 0.501554 0.105032
-0.003982 -0.000979 0.105032 0.045902
26.592209 1.207423 32.594469 1.865475
0.452139 0.096447 -0.026338 -0.004931
0.096447 0.044206 -0.004969 -0.001106
-0.026338 -0.004969 0.508324 0.106208
-0.004931 -0.001106 0.106208 0.046090
27.815831 1.341161 34.068063 1.979408
0.447778 0.095770 -0.031996 -0.005794
0.095770 0.044063 -0.005833 -0.001218
-0.031996 -0.005833 0.515576 0.107390
-0.005794 -0.001218 0.107390 0.046272
27.960613 1.229220 35.403928 2.049872
0.443283 0.095066 -0.039493 -0.006994
0.095066 0.043911 -0.007041 -0.001408
-0.039493 -0.007041 0.524451 0.108822
-0.006994 -0.001408 0.108822 0.046503
29.123790 1.349017 36.870136 2.143147
0.437852 0.094173 -0.044579 -0.007632
0.094173 0.043720 -0.007656 -0.001477
-0.044579 -0.007656 0.534701 0.110449
-0.007632 -0.001477 0.110449 0.046771
29.752813 1.338019 37.685914 2.090276
0.432617 0.093344 -0.049102 -0.008153
0.093344 0.043543 -0.008147 -0.001534
-0.049102 -0.008147 0.545329 0.112055
-0.008153 -0.001534 0.112055 0.047030
30.052495 1.257448 38.663148 2.074387
0.428230 0.092718 -0.051971 -0.008345
0.092718 0.043411 -0.008303 -0.001536
-0.051971 -0.008303 0.554548 0.113296
-0.008345 -0.001536 0.113296 0.047216
30.973796 1.324461 40.226704 2.183387
0.424517 0.092246 -0.051605 -0.007922
0.092246 0.043311 -0.007819 -0.001424
-0.051605 -0.007819 0.561347 0.114027
-0.007922 -0.001424 0.114027 0.047309
31.259217 1.238267 40.755677 2.066877
0.422693 0.092193 -0.046458 -0.006620
0.092193 0.043300 -0.006434 -0.001151
-0.046458 -0.006434 0.562491 0.113666
-0.006620 -0.001151 0.113666 0.047203
31.734072 1.202317 41.158494 1.938677
0.422325 0.092400 -0.040613 -0.005342
0.092400 0.043333 -0.005099 -0.000918
-0.040613 -0.005099 0.560881 0.112882
-0.005342 -0.000918 0.112882 0.047043
32.050020 1.137069 41.744708 1.859746
0.423145 0.092787 -0.034781 -0.004209
0.092787 0.043392 -0.003934 -0.000740
-0.034781 -0.003934 0.557332 0.111862
-0.004209 -0.000740 0.111862 0.046866
32.604646 1.137211 43.183854 1.961904
0.425716 0.093475 -0.028487 -0.003089
0.093475 0.043504 -0.002804 -0.000577
-0.028487 -0.002804 0.550831 0.110411
-0.003089 -0.000577 0.110411 0.046629
32.777184 1.047005 43.621630 1.850663
0.434473 0.095425 -0.020786 -0.001747
0.095425 0.043884 -0.001512 -0.000377
-0.020786 -0.001512 0.534678 0.107208
-0.001747 -0.000377 0.107208 0.046064
33.321076 1.050064 44.261502 1.793305
0.443815 0.097276 -0.014699 -0.000830
0.097276 0.044208 -0.000652 -0.000268
-0.014699 -0.000652 0.519573 0.104507
-0.000830 -0.000268 0.104507 0.045639
33.866378 1.054992 45.280541 1.818142
0.455808 0.099518 -0.010349 -0.000301
0.099518 0.044599 -0.000204 -0.000233
-0.010349 -0.000204 0.502822 0.101675
-0.000301 -0.000233 0.101675 0.045199
34.292938 1.032483 46.006945 1.780610
0.472456 0.102566 -0.008940 -0.000360
0.102566 0.045147 -0.000378 -0.000309
-0.008940 -0.000378 0.483126 0.098412
-0.000360 -0.000309 0.098412 0.044675
34.976261 1.069791 47.418466 1.888243
0.491095 0.105783 -0.010232 -0.000919
0.105783 0.045706 -0.001038 -0.000462
-0.010232 -0.001038 0.464461 0.095528
-0.000919 -0.000462 0.095528 0.044228
