-3.134669 -0.291800 4.894444 1.065773
41.463505 16.585761 -56.479068 -22.592117
16.585761 86.638515 -22.592117 -9.037042
-56.479068 -22.592117 80.538224 32.215988
-22.592117 -9.037042 32.215988 92.890741
-2.560646 2.591474 8.341854 4.332821
57.439976 26.455177 -84.648655 -44.597932
26.455177 33.540074 -36.544641 -39.587355
-84.648655 -36.544641 128.550438 69.385103
-44.597932 -39.587355 69.385103 72.742588
4.809985 5.878917 2.775165 0.823015
43.398692 13.979805 -80.239032 -40.760982
13.979805 15.821319 -24.096170 -25.820348
-80.239032 -24.096170 152.956163 78.251650
-40.760982 -25.820348 78.251650 60.710910
7.687296 5.718148 2.929518 0.767544
10.145276 7.497340 -9.135438 -5.805133
7.497340 11.766980 -6.109560 -12.369608
-9.135438 -6.109560 9.975206 5.735813
-5.805133 -12.369608 5.735813 15.949814
11.759819 6.639925 1.218592 -0.817321
16.182876 10.149162 -11.439872 -6.973400
10.149162 9.395900 -7.327228 -8.674007
-11.439872 -7.327228 9.261595 5.938080
-6.973400 -8.674007 5.938080 10.163356
12.189211 4.902460 3.615646 1.067290
14.136581 6.114488 -6.666727 -1.854402
6.114488 4.153968 -3.195126 -2.988383
-6.666727 -3.195126 4.066492 1.837249
-1.854402 -2.988383 1.837249 3.997593
14.460587 5.095844 3.545775 0.405043
20.847572 7.835444 -9.242408 -2.787175
7.835444 3.751441 -3.815564 -2.222072
-9.242408 -3.815564 4.992442 2.134612
-2.787175 -2.222072 2.134612 2.467273
18.044810 5.483967 3.140662 0.142715
24.337165 7.285149 -8.615932 -1.392642
7.285149 2.632120 -2.838256 -1.046760
-8.615932 -2.838256 3.851007 1.168294
-1.392642 -1.046760 1.168294 1.220684
21.104924 5.552082 3.164660 0.167309
18.579309 4.239911 -3.724304 0.752963
4.239911 1.246535 -1.041593 -0.192915
-3.724304 -1.041593 1.448000 0.349181
0.752963 -0.192915 0.349181 0.695239
22.863028 5.251997 3.778638 0.359846
15.056969 2.721764 -0.699147 1.572027
2.721764 0.682042 -0.280438 0.052347
-0.699147 -0.280438 0.673570 0.323588
1.572027 0.052347 0.323588 0.590482
23.789338 4.799108 4.715695 0.618795
14.863450 2.289903 1.111393 1.946873
2.289903 0.491593 0.040486 0.143005
1.111393 0.040486 0.688254 0.475161
1.946873 0.143005 0.475161 0.548026
24.564707 4.431319 5.485411 0.748680
16.189279 2.255568 2.628857 2.192227
2.255568 0.420831 0.253364 0.195282
2.628857 0.253364 1.004595 0.635095
2.192227 0.195282 0.635095 0.507209
24.182494 3.726970 7.338613 1.301696
17.989643 2.330798 4.131578 2.371221
2.330798 0.387332 0.437187 0.227999
4.131578 0.437187 1.502597 0.783479
2.371221 0.227999 0.783479 0.468936
25.451494 3.623504 8.012106 1.301348
19.867575 2.495603 5.206951 2.326970
2.495603 0.384371 0.569191 0.234526
5.206951 0.569191 1.890629 0.814062
2.326970 0.234526 0.814062 0.391862
24.237948 3.070248 9.054647 1.428928
21.511975 2.523994 6.780309 2.464424
2.523994 0.357287 0.720732 0.246032
6.780309 0.720732 2.644570 0.955614
2.464424 0.246032 0.955614 0.377327
24.178201 2.873482 9.343988 1.300646
21.352098 2.489842 6.753248 2.060246
2.489842 0.344632 0.722368 0.208046
6.753248 0.722368 2.614522 0.806149
2.060246 0.208046 0.806149 0.275716
28.295567 3.087885 11.579208 1.742319
21.074107 2.430198 6.547883 1.705606
2.430198 0.329747 0.698288 0.172544
6.547883 0.698288 2.485381 0.664687
1.705606 0.172544 0.664687 0.202339
23.104042 2.287689 10.727884 1.371202
9.375370 0.924543 4.016337 0.969072
0.924543 0.138026 0.340856 0.075909
4.016337 0.340856 2.192737 0.547131
0.969072 0.075909 0.547131 0.159332
27.604147 2.519153 13.757985 1.913836
6.952977 0.746690 2.461378 0.495293
0.746690 0.124728 0.216132 0.038588
2.461378 0.216132 1.303497 0.288779
0.495293 0.038588 0.288779 0.086374
23.846123 1.920331 13.576543 1.753774
4.807571 0.454707 2.227105 0.437226
0.454707 0.086420 0.163047 0.029317
2.227105 0.163047 1.486034 0.316033
0.437226 0.029317 0.316033 0.088998
25.663911 1.935429 15.515267 1.982020
4.727881 0.475421 1.983334 0.336586
0.475421 0.090137 0.156839 0.025029
1.983334 0.156839 1.252391 0.241309
0.336586 0.025029 0.241309 0.068618
25.118918 1.718036 16.541733 2.037987
4.459064 0.419484 2.172018 0.358565
0.419484 0.081305 0.162869 0.026770
2.172018 0.162869 1.484455 0.272732
0.358565 0.026770 0.272732 0.072368
25.404533 1.633149 17.599282 2.066633
4.377513 0.393136 2.380150 0.377000
0.393136 0.076988 0.172591 0.028342
2.380150 0.172591 1.726040 0.301180
0.377000 0.028342 0.301180 0.075190
24.994482 1.492445 18.265727 2.034544
3.662067 0.305066 2.307665 0.357996
0.305066 0.067311 0.148696 0.025033
2.307665 0.148696 1.913219 0.324866
0.357996 0.025033 0.324866 0.078189
24.304425 1.349320 18.572331 1.945966
3.262633 0.257879 2.316340 0.348242
0.257879 0.062614 0.136429 0.023287
2.316340 0.136429 2.131575 0.349251
0.348242 0.023287 0.349251 0.080781
25.588658 1.450221 19.465512 1.902364
3.250667 0.260365 2.424817 0.344484
0.260365 0.063211 0.146115 0.024245
2.424817 0.146115 2.302505 0.356911
0.344484 0.024245 0.356911 0.079596
24.880436 1.303234 19.610552 1.812657
2.055699 0.149254 1.778386 0.250743
0.149254 0.053976 0.071918 0.014185
1.778386 0.071918 2.116689 0.330369
0.250743 0.014185 0.330369 0.076391
25.735300 1.342335 20.466358 1.793239
1.774559 0.126202 1.711704 0.235878
0.126202 0.052547 0.057367 0.012608
1.711704 0.057367 2.294988 0.348785
0.235878 0.012608 0.348785 0.078501
27.974377 1.484051 22.730344 1.963267
1.112212 0.076984 1.204185 0.162805
0.076984 0.050027 0.002549 0.005332
1.204185 0.002549 2.107633 0.321077
0.162805 0.005332 0.321077 0.075076
29.481588 1.524163 24.791245 2.112936
0.520926 0.054530 0.459110 0.054755
0.054530 0.051504 -0.053680 -0.002518
0.459110 -0.053680 1.434768 0.224421
0.054755 -0.002518 0.224421 0.061963
29.990639 1.503904 25.486131 2.063133
0.366447 0.065206 0.124987 0.007072
0.065206 0.055278 -0.079181 -0.005880
0.124987 -0.079181 1.169954 0.186368
0.007072 -0.005880 0.186368 0.057182
30.505584 1.476533 26.166401 2.012443
0.346694 0.083065 -0.065301 -0.017996
0.083065 0.059027 -0.098775 -0.008288
-0.065301 -0.098775 1.131302 0.181420
-0.017996 -0.008288 0.181420 0.057132
31.370693 1.493090 27.427004 2.052181
0.382628 0.104053 -0.220703 -0.036898
0.104053 0.062475 -0.117487 -0.010551
-0.220703 -0.117487 1.176734 0.187794
-0.036898 -0.010551 0.187794 0.058485
32.016782 1.474092 28.271454 2.021718
0.460292 0.128362 -0.372716 -0.054311
0.128362 0.065890 -0.136414 -0.012848
-0.372716 -0.136414 1.249032 0.196394
-0.054311 -0.012848 0.196394 0.059813
32.664377 1.453639 29.113290 1.991364
0.569130 0.154079 -0.529930 -0.071416
0.154079 0.068914 -0.156349 -0.015312
-0.529930 -0.156349 1.356933 0.208796
-0.071416 -0.015312 0.208796 0.061424
33.433031 1.464419 30.105949 1.992570
0.706107 0.180732 -0.699216 -0.089217
0.180732 0.071554 -0.177466 -0.017959
-0.699216 -0.177466 1.493884 0.223830
-0.089217 -0.017959 0.223830 0.063146
34.230023 1.484872 31.355299 2.039618
0.871147 0.208348 -0.884815 -0.108194
0.208348 0.073946 -0.199867 -0.020761
-0.884815 -0.199867 1.654034 0.240401
-0.108194 -0.020761 0.240401 0.064825
34.921121 1.469976 32.295469 2.022602
1.069004 0.238056 -1.089097 -0.128223
0.238056 0.076468 -0.223736 -0.023632
-1.089097 -0.223736 1.825418 0.256363
-0.128223 -0.023632 0.256363 0.066147
35.704549 1.482971 33.343388 2.032239
1.295224 0.268443 -1.314492 -0.149796
0.268443 0.078808 -0.248798 -0.026573
-1.314492 -0.248798 2.020159 0.273915
-0.149796 -0.026573 0.273915 0.067537
36.203090 1.417460 34.147862 1.977670
1.550966 0.299690 -1.562698 -0.172901
0.299690 0.081079 -0.275016 -0.029534
-1.562698 -0.275016 2.236830 0.292691
-0.172901 -0.029534 0.292691 0.068956
36.884788 1.402746 34.947355 1.941739
1.836965 0.331850 -1.834960 -0.197482
0.331850 0.083334 -0.302296 -0.032472
-1.834960 -0.302296 2.475373 0.312591
-0.197482 -0.032472 0.312591 0.070410
37.610670 1.401106 35.776150 1.918025
2.148712 0.363778 -2.133024 -0.223982
0.363778 0.085359 -0.330284 -0.035398
-2.133024 -0.330284 2.744647 0.335054
-0.223982 -0.035398 0.335054 0.072134
38.482001 1.417909 36.367667 1.865027
2.485871 0.395498 -2.457645 -0.252295
0.395498 0.087217 -0.358899 -0.038286
-2.457645 -0.358899 3.044976 0.359887
-0.252295 -0.038286 0.359887 0.074086
39.155526 1.409192 37.272937 1.857399
2.829261 0.423382 -2.805971 -0.283142
0.423382 0.088290 -0.386533 -0.041123
-2.805971 -0.386533 3.392235 0.389955
-0.283142 -0.041123 0.389955 0.076705
40.105410 1.455929 38.169486 1.871015
3.206617 0.453317 -3.184263 -0.315026
0.453317 0.089734 -0.415764 -0.043889
-3.184263 -0.415764 3.764969 0.420374
-0.315026 -0.043889 0.420374 0.079174
40.461299 1.390497 39.211728 1.860159
3.603502 0.482413 -3.589913 -0.348518
0.482413 0.091010 -0.445177 -0.046578
-3.589913 -0.445177 4.174775 0.453403
-0.348518 -0.046578 0.453403 0.081864
41.323928 1.430561 40.281131 1.898329
4.064095 0.518741 -4.030277 -0.381082
0.518741 0.093442 -0.478317 -0.049163
-4.030277 -0.478317 4.586254 0.481917
-0.381082 -0.049163 0.481917 0.083699
42.206135 1.458419 41.184016 1.903943
4.562548 0.556690 -4.502234 -0.414547
0.556690 0.095982 -0.512573 -0.051685
-4.502234 -0.512573 5.023913 0.511041
-0.414547 -0.051685 0.511041 0.085516
43.174025 1.531263 42.591114 2.003294
5.089358 0.594255 -5.007173 -0.449883
0.594255 0.098298 -0.547188 -0.054190
-5.007173 -0.547188 5.501141 0.542969
-0.449883 -0.054190 0.542969 0.087616
43.831735 1.510820 43.574035 1.990930
5.670267 0.636160 -5.544262 -0.484559
0.636160 0.101138 -0.583970 -0.056589
-5.544262 -0.583970 5.988307 0.572343
-0.484559 -0.056589 0.572343 0.089251
