1.601308 1.602631 2.236961 0.002757
2.053490 0.821414 -0.226717 -0.090689
0.821414 80.332639 -0.090689 -0.036276
-0.226717 -0.090689 3.101368 1.240574
-0.090689 -0.036276 1.240574 80.500307
4.135809 4.659420 0.275482 -3.292787
3.124855 5.548887 -1.596713 -2.647571
5.548887 17.002809 -2.792029 -5.273923
-1.596713 -2.792029 3.050157 5.142315
-2.647571 -5.273923 5.142315 18.804805
5.349893 3.644338 2.076479 0.636326
2.836641 3.127743 -0.580623 -0.390263
3.127743 5.140794 -0.531266 -0.649031
-0.580623 -0.531266 1.749709 1.992730
-0.390263 -0.649031 1.992730 4.587701
5.955296 2.716741 4.097020 2.090051
1.963865 1.547757 -0.122874 -0.013011
1.547757 1.884020 -0.066958 -0.151208
-0.122874 -0.066958 1.557346 1.378393
-0.013011 -0.151208 1.378393 2.040720
7.852630 3.052726 5.333398 2.230389
1.380691 0.864439 -0.260276 -0.163676
0.864439 0.872299 -0.171273 -0.192162
-0.260276 -0.171273 1.723215 1.197975
-0.163676 -0.192162 1.197975 1.206770
8.493593 2.585908 6.413359 2.208331
1.192764 0.630862 -0.343415 -0.189034
0.630862 0.523002 -0.189520 -0.150377
-0.343415 -0.189520 1.648582 0.921695
-0.189034 -0.150377 0.921695 0.718966
8.201225 1.861587 7.727746 2.304938
1.096516 0.501342 -0.372588 -0.172791
0.501342 0.348714 -0.172464 -0.107709
-0.372588 -0.172464 1.487734 0.693618
-0.172791 -0.107709 0.693618 0.449398
9.324867 1.936601 7.340504 1.687433
1.060261 0.425815 -0.378366 -0.149979
0.425815 0.252833 -0.150054 -0.077544
-0.378366 -0.150054 1.283931 0.514545
-0.149979 -0.077544 0.514545 0.292008
10.998757 2.188887 8.004368 1.626154
0.963565 0.344106 -0.349076 -0.120370
0.344106 0.183031 -0.120401 -0.054022
-0.349076 -0.120401 1.176080 0.415780
-0.120370 -0.054022 0.415780 0.210016
11.767817 2.082363 8.667163 1.576655
0.867475 0.279983 -0.299300 -0.091195
0.279983 0.137407 -0.091033 -0.036812
-0.299300 -0.091033 1.075151 0.341323
-0.091195 -0.036812 0.341323 0.157674
11.629998 1.731037 9.503898 1.584102
0.792951 0.234779 -0.258011 -0.070596
0.234779 0.108322 -0.070363 -0.026092
-0.258011 -0.070363 0.984426 0.284930
-0.070596 -0.026092 0.284930 0.123190
12.731273 1.794810 10.075983 1.526381
0.742973 0.204355 -0.231007 -0.057581
0.204355 0.089707 -0.057488 -0.019646
-0.231007 -0.057488 0.900446 0.240787
-0.057581 -0.019646 0.240787 0.099572
13.374715 1.731344 11.183442 1.611382
0.694403 0.179330 -0.201972 -0.046213
0.179330 0.076342 -0.046102 -0.014781
-0.201972 -0.046102 0.831590 0.208079
-0.046213 -0.014781 0.208079 0.083623
13.818150 1.632594 12.671723 1.771079
0.655548 0.160620 -0.175371 -0.037088
0.160620 0.067107 -0.037006 -0.011269
-0.175371 -0.037006 0.768765 0.182021
-0.037088 -0.011269 0.182021 0.072263
14.751139 1.659676 13.494201 1.757588
0.625887 0.146866 -0.150577 -0.029561
0.146866 0.060725 -0.029556 -0.008656
-0.150577 -0.029556 0.710158 0.160805
-0.029561 -0.008656 0.160805 0.064000
14.929684 1.516842 15.051599 1.901914
0.598469 0.135584 -0.127608 -0.023351
0.135584 0.056019 -0.023351 -0.006677
-0.127608 -0.023351 0.663166 0.145092
-0.023351 -0.006677 0.145092 0.058297
15.548163 1.488164 16.276122 1.959505
0.578333 0.127468 -0.106962 -0.018267
0.127468 0.052794 -0.018324 -0.005185
-0.106962 -0.018324 0.620413 0.132318
-0.018267 -0.005185 0.132318 0.054097
16.518632 1.535091 16.995886 1.906523
0.561219 0.121097 -0.088077 -0.014028
0.121097 0.050466 -0.014115 -0.004026
-0.088077 -0.014115 0.585253 0.122678
-0.014028 -0.004026 0.122678 0.051154
17.724854 1.631949 18.343589 1.992186
0.545259 0.115801 -0.071546 -0.010631
0.115801 0.048727 -0.010708 -0.003146
-0.071546 -0.010708 0.558617 0.115878
-0.010631 -0.003146 0.115878 0.049187
18.517311 1.626893 19.326899 1.989364
0.531208 0.111585 -0.055835 -0.007631
0.111585 0.047472 -0.007689 -0.002416
-0.055835 -0.007689 0.537579 0.110931
-0.007631 -0.002416 0.110931 0.047843
19.613390 1.684073 20.038315 1.932744
0.519533 0.108369 -0.042585 -0.005306
0.108369 0.046598 -0.005350 -0.001872
-0.042585 -0.005350 0.521358 0.107422
-0.005306 -0.001872 0.107422 0.046942
20.293458 1.649498 20.858639 1.901618
0.509511 0.105863 -0.031696 -0.003560
0.105863 0.045983 -0.003589 -0.001474
-0.031696 -0.003589 0.509473 0.105079
-0.003560 -0.001474 0.105079 0.046366
20.944379 1.611676 21.458973 1.828222
0.501465 0.104035 -0.023096 -0.002318
0.104035 0.045578 -0.002340 -0.001191
-0.023096 -0.002340 0.500534 0.103488
-0.002318 -0.001191 0.103488 0.045989
21.349652 1.528866 22.465486 1.845826
0.495019 0.102718 -0.016583 -0.001497
0.102718 0.045319 -0.001514 -0.000995
-0.016583 -0.001514 0.493961 0.102453
-0.001497 -0.000995 0.102453 0.045748
21.126888 1.325372 23.961272 1.962138
0.489845 0.101780 -0.011751 -0.000981
0.101780 0.045157 -0.000995 -0.000858
-0.011751 -0.000995 0.489258 0.101821
-0.000981 -0.000858 0.101821 0.045597
21.213180 1.205696 25.108310 1.995559
0.485150 0.101010 -0.007878 -0.000604
0.101010 0.045037 -0.000613 -0.000741
-0.007878 -0.000613 0.486533 0.101582
-0.000604 -0.000741 0.101582 0.045527
21.287779 1.095953 26.484747 2.074098
0.480575 0.100307 -0.004910 -0.000352
0.100307 0.044930 -0.000355 -0.000644
-0.004910 -0.000355 0.485663 0.101679
-0.000352 -0.000644 0.101679 0.045521
21.839317 1.096667 27.479641 2.065257
0.475457 0.099518 -0.002576 -0.000168
0.099518 0.044801 -0.000167 -0.000556
-0.002576 -0.000167 0.486936 0.102153
-0.000168 -0.000556 0.102153 0.045583
21.923344 0.999160 28.461770 2.054526
0.470167 0.098723 -0.001694 -0.000228
0.098723 0.044668 -0.000225 -0.000517
-0.001694 -0.000225 0.489704 0.102842
-0.000228 -0.000517 0.102842 0.045679
22.263282 0.965529 29.429506 2.042039
0.464704 0.097914 -0.001195 -0.000296
0.097914 0.044529 -0.000294 -0.000475
-0.001195 -0.000294 0.493724 0.103691
-0.000296 -0.000475 0.103691 0.045798
22.806874 0.978336 30.631960 2.080087
0.459087 0.097090 -0.001561 -0.000484
0.097090 0.044381 -0.000487 -0.000457
-0.001561 -0.000487 0.498835 0.104666
-0.000484 -0.000457 0.104666 0.045936
23.293260 0.977657 31.883898 2.124465
0.452970 0.096175 -0.003196 -0.000877
0.096175 0.044210 -0.000889 -0.000482
-0.003196 -0.000889 0.505385 0.105844
-0.000877 -0.000482 0.105844 0.046110
23.820104 0.985715 33.071547 2.150642
0.446508 0.095202 -0.005754 -0.001394
0.095202 0.044023 -0.001420 -0.000532
-0.005754 -0.001420 0.513238 0.107190
-0.001394 -0.000532 0.107190 0.046316
24.844759 1.099674 33.808254 2.080046
0.440136 0.094264 -0.009063 -0.001999
0.094264 0.043841 -0.002044 -0.000600
-0.009063 -0.002044 0.521894 0.108599
-0.001999 -0.000600 0.108599 0.046530
26.153009 1.262824 34.501837 2.008314
0.434958 0.093589 -0.014163 -0.002911
0.093589 0.043710 -0.002987 -0.000735
-0.014163 -0.002987 0.529922 0.109783
-0.002911 -0.000735 0.109783 0.046697
27.199550 1.352636 35.636757 2.035496
0.431128 0.093181 -0.021314 -0.004165
0.093181 0.043627 -0.004290 -0.000940
-0.021314 -0.004290 0.537168 0.110744
-0.004165 -0.000940 0.110744 0.046823
27.618721 1.296878 36.705701 2.045687
0.427715 0.092813 -0.028755 -0.005378
0.092813 0.043539 -0.005553 -0.001132
-0.028755 -0.005553 0.544803 0.111757
-0.005378 -0.001132 0.111757 0.046969
28.008983 1.240596 37.721048 2.043621
0.424508 0.092444 -0.034116 -0.006087
0.092444 0.043442 -0.006278 -0.001213
-0.034116 -0.006278 0.552310 0.112720
-0.006087 -0.001213 0.112720 0.047114
28.456938 1.203238 38.856966 2.066305
0.421743 0.092134 -0.037181 -0.006313
0.092134 0.043351 -0.006485 -0.001200
-0.037181 -0.006485 0.558763 0.113459
-0.006313 -0.001200 0.113459 0.047224
29.041192 1.200216 40.102392 2.109190
0.419726 0.091955 -0.037637 -0.006044
0.091955 0.043285 -0.006166 -0.001101
-0.037637 -0.006166 0.563106 0.113794
-0.006044 -0.001101 0.113794 0.047264
29.894122 1.254816 40.920376 2.062610
0.419161 0.092059 -0.035314 -0.005292
0.092059 0.043277 -0.005342 -0.000923
-0.035314 -0.005342 0.563749 0.113448
-0.005292 -0.000923 0.113448 0.047186
30.755150 1.305856 41.855931 2.044474
0.420097 0.092433 -0.031704 -0.004395
0.092433 0.043322 -0.004381 -0.000743
-0.031704 -0.004381 0.561168 0.112574
-0.004395 -0.000743 0.112574 0.047027
31.640939 1.356378 42.702153 2.010302
0.423404 0.093254 -0.026503 -0.003287
0.093254 0.043458 -0.003221 -0.000542
-0.026503 -0.003221 0.553965 0.110931
-0.003287 -0.000542 0.110931 0.046740
32.282540 1.349473 43.960863 2.060953
0.429670 0.094615 -0.020515 -0.002131
0.094615 0.043699 -0.002042 -0.000351
-0.020515 -0.002042 0.542064 0.108549
-0.002131 -0.000351 0.108549 0.046335
32.808601 1.316393 44.900751 2.042137
0.441274 0.096995 -0.014772 -0.001113
0.096995 0.044147 -0.001059 -0.000205
-0.014772 -0.001059 0.523304 0.105025
-0.001113 -0.000205 0.105025 0.045729
33.286483 1.273327 44.934378 1.842203
0.456427 0.099906 -0.011052 -0.000574
0.099906 0.044679 -0.000598 -0.000165
-0.011052 -0.000598 0.502401 0.101352
-0.000574 -0.000165 0.101352 0.045123
33.629681 1.208434 45.504725 1.769962
0.469981 0.102202 -0.008585 -0.000324
0.102202 0.045048 -0.000399 -0.000173
-0.008585 -0.000399 0.485941 0.098827
-0.000324 -0.000173 0.098827 0.044767
34.364934 1.236107 46.141828 1.719376
0.484595 0.104557 -0.007973 -0.000445
0.104557 0.045426 -0.000573 -0.000243
-0.007973 -0.000573 0.470463 0.096603
-0.000445 -0.000243 0.096603 0.044456
35.161457 1.274719 47.225228 1.766170
0.502169 0.107393 -0.010312 -0.001133
0.107393 0.045905 -0.001316 -0.000415
-0.010312 -0.001316 0.454582 0.094336
-0.001133 -0.000415 0.094336 0.044111
35.737833 1.261802 48.107090 1.765805
0.524647 0.111083 -0.017503 -0.002743
0.111083 0.046559 -0.002971 -0.000755
-0.017503 -0.002971 0.437949 0.091927
-0.002743 -0.000755 0.091927 0.043709
