1.945131 1.740163 -0.440453 -1.068232
2.575399 1.030182 -0.261185 -0.104476
1.030182 80.416148 -0.104476 -0.041791
-0.261185 -0.104476 2.388565 0.955447
-0.104476 -0.041791 0.955447 80.386254
4.803346 5.282881 2.747606 5.512121
2.246339 3.901143 -0.300411 -0.476782
3.901143 15.456392 -0.469476 -1.488510
-0.300411 -0.469476 2.355184 4.128516
-0.476782 -1.488510 4.128516 15.380337
6.120662 3.682563 0.246899 -0.520675
1.995079 2.318141 -0.182445 -0.190800
2.318141 4.642977 -0.188728 -0.399306
-0.182445 -0.188728 2.041556 2.336599
-0.190800 -0.399306 2.336599 4.533148
6.682637 2.605016 3.336914 2.277391
1.673368 1.418534 -0.170165 -0.140969
1.418534 1.916185 -0.140428 -0.194454
-0.170165 -0.140428 1.792300 1.497216
-0.140969 -0.194454 1.497216 1.942479
6.310479 1.489268 3.038458 1.338869
1.460554 0.972467 -0.136068 -0.090255
0.972467 0.985442 -0.089912 -0.096610
-0.136068 -0.089912 1.528421 0.999779
-0.090255 -0.096610 0.999779 0.985948
8.195821 2.113981 2.508075 0.691456
1.286736 0.704128 -0.122444 -0.067747
0.704128 0.573291 -0.067603 -0.057512
-0.122444 -0.067603 1.334863 0.718639
-0.067747 -0.057512 0.718639 0.573522
8.577888 1.799225 4.722695 1.548320
1.136955 0.528380 -0.105024 -0.049615
0.528380 0.362819 -0.049526 -0.035445
-0.105024 -0.049526 1.192951 0.546519
-0.049615 -0.035445 0.546519 0.367717
9.018341 1.612996 6.135756 1.803971
1.025363 0.415078 -0.087955 -0.036329
0.415078 0.248007 -0.036236 -0.022713
-0.087955 -0.036236 1.068694 0.426828
-0.036329 -0.022713 0.426828 0.250975
10.219247 1.754784 7.032717 1.801779
0.935394 0.336303 -0.074015 -0.027249
0.336303 0.179650 -0.027159 -0.015246
-0.074015 -0.027159 0.966595 0.343279
-0.027249 -0.015246 0.343279 0.181289
11.515901 1.890432 8.677898 2.040287
0.859284 0.278836 -0.061895 -0.020624
0.278836 0.136447 -0.020541 -0.010545
-0.061895 -0.020541 0.884268 0.283858
-0.020624 -0.010545 0.283858 0.137712
11.628284 1.643088 9.686957 2.037635
0.795822 0.236378 -0.050699 -0.015497
0.236378 0.108199 -0.015420 -0.007405
-0.050699 -0.015420 0.815460 0.239937
-0.015497 -0.007405 0.239937 0.109159
12.419283 1.634535 11.097388 2.144577
0.743046 0.204560 -0.042628 -0.012081
0.204560 0.089201 -0.012015 -0.005413
-0.042628 -0.012015 0.757533 0.206859
-0.012081 -0.005413 0.206859 0.089880
12.787211 1.518573 12.199575 2.152438
0.698437 0.180244 -0.035593 -0.009430
0.180244 0.076093 -0.009374 -0.004011
-0.035593 -0.009374 0.708654 0.181633
-0.009430 -0.004011 0.181633 0.076574
13.621254 1.536772 13.776003 2.274003
0.660682 0.161499 -0.029951 -0.007468
0.161499 0.066905 -0.007421 -0.003033
-0.029951 -0.007421 0.667318 0.162214
-0.007468 -0.003033 0.162214 0.067243
13.865831 1.414323 15.058743 2.307988
0.628603 0.146943 -0.024815 -0.005853
0.146943 0.060390 -0.005814 -0.002300
-0.024815 -0.005814 0.632300 0.147169
-0.005853 -0.002300 0.147169 0.060625
15.320154 1.582789 15.954026 2.249843
0.601510 0.135644 -0.020573 -0.004613
0.135644 0.055751 -0.004581 -0.001765
-0.020573 -0.004581 0.602602 0.135469
-0.004613 -0.001765 0.135469 0.055899
15.265572 1.397250 16.824172 2.193963
0.578060 0.126741 -0.016796 -0.003591
0.126741 0.052413 -0.003566 -0.001355
-0.016796 -0.003566 0.578078 0.126507
-0.003591 -0.001355 0.126507 0.052548
15.811514 1.364286 17.258550 2.051802
0.558463 0.119883 -0.013837 -0.002833
0.119883 0.050047 -0.002813 -0.001057
-0.013837 -0.002813 0.557381 0.119551
-0.002833 -0.001057 0.119551 0.050152
15.812800 1.220164 17.811335 1.951543
0.541908 0.114576 -0.011457 -0.002252
0.114576 0.048371 -0.002237 -0.000833
-0.011457 -0.002237 0.540287 0.114245
-0.002252 -0.000833 0.114245 0.048464
16.151839 1.163309 18.459767 1.882875
0.528222 0.110551 -0.009564 -0.001810
0.110551 0.047205 -0.001798 -0.000665
-0.009564 -0.001798 0.526096 0.110199
-0.001810 -0.000665 0.110199 0.047279
17.392568 1.300377 19.350528 1.872582
0.516945 0.107523 -0.007951 -0.001449
0.107523 0.046406 -0.001441 -0.000532
-0.007951 -0.001441 0.514490 0.107168
-0.001449 -0.000532 0.107168 0.046463
18.179289 1.328563 19.992926 1.811581
0.507593 0.105250 -0.006425 -0.001124
0.105250 0.045864 -0.001118 -0.000421
-0.006425 -0.001118 0.505261 0.104969
-0.001124 -0.000421 0.104969 0.045920
19.021991 1.365932 21.871619 2.013673
0.500012 0.103594 -0.005112 -0.000858
0.103594 0.045511 -0.000853 -0.000333
-0.005112 -0.000853 0.497958 0.103397
-0.000858 -0.000333 0.103397 0.045567
19.542866 1.332379 23.026080 2.044292
0.493965 0.102421 -0.003862 -0.000616
0.102421 0.045291 -0.000612 -0.000258
-0.003862 -0.000612 0.492253 0.102303
-0.000616 -0.000258 0.102303 0.045345
19.567665 1.199088 23.858646 2.004612
0.489185 0.101611 -0.002817 -0.000425
0.101611 0.045159 -0.000422 -0.000199
-0.002817 -0.000422 0.487910 0.101577
-0.000425 -0.000199 0.101577 0.045213
20.091443 1.183378 25.099300 2.054319
0.485491 0.101079 -0.001950 -0.000276
0.101079 0.045087 -0.000275 -0.000154
-0.001950 -0.000275 0.484654 0.101116
-0.000276 -0.000154 0.101116 0.045140
20.354617 1.114821 26.192231 2.068007
0.482570 0.100725 -0.001252 -0.000165
0.100725 0.045047 -0.000164 -0.000120
-0.001252 -0.000164 0.482389 0.100872
-0.000165 -0.000120 0.100872 0.045108
21.132473 1.160923 27.020948 2.025017
0.480265 0.100496 -0.000694 -0.000082
0.100496 0.045024 -0.000081 -0.000093
-0.000694 -0.000081 0.480914 0.100778
-0.000082 -0.000093 0.100778 0.045100
21.784307 1.175898 28.114574 2.042052
0.478442 0.100349 -0.000377 -0.000048
0.100349 0.045010 -0.000047 -0.000078
-0.000377 -0.000047 0.480056 0.100785
-0.000048 -0.000078 0.100785 0.045105
21.964607 1.090229 30.058626 2.236125
0.476926 0.100241 -0.000263 -0.000050
0.100241 0.044994 -0.000049 -0.000070
-0.000263 -0.000049 0.479732 0.100870
-0.000050 -0.000070 0.100870 0.045118
22.396441 1.066367 31.516901 2.307743
0.475361 0.100095 -0.000219 -0.000059
0.100095 0.044963 -0.000058 -0.000064
-0.000219 -0.000058 0.480088 0.101058
-0.000059 -0.000064 0.101058 0.045146
22.607840 0.998486 32.962308 2.369170
0.473799 0.099928 -0.000334 -0.000094
0.099928 0.044923 -0.000093 -0.000064
-0.000334 -0.000093 0.480904 0.101300
-0.000094 -0.000064 0.101300 0.045179
23.453595 1.071683 33.978217 2.333610
0.472171 0.099729 -0.000517 -0.000135
0.099729 0.044872 -0.000135 -0.000064
-0.000517 -0.000135 0.482120 0.101584
-0.000135 -0.000064 0.101584 0.045215
24.588039 1.198303 34.732338 2.246641
0.470636 0.099538 -0.001040 -0.000240
0.099538 0.044822 -0.000241 -0.000079
-0.001040 -0.000241 0.483473 0.101856
-0.000240 -0.000079 0.101856 0.045246
25.362577 1.235446 35.371585 2.144702
0.469311 0.099379 -0.001994 -0.000425
0.099379 0.044779 -0.000426 -0.000109
-0.001994 -0.000426 0.484765 0.102083
-0.000425 -0.000109 0.102083 0.045267
25.883815 1.214983 36.301618 2.114746
0.468185 0.099251 -0.003140 -0.000632
0.099251 0.044740 -0.000635 -0.000143
-0.003140 -0.000635 0.485950 0.102264
-0.000632 -0.000143 0.102264 0.045279
26.743773 1.268526 37.177348 2.076594
0.467044 0.099106 -0.004362 -0.000839
0.099106 0.044697 -0.000843 -0.000176
-0.004362 -0.000843 0.487216 0.102448
-0.000839 -0.000176 0.102448 0.045294
27.424757 1.278379 37.986289 2.028423
0.465960 0.098963 -0.005835 -0.001084
0.098963 0.044655 -0.001090 -0.000217
-0.005835 -0.001090 0.488474 0.102620
-0.001084 -0.000217 0.102620 0.045310
28.288577 1.326213 39.183463 2.066931
0.464925 0.098823 -0.007422 -0.001339
0.098823 0.044613 -0.001347 -0.000259
-0.007422 -0.001347 0.489719 0.102782
-0.001339 -0.000259 0.102782 0.045327
29.138079 1.365637 39.874547 1.995263
0.463763 0.098648 -0.009298 -0.001641
0.098648 0.044565 -0.001651 -0.000311
-0.009298 -0.001651 0.491157 0.102982
-0.001641 -0.000311 0.102982 0.045354
30.435624 1.496052 40.364565 1.889480
0.462776 0.098509 -0.011329 -0.001960
0.098509 0.044525 -0.001973 -0.000367
-0.011329 -0.001973 0.492450 0.103145
-0.001960 -0.000367 0.103145 0.045376
31.152261 1.489000 40.990745 1.822781
0.462193 0.098450 -0.013731 -0.002343
0.098450 0.044503 -0.002361 -0.000437
-0.013731 -0.002361 0.493370 0.103229
-0.002343 -0.000437 0.103229 0.045384
32.116834 1.536072 42.012503 1.846173
0.461707 0.098401 -0.016111 -0.002703
0.098401 0.044483 -0.002726 -0.000502
-0.016111 -0.002726 0.494230 0.103309
-0.002703 -0.000502 0.103309 0.045395
32.932848 1.545507 42.479412 1.750958
0.461162 0.098328 -0.018751 -0.003107
0.098328 0.044456 -0.003133 -0.000576
-0.018751 -0.003133 0.495255 0.103431
-0.003107 -0.000576 0.103431 0.045417
33.492536 1.499546 43.118131 1.701085
0.460854 0.098298 -0.021364 -0.003490
0.098298 0.044440 -0.003521 -0.000646
-0.021364 -0.003521 0.496074 0.103513
-0.003490 -0.000646 0.103513 0.045433
34.138191 1.478769 44.560394 1.824271
0.460534 0.098257 -0.023838 -0.003836
0.098257 0.044421 -0.003870 -0.000710
-0.023838 -0.003870 0.496948 0.103613
-0.003836 -0.000710 0.103613 0.045454
34.170084 1.328166 45.645845 1.858397
0.459746 0.098109 -0.026508 -0.004221
0.098109 0.044379 -0.004255 -0.000783
-0.026508 -0.004255 0.498487 0.103856
-0.004221 -0.000783 0.103856 0.045505
34.690174 1.299144 47.120082 1.971495
0.458518 0.097872 -0.028779 -0.004519
0.097872 0.044320 -0.004548 -0.000839
-0.028779 -0.004548 0.500535 0.104196
-0.004519 -0.000839 0.104196 0.045575
34.938452 1.214300 48.370427 2.025138
0.456903 0.097565 -0.031192 -0.004852
0.097565 0.044250 -0.004874 -0.000904
-0.031192 -0.004874 0.503179 0.104642
-0.004852 -0.000904 0.104642 0.045664
36.074134 1.325350 48.867210 1.919965
0.455006 0.097216 -0.033436 -0.005152
0.097216 0.044175 -0.005163 -0.000964
-0.033436 -0.005163 0.506235 0.105148
-0.005152 -0.000964 0.105148 0.045762
