5.637834 3.217277 0.807941 -0.568864
2.575399 1.030182 -0.261185 -0.104476
1.030182 80.416148 -0.104476 -0.041791
-0.261185 -0.104476 2.388565 0.955447
-0.104476 -0.041791 0.955447 80.386254
6.363500 1.686429 0.756002 -0.180571
2.201388 3.824666 -0.224027 -0.343679
3.824666 15.326352 -0.336276 -1.256359
-0.224027 -0.336276 2.369194 4.154839
-0.343679 -1.256359 4.154839 15.429559
7.033811 1.493144 2.119619 1.481696
1.950219 2.272692 -0.207690 -0.231122
2.272692 4.589586 -0.230144 -0.446835
-0.207690 -0.230144 2.100928 2.402157
-0.231122 -0.446835 2.402157 4.607588
6.769424 0.630871 2.074697 0.827001
1.683988 1.432541 -0.166127 -0.137247
1.432541 1.926696 -0.136809 -0.185101
-0.166127 -0.136809 1.779064 1.480786
-0.137247 -0.185101 1.480786 1.927123
6.834053 0.464713 3.504515 1.491273
1.460662 0.972982 -0.146694 -0.096451
0.972982 0.983022 -0.096322 -0.097589
-0.146694 -0.096322 1.532553 1.001595
-0.096451 -0.097589 1.001595 0.988402
6.828135 0.334522 4.588511 1.673472
1.288569 0.704793 -0.124703 -0.067736
0.704793 0.571816 -0.067641 -0.055526
-0.124703 -0.067641 1.333743 0.717796
-0.067736 -0.055526 0.717796 0.574022
7.635474 0.631706 5.580372 1.744256
1.151580 0.534607 -0.106791 -0.049462
0.534607 0.364500 -0.049385 -0.034230
-0.106791 -0.049385 1.177846 0.539739
-0.049462 -0.034230 0.539739 0.365333
8.350082 0.792823 7.674892 2.232965
1.038188 0.419372 -0.090166 -0.036457
0.419372 0.248827 -0.036388 -0.022073
-0.090166 -0.036388 1.055737 0.422247
-0.036457 -0.022073 0.422247 0.249782
9.712272 1.139121 7.810731 1.883675
0.946771 0.339448 -0.074050 -0.026651
0.339448 0.180117 -0.026586 -0.014592
-0.074050 -0.026586 0.954603 0.339741
-0.026651 -0.014592 0.339741 0.180523
10.915244 1.344089 7.968315 1.631097
0.867712 0.280680 -0.061807 -0.020136
0.280680 0.136571 -0.020084 -0.010109
-0.061807 -0.020084 0.875351 0.281736
-0.020136 -0.010109 0.281736 0.137400
11.174469 1.221858 8.942300 1.677940
0.800547 0.237003 -0.052201 -0.015588
0.237003 0.108054 -0.015548 -0.007253
-0.052201 -0.015548 0.810818 0.239250
-0.015588 -0.007253 0.239250 0.109223
11.150541 1.047598 10.170846 1.784704
0.745467 0.204591 -0.044725 -0.012360
0.204591 0.088988 -0.012330 -0.005365
-0.044725 -0.012330 0.755415 0.206841
-0.012360 -0.005365 0.206841 0.090053
11.573461 1.021637 11.115263 1.798084
0.700117 0.180179 -0.038699 -0.009968
0.180179 0.075933 -0.009945 -0.004061
-0.038699 -0.009945 0.707500 0.181773
-0.009968 -0.004061 0.181773 0.076723
12.221764 1.055232 12.462114 1.907181
0.661772 0.161377 -0.033528 -0.008093
0.161377 0.066785 -0.008075 -0.003117
-0.033528 -0.008075 0.666816 0.162425
-0.008093 -0.003117 0.162425 0.067361
12.465528 0.988914 13.098609 1.833169
0.629348 0.146817 -0.028666 -0.006510
0.146817 0.060307 -0.006497 -0.002400
-0.028666 -0.006497 0.632135 0.147379
-0.006510 -0.002400 0.147379 0.060710
13.304685 1.066632 14.261829 1.888842
0.601833 0.135488 -0.024757 -0.005313
0.135488 0.055687 -0.005303 -0.001879
-0.024757 -0.005303 0.602850 0.135706
-0.005313 -0.001879 0.135706 0.055968
14.311369 1.170571 15.681995 1.993343
0.578455 0.126659 -0.021043 -0.004274
0.126659 0.052384 -0.004267 -0.001469
-0.021043 -0.004267 0.578191 0.126657
-0.004274 -0.001469 0.126657 0.052582
14.777729 1.145244 16.932448 2.047737
0.558703 0.119809 -0.017464 -0.003357
0.119809 0.050031 -0.003353 -0.001139
-0.017464 -0.003353 0.557509 0.119664
-0.003357 -0.001139 0.119664 0.050170
15.716500 1.222438 17.739256 2.002098
0.542258 0.114560 -0.014320 -0.002607
0.114560 0.048373 -0.002606 -0.000885
-0.014320 -0.002606 0.540179 0.114278
-0.002607 -0.000885 0.114278 0.048460
16.116806 1.178774 19.303996 2.120051
0.528435 0.110529 -0.011605 -0.002002
0.110529 0.047210 -0.002003 -0.000690
-0.011605 -0.002003 0.526021 0.110222
-0.002002 -0.000690 0.110222 0.047271
16.703691 1.178307 20.430418 2.133884
0.517155 0.107520 -0.009155 -0.001491
0.107520 0.046417 -0.001493 -0.000534
-0.009155 -0.001493 0.514338 0.107161
-0.001491 -0.000534 0.107161 0.046449
17.672311 1.257025 21.569416 2.149144
0.507925 0.105288 -0.007049 -0.001080
0.105288 0.045885 -0.001083 -0.000413
-0.007049 -0.001083 0.504944 0.104919
-0.001080 -0.000413 0.104919 0.045898
18.253625 1.246866 22.074725 2.030889
0.500369 0.103645 -0.005253 -0.000752
0.103645 0.045533 -0.000755 -0.000320
-0.005253 -0.000755 0.497591 0.103334
-0.000752 -0.000320 0.103334 0.045544
18.889515 1.249374 22.957070 2.003231
0.494320 0.102476 -0.003847 -0.000517
0.102476 0.045312 -0.000519 -0.000252
-0.003847 -0.000519 0.491882 0.102239
-0.000517 -0.000252 0.102239 0.045323
19.570282 1.261124 24.186311 2.050652
0.489522 0.101665 -0.002716 -0.000341
0.101665 0.045179 -0.000343 -0.000201
-0.002716 -0.000343 0.487558 0.101517
-0.000341 -0.000201 0.101517 0.045194
20.055887 1.230863 24.960235 1.998143
0.485715 0.101111 -0.001807 -0.000210
0.101111 0.045101 -0.000212 -0.000161
-0.001807 -0.000212 0.484416 0.101081
-0.000210 -0.000161 0.101081 0.045127
20.094864 1.110570 26.019878 2.010675
0.482759 0.100752 -0.001127 -0.000123
0.100752 0.045059 -0.000124 -0.000131
-0.001127 -0.000124 0.482188 0.100842
-0.000123 -0.000131 0.100842 0.045097
20.475671 1.074122 27.464685 2.102755
0.480454 0.100525 -0.000558 -0.000052
0.100525 0.045036 -0.000053 -0.000106
-0.000558 -0.000053 0.480716 0.100748
-0.000052 -0.000106 0.100748 0.045089
21.353181 1.145510 28.262148 2.049458
0.478521 0.100357 -0.000120 -0.000002
0.100357 0.045016 -0.000003 -0.000085
-0.000120 -0.000003 0.479971 0.100778
-0.000002 -0.000085 0.100778 0.045100
22.306028 1.225400 29.044980 1.998583
0.476956 0.100241 0.000034 -0.000004
0.100241 0.044999 -0.000005 -0.000076
0.000034 -0.000005 0.479698 0.100871
-0.000004 -0.000076 0.100871 0.045115
22.573666 1.152736 30.151918 2.021270
0.475678 0.100159 -0.000097 -0.000056
0.100159 0.044981 -0.000057 -0.000077
-0.000097 -0.000057 0.479763 0.100995
-0.000056 -0.000077 0.100995 0.045129
23.641488 1.256399 30.970196 1.980698
0.474503 0.100069 -0.000297 -0.000110
0.100069 0.044955 -0.000111 -0.000078
-0.000297 -0.000111 0.480182 0.101157
-0.000110 -0.000078 0.101157 0.045146
24.302717 1.263389 31.809489 1.948861
0.473489 0.099989 -0.000823 -0.000221
0.099989 0.044928 -0.000222 -0.000091
-0.000823 -0.000222 0.480757 0.101317
-0.000221 -0.000091 0.101317 0.045159
25.145537 1.308014 32.926501 1.978896
0.472565 0.099906 -0.001508 -0.000351
0.099906 0.044897 -0.000353 -0.000107
-0.001508 -0.000353 0.481461 0.101474
-0.000351 -0.000107 0.101474 0.045170
25.594076 1.264526 34.607268 2.124580
0.471607 0.099797 -0.002446 -0.000521
0.099797 0.044859 -0.000524 -0.000132
-0.002446 -0.000524 0.482347 0.101645
-0.000521 -0.000132 0.101645 0.045183
26.285615 1.277072 35.577899 2.105277
0.470306 0.099602 -0.003527 -0.000707
0.099602 0.044803 -0.000709 -0.000159
-0.003527 -0.000709 0.483692 0.101891
-0.000707 -0.000159 0.101891 0.045213
26.685931 1.226614 36.797836 2.140451
0.469033 0.099411 -0.004777 -0.000914
0.099411 0.044749 -0.000917 -0.000190
-0.004777 -0.000917 0.485079 0.102121
-0.000914 -0.000190 0.102121 0.045239
27.698217 1.311232 37.832005 2.133002
0.467604 0.099184 -0.006072 -0.001117
0.099184 0.044690 -0.001121 -0.000221
-0.006072 -0.001121 0.486682 0.102378
-0.001117 -0.000221 0.102378 0.045272
28.664683 1.377382 39.212216 2.199093
0.466246 0.098975 -0.007730 -0.001387
0.098975 0.044636 -0.001392 -0.000267
-0.007730 -0.001392 0.488268 0.102614
-0.001387 -0.000267 0.102614 0.045301
29.323570 1.370725 39.853671 2.102895
0.464767 0.098740 -0.009766 -0.001721
0.098740 0.044579 -0.001728 -0.000327
-0.009766 -0.001728 0.490057 0.102881
-0.001721 -0.000327 0.102881 0.045339
30.151222 1.400602 40.499377 2.017940
0.463524 0.098559 -0.011800 -0.002038
0.098559 0.044535 -0.002046 -0.000381
-0.011800 -0.002046 0.491637 0.103092
-0.002038 -0.000381 0.103092 0.045367
30.485130 1.321839 40.860194 1.881728
0.462525 0.098428 -0.013946 -0.002364
0.098428 0.044501 -0.002375 -0.000439
-0.013946 -0.002375 0.493002 0.103253
-0.002364 -0.000439 0.103253 0.045387
30.744466 1.235758 41.440882 1.805767
0.461737 0.098336 -0.015808 -0.002620
0.098336 0.044475 -0.002633 -0.000482
-0.015808 -0.002633 0.494137 0.103369
-0.002620 -0.000482 0.103369 0.045401
31.224327 1.205811 42.048162 1.743733
0.460960 0.098237 -0.017449 -0.002826
0.098237 0.044447 -0.002840 -0.000517
-0.017449 -0.002840 0.495264 0.103491
-0.002826 -0.000517 0.103491 0.045421
32.070521 1.257241 42.691572 1.696527
0.460241 0.098144 -0.019070 -0.003033
0.098144 0.044420 -0.003048 -0.000555
-0.019070 -0.003048 0.496354 0.103612
-0.003033 -0.000555 0.103612 0.045443
32.872461 1.294483 43.644744 1.718821
0.459677 0.098077 -0.020949 -0.003297
0.098077 0.044398 -0.003314 -0.000608
-0.020949 -0.003314 0.497346 0.103718
-0.003297 -0.000608 0.103718 0.045463
33.330375 1.254578 44.708805 1.760991
0.459049 0.097987 -0.023112 -0.003619
0.097987 0.044370 -0.003639 -0.000674
-0.023112 -0.003639 0.498515 0.103868
-0.003619 -0.000674 0.103868 0.045495
33.390521 1.132585 45.314882 1.702178
0.458163 0.097838 -0.025303 -0.003941
0.097838 0.044330 -0.003962 -0.000739
-0.025303 -0.003962 0.500058 0.104098
-0.003941 -0.000739 0.104098 0.045544
34.248008 1.194632 46.097456 1.688849
0.457184 0.097672 -0.027102 -0.004177
0.097672 0.044288 -0.004196 -0.000786
-0.027102 -0.004196 0.501685 0.104341
-0.004177 -0.000786 0.104341 0.045594
35.407334 1.315154 47.020773 1.707219
0.456358 0.097541 -0.029235 -0.004487
0.097541 0.044255 -0.004506 -0.000851
-0.029235 -0.004506 0.503272 0.104568
-0.004487 -0.000851 0.104568 0.045641
