3.674809 2.432050 1.342775 -0.354925
2.490737 0.996316 -0.101026 -0.040411
0.996316 80.402602 -0.040411 -0.016165
-0.101026 -0.040411 2.420540 0.968237
-0.040411 -0.016165 0.968237 80.391370
4.100439 1.056259 1.708026 0.589385
2.246160 3.922402 -0.096966 -0.150291
3.922402 15.297860 -0.149385 -0.519319
-0.096966 -0.149385 2.282340 3.999478
-0.150291 -0.519319 3.999478 15.254031
4.960753 1.444703 3.392144 2.190570
1.993006 2.307900 -0.088247 -0.096885
2.307900 4.574098 -0.096777 -0.181766
-0.088247 -0.096777 2.017320 2.323412
-0.096885 -0.181766 2.323412 4.542711
6.199201 1.878435 2.947402 0.898688
1.711945 1.445123 -0.067569 -0.054917
1.445123 1.919156 -0.054859 -0.073609
-0.067569 -0.054859 1.721282 1.444463
-0.054917 -0.073609 1.444463 1.903004
5.918093 1.072461 6.417564 2.886778
1.475723 0.976149 -0.055796 -0.036322
0.976149 0.978383 -0.036289 -0.037551
-0.055796 -0.036289 1.490776 0.981273
-0.036322 -0.037551 0.981273 0.975990
6.845497 1.285115 6.349989 2.068820
1.299780 0.706832 -0.043528 -0.023639
0.706832 0.570220 -0.023611 -0.020480
-0.043528 -0.023611 1.300598 0.704060
-0.023639 -0.020480 0.704060 0.566078
6.012964 0.604002 5.386025 1.149148
1.156124 0.534174 -0.036292 -0.017034
0.534174 0.363135 -0.017015 -0.012599
-0.036292 -0.017015 1.155470 0.532008
-0.017034 -0.012599 0.532008 0.360967
6.959347 0.863198 6.378248 1.316545
1.040406 0.418728 -0.033889 -0.013993
0.418728 0.248094 -0.013983 -0.008742
-0.033889 -0.013983 1.039892 0.417412
-0.013993 -0.008742 0.417412 0.247020
8.258322 1.173447 6.586655 1.155745
0.945948 0.338215 -0.029956 -0.011000
0.338215 0.179509 -0.010993 -0.006048
-0.029956 -0.010993 0.945628 0.337414
-0.011000 -0.006048 0.337414 0.178959
9.702411 1.449926 8.533031 1.596653
0.867190 0.279974 -0.026126 -0.008641
0.279974 0.136324 -0.008636 -0.004275
-0.026126 -0.008636 0.868519 0.279966
-0.008641 -0.004275 0.279966 0.136194
11.365079 1.727072 10.027953 1.802191
0.802030 0.237139 -0.021763 -0.006560
0.237139 0.108136 -0.006556 -0.003011
-0.021763 -0.006556 0.803537 0.237276
-0.006560 -0.003011 0.237276 0.108111
12.303335 1.747567 10.828721 1.774705
0.747263 0.204892 -0.017701 -0.004920
0.204892 0.089126 -0.004917 -0.002141
-0.017701 -0.004917 0.748884 0.205109
-0.004920 -0.002141 0.205109 0.089153
12.830347 1.658393 11.544825 1.730723
0.701007 0.180279 -0.014534 -0.003764
0.180279 0.076015 -0.003761 -0.001566
-0.014534 -0.003761 0.702708 0.180541
-0.003764 -0.001566 0.180541 0.076067
13.427264 1.601778 12.456304 1.741953
0.661891 0.161328 -0.012117 -0.002948
0.161328 0.066827 -0.002946 -0.001177
-0.012117 -0.002946 0.663495 0.161577
-0.002948 -0.001177 0.161577 0.066882
13.804825 1.503055 13.481930 1.777971
0.628781 0.146649 -0.010154 -0.002335
0.146649 0.060319 -0.002332 -0.000900
-0.010154 -0.002332 0.630148 0.146849
-0.002335 -0.000900 0.146849 0.060366
14.631764 1.520039 14.440729 1.793683
0.600814 0.135260 -0.008542 -0.001864
0.135260 0.055684 -0.001863 -0.000697
-0.008542 -0.001863 0.601781 0.135377
-0.001864 -0.000697 0.135377 0.055714
16.172012 1.691022 16.041073 1.947770
0.577160 0.126407 -0.007138 -0.001483
0.126407 0.052373 -0.001482 -0.000542
-0.007138 -0.001482 0.577819 0.126469
-0.001483 -0.000542 0.126469 0.052394
16.568487 1.594811 17.746822 2.104625
0.557238 0.119551 -0.005773 -0.001142
0.119551 0.050016 -0.001141 -0.000417
-0.005773 -0.001141 0.557677 0.119581
-0.001142 -0.000417 0.119581 0.050031
17.553371 1.634404 18.580559 2.058472
0.540666 0.114301 -0.004601 -0.000868
0.114301 0.048355 -0.000867 -0.000321
-0.004601 -0.000867 0.540763 0.114272
-0.000868 -0.000321 0.114272 0.048359
17.208344 1.391042 19.311786 1.995875
0.526877 0.110296 -0.003629 -0.000655
0.110296 0.047194 -0.000654 -0.000249
-0.003629 -0.000654 0.526794 0.110246
-0.000655 -0.000249 0.110246 0.047195
17.712343 1.351218 20.483293 2.031954
0.515598 0.107301 -0.002878 -0.000500
0.107301 0.046400 -0.000499 -0.000196
-0.002878 -0.000499 0.515289 0.107219
-0.000500 -0.000196 0.107219 0.046395
18.659503 1.407559 21.455793 2.022981
0.506430 0.105089 -0.002235 -0.000373
0.105089 0.045867 -0.000373 -0.000154
-0.002235 -0.000373 0.505968 0.104991
-0.000373 -0.000154 0.104991 0.045859
19.233272 1.380583 22.365569 2.001866
0.499040 0.103484 -0.001697 -0.000273
0.103484 0.045519 -0.000273 -0.000122
-0.001697 -0.000273 0.498551 0.103394
-0.000273 -0.000122 0.103394 0.045514
19.766682 1.348030 23.407022 2.010256
0.493178 0.102352 -0.001261 -0.000197
0.102352 0.045302 -0.000196 -0.000096
-0.001261 -0.000196 0.492730 0.102282
-0.000197 -0.000096 0.102282 0.045299
20.123547 1.282035 23.847430 1.892783
0.488592 0.101579 -0.000910 -0.000138
0.101579 0.045172 -0.000138 -0.000077
-0.000910 -0.000138 0.488249 0.101537
-0.000138 -0.000077 0.101537 0.045174
20.766893 1.282496 24.476893 1.826723
0.485079 0.101077 -0.000645 -0.000098
0.101077 0.045101 -0.000097 -0.000062
-0.000645 -0.000097 0.484857 0.101062
-0.000098 -0.000062 0.101062 0.045107
21.782838 1.360769 25.539214 1.857866
0.482427 0.100768 -0.000455 -0.000071
0.100768 0.045065 -0.000071 -0.000051
-0.000455 -0.000071 0.482360 0.100785
-0.000071 -0.000051 0.100785 0.045075
22.468581 1.361895 26.616840 1.889006
0.480439 0.100590 -0.000350 -0.000060
0.100590 0.045048 -0.000060 -0.000044
-0.000350 -0.000060 0.480598 0.100649
-0.000060 -0.000044 0.100649 0.045065
22.468470 1.218990 27.309004 1.836043
0.478967 0.100499 -0.000315 -0.000061
0.100499 0.045041 -0.000061 -0.000040
-0.000315 -0.000061 0.479414 0.100609
-0.000061 -0.000040 0.100609 0.045066
22.827741 1.166388 28.598655 1.914170
0.477901 0.100464 -0.000292 -0.000062
0.100464 0.045036 -0.000061 -0.000036
-0.000292 -0.000061 0.478656 0.100626
-0.000062 -0.000036 0.100626 0.045070
23.683700 1.223816 30.069925 2.022415
0.477082 0.100449 -0.000313 -0.000069
0.100449 0.045029 -0.000069 -0.000034
-0.000313 -0.000069 0.478270 0.100686
-0.000069 -0.000034 0.100686 0.045075
24.704860 1.310092 31.006089 2.006598
0.476410 0.100434 -0.000438 -0.000095
0.100434 0.045016 -0.000095 -0.000035
-0.000438 -0.000095 0.478185 0.100774
-0.000095 -0.000035 0.100774 0.045080
25.082912 1.251640 32.406645 2.090377
0.475890 0.100425 -0.000676 -0.000141
0.100425 0.045000 -0.000141 -0.000042
-0.000676 -0.000141 0.478257 0.100862
-0.000141 -0.000042 0.100862 0.045082
25.475936 1.202473 33.303547 2.059085
0.475383 0.100396 -0.000956 -0.000191
0.100396 0.044978 -0.000192 -0.000048
-0.000956 -0.000192 0.478525 0.100963
-0.000191 -0.000048 0.100963 0.045083
25.572767 1.095863 33.893625 1.966321
0.474928 0.100359 -0.001257 -0.000242
0.100359 0.044954 -0.000242 -0.000055
-0.001257 -0.000242 0.478870 0.101055
-0.000242 -0.000055 0.101055 0.045082
25.753185 1.018156 34.763606 1.942406
0.474529 0.100321 -0.001517 -0.000280
0.100321 0.044930 -0.000280 -0.000059
-0.001517 -0.000280 0.479233 0.101131
-0.000280 -0.000059 0.101131 0.045078
26.394536 1.046199 36.285451 2.058605
0.474119 0.100269 -0.001771 -0.000315
0.100269 0.044904 -0.000315 -0.000063
-0.001771 -0.000315 0.479644 0.101203
-0.000315 -0.000063 0.101203 0.045073
27.466052 1.162176 37.094134 2.012158
0.473593 0.100185 -0.002141 -0.000373
0.100185 0.044872 -0.000374 -0.000073
-0.002141 -0.000374 0.480190 0.101292
-0.000373 -0.000073 0.101292 0.045075
28.244162 1.203804 37.811487 1.951317
0.473123 0.100111 -0.002668 -0.000462
0.100111 0.044844 -0.000462 -0.000089
-0.002668 -0.000462 0.480682 0.101360
-0.000462 -0.000089 0.101360 0.045073
28.535437 1.137970 38.450736 1.880324
0.472698 0.100044 -0.003268 -0.000561
0.100044 0.044820 -0.000562 -0.000107
-0.003268 -0.000562 0.481124 0.101412
-0.000561 -0.000107 0.101412 0.045070
29.077122 1.132291 39.684608 1.942197
0.472281 0.099977 -0.003822 -0.000645
0.099977 0.044797 -0.000646 -0.000122
-0.003822 -0.000646 0.481548 0.101457
-0.000645 -0.000122 0.101457 0.045068
29.926805 1.192575 41.260294 2.069642
0.471762 0.099887 -0.004447 -0.000742
0.099887 0.044771 -0.000743 -0.000139
-0.004447 -0.000743 0.482075 0.101525
-0.000742 -0.000139 0.101525 0.045074
30.564400 1.201212 42.069608 2.022191
0.471101 0.099769 -0.005251 -0.000872
0.099769 0.044740 -0.000873 -0.000164
-0.005251 -0.000873 0.482755 0.101623
-0.000872 -0.000164 0.101623 0.045087
31.640627 1.302015 43.157656 2.038663
0.470482 0.099665 -0.006085 -0.001003
0.099665 0.044714 -0.001005 -0.000188
-0.006085 -0.001005 0.483396 0.101709
-0.001003 -0.000188 0.101709 0.045098
32.565805 1.360220 44.328868 2.070795
0.469885 0.099569 -0.007101 -0.001167
0.099569 0.044691 -0.001169 -0.000219
-0.007101 -0.001169 0.484033 0.101793
-0.001167 -0.000219 0.101793 0.045111
33.117378 1.332657 44.976016 1.989077
0.469270 0.099470 -0.008247 -0.001352
0.099470 0.044668 -0.001354 -0.000254
-0.008247 -0.001354 0.484712 0.101885
-0.001352 -0.000254 0.101885 0.045126
34.003262 1.379500 46.270516 2.052310
0.468730 0.099390 -0.009335 -0.001516
0.099390 0.044650 -0.001519 -0.000285
-0.009335 -0.001519 0.485325 0.101962
-0.001516 -0.000285 0.101962 0.045139
34.668926 1.373932 46.877792 1.964315
0.468123 0.099296 -0.010565 -0.001705
0.099296 0.044629 -0.001709 -0.000321
-0.010565 -0.001709 0.486044 0.102062
-0.001705 -0.000321 0.102062 0.045158
34.906617 1.278630 47.895602 1.971234
0.467623 0.099226 -0.011759 -0.001881
0.099226 0.044613 -0.001885 -0.000354
-0.011759 -0.001885 0.486666 0.102141
-0.001881 -0.000354 0.102141 0.045172
36.083764 1.392041 48.335950 1.857594
0.467016 0.099132 -0.012849 -0.002031
0.099132 0.044592 -0.002036 -0.000382
-0.012849 -0.002036 0.487418 0.102249
-0.002031 -0.000382 0.102249 0.045194
