4.402120 2.722980 1.215144 -0.405979
2.470482 0.988214 -0.052654 -0.021062
0.988214 80.399361 -0.021062 -0.008425
-0.052654 -0.021062 2.434012 0.973626
-0.021062 -0.008425 0.973626 80.393525
6.257273 3.585518 0.889015 -0.619409
2.249176 3.932144 -0.048493 -0.074671
3.932144 15.265550 -0.074410 -0.264538
-0.048493 -0.074410 2.272858 3.980734
-0.074671 -0.264538 3.980734 15.257699
7.901726 3.411887 -1.128381 -2.588906
1.986531 2.298083 -0.040590 -0.044582
2.298083 4.548898 -0.044520 -0.087927
-0.040590 -0.044520 2.017719 2.326813
-0.044582 -0.087927 2.326813 4.556431
6.712346 0.971781 3.937905 2.753002
1.694456 1.429307 -0.035100 -0.029034
1.429307 1.901469 -0.029013 -0.038806
-0.035100 -0.029013 1.735314 1.457559
-0.029034 -0.038806 1.457559 1.916695
5.745471 0.010642 4.844728 2.443805
1.473845 0.975027 -0.027376 -0.017956
0.975027 0.976150 -0.017939 -0.018806
-0.027376 -0.017939 1.489474 0.980348
-0.017956 -0.018806 0.980348 0.976010
6.339509 0.330707 6.413287 2.631439
1.296981 0.705164 -0.023706 -0.012967
0.705164 0.568382 -0.012958 -0.010941
-0.023706 -0.012958 1.301347 0.704603
-0.012967 -0.010941 0.704603 0.566808
8.645326 1.319454 6.941058 2.268274
1.155153 0.533558 -0.019679 -0.009219
0.533558 0.362275 -0.009212 -0.006635
-0.019679 -0.009212 1.154822 0.531834
-0.009219 -0.006635 0.531834 0.361149
8.642838 1.053167 7.252842 1.938179
1.039195 0.418053 -0.015843 -0.006518
0.418053 0.247437 -0.006513 -0.004174
-0.015843 -0.006513 1.039363 0.417332
-0.006518 -0.004174 0.417332 0.247166
9.074268 1.019212 7.901926 1.823971
0.944836 0.337649 -0.013529 -0.004986
0.337649 0.179044 -0.004982 -0.002848
-0.013529 -0.004982 0.945211 0.337388
-0.004986 -0.002848 0.337388 0.179072
9.494296 0.990325 8.691898 1.784640
0.866986 0.279766 -0.011703 -0.003911
0.279766 0.136075 -0.003909 -0.002020
-0.011703 -0.003909 0.867444 0.279727
-0.003911 -0.002020 0.279727 0.136201
10.451383 1.126755 10.136259 1.947660
0.802119 0.237035 -0.010176 -0.003115
0.237035 0.107972 -0.003113 -0.001471
-0.010176 -0.003113 0.802501 0.237073
-0.003115 -0.001471 0.237073 0.108113
10.846960 1.080747 11.377204 2.020870
0.747643 0.204877 -0.008643 -0.002444
0.204877 0.089024 -0.002442 -0.001077
-0.008643 -0.002442 0.747835 0.204918
-0.002444 -0.001077 0.204918 0.089147
11.939239 1.222659 11.365621 1.758124
0.701685 0.180343 -0.007340 -0.001932
0.180343 0.075957 -0.001931 -0.000803
-0.007340 -0.001931 0.701545 0.180333
-0.001932 -0.000803 0.180333 0.076049
13.315659 1.408985 13.502213 2.064504
0.662510 0.161374 -0.006303 -0.001554
0.161374 0.066781 -0.001554 -0.000611
-0.006303 -0.001554 0.662513 0.161424
-0.001554 -0.000611 0.161424 0.066872
14.379246 1.492671 13.492007 1.821441
0.629345 0.146684 -0.005195 -0.001206
0.146684 0.060283 -0.001205 -0.000459
-0.005195 -0.001205 0.629298 0.146732
-0.001206 -0.000459 0.146732 0.060359
15.113025 1.489842 14.286369 1.795250
0.601126 0.135242 -0.004331 -0.000951
0.135242 0.055646 -0.000951 -0.000352
-0.004331 -0.000951 0.601245 0.135330
-0.000951 -0.000352 0.135330 0.055718
15.073271 1.318160 16.278948 2.034975
0.577293 0.126360 -0.003607 -0.000752
0.126360 0.052339 -0.000752 -0.000272
-0.003607 -0.000752 0.577509 0.126465
-0.000752 -0.000272 0.126465 0.052402
14.798627 1.117905 16.867853 1.942956
0.557366 0.119516 -0.002964 -0.000588
0.119516 0.049992 -0.000588 -0.000211
-0.002964 -0.000588 0.557414 0.119576
-0.000588 -0.000211 0.119576 0.050036
15.277121 1.100971 18.524401 2.087768
0.540741 0.114265 -0.002473 -0.000469
0.114265 0.048336 -0.000469 -0.000166
-0.002473 -0.000469 0.540587 0.114277
-0.000469 -0.000166 0.114277 0.048363
16.041570 1.145756 19.674536 2.110034
0.526971 0.110274 -0.002003 -0.000362
0.110274 0.047182 -0.000362 -0.000130
-0.002003 -0.000362 0.526621 0.110244
-0.000362 -0.000130 0.110244 0.047195
15.987620 1.015341 20.656542 2.094769
0.515642 0.107276 -0.001585 -0.000273
0.107276 0.046390 -0.000273 -0.000101
-0.001585 -0.000273 0.515182 0.107223
-0.000273 -0.000101 0.107223 0.046395
17.183041 1.158002 21.535831 2.059955
0.506457 0.105068 -0.001230 -0.000201
0.105068 0.045861 -0.000202 -0.000078
-0.001230 -0.000202 0.505889 0.104995
-0.000201 -0.000078 0.104995 0.045858
18.033841 1.214347 22.503874 2.047135
0.499053 0.103467 -0.000928 -0.000144
0.103467 0.045516 -0.000144 -0.000061
-0.000928 -0.000144 0.498494 0.103397
-0.000144 -0.000061 0.103397 0.045512
18.838131 1.255207 23.011184 1.939974
0.493183 0.102339 -0.000675 -0.000099
0.102339 0.045300 -0.000099 -0.000047
-0.000675 -0.000099 0.492688 0.102284
-0.000099 -0.000047 0.102284 0.045297
18.871826 1.131745 23.988982 1.941559
0.488606 0.101572 -0.000480 -0.000067
0.101572 0.045172 -0.000067 -0.000037
-0.000480 -0.000067 0.488204 0.101535
-0.000067 -0.000037 0.101535 0.045171
20.066540 1.262777 25.116102 1.974179
0.485108 0.101076 -0.000315 -0.000041
0.101076 0.045102 -0.000041 -0.000029
-0.000315 -0.000041 0.484802 0.101056
-0.000041 -0.000029 0.101056 0.045102
20.707229 1.264737 26.614002 2.080913
0.482459 0.100770 -0.000196 -0.000025
0.100770 0.045067 -0.000025 -0.000024
-0.000196 -0.000025 0.482307 0.100777
-0.000025 -0.000024 0.100777 0.045071
21.517753 1.302037 27.678140 2.085876
0.480479 0.100595 -0.000111 -0.000015
0.100595 0.045051 -0.000015 -0.000019
-0.000111 -0.000015 0.480540 0.100640
-0.000015 -0.000019 0.100640 0.045061
22.236400 1.316225 28.478205 2.034906
0.479029 0.100509 -0.000073 -0.000013
0.100509 0.045044 -0.000013 -0.000017
-0.000073 -0.000013 0.479336 0.100595
-0.000013 -0.000017 0.100595 0.045061
22.980744 1.334353 29.278959 1.989348
0.477994 0.100481 -0.000076 -0.000018
0.100481 0.045041 -0.000018 -0.000016
-0.000076 -0.000018 0.478550 0.100606
-0.000018 -0.000016 0.100606 0.045064
23.774932 1.361094 30.293929 1.993620
0.477266 0.100484 -0.000118 -0.000029
0.100484 0.045037 -0.000029 -0.000017
-0.000118 -0.000029 0.478075 0.100648
-0.000029 -0.000017 0.100648 0.045066
24.622417 1.396290 30.738569 1.877246
0.476749 0.100500 -0.000203 -0.000047
0.100500 0.045030 -0.000047 -0.000019
-0.000203 -0.000047 0.477835 0.100706
-0.000047 -0.000019 0.100706 0.045066
25.294706 1.390834 31.753654 1.893373
0.476411 0.100525 -0.000324 -0.000071
0.100525 0.045021 -0.000071 -0.000021
-0.000324 -0.000071 0.477724 0.100761
-0.000071 -0.000021 0.100761 0.045061
25.730273 1.335967 32.706021 1.894571
0.476158 0.100541 -0.000477 -0.000098
0.100541 0.045007 -0.000098 -0.000025
-0.000477 -0.000098 0.477734 0.100815
-0.000098 -0.000025 0.100815 0.045054
26.596518 1.377861 34.178933 2.005530
0.475950 0.100546 -0.000643 -0.000126
0.100546 0.044990 -0.000126 -0.000029
-0.000643 -0.000126 0.477827 0.100865
-0.000126 -0.000029 0.100865 0.045046
27.122250 1.343364 34.951105 1.956841
0.475728 0.100532 -0.000874 -0.000166
0.100532 0.044969 -0.000166 -0.000035
-0.000874 -0.000166 0.478007 0.100916
-0.000166 -0.000035 0.100916 0.045037
27.680559 1.319389 35.745275 1.917935
0.475528 0.100511 -0.001114 -0.000204
0.100511 0.044948 -0.000204 -0.000041
-0.001114 -0.000204 0.478200 0.100955
-0.000204 -0.000041 0.100955 0.045028
28.270543 1.304640 36.574013 1.890438
0.475335 0.100483 -0.001369 -0.000244
0.100483 0.044927 -0.000244 -0.000047
-0.001369 -0.000244 0.478397 0.100986
-0.000244 -0.000047 0.100986 0.045018
29.041570 1.329752 37.645695 1.917144
0.475139 0.100449 -0.001644 -0.000286
0.100449 0.044907 -0.000286 -0.000054
-0.001644 -0.000286 0.478596 0.101010
-0.000286 -0.000054 0.101010 0.045009
29.419672 1.269141 38.719413 1.941394
0.474919 0.100407 -0.001969 -0.000337
0.100407 0.044886 -0.000337 -0.000063
-0.001969 -0.000337 0.478811 0.101033
-0.000337 -0.000063 0.101033 0.045001
29.822883 1.220348 40.283679 2.066564
0.474654 0.100355 -0.002298 -0.000387
0.100355 0.044866 -0.000387 -0.000072
-0.002298 -0.000387 0.479060 0.101061
-0.000387 -0.000072 0.101061 0.044997
30.512573 1.237064 40.930812 1.985144
0.474290 0.100282 -0.002663 -0.000443
0.100282 0.044843 -0.000443 -0.000082
-0.002663 -0.000443 0.479400 0.101107
-0.000443 -0.000082 0.101107 0.044998
31.124401 1.235706 42.125240 2.027702
0.473970 0.100222 -0.003048 -0.000501
0.100222 0.044825 -0.000501 -0.000093
-0.003048 -0.000501 0.479689 0.101139
-0.000501 -0.000093 0.101139 0.044997
31.787858 1.245461 43.454893 2.094284
0.473611 0.100156 -0.003475 -0.000566
0.100156 0.044807 -0.000566 -0.000105
-0.003475 -0.000566 0.480015 0.101179
-0.000566 -0.000105 0.101179 0.045000
32.872860 1.342988 43.898049 1.967198
0.473203 0.100083 -0.003960 -0.000642
0.100083 0.044789 -0.000642 -0.000120
-0.003960 -0.000642 0.480393 0.101229
-0.000642 -0.000120 0.101229 0.045005
33.330314 1.297687 44.833677 1.956992
0.472911 0.100037 -0.004500 -0.000726
0.100037 0.044777 -0.000727 -0.000136
-0.004500 -0.000727 0.480657 0.101254
-0.000726 -0.000136 0.101254 0.045007
34.037510 1.309876 45.518436 1.895161
0.472599 0.099988 -0.005030 -0.000806
0.099988 0.044765 -0.000806 -0.000151
-0.005030 -0.000806 0.480947 0.101287
-0.000806 -0.000151 0.101287 0.045011
35.006403 1.376171 46.232554 1.846196
0.472326 0.099948 -0.005575 -0.000887
0.099948 0.044756 -0.000887 -0.000167
-0.005575 -0.000887 0.481205 0.101314
-0.000887 -0.000167 0.101314 0.045015
35.260442 1.284051 46.785607 1.768006
0.472105 0.099918 -0.006179 -0.000978
0.099918 0.044749 -0.000979 -0.000185
-0.006179 -0.000979 0.481421 0.101334
-0.000978 -0.000185 0.101334 0.045019
35.234691 1.142839 47.865568 1.808736
0.471887 0.099889 -0.006707 -0.001051
0.099889 0.044741 -0.001052 -0.000199
-0.006707 -0.001052 0.481640 0.101358
-0.001051 -0.000199 0.101358 0.045023
