3.323898 2.291683 0.755269 -0.589933
2.053490 0.821414 -0.226717 -0.090689
0.821414 80.332639 -0.090689 -0.036276
-0.226717 -0.090689 3.101368 1.240574
-0.090689 -0.036276 1.240574 80.500307
5.256147 3.727219 2.075753 2.165213
3.434216 6.114043 -0.938687 -1.525523
6.114043 18.034368 -1.636070 -3.302391
-0.938687 -1.636070 2.068121 3.489473
-1.525523 -3.302391 3.489473 16.023225
6.332733 2.840286 2.235620 0.982555
2.088416 2.261963 -0.110982 0.001132
2.261963 4.190654 -0.050245 -0.180178
-0.110982 -0.050245 1.961416 2.396748
0.001132 -0.180178 2.396748 5.076542
7.081506 2.297582 2.068086 0.395771
1.694901 1.368446 -0.017898 0.006118
1.368446 1.781576 -0.012756 -0.106724
-0.017898 -0.012756 1.744625 1.530763
0.006118 -0.106724 1.530763 2.094269
7.303216 1.683743 4.071502 1.625225
1.460979 0.941003 -0.007911 -0.011503
0.941003 0.936340 -0.019081 -0.069257
-0.007911 -0.019081 1.506583 1.022675
-0.011503 -0.069257 1.022675 1.042613
8.067154 1.637173 5.310193 1.861824
1.161130 0.622570 -0.140399 -0.088170
0.622570 0.520452 -0.092498 -0.083650
-0.140399 -0.092498 1.516545 0.840899
-0.088170 -0.083650 0.840899 0.658036
9.222135 1.797207 5.553850 1.540859
1.041141 0.481708 -0.257763 -0.126752
0.481708 0.339989 -0.129278 -0.078510
-0.257763 -0.129278 1.441079 0.669904
-0.126752 -0.078510 0.669904 0.430620
11.240739 2.252151 5.920513 1.376797
0.938302 0.381012 -0.270203 -0.110291
0.381012 0.234604 -0.112067 -0.055262
-0.270203 -0.112067 1.339303 0.535090
-0.110291 -0.055262 0.535090 0.295276
11.489387 1.931956 5.722169 1.064899
0.845281 0.306363 -0.237192 -0.082768
0.306363 0.169584 -0.083740 -0.035731
-0.237192 -0.083740 1.223877 0.429593
-0.082768 -0.035731 0.429593 0.210988
11.645489 1.668929 7.220812 1.366953
0.768797 0.252593 -0.205563 -0.062745
0.252593 0.128652 -0.063171 -0.023990
-0.205563 -0.063171 1.123877 0.353225
-0.062745 -0.023990 0.353225 0.158448
11.633890 1.417238 8.821716 1.626687
0.721962 0.217890 -0.198185 -0.054102
0.217890 0.103350 -0.054614 -0.018474
-0.198185 -0.054614 1.029916 0.294376
-0.054102 -0.018474 0.294376 0.123603
13.084035 1.630491 10.280377 1.801040
0.694287 0.194559 -0.194288 -0.048027
0.194559 0.086941 -0.048821 -0.014868
-0.194288 -0.048821 0.933396 0.246021
-0.048027 -0.014868 0.246021 0.099201
13.977391 1.650410 11.079487 1.776400
0.663721 0.174360 -0.175492 -0.039404
0.174360 0.074879 -0.040132 -0.011272
-0.175492 -0.040132 0.848376 0.209063
-0.039404 -0.011272 0.209063 0.082549
14.275281 1.522359 12.466541 1.889713
0.633147 0.157414 -0.154503 -0.031725
0.157414 0.066046 -0.032296 -0.008509
-0.154503 -0.032296 0.779723 0.181914
-0.031725 -0.008509 0.181914 0.071291
15.076607 1.542972 14.662316 2.171285
0.609234 0.144691 -0.134733 -0.025439
0.144691 0.059886 -0.025946 -0.006499
-0.134733 -0.025946 0.718094 0.160381
-0.025439 -0.006499 0.160381 0.063238
16.011647 1.586251 16.358495 2.305496
0.589579 0.134906 -0.111755 -0.019280
0.134906 0.055525 -0.019726 -0.004789
-0.111755 -0.019726 0.661704 0.142993
-0.019280 -0.004789 0.142993 0.057385
16.352202 1.478980 16.841771 2.159306
0.571775 0.126985 -0.089219 -0.013951
0.126985 0.052341 -0.014316 -0.003454
-0.089219 -0.014316 0.615853 0.130057
-0.013951 -0.003454 0.130057 0.053343
17.001568 1.456749 17.628449 2.097260
0.556065 0.120627 -0.072012 -0.010284
0.120627 0.050023 -0.010590 -0.002604
-0.072012 -0.010590 0.581276 0.120948
-0.010284 -0.002604 0.120948 0.050645
17.528324 1.415645 18.924879 2.146954
0.541966 0.115504 -0.057466 -0.007481
0.115504 0.048341 -0.007729 -0.001997
-0.057466 -0.007729 0.554669 0.114449
-0.007481 -0.001997 0.114449 0.048827
18.388332 1.446704 19.856436 2.118829
0.530219 0.111584 -0.044450 -0.005176
0.111584 0.047173 -0.005383 -0.001529
-0.044450 -0.005383 0.533312 0.109659
-0.005176 -0.001529 0.109659 0.047571
19.089049 1.440214 20.650081 2.063912
0.519663 0.108440 -0.033327 -0.003382
0.108440 0.046340 -0.003549 -0.001181
-0.033327 -0.003549 0.517392 0.106393
-0.003382 -0.001181 0.106393 0.046756
19.548047 1.387648 21.987282 2.125406
0.510511 0.105991 -0.024278 -0.002074
0.105991 0.045765 -0.002208 -0.000937
-0.024278 -0.002208 0.505653 0.104216
-0.002074 -0.000937 0.104216 0.046235
20.031670 1.341547 22.497583 2.010074
0.502758 0.104135 -0.016656 -0.001068
0.104135 0.045385 -0.001176 -0.000749
-0.016656 -0.001176 0.497038 0.102799
-0.001068 -0.000749 0.102799 0.045905
20.288498 1.254834 23.228328 1.951567
0.496194 0.102737 -0.011001 -0.000449
0.102737 0.045140 -0.000536 -0.000632
-0.011001 -0.000536 0.491030 0.101955
-0.000449 -0.000632 0.101955 0.045706
20.980789 1.268570 24.315168 1.974896
0.490648 0.101696 -0.006705 -0.000061
0.101696 0.044988 -0.000131 -0.000550
-0.006705 -0.000131 0.487014 0.101511
-0.000061 -0.000550 0.101511 0.045591
21.501702 1.245583 25.627577 2.042657
0.485376 0.100806 -0.003754 0.000111
0.100806 0.044872 0.000057 -0.000498
-0.003754 0.000057 0.485138 0.101466
0.000111 -0.000498 0.101466 0.045553
21.247125 1.062959 26.737590 2.060290
0.479936 0.099945 -0.002011 0.000106
0.099945 0.044761 0.000066 -0.000471
-0.002011 0.000066 0.485365 0.101787
0.000106 -0.000471 0.101787 0.045582
21.668549 1.040069 28.007779 2.110662
0.474472 0.099129 -0.000245 0.000189
0.099129 0.044653 0.000158 -0.000415
-0.000245 0.000158 0.487180 0.102345
0.000189 -0.000415 0.102345 0.045649
22.588249 1.123878 28.864930 2.069012
0.468420 0.098222 0.000448 0.000109
0.098222 0.044519 0.000084 -0.000388
0.000448 0.000084 0.490930 0.103206
0.000109 -0.000388 0.103206 0.045768
22.778136 1.045612 29.703955 2.028050
0.462623 0.097401 -0.000988 -0.000351
0.097401 0.044397 -0.000375 -0.000436
-0.000988 -0.000375 0.495512 0.104124
-0.000351 -0.000436 0.104124 0.045890
23.591760 1.107115 30.694417 2.022972
0.457034 0.096638 -0.002644 -0.000764
0.096638 0.044278 -0.000792 -0.000466
-0.002644 -0.000792 0.500804 0.105087
-0.000764 -0.000466 0.105087 0.046015
23.728494 1.018831 31.165255 1.909974
0.451556 0.095902 -0.006005 -0.001462
0.095902 0.044154 -0.001500 -0.000555
-0.006005 -0.001500 0.506861 0.106117
-0.001462 -0.000555 0.106117 0.046153
24.683068 1.113897 31.685646 1.819143
0.446942 0.095344 -0.008969 -0.001991
0.095344 0.044059 -0.002037 -0.000603
-0.008969 -0.002037 0.512551 0.106987
-0.001991 -0.000603 0.106987 0.046257
25.308550 1.128583 32.654032 1.831380
0.443381 0.094986 -0.013686 -0.002828
0.094986 0.043995 -0.002894 -0.000719
-0.013686 -0.002894 0.517640 0.107676
-0.002828 -0.000719 0.107676 0.046329
25.858899 1.125555 33.515466 1.820127
0.439751 0.094567 -0.019013 -0.003717
0.094567 0.043905 -0.003806 -0.000846
-0.019013 -0.003806 0.523534 0.108506
-0.003717 -0.000846 0.108506 0.046440
26.346428 1.109265 34.383505 1.811365
0.436274 0.094145 -0.024463 -0.004567
0.094145 0.043805 -0.004678 -0.000965
-0.024463 -0.004678 0.529881 0.109394
-0.004567 -0.000965 0.109394 0.046570
26.656823 1.057559 35.943203 1.945456
0.432914 0.093715 -0.029618 -0.005307
0.093715 0.043696 -0.005433 -0.001064
-0.029618 -0.005433 0.536605 0.110329
-0.005307 -0.001064 0.110329 0.046715
27.418390 1.108389 37.010756 1.965484
0.428718 0.093078 -0.033142 -0.005687
0.093078 0.043539 -0.005800 -0.001091
-0.033142 -0.005800 0.544702 0.111517
-0.005687 -0.001091 0.111517 0.046917
27.869183 1.084778 37.667686 1.898673
0.425064 0.092554 -0.036168 -0.005979
0.092554 0.043407 -0.006075 -0.001113
-0.036168 -0.006075 0.552280 0.112553
-0.005979 -0.001113 0.112553 0.047088
28.388225 1.080210 38.754162 1.926436
0.422186 0.092187 -0.038235 -0.006096
0.092187 0.043308 -0.006170 -0.001112
-0.038235 -0.006170 0.558562 0.113302
-0.006096 -0.001112 0.113302 0.047206
29.388601 1.181452 39.780807 1.941347
0.420000 0.091953 -0.038342 -0.005855
0.091953 0.043237 -0.005885 -0.001047
-0.038342 -0.005885 0.563020 0.113699
-0.005855 -0.001047 0.113699 0.047263
29.925924 1.170517 40.916392 1.974307
0.418944 0.091939 -0.036960 -0.005379
0.091939 0.043210 -0.005364 -0.000949
-0.036960 -0.005364 0.564865 0.113618
-0.005379 -0.000949 0.113618 0.047239
30.626764 1.193715 41.461965 1.886226
0.419774 0.092302 -0.032942 -0.004448
0.092302 0.043263 -0.004376 -0.000771
-0.032942 -0.004376 0.562223 0.112735
-0.004448 -0.000771 0.112735 0.047075
30.837969 1.111636 42.980879 1.999643
0.421774 0.092844 -0.028481 -0.003539
0.092844 0.043345 -0.003427 -0.000619
-0.028481 -0.003427 0.557379 0.111562
-0.003539 -0.000619 0.111562 0.046879
31.364729 1.108084 44.561909 2.115907
0.428308 0.094310 -0.021874 -0.002276
0.094310 0.043623 -0.002148 -0.000406
-0.021874 -0.002148 0.544585 0.108964
-0.002276 -0.000406 0.108964 0.046421
32.206237 1.169633 45.239025 2.040779
0.440797 0.096915 -0.015754 -0.001201
0.096915 0.044127 -0.001127 -0.000251
-0.015754 -0.001127 0.524165 0.105092
-0.001201 -0.000251 0.105092 0.045742
33.281325 1.276477 46.116381 2.013809
0.455816 0.099802 -0.011666 -0.000612
0.099802 0.044655 -0.000619 -0.000202
-0.011666 -0.000619 0.503227 0.101430
-0.000612 -0.000202 0.101430 0.045143
33.797198 1.249872 47.129735 2.014733
0.475347 0.103398 -0.010962 -0.000725
0.103398 0.045307 -0.000854 -0.000292
-0.010962 -0.000854 0.480532 0.097645
-0.000725 -0.000292 0.097645 0.044531
34.795153 1.328586 47.481351 1.880957
0.497742 0.107297 -0.013643 -0.001489
0.107297 0.045991 -0.001736 -0.000496
-0.013643 -0.001736 0.459118 0.094315
-0.001489 -0.000496 0.094315 0.044012
35.620304 1.361923 47.999424 1.793390
0.521451 0.111165 -0.019579 -0.002838
0.111165 0.046643 -0.003164 -0.000790
-0.019579 -0.003164 0.440757 0.091723
-0.002838 -0.000790 0.091723 0.043628
