3.477661 2.353189 1.660046 -0.228015
2.053490 0.821414 -0.226717 -0.090689
0.821414 80.332639 -0.090689 -0.036276
-0.226717 -0.090689 3.101368 1.240574
-0.090689 -0.036276 1.240574 80.500307
4.213981 1.589037 2.682032 1.690170
3.344950 5.956170 -0.860060 -1.393897
5.956170 17.755177 -1.496176 -3.068183
-0.860060 -1.496176 2.042043 3.446766
-1.393897 -3.068183 3.446766 15.953341
3.295041 -0.343689 1.372087 -1.054337
2.893893 3.125313 -0.620446 -0.584099
3.125313 5.110892 -0.617323 -0.824287
-0.620446 -0.617323 1.750497 2.106903
-0.584099 -0.824287 2.106903 4.685105
6.098308 2.012544 2.566904 0.603711
2.623107 2.034938 -0.949530 -0.749202
2.034938 2.269324 -0.711458 -0.680558
-0.949530 -0.711458 1.804265 1.579822
-0.749202 -0.680558 1.579822 2.127417
7.790311 2.453691 3.780961 1.260752
1.667643 1.019188 -0.253411 -0.114274
1.019188 0.972350 -0.124734 -0.117488
-0.253411 -0.124734 1.427162 0.979241
-0.114274 -0.117488 0.979241 1.014573
7.569949 1.703085 3.881094 0.936580
1.223498 0.628919 -0.182916 -0.080641
0.628919 0.525926 -0.081207 -0.075906
-0.182916 -0.081207 1.457196 0.815567
-0.080641 -0.075906 0.815567 0.643494
8.514095 1.746368 4.807875 1.152070
1.020935 0.459507 -0.148898 -0.062605
0.459507 0.335736 -0.062394 -0.052350
-0.148898 -0.062394 1.382141 0.646599
-0.062605 -0.052350 0.646599 0.418361
8.540585 1.407317 6.926430 1.771015
0.903567 0.362951 -0.180868 -0.071851
0.362951 0.233990 -0.071676 -0.045802
-0.180868 -0.071676 1.307726 0.525216
-0.071851 -0.045802 0.525216 0.290071
8.712492 1.214266 7.919700 1.809668
0.877295 0.318449 -0.248058 -0.088516
0.318449 0.179886 -0.089268 -0.043717
-0.248058 -0.089268 1.177084 0.414837
-0.088516 -0.043717 0.414837 0.204679
10.048163 1.456073 9.184873 1.922892
0.859584 0.283634 -0.272923 -0.086530
0.283634 0.143268 -0.087749 -0.036276
-0.272923 -0.087749 1.052268 0.331954
-0.086530 -0.036276 0.331954 0.150867
10.733920 1.440225 9.455359 1.724099
0.822029 0.248460 -0.261521 -0.074172
0.248460 0.115591 -0.075273 -0.027609
-0.261521 -0.075273 0.949266 0.272701
-0.074172 -0.027609 0.272701 0.116807
12.407073 1.708307 10.288656 1.719419
0.775908 0.216939 -0.242842 -0.062268
0.216939 0.095255 -0.063121 -0.020977
-0.242842 -0.063121 0.872072 0.231564
-0.062268 -0.020977 0.231564 0.095036
12.474838 1.500653 11.099946 1.703527
0.722687 0.188938 -0.212579 -0.049636
0.188938 0.080162 -0.050083 -0.015469
-0.212579 -0.050083 0.807705 0.200814
-0.049636 -0.015469 0.200814 0.080277
12.990745 1.447581 12.597220 1.855050
0.682780 0.168736 -0.188368 -0.040436
0.168736 0.069957 -0.040718 -0.011795
-0.188368 -0.040718 0.749230 0.176384
-0.040436 -0.011795 0.176384 0.069784
13.464053 1.384753 13.177991 1.774501
0.650857 0.153532 -0.163289 -0.032345
0.153532 0.062835 -0.032557 -0.008977
-0.163289 -0.032557 0.693593 0.156290
-0.032345 -0.008977 0.156290 0.062118
14.468191 1.450715 13.493375 1.651404
0.622459 0.141334 -0.141919 -0.026125
0.141334 0.057653 -0.026281 -0.006977
-0.141919 -0.026281 0.649068 0.141436
-0.026125 -0.006977 0.141436 0.056844
15.002314 1.418545 15.360848 1.873052
0.594428 0.130932 -0.122520 -0.021072
0.130932 0.053740 -0.021126 -0.005477
-0.122520 -0.021126 0.615575 0.130887
-0.021072 -0.005477 0.130887 0.053296
16.100339 1.502468 16.248777 1.866353
0.573286 0.123451 -0.102393 -0.016349
0.123451 0.051085 -0.016392 -0.004227
-0.102393 -0.016392 0.582911 0.121834
-0.016349 -0.004227 0.121834 0.050582
16.483922 1.425812 17.361241 1.900327
0.553943 0.117328 -0.083788 -0.012385
0.117328 0.049124 -0.012396 -0.003256
-0.083788 -0.012396 0.557420 0.115307
-0.012385 -0.003256 0.115307 0.048752
16.901352 1.369097 18.901450 2.019789
0.538912 0.112864 -0.067701 -0.009237
0.112864 0.047793 -0.009249 -0.002536
-0.067701 -0.009249 0.536063 0.110309
-0.009237 -0.002536 0.110309 0.047458
17.612902 1.372118 19.607999 1.957409
0.527363 0.109663 -0.052887 -0.006543
0.109663 0.046907 -0.006575 -0.001957
-0.052887 -0.006575 0.518046 0.106475
-0.006543 -0.001957 0.106475 0.046545
18.376792 1.385551 20.231360 1.884616
0.517376 0.107143 -0.040598 -0.004514
0.107143 0.046276 -0.004550 -0.001541
-0.040598 -0.004550 0.504812 0.103934
-0.004514 -0.001541 0.103934 0.045979
19.096614 1.388427 20.761649 1.799509
0.508733 0.105166 -0.030541 -0.003015
0.105166 0.045831 -0.003048 -0.001242
-0.030541 -0.003048 0.495397 0.102343
-0.003015 -0.001242 0.102343 0.045647
20.595324 1.554263 21.538998 1.778458
0.501394 0.103651 -0.022510 -0.001950
0.103651 0.045525 -0.001977 -0.001030
-0.022510 -0.001977 0.488879 0.101413
-0.001950 -0.001030 0.101413 0.045463
21.457009 1.571574 22.381712 1.769131
0.494843 0.102430 -0.016013 -0.001180
0.102430 0.045304 -0.001198 -0.000870
-0.016013 -0.001198 0.484899 0.101007
-0.001180 -0.000870 0.101007 0.045385
21.359913 1.391340 24.168705 1.954941
0.489570 0.101564 -0.011244 -0.000721
0.101564 0.045167 -0.000734 -0.000765
-0.011244 -0.000734 0.482367 0.100854
-0.000721 -0.000765 0.100854 0.045348
22.071119 1.394646 25.177243 1.961496
0.484642 0.100816 -0.007562 -0.000422
0.100816 0.045054 -0.000428 -0.000679
-0.007562 -0.000428 0.481571 0.101001
-0.000422 -0.000679 0.101001 0.045362
21.691823 1.170091 26.224081 1.973672
0.480035 0.100161 -0.005609 -0.000413
0.100161 0.044956 -0.000413 -0.000644
-0.005609 -0.000413 0.482135 0.101350
-0.000413 -0.000644 0.101350 0.045405
22.803382 1.280459 27.371865 2.008057
0.475378 0.099509 -0.003735 -0.000331
0.099509 0.044853 -0.000327 -0.000581
-0.003735 -0.000327 0.484004 0.101885
-0.000331 -0.000581 0.101885 0.045476
22.917252 1.169688 27.885293 1.904495
0.470467 0.098811 -0.004303 -0.000694
0.098811 0.044734 -0.000686 -0.000607
-0.004303 -0.000686 0.487231 0.102613
-0.000694 -0.000607 0.102613 0.045577
23.067117 1.078095 29.384705 2.019613
0.466156 0.098249 -0.005115 -0.001008
0.098249 0.044637 -0.001001 -0.000613
-0.005115 -0.001001 0.490632 0.103280
-0.001008 -0.000613 0.103280 0.045657
23.213378 0.995031 30.646771 2.072648
0.460517 0.097397 -0.006377 -0.001337
0.097397 0.044473 -0.001333 -0.000618
-0.006377 -0.001333 0.496229 0.104333
-0.001337 -0.000618 0.104333 0.045816
24.117190 1.081282 31.709385 2.078167
0.454200 0.096418 -0.007862 -0.001646
0.096418 0.044279 -0.001646 -0.000619
-0.007862 -0.001646 0.503344 0.105604
-0.001646 -0.000619 0.105604 0.046014
23.920432 0.924104 32.718618 2.071837
0.448144 0.095518 -0.011370 -0.002326
0.095518 0.044102 -0.002338 -0.000702
-0.011370 -0.002338 0.511041 0.106889
-0.002326 -0.000702 0.106889 0.046209
24.769552 1.006730 33.241752 1.965140
0.442028 0.094614 -0.013557 -0.002654
0.094614 0.043920 -0.002670 -0.000707
-0.013557 -0.002670 0.519418 0.108223
-0.002654 -0.000707 0.108223 0.046413
25.544212 1.064923 34.046486 1.928444
0.437272 0.094007 -0.017340 -0.003283
0.094007 0.043799 -0.003315 -0.000785
-0.017340 -0.003315 0.526803 0.109268
-0.003283 -0.000785 0.109268 0.046556
26.489751 1.154092 34.983887 1.923383
0.433212 0.093523 -0.022093 -0.004062
0.093523 0.043695 -0.004118 -0.000897
-0.022093 -0.004118 0.533977 0.110226
-0.004062 -0.000897 0.110226 0.046689
27.887232 1.331554 35.703471 1.875029
0.429714 0.093123 -0.027779 -0.004977
0.093123 0.043599 -0.005068 -0.001040
-0.027779 -0.005068 0.541170 0.111161
-0.004977 -0.001040 0.111161 0.046826
28.552948 1.332024 36.840560 1.915848
0.427343 0.092921 -0.035243 -0.006196
0.092921 0.043537 -0.006345 -0.001250
-0.035243 -0.006345 0.547856 0.111971
-0.006196 -0.001250 0.111971 0.046946
29.260668 1.343019 38.384873 2.035380
0.424803 0.092630 -0.040978 -0.006989
0.092630 0.043446 -0.007161 -0.001363
-0.040978 -0.007161 0.554907 0.112858
-0.006989 -0.001363 0.112858 0.047092
29.749072 1.303850 39.633139 2.081384
0.422145 0.092284 -0.043155 -0.007040
0.092284 0.043342 -0.007178 -0.001323
-0.043155 -0.007178 0.561050 0.113569
-0.007040 -0.001323 0.113569 0.047212
30.579151 1.341106 40.281615 2.003051
0.420512 0.092151 -0.041606 -0.006389
0.092151 0.043286 -0.006451 -0.001153
-0.041606 -0.006451 0.563816 0.113631
-0.006389 -0.001153 0.113631 0.047212
31.177412 1.327222 41.670544 2.080605
0.420005 0.092229 -0.038844 -0.005607
0.092229 0.043272 -0.005600 -0.000986
-0.038844 -0.005600 0.564010 0.113258
-0.005607 -0.000986 0.113258 0.047144
31.820290 1.324312 43.015373 2.141587
0.422881 0.093016 -0.032305 -0.004165
0.093016 0.043413 -0.004086 -0.000704
-0.032305 -0.004086 0.556740 0.111519
-0.004165 -0.000704 0.111519 0.046826
32.234849 1.270113 44.154053 2.153870
0.430756 0.094792 -0.024336 -0.002573
0.094792 0.043756 -0.002476 -0.000424
-0.024336 -0.002476 0.541357 0.108381
-0.002573 -0.000424 0.108381 0.046264
33.141668 1.328221 44.895043 2.087733
0.442971 0.097313 -0.017576 -0.001359
0.097313 0.044232 -0.001310 -0.000248
-0.017576 -0.001310 0.521489 0.104646
-0.001359 -0.000248 0.104646 0.045624
33.650528 1.293964 45.873578 2.073884
0.458860 0.100371 -0.013323 -0.000738
0.100371 0.044790 -0.000786 -0.000204
-0.013323 -0.000786 0.499800 0.100841
-0.000738 -0.000204 0.100841 0.045001
34.181437 1.267439 46.546617 1.999393
0.478205 0.103888 -0.012369 -0.000811
0.103888 0.045415 -0.000984 -0.000295
-0.012369 -0.000984 0.477799 0.097217
-0.000811 -0.000295 0.097217 0.044429
34.684916 1.238238 47.157527 1.918981
0.499039 0.107423 -0.014280 -0.001437
0.107423 0.046015 -0.001715 -0.000477
-0.014280 -0.001715 0.458097 0.094243
-0.001437 -0.000477 0.094243 0.043986
35.877485 1.360039 47.981006 1.892160
0.520669 0.110859 -0.018744 -0.002514
0.110859 0.046578 -0.002858 -0.000721
-0.018744 -0.002858 0.441225 0.091934
-0.002514 -0.000721 0.091934 0.043657
