0.725036 1.252115 -0.519179 -1.099723
2.053490 0.821414 -0.226717 -0.090689
0.821414 80.332639 -0.090689 -0.036276
-0.226717 -0.090689 3.101368 1.240574
-0.090689 -0.036276 1.240574 80.500307
3.364582 4.904232 1.860843 3.908561
3.644851 6.474674 -1.737760 -2.876720
6.474674 18.650962 -3.047955 -5.690050
-1.737760 -3.047955 2.840222 4.783520
-2.876720 -5.690050 4.783520 18.191826
3.086452 1.858979 3.069748 2.724168
2.277264 2.483347 -0.216277 -0.013115
2.483347 4.438042 -0.111826 -0.218463
-0.216277 -0.111826 1.854791 2.192322
-0.013115 -0.218463 2.192322 4.849424
5.071314 2.711869 5.202806 3.433257
1.840002 1.468997 -0.702927 -0.564895
1.468997 1.846926 -0.544912 -0.597614
-0.702927 -0.544912 2.121959 1.846567
-0.564895 -0.597614 1.846567 2.402797
6.399526 2.654175 3.654485 1.231320
1.768130 1.121790 -0.702197 -0.433543
1.121790 1.043870 -0.427368 -0.345599
-0.702197 -0.427368 1.760700 1.171264
-0.433543 -0.345599 1.171264 1.151340
7.338043 2.457189 4.864685 1.550712
1.246405 0.652673 -0.326214 -0.153944
0.652673 0.531742 -0.151642 -0.119061
-0.326214 -0.151642 1.542525 0.842716
-0.153944 -0.119061 0.842716 0.667042
9.579103 2.912588 5.030540 1.279333
1.061282 0.479931 -0.311599 -0.132761
0.479931 0.337449 -0.130067 -0.086304
-0.311599 -0.130067 1.469980 0.677930
-0.132761 -0.086304 0.677930 0.441377
10.305987 2.626680 6.839036 1.742068
0.925579 0.370006 -0.255297 -0.096474
0.370006 0.230566 -0.094569 -0.056552
-0.255297 -0.094569 1.346313 0.536510
-0.096474 -0.056552 0.536510 0.301641
11.147149 2.457951 8.057335 1.863025
0.856550 0.307778 -0.251183 -0.086067
0.307778 0.171268 -0.085125 -0.043766
-0.251183 -0.085125 1.219334 0.428601
-0.086067 -0.043766 0.428601 0.215216
11.404664 2.139294 8.988758 1.861421
0.804025 0.262746 -0.238848 -0.074192
0.262746 0.133134 -0.073801 -0.033484
-0.238848 -0.073801 1.097275 0.346443
-0.074192 -0.033484 0.346443 0.159894
12.223431 2.062277 9.605165 1.770354
0.762427 0.229009 -0.225221 -0.063773
0.229009 0.107617 -0.063702 -0.025900
-0.225221 -0.063702 0.989798 0.285189
-0.063773 -0.025900 0.285189 0.123842
13.023926 1.997790 10.520061 1.777795
0.719813 0.200726 -0.205517 -0.053348
0.200726 0.089374 -0.053348 -0.019855
-0.205517 -0.053348 0.903324 0.240881
-0.053348 -0.019855 0.240881 0.100179
14.324870 2.077634 11.489713 1.798926
0.680943 0.178097 -0.183321 -0.043891
0.178097 0.076446 -0.043882 -0.015201
-0.183321 -0.043882 0.829081 0.207142
-0.043891 -0.015201 0.207142 0.083924
14.723813 1.919865 12.677593 1.864975
0.643327 0.159380 -0.157738 -0.034992
0.159380 0.067043 -0.034898 -0.011486
-0.157738 -0.034898 0.766641 0.181513
-0.034992 -0.011486 0.181513 0.072634
15.365768 1.843840 13.567831 1.853902
0.613906 0.145442 -0.135554 -0.028028
0.145442 0.060515 -0.027918 -0.008814
-0.135554 -0.027918 0.711182 0.161206
-0.028028 -0.008814 0.161206 0.064523
15.660555 1.695910 13.898756 1.719507
0.588585 0.134472 -0.115628 -0.022380
0.134472 0.055822 -0.022263 -0.006821
-0.115628 -0.022263 0.665104 0.145732
-0.022380 -0.006821 0.145732 0.058798
16.344560 1.658156 14.582942 1.680921
0.566869 0.125834 -0.100073 -0.018264
0.125834 0.052437 -0.018152 -0.005421
-0.100073 -0.018152 0.628684 0.134290
-0.018264 -0.005421 0.134290 0.054812
16.662146 1.547897 15.624444 1.720204
0.547945 0.118992 -0.085716 -0.014777
0.118992 0.049991 -0.014664 -0.004321
-0.085716 -0.014664 0.598756 0.125589
-0.014777 -0.004321 0.125589 0.051981
16.994225 1.456551 17.003989 1.825532
0.533335 0.113983 -0.072833 -0.011872
0.113983 0.048317 -0.011780 -0.003464
-0.072833 -0.011780 0.572528 0.118639
-0.011872 -0.003464 0.118639 0.049901
16.876753 1.278295 18.089440 1.855989
0.522485 0.110427 -0.060555 -0.009292
0.110427 0.047201 -0.009233 -0.002758
-0.060555 -0.009233 0.549265 0.113033
-0.009292 -0.002758 0.113033 0.048360
17.531675 1.283335 19.292769 1.912750
0.514899 0.108009 -0.050001 -0.007226
0.108009 0.046486 -0.007209 -0.002220
-0.050001 -0.007209 0.529266 0.108631
-0.007226 -0.002220 0.108631 0.047241
18.374449 1.325005 20.179490 1.899538
0.508340 0.106119 -0.039778 -0.005341
0.106119 0.045984 -0.005346 -0.001756
-0.039778 -0.005346 0.513500 0.105479
-0.005341 -0.001756 0.105479 0.046489
18.838329 1.284058 21.218992 1.917045
0.502252 0.104560 -0.030628 -0.003768
0.104560 0.045617 -0.003780 -0.001383
-0.030628 -0.003780 0.501976 0.103423
-0.003768 -0.001383 0.103423 0.046023
19.596860 1.310937 22.764994 2.039219
0.497121 0.103379 -0.022649 -0.002492
0.103379 0.045372 -0.002507 -0.001088
-0.022649 -0.002507 0.493440 0.102084
-0.002492 -0.001088 0.102084 0.045731
20.171985 1.294562 23.878018 2.058347
0.492151 0.102357 -0.015533 -0.001421
0.102357 0.045184 -0.001434 -0.000843
-0.015533 -0.001434 0.487939 0.101401
-0.001421 -0.000843 0.101401 0.045580
20.976614 1.326769 24.711048 2.017854
0.487339 0.101462 -0.009909 -0.000668
0.101462 0.045036 -0.000676 -0.000668
-0.009909 -0.000676 0.484955 0.101206
-0.000668 -0.000668 0.101206 0.045524
21.182268 1.231639 25.888490 2.052197
0.482692 0.100671 -0.006165 -0.000287
0.100671 0.044915 -0.000289 -0.000568
-0.006165 -0.000289 0.483937 0.101346
-0.000287 -0.000568 0.101346 0.045526
22.064207 1.287665 27.205758 2.113697
0.477842 0.099889 -0.003396 -0.000060
0.099889 0.044796 -0.000055 -0.000493
-0.003396 -0.000055 0.484749 0.101777
-0.000060 -0.000493 0.101777 0.045575
22.901865 1.327977 27.838128 2.024585
0.472319 0.099006 -0.002674 -0.000205
0.099006 0.044654 -0.000196 -0.000489
-0.002674 -0.000196 0.487597 0.102530
-0.000205 -0.000489 0.102530 0.045679
23.268650 1.265511 28.962877 2.048148
0.467453 0.098304 -0.003828 -0.000660
0.098304 0.044548 -0.000650 -0.000541
-0.003828 -0.000650 0.490835 0.103243
-0.000660 -0.000541 0.103243 0.045762
23.815441 1.247331 29.545438 1.955330
0.462150 0.097525 -0.005801 -0.001187
0.097525 0.044419 -0.001180 -0.000597
-0.005801 -0.001180 0.495466 0.104152
-0.001187 -0.000597 0.104152 0.045880
24.347419 1.227948 31.230453 2.103787
0.457594 0.096923 -0.008694 -0.001815
0.096923 0.044323 -0.001815 -0.000668
-0.008694 -0.001815 0.500054 0.104951
-0.001815 -0.000668 0.104951 0.045971
24.770572 1.187304 31.899064 2.023495
0.451588 0.096006 -0.012661 -0.002583
0.096006 0.044151 -0.002592 -0.000765
-0.012661 -0.002592 0.507233 0.106218
-0.002583 -0.000765 0.106218 0.046161
25.124470 1.136277 33.208011 2.085425
0.446391 0.095282 -0.016858 -0.003313
0.095282 0.044017 -0.003334 -0.000851
-0.016858 -0.003334 0.514232 0.107340
-0.003313 -0.000851 0.107340 0.046316
26.216554 1.248215 33.863653 2.005401
0.440723 0.094452 -0.020974 -0.003961
0.094452 0.043853 -0.003991 -0.000921
-0.020974 -0.003991 0.522631 0.108675
-0.003961 -0.000921 0.108675 0.046517
27.266734 1.339794 34.767523 1.985554
0.436472 0.093927 -0.026857 -0.004928
0.093927 0.043749 -0.004983 -0.001065
-0.026857 -0.004983 0.530234 0.109758
-0.004928 -0.001065 0.109758 0.046666
28.308583 1.420097 35.710158 1.976009
0.433010 0.093539 -0.033776 -0.006042
0.093539 0.043665 -0.006131 -0.001242
-0.033776 -0.006131 0.537819 0.110786
-0.006042 -0.001242 0.110786 0.046809
28.213258 1.245419 36.738027 1.981823
0.430124 0.093231 -0.041032 -0.007156
0.093231 0.043587 -0.007282 -0.001419
-0.041032 -0.007282 0.545535 0.111805
-0.007156 -0.001419 0.111805 0.046959
28.903115 1.259092 37.482907 1.931838
0.426774 0.092788 -0.044695 -0.007483
0.092788 0.043472 -0.007591 -0.001428
-0.044695 -0.007591 0.553176 0.112795
-0.007483 -0.001428 0.112795 0.047112
29.670270 1.286591 37.900990 1.821128
0.424009 0.092447 -0.047495 -0.007663
0.092447 0.043377 -0.007748 -0.001424
-0.047495 -0.007748 0.559865 0.113578
-0.007663 -0.001424 0.113578 0.047232
30.178543 1.260255 39.413217 1.942142
0.422020 0.092244 -0.050213 -0.007868
0.092244 0.043306 -0.007941 -0.001445
-0.050213 -0.007941 0.565452 0.114147
-0.007868 -0.001445 0.114147 0.047318
30.813516 1.261931 40.485215 1.962509
0.420277 0.092081 -0.048131 -0.007145
0.092081 0.043246 -0.007138 -0.001278
-0.048131 -0.007138 0.568121 0.114188
-0.007145 -0.001278 0.114188 0.047315
31.140202 1.193532 41.250910 1.917265
0.420064 0.092235 -0.043092 -0.005942
0.092235 0.043255 -0.005848 -0.001037
-0.043092 -0.005848 0.566512 0.113468
-0.005942 -0.001037 0.113468 0.047182
31.629580 1.166365 41.671916 1.808895
0.421543 0.092708 -0.036650 -0.004601
0.092708 0.043327 -0.004438 -0.000797
-0.036650 -0.004438 0.561339 0.112184
-0.004601 -0.000797 0.112184 0.046962
32.227218 1.172440 43.038165 1.901370
0.424040 0.093317 -0.030400 -0.003437
0.093317 0.043419 -0.003236 -0.000616
-0.030400 -0.003236 0.554717 0.110784
-0.003437 -0.000616 0.110784 0.046744
33.190094 1.253175 43.599810 1.825680
0.431855 0.095020 -0.022564 -0.002034
0.095020 0.043745 -0.001848 -0.000398
-0.022564 -0.001848 0.539494 0.107833
-0.002034 -0.000398 0.107833 0.046236
33.531189 1.190423 44.508780 1.823469
0.442764 0.097209 -0.016022 -0.000991
0.097209 0.044152 -0.000863 -0.000266
-0.016022 -0.000863 0.521572 0.104601
-0.000991 -0.000266 0.104601 0.045703
34.507558 1.273822 45.428111 1.826599
0.457150 0.099937 -0.011710 -0.000448
0.099937 0.044649 -0.000418 -0.000236
-0.011710 -0.000418 0.501592 0.101189
-0.000448 -0.000236 0.101189 0.045153
35.177889 1.281136 46.356956 1.829876
0.477188 0.103639 -0.011579 -0.000747
0.103639 0.045330 -0.000868 -0.000370
-0.011579 -0.000868 0.478639 0.097371
-0.000747 -0.000370 0.097371 0.044526
35.816245 1.279944 47.014241 1.776845
0.500856 0.107796 -0.015935 -0.001897
0.107796 0.046073 -0.002161 -0.000653
-0.015935 -0.002161 0.456665 0.093937
-0.001897 -0.000653 0.093937 0.043978
