6.758617 3.665600 1.833254 -0.158730
2.490737 0.996316 -0.101026 -0.040411
0.996316 80.402602 -0.040411 -0.016165
-0.101026 -0.040411 2.420540 0.968237
-0.040411 -0.016165 0.968237 80.391370
5.357025 -1.964032 4.005572 3.759550
2.232840 3.899325 -0.075348 -0.112518
3.899325 15.257884 -0.111534 -0.453179
-0.075348 -0.111534 2.292881 4.018142
-0.112518 -0.453179 4.018142 15.287076
4.071892 -2.316325 4.963848 2.698709
2.005441 2.324472 -0.072665 -0.082233
2.324472 4.593397 -0.082175 -0.165024
-0.072665 -0.082175 2.002247 2.304499
-0.082233 -0.165024 2.304499 4.520870
7.083789 1.201873 5.294596 1.843274
1.727585 1.457581 -0.066142 -0.055558
1.457581 1.928187 -0.055558 -0.073355
-0.066142 -0.055558 1.705506 1.432244
-0.055558 -0.073355 1.432244 1.894060
8.717718 1.884211 5.109322 1.113707
1.484893 0.980956 -0.050082 -0.032983
0.980956 0.980588 -0.032972 -0.034319
-0.050082 -0.032972 1.480692 0.975951
-0.032983 -0.034319 0.975951 0.973281
8.325750 1.159810 4.956751 0.729371
1.296130 0.703895 -0.039673 -0.021729
0.703895 0.568178 -0.021721 -0.018786
-0.039673 -0.021721 1.303753 0.706747
-0.021729 -0.018786 0.706747 0.567870
8.114100 0.794488 4.781930 0.481048
1.150491 0.531207 -0.034924 -0.016450
0.531207 0.361696 -0.016447 -0.011885
-0.034924 -0.016447 1.160971 0.534912
-0.016450 -0.011885 0.534912 0.362300
10.430469 1.566819 4.839697 0.407059
1.034597 0.416343 -0.031922 -0.013152
0.416343 0.247192 -0.013151 -0.008080
-0.031922 -0.013151 1.045506 0.419702
-0.013152 -0.008080 0.419702 0.247829
11.067017 1.513971 6.460170 0.912489
0.938846 0.335784 -0.027161 -0.009933
0.335784 0.178728 -0.009931 -0.005437
-0.027161 -0.009931 0.952489 0.339738
-0.009933 -0.005437 0.339738 0.179662
12.011940 1.574730 6.690357 0.839641
0.861432 0.278324 -0.022792 -0.007515
0.278324 0.135886 -0.007511 -0.003752
-0.022792 -0.007511 0.873993 0.281507
-0.007515 -0.003752 0.281507 0.136570
12.429471 1.465196 7.736209 1.024359
0.796683 0.235798 -0.019322 -0.005818
0.235798 0.107820 -0.005814 -0.002681
-0.019322 -0.005814 0.808726 0.238556
-0.005818 -0.002681 0.238556 0.108389
12.718778 1.343502 8.243752 1.023132
0.742723 0.203897 -0.016494 -0.004581
0.203897 0.088919 -0.004577 -0.001968
-0.016494 -0.004577 0.753389 0.206083
-0.004581 -0.001968 0.206083 0.089340
13.522559 1.377491 10.198651 1.393433
0.697187 0.179540 -0.014324 -0.003698
0.179540 0.075876 -0.003694 -0.001487
-0.014324 -0.003694 0.706571 0.181280
-0.003698 -0.001487 0.181280 0.076195
14.105791 1.351787 11.779638 1.608454
0.658940 0.160838 -0.012112 -0.002923
0.160838 0.066745 -0.002918 -0.001119
-0.012112 -0.002918 0.666486 0.162066
-0.002923 -0.001119 0.162066 0.066955
14.235045 1.224141 12.819096 1.663139
0.626607 0.146349 -0.010141 -0.002299
0.146349 0.060275 -0.002295 -0.000849
-0.010141 -0.002295 0.632342 0.147144
-0.002299 -0.000849 0.147144 0.060401
14.915394 1.239631 14.236688 1.794799
0.599225 0.135083 -0.008565 -0.001834
0.135083 0.055660 -0.001830 -0.000655
-0.008565 -0.001830 0.603380 0.135548
-0.001834 -0.000655 0.135548 0.055731
15.295642 1.187202 15.633089 1.903832
0.576068 0.126321 -0.007134 -0.001447
0.126321 0.052362 -0.001443 -0.000507
-0.007134 -0.001443 0.578911 0.126547
-0.001447 -0.000507 0.126547 0.052399
16.456765 1.309077 16.531846 1.892577
0.556598 0.119540 -0.005887 -0.001133
0.119540 0.050014 -0.001130 -0.000393
-0.005887 -0.001130 0.558316 0.119586
-0.001133 -0.000393 0.119586 0.050029
16.679574 1.217876 18.052750 2.013785
0.540200 0.114300 -0.004783 -0.000874
0.114300 0.048350 -0.000871 -0.000305
-0.004783 -0.000871 0.541227 0.114267
-0.000874 -0.000305 0.114267 0.048361
17.381249 1.237237 18.809895 1.961580
0.526634 0.110321 -0.003830 -0.000665
0.110321 0.047190 -0.000663 -0.000237
-0.003830 -0.000663 0.527033 0.110217
-0.000665 -0.000237 0.110217 0.047196
17.731399 1.181307 19.670458 1.936509
0.515437 0.107321 -0.003038 -0.000502
0.107321 0.046393 -0.000500 -0.000186
-0.003038 -0.000500 0.515445 0.107194
-0.000502 -0.000186 0.107194 0.046399
18.071815 1.129418 20.876308 1.985734
0.506327 0.105104 -0.002385 -0.000376
0.105104 0.045858 -0.000374 -0.000146
-0.002385 -0.000374 0.506065 0.104971
-0.000376 -0.000146 0.104971 0.045867
18.941072 1.192628 22.068019 2.027026
0.499012 0.103502 -0.001824 -0.000274
0.103502 0.045510 -0.000272 -0.000116
-0.001824 -0.000272 0.498572 0.103372
-0.000274 -0.000116 0.103372 0.045521
19.470179 1.178653 22.943286 1.998321
0.493186 0.102367 -0.001348 -0.000192
0.102367 0.045292 -0.000191 -0.000091
-0.001348 -0.000191 0.492714 0.102264
-0.000192 -0.000091 0.102264 0.045308
19.737665 1.111777 24.204189 2.052704
0.488626 0.101591 -0.000967 -0.000131
0.101591 0.045163 -0.000130 -0.000073
-0.000967 -0.000130 0.488208 0.101523
-0.000131 -0.000073 0.101523 0.045183
20.542645 1.163661 25.061247 2.017443
0.485106 0.101081 -0.000651 -0.000083
0.101081 0.045091 -0.000082 -0.000058
-0.000651 -0.000082 0.484824 0.101056
-0.000083 -0.000058 0.101056 0.045116
21.755830 1.295517 25.900022 1.981980
0.482422 0.100762 -0.000427 -0.000053
0.100762 0.045054 -0.000053 -0.000047
-0.000427 -0.000053 0.482359 0.100790
-0.000053 -0.000047 0.100790 0.045086
22.135699 1.239432 26.869815 1.977528
0.480409 0.100577 -0.000316 -0.000045
0.100577 0.045037 -0.000045 -0.000042
-0.000316 -0.000045 0.480624 0.100662
-0.000045 -0.000042 0.100662 0.045076
22.832187 1.255540 27.914798 1.989329
0.478916 0.100481 -0.000259 -0.000045
0.100481 0.045030 -0.000044 -0.000038
-0.000259 -0.000044 0.479461 0.100627
-0.000045 -0.000038 0.100627 0.045076
23.507597 1.265554 28.794014 1.965057
0.477808 0.100438 -0.000278 -0.000057
0.100438 0.045026 -0.000056 -0.000036
-0.000278 -0.000056 0.478746 0.100652
-0.000057 -0.000036 0.100652 0.045080
24.245152 1.287611 30.428920 2.102403
0.476996 0.100426 -0.000367 -0.000079
0.100426 0.045020 -0.000079 -0.000037
-0.000367 -0.000079 0.478355 0.100709
-0.000079 -0.000037 0.100709 0.045083
24.663526 1.240089 31.294524 2.063289
0.476311 0.100410 -0.000552 -0.000118
0.100410 0.045008 -0.000118 -0.000041
-0.000552 -0.000118 0.478283 0.100798
-0.000118 -0.000041 0.100798 0.045088
24.623857 1.100870 31.947489 1.983421
0.475770 0.100399 -0.000768 -0.000158
0.100399 0.044993 -0.000158 -0.000046
-0.000768 -0.000158 0.478378 0.100889
-0.000158 -0.000046 0.100889 0.045089
25.376839 1.143630 32.373318 1.864034
0.475331 0.100386 -0.000943 -0.000185
0.100386 0.044975 -0.000185 -0.000047
-0.000943 -0.000185 0.478576 0.100973
-0.000185 -0.000047 0.100973 0.045087
25.710616 1.093328 33.296084 1.862069
0.475016 0.100380 -0.001186 -0.000225
0.100380 0.044958 -0.000225 -0.000052
-0.001186 -0.000225 0.478779 0.101035
-0.000225 -0.000052 0.101035 0.045079
26.628913 1.171907 34.377945 1.893929
0.474696 0.100355 -0.001450 -0.000266
0.100355 0.044936 -0.000266 -0.000057
-0.001450 -0.000266 0.479061 0.101096
-0.000266 -0.000057 0.101096 0.045071
27.524972 1.237525 35.636344 1.959681
0.474362 0.100316 -0.001843 -0.000332
0.100316 0.044912 -0.000332 -0.000068
-0.001843 -0.000332 0.479397 0.101155
-0.000332 -0.000068 0.101155 0.045065
28.679307 1.350796 36.518213 1.939101
0.473973 0.100257 -0.002367 -0.000421
0.100257 0.044885 -0.000421 -0.000084
-0.002367 -0.000421 0.479805 0.101219
-0.000421 -0.000084 0.101219 0.045061
28.963256 1.267955 37.382310 1.916775
0.473623 0.100202 -0.003039 -0.000536
0.100202 0.044861 -0.000537 -0.000104
-0.003039 -0.000537 0.480176 0.101267
-0.000536 -0.000104 0.101267 0.045056
29.993656 1.351836 38.328987 1.914421
0.473229 0.100135 -0.003668 -0.000635
0.100135 0.044836 -0.000636 -0.000121
-0.003668 -0.000636 0.480587 0.101320
-0.000635 -0.000121 0.101320 0.045054
30.728879 1.364296 39.042782 1.863144
0.472850 0.100070 -0.004430 -0.000758
0.100070 0.044813 -0.000759 -0.000143
-0.004430 -0.000759 0.480979 0.101365
-0.000758 -0.000143 0.101365 0.045053
31.361981 1.353830 39.791663 1.824633
0.472503 0.100012 -0.005224 -0.000881
0.100012 0.044793 -0.000883 -0.000165
-0.005224 -0.000883 0.481334 0.101401
-0.000881 -0.000165 0.101401 0.045051
32.175270 1.382758 40.805462 1.846082
0.472164 0.099955 -0.006032 -0.001003
0.099955 0.044775 -0.001005 -0.000187
-0.006032 -0.001005 0.481681 0.101435
-0.001003 -0.000187 0.101435 0.045051
33.251087 1.464193 41.780639 1.857317
0.471794 0.099892 -0.006933 -0.001141
0.099892 0.044757 -0.001142 -0.000212
-0.006933 -0.001142 0.482066 0.101479
-0.001141 -0.000212 0.101479 0.045055
34.112015 1.491742 43.043631 1.927779
0.471447 0.099835 -0.007983 -0.001305
0.099835 0.044741 -0.001308 -0.000243
-0.007983 -0.001308 0.482442 0.101522
-0.001305 -0.000243 0.101522 0.045060
34.127826 1.337393 44.319231 1.992680
0.471020 0.099761 -0.009156 -0.001490
0.099761 0.044722 -0.001492 -0.000279
-0.009156 -0.001492 0.482925 0.101589
-0.001490 -0.000279 0.101589 0.045071
34.646824 1.305642 45.282658 1.985598
0.470378 0.099644 -0.010206 -0.001642
0.099644 0.044695 -0.001644 -0.000307
-0.010206 -0.001644 0.483642 0.101703
-0.001642 -0.000307 0.101703 0.045093
35.610974 1.370753 45.566687 1.836974
0.469725 0.099531 -0.011255 -0.001791
0.099531 0.044670 -0.001793 -0.000335
-0.011255 -0.001793 0.484390 0.101819
-0.001791 -0.000335 0.101819 0.045115
36.146200 1.338614 46.261638 1.789793
0.469335 0.099479 -0.012338 -0.001946
0.099479 0.044659 -0.001948 -0.000365
-0.012338 -0.001948 0.484882 0.101877
-0.001946 -0.000365 0.101877 0.045124
36.704269 1.315572 47.513297 1.864563
0.468970 0.099431 -0.013391 -0.002092
0.099431 0.044649 -0.002095 -0.000394
-0.013391 -0.002095 0.485364 0.101935
-0.002092 -0.000394 0.101935 0.045134
