4.283362 2.675476 1.031194 -0.479561
2.575399 1.030182 -0.261185 -0.104476
1.030182 80.416148 -0.104476 -0.041791
-0.261185 -0.104476 2.388565 0.955447
-0.104476 -0.041791 0.955447 80.386254
6.062400 3.410319 -0.665746 -3.028122
2.225703 3.866512 -0.244184 -0.378523
3.866512 15.398349 -0.371770 -1.317735
-0.244184 -0.371770 2.350309 4.121225
-0.378523 -1.317735 4.121225 15.369753
5.919567 1.281955 1.017576 0.624389
1.920940 2.234586 -0.220654 -0.243200
2.234586 4.545216 -0.241534 -0.460175
-0.220654 -0.241534 2.141883 2.451794
-0.243200 -0.460175 2.451794 4.664692
6.129981 0.922948 3.506851 2.432736
1.675119 1.427017 -0.185731 -0.152100
1.427017 1.925100 -0.151725 -0.198464
-0.185731 -0.151725 1.797780 1.493514
-0.152100 -0.198464 1.493514 1.934926
6.944165 1.157939 4.530610 2.307237
1.471029 0.981367 -0.146575 -0.095088
0.981367 0.989846 -0.094803 -0.097107
-0.146575 -0.094803 1.521509 0.992285
-0.095088 -0.097107 0.992285 0.981277
7.149073 0.953252 5.711607 2.322058
1.296188 0.709257 -0.118181 -0.063892
0.709257 0.574459 -0.063667 -0.054052
-0.118181 -0.063667 1.323284 0.711707
-0.063892 -0.054052 0.711707 0.570816
8.139175 1.191583 6.141066 1.986456
1.156877 0.536995 -0.098317 -0.045776
0.536995 0.365594 -0.045614 -0.033107
-0.098317 -0.045614 1.169348 0.535981
-0.045776 -0.033107 0.535981 0.363874
8.439200 1.071678 8.421446 2.501807
1.040384 0.420094 -0.082908 -0.033986
0.420094 0.249073 -0.033873 -0.021550
-0.082908 -0.033873 1.051052 0.420698
-0.033986 -0.021550 0.420698 0.249404
8.788552 1.005358 8.758769 2.176566
0.948786 0.340028 -0.068492 -0.025160
0.340028 0.180296 -0.025070 -0.014411
-0.068492 -0.025070 0.950905 0.338740
-0.025160 -0.014411 0.338740 0.180336
11.113644 1.595183 8.805732 1.839696
0.871669 0.281837 -0.058710 -0.019599
0.281837 0.136928 -0.019534 -0.010189
-0.058710 -0.019534 0.870531 0.280465
-0.019599 -0.010189 0.280465 0.137106
11.362812 1.433311 9.108730 1.657878
0.803585 0.237761 -0.049315 -0.015121
0.237761 0.108259 -0.015078 -0.007289
-0.049315 -0.015078 0.807030 0.238403
-0.015121 -0.007289 0.238403 0.109059
12.335552 1.503343 10.311476 1.760194
0.747232 0.204937 -0.042683 -0.012126
0.204937 0.089067 -0.012097 -0.005423
-0.042683 -0.012097 0.753176 0.206473
-0.012126 -0.005423 0.206473 0.090013
13.676561 1.654921 11.139246 1.746496
0.700227 0.180089 -0.036373 -0.009639
0.180089 0.075901 -0.009619 -0.004060
-0.036373 -0.009619 0.706933 0.181831
-0.009639 -0.004060 0.181831 0.076777
14.417656 1.634032 11.244051 1.559172
0.660278 0.160931 -0.030571 -0.007605
0.160931 0.066677 -0.007590 -0.003057
-0.030571 -0.007590 0.667812 0.162817
-0.007605 -0.003057 0.162817 0.067477
15.031479 1.586617 12.546766 1.681221
0.626276 0.146069 -0.026044 -0.006113
0.146069 0.060143 -0.006103 -0.002350
-0.026044 -0.006103 0.634852 0.148101
-0.006113 -0.002350 0.148101 0.060881
15.532546 1.520884 14.011039 1.821603
0.598078 0.134671 -0.022000 -0.004891
0.134671 0.055524 -0.004882 -0.001815
-0.022000 -0.004882 0.606278 0.136496
-0.004891 -0.001815 0.136496 0.056134
15.863475 1.426921 15.491294 1.946195
0.574726 0.125927 -0.018402 -0.003884
0.125927 0.052252 -0.003878 -0.001406
-0.018402 -0.003878 0.581643 0.127365
-0.003884 -0.001406 0.127365 0.052715
17.086330 1.536460 16.933825 2.047068
0.555420 0.119233 -0.015254 -0.003064
0.119233 0.049938 -0.003059 -0.001092
-0.015254 -0.003059 0.560592 0.120228
-0.003064 -0.001092 0.120228 0.050264
17.797453 1.524453 18.116081 2.080584
0.539241 0.114078 -0.012303 -0.002350
0.114078 0.048301 -0.002347 -0.000841
-0.012303 -0.002347 0.543037 0.114752
-0.002350 -0.000841 0.114752 0.048532
17.935940 1.393886 19.359377 2.122747
0.525844 0.110158 -0.009784 -0.001780
0.110158 0.047159 -0.001777 -0.000649
-0.009784 -0.001777 0.528490 0.110587
-0.001780 -0.000649 0.110587 0.047321
18.201389 1.304040 20.450454 2.128703
0.514929 0.107233 -0.007695 -0.001335
0.107233 0.046379 -0.001332 -0.000503
-0.007695 -0.001332 0.516484 0.107447
-0.001335 -0.000503 0.107447 0.046486
18.967584 1.327904 21.830239 2.194203
0.506069 0.105075 -0.005955 -0.000986
0.105075 0.045857 -0.000984 -0.000392
-0.005955 -0.000984 0.506753 0.105133
-0.000986 -0.000392 0.105133 0.045925
18.731204 1.141107 22.907765 2.189742
0.498869 0.103497 -0.004464 -0.000703
0.103497 0.045513 -0.000702 -0.000304
-0.004464 -0.000702 0.499065 0.103485
-0.000703 -0.000304 0.103485 0.045562
19.915504 1.268405 23.685128 2.124072
0.493171 0.102386 -0.003210 -0.000479
0.102386 0.045299 -0.000478 -0.000236
-0.003210 -0.000478 0.493017 0.102331
-0.000479 -0.000236 0.102331 0.045335
20.665028 1.292269 24.360929 2.043787
0.488581 0.101599 -0.002274 -0.000326
0.101599 0.045165 -0.000326 -0.000187
-0.002274 -0.000326 0.488494 0.101585
-0.000326 -0.000187 0.101585 0.045206
20.582051 1.140359 25.541927 2.076790
0.484978 0.101068 -0.001603 -0.000228
0.101068 0.045088 -0.000227 -0.000152
-0.001603 -0.000227 0.485154 0.101125
-0.000228 -0.000152 0.101125 0.045138
21.406092 1.193405 26.689839 2.099710
0.482145 0.100716 -0.001031 -0.000146
0.100716 0.045044 -0.000145 -0.000123
-0.001031 -0.000145 0.482805 0.100879
-0.000146 -0.000123 0.100879 0.045110
21.698266 1.129615 27.408601 2.030349
0.479860 0.100476 -0.000701 -0.000110
0.100476 0.045017 -0.000109 -0.000104
-0.000701 -0.000109 0.481315 0.100797
-0.000110 -0.000104 0.100797 0.045108
22.384054 1.155012 28.808773 2.111137
0.478081 0.100327 -0.000500 -0.000094
0.100327 0.044999 -0.000093 -0.000090
-0.000500 -0.000093 0.480416 0.100808
-0.000094 -0.000090 0.100808 0.045115
22.833451 1.128085 29.198171 1.971129
0.476512 0.100198 -0.000515 -0.000116
0.100198 0.044978 -0.000116 -0.000085
-0.000515 -0.000116 0.480149 0.100914
-0.000116 -0.000085 0.100914 0.045134
24.367734 1.332430 31.027167 2.148571
0.475334 0.100126 -0.000652 -0.000155
0.100126 0.044963 -0.000154 -0.000084
-0.000652 -0.000154 0.480115 0.101027
-0.000155 -0.000084 0.101027 0.045146
24.807602 1.284683 32.036030 2.134802
0.474083 0.100012 -0.001331 -0.000298
0.100012 0.044932 -0.000298 -0.000104
-0.001331 -0.000298 0.480618 0.101216
-0.000298 -0.000104 0.101216 0.045169
25.387181 1.271425 32.899744 2.091888
0.472911 0.099894 -0.002094 -0.000442
0.099894 0.044898 -0.000443 -0.000124
-0.002094 -0.000443 0.481368 0.101417
-0.000442 -0.000124 0.101417 0.045189
26.210608 1.311105 33.694673 2.039011
0.471842 0.099780 -0.002977 -0.000597
0.099780 0.044862 -0.000598 -0.000145
-0.002977 -0.000598 0.482240 0.101608
-0.000597 -0.000145 0.101608 0.045206
26.437407 1.220415 35.143533 2.129392
0.470901 0.099679 -0.004069 -0.000784
0.099679 0.044828 -0.000786 -0.000173
-0.004069 -0.000786 0.483132 0.101776
-0.000784 -0.000173 0.101776 0.045216
27.336021 1.281442 35.943333 2.073691
0.469668 0.099501 -0.005183 -0.000962
0.099501 0.044777 -0.000964 -0.000199
-0.005183 -0.000964 0.484432 0.102008
-0.000962 -0.000199 0.102008 0.045241
28.159777 1.320033 36.458725 1.964031
0.468582 0.099350 -0.006557 -0.001184
0.099350 0.044733 -0.001187 -0.000235
-0.006557 -0.001187 0.485653 0.102200
-0.001184 -0.000235 0.102200 0.045258
29.357397 1.434297 37.765223 2.032579
0.467746 0.099246 -0.008073 -0.001424
0.099246 0.044699 -0.001428 -0.000275
-0.008073 -0.001428 0.486659 0.102333
-0.001424 -0.000275 0.102333 0.045264
29.748076 1.365109 38.952153 2.068180
0.466829 0.099116 -0.010095 -0.001759
0.099116 0.044661 -0.001765 -0.000335
-0.010095 -0.001765 0.487823 0.102492
-0.001759 -0.000335 0.102492 0.045280
29.843972 1.240452 39.979023 2.066075
0.465682 0.098932 -0.012084 -0.002069
0.098932 0.044611 -0.002076 -0.000389
-0.012084 -0.002076 0.489280 0.102707
-0.002069 -0.000389 0.102707 0.045309
30.572151 1.263484 41.074462 2.079299
0.464329 0.098706 -0.013832 -0.002316
0.098706 0.044555 -0.002323 -0.000430
-0.013832 -0.002323 0.490980 0.102963
-0.002316 -0.000430 0.102963 0.045349
30.898701 1.198334 41.974768 2.049637
0.462953 0.098481 -0.015799 -0.002605
0.098481 0.044501 -0.002612 -0.000482
-0.015799 -0.002612 0.492780 0.103228
-0.002605 -0.000482 0.103228 0.045392
31.298868 1.155682 42.846577 2.017253
0.461547 0.098254 -0.017652 -0.002863
0.098254 0.044448 -0.002870 -0.000528
-0.017652 -0.002870 0.494653 0.103500
-0.002863 -0.000528 0.103500 0.045437
31.842001 1.146763 43.123085 1.864125
0.460153 0.098035 -0.019460 -0.003110
0.098035 0.044398 -0.003116 -0.000574
-0.019460 -0.003116 0.496561 0.103770
-0.003110 -0.000574 0.103770 0.045482
32.264607 1.115030 44.238730 1.902102
0.459179 0.097909 -0.021199 -0.003341
0.097909 0.044369 -0.003348 -0.000618
-0.021199 -0.003348 0.498020 0.103940
-0.003341 -0.000618 0.103940 0.045508
32.806977 1.111620 45.122799 1.888092
0.457993 0.097731 -0.023013 -0.003590
0.097731 0.044327 -0.003597 -0.000668
-0.023013 -0.003597 0.499795 0.104181
-0.003590 -0.000668 0.104181 0.045552
33.525244 1.145680 45.840234 1.841356
0.456819 0.097555 -0.024929 -0.003862
0.097555 0.044286 -0.003869 -0.000724
-0.024929 -0.003869 0.501637 0.104433
-0.003862 -0.000724 0.104433 0.045600
34.243686 1.176006 46.503482 1.788252
0.455833 0.097419 -0.027031 -0.004170
0.097419 0.044253 -0.004179 -0.000788
-0.027031 -0.004179 0.503361 0.104657
-0.004170 -0.000788 0.104657 0.045642
34.950964 1.202805 47.761911 1.864389
0.455044 0.097320 -0.029281 -0.004505
0.097320 0.044227 -0.004518 -0.000858
-0.029281 -0.004518 0.504954 0.104855
-0.004505 -0.000858 0.104855 0.045680
35.852746 1.267836 48.872168 1.902493
0.454029 0.097163 -0.031801 -0.004890
0.097163 0.044188 -0.004906 -0.000938
-0.031801 -0.004906 0.506980 0.105145
-0.004890 -0.000938 0.105145 0.045739
