32.832549 0.512446 48.744627 1.917871
0.563516 0.117935 -0.040956 -0.006541
0.117935 0.047844 -0.007086 -0.001509
-0.040956 -0.007086 0.418490 0.088666
-0.006541 -0.001509 0.088666 0.043060
29.178699 -0.299378 48.657526 1.675199
0.572366 0.118061 -0.038055 -0.005660
0.118061 0.047678 -0.006183 -0.001263
-0.038055 -0.006183 0.413293 0.088862
-0.005660 -0.001263 0.088862 0.043203
24.904733 -1.147688 47.856286 1.298149
0.565708 0.115255 -0.030448 -0.003929
0.115255 0.046998 -0.004412 -0.000873
-0.030448 -0.004412 0.415787 0.090504
-0.003929 -0.000873 0.090504 0.043590
21.042523 -1.823165 46.014622 0.735352
0.548978 0.110908 -0.022734 -0.002391
0.110908 0.046124 -0.002796 -0.000560
-0.022734 -0.002796 0.424572 0.093168
-0.002391 -0.000560 0.093168 0.044122
17.975080 -2.268452 43.532324 0.098011
0.526018 0.105885 -0.016515 -0.001336
0.105885 0.045221 -0.001623 -0.000368
-0.016515 -0.001623 0.438921 0.096631
-0.001336 -0.000368 0.096631 0.044755
16.360645 -2.376741 40.180520 -0.651704
0.499252 0.100655 -0.010181 -0.000333
0.100655 0.044358 -0.000510 -0.000194
-0.010181 -0.000510 0.458804 0.100858
-0.000333 -0.000194 0.100858 0.045493
15.105167 -2.401184 35.878868 -1.520802
0.471923 0.095805 0.002720 0.002059
0.095805 0.043624 0.001869 0.000259
0.002720 0.001869 0.483686 0.105715
0.002059 0.000259 0.105715 0.046318
13.381405 -2.516436 30.497978 -2.521513
0.460763 0.094620 0.024341 0.006191
0.094620 0.043654 0.005844 0.001043
0.024341 0.005844 0.497799 0.107750
0.006191 0.001043 0.107750 0.046485
11.834178 -2.576501 24.751405 -3.482067
0.471247 0.097870 0.036049 0.007848
0.097870 0.044536 0.007491 0.001278
0.036049 0.007491 0.488483 0.104601
0.007848 0.001278 0.104601 0.045567
10.047339 -2.675300 19.935477 -4.135546
0.486417 0.101698 0.029976 0.005639
0.101698 0.045422 0.005428 0.000733
0.029976 0.005428 0.471299 0.100231
0.005639 0.000733 0.100231 0.044528
9.089603 -2.592788 16.877750 -4.346799
0.500817 0.104955 0.013192 0.001487
0.104955 0.046094 0.001446 -0.000136
0.013192 0.001446 0.455697 0.096750
0.001487 -0.000136 0.096750 0.043806
8.540953 -2.435276 14.369815 -4.420015
0.514350 0.107682 -0.007140 -0.002928
0.107682 0.046592 -0.002821 -0.000970
-0.007140 -0.002821 0.444551 0.094591
-0.002928 -0.000970 0.094591 0.043434
8.641529 -2.159851 11.884219 -4.481407
0.527017 0.109943 -0.029560 -0.007329
0.109943 0.046954 -0.007093 -0.001736
-0.029560 -0.007093 0.438302 0.093654
-0.007329 -0.001736 0.093654 0.043337
8.668468 -1.930427 10.058960 -4.392626
0.534449 0.110892 -0.057106 -0.012429
0.110892 0.047023 -0.012044 -0.002604
-0.057106 -0.012044 0.441360 0.094724
-0.012429 -0.002604 0.094724 0.043650
9.334225 -1.591447 8.916885 -4.162138
0.532421 0.109787 -0.085543 -0.017338
0.109787 0.046674 -0.016741 -0.003389
-0.085543 -0.016741 0.456739 0.098231
-0.017338 -0.003389 0.098231 0.044426
9.606045 -1.365540 7.973063 -3.911440
0.515534 0.105762 -0.103933 -0.019837
0.105762 0.045772 -0.018964 -0.003646
-0.103933 -0.018964 0.483099 0.103701
-0.019837 -0.003646 0.103701 0.045541
11.078541 -0.909918 7.236615 -3.632059
0.493976 0.101234 -0.110419 -0.019798
0.101234 0.044863 -0.018655 -0.003417
-0.110419 -0.018655 0.509980 0.108776
-0.019798 -0.003417 0.108776 0.046482
12.196433 -0.567116 6.847864 -3.310984
0.472569 0.097245 -0.104472 -0.017356
0.097245 0.044150 -0.016028 -0.002781
-0.104472 -0.016028 0.530380 0.112107
-0.017356 -0.002781 0.112107 0.047009
13.711417 -0.168892 6.829540 -2.943379
0.455842 0.094559 -0.095074 -0.014598
0.094559 0.043739 -0.013159 -0.002194
-0.095074 -0.013159 0.545246 0.114066
-0.014598 -0.002194 0.114066 0.047242
14.332703 0.011646 7.668682 -2.451429
0.443397 0.092906 -0.084899 -0.012068
0.092906 0.043534 -0.010583 -0.001744
-0.084899 -0.010583 0.555828 0.115071
-0.012068 -0.001744 0.115071 0.047301
14.927428 0.165579 8.503407 -2.017936
0.435476 0.092161 -0.078747 -0.010678
0.092161 0.043478 -0.009229 -0.001589
-0.078747 -0.009229 0.564161 0.115607
-0.010678 -0.001589 0.115607 0.047294
15.766659 0.363647 10.107578 -1.473659
0.431060 0.092058 -0.074693 -0.009878
0.092058 0.043512 -0.008552 -0.001577
-0.074693 -0.008552 0.568947 0.115500
-0.009878 -0.001577 0.115500 0.047197
16.666074 0.548341 11.599130 -1.012839
0.430439 0.092632 -0.071396 -0.009301
0.092632 0.043652 -0.008195 -0.001615
-0.071396 -0.008195 0.567926 0.114381
-0.009301 -0.001615 0.114381 0.046944
17.883517 0.779661 13.140792 -0.589050
0.432143 0.093549 -0.066598 -0.008469
0.093549 0.043830 -0.007597 -0.001586
-0.066598 -0.007597 0.561826 0.112519
-0.008469 -0.001586 0.112519 0.046603
18.443468 0.842260 15.011097 -0.152353
0.434998 0.094554 -0.058953 -0.007137
0.094554 0.044001 -0.006442 -0.001435
-0.058953 -0.006442 0.552158 0.110276
-0.007137 -0.001435 0.110276 0.046243
19.349821 0.966563 16.592195 0.184999
0.440097 0.095874 -0.050451 -0.005723
0.095874 0.044217 -0.005199 -0.001260
-0.050451 -0.005199 0.539166 0.107670
-0.005723 -0.001260 0.107670 0.045852
20.045307 1.023433 17.746704 0.400302
0.445831 0.097149 -0.041005 -0.004212
0.097149 0.044405 -0.003804 -0.001053
-0.041005 -0.003804 0.525920 0.105301
-0.004212 -0.001053 0.105301 0.045538
20.780853 1.091523 20.177482 0.851926
0.451539 0.098250 -0.032081 -0.002893
0.098250 0.044543 -0.002563 -0.000874
-0.032081 -0.002563 0.514181 0.103441
-0.002893 -0.000874 0.103441 0.045333
21.268746 1.089070 21.984590 1.131538
0.457910 0.099371 -0.023522 -0.001692
0.099371 0.044685 -0.001425 -0.000705
-0.023522 -0.001425 0.502968 0.101809
-0.001692 -0.000705 0.101809 0.045165
21.842071 1.104600 24.104648 1.448811
0.463348 0.100179 -0.016495 -0.000834
0.100179 0.044761 -0.000612 -0.000592
-0.016495 -0.000612 0.494326 0.100766
-0.000834 -0.000592 0.100766 0.045096
22.566673 1.148338 26.247635 1.740928
0.466737 0.100488 -0.011289 -0.000341
0.100488 0.044741 -0.000149 -0.000534
-0.011289 -0.000149 0.489041 0.100405
-0.000341 -0.000534 0.100405 0.045137
23.691134 1.270882 28.418904 2.011525
0.467116 0.100159 -0.008486 -0.000298
0.100159 0.044605 -0.000127 -0.000549
-0.008486 -0.000127 0.487727 0.100789
-0.000298 -0.000549 0.100789 0.045294
23.995177 1.200626 29.660553 2.059808
0.464282 0.099222 -0.009187 -0.000896
0.099222 0.044369 -0.000749 -0.000675
-0.009187 -0.000749 0.490464 0.101875
-0.000896 -0.000675 0.101875 0.045554
24.345436 1.147421 30.769285 2.075851
0.459863 0.098089 -0.011056 -0.001594
0.098089 0.044127 -0.001469 -0.000793
-0.011056 -0.001469 0.495412 0.103239
-0.001594 -0.000793 0.103239 0.045830
25.053553 1.175879 31.663355 2.045988
0.454560 0.096912 -0.013817 -0.002342
0.096912 0.043904 -0.002238 -0.000900
-0.013817 -0.002238 0.501926 0.104737
-0.002342 -0.000900 0.104737 0.046099
25.267197 1.096279 32.909572 2.092148
0.449408 0.095896 -0.018038 -0.003272
0.095896 0.043735 -0.003194 -0.001032
-0.018038 -0.003194 0.508997 0.106169
-0.003272 -0.001032 0.106169 0.046328
26.298617 1.199213 33.662507 2.031705
0.443532 0.094821 -0.022014 -0.004030
0.094821 0.043561 -0.003969 -0.001116
-0.022014 -0.003969 0.517612 0.107767
-0.004030 -0.001116 0.107767 0.046576
27.416403 1.310878 34.976415 2.094409
0.438805 0.094071 -0.027753 -0.005067
0.094071 0.043459 -0.005035 -0.001259
-0.027753 -0.005035 0.525801 0.109124
-0.005067 -0.001259 0.109124 0.046762
28.460450 1.394954 36.214200 2.134650
0.434267 0.093394 -0.034587 -0.006233
0.093394 0.043366 -0.006234 -0.001427
-0.034587 -0.006234 0.534913 0.110563
-0.006233 -0.001427 0.110563 0.046964
28.810380 1.320927 37.642459 2.207981
0.430063 0.092806 -0.041207 -0.007262
0.092806 0.043282 -0.007290 -0.001564
-0.041207 -0.007290 0.544438 0.111987
-0.007262 -0.001564 0.111987 0.047164
29.727922 1.376933 38.806999 2.221336
0.425787 0.092213 -0.044212 -0.007488
0.092213 0.043189 -0.007497 -0.001533
-0.044212 -0.007497 0.553344 0.113214
-0.007488 -0.001533 0.113214 0.047330
30.980761 1.499619 39.858757 2.211847
0.422490 0.091840 -0.044869 -0.007260
0.091840 0.043136 -0.007231 -0.001426
-0.044869 -0.007231 0.559974 0.113939
-0.007260 -0.001426 0.113939 0.047404
31.390193 1.426640 41.248033 2.267583
0.420687 0.091778 -0.042977 -0.006580
0.091778 0.043140 -0.006502 -0.001250
-0.042977 -0.006502 0.562960 0.113950
-0.006580 -0.001250 0.113950 0.047353
32.019124 1.408964 42.533166 2.297680
0.422188 0.092411 -0.036501 -0.005067
0.092411 0.043285 -0.004926 -0.000927
-0.036501 -0.004926 0.558144 0.112495
-0.005067 -0.000927 0.112495 0.047038
32.581066 1.379316 43.983825 2.357675
0.428530 0.093999 -0.028087 -0.003315
0.093999 0.043616 -0.003155 -0.000593
-0.028087 -0.003155 0.544966 0.109581
-0.003315 -0.000593 0.109581 0.046476
33.588244 1.446224 44.620714 2.250165
0.441415 0.096818 -0.020530 -0.001880
0.096818 0.044181 -0.001791 -0.000362
-0.020530 -0.001791 0.523637 0.105340
-0.001880 -0.000362 0.105340 0.045699
34.256755 1.432190 45.290700 2.157921
0.458076 0.100144 -0.015815 -0.001132
0.100144 0.044806 -0.001162 -0.000288
-0.015815 -0.001162 0.500768 0.101158
-0.001132 -0.000288 0.101158 0.044986
34.878929 1.410725 46.100938 2.102830
0.477485 0.103733 -0.014439 -0.001103
0.103733 0.045445 -0.001269 -0.000358
-0.014439 -0.001269 0.478624 0.097424
-0.001103 -0.000358 0.097424 0.044391
35.592428 1.412473 47.150834 2.102545
0.499754 0.107613 -0.017005 -0.001855
0.107613 0.046114 -0.002154 -0.000570
-0.017005 -0.002154 0.457787 0.094157
-0.001855 -0.000570 0.094157 0.043892
35.956600 1.339351 48.123950 2.085232
0.525578 0.111929 -0.024609 -0.003557
0.111929 0.046849 -0.003965 -0.000947
-0.024609 -0.003965 0.438649 0.091350
-0.003557 -0.000947 0.091350 0.043468
