3.282922 2.275292 0.380794 -0.739726
2.575399 1.030182 -0.261185 -0.104476
1.030182 80.416148 -0.104476 -0.041791
-0.261185 -0.104476 2.388565 0.955447
-0.104476 -0.041791 0.955447 80.386254
3.549026 0.837392 3.481262 5.333906
2.233475 3.879495 -0.268041 -0.420236
3.879495 15.420000 -0.413217 -1.390217
-0.268041 -0.413217 2.352790 4.125042
-0.420236 -1.390217 4.125042 15.375513
5.438385 2.511902 2.054138 0.655207
2.035134 2.366440 -0.201085 -0.216630
2.366440 4.698870 -0.215913 -0.430106
-0.201085 -0.215913 2.008013 2.298242
-0.216630 -0.430106 2.298242 4.488972
6.427158 2.287300 2.982934 1.158113
1.708531 1.445149 -0.173978 -0.143279
1.445149 1.936182 -0.142956 -0.193529
-0.173978 -0.142956 1.755070 1.468980
-0.143279 -0.193529 1.468980 1.920200
7.186624 2.033400 4.983166 2.090486
1.469608 0.975324 -0.142658 -0.093701
0.975324 0.986066 -0.093513 -0.097502
-0.142658 -0.093513 1.520886 0.997769
-0.093701 -0.097502 0.997769 0.985375
8.920511 2.424943 5.873777 2.006586
1.292689 0.705736 -0.113521 -0.062128
0.705736 0.574035 -0.061961 -0.053658
-0.113521 -0.061961 1.325057 0.714748
-0.062128 -0.053658 0.714748 0.571267
9.085038 1.939035 6.353361 1.767452
1.147617 0.532463 -0.089683 -0.042354
0.532463 0.364888 -0.042208 -0.031802
-0.089683 -0.042208 1.176085 0.539604
-0.042354 -0.031802 0.539604 0.364270
10.313644 2.044238 6.666414 1.538867
1.032919 0.417517 -0.075673 -0.031604
0.417517 0.249170 -0.031497 -0.020771
-0.075673 -0.031497 1.056611 0.422706
-0.031604 -0.020771 0.422706 0.249133
11.105007 1.961627 7.198949 1.454928
0.937535 0.336652 -0.064015 -0.024012
0.336652 0.179944 -0.023932 -0.014113
-0.064015 -0.023932 0.961301 0.341944
-0.024012 -0.014113 0.341944 0.180645
10.568403 1.469158 8.491183 1.638310
0.859146 0.278572 -0.054705 -0.018660
0.278572 0.136531 -0.018599 -0.009943
-0.054705 -0.018599 0.882429 0.283609
-0.018660 -0.009943 0.283609 0.137462
10.865124 1.339076 9.414214 1.669380
0.796547 0.236520 -0.048075 -0.015044
0.236520 0.108402 -0.014991 -0.007293
-0.048075 -0.014991 0.814053 0.239700
-0.015044 -0.007293 0.239700 0.108924
12.077182 1.488090 10.689480 1.789219
0.743969 0.204806 -0.042297 -0.012226
0.204806 0.089405 -0.012181 -0.005451
-0.042297 -0.012181 0.756517 0.206659
-0.012226 -0.005451 0.206659 0.089678
13.006434 1.536280 10.794101 1.586627
0.698984 0.180408 -0.036174 -0.009727
0.180408 0.076247 -0.009687 -0.004067
-0.036174 -0.009687 0.708229 0.181540
-0.009727 -0.004067 0.181540 0.076424
14.047369 1.602720 12.502984 1.809026
0.659989 0.161372 -0.031191 -0.007847
0.161372 0.066965 -0.007813 -0.003094
-0.031191 -0.007813 0.668271 0.162421
-0.007847 -0.003094 0.162421 0.067186
14.730367 1.575004 13.975356 1.941153
0.627275 0.146701 -0.026174 -0.006191
0.146701 0.060411 -0.006161 -0.002342
-0.026174 -0.006161 0.633883 0.147472
-0.006191 -0.002342 0.147472 0.060602
14.876463 1.430318 15.395114 2.042029
0.599792 0.135349 -0.021707 -0.004848
0.135349 0.055751 -0.004822 -0.001780
-0.021707 -0.004822 0.604504 0.135797
-0.004848 -0.001780 0.135797 0.055891
15.955609 1.510194 16.404440 2.039552
0.576864 0.126592 -0.017959 -0.003802
0.126592 0.052438 -0.003780 -0.001366
-0.017959 -0.003780 0.579423 0.126676
-0.003802 -0.001366 0.126676 0.052515
16.874487 1.545121 16.748028 1.894729
0.557332 0.119757 -0.014645 -0.002944
0.119757 0.050067 -0.002926 -0.001048
-0.014645 -0.002926 0.558593 0.119679
-0.002944 -0.001048 0.119679 0.050122
16.992927 1.406766 17.897053 1.937039
0.540756 0.114450 -0.011937 -0.002286
0.114450 0.048381 -0.002271 -0.000813
-0.011937 -0.002271 0.541471 0.114363
-0.002286 -0.000813 0.114363 0.048443
17.597367 1.386115 19.018439 1.968975
0.527152 0.110442 -0.009679 -0.001769
0.110442 0.047212 -0.001757 -0.000635
-0.009679 -0.001757 0.527158 0.110293
-0.001769 -0.000635 0.110293 0.047262
18.358220 1.400142 19.833976 1.933856
0.515962 0.107429 -0.007712 -0.001345
0.107429 0.046409 -0.001335 -0.000495
-0.007712 -0.001335 0.515438 0.107243
-0.001345 -0.000495 0.107243 0.046451
18.915948 1.370821 21.242575 2.025447
0.506795 0.105190 -0.006052 -0.001007
0.105190 0.045869 -0.001000 -0.000387
-0.006052 -0.001000 0.506017 0.105012
-0.001007 -0.000387 0.105012 0.045909
19.566806 1.363618 22.174419 2.008653
0.499416 0.103567 -0.004608 -0.000729
0.103567 0.045517 -0.000723 -0.000301
-0.004608 -0.000723 0.498510 0.103409
-0.000729 -0.000301 0.103409 0.045555
20.189446 1.351116 22.627125 1.894087
0.493511 0.102411 -0.003432 -0.000517
0.102411 0.045295 -0.000513 -0.000236
-0.003432 -0.000513 0.492670 0.102301
-0.000517 -0.000236 0.102301 0.045336
20.983530 1.375645 23.250193 1.826727
0.488865 0.101615 -0.002533 -0.000368
0.101615 0.045163 -0.000364 -0.000189
-0.002533 -0.000364 0.488203 0.101563
-0.000368 -0.000189 0.101563 0.045207
21.566340 1.353916 24.732625 1.945358
0.485255 0.101088 -0.001866 -0.000266
0.101088 0.045088 -0.000264 -0.000154
-0.001866 -0.000264 0.484869 0.101101
-0.000266 -0.000154 0.101101 0.045137
22.360652 1.378428 25.737110 1.952028
0.482416 0.100739 -0.001385 -0.000201
0.100739 0.045047 -0.000199 -0.000129
-0.001385 -0.000199 0.482526 0.100853
-0.000201 -0.000129 0.100853 0.045107
22.876225 1.342081 26.717136 1.952847
0.480214 0.100520 -0.001133 -0.000178
0.100520 0.045025 -0.000176 -0.000114
-0.001133 -0.000176 0.480953 0.100750
-0.000178 -0.000114 0.100750 0.045099
22.934854 1.213553 27.087140 1.825515
0.478493 0.100384 -0.001055 -0.000184
0.100384 0.045011 -0.000183 -0.000105
-0.001055 -0.000183 0.479996 0.100748
-0.000184 -0.000105 0.100748 0.045103
23.247978 1.151849 28.478682 1.926157
0.477224 0.100318 -0.001016 -0.000190
0.100318 0.045003 -0.000189 -0.000096
-0.001016 -0.000189 0.479424 0.100791
-0.000190 -0.000096 0.100791 0.045108
23.438293 1.070640 29.140053 1.862635
0.476072 0.100246 -0.001106 -0.000216
0.100246 0.044987 -0.000215 -0.000093
-0.001106 -0.000215 0.479361 0.100904
-0.000216 -0.000093 0.100904 0.045121
23.739077 1.021203 30.617763 1.977741
0.475130 0.100192 -0.001245 -0.000246
0.100192 0.044969 -0.000245 -0.000090
-0.001245 -0.000245 0.479540 0.101029
-0.000246 -0.000090 0.101029 0.045131
24.703674 1.117070 31.932234 2.046397
0.474085 0.100091 -0.001508 -0.000295
0.100091 0.044936 -0.000294 -0.000092
-0.001508 -0.000294 0.480144 0.101210
-0.000295 -0.000092 0.101210 0.045149
25.163429 1.096185 32.852065 2.024596
0.472995 0.099963 -0.002128 -0.000413
0.099963 0.044897 -0.000413 -0.000109
-0.002128 -0.000413 0.481017 0.101413
-0.000413 -0.000109 0.101413 0.045169
25.205214 0.989087 33.884288 2.028733
0.471935 0.099830 -0.002855 -0.000542
0.099830 0.044855 -0.000542 -0.000128
-0.002855 -0.000542 0.482007 0.101609
-0.000542 -0.000128 0.101609 0.045186
25.653940 0.979397 34.949082 2.039350
0.470777 0.099665 -0.003515 -0.000647
0.099665 0.044808 -0.000647 -0.000141
-0.003515 -0.000647 0.483189 0.101821
-0.000647 -0.000141 0.101821 0.045206
25.631415 0.870889 36.024964 2.051041
0.469546 0.099481 -0.004308 -0.000773
0.099481 0.044757 -0.000773 -0.000160
-0.004308 -0.000773 0.484507 0.102040
-0.000773 -0.000160 0.102040 0.045229
26.179429 0.894725 36.967854 2.033696
0.468164 0.099263 -0.004992 -0.000869
0.099263 0.044701 -0.000870 -0.000173
-0.004992 -0.000870 0.486018 0.102280
-0.000869 -0.000173 0.102280 0.045257
27.061776 0.987073 38.075175 2.052933
0.466784 0.099048 -0.005871 -0.001004
0.099048 0.044647 -0.001004 -0.000194
-0.005871 -0.001004 0.487559 0.102511
-0.001004 -0.000194 0.102511 0.045285
27.901070 1.060778 39.552911 2.147932
0.465377 0.098828 -0.007142 -0.001216
0.098828 0.044594 -0.001217 -0.000233
-0.007142 -0.001217 0.489174 0.102745
-0.001216 -0.000233 0.102745 0.045315
28.533039 1.082047 40.198942 2.058221
0.463749 0.098565 -0.008809 -0.001499
0.098565 0.044533 -0.001502 -0.000287
-0.008809 -0.001502 0.491093 0.103033
-0.001499 -0.000287 0.103033 0.045359
29.083367 1.083607 40.777560 1.963822
0.462356 0.098358 -0.010552 -0.001782
0.098358 0.044486 -0.001787 -0.000338
-0.010552 -0.001787 0.492798 0.103264
-0.001782 -0.000338 0.103264 0.045393
29.819051 1.124902 41.765460 1.965295
0.461178 0.098197 -0.012297 -0.002051
0.098197 0.044448 -0.002058 -0.000386
-0.012297 -0.002058 0.494303 0.103449
-0.002051 -0.000386 0.103449 0.045419
30.917320 1.239607 43.110890 2.041868
0.459994 0.098030 -0.014252 -0.002354
0.098030 0.044409 -0.002364 -0.000442
-0.014252 -0.002364 0.495885 0.103651
-0.002354 -0.000442 0.103651 0.045452
31.752655 1.286165 44.489031 2.116806
0.458712 0.097839 -0.016728 -0.002755
0.097839 0.044364 -0.002769 -0.000519
-0.016728 -0.002769 0.497717 0.103906
-0.002755 -0.000519 0.103906 0.045498
32.906309 1.395251 45.576344 2.123805
0.457260 0.097611 -0.019474 -0.003194
0.097611 0.044311 -0.003212 -0.000602
-0.019474 -0.003212 0.499887 0.104226
-0.003194 -0.000602 0.104226 0.045559
33.798958 1.435694 46.076904 2.007301
0.455985 0.097422 -0.022626 -0.003699
0.097422 0.044267 -0.003723 -0.000698
-0.022626 -0.003723 0.502040 0.104533
-0.003699 -0.000698 0.104533 0.045617
34.488911 1.427356 46.165455 1.816837
0.455153 0.097326 -0.025774 -0.004179
0.097326 0.044243 -0.004211 -0.000788
-0.025774 -0.004211 0.503788 0.104749
-0.004179 -0.000788 0.104749 0.045656
35.317126 1.452099 47.144597 1.831878
0.454862 0.097336 -0.028649 -0.004586
0.097336 0.044239 -0.004625 -0.000862
-0.028649 -0.004625 0.504921 0.104841
-0.004586 -0.000862 0.104841 0.045672
36.602009 1.572036 48.106077 1.843246
0.454499 0.097311 -0.031653 -0.005014
0.097311 0.044225 -0.005060 -0.000943
-0.031653 -0.005060 0.506279 0.104993
-0.005014 -0.000943 0.104993 0.045703
