2.209848 1.846053 0.547179 -0.673171
2.470482 0.988214 -0.052654 -0.021062
0.988214 80.399361 -0.021062 -0.008425
-0.052654 -0.021062 2.434012 0.973626
-0.021062 -0.008425 0.973626 80.393525
4.906935 4.953481 1.467207 1.535910
2.253593 3.939824 -0.057842 -0.091026
3.939824 15.278903 -0.090771 -0.293161
-0.057842 -0.090771 2.269250 3.974371
-0.091026 -0.293161 3.974371 15.246480
4.160182 1.221794 0.357428 -0.636027
1.991702 2.303378 -0.040867 -0.043459
2.303378 4.555004 -0.043374 -0.086554
-0.040867 -0.043374 2.012440 2.321289
-0.043459 -0.086554 2.321289 4.550094
7.328646 3.380171 3.789365 2.515976
1.705829 1.438342 -0.040839 -0.033604
1.438342 1.909174 -0.033597 -0.043285
-0.040839 -0.033597 1.724052 1.448636
-0.033604 -0.043285 1.448636 1.909177
8.102250 2.774199 4.585234 2.211350
1.475739 0.975513 -0.027702 -0.017875
0.975513 0.976391 -0.017855 -0.019018
-0.027702 -0.017855 1.487550 0.979833
-0.017875 -0.019018 0.979833 0.975783
9.862315 2.976886 4.618810 1.630569
1.294732 0.703595 -0.021307 -0.011602
0.703595 0.567644 -0.011587 -0.010437
-0.021307 -0.011587 1.303442 0.706085
-0.011602 -0.010437 0.706085 0.567520
9.970176 2.339062 6.513203 2.127884
1.150374 0.531303 -0.016953 -0.008058
0.531303 0.361409 -0.008048 -0.006304
-0.016953 -0.008048 1.159463 0.534029
-0.008058 -0.006304 0.534029 0.362002
9.722364 1.769040 6.401790 1.656522
1.035862 0.416845 -0.013900 -0.005895
0.416845 0.247128 -0.005888 -0.004081
-0.013900 -0.005888 1.042612 0.418515
-0.005895 -0.004081 0.418515 0.247476
10.648942 1.783724 8.336848 2.051371
0.942278 0.336914 -0.012322 -0.004714
0.336914 0.178921 -0.004709 -0.002864
-0.012322 -0.004709 0.947726 0.338117
-0.004714 -0.002864 0.338117 0.179201
11.690656 1.831834 10.259688 2.340449
0.865236 0.279381 -0.010430 -0.003639
0.279381 0.136053 -0.003635 -0.002009
-0.010430 -0.003635 0.869145 0.280103
-0.003639 -0.002009 0.280103 0.136226
12.955637 1.935167 11.031930 2.222854
0.800990 0.236862 -0.008584 -0.002767
0.236862 0.107994 -0.002763 -0.001422
-0.008584 -0.002763 0.803566 0.237234
-0.002767 -0.001422 0.237234 0.108091
13.841918 1.913043 11.456946 2.034908
0.746730 0.204762 -0.007066 -0.002126
0.204762 0.089042 -0.002123 -0.001030
-0.007066 -0.002123 0.748690 0.205023
-0.002126 -0.001030 0.205023 0.089128
14.383521 1.806445 11.966677 1.904568
0.700743 0.180214 -0.005897 -0.001669
0.180214 0.075958 -0.001666 -0.000765
-0.005897 -0.001666 0.702441 0.180455
-0.001669 -0.000765 0.180455 0.076047
14.501297 1.614953 13.251209 1.985616
0.661731 0.161282 -0.004995 -0.001336
0.161282 0.066782 -0.001334 -0.000580
-0.004995 -0.001334 0.663254 0.161511
-0.001336 -0.000580 0.161511 0.066871
14.159579 1.346868 14.878786 2.133702
0.628727 0.146623 -0.004250 -0.001078
0.146623 0.060285 -0.001076 -0.000446
-0.004250 -0.001076 0.629893 0.146791
-0.001078 -0.000446 0.146791 0.060357
13.740055 1.100889 15.495274 2.032491
0.600864 0.135253 -0.003620 -0.000873
0.135253 0.055659 -0.000872 -0.000345
-0.003620 -0.000872 0.601492 0.135318
-0.000873 -0.000345 0.135318 0.055705
14.991482 1.254362 17.008433 2.141220
0.577329 0.126423 -0.003143 -0.000722
0.126423 0.052358 -0.000720 -0.000272
-0.003143 -0.000720 0.577466 0.126402
-0.000722 -0.000272 0.126402 0.052384
15.188326 1.162053 18.187916 2.164577
0.557466 0.119577 -0.002626 -0.000574
0.119577 0.050006 -0.000573 -0.000211
-0.002626 -0.000573 0.557310 0.119516
-0.000574 -0.000211 0.119516 0.050022
15.708400 1.149160 18.446563 1.990501
0.540863 0.114316 -0.002167 -0.000452
0.114316 0.048345 -0.000451 -0.000163
-0.002167 -0.000451 0.540462 0.114226
-0.000452 -0.000163 0.114226 0.048354
16.404570 1.174632 20.131236 2.134811
0.527057 0.110308 -0.001797 -0.000358
0.110308 0.047186 -0.000357 -0.000127
-0.001797 -0.000357 0.526535 0.110211
-0.000358 -0.000127 0.110211 0.047191
17.690302 1.319931 20.956462 2.084446
0.515707 0.107298 -0.001428 -0.000271
0.107298 0.046391 -0.000270 -0.000097
-0.001428 -0.000270 0.515116 0.107202
-0.000271 -0.000097 0.107202 0.046394
17.714634 1.188052 21.848717 2.053283
0.506449 0.105069 -0.001110 -0.000200
0.105069 0.045857 -0.000200 -0.000074
-0.001110 -0.000200 0.505897 0.104993
-0.000200 -0.000074 0.104993 0.045862
18.815260 1.293062 22.523956 1.980427
0.499033 0.103463 -0.000841 -0.000144
0.103463 0.045511 -0.000143 -0.000057
-0.000841 -0.000143 0.498515 0.103401
-0.000144 -0.000057 0.103401 0.045516
19.835597 1.370596 22.950313 1.863390
0.493148 0.102331 -0.000624 -0.000101
0.102331 0.045295 -0.000101 -0.000043
-0.000624 -0.000101 0.492723 0.102291
-0.000101 -0.000043 0.102291 0.045302
20.408045 1.347128 23.705339 1.826641
0.488562 0.101562 -0.000459 -0.000071
0.101562 0.045167 -0.000071 -0.000034
-0.000459 -0.000071 0.488249 0.101545
-0.000071 -0.000034 0.101545 0.045176
20.992350 1.328539 24.841264 1.873039
0.485054 0.101064 -0.000331 -0.000049
0.101064 0.045098 -0.000049 -0.000027
-0.000331 -0.000049 0.484857 0.101068
-0.000049 -0.000027 0.101068 0.045107
21.627504 1.322468 26.105397 1.941492
0.482414 0.100760 -0.000235 -0.000034
0.100760 0.045063 -0.000034 -0.000022
-0.000235 -0.000034 0.482352 0.100787
-0.000034 -0.000022 0.100787 0.045075
22.744249 1.417838 27.168889 1.960926
0.480456 0.100591 -0.000173 -0.000026
0.100591 0.045049 -0.000026 -0.000018
-0.000173 -0.000026 0.480563 0.100644
-0.000026 -0.000018 0.100644 0.045063
23.496093 1.426846 28.297818 1.992084
0.479034 0.100510 -0.000166 -0.000029
0.100510 0.045044 -0.000029 -0.000017
-0.000166 -0.000029 0.479331 0.100594
-0.000029 -0.000017 0.100594 0.045062
23.934652 1.369067 29.335865 2.000912
0.478014 0.100485 -0.000201 -0.000039
0.100485 0.045041 -0.000039 -0.000017
-0.000201 -0.000039 0.478530 0.100602
-0.000039 -0.000017 0.100602 0.045064
24.457291 1.334976 29.487076 1.822120
0.477289 0.100488 -0.000261 -0.000052
0.100488 0.045037 -0.000052 -0.000019
-0.000261 -0.000052 0.478052 0.100644
-0.000052 -0.000019 0.100644 0.045066
25.378403 1.388443 30.710783 1.888015
0.476820 0.100514 -0.000333 -0.000065
0.100514 0.045032 -0.000065 -0.000020
-0.000333 -0.000065 0.477763 0.100693
-0.000065 -0.000020 0.100693 0.045064
25.289786 1.223265 31.647577 1.886481
0.476483 0.100537 -0.000462 -0.000089
0.100537 0.045022 -0.000089 -0.000023
-0.000462 -0.000089 0.477653 0.100748
-0.000089 -0.000023 0.100748 0.045059
25.596933 1.158977 32.634151 1.895617
0.476218 0.100550 -0.000572 -0.000107
0.100550 0.045008 -0.000107 -0.000025
-0.000572 -0.000107 0.477674 0.100806
-0.000107 -0.000025 0.100806 0.045053
25.855804 1.091267 34.023483 1.988809
0.475995 0.100551 -0.000695 -0.000127
0.100551 0.044991 -0.000127 -0.000028
-0.000695 -0.000127 0.477782 0.100860
-0.000127 -0.000028 0.100860 0.045045
26.248462 1.058935 34.925226 1.969237
0.475750 0.100532 -0.000837 -0.000149
0.100532 0.044969 -0.000149 -0.000031
-0.000837 -0.000149 0.477984 0.100915
-0.000149 -0.000031 0.100915 0.045038
27.186519 1.145328 36.342565 2.060625
0.475515 0.100504 -0.000996 -0.000173
0.100504 0.044946 -0.000173 -0.000034
-0.000996 -0.000173 0.478212 0.100962
-0.000173 -0.000034 0.100962 0.045030
27.798952 1.153708 37.104137 2.003899
0.475245 0.100462 -0.001242 -0.000215
0.100462 0.044923 -0.000215 -0.000042
-0.001242 -0.000215 0.478488 0.101007
-0.000215 -0.000042 0.101007 0.045023
27.981601 1.070347 37.928215 1.966309
0.474991 0.100418 -0.001511 -0.000260
0.100418 0.044901 -0.000260 -0.000050
-0.001511 -0.000260 0.478744 0.101041
-0.000260 -0.000050 0.101041 0.045015
28.570657 1.081710 38.724521 1.926892
0.474723 0.100369 -0.001760 -0.000297
0.100369 0.044879 -0.000297 -0.000056
-0.001760 -0.000297 0.479007 0.101071
-0.000297 -0.000056 0.101071 0.045008
28.874775 1.031623 39.528931 1.893299
0.474459 0.100320 -0.002038 -0.000340
0.100320 0.044860 -0.000340 -0.000064
-0.002038 -0.000340 0.479254 0.101096
-0.000340 -0.000064 0.101096 0.045003
29.833729 1.125371 40.661858 1.932683
0.474181 0.100269 -0.002309 -0.000379
0.100269 0.044842 -0.000379 -0.000071
-0.002309 -0.000379 0.479503 0.101120
-0.000379 -0.000071 0.101120 0.044999
31.089233 1.271852 41.506992 1.907313
0.473885 0.100214 -0.002674 -0.000438
0.100214 0.044824 -0.000438 -0.000082
-0.002674 -0.000438 0.479767 0.101146
-0.000438 -0.000082 0.101146 0.044997
31.867289 1.301762 41.975768 1.805161
0.473628 0.100169 -0.003149 -0.000517
0.100169 0.044810 -0.000517 -0.000098
-0.003149 -0.000517 0.479988 0.101165
-0.000517 -0.000098 0.101165 0.044996
32.677071 1.335286 42.641587 1.755330
0.473427 0.100136 -0.003633 -0.000594
0.100136 0.044800 -0.000595 -0.000112
-0.003633 -0.000595 0.480152 0.101172
-0.000594 -0.000112 0.101172 0.044993
33.794977 1.430754 44.041758 1.865592
0.473250 0.100109 -0.004143 -0.000674
0.100109 0.044791 -0.000674 -0.000127
-0.004143 -0.000674 0.480293 0.101178
-0.000674 -0.000127 0.101178 0.044992
34.257518 1.377514 45.489771 1.973985
0.473016 0.100069 -0.004775 -0.000776
0.100069 0.044780 -0.000777 -0.000147
-0.004775 -0.000777 0.480504 0.101202
-0.000776 -0.000147 0.101202 0.044996
34.659610 1.316642 46.086092 1.891556
0.472671 0.100007 -0.005424 -0.000878
0.100007 0.044765 -0.000879 -0.000166
-0.005424 -0.000879 0.480838 0.101252
-0.000878 -0.000166 0.101252 0.045005
35.357006 1.324792 46.847451 1.852754
0.472357 0.099954 -0.006011 -0.000962
0.099954 0.044753 -0.000963 -0.000182
-0.006011 -0.000963 0.481148 0.101296
-0.000962 -0.000182 0.101296 0.045014
36.004680 1.321583 47.644694 1.825561
0.472070 0.099908 -0.006611 -0.001049
0.099908 0.044743 -0.001050 -0.000198
-0.006611 -0.001050 0.481441 0.101336
-0.001049 -0.000198 0.101336 0.045022
