2.895806 2.120442 3.859984 0.651980
2.490737 0.996316 -0.101026 -0.040411
0.996316 80.402602 -0.040411 -0.016165
-0.101026 -0.040411 2.420540 0.968237
-0.040411 -0.016165 0.968237 80.391370
5.313990 4.467919 1.398107 -4.222513
2.264950 3.955298 -0.088247 -0.134846
3.955298 15.355449 -0.134336 -0.492655
-0.088247 -0.134336 2.261839 3.963623
-0.134846 -0.492655 3.963623 15.191322
8.423554 5.488105 3.113028 0.192083
1.974223 2.283244 -0.082977 -0.092192
2.283244 4.545522 -0.092007 -0.176361
-0.082977 -0.092007 2.035962 2.348091
-0.092192 -0.176361 2.348091 4.571386
9.492438 4.074612 5.214933 1.873126
1.691293 1.428874 -0.054151 -0.044338
1.428874 1.907569 -0.044182 -0.064291
-0.054151 -0.044182 1.740744 1.459743
-0.044338 -0.064291 1.459743 1.913693
8.054309 1.772012 2.807788 -0.322917
1.467306 0.972326 -0.039065 -0.026182
0.972326 0.977167 -0.026076 -0.030778
-0.039065 -0.026076 1.497348 0.983967
-0.026182 -0.030778 0.983967 0.976434
9.812471 2.246183 4.001027 0.408620
1.286371 0.700689 -0.039701 -0.022500
0.700689 0.567395 -0.022474 -0.019896
-0.039701 -0.022474 1.313870 0.710207
-0.022500 -0.019896 0.710207 0.568878
8.601670 1.164648 6.237081 1.344164
1.143582 0.529348 -0.033751 -0.016361
0.529348 0.361184 -0.016342 -0.012167
-0.033751 -0.016342 1.168020 0.536860
-0.016361 -0.012167 0.536860 0.362888
8.753723 0.991152 6.901907 1.341539
1.032625 0.416406 -0.029553 -0.012515
0.416406 0.247312 -0.012497 -0.007997
-0.029553 -0.012497 1.047298 0.419587
-0.012515 -0.007997 0.419587 0.247709
9.408023 1.047408 8.842121 1.793592
0.941046 0.337065 -0.026045 -0.009788
0.337065 0.179154 -0.009773 -0.005491
-0.026045 -0.009773 0.950145 0.338429
-0.009788 -0.005491 0.338429 0.179240
10.236529 1.146310 8.793881 1.489304
0.865315 0.279797 -0.022042 -0.007461
0.279797 0.136267 -0.007447 -0.003796
-0.022042 -0.007447 0.869975 0.280010
-0.007461 -0.003796 0.280010 0.136190
10.707017 1.116035 9.127618 1.368140
0.801018 0.237115 -0.019038 -0.005873
0.237115 0.108094 -0.005862 -0.002733
-0.019038 -0.005862 0.804291 0.237226
-0.005873 -0.002733 0.237226 0.108117
11.866390 1.280813 11.065395 1.711092
0.746698 0.204907 -0.016659 -0.004725
0.204907 0.089081 -0.004716 -0.002026
-0.016659 -0.004716 0.749361 0.205072
-0.004725 -0.002026 0.205072 0.089181
12.648544 1.317270 12.084290 1.753019
0.700945 0.180361 -0.014008 -0.003682
0.180361 0.075982 -0.003674 -0.001490
-0.014008 -0.003674 0.702727 0.180447
-0.003682 -0.001490 0.180447 0.076087
13.027432 1.249061 13.189195 1.808631
0.662092 0.161424 -0.011743 -0.002881
0.161424 0.066798 -0.002875 -0.001112
-0.011743 -0.002875 0.663263 0.161471
-0.002881 -0.001112 0.161471 0.066901
13.980655 1.325722 14.005244 1.788077
0.629181 0.146753 -0.009867 -0.002273
0.146753 0.060294 -0.002268 -0.000843
-0.009867 -0.002268 0.629721 0.146736
-0.002273 -0.000843 0.146736 0.060382
13.813795 1.138951 14.908409 1.790043
0.601165 0.135323 -0.008242 -0.001791
0.135323 0.055654 -0.001787 -0.000644
-0.008242 -0.001787 0.601405 0.135304
-0.001791 -0.000644 0.135304 0.055737
14.703533 1.209059 15.691705 1.765634
0.577591 0.126470 -0.006968 -0.001434
0.126470 0.052349 -0.001432 -0.000502
-0.006968 -0.001432 0.577371 0.126398
-0.001434 -0.000502 0.126398 0.052412
15.630835 1.278242 16.371441 1.722138
0.557671 0.119603 -0.005836 -0.001140
0.119603 0.049994 -0.001138 -0.000392
-0.005836 -0.001138 0.557236 0.119524
-0.001140 -0.000392 0.119524 0.050049
16.880608 1.407416 17.793007 1.840768
0.540952 0.114313 -0.004844 -0.000899
0.114313 0.048330 -0.000898 -0.000307
-0.004844 -0.000898 0.540476 0.114256
-0.000899 -0.000307 0.114256 0.048381
17.593045 1.409176 18.446254 1.784841
0.527068 0.110288 -0.003894 -0.000685
0.110288 0.047170 -0.000684 -0.000237
-0.003894 -0.000684 0.526602 0.110251
-0.000685 -0.000237 0.110251 0.047216
17.733521 1.291843 19.399739 1.797412
0.515650 0.107266 -0.003107 -0.000518
0.107266 0.046375 -0.000517 -0.000185
-0.003107 -0.000517 0.515234 0.107249
-0.000518 -0.000185 0.107249 0.046417
18.229524 1.260860 20.779551 1.897243
0.506413 0.105046 -0.002456 -0.000389
0.105046 0.045845 -0.000389 -0.000145
-0.002456 -0.000389 0.505982 0.105030
-0.000389 -0.000145 0.105030 0.045879
19.127781 1.316274 21.235145 1.795023
0.499016 0.103447 -0.001883 -0.000282
0.103447 0.045503 -0.000281 -0.000114
-0.001883 -0.000281 0.498570 0.103428
-0.000282 -0.000114 0.103428 0.045529
19.810733 1.321510 22.590803 1.890152
0.493144 0.102320 -0.001426 -0.000202
0.102320 0.045289 -0.000202 -0.000090
-0.001426 -0.000202 0.492758 0.102311
-0.000202 -0.000090 0.102311 0.045311
20.395672 1.305751 23.539899 1.890976
0.488563 0.101554 -0.001043 -0.000140
0.101554 0.045163 -0.000140 -0.000072
-0.001043 -0.000140 0.488272 0.101560
-0.000140 -0.000072 0.101560 0.045182
20.369371 1.164266 24.618272 1.918594
0.485045 0.101055 -0.000744 -0.000095
0.101055 0.045094 -0.000095 -0.000058
-0.000744 -0.000095 0.484886 0.101082
-0.000095 -0.000058 0.101082 0.045113
20.832032 1.139364 26.132012 2.034440
0.482390 0.100750 -0.000498 -0.000060
0.100750 0.045060 -0.000060 -0.000047
-0.000498 -0.000060 0.482393 0.100801
-0.000060 -0.000047 0.100801 0.045079
21.040119 1.063655 27.045526 2.012699
0.480374 0.100570 -0.000311 -0.000036
0.100570 0.045044 -0.000036 -0.000038
-0.000311 -0.000036 0.480659 0.100669
-0.000036 -0.000038 0.100669 0.045069
21.863458 1.124814 27.899092 1.980644
0.478882 0.100477 -0.000171 -0.000020
0.100477 0.045037 -0.000020 -0.000032
-0.000171 -0.000020 0.479495 0.100630
-0.000020 -0.000032 0.100630 0.045069
22.558855 1.152776 29.403459 2.088712
0.477781 0.100438 -0.000125 -0.000021
0.100438 0.045032 -0.000021 -0.000029
-0.000125 -0.000021 0.478773 0.100651
-0.000021 -0.000029 0.100651 0.045074
22.822439 1.086913 30.636181 2.128368
0.476905 0.100414 -0.000160 -0.000037
0.100414 0.045023 -0.000037 -0.000029
-0.000160 -0.000037 0.478446 0.100721
-0.000037 -0.000029 0.100721 0.045081
23.333340 1.080048 31.787670 2.146766
0.476191 0.100394 -0.000228 -0.000055
0.100394 0.045009 -0.000055 -0.000029
-0.000228 -0.000055 0.478403 0.100814
-0.000055 -0.000029 0.100814 0.045087
24.222639 1.153762 32.787633 2.131279
0.475583 0.100370 -0.000358 -0.000082
0.100370 0.044991 -0.000082 -0.000032
-0.000358 -0.000082 0.478565 0.100918
-0.000082 -0.000032 0.100918 0.045091
25.060592 1.208906 33.767152 2.113109
0.475063 0.100342 -0.000601 -0.000129
0.100342 0.044969 -0.000130 -0.000038
-0.000601 -0.000130 0.478847 0.101017
-0.000129 -0.000038 0.101017 0.045093
26.059063 1.292184 34.944556 2.138613
0.474596 0.100306 -0.000943 -0.000193
0.100306 0.044946 -0.000193 -0.000048
-0.000943 -0.000193 0.479205 0.101109
-0.000193 -0.000048 0.101109 0.045091
26.158996 1.176685 35.753333 2.083621
0.474134 0.100257 -0.001418 -0.000279
0.100257 0.044919 -0.000279 -0.000062
-0.001418 -0.000279 0.479635 0.101196
-0.000279 -0.000062 0.101196 0.045089
26.457108 1.115238 36.183100 1.954486
0.473674 0.100198 -0.001832 -0.000345
0.100198 0.044891 -0.000345 -0.000072
-0.001832 -0.000345 0.480102 0.101276
-0.000345 -0.000072 0.101276 0.045086
27.010826 1.114405 37.108245 1.943499
0.473285 0.100147 -0.002211 -0.000400
0.100147 0.044866 -0.000400 -0.000079
-0.002211 -0.000400 0.480509 0.101333
-0.000400 -0.000079 0.101333 0.045081
27.510036 1.102080 37.825587 1.889855
0.472869 0.100083 -0.002645 -0.000464
0.100083 0.044840 -0.000465 -0.000089
-0.002645 -0.000465 0.480945 0.101389
-0.000464 -0.000089 0.101389 0.045077
28.292234 1.150998 38.701888 1.875453
0.472459 0.100018 -0.003104 -0.000532
0.100018 0.044815 -0.000533 -0.000100
-0.003104 -0.000533 0.481368 0.101438
-0.000532 -0.000100 0.101438 0.045075
29.042801 1.188182 39.995599 1.950496
0.472042 0.099949 -0.003666 -0.000619
0.099949 0.044792 -0.000620 -0.000116
-0.003666 -0.000620 0.481793 0.101486
-0.000619 -0.000116 0.101486 0.045074
30.164266 1.299822 40.850506 1.925367
0.471522 0.099857 -0.004351 -0.000729
0.099857 0.044764 -0.000730 -0.000136
-0.004351 -0.000730 0.482323 0.101556
-0.000729 -0.000136 0.101556 0.045080
30.813656 1.299680 41.747383 1.911516
0.471054 0.099779 -0.005201 -0.000869
0.099779 0.044742 -0.000871 -0.000163
-0.005201 -0.000871 0.482802 0.101612
-0.000869 -0.000163 0.101612 0.045085
31.678893 1.345497 43.015095 1.977269
0.470574 0.099699 -0.006084 -0.001009
0.099699 0.044720 -0.001011 -0.000189
-0.006084 -0.001011 0.483300 0.101673
-0.001009 -0.000189 0.101673 0.045092
32.019321 1.275076 44.013303 1.979055
0.470015 0.099605 -0.007100 -0.001171
0.099605 0.044696 -0.001174 -0.000219
-0.007100 -0.001174 0.483895 0.101755
-0.001171 -0.000219 0.101755 0.045105
33.011074 1.350057 44.869144 1.951239
0.469392 0.099499 -0.008059 -0.001315
0.099499 0.044672 -0.001318 -0.000246
-0.008059 -0.001318 0.484569 0.101852
-0.001315 -0.000246 0.101852 0.045122
33.848018 1.384076 45.507218 1.880469
0.468845 0.099413 -0.009146 -0.001481
0.099413 0.044652 -0.001484 -0.000277
-0.009146 -0.001484 0.485186 0.101935
-0.001481 -0.000277 0.101935 0.045137
34.244063 1.321440 46.589084 1.909894
0.468405 0.099351 -0.010270 -0.001651
0.099351 0.044637 -0.001654 -0.000309
-0.010270 -0.001654 0.485712 0.101998
-0.001651 -0.000309 0.101998 0.045147
35.069008 1.355876 47.208346 1.839626
0.467856 0.099265 -0.011361 -0.001808
0.099265 0.044618 -0.001812 -0.000339
-0.011361 -0.001812 0.486371 0.102092
-0.001808 -0.000339 0.102092 0.045166
35.748307 1.355750 47.828696 1.776787
0.467424 0.099206 -0.012497 -0.001973
0.099206 0.044604 -0.001978 -0.000371
-0.012497 -0.001978 0.486931 0.102163
-0.001973 -0.000371 0.102163 0.045179
