5.046463 2.980723 3.831673 0.640655
2.470482 0.988214 -0.052654 -0.021062
0.988214 80.399361 -0.021062 -0.008425
-0.052654 -0.021062 2.434012 0.973626
-0.021062 -0.008425 0.973626 80.393525
5.811857 1.710325 3.517808 -0.473455
2.255402 3.943070 -0.039813 -0.059439
3.943070 15.284721 -0.059266 -0.237963
-0.039813 -0.059266 2.265854 3.968506
-0.059439 -0.237963 3.968506 15.236350
4.757188 -0.497818 3.860199 0.193815
1.995237 2.307184 -0.038152 -0.043096
2.307184 4.559394 -0.043074 -0.086294
-0.038152 -0.043074 2.008612 2.317397
-0.043096 -0.086294 2.317397 4.545631
6.254690 0.974405 4.117689 0.328837
1.712894 1.443952 -0.035731 -0.029979
1.443952 1.913882 -0.029980 -0.039121
-0.035731 -0.029980 1.716431 1.442644
-0.029979 -0.039121 1.442644 1.904077
7.565713 1.518736 4.579742 0.525038
1.479289 0.977372 -0.029013 -0.019034
0.977372 0.977530 -0.019032 -0.019098
-0.029013 -0.019032 1.484051 0.978043
-0.019034 -0.019098 0.978043 0.974637
7.780555 1.223007 6.050284 1.179718
1.296147 0.704045 -0.023262 -0.012586
0.704045 0.567896 -0.012582 -0.010440
-0.023262 -0.012582 1.302139 0.705696
-0.012586 -0.010440 0.705696 0.567257
8.910937 1.462569 6.980211 1.336372
1.152961 0.532329 -0.018972 -0.008789
0.532329 0.361936 -0.008785 -0.006266
-0.018972 -0.008785 1.156968 0.533036
-0.008789 -0.006266 0.533036 0.361461
9.959750 1.590340 7.166651 1.142917
1.037699 0.417458 -0.015441 -0.006286
0.417458 0.247419 -0.006282 -0.003979
-0.015441 -0.006282 1.040839 0.417915
-0.006286 -0.003979 0.417915 0.247170
11.055539 1.697861 7.103062 0.916271
0.943384 0.337220 -0.012869 -0.004697
0.337220 0.179070 -0.004694 -0.002679
-0.012869 -0.004694 0.946633 0.337802
-0.004697 -0.002679 0.337802 0.179035
11.534965 1.578486 8.362882 1.174718
0.865284 0.279340 -0.010917 -0.003622
0.279340 0.136076 -0.003620 -0.001884
-0.010917 -0.003620 0.869114 0.280139
-0.003622 -0.001884 0.280139 0.136191
11.863393 1.442079 10.403839 1.603933
0.800538 0.236706 -0.009265 -0.002826
0.236706 0.107982 -0.002824 -0.001358
-0.009265 -0.002824 0.804046 0.237389
-0.002826 -0.001358 0.237389 0.108096
12.567497 1.437411 11.476185 1.677972
0.746469 0.204694 -0.007763 -0.002197
0.204694 0.089056 -0.002195 -0.000991
-0.007763 -0.002195 0.748975 0.205089
-0.002197 -0.000991 0.205089 0.089109
12.455073 1.223658 12.115145 1.626653
0.700723 0.180226 -0.006505 -0.001722
0.180226 0.075989 -0.001720 -0.000737
-0.006505 -0.001720 0.702476 0.180441
-0.001722 -0.000737 0.180441 0.076012
13.409236 1.307114 12.721804 1.576318
0.661950 0.161355 -0.005594 -0.001393
0.161355 0.066823 -0.001392 -0.000565
-0.005594 -0.001392 0.663048 0.161436
-0.001393 -0.000565 0.161436 0.066827
13.980366 1.287904 12.409469 1.319898
0.628934 0.146689 -0.004788 -0.001127
0.146689 0.060318 -0.001126 -0.000436
-0.004788 -0.001126 0.629696 0.146723
-0.001127 -0.000436 0.146723 0.060322
14.126781 1.175908 13.695081 1.460629
0.600824 0.135259 -0.004186 -0.000934
0.135259 0.055674 -0.000933 -0.000344
-0.004186 -0.000933 0.601541 0.135311
-0.000934 -0.000344 0.135311 0.055690
15.028073 1.244537 14.563080 1.490776
0.577152 0.126399 -0.003635 -0.000770
0.126399 0.052363 -0.000769 -0.000272
-0.003635 -0.000769 0.577650 0.126425
-0.000770 -0.000272 0.126425 0.052377
15.786589 1.273782 15.524830 1.537178
0.557212 0.119539 -0.003107 -0.000625
0.119539 0.050007 -0.000625 -0.000215
-0.003107 -0.000625 0.557570 0.119553
-0.000625 -0.000215 0.119553 0.050020
16.394313 1.267624 16.368858 1.553117
0.540543 0.114268 -0.002619 -0.000500
0.114268 0.048343 -0.000500 -0.000169
-0.002619 -0.000500 0.540786 0.114273
-0.000500 -0.000169 0.114273 0.048356
16.755598 1.210665 17.916427 1.714435
0.526723 0.110260 -0.002185 -0.000397
0.110260 0.047182 -0.000396 -0.000133
-0.002185 -0.000396 0.526870 0.110258
-0.000397 -0.000133 0.110258 0.047194
17.972692 1.337965 18.690403 1.697192
0.515410 0.107259 -0.001783 -0.000307
0.107259 0.046388 -0.000306 -0.000104
-0.001783 -0.000306 0.515415 0.107239
-0.000307 -0.000104 0.107239 0.046396
18.626206 1.334793 19.835697 1.758751
0.506198 0.105041 -0.001424 -0.000231
0.105041 0.045856 -0.000231 -0.000081
-0.001424 -0.000231 0.506148 0.105021
-0.000231 -0.000081 0.105021 0.045863
19.077357 1.289946 20.691492 1.753835
0.498819 0.103442 -0.001111 -0.000170
0.103442 0.045510 -0.000170 -0.000063
-0.001111 -0.000170 0.498728 0.103421
-0.000170 -0.000063 0.103421 0.045517
19.632811 1.271356 21.475610 1.734564
0.492993 0.102321 -0.000853 -0.000122
0.102321 0.045295 -0.000122 -0.000049
-0.000853 -0.000122 0.492877 0.102301
-0.000122 -0.000049 0.102301 0.045301
19.855455 1.185492 22.479045 1.762836
0.488464 0.101561 -0.000641 -0.000086
0.101561 0.045168 -0.000086 -0.000039
-0.000641 -0.000086 0.488346 0.101546
-0.000086 -0.000039 0.101546 0.045174
20.310704 1.156859 23.612946 1.815446
0.485009 0.101071 -0.000468 -0.000059
0.101071 0.045099 -0.000059 -0.000031
-0.000468 -0.000059 0.484901 0.101061
-0.000059 -0.000031 0.101061 0.045105
20.155704 1.003684 25.068524 1.929859
0.482416 0.100774 -0.000328 -0.000039
0.100774 0.045066 -0.000039 -0.000025
-0.000328 -0.000039 0.482349 0.100773
-0.000039 -0.000025 0.100773 0.045072
20.575672 0.986557 26.390074 2.004536
0.480503 0.100609 -0.000203 -0.000021
0.100609 0.045052 -0.000021 -0.000020
-0.000203 -0.000021 0.480516 0.100626
-0.000021 -0.000020 0.100626 0.045060
21.704754 1.119970 27.496771 2.026470
0.479105 0.100530 -0.000107 -0.000008
0.100530 0.045046 -0.000008 -0.000016
-0.000107 -0.000008 0.479260 0.100574
-0.000008 -0.000016 0.100574 0.045059
22.451107 1.159148 28.557115 2.036376
0.478096 0.100503 -0.000069 -0.000008
0.100503 0.045043 -0.000007 -0.000014
-0.000069 -0.000007 0.478447 0.100584
-0.000008 -0.000014 0.100584 0.045062
23.344457 1.225211 29.755371 2.074287
0.477376 0.100505 -0.000075 -0.000014
0.100505 0.045039 -0.000014 -0.000014
-0.000075 -0.000014 0.477964 0.100627
-0.000014 -0.000014 0.100627 0.045064
23.477410 1.124104 30.694462 2.053623
0.476855 0.100518 -0.000134 -0.000030
0.100518 0.045031 -0.000030 -0.000016
-0.000134 -0.000030 0.477728 0.100689
-0.000030 -0.000016 0.100689 0.045065
24.202824 1.158571 31.817770 2.073976
0.476473 0.100531 -0.000196 -0.000043
0.100531 0.045019 -0.000043 -0.000017
-0.000196 -0.000043 0.477662 0.100754
-0.000043 -0.000017 0.100754 0.045062
24.297196 1.056188 32.699277 2.041164
0.476172 0.100537 -0.000302 -0.000064
0.100537 0.045004 -0.000064 -0.000020
-0.000302 -0.000064 0.477720 0.100819
-0.000064 -0.000020 0.100819 0.045057
25.056304 1.104990 33.985271 2.097195
0.475921 0.100534 -0.000400 -0.000081
0.100534 0.044986 -0.000081 -0.000021
-0.000400 -0.000081 0.477855 0.100877
-0.000081 -0.000021 0.100877 0.045050
26.261276 1.242872 35.337021 2.161211
0.475671 0.100516 -0.000553 -0.000108
0.100516 0.044965 -0.000108 -0.000025
-0.000553 -0.000108 0.478062 0.100932
-0.000108 -0.000025 0.100932 0.045042
26.844691 1.234849 36.783948 2.238547
0.475413 0.100484 -0.000804 -0.000153
0.100484 0.044942 -0.000153 -0.000033
-0.000804 -0.000153 0.478314 0.100982
-0.000153 -0.000033 0.100982 0.045034
27.599191 1.263792 37.321586 2.115777
0.475107 0.100436 -0.001092 -0.000203
0.100436 0.044917 -0.000203 -0.000041
-0.001092 -0.000203 0.478626 0.101034
-0.000203 -0.000041 0.101034 0.045028
28.656598 1.353760 38.442319 2.129078
0.474853 0.100394 -0.001401 -0.000254
0.100394 0.044896 -0.000254 -0.000050
-0.001401 -0.000254 0.478884 0.101066
-0.000254 -0.000050 0.101066 0.045019
29.457431 1.379924 39.144084 2.052552
0.474589 0.100348 -0.001788 -0.000318
0.100348 0.044876 -0.000318 -0.000061
-0.001788 -0.000318 0.479143 0.101094
-0.000318 -0.000061 0.101094 0.045012
29.319929 1.204959 40.223848 2.063695
0.474352 0.100305 -0.002198 -0.000384
0.100305 0.044858 -0.000384 -0.000073
-0.002198 -0.000384 0.479365 0.101112
-0.000384 -0.000073 0.101112 0.045005
29.252299 1.063357 41.753839 2.168591
0.474042 0.100247 -0.002535 -0.000431
0.100247 0.044838 -0.000431 -0.000080
-0.002535 -0.000431 0.479651 0.101143
-0.000431 -0.000080 0.101143 0.045003
30.486474 1.211864 42.593978 2.117311
0.473612 0.100165 -0.002839 -0.000470
0.100165 0.044815 -0.000471 -0.000086
-0.002839 -0.000471 0.480051 0.101197
-0.000470 -0.000086 0.101197 0.045008
31.113516 1.216272 43.476570 2.080214
0.473240 0.100099 -0.003264 -0.000535
0.100099 0.044797 -0.000536 -0.000099
-0.003264 -0.000536 0.480391 0.101237
-0.000535 -0.000099 0.101237 0.045010
32.139627 1.304635 44.356595 2.046646
0.472879 0.100037 -0.003711 -0.000603
0.100037 0.044781 -0.000604 -0.000111
-0.003711 -0.000604 0.480720 0.101275
-0.000603 -0.000111 0.101275 0.045013
33.065004 1.362234 44.973504 1.961170
0.472554 0.099985 -0.004241 -0.000687
0.099985 0.044768 -0.000687 -0.000128
-0.004241 -0.000687 0.481017 0.101307
-0.000687 -0.000128 0.101307 0.045017
33.937613 1.402891 46.218242 2.016884
0.472294 0.099948 -0.004810 -0.000775
0.099948 0.044758 -0.000776 -0.000145
-0.004810 -0.000776 0.481255 0.101327
-0.000775 -0.000145 0.101327 0.045018
34.419218 1.356148 46.859999 1.939571
0.471991 0.099901 -0.005454 -0.000877
0.099901 0.044747 -0.000878 -0.000165
-0.005454 -0.000878 0.481549 0.101362
-0.000877 -0.000165 0.101362 0.045025
34.606029 1.251968 47.557717 1.881993
0.471711 0.099859 -0.006055 -0.000965
0.099859 0.044737 -0.000967 -0.000182
-0.006055 -0.000967 0.481826 0.101395
-0.000965 -0.000182 0.101395 0.045031
35.603110 1.330490 48.423407 1.866423
0.471416 0.099815 -0.006578 -0.001036
0.099815 0.044726 -0.001037 -0.000195
-0.006578 -0.001037 0.482125 0.101434
-0.001036 -0.000195 0.101434 0.045039
