4.862721 2.907225 -0.129262 -0.943753
2.470482 0.988214 -0.052654 -0.021062
0.988214 80.399361 -0.021062 -0.008425
-0.052654 -0.021062 2.434012 0.973626
-0.021062 -0.008425 0.973626 80.393525
5.320680 1.182450 2.901053 5.185860
2.243367 3.921979 -0.050293 -0.077849
3.921979 15.247764 -0.077527 -0.270046
-0.050293 -0.077527 2.278981 3.991450
-0.077849 -0.270046 3.991450 15.276454
4.705594 -0.217186 2.878665 2.169552
1.998916 2.313331 -0.037350 -0.040555
2.313331 4.566577 -0.040505 -0.083271
-0.037350 -0.040505 2.004857 2.311047
-0.040555 -0.083271 2.311047 4.538206
7.512428 2.240227 2.715824 1.121348
1.713923 1.444801 -0.035192 -0.029339
1.444801 1.913604 -0.029333 -0.039329
-0.035192 -0.029333 1.715354 1.441736
-0.029339 -0.039329 1.441736 1.904352
7.079998 1.214632 2.402896 0.545489
1.476865 0.975574 -0.027656 -0.018224
0.975574 0.975785 -0.018218 -0.019045
-0.027656 -0.018218 1.486392 0.979787
-0.018224 -0.019045 0.979787 0.976377
6.504479 0.572125 3.524882 1.005918
1.293777 0.702690 -0.024634 -0.013496
0.702690 0.566906 -0.013494 -0.011238
-0.024634 -0.013494 1.304640 0.707130
-0.013496 -0.011238 0.707130 0.568313
6.883290 0.614933 4.172127 1.072384
1.151166 0.531492 -0.021973 -0.010260
0.531492 0.361417 -0.010259 -0.007105
-0.021973 -0.010259 1.158995 0.533985
-0.010260 -0.007105 0.533985 0.362044
7.654154 0.801218 6.614268 1.837597
1.036454 0.416965 -0.019314 -0.007847
0.416965 0.247141 -0.007846 -0.004683
-0.019314 -0.007846 1.042356 0.418516
-0.007847 -0.004683 0.418516 0.247498
9.172542 1.200766 8.064156 2.027048
0.943466 0.337258 -0.016035 -0.005771
0.337258 0.179029 -0.005769 -0.003096
-0.016035 -0.005769 0.946745 0.337830
-0.005771 -0.003096 0.337830 0.179102
10.084190 1.301238 9.522046 2.170273
0.866248 0.279640 -0.013018 -0.004223
0.279640 0.136128 -0.004221 -0.002093
-0.013018 -0.004221 0.868259 0.279871
-0.004223 -0.002093 0.279871 0.136152
9.850112 1.039698 9.794585 1.930346
0.801776 0.237037 -0.010571 -0.003138
0.237037 0.108041 -0.003136 -0.001462
-0.010571 -0.003136 0.802864 0.237072
-0.003138 -0.001462 0.237072 0.108043
10.520887 1.081076 10.511013 1.862215
0.747540 0.204936 -0.009016 -0.002480
0.204936 0.089089 -0.002478 -0.001080
-0.009016 -0.002478 0.747955 0.204859
-0.002480 -0.001080 0.204859 0.089082
11.054998 1.079430 12.269081 2.074698
0.701592 0.180391 -0.007734 -0.001985
0.180391 0.076003 -0.001984 -0.000815
-0.007734 -0.001984 0.701654 0.180287
-0.001985 -0.000815 0.180287 0.076002
12.605126 1.325622 12.847034 1.962833
0.662726 0.161485 -0.006525 -0.001571
0.161485 0.066832 -0.001570 -0.000616
-0.006525 -0.001570 0.662304 0.161313
-0.001571 -0.000616 0.161313 0.066821
13.127521 1.292882 13.772869 1.949870
0.629546 0.146774 -0.005460 -0.001240
0.146774 0.060320 -0.001239 -0.000470
-0.005460 -0.001239 0.629106 0.146643
-0.001240 -0.000470 0.146643 0.060322
13.853351 1.310736 14.610770 1.919039
0.601430 0.135341 -0.004581 -0.000986
0.135341 0.055679 -0.000985 -0.000363
-0.004581 -0.000985 0.600947 0.135231
-0.000986 -0.000363 0.135231 0.055686
14.871305 1.390115 15.596205 1.924748
0.577649 0.126457 -0.003837 -0.000785
0.126457 0.052366 -0.000785 -0.000283
-0.003837 -0.000785 0.577159 0.126368
-0.000785 -0.000283 0.126368 0.052375
15.368563 1.347689 16.480061 1.907884
0.557619 0.119580 -0.003173 -0.000619
0.119580 0.050008 -0.000618 -0.000221
-0.003173 -0.000618 0.557165 0.119513
-0.000619 -0.000221 0.119513 0.050019
16.454397 1.434755 17.478997 1.917445
0.540887 0.114299 -0.002617 -0.000487
0.114299 0.048344 -0.000487 -0.000174
-0.002617 -0.000487 0.540443 0.114243
-0.000487 -0.000174 0.114243 0.048355
17.041689 1.407519 18.327408 1.894336
0.526996 0.110280 -0.002121 -0.000377
0.110280 0.047183 -0.000377 -0.000136
-0.002121 -0.000377 0.526598 0.110238
-0.000377 -0.000136 0.110238 0.047193
17.395793 1.334789 19.376855 1.915579
0.515593 0.107266 -0.001704 -0.000290
0.107266 0.046388 -0.000290 -0.000107
-0.001704 -0.000290 0.515232 0.107233
-0.000290 -0.000107 0.107233 0.046397
17.831344 1.286723 20.607267 1.972132
0.506349 0.105047 -0.001351 -0.000220
0.105047 0.045857 -0.000220 -0.000085
-0.001351 -0.000220 0.505998 0.105016
-0.000220 -0.000085 0.105016 0.045862
18.117223 1.212618 21.701807 1.994592
0.498947 0.103447 -0.001044 -0.000162
0.103447 0.045512 -0.000162 -0.000067
-0.001044 -0.000162 0.498601 0.103417
-0.000162 -0.000067 0.103417 0.045515
18.768510 1.221913 22.292251 1.910136
0.493103 0.102326 -0.000783 -0.000116
0.102326 0.045298 -0.000116 -0.000053
-0.000783 -0.000116 0.492769 0.102296
-0.000116 -0.000053 0.102296 0.045299
19.471899 1.241147 23.480025 1.958538
0.488552 0.101566 -0.000576 -0.000081
0.101566 0.045171 -0.000081 -0.000042
-0.000576 -0.000081 0.488258 0.101542
-0.000081 -0.000042 0.101542 0.045171
20.247599 1.273467 24.399871 1.946162
0.485065 0.101072 -0.000404 -0.000055
0.101072 0.045102 -0.000055 -0.000034
-0.000404 -0.000055 0.484846 0.101060
-0.000055 -0.000034 0.101060 0.045103
21.081936 1.314736 25.236079 1.917572
0.482441 0.100771 -0.000275 -0.000036
0.100771 0.045068 -0.000036 -0.000027
-0.000275 -0.000036 0.482325 0.100777
-0.000036 -0.000027 0.100777 0.045071
21.670915 1.300425 26.497567 1.980963
0.480505 0.100605 -0.000191 -0.000026
0.100605 0.045053 -0.000026 -0.000023
-0.000191 -0.000026 0.480515 0.100631
-0.000026 -0.000023 0.100631 0.045059
22.405350 1.318091 27.100168 1.899564
0.479095 0.100525 -0.000140 -0.000022
0.100525 0.045048 -0.000022 -0.000020
-0.000140 -0.000022 0.479271 0.100579
-0.000022 -0.000020 0.100579 0.045058
23.166853 1.339629 28.010618 1.891296
0.478103 0.100504 -0.000129 -0.000025
0.100504 0.045046 -0.000025 -0.000019
-0.000129 -0.000025 0.478441 0.100583
-0.000025 -0.000019 0.100583 0.045059
23.725241 1.316170 28.907749 1.881081
0.477412 0.100513 -0.000156 -0.000033
0.100513 0.045042 -0.000033 -0.000018
-0.000156 -0.000033 0.477930 0.100620
-0.000033 -0.000018 0.100620 0.045061
24.241310 1.286233 30.183235 1.951677
0.476933 0.100534 -0.000211 -0.000046
0.100534 0.045036 -0.000046 -0.000019
-0.000211 -0.000046 0.477651 0.100672
-0.000046 -0.000019 0.100672 0.045060
24.345988 1.172629 31.398565 2.002194
0.476576 0.100552 -0.000296 -0.000063
0.100552 0.045025 -0.000063 -0.000021
-0.000296 -0.000063 0.477559 0.100734
-0.000063 -0.000021 0.100734 0.045057
24.811965 1.147221 32.363647 1.994592
0.476283 0.100558 -0.000384 -0.000078
0.100558 0.045009 -0.000078 -0.000022
-0.000384 -0.000078 0.477608 0.100797
-0.000078 -0.000022 0.100797 0.045052
25.256851 1.120031 33.409141 2.004765
0.476041 0.100556 -0.000495 -0.000097
0.100556 0.044991 -0.000097 -0.000024
-0.000495 -0.000097 0.477734 0.100855
-0.000097 -0.000024 0.100855 0.045045
25.376370 1.026963 34.755864 2.077455
0.475815 0.100541 -0.000630 -0.000119
0.100541 0.044970 -0.000119 -0.000027
-0.000630 -0.000119 0.477917 0.100906
-0.000119 -0.000027 0.100906 0.045036
26.253609 1.103822 35.348714 1.983332
0.475551 0.100507 -0.000766 -0.000139
0.100507 0.044947 -0.000140 -0.000029
-0.000766 -0.000140 0.478174 0.100958
-0.000139 -0.000029 0.100958 0.045029
26.748610 1.091776 36.091468 1.930781
0.475330 0.100475 -0.000956 -0.000171
0.100475 0.044925 -0.000171 -0.000034
-0.000956 -0.000171 0.478398 0.100993
-0.000171 -0.000034 0.100993 0.045019
27.353418 1.104283 37.637373 2.053313
0.475115 0.100440 -0.001163 -0.000204
0.100440 0.044905 -0.000204 -0.000040
-0.001163 -0.000204 0.478615 0.101019
-0.000204 -0.000040 0.101019 0.045010
27.714222 1.063856 38.880096 2.098885
0.474821 0.100384 -0.001426 -0.000247
0.100384 0.044882 -0.000247 -0.000047
-0.001426 -0.000247 0.478902 0.101056
-0.000247 -0.000047 0.101056 0.045005
28.418299 1.100215 39.666004 2.043315
0.474475 0.100318 -0.001704 -0.000291
0.100318 0.044859 -0.000291 -0.000055
-0.001704 -0.000291 0.479231 0.101098
-0.000291 -0.000055 0.101098 0.045003
29.341832 1.179255 41.137036 2.138153
0.474150 0.100257 -0.002019 -0.000341
0.100257 0.044839 -0.000341 -0.000064
-0.002019 -0.000341 0.479529 0.101130
-0.000341 -0.000064 0.101130 0.045001
29.858664 1.163766 41.769523 2.046090
0.473769 0.100186 -0.002430 -0.000409
0.100186 0.044819 -0.000409 -0.000077
-0.002430 -0.000409 0.479879 0.101173
-0.000409 -0.000077 0.101173 0.045003
30.804344 1.240618 42.456945 1.975448
0.473427 0.100127 -0.002833 -0.000472
0.100127 0.044803 -0.000472 -0.000088
-0.002833 -0.000472 0.480186 0.101206
-0.000472 -0.000088 0.101206 0.045004
31.782977 1.316431 43.501112 1.987454
0.473135 0.100080 -0.003292 -0.000544
0.100080 0.044790 -0.000544 -0.000102
-0.003292 -0.000544 0.480441 0.101229
-0.000544 -0.000102 0.101229 0.045004
32.065062 1.236936 44.705073 2.031598
0.472842 0.100033 -0.003828 -0.000630
0.100033 0.044777 -0.000630 -0.000118
-0.003828 -0.000630 0.480703 0.101255
-0.000630 -0.000118 0.101255 0.045006
33.357876 1.379614 45.700016 2.027502
0.472475 0.099971 -0.004341 -0.000707
0.099971 0.044763 -0.000708 -0.000132
-0.004341 -0.000708 0.481046 0.101300
-0.000707 -0.000132 0.101300 0.045014
34.067038 1.383796 46.883705 2.063289
0.472151 0.099920 -0.004981 -0.000809
0.099920 0.044751 -0.000810 -0.000152
-0.004981 -0.000810 0.481358 0.101339
-0.000809 -0.000152 0.101339 0.045020
34.629197 1.356020 47.378989 1.950320
0.471790 0.099862 -0.005654 -0.000914
0.099862 0.044738 -0.000915 -0.000172
-0.005654 -0.000915 0.481720 0.101389
-0.000914 -0.000172 0.101389 0.045030
35.000357 1.291085 48.399851 1.959731
0.471495 0.099820 -0.006281 -0.001005
0.099820 0.044728 -0.001006 -0.000189
-0.006281 -0.001006 0.482022 0.101426
-0.001005 -0.000189 0.101426 0.045037
