4.745964 2.860521 1.579319 -0.260306
2.490737 0.996316 -0.101026 -0.040411
0.996316 80.402602 -0.040411 -0.016165
-0.101026 -0.040411 2.420540 0.968237
-0.040411 -0.016165 0.968237 80.391370
2.788126 -3.053214 1.915196 0.526860
2.241493 3.914319 -0.089072 -0.136497
3.914319 15.283862 -0.135567 -0.495171
-0.089072 -0.135567 2.285858 4.005713
-0.136497 -0.495171 4.005713 15.265081
3.993938 0.116962 4.468980 3.169151
2.007345 2.325231 -0.099595 -0.111129
2.325231 4.594171 -0.111205 -0.198379
-0.099595 -0.111205 2.004953 2.308619
-0.111129 -0.198379 2.308619 4.525624
5.427203 1.273070 3.926558 1.384975
1.723828 1.454034 -0.070575 -0.056649
1.454034 1.925738 -0.056635 -0.074068
-0.070575 -0.056635 1.709901 1.435879
-0.056649 -0.074068 1.435879 1.896551
6.765650 1.737490 5.462214 1.941002
1.483791 0.980416 -0.056682 -0.036399
0.980416 0.980755 -0.036378 -0.037238
-0.056682 -0.036378 1.482747 0.976970
-0.036399 -0.037238 0.976970 0.973547
7.121430 1.458411 4.607553 0.951877
1.299349 0.705842 -0.044064 -0.023657
0.705842 0.569534 -0.023639 -0.020376
-0.044064 -0.023639 1.301082 0.705036
-0.023657 -0.020376 0.705036 0.566739
9.841058 2.377564 4.471014 0.669438
1.152896 0.532363 -0.038290 -0.017803
0.532363 0.362356 -0.017793 -0.012924
-0.038290 -0.017793 1.158960 0.533917
-0.017803 -0.012924 0.533917 0.361787
11.145453 2.423709 6.558694 1.373098
1.033766 0.416000 -0.031383 -0.012861
0.416000 0.247119 -0.012854 -0.008272
-0.031383 -0.012854 1.046289 0.420019
-0.012861 -0.008272 0.420019 0.247944
10.899232 1.902178 7.280190 1.386026
0.939334 0.335986 -0.024981 -0.009208
0.335986 0.178856 -0.009201 -0.005428
-0.024981 -0.009201 0.951748 0.339456
-0.009208 -0.005428 0.339456 0.179547
11.766421 1.874882 8.553137 1.572843
0.862314 0.278630 -0.021115 -0.007111
0.278630 0.136023 -0.007104 -0.003825
-0.021115 -0.007104 0.872922 0.281161
-0.007111 -0.003825 0.281161 0.136452
11.530096 1.526948 10.980692 2.057374
0.798282 0.236279 -0.017717 -0.005509
0.236279 0.107987 -0.005502 -0.002749
-0.017717 -0.005502 0.806945 0.238046
-0.005509 -0.002749 0.238046 0.108238
12.126690 1.481066 12.260544 2.126142
0.745302 0.204592 -0.014831 -0.004298
0.204592 0.089123 -0.004290 -0.002014
-0.014831 -0.004290 0.750625 0.205362
-0.004298 -0.002014 0.205362 0.089147
12.450957 1.373906 13.282357 2.115667
0.700315 0.180303 -0.012404 -0.003376
0.180303 0.076075 -0.003369 -0.001499
-0.012404 -0.003369 0.703253 0.180493
-0.003376 -0.001499 0.180493 0.076004
12.358834 1.183914 13.930845 2.016242
0.662041 0.161521 -0.010460 -0.002689
0.161521 0.066908 -0.002683 -0.001137
-0.010460 -0.002683 0.663242 0.161370
-0.002689 -0.001137 0.161370 0.066801
13.004993 1.196641 14.393109 1.889117
0.629495 0.146927 -0.008999 -0.002193
0.146927 0.060401 -0.002188 -0.000882
-0.008999 -0.002188 0.629371 0.146567
-0.002193 -0.000882 0.146567 0.060284
13.638670 1.204591 15.521919 1.930544
0.601690 0.135526 -0.007775 -0.001800
0.135526 0.055749 -0.001796 -0.000691
-0.007775 -0.001796 0.600871 0.135111
-0.001800 -0.000691 0.135111 0.055649
14.515126 1.264647 17.133247 2.071911
0.578130 0.126654 -0.006623 -0.001459
0.126654 0.052425 -0.001456 -0.000540
-0.006623 -0.001456 0.576832 0.126224
-0.001459 -0.000540 0.126224 0.052342
15.113832 1.257451 18.496387 2.142065
0.558268 0.119779 -0.005475 -0.001149
0.119779 0.050058 -0.001146 -0.000418
-0.005475 -0.001146 0.556642 0.119356
-0.001149 -0.000418 0.119356 0.049990
15.697653 1.247869 18.637194 1.945458
0.541632 0.114490 -0.004433 -0.000887
0.114490 0.048385 -0.000885 -0.000321
-0.004433 -0.000885 0.539798 0.114086
-0.000887 -0.000321 0.114086 0.048329
16.621600 1.310614 19.278426 1.876099
0.527755 0.110449 -0.003622 -0.000693
0.110449 0.047215 -0.000691 -0.000251
-0.003622 -0.000691 0.525922 0.110097
-0.000693 -0.000251 0.110097 0.047174
17.953028 1.451246 20.077118 1.847187
0.516292 0.107403 -0.002923 -0.000535
0.107403 0.046410 -0.000533 -0.000196
-0.002923 -0.000533 0.514602 0.107118
-0.000535 -0.000196 0.107118 0.046384
18.412158 1.395953 20.889379 1.824035
0.506914 0.105143 -0.002307 -0.000403
0.105143 0.045869 -0.000402 -0.000152
-0.002307 -0.000402 0.505490 0.104938
-0.000403 -0.000152 0.104938 0.045857
19.309778 1.437292 21.511094 1.763832
0.499392 0.103512 -0.001791 -0.000299
0.103512 0.045518 -0.000298 -0.000119
-0.001791 -0.000298 0.498203 0.103367
-0.000299 -0.000119 0.103367 0.045515
19.770563 1.383837 22.683376 1.824096
0.493424 0.102362 -0.001369 -0.000218
0.102362 0.045299 -0.000218 -0.000093
-0.001369 -0.000218 0.492487 0.102272
-0.000218 -0.000093 0.102272 0.045302
20.762418 1.446187 23.719672 1.849979
0.488772 0.101580 -0.001015 -0.000155
0.101580 0.045169 -0.000154 -0.000073
-0.001015 -0.000154 0.488071 0.101536
-0.000155 -0.000073 0.101536 0.045177
21.273198 1.401977 24.830339 1.888673
0.485189 0.101069 -0.000745 -0.000110
0.101069 0.045098 -0.000110 -0.000058
-0.000745 -0.000110 0.484749 0.101070
-0.000110 -0.000058 0.101070 0.045109
22.148524 1.438381 25.740175 1.881475
0.482473 0.100754 -0.000545 -0.000079
0.100754 0.045062 -0.000079 -0.000048
-0.000545 -0.000079 0.482315 0.100799
-0.000079 -0.000048 0.100799 0.045078
22.180510 1.294550 27.166161 1.983081
0.480450 0.100575 -0.000434 -0.000067
0.100575 0.045046 -0.000066 -0.000041
-0.000434 -0.000066 0.480588 0.100665
-0.000067 -0.000041 0.100665 0.045067
22.356849 1.195730 27.592588 1.864457
0.478923 0.100477 -0.000356 -0.000059
0.100477 0.045038 -0.000058 -0.000036
-0.000356 -0.000058 0.479457 0.100631
-0.000059 -0.000036 0.100631 0.045068
22.594543 1.120020 28.484945 1.856067
0.477836 0.100443 -0.000309 -0.000055
0.100443 0.045035 -0.000055 -0.000032
-0.000309 -0.000055 0.478721 0.100647
-0.000055 -0.000032 0.100647 0.045071
23.450499 1.182336 29.974478 1.974281
0.477035 0.100436 -0.000297 -0.000057
0.100436 0.045029 -0.000056 -0.000029
-0.000297 -0.000056 0.478317 0.100698
-0.000057 -0.000029 0.100698 0.045074
24.025323 1.178896 31.626913 2.114486
0.476378 0.100428 -0.000391 -0.000078
0.100428 0.045018 -0.000078 -0.000031
-0.000391 -0.000078 0.478216 0.100780
-0.000078 -0.000031 0.100780 0.045079
24.191078 1.089484 32.641570 2.105500
0.475766 0.100401 -0.000567 -0.000114
0.100401 0.044998 -0.000114 -0.000035
-0.000567 -0.000114 0.478382 0.100886
-0.000114 -0.000035 0.100886 0.045084
25.242888 1.196572 33.509179 2.066452
0.475223 0.100367 -0.000746 -0.000146
0.100367 0.044975 -0.000146 -0.000039
-0.000746 -0.000146 0.478685 0.100992
-0.000146 -0.000039 0.100992 0.045087
26.359967 1.306190 34.080404 1.968986
0.474765 0.100333 -0.001064 -0.000205
0.100333 0.044951 -0.000205 -0.000048
-0.001064 -0.000205 0.479034 0.101082
-0.000205 -0.000048 0.101082 0.045085
27.613618 1.433145 34.761011 1.904906
0.474420 0.100308 -0.001505 -0.000284
0.100308 0.044930 -0.000284 -0.000062
-0.001505 -0.000284 0.479344 0.101144
-0.000284 -0.000062 0.101144 0.045078
28.251876 1.416529 35.251184 1.807368
0.474162 0.100288 -0.002084 -0.000386
0.100288 0.044910 -0.000387 -0.000079
-0.002084 -0.000387 0.479606 0.101184
-0.000386 -0.000079 0.101184 0.045067
29.200879 1.467593 36.939306 1.972868
0.473956 0.100269 -0.002663 -0.000482
0.100269 0.044891 -0.000482 -0.000095
-0.002663 -0.000482 0.479829 0.101208
-0.000482 -0.000095 0.101208 0.045056
29.776107 1.433984 37.686398 1.922360
0.473596 0.100209 -0.003412 -0.000607
0.100209 0.044864 -0.000608 -0.000117
-0.003412 -0.000608 0.480214 0.101262
-0.000607 -0.000117 0.101262 0.045053
29.928055 1.314284 38.265401 1.841614
0.473243 0.100148 -0.004152 -0.000724
0.100148 0.044840 -0.000725 -0.000137
-0.004152 -0.000725 0.480589 0.101309
-0.000724 -0.000137 0.101309 0.045051
30.301490 1.254168 39.018111 1.806073
0.472880 0.100084 -0.004783 -0.000812
0.100084 0.044816 -0.000813 -0.000151
-0.004783 -0.000813 0.480963 0.101353
-0.000812 -0.000151 0.101353 0.045050
30.849309 1.237457 40.054574 1.834139
0.472494 0.100015 -0.005390 -0.000894
0.100015 0.044794 -0.000895 -0.000165
-0.005390 -0.000895 0.481353 0.101399
-0.000894 -0.000165 0.101399 0.045051
31.521849 1.248894 41.045168 1.849655
0.472042 0.099933 -0.006056 -0.000988
0.099933 0.044770 -0.000989 -0.000182
-0.006056 -0.000989 0.481810 0.101458
-0.000988 -0.000182 0.101458 0.045057
32.215414 1.263422 41.818232 1.817757
0.471561 0.099847 -0.006805 -0.001098
0.099847 0.044747 -0.001099 -0.000203
-0.006805 -0.001099 0.482303 0.101524
-0.001098 -0.000203 0.101524 0.045065
32.977695 1.291365 43.082819 1.892715
0.471111 0.099771 -0.007612 -0.001218
0.099771 0.044728 -0.001219 -0.000226
-0.007612 -0.001219 0.482772 0.101583
-0.001218 -0.000226 0.101583 0.045073
33.619982 1.290647 44.030493 1.892989
0.470576 0.099680 -0.008556 -0.001365
0.099680 0.044706 -0.001366 -0.000255
-0.008556 -0.001366 0.483349 0.101665
-0.001365 -0.000255 0.101665 0.045087
33.913075 1.216184 45.143483 1.927630
0.470034 0.099590 -0.009549 -0.001517
0.099590 0.044685 -0.001519 -0.000285
-0.009549 -0.001519 0.483951 0.101751
-0.001517 -0.000285 0.101751 0.045102
34.430332 1.196904 46.085389 1.922919
0.469385 0.099480 -0.010512 -0.001659
0.099480 0.044661 -0.001660 -0.000313
-0.010512 -0.001660 0.484682 0.101862
-0.001659 -0.000313 0.101862 0.045122
34.803764 1.149166 47.027144 1.918485
0.468730 0.099373 -0.011495 -0.001803
0.099373 0.044639 -0.001804 -0.000341
-0.011495 -0.001804 0.485440 0.101975
-0.001803 -0.000341 0.101975 0.045143
34.896632 1.046835 47.883113 1.896101
0.468047 0.099264 -0.012457 -0.001940
0.099264 0.044616 -0.001941 -0.000368
-0.012457 -0.001941 0.486248 0.102095
-0.001940 -0.000368 0.102095 0.045166
