2.146926 1.820883 0.324396 -0.762286
2.053490 0.821414 -0.226717 -0.090689
0.821414 80.332639 -0.090689 -0.036276
-0.226717 -0.090689 3.101368 1.240574
-0.090689 -0.036276 1.240574 80.500307
4.673342 4.805932 5.078824 7.979280
3.582448 6.370050 -1.386565 -2.282279
6.370050 18.476142 -2.428680 -4.641747
-1.386565 -2.428680 2.436206 4.105088
-2.282279 -4.641747 4.105088 17.052682
5.719586 3.204669 6.826287 5.140802
2.709436 2.904924 -0.864204 -0.798577
2.904924 4.852822 -0.829311 -1.057027
-0.864204 -0.829311 2.049405 2.402094
-0.798577 -1.057027 2.402094 5.019911
6.333416 2.344966 6.838279 2.834084
2.220058 1.732548 -0.673470 -0.468376
1.732548 2.041779 -0.477796 -0.484128
-0.673470 -0.477796 1.751672 1.503761
-0.468376 -0.484128 1.503761 2.072607
7.691871 2.446935 7.502430 2.324735
1.850431 1.140096 -0.630573 -0.366528
1.140096 1.048453 -0.362996 -0.296808
-0.630573 -0.362996 1.609758 1.080782
-0.366528 -0.296808 1.080782 1.088925
7.220063 1.548751 7.043880 1.377637
1.525389 0.780392 -0.545545 -0.266024
0.780392 0.599672 -0.261255 -0.179503
-0.545545 -0.261255 1.482474 0.813467
-0.266024 -0.179503 0.813467 0.646533
8.104881 1.588054 6.889758 0.984030
1.337064 0.588227 -0.508941 -0.214332
0.588227 0.387125 -0.210330 -0.122529
-0.508941 -0.210330 1.364437 0.631058
-0.214332 -0.122529 0.631058 0.416203
8.617568 1.482503 7.801158 1.149975
1.143534 0.442506 -0.446786 -0.164602
0.442506 0.260110 -0.161067 -0.082642
-0.446786 -0.161067 1.277363 0.511356
-0.164602 -0.082642 0.511356 0.289417
8.897040 1.331997 9.522681 1.553979
1.030253 0.357919 -0.397480 -0.129993
0.357919 0.190018 -0.127780 -0.058502
-0.397480 -0.127780 1.159646 0.409429
-0.129993 -0.058502 0.409429 0.206793
9.391417 1.269174 9.502980 1.297064
0.962251 0.304498 -0.344612 -0.100974
0.304498 0.147685 -0.100185 -0.041757
-0.344612 -0.100185 1.016912 0.322409
-0.100974 -0.041757 0.322409 0.150960
11.307426 1.640838 9.563642 1.136308
0.892778 0.259915 -0.307024 -0.081986
0.259915 0.117828 -0.081626 -0.031270
-0.307024 -0.081626 0.923182 0.267487
-0.081986 -0.031270 0.267487 0.117780
11.365085 1.433740 10.318040 1.180402
0.806487 0.218349 -0.263879 -0.064779
0.218349 0.095283 -0.064248 -0.023173
-0.263879 -0.064248 0.861226 0.231313
-0.064779 -0.023173 0.231313 0.096940
12.685698 1.588699 10.842271 1.168546
0.747803 0.190547 -0.232568 -0.053001
0.190547 0.080735 -0.052562 -0.017884
-0.232568 -0.052562 0.800685 0.201471
-0.053001 -0.017884 0.201471 0.081922
13.903357 1.695960 11.814408 1.265243
0.692649 0.167771 -0.200820 -0.042693
0.167771 0.070144 -0.042230 -0.013770
-0.200820 -0.042230 0.750601 0.178882
-0.042693 -0.013770 0.178882 0.071494
14.268197 1.585391 12.763562 1.334083
0.646326 0.150283 -0.170138 -0.033858
0.150283 0.062646 -0.033388 -0.010592
-0.170138 -0.033388 0.705083 0.160709
-0.033858 -0.010592 0.160709 0.063939
15.145031 1.615047 14.556280 1.584363
0.611867 0.137766 -0.145299 -0.027238
0.137766 0.057505 -0.026832 -0.008331
-0.145299 -0.026832 0.663668 0.145972
-0.027238 -0.008331 0.145972 0.058403
15.734848 1.565606 15.219127 1.554703
0.585260 0.128567 -0.120505 -0.021233
0.128567 0.053912 -0.020914 -0.006475
-0.120505 -0.020914 0.623900 0.133568
-0.021233 -0.006475 0.133568 0.054243
16.337075 1.532293 16.652152 1.691871
0.563371 0.121463 -0.100216 -0.016694
0.121463 0.051312 -0.016432 -0.005125
-0.100216 -0.016432 0.592039 0.124356
-0.016694 -0.005125 0.124356 0.051360
17.062547 1.527995 18.010936 1.798530
0.546491 0.116243 -0.081659 -0.012830
0.116243 0.049492 -0.012627 -0.004043
-0.081659 -0.012627 0.564207 0.117057
-0.012830 -0.004043 0.117057 0.049270
17.666982 1.492810 18.734027 1.760913
0.532966 0.112305 -0.064876 -0.009567
0.112305 0.048197 -0.009408 -0.003176
-0.064876 -0.009408 0.541225 0.111544
-0.009567 -0.003176 0.111544 0.047810
18.712137 1.558420 20.008515 1.844163
0.521787 0.109263 -0.051093 -0.007090
0.109263 0.047261 -0.006960 -0.002531
-0.051093 -0.006960 0.523573 0.107658
-0.007090 -0.002531 0.107658 0.046847
19.244646 1.504191 20.511847 1.756366
0.512272 0.106875 -0.038766 -0.005000
0.106875 0.046580 -0.004887 -0.002002
-0.038766 -0.004887 0.510126 0.104973
-0.005000 -0.002002 0.104973 0.046224
20.145986 1.533031 20.959561 1.668171
0.504493 0.105066 -0.029133 -0.003515
0.105066 0.046098 -0.003418 -0.001622
-0.029133 -0.003418 0.500218 0.103201
-0.003515 -0.001622 0.103201 0.045837
20.000597 1.346017 22.492255 1.809251
0.497889 0.103656 -0.021573 -0.002457
0.103656 0.045749 -0.002372 -0.001341
-0.021573 -0.002372 0.493256 0.102127
-0.002457 -0.001341 0.102127 0.045614
20.445391 1.297897 23.232314 1.774313
0.492791 0.102671 -0.015204 -0.001611
0.102671 0.045520 -0.001540 -0.001108
-0.015204 -0.001540 0.487999 0.101426
-0.001611 -0.001108 0.101426 0.045471
20.410454 1.156557 24.682543 1.890235
0.488389 0.101891 -0.010364 -0.001041
0.101891 0.045349 -0.000982 -0.000933
-0.010364 -0.000982 0.484664 0.101108
-0.001041 -0.000933 0.101108 0.045402
21.273222 1.215735 25.454077 1.854337
0.483997 0.101153 -0.006135 -0.000543
0.101153 0.045196 -0.000491 -0.000770
-0.006135 -0.000491 0.483320 0.101159
-0.000543 -0.000770 0.101159 0.045401
21.501725 1.136493 26.607966 1.901588
0.479650 0.100454 -0.003753 -0.000379
0.100454 0.045055 -0.000334 -0.000677
-0.003753 -0.000334 0.483579 0.101470
-0.000379 -0.000677 0.101470 0.045441
21.940581 1.109375 27.675848 1.926158
0.474897 0.099695 -0.002169 -0.000310
0.099695 0.044904 -0.000272 -0.000601
-0.002169 -0.000272 0.485506 0.102044
-0.000310 -0.000601 0.102044 0.045523
22.573334 1.125800 28.801999 1.960448
0.469744 0.098877 -0.001698 -0.000406
0.098877 0.044743 -0.000376 -0.000557
-0.001698 -0.000376 0.488883 0.102822
-0.000406 -0.000557 0.102822 0.045637
22.841201 1.063600 29.494003 1.899960
0.464125 0.097988 -0.002696 -0.000740
0.097988 0.044568 -0.000720 -0.000561
-0.002696 -0.000720 0.493653 0.103790
-0.000740 -0.000561 0.103790 0.045780
23.807796 1.155609 30.676508 1.948575
0.458882 0.097206 -0.004136 -0.001086
0.097206 0.044418 -0.001077 -0.000566
-0.004136 -0.001077 0.498759 0.104720
-0.001086 -0.000566 0.104720 0.045907
24.565544 1.193787 31.860270 1.992382
0.453331 0.096372 -0.007725 -0.001815
0.096372 0.044254 -0.001823 -0.000652
-0.007725 -0.001823 0.505026 0.105807
-0.001815 -0.000652 0.105807 0.046064
25.272985 1.217359 32.991724 2.020614
0.447648 0.095523 -0.012607 -0.002724
0.095523 0.044084 -0.002754 -0.000774
-0.012607 -0.002754 0.512346 0.107025
-0.002724 -0.000774 0.107025 0.046247
26.077196 1.259333 34.280705 2.078657
0.442123 0.094715 -0.018254 -0.003701
0.094715 0.043921 -0.003756 -0.000907
-0.018254 -0.003756 0.520444 0.108315
-0.003701 -0.000907 0.108315 0.046442
26.485012 1.211713 35.441886 2.103730
0.436727 0.093934 -0.024415 -0.004703
0.093934 0.043759 -0.004783 -0.001046
-0.024415 -0.004783 0.529432 0.109706
-0.004703 -0.001046 0.109706 0.046658
26.692550 1.125245 36.242838 2.051353
0.431611 0.093209 -0.029422 -0.005398
0.093209 0.043604 -0.005488 -0.001120
-0.029422 -0.005488 0.538691 0.111073
-0.005398 -0.001120 0.111073 0.046870
26.873877 1.042101 37.100611 2.016002
0.427252 0.092638 -0.032881 -0.005748
0.092638 0.043479 -0.005830 -0.001131
-0.032881 -0.005830 0.547081 0.112200
-0.005748 -0.001131 0.112200 0.047036
26.991225 0.954482 38.221285 2.037761
0.423591 0.092196 -0.034705 -0.005778
0.092196 0.043375 -0.005835 -0.001089
-0.034705 -0.005835 0.554299 0.113061
-0.005778 -0.001089 0.113061 0.047156
27.624568 0.988831 39.294426 2.049364
0.420689 0.091892 -0.034422 -0.005426
0.091892 0.043294 -0.005436 -0.000984
-0.034422 -0.005436 0.559755 0.113576
-0.005426 -0.000984 0.113576 0.047221
28.605680 1.095199 40.213598 2.030066
0.418993 0.091814 -0.033040 -0.004929
0.091814 0.043256 -0.004893 -0.000870
-0.033040 -0.004893 0.562798 0.113647
-0.004929 -0.000870 0.113647 0.047213
29.432357 1.156604 41.228858 2.031353
0.418660 0.091978 -0.030932 -0.004367
0.091978 0.043263 -0.004296 -0.000763
-0.030932 -0.004296 0.563123 0.113256
-0.004367 -0.000763 0.113256 0.047134
30.498836 1.262476 41.866201 1.957617
0.420220 0.092493 -0.027317 -0.003576
0.092493 0.043339 -0.003472 -0.000623
-0.027317 -0.003472 0.559503 0.112198
-0.003576 -0.000623 0.112198 0.046944
31.638794 1.373898 42.673113 1.925423
0.423332 0.093255 -0.023166 -0.002765
0.093255 0.043458 -0.002640 -0.000492
-0.023166 -0.002640 0.553066 0.110742
-0.002765 -0.000492 0.110742 0.046703
31.956076 1.292602 43.678454 1.932426
0.429394 0.094563 -0.018080 -0.001836
0.094563 0.043686 -0.001706 -0.000346
-0.018080 -0.001706 0.541835 0.108510
-0.001836 -0.000346 0.108510 0.046330
32.538636 1.277295 44.304151 1.863813
0.438884 0.096478 -0.013082 -0.000991
0.096478 0.044032 -0.000886 -0.000225
-0.013082 -0.000886 0.526287 0.105630
-0.000991 -0.000225 0.105630 0.045853
33.135001 1.266850 44.871326 1.790114
0.450520 0.098669 -0.009258 -0.000437
0.098669 0.044417 -0.000378 -0.000167
-0.009258 -0.000378 0.509467 0.102728
-0.000437 -0.000167 0.102728 0.045394
33.914206 1.298470 45.713781 1.779810
0.464137 0.101096 -0.007066 -0.000235
0.101096 0.044836 -0.000235 -0.000176
-0.007066 -0.000235 0.492228 0.099932
-0.000235 -0.000176 0.099932 0.044964
34.442821 1.272721 46.766846 1.812983
0.481930 0.104229 -0.007804 -0.000611
0.104229 0.045393 -0.000697 -0.000294
-0.007804 -0.000697 0.473021 0.096873
-0.000611 -0.000294 0.096873 0.044476
35.274980 1.314070 47.302674 1.736573
0.503372 0.107899 -0.012095 -0.001655
0.107899 0.046044 -0.001824 -0.000531
-0.012095 -0.001824 0.453767 0.093924
-0.001655 -0.000531 0.093924 0.044001
