-0.083248 0.928794 5.271626 1.216649
41.463505 16.585761 -56.479068 -22.592117
16.585761 86.638515 -22.592117 -9.037042
-56.479068 -22.592117 80.538224 32.215988
-22.592117 -9.037042 32.215988 92.890741
0.693197 0.406859 4.383016 -0.023719
66.829363 37.772101 -87.591678 -41.403633
37.772101 42.476227 -47.420533 -42.790489
-87.591678 -47.420533 118.055020 57.395229
-41.403633 -42.790489 57.395229 63.253751
-2.035341 -0.058266 11.528952 4.304334
106.193327 55.621450 -127.323693 -54.629511
55.621450 40.352336 -65.953208 -41.977059
-127.323693 -65.953208 155.162040 67.437727
-54.629511 -41.977059 67.437727 49.928478
-0.210383 0.777980 11.851540 3.727212
6.351014 2.559999 -11.266977 -5.858635
2.559999 7.956941 -4.286995 -11.118182
-11.266977 -4.286995 24.168137 13.638694
-5.858635 -11.118182 13.638694 20.512262
0.238086 0.757478 13.285647 3.531052
7.889398 4.199463 -16.926383 -9.535087
4.199463 6.132756 -8.202070 -9.679870
-16.926383 -8.202070 40.989454 22.381443
-9.535087 -9.679870 22.381443 19.281125
1.382289 1.246444 13.856977 2.813547
9.050837 4.114556 -22.209881 -10.349811
4.114556 3.945826 -8.988280 -6.924270
-22.209881 -8.988280 59.880133 26.638254
-10.349811 -6.924270 26.638254 15.719487
2.350140 1.387886 14.409185 2.471438
11.979716 4.665307 -31.035296 -12.104453
4.665307 2.963400 -11.053545 -5.851872
-31.035296 -11.053545 85.863449 32.230713
-12.104453 -5.851872 32.230713 14.343377
2.922769 1.830037 18.950998 2.968298
15.229209 5.053091 -40.663334 -13.434194
5.053091 2.349017 -12.637888 -5.092675
-40.663334 -12.637888 113.855979 36.560883
-13.434194 -5.092675 36.560883 13.125847
6.750795 2.700799 12.771938 0.738890
2.387086 0.550912 -7.463143 -1.964100
0.550912 0.608078 -0.601555 -0.788246
-7.463143 -0.601555 31.489194 7.086169
-1.964100 -0.788246 7.086169 2.500340
8.956719 2.613107 7.746786 -0.245539
2.318419 0.908856 -4.313011 -1.496924
0.908856 0.606839 -1.335269 -0.849694
-4.313011 -1.335269 11.219223 3.147804
-1.496924 -0.849694 3.147804 1.541672
9.739408 2.487494 9.265843 0.142931
2.305275 0.953732 -2.600941 -1.128499
0.953732 0.548862 -0.953789 -0.658036
-2.600941 -0.953789 4.344493 1.450388
-1.128499 -0.658036 1.450388 0.960518
10.800752 2.440499 9.896138 0.280984
3.216457 1.183172 -3.251188 -1.320574
1.183172 0.541836 -1.143223 -0.623390
-3.251188 -1.143223 4.268427 1.500502
-1.320574 -0.623390 1.500502 0.859875
11.839880 2.392168 10.582821 0.422513
4.315300 1.392565 -4.122969 -1.491524
1.392565 0.528902 -1.309237 -0.583565
-4.122969 -1.309237 4.723359 1.590909
-1.491524 -0.583565 1.590909 0.772590
13.541374 2.532342 9.915843 0.172736
5.512941 1.567793 -5.056210 -1.610627
1.567793 0.508910 -1.432105 -0.535971
-5.056210 -1.432105 5.313550 1.643715
-1.610627 -0.535971 1.643715 0.683711
14.942283 2.565877 10.089725 0.195167
5.602771 1.415783 -4.617602 -1.298303
1.415783 0.410378 -1.168341 -0.388605
-4.617602 -1.168341 4.388192 1.227423
-1.298303 -0.388605 1.227423 0.478274
13.319907 1.894688 13.546071 1.072649
5.341772 1.211051 -3.890424 -0.955039
1.211051 0.320388 -0.887210 -0.264395
-3.890424 -0.887210 3.349630 0.844279
-0.955039 -0.264395 0.844279 0.320320
14.031401 1.846756 14.197209 1.093731
5.819643 1.208658 -4.584939 -1.045506
1.208658 0.292395 -0.960173 -0.255903
-4.584939 -0.960173 4.149005 0.984649
-1.045506 -0.255903 0.984649 0.321372
14.834153 1.821192 15.043528 1.174056
6.509858 1.246256 -5.436870 -1.151698
1.246256 0.277004 -1.047725 -0.251710
-5.436870 -1.047725 5.094337 1.126198
-1.151698 -0.251710 1.126198 0.321865
16.569725 1.964116 15.428096 1.180791
7.263100 1.287810 -6.350692 -1.250401
1.287810 0.264864 -1.129692 -0.246838
-6.350692 -1.129692 6.119375 1.255727
-1.250401 -0.246838 1.255727 0.319636
18.005166 2.039070 15.751704 1.144955
7.915652 1.306048 -6.715619 -1.188699
1.306048 0.250876 -1.107367 -0.216422
-6.715619 -1.107367 6.240801 1.157142
-1.188699 -0.216422 1.157142 0.268764
19.785165 2.156316 15.664174 1.035719
6.693099 1.037966 -5.114322 -0.779569
1.037966 0.195743 -0.788797 -0.137683
-5.114322 -0.788797 4.406220 0.726131
-0.779569 -0.137683 0.726131 0.168652
20.405074 2.089107 16.515093 1.081542
3.821321 0.567628 -2.283226 -0.257025
0.567628 0.118833 -0.332798 -0.052650
-2.283226 -0.332798 1.802403 0.264501
-0.257025 -0.052650 0.264501 0.084799
20.023156 1.895345 18.445907 1.311153
3.160773 0.455587 -1.474532 -0.108110
0.455587 0.100124 -0.206055 -0.028651
-1.474532 -0.206055 1.084293 0.149359
-0.108110 -0.028651 0.149359 0.064580
20.305934 1.799586 19.187230 1.280307
3.426823 0.477113 -1.532867 -0.112923
0.477113 0.100968 -0.207644 -0.027816
-1.532867 -0.207644 1.069356 0.146140
-0.112923 -0.027816 0.146140 0.061165
21.706815 1.866744 19.591572 1.259410
3.540758 0.476112 -1.559585 -0.121162
0.476112 0.098791 -0.204198 -0.027470
-1.559585 -0.204198 1.063943 0.146996
-0.121162 -0.027470 0.146996 0.058898
24.274341 2.072427 19.044212 1.086953
2.386343 0.315731 -0.709841 -0.002913
0.315731 0.076887 -0.088499 -0.010767
-0.709841 -0.088499 0.566784 0.088601
-0.002913 -0.010767 0.088601 0.051443
26.103226 2.175742 19.349203 1.080165
1.105639 0.146786 -0.094036 0.049613
0.146786 0.054951 -0.008166 -0.003299
-0.094036 -0.008166 0.392618 0.091015
0.049613 -0.003299 0.091015 0.054180
27.040160 2.154889 19.965192 1.091061
0.723139 0.100310 0.070149 0.055241
0.100310 0.049544 0.010148 -0.002293
0.070149 0.010148 0.457241 0.116916
0.055241 -0.002293 0.116916 0.058958
28.233278 2.172795 20.486328 1.089120
0.551759 0.082555 0.138949 0.053167
0.082555 0.047808 0.014672 -0.002429
0.138949 0.014672 0.582287 0.147203
0.053167 -0.002429 0.147203 0.063817
29.091134 2.133320 21.034762 1.086164
0.453055 0.074435 0.167756 0.047595
0.074435 0.047088 0.012735 -0.003166
0.167756 0.012735 0.743381 0.179695
0.047595 -0.003166 0.179695 0.068585
29.949743 2.093886 21.542721 1.077763
0.389915 0.070835 0.172110 0.040025
0.070835 0.046703 0.006490 -0.004282
0.172110 0.006490 0.933635 0.213592
0.040025 -0.004282 0.213592 0.073198
30.753024 2.042164 22.060684 1.075442
0.347535 0.069698 0.156735 0.030869
0.069698 0.046412 -0.003257 -0.005699
0.156735 -0.003257 1.151270 0.248597
0.030869 -0.005699 0.248597 0.077644
32.184703 2.130278 22.821178 1.114762
0.319070 0.070115 0.121664 0.019998
0.070115 0.046164 -0.016324 -0.007421
0.121664 -0.016324 1.395028 0.284346
0.019998 -0.007421 0.284346 0.081882
33.558185 2.196184 23.700740 1.171494
0.301350 0.071920 0.058290 0.005837
0.071920 0.046074 -0.034203 -0.009755
0.058290 -0.034203 1.655473 0.319020
0.005837 -0.009755 0.319020 0.085617
34.618474 2.189494 24.171648 1.151217
0.296147 0.075614 -0.034377 -0.011365
0.075614 0.046310 -0.056535 -0.012581
-0.034377 -0.056535 1.926177 0.351607
-0.011365 -0.012581 0.351607 0.088739
35.946738 2.247000 24.877446 1.170390
0.303149 0.080631 -0.140329 -0.028393
0.080631 0.046644 -0.079264 -0.015142
-0.140329 -0.079264 2.235181 0.386954
-0.028393 -0.015142 0.386954 0.092119
36.713370 2.158216 25.190440 1.129146
0.322575 0.087150 -0.267152 -0.046609
0.087150 0.047195 -0.103783 -0.017748
-0.267152 -0.103783 2.572663 0.422975
-0.046609 -0.017748 0.422975 0.095371
37.436826 2.067703 25.531145 1.095453
0.351261 0.094118 -0.405576 -0.064409
0.094118 0.047672 -0.127459 -0.019995
-0.405576 -0.127459 2.961633 0.463027
-0.064409 -0.019995 0.463027 0.099016
38.473595 2.068124 26.252153 1.121336
0.388450 0.101412 -0.558294 -0.082325
0.101412 0.048101 -0.150737 -0.022026
-0.558294 -0.150737 3.399605 0.506146
-0.082325 -0.022026 0.506146 0.102854
39.490384 2.063199 26.663075 1.099676
0.439412 0.110378 -0.738196 -0.102198
0.110378 0.048859 -0.176826 -0.024334
-0.738196 -0.176826 3.864230 0.548601
-0.102198 -0.024334 0.548601 0.106309
40.573053 2.077591 27.383264 1.124060
0.498736 0.119430 -0.933909 -0.122252
0.119430 0.049516 -0.202210 -0.026411
-0.933909 -0.202210 4.384057 0.594533
-0.122252 -0.026411 0.594533 0.110018
41.643400 2.088076 28.145274 1.151591
0.573171 0.130154 -1.157691 -0.144021
0.130154 0.050471 -0.230204 -0.028711
-1.157691 -0.230204 4.934003 0.639926
-0.144021 -0.028711 0.639926 0.113382
42.642356 2.074877 28.606562 1.135460
0.664948 0.142787 -1.410946 -0.167408
0.142787 0.051731 -0.260873 -0.031200
-1.410946 -0.260873 5.509565 0.684174
-0.167408 -0.031200 0.684174 0.116360
43.571977 2.045199 29.031660 1.113940
0.767069 0.155444 -1.684495 -0.191257
0.155444 0.052849 -0.290856 -0.033480
-1.684495 -0.290856 6.146390 0.732208
-0.191257 -0.033480 0.732208 0.119652
44.151295 1.933022 29.454749 1.081451
0.878608 0.167906 -1.978183 -0.215568
0.167906 0.053810 -0.320017 -0.035572
-1.978183 -0.320017 6.845279 0.783766
-0.215568 -0.035572 0.783766 0.123194
45.277468 1.969717 29.915792 1.078089
1.003559 0.181045 -2.297364 -0.240822
0.181045 0.054815 -0.350007 -0.037665
-2.297364 -0.350007 7.593192 0.836713
-0.240822 -0.037665 0.836713 0.126685
46.531323 2.044104 30.760921 1.126647
1.136336 0.193585 -2.636218 -0.266480
0.193585 0.055617 -0.378730 -0.039560
-2.636218 -0.378730 8.407579 0.893280
-0.266480 -0.039560 0.893280 0.130422
47.714888 2.094073 31.659562 1.173858
1.292113 0.208692 -3.012083 -0.293849
0.208692 0.056830 -0.411687 -0.041776
-3.012083 -0.411687 9.251016 0.947910
-0.293849 -0.041776 0.947910 0.133667
48.530323 2.022535 31.792752 1.109472
1.474401 0.226781 -3.425384 -0.322629
0.226781 0.058479 -0.449053 -0.044275
-3.425384 -0.449053 10.106838 0.998844
-0.322629 -0.044275 0.998844 0.136277
49.257217 1.961729 32.511671 1.112960
1.654378 0.241511 -3.852057 -0.351493
0.241511 0.059390 -0.480678 -0.046207
-3.852057 -0.480678 11.076738 1.059381
-0.351493 -0.046207 1.059381 0.139903
