-1.465547 0.375863 6.466452 1.694589
41.463505 16.585761 -56.479068 -22.592117
16.585761 86.638515 -22.592117 -9.037042
-56.479068 -22.592117 80.538224 32.215988
-22.592117 -9.037042 32.215988 92.890741
0.296270 0.503975 4.064573 -0.422220
53.849456 23.092888 -82.019293 -44.372033
23.092888 31.334281 -32.613602 -37.962220
-82.019293 -32.613602 128.913301 71.422011
-44.372033 -37.962220 71.422011 74.847919
-2.784237 -0.353360 10.636362 3.061650
55.575308 32.275983 -67.989296 -31.294300
32.275983 29.647292 -38.453772 -31.217449
-67.989296 -38.453772 85.766086 39.822937
-31.294300 -31.217449 39.822937 39.097122
1.763408 2.013674 7.003074 0.968471
8.336107 3.668780 -14.388493 -7.483701
3.668780 7.951569 -5.962776 -11.525618
-14.388493 -5.962776 28.676109 15.676321
-7.483701 -11.525618 15.676321 21.200398
0.645150 1.236062 13.490072 3.967963
11.641856 6.904265 -16.620278 -9.621581
6.904265 7.712838 -9.461069 -10.407824
-16.620278 -9.461069 26.161351 14.755146
-9.621581 -10.407824 14.755146 15.551598
-0.802735 0.157748 18.449694 5.492317
4.906719 2.369401 -8.924957 -4.340736
2.369401 3.193211 -3.973287 -4.756804
-8.924957 -3.973287 19.494567 9.159823
-4.340736 -4.756804 9.159823 8.490877
0.073472 0.577548 20.022909 4.893970
1.310241 0.609996 -2.599702 -1.168559
0.609996 1.531810 -0.560825 -2.002519
-2.599702 -0.560825 10.625813 3.825806
-1.168559 -2.002519 3.825806 3.940372
2.700437 1.964966 18.334439 2.665017
0.812239 0.485327 -1.400703 -0.765703
0.485327 1.003240 -0.031487 -1.163552
-1.400703 -0.031487 10.997638 3.375692
-0.765703 -1.163552 3.375692 2.621666
4.395997 2.477002 19.671662 2.271909
0.946141 0.551865 -2.154988 -1.029540
0.551865 0.691870 -0.667911 -0.935174
-2.154988 -0.667911 14.891196 4.691175
-1.029540 -0.935174 4.691175 2.451697
4.609419 1.889711 21.968390 3.011323
0.937969 0.472803 -2.546104 -0.998246
0.472803 0.448756 -0.742641 -0.647181
-2.546104 -0.742641 19.337795 5.403293
-0.998246 -0.647181 5.403293 2.107668
4.529669 1.437805 26.404871 4.004592
0.609537 0.297214 -0.910441 -0.425222
0.297214 0.277427 0.099917 -0.254557
-0.910441 0.099917 17.327575 3.810524
-0.425222 -0.254557 3.810524 1.226940
5.615454 1.554914 26.010283 3.426774
0.646692 0.329104 0.901453 -0.054959
0.329104 0.246936 0.637172 -0.092152
0.901453 0.637172 8.712195 1.324735
-0.054959 -0.092152 1.324735 0.476533
6.809949 1.717528 26.007016 2.971045
0.876619 0.389447 1.670826 0.044357
0.389447 0.226237 0.789809 -0.034387
1.670826 0.789809 8.452261 1.084654
0.044357 -0.034387 1.084654 0.345222
8.609262 2.085752 25.637755 2.352776
1.156128 0.438616 2.359785 0.127571
0.438616 0.205767 0.882653 0.004925
2.359785 0.882653 8.993474 1.059405
0.127571 0.004925 1.059405 0.284008
10.393049 2.355718 25.885624 1.989580
1.427180 0.464547 2.990474 0.208957
0.464547 0.182872 0.931442 0.033436
2.990474 0.931442 9.880766 1.125031
0.208957 0.033436 1.125031 0.254366
12.206942 2.563293 26.631028 1.798919
1.801686 0.511574 3.692510 0.279554
0.511574 0.172443 0.996468 0.052788
3.692510 0.996468 10.560306 1.130538
0.279554 0.052788 1.130538 0.224246
13.947131 2.693011 27.769069 1.748206
2.311238 0.588915 4.193063 0.287911
0.588915 0.174502 1.021051 0.054537
4.193063 1.021051 9.788986 0.918892
0.287911 0.054537 0.918892 0.173874
14.732963 2.603301 26.191228 1.415648
2.588309 0.611030 3.671622 0.169591
0.611030 0.167021 0.830198 0.028054
3.671622 0.830198 6.628904 0.494242
0.169591 0.028054 0.494242 0.114637
15.723463 2.529624 26.728773 1.439343
3.093242 0.659331 4.142644 0.203011
0.659331 0.162720 0.846649 0.034836
4.142644 0.846649 6.766614 0.490028
0.203011 0.034836 0.490028 0.105021
16.160031 2.401393 25.411495 1.209266
3.628917 0.715237 4.307030 0.181115
0.715237 0.162995 0.816180 0.030604
4.307030 0.816180 6.096482 0.391287
0.181115 0.030604 0.391287 0.089104
16.571121 2.249310 25.381767 1.215826
3.762521 0.673725 4.432000 0.223070
0.673725 0.143042 0.759857 0.036726
4.432000 0.759857 6.153745 0.431168
0.223070 0.036726 0.431168 0.088950
17.898090 2.306210 25.613969 1.118702
3.962922 0.652221 4.609753 0.257057
0.652221 0.130360 0.724633 0.040728
4.609753 0.724633 6.243491 0.458026
0.257057 0.040728 0.458026 0.088280
18.383762 2.226742 24.859468 0.974697
4.189537 0.657473 4.368688 0.207333
0.657473 0.126838 0.654834 0.032964
4.368688 0.654834 5.307339 0.351233
0.207333 0.032964 0.351233 0.075605
18.942871 2.159816 24.448262 0.885643
4.367534 0.644556 4.347383 0.208204
0.644556 0.119625 0.611873 0.032477
4.347383 0.611873 5.020271 0.332372
0.208204 0.032477 0.332372 0.072209
19.512210 2.092806 24.309265 0.844873
4.313691 0.601338 4.128414 0.201381
0.601338 0.109276 0.546477 0.030910
4.128414 0.546477 4.600675 0.310783
0.201381 0.030910 0.310783 0.069432
20.311337 2.064547 24.406469 0.815806
4.132933 0.553930 3.676605 0.164018
0.553930 0.100657 0.465177 0.025921
3.676605 0.465177 3.865455 0.254709
0.164018 0.025921 0.254709 0.064094
23.046124 2.242910 27.105971 1.036493
3.242527 0.435057 2.364338 0.050297
0.435057 0.085689 0.292979 0.012016
2.364338 0.292979 2.232650 0.130774
0.050297 0.012016 0.130774 0.055130
24.105584 2.234364 27.592655 1.037642
1.283031 0.185231 0.475405 -0.057632
0.185231 0.054931 0.048122 -0.001816
0.475405 0.048122 0.612364 0.061718
-0.057632 -0.001816 0.061718 0.054650
25.387438 2.253415 28.286809 1.056001
1.014395 0.154399 0.112942 -0.082229
0.154399 0.052351 0.001867 -0.004808
0.112942 0.001867 0.412634 0.071641
-0.082229 -0.004808 0.071641 0.058335
26.219428 2.212151 28.622844 1.039390
0.940476 0.147967 -0.085982 -0.098269
0.147967 0.052609 -0.022536 -0.006705
-0.085982 -0.022536 0.394153 0.092636
-0.098269 -0.006705 0.092636 0.062450
27.212053 2.194539 29.061975 1.027740
0.946769 0.151332 -0.239410 -0.113203
0.151332 0.053840 -0.040108 -0.008506
-0.239410 -0.040108 0.446124 0.117617
-0.113203 -0.008506 0.117617 0.066429
28.513844 2.230601 29.730425 1.057691
0.987875 0.158047 -0.382039 -0.128384
0.158047 0.055130 -0.055446 -0.010407
-0.382039 -0.055446 0.544661 0.145672
-0.128384 -0.010407 0.145672 0.070276
29.821330 2.267769 30.377978 1.084606
1.046599 0.165561 -0.525886 -0.144327
0.165561 0.056130 -0.070009 -0.012447
-0.525886 -0.070009 0.683592 0.176576
-0.144327 -0.012447 0.176576 0.074058
30.883795 2.254030 30.904433 1.080199
1.118579 0.173336 -0.676908 -0.161393
0.173336 0.056828 -0.084515 -0.014649
-0.676908 -0.084515 0.860221 0.209891
-0.161393 -0.014649 0.209891 0.077751
32.026331 2.260227 31.503310 1.094967
1.206798 0.182063 -0.840372 -0.179941
0.182063 0.057420 -0.099811 -0.017063
-0.840372 -0.099811 1.072068 0.244819
-0.179941 -0.017063 0.244819 0.081230
33.121905 2.246264 31.934843 1.066137
1.309545 0.191513 -1.019474 -0.199942
0.191513 0.057929 -0.116287 -0.019640
-1.019474 -0.116287 1.319446 0.281187
-0.199942 -0.019640 0.281187 0.084537
33.985818 2.192810 32.437978 1.048571
1.420313 0.200598 -1.214541 -0.221077
0.200598 0.058234 -0.133587 -0.022232
-1.214541 -0.133587 1.605447 0.319533
-0.221077 -0.022232 0.319533 0.087881
34.610444 2.087357 32.808674 0.992656
1.551668 0.211671 -1.431572 -0.243659
0.211671 0.058774 -0.153096 -0.024985
-1.431572 -0.153096 1.925343 0.358269
-0.243659 -0.024985 0.358269 0.090921
36.093141 2.195671 33.578997 1.072641
1.705718 0.225011 -1.672541 -0.267491
0.225011 0.059601 -0.175071 -0.027859
-1.672541 -0.175071 2.276870 0.396835
-0.267491 -0.027859 0.396835 0.093630
36.827078 2.117413 34.052708 1.040744
1.868098 0.237829 -1.934415 -0.292341
0.237829 0.060273 -0.197733 -0.030589
-1.934415 -0.197733 2.671094 0.437777
-0.292341 -0.030589 0.437777 0.096612
37.843717 2.109592 34.582644 1.040296
2.054434 0.253024 -2.222792 -0.318209
0.253024 0.061269 -0.222871 -0.033380
-2.222792 -0.222871 3.097878 0.478494
-0.318209 -0.033380 0.478494 0.099322
38.581796 2.038608 35.009886 1.005268
2.255984 0.268774 -2.535855 -0.345022
0.268774 0.062292 -0.249166 -0.036071
-2.535855 -0.249166 3.565340 0.520744
-0.345022 -0.036071 0.520744 0.102144
39.741067 2.073921 35.606703 1.030133
2.478876 0.286129 -2.875987 -0.372686
0.286129 0.063501 -0.277270 -0.038733
-2.875987 -0.277270 4.069254 0.563463
-0.372686 -0.038733 0.563463 0.104875
40.652986 2.028482 35.853153 0.976449
2.714725 0.303368 -3.241683 -0.401298
0.303368 0.064629 -0.305859 -0.041246
-3.241683 -0.305859 4.619987 0.608541
-0.401298 -0.041246 0.608541 0.107848
41.417166 1.982967 36.404803 0.972169
2.951685 0.318523 -3.628046 -0.430613
0.318523 0.065412 -0.333216 -0.043466
-3.628046 -0.333216 5.226800 0.657515
-0.430613 -0.043466 0.657515 0.111295
42.678611 2.067852 37.290119 1.053221
3.219421 0.336843 -4.047620 -0.460782
0.336843 0.066603 -0.363620 -0.045819
-4.047620 -0.363620 5.869727 0.705849
-0.460782 -0.045819 0.705849 0.114396
43.808493 2.086658 37.810723 1.058200
3.515510 0.357582 -4.499683 -0.491737
0.357582 0.068061 -0.396452 -0.048235
-4.499683 -0.396452 6.550130 0.753964
-0.491737 -0.048235 0.753964 0.117272
44.392788 1.981678 38.175105 1.004007
3.821004 0.377128 -4.978678 -0.523739
0.377128 0.069272 -0.428656 -0.050467
-4.978678 -0.428656 7.289030 0.805534
-0.523739 -0.050467 0.805534 0.120499
45.255444 1.940991 38.487374 0.967331
4.152976 0.398599 -5.490384 -0.556443
0.398599 0.070671 -0.462893 -0.052743
-5.490384 -0.462893 8.069247 0.857189
-0.556443 -0.052743 0.857189 0.123543
46.603495 2.044625 39.322165 1.043569
4.490781 0.418229 -6.027758 -0.590111
0.418229 0.071753 -0.495801 -0.054812
-6.027758 -0.495801 8.912265 0.912588
-0.590111 -0.054812 0.912588 0.126947
