1.511786 1.566822 2.717922 0.195145
2.053490 0.821414 -0.226717 -0.090689
0.821414 80.332639 -0.090689 -0.036276
-0.226717 -0.090689 3.101368 1.240574
-0.090689 -0.036276 1.240574 80.500307
6.739246 9.482117 1.776975 -1.480131
2.890305 5.130952 -1.551082 -2.574723
5.130952 16.258177 -2.707173 -5.138100
-1.551082 -2.707173 3.224386 5.438703
-2.574723 -5.138100 5.438703 19.308909
7.784041 5.322594 1.150919 -1.716638
1.943522 2.179534 -0.173719 -0.007546
2.179534 4.117347 -0.054362 -0.189419
-0.173719 -0.054362 2.125650 2.447075
-0.007546 -0.189419 2.447075 5.163363
7.485654 2.915253 3.221374 0.732818
1.727616 1.421958 -0.027543 0.014626
1.421958 1.804314 -0.005685 -0.128715
-0.027543 -0.005685 1.705794 1.464210
0.014626 -0.128715 1.464210 2.108889
6.678829 1.439547 5.069626 1.750201
1.351452 0.873058 -0.060285 -0.045614
0.873058 0.871558 -0.054256 -0.113085
-0.060285 -0.054256 1.649835 1.124465
-0.045614 -0.113085 1.124465 1.162968
7.567770 1.536174 5.441057 1.468196
1.193774 0.643033 -0.302928 -0.180827
0.643033 0.520110 -0.181344 -0.145488
-0.302928 -0.181344 1.597891 0.892259
-0.180827 -0.145488 0.892259 0.715302
7.894427 1.329316 6.961931 1.838454
1.076234 0.495170 -0.357743 -0.172889
0.495170 0.337174 -0.172730 -0.105318
-0.357743 -0.172730 1.503945 0.705242
-0.172889 -0.105318 0.705242 0.464561
8.432240 1.279126 7.026690 1.493720
1.042546 0.418661 -0.387138 -0.156744
0.418661 0.243267 -0.156444 -0.077373
-0.387138 -0.156444 1.322768 0.533963
-0.156744 -0.077373 0.533963 0.306176
8.617178 1.118405 8.273573 1.670567
0.971316 0.345459 -0.374610 -0.130171
0.345459 0.178495 -0.130071 -0.054867
-0.374610 -0.130071 1.202105 0.427801
-0.130171 -0.054867 0.427801 0.218411
10.151046 1.431632 8.950095 1.626023
0.924683 0.296040 -0.348170 -0.105774
0.296040 0.138693 -0.106153 -0.039290
-0.348170 -0.106153 1.065033 0.340093
-0.105774 -0.039290 0.340093 0.160046
10.066381 1.197480 9.999471 1.688492
0.853184 0.249156 -0.306240 -0.082569
0.249156 0.109390 -0.082933 -0.027715
-0.306240 -0.082933 0.967583 0.282080
-0.082569 -0.027715 0.282080 0.124429
10.641600 1.192728 11.032739 1.739831
0.803709 0.217076 -0.270911 -0.065668
0.217076 0.090623 -0.066256 -0.020287
-0.270911 -0.066256 0.873706 0.235635
-0.065668 -0.020287 0.235635 0.099753
10.914582 1.111411 12.045243 1.772705
0.758109 0.191588 -0.236152 -0.051937
0.191588 0.077427 -0.052656 -0.015019
-0.236152 -0.052656 0.794505 0.200825
-0.051937 -0.015019 0.200825 0.083012
11.339574 1.083525 13.292542 1.858876
0.719514 0.171976 -0.204783 -0.041183
0.171976 0.068200 -0.042014 -0.011318
-0.204783 -0.042014 0.726973 0.174253
-0.041183 -0.011318 0.174253 0.071379
12.394247 1.195595 13.624593 1.726003
0.685733 0.156551 -0.175008 -0.032309
0.156551 0.061624 -0.033224 -0.008578
-0.175008 -0.033224 0.669358 0.153821
-0.032309 -0.008578 0.153821 0.063189
12.842344 1.167316 14.946671 1.827656
0.651057 0.143200 -0.150445 -0.025777
0.143200 0.056640 -0.026590 -0.006684
-0.150445 -0.026590 0.628460 0.139842
-0.025777 -0.006684 0.139842 0.057766
14.307526 1.351874 15.325083 1.720922
0.622688 0.133120 -0.127068 -0.020176
0.133120 0.053174 -0.020960 -0.005205
-0.127068 -0.020960 0.592014 0.128585
-0.020176 -0.005205 0.128585 0.053777
15.530280 1.471693 16.585793 1.813977
0.593824 0.124298 -0.106507 -0.015759
0.124298 0.050507 -0.016407 -0.004107
-0.106507 -0.016407 0.566451 0.120974
-0.015759 -0.004107 0.120974 0.051145
16.210831 1.459254 17.402239 1.794047
0.568820 0.117419 -0.086426 -0.011782
0.117419 0.048626 -0.012334 -0.003191
-0.086426 -0.012334 0.545190 0.115121
-0.011782 -0.003191 0.115121 0.049256
16.726534 1.416358 18.419872 1.817186
0.548652 0.112340 -0.069466 -0.008712
0.112340 0.047361 -0.009192 -0.002523
-0.069466 -0.009192 0.528085 0.110723
-0.008712 -0.002523 0.110723 0.047915
18.004624 1.541096 20.229129 2.011868
0.532974 0.108737 -0.054905 -0.006285
0.108737 0.046546 -0.006717 -0.002020
-0.054905 -0.006717 0.513918 0.107347
-0.006285 -0.002020 0.107347 0.046951
18.245982 1.433539 21.325048 2.026120
0.519811 0.106022 -0.040751 -0.004026
0.106022 0.046000 -0.004416 -0.001562
-0.040751 -0.004416 0.502871 0.104925
-0.004026 -0.001562 0.104925 0.046296
18.940239 1.427687 22.149770 1.986555
0.509789 0.104180 -0.029157 -0.002356
0.104180 0.045674 -0.002707 -0.001233
-0.029157 -0.002707 0.494306 0.103192
-0.002356 -0.001233 0.103192 0.045847
19.262400 1.347007 23.088061 1.972714
0.501496 0.102819 -0.020001 -0.001202
0.102819 0.045461 -0.001505 -0.001004
-0.020001 -0.001505 0.488510 0.102137
-0.001202 -0.001004 0.102137 0.045577
20.044599 1.368952 23.965616 1.950408
0.494764 0.101847 -0.012722 -0.000398
0.101847 0.045327 -0.000655 -0.000835
-0.012722 -0.000655 0.484684 0.101531
-0.000398 -0.000835 0.101531 0.045417
20.403991 1.301311 24.794456 1.918608
0.488777 0.101050 -0.007421 0.000057
0.101050 0.045220 -0.000153 -0.000724
-0.007421 -0.000153 0.482902 0.101350
0.000057 -0.000724 0.101350 0.045353
21.209367 1.333544 25.810376 1.930845
0.483566 0.100416 -0.003576 0.000296
0.100416 0.045135 0.000126 -0.000642
-0.003576 0.000126 0.482496 0.101423
0.000296 -0.000642 0.101423 0.045339
21.782232 1.314078 26.907665 1.958481
0.478444 0.099784 -0.001519 0.000256
0.099784 0.045036 0.000122 -0.000605
-0.001519 0.000122 0.483677 0.101778
0.000256 -0.000605 0.101778 0.045381
22.313368 1.287635 27.548572 1.887202
0.473214 0.099112 -0.000875 0.000029
0.099112 0.044917 -0.000077 -0.000594
-0.000875 -0.000077 0.486281 0.102366
0.000029 -0.000594 0.102366 0.045465
22.670736 1.227315 28.781017 1.948007
0.468545 0.098544 -0.001449 -0.000343
0.098544 0.044811 -0.000430 -0.000604
-0.001449 -0.000430 0.489334 0.102971
-0.000343 -0.000604 0.102971 0.045546
23.099130 1.188265 29.620231 1.919745
0.463230 0.097816 -0.002820 -0.000775
0.097816 0.044663 -0.000851 -0.000619
-0.002820 -0.000851 0.493961 0.103839
-0.000775 -0.000619 0.103839 0.045678
24.072151 1.268457 30.804055 1.966547
0.458076 0.097113 -0.004967 -0.001274
0.097113 0.044515 -0.001346 -0.000646
-0.004967 -0.001346 0.499176 0.104750
-0.001274 -0.000646 0.104750 0.045815
24.502940 1.225218 31.664528 1.940931
0.452709 0.096354 -0.009183 -0.002121
0.096354 0.044350 -0.002199 -0.000746
-0.009183 -0.002199 0.505474 0.105815
-0.002121 -0.000746 0.105815 0.045981
25.440617 1.294736 32.289651 1.868811
0.447621 0.095646 -0.013655 -0.002920
0.095646 0.044194 -0.003007 -0.000833
-0.013655 -0.003007 0.512196 0.106890
-0.002920 -0.000833 0.106890 0.046147
25.954144 1.266043 33.284393 1.881319
0.443645 0.095162 -0.019556 -0.003937
0.095162 0.044082 -0.004042 -0.000969
-0.019556 -0.004042 0.518383 0.107787
-0.003937 -0.000969 0.107787 0.046275
26.421218 1.230467 34.390952 1.915533
0.439619 0.094633 -0.025410 -0.004859
0.094633 0.043952 -0.004981 -0.001085
-0.025410 -0.004981 0.525363 0.108808
-0.004859 -0.001085 0.108808 0.046434
26.972308 1.215566 34.731192 1.788014
0.435407 0.094035 -0.030757 -0.005618
0.094035 0.043804 -0.005748 -0.001171
-0.030757 -0.005748 0.533219 0.109965
-0.005618 -0.001171 0.109965 0.046625
27.777383 1.259667 36.153754 1.897093
0.432418 0.093683 -0.036044 -0.006331
0.093683 0.043706 -0.006471 -0.001258
-0.036044 -0.006471 0.539894 0.110828
-0.006331 -0.001258 0.110828 0.046755
28.545663 1.291735 37.688100 2.017393
0.428929 0.093184 -0.040737 -0.006907
0.093184 0.043572 -0.007043 -0.001324
-0.040737 -0.007043 0.547715 0.111913
-0.006907 -0.001324 0.111913 0.046939
29.384717 1.335231 39.019125 2.083850
0.425295 0.092641 -0.043244 -0.007041
0.092641 0.043428 -0.007139 -0.001307
-0.043244 -0.007139 0.555362 0.112940
-0.007041 -0.001307 0.112940 0.047116
29.903408 1.302863 40.109179 2.092884
0.422471 0.092276 -0.043017 -0.006665
0.092276 0.043326 -0.006700 -0.001199
-0.043017 -0.006700 0.560686 0.113489
-0.006665 -0.001199 0.113489 0.047201
30.122937 1.204645 40.517731 1.961744
0.421163 0.092232 -0.039912 -0.005792
0.092232 0.043295 -0.005751 -0.001010
-0.039912 -0.005751 0.562129 0.113301
-0.005792 -0.001010 0.113301 0.047153
31.044612 1.276191 41.732496 2.010609
0.420754 0.092336 -0.036348 -0.004951
0.092336 0.043290 -0.004851 -0.000855
-0.036348 -0.004851 0.561777 0.112852
-0.004951 -0.000855 0.112852 0.047074
31.961522 1.339507 43.079716 2.080811
0.423467 0.093083 -0.030165 -0.003677
0.093083 0.043423 -0.003530 -0.000629
-0.030165 -0.003530 0.555035 0.111249
-0.003677 -0.000629 0.111249 0.046786
32.637719 1.341152 44.162598 2.089365
0.431580 0.094913 -0.022515 -0.002216
0.094913 0.043779 -0.002074 -0.000386
-0.022515 -0.002074 0.539567 0.108106
-0.002216 -0.000386 0.108106 0.046222
33.332420 1.348526 45.638465 2.176147
0.444526 0.097589 -0.016202 -0.001135
0.097589 0.044289 -0.001064 -0.000242
-0.016202 -0.001064 0.519023 0.104244
-0.001135 -0.000242 0.104244 0.045555
33.546202 1.245049 46.049195 2.037388
0.464328 0.101477 -0.013663 -0.000872
0.101477 0.045024 -0.000959 -0.000276
-0.013663 -0.000959 0.493385 0.099653
-0.000872 -0.000276 0.099653 0.044773
34.536519 1.322912 46.506094 1.924050
0.483123 0.104774 -0.012789 -0.000954
0.104774 0.045584 -0.001147 -0.000356
-0.012789 -0.001147 0.472870 0.096415
-0.000954 -0.000356 0.096415 0.044292
35.203523 1.323720 47.334566 1.896505
0.504290 0.108309 -0.015490 -0.001731
0.108309 0.046176 -0.002025 -0.000560
-0.015490 -0.002025 0.453758 0.093595
-0.001731 -0.000560 0.093595 0.043880
36.413150 1.439148 47.908001 1.819579
0.527925 0.112105 -0.022071 -0.003221
0.112105 0.046808 -0.003584 -0.000882
-0.022071 -0.003584 0.436533 0.091219
-0.003221 -0.000882 0.091219 0.043531
