3.859960 2.506112 1.148008 -0.432834
2.053490 0.821414 -0.226717 -0.090689
0.821414 80.332639 -0.090689 -0.036276
-0.226717 -0.090689 3.101368 1.240574
-0.090689 -0.036276 1.240574 80.500307
7.547803 6.841876 0.319578 -1.423665
3.276963 5.838064 -0.690183 -1.107091
5.838064 17.550125 -1.194657 -2.559076
-0.690183 -1.194657 1.948212 3.290915
-1.107091 -2.559076 3.290915 15.694567
6.307351 1.813015 1.133165 0.222406
2.208624 2.397916 -0.095819 -0.009446
2.397916 4.337286 -0.059111 -0.190150
-0.095819 -0.059111 1.859465 2.280492
-0.009446 -0.190150 2.280492 4.928918
6.647014 1.355285 2.547344 1.368639
1.969523 1.580786 -0.084916 -0.056888
1.580786 1.944929 -0.071468 -0.144583
-0.084916 -0.071468 1.534447 1.355228
-0.056888 -0.144583 1.355228 1.937710
7.389150 1.394981 3.369953 1.463905
1.507902 0.953880 -0.032649 -0.023071
0.953880 0.936790 -0.032218 -0.067114
-0.032649 -0.032218 1.467131 1.010961
-0.023071 -0.067114 1.010961 1.036982
7.221078 0.928412 5.174350 2.067715
1.187272 0.627196 -0.076678 -0.048826
0.627196 0.521478 -0.053766 -0.056400
-0.076678 -0.053766 1.450938 0.811412
-0.048826 -0.056400 0.811412 0.639884
8.641171 1.373105 5.039795 1.516635
1.069319 0.490064 -0.258551 -0.126643
0.490064 0.344568 -0.127881 -0.075664
-0.258551 -0.127881 1.392843 0.652108
-0.126643 -0.075664 0.652108 0.420683
8.992689 1.237020 6.695785 1.877362
0.943774 0.380544 -0.264619 -0.107374
0.380544 0.235463 -0.108241 -0.052248
-0.264619 -0.108241 1.321118 0.530607
-0.107374 -0.052248 0.530607 0.291913
10.344799 1.503211 7.935775 1.984804
0.895517 0.323200 -0.291597 -0.101240
0.323200 0.176759 -0.102310 -0.041252
-0.291597 -0.102310 1.202169 0.423184
-0.101240 -0.041252 0.423184 0.207229
11.290095 1.566103 8.796817 1.944179
0.843467 0.275577 -0.278409 -0.084171
0.275577 0.136872 -0.085208 -0.029948
-0.278409 -0.085208 1.084096 0.341161
-0.084171 -0.029948 0.341161 0.153370
11.780674 1.471137 8.930103 1.700753
0.790488 0.236585 -0.252046 -0.067393
0.236585 0.109324 -0.068247 -0.021465
-0.252046 -0.068247 0.981908 0.281063
-0.067393 -0.021465 0.281063 0.118835
11.553821 1.209568 10.641968 1.922425
0.738794 0.204875 -0.226629 -0.054409
0.204875 0.089998 -0.055015 -0.015788
-0.226629 -0.055015 0.903105 0.238670
-0.054409 -0.015788 0.238670 0.096582
12.339622 1.246981 10.621513 1.679307
0.707846 0.183950 -0.204330 -0.044481
0.183950 0.077524 -0.045232 -0.011994
-0.204330 -0.045232 0.818448 0.202207
-0.044481 -0.011994 0.202207 0.080300
13.141773 1.284456 10.830630 1.532034
0.671479 0.164995 -0.183511 -0.036650
0.164995 0.068011 -0.037263 -0.009283
-0.183511 -0.037263 0.759061 0.177608
-0.036650 -0.009283 0.177608 0.069836
13.371469 1.199773 12.749684 1.788725
0.635307 0.149017 -0.163287 -0.030162
0.149017 0.060972 -0.030558 -0.007263
-0.163287 -0.030558 0.713055 0.159727
-0.030162 -0.007263 0.159727 0.062715
14.667033 1.366302 14.261949 1.931763
0.610419 0.138003 -0.142285 -0.024285
0.138003 0.056302 -0.024688 -0.005664
-0.142285 -0.024688 0.663871 0.143689
-0.024285 -0.005664 0.143689 0.057176
15.870520 1.484988 15.490399 1.993775
0.586487 0.128817 -0.118809 -0.018609
0.128817 0.052836 -0.018949 -0.004279
-0.118809 -0.018949 0.621966 0.131353
-0.018609 -0.004279 0.131353 0.053274
16.944732 1.552138 16.077499 1.911645
0.564726 0.121364 -0.096292 -0.013741
0.121364 0.050301 -0.013996 -0.003193
-0.096292 -0.013996 0.588104 0.122204
-0.013741 -0.003193 0.122204 0.050590
17.000668 1.407292 17.809135 2.064586
0.545197 0.115343 -0.077088 -0.010003
0.115343 0.048451 -0.010164 -0.002423
-0.077088 -0.010164 0.562589 0.115788
-0.010003 -0.002423 0.115788 0.048815
16.983725 1.256857 18.967023 2.083105
0.531770 0.111347 -0.060476 -0.007032
0.111347 0.047289 -0.007185 -0.001860
-0.060476 -0.007185 0.539494 0.110515
-0.007032 -0.001860 0.110515 0.047486
17.240687 1.180045 20.091960 2.096829
0.521984 0.108584 -0.046772 -0.004815
0.108584 0.046541 -0.004978 -0.001470
-0.046772 -0.004978 0.520399 0.106537
-0.004815 -0.001470 0.106537 0.046560
17.932878 1.200755 21.075534 2.084307
0.514221 0.106562 -0.035054 -0.003086
0.106562 0.046046 -0.003250 -0.001176
-0.035054 -0.003250 0.505438 0.103722
-0.003086 -0.001176 0.103722 0.045953
18.692034 1.235889 22.452998 2.154600
0.507199 0.104919 -0.025111 -0.001755
0.104919 0.045690 -0.001903 -0.000952
-0.025111 -0.001903 0.494790 0.101971
-0.001755 -0.000952 0.101971 0.045603
19.722334 1.320679 23.423969 2.134805
0.500567 0.103530 -0.016465 -0.000683
0.103530 0.045423 -0.000805 -0.000765
-0.016465 -0.000805 0.487819 0.101045
-0.000683 -0.000765 0.101045 0.045433
19.492448 1.137054 24.680667 2.170528
0.494101 0.102300 -0.009957 -0.000021
0.102300 0.045209 -0.000115 -0.000646
-0.009957 -0.000115 0.484090 0.100771
-0.000021 -0.000646 0.100771 0.045390
20.248773 1.175010 25.405631 2.095746
0.488345 0.101318 -0.004229 0.000550
0.101318 0.045059 0.000477 -0.000527
-0.004229 0.000477 0.482296 0.100829
0.000550 -0.000527 0.100829 0.045398
21.228218 1.257019 26.729346 2.154319
0.482821 0.100445 -0.000566 0.000759
0.100445 0.044931 0.000704 -0.000469
-0.000566 0.000704 0.482418 0.101191
0.000759 -0.000469 0.101191 0.045451
21.977718 1.282025 27.488862 2.087647
0.476611 0.099471 0.001008 0.000624
0.099471 0.044778 0.000585 -0.000466
0.001008 0.000585 0.484891 0.101938
0.000624 -0.000466 0.101938 0.045568
22.972877 1.356197 28.303167 2.039394
0.470845 0.098633 0.000777 0.000224
0.098633 0.044650 0.000194 -0.000503
0.000777 0.000194 0.488234 0.102740
0.000224 -0.000503 0.102740 0.045679
23.546416 1.334304 29.075412 1.987369
0.465525 0.097910 -0.001570 -0.000497
0.097910 0.044540 -0.000525 -0.000592
-0.001570 -0.000525 0.492187 0.103555
-0.000497 -0.000592 0.103555 0.045782
24.261708 1.344270 30.415733 2.060191
0.460639 0.097283 -0.004877 -0.001285
0.097283 0.044441 -0.001316 -0.000683
-0.004877 -0.001316 0.496599 0.104369
-0.001285 -0.000683 0.104369 0.045880
24.765720 1.308667 31.354770 2.041177
0.455162 0.096521 -0.009536 -0.002236
0.096521 0.044303 -0.002278 -0.000800
-0.009536 -0.002278 0.502640 0.105441
-0.002236 -0.000800 0.105441 0.046031
25.074055 1.234923 32.714967 2.112301
0.449928 0.095809 -0.014612 -0.003158
0.095809 0.044168 -0.003213 -0.000907
-0.014612 -0.003213 0.509308 0.106550
-0.003158 -0.000907 0.106550 0.046187
25.565585 1.208044 33.936168 2.146680
0.444045 0.094947 -0.019420 -0.003933
0.094947 0.043994 -0.003998 -0.000982
-0.019420 -0.003998 0.517662 0.107925
-0.003933 -0.000982 0.107925 0.046398
25.460481 1.055622 34.882470 2.119679
0.438234 0.094101 -0.024137 -0.004627
0.094101 0.043819 -0.004700 -0.001047
-0.024137 -0.004700 0.526829 0.109372
-0.004627 -0.001047 0.109372 0.046622
25.878502 1.032510 36.298540 2.193129
0.432758 0.093326 -0.026950 -0.004889
0.093326 0.043656 -0.004949 -0.001028
-0.026950 -0.004949 0.535898 0.110712
-0.004889 -0.001028 0.110712 0.046823
26.879027 1.135746 36.638262 2.038594
0.427622 0.092616 -0.028913 -0.004988
0.092616 0.043501 -0.005026 -0.000991
-0.028913 -0.005026 0.544910 0.111977
-0.004988 -0.000991 0.111977 0.047013
28.249852 1.310176 37.527551 2.014278
0.424072 0.092228 -0.032226 -0.005391
0.092228 0.043410 -0.005433 -0.001040
-0.032226 -0.005433 0.552343 0.112870
-0.005391 -0.001040 0.112870 0.047133
28.796760 1.286576 38.547849 2.016586
0.421460 0.091995 -0.036333 -0.005954
0.091995 0.043341 -0.006019 -0.001132
-0.036333 -0.006019 0.558929 0.113587
-0.005954 -0.001132 0.113587 0.047230
29.639780 1.329113 39.240746 1.953537
0.419449 0.091847 -0.038156 -0.006042
0.091847 0.043283 -0.006097 -0.001126
-0.038156 -0.006097 0.563860 0.113998
-0.006042 -0.001126 0.113998 0.047281
29.973137 1.254729 39.879956 1.884002
0.418222 0.091819 -0.038861 -0.005939
0.091819 0.043245 -0.005976 -0.001092
-0.038861 -0.005976 0.566988 0.114102
-0.005939 -0.001092 0.114102 0.047289
30.571509 1.250088 41.177122 1.955175
0.417787 0.091915 -0.037740 -0.005519
0.091915 0.043229 -0.005520 -0.001003
-0.037740 -0.005520 0.567838 0.113834
-0.005519 -0.001003 0.113834 0.047241
30.546594 1.102304 41.323446 1.785386
0.419622 0.092469 -0.033036 -0.004447
0.092469 0.043312 -0.004385 -0.000790
-0.033036 -0.004385 0.563036 0.112558
-0.004447 -0.000790 0.112558 0.047014
31.018897 1.081883 41.630633 1.667918
0.421319 0.092891 -0.029031 -0.003642
0.092891 0.043353 -0.003540 -0.000658
-0.029031 -0.003540 0.558767 0.111568
-0.003642 -0.000658 0.111568 0.046873
31.175983 1.002868 43.621382 1.897256
0.423456 0.093340 -0.025206 -0.002957
0.093340 0.043397 -0.002830 -0.000561
-0.025206 -0.002830 0.553823 0.110577
-0.002957 -0.000561 0.110577 0.046745
32.105124 1.097019 44.539080 1.893022
0.432263 0.095212 -0.018694 -0.001766
0.095212 0.043757 -0.001645 -0.000364
-0.018694 -0.001645 0.537703 0.107477
-0.001766 -0.000364 0.107477 0.046206
32.619995 1.088468 45.201282 1.835816
0.445008 0.097749 -0.013411 -0.000903
0.097749 0.044236 -0.000839 -0.000248
-0.013411 -0.000839 0.517816 0.103890
-0.000903 -0.000248 0.103890 0.045602
32.984875 1.049484 46.184913 1.848489
0.459631 0.100450 -0.010041 -0.000477
0.100450 0.044719 -0.000486 -0.000222
-0.010041 -0.000486 0.498192 0.100615
-0.000477 -0.000222 0.100615 0.045083
33.674082 1.085506 47.225430 1.872639
0.477160 0.103547 -0.009221 -0.000571
0.103547 0.045266 -0.000671 -0.000293
-0.009221 -0.000671 0.478229 0.097451
-0.000571 -0.000293 0.097451 0.044589
34.752622 1.201890 48.661383 1.976801
0.498531 0.107223 -0.011981 -0.001353
0.107223 0.045917 -0.001551 -0.000489
-0.011981 -0.001551 0.458036 0.094364
-0.001353 -0.000489 0.094364 0.044099
