-0.842800 0.624967 3.272094 0.416819
41.463505 16.585761 -56.479068 -22.592117
16.585761 86.638515 -22.592117 -9.037042
-56.479068 -22.592117 80.538224 32.215988
-22.592117 -9.037042 32.215988 92.890741
0.049756 3.276351 6.340196 3.541332
72.781608 46.324625 -87.309933 -37.311963
46.324625 50.473293 -53.702022 -43.346301
-87.309933 -53.702022 107.651283 47.563444
-37.311963 -43.346301 47.563444 56.417860
-10.693165 -3.725696 20.304887 7.902305
61.939827 30.108707 -84.351511 -42.931946
30.108707 25.805288 -40.379080 -34.018858
-84.351511 -40.379080 117.832326 61.142884
-42.931946 -34.018858 61.142884 51.835530
-4.191693 -0.099104 12.675497 2.712366
1.103464 0.544632 -1.123284 -0.429303
0.544632 7.292703 0.771327 -8.070786
-1.123284 0.771327 9.244509 5.551849
-0.429303 -8.070786 5.551849 15.473192
-2.305631 2.320390 16.485249 2.636695
2.141293 2.532648 -4.486634 -4.312997
2.532648 5.227420 -5.158722 -7.883143
-4.486634 -5.158722 16.800494 13.383014
-4.312997 -7.883143 13.383014 15.414132
-2.247247 1.359907 19.565103 4.027760
2.580954 2.127697 -7.127638 -4.552516
2.127697 2.550058 -5.495652 -4.597880
-7.127638 -5.495652 29.023390 16.598944
-4.552516 -4.597880 16.598944 11.360091
0.938543 2.971077 15.705315 0.939337
1.201710 0.743897 -3.473007 -1.704579
0.743897 0.847693 -1.491429 -1.296212
-3.473007 -1.491429 25.059732 10.042496
-1.704579 -1.296212 10.042496 4.962522
2.754875 3.236938 17.877474 1.313919
2.083065 1.099294 -6.058210 -2.518211
1.099294 0.782820 -2.902651 -1.492680
-6.058210 -2.902651 26.213126 9.821670
-2.518211 -1.492680 9.821670 4.241949
3.958887 3.042245 19.284372 1.620895
2.562153 1.086127 -8.376603 -2.839084
1.086127 0.585559 -3.284790 -1.285244
-8.376603 -3.284790 35.862104 11.415132
-2.839084 -1.285244 11.415132 3.992496
5.149150 2.906450 20.595793 1.808208
2.073562 0.717609 -7.661538 -2.176391
0.717609 0.335317 -2.358713 -0.784782
-7.661538 -2.358713 38.228414 10.240691
-2.176391 -0.784782 10.240691 2.993472
6.371718 2.852218 22.929946 2.136944
1.214366 0.358948 -4.841671 -1.197149
0.358948 0.172582 -1.079298 -0.350393
-4.841671 -1.079298 32.179601 7.329661
-1.197149 -0.350393 7.329661 1.856695
6.034625 2.399411 32.008124 3.885257
0.513802 0.163336 -1.051364 -0.277648
0.163336 0.104814 0.029660 -0.070015
-1.051364 0.029660 17.022157 3.255683
-0.277648 -0.070015 3.255683 0.770695
7.928224 2.494522 26.725556 2.556515
0.543446 0.194753 0.462833 -0.007961
0.194753 0.106706 0.223241 -0.027931
0.462833 0.223241 3.314697 0.485909
-0.007961 -0.027931 0.485909 0.194978
9.339558 2.543787 27.563414 2.453654
0.647267 0.213213 0.786026 0.035579
0.213213 0.100637 0.277221 -0.010356
0.786026 0.277221 3.403035 0.471474
0.035579 -0.010356 0.471474 0.171129
10.956675 2.650934 27.835874 2.227667
0.825644 0.246038 1.104557 0.069535
0.246038 0.099821 0.323329 0.001818
1.104557 0.323329 3.408332 0.440735
0.069535 0.001818 0.440735 0.148825
12.256436 2.650731 28.360087 2.122718
1.065224 0.286831 1.407973 0.095057
0.286831 0.101423 0.360670 0.010155
1.407973 0.360670 3.386881 0.407549
0.095057 0.010155 0.407549 0.129901
13.617802 2.667733 29.051595 2.047447
1.366904 0.335202 1.671178 0.107984
0.335202 0.105054 0.386118 0.014545
1.671178 0.386118 3.243265 0.358533
0.107984 0.014545 0.358533 0.111963
14.573622 2.620449 28.209362 1.743852
1.707968 0.386295 1.822171 0.099127
0.386295 0.109520 0.387724 0.013849
1.822171 0.387724 2.877804 0.285573
0.099127 0.013849 0.285573 0.094270
15.655675 2.570103 28.947899 1.750004
2.100923 0.437388 2.064804 0.108218
0.437388 0.113024 0.404888 0.016566
2.064804 0.404888 2.827636 0.263676
0.108218 0.016566 0.263676 0.085112
16.448722 2.520389 28.092586 1.469881
2.494699 0.485662 2.133361 0.087804
0.485662 0.116641 0.391876 0.013587
2.133361 0.391876 2.490739 0.208816
0.087804 0.013587 0.208816 0.074227
17.556250 2.521105 27.956654 1.311376
2.961441 0.537693 2.305377 0.086328
0.537693 0.120141 0.396271 0.014078
2.305377 0.396271 2.384529 0.188040
0.086328 0.014078 0.188040 0.068190
18.206054 2.447424 27.411406 1.136752
3.391049 0.580550 2.322145 0.063010
0.580550 0.122518 0.377036 0.010892
2.322145 0.377036 2.110207 0.151630
0.063010 0.010892 0.151630 0.061994
18.490997 2.302813 27.227592 1.087652
3.857519 0.623280 2.364156 0.047153
0.623280 0.124610 0.363149 0.009116
2.364156 0.363149 1.920148 0.129153
0.047153 0.009116 0.129153 0.057868
18.964395 2.240238 26.359638 0.857440
4.362263 0.665513 2.447532 0.041637
0.665513 0.126345 0.356066 0.008982
2.447532 0.356066 1.810723 0.118268
0.041637 0.008982 0.118268 0.055089
20.291762 2.288686 26.417427 0.753479
4.788506 0.689314 2.545047 0.052137
0.689314 0.125061 0.350239 0.011028
2.545047 0.350239 1.769426 0.119726
0.052137 0.011028 0.119726 0.053414
20.702110 2.191976 26.331806 0.724282
4.402010 0.613691 1.878275 -0.025142
0.613691 0.112462 0.247518 0.000912
1.878275 0.247518 1.182119 0.074479
-0.025142 0.000912 0.074479 0.050409
22.018155 2.221683 26.768410 0.720388
4.177269 0.564821 1.387399 -0.079870
0.564821 0.104372 0.175373 -0.005564
1.387399 0.175373 0.814111 0.054129
-0.079870 -0.005564 0.054129 0.049963
24.113058 2.345293 27.559040 0.734789
3.048821 0.405429 0.573382 -0.133097
0.405429 0.083025 0.066393 -0.011742
0.573382 0.066393 0.441343 0.052933
-0.133097 -0.011742 0.052933 0.052971
25.694200 2.396696 28.051605 0.733368
1.948410 0.256884 0.028111 -0.143533
0.256884 0.064057 -0.003189 -0.012301
0.028111 -0.003189 0.335594 0.078502
-0.143533 -0.012301 0.078502 0.057803
26.126552 2.298196 28.217310 0.731369
1.489182 0.195851 -0.224645 -0.147683
0.195851 0.056915 -0.032026 -0.012040
-0.224645 -0.032026 0.384552 0.108649
-0.147683 -0.012040 0.108649 0.062677
27.671461 2.352162 28.667456 0.735187
1.358975 0.179012 -0.400456 -0.159551
0.179012 0.055555 -0.049405 -0.012846
-0.400456 -0.049405 0.486124 0.139071
-0.159551 -0.012846 0.139071 0.067391
28.697579 2.331018 29.043593 0.741028
1.267329 0.166432 -0.547406 -0.168824
0.166432 0.054478 -0.061625 -0.013278
-0.547406 -0.061625 0.634550 0.172996
-0.168824 -0.013278 0.172996 0.072205
30.364525 2.411775 29.505227 0.760524
1.238208 0.161720 -0.690595 -0.180259
0.161720 0.054214 -0.072292 -0.014069
-0.690595 -0.072292 0.820106 0.209033
-0.180259 -0.014069 0.209033 0.076908
30.657364 2.259468 29.868417 0.747745
1.216171 0.156968 -0.826413 -0.190630
0.156968 0.053662 -0.080487 -0.014664
-0.826413 -0.080487 1.045793 0.247950
-0.190630 -0.014664 0.247950 0.081684
31.687335 2.241153 30.233377 0.743412
1.263204 0.161536 -0.989079 -0.206274
0.161536 0.054173 -0.092608 -0.016323
-0.989079 -0.092608 1.304888 0.287222
-0.206274 -0.016323 0.287222 0.085831
32.983152 2.282141 30.718159 0.774803
1.325687 0.167071 -1.164238 -0.222987
0.167071 0.054541 -0.105589 -0.018152
-1.164238 -0.105589 1.603421 0.328286
-0.222987 -0.018152 0.328286 0.089850
34.287758 2.316337 31.133117 0.787199
1.396932 0.172581 -1.352027 -0.240489
0.172581 0.054681 -0.119178 -0.020035
-1.352027 -0.119178 1.944118 0.371437
-0.240489 -0.020035 0.371437 0.093861
35.689687 2.376291 31.662343 0.826115
1.472450 0.177478 -1.551925 -0.258512
0.177478 0.054582 -0.133021 -0.021870
-1.551925 -0.133021 2.329489 0.416887
-0.258512 -0.021870 0.416887 0.097942
36.775293 2.354807 32.072321 0.820690
1.556088 0.182537 -1.767442 -0.277345
0.182537 0.054416 -0.147771 -0.023728
-1.767442 -0.147771 2.760452 0.464290
-0.277345 -0.023728 0.464290 0.102012
37.981714 2.359939 32.470427 0.819798
1.653459 0.188755 -2.003245 -0.297326
0.188755 0.054359 -0.164404 -0.025716
-2.003245 -0.164404 3.236474 0.513022
-0.297326 -0.025716 0.513022 0.105950
38.724016 2.257866 32.766289 0.777384
1.758509 0.195121 -2.256834 -0.318004
0.195121 0.054297 -0.181958 -0.027665
-2.256834 -0.181958 3.760848 0.563634
-0.318004 -0.027665 0.563634 0.109909
39.301616 2.142579 33.190065 0.755453
1.882660 0.203569 -2.536100 -0.339985
0.203569 0.054503 -0.202419 -0.029814
-2.536100 -0.202419 4.328991 0.614689
-0.339985 -0.029814 0.614689 0.113612
40.382171 2.153397 33.680839 0.774494
2.038047 0.216113 -2.847704 -0.363486
0.216113 0.055239 -0.227985 -0.032381
-2.847704 -0.227985 4.926759 0.663547
-0.363486 -0.032381 0.663547 0.116661
41.737993 2.243550 34.454751 0.849826
2.208821 0.229589 -3.184422 -0.387931
0.229589 0.056062 -0.255237 -0.034918
-3.184422 -0.255237 5.568651 0.713357
-0.387931 -0.034918 0.713357 0.119696
43.062336 2.317988 35.278546 0.920886
2.401577 0.245106 -3.549771 -0.413375
0.245106 0.057122 -0.285282 -0.037544
-3.549771 -0.285282 6.247119 0.762735
-0.413375 -0.037544 0.762735 0.122502
44.005711 2.245277 35.397427 0.859467
2.619451 0.263088 -3.944757 -0.439674
0.263088 0.058466 -0.318442 -0.040276
-3.944757 -0.318442 6.955294 0.810781
-0.439674 -0.040276 0.810781 0.124987
45.240764 2.279044 35.951921 0.883214
2.835132 0.278009 -4.361373 -0.467066
0.278009 0.059345 -0.348604 -0.042535
-4.361373 -0.348604 7.744112 0.865435
-0.467066 -0.042535 0.865435 0.128307
45.953248 2.184120 36.354459 0.854472
3.064116 0.293178 -4.804932 -0.495310
0.293178 0.060228 -0.379382 -0.044708
-4.804932 -0.379382 8.588184 0.922037
-0.495310 -0.044708 0.922037 0.131712
46.723039 2.078360 36.303504 0.772244
3.316952 0.310487 -5.280385 -0.524397
0.310487 0.061353 -0.412917 -0.046995
-5.280385 -0.412917 9.472882 0.978144
-0.524397 -0.046995 0.978144 0.134858
47.762093 2.060919 36.461498 0.742316
3.554127 0.322882 -5.766170 -0.553677
0.322882 0.061828 -0.440759 -0.048678
-5.766170 -0.440759 10.443363 1.041034
-0.553677 -0.048678 1.041034 0.138769
