5.855457 3.304328 0.656545 -0.629424
2.470482 0.988214 -0.052654 -0.021062
0.988214 80.399361 -0.021062 -0.008425
-0.052654 -0.021062 2.434012 0.973626
-0.021062 -0.008425 0.973626 80.393525
3.807217 -3.171465 -1.007894 -3.010387
2.243462 3.922170 -0.044877 -0.068363
3.922170 15.248141 -0.068062 -0.253466
-0.044877 -0.068062 2.278419 3.990492
-0.068363 -0.253466 3.990492 15.274819
3.257398 -1.970129 0.133394 0.041291
1.989746 2.302681 -0.059404 -0.066821
2.302681 4.554225 -0.066866 -0.113700
-0.059404 -0.066866 2.016321 2.324328
-0.066821 -0.113700 2.324328 4.553497
5.103868 0.419406 1.141105 0.873643
1.709575 1.441918 -0.049673 -0.039757
1.441918 1.911563 -0.039779 -0.046807
-0.049673 -0.039779 1.721197 1.445678
-0.039757 -0.046807 1.445678 1.907138
6.516062 1.215698 3.095873 1.874764
1.476811 0.976034 -0.037334 -0.023183
0.976034 0.976153 -0.023179 -0.021814
-0.037334 -0.023179 1.487322 0.979762
-0.023183 -0.021814 0.979762 0.976244
7.169168 1.240972 5.095114 2.450127
1.295374 0.703740 -0.027760 -0.014247
0.703740 0.567389 -0.014238 -0.011527
-0.027760 -0.014238 1.303285 0.706127
-0.014247 -0.011527 0.706127 0.567845
9.888720 2.210154 6.375906 2.476454
1.152746 0.532229 -0.021325 -0.009465
0.532229 0.361642 -0.009458 -0.006812
-0.021325 -0.009458 1.157351 0.533176
-0.009465 -0.006812 0.533176 0.361795
10.240588 1.907099 6.896679 2.188283
1.037064 0.417150 -0.015967 -0.006309
0.417150 0.247116 -0.006303 -0.004206
-0.015967 -0.006303 1.041510 0.418222
-0.006309 -0.004206 0.418222 0.247493
10.002926 1.481383 7.620031 2.056015
0.942950 0.337006 -0.012886 -0.004654
0.337006 0.178867 -0.004649 -0.002854
-0.012886 -0.004649 0.947069 0.338014
-0.004654 -0.002854 0.338014 0.179254
11.004393 1.565559 8.591871 2.037868
0.865554 0.279368 -0.011015 -0.003679
0.279368 0.135994 -0.003676 -0.002058
-0.011015 -0.003676 0.868847 0.280115
-0.003679 -0.002058 0.280115 0.136289
12.086429 1.654048 9.450630 1.990509
0.800908 0.236751 -0.009360 -0.002912
0.236751 0.107927 -0.002909 -0.001507
-0.009360 -0.002909 0.803678 0.237351
-0.002912 -0.001507 0.237351 0.108165
12.445485 1.525703 10.782270 2.082740
0.746489 0.204635 -0.007922 -0.002311
0.204635 0.088987 -0.002309 -0.001120
-0.007922 -0.002309 0.748963 0.205158
-0.002311 -0.001120 0.205158 0.089190
12.527133 1.350614 11.473592 1.992913
0.700637 0.180146 -0.006733 -0.001852
0.180146 0.075929 -0.001851 -0.000846
-0.006733 -0.001851 0.702575 0.180530
-0.001852 -0.000846 0.180530 0.076081
13.407857 1.400693 12.318953 1.956082
0.661786 0.161267 -0.005836 -0.001519
0.161267 0.066773 -0.001518 -0.000653
-0.005836 -0.001518 0.663226 0.161533
-0.001519 -0.000653 0.161533 0.066885
14.327876 1.451911 13.323591 1.962257
0.628762 0.146610 -0.005020 -0.001240
0.146610 0.060279 -0.001239 -0.000507
-0.005020 -0.001239 0.629882 0.146810
-0.001240 -0.000507 0.146810 0.060367
14.401052 1.304982 14.417968 1.987784
0.600744 0.135210 -0.004270 -0.001004
0.135210 0.055648 -0.001003 -0.000393
-0.004270 -0.001003 0.601631 0.135366
-0.001004 -0.000393 0.135366 0.055720
15.175274 1.331623 15.831181 2.079573
0.577114 0.126367 -0.003644 -0.000817
0.126367 0.052345 -0.000816 -0.000308
-0.003644 -0.000816 0.577695 0.126463
-0.000817 -0.000308 0.126463 0.052398
15.576751 1.274922 16.249262 1.946242
0.557238 0.119525 -0.003049 -0.000652
0.119525 0.049996 -0.000651 -0.000240
-0.003049 -0.000651 0.557550 0.119572
-0.000652 -0.000240 0.119572 0.050034
16.112816 1.253506 17.672792 2.041431
0.540600 0.114263 -0.002568 -0.000525
0.114263 0.048336 -0.000524 -0.000189
-0.002568 -0.000524 0.540735 0.114282
-0.000525 -0.000189 0.114282 0.048365
16.638535 1.232350 18.537440 2.008760
0.526818 0.110264 -0.002118 -0.000413
0.110264 0.047179 -0.000413 -0.000147
-0.002118 -0.000413 0.526781 0.110257
-0.000413 -0.000147 0.110257 0.047199
17.510276 1.285526 19.517527 2.003723
0.515494 0.107263 -0.001728 -0.000322
0.107263 0.046386 -0.000322 -0.000115
-0.001728 -0.000322 0.515336 0.107238
-0.000322 -0.000115 0.107238 0.046400
17.709298 1.193451 20.454051 1.990128
0.506284 0.105047 -0.001381 -0.000245
0.105047 0.045854 -0.000245 -0.000089
-0.001381 -0.000245 0.506068 0.105018
-0.000245 -0.000089 0.105018 0.045865
18.426476 1.218446 21.682457 2.038532
0.498909 0.103450 -0.001086 -0.000184
0.103450 0.045510 -0.000183 -0.000070
-0.001086 -0.000183 0.498644 0.103416
-0.000184 -0.000070 0.103416 0.045518
18.648210 1.138066 23.140894 2.129665
0.493072 0.102327 -0.000825 -0.000132
0.102327 0.045295 -0.000132 -0.000054
-0.000825 -0.000132 0.492803 0.102297
-0.000132 -0.000054 0.102297 0.045302
18.982518 1.089230 23.690919 2.022590
0.488528 0.101565 -0.000593 -0.000089
0.101565 0.045169 -0.000089 -0.000041
-0.000593 -0.000089 0.488286 0.101543
-0.000089 -0.000041 0.101543 0.045174
19.264631 1.034567 25.316807 2.150676
0.485055 0.101073 -0.000408 -0.000057
0.101073 0.045100 -0.000057 -0.000031
-0.000408 -0.000057 0.484859 0.101060
-0.000057 -0.000031 0.101060 0.045105
20.278765 1.138372 26.912367 2.259391
0.482427 0.100769 -0.000242 -0.000029
0.100769 0.045065 -0.000029 -0.000023
-0.000242 -0.000029 0.482340 0.100778
-0.000029 -0.000023 0.100778 0.045073
20.563455 1.078797 27.704499 2.188690
0.480449 0.100593 -0.000125 -0.000012
0.100593 0.045049 -0.000012 -0.000018
-0.000125 -0.000012 0.480572 0.100642
-0.000012 -0.000018 0.100642 0.045063
21.126536 1.083767 28.863450 2.202248
0.479011 0.100508 -0.000039 -0.000001
0.100508 0.045042 -0.000001 -0.000014
-0.000039 -0.000001 0.479356 0.100597
-0.000001 -0.000014 0.100597 0.045063
22.157916 1.186667 30.082457 2.227031
0.477962 0.100476 0.000009 0.000002
0.100476 0.045038 0.000002 -0.000012
0.000009 0.000002 0.478584 0.100612
0.000002 -0.000012 0.100612 0.045067
23.054215 1.250457 30.975917 2.180701
0.477192 0.100470 -0.000008 -0.000006
0.100470 0.045033 -0.000006 -0.000012
-0.000008 -0.000006 0.478151 0.100663
-0.000006 -0.000012 0.100663 0.045070
23.512288 1.215221 31.922539 2.150413
0.476640 0.100479 -0.000079 -0.000024
0.100479 0.045025 -0.000024 -0.000014
-0.000079 -0.000024 0.477945 0.100728
-0.000024 -0.000014 0.100728 0.045071
24.174140 1.226673 32.572805 2.060787
0.476231 0.100490 -0.000172 -0.000043
0.100490 0.045013 -0.000043 -0.000017
-0.000172 -0.000043 0.477906 0.100796
-0.000043 -0.000017 0.100796 0.045069
24.463270 1.158215 33.243874 1.984967
0.475937 0.100500 -0.000297 -0.000067
0.100500 0.044998 -0.000067 -0.000020
-0.000297 -0.000067 0.477957 0.100856
-0.000067 -0.000020 0.100856 0.045063
25.557205 1.266984 34.357927 2.010628
0.475710 0.100504 -0.000421 -0.000088
0.100504 0.044982 -0.000088 -0.000022
-0.000421 -0.000088 0.478068 0.100907
-0.000088 -0.000022 0.100907 0.045054
26.090909 1.245888 34.986468 1.931091
0.475500 0.100495 -0.000623 -0.000124
0.100495 0.044962 -0.000124 -0.000028
-0.000623 -0.000124 0.478236 0.100953
-0.000124 -0.000028 0.100953 0.045044
27.011619 1.308840 36.133094 1.969327
0.475320 0.100480 -0.000835 -0.000159
0.100480 0.044942 -0.000159 -0.000033
-0.000835 -0.000159 0.478408 0.100987
-0.000159 -0.000033 0.100987 0.045034
28.081008 1.396560 36.891166 1.921527
0.475120 0.100451 -0.001110 -0.000205
0.100451 0.044921 -0.000205 -0.000041
-0.001110 -0.000205 0.478613 0.101018
-0.000205 -0.000041 0.101018 0.045024
29.171561 1.479488 37.695629 1.888580
0.474941 0.100422 -0.001447 -0.000261
0.100422 0.044902 -0.000262 -0.000051
-0.001447 -0.000262 0.478795 0.101038
-0.000261 -0.000051 0.101038 0.045014
29.492213 1.390893 38.809428 1.924288
0.474775 0.100392 -0.001845 -0.000327
0.100392 0.044884 -0.000328 -0.000062
-0.001845 -0.000328 0.478955 0.101049
-0.000327 -0.000062 0.101049 0.045004
30.795977 1.519539 39.844970 1.939877
0.474547 0.100346 -0.002228 -0.000387
0.100346 0.044864 -0.000387 -0.000072
-0.002228 -0.000387 0.479167 0.101070
-0.000387 -0.000072 0.101070 0.044998
31.340762 1.473929 40.156489 1.800981
0.474326 0.100302 -0.002716 -0.000466
0.100302 0.044847 -0.000466 -0.000087
-0.002716 -0.000466 0.479364 0.101087
-0.000466 -0.000087 0.101087 0.044994
32.090500 1.476492 40.570397 1.698399
0.474155 0.100269 -0.003159 -0.000532
0.100269 0.044834 -0.000532 -0.000098
-0.003159 -0.000532 0.479502 0.101092
-0.000532 -0.000098 0.101092 0.044988
32.386434 1.383157 42.011847 1.823082
0.474026 0.100246 -0.003599 -0.000595
0.100246 0.044824 -0.000596 -0.000109
-0.003599 -0.000596 0.479592 0.101088
-0.000595 -0.000109 0.101088 0.044983
33.055927 1.378618 43.246340 1.891132
0.473771 0.100195 -0.004051 -0.000660
0.100195 0.044809 -0.000660 -0.000121
-0.004051 -0.000660 0.479812 0.101115
-0.000660 -0.000121 0.101115 0.044985
33.295055 1.283593 44.587557 1.974282
0.473460 0.100135 -0.004554 -0.000734
0.100135 0.044793 -0.000735 -0.000136
-0.004554 -0.000735 0.480093 0.101154
-0.000734 -0.000136 0.101154 0.044991
34.196465 1.338720 45.965998 2.056855
0.473053 0.100058 -0.005049 -0.000806
0.100058 0.044775 -0.000806 -0.000149
-0.005049 -0.000806 0.480478 0.101214
-0.000806 -0.000149 0.101214 0.045001
34.532955 1.268312 47.012558 2.060468
0.472611 0.099979 -0.005648 -0.000898
0.099979 0.044758 -0.000898 -0.000168
-0.005648 -0.000898 0.480912 0.101282
-0.000898 -0.000168 0.101282 0.045013
34.999560 1.232650 47.741840 1.996984
0.472144 0.099898 -0.006222 -0.000982
0.099898 0.044741 -0.000983 -0.000184
-0.006222 -0.000983 0.481381 0.101355
-0.000982 -0.000184 0.101355 0.045026
35.507850 1.209192 47.973667 1.835517
0.471721 0.099831 -0.006774 -0.001061
0.099831 0.044728 -0.001061 -0.000200
-0.006774 -0.001061 0.481816 0.101417
-0.001061 -0.000200 0.101417 0.045037
