-0.619549 0.714269 3.391770 0.464690
41.463505 16.585761 -56.479068 -22.592117
16.585761 86.638515 -22.592117 -9.037042
-56.479068 -22.592117 80.538224 32.215988
-22.592117 -9.037042 32.215988 92.890741
-0.679921 1.507176 5.774298 2.266059
72.912811 46.626611 -87.126948 -37.051642
46.626611 50.799680 -53.855245 -43.299932
-87.126948 -53.855245 107.011602 47.065261
-37.051642 -43.299932 47.065261 56.105495
0.652576 2.049547 7.377254 3.008384
62.725142 30.660610 -84.962787 -43.266522
30.660610 26.147274 -40.922617 -34.292903
-84.962787 -40.922617 118.023446 61.281301
-43.266522 -34.292903 61.281301 51.899178
-2.857979 0.081237 15.143386 5.818128
74.555906 31.306577 -109.573400 -50.430203
31.306577 20.019609 -45.573357 -29.575182
-109.573400 -45.573357 163.800132 75.882179
-50.430203 -29.575182 75.882179 47.275207
-2.325282 0.273982 17.370702 5.549397
2.629920 0.722956 -5.299453 -2.116658
0.722956 4.798842 -0.480650 -5.910646
-5.299453 -0.480650 15.940772 6.427479
-2.116658 -5.910646 6.427479 10.489653
0.366023 2.088671 15.930429 2.783158
1.370613 0.774272 -3.272732 -1.738086
0.774272 3.067372 0.099198 -3.452106
-3.272732 0.099198 17.688330 6.628368
-1.738086 -3.452106 6.628368 6.998653
1.630322 2.219366 16.612797 2.441078
2.045528 1.343352 -5.615026 -2.945766
1.343352 1.989075 -2.414595 -2.886944
-5.615026 -2.414595 25.163380 10.427331
-2.945766 -2.886944 10.427331 6.670464
1.706901 1.327965 17.422011 2.992406
2.825072 1.492264 -8.720711 -3.665226
1.492264 1.312605 -3.682355 -2.322602
-8.720711 -3.682355 36.544648 13.423388
-3.665226 -2.322602 13.423388 6.151313
3.726165 2.100506 17.046510 1.962953
2.744467 1.113253 -9.726802 -3.259096
1.113253 0.750023 -3.105750 -1.474634
-9.726802 -3.105750 45.523694 13.736846
-3.259096 -1.474634 13.736846 4.847262
5.477354 2.544389 18.729968 1.811774
3.735322 1.309513 -13.321800 -3.881377
1.309513 0.636589 -4.095148 -1.448756
-13.321800 -4.095148 56.804934 15.517959
-3.881377 -1.448756 15.517959 4.690637
6.478124 2.410802 19.636589 1.900050
3.459790 0.990050 -13.507924 -3.352130
0.990050 0.405124 -3.339927 -0.997122
-13.507924 -3.339927 62.690520 14.729407
-3.352130 -0.997122 14.729407 3.771268
8.074592 2.471996 18.216543 1.432043
2.419843 0.570818 -10.483677 -2.259035
0.570818 0.226724 -1.932015 -0.536224
-10.483677 -1.932015 57.192304 11.580034
-2.259035 -0.536224 11.580034 2.573571
10.064071 2.595875 14.656442 0.646383
2.839188 0.668190 -11.105687 -2.249480
0.668190 0.222208 -2.268394 -0.541833
-11.105687 -2.268394 52.024809 10.017856
-2.249480 -0.541833 10.017856 2.108092
11.950984 2.696293 11.966461 0.125473
1.583104 0.446118 -3.281819 -0.757334
0.446118 0.170616 -0.816743 -0.244499
-3.281819 -0.816743 9.757881 1.964234
-0.757334 -0.244499 1.964234 0.541879
12.845380 2.603243 13.631226 0.411065
1.433444 0.402037 -1.863514 -0.476033
0.402037 0.148880 -0.476163 -0.162062
-1.863514 -0.476163 3.798135 0.802195
-0.476033 -0.162062 0.802195 0.291625
13.617821 2.513276 15.998126 0.786385
1.785288 0.462111 -2.044018 -0.498082
0.462111 0.151042 -0.499479 -0.151875
-2.044018 -0.499479 3.319814 0.713648
-0.498082 -0.151875 0.713648 0.255567
15.223814 2.600143 16.157851 0.725105
2.243928 0.527183 -2.601014 -0.574615
0.527183 0.152592 -0.586953 -0.153003
-2.601014 -0.586953 3.878501 0.807975
-0.574615 -0.153003 0.807975 0.254902
16.376900 2.583585 17.228955 0.856188
2.716830 0.588216 -2.989334 -0.607270
0.588216 0.154543 -0.626435 -0.145926
-2.989334 -0.626435 4.033552 0.801898
-0.607270 -0.145926 0.801898 0.234557
18.058615 2.657747 17.108845 0.752960
3.220810 0.644742 -3.419198 -0.637884
0.644742 0.155464 -0.664866 -0.139404
-3.419198 -0.664866 4.305411 0.808022
-0.637884 -0.139404 0.808022 0.218107
19.229670 2.630615 17.719802 0.795588
2.961732 0.562082 -2.688309 -0.449588
0.562082 0.132734 -0.492517 -0.095356
-2.688309 -0.492517 3.011989 0.525126
-0.449588 -0.095356 0.525126 0.151397
20.134803 2.564424 18.685059 0.896239
2.605014 0.473427 -1.946193 -0.280980
0.473427 0.112068 -0.337987 -0.060032
-1.946193 -0.337987 1.944904 0.316009
-0.280980 -0.060032 0.316009 0.106167
22.001555 2.652829 18.344089 0.755341
2.350905 0.411170 -1.414884 -0.166274
0.411170 0.098132 -0.233732 -0.037388
-1.414884 -0.233732 1.285625 0.198898
-0.166274 -0.037388 0.198898 0.081729
22.508034 2.523458 19.415968 0.861338
1.409292 0.243179 -0.489054 -0.014321
0.243179 0.068534 -0.072752 -0.010395
-0.489054 -0.072752 0.563312 0.098803
-0.014321 -0.010395 0.098803 0.065210
24.074608 2.569021 19.511900 0.798714
1.087328 0.186098 -0.141195 0.038932
0.186098 0.058814 -0.015579 -0.001167
-0.141195 -0.015579 0.401670 0.090455
0.038932 -0.001167 0.090455 0.063679
25.014607 2.512577 20.077703 0.822343
0.818943 0.139421 0.062520 0.061671
0.139421 0.051078 0.015456 0.002660
0.062520 0.015456 0.424900 0.112761
0.061671 0.002660 0.112761 0.067203
25.825753 2.436252 20.592279 0.832351
0.651484 0.111342 0.166207 0.067633
0.111342 0.046672 0.027841 0.003455
0.166207 0.027841 0.537340 0.145499
0.067633 0.003455 0.145499 0.071830
26.284743 2.299613 21.073164 0.834483
0.538400 0.093579 0.217460 0.065566
0.093579 0.044088 0.030104 0.002791
0.217460 0.030104 0.696387 0.181485
0.065566 0.002791 0.181485 0.076458
27.273817 2.268635 21.507396 0.838236
0.458752 0.082300 0.237844 0.059572
0.082300 0.042613 0.026359 0.001440
0.237844 0.026359 0.887030 0.218345
0.059572 0.001440 0.218345 0.080796
28.801960 2.340666 22.230227 0.905308
0.396879 0.074661 0.228730 0.049550
0.074661 0.041735 0.017044 -0.000611
0.228730 0.017044 1.102130 0.254930
0.049550 -0.000611 0.254930 0.084718
29.782245 2.302967 22.564894 0.882651
0.345949 0.069671 0.178608 0.033294
0.069671 0.041345 0.000350 -0.003746
0.178608 0.000350 1.322491 0.287629
0.033294 -0.003746 0.287629 0.087595
31.011045 2.315318 23.193308 0.919657
0.314429 0.068222 0.119327 0.018201
0.068222 0.041461 -0.017038 -0.006469
0.119327 -0.017038 1.575602 0.322488
0.018201 -0.006469 0.322488 0.090764
31.708274 2.218153 23.180560 0.837530
0.296876 0.069404 0.035978 0.000990
0.069404 0.041976 -0.037824 -0.009445
0.035978 -0.037824 1.843933 0.355834
0.000990 -0.009445 0.355834 0.093475
32.832416 2.226301 23.384219 0.798179
0.291399 0.071908 -0.041598 -0.012577
0.071908 0.042433 -0.055420 -0.011445
-0.041598 -0.055420 2.176745 0.396293
-0.012577 -0.011445 0.396293 0.097260
34.226567 2.290983 24.108927 0.850333
0.293682 0.075054 -0.124779 -0.025191
0.075054 0.042802 -0.072069 -0.013067
-0.124779 -0.072069 2.560507 0.440389
-0.025191 -0.013067 0.440389 0.101358
35.116731 2.227196 24.485255 0.844475
0.306151 0.079833 -0.238759 -0.041198
0.079833 0.043466 -0.093520 -0.015342
-0.238759 -0.093520 2.962193 0.482365
-0.041198 -0.015342 0.482365 0.104820
35.714790 2.098500 24.581359 0.795595
0.327312 0.085450 -0.369238 -0.057819
0.085450 0.044155 -0.115812 -0.017549
-0.369238 -0.115812 3.406152 0.526160
-0.057819 -0.017549 0.526160 0.108323
37.118117 2.187891 25.338468 0.849468
0.353110 0.090774 -0.505190 -0.073378
0.090774 0.044597 -0.135882 -0.019262
-0.505190 -0.135882 3.913882 0.574687
-0.073378 -0.019262 0.574687 0.112291
38.044962 2.144968 25.576551 0.821797
0.391822 0.098005 -0.674417 -0.091953
0.098005 0.045412 -0.160894 -0.021562
-0.674417 -0.160894 4.439814 0.620707
-0.091953 -0.021562 0.620707 0.115615
39.001105 2.114788 25.879771 0.805653
0.435760 0.104965 -0.854354 -0.110132
0.104965 0.046023 -0.184250 -0.023493
-0.854354 -0.184250 5.031198 0.671174
-0.110132 -0.023493 0.671174 0.119352
40.204917 2.152702 26.377707 0.820742
0.485348 0.111827 -1.048455 -0.128463
0.111827 0.046522 -0.206873 -0.025230
-1.048455 -0.206873 5.681285 0.724640
-0.128463 -0.025230 0.724640 0.123257
41.258859 2.144904 26.628013 0.799974
0.544221 0.119435 -1.265607 -0.148005
0.119435 0.047121 -0.231124 -0.027083
-1.265607 -0.231124 6.378373 0.779105
-0.148005 -0.027083 0.779105 0.127036
42.272476 2.129247 26.969896 0.791279
0.605762 0.126240 -1.492475 -0.167155
0.126240 0.047487 -0.253037 -0.028589
-1.492475 -0.253037 7.144807 0.837557
-0.167155 -0.028589 0.837557 0.131112
43.017874 2.052697 27.502151 0.797942
0.672830 0.132984 -1.735958 -0.186735
0.132984 0.047813 -0.274717 -0.030020
-1.735958 -0.274717 7.970959 0.898253
-0.186735 -0.030020 0.898253 0.135223
44.196186 2.093973 28.071008 0.822725
0.755469 0.141760 -2.014853 -0.208556
0.141760 0.048512 -0.301364 -0.031917
-2.014853 -0.301364 8.831308 0.957389
-0.208556 -0.031917 0.957389 0.138868
44.974345 2.024878 28.356498 0.798730
0.851740 0.151884 -2.323885 -0.231833
0.151884 0.049402 -0.330869 -0.034007
-2.323885 -0.330869 9.733211 1.016152
-0.231833 -0.034007 1.016152 0.142254
46.248181 2.091493 28.858955 0.820321
0.954391 0.161684 -2.651195 -0.255394
0.161684 0.050153 -0.359179 -0.035886
-2.651195 -0.359179 10.705190 1.078218
-0.255394 -0.035886 1.078218 0.145860
47.225556 2.087274 29.695030 0.863448
1.067301 0.171960 -3.003512 -0.279795
0.171960 0.050927 -0.388316 -0.037762
-3.003512 -0.388316 11.736780 1.141885
-0.279795 -0.037762 1.141885 0.149456
48.205865 2.063064 29.841402 0.830516
1.209899 0.186600 -3.404458 -0.306613
0.186600 0.052402 -0.426601 -0.040342
-3.404458 -0.426601 12.739694 1.196665
-0.306613 -0.040342 1.196665 0.151868
49.432739 2.124294 30.684563 0.883899
1.349708 0.198407 -3.814982 -0.333078
0.198407 0.053259 -0.458113 -0.042241
-3.814982 -0.458113 13.878437 1.262303
-0.333078 -0.042241 1.262303 0.155380
50.345900 2.068388 30.551078 0.818115
1.518543 0.214124 -4.271919 -0.361462
0.214124 0.054701 -0.497533 -0.044692
-4.271919 -0.497533 15.005385 1.321011
-0.361462 -0.044692 1.321011 0.157970
