3.051562 2.182746 -0.726113 -1.182499
2.575399 1.030182 -0.261185 -0.104476
1.030182 80.416148 -0.104476 -0.041791
-0.261185 -0.104476 2.388565 0.955447
-0.104476 -0.041791 0.955447 80.386254
3.901357 1.776019 -0.717180 -0.134133
2.221205 3.857776 -0.284576 -0.449546
3.857776 15.381579 -0.441484 -1.440338
-0.284576 -0.441484 2.374914 4.163515
-0.449546 -1.440338 4.163515 15.442403
7.093428 4.484734 1.594626 2.604637
1.965084 2.286447 -0.253080 -0.274181
2.286447 4.605144 -0.272883 -0.495839
-0.253080 -0.272883 2.105878 2.406646
-0.274181 -0.495839 2.406646 4.612324
6.221397 1.841308 3.689471 3.253134
1.676867 1.424782 -0.164334 -0.130760
1.424782 1.920991 -0.129527 -0.181528
-0.164334 -0.129527 1.786459 1.486458
-0.130760 -0.181528 1.486458 1.932077
7.674880 2.198325 6.511030 4.033820
1.470411 0.979593 -0.133633 -0.087095
0.979593 0.988696 -0.086553 -0.094356
-0.133633 -0.086553 1.517000 0.990944
-0.087095 -0.094356 0.990944 0.981537
9.628712 2.666079 4.707571 1.975904
1.299384 0.710572 -0.100371 -0.055425
0.710572 0.575559 -0.055019 -0.051161
-0.100371 -0.055019 1.313901 0.707552
-0.055425 -0.051161 0.707552 0.568948
10.252888 2.336158 6.623058 2.402728
1.145957 0.531730 -0.083696 -0.040395
0.531730 0.363457 -0.040177 -0.031800
-0.083696 -0.040177 1.176038 0.539761
-0.040395 -0.031800 0.539761 0.365785
11.278618 2.279917 7.010426 2.077149
1.030399 0.416296 -0.069092 -0.029686
0.416296 0.247884 -0.029538 -0.020589
-0.069092 -0.029538 1.057425 0.423445
-0.029686 -0.020589 0.423445 0.250453
10.616673 1.633157 8.294233 2.168052
0.935353 0.335612 -0.058064 -0.022536
0.335612 0.179007 -0.022436 -0.013985
-0.058064 -0.022436 0.962080 0.342670
-0.022536 -0.013985 0.342670 0.181625
10.757643 1.415646 8.593838 1.916925
0.860377 0.278715 -0.050923 -0.018010
0.278715 0.136171 -0.017932 -0.010007
-0.050923 -0.017932 0.880255 0.283336
-0.018010 -0.010007 0.283336 0.137889
11.552738 1.440541 10.217223 2.112853
0.797225 0.236436 -0.045629 -0.014787
0.236436 0.108067 -0.014727 -0.007400
-0.045629 -0.014727 0.812823 0.239764
-0.014787 -0.007400 0.239764 0.109327
13.035475 1.650245 11.159632 2.080608
0.744394 0.204646 -0.039521 -0.011836
0.204646 0.089126 -0.011787 -0.005464
-0.039521 -0.011787 0.755519 0.206773
-0.011836 -0.005464 0.206773 0.089993
13.289296 1.503735 11.455274 1.890018
0.698786 0.180103 -0.033419 -0.009327
0.180103 0.075991 -0.009286 -0.004045
-0.033419 -0.009286 0.707936 0.181806
-0.009327 -0.004045 0.181806 0.076702
13.683567 1.415961 13.073746 2.054249
0.660026 0.161164 -0.028901 -0.007551
0.161164 0.066783 -0.007519 -0.003077
-0.028901 -0.007519 0.667870 0.162612
-0.007551 -0.003077 0.162612 0.067386
13.819024 1.282230 14.138314 2.063261
0.627700 0.146613 -0.024646 -0.006058
0.146613 0.060292 -0.006031 -0.002347
-0.024646 -0.006031 0.633254 0.147570
-0.006058 -0.002347 0.147570 0.060737
14.922743 1.386535 14.940181 2.011455
0.600494 0.135341 -0.021065 -0.004887
0.135341 0.055676 -0.004866 -0.001810
-0.021065 -0.004866 0.603750 0.135838
-0.004887 -0.001810 0.135838 0.055984
15.439228 1.347779 15.584586 1.932351
0.577127 0.126500 -0.017754 -0.003897
0.126500 0.052362 -0.003880 -0.001396
-0.017754 -0.003880 0.579179 0.126804
-0.003897 -0.001396 0.126804 0.052604
15.956284 1.314076 16.356826 1.890720
0.557392 0.119643 -0.014965 -0.003115
0.119643 0.050002 -0.003102 -0.001085
-0.014965 -0.003102 0.558610 0.119832
-0.003115 -0.001085 0.119832 0.050198
17.141249 1.425550 16.820398 1.789024
0.540875 0.114372 -0.012549 -0.002480
0.114372 0.048337 -0.002470 -0.000847
-0.012549 -0.002470 0.541448 0.114476
-0.002480 -0.000847 0.114476 0.048495
17.645959 1.381732 17.133664 1.667218
0.526951 0.110316 -0.010377 -0.001947
0.110316 0.047167 -0.001938 -0.000659
-0.010377 -0.001938 0.527450 0.110446
-0.001947 -0.000659 0.110446 0.047312
18.406245 1.396728 19.050544 1.892788
0.515473 0.107265 -0.008588 -0.001532
0.107265 0.046364 -0.001525 -0.000519
-0.008588 -0.001525 0.516015 0.107429
-0.001532 -0.000519 0.107429 0.046499
19.234475 1.423736 20.113047 1.916963
0.506302 0.105049 -0.006831 -0.001150
0.105049 0.045835 -0.001145 -0.000400
-0.006831 -0.001145 0.506578 0.105168
-0.001150 -0.000400 0.105168 0.045943
19.665363 1.365463 21.043735 1.911049
0.498934 0.103447 -0.005307 -0.000840
0.103447 0.045493 -0.000837 -0.000308
-0.005307 -0.000837 0.499043 0.103538
-0.000840 -0.000308 0.103538 0.045580
20.776734 1.454544 22.274135 1.968336
0.493115 0.102324 -0.004048 -0.000601
0.102324 0.045280 -0.000599 -0.000239
-0.004048 -0.000599 0.493104 0.102393
-0.000601 -0.000239 0.102393 0.045350
21.185614 1.388392 23.337345 1.984643
0.488529 0.101551 -0.003021 -0.000420
0.101551 0.045154 -0.000418 -0.000187
-0.003021 -0.000418 0.488563 0.101629
-0.000420 -0.000187 0.101629 0.045215
22.035161 1.420636 23.983877 1.912607
0.484978 0.101042 -0.002227 -0.000292
0.101042 0.045084 -0.000291 -0.000149
-0.002227 -0.000291 0.485162 0.101147
-0.000292 -0.000149 0.101147 0.045140
22.588015 1.388009 25.867704 2.106390
0.482279 0.100726 -0.001685 -0.000217
0.100726 0.045048 -0.000216 -0.000125
-0.001685 -0.000216 0.482675 0.100865
-0.000217 -0.000125 0.100865 0.045104
22.898597 1.307702 26.755634 2.071696
0.480092 0.100510 -0.001376 -0.000187
0.100510 0.045026 -0.000186 -0.000111
-0.001376 -0.000186 0.481082 0.100759
-0.000187 -0.000111 0.100759 0.045096
23.780024 1.355487 28.011603 2.117925
0.478390 0.100377 -0.001224 -0.000183
0.100377 0.045012 -0.000182 -0.000102
-0.001224 -0.000182 0.480103 0.100753
-0.000183 -0.000102 0.100753 0.045101
23.936826 1.245981 29.213755 2.147964
0.476989 0.100282 -0.001360 -0.000232
0.100282 0.044998 -0.000231 -0.000104
-0.001360 -0.000231 0.479665 0.100826
-0.000232 -0.000104 0.100826 0.045113
24.234832 1.177494 29.827375 2.051045
0.475735 0.100190 -0.001583 -0.000288
0.100190 0.044977 -0.000287 -0.000107
-0.001583 -0.000287 0.479707 0.100960
-0.000288 -0.000107 0.100960 0.045131
24.635409 1.137814 30.926892 2.066612
0.474728 0.100126 -0.001875 -0.000348
0.100126 0.044956 -0.000347 -0.000111
-0.001875 -0.000347 0.479957 0.101098
-0.000348 -0.000111 0.101098 0.045144
24.879375 1.069185 31.874376 2.048486
0.473746 0.100041 -0.002303 -0.000428
0.100041 0.044928 -0.000427 -0.000119
-0.002303 -0.000427 0.480504 0.101263
-0.000428 -0.000119 0.101263 0.045158
25.284010 1.041616 32.301440 1.922592
0.472775 0.099940 -0.002786 -0.000511
0.099940 0.044893 -0.000511 -0.000128
-0.002786 -0.000511 0.481258 0.101439
-0.000511 -0.000128 0.101439 0.045173
26.002435 1.083407 33.166568 1.902366
0.471992 0.099863 -0.003326 -0.000599
0.099863 0.044863 -0.000599 -0.000138
-0.003326 -0.000599 0.481960 0.101576
-0.000599 -0.000138 0.101576 0.045178
26.944866 1.168337 34.399264 1.961794
0.471225 0.099775 -0.004100 -0.000730
0.099775 0.044830 -0.000730 -0.000158
-0.004100 -0.000730 0.482737 0.101710
-0.000730 -0.000158 0.101710 0.045183
27.718113 1.208348 35.249103 1.934263
0.470347 0.099651 -0.005250 -0.000931
0.099651 0.044790 -0.000932 -0.000193
-0.005250 -0.000932 0.483697 0.101866
-0.000931 -0.000193 0.101866 0.045195
28.447194 1.234787 36.132223 1.916642
0.469505 0.099530 -0.006607 -0.001161
0.099530 0.044752 -0.001163 -0.000233
-0.006607 -0.001163 0.484662 0.102010
-0.001161 -0.000233 0.102010 0.045206
28.744895 1.167036 37.185332 1.936377
0.468669 0.099405 -0.008138 -0.001414
0.099405 0.044714 -0.001417 -0.000277
-0.008138 -0.001417 0.485657 0.102150
-0.001414 -0.000277 0.102150 0.045218
29.360918 1.173658 37.812744 1.864774
0.467643 0.099237 -0.009639 -0.001647
0.099237 0.044668 -0.001650 -0.000316
-0.009639 -0.001650 0.486877 0.102330
-0.001647 -0.000316 0.102330 0.045241
29.842693 1.151150 38.545788 1.822801
0.466747 0.099099 -0.011203 -0.001883
0.099099 0.044631 -0.001887 -0.000357
-0.011203 -0.001887 0.487982 0.102478
-0.001883 -0.000357 0.102478 0.045258
31.301923 1.339342 39.824317 1.900922
0.465869 0.098965 -0.012777 -0.002113
0.098965 0.044595 -0.002118 -0.000397
-0.012777 -0.002118 0.489092 0.102623
-0.002113 -0.000397 0.102623 0.045277
32.047747 1.356109 41.175650 1.985088
0.465029 0.098837 -0.015095 -0.002494
0.098837 0.044562 -0.002502 -0.000469
-0.015095 -0.002502 0.490282 0.102782
-0.002494 -0.000469 0.102782 0.045301
32.559807 1.320889 42.220107 1.995681
0.463955 0.098658 -0.017649 -0.002906
0.098658 0.044518 -0.002916 -0.000548
-0.017649 -0.002916 0.491828 0.103013
-0.002906 -0.000548 0.103013 0.045342
33.479732 1.376418 43.367660 2.027541
0.462779 0.098461 -0.020167 -0.003292
0.098461 0.044472 -0.003304 -0.000619
-0.020167 -0.003304 0.493565 0.103275
-0.003292 -0.000619 0.103275 0.045389
34.095303 1.360889 44.356645 2.022188
0.461627 0.098274 -0.022972 -0.003726
0.098274 0.044430 -0.003739 -0.000701
-0.022972 -0.003739 0.495418 0.103551
-0.003726 -0.000701 0.103551 0.045439
34.759579 1.358184 45.643755 2.079808
0.460475 0.098091 -0.025763 -0.004142
0.098091 0.044388 -0.004156 -0.000778
-0.025763 -0.004156 0.497375 0.103839
-0.004142 -0.000778 0.103839 0.045492
34.627492 1.184686 46.542624 2.047883
0.459159 0.097874 -0.028667 -0.004572
0.097874 0.044340 -0.004585 -0.000859
-0.028667 -0.004585 0.499666 0.104187
-0.004572 -0.000859 0.104187 0.045557
35.190438 1.178601 47.622396 2.059418
0.457589 0.097611 -0.030940 -0.004861
0.097611 0.044283 -0.004869 -0.000911
-0.030940 -0.004869 0.502209 0.104576
-0.004861 -0.000911 0.104576 0.045630
35.741238 1.169422 48.405365 2.007904
0.456018 0.097355 -0.033284 -0.005171
0.097355 0.044229 -0.005174 -0.000971
-0.033284 -0.005174 0.504882 0.104976
-0.005171 -0.000971 0.104976 0.045704
