-0.441727 0.785400 4.492106 0.904834
2.053490 0.821414 -0.226717 -0.090689
0.821414 80.332639 -0.090689 -0.036276
-0.226717 -0.090689 3.101368 1.240574
-0.090689 -0.036276 1.240574 80.500307
4.146741 8.176803 -0.250944 -7.825698
1.967340 3.497575 -0.792749 -1.306428
3.497575 13.367882 -1.349481 -2.867021
-0.792749 -1.349481 3.409684 5.767675
-1.306428 -2.867021 5.767675 19.891444
6.264247 6.092485 1.641765 -1.418737
2.615293 3.039818 -0.414677 -0.334144
3.039818 5.116745 -0.419281 -0.574873
-0.414677 -0.419281 1.733823 1.922111
-0.334144 -0.574873 1.922111 4.561518
5.327149 2.875209 1.380141 -1.140553
1.895024 1.531840 -0.091135 -0.024829
1.531840 1.838402 -0.057321 -0.121267
-0.091135 -0.057321 1.584070 1.394749
-0.024829 -0.121267 1.394749 2.105669
6.077612 2.432160 2.999722 0.384910
1.770040 1.116971 -0.125424 -0.074849
1.116971 1.001029 -0.084834 -0.107782
-0.125424 -0.084834 1.299653 0.907386
-0.074849 -0.107782 0.907386 1.033468
8.247902 2.916184 4.189427 0.963218
1.367029 0.704880 -0.053032 -0.028256
0.704880 0.534307 -0.037048 -0.050601
-0.053032 -0.037048 1.257359 0.726932
-0.028256 -0.050601 0.726932 0.634797
8.963716 2.586819 4.913746 1.083471
1.071894 0.473511 -0.112307 -0.057492
0.473511 0.318983 -0.060973 -0.048661
-0.112307 -0.060973 1.293379 0.631061
-0.057492 -0.048661 0.631061 0.437647
9.929153 2.451393 6.594891 1.560891
0.921140 0.359774 -0.158825 -0.069248
0.359774 0.216999 -0.070404 -0.041585
-0.158825 -0.070404 1.264227 0.529088
-0.069248 -0.041585 0.529088 0.307954
11.339475 2.519778 6.453856 1.223678
0.845494 0.297437 -0.203320 -0.076006
0.297437 0.161563 -0.075978 -0.035680
-0.203320 -0.075978 1.185623 0.433808
-0.076006 -0.035680 0.433808 0.221354
12.307246 2.425138 8.262595 1.613594
0.771059 0.247185 -0.197126 -0.064184
0.247185 0.124159 -0.064130 -0.026014
-0.197126 -0.064130 1.107453 0.360781
-0.064184 -0.026014 0.360781 0.166100
13.856234 2.524033 8.552336 1.461630
0.722964 0.213854 -0.189899 -0.054776
0.213854 0.100562 -0.054782 -0.019586
-0.189899 -0.054782 1.014553 0.298993
-0.054776 -0.019586 0.298993 0.128039
13.299054 2.021407 9.464288 1.504856
0.673609 0.185776 -0.168221 -0.043441
0.185776 0.083611 -0.043428 -0.014108
-0.168221 -0.043428 0.936608 0.253493
-0.043441 -0.014108 0.253493 0.103063
14.008827 1.946258 10.942183 1.686781
0.640702 0.166467 -0.157654 -0.037015
0.166467 0.072398 -0.037113 -0.011005
-0.157654 -0.037113 0.863938 0.217529
-0.037015 -0.011005 0.217529 0.085706
14.323496 1.780411 11.388631 1.588676
0.614373 0.151753 -0.142803 -0.030653
0.151753 0.064512 -0.030837 -0.008485
-0.142803 -0.030837 0.794501 0.188400
-0.030653 -0.008485 0.188400 0.073334
14.922000 1.710314 12.092909 1.566366
0.590649 0.139829 -0.129365 -0.025606
0.139829 0.058752 -0.025829 -0.006674
-0.129365 -0.025829 0.738226 0.166798
-0.025606 -0.006674 0.166798 0.064878
15.847036 1.733558 13.829845 1.775498
0.569274 0.130179 -0.115439 -0.021170
0.130179 0.054539 -0.021388 -0.005261
-0.115439 -0.021388 0.690975 0.150322
-0.021170 -0.005261 0.150322 0.058961
16.462423 1.682753 15.400541 1.918771
0.551898 0.122820 -0.098529 -0.016658
0.122820 0.051561 -0.016859 -0.004018
-0.098529 -0.016859 0.646822 0.136781
-0.016658 -0.004018 0.136781 0.054602
16.890358 1.591951 16.338924 1.911044
0.538239 0.117304 -0.081718 -0.012673
0.117304 0.049476 -0.012863 -0.003030
-0.081718 -0.012863 0.608046 0.126085
-0.012673 -0.003030 0.126085 0.051469
18.178536 1.695784 17.018181 1.858169
0.526945 0.113044 -0.067186 -0.009559
0.113044 0.047994 -0.009736 -0.002320
-0.067186 -0.009736 0.576654 0.118149
-0.009559 -0.002320 0.118149 0.049319
17.696992 1.416306 18.399420 1.940204
0.515813 0.109398 -0.053515 -0.006902
0.109398 0.046873 -0.007027 -0.001755
-0.053515 -0.007027 0.553041 0.112655
-0.006902 -0.001755 0.112655 0.047928
18.274844 1.390410 19.589526 1.984130
0.508909 0.107108 -0.042559 -0.004971
0.107108 0.046199 -0.005096 -0.001379
-0.042559 -0.005096 0.532137 0.108232
-0.004971 -0.001379 0.108232 0.046903
19.026716 1.404686 20.945905 2.058898
0.503119 0.105358 -0.032630 -0.003355
0.105358 0.045738 -0.003469 -0.001077
-0.032630 -0.003469 0.515786 0.105114
-0.003355 -0.001077 0.105114 0.046238
19.856770 1.432570 22.184548 2.102497
0.497956 0.103966 -0.023689 -0.002007
0.103966 0.045415 -0.002100 -0.000832
-0.023689 -0.002100 0.503593 0.103062
-0.002007 -0.000832 0.103062 0.045834
20.838157 1.489172 23.511051 2.160432
0.493067 0.102800 -0.016255 -0.001001
0.102800 0.045180 -0.001072 -0.000654
-0.016255 -0.001072 0.495177 0.101877
-0.001001 -0.000654 0.101877 0.045621
21.353774 1.440438 24.323857 2.104232
0.488153 0.101760 -0.010698 -0.000379
0.101760 0.044995 -0.000427 -0.000547
-0.010698 -0.000427 0.490086 0.101380
-0.000379 -0.000547 0.101380 0.045543
21.561879 1.332491 24.980319 2.020533
0.483638 0.100908 -0.006925 -0.000086
0.100908 0.044863 -0.000117 -0.000494
-0.006925 -0.000117 0.487190 0.101278
-0.000086 -0.000494 0.101278 0.045529
22.191627 1.324909 26.015221 2.025604
0.479578 0.100225 -0.004373 0.000020
0.100225 0.044772 0.000001 -0.000466
-0.004373 0.000001 0.485851 0.101413
0.000020 -0.000466 0.101413 0.045544
22.374147 1.224644 27.242152 2.069853
0.475352 0.099554 -0.003388 -0.000127
0.099554 0.044681 -0.000136 -0.000475
-0.003388 -0.000136 0.486285 0.101821
-0.000127 -0.000475 0.101821 0.045600
23.420085 1.315579 28.105416 2.034131
0.470495 0.098789 -0.003168 -0.000345
0.098789 0.044567 -0.000348 -0.000486
-0.003168 -0.000348 0.488649 0.102524
-0.000345 -0.000486 0.102524 0.045701
23.787366 1.254387 29.082148 2.025573
0.465898 0.098115 -0.005233 -0.000958
0.098115 0.044469 -0.000959 -0.000571
-0.005233 -0.000959 0.491834 0.103278
-0.000958 -0.000571 0.103278 0.045799
24.337225 1.238125 30.593478 2.130225
0.461088 0.097416 -0.007974 -0.001605
0.097416 0.044360 -0.001608 -0.000651
-0.007974 -0.001608 0.496173 0.104164
-0.001605 -0.000651 0.104164 0.045915
24.809929 1.206940 30.937732 1.979045
0.455201 0.096505 -0.011876 -0.002400
0.096505 0.044199 -0.002410 -0.000756
-0.011876 -0.002410 0.502708 0.105406
-0.002400 -0.000756 0.105406 0.046099
25.588980 1.244249 31.799990 1.952500
0.450728 0.095922 -0.016095 -0.003168
0.095922 0.044105 -0.003186 -0.000850
-0.016095 -0.003186 0.508369 0.106341
-0.003168 -0.000850 0.106341 0.046211
25.681179 1.130469 32.144313 1.820245
0.446706 0.095424 -0.021501 -0.004107
0.095424 0.044019 -0.004141 -0.000980
-0.021501 -0.004141 0.514358 0.107267
-0.004107 -0.000980 0.107267 0.046324
25.690899 1.011470 33.153177 1.839988
0.443437 0.095067 -0.025857 -0.004750
0.095067 0.043954 -0.004793 -0.001047
-0.025857 -0.004793 0.519765 0.108011
-0.004750 -0.001047 0.108011 0.046404
26.128299 0.996885 34.132078 1.852050
0.439441 0.094521 -0.029131 -0.005135
0.094521 0.043838 -0.005174 -0.001066
-0.029131 -0.005174 0.526401 0.108978
-0.005135 -0.001066 0.108978 0.046539
26.298272 0.925147 34.765241 1.790741
0.435389 0.093949 -0.032455 -0.005530
0.093949 0.043710 -0.005563 -0.001100
-0.032455 -0.005563 0.533629 0.110022
-0.005530 -0.001100 0.110022 0.046696
27.305148 1.043856 35.883849 1.838410
0.431717 0.093449 -0.035015 -0.005770
0.093449 0.043596 -0.005789 -0.001112
-0.035015 -0.005789 0.540491 0.110948
-0.005770 -0.001112 0.110948 0.046833
28.363702 1.161673 37.092721 1.899758
0.428310 0.092985 -0.038594 -0.006237
0.092985 0.043483 -0.006258 -0.001185
-0.038594 -0.006258 0.547730 0.111923
-0.006237 -0.001185 0.111923 0.046985
29.294147 1.240175 38.544394 2.003539
0.425137 0.092552 -0.042110 -0.006690
0.092552 0.043374 -0.006711 -0.001260
-0.042110 -0.006711 0.555003 0.112881
-0.006690 -0.001260 0.112881 0.047140
29.322178 1.109999 39.419920 1.974973
0.422270 0.092177 -0.043223 -0.006657
0.092177 0.043277 -0.006646 -0.001236
-0.043223 -0.006646 0.561011 0.113578
-0.006657 -0.001236 0.113578 0.047251
29.701114 1.070766 40.296809 1.951676
0.420336 0.091998 -0.041537 -0.006102
0.091998 0.043222 -0.006036 -0.001114
-0.041537 -0.006036 0.564209 0.113735
-0.006102 -0.001114 0.113735 0.047264
30.378279 1.102265 41.328787 1.963780
0.419726 0.092083 -0.037978 -0.005255
0.092083 0.043222 -0.005133 -0.000949
-0.037978 -0.005133 0.564207 0.113324
-0.005255 -0.000949 0.113324 0.047182
31.684548 1.268065 42.221295 1.950147
0.421266 0.092594 -0.032533 -0.004128
0.092594 0.043309 -0.003958 -0.000746
-0.032533 -0.003958 0.559648 0.112121
-0.004128 -0.000746 0.112121 0.046965
32.354922 1.274922 42.987709 1.908532
0.425880 0.093695 -0.025881 -0.002862
0.093695 0.043514 -0.002673 -0.000532
-0.025881 -0.002673 0.549689 0.110012
-0.002862 -0.000532 0.110012 0.046595
33.121194 1.304433 44.171227 1.955143
0.433492 0.095317 -0.019239 -0.001699
0.095317 0.043814 -0.001526 -0.000356
-0.019239 -0.001526 0.535718 0.107327
-0.001699 -0.000356 0.107327 0.046142
33.847230 1.319027 44.784388 1.882169
0.447065 0.098067 -0.013830 -0.000849
0.098067 0.044339 -0.000762 -0.000254
-0.013830 -0.000762 0.514969 0.103515
-0.000849 -0.000254 0.103515 0.045488
34.350835 1.287167 46.318218 2.001576
0.463497 0.101164 -0.010964 -0.000555
0.101164 0.044903 -0.000576 -0.000264
-0.010964 -0.000576 0.493705 0.099882
-0.000555 -0.000264 0.099882 0.044898
35.176371 1.325278 46.875438 1.911510
0.486271 0.105349 -0.013042 -0.001245
0.105349 0.045671 -0.001426 -0.000468
-0.013042 -0.001426 0.469662 0.095888
-0.001245 -0.000468 0.095888 0.044240
35.401807 1.231527 47.851222 1.914551
0.510940 0.109575 -0.018789 -0.002599
0.109575 0.046407 -0.002904 -0.000775
-0.018789 -0.002904 0.448721 0.092721
-0.002599 -0.000775 0.092721 0.043751
