3.215973 2.248511 3.330902 0.440342
2.053490 0.821414 -0.226717 -0.090689
0.821414 80.332639 -0.090689 -0.036276
-0.226717 -0.090689 3.101368 1.240574
-0.090689 -0.036276 1.240574 80.500307
5.361651 3.983796 -1.020867 -7.294160
3.265558 5.807733 -1.204379 -1.979422
5.807733 17.478347 -2.103893 -4.101785
-1.204379 -2.103893 2.408890 4.062289
-1.979422 -4.101785 4.062289 16.985960
4.255743 0.850347 0.698156 -1.087194
3.074978 3.346058 -0.609664 -0.479341
3.346058 5.361078 -0.585525 -0.731462
-0.609664 -0.585525 1.679543 1.972579
-0.479341 -0.731462 1.972579 4.536268
7.668614 3.226644 2.931126 1.540624
2.651989 2.056301 -0.644325 -0.460916
2.056301 2.278266 -0.476380 -0.481532
-0.644325 -0.476380 1.518764 1.335985
-0.460916 -0.481532 1.335985 1.947243
9.239801 3.183919 1.948705 0.307082
1.515909 0.919184 -0.241193 -0.122062
0.919184 0.904465 -0.131423 -0.141121
-0.241193 -0.131423 1.557074 1.087110
-0.122062 -0.141121 1.087110 1.110076
8.985202 2.240791 6.789144 2.927269
1.225152 0.632015 -0.102424 -0.041736
0.632015 0.527575 -0.049909 -0.065024
-0.102424 -0.049909 1.412952 0.795856
-0.041736 -0.065024 0.795856 0.638864
8.866915 1.685426 7.454021 2.548646
1.103098 0.497915 -0.242489 -0.112486
0.497915 0.352831 -0.113911 -0.080533
-0.242489 -0.113911 1.326195 0.624817
-0.112486 -0.080533 0.624817 0.411984
8.697252 1.284243 7.137786 1.904892
1.037395 0.414927 -0.300192 -0.121909
0.414927 0.253664 -0.122307 -0.067540
-0.300192 -0.122307 1.215296 0.492231
-0.121909 -0.067540 0.492231 0.279361
9.226527 1.243715 7.970617 1.862216
0.967482 0.346473 -0.320597 -0.113716
0.346473 0.188263 -0.114056 -0.052672
-0.320597 -0.114056 1.131329 0.402904
-0.113716 -0.052672 0.402904 0.202347
9.633999 1.176995 9.812341 2.152586
0.907519 0.294487 -0.312500 -0.097860
0.294487 0.145414 -0.098242 -0.039526
-0.312500 -0.098242 1.037287 0.330615
-0.097860 -0.039526 0.330615 0.151638
10.469574 1.247013 10.182349 1.947962
0.863821 0.256975 -0.283802 -0.079292
0.256975 0.117262 -0.079792 -0.028831
-0.283802 -0.079792 0.924907 0.268115
-0.079292 -0.028831 0.268115 0.116162
11.758894 1.429912 10.876240 1.876042
0.810899 0.223367 -0.254760 -0.064319
0.223367 0.096511 -0.064737 -0.021389
-0.254760 -0.064737 0.844883 0.226312
-0.064319 -0.021389 0.226312 0.094066
12.315269 1.385737 11.463041 1.786233
0.754075 0.194412 -0.222176 -0.051143
0.194412 0.081290 -0.051357 -0.015825
-0.222176 -0.051357 0.781798 0.196094
-0.051143 -0.015825 0.196094 0.079387
12.855330 1.351359 12.716239 1.871341
0.705810 0.172157 -0.193969 -0.041082
0.172157 0.070647 -0.041167 -0.011978
-0.193969 -0.041167 0.728677 0.173108
-0.041082 -0.011978 0.173108 0.069207
13.637627 1.378248 13.835217 1.914297
0.667135 0.155507 -0.166929 -0.032675
0.155507 0.063252 -0.032729 -0.009117
-0.166929 -0.032729 0.679047 0.154391
-0.032675 -0.009117 0.154391 0.061808
14.483733 1.416980 15.100480 1.984044
0.633789 0.142440 -0.141375 -0.025653
0.142440 0.057940 -0.025689 -0.006958
-0.141375 -0.025689 0.636404 0.139872
-0.025653 -0.006958 0.139872 0.056560
15.421154 1.468054 16.152978 1.999248
0.605327 0.132230 -0.117262 -0.019721
0.132230 0.054125 -0.019749 -0.005298
-0.117262 -0.019749 0.600040 0.128633
-0.019721 -0.005298 0.128633 0.052834
16.307560 1.501412 17.205247 2.011843
0.580682 0.124163 -0.095557 -0.014881
0.124163 0.051361 -0.014896 -0.004044
-0.095557 -0.014896 0.570657 0.120259
-0.014881 -0.004044 0.120259 0.050252
16.997942 1.491220 18.483395 2.068398
0.559887 0.117904 -0.076407 -0.010978
0.117904 0.049385 -0.010984 -0.003098
-0.076407 -0.010984 0.547101 0.114064
-0.010978 -0.003098 0.114064 0.048474
17.469931 1.435613 19.710386 2.106235
0.543152 0.113228 -0.059554 -0.007814
0.113228 0.048014 -0.007825 -0.002376
-0.059554 -0.007825 0.527875 0.109425
-0.007814 -0.002376 0.109425 0.047240
18.404469 1.482054 20.940055 2.144534
0.529892 0.109790 -0.045165 -0.005330
0.109790 0.047078 -0.005352 -0.001836
-0.045165 -0.005352 0.512508 0.106030
-0.005330 -0.001836 0.106030 0.046402
18.573070 1.361396 21.691657 2.074208
0.518480 0.107093 -0.032840 -0.003373
0.107093 0.046409 -0.003396 -0.001422
-0.032840 -0.003396 0.501320 0.103789
-0.003373 -0.001422 0.103789 0.045883
19.454678 1.401411 22.460491 2.019582
0.509469 0.105147 -0.023143 -0.001998
0.105147 0.045965 -0.002024 -0.001135
-0.023143 -0.002024 0.492932 0.102280
-0.001998 -0.001135 0.102280 0.045555
19.891625 1.348567 23.850522 2.097621
0.501533 0.103589 -0.015649 -0.001072
0.103589 0.045641 -0.001093 -0.000935
-0.015649 -0.001093 0.487544 0.101469
-0.001072 -0.000935 0.101469 0.045389
20.610102 1.356764 24.606342 2.036576
0.494397 0.102314 -0.009540 -0.000387
0.102314 0.045398 -0.000401 -0.000775
-0.009540 -0.000401 0.484561 0.101166
-0.000387 -0.000775 0.101166 0.045329
21.478754 1.396026 25.521265 2.015354
0.488049 0.101280 -0.005429 -0.000057
0.101280 0.045214 -0.000064 -0.000679
-0.005429 -0.000064 0.483418 0.101209
-0.000057 -0.000679 0.101209 0.045332
21.723109 1.301071 26.144967 1.934191
0.482147 0.100383 -0.003298 -0.000057
0.100383 0.045061 -0.000058 -0.000639
-0.003298 -0.000058 0.483886 0.101525
-0.000057 -0.000639 0.101525 0.045381
22.033349 1.229848 26.919422 1.893509
0.477031 0.099679 -0.002123 -0.000156
0.099679 0.044945 -0.000153 -0.000607
-0.002123 -0.000153 0.485156 0.101931
-0.000156 -0.000607 0.101931 0.045436
22.418315 1.181661 28.361421 1.997605
0.472255 0.099049 -0.001813 -0.000340
0.099049 0.044837 -0.000337 -0.000584
-0.001813 -0.000337 0.487339 0.102453
-0.000340 -0.000584 0.102453 0.045507
23.159800 1.213365 29.407877 2.007583
0.466529 0.098213 -0.002452 -0.000634
0.098213 0.044679 -0.000635 -0.000579
-0.002452 -0.000635 0.491595 0.103336
-0.000634 -0.000579 0.103336 0.045647
23.591078 1.176385 30.185147 1.960093
0.460749 0.097376 -0.004721 -0.001187
0.097376 0.044516 -0.001196 -0.000625
-0.004721 -0.001196 0.496886 0.104339
-0.001187 -0.000625 0.104339 0.045803
24.038371 1.146555 30.975902 1.920479
0.455390 0.096635 -0.007624 -0.001780
0.096635 0.044371 -0.001798 -0.000676
-0.007624 -0.001798 0.502551 0.105324
-0.001780 -0.000676 0.105324 0.045948
24.182494 1.055141 31.780877 1.888113
0.450393 0.095964 -0.011069 -0.002406
0.095964 0.044235 -0.002436 -0.000734
-0.011069 -0.002436 0.508554 0.106300
-0.002406 -0.000734 0.106300 0.046089
24.534760 1.017693 33.000787 1.945565
0.445525 0.095306 -0.014128 -0.002883
0.095306 0.044095 -0.002922 -0.000762
-0.014128 -0.002922 0.515013 0.107304
-0.002883 -0.000762 0.107304 0.046236
25.079453 1.025464 34.090237 1.969806
0.440225 0.094539 -0.017337 -0.003351
0.094539 0.043926 -0.003398 -0.000795
-0.017337 -0.003398 0.522713 0.108508
-0.003351 -0.000795 0.108508 0.046427
25.647035 1.037469 35.234565 2.002825
0.435107 0.093804 -0.020950 -0.003874
0.093804 0.043762 -0.003929 -0.000848
-0.020950 -0.003929 0.530913 0.109746
-0.003874 -0.000848 0.109746 0.046625
26.378066 1.083514 36.284396 2.013129
0.430296 0.093125 -0.024585 -0.004375
0.093125 0.043607 -0.004436 -0.000903
-0.024585 -0.004436 0.539346 0.110972
-0.004375 -0.000903 0.110972 0.046821
27.266700 1.158631 37.160406 1.987138
0.426149 0.092575 -0.028220 -0.004857
0.092575 0.043476 -0.004925 -0.000962
-0.028220 -0.004925 0.547371 0.112064
-0.004857 -0.000962 0.112064 0.046993
28.465027 1.293854 38.206310 1.999511
0.422892 0.092192 -0.031854 -0.005328
0.092192 0.043376 -0.005405 -0.001026
-0.031854 -0.005405 0.554467 0.112938
-0.005328 -0.001026 0.112938 0.047127
29.401926 1.356332 38.903563 1.939111
0.420443 0.091949 -0.035040 -0.005701
0.091949 0.043300 -0.005786 -0.001077
-0.035040 -0.005786 0.560417 0.113579
-0.005701 -0.001077 0.113579 0.047224
30.183028 1.378232 39.692350 1.903003
0.418806 0.091840 -0.037272 -0.005887
0.091840 0.043248 -0.005971 -0.001096
-0.037272 -0.005971 0.564795 0.113931
-0.005887 -0.001096 0.113931 0.047274
30.558496 1.309557 40.730676 1.919081
0.418025 0.091875 -0.037487 -0.005690
0.091875 0.043223 -0.005749 -0.001042
-0.037487 -0.005749 0.566844 0.113874
-0.005690 -0.001042 0.113874 0.047259
30.562198 1.168123 42.144186 2.006989
0.418845 0.092220 -0.034362 -0.004877
0.092220 0.043263 -0.004876 -0.000871
-0.034362 -0.004876 0.564546 0.113048
-0.004877 -0.000871 0.113048 0.047111
31.223278 1.183926 42.904568 1.958715
0.423042 0.093247 -0.028049 -0.003520
0.093247 0.043448 -0.003456 -0.000608
-0.028049 -0.003456 0.555212 0.110977
-0.003520 -0.000608 0.110977 0.046741
31.822603 1.184173 43.594784 1.900884
0.429511 0.094640 -0.021605 -0.002274
0.094640 0.043695 -0.002181 -0.000395
-0.021605 -0.002181 0.542691 0.108507
-0.002274 -0.000395 0.108507 0.046327
32.788396 1.266726 44.617407 1.916987
0.438244 0.096372 -0.015767 -0.001257
0.096372 0.043999 -0.001171 -0.000245
-0.015767 -0.001171 0.527866 0.105811
-0.001257 -0.000245 0.105811 0.045894
33.713864 1.329867 45.341497 1.870857
0.452170 0.099069 -0.011453 -0.000606
0.099069 0.044496 -0.000590 -0.000181
-0.011453 -0.000590 0.507807 0.102273
-0.000606 -0.000181 0.102273 0.045309
34.193479 1.289132 46.161572 1.846864
0.469952 0.102350 -0.010002 -0.000562
0.102350 0.045092 -0.000651 -0.000238
-0.010002 -0.000651 0.486198 0.098655
-0.000562 -0.000238 0.098655 0.044723
34.898644 1.302553 47.212546 1.873171
0.490132 0.105865 -0.011543 -0.001102
0.105865 0.045709 -0.001295 -0.000398
-0.011543 -0.001295 0.465694 0.095454
-0.001102 -0.000398 0.095454 0.044224
34.933897 1.171542 48.486119 1.941730
0.514170 0.109926 -0.017516 -0.002482
0.109926 0.046419 -0.002771 -0.000708
-0.017516 -0.002771 0.445903 0.092506
-0.002482 -0.000708 0.092506 0.043761
