4.394357 2.719875 2.863615 0.253424
2.470482 0.988214 -0.052654 -0.021062
0.988214 80.399361 -0.021062 -0.008425
-0.052654 -0.021062 2.434012 0.973626
-0.021062 -0.008425 0.973626 80.393525
4.646584 0.769334 -0.047623 -5.072662
2.254358 3.941224 -0.044232 -0.067184
3.941224 15.281458 -0.066985 -0.251493
-0.044232 -0.066985 2.267239 3.970912
-0.067184 -0.251493 3.970912 15.240530
5.003851 0.740635 0.861896 -1.097419
1.985240 2.295772 -0.052314 -0.058762
2.295772 4.546189 -0.058748 -0.104362
-0.052314 -0.058748 2.020150 2.330481
-0.058762 -0.104362 2.330481 4.560701
6.109737 1.360221 -0.710783 -1.956893
1.703830 1.437198 -0.042567 -0.034414
1.437198 1.908539 -0.034408 -0.042554
-0.042567 -0.034408 1.726282 1.449905
-0.034414 -0.042554 1.449905 1.909785
7.105076 1.572095 3.877541 1.708855
1.469512 0.971687 -0.036179 -0.023010
0.971687 0.973908 -0.023002 -0.021820
-0.036179 -0.023002 1.494685 0.984191
-0.023010 -0.021820 0.984191 0.978548
8.380633 1.838287 4.819805 1.756606
1.292557 0.702768 -0.026395 -0.013772
0.702768 0.567260 -0.013760 -0.011213
-0.026395 -0.013760 1.306046 0.707085
-0.013772 -0.011213 0.707085 0.567960
9.230453 1.806461 6.610482 2.176613
1.150530 0.531598 -0.020207 -0.009087
0.531598 0.361544 -0.009075 -0.006561
-0.020207 -0.009075 1.159522 0.533794
-0.009087 -0.006561 0.533794 0.361877
10.579110 1.985747 7.648177 2.156314
1.036422 0.417169 -0.015765 -0.006301
0.417169 0.247220 -0.006291 -0.004135
-0.015765 -0.006291 1.042153 0.418205
-0.006301 -0.004135 0.418205 0.247382
10.423357 1.575004 8.949403 2.235985
0.942857 0.337149 -0.012482 -0.004533
0.337149 0.178959 -0.004526 -0.002750
-0.012482 -0.004526 0.947147 0.337864
-0.004533 -0.002750 0.337864 0.179154
12.290601 1.923808 8.849910 1.843460
0.865836 0.279568 -0.010338 -0.003465
0.279568 0.136071 -0.003459 -0.001940
-0.010338 -0.003459 0.868531 0.279903
-0.003465 -0.001940 0.279903 0.136204
12.631174 1.739876 11.030327 2.215202
0.800919 0.236815 -0.008591 -0.002684
0.236815 0.107943 -0.002680 -0.001403
-0.008591 -0.002680 0.803633 0.237275
-0.002684 -0.001403 0.237275 0.108141
13.080500 1.624587 11.962189 2.167152
0.746721 0.204734 -0.007092 -0.002084
0.204734 0.089007 -0.002081 -0.001030
-0.007092 -0.002081 0.748696 0.205048
-0.002084 -0.001030 0.205048 0.089164
13.255937 1.460806 13.157276 2.195917
0.700889 0.180227 -0.005943 -0.001653
0.180227 0.075940 -0.001651 -0.000775
-0.005943 -0.001651 0.702293 0.180440
-0.001653 -0.000775 0.180440 0.076066
13.757708 1.405232 13.345349 1.974352
0.662072 0.161340 -0.005025 -0.001330
0.161340 0.066780 -0.001327 -0.000592
-0.005025 -0.001327 0.662911 0.161452
-0.001330 -0.000592 0.161452 0.066874
13.936591 1.283122 14.289289 1.964343
0.629027 0.146667 -0.004330 -0.001092
0.146667 0.060282 -0.001090 -0.000462
-0.004330 -0.001090 0.629594 0.146748
-0.001092 -0.000462 0.146748 0.060362
14.738325 1.319197 14.981207 1.899016
0.601037 0.135265 -0.003744 -0.000901
0.135265 0.055651 -0.000899 -0.000363
-0.003744 -0.000899 0.601321 0.135307
-0.000901 -0.000363 0.135307 0.055715
15.188726 1.273412 15.663410 1.840507
0.577329 0.126398 -0.003213 -0.000739
0.126398 0.052344 -0.000738 -0.000285
-0.003213 -0.000738 0.577467 0.126428
-0.000739 -0.000285 0.126428 0.052398
15.805379 1.269109 16.699649 1.865385
0.557375 0.119537 -0.002755 -0.000605
0.119537 0.049992 -0.000604 -0.000225
-0.002755 -0.000604 0.557405 0.119557
-0.000605 -0.000225 0.119557 0.050037
16.423668 1.265673 17.900918 1.922155
0.540696 0.114267 -0.002328 -0.000489
0.114267 0.048331 -0.000488 -0.000177
-0.002328 -0.000488 0.540633 0.114277
-0.000489 -0.000177 0.114277 0.048368
17.164486 1.288270 18.824835 1.914380
0.526871 0.110260 -0.001928 -0.000386
0.110260 0.047174 -0.000386 -0.000138
-0.001928 -0.000386 0.526723 0.110259
-0.000386 -0.000138 0.110259 0.047203
17.756128 1.277325 19.334584 1.821256
0.515510 0.107253 -0.001570 -0.000300
0.107253 0.046381 -0.000300 -0.000107
-0.001570 -0.000300 0.515316 0.107247
-0.000300 -0.000107 0.107247 0.046404
18.413639 1.281235 20.233506 1.818828
0.506276 0.105035 -0.001270 -0.000232
0.105035 0.045850 -0.000232 -0.000084
-0.001270 -0.000232 0.506073 0.105029
-0.000232 -0.000084 0.105029 0.045869
19.151890 1.301469 21.010600 1.791390
0.498874 0.103435 -0.001007 -0.000175
0.103435 0.045506 -0.000175 -0.000065
-0.001007 -0.000175 0.498676 0.103431
-0.000175 -0.000065 0.103431 0.045522
18.845187 1.102809 22.297016 1.872436
0.493023 0.102311 -0.000782 -0.000129
0.102311 0.045292 -0.000129 -0.000050
-0.000782 -0.000129 0.492851 0.102312
-0.000129 -0.000050 0.102312 0.045305
19.789894 1.184574 23.223122 1.870358
0.488490 0.101554 -0.000584 -0.000091
0.101554 0.045167 -0.000091 -0.000039
-0.000584 -0.000091 0.488323 0.101553
-0.000091 -0.000039 0.101553 0.045176
19.999216 1.104772 24.108278 1.859911
0.485015 0.101063 -0.000423 -0.000062
0.101063 0.045098 -0.000062 -0.000030
-0.000423 -0.000062 0.484897 0.101069
-0.000062 -0.000030 0.101069 0.045107
20.583141 1.111360 25.048799 1.862120
0.482411 0.100766 -0.000290 -0.000040
0.100766 0.045065 -0.000040 -0.000023
-0.000290 -0.000040 0.482356 0.100782
-0.000040 -0.000023 0.100782 0.045073
21.084355 1.099957 25.999047 1.866136
0.480491 0.100603 -0.000190 -0.000024
0.100603 0.045051 -0.000024 -0.000018
-0.000190 -0.000024 0.480529 0.100633
-0.000024 -0.000018 0.100633 0.045061
22.032481 1.183495 26.761323 1.830302
0.479102 0.100527 -0.000119 -0.000015
0.100527 0.045047 -0.000015 -0.000015
-0.000119 -0.000015 0.479264 0.100577
-0.000015 -0.000015 0.100577 0.045059
23.285617 1.322531 27.992441 1.896736
0.478120 0.100507 -0.000094 -0.000015
0.100507 0.045045 -0.000015 -0.000014
-0.000094 -0.000015 0.478424 0.100580
-0.000015 -0.000014 0.100580 0.045060
23.492029 1.226770 29.444307 2.002738
0.477427 0.100515 -0.000130 -0.000026
0.100515 0.045042 -0.000026 -0.000014
-0.000130 -0.000026 0.477915 0.100618
-0.000026 -0.000014 0.100618 0.045061
24.077585 1.220905 31.154411 2.152116
0.476913 0.100529 -0.000182 -0.000038
0.100529 0.045034 -0.000038 -0.000016
-0.000182 -0.000038 0.477670 0.100678
-0.000038 -0.000016 0.100678 0.045062
24.290104 1.136947 32.462381 2.201034
0.476497 0.100534 -0.000275 -0.000057
0.100534 0.045021 -0.000057 -0.000018
-0.000275 -0.000057 0.477638 0.100751
-0.000057 -0.000018 0.100751 0.045061
24.444568 1.049536 33.574055 2.203385
0.476145 0.100530 -0.000377 -0.000075
0.100530 0.045003 -0.000075 -0.000020
-0.000377 -0.000075 0.477747 0.100826
-0.000075 -0.000020 0.100826 0.045058
24.804248 1.014659 34.459048 2.157635
0.475834 0.100515 -0.000481 -0.000093
0.100515 0.044983 -0.000093 -0.000022
-0.000481 -0.000093 0.477943 0.100896
-0.000093 -0.000022 0.100896 0.045053
26.000943 1.160327 35.346628 2.117283
0.475558 0.100493 -0.000600 -0.000112
0.100493 0.044961 -0.000112 -0.000025
-0.000600 -0.000112 0.478177 0.100954
-0.000112 -0.000025 0.100954 0.045046
26.659833 1.176947 35.957433 2.022743
0.475317 0.100468 -0.000812 -0.000149
0.100468 0.044940 -0.000149 -0.000031
-0.000812 -0.000149 0.478411 0.100998
-0.000149 -0.000031 0.100998 0.045036
27.048236 1.134636 36.755496 1.977704
0.475110 0.100441 -0.001048 -0.000189
0.100441 0.044920 -0.000189 -0.000038
-0.001048 -0.000189 0.478623 0.101028
-0.000189 -0.000038 0.101028 0.045025
28.072533 1.231263 37.823251 1.994398
0.474896 0.100407 -0.001284 -0.000226
0.100407 0.044900 -0.000227 -0.000044
-0.001284 -0.000227 0.478838 0.101052
-0.000226 -0.000044 0.101052 0.045016
29.170545 1.333284 39.013986 2.035291
0.474669 0.100366 -0.001603 -0.000279
0.100366 0.044880 -0.000280 -0.000053
-0.001603 -0.000280 0.479060 0.101074
-0.000279 -0.000053 0.101074 0.045008
29.741952 1.313128 39.922875 2.012336
0.474417 0.100319 -0.002011 -0.000348
0.100319 0.044860 -0.000349 -0.000066
-0.002011 -0.000349 0.479296 0.101097
-0.000348 -0.000066 0.101097 0.045002
30.282192 1.288535 40.956862 2.018178
0.474151 0.100269 -0.002427 -0.000415
0.100269 0.044842 -0.000415 -0.000078
-0.002427 -0.000415 0.479537 0.101120
-0.000415 -0.000078 0.101120 0.044999
31.229781 1.352696 42.017825 2.029191
0.473854 0.100212 -0.002853 -0.000481
0.100212 0.044824 -0.000481 -0.000090
-0.002853 -0.000481 0.479803 0.101149
-0.000481 -0.000090 0.101149 0.044998
32.653083 1.510661 42.971775 2.016641
0.473550 0.100157 -0.003349 -0.000559
0.100157 0.044808 -0.000559 -0.000104
-0.003349 -0.000559 0.480073 0.101178
-0.000559 -0.000104 0.101178 0.044999
32.897824 1.402427 43.360094 1.885816
0.473292 0.100112 -0.003969 -0.000660
0.100112 0.044795 -0.000661 -0.000123
-0.003969 -0.000661 0.480301 0.101199
-0.000660 -0.000123 0.101199 0.044999
33.637537 1.410461 44.054872 1.833564
0.473067 0.100076 -0.004489 -0.000735
0.100076 0.044784 -0.000736 -0.000137
-0.004489 -0.000736 0.480495 0.101214
-0.000735 -0.000137 0.101214 0.045000
33.869111 1.310165 44.814811 1.800287
0.472863 0.100044 -0.005022 -0.000812
0.100044 0.044776 -0.000813 -0.000151
-0.005022 -0.000813 0.480673 0.101229
-0.000812 -0.000151 0.101229 0.045001
34.402675 1.284544 45.870006 1.832862
0.472625 0.100006 -0.005499 -0.000876
0.100006 0.044766 -0.000877 -0.000163
-0.005499 -0.000877 0.480891 0.101254
-0.000876 -0.000163 0.101254 0.045005
35.495731 1.380062 46.962290 1.870187
0.472339 0.099957 -0.006002 -0.000945
0.099957 0.044754 -0.000946 -0.000176
-0.006002 -0.000946 0.481168 0.101292
-0.000945 -0.000176 0.101292 0.045013
35.789777 1.296821 48.663037 2.031046
0.472057 0.099911 -0.006627 -0.001040
0.099911 0.044743 -0.001042 -0.000195
-0.006627 -0.001042 0.481457 0.101333
-0.001040 -0.000195 0.101333 0.045021
