3.801106 2.482570 1.633371 -0.238685
2.575399 1.030182 -0.261185 -0.104476
1.030182 80.416148 -0.104476 -0.041791
-0.261185 -0.104476 2.388565 0.955447
-0.104476 -0.041791 0.955447 80.386254
3.922261 0.518112 0.814551 -1.492120
2.242263 3.895302 -0.245044 -0.379659
3.895302 15.448392 -0.373667 -1.320417
-0.245044 -0.373667 2.332518 4.089968
-0.379659 -1.320417 4.089968 15.314845
5.765266 2.356548 -0.394260 -2.014527
1.982994 2.303949 -0.247878 -0.274003
2.303949 4.625764 -0.273421 -0.496430
-0.247878 -0.273421 2.082678 2.386528
-0.274003 -0.496430 2.386528 4.590068
5.224814 0.911779 1.614734 0.495913
1.668182 1.415131 -0.202130 -0.163584
1.415131 1.913539 -0.163035 -0.206944
-0.202130 -0.163035 1.813212 1.511630
-0.163584 -0.206944 1.511630 1.951347
6.021800 1.141957 2.789064 1.101150
1.459560 0.972396 -0.168210 -0.107646
0.972396 0.985314 -0.107441 -0.105181
-0.168210 -0.107441 1.543357 1.007247
-0.107646 -0.105181 1.007247 0.989593
5.989352 0.813151 4.191613 1.558434
1.287094 0.704561 -0.137358 -0.072815
0.704561 0.573345 -0.072644 -0.058812
-0.137358 -0.072644 1.340691 0.720217
-0.072815 -0.058812 0.720217 0.573931
7.838173 1.484088 5.374781 1.743610
1.151984 0.535420 -0.115030 -0.052292
0.535420 0.365915 -0.052163 -0.036121
-0.115030 -0.052163 1.180728 0.540042
-0.052292 -0.036121 0.540042 0.364700
8.295399 1.369144 6.689506 1.920454
1.036707 0.419296 -0.093067 -0.037139
0.419296 0.249450 -0.037012 -0.022867
-0.093067 -0.037012 1.058383 0.422592
-0.037139 -0.022867 0.422592 0.249497
9.509794 1.559262 7.151756 1.743399
0.944058 0.338936 -0.076894 -0.027508
0.338936 0.180372 -0.027401 -0.015349
-0.076894 -0.027401 0.958347 0.340555
-0.027508 -0.015349 0.340555 0.180569
10.357080 1.581189 7.552854 1.592145
0.865407 0.280351 -0.064303 -0.020935
0.280351 0.136772 -0.020850 -0.010730
-0.064303 -0.020850 0.878487 0.282331
-0.020935 -0.010730 0.282331 0.137438
11.162216 1.585394 9.153323 1.829148
0.799370 0.237018 -0.054709 -0.016396
0.237018 0.108276 -0.016329 -0.007778
-0.054709 -0.016329 0.812749 0.239487
-0.016396 -0.007778 0.239487 0.109195
12.022589 1.603837 11.192758 2.136721
0.744994 0.204761 -0.046023 -0.012808
0.204761 0.089187 -0.012754 -0.005711
-0.046023 -0.012754 0.756269 0.206816
-0.012808 -0.005711 0.206816 0.089988
12.620764 1.551419 11.312813 1.893391
0.699874 0.180357 -0.037991 -0.009898
0.180357 0.076084 -0.009854 -0.004219
-0.037991 -0.009854 0.707647 0.181619
-0.009898 -0.004219 0.181619 0.076652
13.082743 1.474825 12.186008 1.875538
0.661037 0.161388 -0.032167 -0.007903
0.161388 0.066860 -0.007868 -0.003216
-0.032167 -0.007868 0.667353 0.162420
-0.007903 -0.003216 0.162420 0.067347
13.964071 1.508419 12.915158 1.826934
0.628227 0.146715 -0.027416 -0.006381
0.146715 0.060334 -0.006353 -0.002489
-0.027416 -0.006353 0.633111 0.147505
-0.006381 -0.002489 0.147505 0.060736
14.677759 1.499269 13.734211 1.805688
0.600226 0.135266 -0.023298 -0.005154
0.135266 0.055674 -0.005132 -0.001940
-0.023298 -0.005132 0.604307 0.135949
-0.005154 -0.001940 0.135949 0.056023
15.875166 1.597585 15.158990 1.920077
0.576557 0.126375 -0.019741 -0.004162
0.126375 0.052350 -0.004144 -0.001522
-0.019741 -0.004144 0.579987 0.126969
-0.004162 -0.001522 0.126969 0.052651
16.776039 1.619732 16.663108 2.036822
0.556687 0.119507 -0.016306 -0.003277
0.119507 0.049988 -0.003263 -0.001183
-0.016306 -0.003263 0.559462 0.119998
-0.003277 -0.001183 0.119998 0.050242
17.184184 1.534477 17.120757 1.918086
0.540194 0.114256 -0.013197 -0.002530
0.114256 0.048327 -0.002518 -0.000916
-0.013197 -0.002518 0.542199 0.114612
-0.002530 -0.000916 0.114612 0.048529
17.371688 1.413629 19.119088 2.135363
0.526496 0.110258 -0.010738 -0.001970
0.110258 0.047168 -0.001962 -0.000719
-0.010738 -0.001962 0.527952 0.110525
-0.001970 -0.000719 0.110525 0.047332
17.321854 1.255973 19.935318 2.082613
0.515471 0.107304 -0.008509 -0.001492
0.107304 0.046384 -0.001485 -0.000560
-0.008509 -0.001485 0.516037 0.107408
-0.001492 -0.000560 0.107408 0.046498
17.976419 1.261621 21.223127 2.133795
0.506571 0.105136 -0.006703 -0.001126
0.105136 0.045861 -0.001121 -0.000441
-0.006703 -0.001121 0.506334 0.105100
-0.001126 -0.000441 0.105100 0.045934
19.049399 1.353458 22.576142 2.193368
0.499357 0.103555 -0.005114 -0.000821
0.103555 0.045519 -0.000817 -0.000344
-0.005114 -0.000817 0.498648 0.103450
-0.000821 -0.000344 0.103450 0.045567
19.245377 1.253792 23.911572 2.242745
0.493494 0.102410 -0.003764 -0.000575
0.102410 0.045299 -0.000573 -0.000268
-0.003764 -0.000573 0.492755 0.102326
-0.000575 -0.000268 0.102326 0.045343
19.538944 1.184405 24.749031 2.183565
0.488833 0.101613 -0.002622 -0.000379
0.101613 0.045165 -0.000377 -0.000208
-0.002622 -0.000377 0.488290 0.101586
-0.000379 -0.000208 0.101586 0.045213
19.791295 1.113566 25.693814 2.152826
0.485172 0.101075 -0.001713 -0.000233
0.101075 0.045088 -0.000232 -0.000162
-0.001713 -0.000232 0.484998 0.101130
-0.000233 -0.000162 0.101130 0.045143
20.995552 1.248797 26.866403 2.173037
0.482297 0.100720 -0.000984 -0.000125
0.100720 0.045045 -0.000123 -0.000127
-0.000984 -0.000123 0.482686 0.100885
-0.000125 -0.000127 0.100885 0.045113
21.371910 1.196909 28.369658 2.260310
0.479932 0.100468 -0.000584 -0.000081
0.100468 0.045016 -0.000080 -0.000106
-0.000584 -0.000080 0.481270 0.100813
-0.000081 -0.000106 0.100813 0.045111
22.244782 1.254486 29.481205 2.256410
0.477899 0.100271 -0.000329 -0.000060
0.100271 0.044990 -0.000060 -0.000091
-0.000329 -0.000060 0.480624 0.100870
-0.000060 -0.000091 0.100870 0.045127
23.001848 1.281790 30.350119 2.201905
0.476169 0.100117 -0.000368 -0.000093
0.100117 0.044965 -0.000093 -0.000088
-0.000368 -0.000093 0.480518 0.101001
-0.000093 -0.000088 0.101001 0.045149
23.101113 1.167712 31.187332 2.146442
0.474727 0.100001 -0.000650 -0.000165
0.100001 0.044941 -0.000165 -0.000092
-0.000650 -0.000165 0.480753 0.101159
-0.000165 -0.000092 0.101159 0.045169
23.019662 1.027361 31.857199 2.061551
0.473470 0.099898 -0.000924 -0.000223
0.099898 0.044915 -0.000223 -0.000093
-0.000924 -0.000223 0.481259 0.101335
-0.000223 -0.000093 0.101335 0.045188
23.569990 1.035117 32.545327 1.989378
0.472377 0.099807 -0.001114 -0.000253
0.099807 0.044886 -0.000253 -0.000089
-0.001114 -0.000253 0.481921 0.101507
-0.000253 -0.000089 0.101507 0.045202
24.656738 1.155523 33.361091 1.951685
0.471409 0.099721 -0.001475 -0.000315
0.099721 0.044856 -0.000315 -0.000093
-0.001475 -0.000315 0.482675 0.101668
-0.000315 -0.000093 0.101668 0.045212
25.593824 1.231600 34.065521 1.894541
0.470520 0.099632 -0.002226 -0.000452
0.099632 0.044824 -0.000453 -0.000113
-0.002226 -0.000453 0.483493 0.101818
-0.000452 -0.000113 0.101818 0.045220
26.056826 1.199258 35.393387 1.974642
0.469735 0.099549 -0.003255 -0.000636
0.099549 0.044791 -0.000638 -0.000142
-0.003255 -0.000638 0.484297 0.101946
-0.000636 -0.000142 0.101946 0.045224
26.627108 1.192991 36.171592 1.930639
0.468689 0.099398 -0.004400 -0.000829
0.099398 0.044745 -0.000832 -0.000173
-0.004400 -0.000832 0.485440 0.102133
-0.000829 -0.000173 0.102133 0.045243
27.602706 1.273484 37.256413 1.955891
0.467674 0.099248 -0.005633 -0.001029
0.099248 0.044700 -0.001033 -0.000205
-0.005633 -0.001033 0.486589 0.102306
-0.001029 -0.000205 0.102306 0.045260
28.236253 1.272835 38.295693 1.968776
0.466612 0.099085 -0.007219 -0.001291
0.099085 0.044653 -0.001297 -0.000250
-0.007219 -0.001297 0.487837 0.102489
-0.001291 -0.000250 0.102489 0.045281
29.167389 1.335580 39.460421 2.006829
0.465465 0.098902 -0.008930 -0.001565
0.098902 0.044604 -0.001572 -0.000298
-0.008930 -0.001572 0.489216 0.102691
-0.001565 -0.000298 0.102691 0.045308
30.701050 1.519247 39.951187 1.900068
0.464255 0.098707 -0.010964 -0.001894
0.098707 0.044555 -0.001903 -0.000357
-0.010964 -0.001903 0.490729 0.102912
-0.001894 -0.000357 0.102912 0.045341
31.371055 1.500936 41.582271 2.042667
0.463570 0.098626 -0.013507 -0.002312
0.098626 0.044531 -0.002326 -0.000434
-0.013507 -0.002326 0.491758 0.103022
-0.002312 -0.000434 0.103022 0.045352
32.255424 1.530015 43.009092 2.127739
0.462424 0.098438 -0.016237 -0.002749
0.098438 0.044484 -0.002766 -0.000514
-0.016237 -0.002766 0.493398 0.103264
-0.002749 -0.000514 0.103264 0.045394
33.001145 1.524511 43.266179 1.958978
0.461090 0.098213 -0.019222 -0.003220
0.098213 0.044430 -0.003240 -0.000601
-0.019222 -0.003240 0.495388 0.103570
-0.003220 -0.000601 0.103570 0.045449
33.320709 1.429039 43.734461 1.851248
0.460274 0.098104 -0.022016 -0.003631
0.098104 0.044403 -0.003654 -0.000674
-0.022016 -0.003654 0.496851 0.103753
-0.003631 -0.000674 0.103753 0.045479
34.405399 1.508690 44.923630 1.907174
0.459575 0.098016 -0.024412 -0.003948
0.098016 0.044379 -0.003972 -0.000729
-0.024412 -0.003972 0.498182 0.103911
-0.003948 -0.000729 0.103911 0.045505
34.638845 1.397768 45.988872 1.928952
0.458854 0.097915 -0.027252 -0.004359
0.097915 0.044352 -0.004386 -0.000807
-0.027252 -0.004386 0.499721 0.104113
-0.004359 -0.000807 0.104113 0.045543
35.199205 1.366167 46.342321 1.801217
0.457809 0.097740 -0.029799 -0.004703
0.097740 0.044308 -0.004729 -0.000872
-0.029799 -0.004729 0.501670 0.104402
-0.004703 -0.000872 0.104402 0.045599
35.690521 1.324845 47.158281 1.782896
0.457107 0.097642 -0.032162 -0.005009
0.097642 0.044283 -0.005035 -0.000932
-0.032162 -0.005035 0.503243 0.104604
-0.005009 -0.000932 0.104604 0.045637
36.189812 1.289859 48.031699 1.778484
0.456351 0.097528 -0.034463 -0.005308
0.097528 0.044253 -0.005333 -0.000992
-0.034463 -0.005333 0.504940 0.104832
-0.005308 -0.000992 0.104832 0.045682
