0.992615 1.359149 1.251401 -0.391476
2.490737 0.996316 -0.101026 -0.040411
0.996316 80.402602 -0.040411 -0.016165
-0.101026 -0.040411 2.420540 0.968237
-0.040411 -0.016165 0.968237 80.391370
4.845478 6.902491 1.138484 -0.218533
2.262867 3.951432 -0.114237 -0.180418
3.951432 15.348301 -0.179673 -0.572153
-0.114237 -0.179673 2.268566 3.975184
-0.180418 -0.572153 3.975184 15.211187
3.149234 0.952074 2.164801 1.071426
1.978616 2.288681 -0.078599 -0.083196
2.288681 4.551836 -0.082809 -0.165678
-0.078599 -0.082809 2.030644 2.340941
-0.083196 -0.165678 2.340941 4.563093
3.840454 1.134014 2.870166 1.213892
1.709320 1.443749 -0.074867 -0.061451
1.443749 1.919771 -0.061411 -0.080703
-0.074867 -0.061411 1.725181 1.446955
-0.061451 -0.080703 1.446955 1.903616
6.123046 2.269917 4.203490 1.692259
1.480720 0.980055 -0.063806 -0.041513
0.980055 0.981708 -0.041497 -0.041502
-0.063806 -0.041497 1.487026 0.978189
-0.041513 -0.041502 0.978189 0.973318
7.470852 2.385895 5.869945 2.136253
1.297262 0.705597 -0.049376 -0.026557
0.705597 0.569767 -0.026531 -0.022270
-0.049376 -0.026531 1.303973 0.705715
-0.026557 -0.022270 0.705715 0.566797
9.047411 2.563198 5.600661 1.520684
1.153324 0.533055 -0.038190 -0.017678
0.533055 0.362772 -0.017653 -0.013019
-0.038190 -0.017653 1.158532 0.533211
-0.017678 -0.013019 0.533211 0.361393
9.789956 2.346403 5.146740 1.033665
1.036037 0.417151 -0.030981 -0.012705
0.417151 0.247567 -0.012686 -0.008335
-0.030981 -0.012686 1.043935 0.418835
-0.012705 -0.008335 0.418835 0.247505
10.471132 2.169965 6.974737 1.501392
0.940346 0.336418 -0.026529 -0.009804
0.336418 0.178951 -0.009792 -0.005742
-0.026529 -0.009792 0.950888 0.339086
-0.009804 -0.005742 0.339086 0.179490
10.771860 1.916462 8.013349 1.594429
0.862931 0.278833 -0.022326 -0.007525
0.278833 0.136028 -0.007515 -0.004026
-0.022326 -0.007515 0.872416 0.281000
-0.007525 -0.004026 0.281000 0.136472
12.101690 2.026827 7.640554 1.249110
0.798782 0.236402 -0.019091 -0.005928
0.236402 0.107972 -0.005920 -0.002920
-0.019091 -0.005920 0.806564 0.237963
-0.005928 -0.002920 0.237963 0.108273
13.481951 2.127402 8.629285 1.348643
0.744088 0.204221 -0.016478 -0.004750
0.204221 0.088979 -0.004743 -0.002170
-0.016478 -0.004743 0.752001 0.205780
-0.004750 -0.002170 0.205780 0.089310
12.833574 1.686480 10.108149 1.555589
0.697983 0.179684 -0.013922 -0.003752
0.179684 0.075887 -0.003746 -0.001618
-0.013922 -0.003746 0.705737 0.181151
-0.003752 -0.001618 0.181151 0.076205
14.432192 1.870652 11.728296 1.760381
0.659556 0.160928 -0.012082 -0.003059
0.160928 0.066748 -0.003054 -0.001242
-0.012082 -0.003054 0.665871 0.161997
-0.003059 -0.001242 0.161997 0.066971
15.749592 1.959859 12.557680 1.748514
0.626915 0.146366 -0.010096 -0.002413
0.146366 0.060265 -0.002408 -0.000942
-0.010096 -0.002408 0.632043 0.147147
-0.002413 -0.000942 0.147147 0.060427
16.501523 1.908481 13.250765 1.707802
0.599132 0.135015 -0.008331 -0.001888
0.135015 0.055634 -0.001883 -0.000717
-0.008331 -0.001883 0.603480 0.135631
-0.001888 -0.000717 0.135631 0.055768
17.199332 1.852284 14.485991 1.791180
0.575627 0.126191 -0.006881 -0.001484
0.126191 0.052328 -0.001480 -0.000552
-0.006881 -0.001480 0.579363 0.126692
-0.001484 -0.000552 0.126692 0.052442
17.098062 1.631662 15.406293 1.796386
0.555922 0.119377 -0.005636 -0.001160
0.119377 0.049978 -0.001156 -0.000427
-0.005636 -0.001156 0.559007 0.119762
-0.001160 -0.000427 0.119762 0.050072
17.726400 1.592016 16.490641 1.835669
0.539519 0.114155 -0.004671 -0.000921
0.114155 0.048321 -0.000917 -0.000335
-0.004671 -0.000917 0.541929 0.114424
-0.000921 -0.000335 0.114424 0.048395
17.721632 1.424372 18.201681 2.001424
0.525931 0.110185 -0.003827 -0.000723
0.110185 0.047166 -0.000720 -0.000263
-0.003827 -0.000720 0.527758 0.110363
-0.000723 -0.000263 0.110363 0.047224
18.633181 1.465946 19.531686 2.069926
0.514854 0.107222 -0.003094 -0.000560
0.107222 0.046377 -0.000557 -0.000206
-0.003094 -0.000557 0.516048 0.107301
-0.000560 -0.000206 0.107301 0.046418
19.178330 1.427024 21.019363 2.163777
0.505837 0.105031 -0.002437 -0.000421
0.105031 0.045848 -0.000419 -0.000161
-0.002437 -0.000419 0.506572 0.105051
-0.000421 -0.000161 0.105051 0.045879
20.017351 1.453053 22.034023 2.149862
0.498598 0.103447 -0.001870 -0.000308
0.103447 0.045504 -0.000307 -0.000125
-0.001870 -0.000307 0.499001 0.103432
-0.000308 -0.000125 0.103432 0.045530
19.736534 1.243958 23.495716 2.229968
0.492847 0.102328 -0.001410 -0.000222
0.102328 0.045288 -0.000221 -0.000098
-0.001410 -0.000221 0.493067 0.102307
-0.000222 -0.000098 0.102307 0.045313
20.423801 1.257568 24.868643 2.283600
0.488358 0.101566 -0.001016 -0.000152
0.101566 0.045160 -0.000151 -0.000076
-0.001016 -0.000151 0.488488 0.101551
-0.000152 -0.000076 0.101551 0.045186
21.027358 1.252294 25.854350 2.251070
0.484867 0.101059 -0.000709 -0.000102
0.101059 0.045088 -0.000101 -0.000060
-0.000709 -0.000101 0.485073 0.101080
-0.000102 -0.000060 0.101080 0.045120
21.060582 1.128404 26.731534 2.199150
0.482201 0.100741 -0.000491 -0.000070
0.100741 0.045050 -0.000069 -0.000049
-0.000491 -0.000069 0.482589 0.100812
-0.000070 -0.000049 0.100812 0.045090
21.536471 1.109896 27.494729 2.128710
0.480200 0.100556 -0.000318 -0.000046
0.100556 0.045033 -0.000045 -0.000040
-0.000318 -0.000045 0.480839 0.100684
-0.000046 -0.000040 0.100684 0.045081
22.202150 1.133124 28.168617 2.046780
0.478718 0.100460 -0.000214 -0.000035
0.100460 0.045025 -0.000034 -0.000034
-0.000214 -0.000034 0.479664 0.100649
-0.000035 -0.000034 0.100649 0.045081
23.211170 1.226148 29.277975 2.064853
0.477637 0.100420 -0.000189 -0.000038
0.100420 0.045021 -0.000037 -0.000031
-0.000189 -0.000037 0.478922 0.100670
-0.000038 -0.000031 0.100670 0.045085
24.000036 1.263164 30.544942 2.114222
0.476818 0.100405 -0.000276 -0.000061
0.100405 0.045014 -0.000061 -0.000032
-0.000276 -0.000061 0.478536 0.100730
-0.000061 -0.000032 0.100730 0.045089
24.341475 1.201991 31.536017 2.100309
0.476160 0.100393 -0.000456 -0.000100
0.100393 0.045003 -0.000100 -0.000037
-0.000456 -0.000100 0.478437 0.100815
-0.000100 -0.000037 0.100815 0.045093
24.680037 1.146604 32.655017 2.114826
0.475619 0.100380 -0.000660 -0.000139
0.100380 0.044988 -0.000138 -0.000041
-0.000660 -0.000138 0.478532 0.100908
-0.000139 -0.000041 0.100908 0.045095
25.752916 1.252120 33.562062 2.083114
0.475124 0.100354 -0.000894 -0.000179
0.100354 0.044967 -0.000179 -0.000046
-0.000894 -0.000179 0.478787 0.101005
-0.000179 -0.000046 0.101005 0.045095
26.477879 1.273015 34.447511 2.050180
0.474705 0.100326 -0.001262 -0.000245
0.100326 0.044945 -0.000245 -0.000056
-0.001262 -0.000245 0.479097 0.101089
-0.000245 -0.000056 0.101089 0.045091
26.762236 1.198583 35.798418 2.118898
0.474322 0.100291 -0.001698 -0.000319
0.100291 0.044922 -0.000320 -0.000068
-0.001698 -0.000320 0.479447 0.101163
-0.000319 -0.000068 0.101163 0.045086
27.150242 1.153901 36.916966 2.131339
0.473843 0.100224 -0.002149 -0.000392
0.100224 0.044892 -0.000392 -0.000079
-0.002149 -0.000392 0.479934 0.101251
-0.000392 -0.000079 0.101251 0.045085
27.856403 1.181248 38.032239 2.141825
0.473315 0.100141 -0.002622 -0.000465
0.100141 0.044861 -0.000466 -0.000091
-0.002622 -0.000466 0.480487 0.101340
-0.000465 -0.000091 0.101340 0.045086
28.394783 1.170026 38.433589 2.000645
0.472757 0.100049 -0.003185 -0.000554
0.100049 0.044830 -0.000555 -0.000106
-0.003185 -0.000555 0.481074 0.101426
-0.000554 -0.000106 0.101426 0.045088
29.316306 1.241289 39.526311 2.020225
0.472307 0.099979 -0.003742 -0.000638
0.099979 0.044806 -0.000638 -0.000120
-0.003742 -0.000638 0.481545 0.101481
-0.000638 -0.000120 0.101481 0.045085
29.860920 1.225139 40.406583 1.992844
0.471831 0.099902 -0.004441 -0.000749
0.099902 0.044782 -0.000750 -0.000140
-0.004441 -0.000750 0.482041 0.101539
-0.000749 -0.000140 0.101539 0.045085
30.931904 1.322114 41.170555 1.944123
0.471341 0.099822 -0.005163 -0.000860
0.099822 0.044758 -0.000861 -0.000160
-0.005163 -0.000861 0.482547 0.101598
-0.000860 -0.000160 0.101598 0.045088
31.511557 1.304692 41.835222 1.879383
0.470926 0.099758 -0.006027 -0.000997
0.099758 0.044739 -0.000998 -0.000186
-0.006027 -0.000998 0.482980 0.101642
-0.000997 -0.000186 0.101642 0.045090
32.268329 1.326737 42.654677 1.854162
0.470541 0.099699 -0.006881 -0.001126
0.099699 0.044721 -0.001128 -0.000210
-0.006881 -0.001128 0.483383 0.101681
-0.001126 -0.000210 0.101681 0.045092
32.929882 1.326371 43.605022 1.859052
0.470165 0.099642 -0.007797 -0.001265
0.099642 0.044705 -0.001267 -0.000236
-0.007797 -0.001267 0.483787 0.101723
-0.001265 -0.000236 0.101723 0.045097
33.378830 1.280731 44.292363 1.807948
0.469749 0.099576 -0.008762 -0.001410
0.099576 0.044687 -0.001413 -0.000263
-0.008762 -0.001413 0.484245 0.101779
-0.001410 -0.000263 0.101779 0.045107
33.298355 1.128178 45.480285 1.866855
0.469337 0.099511 -0.009680 -0.001541
0.099511 0.044671 -0.001544 -0.000288
-0.009680 -0.001544 0.484710 0.101838
-0.001541 -0.000288 0.101838 0.045117
33.715565 1.096113 45.642634 1.704717
0.468708 0.099400 -0.010476 -0.001646
0.099400 0.044645 -0.001648 -0.000308
-0.010476 -0.001648 0.485411 0.101947
-0.001646 -0.000308 0.101947 0.045139
34.847046 1.219933 46.523674 1.711507
0.468260 0.099333 -0.011187 -0.001733
0.099333 0.044630 -0.001736 -0.000325
-0.011187 -0.001736 0.485923 0.102013
-0.001733 -0.000325 0.102013 0.045152
34.889743 1.099761 47.532542 1.742827
0.467881 0.099281 -0.012149 -0.001877
0.099281 0.044617 -0.001880 -0.000355
-0.012149 -0.001880 0.486401 0.102073
-0.001877 -0.000355 0.102073 0.045164
