2.453283 1.943429 -0.471157 -1.080514
2.470482 0.988214 -0.052654 -0.021062
0.988214 80.399361 -0.021062 -0.008425
-0.052654 -0.021062 2.434012 0.973626
-0.021062 -0.008425 0.973626 80.393525
4.281443 3.447402 0.434305 1.455602
2.249305 3.932317 -0.059979 -0.094787
3.932317 15.265761 -0.094485 -0.299701
-0.059979 -0.094485 2.273839 3.982400
-0.094787 -0.299701 3.982400 15.260526
3.544831 0.597868 -0.392108 -0.341590
1.991275 2.303547 -0.045836 -0.048861
2.303547 4.555210 -0.048786 -0.092784
-0.045836 -0.048786 2.013320 2.321586
-0.048861 -0.092784 2.321586 4.550387
5.689756 2.156456 1.875441 1.708280
1.706187 1.438783 -0.044403 -0.036124
1.438783 1.909261 -0.036119 -0.045343
-0.044403 -0.036119 1.724049 1.448441
-0.036124 -0.045343 1.448441 1.909279
8.304904 3.171732 1.458154 0.871528
1.475474 0.975314 -0.033072 -0.021087
0.975314 0.976049 -0.021074 -0.021170
-0.033072 -0.021074 1.488265 0.980292
-0.021087 -0.021170 0.980292 0.976295
10.393005 3.444980 3.280221 1.622610
1.291339 0.701718 -0.025184 -0.013388
0.701718 0.566504 -0.013375 -0.011415
-0.025184 -0.013375 1.307180 0.708115
-0.013388 -0.011415 0.708115 0.568741
9.952993 2.446141 5.800715 2.409732
1.147654 0.530111 -0.018688 -0.008618
0.530111 0.360823 -0.008606 -0.006586
-0.018688 -0.008606 1.162349 0.535275
-0.008618 -0.006586 0.535275 0.362615
10.275067 2.083515 6.850964 2.347832
1.034220 0.416271 -0.014873 -0.006141
0.416271 0.246884 -0.006131 -0.004222
-0.014873 -0.006131 1.044336 0.419109
-0.006141 -0.004222 0.419109 0.247732
10.540064 1.805837 7.530820 2.171808
0.941467 0.336698 -0.012348 -0.004642
0.336698 0.178832 -0.004634 -0.002884
-0.012348 -0.004634 0.948550 0.338331
-0.004642 -0.002884 0.338331 0.179293
11.170445 1.717881 8.393875 2.100081
0.864615 0.279232 -0.010599 -0.003662
0.279232 0.135992 -0.003657 -0.002062
-0.010599 -0.003657 0.869781 0.280255
-0.003662 -0.002062 0.280255 0.136292
11.617348 1.595984 9.577478 2.139622
0.800332 0.236703 -0.009137 -0.002923
0.236703 0.107934 -0.002918 -0.001508
-0.009137 -0.002918 0.804255 0.237402
-0.002923 -0.001508 0.237402 0.108158
12.247771 1.549980 10.846091 2.194098
0.746292 0.204669 -0.007876 -0.002347
0.204669 0.089006 -0.002344 -0.001122
-0.007876 -0.002344 0.749164 0.205126
-0.002347 -0.001122 0.205126 0.089171
12.711850 1.469952 12.236383 2.269490
0.700595 0.180196 -0.006739 -0.001883
0.180196 0.075943 -0.001880 -0.000843
-0.006739 -0.001880 0.702621 0.180482
-0.001883 -0.000843 0.180482 0.076067
13.677513 1.526035 14.250240 2.483510
0.661864 0.161326 -0.005732 -0.001509
0.161326 0.066783 -0.001507 -0.000640
-0.005732 -0.001507 0.663146 0.161474
-0.001509 -0.000640 0.161474 0.066873
14.165771 1.462024 14.948599 2.356913
0.628995 0.146688 -0.004737 -0.001182
0.146688 0.060291 -0.001180 -0.000483
-0.004737 -0.001180 0.629641 0.146730
-0.001182 -0.000483 0.146730 0.060354
14.332798 1.335106 15.763371 2.275138
0.601062 0.135292 -0.003949 -0.000938
0.135292 0.055659 -0.000936 -0.000370
-0.003949 -0.000936 0.601303 0.135282
-0.000938 -0.000370 0.135282 0.055708
14.948275 1.323713 16.670781 2.224756
0.577439 0.126437 -0.003317 -0.000752
0.126437 0.052353 -0.000750 -0.000288
-0.003317 -0.000750 0.577362 0.126390
-0.000752 -0.000288 0.126390 0.052390
15.748097 1.353310 17.045891 2.066630
0.557530 0.119579 -0.002768 -0.000600
0.119579 0.049999 -0.000599 -0.000224
-0.002768 -0.000599 0.557252 0.119516
-0.000600 -0.000224 0.119516 0.050030
16.153169 1.295924 18.599182 2.176533
0.540835 0.114299 -0.002311 -0.000479
0.114299 0.048336 -0.000478 -0.000175
-0.002311 -0.000478 0.540495 0.114245
-0.000479 -0.000175 0.114245 0.048364
16.438645 1.220078 19.970113 2.235690
0.527009 0.110288 -0.001884 -0.000373
0.110288 0.047177 -0.000373 -0.000136
-0.001884 -0.000373 0.526587 0.110232
-0.000373 -0.000136 0.110232 0.047200
16.825021 1.173505 20.353741 2.082867
0.515660 0.107280 -0.001498 -0.000284
0.107280 0.046384 -0.000283 -0.000105
-0.001498 -0.000283 0.515166 0.107220
-0.000284 -0.000105 0.107220 0.046401
17.517286 1.195418 21.786987 2.164194
0.506434 0.105061 -0.001188 -0.000215
0.105061 0.045853 -0.000215 -0.000081
-0.001188 -0.000215 0.505916 0.105003
-0.000215 -0.000081 0.105003 0.045866
18.670190 1.310500 22.538804 2.095720
0.499022 0.103457 -0.000902 -0.000156
0.103457 0.045508 -0.000155 -0.000062
-0.000902 -0.000155 0.498529 0.103409
-0.000156 -0.000062 0.103409 0.045519
18.928910 1.228202 23.270700 2.030099
0.493139 0.102326 -0.000669 -0.000110
0.102326 0.045293 -0.000110 -0.000048
-0.000669 -0.000110 0.492734 0.102297
-0.000110 -0.000048 0.102297 0.045304
19.450335 1.208923 24.022063 1.975252
0.488563 0.101560 -0.000478 -0.000075
0.101560 0.045166 -0.000075 -0.000037
-0.000478 -0.000075 0.488249 0.101548
-0.000075 -0.000037 0.101548 0.045177
20.225812 1.244563 25.208823 2.016769
0.485060 0.101063 -0.000327 -0.000049
0.101063 0.045097 -0.000049 -0.000028
-0.000327 -0.000049 0.484852 0.101069
-0.000049 -0.000028 0.101069 0.045108
21.349694 1.349349 26.915587 2.162711
0.482414 0.100759 -0.000211 -0.000030
0.100759 0.045063 -0.000030 -0.000022
-0.000211 -0.000030 0.482353 0.100789
-0.000030 -0.000022 0.100789 0.045075
21.748037 1.291497 28.058419 2.175581
0.480427 0.100583 -0.000145 -0.000022
0.100583 0.045047 -0.000022 -0.000019
-0.000145 -0.000022 0.480593 0.100652
-0.000022 -0.000019 0.100652 0.045065
22.398477 1.292481 29.155497 2.177531
0.478970 0.100497 -0.000108 -0.000019
0.100497 0.045041 -0.000019 -0.000016
-0.000108 -0.000019 0.479396 0.100608
-0.000019 -0.000016 0.100608 0.045065
23.240215 1.333577 29.895205 2.104148
0.477913 0.100464 -0.000111 -0.000023
0.100464 0.045037 -0.000023 -0.000015
-0.000111 -0.000023 0.478632 0.100623
-0.000023 -0.000015 0.100623 0.045068
24.035488 1.360630 30.637429 2.038917
0.477171 0.100466 -0.000163 -0.000036
0.100466 0.045033 -0.000036 -0.000016
-0.000163 -0.000036 0.478171 0.100667
-0.000036 -0.000016 0.100667 0.045070
24.825283 1.383709 31.569805 2.020564
0.476658 0.100484 -0.000255 -0.000055
0.100484 0.045027 -0.000055 -0.000019
-0.000255 -0.000055 0.477927 0.100722
-0.000055 -0.000019 0.100722 0.045069
25.654877 1.412774 32.486471 2.000820
0.476292 0.100503 -0.000390 -0.000080
0.100503 0.045016 -0.000080 -0.000022
-0.000390 -0.000080 0.477845 0.100782
-0.000080 -0.000022 0.100782 0.045065
26.073416 1.351990 33.432740 1.989391
0.476024 0.100518 -0.000567 -0.000112
0.100518 0.045003 -0.000112 -0.000027
-0.000567 -0.000112 0.477870 0.100838
-0.000112 -0.000027 0.100838 0.045059
26.617712 1.324160 34.205643 1.942572
0.475801 0.100521 -0.000755 -0.000144
0.100521 0.044985 -0.000144 -0.000032
-0.000755 -0.000144 0.477978 0.100890
-0.000144 -0.000032 0.100890 0.045050
26.749991 1.212179 34.938906 1.892296
0.475614 0.100516 -0.000959 -0.000177
0.100516 0.044967 -0.000177 -0.000036
-0.000959 -0.000177 0.478122 0.100932
-0.000177 -0.000036 0.100932 0.045040
27.286411 1.197458 35.958715 1.907841
0.475433 0.100499 -0.001141 -0.000203
0.100499 0.044946 -0.000203 -0.000040
-0.001141 -0.000203 0.478297 0.100967
-0.000203 -0.000040 0.100967 0.045030
27.684856 1.155072 36.505782 1.821942
0.475231 0.100469 -0.001354 -0.000235
0.100469 0.044925 -0.000235 -0.000045
-0.001354 -0.000235 0.478503 0.101000
-0.000235 -0.000045 0.101000 0.045021
28.060070 1.112344 37.767000 1.895830
0.475046 0.100438 -0.001564 -0.000265
0.100438 0.044904 -0.000265 -0.000050
-0.001564 -0.000265 0.478690 0.101022
-0.000265 -0.000050 0.101022 0.045011
28.774235 1.145697 38.404094 1.830276
0.474795 0.100389 -0.001802 -0.000301
0.100389 0.044883 -0.000301 -0.000056
-0.001802 -0.000301 0.478934 0.101052
-0.000301 -0.000056 0.101052 0.045005
29.805833 1.242701 39.334108 1.833506
0.474566 0.100344 -0.002076 -0.000343
0.100344 0.044864 -0.000343 -0.000064
-0.002076 -0.000343 0.479145 0.101071
-0.000343 -0.000064 0.101071 0.044999
30.151746 1.184535 40.573985 1.901584
0.474338 0.100300 -0.002437 -0.000402
0.100300 0.044847 -0.000402 -0.000075
-0.002437 -0.000402 0.479346 0.101088
-0.000402 -0.000075 0.101088 0.044994
31.145495 1.269356 41.247252 1.843183
0.474037 0.100241 -0.002808 -0.000460
0.100241 0.044828 -0.000460 -0.000086
-0.002808 -0.000460 0.479614 0.101119
-0.000460 -0.000086 0.101119 0.044994
31.497153 1.209550 42.312235 1.873316
0.473783 0.100194 -0.003243 -0.000530
0.100194 0.044814 -0.000530 -0.000100
-0.003243 -0.000530 0.479831 0.101139
-0.000530 -0.000100 0.101139 0.044992
31.583219 1.099905 43.411605 1.907409
0.473477 0.100138 -0.003673 -0.000596
0.100138 0.044799 -0.000596 -0.000112
-0.003673 -0.000596 0.480101 0.101171
-0.000596 -0.000112 0.101171 0.044995
32.083469 1.089609 44.866334 2.012943
0.473103 0.100070 -0.004066 -0.000651
0.100070 0.044782 -0.000652 -0.000122
-0.004066 -0.000652 0.480442 0.101218
-0.000651 -0.000122 0.101218 0.045002
32.880153 1.142748 45.574215 1.950175
0.472648 0.099988 -0.004513 -0.000718
0.099988 0.044763 -0.000718 -0.000135
-0.004513 -0.000718 0.480874 0.101283
-0.000718 -0.000135 0.101283 0.045013
33.909710 1.239629 46.425242 1.924305
0.472257 0.099924 -0.005006 -0.000793
0.099924 0.044749 -0.000793 -0.000150
-0.005006 -0.000793 0.481249 0.101334
-0.000793 -0.000150 0.101334 0.045021
34.500418 1.233576 47.560511 1.960730
0.471919 0.099874 -0.005590 -0.000885
0.099874 0.044739 -0.000886 -0.000168
-0.005590 -0.000886 0.481583 0.101376
-0.000885 -0.000168 0.101376 0.045028
35.362197 1.285049 47.978219 1.842485
0.471545 0.099816 -0.006203 -0.000980
0.099816 0.044727 -0.000981 -0.000187
-0.006203 -0.000981 0.481966 0.101429
-0.000980 -0.000187 0.101429 0.045038
