-0.968453 0.574705 4.889016 1.063602
41.463505 16.585761 -56.479068 -22.592117
16.585761 86.638515 -22.592117 -9.037042
-56.479068 -22.592117 80.538224 32.215988
-22.592117 -9.037042 32.215988 92.890741
1.689794 4.911124 6.981613 4.087509
65.684121 36.098539 -87.689531 -42.232893
36.098539 40.998474 -46.055644 -42.551106
-87.689531 -46.055644 120.395891 59.585291
-42.232893 -42.551106 59.585291 64.829212
-1.066239 0.925361 11.282298 3.769252
95.710586 46.232539 -128.565567 -59.385465
46.232539 33.580219 -61.210713 -41.962788
-128.565567 -61.210713 175.581431 81.929365
-59.385465 -41.962788 81.929365 58.881516
3.827212 2.743043 7.064514 1.262331
11.528096 3.749329 -21.474236 -9.933000
3.749329 8.270670 -6.252653 -11.897567
-21.474236 -6.252653 44.179430 21.048669
-9.933000 -11.897567 21.048669 23.108342
6.621581 3.268235 4.559134 -0.172251
10.260046 6.124966 -13.642003 -7.812467
6.124966 7.826105 -7.550113 -9.905010
-13.642003 -7.550113 20.418390 11.030795
-7.812467 -9.905010 11.030795 13.909576
7.293375 2.837520 6.463213 0.758405
10.245901 6.056623 -9.829132 -5.911176
6.056623 5.871301 -5.635210 -6.535213
-9.829132 -5.635210 10.781448 6.146514
-5.911176 -6.535213 6.146514 8.107668
8.818295 2.940272 6.129521 0.349518
16.974161 8.528573 -15.694624 -8.321014
8.528573 5.602687 -7.975243 -6.018396
-15.694624 -7.975243 15.625846 8.340600
-8.321014 -6.018396 8.340600 7.072283
8.817640 2.229448 8.238499 1.324918
21.150376 8.584628 -17.985563 -7.647363
8.584628 4.294682 -7.458823 -4.252970
-17.985563 -7.458823 16.247353 7.121590
-7.647363 -4.252970 7.121590 4.691269
9.776921 2.366167 8.090409 0.755991
29.030924 10.254744 -25.764464 -9.666446
10.254744 4.156842 -9.290226 -4.178432
-25.764464 -9.290226 23.802577 9.191996
-9.666446 -4.178432 9.191996 4.541959
11.400128 2.471081 8.228961 0.721621
36.315766 10.884548 -31.501357 -9.880226
10.884548 3.629431 -9.605909 -3.474550
-31.501357 -9.605909 28.191512 9.090016
-9.880226 -3.474550 9.090016 3.588425
11.218072 2.109838 9.754901 1.022658
32.713524 8.250453 -26.386883 -6.674324
8.250453 2.346387 -6.787484 -2.040313
-26.386883 -6.787484 22.057088 5.804759
-6.674324 -2.040313 5.804759 1.989257
13.758116 2.476971 8.871852 0.651189
39.070274 8.916523 -31.965573 -7.408204
8.916523 2.238566 -7.412048 -1.954112
-31.965573 -7.412048 26.896380 6.433732
-7.408204 -1.954112 6.433732 1.873474
13.507031 2.140086 10.629732 1.003993
21.626661 4.168773 -15.570782 -2.736128
4.168773 0.963998 -3.090880 -0.721507
-15.570782 -3.090880 11.857514 2.265407
-2.736128 -0.721507 2.265407 0.689184
13.632303 1.977685 11.758804 1.094925
24.929129 4.431777 -17.695532 -2.890340
4.431777 0.920760 -3.224071 -0.665543
-17.695532 -3.224071 13.174347 2.313744
-2.890340 -0.665543 2.313744 0.605772
14.660132 1.995081 12.183116 1.052585
26.914765 4.509846 -19.542625 -3.137099
4.509846 0.868892 -3.342962 -0.646588
-19.542625 -3.342962 14.786860 2.515771
-3.137099 -0.646588 2.515771 0.584943
14.399172 1.726506 14.350028 1.459477
29.431544 4.575250 -21.090397 -3.125843
4.575250 0.809764 -3.334408 -0.582666
-21.090397 -3.334408 15.678642 2.449072
-3.125843 -0.582666 2.449072 0.509778
10.736851 1.081664 18.146652 1.853003
18.760590 2.826557 -14.554589 -2.266173
2.826557 0.514023 -2.241036 -0.421352
-14.554589 -2.241036 11.869711 1.957485
-2.266173 -0.421352 1.957485 0.425824
16.198236 1.779225 15.262722 1.298776
2.215337 0.332109 -1.995307 -0.338699
0.332109 0.130446 -0.345764 -0.119500
-1.995307 -0.345764 2.519925 0.535442
-0.338699 -0.119500 0.535442 0.196228
17.334980 1.824174 15.526701 1.214817
2.528847 0.387261 -2.241671 -0.367855
0.387261 0.132661 -0.370853 -0.110746
-2.241671 -0.370853 2.632667 0.512405
-0.367855 -0.110746 0.512405 0.169277
17.787581 1.738324 17.186760 1.451123
2.746738 0.418905 -2.258596 -0.341380
0.418905 0.131270 -0.357735 -0.095938
-2.258596 -0.357735 2.425189 0.431539
-0.341380 -0.095938 0.431539 0.137695
18.745721 1.753319 17.659237 1.395368
3.106049 0.471726 -2.559705 -0.379037
0.471726 0.134127 -0.393212 -0.093997
-2.559705 -0.393212 2.650875 0.447590
-0.379037 -0.093997 0.447590 0.130060
19.204743 1.691055 18.733805 1.452580
3.381352 0.506282 -2.653946 -0.368997
0.506282 0.134177 -0.394615 -0.085785
-2.653946 -0.394615 2.586572 0.408982
-0.368997 -0.085785 0.408982 0.114585
19.934687 1.675714 19.648001 1.487051
3.625845 0.531220 -2.830608 -0.381733
0.531220 0.132768 -0.406726 -0.081924
-2.830608 -0.406726 2.699538 0.409834
-0.381733 -0.081924 0.409834 0.108613
20.192692 1.587014 20.614026 1.495396
3.571041 0.510314 -2.765221 -0.360141
0.510314 0.125021 -0.382756 -0.073798
-2.765221 -0.382756 2.622556 0.385405
-0.360141 -0.073798 0.385405 0.100322
20.207664 1.467362 21.633794 1.500422
2.500354 0.344364 -2.054804 -0.270864
0.344364 0.097215 -0.265493 -0.056379
-2.054804 -0.265493 2.206727 0.334336
-0.270864 -0.056379 0.334336 0.091915
20.095270 1.352261 23.100560 1.594330
0.955063 0.132130 -0.755743 -0.094918
0.132130 0.066265 -0.078806 -0.028769
-0.755743 -0.078806 1.219170 0.204768
-0.094918 -0.028769 0.204768 0.073445
19.878904 1.229434 24.849995 1.736052
0.528696 0.088611 -0.206520 -0.012037
0.088611 0.060692 -0.006742 -0.015730
-0.206520 -0.006742 0.709425 0.131154
-0.012037 -0.015730 0.131154 0.061430
20.055089 1.161388 26.308338 1.837557
0.510443 0.102175 -0.027159 0.014019
0.102175 0.063022 0.013352 -0.010818
-0.027159 0.013352 0.541265 0.107362
0.014019 -0.010818 0.107362 0.056557
20.436135 1.129010 27.839916 1.960536
0.594972 0.129010 0.062004 0.024141
0.129010 0.066978 0.021289 -0.008169
0.062004 0.021289 0.461921 0.096741
0.024141 -0.008169 0.096741 0.053546
21.032974 1.136236 28.780650 1.952026
0.733970 0.162113 0.109010 0.025765
0.162113 0.071604 0.023332 -0.006841
0.109010 0.023332 0.411671 0.089859
0.025765 -0.006841 0.089859 0.050969
21.619108 1.144931 29.490701 1.891041
0.911006 0.198521 0.126020 0.021040
0.198521 0.076441 0.021120 -0.006559
0.126020 0.021120 0.374359 0.084547
0.021040 -0.006559 0.084547 0.048650
22.263711 1.151648 30.745283 1.963574
1.119007 0.236630 0.117457 0.011241
0.236630 0.081218 0.015412 -0.007117
0.117457 0.015412 0.345179 0.080457
0.011241 -0.007117 0.080457 0.046682
22.914456 1.160419 31.924938 2.010771
1.353115 0.275282 0.082145 -0.003399
0.275282 0.085752 0.006071 -0.008479
0.082145 0.006071 0.322849 0.077706
-0.003399 -0.008479 0.077706 0.045173
23.497177 1.165171 32.805273 1.979510
1.612152 0.313971 0.022642 -0.021652
0.313971 0.089962 -0.006110 -0.010369
0.022642 -0.006110 0.308917 0.076737
-0.021652 -0.010369 0.076737 0.044218
23.912723 1.140429 33.598772 1.932433
1.898177 0.352817 -0.058271 -0.042353
0.352817 0.093878 -0.020315 -0.012537
-0.058271 -0.020315 0.304691 0.077715
-0.042353 -0.012537 0.077715 0.043798
24.470561 1.138788 34.544917 1.927480
2.222059 0.393368 -0.154345 -0.063658
0.393368 0.097766 -0.035178 -0.014632
-0.154345 -0.035178 0.309957 0.080293
-0.063658 -0.014632 0.080293 0.043748
25.185395 1.156893 35.815719 2.004444
2.577498 0.434317 -0.271104 -0.086710
0.434317 0.101418 -0.051584 -0.016877
-0.271104 -0.051584 0.325702 0.084585
-0.086710 -0.016877 0.084585 0.044075
26.141953 1.213971 37.045928 2.061320
2.959709 0.474780 -0.411809 -0.112034
0.474780 0.104719 -0.069839 -0.019338
-0.411809 -0.069839 0.353775 0.090806
-0.112034 -0.019338 0.090806 0.044788
26.952462 1.243911 38.260660 2.108294
3.345301 0.511206 -0.583713 -0.141193
0.511206 0.107169 -0.090770 -0.022221
-0.583713 -0.090770 0.399168 0.099871
-0.141193 -0.022221 0.099871 0.046061
27.730179 1.266838 39.381388 2.126093
3.753448 0.546820 -0.780209 -0.172047
0.546820 0.109333 -0.112956 -0.025138
-0.780209 -0.112956 0.461194 0.111117
-0.172047 -0.025138 0.111117 0.047647
28.659277 1.311324 40.712026 2.196464
4.188565 0.582297 -1.001063 -0.204235
0.582297 0.111336 -0.136156 -0.028031
-1.001063 -0.136156 0.540621 0.124353
-0.204235 -0.028031 0.124353 0.049461
29.558118 1.345727 41.866109 2.214184
4.644543 0.616751 -1.248040 -0.238050
0.616751 0.113070 -0.160425 -0.030936
-1.248040 -0.160425 0.639756 0.139777
-0.238050 -0.030936 0.139777 0.051522
29.564525 1.251330 42.772919 2.151300
5.121283 0.650252 -1.521583 -0.273359
0.650252 0.114570 -0.185636 -0.033832
-1.521583 -0.185636 0.760074 0.157354
-0.273359 -0.033832 0.157354 0.053792
29.634062 1.173818 43.712082 2.104325
5.727053 0.697568 -1.808521 -0.304070
0.697568 0.117842 -0.210566 -0.036069
-1.808521 -0.210566 0.881358 0.172069
-0.304070 -0.036069 0.172069 0.055164
30.138427 1.165411 44.825089 2.116781
6.423208 0.752722 -2.100730 -0.329274
0.752722 0.121971 -0.234531 -0.037652
-2.100730 -0.234531 0.998600 0.183396
-0.329274 -0.037652 0.183396 0.055708
30.247818 1.099274 45.744428 2.068281
7.177031 0.810259 -2.413316 -0.354170
0.810259 0.126127 -0.259131 -0.039192
-2.413316 -0.259131 1.124294 0.194466
-0.354170 -0.039192 0.194466 0.056170
30.802215 1.098017 46.739151 2.059025
7.997423 0.872091 -2.724516 -0.373270
0.872091 0.130645 -0.282378 -0.040151
-2.724516 -0.282378 1.241522 0.202065
-0.373270 -0.040151 0.202065 0.055992
31.343066 1.096184 47.752197 2.054812
8.876179 0.935261 -3.065524 -0.395081
0.935261 0.134990 -0.307144 -0.041391
-3.065524 -0.307144 1.372793 0.210973
-0.395081 -0.041391 0.210973 0.056101
31.956601 1.093709 48.585352 2.011629
9.813163 0.999628 -3.435749 -0.419134
0.999628 0.139177 -0.333188 -0.042826
-3.435749 -0.333188 1.517764 0.220963
-0.419134 -0.042826 0.220963 0.056415
32.629573 1.129756 49.970789 2.105865
10.798102 1.063305 -3.845238 -0.447941
1.063305 0.142970 -0.361064 -0.044641
-3.845238 -0.361064 1.685211 0.233530
-0.447941 -0.044641 0.233530 0.057148
