2.523354 1.971458 -0.036912 -0.906812
2.470482 0.988214 -0.052654 -0.021062
0.988214 80.399361 -0.021062 -0.008425
-0.052654 -0.021062 2.434012 0.973626
-0.021062 -0.008425 0.973626 80.393525
3.774628 2.445845 1.726618 2.977408
2.250595 3.934580 -0.058460 -0.092121
3.934580 15.269729 -0.091837 -0.295052
-0.058460 -0.091837 2.272362 3.979819
-0.092121 -0.295052 3.979819 15.256017
4.769097 2.181035 2.941996 2.661757
1.997478 2.310524 -0.044177 -0.047170
2.310524 4.563277 -0.047118 -0.090854
-0.044177 -0.047118 2.006864 2.314371
-0.047170 -0.090854 2.314371 4.542082
5.457700 1.842454 4.603086 2.939059
1.712100 1.443208 -0.034560 -0.028027
1.443208 1.912825 -0.028006 -0.038487
-0.034560 -0.028006 1.717135 1.443224
-0.028027 -0.038487 1.443224 1.905075
7.498439 2.581973 5.067363 2.276637
1.481053 0.978504 -0.027214 -0.017808
0.978504 0.978094 -0.017796 -0.019198
-0.027214 -0.017796 1.482143 0.976814
-0.017808 -0.019198 0.976814 0.974087
7.201510 1.719917 3.582166 0.854803
1.297540 0.704688 -0.021398 -0.011793
0.704688 0.568107 -0.011785 -0.010622
-0.021398 -0.011785 1.300606 0.704994
-0.011793 -0.010622 0.704994 0.567067
7.431449 1.428971 4.507608 1.084488
1.152211 0.531867 -0.019699 -0.009393
0.531867 0.361634 -0.009390 -0.006946
-0.019699 -0.009390 1.157773 0.533544
-0.009393 -0.006946 0.533544 0.361817
8.785953 1.686133 6.108295 1.509364
1.036705 0.417002 -0.017617 -0.007359
0.417002 0.247197 -0.007357 -0.004653
-0.017617 -0.007357 1.041982 0.418446
-0.007359 -0.004653 0.418446 0.247443
9.247231 1.549804 6.256965 1.293186
0.942832 0.337005 -0.014840 -0.005518
0.337005 0.178977 -0.005516 -0.003118
-0.014840 -0.005516 0.947308 0.338071
-0.005518 -0.003118 0.338071 0.179160
10.548863 1.719778 7.254671 1.406257
0.865196 0.279307 -0.012867 -0.004320
0.279307 0.136058 -0.004318 -0.002200
-0.012867 -0.004318 0.869313 0.280214
-0.004320 -0.002200 0.280214 0.136232
11.074590 1.620852 8.789969 1.652008
0.800417 0.236666 -0.010916 -0.003347
0.236666 0.107965 -0.003346 -0.001570
-0.010916 -0.003346 0.804255 0.237458
-0.003347 -0.001570 0.237458 0.108127
12.098303 1.679294 10.033575 1.766337
0.746216 0.204623 -0.009219 -0.002608
0.204623 0.089033 -0.002607 -0.001143
-0.009219 -0.002607 0.749298 0.205183
-0.002608 -0.001143 0.205183 0.089142
13.012645 1.698499 11.022928 1.793607
0.700399 0.180144 -0.007711 -0.002030
0.180144 0.075966 -0.002028 -0.000843
-0.007711 -0.002028 0.702854 0.180538
-0.002030 -0.000843 0.180538 0.076042
13.740963 1.668984 13.261933 2.120396
0.661525 0.161257 -0.006438 -0.001589
0.161257 0.066798 -0.001587 -0.000631
-0.006438 -0.001587 0.663509 0.161545
-0.001589 -0.000631 0.161545 0.066857
13.871445 1.504775 14.512622 2.164776
0.628663 0.146635 -0.005264 -0.001224
0.146635 0.060306 -0.001223 -0.000473
-0.005264 -0.001223 0.629986 0.146782
-0.001224 -0.000473 0.146782 0.060337
14.113184 1.389812 15.719630 2.192791
0.600829 0.135270 -0.004333 -0.000955
0.135270 0.055677 -0.000954 -0.000361
-0.004333 -0.000954 0.601544 0.135302
-0.000955 -0.000361 0.135302 0.055688
14.410184 1.302651 16.589012 2.143087
0.577299 0.126439 -0.003568 -0.000749
0.126439 0.052372 -0.000748 -0.000278
-0.003568 -0.000748 0.577504 0.126386
-0.000749 -0.000278 0.126386 0.052370
14.992627 1.287874 17.671731 2.145478
0.557477 0.119598 -0.002946 -0.000591
0.119598 0.050018 -0.000590 -0.000217
-0.002946 -0.000590 0.557305 0.119495
-0.000591 -0.000217 0.119495 0.050010
15.590006 1.278057 19.029958 2.205803
0.540878 0.114336 -0.002406 -0.000462
0.114336 0.048355 -0.000461 -0.000169
-0.002406 -0.000461 0.540451 0.114207
-0.000462 -0.000169 0.114207 0.048344
16.764996 1.390235 20.060077 2.190620
0.527095 0.110329 -0.001922 -0.000353
0.110329 0.047194 -0.000353 -0.000132
-0.001922 -0.000353 0.526498 0.110190
-0.000353 -0.000132 0.110190 0.047183
16.881151 1.269756 21.057652 2.170227
0.515728 0.107312 -0.001502 -0.000264
0.107312 0.046396 -0.000264 -0.000102
-0.001502 -0.000264 0.515096 0.107188
-0.000264 -0.000102 0.107188 0.046389
17.778692 1.324216 21.740261 2.086721
0.506499 0.105087 -0.001152 -0.000194
0.105087 0.045862 -0.000193 -0.000079
-0.001152 -0.000193 0.505848 0.104976
-0.000194 -0.000079 0.104976 0.045857
18.421444 1.320183 22.528267 2.033757
0.499073 0.103476 -0.000867 -0.000140
0.103476 0.045515 -0.000140 -0.000062
-0.000867 -0.000140 0.498475 0.103388
-0.000140 -0.000062 0.103388 0.045513
19.379086 1.381913 23.323139 1.987689
0.493191 0.102343 -0.000636 -0.000099
0.102343 0.045298 -0.000099 -0.000049
-0.000636 -0.000099 0.492680 0.102280
-0.000099 -0.000049 0.102280 0.045299
20.021087 1.371740 24.397149 2.004359
0.488600 0.101571 -0.000456 -0.000069
0.101571 0.045169 -0.000069 -0.000039
-0.000456 -0.000069 0.488211 0.101536
-0.000069 -0.000039 0.101536 0.045174
20.227663 1.271882 25.541751 2.034028
0.485076 0.101069 -0.000314 -0.000047
0.101069 0.045098 -0.000047 -0.000031
-0.000314 -0.000047 0.484835 0.101063
-0.000047 -0.000031 0.101063 0.045107
20.512871 1.198630 26.734481 2.070736
0.482420 0.100761 -0.000199 -0.000030
0.100761 0.045063 -0.000030 -0.000025
-0.000199 -0.000030 0.482346 0.100786
-0.000030 -0.000025 0.100786 0.045075
21.120457 1.200359 27.560563 2.026905
0.480446 0.100588 -0.000109 -0.000017
0.100588 0.045048 -0.000017 -0.000020
-0.000109 -0.000017 0.480574 0.100647
-0.000017 -0.000020 0.100647 0.045064
22.325090 1.327184 28.409632 1.992407
0.479009 0.100505 -0.000056 -0.000012
0.100505 0.045042 -0.000011 -0.000017
-0.000056 -0.000011 0.479357 0.100600
-0.000012 -0.000017 0.100600 0.045063
23.445744 1.423263 29.507971 2.013875
0.477982 0.100478 -0.000068 -0.000018
0.100478 0.045040 -0.000018 -0.000016
-0.000068 -0.000018 0.478563 0.100609
-0.000018 -0.000016 0.100609 0.045065
23.472044 1.278974 30.483494 2.007270
0.477249 0.100480 -0.000139 -0.000035
0.100480 0.045036 -0.000035 -0.000018
-0.000139 -0.000035 0.478093 0.100652
-0.000035 -0.000018 0.100652 0.045068
23.886944 1.231628 31.695063 2.051096
0.476720 0.100494 -0.000205 -0.000048
0.100494 0.045028 -0.000048 -0.000018
-0.000205 -0.000048 0.477864 0.100712
-0.000048 -0.000018 0.100712 0.045068
24.424650 1.215147 32.745220 2.056287
0.476315 0.100505 -0.000292 -0.000064
0.100505 0.045016 -0.000064 -0.000020
-0.000292 -0.000064 0.477821 0.100781
-0.000064 -0.000020 0.100781 0.045066
25.496918 1.313267 33.167773 1.928495
0.475995 0.100509 -0.000409 -0.000084
0.100509 0.045000 -0.000084 -0.000022
-0.000409 -0.000084 0.477898 0.100848
-0.000084 -0.000022 0.100848 0.045061
26.088318 1.299486 34.178410 1.938286
0.475782 0.100515 -0.000583 -0.000115
0.100515 0.044984 -0.000115 -0.000026
-0.000583 -0.000115 0.477996 0.100896
-0.000115 -0.000026 0.100896 0.045052
26.846904 1.322487 35.105816 1.929479
0.475585 0.100508 -0.000785 -0.000149
0.100508 0.044965 -0.000149 -0.000032
-0.000785 -0.000149 0.478151 0.100939
-0.000149 -0.000032 0.100939 0.045042
27.249852 1.267896 36.222300 1.961497
0.475398 0.100491 -0.001026 -0.000189
0.100491 0.044945 -0.000189 -0.000038
-0.001026 -0.000189 0.478331 0.100975
-0.000189 -0.000038 0.100975 0.045031
28.045382 1.302031 36.898503 1.897229
0.475179 0.100459 -0.001278 -0.000229
0.100459 0.044923 -0.000229 -0.000045
-0.001278 -0.000229 0.478555 0.101011
-0.000229 -0.000045 0.101011 0.045022
28.637897 1.289681 38.006132 1.930780
0.474982 0.100426 -0.001565 -0.000275
0.100426 0.044902 -0.000275 -0.000052
-0.001565 -0.000275 0.478755 0.101034
-0.000275 -0.000052 0.101034 0.045013
29.313284 1.296163 39.122774 1.962697
0.474746 0.100381 -0.001883 -0.000324
0.100381 0.044882 -0.000325 -0.000061
-0.001883 -0.000325 0.478985 0.101060
-0.000324 -0.000061 0.101060 0.045006
29.844071 1.271339 39.991585 1.938936
0.474476 0.100328 -0.002242 -0.000381
0.100328 0.044861 -0.000381 -0.000071
-0.002242 -0.000381 0.479240 0.101088
-0.000381 -0.000071 0.101088 0.045002
30.262389 1.225256 40.454761 1.832117
0.474197 0.100274 -0.002610 -0.000437
0.100274 0.044842 -0.000437 -0.000081
-0.002610 -0.000437 0.479494 0.101115
-0.000437 -0.000081 0.101115 0.044999
31.339010 1.323403 41.450159 1.848978
0.473951 0.100229 -0.002953 -0.000486
0.100229 0.044826 -0.000486 -0.000090
-0.002953 -0.000486 0.479706 0.101132
-0.000486 -0.000090 0.101132 0.044995
31.877609 1.297460 42.648434 1.906641
0.473708 0.100185 -0.003393 -0.000554
0.100185 0.044813 -0.000554 -0.000103
-0.003393 -0.000554 0.479913 0.101149
-0.000554 -0.000103 0.101149 0.044994
32.616205 1.316366 43.344569 1.852484
0.473404 0.100129 -0.003860 -0.000626
0.100129 0.044797 -0.000627 -0.000116
-0.003860 -0.000627 0.480182 0.101181
-0.000626 -0.000116 0.101181 0.044997
33.331254 1.328368 44.209977 1.839694
0.473133 0.100082 -0.004351 -0.000701
0.100082 0.044785 -0.000701 -0.000131
-0.004351 -0.000701 0.480422 0.101207
-0.000701 -0.000131 0.101207 0.044999
34.150423 1.361248 45.304588 1.876583
0.472865 0.100038 -0.004872 -0.000780
0.100038 0.044773 -0.000780 -0.000146
-0.004872 -0.000780 0.480665 0.101234
-0.000780 -0.000146 0.101234 0.045003
35.231581 1.446087 46.394858 1.908822
0.472574 0.099989 -0.005457 -0.000870
0.099989 0.044762 -0.000871 -0.000164
-0.005457 -0.000871 0.480942 0.101270
-0.000870 -0.000164 0.101270 0.045009
35.709025 1.394049 47.254245 1.888654
0.472289 0.099944 -0.006143 -0.000979
0.099944 0.044751 -0.000980 -0.000185
-0.006143 -0.000980 0.481227 0.101308
-0.000979 -0.000185 0.101308 0.045016
36.734434 1.463185 47.704509 1.784907
0.471991 0.099896 -0.006799 -0.001077
0.099896 0.044741 -0.001079 -0.000204
-0.006799 -0.001079 0.481535 0.101351
-0.001077 -0.000204 0.101351 0.045024
