0.544007 1.179702 1.406039 -0.329619
2.053490 0.821414 -0.226717 -0.090689
0.821414 80.332639 -0.090689 -0.036276
-0.226717 -0.090689 3.101368 1.240574
-0.090689 -0.036276 1.240574 80.500307
3.265809 4.976652 0.729186 -1.156764
3.166935 5.621391 -1.732693 -2.877387
5.621391 17.127637 -3.031299 -5.678335
-1.732693 -3.031299 3.232824 5.449495
-2.877387 -5.678335 5.449495 19.321347
5.644989 5.098445 3.583036 2.836991
2.838881 3.130250 -0.636434 -0.436478
3.130250 5.141122 -0.584883 -0.702637
-0.636434 -0.584883 1.787460 2.017366
-0.436478 -0.702637 2.017366 4.614771
6.634325 3.842133 3.904565 1.781762
1.641443 1.288363 -0.379458 -0.249318
1.288363 1.674374 -0.255652 -0.333463
-0.379458 -0.255652 2.011354 1.762967
-0.249318 -0.333463 1.762967 2.376166
8.067820 3.528639 4.391959 1.497562
1.293200 0.821245 -0.283341 -0.165496
0.821245 0.850058 -0.166104 -0.186605
-0.283341 -0.166104 1.889939 1.277712
-0.165496 -0.186605 1.277712 1.249034
9.081370 3.127045 5.744117 1.823921
1.110894 0.595427 -0.255774 -0.134003
0.595427 0.505495 -0.133993 -0.121488
-0.255774 -0.133993 1.706121 0.933051
-0.134003 -0.121488 0.933051 0.723208
9.708279 2.693058 5.808330 1.435421
1.012985 0.469397 -0.283348 -0.131124
0.469397 0.334398 -0.131325 -0.091995
-0.283348 -0.131325 1.527108 0.701725
-0.131124 -0.091995 0.701725 0.455220
10.041290 2.280197 6.418166 1.394897
0.920519 0.374835 -0.270574 -0.109416
0.374835 0.232297 -0.109676 -0.064566
-0.270574 -0.109676 1.376745 0.546829
-0.109416 -0.064566 0.546829 0.307813
9.929922 1.826817 8.935605 2.035271
0.851701 0.309648 -0.262567 -0.093796
0.309648 0.170906 -0.094154 -0.047431
-0.262567 -0.094154 1.245287 0.436914
-0.093796 -0.047431 0.436914 0.219829
10.635502 1.757232 9.437113 1.872839
0.831382 0.273557 -0.262896 -0.083825
0.273557 0.135491 -0.084438 -0.036752
-0.262896 -0.084438 1.082758 0.341570
-0.083825 -0.036752 0.341570 0.159702
11.077404 1.625844 10.487076 1.905374
0.795063 0.239066 -0.248673 -0.071347
0.239066 0.109369 -0.071943 -0.027897
-0.248673 -0.071943 0.969441 0.279752
-0.071347 -0.027897 0.279752 0.123457
11.683989 1.564770 10.624086 1.686073
0.759283 0.210962 -0.227449 -0.059225
0.210962 0.091023 -0.059759 -0.021085
-0.227449 -0.059759 0.873574 0.233810
-0.059225 -0.021085 0.233810 0.099299
12.373722 1.543210 11.964985 1.811365
0.718853 0.186517 -0.206949 -0.049349
0.186517 0.077548 -0.049776 -0.016190
-0.206949 -0.049776 0.804544 0.202242
-0.049349 -0.016190 0.202242 0.083566
13.020527 1.514451 13.195661 1.888666
0.683061 0.167318 -0.182488 -0.040039
0.167318 0.068051 -0.040400 -0.012323
-0.182488 -0.040400 0.741127 0.176842
-0.040039 -0.012323 0.176842 0.072240
12.872389 1.307452 14.998057 2.080269
0.651261 0.152123 -0.157566 -0.031935
0.152123 0.061277 -0.032264 -0.009367
-0.157566 -0.032264 0.686211 0.157023
-0.031935 -0.009367 0.157023 0.064161
13.980141 1.409410 15.926989 2.058906
0.628281 0.141247 -0.133194 -0.024946
0.141247 0.056682 -0.025342 -0.007103
-0.133194 -0.025342 0.634319 0.140516
-0.024946 -0.007103 0.140516 0.058130
15.124874 1.504411 16.756721 2.018967
0.604508 0.131807 -0.110709 -0.019195
0.131807 0.053189 -0.019588 -0.005393
-0.110709 -0.019588 0.595420 0.128872
-0.019195 -0.005393 0.128872 0.054061
15.433328 1.406849 17.454151 1.948353
0.581565 0.123883 -0.090494 -0.014525
0.123883 0.050584 -0.014879 -0.004106
-0.090494 -0.014879 0.566228 0.120624
-0.014525 -0.004106 0.120624 0.051292
16.153628 1.409356 18.293386 1.919889
0.562813 0.117900 -0.074051 -0.011045
0.117900 0.048781 -0.011379 -0.003197
-0.074051 -0.011379 0.542904 0.114467
-0.011045 -0.003197 0.114467 0.049331
16.673831 1.368666 18.935988 1.851631
0.546549 0.113213 -0.059627 -0.008237
0.113213 0.047507 -0.008547 -0.002504
-0.059627 -0.008547 0.524772 0.109995
-0.008237 -0.002504 0.109995 0.047970
17.310094 1.360974 20.192029 1.920538
0.532924 0.109649 -0.047589 -0.006089
0.109649 0.046635 -0.006374 -0.001994
-0.047589 -0.006374 0.510788 0.106779
-0.006089 -0.001994 0.106779 0.047027
17.826852 1.326720 21.051786 1.898412
0.521622 0.106984 -0.036401 -0.004205
0.106984 0.046056 -0.004471 -0.001565
-0.036401 -0.004471 0.499790 0.104442
-0.004205 -0.001565 0.104442 0.046370
18.240402 1.277170 22.334501 1.966871
0.512237 0.105001 -0.026918 -0.002737
0.105001 0.045677 -0.002981 -0.001238
-0.026918 -0.002981 0.491663 0.102857
-0.002737 -0.001238 0.102857 0.045931
18.698025 1.239991 23.316230 1.965663
0.504356 0.103521 -0.018423 -0.001495
0.103521 0.045433 -0.001717 -0.000963
-0.018423 -0.001717 0.485901 0.101845
-0.001495 -0.000963 0.101845 0.045648
19.297546 1.235517 24.220230 1.949022
0.497485 0.102369 -0.011346 -0.000552
0.102369 0.045267 -0.000748 -0.000751
-0.011346 -0.000748 0.482396 0.101328
-0.000552 -0.000751 0.101328 0.045486
19.459616 1.140417 24.763300 1.856985
0.491198 0.101410 -0.005804 0.000094
0.101410 0.045140 -0.000074 -0.000596
-0.005804 -0.000074 0.480944 0.101222
0.000094 -0.000596 0.101222 0.045415
20.570755 1.253186 26.151319 1.954782
0.486021 0.100722 -0.001525 0.000521
0.100722 0.045062 0.000380 -0.000480
-0.001525 0.000380 0.480486 0.101274
0.000521 -0.000480 0.101274 0.045378
21.246634 1.263456 27.152930 1.959935
0.479973 0.099860 0.000971 0.000633
0.099860 0.044935 0.000517 -0.000423
0.000971 0.000517 0.482519 0.101797
0.000633 -0.000423 0.101797 0.045438
21.907423 1.269521 27.420006 1.809533
0.473935 0.099019 0.001931 0.000501
0.099019 0.044804 0.000408 -0.000406
0.001931 0.000408 0.485857 0.102509
0.000501 -0.000406 0.102509 0.045531
22.915099 1.347340 29.278711 2.010522
0.469147 0.098449 0.001424 0.000153
0.098449 0.044722 0.000075 -0.000426
0.001424 0.000075 0.488914 0.103071
0.000153 -0.000426 0.103071 0.045587
23.408586 1.309190 30.528607 2.062136
0.462713 0.097515 -0.001279 -0.000558
0.097515 0.044549 -0.000630 -0.000514
-0.001279 -0.000630 0.494672 0.104142
-0.000558 -0.000514 0.104142 0.045751
24.249372 1.348612 31.548841 2.059732
0.455980 0.096528 -0.004786 -0.001320
0.096528 0.044361 -0.001394 -0.000604
-0.004786 -0.001394 0.501753 0.105393
-0.001320 -0.000604 0.105393 0.045947
25.562861 1.484440 32.774836 2.100452
0.449740 0.095656 -0.009756 -0.002285
0.095656 0.044193 -0.002369 -0.000731
-0.009756 -0.002369 0.509289 0.106637
-0.002285 -0.000731 0.106637 0.046136
25.582750 1.330210 33.099778 1.949303
0.444075 0.094901 -0.017128 -0.003646
0.094901 0.044042 -0.003754 -0.000940
-0.017128 -0.003754 0.517415 0.107917
-0.003646 -0.000940 0.107917 0.046331
26.483531 1.380893 34.242478 1.984309
0.439665 0.094394 -0.022788 -0.004526
0.094394 0.043936 -0.004647 -0.001039
-0.022788 -0.004647 0.524581 0.108919
-0.004526 -0.001039 0.108919 0.046469
27.504294 1.452321 35.384732 2.015740
0.435502 0.093894 -0.029186 -0.005501
0.093894 0.043820 -0.005640 -0.001166
-0.029186 -0.005640 0.532430 0.110022
-0.005501 -0.001166 0.110022 0.046635
28.032095 1.408871 36.159866 1.967443
0.431727 0.093435 -0.035977 -0.006502
0.093435 0.043704 -0.006662 -0.001306
-0.035977 -0.006662 0.540745 0.111178
-0.006502 -0.001306 0.111178 0.046818
28.871951 1.437465 36.861479 1.910090
0.428481 0.093050 -0.041556 -0.007210
0.093050 0.043596 -0.007375 -0.001389
-0.041556 -0.007375 0.548625 0.112208
-0.007210 -0.001389 0.112208 0.046979
29.346644 1.383005 37.514109 1.847492
0.425920 0.092772 -0.046684 -0.007818
0.092772 0.043505 -0.007986 -0.001465
-0.046684 -0.007986 0.555843 0.113085
-0.007818 -0.001465 0.113085 0.047117
29.650485 1.299212 38.661247 1.890907
0.423705 0.092527 -0.050177 -0.008103
0.092527 0.043418 -0.008252 -0.001484
-0.050177 -0.008252 0.562126 0.113779
-0.008103 -0.001484 0.113779 0.047228
30.284278 1.295982 39.649327 1.899426
0.421471 0.092255 -0.050018 -0.007692
0.092255 0.043324 -0.007770 -0.001370
-0.050018 -0.007770 0.566693 0.114166
-0.007692 -0.001370 0.114166 0.047291
30.804129 1.268217 40.668618 1.912615
0.420041 0.092142 -0.047297 -0.006867
0.092142 0.043267 -0.006858 -0.001194
-0.047297 -0.006858 0.568466 0.114058
-0.006867 -0.001194 0.114058 0.047270
31.187050 1.211996 41.495229 1.884952
0.420209 0.092357 -0.041827 -0.005613
0.092357 0.043283 -0.005514 -0.000954
-0.041827 -0.005514 0.565957 0.113201
-0.005613 -0.000954 0.113201 0.047121
31.231482 1.088058 42.430498 1.879822
0.422314 0.092941 -0.034939 -0.004217
0.092941 0.043374 -0.004053 -0.000713
-0.034939 -0.004053 0.559529 0.111720
-0.004217 -0.000713 0.111720 0.046873
31.807548 1.097814 43.803132 1.966549
0.426921 0.093987 -0.027346 -0.002812
0.093987 0.043557 -0.002618 -0.000491
-0.027346 -0.002618 0.549039 0.109617
-0.002812 -0.000491 0.109617 0.046527
32.656957 1.164012 44.792182 1.969392
0.436880 0.096083 -0.019712 -0.001496
0.096083 0.043957 -0.001345 -0.000304
-0.019712 -0.001345 0.531185 0.106252
-0.001496 -0.000304 0.106252 0.045954
33.278212 1.171727 45.592714 1.932546
0.451441 0.098961 -0.014228 -0.000691
0.098961 0.044496 -0.000645 -0.000231
-0.014228 -0.000645 0.509552 0.102401
-0.000691 -0.000231 0.102401 0.045312
34.020682 1.206505 46.717002 1.965180
0.468981 0.102204 -0.011644 -0.000504
0.102204 0.045081 -0.000584 -0.000275
-0.011644 -0.000584 0.487739 0.098774
-0.000504 -0.000275 0.098774 0.044735
34.649592 1.211935 47.663019 1.957777
0.491214 0.106172 -0.013440 -0.001177
0.106172 0.045793 -0.001406 -0.000479
-0.013440 -0.001406 0.465128 0.095166
-0.001177 -0.000479 0.095166 0.044160
35.192082 1.197803 48.436595 1.915037
0.516046 0.110364 -0.019083 -0.002548
0.110364 0.046520 -0.002891 -0.000791
-0.019083 -0.002891 0.444828 0.092171
-0.002548 -0.000791 0.092171 0.043699
