-0.812017 0.637280 1.721870 -0.203284
2.053490 0.821414 -0.226717 -0.090689
0.821414 80.332639 -0.090689 -0.036276
-0.226717 -0.090689 3.101368 1.240574
-0.090689 -0.036276 1.240574 80.500307
3.628701 8.036293 3.607704 3.247479
2.816544 4.996321 -1.701859 -2.831879
4.996321 16.012702 -2.968991 -5.584769
-1.701859 -2.968991 3.606915 6.084575
-2.831879 -5.584769 6.084575 20.399366
7.458335 7.663287 3.011834 0.690031
1.830210 2.032661 -0.669941 -0.574834
2.032661 3.917455 -0.561966 -0.785853
-0.669941 -0.561966 2.791744 3.121939
-0.574834 -0.785853 3.121939 5.881302
7.213473 4.308791 4.762255 1.668716
1.475977 1.224232 -0.213705 -0.109341
1.224232 1.640839 -0.108310 -0.210741
-0.213705 -0.108310 2.134776 1.762278
-0.109341 -0.210741 1.762278 2.355048
8.010036 3.420179 6.349998 2.149467
1.275844 0.838029 -0.295451 -0.180985
0.838029 0.850623 -0.180198 -0.201028
-0.295451 -0.180198 1.929574 1.263615
-0.180985 -0.201028 1.263615 1.259284
9.252421 3.163019 5.624991 1.176745
1.198933 0.651395 -0.380397 -0.204040
0.651395 0.522281 -0.204232 -0.160451
-0.380397 -0.204232 1.680141 0.907101
-0.204040 -0.160451 0.907101 0.731012
9.620234 2.602899 6.340324 1.233222
1.044203 0.481595 -0.324588 -0.147691
0.481595 0.327955 -0.147705 -0.098215
-0.324588 -0.147705 1.517273 0.697682
-0.147691 -0.098215 0.697682 0.471093
10.068642 2.259359 6.898992 1.208749
0.945660 0.380330 -0.303705 -0.120352
0.380330 0.225763 -0.120384 -0.067969
-0.303705 -0.120384 1.370009 0.548703
-0.120352 -0.067969 0.548703 0.321573
9.577792 1.680170 8.164774 1.441048
0.870002 0.311070 -0.285427 -0.099924
0.311070 0.165181 -0.099994 -0.048967
-0.285427 -0.099994 1.239763 0.440657
-0.099924 -0.048967 0.440657 0.230561
10.324421 1.651950 9.717159 1.707922
0.834364 0.269437 -0.283512 -0.088804
0.269437 0.129644 -0.089084 -0.037938
-0.283512 -0.089084 1.104489 0.353909
-0.088804 -0.037938 0.353909 0.170380
11.268960 1.685589 10.133188 1.579510
0.799499 0.236018 -0.262112 -0.073881
0.236018 0.105278 -0.074327 -0.028418
-0.262112 -0.074327 0.979392 0.287194
-0.073881 -0.028418 0.287194 0.130440
12.265771 1.723819 9.997351 1.327131
0.754236 0.205877 -0.236097 -0.060448
0.205877 0.087347 -0.060900 -0.021319
-0.236097 -0.060900 0.890422 0.242306
-0.060448 -0.021319 0.242306 0.105127
13.649029 1.855958 10.316135 1.241962
0.703310 0.179589 -0.210007 -0.049294
0.179589 0.074167 -0.049627 -0.016156
-0.210007 -0.049627 0.828428 0.211621
-0.049294 -0.016156 0.211621 0.088544
13.833406 1.678204 11.472795 1.366924
0.653589 0.157990 -0.181394 -0.039244
0.157990 0.064689 -0.039442 -0.012160
-0.181394 -0.039442 0.778050 0.188372
-0.039244 -0.012160 0.188372 0.076910
13.753524 1.466528 12.540617 1.448940
0.618300 0.143092 -0.158540 -0.031849
0.143092 0.058474 -0.032049 -0.009420
-0.158540 -0.032049 0.728493 0.168557
-0.031849 -0.009420 0.168557 0.068143
13.876425 1.336823 14.337083 1.684569
0.593248 0.132681 -0.140038 -0.026291
0.132681 0.054331 -0.026564 -0.007486
-0.140038 -0.026564 0.681762 0.152024
-0.026291 -0.007486 0.152024 0.061577
14.433171 1.314164 15.416093 1.735265
0.575625 0.125402 -0.120946 -0.021178
0.125402 0.051564 -0.021576 -0.005904
-0.120946 -0.021576 0.635800 0.137790
-0.021178 -0.005904 0.137790 0.056549
15.134707 1.326340 16.606398 1.804726
0.560101 0.119602 -0.102883 -0.016808
0.119602 0.049563 -0.017272 -0.004656
-0.102883 -0.017272 0.598002 0.127007
-0.016808 -0.004656 0.127007 0.052992
15.875896 1.336350 16.712399 1.637400
0.546337 0.114975 -0.085548 -0.012991
0.114975 0.048122 -0.013477 -0.003648
-0.085548 -0.013477 0.567194 0.118897
-0.012991 -0.003648 0.118897 0.050483
16.502560 1.329869 17.808486 1.695067
0.533093 0.111054 -0.071744 -0.010229
0.111054 0.047038 -0.010677 -0.002943
-0.071744 -0.010677 0.545070 0.113404
-0.010229 -0.002943 0.113404 0.048832
16.916306 1.278278 18.739297 1.710279
0.522171 0.108116 -0.058742 -0.007801
0.108116 0.046307 -0.008214 -0.002359
-0.058742 -0.008214 0.526865 0.109235
-0.007801 -0.002359 0.109235 0.047651
17.401970 1.248730 19.912365 1.775190
0.513489 0.105993 -0.047259 -0.005812
0.105993 0.045837 -0.006191 -0.001900
-0.047259 -0.006191 0.512192 0.106138
-0.005812 -0.001900 0.106138 0.046817
18.404521 1.330517 21.375068 1.897495
0.506549 0.104471 -0.036703 -0.004092
0.104471 0.045544 -0.004438 -0.001518
-0.036703 -0.004438 0.500535 0.103885
-0.004092 -0.001518 0.103885 0.046237
19.087692 1.335228 22.509496 1.936313
0.500142 0.103218 -0.026751 -0.002550
0.103218 0.045333 -0.002854 -0.001182
-0.026751 -0.002854 0.492324 0.102476
-0.002550 -0.001182 0.102476 0.045877
19.777715 1.338832 23.246515 1.888111
0.494434 0.102217 -0.018381 -0.001369
0.102217 0.045186 -0.001628 -0.000927
-0.018381 -0.001628 0.486957 0.101695
-0.001369 -0.000927 0.101695 0.045666
20.206141 1.289880 24.482859 1.948428
0.489367 0.101417 -0.011981 -0.000594
0.101417 0.045081 -0.000810 -0.000755
-0.011981 -0.000810 0.483842 0.101362
-0.000594 -0.000755 0.101362 0.045554
20.992885 1.319782 25.627121 1.984562
0.484487 0.100696 -0.006911 -0.000059
0.100696 0.044988 -0.000233 -0.000625
-0.006911 -0.000233 0.482742 0.101400
-0.000059 -0.000625 0.101400 0.045516
21.421603 1.271577 26.618598 1.983948
0.479410 0.099959 -0.003677 0.000147
0.099959 0.044884 0.000011 -0.000555
-0.003677 0.000011 0.483594 0.101771
0.000147 -0.000555 0.101771 0.045543
22.011875 1.261976 27.520749 1.964976
0.474329 0.099240 -0.001792 0.000150
0.099240 0.044777 0.000045 -0.000516
-0.001792 0.000045 0.485806 0.102336
0.000150 -0.000516 0.102336 0.045602
22.844923 1.304602 29.196980 2.111215
0.469278 0.098541 -0.001432 -0.000080
0.098541 0.044667 -0.000163 -0.000517
-0.001432 -0.000163 0.489065 0.103026
-0.000080 -0.000517 0.103026 0.045681
23.422419 1.288846 30.151420 2.089919
0.462892 0.097567 -0.003127 -0.000646
0.097567 0.044491 -0.000714 -0.000579
-0.003127 -0.000714 0.494741 0.104134
-0.000646 -0.000579 0.104134 0.045843
23.916081 1.256961 31.109970 2.071794
0.456760 0.096673 -0.005999 -0.001345
0.096673 0.044329 -0.001407 -0.000660
-0.005999 -0.001407 0.501068 0.105264
-0.001345 -0.000660 0.105264 0.046003
24.464066 1.239835 32.217721 2.086860
0.450876 0.095844 -0.009618 -0.002091
0.095844 0.044175 -0.002155 -0.000743
-0.009618 -0.002155 0.507987 0.106417
-0.002091 -0.000743 0.106417 0.046164
24.663148 1.149992 33.657851 2.169649
0.445055 0.095027 -0.013927 -0.002885
0.095027 0.044018 -0.002957 -0.000834
-0.013927 -0.002957 0.515734 0.107656
-0.002885 -0.000834 0.107656 0.046344
25.335448 1.170810 34.624256 2.145075
0.438727 0.094096 -0.017626 -0.003470
0.094096 0.043829 -0.003545 -0.000881
-0.017626 -0.003545 0.524963 0.109122
-0.003470 -0.000881 0.109122 0.046571
25.992772 1.186106 35.483448 2.101004
0.433241 0.093348 -0.021823 -0.004111
0.093348 0.043676 -0.004194 -0.000946
-0.021823 -0.004194 0.533960 0.110448
-0.004111 -0.000946 0.110448 0.046769
26.369034 1.139055 36.462623 2.085997
0.428694 0.092784 -0.026123 -0.004730
0.092784 0.043554 -0.004823 -0.001014
-0.026123 -0.004823 0.542353 0.111586
-0.004730 -0.001014 0.111586 0.046933
26.411900 1.023890 37.221093 2.026617
0.424774 0.092324 -0.029327 -0.005095
0.092324 0.043446 -0.005184 -0.001034
-0.029327 -0.005184 0.550086 0.112557
-0.005095 -0.001034 0.112557 0.047072
27.610676 1.173205 37.989373 1.978612
0.421596 0.091988 -0.030849 -0.005118
0.091988 0.043357 -0.005185 -0.000993
-0.030849 -0.005185 0.556488 0.113252
-0.005118 -0.000993 0.113252 0.047167
28.746045 1.293813 39.077142 2.000378
0.419382 0.091812 -0.033105 -0.005325
0.091812 0.043294 -0.005392 -0.001011
-0.033105 -0.005392 0.561726 0.113731
-0.005325 -0.001011 0.113731 0.047232
29.284706 1.270140 40.110094 2.006577
0.418037 0.091774 -0.034256 -0.005327
0.091774 0.043254 -0.005383 -0.000994
-0.034256 -0.005383 0.565136 0.113890
-0.005327 -0.000994 0.113890 0.047249
29.857814 1.253754 40.463072 1.875615
0.417908 0.091953 -0.032915 -0.004861
0.091953 0.043256 -0.004878 -0.000888
-0.032915 -0.004878 0.565372 0.113493
-0.004861 -0.000888 0.113493 0.047174
30.581006 1.275183 41.439943 1.883871
0.418314 0.092179 -0.031304 -0.004418
0.092179 0.043261 -0.004405 -0.000805
-0.031304 -0.004405 0.564420 0.112977
-0.004418 -0.000805 0.112977 0.047097
31.033361 1.235269 42.601479 1.926958
0.420694 0.092785 -0.027473 -0.003589
0.092785 0.043348 -0.003534 -0.000651
-0.027473 -0.003534 0.559115 0.111715
-0.003589 -0.000651 0.111715 0.046890
31.856404 1.280068 43.441065 1.903097
0.426371 0.094035 -0.021802 -0.002472
0.094035 0.043569 -0.002384 -0.000452
-0.021802 -0.002384 0.547879 0.109443
-0.002472 -0.000452 0.109443 0.046504
32.982721 1.389255 44.885640 2.003820
0.435204 0.095836 -0.016106 -0.001443
0.095836 0.043895 -0.001358 -0.000288
-0.016106 -0.001358 0.532526 0.106576
-0.001443 -0.000288 0.106576 0.046029
33.990950 1.457358 45.679805 1.963174
0.451800 0.099154 -0.012236 -0.000838
0.099154 0.044533 -0.000845 -0.000227
-0.012236 -0.000845 0.508529 0.102207
-0.000838 -0.000227 0.102207 0.045274
35.053068 1.529671 46.522179 1.935978
0.472694 0.103082 -0.011985 -0.000992
0.103082 0.045259 -0.001133 -0.000322
-0.011985 -0.001133 0.483613 0.097960
-0.000992 -0.000322 0.097960 0.044573
35.769176 1.517674 46.927493 1.820560
0.498089 0.107623 -0.016916 -0.002163
0.107623 0.046076 -0.002461 -0.000612
-0.016916 -0.002461 0.459383 0.094082
-0.002163 -0.000612 0.094082 0.043953
36.452880 1.502538 48.214519 1.898644
0.523987 0.111887 -0.024768 -0.003825
0.111887 0.046794 -0.004222 -0.000965
-0.024768 -0.004222 0.439867 0.091324
-0.003825 -0.000965 0.091324 0.043551
