1.368751 1.509606 -1.491606 -1.488702
2.575399 1.030182 -0.261185 -0.104476
1.030182 80.416148 -0.104476 -0.041791
-0.261185 -0.104476 2.388565 0.955447
-0.104476 -0.041791 0.955447 80.386254
4.006606 4.871097 1.556345 5.212412
2.241808 3.892744 -0.323358 -0.517175
3.892744 15.440888 -0.508994 -1.558086
-0.323358 -0.508994 2.373052 4.159371
-0.517175 -1.558086 4.159371 15.433602
5.587493 3.862596 3.113650 4.003056
1.993677 2.317190 -0.204556 -0.212801
2.317190 4.641622 -0.210672 -0.424462
-0.204556 -0.210672 2.051875 2.345740
-0.212801 -0.424462 2.345740 4.543235
6.649334 3.120713 3.911094 2.996124
1.709401 1.449376 -0.153678 -0.124830
1.449376 1.942019 -0.123973 -0.181371
-0.153678 -0.123973 1.746598 1.457754
-0.124830 -0.181371 1.457754 1.910154
7.685417 2.772287 4.107542 2.143415
1.475710 0.980502 -0.125460 -0.083661
0.980502 0.989492 -0.083264 -0.093853
-0.125460 -0.083264 1.508205 0.988756
-0.083661 -0.093853 0.988756 0.980720
8.177675 2.283733 5.631696 2.389277
1.289531 0.704132 -0.106253 -0.059810
0.704132 0.572743 -0.059614 -0.054287
-0.106253 -0.059614 1.325927 0.715691
-0.059810 -0.054287 0.715691 0.572956
8.966476 2.119655 7.010408 2.474517
1.148279 0.532823 -0.089285 -0.043424
0.532823 0.364778 -0.043286 -0.033357
-0.089285 -0.043286 1.175324 0.539662
-0.043424 -0.033357 0.539662 0.364999
9.800536 2.029743 7.463333 2.161053
1.035225 0.418385 -0.074367 -0.031912
0.418385 0.249299 -0.031799 -0.021466
-0.074367 -0.031799 1.053889 0.421977
-0.031912 -0.021466 0.421977 0.249290
10.547022 1.932086 9.379779 2.459111
0.941347 0.337881 -0.063150 -0.024294
0.337881 0.180207 -0.024210 -0.014546
-0.063150 -0.024210 0.957150 0.340813
-0.024294 -0.014546 0.340813 0.180554
10.782996 1.697333 9.441434 2.084678
0.865315 0.280373 -0.052453 -0.018364
0.280373 0.136968 -0.018290 -0.010046
-0.052453 -0.018290 0.875507 0.281724
-0.018364 -0.010046 0.281724 0.137081
12.300682 1.896672 9.763801 1.871406
0.801096 0.237610 -0.045458 -0.014609
0.237610 0.108597 -0.014551 -0.007293
-0.045458 -0.014551 0.808789 0.238517
-0.014609 -0.007293 0.238517 0.108754
13.178533 1.878077 9.997637 1.679482
0.745644 0.205001 -0.038901 -0.011574
0.205001 0.089358 -0.011530 -0.005359
-0.038901 -0.011530 0.754094 0.206349
-0.011574 -0.005359 0.206349 0.089727
13.645183 1.755972 11.238576 1.782935
0.698538 0.180071 -0.033530 -0.009295
0.180071 0.076090 -0.009262 -0.004019
-0.033530 -0.009262 0.708203 0.181829
-0.009295 -0.004019 0.181829 0.076590
14.193932 1.675127 12.819097 1.950846
0.659461 0.161084 -0.028775 -0.007474
0.161084 0.066853 -0.007447 -0.003047
-0.028775 -0.007447 0.668418 0.162675
-0.007474 -0.003047 0.162675 0.067304
14.511180 1.553498 13.906327 1.977120
0.626912 0.146505 -0.024359 -0.005958
0.146505 0.060342 -0.005935 -0.002317
-0.024359 -0.005935 0.634004 0.147657
-0.005958 -0.002317 0.147657 0.060677
14.801706 1.443800 15.159239 2.036659
0.599544 0.135215 -0.020633 -0.004771
0.135215 0.055709 -0.004751 -0.001781
-0.020633 -0.004751 0.604646 0.135942
-0.004771 -0.001781 0.135942 0.055941
15.063970 1.342970 16.022746 2.002795
0.576596 0.126480 -0.017378 -0.003808
0.126480 0.052409 -0.003792 -0.001376
-0.017378 -0.003792 0.579661 0.126807
-0.003808 -0.001376 0.126807 0.052550
15.542708 1.301498 16.690303 1.931205
0.557296 0.119715 -0.014639 -0.003047
0.119715 0.050058 -0.003033 -0.001072
-0.014639 -0.003033 0.558662 0.119746
-0.003047 -0.001072 0.119746 0.050137
16.186839 1.300241 18.090559 2.023037
0.541052 0.114489 -0.012303 -0.002435
0.114489 0.048392 -0.002424 -0.000839
-0.012303 -0.002424 0.541238 0.114349
-0.002435 -0.000839 0.114349 0.048436
17.005189 1.335405 18.924266 1.985893
0.527577 0.110510 -0.010075 -0.001894
0.110510 0.047228 -0.001885 -0.000651
-0.010075 -0.001885 0.526790 0.110243
-0.001894 -0.000651 0.110243 0.047247
17.667646 1.334458 20.217997 2.048489
0.516374 0.107493 -0.008119 -0.001448
0.107493 0.046425 -0.001441 -0.000504
-0.008119 -0.001441 0.515075 0.107192
-0.001448 -0.000504 0.107192 0.046436
18.482872 1.365397 21.692680 2.142062
0.507224 0.105257 -0.006355 -0.001070
0.105257 0.045884 -0.001065 -0.000386
-0.006355 -0.001065 0.505624 0.104953
-0.001070 -0.000386 0.104953 0.045893
18.823055 1.294217 22.422566 2.071117
0.499783 0.103619 -0.004786 -0.000756
0.103619 0.045529 -0.000752 -0.000294
-0.004786 -0.000752 0.498166 0.103360
-0.000756 -0.000294 0.103360 0.045542
19.896369 1.382884 24.015144 2.186988
0.493847 0.102457 -0.003515 -0.000519
0.102457 0.045306 -0.000516 -0.000225
-0.003515 -0.000516 0.492349 0.102256
-0.000519 -0.000225 0.102256 0.045324
20.203575 1.303168 25.475883 2.263265
0.489031 0.101627 -0.002474 -0.000338
0.101627 0.045166 -0.000336 -0.000173
-0.002474 -0.000336 0.488043 0.101550
-0.000338 -0.000173 0.101550 0.045202
21.138975 1.362266 26.553264 2.252031
0.485165 0.101050 -0.001624 -0.000201
0.101050 0.045082 -0.000200 -0.000133
-0.001624 -0.000200 0.484960 0.101137
-0.000201 -0.000133 0.101137 0.045141
22.118169 1.424395 27.162333 2.144034
0.482061 0.100654 -0.001092 -0.000131
0.100654 0.045032 -0.000130 -0.000110
-0.001092 -0.000130 0.482881 0.100936
-0.000131 -0.000110 0.100936 0.045120
23.470104 1.558249 27.786466 2.050294
0.479671 0.100406 -0.000878 -0.000123
0.100406 0.045005 -0.000122 -0.000100
-0.000878 -0.000122 0.481497 0.100863
-0.000123 -0.000100 0.100863 0.045117
24.329712 1.575111 28.476072 1.979881
0.477884 0.100269 -0.001035 -0.000183
0.100269 0.044993 -0.000182 -0.000103
-0.001035 -0.000182 0.480609 0.100863
-0.000183 -0.000103 0.100863 0.045121
24.789760 1.506256 29.598992 2.007816
0.476548 0.100199 -0.001412 -0.000275
0.100199 0.044985 -0.000274 -0.000113
-0.001412 -0.000274 0.480110 0.100910
-0.000275 -0.000113 0.100910 0.045126
24.540607 1.295101 29.903319 1.860557
0.475395 0.100136 -0.001928 -0.000382
0.100136 0.044971 -0.000381 -0.000125
-0.001928 -0.000381 0.480057 0.101016
-0.000382 -0.000125 0.101016 0.045138
24.800417 1.213304 30.820091 1.857680
0.474506 0.100100 -0.002263 -0.000437
0.100100 0.044956 -0.000437 -0.000125
-0.002263 -0.000437 0.480190 0.101125
-0.000437 -0.000125 0.101125 0.045144
25.413945 1.214711 31.404658 1.785144
0.473666 0.100046 -0.002661 -0.000500
0.100046 0.044933 -0.000499 -0.000128
-0.002661 -0.000499 0.480593 0.101260
-0.000500 -0.000128 0.101260 0.045153
26.317670 1.277363 32.244892 1.774169
0.472981 0.100002 -0.003207 -0.000588
0.100002 0.044909 -0.000588 -0.000138
-0.003207 -0.000588 0.481055 0.101378
-0.000588 -0.000138 0.101378 0.045157
26.881728 1.261581 33.165898 1.781298
0.472363 0.099951 -0.004033 -0.000729
0.099951 0.044882 -0.000729 -0.000159
-0.004033 -0.000729 0.481596 0.101489
-0.000729 -0.000159 0.101489 0.045159
26.923390 1.136938 34.333648 1.839477
0.471698 0.099874 -0.005001 -0.000889
0.099874 0.044850 -0.000890 -0.000185
-0.005001 -0.000890 0.482277 0.101612
-0.000889 -0.000185 0.101612 0.045164
27.196030 1.074112 34.919090 1.768930
0.470769 0.099730 -0.005916 -0.001029
0.099730 0.044804 -0.001030 -0.000206
-0.005916 -0.001030 0.483284 0.101788
-0.001029 -0.000206 0.101788 0.045182
28.376361 1.210529 35.918933 1.793596
0.469893 0.099595 -0.006793 -0.001155
0.099595 0.044762 -0.001156 -0.000224
-0.006793 -0.001156 0.484262 0.101941
-0.001155 -0.000224 0.101941 0.045195
28.477926 1.103793 36.930561 1.817393
0.469065 0.099468 -0.008165 -0.001381
0.099468 0.044723 -0.001383 -0.000266
-0.008165 -0.001383 0.485236 0.102082
-0.001381 -0.000266 0.102082 0.045207
29.153267 1.130096 37.967321 1.844426
0.468014 0.099292 -0.009431 -0.001574
0.099292 0.044676 -0.001576 -0.000299
-0.009431 -0.001576 0.486458 0.102266
-0.001574 -0.000299 0.102266 0.045231
29.633188 1.111845 38.717465 1.808188
0.466901 0.099106 -0.010929 -0.001808
0.099106 0.044629 -0.001811 -0.000342
-0.010929 -0.001811 0.487786 0.102464
-0.001808 -0.000342 0.102464 0.045258
30.010691 1.074038 39.695680 1.823526
0.465833 0.098934 -0.012461 -0.002041
0.098934 0.044587 -0.002044 -0.000384
-0.012461 -0.002044 0.489094 0.102648
-0.002041 -0.000384 0.102648 0.045285
30.974948 1.164998 40.712602 1.846194
0.464649 0.098741 -0.014021 -0.002272
0.098741 0.044542 -0.002275 -0.000427
-0.014021 -0.002275 0.490563 0.102860
-0.002272 -0.000427 0.102860 0.045318
32.055202 1.272144 42.407155 2.008655
0.463533 0.098566 -0.015991 -0.002584
0.098566 0.044502 -0.002588 -0.000487
-0.015991 -0.002588 0.492051 0.103069
-0.002584 -0.000487 0.103069 0.045353
32.427928 1.216720 43.744185 2.077797
0.462138 0.098333 -0.018582 -0.003014
0.098333 0.044449 -0.003020 -0.000571
-0.018582 -0.003020 0.494011 0.103371
-0.003014 -0.000571 0.103371 0.045407
33.508692 1.317185 44.704059 2.062303
0.460471 0.098050 -0.021117 -0.003412
0.098050 0.044388 -0.003418 -0.000646
-0.021117 -0.003418 0.496373 0.103745
-0.003412 -0.000646 0.103745 0.045476
34.338459 1.354016 45.867341 2.090325
0.459103 0.097840 -0.024020 -0.003871
0.097840 0.044344 -0.003880 -0.000734
-0.024020 -0.003880 0.498572 0.104066
-0.003871 -0.000734 0.104066 0.045533
34.594010 1.263299 46.648131 2.033981
0.457769 0.097639 -0.027104 -0.004350
0.097639 0.044301 -0.004362 -0.000826
-0.027104 -0.004362 0.500901 0.104403
-0.004350 -0.000826 0.104403 0.045594
35.031707 1.221657 47.604330 2.020690
0.456456 0.097445 -0.029790 -0.004729
0.097445 0.044259 -0.004741 -0.000895
-0.029790 -0.004741 0.503234 0.104733
-0.004729 -0.000895 0.104733 0.045653
35.427647 1.175138 48.463083 1.988375
0.455123 0.097246 -0.032334 -0.005074
0.097246 0.044215 -0.005085 -0.000959
-0.032334 -0.005085 0.505669 0.105076
-0.005074 -0.000959 0.105076 0.045717
