1.003537 1.363518 3.741824 0.604715
41.463505 16.585761 -56.479068 -22.592117
16.585761 86.638515 -22.592117 -9.037042
-56.479068 -22.592117 80.538224 32.215988
-22.592117 -9.037042 32.215988 92.890741
-0.643049 -1.049106 5.387359 0.402924
74.985808 51.484350 -84.101183 -32.809049
51.484350 56.247074 -56.012865 -42.258445
-84.101183 -56.012865 97.019908 39.391309
-32.809049 -42.258445 39.391309 51.443189
4.271783 2.120144 0.828738 -1.056560
53.459437 27.943683 -69.484640 -37.237543
27.943683 25.585330 -35.924143 -32.424690
-69.484640 -35.924143 93.119397 51.229507
-37.237543 -32.424690 51.229507 47.703660
1.081785 0.241209 6.694998 2.150608
24.904781 12.676427 -21.925838 -7.691224
12.676427 13.069596 -10.989642 -12.015791
-21.925838 -10.989642 20.894137 7.907478
-7.691224 -12.015791 7.907478 14.372693
7.189951 2.922138 3.307382 0.696492
13.475042 7.293138 -15.264839 -8.433278
7.293138 7.882703 -8.714203 -9.715097
-15.264839 -8.714203 19.167278 11.406698
-8.433278 -9.715097 11.406698 13.332720
8.324279 2.735647 4.183681 1.002451
13.023372 5.843397 -11.486123 -4.895886
5.843397 4.893845 -5.361541 -5.050851
-11.486123 -5.361541 11.380540 5.272412
-4.895886 -5.050851 5.272412 6.061011
7.044964 1.258420 8.749785 3.266115
17.398166 6.815234 -13.859423 -5.206418
6.815234 4.084255 -5.661149 -3.819379
-13.859423 -5.661149 12.071728 4.923214
-5.206418 -3.819379 4.923214 4.187156
10.191047 2.090671 8.562301 2.701333
13.035388 5.090374 -12.454663 -5.129713
5.090374 2.923707 -5.157384 -3.201298
-12.454663 -5.157384 13.039473 5.731566
-5.129713 -3.201298 5.731566 3.855961
12.353707 2.593667 8.260497 1.957746
17.868191 6.077295 -16.784009 -5.979050
6.077295 2.685334 -5.911564 -2.797192
-16.784009 -5.911564 16.761021 6.226620
-5.979050 -2.797192 6.226620 3.162890
18.152213 4.146314 3.783514 -0.014474
15.035852 4.210244 -12.377648 -3.478497
4.210244 1.613441 -3.601813 -1.487889
-12.377648 -3.601813 11.003567 3.296556
-3.478497 -1.487889 3.296556 1.572852
17.178102 3.326578 6.568492 0.770903
3.920071 0.791678 -1.907840 -0.183738
0.791678 0.482748 -0.481136 -0.402582
-1.907840 -0.481136 1.542577 0.390810
-0.183738 -0.402582 0.390810 0.540508
19.067389 3.397625 6.727594 0.693420
4.249950 0.824330 -1.619376 -0.115093
0.824330 0.411686 -0.420317 -0.304228
-1.619376 -0.420317 1.164447 0.322415
-0.115093 -0.304228 0.322415 0.417573
19.110324 2.862626 8.660563 1.266538
4.392387 0.774452 -1.195647 0.012341
0.774452 0.332212 -0.319494 -0.211843
-1.195647 -0.319494 0.833238 0.255004
0.012341 -0.211843 0.255004 0.320907
19.949406 2.559155 10.353062 1.721400
5.039247 0.853665 -1.116102 0.023451
0.853665 0.298301 -0.296345 -0.158236
-1.116102 -0.296345 0.737271 0.236457
0.023451 -0.158236 0.236457 0.250353
21.266171 2.620824 10.940348 1.598068
5.730946 0.917626 -1.017778 0.049908
0.917626 0.268963 -0.261955 -0.113497
-1.017778 -0.261955 0.654795 0.210838
0.049908 -0.113497 0.210838 0.194495
21.651850 2.409167 12.244192 1.747788
5.994100 0.865079 -0.638495 0.161424
0.865079 0.223939 -0.179915 -0.067538
-0.638495 -0.179915 0.524032 0.178794
0.161424 -0.067538 0.178794 0.155625
22.966697 2.422230 13.121858 1.755546
6.403281 0.852733 -0.314444 0.238051
0.852733 0.196700 -0.119564 -0.037178
-0.314444 -0.119564 0.455795 0.163683
0.238051 -0.037178 0.163683 0.129383
25.600797 2.695534 13.403796 1.597079
5.968812 0.704002 0.243064 0.349040
0.704002 0.155067 -0.040759 -0.011959
0.243064 -0.040759 0.440274 0.173308
0.349040 -0.011959 0.173308 0.119192
25.605402 2.495447 14.414248 1.628699
3.951026 0.382801 0.754112 0.381954
0.382801 0.102014 0.006117 -0.006077
0.754112 0.006117 0.592084 0.227429
0.381954 -0.006077 0.227429 0.123073
24.567184 2.130114 15.700990 1.742258
3.398631 0.289034 1.091735 0.409415
0.289034 0.084622 0.026582 -0.000973
1.091735 0.026582 0.818501 0.282295
0.409415 -0.000973 0.282295 0.126036
25.784690 2.175352 16.394187 1.689170
3.469996 0.287259 1.400371 0.435435
0.287259 0.079915 0.051509 0.006520
1.400371 0.051509 1.038061 0.318357
0.435435 0.006520 0.318357 0.122630
25.137862 1.910284 17.351108 1.733360
3.068910 0.229120 1.623286 0.437481
0.229120 0.070663 0.054136 0.007051
1.623286 0.054136 1.367979 0.375558
0.437481 0.007051 0.375558 0.126120
25.266653 1.772920 18.306987 1.770850
2.971186 0.212768 1.873720 0.447535
0.212768 0.066630 0.065202 0.009937
1.873720 0.065202 1.720038 0.425106
0.447535 0.009937 0.425106 0.127094
24.787773 1.588772 18.911791 1.734502
2.641062 0.174749 1.993965 0.431739
0.174749 0.061543 0.057629 0.008597
1.993965 0.057629 2.099634 0.473956
0.431739 0.008597 0.473956 0.128632
25.458337 1.604035 19.482010 1.668963
2.474146 0.159818 2.128673 0.420859
0.159818 0.058954 0.058846 0.009322
2.128673 0.058846 2.475622 0.512494
0.420859 0.009322 0.512494 0.127789
26.940255 1.709390 20.450963 1.674360
1.948686 0.113213 1.970304 0.362575
0.113213 0.054829 0.024211 0.003452
1.970304 0.024211 2.750045 0.532581
0.362575 0.003452 0.532581 0.125148
26.104247 1.547224 19.929465 1.460441
1.094087 0.059113 1.276476 0.219788
0.059113 0.052675 -0.047372 -0.008412
1.276476 -0.047372 2.497730 0.462960
0.219788 -0.008412 0.462960 0.108317
26.389278 1.466970 20.493407 1.447017
0.970665 0.055485 1.284667 0.208447
0.055485 0.051904 -0.056297 -0.008145
1.284667 -0.056297 2.891200 0.502731
0.208447 -0.008145 0.502731 0.110605
27.616362 1.537938 21.552206 1.489065
0.793232 0.048967 1.174839 0.180454
0.048967 0.051692 -0.079715 -0.010386
1.174839 -0.079715 3.227811 0.531322
0.180454 -0.010386 0.531322 0.111489
30.056731 1.687134 24.678970 1.830418
0.526975 0.045092 0.771616 0.111024
0.045092 0.053537 -0.124937 -0.016030
0.771616 -0.124937 3.142208 0.495809
0.111024 -0.016030 0.495809 0.103212
30.252000 1.681862 23.864111 1.578722
0.341347 0.066309 0.164650 0.016839
0.066309 0.058281 -0.148741 -0.018304
0.164650 -0.148741 2.202269 0.337199
0.016839 -0.018304 0.337199 0.077623
31.689429 1.757936 25.640830 1.715998
0.321165 0.083641 -0.072192 -0.015421
0.083641 0.061522 -0.178193 -0.021115
-0.072192 -0.178193 2.271100 0.337078
-0.015421 -0.021115 0.337078 0.077019
32.387651 1.724078 26.286237 1.685983
0.362780 0.108824 -0.314947 -0.045989
0.108824 0.065661 -0.204352 -0.023333
-0.314947 -0.204352 2.267336 0.325536
-0.045989 -0.023333 0.325536 0.074719
32.951195 1.663845 26.703306 1.622537
0.445399 0.135511 -0.540634 -0.071504
0.135511 0.069357 -0.231415 -0.025590
-0.540634 -0.231415 2.381250 0.330512
-0.071504 -0.025590 0.330512 0.074816
33.864319 1.676635 27.873557 1.675236
0.556331 0.162078 -0.768855 -0.095266
0.162078 0.072274 -0.259213 -0.027936
-0.768855 -0.259213 2.589819 0.347534
-0.095266 -0.027936 0.347534 0.076493
34.588415 1.650968 28.263281 1.607273
0.705228 0.191801 -1.015110 -0.119218
0.191801 0.075416 -0.287909 -0.030312
-1.015110 -0.287909 2.803045 0.362863
-0.119218 -0.030312 0.362863 0.077688
35.649403 1.711572 29.099457 1.622963
0.872615 0.219351 -1.277087 -0.143756
0.219351 0.077437 -0.316439 -0.032776
-1.277087 -0.316439 3.100109 0.388215
-0.143756 -0.032776 0.388215 0.080121
36.485244 1.708774 30.067790 1.644814
1.063032 0.246365 -1.560279 -0.169417
0.246365 0.078987 -0.345135 -0.035296
-1.560279 -0.345135 3.441727 0.417222
-0.169417 -0.035296 0.417222 0.082806
37.286404 1.692970 30.776335 1.624635
1.285130 0.275093 -1.870383 -0.196357
0.275093 0.080720 -0.375407 -0.037916
-1.870383 -0.375407 3.805098 0.446028
-0.196357 -0.037916 0.446028 0.085175
38.010969 1.660076 31.475925 1.599487
1.528972 0.302980 -2.204926 -0.224702
0.302980 0.082060 -0.405665 -0.040539
-2.204926 -0.405665 4.212511 0.478187
-0.224702 -0.040539 0.478187 0.087791
38.756668 1.640699 32.289710 1.595457
1.795439 0.330441 -2.565443 -0.254436
0.330441 0.083195 -0.436170 -0.043154
-2.565443 -0.436170 4.659593 0.512745
-0.254436 -0.043154 0.512745 0.090513
39.300914 1.579095 33.132454 1.581167
2.090560 0.358897 -2.955540 -0.285446
0.358897 0.084469 -0.467917 -0.045783
-2.955540 -0.467917 5.138135 0.548038
-0.285446 -0.045783 0.548038 0.093105
39.656851 1.464530 33.539235 1.489028
2.424326 0.390350 -3.378399 -0.317263
0.390350 0.086262 -0.502079 -0.048433
-3.378399 -0.502079 5.632894 0.581495
-0.317263 -0.048433 0.581495 0.095238
40.305408 1.437967 34.114919 1.456776
2.779183 0.420729 -3.829418 -0.350566
0.420729 0.087734 -0.535825 -0.051009
-3.829418 -0.535825 6.174515 0.618325
-0.350566 -0.051009 0.618325 0.097684
41.048742 1.464827 35.259373 1.521403
3.153347 0.449918 -4.308332 -0.385271
0.449918 0.088926 -0.569065 -0.053501
-4.308332 -0.569065 6.763381 0.658334
-0.385271 -0.053501 0.658334 0.100400
41.559676 1.412098 35.904065 1.485169
3.584756 0.485563 -4.825344 -0.419492
0.485563 0.091208 -0.606945 -0.056027
-4.825344 -0.606945 7.345410 0.692253
-0.419492 -0.056027 0.692253 0.102134
42.352727 1.433125 36.701805 1.500950
4.050050 0.522177 -5.375444 -0.454691
0.522177 0.093497 -0.645561 -0.058500
-5.375444 -0.645561 7.960846 0.727205
-0.454691 -0.058500 0.727205 0.103913
43.151537 1.452918 37.506058 1.516208
4.547383 0.559182 -5.960122 -0.491189
0.559182 0.095693 -0.684632 -0.060933
-5.960122 -0.684632 8.617532 0.764181
-0.491189 -0.060933 0.764181 0.105851
43.965036 1.494382 38.653749 1.582056
5.077329 0.596627 -6.579984 -0.528921
0.596627 0.097819 -0.724203 -0.063328
-6.579984 -0.724203 9.315417 0.802973
-0.528921 -0.063328 0.802973 0.107910
44.573427 1.484223 39.707662 1.608655
5.663170 0.639250 -7.231448 -0.565153
0.639250 0.100642 -0.766874 -0.065647
-7.231448 -0.766874 10.002145 0.835981
-0.565153 -0.065647 0.835981 0.109194
