7.085709 3.796439 -1.444543 -1.469877
2.490737 0.996316 -0.101026 -0.040411
0.996316 80.402602 -0.040411 -0.016165
-0.101026 -0.040411 2.420540 0.968237
-0.040411 -0.016165 0.968237 80.391370
3.634651 -5.530736 -0.337021 1.712632
2.210637 3.860452 -0.085882 -0.131176
3.860452 15.189827 -0.129711 -0.485379
-0.085882 -0.129711 2.318345 4.062683
-0.131176 -0.485379 4.062683 15.364980
2.188975 -3.992639 3.654212 5.316862
1.998466 2.319891 -0.107397 -0.120544
2.319891 4.588130 -0.120814 -0.209382
-0.107397 -0.120814 2.015604 2.315979
-0.120544 -0.209382 2.315979 4.533807
2.715073 -1.866932 4.168810 3.523139
1.735265 1.465237 -0.080585 -0.064425
1.465237 1.933364 -0.064535 -0.080113
-0.080585 -0.064535 1.700564 1.426356
-0.064425 -0.080113 1.426356 1.890228
5.026353 0.275278 5.223981 3.061331
1.499655 0.990409 -0.065095 -0.041141
0.990409 0.985531 -0.041179 -0.040014
-0.065095 -0.041179 1.468593 0.967965
-0.041141 -0.040014 0.967965 0.969341
7.999963 1.812049 4.621221 1.905607
1.309600 0.710307 -0.050088 -0.026252
0.710307 0.570665 -0.026265 -0.021613
-0.050088 -0.026265 1.291822 0.700991
-0.026252 -0.021613 0.700991 0.565796
9.273739 1.981142 4.159862 1.253078
1.156634 0.533076 -0.039230 -0.017747
0.533076 0.361901 -0.017752 -0.012841
-0.039230 -0.017752 1.155329 0.533178
-0.017747 -0.012841 0.533178 0.362220
9.734828 1.768450 6.073524 1.770627
1.035758 0.416069 -0.032424 -0.013017
0.416069 0.246708 -0.013021 -0.008363
-0.032424 -0.013021 1.044377 0.419950
-0.013017 -0.008363 0.419950 0.248362
10.890106 1.865110 7.912439 2.111207
0.940832 0.336003 -0.026798 -0.009709
0.336003 0.178613 -0.009712 -0.005657
-0.026798 -0.009712 0.950404 0.339481
-0.009709 -0.005657 0.339481 0.179816
11.962507 1.910193 9.153520 2.170993
0.863450 0.278622 -0.021746 -0.007214
0.278622 0.135875 -0.007215 -0.003905
-0.021746 -0.007215 0.871811 0.281171
-0.007214 -0.003905 0.281171 0.136610
11.801282 1.580226 10.028016 2.108987
0.799072 0.236238 -0.017695 -0.005447
0.236238 0.107890 -0.005447 -0.002776
-0.017695 -0.005447 0.806126 0.238077
-0.005447 -0.002776 0.238077 0.108340
12.852200 1.651768 11.005890 2.087929
0.745289 0.204387 -0.014966 -0.004314
0.204387 0.089018 -0.004313 -0.002060
-0.014966 -0.004313 0.750640 0.205570
-0.004314 -0.002060 0.205570 0.089260
13.126032 1.509735 12.110590 2.103677
0.699686 0.180001 -0.012586 -0.003419
0.180001 0.075973 -0.003418 -0.001547
-0.012586 -0.003418 0.703895 0.180801
-0.003419 -0.001547 0.180801 0.076114
13.507003 1.418603 12.984540 2.060456
0.661141 0.161213 -0.010681 -0.002749
0.161213 0.066824 -0.002747 -0.001182
-0.010681 -0.002747 0.664160 0.161686
-0.002749 -0.001182 0.161686 0.066891
14.123849 1.397095 13.614452 1.967215
0.628422 0.146630 -0.009126 -0.002233
0.146630 0.060333 -0.002231 -0.000916
-0.009126 -0.002231 0.630455 0.146870
-0.002233 -0.000916 0.146870 0.060357
14.853709 1.404170 14.368612 1.915612
0.600594 0.135264 -0.007821 -0.001823
0.135264 0.055698 -0.001822 -0.000716
-0.007821 -0.001822 0.601974 0.135377
-0.001823 -0.000716 0.135377 0.055704
15.687172 1.432921 16.219752 2.111077
0.577014 0.126420 -0.006671 -0.001485
0.126420 0.052385 -0.001483 -0.000562
-0.006671 -0.001483 0.577954 0.126463
-0.001485 -0.000562 0.126463 0.052386
16.307145 1.412218 17.420358 2.142174
0.557240 0.119588 -0.005523 -0.001174
0.119588 0.050029 -0.001173 -0.000436
-0.005523 -0.001173 0.557674 0.119551
-0.001174 -0.000436 0.119551 0.050021
15.837718 1.163642 18.489034 2.141587
0.540704 0.114335 -0.004515 -0.000918
0.114335 0.048365 -0.000917 -0.000338
-0.004515 -0.000917 0.540732 0.114244
-0.000918 -0.000338 0.114244 0.048352
16.099402 1.096608 19.512334 2.131617
0.527067 0.110355 -0.003695 -0.000720
0.110355 0.047207 -0.000719 -0.000264
-0.003695 -0.000719 0.526616 0.110194
-0.000720 -0.000264 0.110194 0.047184
16.527373 1.071604 20.905085 2.199626
0.515856 0.107364 -0.002979 -0.000556
0.107364 0.046411 -0.000555 -0.000206
-0.002979 -0.000555 0.515043 0.107160
-0.000556 -0.000206 0.107160 0.046384
17.112486 1.081833 21.979105 2.194280
0.506726 0.105152 -0.002317 -0.000413
0.105152 0.045878 -0.000412 -0.000159
-0.002317 -0.000412 0.505683 0.104931
-0.000413 -0.000159 0.104931 0.045850
17.246151 0.997371 22.952734 2.168610
0.499357 0.103544 -0.001738 -0.000295
0.103544 0.045529 -0.000294 -0.000121
-0.001738 -0.000294 0.498243 0.103336
-0.000295 -0.000121 0.103336 0.045505
17.960574 1.042047 23.264823 2.008320
0.493513 0.102411 -0.001237 -0.000198
0.102411 0.045310 -0.000198 -0.000091
-0.001237 -0.000198 0.492401 0.102225
-0.000198 -0.000091 0.102225 0.045291
18.439806 1.033360 24.269011 2.008322
0.488926 0.101633 -0.000855 -0.000130
0.101633 0.045179 -0.000130 -0.000070
-0.000855 -0.000130 0.487920 0.101485
-0.000130 -0.000070 0.101485 0.045167
19.372064 1.119928 25.133058 1.979142
0.485376 0.101120 -0.000531 -0.000075
0.101120 0.045106 -0.000075 -0.000053
-0.000531 -0.000075 0.484565 0.101020
-0.000075 -0.000053 0.101020 0.045102
20.686871 1.277565 26.106276 1.975759
0.482652 0.100795 -0.000291 -0.000039
0.100795 0.045067 -0.000038 -0.000041
-0.000291 -0.000038 0.482138 0.100759
-0.000039 -0.000041 0.100759 0.045073
21.434200 1.300286 27.031425 1.962621
0.480580 0.100599 -0.000157 -0.000023
0.100599 0.045048 -0.000023 -0.000034
-0.000157 -0.000023 0.480460 0.100641
-0.000023 -0.000034 0.100641 0.045066
22.432944 1.373417 28.282289 2.019199
0.479034 0.100495 -0.000095 -0.000021
0.100495 0.045038 -0.000021 -0.000030
-0.000095 -0.000021 0.479348 0.100614
-0.000021 -0.000030 0.100614 0.045068
22.655866 1.275933 29.369603 2.035547
0.477863 0.100441 -0.000131 -0.000035
0.100441 0.045031 -0.000035 -0.000029
-0.000131 -0.000035 0.478695 0.100649
-0.000035 -0.000029 0.100649 0.045075
22.937971 1.201009 30.655312 2.091966
0.476967 0.100414 -0.000188 -0.000050
0.100414 0.045022 -0.000050 -0.000029
-0.000188 -0.000050 0.478387 0.100721
-0.000050 -0.000029 0.100721 0.045082
23.837226 1.264001 31.061383 1.957097
0.476234 0.100392 -0.000274 -0.000068
0.100392 0.045009 -0.000068 -0.000029
-0.000274 -0.000068 0.478362 0.100816
-0.000068 -0.000029 0.100816 0.045088
24.572139 1.285714 32.371111 2.026939
0.475717 0.100390 -0.000451 -0.000103
0.100390 0.044995 -0.000103 -0.000033
-0.000451 -0.000103 0.478431 0.100898
-0.000103 -0.000033 0.100898 0.045087
24.931745 1.225891 33.568009 2.065638
0.475237 0.100370 -0.000716 -0.000152
0.100370 0.044975 -0.000152 -0.000040
-0.000716 -0.000152 0.478671 0.100989
-0.000152 -0.000040 0.100989 0.045086
25.601319 1.237849 34.222667 1.985843
0.474756 0.100331 -0.001008 -0.000202
0.100331 0.044951 -0.000202 -0.000047
-0.001008 -0.000202 0.479042 0.101084
-0.000202 -0.000047 0.101084 0.045086
26.779578 1.356110 35.201987 1.983004
0.474352 0.100293 -0.001355 -0.000260
0.100293 0.044926 -0.000260 -0.000055
-0.001355 -0.000260 0.479411 0.101159
-0.000260 -0.000055 0.101159 0.045081
27.549567 1.375546 36.105210 1.964388
0.473977 0.100250 -0.001862 -0.000347
0.100250 0.044902 -0.000348 -0.000070
-0.001862 -0.000348 0.479792 0.101222
-0.000347 -0.000070 0.101222 0.045075
27.982205 1.321544 36.926343 1.930380
0.473606 0.100200 -0.002437 -0.000443
0.100200 0.044877 -0.000444 -0.000087
-0.002437 -0.000444 0.480183 0.101278
-0.000443 -0.000087 0.101278 0.045070
28.561967 1.304340 37.608038 1.870588
0.473221 0.100140 -0.003003 -0.000532
0.100140 0.044851 -0.000533 -0.000101
-0.003003 -0.000533 0.480590 0.101331
-0.000532 -0.000101 0.101331 0.045066
28.944272 1.247257 38.666757 1.896525
0.472855 0.100082 -0.003586 -0.000620
0.100082 0.044828 -0.000621 -0.000116
-0.003586 -0.000621 0.480971 0.101374
-0.000620 -0.000116 0.101374 0.045062
29.557354 1.245048 39.680037 1.910220
0.472407 0.100004 -0.004179 -0.000707
0.100004 0.044802 -0.000708 -0.000131
-0.004179 -0.000708 0.481430 0.101432
-0.000707 -0.000131 0.101432 0.045064
30.444433 1.301013 40.525747 1.887299
0.471915 0.099917 -0.004834 -0.000805
0.099917 0.044776 -0.000806 -0.000149
-0.004834 -0.000806 0.481931 0.101497
-0.000805 -0.000149 0.101497 0.045069
31.509561 1.389120 42.026136 2.004729
0.471454 0.099839 -0.005599 -0.000924
0.099839 0.044753 -0.000925 -0.000171
-0.005599 -0.000925 0.482401 0.101553
-0.000924 -0.000171 0.101553 0.045074
32.174741 1.382591 42.549815 1.903977
0.470888 0.099739 -0.006587 -0.001085
0.099739 0.044728 -0.001087 -0.000202
-0.006587 -0.001087 0.482997 0.101636
-0.001085 -0.000202 0.101636 0.045085
33.058704 1.423445 43.545671 1.913350
0.470427 0.099666 -0.007551 -0.001234
0.099666 0.044709 -0.001236 -0.000230
-0.007551 -0.001236 0.483489 0.101695
-0.001234 -0.000230 0.101695 0.045093
33.472769 1.360542 44.707040 1.956128
0.469967 0.099593 -0.008620 -0.001400
0.099593 0.044691 -0.001403 -0.000262
-0.008620 -0.001403 0.483999 0.101758
-0.001400 -0.000262 0.101758 0.045103
34.476600 1.428688 45.244358 1.863821
0.469391 0.099497 -0.009674 -0.001557
0.099497 0.044668 -0.001560 -0.000291
-0.009674 -0.001560 0.484647 0.101852
-0.001557 -0.000291 0.101852 0.045120
35.306436 1.452999 46.021132 1.831362
0.468987 0.099441 -0.010807 -0.001727
0.099441 0.044655 -0.001731 -0.000324
-0.010807 -0.001731 0.485138 0.101910
-0.001727 -0.000324 0.101910 0.045130
35.496030 1.338591 46.542052 1.747755
0.468632 0.099393 -0.011994 -0.001904
0.099393 0.044644 -0.001909 -0.000358
-0.011994 -0.001909 0.485601 0.101964
-0.001904 -0.000358 0.101964 0.045140
36.464265 1.402315 47.614708 1.789925
0.468274 0.099344 -0.012997 -0.002039
0.099344 0.044632 -0.002043 -0.000384
-0.012997 -0.002043 0.486069 0.102022
-0.002039 -0.000384 0.102022 0.045152
