32.609594 0.515212 48.684902 1.845718
0.560555 0.117132 -0.035956 -0.006043
0.117132 0.047690 -0.006392 -0.001425
-0.035956 -0.006392 0.418810 0.089018
-0.006043 -0.001425 0.089018 0.043120
28.515126 -0.384282 49.113404 1.723800
0.568511 0.117184 -0.033739 -0.005285
0.117184 0.047528 -0.005628 -0.001194
-0.033739 -0.005628 0.414284 0.089262
-0.005285 -0.001194 0.089262 0.043257
24.832215 -1.102560 48.167635 1.315803
0.564031 0.114923 -0.027373 -0.003763
0.114923 0.046973 -0.004104 -0.000839
-0.027373 -0.004104 0.416034 0.090647
-0.003763 -0.000839 0.090647 0.043577
21.966378 -1.578403 46.658153 0.830411
0.549366 0.111031 -0.020632 -0.002353
0.111031 0.046190 -0.002658 -0.000542
-0.020632 -0.002658 0.423920 0.093060
-0.002353 -0.000542 0.093060 0.044052
19.458228 -1.933913 44.306620 0.214426
0.529113 0.106545 -0.015137 -0.001365
0.106545 0.045386 -0.001596 -0.000356
-0.015137 -0.001596 0.436525 0.096122
-0.001365 -0.000356 0.096122 0.044603
16.729490 -2.299434 40.897980 -0.564871
0.503938 0.101577 -0.010163 -0.000576
0.101577 0.044560 -0.000717 -0.000219
-0.010163 -0.000717 0.454850 0.100034
-0.000576 -0.000219 0.100034 0.045286
15.728234 -2.279253 36.531819 -1.457839
0.476082 0.096543 0.000238 0.001357
0.096543 0.043773 0.001213 0.000149
0.000238 0.001213 0.479371 0.104870
0.001357 0.000149 0.104870 0.046122
14.097868 -2.387831 30.870678 -2.527440
0.460871 0.094480 0.019936 0.005183
0.094480 0.043614 0.004892 0.000883
0.019936 0.004892 0.496859 0.107694
0.005183 0.000883 0.107694 0.046473
12.311687 -2.511553 24.597884 -3.601408
0.468633 0.097204 0.032717 0.007198
0.097204 0.044397 0.006872 0.001205
0.032717 0.006872 0.490367 0.105127
0.007198 0.001205 0.105127 0.045675
10.556681 -2.611888 20.067928 -4.181679
0.483283 0.101004 0.026874 0.005113
0.101004 0.045293 0.004917 0.000685
0.026874 0.004917 0.473550 0.100757
0.005113 0.000685 0.100757 0.044621
9.386724 -2.579099 16.265773 -4.545324
0.497456 0.104285 0.010732 0.001151
0.104285 0.045981 0.001106 -0.000150
0.010732 0.001106 0.458242 0.097267
0.001151 -0.000150 0.097267 0.043888
8.859919 -2.418338 13.611808 -4.628152
0.510577 0.106991 -0.011378 -0.003614
0.106991 0.046481 -0.003525 -0.001068
-0.011378 -0.003525 0.447628 0.095166
-0.003614 -0.001068 0.095166 0.043523
8.471058 -2.247388 11.501385 -4.585902
0.522286 0.109108 -0.036501 -0.008533
0.109108 0.046816 -0.008327 -0.001946
-0.036501 -0.008327 0.443165 0.094553
-0.008533 -0.001946 0.094553 0.043491
8.698019 -1.966307 10.365422 -4.337683
0.531503 0.110476 -0.063778 -0.013476
0.110476 0.046974 -0.013144 -0.002777
-0.063778 -0.013144 0.446065 0.095499
-0.013476 -0.002777 0.095499 0.043768
9.020625 -1.691489 9.769519 -3.995869
0.533269 0.110152 -0.090077 -0.017850
0.110152 0.046777 -0.017345 -0.003453
-0.090077 -0.017345 0.458769 0.098359
-0.017850 -0.003453 0.098359 0.044402
9.312634 -1.450980 8.696671 -3.790099
0.528919 0.108618 -0.111135 -0.020868
0.108618 0.046364 -0.020147 -0.003836
-0.111135 -0.020147 0.477217 0.102109
-0.020868 -0.003836 0.102109 0.045152
9.628290 -1.222984 8.219343 -3.476023
0.513665 0.105048 -0.123545 -0.022037
0.105048 0.045586 -0.020998 -0.003853
-0.123545 -0.020998 0.502007 0.106870
-0.022037 -0.003853 0.106870 0.046059
10.549913 -0.884354 8.209771 -3.088480
0.497056 0.101604 -0.128601 -0.021777
0.101604 0.044912 -0.020445 -0.003640
-0.128601 -0.020445 0.525150 0.110882
-0.021777 -0.003640 0.110882 0.046748
11.315962 -0.604305 8.622601 -2.656496
0.482233 0.098886 -0.128060 -0.020565
0.098886 0.044440 -0.019038 -0.003318
-0.128060 -0.019038 0.543466 0.113599
-0.020565 -0.003318 0.113599 0.047139
12.213163 -0.322852 9.131475 -2.252043
0.472116 0.097350 -0.126157 -0.019324
0.097350 0.044225 -0.017747 -0.003079
-0.126157 -0.017747 0.556038 0.114960
-0.019324 -0.003079 0.114960 0.047252
13.435344 0.005598 10.080408 -1.797795
0.464912 0.096505 -0.122210 -0.017904
0.096505 0.044141 -0.016388 -0.002868
-0.122210 -0.016388 0.563118 0.115216
-0.017904 -0.002868 0.115216 0.047176
14.436369 0.258666 11.468943 -1.309503
0.460039 0.096172 -0.115546 -0.016160
0.096172 0.044145 -0.014797 -0.002638
-0.115546 -0.014797 0.564130 0.114396
-0.016160 -0.002638 0.114396 0.046939
15.146069 0.419204 12.862420 -0.880766
0.458044 0.096410 -0.106770 -0.014209
0.096410 0.044245 -0.013088 -0.002403
-0.106770 -0.013088 0.558787 0.112547
-0.014209 -0.002403 0.112547 0.046557
15.800230 0.563301 15.230243 -0.302161
0.458354 0.097039 -0.096487 -0.012170
0.097039 0.044399 -0.011324 -0.002170
-0.096487 -0.011324 0.548887 0.110108
-0.012170 -0.002170 0.110108 0.046123
16.242097 0.622173 16.554917 -0.000293
0.461732 0.098220 -0.083444 -0.009751
0.098220 0.044648 -0.009214 -0.001868
-0.083444 -0.009214 0.533193 0.106869
-0.009751 -0.001868 0.106869 0.045588
17.217039 0.797540 18.658733 0.436193
0.465867 0.099363 -0.070462 -0.007560
0.099363 0.044856 -0.007254 -0.001605
-0.070462 -0.007254 0.518060 0.104094
-0.007560 -0.001605 0.104094 0.045192
18.118376 0.925370 20.297534 0.731836
0.469947 0.100346 -0.055959 -0.005225
0.100346 0.045014 -0.005057 -0.001293
-0.055959 -0.005057 0.503893 0.101788
-0.005225 -0.001293 0.101788 0.044912
19.292630 1.092429 21.853767 0.983346
0.473310 0.101028 -0.042105 -0.003170
0.101028 0.045096 -0.003067 -0.001019
-0.042105 -0.003067 0.492819 0.100263
-0.003170 -0.001019 0.100263 0.044786
20.364048 1.219805 23.830061 1.293718
0.475344 0.101322 -0.029794 -0.001526
0.101322 0.045093 -0.001435 -0.000806
-0.029794 -0.001435 0.485429 0.099532
-0.001526 -0.000806 0.099532 0.044794
21.322951 1.299840 25.171078 1.440050
0.475754 0.101220 -0.019678 -0.000365
0.101220 0.045013 -0.000262 -0.000666
-0.019678 -0.000262 0.481594 0.099483
-0.000365 -0.000666 0.099483 0.044904
21.883548 1.285859 26.694921 1.606740
0.474720 0.100811 -0.012668 0.000184
0.100811 0.044883 0.000299 -0.000623
-0.012668 0.000299 0.480664 0.099918
0.000184 -0.000623 0.099918 0.045069
22.817737 1.346560 27.256302 1.557416
0.471954 0.100081 -0.008276 0.000281
0.100081 0.044704 0.000408 -0.000640
-0.008276 0.000408 0.482404 0.100765
0.000281 -0.000640 0.100765 0.045278
23.642259 1.381507 28.988059 1.757580
0.469121 0.099415 -0.006835 -0.000101
0.099415 0.044560 0.000021 -0.000723
-0.006835 0.000021 0.484850 0.101593
-0.000101 -0.000723 0.101593 0.045445
24.180779 1.350399 30.467487 1.883397
0.464348 0.098409 -0.008191 -0.000903
0.098409 0.044358 -0.000790 -0.000860
-0.008191 -0.000790 0.489913 0.102827
-0.000903 -0.000860 0.102827 0.045671
24.915197 1.363883 32.157058 2.040466
0.458280 0.097226 -0.011238 -0.001873
0.097226 0.044135 -0.001774 -0.001002
-0.011238 -0.001774 0.497054 0.104338
-0.001873 -0.001002 0.104338 0.045931
25.263922 1.293436 33.626453 2.134378
0.451088 0.095904 -0.016023 -0.003028
0.095904 0.043895 -0.002948 -0.001162
-0.016023 -0.002948 0.506456 0.106156
-0.003028 -0.001162 0.106156 0.046235
25.817130 1.273588 34.800077 2.156552
0.443519 0.094596 -0.020698 -0.003988
0.094596 0.043667 -0.003928 -0.001264
-0.020698 -0.003928 0.517320 0.108103
-0.003988 -0.001264 0.108103 0.046549
26.950660 1.379811 35.720735 2.124274
0.436647 0.093513 -0.025351 -0.004817
0.093513 0.043490 -0.004776 -0.001334
-0.025351 -0.004776 0.528299 0.109909
-0.004817 -0.001334 0.109909 0.046821
27.761505 1.405683 36.688165 2.104854
0.431219 0.092777 -0.031136 -0.005788
0.092777 0.043380 -0.005777 -0.001439
-0.031136 -0.005777 0.538498 0.111419
-0.005788 -0.001439 0.111419 0.047029
28.793874 1.476617 37.588443 2.074258
0.426796 0.092253 -0.036332 -0.006549
0.092253 0.043304 -0.006562 -0.001504
-0.036332 -0.006562 0.547878 0.112680
-0.006549 -0.001504 0.112680 0.047191
29.707480 1.516004 39.035732 2.158691
0.423386 0.091920 -0.040914 -0.007133
0.091920 0.043253 -0.007166 -0.001542
-0.040914 -0.007166 0.556105 0.113662
-0.007133 -0.001542 0.113662 0.047309
30.344615 1.490130 40.249476 2.185584
0.420785 0.091728 -0.041948 -0.006973
0.091728 0.043219 -0.006983 -0.001433
-0.041948 -0.006983 0.561823 0.114140
-0.006973 -0.001433 0.114140 0.047343
31.278134 1.529712 40.958766 2.108796
0.419969 0.091886 -0.039204 -0.006102
0.091886 0.043250 -0.006056 -0.001199
-0.039204 -0.006056 0.562788 0.113722
-0.006102 -0.001199 0.113722 0.047222
32.200448 1.565303 42.213554 2.149928
0.420907 0.092353 -0.034863 -0.005027
0.092353 0.043332 -0.004928 -0.000958
-0.034863 -0.004928 0.559973 0.112686
-0.005027 -0.000958 0.112686 0.047011
32.741771 1.510717 42.996160 2.089997
0.426465 0.093747 -0.027562 -0.003466
0.093747 0.043605 -0.003332 -0.000645
-0.027562 -0.003332 0.548412 0.110085
-0.003466 -0.000645 0.110085 0.046523
33.451284 1.502019 44.332891 2.148406
0.435242 0.095665 -0.020493 -0.002100
0.095665 0.043963 -0.001971 -0.000405
-0.020493 -0.001971 0.532842 0.106976
-0.002100 -0.000405 0.106976 0.045981
34.435256 1.554270 45.671950 2.202739
0.450993 0.098890 -0.015388 -0.001223
0.098890 0.044577 -0.001193 -0.000291
-0.015388 -0.001193 0.509789 0.102648
-0.001223 -0.000291 0.102648 0.045229
34.986981 1.503877 46.443491 2.135046
0.474243 0.103408 -0.015626 -0.001470
0.103408 0.045426 -0.001633 -0.000419
-0.015626 -0.001633 0.482424 0.097774
-0.001470 -0.000419 0.097774 0.044401
36.036562 1.566941 47.110211 2.053837
0.499301 0.107880 -0.019436 -0.002405
0.107880 0.046210 -0.002733 -0.000663
-0.019436 -0.002733 0.458765 0.093968
-0.002405 -0.000663 0.093968 0.043812
36.793065 1.560381 47.868259 1.997899
0.527319 0.112593 -0.028710 -0.004372
0.112593 0.047007 -0.004835 -0.001090
-0.028710 -0.004835 0.438350 0.090979
-0.004372 -0.001090 0.090979 0.043376
