4.518622 2.769582 -2.199551 -1.771886
2.575399 1.030182 -0.261185 -0.104476
1.030182 80.416148 -0.104476 -0.041791
-0.261185 -0.104476 2.388565 0.955447
-0.104476 -0.041791 0.955447 80.386254
5.326239 1.882667 2.107834 7.333671
2.173624 3.775281 -0.272164 -0.428826
3.775281 15.238575 -0.418760 -1.402300
-0.272164 -0.418760 2.425051 4.251827
-0.428826 -1.402300 4.251827 15.597931
5.230133 0.628455 1.505139 2.459166
1.998551 2.334037 -0.186378 -0.199552
2.334037 4.661392 -0.197922 -0.409805
-0.186378 -0.197922 2.039762 2.324371
-0.199552 -0.409805 2.324371 4.518221
7.056133 1.912778 3.304333 2.935187
1.712230 1.452973 -0.176729 -0.146727
1.452973 1.939728 -0.146492 -0.197310
-0.176729 -0.146492 1.752559 1.462470
-0.146727 -0.197310 1.462470 1.917741
9.297413 2.766270 5.085387 3.140332
1.474786 0.979315 -0.136990 -0.090240
0.979315 0.985356 -0.090016 -0.095186
-0.136990 -0.090016 1.513264 0.992184
-0.090240 -0.095186 0.992184 0.984876
8.486423 1.569774 5.613489 2.579732
1.288033 0.702582 -0.100792 -0.055546
0.702582 0.569978 -0.055337 -0.050094
-0.100792 -0.055337 1.325660 0.715717
-0.055546 -0.050094 0.715717 0.574052
10.136299 1.970670 6.833226 2.546272
1.147551 0.531848 -0.086133 -0.041219
0.531848 0.363183 -0.041087 -0.031384
-0.086133 -0.041087 1.175017 0.539830
-0.041219 -0.031384 0.539830 0.365797
9.988721 1.513111 8.409735 2.669580
1.032050 0.416566 -0.070371 -0.029809
0.416566 0.247843 -0.029712 -0.020073
-0.070371 -0.029712 1.055970 0.423131
-0.029809 -0.020073 0.423131 0.250236
10.339446 1.369404 8.427542 2.201074
0.941156 0.337425 -0.059143 -0.022556
0.337425 0.179587 -0.022475 -0.013597
-0.059143 -0.022475 0.956215 0.340725
-0.022556 -0.013597 0.340725 0.180837
11.396557 1.489836 9.577477 2.216425
0.864405 0.279753 -0.051724 -0.017939
0.279753 0.136454 -0.017880 -0.009707
-0.051724 -0.017880 0.876187 0.282183
-0.017939 -0.009707 0.282183 0.137457
12.112619 1.482111 9.978257 2.007717
0.799989 0.237021 -0.044182 -0.014075
0.237021 0.108205 -0.014029 -0.006993
-0.044182 -0.014029 0.809561 0.238938
-0.014075 -0.006993 0.238938 0.109036
12.951313 1.509068 10.834258 1.967130
0.745336 0.204713 -0.038132 -0.011245
0.204713 0.089127 -0.011210 -0.005170
-0.038132 -0.011210 0.754184 0.206526
-0.011245 -0.005170 0.206526 0.089887
13.691423 1.506274 10.613838 1.657850
0.699170 0.180065 -0.032695 -0.008987
0.180065 0.075979 -0.008960 -0.003868
-0.032695 -0.008960 0.707333 0.181734
-0.008987 -0.003868 0.181734 0.076647
14.613929 1.547286 12.029061 1.800530
0.659414 0.160921 -0.028518 -0.007340
0.160921 0.066731 -0.007320 -0.002963
-0.028518 -0.007320 0.668362 0.162783
-0.007340 -0.002963 0.162783 0.067393
14.492316 1.338257 12.941372 1.803652
0.626211 0.146216 -0.024296 -0.005882
0.146216 0.060214 -0.005866 -0.002261
-0.024296 -0.005866 0.634658 0.147912
-0.005882 -0.002261 0.147912 0.060782
15.193311 1.345362 14.722763 2.001504
0.598596 0.134909 -0.020984 -0.004796
0.134909 0.055599 -0.004782 -0.001758
-0.020984 -0.004782 0.605610 0.136233
-0.004796 -0.001758 0.136233 0.056037
15.683743 1.305415 15.826125 2.023944
0.575585 0.126196 -0.017639 -0.003813
0.126196 0.052320 -0.003801 -0.001354
-0.017639 -0.003801 0.580670 0.127074
-0.003813 -0.001354 0.127074 0.052628
15.973630 1.227517 16.911402 2.039568
0.556276 0.119461 -0.014703 -0.003012
0.119461 0.049987 -0.003002 -0.001046
-0.014703 -0.003002 0.559656 0.119981
-0.003012 -0.001046 0.119981 0.050198
16.602062 1.230871 18.555984 2.171584
0.540204 0.114297 -0.012171 -0.002366
0.114297 0.048342 -0.002358 -0.000812
-0.012171 -0.002358 0.542039 0.114520
-0.002366 -0.000812 0.114520 0.048477
17.454722 1.280809 20.145754 2.277158
0.526899 0.110371 -0.009782 -0.001800
0.110371 0.047195 -0.001795 -0.000623
-0.009782 -0.001795 0.527411 0.110362
-0.001800 -0.000623 0.110362 0.047274
17.633105 1.184290 20.658193 2.146635
0.515872 0.107402 -0.007599 -0.001319
0.107402 0.046404 -0.001315 -0.000472
-0.007599 -0.001315 0.515512 0.107265
-0.001319 -0.000472 0.107265 0.046451
18.161515 1.170911 21.437277 2.085539
0.506880 0.105203 -0.005866 -0.000962
0.105203 0.045873 -0.000959 -0.000363
-0.005866 -0.000959 0.505916 0.104993
-0.000962 -0.000363 0.104993 0.045901
18.532009 1.126424 22.669290 2.124696
0.499583 0.103597 -0.004435 -0.000687
0.103597 0.045524 -0.000684 -0.000280
-0.004435 -0.000684 0.498328 0.103373
-0.000687 -0.000280 0.103373 0.045545
19.464500 1.202962 23.515814 2.080030
0.493735 0.102451 -0.003197 -0.000462
0.102451 0.045304 -0.000461 -0.000215
-0.003197 -0.000461 0.492431 0.102255
-0.000462 -0.000215 0.102255 0.045324
20.235880 1.238290 24.600683 2.089418
0.489040 0.101643 -0.002230 -0.000301
0.101643 0.045168 -0.000300 -0.000167
-0.002230 -0.000300 0.488012 0.101530
-0.000301 -0.000167 0.101530 0.045199
20.848822 1.236918 25.332810 2.024234
0.485300 0.101087 -0.001495 -0.000189
0.101087 0.045088 -0.000188 -0.000133
-0.001495 -0.000188 0.484809 0.101096
-0.000189 -0.000133 0.101096 0.045135
21.269330 1.195604 26.456281 2.047476
0.482387 0.100725 -0.000984 -0.000123
0.100725 0.045044 -0.000122 -0.000109
-0.000984 -0.000122 0.482542 0.100863
-0.000123 -0.000109 0.100863 0.045108
22.158389 1.256586 27.659738 2.085154
0.480069 0.100485 -0.000635 -0.000084
0.100485 0.045018 -0.000084 -0.000092
-0.000635 -0.000084 0.481085 0.100782
-0.000084 -0.000092 0.100782 0.045104
23.081430 1.318420 28.663184 2.076954
0.478168 0.100315 -0.000543 -0.000094
0.100315 0.044998 -0.000093 -0.000085
-0.000543 -0.000093 0.480311 0.100814
-0.000094 -0.000085 0.100814 0.045115
23.449439 1.257202 29.634995 2.062938
0.476622 0.100198 -0.000724 -0.000151
0.100198 0.044981 -0.000150 -0.000089
-0.000724 -0.000150 0.480023 0.100910
-0.000151 -0.000089 0.100910 0.045130
23.638043 1.164535 30.703039 2.070641
0.475312 0.100104 -0.001008 -0.000217
0.100104 0.044961 -0.000217 -0.000093
-0.001008 -0.000217 0.480127 0.101047
-0.000217 -0.000093 0.101047 0.045147
24.002948 1.118686 31.141304 1.944890
0.474105 0.100005 -0.001334 -0.000282
0.100005 0.044935 -0.000281 -0.000097
-0.001334 -0.000281 0.480585 0.101220
-0.000282 -0.000097 0.101220 0.045166
24.501425 1.105828 32.029035 1.927040
0.473159 0.099939 -0.001716 -0.000349
0.099939 0.044911 -0.000349 -0.000102
-0.001716 -0.000349 0.481096 0.101367
-0.000349 -0.000102 0.101367 0.045175
25.258220 1.148992 33.749748 2.086610
0.472259 0.099860 -0.002235 -0.000438
0.099860 0.044882 -0.000438 -0.000111
-0.002235 -0.000438 0.481781 0.101521
-0.000438 -0.000111 0.101521 0.045185
26.265465 1.240578 34.754016 2.078441
0.471064 0.099700 -0.003079 -0.000588
0.099700 0.044834 -0.000589 -0.000134
-0.003079 -0.000589 0.482924 0.101747
-0.000588 -0.000134 0.101747 0.045209
26.784514 1.219006 35.203791 1.954280
0.469927 0.099544 -0.004277 -0.000800
0.099544 0.044787 -0.000802 -0.000170
-0.004277 -0.000802 0.484114 0.101955
-0.000800 -0.000170 0.101955 0.045229
26.810617 1.095506 36.724403 2.068475
0.469006 0.099427 -0.005475 -0.000997
0.099427 0.044750 -0.001000 -0.000202
-0.005475 -0.001000 0.485137 0.102108
-0.000997 -0.000202 0.102108 0.045238
27.176142 1.056654 37.351127 1.982677
0.467658 0.099210 -0.006599 -0.001167
0.099210 0.044692 -0.001170 -0.000228
-0.006599 -0.001170 0.486652 0.102353
-0.001167 -0.000228 0.102353 0.045269
27.975886 1.114438 38.596285 2.036187
0.466434 0.099023 -0.007701 -0.001325
0.099023 0.044643 -0.001328 -0.000252
-0.007701 -0.001328 0.488060 0.102559
-0.001325 -0.000252 0.102559 0.045293
28.903264 1.192724 39.159868 1.941058
0.465083 0.098808 -0.009146 -0.001552
0.098808 0.044589 -0.001555 -0.000292
-0.009146 -0.001555 0.489656 0.102794
-0.001552 -0.000292 0.102794 0.045326
29.566494 1.207178 40.370863 1.991555
0.464027 0.098659 -0.010851 -0.001823
0.098659 0.044550 -0.001828 -0.000342
-0.010851 -0.001828 0.490976 0.102961
-0.001823 -0.000342 0.102961 0.045345
30.265662 1.227726 41.543775 2.028780
0.462803 0.098470 -0.012759 -0.002125
0.098470 0.044504 -0.002132 -0.000398
-0.012759 -0.002132 0.492541 0.103178
-0.002125 -0.000398 0.103178 0.045378
30.944846 1.241014 42.117990 1.936750
0.461470 0.098259 -0.014867 -0.002457
0.098259 0.044453 -0.002466 -0.000460
-0.014867 -0.002466 0.494303 0.103431
-0.002457 -0.000460 0.103431 0.045421
31.659594 1.260818 42.917404 1.901586
0.460398 0.098106 -0.017000 -0.002780
0.098106 0.044417 -0.002792 -0.000519
-0.017000 -0.002792 0.495831 0.103627
-0.002780 -0.000519 0.103627 0.045453
31.917268 1.180447 43.431322 1.809623
0.459425 0.097971 -0.019241 -0.003116
0.097971 0.044383 -0.003131 -0.000582
-0.019241 -0.003131 0.497323 0.103817
-0.003116 -0.000582 0.103817 0.045485
32.551072 1.189038 44.020150 1.743806
0.458540 0.097852 -0.021184 -0.003381
0.097852 0.044353 -0.003397 -0.000630
-0.021184 -0.003397 0.498721 0.103988
-0.003381 -0.000630 0.103988 0.045516
33.062777 1.172152 45.208108 1.809457
0.457814 0.097761 -0.023178 -0.003655
0.097761 0.044328 -0.003673 -0.000683
-0.023178 -0.003673 0.499994 0.104137
-0.003655 -0.000683 0.104137 0.045544
34.068063 1.260744 45.747781 1.734657
0.456801 0.097602 -0.025288 -0.003954
0.097602 0.044288 -0.003973 -0.000742
-0.025288 -0.003973 0.501695 0.104380
-0.003954 -0.000742 0.104380 0.045593
35.015681 1.327944 46.398900 1.690694
0.456172 0.097523 -0.027711 -0.004314
0.097523 0.044265 -0.004337 -0.000815
-0.027711 -0.004337 0.503080 0.104551
-0.004314 -0.000815 0.104551 0.045628
35.711229 1.333820 46.990325 1.638037
0.455781 0.097488 -0.030384 -0.004719
0.097488 0.044251 -0.004749 -0.000898
-0.030384 -0.004749 0.504319 0.104696
-0.004719 -0.000898 0.104696 0.045657
