1.946418 1.740679 2.807182 0.230850
2.053490 0.821414 -0.226717 -0.090689
0.821414 80.332639 -0.090689 -0.036276
-0.226717 -0.090689 3.101368 1.240574
-0.090689 -0.036276 1.240574 80.500307
2.349005 0.916114 3.473174 1.155582
2.990690 5.310544 -1.533474 -2.542914
5.310544 16.579418 -2.678487 -5.085968
-1.533474 -2.678487 3.082188 5.197869
-2.542914 -5.085968 5.197869 18.901055
2.015409 0.090849 5.004503 2.190374
2.252166 2.444524 -1.234224 -1.217230
2.444524 4.338618 -1.184393 -1.481702
-1.234224 -1.184393 3.049191 3.438135
-1.217230 -1.481702 3.438135 6.197816
2.686139 0.612322 6.271183 2.376134
1.501197 1.214528 -0.383021 -0.219282
1.214528 1.632410 -0.207996 -0.273793
-0.383021 -0.207996 2.263077 1.868490
-0.219282 -0.273793 1.868490 2.411253
2.971041 0.549174 4.880289 0.691440
1.390574 0.908090 -0.103695 -0.032927
0.908090 0.907746 -0.037173 -0.100958
-0.103695 -0.037173 1.607595 1.047228
-0.032927 -0.100958 1.047228 1.099886
5.535092 1.784732 5.096441 0.626244
1.132926 0.611372 -0.186958 -0.099288
0.611372 0.506983 -0.100437 -0.109741
-0.186958 -0.100437 1.593966 0.869269
-0.099288 -0.109741 0.869269 0.707000
7.052069 2.069974 6.308348 1.039515
1.034763 0.479388 -0.304385 -0.145721
0.479388 0.333220 -0.146432 -0.103843
-0.304385 -0.146432 1.509304 0.700249
-0.145721 -0.103843 0.700249 0.469444
9.015047 2.443183 7.646460 1.364342
0.994779 0.403110 -0.360250 -0.148596
0.403110 0.239385 -0.149007 -0.083058
-0.360250 -0.149007 1.361475 0.548010
-0.148596 -0.083058 0.548010 0.318398
9.447441 2.159617 7.629595 1.116496
0.931420 0.334748 -0.343442 -0.123229
0.334748 0.176350 -0.123506 -0.058999
-0.343442 -0.123506 1.216683 0.433281
-0.123229 -0.058999 0.433281 0.225415
9.977968 1.982174 8.562533 1.236002
0.861786 0.278898 -0.317564 -0.100721
0.278898 0.134332 -0.100929 -0.042488
-0.317564 -0.100929 1.109402 0.355706
-0.100721 -0.042488 0.355706 0.169000
11.558977 2.159829 9.900819 1.449644
0.807672 0.238817 -0.290327 -0.082494
0.238817 0.107253 -0.082728 -0.031275
-0.290327 -0.082728 1.006268 0.294608
-0.082494 -0.031275 0.294608 0.130997
12.723877 2.182985 10.576907 1.436812
0.752499 0.205906 -0.251168 -0.064504
0.205906 0.088252 -0.064731 -0.022570
-0.251168 -0.064731 0.912422 0.247199
-0.064504 -0.022570 0.247199 0.105080
14.092110 2.256313 11.620213 1.521597
0.700505 0.179546 -0.213980 -0.050147
0.179546 0.074888 -0.050327 -0.016470
-0.213980 -0.050327 0.837271 0.212515
-0.050147 -0.016470 0.212515 0.087643
15.094252 2.225015 12.310796 1.503677
0.654368 0.158934 -0.178032 -0.038312
0.158934 0.065510 -0.038444 -0.012034
-0.178032 -0.038444 0.773285 0.185903
-0.038312 -0.012034 0.185903 0.075436
15.712735 2.104295 12.363436 1.337904
0.615324 0.143127 -0.147492 -0.029350
0.143127 0.058945 -0.029436 -0.008943
-0.147492 -0.029436 0.721197 0.165857
-0.029350 -0.008943 0.165857 0.066887
16.158303 1.966587 12.983414 1.322109
0.582169 0.130908 -0.124054 -0.023053
0.130908 0.054302 -0.023077 -0.006868
-0.124054 -0.023077 0.681368 0.151216
-0.023053 -0.006868 0.151216 0.060953
16.222897 1.772290 14.771060 1.559310
0.556133 0.121919 -0.105220 -0.018387
0.121919 0.051113 -0.018388 -0.005404
-0.105220 -0.018388 0.647156 0.139641
-0.018387 -0.005404 0.139641 0.056618
16.691437 1.690171 16.664979 1.792652
0.539158 0.116067 -0.088772 -0.014603
0.116067 0.049090 -0.014661 -0.004296
-0.088772 -0.014661 0.612489 0.129373
-0.014603 -0.004296 0.129373 0.053211
17.270114 1.636240 17.967453 1.875562
0.527163 0.112040 -0.072552 -0.011149
0.112040 0.047762 -0.011267 -0.003364
-0.072552 -0.011267 0.580470 0.120849
-0.011149 -0.003364 0.120849 0.050645
17.483805 1.506079 18.562272 1.800137
0.517648 0.109043 -0.057913 -0.008267
0.109043 0.046847 -0.008413 -0.002628
-0.057913 -0.008413 0.554208 0.114421
-0.008267 -0.002628 0.114421 0.048840
18.437959 1.549804 19.697873 1.850053
0.510081 0.106814 -0.046321 -0.006184
0.106814 0.046219 -0.006340 -0.002107
-0.046321 -0.006340 0.533658 0.109780
-0.006184 -0.002107 0.109780 0.047610
19.152780 1.536764 20.538232 1.832249
0.503344 0.105030 -0.035685 -0.004386
0.105030 0.045770 -0.004530 -0.001671
-0.035685 -0.004530 0.517966 0.106539
-0.004386 -0.001671 0.106539 0.046795
19.548625 1.459265 21.495745 1.838899
0.497582 0.103650 -0.026784 -0.003001
0.103650 0.045459 -0.003126 -0.001338
-0.026784 -0.003126 0.506250 0.104349
-0.003001 -0.001338 0.104349 0.046267
19.727687 1.344029 22.290693 1.810816
0.492889 0.102639 -0.019467 -0.001957
0.102639 0.045258 -0.002063 -0.001085
-0.019467 -0.002063 0.497479 0.102884
-0.001957 -0.001085 0.102884 0.045924
19.854337 1.231863 23.678418 1.909183
0.489064 0.101905 -0.013601 -0.001200
0.101905 0.045131 -0.001289 -0.000893
-0.013601 -0.001289 0.491076 0.101953
-0.001200 -0.000893 0.101953 0.045706
20.074394 1.148805 24.438628 1.867680
0.485443 0.101275 -0.008458 -0.000559
0.101275 0.045033 -0.000630 -0.000723
-0.008458 -0.000630 0.487003 0.101501
-0.000559 -0.000723 0.101501 0.045590
20.816723 1.184538 25.781089 1.953430
0.482053 0.100736 -0.004415 -0.000109
0.100736 0.044955 -0.000166 -0.000591
-0.004415 -0.000166 0.484752 0.101383
-0.000109 -0.000591 0.101383 0.045538
21.450879 1.193292 26.739185 1.949566
0.477776 0.100037 -0.001706 0.000109
0.100037 0.044841 0.000067 -0.000504
-0.001706 0.000067 0.485016 0.101722
0.000109 -0.000504 0.101722 0.045572
22.433452 1.274295 27.735455 1.954227
0.473184 0.099309 -0.000465 0.000082
0.099309 0.044720 0.000050 -0.000464
-0.000465 0.000050 0.486874 0.102295
0.000082 -0.000464 0.102295 0.045642
22.843535 1.226505 28.751944 1.962522
0.468302 0.098552 -0.001320 -0.000312
0.098552 0.044592 -0.000338 -0.000495
-0.001320 -0.000338 0.490059 0.103040
-0.000312 -0.000495 0.103040 0.045738
23.553120 1.246700 30.130305 2.045960
0.463121 0.097761 -0.003009 -0.000783
0.097761 0.044455 -0.000809 -0.000534
-0.003009 -0.000809 0.494443 0.103931
-0.000783 -0.000534 0.103931 0.045855
23.647872 1.134703 31.254324 2.067377
0.457142 0.096825 -0.006219 -0.001484
0.096825 0.044284 -0.001516 -0.000617
-0.006219 -0.001516 0.500602 0.105091
-0.001484 -0.000617 0.105091 0.046023
23.990627 1.086973 32.213020 2.051727
0.450826 0.095847 -0.009103 -0.002021
0.095847 0.044104 -0.002059 -0.000660
-0.009103 -0.002059 0.507987 0.106393
-0.002021 -0.000660 0.106393 0.046215
24.343971 1.046378 33.194494 2.042458
0.444775 0.094953 -0.012212 -0.002541
0.094953 0.043938 -0.002586 -0.000702
-0.012212 -0.002586 0.515867 0.107687
-0.002541 -0.000702 0.107687 0.046400
25.144949 1.105880 34.062755 2.010763
0.439042 0.094137 -0.015413 -0.003032
0.094137 0.043784 -0.003083 -0.000742
-0.015413 -0.003083 0.524110 0.108963
-0.003032 -0.000742 0.108963 0.046582
26.051709 1.182249 35.246940 2.048066
0.434114 0.093491 -0.019725 -0.003717
0.093491 0.043660 -0.003783 -0.000830
-0.019725 -0.003783 0.532133 0.110116
-0.003717 -0.000830 0.110116 0.046741
27.059141 1.272230 36.205957 2.035252
0.429608 0.092915 -0.024763 -0.004506
0.092915 0.043541 -0.004593 -0.000944
-0.024763 -0.004593 0.540436 0.111273
-0.004506 -0.000944 0.111273 0.046908
28.067267 1.354032 37.696976 2.133010
0.425929 0.092490 -0.030224 -0.005334
0.092490 0.043446 -0.005448 -0.001069
-0.030224 -0.005448 0.548309 0.112299
-0.005334 -0.001069 0.112299 0.047055
28.804170 1.367800 39.019789 2.185433
0.422634 0.092110 -0.034231 -0.005824
0.092110 0.043351 -0.005943 -0.001125
-0.034231 -0.005943 0.555723 0.113212
-0.005824 -0.001125 0.113212 0.047190
29.200378 1.307473 40.888884 2.341961
0.420343 0.091918 -0.035385 -0.005734
0.091918 0.043292 -0.005822 -0.001066
-0.035385 -0.005822 0.560717 0.113641
-0.005734 -0.001066 0.113641 0.047238
30.060940 1.349828 41.291378 2.187572
0.420880 0.092314 -0.031591 -0.004692
0.092314 0.043356 -0.004705 -0.000823
-0.031591 -0.004705 0.558927 0.112765
-0.004692 -0.000823 0.112765 0.047045
31.392302 1.495353 42.639466 2.241584
0.422338 0.092811 -0.027815 -0.003792
0.092811 0.043427 -0.003753 -0.000645
-0.027815 -0.003753 0.555549 0.111738
-0.003792 -0.000645 0.111738 0.046856
32.295162 1.526620 43.083863 2.106308
0.428644 0.094288 -0.021710 -0.002518
0.094288 0.043703 -0.002448 -0.000410
-0.021710 -0.002448 0.543596 0.109161
-0.002518 -0.000410 0.109161 0.046385
33.115308 1.538554 43.997546 2.078487
0.436765 0.095980 -0.016121 -0.001474
0.095980 0.044000 -0.001401 -0.000245
-0.016121 -0.001401 0.529847 0.106500
-0.001474 -0.000245 0.106500 0.045939
33.812469 1.521381 44.658866 2.001982
0.449584 0.098518 -0.011652 -0.000733
0.098518 0.044462 -0.000710 -0.000155
-0.011652 -0.000710 0.511108 0.103073
-0.000733 -0.000155 0.103073 0.045364
34.307954 1.462055 45.172674 1.902291
0.465493 0.101479 -0.009455 -0.000498
0.101479 0.044988 -0.000556 -0.000171
-0.009455 -0.000556 0.491140 0.099655
-0.000498 -0.000171 0.099655 0.044814
34.997318 1.453163 46.173526 1.912362
0.482717 0.104462 -0.009480 -0.000715
0.104462 0.045494 -0.000853 -0.000267
-0.009480 -0.000853 0.472610 0.096737
-0.000715 -0.000267 0.096737 0.044373
35.631065 1.433441 47.219921 1.930830
0.504402 0.108167 -0.013855 -0.001781
0.108167 0.046139 -0.002012 -0.000523
-0.013855 -0.002012 0.453289 0.093769
-0.001781 -0.000523 0.093769 0.043907
36.242486 1.410491 47.876455 1.865898
0.529362 0.112281 -0.022619 -0.003650
0.112281 0.046848 -0.003945 -0.000915
-0.022619 -0.003945 0.435544 0.091207
-0.003650 -0.000915 0.091207 0.043505
36.358686 1.286229 48.439486 1.785934
0.555134 0.116267 -0.034136 -0.005932
0.116267 0.047509 -0.006228 -0.001351
-0.034136 -0.006228 0.421450 0.089429
-0.005932 -0.001351 0.089429 0.043238
