-1.309491 0.438287 2.156066 -0.029602
2.053490 0.821414 -0.226717 -0.090689
0.821414 80.332639 -0.090689 -0.036276
-0.226717 -0.090689 3.101368 1.240574
-0.090689 -0.036276 1.240574 80.500307
4.009628 9.544047 2.094811 -0.009561
2.603365 4.617883 -1.587324 -2.641752
4.617883 15.340954 -2.762485 -5.241856
-1.587324 -2.762485 3.709556 6.260879
-2.641752 -5.241856 6.260879 20.702073
7.570547 8.235776 3.257667 1.194869
1.944161 2.216594 -0.169406 -0.001662
2.216594 4.165809 -0.049214 -0.183934
-0.169406 -0.049214 2.122032 2.387738
-0.001662 -0.183934 2.387738 5.104192
7.427267 4.690345 1.764483 -0.684195
1.503063 1.241865 -0.133608 -0.081787
1.241865 1.641275 -0.090198 -0.206343
-0.133608 -0.090198 2.025943 1.728966
-0.081787 -0.206343 1.728966 2.363614
7.713136 3.339723 2.643992 0.136355
1.384390 0.905091 -0.044084 -0.030972
0.905091 0.888311 -0.034732 -0.098860
-0.044084 -0.034732 1.596432 1.069570
-0.030972 -0.098860 1.069570 1.134109
8.280515 2.722080 5.244612 1.552121
1.194283 0.641957 -0.036600 -0.031718
0.641957 0.512168 -0.033982 -0.064248
-0.036600 -0.033982 1.429424 0.793527
-0.031718 -0.064248 0.793527 0.670122
9.521058 2.662511 6.416664 1.740520
1.029663 0.472788 -0.176318 -0.095545
0.472788 0.322498 -0.096309 -0.073412
-0.176318 -0.096309 1.389049 0.657919
-0.095545 -0.073412 0.657919 0.452693
11.670729 2.994235 6.703137 1.494953
0.940752 0.377930 -0.237601 -0.105119
0.377930 0.224399 -0.105106 -0.059815
-0.237601 -0.105106 1.298305 0.532653
-0.105119 -0.059815 0.532653 0.313244
11.768285 2.495875 7.380187 1.475640
0.848861 0.303323 -0.223927 -0.084484
0.303323 0.162197 -0.084550 -0.040790
-0.223927 -0.084550 1.200803 0.434195
-0.084484 -0.040790 0.434195 0.225546
11.819328 2.109701 7.853383 1.391678
0.783099 0.253135 -0.214879 -0.070695
0.253135 0.124358 -0.070727 -0.029521
-0.214879 -0.070727 1.105047 0.358094
-0.070695 -0.029521 0.358094 0.168940
12.047337 1.865242 9.485365 1.667024
0.731716 0.216934 -0.206177 -0.060157
0.216934 0.099817 -0.060202 -0.022152
-0.206177 -0.060202 1.018173 0.300087
-0.060157 -0.022152 0.300087 0.131576
12.383668 1.699129 9.772616 1.516631
0.698189 0.192169 -0.196090 -0.051385
0.192169 0.083916 -0.051542 -0.016997
-0.196090 -0.051542 0.925572 0.251383
-0.051385 -0.016997 0.251383 0.105127
13.061122 1.657779 11.282586 1.707151
0.665079 0.171696 -0.183524 -0.043643
0.171696 0.072470 -0.043869 -0.013174
-0.183524 -0.043869 0.852415 0.216113
-0.043643 -0.013174 0.216113 0.087528
13.539592 1.575616 12.843969 1.875353
0.637519 0.155954 -0.165322 -0.035866
0.155954 0.064452 -0.036176 -0.010065
-0.165322 -0.036176 0.782288 0.187268
-0.035866 -0.010065 0.187268 0.074840
14.728813 1.667235 13.353462 1.779822
0.614759 0.143839 -0.144662 -0.028726
0.143839 0.058794 -0.029127 -0.007623
-0.144662 -0.029127 0.718331 0.164182
-0.028726 -0.007623 0.164182 0.065723
15.040059 1.550848 14.545304 1.842534
0.589831 0.133092 -0.124104 -0.022654
0.133092 0.054463 -0.023026 -0.005766
-0.124104 -0.023026 0.670598 0.147911
-0.022654 -0.005766 0.147911 0.059615
15.030206 1.380425 15.836473 1.915538
0.570122 0.125073 -0.105498 -0.017746
0.125073 0.051464 -0.018123 -0.004407
-0.105498 -0.018123 0.628901 0.135041
-0.017746 -0.004407 0.135041 0.055186
15.647474 1.372001 17.661422 2.098771
0.555573 0.119312 -0.088981 -0.013804
0.119312 0.049440 -0.014217 -0.003410
-0.088981 -0.014217 0.592188 0.124771
-0.013804 -0.003410 0.124771 0.051948
15.502143 1.192528 18.380418 2.022050
0.543422 0.114896 -0.071686 -0.010083
0.114896 0.048027 -0.010515 -0.002553
-0.071686 -0.010515 0.560850 0.116791
-0.010083 -0.002553 0.116791 0.049625
16.480164 1.271726 19.273101 2.000755
0.534178 0.111686 -0.057925 -0.007409
0.111686 0.047081 -0.007851 -0.001981
-0.057925 -0.007851 0.535685 0.110884
-0.007409 -0.001981 0.110884 0.048012
16.667210 1.177600 20.178312 1.977404
0.524764 0.108887 -0.045425 -0.005195
0.108887 0.046362 -0.005603 -0.001531
-0.045425 -0.005603 0.517341 0.106929
-0.005195 -0.001531 0.106929 0.046980
16.982460 1.121925 21.310410 2.005178
0.517127 0.106821 -0.034712 -0.003467
0.106821 0.045894 -0.003841 -0.001198
-0.034712 -0.003841 0.502995 0.104104
-0.003467 -0.001198 0.104104 0.046279
18.074836 1.231581 22.307863 2.007432
0.510599 0.105246 -0.025008 -0.002009
0.105246 0.045586 -0.002347 -0.000924
-0.025008 -0.002347 0.492191 0.102192
-0.002009 -0.000924 0.102192 0.045822
18.942343 1.280383 22.650791 1.870862
0.503703 0.103781 -0.016678 -0.000872
0.103781 0.045335 -0.001161 -0.000712
-0.016678 -0.001161 0.485623 0.101239
-0.000872 -0.000712 0.101239 0.045591
19.772742 1.319392 23.521150 1.858008
0.497355 0.102578 -0.010582 -0.000196
0.102578 0.045156 -0.000436 -0.000588
-0.010582 -0.000436 0.481804 0.100842
-0.000196 -0.000588 0.100842 0.045477
20.384857 1.310457 24.794934 1.930289
0.491426 0.101570 -0.005943 0.000222
0.101570 0.045024 0.000026 -0.000504
-0.005943 0.000026 0.480114 0.100833
0.000222 -0.000504 0.100833 0.045438
20.799268 1.261190 26.144032 2.010654
0.485591 0.100654 -0.002450 0.000465
0.100654 0.044909 0.000308 -0.000441
-0.002450 0.000308 0.480353 0.101146
0.000465 -0.000441 0.101146 0.045458
21.549888 1.286367 27.383264 2.060128
0.479515 0.099739 0.000025 0.000569
0.099739 0.044788 0.000444 -0.000395
0.000025 0.000444 0.482463 0.101755
0.000569 -0.000395 0.101755 0.045529
22.492370 1.348830 28.278205 2.031757
0.473076 0.098786 0.000792 0.000392
0.098786 0.044652 0.000293 -0.000397
0.000792 0.000293 0.486288 0.102615
0.000392 -0.000397 0.102615 0.045643
23.050141 1.324294 29.653574 2.107574
0.466980 0.097938 -0.000556 -0.000137
0.097938 0.044530 -0.000217 -0.000461
-0.000556 -0.000217 0.490871 0.103519
-0.000137 -0.000461 0.103519 0.045757
23.741282 1.330518 30.447334 2.052815
0.460301 0.096979 -0.003107 -0.000805
0.096979 0.044374 -0.000875 -0.000543
-0.003107 -0.000875 0.497132 0.104674
-0.000805 -0.000543 0.104674 0.045920
24.363625 1.321571 31.171049 1.989263
0.454386 0.096198 -0.006893 -0.001623
0.096198 0.044247 -0.001691 -0.000648
-0.006893 -0.001691 0.503502 0.105742
-0.001623 -0.000648 0.105742 0.046061
25.268498 1.373470 32.267541 2.010530
0.449283 0.095580 -0.011494 -0.002504
0.095580 0.044144 -0.002578 -0.000761
-0.011494 -0.002578 0.509797 0.106710
-0.002504 -0.000761 0.106710 0.046181
26.004607 1.383976 32.908605 1.934592
0.444433 0.094988 -0.017527 -0.003590
0.094988 0.044032 -0.003678 -0.000914
-0.017527 -0.003678 0.516794 0.107763
-0.003590 -0.000914 0.107763 0.046325
26.145376 1.265703 33.984285 1.956704
0.440629 0.094588 -0.024108 -0.004690
0.094588 0.043951 -0.004800 -0.001069
-0.024108 -0.004800 0.523362 0.108667
-0.004690 -0.001069 0.108667 0.046443
26.382877 1.180368 34.897819 1.942725
0.436385 0.094045 -0.029272 -0.005417
0.094045 0.043826 -0.005533 -0.001145
-0.029272 -0.005533 0.531013 0.109762
-0.005417 -0.001145 0.109762 0.046609
26.790989 1.141378 36.056928 1.980964
0.432254 0.093497 -0.033275 -0.005875
0.093497 0.043693 -0.005983 -0.001173
-0.033275 -0.005983 0.538840 0.110852
-0.005875 -0.001173 0.110852 0.046778
26.854606 1.030787 36.915524 1.952398
0.428162 0.092933 -0.036217 -0.006120
0.092933 0.043552 -0.006207 -0.001171
-0.036217 -0.006207 0.546821 0.111940
-0.006120 -0.001171 0.111940 0.046953
27.465336 1.051097 37.762772 1.926458
0.424521 0.092450 -0.037384 -0.006032
0.092450 0.043428 -0.006078 -0.001113
-0.037384 -0.006078 0.553841 0.112810
-0.006032 -0.001113 0.112810 0.047091
28.095535 1.074418 38.823187 1.946638
0.421645 0.092110 -0.038082 -0.005906
0.092110 0.043331 -0.005916 -0.001068
-0.038082 -0.005916 0.559653 0.113436
-0.005906 -0.001068 0.113436 0.047188
29.082722 1.173980 39.963046 1.982440
0.419592 0.091920 -0.037488 -0.005574
0.091920 0.043264 -0.005543 -0.000995
-0.037488 -0.005543 0.563618 0.113721
-0.005574 -0.000995 0.113721 0.047229
30.114203 1.271717 40.941405 1.982099
0.418838 0.091979 -0.035372 -0.005002
0.091979 0.043248 -0.004929 -0.000887
-0.035372 -0.004929 0.564629 0.113477
-0.005002 -0.000887 0.113477 0.047180
31.065715 1.341380 41.950075 1.987263
0.419828 0.092370 -0.031624 -0.004180
0.092370 0.043299 -0.004067 -0.000741
-0.031624 -0.004067 0.561820 0.112578
-0.004180 -0.000741 0.112578 0.047021
31.249261 1.234235 43.003030 1.996683
0.423555 0.093288 -0.026066 -0.003079
0.093288 0.043458 -0.002936 -0.000551
-0.026066 -0.002936 0.553702 0.110775
-0.003079 -0.000551 0.110775 0.046708
31.686291 1.194411 43.973936 1.990336
0.430389 0.094770 -0.019829 -0.001938
0.094770 0.043727 -0.001791 -0.000368
-0.019829 -0.001791 0.540814 0.108231
-0.001938 -0.000368 0.108231 0.046277
32.226943 1.180494 44.621466 1.920305
0.440504 0.096805 -0.014221 -0.001006
0.096805 0.044096 -0.000895 -0.000240
-0.014221 -0.000895 0.524265 0.105194
-0.001006 -0.000240 0.105194 0.045776
32.755560 1.165642 45.206531 1.844413
0.452588 0.099065 -0.010075 -0.000427
0.099065 0.044492 -0.000372 -0.000185
-0.010075 -0.000372 0.506977 0.102247
-0.000427 -0.000185 0.102247 0.045314
33.622686 1.227023 45.957138 1.810361
0.466314 0.101482 -0.007681 -0.000221
0.101482 0.044904 -0.000232 -0.000198
-0.007681 -0.000232 0.489838 0.099515
-0.000221 -0.000198 0.099515 0.044902
34.137636 1.205423 46.731074 1.783226
0.483770 0.104512 -0.008138 -0.000574
0.104512 0.045437 -0.000670 -0.000314
-0.008138 -0.000670 0.471250 0.096611
-0.000574 -0.000314 0.096611 0.044446
35.256735 1.316039 47.642362 1.788252
0.503415 0.107780 -0.011317 -0.001422
0.107780 0.046003 -0.001589 -0.000510
-0.011317 -0.001589 0.453630 0.094011
-0.001422 -0.000510 0.094011 0.044040
