2.333757 1.895617 1.526256 -0.281531
2.470482 0.988214 -0.052654 -0.021062
0.988214 80.399361 -0.021062 -0.008425
-0.052654 -0.021062 2.434012 0.973626
-0.021062 -0.008425 0.973626 80.393525
3.823617 2.841636 1.016695 -0.925011
2.256403 3.944753 -0.054511 -0.085179
3.944753 15.287546 -0.084962 -0.282964
-0.054511 -0.084962 2.266075 3.968826
-0.085179 -0.282964 3.968826 15.236794
5.614088 3.270439 1.377566 0.025546
1.992369 2.303697 -0.047793 -0.051961
2.303697 4.555343 -0.051907 -0.096414
-0.047793 -0.051907 2.012372 2.321688
-0.051961 -0.096414 2.321688 4.550567
7.810187 3.744181 2.466496 0.930259
1.704786 1.437339 -0.036901 -0.029789
1.437339 1.908498 -0.029760 -0.039544
-0.036901 -0.029760 1.724758 1.449316
-0.029789 -0.039544 1.449316 1.909541
8.730990 3.115665 4.129087 1.718755
1.472697 0.973551 -0.027122 -0.017511
0.973551 0.975257 -0.017489 -0.018779
-0.027122 -0.017489 1.490612 0.981804
-0.017511 -0.018779 0.981804 0.976921
8.840406 2.328392 4.093231 1.234016
1.292534 0.702566 -0.020858 -0.011388
0.702566 0.567227 -0.011372 -0.010327
-0.020858 -0.011372 1.305653 0.707119
-0.011388 -0.010327 0.707119 0.567937
10.058626 2.353007 6.360723 1.993953
1.149564 0.531091 -0.017862 -0.008504
0.531091 0.361402 -0.008494 -0.006513
-0.017862 -0.008494 1.160347 0.534275
-0.008504 -0.006513 0.534275 0.362025
10.170513 1.924432 7.523944 2.060984
1.035388 0.416769 -0.014410 -0.006091
0.416769 0.247144 -0.006083 -0.004151
-0.014410 -0.006083 1.043124 0.418604
-0.006091 -0.004151 0.418604 0.247464
11.537455 2.069020 9.071472 2.245268
0.942360 0.337023 -0.012065 -0.004606
0.337023 0.178983 -0.004599 -0.002815
-0.012065 -0.004599 0.947632 0.338002
-0.004606 -0.002815 0.338002 0.179136
10.383665 1.362792 8.590879 1.729372
0.865310 0.279453 -0.009839 -0.003442
0.279453 0.136085 -0.003437 -0.001941
-0.009839 -0.003437 0.869044 0.280022
-0.003442 -0.001941 0.280022 0.136190
10.428760 1.174328 10.445578 2.021800
0.800952 0.236879 -0.008881 -0.002859
0.236879 0.108001 -0.002855 -0.001449
-0.008881 -0.002855 0.803618 0.237220
-0.002859 -0.001449 0.237220 0.108085
11.456808 1.295374 10.883057 1.864677
0.747054 0.204869 -0.007819 -0.002331
0.204869 0.089071 -0.002327 -0.001084
-0.007819 -0.002327 0.748395 0.204924
-0.002331 -0.001084 0.204924 0.089102
11.992686 1.266526 12.291700 1.987055
0.701205 0.180339 -0.006839 -0.001898
0.180339 0.075987 -0.001895 -0.000820
-0.006839 -0.001895 0.702011 0.180337
-0.001898 -0.000820 0.180337 0.076020
12.324412 1.193060 13.109123 1.944214
0.662360 0.161431 -0.005888 -0.001530
0.161431 0.066814 -0.001528 -0.000622
-0.005888 -0.001528 0.662652 0.161368
-0.001530 -0.000622 0.161368 0.066840
12.817843 1.169032 13.931985 1.909441
0.629366 0.146759 -0.005087 -0.001243
0.146759 0.060311 -0.001241 -0.000478
-0.005087 -0.001241 0.629278 0.146660
-0.001243 -0.000478 0.146660 0.060332
13.643898 1.223388 15.037274 1.943310
0.601359 0.135344 -0.004384 -0.001010
0.135344 0.055674 -0.001009 -0.000371
-0.004384 -0.001009 0.601016 0.135230
-0.001010 -0.000371 0.135230 0.055692
14.650787 1.309910 15.894741 1.918313
0.577652 0.126470 -0.003718 -0.000810
0.126470 0.052363 -0.000809 -0.000286
-0.003718 -0.000809 0.577156 0.126357
-0.000810 -0.000286 0.126357 0.052379
16.024810 1.464163 17.758607 2.112401
0.557658 0.119594 -0.003112 -0.000641
0.119594 0.050005 -0.000641 -0.000221
-0.003112 -0.000641 0.557128 0.119500
-0.000641 -0.000221 0.119500 0.050023
16.537330 1.417721 18.238558 1.990573
0.540931 0.114310 -0.002504 -0.000488
0.114310 0.048341 -0.000487 -0.000168
-0.002504 -0.000487 0.540400 0.114233
-0.000488 -0.000168 0.114233 0.048358
17.270348 1.422796 19.440273 2.033790
0.527048 0.110289 -0.002017 -0.000372
0.110289 0.047180 -0.000372 -0.000129
-0.002017 -0.000372 0.526547 0.110230
-0.000372 -0.000129 0.110230 0.047197
17.653418 1.354441 19.966727 1.931678
0.515645 0.107272 -0.001591 -0.000278
0.107272 0.046385 -0.000278 -0.000099
-0.001591 -0.000278 0.515180 0.107227
-0.000278 -0.000099 0.107227 0.046400
18.045578 1.295378 21.631669 2.076750
0.506386 0.105048 -0.001249 -0.000207
0.105048 0.045853 -0.000207 -0.000077
-0.001249 -0.000207 0.505962 0.105014
-0.000207 -0.000077 0.105014 0.045866
19.323304 1.426018 22.882480 2.120876
0.498968 0.103446 -0.000941 -0.000146
0.103446 0.045509 -0.000146 -0.000059
-0.000941 -0.000146 0.498581 0.103419
-0.000146 -0.000059 0.103419 0.045519
19.752144 1.367064 24.083479 2.150033
0.493081 0.102316 -0.000687 -0.000100
0.102316 0.045293 -0.000100 -0.000045
-0.000687 -0.000100 0.492790 0.102306
-0.000100 -0.000045 0.102306 0.045303
19.953432 1.266816 25.173778 2.153177
0.488493 0.101549 -0.000482 -0.000065
0.101549 0.045166 -0.000065 -0.000035
-0.000482 -0.000065 0.488318 0.101559
-0.000065 -0.000035 0.101559 0.045177
20.511475 1.251115 26.302839 2.164111
0.484976 0.101050 -0.000316 -0.000039
0.101050 0.045096 -0.000039 -0.000027
-0.000316 -0.000039 0.484935 0.101082
-0.000039 -0.000027 0.101082 0.045108
21.792885 1.388104 27.293526 2.145045
0.482317 0.100744 -0.000195 -0.000022
0.100744 0.045061 -0.000022 -0.000022
-0.000195 -0.000022 0.482449 0.100803
-0.000022 -0.000022 0.100803 0.045077
22.322120 1.353590 28.170609 2.104113
0.480340 0.100572 -0.000145 -0.000019
0.100572 0.045046 -0.000019 -0.000019
-0.000145 -0.000019 0.480679 0.100663
-0.000019 -0.000019 0.100663 0.045066
23.433158 1.444710 29.345198 2.129831
0.478903 0.100490 -0.000131 -0.000022
0.100490 0.045041 -0.000022 -0.000018
-0.000131 -0.000022 0.479462 0.100615
-0.000022 -0.000018 0.100615 0.045065
24.362500 1.488224 30.357837 2.118842
0.477865 0.100461 -0.000183 -0.000037
0.100461 0.045037 -0.000037 -0.000020
-0.000183 -0.000037 0.478680 0.100626
-0.000037 -0.000020 0.100626 0.045068
25.067054 1.479895 31.384439 2.111933
0.477127 0.100463 -0.000288 -0.000060
0.100463 0.045033 -0.000060 -0.000022
-0.000288 -0.000060 0.478215 0.100670
-0.000060 -0.000022 0.100670 0.045070
25.366618 1.387052 32.322898 2.087168
0.476600 0.100477 -0.000431 -0.000088
0.100477 0.045026 -0.000088 -0.000026
-0.000431 -0.000088 0.477985 0.100729
-0.000088 -0.000026 0.100729 0.045070
25.653228 1.301180 33.167298 2.045153
0.476211 0.100492 -0.000578 -0.000114
0.100492 0.045014 -0.000114 -0.000029
-0.000578 -0.000114 0.477927 0.100794
-0.000114 -0.000029 0.100794 0.045068
26.016298 1.240462 34.158087 2.038437
0.475914 0.100501 -0.000726 -0.000138
0.100501 0.044999 -0.000138 -0.000032
-0.000726 -0.000138 0.477981 0.100856
-0.000138 -0.000032 0.100856 0.045062
26.282023 1.165598 35.870234 2.184671
0.475659 0.100498 -0.000887 -0.000163
0.100498 0.044981 -0.000163 -0.000035
-0.000887 -0.000163 0.478122 0.100914
-0.000163 -0.000035 0.100914 0.045055
26.835340 1.159334 36.518646 2.090963
0.475350 0.100467 -0.001073 -0.000192
0.100467 0.044957 -0.000192 -0.000039
-0.001073 -0.000192 0.478391 0.100981
-0.000192 -0.000039 0.100981 0.045050
26.938307 1.058534 37.337096 2.042995
0.475087 0.100436 -0.001280 -0.000223
0.100436 0.044934 -0.000223 -0.000044
-0.001280 -0.000223 0.478649 0.101031
-0.000223 -0.000044 0.101031 0.045042
27.747114 1.117621 38.203808 2.010364
0.474820 0.100397 -0.001464 -0.000249
0.100397 0.044911 -0.000249 -0.000048
-0.001464 -0.000249 0.478922 0.101074
-0.000249 -0.000048 0.101074 0.045035
28.574067 1.174264 38.818817 1.928080
0.474562 0.100355 -0.001712 -0.000288
0.100355 0.044889 -0.000288 -0.000055
-0.001712 -0.000288 0.479185 0.101106
-0.000288 -0.000055 0.101106 0.045027
29.349897 1.214137 39.599676 1.889475
0.474338 0.100316 -0.002008 -0.000335
0.100316 0.044870 -0.000335 -0.000063
-0.002008 -0.000335 0.479404 0.101126
-0.000335 -0.000063 0.101126 0.045018
29.888441 1.199621 40.440486 1.867543
0.474119 0.100277 -0.002350 -0.000390
0.100277 0.044852 -0.000390 -0.000073
-0.002350 -0.000390 0.479608 0.101141
-0.000390 -0.000073 0.101141 0.045011
30.495272 1.201041 41.130778 1.816213
0.473884 0.100233 -0.002707 -0.000445
0.100233 0.044835 -0.000446 -0.000084
-0.002707 -0.000446 0.479818 0.101157
-0.000445 -0.000084 0.101157 0.045006
30.560644 1.087674 41.496769 1.701785
0.473655 0.100191 -0.003081 -0.000502
0.100191 0.044820 -0.000503 -0.000094
-0.003081 -0.000503 0.480014 0.101171
-0.000502 -0.000094 0.101171 0.045003
31.431506 1.156725 41.989720 1.626479
0.473442 0.100152 -0.003381 -0.000542
0.100152 0.044806 -0.000543 -0.000101
-0.003381 -0.000543 0.480187 0.101182
-0.000542 -0.000101 0.101182 0.045000
32.163179 1.189294 43.133041 1.696079
0.473273 0.100124 -0.003736 -0.000594
0.100124 0.044796 -0.000594 -0.000111
-0.003736 -0.000594 0.480315 0.101186
-0.000594 -0.000111 0.101186 0.044997
32.990587 1.238568 44.041868 1.708989
0.473046 0.100083 -0.004164 -0.000660
0.100083 0.044784 -0.000661 -0.000124
-0.004164 -0.000661 0.480506 0.101205
-0.000660 -0.000124 0.101205 0.044999
33.643689 1.245726 44.900464 1.709870
0.472811 0.100041 -0.004656 -0.000738
0.100041 0.044773 -0.000738 -0.000140
-0.004656 -0.000738 0.480713 0.101229
-0.000738 -0.000140 0.101229 0.045003
34.401114 1.274351 46.015557 1.764724
0.472564 0.099998 -0.005176 -0.000818
0.099998 0.044762 -0.000819 -0.000156
-0.005176 -0.000819 0.480940 0.101258
-0.000818 -0.000156 0.101258 0.045008
35.582495 1.389104 46.238300 1.626214
0.472277 0.099949 -0.005759 -0.000910
0.099949 0.044750 -0.000911 -0.000174
-0.005759 -0.000911 0.481219 0.101299
-0.000910 -0.000174 0.101299 0.045016
36.336045 1.401897 47.480282 1.716523
0.472136 0.099932 -0.006392 -0.001009
0.099932 0.044746 -0.001010 -0.000193
-0.006392 -0.001010 0.481361 0.101310
-0.001009 -0.000193 0.101310 0.045018
