4.944048 2.939756 -0.059260 -0.915752
2.575399 1.030182 -0.261185 -0.104476
1.030182 80.416148 -0.104476 -0.041791
-0.261185 -0.104476 2.388565 0.955447
-0.104476 -0.041791 0.955447 80.386254
5.721286 1.756601 0.449828 0.766439
2.199322 3.820613 -0.244383 -0.379466
3.820613 15.318507 -0.371433 -1.318180
-0.244383 -0.371433 2.380506 4.174241
-0.379466 -1.318180 4.174241 15.462818
4.270099 -0.953159 1.802732 1.863796
1.957571 2.281539 -0.216057 -0.237696
2.281539 4.599814 -0.236551 -0.454179
-0.216057 -0.236551 2.096304 2.395122
-0.237696 -0.454179 2.395122 4.599335
5.586425 0.574158 3.403090 2.422634
1.716320 1.459340 -0.196898 -0.161685
1.459340 1.948925 -0.161746 -0.206917
-0.196898 -0.161746 1.757364 1.462774
-0.161685 -0.206917 1.462774 1.912990
6.247368 0.820542 3.543710 1.722203
1.487866 0.989031 -0.154362 -0.099638
0.989031 0.992742 -0.099526 -0.099832
-0.154362 -0.099526 1.506666 0.985983
-0.099638 -0.099832 0.985983 0.979227
4.506925 -0.352123 5.093220 2.092854
1.301306 0.709816 -0.128420 -0.068847
0.709816 0.574010 -0.068750 -0.056559
-0.128420 -0.068750 1.321632 0.712909
-0.068847 -0.056559 0.712909 0.572149
7.207215 0.979818 5.373857 1.741088
1.168085 0.540979 -0.113561 -0.052186
0.540979 0.367316 -0.052136 -0.035929
-0.113561 -0.052136 1.163468 0.534317
-0.052186 -0.035929 0.534317 0.363179
6.858597 0.641918 6.366444 1.790066
1.046383 0.421670 -0.094518 -0.037957
0.421670 0.249723 -0.037912 -0.023006
-0.094518 -0.037912 1.048837 0.420448
-0.037957 -0.023006 0.420448 0.249237
9.027868 1.303270 6.915281 1.666401
0.951801 0.340570 -0.081526 -0.029182
0.340570 0.180580 -0.029149 -0.015755
-0.081526 -0.029149 0.951925 0.339457
-0.029182 -0.015755 0.339457 0.180470
10.166222 1.460462 8.790424 2.002213
0.869928 0.280959 -0.068253 -0.022072
0.280959 0.136763 -0.022046 -0.010914
-0.068253 -0.022046 0.875012 0.282051
-0.022072 -0.010914 0.282051 0.137477
10.976247 1.484061 9.911718 2.037710
0.803498 0.237621 -0.055986 -0.016569
0.237621 0.108354 -0.016549 -0.007674
-0.055986 -0.016549 0.808830 0.238906
-0.016569 -0.007674 0.238906 0.109060
12.061974 1.578300 10.526352 1.926945
0.748251 0.205193 -0.046262 -0.012678
0.205193 0.089261 -0.012662 -0.005558
-0.046262 -0.012662 0.752962 0.206327
-0.012678 -0.005558 0.206327 0.089848
12.372841 1.455323 12.024521 2.064384
0.701265 0.180366 -0.038516 -0.009865
0.180366 0.076076 -0.009853 -0.004125
-0.038516 -0.009853 0.706309 0.181582
-0.009865 -0.004125 0.181582 0.076616
12.883649 1.402447 12.970950 2.043456
0.662415 0.161478 -0.032162 -0.007755
0.161478 0.066894 -0.007746 -0.003116
-0.032162 -0.007746 0.665918 0.162278
-0.007755 -0.003116 0.162278 0.067272
13.977930 1.494356 14.993641 2.276986
0.629578 0.146853 -0.027021 -0.006169
0.146853 0.060390 -0.006163 -0.002394
-0.027021 -0.006163 0.631640 0.147307
-0.006169 -0.002394 0.147307 0.060645
14.292349 1.396750 15.586707 2.154050
0.601916 0.135516 -0.022032 -0.004778
0.135516 0.055758 -0.004773 -0.001824
-0.022032 -0.004773 0.602375 0.135620
-0.004778 -0.001824 0.135620 0.055906
14.900537 1.376936 16.502843 2.118768
0.578502 0.126696 -0.018206 -0.003771
0.126696 0.052447 -0.003768 -0.001419
-0.018206 -0.003768 0.577792 0.126575
-0.003771 -0.001419 0.126575 0.052527
15.019835 1.254685 17.207727 2.042428
0.558744 0.119854 -0.014997 -0.002976
0.119854 0.050086 -0.002974 -0.001111
-0.014997 -0.002974 0.557213 0.119598
-0.002976 -0.001111 0.119598 0.050124
15.885934 1.304993 17.906499 1.974329
0.542290 0.114607 -0.012434 -0.002372
0.114607 0.048421 -0.002372 -0.000881
-0.012434 -0.002372 0.539992 0.114230
-0.002372 -0.000881 0.114230 0.048423
16.396733 1.275610 19.431101 2.086864
0.528469 0.110576 -0.010217 -0.001876
0.110576 0.047251 -0.001876 -0.000700
-0.010217 -0.001876 0.525903 0.110184
-0.001876 -0.000700 0.110184 0.047241
17.223847 1.315114 20.732212 2.140641
0.517155 0.107558 -0.008153 -0.001436
0.107558 0.046449 -0.001437 -0.000549
-0.008153 -0.001437 0.514302 0.107138
-0.001436 -0.000549 0.107138 0.046426
18.239692 1.389372 21.722900 2.124271
0.507859 0.105309 -0.006305 -0.001063
0.105309 0.045908 -0.001064 -0.000428
-0.006305 -0.001064 0.505001 0.104914
-0.001063 -0.000428 0.104914 0.045882
18.943986 1.391357 22.771055 2.121373
0.500256 0.103654 -0.004752 -0.000766
0.103654 0.045550 -0.000768 -0.000333
-0.004752 -0.000768 0.497712 0.103341
-0.000766 -0.000333 0.103341 0.045532
19.249642 1.310443 23.738968 2.101947
0.494144 0.102470 -0.003476 -0.000537
0.102470 0.045323 -0.000539 -0.000261
-0.003476 -0.000539 0.492075 0.102258
-0.000537 -0.000261 0.102258 0.045317
19.698405 1.267549 24.776945 2.099179
0.489314 0.101650 -0.002435 -0.000360
0.101650 0.045185 -0.000362 -0.000204
-0.002435 -0.000362 0.487785 0.101542
-0.000360 -0.000204 0.101542 0.045191
20.031591 1.204919 25.643768 2.060985
0.485499 0.101094 -0.001604 -0.000229
0.101094 0.045105 -0.000230 -0.000161
-0.001604 -0.000230 0.484653 0.101107
-0.000229 -0.000161 0.101107 0.045125
20.877359 1.255717 26.712539 2.069022
0.482518 0.100729 -0.000958 -0.000134
0.100729 0.045060 -0.000135 -0.000127
-0.000958 -0.000135 0.482449 0.100873
-0.000134 -0.000127 0.100873 0.045098
21.739409 1.304734 27.818819 2.084075
0.480125 0.100482 -0.000559 -0.000086
0.100482 0.045031 -0.000087 -0.000105
-0.000559 -0.000087 0.481064 0.100796
-0.000086 -0.000105 0.100796 0.045095
22.497492 1.326910 28.598270 2.028955
0.478171 0.100310 -0.000417 -0.000086
0.100310 0.045010 -0.000087 -0.000094
-0.000417 -0.000087 0.480339 0.100829
-0.000086 -0.000094 0.100829 0.045107
23.543978 1.407455 29.046486 1.909900
0.476624 0.100199 -0.000499 -0.000123
0.100199 0.044992 -0.000124 -0.000091
-0.000499 -0.000124 0.480047 0.100916
-0.000123 -0.000091 0.100916 0.045121
24.038713 1.363446 29.862922 1.880761
0.475492 0.100146 -0.000851 -0.000206
0.100146 0.044980 -0.000206 -0.000098
-0.000851 -0.000206 0.479966 0.101010
-0.000206 -0.000098 0.101010 0.045130
24.122439 1.237305 30.775353 1.874902
0.474545 0.100102 -0.001309 -0.000297
0.100102 0.044963 -0.000298 -0.000106
-0.001309 -0.000298 0.480152 0.101126
-0.000297 -0.000106 0.101126 0.045138
24.850508 1.260417 31.481027 1.826064
0.473645 0.100038 -0.001740 -0.000372
0.100038 0.044937 -0.000372 -0.000110
-0.001740 -0.000372 0.480611 0.101268
-0.000372 -0.000110 0.101268 0.045149
25.431795 1.250088 32.755761 1.902288
0.472874 0.099979 -0.002355 -0.000477
0.099979 0.044910 -0.000478 -0.000122
-0.002355 -0.000478 0.481158 0.101400
-0.000477 -0.000122 0.101400 0.045156
26.461546 1.335702 33.477544 1.854000
0.471963 0.099871 -0.003157 -0.000612
0.099871 0.044871 -0.000613 -0.000140
-0.003157 -0.000613 0.481995 0.101570
-0.000612 -0.000140 0.101570 0.045171
26.817151 1.269508 34.056153 1.780541
0.471194 0.099781 -0.004255 -0.000800
0.099781 0.044836 -0.000802 -0.000170
-0.004255 -0.000802 0.482782 0.101707
-0.000800 -0.000170 0.101707 0.045178
27.602516 1.301439 34.999255 1.791715
0.470484 0.099692 -0.005306 -0.000965
0.099692 0.044802 -0.000967 -0.000195
-0.005306 -0.000967 0.483560 0.101826
-0.000965 -0.000195 0.101826 0.045183
28.065098 1.261524 35.833608 1.778683
0.469739 0.099586 -0.006583 -0.001169
0.099586 0.044765 -0.001172 -0.000228
-0.006583 -0.001172 0.484416 0.101952
-0.001169 -0.000228 0.101952 0.045192
28.989782 1.323791 36.597821 1.752545
0.468936 0.099463 -0.007894 -0.001370
0.099463 0.044726 -0.001374 -0.000261
-0.007894 -0.001374 0.485357 0.102086
-0.001370 -0.000261 0.102086 0.045204
29.582101 1.309366 37.902788 1.842603
0.468228 0.099357 -0.009468 -0.001618
0.099357 0.044693 -0.001623 -0.000305
-0.009468 -0.001623 0.486231 0.102200
-0.001618 -0.000305 0.102200 0.045214
30.304156 1.324573 39.734908 2.033998
0.467246 0.099189 -0.011231 -0.001896
0.099189 0.044647 -0.001901 -0.000355
-0.011231 -0.001901 0.487440 0.102381
-0.001896 -0.000355 0.102381 0.045241
30.743521 1.277248 40.774371 2.038442
0.465777 0.098922 -0.013375 -0.002242
0.098922 0.044583 -0.002248 -0.000420
-0.013375 -0.002248 0.489260 0.102681
-0.002242 -0.000420 0.102681 0.045293
31.743234 1.353871 41.706534 2.020715
0.464251 0.098656 -0.015482 -0.002565
0.098656 0.044522 -0.002571 -0.000478
-0.015482 -0.002571 0.491201 0.102990
-0.002565 -0.000478 0.102990 0.045346
32.375474 1.344406 42.741098 2.025708
0.462941 0.098446 -0.017906 -0.002944
0.098446 0.044476 -0.002951 -0.000549
-0.017906 -0.002951 0.493018 0.103255
-0.002944 -0.000549 0.103255 0.045390
32.970097 1.326328 42.990842 1.865854
0.461630 0.098241 -0.020388 -0.003320
0.098241 0.044432 -0.003328 -0.000619
-0.020388 -0.003328 0.494927 0.103531
-0.003320 -0.000619 0.103531 0.045436
34.323351 1.473081 43.795727 1.840731
0.460783 0.098138 -0.022682 -0.003645
0.098138 0.044409 -0.003656 -0.000679
-0.022682 -0.003656 0.496350 0.103697
-0.003645 -0.000679 0.103697 0.045461
34.949912 1.449238 44.573503 1.810660
0.460311 0.098107 -0.025522 -0.004079
0.098107 0.044400 -0.004096 -0.000764
-0.025522 -0.004096 0.497528 0.103814
-0.004079 -0.000764 0.103814 0.045478
35.369934 1.383179 45.138505 1.738732
0.459853 0.098065 -0.028299 -0.004487
0.098065 0.044386 -0.004508 -0.000842
-0.028299 -0.004508 0.498769 0.103953
-0.004487 -0.000842 0.103953 0.045503
35.968592 1.362539 45.778539 1.690616
0.459431 0.098021 -0.030812 -0.004831
0.098021 0.044369 -0.004856 -0.000908
-0.030812 -0.004856 0.499982 0.104093
-0.004831 -0.000908 0.104093 0.045530
36.284167 1.285085 46.806566 1.727259
0.459074 0.097982 -0.033272 -0.005164
0.097982 0.044353 -0.005191 -0.000974
-0.033272 -0.005191 0.501181 0.104235
-0.005164 -0.000974 0.104235 0.045560
