4.097422 2.601099 1.219666 -0.404170
2.470482 0.988214 -0.052654 -0.021062
0.988214 80.399361 -0.021062 -0.008425
-0.052654 -0.021062 2.434012 0.973626
-0.021062 -0.008425 0.973626 80.393525
10.043171 10.726118 1.794575 0.977953
2.250054 3.933674 -0.049508 -0.076444
3.933674 15.268217 -0.076187 -0.267644
-0.049508 -0.076187 2.272051 3.979316
-0.076444 -0.267644 3.979316 15.255207
7.161452 1.188272 1.992202 0.632045
1.981517 2.292169 -0.022745 -0.023852
2.292169 4.542079 -0.023711 -0.063931
-0.022745 -0.023711 2.021766 2.331627
-0.023852 -0.063931 2.331627 4.562014
7.048556 0.590617 4.347424 2.344897
1.703003 1.436941 -0.029021 -0.025417
1.436941 1.908188 -0.025408 -0.036591
-0.029021 -0.025408 1.725989 1.449416
-0.025417 -0.036591 1.449416 1.909636
5.979120 -0.311048 3.611397 1.088967
1.476896 0.976710 -0.025358 -0.017451
0.976710 0.977030 -0.017444 -0.018577
-0.025358 -0.017444 1.486219 0.978606
-0.017451 -0.018577 0.978606 0.975102
6.866912 0.255758 4.770745 1.421619
1.296662 0.704717 -0.024439 -0.013736
0.704717 0.568027 -0.013735 -0.011244
-0.024439 -0.013735 1.301717 0.705108
-0.013736 -0.011244 0.705108 0.567184
7.088658 0.299260 4.704288 1.063555
1.153420 0.532634 -0.021087 -0.009971
0.532634 0.361830 -0.009969 -0.006817
-0.021087 -0.009969 1.156656 0.532811
-0.009971 -0.006817 0.532811 0.361603
6.863130 0.148303 5.633579 1.223220
1.037879 0.417504 -0.018641 -0.007616
0.417504 0.247238 -0.007615 -0.004466
-0.018641 -0.007615 1.040869 0.417955
-0.007616 -0.004466 0.417955 0.247382
7.629616 0.395742 6.039461 1.149758
0.944189 0.337440 -0.016514 -0.005943
0.337440 0.178998 -0.005942 -0.003061
-0.016514 -0.005942 0.946050 0.337657
-0.005943 -0.003061 0.337657 0.179129
8.766045 0.698640 6.762155 1.197426
0.866483 0.279635 -0.014507 -0.004669
0.279635 0.136056 -0.004668 -0.002158
-0.014507 -0.004668 0.868116 0.279902
-0.004669 -0.002158 0.279902 0.136227
9.687981 0.867975 8.782201 1.617275
0.801505 0.236886 -0.012523 -0.003648
0.236886 0.107946 -0.003647 -0.001545
-0.012523 -0.003647 0.803248 0.237251
-0.003648 -0.001545 0.237251 0.108142
11.103543 1.137087 10.346747 1.824468
0.747157 0.204778 -0.010490 -0.002793
0.204778 0.089011 -0.002792 -0.001109
-0.010490 -0.002792 0.748414 0.205033
-0.002793 -0.001109 0.205033 0.089160
11.592261 1.116536 11.042860 1.768915
0.701183 0.180247 -0.008601 -0.002111
0.180247 0.075943 -0.002111 -0.000801
-0.008601 -0.002111 0.702103 0.180434
-0.002111 -0.000801 0.180434 0.076060
12.448459 1.189171 12.234076 1.843689
0.662194 0.161330 -0.007166 -0.001638
0.161330 0.066778 -0.001638 -0.000598
-0.007166 -0.001638 0.662862 0.161470
-0.001638 -0.000598 0.161470 0.066872
12.598207 1.085313 12.282758 1.640063
0.629112 0.146659 -0.005941 -0.001272
0.146659 0.060283 -0.001272 -0.000452
-0.005941 -0.001272 0.629555 0.146757
-0.001272 -0.000452 0.146757 0.060357
12.776790 1.003373 13.024925 1.622472
0.601030 0.135245 -0.005069 -0.001026
0.135245 0.055651 -0.001026 -0.000354
-0.005069 -0.001026 0.601360 0.135326
-0.001026 -0.000354 0.135326 0.055712
13.723338 1.100923 14.638111 1.798143
0.577328 0.126387 -0.004363 -0.000839
0.126387 0.052347 -0.000839 -0.000282
-0.004363 -0.000839 0.577492 0.126437
-0.000839 -0.000282 0.126437 0.052394
14.349522 1.117076 15.127909 1.710374
0.557408 0.119539 -0.003656 -0.000667
0.119539 0.049997 -0.000667 -0.000222
-0.003656 -0.000667 0.557386 0.119553
-0.000667 -0.000222 0.119553 0.050030
14.652148 1.062988 15.955031 1.704387
0.540727 0.114271 -0.003074 -0.000534
0.114271 0.048337 -0.000534 -0.000177
-0.003074 -0.000534 0.540610 0.114270
-0.000534 -0.000177 0.114270 0.048362
15.287265 1.084824 17.512717 1.852087
0.526913 0.110269 -0.002582 -0.000428
0.110269 0.047180 -0.000428 -0.000142
-0.002582 -0.000428 0.526687 0.110249
-0.000428 -0.000142 0.110249 0.047197
16.345611 1.192229 18.742670 1.915442
0.515589 0.107270 -0.002111 -0.000333
0.107270 0.046388 -0.000333 -0.000114
-0.002111 -0.000333 0.515239 0.107228
-0.000333 -0.000114 0.107228 0.046397
16.978192 1.199885 20.166320 2.012145
0.506377 0.105056 -0.001679 -0.000250
0.105056 0.045857 -0.000250 -0.000090
-0.001679 -0.000250 0.505972 0.105006
-0.000250 -0.000090 0.105006 0.045862
17.531231 1.190197 21.378112 2.054805
0.498994 0.103459 -0.001293 -0.000180
0.103459 0.045513 -0.000180 -0.000071
-0.001293 -0.000180 0.498555 0.103405
-0.000180 -0.000071 0.103405 0.045514
18.565560 1.281393 22.727750 2.121767
0.493156 0.102337 -0.000964 -0.000125
0.102337 0.045299 -0.000125 -0.000056
-0.000964 -0.000125 0.492715 0.102285
-0.000125 -0.000056 0.102285 0.045298
19.019963 1.242671 23.836029 2.131600
0.488594 0.101573 -0.000687 -0.000081
0.101573 0.045171 -0.000081 -0.000044
-0.000687 -0.000081 0.488216 0.101534
-0.000081 -0.000044 0.101534 0.045172
20.216909 1.362620 25.042478 2.160974
0.485098 0.101076 -0.000463 -0.000048
0.101076 0.045101 -0.000049 -0.000035
-0.000463 -0.000049 0.484812 0.101056
-0.000048 -0.000035 0.101056 0.045103
21.236708 1.433308 25.943032 2.123402
0.482449 0.100770 -0.000303 -0.000029
0.100770 0.045066 -0.000029 -0.000029
-0.000303 -0.000029 0.482316 0.100778
-0.000029 -0.000029 0.100778 0.045072
21.527961 1.344256 27.288058 2.182719
0.480488 0.100598 -0.000206 -0.000021
0.100598 0.045051 -0.000021 -0.000025
-0.000206 -0.000021 0.480530 0.100637
-0.000021 -0.000025 0.100637 0.045061
21.879800 1.277053 28.368396 2.180397
0.479050 0.100514 -0.000141 -0.000017
0.100514 0.045045 -0.000017 -0.000022
-0.000141 -0.000017 0.479315 0.100591
-0.000017 -0.000022 0.100591 0.045061
22.517273 1.276829 29.232918 2.132953
0.478011 0.100484 -0.000108 -0.000018
0.100484 0.045041 -0.000018 -0.000020
-0.000108 -0.000018 0.478532 0.100603
-0.000018 -0.000020 0.100603 0.045064
23.297689 1.306725 31.184428 2.319279
0.477276 0.100485 -0.000117 -0.000025
0.100485 0.045037 -0.000025 -0.000020
-0.000117 -0.000025 0.478065 0.100647
-0.000025 -0.000020 0.100647 0.045066
23.732240 1.260601 32.195443 2.287957
0.476692 0.100487 -0.000182 -0.000042
0.100487 0.045027 -0.000042 -0.000021
-0.000182 -0.000042 0.477893 0.100720
-0.000042 -0.000021 0.100720 0.045069
24.602722 1.311283 32.944366 2.204631
0.476251 0.100491 -0.000272 -0.000060
0.100491 0.045013 -0.000060 -0.000023
-0.000272 -0.000060 0.477886 0.100795
-0.000060 -0.000023 0.100795 0.045068
25.405760 1.342407 33.651667 2.121275
0.475928 0.100496 -0.000414 -0.000088
0.100496 0.044998 -0.000088 -0.000026
-0.000414 -0.000088 0.477966 0.100861
-0.000088 -0.000026 0.100861 0.045063
26.069206 1.340772 35.061952 2.195077
0.475687 0.100498 -0.000596 -0.000120
0.100498 0.044981 -0.000121 -0.000030
-0.000596 -0.000121 0.478092 0.100914
-0.000120 -0.000030 0.100914 0.045055
26.890261 1.372612 36.053942 2.172801
0.475431 0.100480 -0.000823 -0.000160
0.100480 0.044960 -0.000160 -0.000036
-0.000823 -0.000160 0.478307 0.100968
-0.000160 -0.000036 0.100968 0.045047
27.839581 1.428202 36.949134 2.132453
0.475191 0.100454 -0.001096 -0.000206
0.100454 0.044938 -0.000206 -0.000043
-0.001096 -0.000206 0.478542 0.101013
-0.000206 -0.000043 0.101013 0.045038
27.838668 1.276972 37.375055 1.997253
0.474968 0.100423 -0.001424 -0.000261
0.100423 0.044916 -0.000261 -0.000052
-0.001424 -0.000261 0.478771 0.101047
-0.000261 -0.000052 0.101047 0.045029
27.811984 1.136334 38.497190 2.023234
0.474763 0.100390 -0.001682 -0.000297
0.100390 0.044896 -0.000297 -0.000057
-0.001682 -0.000297 0.478979 0.101070
-0.000297 -0.000057 0.101070 0.045019
28.754848 1.215530 39.257935 1.970370
0.474492 0.100340 -0.001905 -0.000325
0.100340 0.044874 -0.000325 -0.000061
-0.001905 -0.000325 0.479245 0.101102
-0.000325 -0.000061 0.101102 0.045013
29.266439 1.195227 40.423418 2.008376
0.474241 0.100293 -0.002200 -0.000369
0.100293 0.044855 -0.000369 -0.000069
-0.002200 -0.000369 0.479479 0.101124
-0.000369 -0.000069 0.101124 0.045008
29.710884 1.162730 41.003060 1.918825
0.473939 0.100236 -0.002526 -0.000418
0.100236 0.044835 -0.000418 -0.000078
-0.002526 -0.000418 0.479756 0.101154
-0.000418 -0.000078 0.101154 0.045006
30.284965 1.161200 42.000784 1.926899
0.473662 0.100184 -0.002846 -0.000464
0.100184 0.044818 -0.000464 -0.000086
-0.002846 -0.000464 0.480001 0.101177
-0.000464 -0.000086 0.101177 0.045004
31.442541 1.283251 42.971244 1.928568
0.473357 0.100129 -0.003203 -0.000517
0.100129 0.044802 -0.000517 -0.000096
-0.003203 -0.000517 0.480269 0.101206
-0.000517 -0.000096 0.101206 0.045005
32.873937 1.450361 44.016306 1.945888
0.473069 0.100078 -0.003674 -0.000593
0.100078 0.044788 -0.000594 -0.000111
-0.003674 -0.000594 0.480523 0.101232
-0.000593 -0.000111 0.101232 0.045006
33.590631 1.448447 44.717511 1.888651
0.472810 0.100036 -0.004293 -0.000697
0.100036 0.044776 -0.000698 -0.000132
-0.004293 -0.000698 0.480754 0.101255
-0.000697 -0.000132 0.101255 0.045008
33.989399 1.379576 45.658441 1.887772
0.472575 0.099999 -0.004911 -0.000796
0.099999 0.044766 -0.000797 -0.000151
-0.004911 -0.000797 0.480967 0.101275
-0.000796 -0.000151 0.101275 0.045010
34.799669 1.405215 46.845913 1.939123
0.472298 0.099953 -0.005498 -0.000884
0.099953 0.044755 -0.000885 -0.000167
-0.005498 -0.000885 0.481231 0.101308
-0.000884 -0.000167 0.101308 0.045016
35.439043 1.391549 47.387814 1.849066
0.471981 0.099900 -0.006148 -0.000983
0.099900 0.044742 -0.000984 -0.000186
-0.006148 -0.000984 0.481548 0.101353
-0.000983 -0.000186 0.101353 0.045025
36.427678 1.453289 47.962424 1.775647
0.471720 0.099861 -0.006773 -0.001074
0.099861 0.044733 -0.001075 -0.000203
-0.006773 -0.001075 0.481817 0.101388
-0.001074 -0.000203 0.101388 0.045032
