-0.506806 0.759368 5.885725 1.462294
41.463505 16.585761 -56.479068 -22.592117
16.585761 86.638515 -22.592117 -9.037042
-56.479068 -22.592117 80.538224 32.215988
-22.592117 -9.037042 32.215988 92.890741
0.898363 2.180396 6.583702 2.088590
61.744529 31.503513 -86.215832 -43.343267
31.503513 37.317587 -41.721529 -41.329295
-86.215832 -41.721529 123.919073 63.921936
-43.343267 -41.329295 63.921936 68.290121
2.483758 2.729023 7.846360 2.393948
93.672552 45.233331 -128.676513 -59.604303
45.233331 33.047331 -61.114123 -41.990063
-128.676513 -61.114123 179.728737 83.926668
-59.604303 -41.990063 83.926668 59.905590
1.549899 0.443356 5.567993 -0.092154
125.535335 52.188740 -172.654918 -70.144690
52.188740 28.607862 -71.273398 -37.964240
-172.654918 -71.273398 239.977038 97.902997
-70.144690 -37.964240 97.902997 53.160503
6.267625 2.079575 -0.478731 -2.187711
115.099541 42.782550 -146.668558 -50.282337
42.782550 20.543505 -54.263443 -24.808714
-146.668558 -54.263443 188.862839 65.025693
-50.282337 -24.808714 65.025693 31.373793
1.544858 0.207850 5.816039 0.098207
12.434393 4.190046 -10.405424 -2.102722
4.190046 4.691315 -3.474263 -5.148968
-10.405424 -3.474263 9.881932 2.359743
-2.102722 -5.148968 2.359743 7.001324
11.277915 2.862415 0.700934 0.052459
10.823180 4.614322 -10.740974 -4.644365
4.614322 4.164353 -5.011776 -5.134397
-10.740974 -5.011776 11.968738 5.827340
-4.644365 -5.134397 5.827340 6.990628
8.581241 0.835823 6.053212 2.791022
6.789402 2.014981 -4.585981 -0.981885
2.014981 1.905597 -1.648621 -2.121918
-4.585981 -1.648621 4.008220 1.431623
-0.981885 -2.121918 1.431623 2.985566
8.564385 0.867757 7.296416 2.490710
8.405665 2.968154 -6.565534 -2.496667
2.968154 1.902217 -2.687490 -2.102970
-6.565534 -2.687490 6.107252 2.804830
-2.496667 -2.102970 2.804830 2.710404
10.294495 0.959633 8.538434 2.897031
11.010222 3.856898 -9.668326 -3.801644
3.856898 1.891264 -3.702952 -2.095930
-9.668326 -3.702952 9.480522 4.083578
-3.801644 -2.095930 4.083578 2.576990
11.126576 0.884754 10.405600 3.250778
15.005178 4.738289 -13.797396 -4.842774
4.738289 1.850181 -4.589347 -2.010994
-13.797396 -4.589347 13.614242 5.036773
-4.842774 -2.010994 5.036773 2.371885
12.285909 1.073783 11.417381 3.075917
18.564547 5.328846 -18.107173 -5.712848
5.328846 1.779205 -5.371612 -1.963362
-18.107173 -5.371612 18.550399 6.047121
-5.712848 -1.963362 6.047121 2.311304
14.033433 1.519824 10.840731 2.324622
23.056411 5.913760 -23.013768 -6.408348
5.913760 1.702580 -6.026827 -1.868674
-23.013768 -6.026827 23.800385 6.776043
-6.408348 -1.868674 6.776043 2.171613
16.842553 2.034536 9.549484 1.659942
16.339841 3.574042 -14.842435 -3.417367
3.574042 0.926736 -3.325824 -0.907723
-14.842435 -3.325824 14.188639 3.385848
-3.417367 -0.907723 3.385848 0.992160
16.903122 1.830850 11.390580 1.892553
5.862928 1.066440 -4.127336 -0.680153
1.066440 0.313202 -0.800734 -0.243545
-4.127336 -0.800734 3.474474 0.683757
-0.680153 -0.243545 0.683757 0.283674
16.779415 1.623676 13.385987 2.121081
5.858890 0.985030 -3.642480 -0.505825
0.985030 0.268274 -0.653303 -0.181408
-3.642480 -0.653303 2.772407 0.489367
-0.505825 -0.181408 0.489367 0.210287
16.664635 1.477149 14.970642 2.184995
6.765767 1.095292 -4.157734 -0.577356
1.095292 0.267818 -0.710490 -0.173217
-4.157734 -0.710490 3.042099 0.517734
-0.577356 -0.173217 0.517734 0.191491
18.013213 1.595482 15.351304 2.024459
7.020117 1.110281 -4.587870 -0.684081
1.110281 0.256697 -0.759890 -0.174847
-4.587870 -0.759890 3.489572 0.605645
-0.684081 -0.174847 0.605645 0.191275
18.666900 1.603696 15.938288 1.878440
7.773743 1.169222 -4.958545 -0.695026
1.169222 0.249373 -0.772880 -0.159507
-4.958545 -0.772880 3.631548 0.587345
-0.695026 -0.159507 0.587345 0.169033
19.104899 1.551950 17.096491 1.906038
8.199333 1.168640 -4.990156 -0.638177
1.168640 0.234317 -0.731725 -0.136765
-4.990156 -0.731725 3.481646 0.518962
-0.638177 -0.136765 0.518962 0.142547
18.805028 1.405556 18.687341 1.982792
8.597486 1.171870 -5.152756 -0.629081
1.171870 0.223142 -0.717711 -0.124561
-5.152756 -0.717711 3.519608 0.498917
-0.629081 -0.124561 0.498917 0.128843
19.500013 1.397239 19.971936 2.061969
5.435268 0.721015 -3.649456 -0.493987
0.721015 0.155752 -0.495803 -0.099024
-3.649456 -0.495803 2.912372 0.457570
-0.493987 -0.099024 0.457570 0.122855
18.949506 1.237169 21.735451 2.143524
2.857003 0.371985 -2.183109 -0.318231
0.371985 0.105840 -0.290252 -0.070038
-2.183109 -0.290252 2.187399 0.377867
-0.318231 -0.070038 0.377867 0.110482
19.180699 1.186719 23.170809 2.201554
0.828981 0.108719 -0.582510 -0.076456
0.108719 0.069319 -0.073862 -0.033842
-0.582510 -0.073862 1.061543 0.212899
-0.076456 -0.033842 0.212899 0.083374
19.838299 1.196506 24.232051 2.196481
0.494825 0.077048 -0.167584 -0.007655
0.077048 0.064403 -0.017740 -0.021288
-0.167584 -0.017740 0.747654 0.161116
-0.007655 -0.021288 0.161116 0.071976
20.254477 1.162999 25.479873 2.222574
0.477049 0.090716 0.000725 0.018687
0.090716 0.065887 0.004602 -0.014743
0.000725 0.004602 0.599121 0.132857
0.018687 -0.014743 0.132857 0.063891
20.844463 1.161892 27.063741 2.327481
0.558901 0.118959 0.080881 0.026908
0.118959 0.069510 0.014148 -0.011088
0.080881 0.014148 0.507800 0.113878
0.026908 -0.011088 0.113878 0.057574
21.471476 1.180486 27.846007 2.241081
0.692197 0.153981 0.108058 0.023501
0.153981 0.074151 0.014991 -0.009641
0.108058 0.014991 0.438154 0.099015
0.023501 -0.009641 0.099015 0.052409
22.016043 1.169467 28.986185 2.246190
0.859083 0.191610 0.104397 0.013990
0.191610 0.078969 0.010910 -0.009461
0.104397 0.010910 0.387366 0.088764
0.013990 -0.009461 0.088764 0.048704
22.454550 1.159004 29.550639 2.115721
1.057479 0.230811 0.078119 0.000831
0.230811 0.083734 0.003524 -0.010067
0.078119 0.003524 0.351183 0.082250
0.000831 -0.010067 0.082250 0.046204
23.027250 1.162328 30.490411 2.087214
1.288963 0.271287 0.034802 -0.014256
0.271287 0.088350 -0.005846 -0.011072
0.034802 -0.005846 0.327500 0.078778
-0.014256 -0.011072 0.078778 0.044636
23.494455 1.142729 31.447659 2.067804
1.549791 0.312087 -0.030620 -0.032196
0.312087 0.092674 -0.018049 -0.012637
-0.030620 -0.018049 0.315000 0.077905
-0.032196 -0.012637 0.077905 0.043826
23.759982 1.097245 32.097040 1.976262
1.846079 0.353961 -0.112843 -0.051401
0.353961 0.096827 -0.031633 -0.014367
-0.112843 -0.031633 0.313291 0.079173
-0.051401 -0.014367 0.079173 0.043557
24.450146 1.119064 33.224297 2.009792
2.187319 0.398163 -0.206087 -0.070285
0.398163 0.101014 -0.045303 -0.015940
-0.206087 -0.045303 0.320343 0.081779
-0.070285 -0.015940 0.081779 0.043557
24.981207 1.110047 34.455058 2.066550
2.553002 0.441090 -0.326407 -0.092688
0.441090 0.104668 -0.061892 -0.018064
-0.326407 -0.061892 0.339819 0.086598
-0.092688 -0.018064 0.086598 0.044052
25.541265 1.110923 35.482790 2.065159
2.959356 0.485328 -0.465289 -0.116074
0.485328 0.108242 -0.079464 -0.020212
-0.465289 -0.079464 0.369832 0.092773
-0.116074 -0.020212 0.092773 0.044752
26.158208 1.120475 36.513031 2.064864
3.400984 0.529817 -0.626533 -0.141191
0.529817 0.111578 -0.098460 -0.022496
-0.626533 -0.098460 0.411924 0.100479
-0.141191 -0.022496 0.100479 0.045682
26.961020 1.156831 37.585990 2.077234
3.873578 0.573823 -0.812666 -0.168431
0.573823 0.114592 -0.119017 -0.024949
-0.812666 -0.119017 0.467863 0.109884
-0.168431 -0.024949 0.109884 0.046855
27.495639 1.149329 38.522031 2.051023
4.356562 0.614347 -1.029156 -0.199124
0.614347 0.116882 -0.141613 -0.027718
-1.029156 -0.141613 0.542513 0.121842
-0.199124 -0.027718 0.121842 0.048434
27.948573 1.131366 39.493042 2.035355
4.883585 0.656592 -1.268921 -0.230549
0.656592 0.119275 -0.165014 -0.030393
-1.268921 -0.165014 0.631431 0.134922
-0.230549 -0.030393 0.134922 0.050049
28.574490 1.143488 40.670117 2.076030
5.470086 0.702504 -1.530283 -0.261717
0.702504 0.122030 -0.188964 -0.032876
-1.530283 -0.188964 0.732108 0.148346
-0.261717 -0.032876 0.148346 0.051533
28.980415 1.125634 41.839557 2.104151
6.103241 0.749887 -1.817389 -0.293799
0.749887 0.124805 -0.213888 -0.035330
-1.817389 -0.213888 0.847589 0.162696
-0.293799 -0.035330 0.162696 0.053034
29.338736 1.090198 42.640346 2.037128
6.813723 0.802820 -2.123250 -0.324000
0.802820 0.128151 -0.239067 -0.037465
-2.123250 -0.239067 0.970015 0.176095
-0.324000 -0.037465 0.176095 0.054178
29.678091 1.062186 43.609322 2.018656
7.587635 0.858918 -2.450401 -0.353431
0.858918 0.131702 -0.264765 -0.039440
-2.450401 -0.264765 1.101464 0.189121
-0.353431 -0.039440 0.189121 0.055138
30.073589 1.052499 44.777219 2.052048
8.431846 0.918945 -2.794451 -0.380823
0.918945 0.135552 -0.290602 -0.041151
-2.794451 -0.290602 1.237581 0.200951
-0.380823 -0.041151 0.200951 0.055798
31.087300 1.111002 45.788964 2.066659
9.344821 0.982443 -3.153644 -0.406030
0.982443 0.139625 -0.316460 -0.042613
-3.153644 -0.316460 1.376693 0.211457
-0.406030 -0.042613 0.211457 0.056185
31.753666 1.130917 46.953290 2.102015
10.253400 1.038294 -3.568630 -0.441822
1.038294 0.142430 -0.345266 -0.044986
-3.568630 -0.345266 1.556391 0.228168
-0.441822 -0.044986 0.228168 0.057627
31.954186 1.084232 47.930053 2.069424
11.208588 1.094542 -4.015784 -0.479216
1.094542 0.145137 -0.375104 -0.047385
-4.015784 -0.375104 1.755036 0.246048
-0.479216 -0.047385 0.246048 0.059144
32.246052 1.045484 48.787929 2.017215
12.273920 1.159573 -4.476199 -0.510781
1.159573 0.148777 -0.405003 -0.049218
-4.476199 -0.405003 1.949843 0.260418
-0.510781 -0.049218 0.260418 0.059958
32.451421 1.014228 49.876216 2.021272
13.414834 1.228499 -4.952294 -0.539320
1.228499 0.152707 -0.434916 -0.050755
-4.952294 -0.434916 2.146372 0.272968
-0.539320 -0.050755 0.272968 0.060443
