4.999001 2.961738 1.022634 -0.482985
2.575399 1.030182 -0.261185 -0.104476
1.030182 80.416148 -0.104476 -0.041791
-0.261185 -0.104476 2.388565 0.955447
-0.104476 -0.041791 0.955447 80.386254
4.765341 -0.033900 0.209554 -1.525281
2.214124 3.846631 -0.232523 -0.358309
3.846631 15.364225 -0.351304 -1.282250
-0.232523 -0.351304 2.358215 4.135369
-0.358309 -1.282250 4.135369 15.395043
5.172911 0.493530 4.660368 4.443466
1.966534 2.289395 -0.244502 -0.271962
2.289395 4.608825 -0.271594 -0.494260
-0.244502 -0.271594 2.099519 2.402019
-0.271962 -0.494260 2.402019 4.607449
5.519903 0.565222 3.852557 1.920650
1.728003 1.468260 -0.167558 -0.135141
1.468260 1.957389 -0.134713 -0.182417
-0.167558 -0.134713 1.733004 1.442857
-0.135141 -0.182417 1.442857 1.894983
7.914524 1.967574 4.330173 1.605343
1.492956 0.991596 -0.143514 -0.093335
0.991596 0.994923 -0.093157 -0.096109
-0.143514 -0.093157 1.497081 0.980929
-0.093335 -0.096109 0.980929 0.975672
8.428871 1.711917 5.918435 2.029630
1.296663 0.706894 -0.113562 -0.061591
0.706894 0.572839 -0.061443 -0.052873
-0.113562 -0.061443 1.320845 0.713229
-0.061591 -0.052873 0.713229 0.572020
8.205970 1.212415 6.310151 1.744139
1.151461 0.533348 -0.091672 -0.042931
0.533348 0.364205 -0.042818 -0.031844
-0.091672 -0.042818 1.172614 0.538771
-0.042931 -0.031844 0.538771 0.364872
8.723081 1.177496 5.702715 1.151516
1.037124 0.418460 -0.079322 -0.032807
0.418460 0.248868 -0.032730 -0.021128
-0.079322 -0.032730 1.053252 0.422026
-0.032807 -0.021128 0.422026 0.249489
9.420192 1.215379 7.460710 1.572549
0.941050 0.337281 -0.071208 -0.026333
0.337281 0.179725 -0.026287 -0.014857
-0.071208 -0.026287 0.959625 0.341917
-0.026333 -0.014857 0.341917 0.181052
10.448736 1.351468 8.377885 1.614304
0.864063 0.279641 -0.061452 -0.020548
0.279641 0.136582 -0.020510 -0.010474
-0.061452 -0.020510 0.879040 0.282973
-0.020548 -0.010474 0.282973 0.137531
11.711386 1.525156 9.575525 1.729038
0.799345 0.236885 -0.052437 -0.016032
0.236885 0.108302 -0.015999 -0.007520
-0.052437 -0.015999 0.812171 0.239539
-0.016032 -0.007520 0.239539 0.109069
11.876979 1.360972 10.843985 1.839852
0.744782 0.204646 -0.043944 -0.012407
0.204646 0.089220 -0.012378 -0.005455
-0.043944 -0.012378 0.755989 0.206837
-0.012407 -0.005455 0.206837 0.089858
12.512490 1.349278 12.195501 1.950641
0.699605 0.180275 -0.037198 -0.009781
0.180275 0.076122 -0.009756 -0.004059
-0.037198 -0.009756 0.707750 0.181667
-0.009781 -0.004059 0.181667 0.076543
13.362840 1.392148 13.599346 2.054889
0.661488 0.161513 -0.031280 -0.007711
0.161513 0.066943 -0.007689 -0.003053
-0.031280 -0.007689 0.666712 0.162237
-0.007711 -0.003053 0.162237 0.067198
14.022572 1.383661 14.653401 2.061086
0.629109 0.146941 -0.025975 -0.006036
0.146941 0.060429 -0.006017 -0.002309
-0.025975 -0.006017 0.631951 0.147192
-0.006036 -0.002309 0.147192 0.060577
15.551901 1.572310 15.149919 1.941124
0.601574 0.135584 -0.021518 -0.004736
0.135584 0.055778 -0.004720 -0.001765
-0.021518 -0.004720 0.602648 0.135537
-0.004736 -0.001765 0.135537 0.055863
15.581773 1.406516 16.068217 1.929459
0.577736 0.126633 -0.017654 -0.003692
0.126633 0.052429 -0.003679 -0.001356
-0.017654 -0.003679 0.578486 0.126617
-0.003692 -0.001356 0.126617 0.052523
15.879303 1.319576 17.411233 2.010437
0.557917 0.119759 -0.014599 -0.002914
0.119759 0.050059 -0.002904 -0.001057
-0.014599 -0.002904 0.557985 0.119672
-0.002914 -0.001057 0.119672 0.050134
16.547603 1.321564 18.814188 2.094524
0.541505 0.114510 -0.011937 -0.002277
0.114510 0.048392 -0.002269 -0.000826
-0.011937 -0.002269 0.540711 0.114303
-0.002277 -0.000826 0.114303 0.048436
17.633207 1.410623 20.095607 2.143763
0.527877 0.110511 -0.009537 -0.001737
0.110511 0.047228 -0.001732 -0.000641
-0.009537 -0.001732 0.526418 0.110223
-0.001737 -0.000641 0.110223 0.047249
18.669747 1.479370 20.818486 2.071260
0.516538 0.107479 -0.007415 -0.001288
0.107479 0.046423 -0.001284 -0.000495
-0.007415 -0.001284 0.514843 0.107193
-0.001288 -0.000495 0.107193 0.046439
18.910070 1.375678 21.640026 2.026570
0.507196 0.105214 -0.005686 -0.000944
0.105214 0.045879 -0.000941 -0.000385
-0.005686 -0.000941 0.505600 0.104989
-0.000944 -0.000385 0.104989 0.045901
19.790049 1.415275 22.104790 1.912808
0.499692 0.103576 -0.004292 -0.000683
0.103576 0.045526 -0.000681 -0.000302
-0.004292 -0.000681 0.498226 0.103402
-0.000683 -0.000302 0.103402 0.045549
20.016515 1.315591 23.434924 1.990275
0.493682 0.102409 -0.003215 -0.000495
0.102409 0.045303 -0.000494 -0.000240
-0.003215 -0.000494 0.492498 0.102305
-0.000495 -0.000240 0.102305 0.045331
21.313593 1.448535 24.777233 2.062698
0.488942 0.101605 -0.002318 -0.000347
0.101605 0.045169 -0.000345 -0.000191
-0.002318 -0.000345 0.488126 0.101577
-0.000347 -0.000191 0.101577 0.045202
21.826171 1.404440 25.789719 2.058720
0.485152 0.101048 -0.001710 -0.000257
0.101048 0.045089 -0.000256 -0.000158
-0.001710 -0.000256 0.484975 0.101143
-0.000257 -0.000158 0.101143 0.045138
21.953939 1.284460 26.601363 2.013131
0.482182 0.100683 -0.001310 -0.000207
0.100683 0.045044 -0.000206 -0.000134
-0.001310 -0.000206 0.482765 0.100912
-0.000207 -0.000134 0.100912 0.045111
22.005804 1.160868 27.464676 1.983072
0.479881 0.100453 -0.001028 -0.000174
0.100453 0.045020 -0.000174 -0.000115
-0.001028 -0.000174 0.481292 0.100820
-0.000174 -0.000115 0.100820 0.045105
22.475074 1.137547 28.538315 2.000298
0.478072 0.100307 -0.000821 -0.000151
0.100307 0.045004 -0.000150 -0.000099
-0.000821 -0.000150 0.480423 0.100827
-0.000151 -0.000099 0.100827 0.045111
23.247390 1.180340 29.360095 1.962809
0.476572 0.100201 -0.000778 -0.000156
0.100201 0.044988 -0.000156 -0.000090
-0.000778 -0.000156 0.480086 0.100910
-0.000156 -0.000090 0.100910 0.045124
24.079697 1.231342 30.467516 1.989327
0.475354 0.100126 -0.000969 -0.000204
0.100126 0.044970 -0.000204 -0.000091
-0.000969 -0.000204 0.480095 0.101028
-0.000204 -0.000091 0.101028 0.045138
24.771640 1.247434 31.896490 2.080792
0.474258 0.100048 -0.001423 -0.000298
0.100048 0.044947 -0.000298 -0.000101
-0.001423 -0.000298 0.480437 0.101179
-0.000298 -0.000101 0.101179 0.045154
25.214975 1.209335 33.003728 2.094869
0.473100 0.099932 -0.002120 -0.000431
0.099932 0.044911 -0.000431 -0.000120
-0.002120 -0.000431 0.481172 0.101377
-0.000431 -0.000120 0.101377 0.045176
25.819414 1.209277 33.951321 2.073832
0.471932 0.099796 -0.002921 -0.000573
0.099796 0.044870 -0.000573 -0.000139
-0.002921 -0.000573 0.482143 0.101591
-0.000573 -0.000139 0.101591 0.045198
26.048286 1.129772 35.182592 2.114710
0.470808 0.099657 -0.003876 -0.000735
0.099657 0.044827 -0.000736 -0.000163
-0.003876 -0.000736 0.483223 0.101798
-0.000735 -0.000163 0.101798 0.045217
26.395013 1.083554 36.244648 2.115639
0.469517 0.099471 -0.004839 -0.000887
0.099471 0.044774 -0.000889 -0.000184
-0.004839 -0.000889 0.484578 0.102038
-0.000887 -0.000184 0.102038 0.045244
26.913530 1.078576 37.190095 2.091982
0.468152 0.099265 -0.005849 -0.001041
0.099265 0.044718 -0.001043 -0.000207
-0.005849 -0.001043 0.486078 0.102285
-0.001041 -0.000207 0.102285 0.045272
27.601509 1.110230 38.417686 2.130246
0.466797 0.099059 -0.006985 -0.001214
0.099059 0.044664 -0.001216 -0.000235
-0.006985 -0.001216 0.487618 0.102521
-0.001214 -0.000235 0.102521 0.045300
28.172029 1.113457 39.418514 2.116751
0.465330 0.098830 -0.008383 -0.001436
0.098830 0.044607 -0.001439 -0.000274
-0.008383 -0.001439 0.489332 0.102780
-0.001436 -0.000274 0.102780 0.045334
28.987075 1.167904 39.940763 2.004484
0.463863 0.098602 -0.009914 -0.001676
0.098602 0.044551 -0.001679 -0.000316
-0.009914 -0.001679 0.491094 0.103035
-0.001676 -0.000316 0.103035 0.045369
29.858658 1.228829 40.682662 1.950228
0.462718 0.098445 -0.011628 -0.001944
0.098445 0.044512 -0.001949 -0.000365
-0.011628 -0.001949 0.492545 0.103215
-0.001944 -0.000365 0.103215 0.045390
30.427714 1.218917 41.461328 1.909046
0.461745 0.098319 -0.013582 -0.002251
0.098319 0.044479 -0.002259 -0.000422
-0.013582 -0.002259 0.493865 0.103367
-0.002251 -0.000422 0.103367 0.045409
31.455834 1.307681 42.106555 1.845009
0.460806 0.098194 -0.015559 -0.002550
0.098194 0.044445 -0.002562 -0.000477
-0.015559 -0.002562 0.495190 0.103524
-0.002550 -0.000477 0.103524 0.045433
32.441570 1.378670 43.136895 1.868127
0.460127 0.098118 -0.017837 -0.002903
0.098118 0.044422 -0.002919 -0.000544
-0.017837 -0.002919 0.496308 0.103640
-0.002903 -0.000544 0.103640 0.045451
32.894067 1.328215 44.119492 1.877764
0.459437 0.098029 -0.020449 -0.003314
0.098029 0.044395 -0.003335 -0.000623
-0.020449 -0.003335 0.497558 0.103791
-0.003314 -0.000623 0.103791 0.045479
33.567988 1.330151 44.991376 1.863818
0.458566 0.097894 -0.022957 -0.003687
0.097894 0.044357 -0.003711 -0.000693
-0.022957 -0.003711 0.499079 0.104002
-0.003687 -0.000693 0.104002 0.045521
34.468071 1.380277 45.884927 1.856472
0.457703 0.097759 -0.025515 -0.004062
0.097759 0.044321 -0.004088 -0.000764
-0.025515 -0.004088 0.500684 0.104228
-0.004062 -0.000764 0.104228 0.045566
35.065500 1.361330 47.099348 1.915746
0.456940 0.097643 -0.028299 -0.004476
0.097643 0.044289 -0.004505 -0.000844
-0.028299 -0.004505 0.502315 0.104455
-0.004476 -0.000844 0.104455 0.045612
35.865509 1.387060 48.111675 1.927483
0.455923 0.097470 -0.031129 -0.004891
0.097470 0.044245 -0.004921 -0.000924
-0.031129 -0.004921 0.504371 0.104768
-0.004891 -0.000924 0.104768 0.045674
36.383812 1.348194 48.727414 1.854516
0.454933 0.097305 -0.034105 -0.005328
0.097305 0.044204 -0.005360 -0.001010
-0.034105 -0.005360 0.506554 0.105095
-0.005328 -0.001010 0.105095 0.045739
