2.562090 1.986953 1.990042 -0.096013
2.575399 1.030182 -0.261185 -0.104476
1.030182 80.416148 -0.104476 -0.041791
-0.261185 -0.104476 2.388565 0.955447
-0.104476 -0.041791 0.955447 80.386254
2.963170 0.941924 1.301832 -1.233466
2.269297 3.942005 -0.259566 -0.404547
3.942005 15.529059 -0.399429 -1.364597
-0.259566 -0.399429 2.310417 4.050834
-0.404547 -1.364597 4.050834 15.245571
4.884731 2.619047 -0.127369 -2.157116
2.001622 2.321200 -0.252929 -0.277634
2.321200 4.645741 -0.276907 -0.500450
-0.252929 -0.276907 2.065016 2.369550
-0.277634 -0.500450 2.369550 4.570854
4.728747 1.396371 2.627306 1.039241
1.679146 1.422135 -0.208700 -0.168349
1.422135 1.920689 -0.167740 -0.211721
-0.208700 -0.167740 1.803624 1.505666
-0.168349 -0.211721 1.505666 1.945747
6.167243 1.889973 3.339023 1.166121
1.470361 0.978557 -0.166208 -0.105915
0.978557 0.990547 -0.105630 -0.104535
-0.166208 -0.105630 1.530458 0.999768
-0.105915 -0.104535 0.999768 0.983940
7.082367 1.877099 5.767484 2.158524
1.291129 0.706189 -0.132579 -0.070275
0.706189 0.575015 -0.070035 -0.057893
-0.132579 -0.070035 1.334244 0.717429
-0.070275 -0.057893 0.717429 0.571927
9.205347 2.426749 6.005165 1.773446
1.153162 0.535777 -0.103591 -0.047309
0.535777 0.366687 -0.047092 -0.034185
-0.103591 -0.047092 1.175105 0.537824
-0.047309 -0.034185 0.537824 0.363274
9.217743 1.940924 6.545344 1.635536
1.034519 0.418432 -0.082054 -0.033215
0.418432 0.249563 -0.033034 -0.021614
-0.082054 -0.033034 1.056916 0.422202
-0.033215 -0.021614 0.422202 0.249026
9.796277 1.799951 7.951794 1.845026
0.940305 0.337758 -0.069309 -0.025357
0.337758 0.180313 -0.025225 -0.014839
-0.069309 -0.025225 0.959902 0.341153
-0.025357 -0.014839 0.341153 0.180521
11.175324 1.955395 8.654934 1.774123
0.863854 0.280102 -0.058545 -0.019587
0.280102 0.136978 -0.019484 -0.010477
-0.058545 -0.019484 0.878504 0.282258
-0.019587 -0.010477 0.282258 0.137194
11.087535 1.639313 9.336807 1.714661
0.798763 0.237088 -0.049151 -0.015193
0.237088 0.108509 -0.015112 -0.007545
-0.049151 -0.015112 0.811991 0.239151
-0.015193 -0.007545 0.239151 0.108924
11.825573 1.617095 9.816689 1.611580
0.744950 0.204970 -0.042622 -0.012262
0.204970 0.089399 -0.012198 -0.005646
-0.042622 -0.012198 0.755570 0.206515
-0.012262 -0.005646 0.206515 0.089775
12.121082 1.484688 10.769829 1.649717
0.699035 0.180325 -0.037144 -0.009997
0.180325 0.076188 -0.009947 -0.004297
-0.037144 -0.009947 0.708389 0.181710
-0.009997 -0.004297 0.181710 0.076576
13.385224 1.612104 11.880620 1.719007
0.660532 0.161431 -0.032482 -0.008212
0.161431 0.066954 -0.008172 -0.003315
-0.032482 -0.008172 0.667990 0.162467
-0.008212 -0.003315 0.162467 0.067279
14.686995 1.727938 13.035462 1.787641
0.627597 0.146711 -0.027759 -0.006618
0.146711 0.060395 -0.006584 -0.002547
-0.027759 -0.006584 0.633865 0.147573
-0.006618 -0.002547 0.147573 0.060689
15.612363 1.741818 14.590161 1.936200
0.599565 0.135242 -0.023238 -0.005242
0.135242 0.055715 -0.005214 -0.001952
-0.023238 -0.005214 0.605014 0.136004
-0.005242 -0.001952 0.136004 0.055986
16.392502 1.721907 15.570915 1.938954
0.576109 0.126388 -0.019108 -0.004091
0.126388 0.052387 -0.004067 -0.001493
-0.019108 -0.004067 0.580393 0.126958
-0.004091 -0.001493 0.126958 0.052610
16.914665 1.649412 17.402952 2.123733
0.556392 0.119539 -0.015614 -0.003182
0.119539 0.050019 -0.003162 -0.001149
-0.015614 -0.003162 0.559711 0.119963
-0.003182 -0.001149 0.119963 0.050205
16.799312 1.450599 18.845924 2.203870
0.540147 0.114326 -0.012521 -0.002431
0.114326 0.048358 -0.002415 -0.000883
-0.012521 -0.002415 0.542205 0.114538
-0.002431 -0.000883 0.114538 0.048493
16.914822 1.322676 19.647738 2.140798
0.526849 0.110394 -0.009952 -0.001845
0.110394 0.047206 -0.001832 -0.000682
-0.009952 -0.001832 0.527552 0.110381
-0.001845 -0.000682 0.110381 0.047288
17.510052 1.308924 20.749249 2.147240
0.515919 0.107438 -0.007872 -0.001397
0.107438 0.046415 -0.001387 -0.000531
-0.007872 -0.001387 0.515558 0.107268
-0.001397 -0.000531 0.107268 0.046461
18.104585 1.296676 22.233704 2.232474
0.506945 0.105236 -0.006084 -0.001033
0.105236 0.045881 -0.001026 -0.000413
-0.006084 -0.001026 0.505934 0.104994
-0.001033 -0.000413 0.104994 0.045909
18.536054 1.251414 22.681834 2.093789
0.499631 0.103620 -0.004509 -0.000729
0.103620 0.045529 -0.000723 -0.000318
-0.004509 -0.000723 0.498353 0.103379
-0.000729 -0.000318 0.103379 0.045553
19.660323 1.354745 23.360946 2.017589
0.493773 0.102468 -0.003280 -0.000508
0.102468 0.045307 -0.000504 -0.000248
-0.003280 -0.000504 0.492460 0.102264
-0.000508 -0.000248 0.102264 0.045332
19.783401 1.239530 24.362303 2.015888
0.489066 0.101654 -0.002351 -0.000354
0.101654 0.045169 -0.000350 -0.000197
-0.002351 -0.000350 0.488048 0.101541
-0.000354 -0.000197 0.101541 0.045206
20.438145 1.246719 24.900949 1.918029
0.485381 0.101107 -0.001583 -0.000232
0.101107 0.045090 -0.000229 -0.000156
-0.001583 -0.000229 0.484783 0.101095
-0.000232 -0.000156 0.101095 0.045139
21.052305 1.244791 25.802082 1.905929
0.482528 0.100754 -0.001044 -0.000156
0.100754 0.045048 -0.000154 -0.000127
-0.001044 -0.000154 0.482449 0.100848
-0.000156 -0.000127 0.100848 0.045108
20.987557 1.100980 26.938235 1.944264
0.480297 0.100528 -0.000686 -0.000113
0.100528 0.045025 -0.000111 -0.000107
-0.000686 -0.000111 0.480899 0.100750
-0.000113 -0.000107 0.100750 0.045101
21.693104 1.133515 28.451552 2.057867
0.478511 0.100379 -0.000366 -0.000071
0.100379 0.045009 -0.000070 -0.000087
-0.000366 -0.000070 0.480001 0.100759
-0.000071 -0.000087 0.100759 0.045106
21.883176 1.054326 29.840944 2.133665
0.476915 0.100246 -0.000245 -0.000066
0.100246 0.044988 -0.000065 -0.000076
-0.000245 -0.000065 0.479755 0.100867
-0.000066 -0.000076 0.100867 0.045125
23.038839 1.186678 30.789701 2.108773
0.475429 0.100112 -0.000191 -0.000069
0.100112 0.044960 -0.000068 -0.000067
-0.000191 -0.000068 0.480027 0.101043
-0.000069 -0.000067 0.101043 0.045149
23.829811 1.228343 32.072659 2.156907
0.474127 0.099995 -0.000525 -0.000146
0.099995 0.044930 -0.000146 -0.000075
-0.000525 -0.000146 0.480575 0.101233
-0.000146 -0.000075 0.101233 0.045171
24.491070 1.238319 32.638944 2.048978
0.472829 0.099858 -0.001120 -0.000267
0.099858 0.044893 -0.000267 -0.000091
-0.001120 -0.000267 0.481446 0.101452
-0.000267 -0.000091 0.101452 0.045194
24.756468 1.163516 33.733242 2.063697
0.471766 0.099754 -0.001861 -0.000405
0.099754 0.044860 -0.000405 -0.000110
-0.001861 -0.000405 0.482300 0.101632
-0.000405 -0.000110 0.101632 0.045207
25.893666 1.281089 34.873769 2.086615
0.470630 0.099617 -0.002616 -0.000532
0.099617 0.044819 -0.000533 -0.000126
-0.002616 -0.000533 0.483380 0.101834
-0.000532 -0.000126 0.101834 0.045224
26.689672 1.313954 35.365951 1.970585
0.469488 0.099467 -0.003802 -0.000741
0.099467 0.044775 -0.000743 -0.000160
-0.003802 -0.000743 0.484572 0.102035
-0.000741 -0.000160 0.102035 0.045242
27.074997 1.256327 36.253901 1.950034
0.468589 0.099360 -0.005128 -0.000963
0.099360 0.044740 -0.000966 -0.000196
-0.005128 -0.000966 0.485574 0.102178
-0.000963 -0.000196 0.102178 0.045249
27.802190 1.277344 37.235190 1.951392
0.467627 0.099230 -0.006434 -0.001167
0.099230 0.044700 -0.001171 -0.000228
-0.006434 -0.001171 0.486680 0.102333
-0.001167 -0.000228 0.102333 0.045261
28.301496 1.247953 38.568387 2.026425
0.466624 0.099083 -0.007934 -0.001402
0.099083 0.044657 -0.001408 -0.000267
-0.007934 -0.001408 0.487872 0.102499
-0.001402 -0.000267 0.102499 0.045279
29.063599 1.277155 39.386165 1.985504
0.465345 0.098875 -0.009553 -0.001652
0.098875 0.044603 -0.001658 -0.000310
-0.009553 -0.001658 0.489401 0.102729
-0.001652 -0.000310 0.102729 0.045312
29.353755 1.202873 40.180211 1.943492
0.464173 0.098692 -0.011342 -0.001927
0.098692 0.044556 -0.001935 -0.000359
-0.011342 -0.001935 0.490862 0.102933
-0.001927 -0.000359 0.102933 0.045341
30.194752 1.253513 40.871133 1.884945
0.462978 0.098506 -0.012991 -0.002163
0.098506 0.044509 -0.002171 -0.000399
-0.012991 -0.002171 0.492371 0.103142
-0.002163 -0.000399 0.103142 0.045373
31.349863 1.365959 41.763673 1.875260
0.461978 0.098361 -0.014858 -0.002440
0.098361 0.044473 -0.002450 -0.000450
-0.014858 -0.002450 0.493723 0.103314
-0.002440 -0.000450 0.103314 0.045399
31.982662 1.355019 42.557149 1.845034
0.461143 0.098249 -0.017178 -0.002804
0.098249 0.044443 -0.002818 -0.000520
-0.017178 -0.002818 0.494997 0.103468
-0.002804 -0.000520 0.103468 0.045424
32.698967 1.363690 43.679542 1.886863
0.460337 0.098138 -0.019513 -0.003158
0.098138 0.044414 -0.003175 -0.000588
-0.019513 -0.003175 0.496303 0.103632
-0.003158 -0.000588 0.103632 0.045452
33.123839 1.309305 44.822401 1.927890
0.459391 0.097992 -0.022015 -0.003537
0.097992 0.044376 -0.003557 -0.000660
-0.022015 -0.003557 0.497875 0.103852
-0.003537 -0.000660 0.103852 0.045494
33.844450 1.324294 46.130716 1.999864
0.458200 0.097793 -0.024454 -0.003893
0.097793 0.044328 -0.003913 -0.000728
-0.024454 -0.003913 0.499806 0.104144
-0.003893 -0.000728 0.104144 0.045552
34.360372 1.292204 46.847898 1.940536
0.456828 0.097558 -0.027108 -0.004288
0.097558 0.044273 -0.004308 -0.000804
-0.027108 -0.004308 0.502101 0.104502
-0.004288 -0.000804 0.104502 0.045622
34.635247 1.212325 47.677556 1.910044
0.455611 0.097365 -0.029633 -0.004647
0.097365 0.044229 -0.004666 -0.000874
-0.029633 -0.004666 0.504286 0.104822
-0.004647 -0.000874 0.104822 0.045683
35.592483 1.286964 48.488345 1.881368
0.454339 0.097163 -0.031890 -0.004947
0.097163 0.044184 -0.004964 -0.000932
-0.031890 -0.004964 0.506564 0.105153
-0.004947 -0.000932 0.105153 0.045745
