0.819204 1.289783 1.941939 -0.115255
2.053490 0.821414 -0.226717 -0.090689
0.821414 80.332639 -0.090689 -0.036276
-0.226717 -0.090689 3.101368 1.240574
-0.090689 -0.036276 1.240574 80.500307
4.460993 6.654352 2.566796 1.100357
3.038660 5.393600 -1.667749 -2.769724
5.393600 16.723143 -2.914838 -5.485224
-1.667749 -2.914838 3.258408 5.494147
-2.769724 -5.485224 5.494147 19.399166
5.171451 3.579105 1.159712 -1.449618
1.926240 2.150206 -0.188945 -0.017383
2.150206 4.083052 -0.061927 -0.199370
-0.188945 -0.061927 2.156520 2.487006
-0.017383 -0.199370 2.487006 5.208764
5.828183 2.678499 3.239782 0.928741
1.989715 1.636052 -0.158036 -0.088019
1.636052 1.983852 -0.112685 -0.218465
-0.158036 -0.112685 1.531059 1.309233
-0.088019 -0.218465 1.309233 1.969884
5.798696 1.803380 4.119689 1.208958
1.469100 0.936736 -0.067077 -0.039652
0.936736 0.909058 -0.052900 -0.109567
-0.067077 -0.052900 1.508115 1.038911
-0.039652 -0.109567 1.038911 1.109751
7.081760 1.989230 6.042803 1.950963
1.161625 0.615128 -0.138321 -0.084681
0.615128 0.503295 -0.090990 -0.095716
-0.138321 -0.090990 1.519373 0.858253
-0.084681 -0.095716 0.858253 0.698889
7.557376 1.759967 6.326486 1.627744
1.098625 0.502730 -0.307791 -0.153786
0.502730 0.342289 -0.153792 -0.100040
-0.307791 -0.153792 1.403142 0.665784
-0.153786 -0.100040 0.665784 0.447214
8.461534 1.772049 6.594435 1.405140
1.029904 0.412358 -0.360150 -0.150138
0.412358 0.242249 -0.149466 -0.077037
-0.360150 -0.149466 1.304281 0.532809
-0.150138 -0.077037 0.532809 0.306183
8.898083 1.612028 6.590365 1.150821
0.942819 0.335377 -0.351192 -0.125249
0.335377 0.176333 -0.124758 -0.054517
-0.351192 -0.124758 1.210095 0.434411
-0.125249 -0.054517 0.434411 0.220443
11.053230 2.050933 8.278748 1.514947
0.859228 0.275925 -0.324595 -0.101133
0.275925 0.133510 -0.100746 -0.038596
-0.324595 -0.100746 1.124140 0.360960
-0.101133 -0.038596 0.360960 0.166056
12.085588 2.050437 8.602841 1.387865
0.789926 0.232490 -0.281088 -0.077572
0.232490 0.105729 -0.077336 -0.026757
-0.281088 -0.077336 1.020725 0.297674
-0.077572 -0.026757 0.297674 0.128036
12.828100 1.975400 9.690559 1.492337
0.727007 0.198673 -0.240495 -0.059615
0.198673 0.086716 -0.059381 -0.018938
-0.240495 -0.059381 0.937081 0.251874
-0.059615 -0.018938 0.251874 0.103204
13.759179 1.958920 10.222813 1.437766
0.679225 0.174445 -0.206783 -0.046576
0.174445 0.074049 -0.046422 -0.013846
-0.206783 -0.046422 0.860264 0.215802
-0.046576 -0.013846 0.215802 0.085906
14.909364 2.007011 11.607290 1.598316
0.637228 0.155438 -0.176833 -0.036522
0.155438 0.065086 -0.036370 -0.010305
-0.176833 -0.036370 0.797279 0.188888
-0.036522 -0.010305 0.188888 0.074068
14.951182 1.785926 13.061500 1.738717
0.603056 0.141119 -0.147947 -0.028113
0.141119 0.058844 -0.027982 -0.007666
-0.147947 -0.027982 0.739442 0.167229
-0.028113 -0.007666 0.167229 0.065526
15.326298 1.663540 13.506200 1.640531
0.579532 0.131220 -0.125148 -0.022045
0.131220 0.054668 -0.022030 -0.005898
-0.125148 -0.022030 0.686199 0.149603
-0.022045 -0.005898 0.149603 0.059273
16.375128 1.715890 14.755018 1.734149
0.559399 0.123402 -0.107169 -0.017673
0.123402 0.051640 -0.017714 -0.004686
-0.107169 -0.017714 0.644318 0.136698
-0.017673 -0.004686 0.136698 0.054982
16.057843 1.462713 15.926893 1.787220
0.541932 0.117227 -0.088994 -0.013671
0.117227 0.049457 -0.013723 -0.003664
-0.088994 -0.013723 0.608773 0.126726
-0.013671 -0.003664 0.126726 0.051930
16.405318 1.385880 17.439057 1.911740
0.530390 0.113100 -0.074747 -0.010783
0.113100 0.048041 -0.010893 -0.002965
-0.074747 -0.010893 0.577230 0.118698
-0.010783 -0.002965 0.118698 0.049684
16.699086 1.302934 18.598348 1.950181
0.521753 0.110132 -0.061091 -0.008201
0.110132 0.047086 -0.008351 -0.002374
-0.061091 -0.008351 0.550203 0.112448
-0.008201 -0.002374 0.112448 0.048078
17.646056 1.361329 19.083711 1.852140
0.514944 0.107928 -0.048893 -0.006063
0.107928 0.046434 -0.006232 -0.001904
-0.048893 -0.006232 0.528401 0.107854
-0.006063 -0.001904 0.107854 0.046983
18.235276 1.343514 20.201470 1.890822
0.507984 0.105970 -0.038580 -0.004415
0.105970 0.045925 -0.004567 -0.001549
-0.038580 -0.004567 0.512896 0.104919
-0.004415 -0.001549 0.104919 0.046325
18.463344 1.254735 21.772881 2.016970
0.502104 0.104474 -0.029330 -0.003025
0.104474 0.045580 -0.003156 -0.001254
-0.029330 -0.003156 0.501094 0.102931
-0.003025 -0.001254 0.102931 0.045906
18.965562 1.233384 23.735279 2.213495
0.497333 0.103384 -0.020757 -0.001786
0.103384 0.045360 -0.001899 -0.000991
-0.020757 -0.001899 0.492130 0.101609
-0.001786 -0.000991 0.101609 0.045640
19.605029 1.238651 24.977892 2.241805
0.492193 0.102333 -0.012682 -0.000654
0.102333 0.045170 -0.000743 -0.000748
-0.012682 -0.000743 0.486800 0.101053
-0.000654 -0.000748 0.101053 0.045532
20.020049 1.196305 26.164470 2.254899
0.486631 0.101290 -0.006357 0.000121
0.101290 0.044995 0.000057 -0.000577
-0.006357 0.000057 0.484687 0.101104
0.000121 -0.000577 0.101104 0.045535
20.136926 1.095872 27.260066 2.247286
0.480737 0.100259 -0.001552 0.000617
0.100259 0.044828 0.000574 -0.000457
-0.001552 0.000574 0.485107 0.101577
0.000617 -0.000457 0.101577 0.045606
21.018819 1.165634 28.307126 2.231556
0.474701 0.099268 0.002309 0.000976
0.099268 0.044673 0.000946 -0.000356
0.002309 0.000946 0.487428 0.102318
0.000976 -0.000356 0.102318 0.045714
21.202149 1.081807 29.359336 2.218109
0.468188 0.098230 0.003770 0.000896
0.098230 0.044507 0.000873 -0.000340
0.003770 0.000873 0.491645 0.103320
0.000896 -0.000340 0.103320 0.045858
22.118396 1.160950 30.271506 2.176591
0.461558 0.097216 0.004559 0.000771
0.097216 0.044343 0.000748 -0.000321
0.004559 0.000748 0.497184 0.104459
0.000771 -0.000321 0.104459 0.046017
22.546787 1.129101 30.976855 2.096381
0.455055 0.096264 0.002992 0.000238
0.096264 0.044187 0.000206 -0.000380
0.002992 0.000206 0.503544 0.105638
0.000238 -0.000380 0.105638 0.046176
23.578699 1.228526 31.934704 2.076974
0.449207 0.095471 0.000654 -0.000346
0.095471 0.044058 -0.000392 -0.000439
0.000654 -0.000392 0.510004 0.106722
-0.000346 -0.000439 0.106722 0.046310
24.811909 1.360562 33.101801 2.103128
0.443687 0.094748 -0.003854 -0.001284
0.094748 0.043933 -0.001357 -0.000569
-0.003854 -0.001357 0.516896 0.107809
-0.001284 -0.000569 0.107809 0.046447
25.197064 1.297375 33.988548 2.069137
0.438481 0.094079 -0.010591 -0.002570
0.094079 0.043809 -0.002684 -0.000765
-0.010591 -0.002684 0.524418 0.108954
-0.002570 -0.000765 0.108954 0.046602
25.395996 1.200302 35.533108 2.174770
0.433787 0.093496 -0.016641 -0.003585
0.093496 0.043694 -0.003732 -0.000895
-0.016641 -0.003732 0.532131 0.110070
-0.003585 -0.000895 0.110070 0.046755
25.803808 1.158526 36.276283 2.103837
0.428760 0.092810 -0.020984 -0.004166
0.092810 0.043545 -0.004325 -0.000933
-0.020984 -0.004325 0.540917 0.111353
-0.004166 -0.000933 0.111353 0.046949
26.902800 1.270780 36.659621 1.967449
0.424725 0.092319 -0.024570 -0.004569
0.092319 0.043433 -0.004727 -0.000946
-0.024570 -0.004727 0.548675 0.112368
-0.004569 -0.000946 0.112368 0.047092
27.250188 1.207629 37.491806 1.936038
0.422009 0.092077 -0.029342 -0.005212
0.092077 0.043365 -0.005392 -0.001027
-0.029342 -0.005392 0.555116 0.113090
-0.005212 -0.001027 0.113090 0.047185
27.765805 1.188448 38.515616 1.947128
0.419787 0.091889 -0.032451 -0.005501
0.091889 0.043301 -0.005675 -0.001040
-0.032451 -0.005675 0.560585 0.113630
-0.005501 -0.001040 0.113630 0.047256
28.612383 1.242625 39.093846 1.868114
0.418157 0.091782 -0.033780 -0.005452
0.091782 0.043247 -0.005597 -0.000995
-0.033780 -0.005597 0.564562 0.113908
-0.005452 -0.000995 0.113908 0.047290
29.843031 1.377330 40.153790 1.895787
0.417211 0.091774 -0.034722 -0.005378
0.091774 0.043208 -0.005498 -0.000963
-0.034722 -0.005498 0.567190 0.113972
-0.005378 -0.000963 0.113972 0.047296
30.958765 1.472062 41.216556 1.920663
0.417367 0.091962 -0.033765 -0.004972
0.091962 0.043210 -0.005050 -0.000874
-0.033765 -0.005050 0.566999 0.113552
-0.004972 -0.000874 0.113552 0.047223
31.744745 1.479567 41.394881 1.764448
0.419570 0.092551 -0.030052 -0.004084
0.092551 0.043298 -0.004102 -0.000699
-0.030052 -0.004102 0.561994 0.112291
-0.004084 -0.000699 0.112291 0.047004
32.396983 1.459570 42.132611 1.735162
0.421957 0.093085 -0.026603 -0.003361
0.093085 0.043363 -0.003339 -0.000581
-0.026603 -0.003339 0.556773 0.111160
-0.003361 -0.000581 0.111160 0.046835
33.191959 1.475889 43.436103 1.822606
0.426793 0.094094 -0.021599 -0.002400
0.094094 0.043530 -0.002342 -0.000422
-0.021599 -0.002342 0.547146 0.109292
-0.002400 -0.000422 0.109292 0.046536
34.164234 1.530910 45.177083 1.989779
0.438157 0.096435 -0.015673 -0.001318
0.096435 0.043982 -0.001280 -0.000253
-0.015673 -0.001280 0.528057 0.105714
-0.001318 -0.000253 0.105714 0.045913
34.935735 1.530442 45.674843 1.889721
0.459617 0.100743 -0.013908 -0.001129
0.100743 0.044831 -0.001250 -0.000290
-0.013908 -0.001250 0.499050 0.100416
-0.001129 -0.000290 0.100416 0.044974
35.849559 1.561988 46.367025 1.838839
0.483028 0.105051 -0.015622 -0.001647
0.105051 0.045617 -0.001922 -0.000459
-0.015622 -0.001922 0.473460 0.096173
-0.001647 -0.000459 0.096173 0.044287
36.715432 1.580249 47.281651 1.838097
0.509613 0.109657 -0.022444 -0.003150
0.109657 0.046425 -0.003575 -0.000808
-0.022444 -0.003575 0.450597 0.092686
-0.003150 -0.000808 0.092686 0.043750
36.792762 1.429180 48.360983 1.869464
0.539000 0.114477 -0.034896 -0.005686
0.114477 0.047243 -0.006212 -0.001333
-0.034896 -0.006212 0.431713 0.090100
-0.005686 -0.001333 0.090100 0.043371
