-1.653468 0.300693 3.564764 0.533889
2.053490 0.821414 -0.226717 -0.090689
0.821414 80.332639 -0.090689 -0.036276
-0.226717 -0.090689 3.101368 1.240574
-0.090689 -0.036276 1.240574 80.500307
4.116041 10.264201 0.207768 -5.503651
2.156874 3.829043 -1.152440 -1.912814
3.829043 13.947413 -1.986700 -3.941362
-1.152440 -1.986700 3.670556 6.203160
-1.912814 -3.941362 6.203160 20.618303
5.339984 5.984549 2.485532 -0.161811
2.388078 2.762987 -0.287922 -0.148444
2.762987 4.794961 -0.239633 -0.367382
-0.287922 -0.239633 1.795340 1.987290
-0.148444 -0.367382 1.987290 4.646127
8.478759 6.112312 3.377191 0.693195
1.765938 1.436342 -0.055496 -0.001289
1.436342 1.772321 -0.030379 -0.123249
-0.055496 -0.030379 1.677719 1.466674
-0.001289 -0.123249 1.466674 2.170407
11.438451 6.047111 4.235604 1.047394
1.339734 0.854323 -0.092430 -0.061131
0.854323 0.840882 -0.071177 -0.111977
-0.092430 -0.071177 1.682401 1.164780
-0.061131 -0.111977 1.164780 1.214050
10.219047 3.788383 5.897894 1.709226
1.119824 0.594487 -0.116931 -0.071437
0.594487 0.484257 -0.076178 -0.079847
-0.116931 -0.076178 1.582941 0.890801
-0.071437 -0.079847 0.890801 0.722660
10.272597 2.959902 5.433460 1.099195
0.997203 0.455718 -0.192212 -0.097163
0.455718 0.315043 -0.098651 -0.069121
-0.192212 -0.098651 1.463548 0.691459
-0.097163 -0.069121 0.691459 0.462567
11.094785 2.700096 5.222451 0.793136
0.895262 0.359166 -0.201107 -0.085698
0.359166 0.217659 -0.086529 -0.049016
-0.201107 -0.086529 1.347600 0.548360
-0.085698 -0.049016 0.548360 0.314761
12.244951 2.627712 6.048220 0.947093
0.809913 0.290270 -0.181748 -0.066919
0.290270 0.158508 -0.067454 -0.033005
-0.181748 -0.067454 1.232969 0.441339
-0.066919 -0.033005 0.441339 0.224662
13.530899 2.618354 7.980590 1.414622
0.744666 0.242147 -0.168474 -0.054645
0.242147 0.121682 -0.054996 -0.023611
-0.168474 -0.054996 1.130463 0.362424
-0.054645 -0.023611 0.362424 0.167948
14.619119 2.552881 9.242238 1.576199
0.698219 0.208739 -0.159068 -0.046121
0.208739 0.098130 -0.046404 -0.017699
-0.159068 -0.046404 1.029880 0.300282
-0.046121 -0.017699 0.300282 0.129979
15.057658 2.319393 9.974796 1.559917
0.659010 0.183203 -0.143956 -0.037696
0.183203 0.082045 -0.037912 -0.013152
-0.143956 -0.037912 0.939267 0.252564
-0.037696 -0.013152 0.252564 0.104336
15.364826 2.097812 11.281130 1.690078
0.625595 0.163436 -0.129957 -0.031040
0.163436 0.070839 -0.031219 -0.009978
-0.129957 -0.031219 0.863193 0.216793
-0.031040 -0.009978 0.216793 0.086936
15.735561 1.929734 12.275770 1.723242
0.599709 0.148695 -0.116851 -0.025655
0.148695 0.063093 -0.025836 -0.007695
-0.116851 -0.025836 0.794300 0.188472
-0.025655 -0.007695 0.188472 0.074604
15.588174 1.665661 13.335506 1.763405
0.577993 0.137223 -0.104066 -0.021124
0.137223 0.057585 -0.021308 -0.005985
-0.104066 -0.021308 0.735414 0.166659
-0.021124 -0.005985 0.166659 0.065923
15.969511 1.563256 14.492602 1.821515
0.561648 0.128707 -0.093489 -0.017666
0.128707 0.053749 -0.017887 -0.004773
-0.093489 -0.017887 0.683839 0.149479
-0.017666 -0.004773 0.149479 0.059687
16.858998 1.584251 14.859388 1.705973
0.547890 0.122049 -0.082170 -0.014464
0.122049 0.051003 -0.014699 -0.003778
-0.082170 -0.014699 0.639867 0.136162
-0.014464 -0.003778 0.136162 0.055236
17.055588 1.459431 16.608922 1.890276
0.533574 0.116260 -0.070930 -0.011646
0.116260 0.048915 -0.011845 -0.002981
-0.070930 -0.011845 0.606555 0.126692
-0.011646 -0.002981 0.126692 0.052229
17.434238 1.384056 17.575178 1.892457
0.523622 0.112252 -0.059409 -0.009032
0.112252 0.047549 -0.009225 -0.002315
-0.059409 -0.009225 0.575917 0.118849
-0.009032 -0.002315 0.118849 0.049967
17.402332 1.232195 18.838735 1.953214
0.515339 0.109179 -0.048933 -0.006864
0.109179 0.046601 -0.007046 -0.001803
-0.048933 -0.007046 0.551093 0.113011
-0.006864 -0.001803 0.113011 0.048393
17.795633 1.184596 19.697741 1.927764
0.509394 0.107043 -0.039417 -0.005052
0.107043 0.045997 -0.005232 -0.001405
-0.039417 -0.005232 0.530205 0.108525
-0.005052 -0.001405 0.108525 0.047269
18.687070 1.247656 20.744660 1.946464
0.504176 0.105372 -0.030957 -0.003575
0.105372 0.045583 -0.003743 -0.001098
-0.030957 -0.003743 0.514104 0.105386
-0.003575 -0.001098 0.105386 0.046527
19.260984 1.234552 21.147562 1.828752
0.499010 0.103954 -0.023115 -0.002301
0.103954 0.045282 -0.002446 -0.000843
-0.023115 -0.002446 0.502451 0.103371
-0.002301 -0.000843 0.103371 0.046072
19.942800 1.249995 22.562256 1.932501
0.494326 0.102825 -0.016904 -0.001412
0.102825 0.045080 -0.001533 -0.000673
-0.016904 -0.001533 0.494187 0.102137
-0.001412 -0.000673 0.102137 0.045800
20.229978 1.179675 23.518190 1.929190
0.489916 0.101895 -0.011378 -0.000670
0.101895 0.044940 -0.000770 -0.000530
-0.011378 -0.000770 0.488669 0.101481
-0.000670 -0.000530 0.101481 0.045650
20.055008 1.021116 24.753687 1.983659
0.485889 0.101149 -0.006925 -0.000143
0.101149 0.044848 -0.000223 -0.000426
-0.006925 -0.000223 0.485264 0.101221
-0.000143 -0.000426 0.101221 0.045575
20.828731 1.076306 25.921555 2.021026
0.481954 0.100493 -0.002830 0.000337
0.100493 0.044776 0.000274 -0.000324
-0.002830 0.000274 0.483734 0.101280
0.000337 -0.000324 0.101280 0.045556
21.541848 1.113319 27.343624 2.107650
0.477339 0.099744 -0.000238 0.000530
0.099744 0.044681 0.000483 -0.000276
-0.000238 0.000483 0.484496 0.101726
0.000530 -0.000276 0.101726 0.045605
22.316612 1.158963 28.294888 2.086209
0.471700 0.098828 0.000795 0.000448
0.098828 0.044546 0.000414 -0.000276
0.000795 0.000414 0.487598 0.102551
0.000448 -0.000276 0.102551 0.045720
23.138662 1.209976 29.816352 2.186885
0.465999 0.097951 0.000020 0.000057
0.097951 0.044417 0.000031 -0.000330
0.000020 0.000031 0.491836 0.103483
0.000057 -0.000330 0.103483 0.045843
23.488730 1.156212 30.826112 2.169338
0.459323 0.096906 -0.002668 -0.000644
0.096906 0.044248 -0.000670 -0.000439
-0.002668 -0.000670 0.498164 0.104733
-0.000644 -0.000439 0.104733 0.046024
24.479976 1.243694 32.099239 2.208774
0.452802 0.095936 -0.005795 -0.001330
0.095936 0.044090 -0.001360 -0.000531
-0.005795 -0.001360 0.505307 0.106019
-0.001330 -0.000531 0.106019 0.046204
25.070849 1.237173 32.628088 2.088397
0.446370 0.095008 -0.010904 -0.002340
0.095008 0.043935 -0.002385 -0.000687
-0.010904 -0.002385 0.513458 0.107398
-0.002340 -0.000687 0.107398 0.046399
25.147559 1.121330 33.904481 2.136657
0.441331 0.094388 -0.016404 -0.003325
0.094388 0.043836 -0.003389 -0.000829
-0.016404 -0.003389 0.520803 0.108498
-0.003325 -0.000829 0.108498 0.046534
25.815463 1.144067 34.567400 2.052645
0.435883 0.093656 -0.020629 -0.003958
0.093656 0.043700 -0.004031 -0.000894
-0.020629 -0.004031 0.529388 0.109791
-0.003958 -0.000894 0.109791 0.046717
26.507923 1.170001 35.543140 2.042365
0.431542 0.093147 -0.025285 -0.004642
0.093147 0.043602 -0.004728 -0.000977
-0.025285 -0.004728 0.537230 0.110859
-0.004642 -0.000977 0.110859 0.046857
27.182666 1.187864 35.773015 1.880024
0.427730 0.092713 -0.029915 -0.005286
0.092713 0.043508 -0.005385 -0.001059
-0.029915 -0.005385 0.544949 0.111863
-0.005286 -0.001059 0.111863 0.046995
28.098940 1.260446 37.585639 2.059218
0.425280 0.092532 -0.034913 -0.005981
0.092532 0.043457 -0.006104 -0.001161
-0.034913 -0.006104 0.551179 0.112540
-0.005981 -0.001161 0.112540 0.047075
29.078708 1.337393 38.772181 2.092344
0.422385 0.092197 -0.038037 -0.006278
0.092197 0.043362 -0.006390 -0.001181
-0.038037 -0.006390 0.557904 0.113339
-0.006278 -0.001181 0.113339 0.047197
29.656174 1.318492 40.086596 2.146274
0.420221 0.091989 -0.039313 -0.006221
0.091989 0.043291 -0.006303 -0.001140
-0.039313 -0.006303 0.562867 0.113795
-0.006221 -0.001140 0.113795 0.047262
30.206051 1.292924 40.833666 2.080022
0.419526 0.092074 -0.037019 -0.005496
0.092074 0.043282 -0.005512 -0.000972
-0.037019 -0.005512 0.563743 0.113485
-0.005496 -0.000972 0.113485 0.047189
30.820487 1.283875 41.471973 1.999140
0.420240 0.092411 -0.033259 -0.004584
0.092411 0.043320 -0.004540 -0.000792
-0.033259 -0.004540 0.561467 0.112660
-0.004584 -0.000792 0.112660 0.047038
31.200982 1.224807 42.188073 1.940978
0.422399 0.092989 -0.028613 -0.003606
0.092989 0.043404 -0.003514 -0.000620
-0.028613 -0.003514 0.556344 0.111417
-0.003606 -0.000620 0.111417 0.046828
31.615116 1.180252 42.984189 1.905072
0.426411 0.093887 -0.023242 -0.002583
0.093887 0.043548 -0.002461 -0.000454
-0.023242 -0.002461 0.548048 0.109707
-0.002583 -0.000454 0.109707 0.046550
32.599518 1.268013 44.151416 1.949899
0.432878 0.095215 -0.017638 -0.001599
0.095215 0.043778 -0.001474 -0.000308
-0.017638 -0.001474 0.536277 0.107486
-0.001599 -0.000308 0.107486 0.046191
33.305847 1.284784 45.351921 1.995556
0.445124 0.097671 -0.012589 -0.000783
0.097671 0.044241 -0.000714 -0.000205
-0.012589 -0.000714 0.517370 0.104025
-0.000783 -0.000205 0.104025 0.045601
33.955611 1.285495 46.079621 1.940935
0.462950 0.101101 -0.010394 -0.000580
0.101101 0.044885 -0.000624 -0.000232
-0.010394 -0.000624 0.494289 0.099977
-0.000580 -0.000232 0.099977 0.044917
34.795981 1.326890 46.518155 1.832860
0.483263 0.104753 -0.011199 -0.000976
0.104753 0.045539 -0.001137 -0.000367
-0.011199 -0.001137 0.472351 0.096414
-0.000976 -0.000367 0.096414 0.044348
35.762308 1.391374 47.192457 1.783546
0.505233 0.108456 -0.015126 -0.001953
0.108456 0.046174 -0.002209 -0.000598
-0.015126 -0.002209 0.452791 0.093499
-0.001953 -0.000598 0.093499 0.043905
36.902725 1.485090 47.751068 1.714787
0.530282 0.112532 -0.023799 -0.003811
0.112532 0.046869 -0.004135 -0.000983
-0.023799 -0.004135 0.435101 0.091027
-0.003811 -0.000983 0.091027 0.043527
