33.283407 0.734445 48.161314 1.890080
0.541779 0.114654 -0.032585 -0.005278
0.114654 0.047313 -0.005715 -0.001286
-0.032585 -0.005715 0.429305 0.089999
-0.005278 -0.001286 0.089999 0.043266
29.028287 -0.232694 48.604495 1.767560
0.554177 0.115663 -0.031582 -0.004855
0.115663 0.047324 -0.005275 -0.001136
-0.031582 -0.005275 0.421567 0.089693
-0.004855 -0.001136 0.089693 0.043330
25.291309 -0.986540 47.432468 1.310452
0.552066 0.113793 -0.025614 -0.003467
0.113793 0.046806 -0.003850 -0.000806
-0.025614 -0.003850 0.421990 0.090960
-0.003467 -0.000806 0.090960 0.043666
21.326087 -1.704669 45.530730 0.740668
0.537667 0.109808 -0.019249 -0.002171
0.109808 0.045960 -0.002481 -0.000528
-0.019249 -0.002481 0.430287 0.093615
-0.002171 -0.000528 0.093615 0.044225
18.560418 -2.101903 43.304421 0.166235
0.516271 0.104956 -0.014043 -0.001261
0.104956 0.045049 -0.001469 -0.000351
-0.014043 -0.001469 0.444764 0.097193
-0.001261 -0.000351 0.097193 0.044903
16.938826 -2.227848 39.775366 -0.624659
0.491964 0.100073 -0.008432 -0.000327
0.100073 0.044222 -0.000451 -0.000179
-0.008432 -0.000451 0.464098 0.101364
-0.000327 -0.000179 0.101364 0.045640
15.582262 -2.286554 35.349686 -1.519175
0.467172 0.095573 0.003842 0.002004
0.095573 0.043528 0.001862 0.000274
0.003842 0.001862 0.488003 0.106062
0.002004 0.000274 0.106062 0.046436
13.982736 -2.387689 29.317772 -2.655265
0.458137 0.094668 0.023682 0.005804
0.094668 0.043592 0.005545 0.001001
0.023682 0.005545 0.500184 0.107750
0.005804 0.001001 0.107750 0.046536
11.901091 -2.572092 23.952082 -3.516735
0.469161 0.097897 0.032016 0.006821
0.097897 0.044456 0.006576 0.001114
0.032016 0.006576 0.489254 0.104378
0.006821 0.001114 0.104378 0.045586
10.178101 -2.659899 19.943464 -3.993582
0.484740 0.101701 0.024775 0.004506
0.101701 0.045331 0.004382 0.000561
0.024775 0.004382 0.471580 0.100035
0.004506 0.000561 0.100035 0.044567
8.555446 -2.716215 15.938709 -4.418589
0.499742 0.104983 0.009155 0.000740
0.104983 0.046006 0.000745 -0.000220
0.009155 0.000745 0.456147 0.096686
0.000740 -0.000220 0.096686 0.043877
7.825334 -2.582674 12.978730 -4.579600
0.514685 0.107918 -0.011504 -0.003665
0.107918 0.046548 -0.003537 -0.001056
-0.011504 -0.003537 0.444518 0.094488
-0.003665 -0.001056 0.094488 0.043492
7.383728 -2.406233 11.234513 -4.464365
0.529494 0.110530 -0.034571 -0.008140
0.110530 0.046982 -0.007895 -0.001842
-0.034571 -0.007895 0.437652 0.093468
-0.008140 -0.001842 0.093468 0.043372
7.788110 -2.072624 9.835240 -4.285150
0.544129 0.112854 -0.057253 -0.012140
0.112854 0.047332 -0.011785 -0.002485
-0.057253 -0.011785 0.434985 0.093349
-0.012140 -0.002485 0.093349 0.043422
8.254868 -1.759446 9.016513 -3.995562
0.549378 0.113025 -0.085482 -0.017063
0.113025 0.047222 -0.016493 -0.003296
-0.085482 -0.016493 0.444904 0.095827
-0.017063 -0.003296 0.095827 0.043991
8.891560 -1.440206 8.490533 -3.668544
0.541034 0.110433 -0.109914 -0.020908
0.110433 0.046578 -0.020007 -0.003848
-0.109914 -0.020007 0.466971 0.100582
-0.020908 -0.003848 0.100582 0.044973
9.678985 -1.119535 7.978729 -3.369421
0.523380 0.106287 -0.124052 -0.022440
0.106287 0.045700 -0.021177 -0.003927
-0.124052 -0.021177 0.493687 0.105860
-0.022440 -0.003927 0.105860 0.045979
11.213029 -0.672020 7.706189 -3.041505
0.501618 0.101812 -0.127069 -0.021721
0.101812 0.044851 -0.020143 -0.003604
-0.127069 -0.020143 0.518885 0.110375
-0.021721 -0.003604 0.110375 0.046759
12.138974 -0.388362 7.759357 -2.688278
0.480591 0.097988 -0.120990 -0.019372
0.097988 0.044209 -0.017593 -0.003044
-0.120990 -0.017593 0.538296 0.113363
-0.019372 -0.003044 0.113363 0.047192
13.098535 -0.117452 8.322702 -2.268112
0.464501 0.095478 -0.113375 -0.017078
0.095478 0.043855 -0.015205 -0.002601
-0.113375 -0.015205 0.552880 0.115152
-0.017078 -0.002601 0.115152 0.047376
13.407927 -0.001206 9.564548 -1.766165
0.453650 0.094160 -0.106473 -0.015244
0.094160 0.043728 -0.013402 -0.002331
-0.106473 -0.013402 0.562588 0.115870
-0.015244 -0.002331 0.115870 0.047366
14.531274 0.269685 10.582578 -1.356031
0.449601 0.094211 -0.102812 -0.014272
0.094211 0.043840 -0.012654 -0.002293
-0.102812 -0.012654 0.565839 0.115294
-0.014272 -0.002293 0.115294 0.047129
15.182542 0.425050 12.627921 -0.790768
0.447482 0.094566 -0.096793 -0.012962
0.094566 0.043974 -0.011602 -0.002192
-0.096793 -0.011602 0.563862 0.113918
-0.012962 -0.002192 0.113918 0.046807
16.561965 0.706940 14.107221 -0.392469
0.449707 0.095719 -0.089133 -0.011435
0.095719 0.044240 -0.010438 -0.002061
-0.089133 -0.010438 0.553807 0.111220
-0.011435 -0.002061 0.111220 0.046287
17.157829 0.792727 16.095240 0.053098
0.451772 0.096664 -0.077926 -0.009369
0.096664 0.044426 -0.008624 -0.001803
-0.077926 -0.008624 0.541667 0.108538
-0.009369 -0.001803 0.108538 0.045851
18.121693 0.937046 17.621064 0.363733
0.455949 0.097893 -0.065539 -0.007229
0.097893 0.044647 -0.006714 -0.001528
-0.065539 -0.006714 0.526920 0.105673
-0.007229 -0.001528 0.105673 0.045424
18.797875 1.002751 19.413461 0.692410
0.460164 0.098941 -0.052685 -0.005161
0.098941 0.044805 -0.004790 -0.001253
-0.052685 -0.004790 0.513470 0.103366
-0.005161 -0.001253 0.103366 0.045137
19.416342 1.044037 21.175451 0.981497
0.464712 0.099899 -0.040336 -0.003316
0.099899 0.044931 -0.003043 -0.001009
-0.040336 -0.003043 0.501563 0.101553
-0.003316 -0.001009 0.101553 0.044952
19.968940 1.062406 22.900061 1.233989
0.468808 0.100626 -0.029190 -0.001797
0.100626 0.045002 -0.001581 -0.000812
-0.029190 -0.001581 0.492193 0.100352
-0.001797 -0.000812 0.100352 0.044874
20.706052 1.115665 24.692281 1.477186
0.471676 0.100999 -0.019707 -0.000652
0.100999 0.045000 -0.000463 -0.000667
-0.019707 -0.000463 0.485879 0.099790
-0.000652 -0.000667 0.099790 0.044898
21.923587 1.263097 26.511416 1.704445
0.472476 0.100892 -0.012306 0.000075
0.100892 0.044908 0.000257 -0.000581
-0.012306 0.000257 0.483030 0.099886
0.000075 -0.000581 0.099886 0.045020
23.239984 1.413618 28.422024 1.927365
0.470739 0.100266 -0.008120 0.000194
0.100266 0.044726 0.000372 -0.000594
-0.008120 0.000372 0.483759 0.100606
0.000194 -0.000594 0.100606 0.045228
23.789429 1.381210 29.741479 2.001245
0.466570 0.099203 -0.007912 -0.000399
0.099203 0.044477 -0.000232 -0.000725
-0.007912 -0.000232 0.487756 0.101846
-0.000399 -0.000725 0.101846 0.045502
24.582704 1.404096 31.277936 2.113563
0.461160 0.098001 -0.009668 -0.001226
0.098001 0.044228 -0.001075 -0.000868
-0.009668 -0.001075 0.493704 0.103307
-0.001226 -0.000868 0.103307 0.045784
25.486547 1.447824 32.918825 2.236071
0.454641 0.096688 -0.013635 -0.002336
0.096688 0.043978 -0.002210 -0.001043
-0.013635 -0.002210 0.501746 0.105020
-0.002336 -0.001043 0.105020 0.046088
26.024198 1.408998 34.794395 2.394247
0.447448 0.095350 -0.019429 -0.003646
0.095350 0.043739 -0.003550 -0.001237
-0.019429 -0.003550 0.511762 0.106957
-0.003646 -0.001237 0.106957 0.046414
27.398369 1.552157 35.957513 2.387884
0.439585 0.093969 -0.024843 -0.004702
0.093969 0.043499 -0.004630 -0.001359
-0.024843 -0.004630 0.523784 0.109124
-0.004702 -0.001359 0.109124 0.046769
28.418611 1.604308 36.982197 2.353136
0.433204 0.092987 -0.031529 -0.005896
0.092987 0.043348 -0.005857 -0.001509
-0.031529 -0.005857 0.535338 0.111004
-0.005896 -0.001509 0.111004 0.047048
28.881669 1.532561 38.774016 2.479345
0.428105 0.092312 -0.037571 -0.006840
0.092312 0.043253 -0.006830 -0.001604
-0.037571 -0.006830 0.545943 0.112553
-0.006840 -0.001604 0.112553 0.047256
29.484156 1.497216 40.073405 2.491116
0.423947 0.091845 -0.038725 -0.006708
0.091845 0.043193 -0.006676 -0.001476
-0.038725 -0.006676 0.553890 0.113486
-0.006708 -0.001476 0.113486 0.047348
29.985996 1.442457 41.060742 2.437581
0.422001 0.091840 -0.036471 -0.005923
0.091840 0.043218 -0.005847 -0.001238
-0.036471 -0.005847 0.556990 0.113438
-0.005923 -0.001238 0.113438 0.047261
30.857210 1.475984 42.448896 2.472543
0.422466 0.092296 -0.032107 -0.004813
0.092296 0.043324 -0.004691 -0.000968
-0.032107 -0.004691 0.555203 0.112504
-0.004813 -0.000968 0.112504 0.047031
31.711808 1.502679 43.942415 2.525028
0.427515 0.093656 -0.025488 -0.003362
0.093656 0.043605 -0.003215 -0.000662
-0.025488 -0.003215 0.545192 0.110093
-0.003362 -0.000662 0.110093 0.046546
32.590830 1.528688 44.727457 2.429144
0.439018 0.096243 -0.018834 -0.002030
0.096243 0.044122 -0.001921 -0.000417
-0.018834 -0.001921 0.526259 0.106174
-0.002030 -0.000417 0.106174 0.045811
33.430083 1.541882 45.100113 2.259015
0.454105 0.099315 -0.014256 -0.001229
0.099315 0.044697 -0.001201 -0.000303
-0.014256 -0.001201 0.505164 0.102192
-0.001229 -0.000303 0.102192 0.045119
34.176390 1.536076 46.093834 2.231289
0.470675 0.102395 -0.011938 -0.000944
0.102395 0.045232 -0.001006 -0.000297
-0.011938 -0.001006 0.485350 0.098789
-0.000944 -0.000297 0.098789 0.044580
34.257954 1.384575 46.038512 1.988909
0.491657 0.106145 -0.013591 -0.001467
0.106145 0.045886 -0.001648 -0.000453
-0.013591 -0.001648 0.464466 0.095370
-0.001467 -0.000453 0.095370 0.044041
34.991508 1.393539 47.090338 2.000928
0.508340 0.108667 -0.014729 -0.001828
0.108667 0.046252 -0.002056 -0.000543
-0.014729 -0.002056 0.450087 0.093468
-0.001828 -0.000543 0.093468 0.043811
35.687351 1.393406 48.119513 2.006962
0.529600 0.112007 -0.020507 -0.003104
0.112007 0.046799 -0.003375 -0.000811
-0.020507 -0.003375 0.435013 0.091406
-0.003104 -0.000811 0.091406 0.043508
36.530369 1.423753 49.012770 1.983853
0.554006 0.115787 -0.030582 -0.005164
0.115787 0.047431 -0.005433 -0.001214
-0.030582 -0.005433 0.421385 0.089630
-0.005164 -0.001214 0.089630 0.043228
