-2.537864 -0.053073 6.572180 1.736882
41.463505 16.585761 -56.479068 -22.592117
16.585761 86.638515 -22.592117 -9.037042
-56.479068 -22.592117 80.538224 32.215988
-22.592117 -9.037042 32.215988 92.890741
-0.126162 3.495660 7.626660 3.480939
48.605515 18.130009 -78.260549 -44.120475
18.130009 28.332822 -26.414905 -35.182032
-78.260549 -26.414905 130.334353 75.202233
-44.120475 -35.182032 75.202233 78.647495
0.496944 1.747985 8.261490 2.802269
67.184167 31.048046 -107.419024 -54.032983
31.048046 25.191189 -48.083826 -37.489615
-107.419024 -48.083826 175.434308 88.400907
-54.032983 -37.489615 88.400907 64.926335
-0.412628 0.306100 10.267992 3.186580
91.981618 37.662553 -150.105916 -64.954429
37.662553 21.696389 -60.468467 -34.556827
-150.105916 -60.468467 248.178206 107.221832
-64.954429 -34.556827 107.221832 59.073988
6.694049 3.141242 1.792226 -0.682993
37.553346 11.113156 -70.940225 -25.423079
11.113156 7.337270 -20.104100 -12.791932
-70.940225 -20.104100 137.517833 48.984045
-25.423079 -12.791932 48.984045 25.958768
6.034686 2.566814 6.025968 0.760268
5.148325 2.851585 -4.792921 -2.587756
2.851585 4.202326 -2.271871 -5.102251
-4.792921 -2.271871 5.910215 2.595919
-2.587756 -5.102251 2.595919 7.123098
7.166468 2.452250 6.973408 1.091903
8.987975 4.920699 -8.454659 -5.112079
4.920699 4.183433 -4.715459 -5.039272
-8.454659 -4.715459 9.120423 5.483336
-5.112079 -5.039272 5.483336 6.737159
8.367729 2.469612 7.390315 0.997056
14.688345 6.841076 -14.116157 -7.319452
6.841076 4.052989 -6.778264 -4.749251
-14.116157 -6.778264 14.642603 7.789024
-7.319452 -4.749251 7.789024 6.050828
11.341802 3.286721 5.505214 -0.196151
20.700757 7.940148 -19.514194 -8.218524
7.940148 3.582242 -7.684423 -3.979901
-19.514194 -7.684423 19.384878 8.415774
-8.218524 -3.979901 8.415774 4.788363
8.124321 1.582993 10.632891 1.819377
11.600984 3.386419 -8.861976 -2.575632
3.386419 1.341500 -2.738052 -1.278064
-8.861976 -2.738052 7.572489 2.464508
-2.575632 -1.278064 2.464508 1.541247
7.449495 1.250296 12.381324 1.953582
8.660929 2.512555 -7.846532 -2.498204
2.512555 0.987374 -2.448559 -1.110468
-7.846532 -2.448559 8.018843 2.799951
-2.498204 -1.110468 2.799951 1.464982
13.742729 2.560272 9.257221 1.038438
6.138984 1.764487 -6.634585 -2.127328
1.764487 0.699595 -2.069560 -0.891691
-6.634585 -2.069560 8.201891 2.833572
-2.127328 -0.891691 2.833572 1.304876
13.991293 2.254595 11.219501 1.499582
4.708462 1.098817 -4.089416 -0.999333
1.098817 0.397755 -1.046240 -0.416432
-4.089416 -1.046240 4.325949 1.210670
-0.999333 -0.416432 1.210670 0.573141
14.614068 2.154852 12.302847 1.557666
5.477543 1.167712 -4.469329 -0.971809
1.167712 0.362134 -1.020951 -0.342279
-4.469329 -1.020951 4.328312 1.067197
-0.971809 -0.342279 1.067197 0.440173
15.600206 2.129010 13.245262 1.606045
6.474372 1.278809 -5.116050 -1.016830
1.278809 0.346928 -1.063938 -0.304338
-5.116050 -1.063938 4.668148 1.036322
-1.016830 -0.304338 1.036322 0.368577
16.831102 2.154377 13.992142 1.607670
7.430439 1.359623 -5.657882 -1.021491
1.359623 0.329875 -1.076942 -0.267933
-5.657882 -1.076942 4.886920 0.978774
-1.021491 -0.267933 0.978774 0.307891
18.542817 2.301581 13.673141 1.316623
7.827274 1.321193 -5.560073 -0.883580
1.321193 0.294644 -0.970147 -0.213686
-5.560073 -0.970147 4.479938 0.800792
-0.883580 -0.213686 0.800792 0.236479
19.305394 2.237314 14.655333 1.373390
5.700277 0.873957 -3.344477 -0.395514
0.873957 0.198835 -0.535874 -0.112894
-3.344477 -0.535874 2.430035 0.377242
-0.395514 -0.112894 0.377242 0.139988
21.683194 2.441585 14.186037 1.158854
5.060138 0.723969 -2.472021 -0.206472
0.723969 0.163637 -0.372646 -0.073338
-2.472021 -0.372646 1.632916 0.229153
-0.206472 -0.073338 0.229153 0.104985
21.663147 2.258943 15.607144 1.284720
3.040995 0.399907 -0.954325 0.020559
0.399907 0.109101 -0.142223 -0.034733
-0.954325 -0.142223 0.688082 0.108899
0.020559 -0.034733 0.108899 0.084683
22.341029 2.196976 16.437083 1.300433
2.784202 0.352369 -0.545441 0.084689
0.352369 0.098472 -0.086822 -0.022269
-0.545441 -0.086822 0.473189 0.092263
0.084689 -0.022269 0.092263 0.079010
23.013988 2.133091 17.332829 1.341584
2.561388 0.312661 -0.204282 0.132037
0.312661 0.089878 -0.044989 -0.013271
-0.204282 -0.044989 0.371610 0.095409
0.132037 -0.013271 0.095409 0.077202
24.261117 2.164258 17.859208 1.309391
2.267547 0.265778 0.102032 0.166875
0.265778 0.081062 -0.011457 -0.006895
0.102032 -0.011457 0.361769 0.114010
0.166875 -0.006895 0.114010 0.078362
24.620973 2.055391 18.754705 1.349334
1.748427 0.193658 0.346535 0.178367
0.193658 0.069919 0.009427 -0.004633
0.346535 0.009427 0.453827 0.149331
0.178367 -0.004633 0.149331 0.082497
26.012976 2.112557 19.340074 1.332513
1.379304 0.146399 0.491059 0.176619
0.146399 0.062861 0.015272 -0.004343
0.491059 0.015272 0.611079 0.189315
0.176619 -0.004343 0.189315 0.086782
26.564735 2.028765 20.089614 1.352298
0.998906 0.103243 0.519072 0.152003
0.103243 0.057223 0.004252 -0.007342
0.519072 0.004252 0.808947 0.229703
0.152003 -0.007342 0.229703 0.090438
27.308047 1.973698 20.862015 1.380050
0.740996 0.078877 0.494755 0.124829
0.078877 0.054343 -0.013336 -0.010574
0.494755 -0.013336 1.028421 0.268206
0.124829 -0.010574 0.268206 0.093525
28.218074 1.973798 21.393947 1.342406
0.553009 0.065958 0.419377 0.093147
0.065958 0.053199 -0.036896 -0.014301
0.419377 -0.036896 1.254770 0.302442
0.093147 -0.014301 0.302442 0.095623
29.785139 2.079223 22.247921 1.369841
0.434344 0.062244 0.329675 0.064749
0.062244 0.053117 -0.061546 -0.017526
0.329675 -0.061546 1.507839 0.337457
0.064749 -0.017526 0.337457 0.097933
29.980440 1.947632 22.166067 1.229354
0.356350 0.064896 0.202220 0.033576
0.064896 0.053961 -0.090109 -0.021067
0.202220 -0.090109 1.761753 0.367942
0.033576 -0.021067 0.367942 0.099335
30.668651 1.891976 22.586504 1.197844
0.321157 0.069941 0.105999 0.013378
0.069941 0.054195 -0.112613 -0.022879
0.105999 -0.112613 2.108554 0.411206
0.013378 -0.022879 0.411206 0.103057
31.419474 1.847211 23.112743 1.188096
0.306019 0.076729 -0.007799 -0.006949
0.076729 0.054458 -0.135960 -0.024665
-0.007799 -0.135960 2.496202 0.455958
-0.006949 -0.024665 0.455958 0.106752
33.058057 2.001461 24.385442 1.295756
0.308544 0.085281 -0.148179 -0.028977
0.085281 0.054923 -0.161657 -0.026716
-0.148179 -0.161657 2.915577 0.500429
-0.028977 -0.026716 0.500429 0.110129
34.030340 1.994609 25.016441 1.293172
0.337513 0.098828 -0.348557 -0.057863
0.098828 0.056638 -0.195502 -0.029947
-0.348557 -0.195502 3.285081 0.531594
-0.057863 -0.029947 0.531594 0.111148
35.287611 2.055501 25.983268 1.342981
0.389721 0.114320 -0.569834 -0.086359
0.114320 0.058387 -0.229938 -0.032969
-0.569834 -0.229938 3.694673 0.565148
-0.086359 -0.032969 0.565148 0.112543
36.153765 2.014760 26.542260 1.324778
0.469787 0.133002 -0.822585 -0.116045
0.133002 0.060574 -0.266623 -0.036060
-0.822585 -0.266623 4.104124 0.594698
-0.116045 -0.036060 0.594698 0.113295
37.065413 1.992196 26.653850 1.244885
0.571073 0.152582 -1.096465 -0.145360
0.152582 0.062549 -0.303095 -0.038892
-1.096465 -0.303095 4.575415 0.629681
-0.145360 -0.038892 0.629681 0.114840
37.819860 1.929083 26.988104 1.199021
0.676462 0.168699 -1.375532 -0.172629
0.168699 0.063292 -0.334363 -0.040938
-1.375532 -0.334363 5.169839 0.678329
-0.172629 -0.040938 0.678329 0.118260
38.704203 1.911969 27.898656 1.238318
0.790714 0.183324 -1.670204 -0.199519
0.183324 0.063566 -0.363181 -0.042645
-1.670204 -0.363181 5.830963 0.731371
-0.199519 -0.042645 0.731371 0.122068
39.618580 1.900132 28.431993 1.225450
0.937463 0.202298 -2.010898 -0.229248
0.202298 0.064815 -0.398265 -0.044987
-2.010898 -0.398265 6.498266 0.779311
-0.229248 -0.044987 0.779311 0.124862
40.431445 1.877112 29.552588 1.285106
1.100295 0.221166 -2.377703 -0.259556
0.221166 0.065891 -0.432927 -0.047196
-2.377703 -0.432927 7.224941 0.830311
-0.259556 -0.047196 0.830311 0.127888
41.334491 1.878226 30.568453 1.330785
1.307813 0.246504 -2.788858 -0.291356
0.246504 0.068248 -0.474735 -0.049931
-2.788858 -0.474735 7.888346 0.867670
-0.291356 -0.049931 0.867670 0.128963
42.308772 1.890894 31.370912 1.349782
1.552404 0.275839 -3.228982 -0.322918
0.275839 0.071199 -0.519089 -0.052674
-3.228982 -0.519089 8.505996 0.895685
-0.322918 -0.052674 0.895685 0.128897
43.277256 1.888102 31.806480 1.321434
1.826767 0.306645 -3.702443 -0.355239
0.306645 0.074118 -0.564021 -0.055320
-3.702443 -0.564021 9.166827 0.926014
-0.355239 -0.055320 0.926014 0.129175
44.038181 1.837795 32.275837 1.286758
2.116175 0.334985 -4.214483 -0.389845
0.334985 0.076206 -0.606626 -0.057765
-4.214483 -0.606626 9.971838 0.970595
-0.389845 -0.057765 0.970595 0.131138
44.837429 1.799914 32.675674 1.249231
2.422166 0.361832 -4.757938 -0.425624
0.361832 0.077814 -0.647394 -0.060027
-4.757938 -0.647394 10.861793 1.021498
-0.425624 -0.060027 1.021498 0.133745
45.832110 1.812205 33.092250 1.230348
2.735375 0.385636 -5.324978 -0.462187
0.385636 0.078759 -0.684479 -0.062000
-5.324978 -0.684479 11.838803 1.079026
-0.462187 -0.062000 1.079026 0.137010
46.684398 1.817740 34.076915 1.271278
3.044312 0.404925 -5.902926 -0.498744
0.404925 0.078920 -0.715871 -0.063563
-5.902926 -0.715871 12.892973 1.142345
-0.498744 -0.063563 1.142345 0.140835
47.580441 1.797326 34.364960 1.228493
3.412286 0.431972 -6.544088 -0.536886
0.431972 0.080377 -0.757381 -0.065739
-6.544088 -0.757381 13.957734 1.199064
-0.536886 -0.065739 1.199064 0.143568
48.153704 1.720907 34.895040 1.193780
3.767209 0.452602 -7.193136 -0.575406
0.452602 0.080743 -0.790844 -0.067386
-7.193136 -0.790844 15.121181 1.264592
-0.575406 -0.067386 1.264592 0.147242
