-0.319702 0.834211 4.273897 0.817549
2.053490 0.821414 -0.226717 -0.090689
0.821414 80.332639 -0.090689 -0.036276
-0.226717 -0.090689 3.101368 1.240574
-0.090689 -0.036276 1.240574 80.500307
0.758914 1.988018 3.268441 -1.568256
2.011519 3.574888 -0.874015 -1.443405
3.574888 13.503137 -1.493828 -3.110345
-0.874015 -1.493828 3.449152 5.833041
-1.443405 -3.110345 5.833041 19.999654
3.846941 4.396361 1.643844 -2.393768
2.469366 2.823251 -1.396380 -1.427693
2.823251 4.816462 -1.504112 -1.796271
-1.396380 -1.504112 3.020565 3.307741
-1.427693 -1.796271 3.307741 6.052624
7.376043 5.564143 1.997842 -1.004783
2.222887 1.816344 -0.527101 -0.288785
1.816344 2.082603 -0.366607 -0.326895
-0.527101 -0.366607 1.615265 1.315559
-0.288785 -0.326895 1.315559 1.996609
8.794131 4.755239 4.396840 0.929426
1.564724 0.984063 -0.144167 -0.033579
0.984063 0.913657 -0.065354 -0.086291
-0.144167 -0.065354 1.449786 0.988947
-0.033579 -0.086291 0.988947 1.108966
8.591720 3.415895 5.236486 1.100457
1.194799 0.620265 -0.155746 -0.069010
0.620265 0.491897 -0.079101 -0.083127
-0.155746 -0.079101 1.482144 0.842190
-0.069010 -0.083127 0.842190 0.713701
8.339135 2.535553 6.908985 1.629337
1.020794 0.457063 -0.205748 -0.093648
0.457063 0.313343 -0.096928 -0.073788
-0.205748 -0.096928 1.433165 0.686901
-0.093648 -0.073788 0.686901 0.472355
9.552468 2.515003 7.460618 1.520644
0.963356 0.380886 -0.278910 -0.114324
0.380886 0.225956 -0.114562 -0.066047
-0.278910 -0.114562 1.306843 0.539524
-0.114324 -0.066047 0.539524 0.318430
9.558393 2.074173 7.648415 1.310950
0.895076 0.316324 -0.286025 -0.102926
0.316324 0.167790 -0.102767 -0.049965
-0.286025 -0.102767 1.196385 0.434690
-0.102926 -0.049965 0.434690 0.227014
10.611075 2.079867 9.714509 1.770866
0.837286 0.268101 -0.282317 -0.090075
0.268101 0.130081 -0.089903 -0.037939
-0.282317 -0.089903 1.098436 0.357442
-0.090075 -0.037939 0.357442 0.169507
11.276593 1.971139 11.251892 1.962987
0.794616 0.233444 -0.258300 -0.073682
0.233444 0.105430 -0.073735 -0.027889
-0.258300 -0.073735 0.981649 0.290431
-0.073682 -0.027889 0.290431 0.129218
12.385345 2.007003 12.781308 2.113959
0.755626 0.205947 -0.226795 -0.058372
0.205947 0.088246 -0.058645 -0.020338
-0.226795 -0.058645 0.877230 0.239543
-0.058372 -0.020338 0.239543 0.102333
13.136552 1.939068 13.220791 1.953660
0.715639 0.182870 -0.191279 -0.044730
0.182870 0.075782 -0.045132 -0.014675
-0.191279 -0.045132 0.791463 0.202267
-0.044730 -0.014675 0.202267 0.084424
13.611033 1.816185 13.787890 1.850372
0.677252 0.163894 -0.162697 -0.034934
0.163894 0.066736 -0.035356 -0.010909
-0.162697 -0.035356 0.728406 0.176367
-0.034934 -0.010909 0.176367 0.072641
14.411092 1.784115 13.626259 1.595990
0.643782 0.148977 -0.139419 -0.027722
0.148977 0.060285 -0.028135 -0.008322
-0.139419 -0.028135 0.678393 0.157241
-0.027722 -0.008322 0.157241 0.064508
15.230470 1.769776 14.717956 1.661619
0.611435 0.136496 -0.121141 -0.022535
0.136496 0.055496 -0.022867 -0.006539
-0.121141 -0.022867 0.642585 0.143883
-0.022535 -0.006539 0.143883 0.059019
15.977917 1.741797 15.839544 1.724289
0.584392 0.126944 -0.102910 -0.017892
0.126944 0.052130 -0.018182 -0.005103
-0.102910 -0.018182 0.610641 0.133095
-0.017892 -0.005103 0.133095 0.054970
16.725477 1.716343 16.833680 1.751654
0.562248 0.119731 -0.085646 -0.013890
0.119731 0.049787 -0.014159 -0.003967
-0.085646 -0.014159 0.582746 0.124498
-0.013890 -0.003967 0.124498 0.052003
17.643170 1.727978 17.579078 1.724513
0.544046 0.114279 -0.069985 -0.010559
0.114279 0.048159 -0.010811 -0.003086
-0.069985 -0.010811 0.559354 0.117847
-0.010559 -0.003086 0.117847 0.049869
18.833747 1.796115 18.426046 1.723727
0.528623 0.110076 -0.056146 -0.007853
0.110076 0.047017 -0.008077 -0.002408
-0.056146 -0.008077 0.540771 0.112924
-0.007853 -0.002408 0.112924 0.048381
19.568136 1.760211 18.984506 1.659400
0.515632 0.106866 -0.043638 -0.005586
0.106866 0.046228 -0.005778 -0.001869
-0.043638 -0.005778 0.526162 0.109329
-0.005586 -0.001869 0.109329 0.047355
19.926770 1.657227 20.730290 1.846557
0.505284 0.104545 -0.033390 -0.003892
0.104545 0.045711 -0.004054 -0.001477
-0.033390 -0.004054 0.514698 0.106717
-0.003892 -0.001477 0.106717 0.046650
20.360281 1.575634 21.713302 1.856920
0.497997 0.103083 -0.024595 -0.002541
0.103083 0.045423 -0.002685 -0.001171
-0.024595 -0.002685 0.504794 0.104647
-0.002541 -0.001171 0.104647 0.046130
20.868735 1.519337 23.066520 1.943974
0.492320 0.102076 -0.017630 -0.001585
0.102076 0.045249 -0.001710 -0.000952
-0.017630 -0.001710 0.497236 0.103214
-0.001585 -0.000952 0.103214 0.045788
21.325128 1.456266 24.031356 1.941485
0.487498 0.101311 -0.012199 -0.000930
0.101311 0.045130 -0.001032 -0.000794
-0.012199 -0.001032 0.492000 0.102345
-0.000930 -0.000794 0.102345 0.045587
21.510709 1.345019 25.818288 2.110388
0.483236 0.100696 -0.008342 -0.000562
0.100696 0.045040 -0.000643 -0.000689
-0.008342 -0.000643 0.488752 0.101914
-0.000562 -0.000689 0.101914 0.045484
21.380953 1.177146 26.740120 2.081168
0.478218 0.099937 -0.005525 -0.000353
0.099937 0.044915 -0.000411 -0.000610
-0.005525 -0.000411 0.488288 0.102050
-0.000353 -0.000610 0.102050 0.045499
22.083437 1.200876 27.616664 2.046944
0.473319 0.099227 -0.003148 -0.000169
0.099227 0.044796 -0.000209 -0.000529
-0.003148 -0.000209 0.489311 0.102434
-0.000169 -0.000529 0.102434 0.045555
22.627268 1.189214 29.217428 2.167877
0.468417 0.098529 -0.002581 -0.000306
0.098529 0.044675 -0.000334 -0.000512
-0.002581 -0.000334 0.491676 0.103021
-0.000306 -0.000512 0.103021 0.045644
23.858655 1.323596 29.928824 2.089894
0.462193 0.097560 -0.003458 -0.000666
0.097560 0.044491 -0.000690 -0.000536
-0.003458 -0.000690 0.496641 0.104067
-0.000666 -0.000536 0.104067 0.045819
24.279433 1.272544 30.747078 2.042459
0.456902 0.096817 -0.007136 -0.001526
0.096817 0.044355 -0.001556 -0.000659
-0.007136 -0.001556 0.501642 0.105005
-0.001526 -0.000659 0.105005 0.045958
24.356119 1.153503 31.143656 1.911959
0.451921 0.096141 -0.011233 -0.002354
0.096141 0.044228 -0.002393 -0.000765
-0.011233 -0.002393 0.507212 0.105972
-0.002354 -0.000765 0.105972 0.046098
24.565064 1.074899 31.932340 1.877004
0.447778 0.095635 -0.014610 -0.002933
0.095635 0.044129 -0.002980 -0.000814
-0.014610 -0.002980 0.512407 0.106781
-0.002933 -0.000814 0.106781 0.046203
25.333867 1.124210 32.436848 1.786974
0.443645 0.095105 -0.017769 -0.003410
0.095105 0.044017 -0.003462 -0.000845
-0.017769 -0.003462 0.518162 0.107654
-0.003410 -0.000845 0.107654 0.046324
25.672042 1.077189 34.356859 1.999319
0.440468 0.094756 -0.022134 -0.004101
0.094756 0.043937 -0.004169 -0.000929
-0.022134 -0.004169 0.523371 0.108365
-0.004101 -0.000929 0.108365 0.046416
25.808043 0.990822 35.684753 2.066399
0.435421 0.093966 -0.026030 -0.004653
0.093966 0.043753 -0.004721 -0.000987
-0.026030 -0.004721 0.531727 0.109701
-0.004653 -0.000987 0.109701 0.046643
26.430719 1.018668 36.836638 2.091084
0.430233 0.093154 -0.028477 -0.004884
0.093154 0.043567 -0.004934 -0.000983
-0.028477 -0.004934 0.540602 0.111069
-0.004884 -0.000983 0.111069 0.046874
27.178479 1.070738 37.958837 2.107444
0.425772 0.092508 -0.030549 -0.005052
0.092508 0.043418 -0.005082 -0.000980
-0.030549 -0.005082 0.548822 0.112232
-0.005052 -0.000980 0.112232 0.047061
28.074052 1.149646 39.097629 2.125971
0.422298 0.092070 -0.031938 -0.005100
0.092070 0.043313 -0.005110 -0.000963
-0.031938 -0.005110 0.555625 0.113069
-0.005100 -0.000963 0.113069 0.047185
28.721525 1.162959 39.473169 1.986867
0.420066 0.091879 -0.032152 -0.004938
0.091879 0.043257 -0.004924 -0.000915
-0.032152 -0.004924 0.560114 0.113441
-0.004938 -0.000915 0.113441 0.047226
29.490306 1.206495 41.050889 2.105598
0.418695 0.091830 -0.032275 -0.004806
0.091830 0.043223 -0.004779 -0.000887
-0.032275 -0.004779 0.563104 0.113557
-0.004806 -0.000887 0.113557 0.047232
30.431094 1.281526 42.271607 2.140835
0.419874 0.092303 -0.028862 -0.003994
0.092303 0.043300 -0.003925 -0.000723
-0.028862 -0.003925 0.560267 0.112585
-0.003994 -0.000723 0.112585 0.047040
30.950427 1.253383 43.024816 2.076639
0.424363 0.093415 -0.023499 -0.002877
0.093415 0.043506 -0.002775 -0.000514
-0.023499 -0.002775 0.551195 0.110533
-0.002877 -0.000514 0.110533 0.046663
31.304687 1.194001 44.212773 2.105549
0.430958 0.094843 -0.018047 -0.001850
0.094843 0.043759 -0.001739 -0.000343
-0.018047 -0.001739 0.539210 0.108137
-0.001850 -0.000343 0.108137 0.046254
32.124036 1.242223 45.094067 2.071887
0.441545 0.096987 -0.012989 -0.000980
0.096987 0.044151 -0.000898 -0.000217
-0.012989 -0.000898 0.522382 0.105000
-0.000980 -0.000217 0.105000 0.045725
33.262728 1.354911 45.950000 2.037150
0.455722 0.099698 -0.009584 -0.000497
0.099698 0.044641 -0.000482 -0.000176
-0.009584 -0.000482 0.502894 0.101580
-0.000497 -0.000176 0.101580 0.045164
33.851143 1.334857 46.707304 1.983731
0.474587 0.103176 -0.009273 -0.000654
0.103176 0.045272 -0.000744 -0.000264
-0.009273 -0.000744 0.481024 0.097899
-0.000654 -0.000264 0.097899 0.044563
34.659896 1.364830 47.472874 1.937492
0.495520 0.106799 -0.011749 -0.001341
0.106799 0.045902 -0.001528 -0.000442
-0.011749 -0.001528 0.460774 0.094749
-0.001341 -0.000442 0.094749 0.044073
35.311817 1.356938 47.718155 1.786780
0.519100 0.110702 -0.017865 -0.002701
0.110702 0.046570 -0.002963 -0.000734
-0.017865 -0.002963 0.442206 0.092048
-0.002701 -0.000734 0.092048 0.043660
36.656348 1.495948 47.914331 1.640990
0.542081 0.114198 -0.025649 -0.004283
0.114198 0.047133 -0.004567 -0.001039
-0.025649 -0.004567 0.427636 0.090219
-0.004283 -0.001039 0.090219 0.043399
