6.918243 3.729452 1.431390 -0.319479
2.490737 0.996316 -0.101026 -0.040411
0.996316 80.402602 -0.040411 -0.016165
-0.101026 -0.040411 2.420540 0.968237
-0.040411 -0.016165 0.968237 80.391370
4.696977 -3.425267 -0.776444 -3.945005
2.229717 3.893865 -0.075943 -0.113589
3.893865 15.248339 -0.112545 -0.454998
-0.075943 -0.112545 2.296265 4.024069
-0.113589 -0.454998 4.024069 15.297454
4.194899 -2.020113 -1.203457 -2.165676
1.977941 2.293051 -0.108945 -0.123912
2.293051 4.556940 -0.124105 -0.213296
-0.108945 -0.124105 2.037182 2.344162
-0.123912 -0.213296 2.344162 4.566454
6.702634 0.963629 2.794703 2.098795
1.696662 1.433907 -0.097509 -0.078784
1.433907 1.909120 -0.078878 -0.091444
-0.097509 -0.078878 1.742976 1.460618
-0.078784 -0.091444 1.460618 1.916601
6.932085 0.797510 4.368760 2.443146
1.471578 0.974644 -0.064651 -0.039875
0.974644 0.976945 -0.039838 -0.038252
-0.064651 -0.039838 1.496591 0.983424
-0.039875 -0.038252 0.983424 0.977543
8.073750 1.198915 3.037934 1.063571
1.294268 0.704345 -0.048222 -0.024786
0.704345 0.568346 -0.024749 -0.020508
-0.048222 -0.024749 1.306879 0.706701
-0.024786 -0.020508 0.706701 0.567928
9.273918 1.477349 4.996627 1.720332
1.148326 0.530834 -0.040234 -0.018028
0.530834 0.361196 -0.018001 -0.012879
-0.040234 -0.018001 1.163909 0.535488
-0.018028 -0.012879 0.535488 0.362937
8.722608 0.958012 6.511268 1.982714
1.033244 0.416061 -0.032396 -0.012885
0.416061 0.246755 -0.012863 -0.008266
-0.032396 -0.012863 1.046958 0.419946
-0.012885 -0.008266 0.419946 0.248301
9.966954 1.231816 7.147159 1.855894
0.941080 0.336659 -0.027386 -0.009852
0.336659 0.178766 -0.009836 -0.005694
-0.027386 -0.009836 0.950228 0.338829
-0.009852 -0.005694 0.338829 0.179662
9.847379 0.994268 7.964001 1.820235
0.863965 0.279069 -0.023094 -0.007601
0.279069 0.135888 -0.007589 -0.004026
-0.023094 -0.007589 0.871430 0.280754
-0.007601 -0.004026 0.280754 0.136608
10.969401 1.179125 8.724562 1.775953
0.799929 0.236606 -0.020070 -0.006099
0.236606 0.107862 -0.006090 -0.002965
-0.020070 -0.006090 0.805481 0.237763
-0.006099 -0.002965 0.237763 0.108386
11.474639 1.155973 9.758891 1.816045
0.745714 0.204517 -0.017262 -0.004877
0.204517 0.088927 -0.004870 -0.002207
-0.017262 -0.004870 0.750406 0.205484
-0.004877 -0.002207 0.205484 0.089365
12.048195 1.154691 11.675930 2.075260
0.699993 0.180042 -0.014869 -0.003929
0.180042 0.075874 -0.003924 -0.001670
-0.014869 -0.003924 0.703760 0.180797
-0.003929 -0.001670 0.180797 0.076223
13.103922 1.271258 13.137860 2.178544
0.661488 0.161234 -0.012568 -0.003123
0.161234 0.066738 -0.003119 -0.001265
-0.012568 -0.003119 0.663938 0.161689
-0.003123 -0.001265 0.161689 0.066984
13.550051 1.227072 13.900246 2.102362
0.628732 0.146625 -0.010446 -0.002454
0.146625 0.060258 -0.002450 -0.000960
-0.010446 -0.002450 0.630222 0.146887
-0.002454 -0.000960 0.146887 0.060436
13.660661 1.113860 14.595162 2.022182
0.600906 0.135254 -0.008757 -0.001953
0.135254 0.055635 -0.001951 -0.000741
-0.008757 -0.001951 0.601708 0.135394
-0.001953 -0.000741 0.135394 0.055769
14.566060 1.190156 15.574646 2.015290
0.577395 0.126423 -0.007430 -0.001579
0.126423 0.052337 -0.001577 -0.000581
-0.007430 -0.001577 0.577607 0.126464
-0.001579 -0.000581 0.126464 0.052435
15.336391 1.227714 16.372433 1.970296
0.557540 0.119574 -0.006228 -0.001263
0.119574 0.049988 -0.001262 -0.000456
-0.006228 -0.001262 0.557403 0.119569
-0.001263 -0.000456 0.119569 0.050064
15.444936 1.121011 17.832554 2.070625
0.540893 0.114303 -0.005183 -0.001004
0.114303 0.048328 -0.001003 -0.000358
-0.005183 -0.001003 0.540567 0.114280
-0.001004 -0.000358 0.114280 0.048390
16.179774 1.157537 19.105217 2.120353
0.527163 0.110311 -0.004250 -0.000787
0.110311 0.047175 -0.000786 -0.000281
-0.004250 -0.000786 0.526537 0.110241
-0.000787 -0.000281 0.110241 0.047217
17.144230 1.237701 19.842228 2.053161
0.515862 0.107310 -0.003404 -0.000601
0.107310 0.046384 -0.000600 -0.000219
-0.003404 -0.000600 0.515049 0.107216
-0.000601 -0.000219 0.107216 0.046412
17.610586 1.206001 20.539146 1.984694
0.506627 0.105087 -0.002685 -0.000452
0.105087 0.045853 -0.000451 -0.000171
-0.002685 -0.000451 0.505790 0.104998
-0.000452 -0.000171 0.104998 0.045875
18.268929 1.217505 21.694669 2.018559
0.499211 0.103480 -0.002091 -0.000336
0.103480 0.045509 -0.000336 -0.000134
-0.002091 -0.000336 0.498395 0.103402
-0.000336 -0.000134 0.103402 0.045526
19.247511 1.294163 22.310771 1.936979
0.493330 0.102349 -0.001576 -0.000240
0.102349 0.045294 -0.000240 -0.000105
-0.001576 -0.000240 0.492590 0.102288
-0.000240 -0.000105 0.102288 0.045308
19.989082 1.313903 23.960759 2.078762
0.488722 0.101576 -0.001168 -0.000170
0.101576 0.045166 -0.000170 -0.000083
-0.001168 -0.000170 0.488129 0.101542
-0.000170 -0.000083 0.101542 0.045181
20.721315 1.329495 24.233487 1.918930
0.485157 0.101067 -0.000826 -0.000114
0.101067 0.045096 -0.000115 -0.000066
-0.000826 -0.000115 0.484787 0.101074
-0.000114 -0.000066 0.101074 0.045112
21.319291 1.315587 25.609279 2.005930
0.482477 0.100758 -0.000587 -0.000080
0.100758 0.045061 -0.000080 -0.000054
-0.000587 -0.000080 0.482316 0.100797
-0.000080 -0.000054 0.100797 0.045079
21.612323 1.239247 26.909281 2.068126
0.480459 0.100578 -0.000418 -0.000059
0.100578 0.045045 -0.000059 -0.000045
-0.000418 -0.000059 0.480583 0.100663
-0.000059 -0.000045 0.100663 0.045068
21.815688 1.151930 28.340154 2.151395
0.478945 0.100482 -0.000301 -0.000046
0.100482 0.045038 -0.000046 -0.000039
-0.000301 -0.000046 0.479439 0.100627
-0.000046 -0.000039 0.100627 0.045069
21.985791 1.066612 29.076053 2.079948
0.477784 0.100431 -0.000225 -0.000039
0.100431 0.045031 -0.000040 -0.000033
-0.000225 -0.000040 0.478776 0.100659
-0.000039 -0.000033 0.100659 0.045075
22.110950 0.980681 30.446807 2.149586
0.476930 0.100414 -0.000180 -0.000037
0.100414 0.045024 -0.000037 -0.000029
-0.000180 -0.000037 0.478425 0.100721
-0.000037 -0.000029 0.100721 0.045080
22.905880 1.044889 32.080953 2.267461
0.476222 0.100396 -0.000158 -0.000037
0.100396 0.045010 -0.000037 -0.000026
-0.000158 -0.000037 0.478375 0.100812
-0.000037 -0.000026 0.100812 0.045086
23.898583 1.144134 33.094378 2.242085
0.475556 0.100361 -0.000249 -0.000059
0.100361 0.044990 -0.000059 -0.000028
-0.000249 -0.000059 0.478595 0.100927
-0.000059 -0.000028 0.100927 0.045093
24.583722 1.168018 33.986071 2.193700
0.474982 0.100323 -0.000478 -0.000106
0.100323 0.044966 -0.000106 -0.000034
-0.000478 -0.000106 0.478930 0.101036
-0.000106 -0.000034 0.101036 0.045096
25.707230 1.282043 35.036990 2.184010
0.474476 0.100282 -0.000782 -0.000163
0.100282 0.044942 -0.000164 -0.000043
-0.000782 -0.000164 0.479327 0.101134
-0.000163 -0.000043 0.101134 0.045095
26.751556 1.367318 35.834629 2.121917
0.474004 0.100233 -0.001241 -0.000248
0.100233 0.044915 -0.000249 -0.000057
-0.001241 -0.000249 0.479768 0.101221
-0.000248 -0.000057 0.101221 0.045093
27.574660 1.396819 36.924545 2.128035
0.473594 0.100187 -0.001816 -0.000350
0.100187 0.044890 -0.000351 -0.000074
-0.001816 -0.000351 0.480185 0.101288
-0.000350 -0.000074 0.101288 0.045087
28.076195 1.355097 37.504323 2.025897
0.473161 0.100126 -0.002474 -0.000463
0.100126 0.044863 -0.000463 -0.000093
-0.002474 -0.000463 0.480643 0.101354
-0.000463 -0.000093 0.101354 0.045084
27.614409 1.113871 38.180293 1.954639
0.472777 0.100071 -0.003105 -0.000562
0.100071 0.044839 -0.000563 -0.000109
-0.003105 -0.000563 0.481052 0.101404
-0.000562 -0.000109 0.101404 0.045079
28.531770 1.190202 39.246397 1.973447
0.472329 0.099998 -0.003519 -0.000610
0.099998 0.044812 -0.000611 -0.000114
-0.003519 -0.000611 0.481516 0.101461
-0.000610 -0.000114 0.101461 0.045078
29.145015 1.194022 40.168786 1.959903
0.471849 0.099916 -0.004086 -0.000692
0.099916 0.044786 -0.000693 -0.000128
-0.004086 -0.000693 0.482009 0.101522
-0.000692 -0.000128 0.101522 0.045081
29.579672 1.159493 40.827623 1.892226
0.471348 0.099831 -0.004712 -0.000785
0.099831 0.044760 -0.000786 -0.000145
-0.004712 -0.000786 0.482521 0.101586
-0.000785 -0.000145 0.101586 0.045085
30.398574 1.210032 41.533366 1.841768
0.470869 0.099751 -0.005328 -0.000873
0.099751 0.044737 -0.000874 -0.000160
-0.005328 -0.000874 0.483005 0.101643
-0.000873 -0.000160 0.101643 0.045090
31.550156 1.325852 42.457811 1.842855
0.470440 0.099683 -0.006040 -0.000980
0.099683 0.044718 -0.000981 -0.000181
-0.006040 -0.000981 0.483442 0.101690
-0.000980 -0.000181 0.101690 0.045095
32.253352 1.334494 43.528299 1.874226
0.470043 0.099622 -0.006953 -0.001126
0.099622 0.044701 -0.001128 -0.000210
-0.006953 -0.001128 0.483860 0.101735
-0.001126 -0.000210 0.101735 0.045100
32.414365 1.226598 43.769151 1.727464
0.469581 0.099547 -0.007939 -0.001282
0.099547 0.044681 -0.001285 -0.000240
-0.007939 -0.001285 0.484361 0.101800
-0.001282 -0.000240 0.101800 0.045111
33.429748 1.312280 45.075152 1.820768
0.469206 0.099491 -0.008738 -0.001393
0.099491 0.044667 -0.001396 -0.000260
-0.008738 -0.001396 0.484770 0.101846
-0.001393 -0.000260 0.101846 0.045119
34.322670 1.362635 46.107712 1.846682
0.468742 0.099416 -0.009765 -0.001551
0.099416 0.044649 -0.001555 -0.000292
-0.009765 -0.001555 0.485305 0.101921
-0.001551 -0.000292 0.101921 0.045134
35.030173 1.368304 47.125451 1.866533
0.468264 0.099340 -0.010924 -0.001733
0.099340 0.044631 -0.001737 -0.000327
-0.010924 -0.001737 0.485886 0.102004
-0.001733 -0.000327 0.102004 0.045151
35.336847 1.288345 48.174489 1.890325
0.467751 0.099257 -0.012140 -0.001920
0.099257 0.044612 -0.001924 -0.000364
-0.012140 -0.001924 0.486533 0.102100
-0.001920 -0.000364 0.102100 0.045170
