5.459916 3.146108 -0.154034 -0.953662
2.575399 1.030182 -0.261185 -0.104476
1.030182 80.416148 -0.104476 -0.041791
-0.261185 -0.104476 2.388565 0.955447
-0.104476 -0.041791 0.955447 80.386254
4.414500 -1.357272 1.670591 3.028210
2.190063 3.804689 -0.236241 -0.365380
3.804689 15.291128 -0.357107 -1.293385
-0.236241 -0.357107 2.387737 4.187121
-0.365380 -1.293385 4.187121 15.485751
5.635086 0.847572 1.475893 1.083691
2.008565 2.342508 -0.225280 -0.249202
2.342508 4.670865 -0.249041 -0.468160
-0.225280 -0.249041 2.044944 2.335359
-0.249202 -0.468160 2.335359 4.530899
6.645817 1.355532 5.035753 3.604555
1.705671 1.446056 -0.187244 -0.153082
1.446056 1.934754 -0.152889 -0.198607
-0.187244 -0.152889 1.763977 1.472391
-0.153082 -0.198607 1.472391 1.923562
6.260898 0.642426 2.949424 1.055920
1.484446 0.985917 -0.134781 -0.087058
0.985917 0.990883 -0.086784 -0.091436
-0.134781 -0.086784 1.502485 0.984286
-0.087058 -0.091436 0.984286 0.977945
6.861163 0.794714 3.758886 1.207783
1.296760 0.707221 -0.123700 -0.067136
0.707221 0.573003 -0.067039 -0.055882
-0.123700 -0.067039 1.324481 0.714932
-0.067136 -0.055882 0.714932 0.572940
7.358509 0.841026 4.555803 1.296380
1.151069 0.533273 -0.108193 -0.050246
0.533273 0.364105 -0.050188 -0.035087
-0.108193 -0.050188 1.178784 0.541399
-0.050246 -0.035087 0.541399 0.366092
8.844014 1.270515 6.857068 1.957801
1.035388 0.417805 -0.093802 -0.038054
0.417805 0.248543 -0.038009 -0.023043
-0.093802 -0.038009 1.059899 0.424452
-0.038054 -0.023043 0.424452 0.250453
10.106996 1.495536 7.703631 1.910443
0.942216 0.337741 -0.076425 -0.027575
0.337741 0.179849 -0.027525 -0.015129
-0.076425 -0.027525 0.960036 0.341807
-0.027575 -0.015129 0.341807 0.180996
9.692252 1.119275 8.999517 2.020455
0.864062 0.279633 -0.062591 -0.020444
0.279633 0.136537 -0.020397 -0.010349
-0.062591 -0.020397 0.879342 0.282922
-0.020444 -0.010349 0.282922 0.137530
9.880751 1.009341 9.771808 1.950429
0.801196 0.237419 -0.053037 -0.015897
0.237419 0.108427 -0.015856 -0.007448
-0.053037 -0.015856 0.810401 0.238933
-0.015897 -0.007448 0.238933 0.108917
10.774103 1.116175 10.267760 1.819225
0.748230 0.205548 -0.045773 -0.012704
0.205548 0.089435 -0.012670 -0.005537
-0.045773 -0.012670 0.752881 0.205974
-0.012704 -0.005537 0.205974 0.089659
11.589984 1.182549 11.995681 2.029296
0.702460 0.180921 -0.039614 -0.010248
0.180921 0.076253 -0.010221 -0.004189
-0.039614 -0.010221 0.705354 0.181103
-0.010248 -0.004189 0.181103 0.076442
12.796956 1.332824 13.370332 2.116978
0.663961 0.162007 -0.033514 -0.008124
0.162007 0.067030 -0.008102 -0.003167
-0.033514 -0.008102 0.664631 0.161813
-0.008124 -0.003167 0.161813 0.067136
13.119779 1.252538 14.054401 2.029633
0.631000 0.147263 -0.027827 -0.006351
0.147263 0.060476 -0.006334 -0.002396
-0.027827 -0.006334 0.630353 0.146919
-0.006351 -0.002396 0.146919 0.060550
13.795343 1.263657 15.117123 2.040433
0.603076 0.135804 -0.023384 -0.005053
0.135804 0.055805 -0.005040 -0.001850
-0.023384 -0.005040 0.601415 0.135364
-0.005053 -0.001850 0.135364 0.055853
14.879278 1.362355 15.477140 1.896016
0.579436 0.126894 -0.019522 -0.004006
0.126894 0.052470 -0.003997 -0.001437
-0.019522 -0.003997 0.577025 0.126398
-0.004006 -0.001437 0.126398 0.052499
15.029887 1.248690 16.651241 1.944255
0.559172 0.119919 -0.016289 -0.003184
0.119919 0.050080 -0.003177 -0.001126
-0.016289 -0.003177 0.556921 0.119545
-0.003184 -0.001126 0.119545 0.050125
15.610081 1.239381 17.655675 1.951063
0.542475 0.114613 -0.013527 -0.002524
0.114613 0.048405 -0.002519 -0.000887
-0.013527 -0.002519 0.539902 0.114227
-0.002524 -0.000887 0.114227 0.048433
16.469576 1.289472 18.517882 1.927473
0.528621 0.110576 -0.011101 -0.001977
0.110576 0.047236 -0.001975 -0.000700
-0.011101 -0.001975 0.525810 0.110182
-0.001977 -0.000700 0.110182 0.047249
17.418462 1.352771 19.566139 1.945287
0.517138 0.107525 -0.008972 -0.001525
0.107525 0.046431 -0.001523 -0.000551
-0.008972 -0.001523 0.514358 0.107167
-0.001525 -0.000551 0.107167 0.046439
18.672348 1.472642 20.764471 1.992553
0.507727 0.105257 -0.007082 -0.001145
0.105257 0.045890 -0.001145 -0.000433
-0.007082 -0.001145 0.505157 0.104960
-0.001145 -0.000433 0.104960 0.045896
18.721418 1.330302 21.827663 2.006042
0.500070 0.103598 -0.005422 -0.000830
0.103598 0.045534 -0.000831 -0.000338
-0.005422 -0.000831 0.497909 0.103390
-0.000830 -0.000338 0.103390 0.045546
19.417161 1.336899 23.325171 2.108823
0.494041 0.102438 -0.004047 -0.000586
0.102438 0.045313 -0.000587 -0.000265
-0.004047 -0.000587 0.492179 0.102284
-0.000586 -0.000265 0.102284 0.045324
20.028755 1.325046 24.278785 2.087816
0.489238 0.101628 -0.002886 -0.000392
0.101628 0.045179 -0.000392 -0.000207
-0.002886 -0.000392 0.487856 0.101558
-0.000392 -0.000207 0.101558 0.045195
20.240735 1.231402 25.835359 2.194618
0.485462 0.101082 -0.001989 -0.000254
0.101082 0.045102 -0.000255 -0.000165
-0.001989 -0.000255 0.484681 0.101113
-0.000254 -0.000165 0.101113 0.045127
20.868248 1.233940 27.243261 2.259561
0.482436 0.100710 -0.001243 -0.000146
0.100710 0.045056 -0.000147 -0.000131
-0.001243 -0.000147 0.482521 0.100888
-0.000146 -0.000131 0.100888 0.045101
21.569591 1.251608 28.444103 2.274463
0.479943 0.100444 -0.000730 -0.000083
0.100444 0.045024 -0.000084 -0.000108
-0.000730 -0.000084 0.481236 0.100831
-0.000083 -0.000108 0.100831 0.045102
22.001220 1.210890 29.845796 2.329961
0.477870 0.100251 -0.000478 -0.000069
0.100251 0.044998 -0.000069 -0.000095
-0.000478 -0.000069 0.480634 0.100886
-0.000069 -0.000095 0.100886 0.045118
22.527582 1.194262 30.885909 2.303713
0.476029 0.100083 -0.000403 -0.000082
0.100083 0.044970 -0.000082 -0.000088
-0.000403 -0.000082 0.480644 0.101033
-0.000082 -0.000088 0.101033 0.045144
23.449618 1.262714 31.768193 2.246981
0.474428 0.099941 -0.000525 -0.000126
0.099941 0.044940 -0.000126 -0.000087
-0.000525 -0.000126 0.481047 0.101218
-0.000126 -0.000087 0.101218 0.045171
24.509811 1.353186 33.333564 2.339993
0.473055 0.099823 -0.000972 -0.000227
0.099823 0.044910 -0.000227 -0.000098
-0.000972 -0.000227 0.481680 0.101411
-0.000227 -0.000098 0.101411 0.045193
25.611797 1.443104 33.885926 2.209915
0.471602 0.099665 -0.001836 -0.000401
0.099665 0.044867 -0.000402 -0.000124
-0.001836 -0.000402 0.482733 0.101657
-0.000401 -0.000124 0.101657 0.045223
26.120173 1.397975 34.315047 2.067604
0.470491 0.099561 -0.003015 -0.000623
0.099561 0.044833 -0.000625 -0.000158
-0.003015 -0.000625 0.483667 0.101842
-0.000623 -0.000158 0.101842 0.045238
26.922233 1.419786 35.151297 2.026034
0.469627 0.099490 -0.004178 -0.000821
0.099490 0.044804 -0.000824 -0.000186
-0.004178 -0.000824 0.484493 0.101980
-0.000821 -0.000186 0.101980 0.045243
27.712816 1.436754 35.608262 1.909070
0.468824 0.099411 -0.005528 -0.001044
0.099411 0.044772 -0.001048 -0.000220
-0.005528 -0.001048 0.485359 0.102111
-0.001044 -0.000220 0.102111 0.045248
27.959043 1.336323 35.996185 1.789739
0.468235 0.099362 -0.006975 -0.001273
0.099362 0.044746 -0.001279 -0.000255
-0.006975 -0.001279 0.486063 0.102197
-0.001273 -0.000255 0.102197 0.045246
28.138674 1.232775 37.206010 1.855628
0.467725 0.099314 -0.008224 -0.001448
0.099314 0.044719 -0.001455 -0.000279
-0.008224 -0.001455 0.486704 0.102266
-0.001448 -0.000279 0.102266 0.045244
28.698964 1.220751 37.999520 1.827380
0.466853 0.099176 -0.009439 -0.001612
0.099176 0.044674 -0.001619 -0.000303
-0.009439 -0.001619 0.487752 0.102420
-0.001612 -0.000303 0.102420 0.045263
29.952542 1.357627 39.076194 1.862220
0.465963 0.099031 -0.010761 -0.001797
0.099031 0.044630 -0.001804 -0.000334
-0.010761 -0.001804 0.488845 0.102576
-0.001797 -0.000334 0.102576 0.045284
30.112342 1.247276 40.025226 1.865359
0.465106 0.098893 -0.012658 -0.002099
0.098893 0.044589 -0.002108 -0.000391
-0.012658 -0.002108 0.489979 0.102734
-0.002099 -0.000391 0.102734 0.045307
30.607464 1.219433 40.605893 1.791415
0.464030 0.098708 -0.014369 -0.002351
0.098708 0.044540 -0.002360 -0.000437
-0.014369 -0.002360 0.491369 0.102942
-0.002351 -0.000437 0.102942 0.045342
31.373884 1.253218 41.757791 1.845314
0.463079 0.098555 -0.016051 -0.002590
0.098555 0.044500 -0.002600 -0.000480
-0.016051 -0.002600 0.492649 0.103119
-0.002590 -0.000480 0.103119 0.045371
32.233048 1.303071 42.847132 1.880627
0.462000 0.098375 -0.018040 -0.002891
0.098375 0.044456 -0.002901 -0.000538
-0.018040 -0.002901 0.494160 0.103340
-0.002891 -0.000538 0.103340 0.045410
32.807026 1.285249 43.191796 1.755964
0.460896 0.098194 -0.020348 -0.003251
0.098194 0.044413 -0.003262 -0.000609
-0.020348 -0.003262 0.495813 0.103583
-0.003251 -0.000609 0.103583 0.045454
33.239844 1.240483 44.063539 1.754145
0.460125 0.098087 -0.022533 -0.003572
0.098087 0.044387 -0.003586 -0.000671
-0.022533 -0.003586 0.497126 0.103749
-0.003572 -0.000671 0.103749 0.045482
34.050300 1.282047 45.290575 1.827679
0.459248 0.097955 -0.024667 -0.003876
0.097955 0.044355 -0.003891 -0.000730
-0.024667 -0.003891 0.498616 0.103952
-0.003876 -0.000730 0.103952 0.045519
34.389248 1.216788 45.963179 1.776471
0.458224 0.097789 -0.027141 -0.004249
0.097789 0.044316 -0.004265 -0.000804
-0.027141 -0.004265 0.500431 0.104220
-0.004249 -0.000804 0.104220 0.045571
34.966381 1.210534 46.977697 1.802660
0.457229 0.097632 -0.029392 -0.004566
0.097632 0.044279 -0.004582 -0.000867
-0.029392 -0.004582 0.502242 0.104480
-0.004566 -0.000867 0.104480 0.045620
35.765662 1.253993 48.406129 1.913029
0.456145 0.097457 -0.031740 -0.004902
0.097457 0.044239 -0.004917 -0.000934
-0.031740 -0.004917 0.504269 0.104778
-0.004902 -0.000934 0.104778 0.045678
