4.864602 2.907977 3.868523 0.655396
2.470482 0.988214 -0.052654 -0.021062
0.988214 80.399361 -0.021062 -0.008425
-0.052654 -0.021062 2.434012 0.973626
-0.021062 -0.008425 0.973626 80.393525
4.098992 -0.994229 -0.526020 -7.625833
2.255993 3.944100 -0.040246 -0.060194
3.944100 15.286520 -0.060025 -0.239288
-0.040246 -0.060025 2.265289 3.967514
-0.060194 -0.239288 3.967514 15.234610
7.023243 2.963598 -1.316193 -4.136543
1.983915 2.293988 -0.058667 -0.066705
2.293988 4.544119 -0.066720 -0.113581
-0.058667 -0.066720 2.022237 2.333196
-0.066705 -0.113581 2.333196 4.563851
8.158777 2.679461 3.666455 1.784853
1.693136 1.428258 -0.042766 -0.034149
1.428258 1.901169 -0.034113 -0.041778
-0.042766 -0.034113 1.737426 1.459143
-0.034149 -0.041778 1.459143 1.917327
7.684177 1.479389 5.148823 2.171822
1.470749 0.973156 -0.027928 -0.017382
0.973156 0.975245 -0.017346 -0.017951
-0.027928 -0.017346 1.492704 0.982221
-0.017382 -0.017951 0.982221 0.976876
7.382397 0.912628 5.094627 1.554530
1.294014 0.703792 -0.021633 -0.011427
0.703792 0.567854 -0.011405 -0.010043
-0.021633 -0.011405 1.304212 0.705880
-0.011427 -0.010043 0.705880 0.567278
8.992584 1.445826 5.206850 1.248353
1.152134 0.532395 -0.018824 -0.008708
0.532395 0.361874 -0.008696 -0.006467
-0.018824 -0.008696 1.157804 0.532965
-0.008708 -0.006467 0.532965 0.361540
9.994993 1.558232 6.605701 1.559207
1.036619 0.417226 -0.015997 -0.006563
0.417226 0.247191 -0.006555 -0.004269
-0.015997 -0.006555 1.041968 0.418165
-0.006563 -0.004269 0.418165 0.247419
11.626835 1.863182 7.028613 1.431805
0.942728 0.337075 -0.013308 -0.004916
0.337075 0.178894 -0.004910 -0.002884
-0.013308 -0.004910 0.947322 0.337961
-0.004916 -0.002884 0.337961 0.179226
11.899731 1.650473 7.990995 1.511371
0.864838 0.279222 -0.010991 -0.003707
0.279222 0.135933 -0.003703 -0.002002
-0.010991 -0.003703 0.869570 0.280264
-0.003707 -0.002002 0.280264 0.136345
12.801130 1.672975 8.839562 1.538780
0.800145 0.236581 -0.009293 -0.002894
0.236581 0.107860 -0.002891 -0.001446
-0.009293 -0.002891 0.804446 0.237520
-0.002894 -0.001446 0.237520 0.108226
12.994648 1.496626 9.968487 1.637353
0.745770 0.204478 -0.007853 -0.002278
0.204478 0.088928 -0.002275 -0.001064
-0.007853 -0.002275 0.749685 0.205313
-0.002278 -0.001064 0.205313 0.089244
12.993856 1.303721 12.723877 2.135013
0.699964 0.180004 -0.006716 -0.001825
0.180004 0.075878 -0.001823 -0.000801
-0.006716 -0.001823 0.703251 0.180670
-0.001825 -0.000801 0.180670 0.076128
13.107202 1.172543 13.123112 1.972338
0.661432 0.161206 -0.005619 -0.001440
0.161206 0.066746 -0.001438 -0.000604
-0.005619 -0.001438 0.663572 0.161590
-0.001440 -0.000604 0.161590 0.066908
14.155333 1.280181 15.083906 2.199434
0.628637 0.146599 -0.004813 -0.001168
0.146599 0.060265 -0.001167 -0.000467
-0.004813 -0.001167 0.629998 0.146817
-0.001168 -0.000467 0.146817 0.060378
14.784208 1.277651 16.338151 2.234199
0.600812 0.135236 -0.003985 -0.000919
0.135236 0.055644 -0.000918 -0.000356
-0.003985 -0.000918 0.601552 0.135336
-0.000919 -0.000356 0.135336 0.055722
15.317794 1.254610 16.616790 2.050659
0.577253 0.126399 -0.003269 -0.000719
0.126399 0.052343 -0.000718 -0.000273
-0.003269 -0.000718 0.577543 0.126425
-0.000719 -0.000273 0.126425 0.052399
15.632739 1.187609 17.476605 2.015156
0.557369 0.119549 -0.002712 -0.000571
0.119549 0.049992 -0.000570 -0.000213
-0.002712 -0.000570 0.557408 0.119544
-0.000571 -0.000213 0.119544 0.050036
15.886305 1.115683 18.053949 1.924208
0.540739 0.114284 -0.002245 -0.000453
0.114284 0.048332 -0.000452 -0.000167
-0.002245 -0.000452 0.540587 0.114258
-0.000453 -0.000167 0.114258 0.048367
16.278341 1.080984 19.034607 1.928083
0.526940 0.110279 -0.001862 -0.000360
0.110279 0.047175 -0.000360 -0.000132
-0.001862 -0.000360 0.526652 0.110240
-0.000360 -0.000132 0.110240 0.047202
16.687761 1.053685 19.575466 1.840002
0.515605 0.107274 -0.001522 -0.000283
0.107274 0.046382 -0.000282 -0.000104
-0.001522 -0.000282 0.515220 0.107226
-0.000283 -0.000104 0.107226 0.046403
16.991604 1.007460 21.025984 1.950091
0.506391 0.105056 -0.001236 -0.000220
0.105056 0.045852 -0.000220 -0.000082
-0.001236 -0.000220 0.505956 0.105007
-0.000220 -0.000082 0.105007 0.045868
17.772111 1.064854 22.156910 1.982444
0.499011 0.103458 -0.000963 -0.000164
0.103458 0.045508 -0.000164 -0.000064
-0.000963 -0.000164 0.498539 0.103407
-0.000164 -0.000064 0.103407 0.045520
18.676559 1.142059 23.284297 2.010738
0.493159 0.102333 -0.000719 -0.000116
0.102333 0.045293 -0.000116 -0.000049
-0.000719 -0.000116 0.492713 0.102290
-0.000116 -0.000049 0.102290 0.045303
19.430252 1.180034 24.346335 2.022535
0.488587 0.101566 -0.000511 -0.000077
0.101566 0.045167 -0.000077 -0.000037
-0.000511 -0.000077 0.488225 0.101542
-0.000077 -0.000037 0.101542 0.045176
20.896195 1.362537 25.405202 2.032499
0.485074 0.101066 -0.000344 -0.000049
0.101066 0.045097 -0.000049 -0.000028
-0.000344 -0.000049 0.484838 0.101066
-0.000049 -0.000028 0.101066 0.045108
21.506944 1.347808 26.412154 2.030554
0.482414 0.100758 -0.000238 -0.000033
0.100758 0.045062 -0.000033 -0.000023
-0.000238 -0.000033 0.482352 0.100789
-0.000033 -0.000023 0.100789 0.045076
22.195670 1.350904 27.115747 1.965277
0.480445 0.100586 -0.000171 -0.000025
0.100586 0.045047 -0.000025 -0.000020
-0.000171 -0.000025 0.480575 0.100649
-0.000025 -0.000020 0.100649 0.045065
22.301635 1.231420 28.300178 2.007619
0.479023 0.100507 -0.000144 -0.000024
0.100507 0.045042 -0.000024 -0.000018
-0.000144 -0.000024 0.479343 0.100598
-0.000024 -0.000018 0.100598 0.045063
22.416558 1.126146 28.784402 1.898381
0.477996 0.100480 -0.000130 -0.000025
0.100480 0.045040 -0.000025 -0.000016
-0.000130 -0.000025 0.478549 0.100607
-0.000025 -0.000016 0.100607 0.045065
22.835316 1.095763 30.205024 1.997632
0.477288 0.100487 -0.000125 -0.000026
0.100487 0.045037 -0.000026 -0.000015
-0.000125 -0.000026 0.478054 0.100645
-0.000026 -0.000015 0.100645 0.045066
23.002786 1.015573 31.363975 2.031382
0.476760 0.100501 -0.000148 -0.000032
0.100501 0.045029 -0.000032 -0.000014
-0.000148 -0.000032 0.477824 0.100706
-0.000032 -0.000014 0.100706 0.045067
23.643040 1.043523 32.376960 2.030812
0.476357 0.100511 -0.000180 -0.000038
0.100511 0.045017 -0.000038 -0.000014
-0.000180 -0.000038 0.477779 0.100774
-0.000038 -0.000014 0.100774 0.045065
24.285272 1.068961 33.738505 2.103857
0.476041 0.100516 -0.000255 -0.000052
0.100516 0.045002 -0.000052 -0.000016
-0.000255 -0.000052 0.477851 0.100840
-0.000052 -0.000016 0.100840 0.045060
25.085193 1.125037 34.755039 2.096388
0.475746 0.100505 -0.000376 -0.000075
0.100505 0.044982 -0.000075 -0.000019
-0.000376 -0.000075 0.478032 0.100906
-0.000075 -0.000019 0.100906 0.045054
26.146420 1.230434 35.959891 2.129470
0.475479 0.100485 -0.000550 -0.000107
0.100485 0.044960 -0.000107 -0.000024
-0.000550 -0.000107 0.478257 0.100963
-0.000107 -0.000024 0.100963 0.045047
26.869769 1.253269 36.391416 1.995805
0.475211 0.100453 -0.000807 -0.000153
0.100453 0.044937 -0.000153 -0.000032
-0.000807 -0.000153 0.478518 0.101013
-0.000153 -0.000032 0.101013 0.045039
27.728620 1.302358 37.270455 1.970731
0.475001 0.100426 -0.001081 -0.000200
0.100426 0.044917 -0.000200 -0.000040
-0.001081 -0.000200 0.478733 0.101043
-0.000200 -0.000040 0.101043 0.045028
28.147343 1.253192 38.102325 1.938320
0.474794 0.100393 -0.001402 -0.000253
0.100393 0.044897 -0.000254 -0.000049
-0.001402 -0.000254 0.478944 0.101066
-0.000253 -0.000049 0.101066 0.045018
28.901863 1.280247 39.100670 1.944493
0.474571 0.100354 -0.001716 -0.000302
0.100354 0.044877 -0.000303 -0.000057
-0.001716 -0.000303 0.479161 0.101087
-0.000302 -0.000057 0.101087 0.045010
29.570554 1.286308 40.193294 1.969887
0.474328 0.100308 -0.002072 -0.000358
0.100308 0.044858 -0.000358 -0.000067
-0.002072 -0.000358 0.479388 0.101109
-0.000358 -0.000067 0.101109 0.045005
30.546777 1.356791 41.380019 2.012504
0.474049 0.100254 -0.002464 -0.000419
0.100254 0.044839 -0.000419 -0.000078
-0.002464 -0.000419 0.479642 0.101135
-0.000419 -0.000078 0.101135 0.045002
31.692229 1.455562 42.343670 2.003647
0.473745 0.100197 -0.002936 -0.000494
0.100197 0.044821 -0.000495 -0.000092
-0.002936 -0.000495 0.479917 0.101165
-0.000494 -0.000092 0.101165 0.045002
32.082915 1.384120 42.907737 1.911285
0.473461 0.100145 -0.003492 -0.000584
0.100145 0.044805 -0.000585 -0.000109
-0.003492 -0.000585 0.480169 0.101191
-0.000584 -0.000109 0.101191 0.045002
33.055311 1.443409 43.827426 1.903819
0.473200 0.100100 -0.003993 -0.000659
0.100100 0.044792 -0.000659 -0.000122
-0.003993 -0.000659 0.480398 0.101212
-0.000659 -0.000122 0.101212 0.045002
33.702983 1.427616 44.494313 1.843749
0.472950 0.100058 -0.004558 -0.000744
0.100058 0.044780 -0.000745 -0.000138
-0.004558 -0.000745 0.480619 0.101233
-0.000744 -0.000138 0.101233 0.045004
34.283685 1.399496 45.499613 1.861247
0.472722 0.100022 -0.005113 -0.000826
0.100022 0.044771 -0.000827 -0.000153
-0.005113 -0.000827 0.480824 0.101253
-0.000826 -0.000153 0.101253 0.045006
34.913645 1.385038 46.939090 1.968340
0.472457 0.099978 -0.005681 -0.000908
0.099978 0.044760 -0.000909 -0.000169
-0.005681 -0.000909 0.481075 0.101284
-0.000908 -0.000169 0.101284 0.045012
35.415562 1.344358 47.431591 1.864711
0.472096 0.099915 -0.006308 -0.001002
0.099915 0.044745 -0.001003 -0.000187
-0.006308 -0.001003 0.481438 0.101340
-0.001002 -0.000187 0.101340 0.045023
35.817752 1.286942 48.024974 1.793162
0.471794 0.099867 -0.006887 -0.001083
0.099867 0.044734 -0.001084 -0.000203
-0.006887 -0.001084 0.481747 0.101382
-0.001083 -0.000203 0.101382 0.045031
