0.418755 1.129600 -2.240296 -1.788185
2.053490 0.821414 -0.226717 -0.090689
0.821414 80.332639 -0.090689 -0.036276
-0.226717 -0.090689 3.101368 1.240574
-0.090689 -0.036276 1.240574 80.500307
4.784938 8.018685 2.089434 7.145410
3.891689 6.914494 -1.786319 -2.954295
6.914494 19.434602 -3.136424 -5.831575
-1.786319 -3.136424 2.749365 4.628479
-2.954295 -5.831575 4.628479 17.927363
8.132021 7.129248 3.150193 4.049816
1.944806 2.070658 -0.695784 -0.626378
2.070658 3.952355 -0.581254 -0.827138
-0.695784 -0.581254 2.628467 3.088406
-0.626378 -0.827138 3.088406 5.856561
7.997428 4.009114 2.454008 1.567024
1.483918 1.203612 -0.351748 -0.227868
1.203612 1.653759 -0.213316 -0.299402
-0.351748 -0.213316 2.247462 1.889019
-0.227868 -0.299402 1.889019 2.399025
8.129418 2.774118 3.004554 1.386866
1.273947 0.836104 -0.150215 -0.079433
0.836104 0.876001 -0.074783 -0.128499
-0.150215 -0.074783 1.814606 1.185138
-0.079433 -0.128499 1.185138 1.162162
9.179896 2.590284 4.211722 1.663354
1.115063 0.610495 -0.111115 -0.061756
0.610495 0.517004 -0.059385 -0.084485
-0.111115 -0.059385 1.582082 0.849727
-0.061756 -0.084485 0.849727 0.674216
9.575102 2.168801 4.985011 1.644501
0.986112 0.462790 -0.154489 -0.079002
0.462790 0.330959 -0.078700 -0.070502
-0.154489 -0.078700 1.453922 0.664583
-0.079002 -0.070502 0.664583 0.440190
8.719462 1.366153 7.234357 2.228878
0.895955 0.368362 -0.190508 -0.084154
0.368362 0.228717 -0.084745 -0.056407
-0.190508 -0.084745 1.337424 0.531958
-0.084154 -0.056407 0.531958 0.304595
10.098807 1.624489 7.291515 1.851986
0.884961 0.324238 -0.257302 -0.097612
0.324238 0.175314 -0.098444 -0.050000
-0.257302 -0.098444 1.178074 0.415682
-0.097612 -0.050000 0.415682 0.214752
11.280130 1.745887 8.285684 1.871848
0.831022 0.273939 -0.262982 -0.087352
0.273939 0.134438 -0.088121 -0.038136
-0.262982 -0.088121 1.083561 0.344862
-0.087352 -0.038136 0.344862 0.162680
11.804218 1.640683 8.930546 1.787835
0.777597 0.233765 -0.246475 -0.072807
0.233765 0.106777 -0.073347 -0.028136
-0.246475 -0.073347 0.992548 0.288718
-0.072807 -0.028136 0.288718 0.127325
12.156767 1.510997 10.055916 1.849698
0.730113 0.202775 -0.226355 -0.060201
0.202775 0.087996 -0.060580 -0.020998
-0.226355 -0.060580 0.912774 0.245742
-0.060201 -0.020998 0.245742 0.103279
12.862044 1.500033 11.476515 1.974894
0.692694 0.179869 -0.205525 -0.049697
0.179869 0.075303 -0.050015 -0.015895
-0.205525 -0.050015 0.837450 0.211092
-0.049697 -0.015895 0.211092 0.086211
13.360394 1.433272 11.653812 1.779281
0.660260 0.162032 -0.181096 -0.040058
0.162032 0.066390 -0.040356 -0.011963
-0.181096 -0.040356 0.768073 0.183305
-0.040058 -0.011963 0.183305 0.073997
14.221096 1.467728 12.612920 1.796195
0.628967 0.147288 -0.160630 -0.032789
0.147288 0.059876 -0.033042 -0.009230
-0.160630 -0.033042 0.715866 0.163490
-0.032789 -0.009230 0.163490 0.065738
15.191664 1.525200 13.988176 1.904039
0.600632 0.135483 -0.139519 -0.026362
0.135483 0.055187 -0.026575 -0.007100
-0.139519 -0.026575 0.671142 0.148039
-0.026362 -0.007100 0.148039 0.059810
15.915662 1.515800 14.834960 1.880933
0.576249 0.126295 -0.117601 -0.020539
0.126295 0.051865 -0.020732 -0.005391
-0.117601 -0.020732 0.631463 0.135666
-0.020539 -0.005391 0.135666 0.055469
16.628998 1.512314 16.488475 2.031919
0.555479 0.119169 -0.098149 -0.015872
0.119169 0.049516 -0.016046 -0.004131
-0.098149 -0.016046 0.599015 0.126297
-0.015872 -0.004131 0.126297 0.052392
16.885365 1.401314 16.955878 1.912505
0.539341 0.113994 -0.079395 -0.011781
0.113994 0.047939 -0.011965 -0.003123
-0.079395 -0.011965 0.570187 0.118736
-0.011781 -0.003123 0.118736 0.050114
16.803059 1.239860 18.294233 1.985100
0.526353 0.110134 -0.064781 -0.008888
0.110134 0.046861 -0.009074 -0.002451
-0.064781 -0.009074 0.547642 0.113233
-0.008888 -0.002451 0.113233 0.048542
17.169229 1.193492 20.137459 2.159074
0.517446 0.107607 -0.052061 -0.006563
0.107607 0.046210 -0.006771 -0.001942
-0.052061 -0.006771 0.527824 0.108804
-0.006563 -0.001942 0.108804 0.047374
17.699804 1.182135 21.557390 2.228972
0.510607 0.105830 -0.039470 -0.004386
0.105830 0.045801 -0.004607 -0.001487
-0.039470 -0.004607 0.511360 0.105448
-0.004386 -0.001487 0.105448 0.046546
18.259586 1.177535 22.980599 2.292717
0.504513 0.104418 -0.028087 -0.002562
0.104418 0.045518 -0.002773 -0.001118
-0.028087 -0.002773 0.499241 0.103228
-0.002562 -0.001118 0.103228 0.046023
18.772933 1.160148 23.777017 2.219604
0.498603 0.103194 -0.018106 -0.001090
0.103194 0.045301 -0.001275 -0.000826
-0.018106 -0.001275 0.491202 0.101963
-0.001090 -0.000826 0.101963 0.045731
19.101147 1.108777 25.100974 2.263208
0.493102 0.102167 -0.010309 -0.000090
0.102167 0.045140 -0.000245 -0.000629
-0.010309 -0.000245 0.486306 0.101363
-0.000090 -0.000629 0.101363 0.045583
19.426239 1.061010 26.173629 2.250186
0.487423 0.101186 -0.003742 0.000679
0.101186 0.044994 0.000554 -0.000470
-0.003742 0.000554 0.484305 0.101326
0.000679 -0.000470 0.101326 0.045548
20.129699 1.095885 26.624264 2.108993
0.481632 0.100247 0.001429 0.001202
0.100247 0.044857 0.001104 -0.000352
0.001429 0.001104 0.484609 0.101685
0.001202 -0.000352 0.101685 0.045584
20.525139 1.063913 27.487907 2.068746
0.476335 0.099461 0.004330 0.001313
0.099461 0.044749 0.001235 -0.000308
0.004330 0.001235 0.486099 0.102184
0.001313 -0.000308 0.102184 0.045635
21.474668 1.151375 28.816944 2.130735
0.471000 0.098695 0.006039 0.001267
0.098695 0.044638 0.001203 -0.000282
0.006039 0.001203 0.488932 0.102862
0.001267 -0.000282 0.102862 0.045714
21.825346 1.104105 29.802130 2.114019
0.464602 0.097724 0.005596 0.000866
0.097724 0.044477 0.000806 -0.000320
0.005596 0.000806 0.493940 0.103895
0.000866 -0.000320 0.103895 0.045861
22.326691 1.093360 30.888903 2.120327
0.458191 0.096781 0.004420 0.000427
0.096781 0.044316 0.000363 -0.000352
0.004420 0.000363 0.499944 0.105018
0.000427 -0.000352 0.105018 0.046018
23.245283 1.172751 31.588388 2.044252
0.451652 0.095830 0.002252 -0.000118
0.095830 0.044148 -0.000193 -0.000400
0.002252 -0.000193 0.506995 0.106250
-0.000118 -0.000400 0.106250 0.046192
23.378008 1.076285 32.423193 2.005720
0.445945 0.095071 -0.001783 -0.000959
0.095071 0.044015 -0.001053 -0.000506
-0.001783 -0.001053 0.513840 0.107338
-0.000959 -0.000506 0.107338 0.046335
24.130088 1.123052 32.548146 1.822810
0.440599 0.094377 -0.005253 -0.001576
0.094377 0.043885 -0.001686 -0.000559
-0.005253 -0.001686 0.520986 0.108412
-0.001576 -0.000559 0.108412 0.046478
24.904481 1.169131 33.071211 1.742196
0.436973 0.094033 -0.009800 -0.002350
0.094033 0.043821 -0.002481 -0.000649
-0.009800 -0.002481 0.526442 0.109079
-0.002350 -0.000649 0.109079 0.046543
26.062015 1.292893 34.136778 1.782188
0.434141 0.093807 -0.015249 -0.003243
0.093807 0.043768 -0.003403 -0.000767
-0.015249 -0.003403 0.531402 0.109634
-0.003243 -0.000767 0.109634 0.046598
27.337898 1.429486 35.256038 1.829335
0.431405 0.093541 -0.022282 -0.004395
0.093541 0.043693 -0.004599 -0.000944
-0.022282 -0.004599 0.537116 0.110350
-0.004395 -0.000944 0.110350 0.046701
27.655477 1.343288 36.339560 1.863403
0.428899 0.093271 -0.030446 -0.005702
0.093271 0.043609 -0.005959 -0.001154
-0.030446 -0.005959 0.543589 0.111213
-0.005702 -0.001154 0.111213 0.046842
28.781587 1.442587 37.334657 1.877328
0.426073 0.092889 -0.036251 -0.006452
0.092889 0.043495 -0.006719 -0.001243
-0.036251 -0.006719 0.550624 0.112174
-0.006452 -0.001243 0.112174 0.047008
29.349063 1.409416 38.429007 1.908453
0.423633 0.092562 -0.041564 -0.007091
0.092562 0.043391 -0.007360 -0.001321
-0.041564 -0.007360 0.557441 0.113067
-0.007091 -0.001321 0.113067 0.047162
30.044895 1.407304 39.342309 1.900138
0.421381 0.092259 -0.043901 -0.007136
0.092259 0.043294 -0.007359 -0.001284
-0.043901 -0.007359 0.563014 0.113706
-0.007136 -0.001284 0.113706 0.047271
30.557525 1.365557 40.344939 1.909787
0.419809 0.092092 -0.043750 -0.006741
0.092092 0.043228 -0.006894 -0.001175
-0.043750 -0.006894 0.566333 0.113918
-0.006741 -0.001175 0.113918 0.047304
31.446490 1.414154 41.891518 2.029776
0.419527 0.092192 -0.040454 -0.005810
0.092192 0.043223 -0.005870 -0.000977
-0.040454 -0.005870 0.565827 0.113434
-0.005810 -0.000977 0.113434 0.047213
31.908343 1.358947 42.705935 1.988186
0.423281 0.093154 -0.032939 -0.004150
0.093154 0.043406 -0.004121 -0.000655
-0.032939 -0.004121 0.556506 0.111323
-0.004150 -0.000655 0.111323 0.046822
32.611794 1.364972 43.833841 2.015124
0.429728 0.094578 -0.025195 -0.002619
0.094578 0.043671 -0.002549 -0.000396
-0.025195 -0.002549 0.543376 0.108696
-0.002619 -0.000396 0.108696 0.046366
33.013117 1.303085 44.831810 2.011741
0.441282 0.096961 -0.018142 -0.001353
0.096961 0.044125 -0.001320 -0.000217
-0.018142 -0.001320 0.524088 0.105084
-0.001353 -0.000217 0.105084 0.045746
33.619690 1.292913 45.764452 1.996768
0.456547 0.099906 -0.013458 -0.000656
0.099906 0.044669 -0.000713 -0.000165
-0.013458 -0.000713 0.502712 0.101337
-0.000656 -0.000165 0.101337 0.045128
34.394276 1.319213 46.341403 1.911559
0.475467 0.103365 -0.012068 -0.000658
0.103365 0.045292 -0.000837 -0.000249
-0.012068 -0.000837 0.480636 0.097686
-0.000658 -0.000249 0.097686 0.044544
34.532115 1.206959 47.367338 1.924332
0.496530 0.106986 -0.014001 -0.001310
0.106986 0.045919 -0.001603 -0.000445
-0.014001 -0.001603 0.460279 0.094566
-0.001310 -0.000445 0.094566 0.044066
35.335613 1.250109 48.517201 1.963964
0.518793 0.110584 -0.018466 -0.002404
0.110584 0.046521 -0.002770 -0.000699
-0.018466 -0.002770 0.442590 0.092090
-0.002404 -0.000699 0.092090 0.043701
