2.159637 1.825968 2.767257 0.214880
2.053490 0.821414 -0.226717 -0.090689
0.821414 80.332639 -0.090689 -0.036276
-0.226717 -0.090689 3.101368 1.240574
-0.090689 -0.036276 1.240574 80.500307
4.403614 4.157306 0.535966 -3.725963
3.086218 5.481426 -1.517750 -2.514393
5.481426 16.885047 -2.652732 -5.038974
-1.517750 -2.652732 2.962323 4.994874
-2.514393 -5.038974 4.994874 18.557317
6.431019 4.331446 2.273237 0.500575
2.828400 3.119279 -0.568097 -0.387449
3.119279 5.132165 -0.521790 -0.643801
-0.568097 -0.521790 1.744142 1.993712
-0.387449 -0.643801 1.993712 4.587986
7.059433 3.122342 2.766847 0.643979
1.784059 1.406381 -0.109809 -0.012932
1.406381 1.772794 -0.055309 -0.145877
-0.109809 -0.055309 1.689179 1.497216
-0.012932 -0.145877 1.497216 2.142966
8.466399 3.027101 2.553147 0.272232
1.395592 0.880902 -0.049357 -0.019213
0.880902 0.885667 -0.037318 -0.098129
-0.049357 -0.037318 1.594630 1.101187
-0.019213 -0.098129 1.101187 1.133925
8.911409 2.434737 5.104285 1.629623
1.182773 0.627206 -0.041344 -0.028393
0.627206 0.520381 -0.037597 -0.067715
-0.041344 -0.037597 1.449486 0.812044
-0.028393 -0.067715 0.812044 0.658541
9.864448 2.316768 5.679937 1.519734
1.018201 0.467714 -0.164637 -0.087591
0.467714 0.333115 -0.092446 -0.073402
-0.164637 -0.092446 1.400390 0.660493
-0.087591 -0.073402 0.660493 0.436989
10.544676 2.114681 7.491039 1.949108
0.917355 0.371875 -0.210465 -0.093230
0.371875 0.231481 -0.096404 -0.057828
-0.210465 -0.096404 1.313052 0.532892
-0.093230 -0.057828 0.532892 0.301239
10.644228 1.769362 8.265702 1.884166
0.864792 0.313910 -0.239190 -0.090465
0.313910 0.173053 -0.092497 -0.045058
-0.239190 -0.092497 1.189816 0.424236
-0.090465 -0.045058 0.424236 0.213478
11.441396 1.741721 8.572865 1.682289
0.822372 0.270267 -0.246470 -0.081249
0.270267 0.134875 -0.082697 -0.034321
-0.246470 -0.082697 1.075631 0.343333
-0.081249 -0.034321 0.343333 0.158224
12.400305 1.767130 8.427866 1.395970
0.772101 0.232258 -0.234288 -0.068406
0.232258 0.107777 -0.069451 -0.025440
-0.234288 -0.069451 0.985348 0.286162
-0.068406 -0.025440 0.286162 0.123283
12.821302 1.636540 8.748009 1.293683
0.716414 0.199575 -0.211865 -0.055500
0.199575 0.088312 -0.056153 -0.018624
-0.211865 -0.056153 0.915978 0.245435
-0.055500 -0.018624 0.245435 0.100522
12.906692 1.450479 10.640740 1.603676
0.669793 0.174858 -0.191375 -0.045504
0.174858 0.075003 -0.045894 -0.013977
-0.191375 -0.045894 0.855212 0.213970
-0.045504 -0.013977 0.213970 0.084765
13.132991 1.331174 12.213187 1.783911
0.640957 0.158530 -0.173700 -0.037809
0.158530 0.066379 -0.038185 -0.010782
-0.173700 -0.038185 0.787377 0.185948
-0.037809 -0.010782 0.185948 0.072837
13.883499 1.348781 12.757893 1.705696
0.619248 0.146413 -0.154542 -0.030936
0.146413 0.060376 -0.031351 -0.008319
-0.154542 -0.031351 0.722881 0.162971
-0.030936 -0.008319 0.162971 0.064160
14.402024 1.316616 14.041594 1.798917
0.596670 0.135907 -0.136035 -0.025188
0.135907 0.055825 -0.025563 -0.006464
-0.136035 -0.025563 0.673177 0.146484
-0.025188 -0.006464 0.146484 0.058318
15.172395 1.343405 15.140188 1.842415
0.577577 0.127719 -0.117304 -0.020105
0.127719 0.052573 -0.020455 -0.005002
-0.117304 -0.020455 0.629741 0.133513
-0.020105 -0.005002 0.133513 0.054123
16.159134 1.404817 15.292874 1.684011
0.560238 0.121084 -0.098999 -0.015688
0.121084 0.050196 -0.015996 -0.003852
-0.098999 -0.015996 0.594083 0.123761
-0.015688 -0.003852 0.123761 0.051199
16.149037 1.256574 16.580093 1.769802
0.542814 0.115334 -0.083314 -0.012272
0.115334 0.048381 -0.012496 -0.003023
-0.083314 -0.012496 0.568416 0.117165
-0.012272 -0.003023 0.117165 0.049309
16.726499 1.251207 18.053882 1.890729
0.530572 0.111431 -0.069532 -0.009508
0.111431 0.047222 -0.009717 -0.002405
-0.069532 -0.009717 0.545159 0.111742
-0.009508 -0.002405 0.111742 0.047890
17.112804 1.205515 19.510424 1.993765
0.520830 0.108567 -0.055980 -0.006983
0.108567 0.046449 -0.007185 -0.001878
-0.055980 -0.007185 0.525513 0.107578
-0.006983 -0.001878 0.107578 0.046885
17.800867 1.225615 20.803058 2.055313
0.513228 0.106511 -0.043330 -0.004795
0.106511 0.045950 -0.004991 -0.001447
-0.043330 -0.004991 0.509491 0.104500
-0.004795 -0.001447 0.104500 0.046196
18.593230 1.266293 22.320469 2.157678
0.506492 0.104882 -0.031905 -0.002969
0.104882 0.045603 -0.003148 -0.001102
-0.031905 -0.003148 0.497682 0.102491
-0.002969 -0.001102 0.102491 0.045774
19.629835 1.348976 23.242458 2.127621
0.500082 0.103501 -0.021739 -0.001469
0.103501 0.045345 -0.001621 -0.000825
-0.021739 -0.001621 0.489804 0.101378
-0.001469 -0.000825 0.101378 0.045553
19.956812 1.276327 24.173608 2.098307
0.493853 0.102290 -0.013962 -0.000492
0.102290 0.045143 -0.000612 -0.000652
-0.013962 -0.000612 0.485388 0.100972
-0.000492 -0.000652 0.100972 0.045474
21.043415 1.369921 25.369448 2.130624
0.488279 0.101318 -0.007957 0.000144
0.101318 0.045000 0.000051 -0.000537
-0.007957 0.000051 0.483129 0.100945
0.000144 -0.000537 0.100945 0.045459
21.437734 1.308587 26.076602 2.054772
0.482449 0.100359 -0.004304 0.000342
0.100359 0.044861 0.000277 -0.000497
-0.004304 0.000277 0.483341 0.101341
0.000342 -0.000497 0.101341 0.045515
21.523223 1.189659 26.948421 2.021160
0.477204 0.099578 -0.002141 0.000320
0.099578 0.044757 0.000275 -0.000485
-0.002141 0.000275 0.484659 0.101852
0.000320 -0.000485 0.101852 0.045577
22.305203 1.229346 28.630199 2.162542
0.472154 0.098868 -0.000692 0.000248
0.098868 0.044660 0.000216 -0.000467
-0.000692 0.000216 0.487098 0.102489
0.000248 -0.000467 0.102489 0.045653
22.750580 1.193794 29.880575 2.198090
0.465729 0.097884 -0.001189 -0.000141
0.097884 0.044498 -0.000165 -0.000503
-0.001189 -0.000165 0.492131 0.103567
-0.000141 -0.000503 0.103567 0.045813
22.932838 1.106304 30.883606 2.177967
0.458905 0.096849 -0.002780 -0.000652
0.096849 0.044320 -0.000674 -0.000554
-0.002780 -0.000674 0.498665 0.104830
-0.000652 -0.000554 0.104830 0.046001
23.439933 1.096547 31.950993 2.173451
0.452235 0.095876 -0.004582 -0.001103
0.095876 0.044151 -0.001129 -0.000584
-0.004582 -0.001129 0.505993 0.106131
-0.001103 -0.000584 0.106131 0.046187
24.051238 1.110040 32.801279 2.124002
0.445767 0.094960 -0.007322 -0.001668
0.094960 0.043987 -0.001705 -0.000636
-0.007322 -0.001705 0.514014 0.107463
-0.001668 -0.000636 0.107463 0.046376
25.245388 1.246850 34.035480 2.159766
0.440037 0.094205 -0.011000 -0.002352
0.094205 0.043849 -0.002404 -0.000712
-0.011000 -0.002404 0.521984 0.108685
-0.002352 -0.000712 0.108685 0.046543
25.650676 1.199845 34.805486 2.095501
0.434751 0.093526 -0.016761 -0.003393
0.093526 0.043717 -0.003477 -0.000865
-0.016761 -0.003477 0.530458 0.109938
-0.003393 -0.000865 0.109938 0.046720
26.452033 1.243125 35.510632 2.024990
0.430295 0.093000 -0.021922 -0.004214
0.093000 0.043608 -0.004324 -0.000967
-0.021922 -0.004324 0.538485 0.111035
-0.004214 -0.000967 0.111035 0.046871
27.428930 1.319259 35.794326 1.875938
0.426824 0.092646 -0.027415 -0.005046
0.092646 0.043524 -0.005184 -0.001076
-0.027415 -0.005184 0.545802 0.111949
-0.005046 -0.001076 0.111949 0.046993
28.127271 1.326355 36.102337 1.747413
0.424770 0.092544 -0.033852 -0.006021
0.092544 0.043484 -0.006204 -0.001223
-0.033852 -0.006204 0.551771 0.112574
-0.006021 -0.001223 0.112574 0.047067
28.496365 1.263247 37.394879 1.831661
0.423640 0.092571 -0.040231 -0.006932
0.092571 0.043458 -0.007160 -0.001360
-0.040231 -0.007160 0.556776 0.113023
-0.006932 -0.001360 0.113023 0.047122
28.837985 1.200217 38.466723 1.862121
0.421771 0.092370 -0.043662 -0.007218
0.092370 0.043374 -0.007430 -0.001366
-0.043662 -0.007430 0.562183 0.113602
-0.007218 -0.001366 0.113602 0.047219
29.614747 1.239933 39.585853 1.900858
0.419987 0.092157 -0.044293 -0.006974
0.092157 0.043287 -0.007128 -0.001275
-0.044293 -0.007128 0.566281 0.113955
-0.006974 -0.001275 0.113955 0.047283
30.590025 1.321587 41.180484 2.032159
0.418951 0.092088 -0.042549 -0.006333
0.092088 0.043235 -0.006409 -0.001124
-0.042549 -0.006409 0.567887 0.113865
-0.006333 -0.001124 0.113865 0.047271
31.203131 1.312234 42.405280 2.073702
0.420561 0.092586 -0.036642 -0.004956
0.092586 0.043311 -0.004934 -0.000843
-0.036642 -0.004934 0.562818 0.112544
-0.004956 -0.000843 0.112544 0.047032
31.560203 1.244862 43.197648 2.023088
0.425798 0.093806 -0.028841 -0.003346
0.093806 0.043537 -0.003264 -0.000548
-0.028841 -0.003264 0.551125 0.110093
-0.003346 -0.000548 0.110093 0.046599
32.273200 1.264548 44.157979 2.013319
0.433385 0.095391 -0.021507 -0.001985
0.095391 0.043822 -0.001888 -0.000333
-0.021507 -0.001888 0.536782 0.107368
-0.001985 -0.000333 0.107368 0.046146
33.459772 1.385904 45.076848 1.998325
0.444997 0.097688 -0.015339 -0.000960
0.097688 0.044244 -0.000910 -0.000202
-0.015339 -0.000910 0.518322 0.104051
-0.000960 -0.000202 0.104051 0.045599
34.405222 1.438865 45.523222 1.887629
0.462254 0.100988 -0.012133 -0.000585
0.100988 0.044858 -0.000654 -0.000211
-0.012133 -0.000654 0.495563 0.100102
-0.000585 -0.000211 0.100102 0.044943
34.540723 1.313774 46.943659 1.982888
0.482054 0.104533 -0.012214 -0.000880
0.104533 0.045490 -0.001075 -0.000343
-0.012214 -0.001075 0.473822 0.096598
-0.000880 -0.000343 0.096598 0.044389
35.199358 1.313280 47.619969 1.917866
0.505272 0.108516 -0.016172 -0.001912
0.108516 0.046187 -0.002224 -0.000601
-0.016172 -0.002224 0.453023 0.093434
-0.001912 -0.000601 0.093434 0.043896
35.764998 1.292820 48.122100 1.822083
0.529880 0.112485 -0.023359 -0.003502
0.112485 0.046856 -0.003883 -0.000938
-0.023359 -0.003883 0.435382 0.091004
-0.003502 -0.000938 0.091004 0.043532
