3.432867 2.335271 0.969601 -0.504199
2.490737 0.996316 -0.101026 -0.040411
0.996316 80.402602 -0.040411 -0.016165
-0.101026 -0.040411 2.420540 0.968237
-0.040411 -0.016165 0.968237 80.391370
4.283433 1.784442 1.058020 0.089863
2.245354 3.920964 -0.100409 -0.156335
3.920964 15.295296 -0.155387 -0.529853
-0.100409 -0.155387 2.283782 4.001976
-0.156335 -0.529853 4.001976 15.258356
3.777723 0.172273 3.435069 2.772149
1.987349 2.301472 -0.089507 -0.097825
2.301472 4.566650 -0.097674 -0.182801
-0.089507 -0.097674 2.023384 2.330172
-0.097825 -0.182801 2.330172 4.550479
3.684448 0.020608 4.711880 2.680283
1.716506 1.449482 -0.071587 -0.058094
1.449482 1.923017 -0.058061 -0.076476
-0.071587 -0.058061 1.717362 1.440623
-0.058094 -0.076476 1.440623 1.899622
4.139445 0.313839 4.500581 1.659190
1.489215 0.984972 -0.058822 -0.038065
0.984972 0.984018 -0.038048 -0.038760
-0.058822 -0.038048 1.477719 0.972733
-0.038065 -0.038760 0.972733 0.970574
6.126844 1.308646 6.525897 2.307200
1.305431 0.709301 -0.051106 -0.027548
0.709301 0.571223 -0.027540 -0.022650
-0.051106 -0.027540 1.296064 0.702172
-0.027548 -0.022650 0.702172 0.565399
9.041791 2.352176 6.595173 1.807517
1.159586 0.535292 -0.040174 -0.018524
0.535292 0.363475 -0.018515 -0.013268
-0.040174 -0.018515 1.152529 0.531090
-0.018524 -0.013268 0.531090 0.360719
9.976533 2.255067 7.970535 1.996991
1.039977 0.418211 -0.031321 -0.012726
0.418211 0.247806 -0.012720 -0.008234
-0.031321 -0.012720 1.039990 0.417761
-0.012726 -0.008234 0.417761 0.247243
10.426977 2.013086 9.097320 2.042961
0.944386 0.337471 -0.024889 -0.009124
0.337471 0.179231 -0.009119 -0.005426
-0.024889 -0.009119 0.946599 0.337935
-0.009124 -0.005426 0.337935 0.179165
11.422487 2.009669 9.661567 1.895536
0.866384 0.279639 -0.020376 -0.006853
0.279639 0.136236 -0.006849 -0.003771
-0.020376 -0.006849 0.868710 0.280110
-0.006853 -0.003771 0.280110 0.136231
12.380449 1.995992 10.085572 1.740868
0.801249 0.236883 -0.016956 -0.005292
0.236883 0.108087 -0.005289 -0.002714
-0.016956 -0.005289 0.803861 0.237412
-0.005292 -0.002714 0.237412 0.108134
12.794828 1.835945 11.030184 1.761388
0.746437 0.204671 -0.014296 -0.004175
0.204671 0.089093 -0.004172 -0.002006
-0.014296 -0.004172 0.749428 0.205272
-0.004175 -0.002006 0.205272 0.089179
13.337818 1.739436 12.119826 1.815186
0.700394 0.180146 -0.012181 -0.003348
0.180146 0.076006 -0.003346 -0.001514
-0.012181 -0.003346 0.703152 0.180649
-0.003348 -0.001514 0.180649 0.076076
14.368786 1.778677 13.302597 1.882148
0.661516 0.161269 -0.010375 -0.002697
0.161269 0.066834 -0.002695 -0.001156
-0.010375 -0.002695 0.663763 0.161625
-0.002697 -0.001156 0.161625 0.066877
15.203935 1.766068 14.068765 1.841405
0.628533 0.146625 -0.008708 -0.002150
0.146625 0.060331 -0.002148 -0.000884
-0.008708 -0.002148 0.630319 0.146868
-0.002150 -0.000884 0.146868 0.060356
15.667476 1.671563 15.352951 1.923214
0.600539 0.135230 -0.007294 -0.001717
0.135230 0.055691 -0.001715 -0.000682
-0.007294 -0.001715 0.602000 0.135405
-0.001717 -0.000682 0.135405 0.055708
16.435969 1.656794 16.796839 2.028758
0.576965 0.126395 -0.006073 -0.001367
0.126395 0.052381 -0.001365 -0.000528
-0.006073 -0.001365 0.577975 0.126481
-0.001367 -0.000528 0.126481 0.052386
17.554182 1.718988 17.539135 1.970423
0.557158 0.119562 -0.004968 -0.001071
0.119562 0.050027 -0.001070 -0.000408
-0.004968 -0.001070 0.557733 0.119571
-0.001071 -0.000408 0.119571 0.050022
18.509224 1.739198 18.714685 2.010642
0.540537 0.114297 -0.004019 -0.000832
0.114297 0.048360 -0.000831 -0.000315
-0.004019 -0.000831 0.540881 0.114278
-0.000832 -0.000315 0.114278 0.048355
19.451276 1.754357 19.550398 1.975156
0.526747 0.110289 -0.003196 -0.000636
0.110289 0.047196 -0.000635 -0.000243
-0.003196 -0.000635 0.526920 0.110255
-0.000636 -0.000243 0.110255 0.047193
19.793744 1.643003 19.847169 1.831394
0.515405 0.107278 -0.002512 -0.000481
0.107278 0.046398 -0.000480 -0.000188
-0.002512 -0.000480 0.515480 0.107243
-0.000481 -0.000188 0.107243 0.046397
20.617923 1.643546 20.620418 1.801841
0.506191 0.105056 -0.001977 -0.000366
0.105056 0.045862 -0.000365 -0.000147
-0.001977 -0.000365 0.506208 0.105024
-0.000366 -0.000147 0.105024 0.045864
20.817326 1.514455 21.399553 1.776534
0.498802 0.103452 -0.001538 -0.000276
0.103452 0.045514 -0.000275 -0.000115
-0.001538 -0.000275 0.498791 0.103427
-0.000276 -0.000115 0.103427 0.045519
21.075153 1.410812 22.508318 1.822258
0.492971 0.102327 -0.001190 -0.000208
0.102327 0.045298 -0.000207 -0.000091
-0.001190 -0.000207 0.492939 0.102308
-0.000208 -0.000091 0.102308 0.045303
21.731611 1.400662 23.825150 1.906611
0.488436 0.101564 -0.000911 -0.000156
0.101564 0.045170 -0.000155 -0.000073
-0.000911 -0.000155 0.488408 0.101553
-0.000156 -0.000073 0.101553 0.045177
22.168319 1.345739 25.067695 1.966875
0.484949 0.101065 -0.000703 -0.000119
0.101065 0.045098 -0.000119 -0.000059
-0.000703 -0.000119 0.484989 0.101074
-0.000119 -0.000059 0.101074 0.045109
22.232926 1.218657 25.774070 1.908967
0.482302 0.100756 -0.000560 -0.000096
0.100756 0.045062 -0.000095 -0.000049
-0.000560 -0.000095 0.482487 0.100797
-0.000096 -0.000049 0.100797 0.045078
22.680472 1.184773 26.538053 1.869071
0.480337 0.100581 -0.000453 -0.000079
0.100581 0.045046 -0.000079 -0.000041
-0.000453 -0.000079 0.480701 0.100658
-0.000079 -0.000041 0.100658 0.045067
23.641890 1.262208 27.274218 1.827454
0.478900 0.100495 -0.000400 -0.000073
0.100495 0.045039 -0.000072 -0.000036
-0.000400 -0.000072 0.479481 0.100613
-0.000073 -0.000036 0.100613 0.045067
23.886777 1.181022 28.784339 1.952814
0.477874 0.100467 -0.000435 -0.000083
0.100467 0.045036 -0.000083 -0.000035
-0.000435 -0.000083 0.478683 0.100623
-0.000083 -0.000035 0.100623 0.045070
24.948798 1.280308 29.967149 1.996272
0.477068 0.100452 -0.000515 -0.000100
0.100452 0.045028 -0.000100 -0.000035
-0.000515 -0.000100 0.478285 0.100683
-0.000100 -0.000035 0.100683 0.045075
24.897775 1.134587 30.777068 1.956592
0.476452 0.100447 -0.000718 -0.000140
0.100447 0.045017 -0.000140 -0.000041
-0.000718 -0.000140 0.478143 0.100761
-0.000140 -0.000041 0.100761 0.045079
25.256352 1.090547 31.914854 1.990219
0.475958 0.100441 -0.000893 -0.000170
0.100441 0.045002 -0.000170 -0.000043
-0.000893 -0.000170 0.478189 0.100846
-0.000170 -0.000043 0.100846 0.045080
25.817111 1.093810 32.784216 1.963688
0.475510 0.100422 -0.001108 -0.000206
0.100422 0.044982 -0.000205 -0.000048
-0.001108 -0.000205 0.478397 0.100937
-0.000206 -0.000048 0.100937 0.045080
26.448193 1.111566 33.400243 1.886495
0.475117 0.100396 -0.001380 -0.000251
0.100396 0.044960 -0.000251 -0.000054
-0.001380 -0.000251 0.478679 0.101018
-0.000251 -0.000054 0.101018 0.045076
26.791712 1.066709 34.469587 1.913082
0.474794 0.100370 -0.001704 -0.000304
0.100370 0.044938 -0.000304 -0.000063
-0.001704 -0.000304 0.478965 0.101082
-0.000304 -0.000063 0.101082 0.045069
27.206261 1.041614 35.603191 1.950427
0.474427 0.100323 -0.002057 -0.000360
0.100323 0.044912 -0.000360 -0.000072
-0.002057 -0.000360 0.479334 0.101148
-0.000360 -0.000072 0.101148 0.045065
27.959879 1.090869 36.638831 1.963222
0.473999 0.100256 -0.002455 -0.000422
0.100256 0.044884 -0.000423 -0.000082
-0.002455 -0.000423 0.479779 0.101220
-0.000422 -0.000082 0.101220 0.045062
28.667131 1.125162 37.859686 2.013722
0.473552 0.100182 -0.002958 -0.000504
0.100182 0.044856 -0.000505 -0.000097
-0.002958 -0.000505 0.480247 0.101288
-0.000504 -0.000097 0.101288 0.045061
29.074533 1.092272 38.690010 1.976454
0.473042 0.100093 -0.003565 -0.000604
0.100093 0.044827 -0.000605 -0.000115
-0.003565 -0.000605 0.480776 0.101362
-0.000604 -0.000115 0.101362 0.045063
29.791150 1.128167 39.190889 1.873812
0.472528 0.100004 -0.004169 -0.000698
0.100004 0.044800 -0.000699 -0.000132
-0.004169 -0.000699 0.481303 0.101431
-0.000698 -0.000132 0.101431 0.045065
30.399064 1.137475 40.192187 1.887397
0.472111 0.099937 -0.004814 -0.000798
0.099937 0.044780 -0.000798 -0.000150
-0.004814 -0.000798 0.481725 0.101475
-0.000798 -0.000150 0.101475 0.045065
30.756341 1.092650 41.041585 1.867426
0.471652 0.099861 -0.005523 -0.000907
0.099861 0.044758 -0.000907 -0.000170
-0.005523 -0.000907 0.482190 0.101528
-0.000907 -0.000170 0.101528 0.045068
31.030318 1.035254 42.419255 1.960694
0.471160 0.099780 -0.006214 -0.001008
0.099780 0.044737 -0.001009 -0.000188
-0.006214 -0.001009 0.482688 0.101589
-0.001008 -0.000188 0.101589 0.045075
31.729350 1.073643 43.347074 1.949776
0.470500 0.099664 -0.006930 -0.001113
0.099664 0.044709 -0.001114 -0.000208
-0.006930 -0.001114 0.483370 0.101689
-0.001113 -0.000208 0.101689 0.045092
32.711890 1.167697 43.848050 1.850487
0.469862 0.099558 -0.007738 -0.001235
0.099558 0.044685 -0.001236 -0.000232
-0.007738 -0.001236 0.484045 0.101784
-0.001235 -0.000232 0.101784 0.045108
33.132863 1.133162 44.763750 1.848328
0.469397 0.099492 -0.008656 -0.001377
0.099492 0.044670 -0.001379 -0.000260
-0.008656 -0.001379 0.484555 0.101843
-0.001377 -0.000260 0.101843 0.045116
33.948837 1.186084 45.724705 1.856322
0.468887 0.099416 -0.009565 -0.001513
0.099416 0.044652 -0.001515 -0.000286
-0.009565 -0.001515 0.485129 0.101918
-0.001513 -0.000286 0.101918 0.045130
34.950950 1.273039 46.807112 1.889200
0.468385 0.099342 -0.010593 -0.001671
0.099342 0.044636 -0.001673 -0.000317
-0.010593 -0.001673 0.485720 0.101996
-0.001671 -0.000317 0.101996 0.045145
35.347034 1.221896 47.658171 1.869247
0.467890 0.099269 -0.011803 -0.001862
0.099269 0.044619 -0.001866 -0.000355
-0.011803 -0.001866 0.486343 0.102081
-0.001862 -0.000355 0.102081 0.045162
