5.178323 3.033468 -1.460476 -1.476250
2.490737 0.996316 -0.101026 -0.040411
0.996316 80.402602 -0.040411 -0.016165
-0.101026 -0.040411 2.420540 0.968237
-0.040411 -0.016165 0.968237 80.391370
7.305835 4.154696 4.017077 9.423505
2.219941 3.876580 -0.099981 -0.155806
3.876580 15.217782 -0.154404 -0.528517
-0.099981 -0.154404 2.310605 4.048992
-0.155806 -0.528517 4.048992 15.340768
8.274190 2.850582 2.922101 2.744593
1.995000 2.314502 -0.052345 -0.055120
2.314502 4.581990 -0.054700 -0.133336
-0.052345 -0.054700 2.010286 2.311129
-0.055120 -0.133336 2.311129 4.528428
6.795338 0.398515 3.763249 2.300929
1.702990 1.438067 -0.048560 -0.041939
1.438067 1.911245 -0.041845 -0.064390
-0.048560 -0.041845 1.727820 1.449878
-0.041939 -0.064390 1.449878 1.909691
6.177096 -0.141630 4.103285 1.768459
1.475867 0.976610 -0.047900 -0.033160
0.976610 0.977714 -0.033136 -0.035898
-0.047900 -0.033136 1.489535 0.980376
-0.033160 -0.035898 0.980376 0.976403
6.616370 0.135185 5.676185 2.140898
1.296725 0.705119 -0.045199 -0.025611
0.705119 0.568581 -0.025603 -0.021433
-0.045199 -0.025603 1.303909 0.706052
-0.025611 -0.021433 0.706052 0.567828
6.526930 0.062716 6.607634 2.076979
1.154887 0.533526 -0.038881 -0.018580
0.533526 0.362397 -0.018571 -0.012992
-0.038881 -0.018571 1.157049 0.532855
-0.018580 -0.012992 0.532855 0.361738
7.575248 0.471976 7.408454 1.981155
1.040829 0.418790 -0.033696 -0.013940
0.418790 0.247821 -0.013933 -0.008405
-0.033696 -0.013933 1.039444 0.417337
-0.013940 -0.008405 0.417337 0.247236
9.174743 0.959180 8.794944 2.122122
0.946668 0.338333 -0.028657 -0.010472
0.338333 0.179334 -0.010466 -0.005614
-0.028657 -0.010466 0.944743 0.337223
-0.010472 -0.005614 0.337223 0.179068
9.940424 1.051473 10.005371 2.170247
0.868464 0.280238 -0.023539 -0.007727
0.280238 0.136250 -0.007723 -0.003801
-0.023539 -0.007723 0.866943 0.279589
-0.007727 -0.003801 0.279589 0.136203
10.953842 1.195658 10.162322 1.895964
0.803404 0.237394 -0.019393 -0.005804
0.237394 0.108091 -0.005801 -0.002661
-0.019393 -0.005801 0.801914 0.236935
-0.005804 -0.002661 0.236935 0.108110
12.945566 1.577588 10.790705 1.808310
0.748340 0.205040 -0.016289 -0.004498
0.205040 0.089076 -0.004496 -0.001935
-0.016289 -0.004496 0.747668 0.204914
-0.004498 -0.001935 0.204914 0.089176
14.223021 1.703162 11.076351 1.649290
0.701500 0.180270 -0.013412 -0.003446
0.180270 0.075944 -0.003445 -0.001416
-0.013412 -0.003445 0.702114 0.180517
-0.003446 -0.001416 0.180517 0.076118
14.401925 1.539341 12.343482 1.757089
0.661759 0.161180 -0.011083 -0.002671
0.161180 0.066741 -0.002671 -0.001058
-0.011083 -0.002671 0.663545 0.161698
-0.002671 -0.001058 0.161698 0.066953
14.975923 1.493788 13.902278 1.915691
0.628439 0.146480 -0.009243 -0.002104
0.146480 0.060245 -0.002103 -0.000806
-0.009243 -0.002103 0.630423 0.146998
-0.002104 -0.000806 0.146998 0.060428
15.048641 1.342109 15.062013 1.961050
0.600416 0.135104 -0.007633 -0.001648
0.135104 0.055626 -0.001648 -0.000618
-0.007633 -0.001648 0.602120 0.135515
-0.001648 -0.000618 0.135515 0.055762
14.745154 1.128762 16.146946 1.983769
0.576867 0.126296 -0.006338 -0.001304
0.126296 0.052335 -0.001304 -0.000480
-0.006338 -0.001304 0.578063 0.126565
-0.001304 -0.000480 0.126565 0.052425
15.521164 1.174246 17.689244 2.101857
0.557178 0.119507 -0.005309 -0.001045
0.119507 0.049998 -0.001045 -0.000379
-0.005309 -0.001045 0.557705 0.119616
-0.001045 -0.000379 0.119616 0.050044
16.011074 1.153658 18.522576 2.055848
0.540708 0.114285 -0.004327 -0.000814
0.114285 0.048347 -0.000814 -0.000296
-0.004327 -0.000814 0.540699 0.114280
-0.000814 -0.000296 0.114280 0.048364
16.731023 1.183605 19.506729 2.046714
0.527021 0.110307 -0.003500 -0.000630
0.110307 0.047193 -0.000630 -0.000232
-0.003500 -0.000630 0.526635 0.110230
-0.000630 -0.000232 0.110230 0.047193
17.234101 1.165021 19.894422 1.914412
0.515742 0.107313 -0.002781 -0.000479
0.107313 0.046400 -0.000479 -0.000182
-0.002781 -0.000479 0.515133 0.107202
-0.000479 -0.000182 0.107202 0.046392
17.880693 1.178357 21.073036 1.960373
0.506552 0.105098 -0.002206 -0.000365
0.105098 0.045867 -0.000366 -0.000145
-0.002206 -0.000366 0.505836 0.104977
-0.000365 -0.000145 0.104977 0.045857
18.001003 1.081275 22.855274 2.126653
0.499164 0.103495 -0.001694 -0.000269
0.103495 0.045521 -0.000269 -0.000114
-0.001694 -0.000269 0.498418 0.103379
-0.000269 -0.000114 0.103379 0.045511
19.328938 1.244655 23.970927 2.137629
0.493315 0.102368 -0.001212 -0.000181
0.102368 0.045305 -0.000182 -0.000087
-0.001212 -0.000182 0.492584 0.102263
-0.000181 -0.000087 0.102263 0.045295
19.870686 1.227951 25.447377 2.222401
0.488688 0.101587 -0.000836 -0.000118
0.101587 0.045174 -0.000118 -0.000068
-0.000836 -0.000118 0.488145 0.101526
-0.000118 -0.000068 0.101526 0.045172
20.287641 1.186852 25.963092 2.098251
0.485085 0.101068 -0.000530 -0.000070
0.101068 0.045099 -0.000070 -0.000053
-0.000530 -0.000070 0.484845 0.101069
-0.000070 -0.000053 0.101069 0.045108
21.219241 1.257457 26.500368 1.991315
0.482360 0.100747 -0.000311 -0.000039
0.100747 0.045061 -0.000039 -0.000042
-0.000311 -0.000039 0.482421 0.100805
-0.000039 -0.000042 0.100805 0.045079
22.388810 1.370688 27.465159 1.984865
0.480328 0.100564 -0.000196 -0.000029
0.100564 0.045044 -0.000029 -0.000036
-0.000196 -0.000029 0.480704 0.100675
-0.000029 -0.000036 0.100675 0.045069
23.301150 1.418317 28.260404 1.943484
0.478817 0.100467 -0.000194 -0.000039
0.100467 0.045036 -0.000039 -0.000035
-0.000194 -0.000039 0.479560 0.100640
-0.000039 -0.000035 0.100640 0.045070
23.586829 1.329288 29.490475 1.997794
0.477719 0.100429 -0.000279 -0.000063
0.100429 0.045031 -0.000063 -0.000036
-0.000279 -0.000063 0.478836 0.100660
-0.000063 -0.000036 0.100660 0.045075
24.379911 1.356335 30.275631 1.952798
0.476870 0.100411 -0.000396 -0.000089
0.100411 0.045023 -0.000089 -0.000037
-0.000396 -0.000089 0.478481 0.100723
-0.000089 -0.000037 0.100723 0.045080
25.423342 1.433346 31.227740 1.947677
0.476249 0.100410 -0.000589 -0.000127
0.100410 0.045013 -0.000127 -0.000041
-0.000589 -0.000127 0.478346 0.100798
-0.000127 -0.000041 0.100798 0.045083
25.957705 1.394864 31.661507 1.833790
0.475778 0.100413 -0.000892 -0.000184
0.100413 0.045000 -0.000184 -0.000049
-0.000892 -0.000184 0.478371 0.100875
-0.000184 -0.000049 0.100875 0.045082
26.423953 1.346039 32.697181 1.858840
0.475450 0.100421 -0.001206 -0.000237
0.100421 0.044985 -0.000237 -0.000056
-0.001206 -0.000237 0.478458 0.100938
-0.000237 -0.000056 0.100938 0.045076
26.783648 1.279804 33.345824 1.799570
0.475133 0.100410 -0.001556 -0.000294
0.100410 0.044965 -0.000294 -0.000064
-0.001556 -0.000294 0.478665 0.101004
-0.000294 -0.000064 0.101004 0.045071
27.648704 1.327434 34.494235 1.852062
0.474852 0.100391 -0.001902 -0.000347
0.100391 0.044944 -0.000347 -0.000071
-0.001902 -0.000347 0.478909 0.101061
-0.000347 -0.000071 0.101061 0.045064
28.168443 1.296903 34.912713 1.744941
0.474544 0.100353 -0.002365 -0.000421
0.100353 0.044919 -0.000421 -0.000083
-0.002365 -0.000421 0.479221 0.101119
-0.000421 -0.000083 0.101119 0.045058
28.295423 1.186590 35.723120 1.731732
0.474296 0.100321 -0.002821 -0.000490
0.100321 0.044898 -0.000491 -0.000094
-0.002821 -0.000491 0.479484 0.101156
-0.000490 -0.000094 0.101156 0.045049
28.776761 1.162985 36.868614 1.790679
0.473990 0.100270 -0.003237 -0.000549
0.100270 0.044873 -0.000549 -0.000103
-0.003237 -0.000549 0.479804 0.101199
-0.000549 -0.000103 0.101199 0.045043
30.007094 1.300458 38.335495 1.911419
0.473596 0.100197 -0.003717 -0.000619
0.100197 0.044847 -0.000620 -0.000116
-0.003717 -0.000620 0.480210 0.101255
-0.000619 -0.000116 0.101255 0.045043
31.009727 1.375217 39.752256 2.008750
0.473130 0.100110 -0.004449 -0.000741
0.100110 0.044819 -0.000742 -0.000139
-0.004449 -0.000742 0.480690 0.101323
-0.000741 -0.000139 0.101323 0.045046
31.069230 1.242285 40.739998 2.004934
0.472590 0.100010 -0.005362 -0.000895
0.100010 0.044791 -0.000896 -0.000169
-0.005362 -0.000896 0.481250 0.101403
-0.000895 -0.000169 0.101403 0.045054
31.616420 1.226671 41.809090 2.018923
0.471966 0.099896 -0.006164 -0.001018
0.099896 0.044762 -0.001018 -0.000191
-0.006164 -0.001018 0.481893 0.101497
-0.001018 -0.000191 0.101497 0.045065
31.979644 1.173734 42.842759 2.023844
0.471313 0.099781 -0.007005 -0.001144
0.099781 0.044734 -0.001145 -0.000214
-0.007005 -0.001145 0.482573 0.101594
-0.001144 -0.000214 0.101594 0.045079
32.433262 1.145470 43.800061 2.012242
0.470617 0.099663 -0.007832 -0.001265
0.099663 0.044707 -0.001265 -0.000236
-0.007832 -0.001265 0.483305 0.101700
-0.001265 -0.000236 0.101700 0.045095
33.161600 1.178751 45.144194 2.083482
0.469918 0.099548 -0.008669 -0.001385
0.099548 0.044682 -0.001385 -0.000259
-0.008669 -0.001385 0.484054 0.101805
-0.001385 -0.000259 0.101805 0.045112
33.950034 1.220659 45.919468 2.027674
0.469149 0.099423 -0.009649 -0.001533
0.099423 0.044656 -0.001534 -0.000288
-0.009649 -0.001534 0.484903 0.101929
-0.001533 -0.000288 0.101929 0.045133
34.753946 1.261917 47.112164 2.065484
0.468493 0.099325 -0.010701 -0.001693
0.099325 0.044636 -0.001694 -0.000319
-0.010701 -0.001694 0.485657 0.102030
-0.001693 -0.000319 0.102030 0.045150
34.981232 1.175604 47.630550 1.956935
0.467816 0.099224 -0.011884 -0.001876
0.099224 0.044615 -0.001877 -0.000356
-0.011884 -0.001877 0.486471 0.102143
-0.001876 -0.000356 0.102143 0.045170
35.887872 1.243065 48.467665 1.927738
0.467217 0.099141 -0.012898 -0.002019
0.099141 0.044598 -0.002020 -0.000383
-0.012898 -0.002020 0.487204 0.102237
-0.002019 -0.000383 0.102237 0.045188
