-1.912423 0.197109 4.691952 0.984774
41.463505 16.585761 -56.479068 -22.592117
16.585761 86.638515 -22.592117 -9.037042
-56.479068 -22.592117 80.538224 32.215988
-22.592117 -9.037042 32.215988 92.890741
1.860432 4.485723 3.814578 2.024898
63.315110 33.052827 -87.243575 -43.324279
33.052827 38.472665 -43.316879 -41.870225
-87.243575 -43.316879 123.685606 63.037576
-43.324279 -41.870225 63.037576 67.451195
6.320052 4.946745 -0.013057 -0.655667
68.347156 39.431923 -73.880748 -29.372435
39.431923 33.896248 -41.875351 -30.350583
-73.880748 -41.875351 82.100620 33.333063
-29.372435 -30.350583 33.333063 34.278383
5.042019 3.113757 3.752052 1.072362
32.943243 15.523274 -22.697876 -2.939386
15.523274 13.863020 -10.753014 -9.941195
-22.697876 -10.753014 16.967034 3.252242
-2.939386 -9.941195 3.252242 13.431368
8.188131 3.696495 3.521209 1.114073
32.564434 16.670325 -25.367125 -11.994020
16.670325 12.109062 -13.670931 -11.077936
-25.367125 -13.670931 21.158294 11.204137
-11.994020 -11.077936 11.204137 12.349045
13.093349 5.025867 1.681708 0.088362
45.499770 18.458354 -32.495421 -11.804936
18.458354 9.342701 -13.675705 -7.259541
-32.495421 -13.675705 24.386301 9.715996
-11.804936 -7.259541 9.715996 6.971669
12.750757 3.967535 3.923601 0.910039
18.952691 4.954600 -8.875597 -0.217497
4.954600 2.366522 -2.641532 -1.410627
-8.875597 -2.641532 5.042967 0.914635
-0.217497 -1.410627 0.914635 2.069133
15.401471 4.425569 3.297348 0.218511
24.131045 6.013274 -10.406316 -0.832086
6.013274 2.193876 -2.894744 -1.071174
-10.406316 -2.894744 5.307765 1.049657
-0.832086 -1.071174 1.049657 1.345184
17.076207 4.392480 3.352276 0.039481
24.294255 4.957657 -7.914592 0.405400
4.957657 1.467854 -1.856115 -0.460905
-7.914592 -1.856115 3.299823 0.402201
0.405400 -0.460905 0.402201 0.829012
16.910503 3.585167 5.226729 0.786501
24.697308 4.261305 -5.711116 1.191500
4.261305 1.051418 -1.184579 -0.154296
-5.711116 -1.184579 1.972587 0.153417
1.191500 -0.154296 0.153417 0.600478
17.568408 3.287656 6.242724 0.978150
28.373376 4.752937 -5.950795 0.863654
4.752937 1.026350 -1.167828 -0.104528
-5.950795 -1.167828 1.860434 0.178847
0.863654 -0.104528 0.178847 0.404654
17.543311 3.020967 7.051690 0.944642
32.233823 5.172779 -6.266324 0.601184
5.172779 1.002771 -1.147918 -0.078149
-6.266324 -1.147918 1.789420 0.182013
0.601184 -0.078149 0.182013 0.279492
21.463556 3.272427 7.610501 1.217567
34.666592 5.397408 -6.821192 0.150972
5.397408 0.975009 -1.179970 -0.101678
-6.821192 -1.179970 1.876632 0.220464
0.150972 -0.101678 0.220464 0.196835
19.693319 2.710426 9.173726 1.349272
19.873480 2.563780 -1.887632 0.783908
2.563780 0.439383 -0.338557 0.010482
-1.887632 -0.338557 0.668570 0.131891
0.783908 0.010482 0.131891 0.176808
21.143768 2.746675 9.703135 1.299098
21.532911 2.715925 -1.906504 0.630148
2.715925 0.434783 -0.322019 0.010484
-1.906504 -0.322019 0.629111 0.122418
0.630148 0.010484 0.122418 0.133328
21.998796 2.683115 10.396861 1.288062
22.113852 2.574426 -1.029783 0.776783
2.574426 0.380069 -0.189289 0.037445
-1.029783 -0.189289 0.479963 0.118387
0.776783 0.037445 0.118387 0.119910
19.409017 2.136749 11.887013 1.406018
21.049159 2.245521 0.085054 0.910217
2.245521 0.311696 -0.051282 0.055501
0.085054 -0.051282 0.410100 0.140559
0.910217 0.055501 0.140559 0.116676
19.455552 2.028955 12.587032 1.371344
13.863316 1.555366 -0.637739 0.256848
1.555366 0.240986 -0.125783 -0.004665
-0.637739 -0.125783 0.425245 0.112845
0.256848 -0.004665 0.112845 0.071702
23.735923 2.342050 13.482194 1.523450
11.774460 1.352304 -1.057348 0.008611
1.352304 0.217237 -0.168331 -0.025564
-1.057348 -0.168331 0.475249 0.112475
0.008611 -0.025564 0.112475 0.058788
19.887722 1.725700 15.232452 1.681814
6.446135 0.644272 0.097661 0.184170
0.644272 0.122858 -0.029838 -0.002539
0.097661 -0.029838 0.369036 0.106978
0.184170 -0.002539 0.106978 0.058116
22.770981 1.881378 16.574162 1.856879
5.190506 0.555608 -0.278791 0.022584
0.555608 0.115878 -0.065414 -0.014777
-0.278791 -0.065414 0.372681 0.096400
0.022584 -0.014777 0.096400 0.048911
23.867193 1.895751 17.519541 1.863918
4.372157 0.436694 0.100570 0.098754
0.436694 0.098142 -0.019948 -0.003771
0.100570 -0.019948 0.347619 0.093396
0.098754 -0.003771 0.093396 0.047715
23.096947 1.710422 18.555356 1.868957
2.829533 0.259538 0.401631 0.139172
0.259538 0.077274 0.008594 0.001191
0.401631 0.008594 0.411143 0.110949
0.139172 0.001191 0.110949 0.051304
23.970163 1.733293 19.225763 1.802580
2.549448 0.231056 0.573175 0.160692
0.231056 0.073714 0.023661 0.004396
0.573175 0.023661 0.485926 0.126035
0.160692 0.004396 0.126035 0.053463
23.932779 1.633710 20.066529 1.788144
1.785773 0.155292 0.625726 0.153399
0.155292 0.065839 0.022284 0.003576
0.625726 0.022284 0.611891 0.150622
0.153399 0.003576 0.150622 0.057631
24.717815 1.639576 20.846440 1.760996
1.251351 0.108560 0.600254 0.133673
0.108560 0.061453 0.012408 0.001452
0.600254 0.012408 0.742687 0.173322
0.133673 0.001452 0.173322 0.061042
25.753322 1.656477 21.888081 1.794917
0.777104 0.073234 0.447030 0.091308
0.073234 0.058799 -0.011410 -0.003176
0.447030 -0.011410 0.835762 0.186436
0.091308 -0.003176 0.186436 0.062398
26.742683 1.679039 22.841502 1.804012
0.499491 0.062170 0.256851 0.046552
0.062170 0.058987 -0.038522 -0.007961
0.256851 -0.038522 0.887893 0.190378
0.046552 -0.007961 0.190378 0.061986
27.929943 1.719525 24.079924 1.867206
0.382249 0.067834 0.098822 0.013077
0.067834 0.060710 -0.062613 -0.011654
0.098822 -0.062613 0.956492 0.197103
0.013077 -0.011654 0.197103 0.062253
28.618484 1.698281 24.775148 1.822713
0.352864 0.082912 -0.050885 -0.015160
0.082912 0.063258 -0.085883 -0.014852
-0.050885 -0.085883 1.031586 0.204058
-0.015160 -0.014852 0.204058 0.062569
29.410417 1.691830 25.548127 1.796980
0.375225 0.101800 -0.192239 -0.038537
0.101800 0.065686 -0.108768 -0.017680
-0.192239 -0.108768 1.145162 0.217043
-0.038537 -0.017680 0.217043 0.063981
30.367328 1.712261 26.673710 1.838806
0.434269 0.123085 -0.339894 -0.060292
0.123085 0.067921 -0.132229 -0.020395
-0.339894 -0.132229 1.287862 0.233471
-0.060292 -0.020395 0.233471 0.065867
31.195165 1.706801 27.480998 1.818449
0.529362 0.147481 -0.503178 -0.082151
0.147481 0.070341 -0.156971 -0.023136
-0.503178 -0.156971 1.441644 0.249593
-0.082151 -0.023136 0.249593 0.067487
32.248985 1.759059 28.617752 1.863073
0.652450 0.172858 -0.682806 -0.104237
0.172858 0.072464 -0.182650 -0.025871
-0.682806 -0.182650 1.624975 0.268657
-0.104237 -0.025871 0.268657 0.069447
33.074002 1.744596 29.523533 1.856845
0.806448 0.200061 -0.883022 -0.127105
0.200061 0.074636 -0.209599 -0.028633
-0.883022 -0.209599 1.827018 0.288368
-0.127105 -0.028633 0.288368 0.071305
33.444569 1.605677 29.938067 1.748337
0.988839 0.228256 -1.105408 -0.150960
0.228256 0.076699 -0.237563 -0.031397
-1.105408 -0.237563 2.054513 0.309775
-0.150960 -0.031397 0.309775 0.073256
34.086409 1.563132 30.725972 1.726087
1.194093 0.255986 -1.350885 -0.176066
0.255986 0.078372 -0.265978 -0.034127
-1.350885 -0.265978 2.317772 0.334462
-0.176066 -0.034127 0.334462 0.075559
35.104841 1.623904 31.689476 1.755536
1.428301 0.284835 -1.621782 -0.202353
0.284835 0.080126 -0.295432 -0.036843
-1.621782 -0.295432 2.605357 0.360053
-0.202353 -0.036843 0.360053 0.077788
35.923396 1.623604 32.523422 1.748469
1.688022 0.313845 -1.919189 -0.230039
0.313845 0.081758 -0.325545 -0.039527
-1.919189 -0.325545 2.925715 0.387849
-0.230039 -0.039527 0.387849 0.080164
36.657186 1.601102 33.294102 1.726198
1.974160 0.343233 -2.244083 -0.259059
0.343233 0.083356 -0.356353 -0.042172
-2.244083 -0.356353 3.277985 0.417434
-0.259059 -0.042172 0.417434 0.082613
37.633860 1.642915 34.217727 1.747778
2.287305 0.373097 -2.597393 -0.289369
0.373097 0.084956 -0.387866 -0.044773
-2.597393 -0.387866 3.662559 0.448644
-0.289369 -0.044773 0.448644 0.085106
38.631293 1.674389 34.975462 1.740263
2.626261 0.403126 -2.979998 -0.321040
0.403126 0.086505 -0.419941 -0.047327
-2.979998 -0.419941 4.082993 0.481857
-0.321040 -0.047327 0.481857 0.087701
38.788629 1.522173 35.661677 1.661468
2.979580 0.431112 -3.389396 -0.354304
0.431112 0.087625 -0.451324 -0.049783
-3.389396 -0.451324 4.550395 0.518905
-0.354304 -0.049783 0.518905 0.090678
39.682271 1.551631 36.533791 1.678050
3.386659 0.464982 -3.834265 -0.387505
0.464982 0.089752 -0.486262 -0.052270
-3.834265 -0.486262 5.024190 0.552013
-0.387505 -0.052270 0.552013 0.092834
40.331876 1.515324 37.190987 1.638505
3.823221 0.499200 -4.311619 -0.422040
0.499200 0.091802 -0.521778 -0.054718
-4.311619 -0.521778 5.535862 0.587054
-0.422040 -0.054718 0.587054 0.095115
40.816935 1.457255 37.935628 1.605056
4.288579 0.533611 -4.821608 -0.457854
0.533611 0.093762 -0.557761 -0.057125
-4.821608 -0.557761 6.086369 0.623994
-0.457854 -0.057125 0.623994 0.097509
41.636919 1.495264 39.050568 1.663361
4.799307 0.571333 -5.365459 -0.493697
0.571333 0.096144 -0.595766 -0.059497
-5.365459 -0.595766 6.654801 0.659140
-0.493697 -0.059497 0.659140 0.099502
42.525297 1.509289 39.695540 1.644482
5.360373 0.613038 -5.940663 -0.528811
0.613038 0.099006 -0.635853 -0.061798
-5.940663 -0.635853 7.229647 0.691055
-0.528811 -0.061798 0.691055 0.100962
43.210896 1.491801 40.450920 1.627909
5.939460 0.651609 -6.555411 -0.567377
0.651609 0.101175 -0.674873 -0.064127
-6.555411 -0.674873 7.874753 0.729778
-0.567377 -0.064127 0.729778 0.103218
43.699925 1.454297 41.400631 1.628037
6.555854 0.691274 -7.206478 -0.606848
0.691274 0.103379 -0.714840 -0.066434
-7.206478 -0.714840 8.555460 0.769313
-0.606848 -0.066434 0.769313 0.105441
