5.738993 3.257742 -1.184505 -1.365859
2.575399 1.030182 -0.261185 -0.104476
1.030182 80.416148 -0.104476 -0.041791
-0.261185 -0.104476 2.388565 0.955447
-0.104476 -0.041791 0.955447 80.386254
7.056243 2.807158 2.189268 5.749974
2.170623 3.770777 -0.240369 -0.373067
3.770777 15.231982 -0.363715 -1.305754
-0.240369 -0.363715 2.413124 4.231603
-0.373067 -1.305754 4.231603 15.563681
4.130934 -2.268101 2.857278 3.214313
1.971982 2.303474 -0.168325 -0.183749
2.303474 4.625748 -0.181779 -0.391533
-0.168325 -0.181779 2.061407 2.350765
-0.183749 -0.391533 2.350765 4.548453
6.476407 0.688609 2.869644 1.881632
1.737733 1.477090 -0.178889 -0.150799
1.477090 1.961214 -0.150788 -0.199470
-0.178889 -0.150788 1.727633 1.440196
-0.150799 -0.199470 1.440196 1.897588
7.550214 1.172834 4.105483 2.074914
1.485756 0.985929 -0.147898 -0.097642
0.985929 0.988740 -0.097588 -0.098528
-0.147898 -0.097588 1.506009 0.988214
-0.097642 -0.098528 0.988214 0.982599
7.654974 0.910544 6.260029 2.678681
1.296318 0.706274 -0.118557 -0.064507
0.706274 0.571348 -0.064434 -0.053728
-0.118557 -0.064434 1.322964 0.714883
-0.064507 -0.053728 0.714883 0.573740
7.639828 0.692851 7.415525 2.594402
1.156034 0.535065 -0.095557 -0.044498
0.535065 0.364302 -0.044425 -0.031954
-0.095557 -0.044425 1.169138 0.537489
-0.044498 -0.031954 0.537489 0.364724
9.127486 1.152500 9.380135 2.861279
1.044052 0.420798 -0.079891 -0.032695
0.420798 0.249327 -0.032635 -0.020632
-0.079891 -0.032635 1.046332 0.419583
-0.032695 -0.020632 0.419583 0.248812
9.331657 1.019772 10.036192 2.585270
0.950698 0.340240 -0.063946 -0.023446
0.340240 0.180431 -0.023396 -0.013519
-0.063946 -0.023396 0.947694 0.338043
-0.023446 -0.013519 0.338043 0.179901
10.596182 1.264315 10.052166 2.173118
0.873409 0.282125 -0.053405 -0.017838
0.282125 0.137112 -0.017800 -0.009429
-0.053405 -0.017800 0.867425 0.279711
-0.017838 -0.009429 0.279711 0.136680
10.847123 1.151440 11.404397 2.251894
0.806706 0.238527 -0.045377 -0.013957
0.238527 0.108579 -0.013932 -0.006816
-0.045377 -0.013932 0.802968 0.237343
-0.013957 -0.006816 0.237343 0.108586
11.336519 1.128218 11.769203 2.043212
0.751868 0.206094 -0.038598 -0.011026
0.206094 0.089464 -0.011009 -0.005028
-0.038598 -0.011009 0.747624 0.205049
-0.011026 -0.005028 0.205049 0.089494
11.065051 0.913242 13.295542 2.173481
0.705257 0.181267 -0.033415 -0.008922
0.181267 0.076264 -0.008910 -0.003809
-0.033415 -0.008910 0.701274 0.180479
-0.008922 -0.003809 0.180479 0.076333
11.678902 0.951469 14.586181 2.223180
0.666845 0.162403 -0.028872 -0.007240
0.162403 0.067078 -0.007232 -0.002917
-0.028872 -0.007232 0.660898 0.161251
-0.007240 -0.002917 0.161251 0.067024
12.120469 0.943591 15.070048 2.076591
0.634116 0.147728 -0.024556 -0.005806
0.147728 0.060555 -0.005802 -0.002237
-0.024556 -0.005802 0.626728 0.146364
-0.005806 -0.002237 0.146364 0.060429
12.820283 0.994835 15.719045 1.988819
0.606097 0.136251 -0.021073 -0.004716
0.136251 0.055887 -0.004714 -0.001742
-0.021073 -0.004714 0.598092 0.134866
-0.004716 -0.001742 0.134866 0.055741
13.260672 0.982393 16.845055 2.017685
0.582143 0.127274 -0.018023 -0.003826
0.127274 0.052542 -0.003827 -0.001365
-0.018023 -0.003827 0.574158 0.125992
-0.003826 -0.001365 0.125992 0.052404
14.573029 1.157939 17.025495 1.839862
0.562029 0.120337 -0.015196 -0.003063
0.120337 0.050164 -0.003066 -0.001067
-0.015196 -0.003066 0.553977 0.119110
-0.003063 -0.001067 0.119110 0.050022
15.481619 1.227434 17.863021 1.822555
0.544719 0.114902 -0.012779 -0.002450
0.114902 0.048464 -0.002453 -0.000839
-0.012779 -0.002453 0.537605 0.113924
-0.002450 -0.000839 0.113924 0.048358
16.237730 1.257261 18.934471 1.856249
0.530267 0.110751 -0.010568 -0.001925
0.110751 0.047275 -0.001930 -0.000658
-0.010568 -0.001930 0.524128 0.109993
-0.001925 -0.000658 0.109993 0.047197
17.362571 1.360225 19.737497 1.830443
0.518385 0.107636 -0.008545 -0.001475
0.107636 0.046461 -0.001480 -0.000512
-0.008545 -0.001480 0.513078 0.107041
-0.001475 -0.000512 0.107041 0.046397
17.741620 1.298018 20.883996 1.878374
0.508613 0.105315 -0.006760 -0.001103
0.105315 0.045911 -0.001108 -0.000397
-0.006760 -0.001108 0.504241 0.104888
-0.001103 -0.000397 0.104888 0.045864
18.222040 1.263254 22.057590 1.926999
0.500813 0.103649 -0.005203 -0.000798
0.103649 0.045557 -0.000803 -0.000307
-0.005203 -0.000803 0.497139 0.103325
-0.000798 -0.000307 0.103325 0.045513
18.962661 1.286000 23.352317 1.995941
0.494618 0.102475 -0.003852 -0.000550
0.102475 0.045336 -0.000555 -0.000236
-0.003852 -0.000555 0.491576 0.102234
-0.000550 -0.000236 0.102234 0.045294
19.665758 1.298326 23.991720 1.921280
0.489686 0.101657 -0.002704 -0.000353
0.101657 0.045201 -0.000357 -0.000181
-0.002704 -0.000357 0.487382 0.101518
-0.000353 -0.000181 0.101518 0.045167
20.227049 1.280121 25.203176 1.973597
0.485834 0.101111 -0.001834 -0.000218
0.101111 0.045123 -0.000222 -0.000142
-0.001834 -0.000222 0.484284 0.101074
-0.000218 -0.000142 0.101074 0.045100
21.081409 1.324922 26.532324 2.045254
0.482801 0.100749 -0.001158 -0.000123
0.100749 0.045079 -0.000126 -0.000113
-0.001158 -0.000126 0.482132 0.100839
-0.000123 -0.000113 0.100839 0.045073
21.426451 1.258453 27.187735 1.968243
0.480351 0.100502 -0.000728 -0.000076
0.100502 0.045050 -0.000078 -0.000095
-0.000728 -0.000078 0.480806 0.100765
-0.000076 -0.000095 0.100765 0.045073
21.867820 1.219094 28.680932 2.075106
0.478473 0.100354 -0.000458 -0.000055
0.100354 0.045032 -0.000057 -0.000083
-0.000458 -0.000057 0.480006 0.100775
-0.000055 -0.000083 0.100775 0.045081
22.480616 1.219771 29.481290 2.025236
0.476822 0.100225 -0.000344 -0.000060
0.100225 0.045010 -0.000061 -0.000076
-0.000344 -0.000061 0.479821 0.100882
-0.000060 -0.000076 0.100882 0.045102
23.455107 1.296562 30.040650 1.929832
0.475473 0.100132 -0.000432 -0.000098
0.100132 0.044988 -0.000099 -0.000075
-0.000432 -0.000099 0.479961 0.101018
-0.000098 -0.000075 0.101018 0.045121
23.302573 1.127632 31.298182 1.991490
0.474431 0.100074 -0.000804 -0.000185
0.100074 0.044967 -0.000186 -0.000085
-0.000804 -0.000186 0.480246 0.101149
-0.000185 -0.000085 0.101149 0.045133
23.803892 1.114429 32.378462 2.009303
0.473327 0.099975 -0.001096 -0.000243
0.099975 0.044933 -0.000244 -0.000088
-0.001096 -0.000244 0.480917 0.101330
-0.000243 -0.000088 0.101330 0.045153
24.121096 1.063678 33.325403 1.997142
0.472214 0.099852 -0.001545 -0.000325
0.099852 0.044892 -0.000327 -0.000096
-0.001545 -0.000327 0.481819 0.101528
-0.000325 -0.000096 0.101528 0.045174
24.696609 1.072921 34.301803 1.992473
0.471094 0.099713 -0.002058 -0.000413
0.099713 0.044847 -0.000414 -0.000105
-0.002058 -0.000414 0.482872 0.101730
-0.000413 -0.000105 0.101730 0.045195
25.188872 1.063521 34.946296 1.918395
0.469952 0.099557 -0.002752 -0.000530
0.099557 0.044799 -0.000532 -0.000121
-0.002752 -0.000532 0.484043 0.101934
-0.000530 -0.000121 0.101934 0.045216
26.245815 1.174858 35.856048 1.908085
0.468912 0.099416 -0.003543 -0.000660
0.099416 0.044755 -0.000662 -0.000140
-0.003543 -0.000662 0.485162 0.102107
-0.000660 -0.000140 0.102107 0.045231
26.352885 1.072970 36.914192 1.929845
0.467908 0.099275 -0.004735 -0.000866
0.099275 0.044712 -0.000869 -0.000176
-0.004735 -0.000869 0.486288 0.102270
-0.000866 -0.000176 0.102270 0.045246
26.696269 1.032145 38.310858 2.020494
0.466711 0.099087 -0.005816 -0.001034
0.099087 0.044660 -0.001038 -0.000202
-0.005816 -0.001038 0.487642 0.102472
-0.001034 -0.000202 0.102472 0.045272
27.799138 1.156921 39.512268 2.060949
0.465199 0.098833 -0.006981 -0.001213
0.098833 0.044596 -0.001217 -0.000232
-0.006981 -0.001217 0.489366 0.102741
-0.001213 -0.000232 0.102741 0.045313
28.964813 1.281743 40.492136 2.050745
0.463667 0.098581 -0.008660 -0.001492
0.098581 0.044536 -0.001498 -0.000283
-0.008660 -0.001498 0.491178 0.103015
-0.001492 -0.000283 0.103015 0.045356
29.892397 1.342476 41.200015 1.984481
0.462286 0.098368 -0.010803 -0.001853
0.098368 0.044485 -0.001862 -0.000351
-0.010803 -0.001862 0.492905 0.103259
-0.001853 -0.000351 0.103259 0.045394
31.286264 1.496336 42.140637 1.974486
0.461154 0.098210 -0.013139 -0.002235
0.098210 0.044448 -0.002248 -0.000421
-0.013139 -0.002248 0.494431 0.103454
-0.002235 -0.000421 0.103454 0.045423
31.767909 1.438921 42.695983 1.883837
0.460263 0.098098 -0.016010 -0.002708
0.098098 0.044419 -0.002727 -0.000510
-0.016010 -0.002727 0.495818 0.103619
-0.002708 -0.000510 0.103619 0.045449
32.519231 1.446379 44.025775 1.964882
0.459511 0.098009 -0.018615 -0.003102
0.098009 0.044395 -0.003125 -0.000580
-0.018615 -0.003125 0.497091 0.103764
-0.003102 -0.000580 0.103764 0.045473
32.835824 1.359470 44.963669 1.954752
0.458497 0.097855 -0.021391 -0.003518
0.097855 0.044355 -0.003546 -0.000656
-0.021391 -0.003546 0.498786 0.104002
-0.003518 -0.000656 0.104002 0.045519
34.026225 1.467904 45.656319 1.896661
0.457340 0.097670 -0.023895 -0.003867
0.097670 0.044309 -0.003894 -0.000718
-0.023895 -0.003894 0.500694 0.104281
-0.003867 -0.000718 0.104281 0.045573
35.200588 1.561310 46.325787 1.839849
0.456584 0.097570 -0.026776 -0.004289
0.097570 0.044282 -0.004321 -0.000798
-0.026776 -0.004321 0.502304 0.104489
-0.004289 -0.000798 0.104489 0.045613
35.068960 1.365986 47.222661 1.832126
0.456198 0.097542 -0.029962 -0.004766
0.097542 0.044270 -0.004805 -0.000891
-0.029962 -0.004805 0.503651 0.104643
-0.004766 -0.000891 0.104643 0.045642
35.994580 1.417333 47.968178 1.797574
0.455350 0.097404 -0.032449 -0.005087
0.097404 0.044232 -0.005124 -0.000950
-0.032449 -0.005124 0.505474 0.104903
-0.005087 -0.000950 0.104903 0.045695
