-3.272310 -0.346858 5.970890 1.496360
41.463505 16.585761 -56.479068 -22.592117
16.585761 86.638515 -22.592117 -9.037042
-56.479068 -22.592117 80.538224 32.215988
-22.592117 -9.037042 32.215988 92.890741
0.493657 4.693471 5.939568 3.274708
49.837615 19.152660 -79.367122 -44.394611
19.152660 28.901624 -27.769605 -35.829404
-79.367122 -27.769605 130.648543 74.794345
-44.394611 -35.829404 74.794345 78.078984
7.418063 4.498053 -5.182115 -3.396223
55.644379 30.910217 -75.600747 -37.056828
30.910217 27.939781 -40.757826 -33.333934
-75.600747 -40.757826 105.671065 51.984734
-37.056828 -33.333934 51.984734 46.011363
2.978240 1.412105 2.542080 0.806895
10.716041 6.668413 -6.178855 -1.683656
6.668413 10.313565 -3.603026 -9.325900
-6.178855 -3.603026 4.813825 1.679394
-1.683656 -9.325900 1.679394 13.312445
10.437128 4.154086 1.896928 2.295612
12.873628 9.060658 -10.297283 -8.235872
9.060658 9.230898 -7.913080 -10.037841
-10.297283 -7.913080 9.677595 8.510757
-8.235872 -10.037841 8.510757 12.741496
15.966656 6.653104 -1.551450 -1.251631
15.102649 7.301649 -9.420048 -4.586673
7.301649 4.782702 -4.920333 -3.974164
-9.420048 -4.920333 6.953088 3.963033
-4.586673 -3.974164 3.963033 4.474544
12.171646 3.353248 3.664747 1.825297
8.578625 2.686817 -2.685806 0.053491
2.686817 1.518267 -1.083150 -0.880985
-2.685806 -1.083150 1.658206 0.689480
0.053491 -0.880985 0.689480 1.550897
13.741903 3.287354 4.725190 1.919899
10.271106 3.342829 -4.041624 -1.141805
3.342829 1.511019 -1.556146 -0.926870
-4.041624 -1.556146 2.405871 1.086511
-1.141805 -0.926870 1.086511 1.111071
14.979992 3.213779 5.664365 1.845065
13.826958 4.087241 -5.702274 -1.682936
4.087241 1.476641 -1.869440 -0.829563
-5.702274 -1.869440 3.098040 1.187047
-1.682936 -0.829563 1.187047 0.803013
17.269648 3.652199 5.029869 1.050487
17.735292 4.598987 -7.046856 -1.804448
4.598987 1.375657 -1.962954 -0.676252
-7.046856 -1.962954 3.467086 1.093203
-1.804448 -0.676252 1.093203 0.563827
18.627482 3.538305 5.770579 1.108291
16.158589 3.520787 -5.036351 -0.814830
3.520787 0.901093 -1.196576 -0.314818
-5.036351 -1.196576 2.151049 0.539874
-0.814830 -0.314818 0.539874 0.293995
18.901577 3.151800 7.371886 1.440295
15.235003 2.874295 -3.576514 -0.255564
2.874295 0.647397 -0.752942 -0.145084
-3.576514 -0.752942 1.360760 0.289752
-0.255564 -0.145084 0.289752 0.185519
20.094392 3.030323 8.578569 1.608289
16.881358 2.882344 -3.263190 -0.085513
2.882344 0.579014 -0.622418 -0.086391
-3.263190 -0.622418 1.110869 0.209799
-0.085513 -0.086391 0.209799 0.138136
20.997663 2.919461 9.602076 1.652198
17.187603 2.652476 -2.440822 0.149193
2.652476 0.483857 -0.431979 -0.031570
-2.440822 -0.431979 0.792399 0.144450
0.149193 -0.031570 0.144450 0.109803
22.992007 3.014198 10.208841 1.603787
16.681729 2.339236 -1.460717 0.355465
2.339236 0.394073 -0.252792 0.007270
-1.460717 -0.252792 0.546429 0.113952
0.355465 0.007270 0.113952 0.096238
26.859831 3.353806 10.591758 1.568079
11.561257 1.439116 0.036825 0.507025
1.439116 0.239362 -0.038401 0.029047
0.036825 -0.038401 0.400826 0.132435
0.507025 0.029047 0.132435 0.097488
23.361004 2.692972 11.677263 1.489169
4.931155 0.521529 0.757236 0.399258
0.521529 0.111675 0.037478 0.013482
0.757236 0.037478 0.528052 0.189076
0.399258 0.013482 0.189076 0.100476
24.537119 2.642232 12.705959 1.569640
5.397584 0.563042 1.029051 0.419050
0.563042 0.112466 0.066067 0.019618
1.029051 0.066067 0.592569 0.197204
0.419050 0.019618 0.197204 0.092920
24.987458 2.495306 13.849654 1.661682
5.488823 0.543775 1.409066 0.460859
0.543775 0.105431 0.098720 0.025239
1.409066 0.098720 0.754191 0.229599
0.460859 0.025239 0.229599 0.093935
24.823148 2.318769 14.641067 1.648241
5.352785 0.499760 1.767423 0.491818
0.499760 0.096619 0.123515 0.028369
1.767423 0.123515 0.979731 0.270336
0.491818 0.028369 0.270336 0.096931
23.756650 2.031421 15.424806 1.652745
5.455981 0.489500 2.125998 0.520344
0.489500 0.092648 0.148392 0.031578
2.125998 0.148392 1.227994 0.307506
0.520344 0.031578 0.307506 0.098545
25.457679 1.994099 17.457507 1.947355
5.745433 0.525817 2.293141 0.495177
0.525817 0.095738 0.167895 0.032680
2.293141 0.167895 1.306591 0.296457
0.495177 0.032680 0.296457 0.088595
23.923138 1.724908 17.727080 1.828255
3.717162 0.301354 1.910201 0.388868
0.301354 0.071595 0.108628 0.019927
1.910201 0.108628 1.413106 0.305194
0.388868 0.019927 0.305194 0.087166
24.423679 1.600172 19.319738 1.997256
3.819095 0.315311 2.091928 0.387812
0.315311 0.072532 0.125884 0.022262
2.091928 0.125884 1.578721 0.314005
0.387812 0.022262 0.314005 0.084011
25.055315 1.610819 19.993340 1.929145
2.613057 0.194754 1.731939 0.307708
0.194754 0.061012 0.075825 0.013507
1.731939 0.075825 1.637741 0.314764
0.307708 0.013507 0.314764 0.082334
25.954780 1.613177 21.069513 1.949887
1.527285 0.103414 1.217065 0.207926
0.103414 0.054142 0.016792 0.003746
1.217065 0.016792 1.569570 0.295574
0.207926 0.003746 0.295574 0.077873
27.219381 1.636131 22.541329 2.034258
0.790581 0.058813 0.681023 0.109374
0.058813 0.052814 -0.035839 -0.004636
0.681023 -0.035839 1.382722 0.257638
0.109374 -0.004636 0.257638 0.070702
28.038305 1.635437 23.566708 2.035820
0.463330 0.054950 0.302285 0.041553
0.054950 0.055269 -0.070263 -0.009692
0.302285 -0.070263 1.223393 0.225269
0.041553 -0.009692 0.225269 0.064761
28.702313 1.619745 24.409225 2.008274
0.359763 0.067480 0.074389 0.003196
0.067480 0.058669 -0.094533 -0.012762
0.074389 -0.094533 1.201109 0.216824
0.003196 -0.012762 0.216824 0.063056
29.675368 1.629798 25.773967 2.068329
0.348176 0.086305 -0.102419 -0.023868
0.086305 0.062157 -0.116306 -0.015243
-0.102419 -0.116306 1.252318 0.220114
-0.023868 -0.015243 0.220114 0.063272
30.365000 1.624628 26.347471 1.990678
0.395355 0.110487 -0.271282 -0.047393
0.110487 0.065922 -0.137427 -0.017502
-0.271282 -0.137427 1.314939 0.223885
-0.047393 -0.017502 0.223885 0.063392
30.970422 1.584545 26.985657 1.928585
0.477015 0.135499 -0.437050 -0.068199
0.135499 0.069058 -0.159651 -0.019859
-0.437050 -0.159651 1.439176 0.236660
-0.068199 -0.019859 0.236660 0.064881
31.260609 1.466835 27.173551 1.786507
0.588149 0.161296 -0.612817 -0.088662
0.161296 0.071684 -0.182868 -0.022324
-0.612817 -0.182868 1.601463 0.253743
-0.088662 -0.022324 0.253743 0.066847
31.906429 1.443982 27.857516 1.748212
0.717983 0.185449 -0.801352 -0.109517
0.185449 0.073323 -0.206302 -0.024844
-0.801352 -0.206302 1.812491 0.276686
-0.109517 -0.024844 0.276686 0.069532
32.521939 1.416710 28.735708 1.744163
0.872028 0.209884 -1.009314 -0.131572
0.209884 0.074698 -0.230746 -0.027473
-1.009314 -0.230746 2.051161 0.301330
-0.131572 -0.027473 0.301330 0.072184
33.451513 1.479522 29.902237 1.805393
1.057604 0.236500 -1.241003 -0.154937
0.236500 0.076376 -0.257102 -0.030227
-1.241003 -0.257102 2.303639 0.325032
-0.154937 -0.030227 0.325032 0.074380
34.075835 1.438286 30.404295 1.731068
1.277999 0.265813 -1.497380 -0.179332
0.265813 0.078466 -0.285371 -0.033033
-1.497380 -0.285371 2.565499 0.347124
-0.179332 -0.033033 0.347124 0.076084
34.793724 1.433408 31.150887 1.710928
1.516442 0.293459 -1.777587 -0.205476
0.293459 0.079949 -0.313672 -0.035819
-1.777587 -0.313672 2.871403 0.373721
-0.205476 -0.035819 0.373721 0.078343
35.659474 1.481912 32.327875 1.774823
1.779627 0.321320 -2.083558 -0.233024
0.321320 0.081369 -0.342747 -0.038578
-2.083558 -0.342747 3.207781 0.402031
-0.233024 -0.038578 0.402031 0.080671
36.300082 1.455612 33.136388 1.754686
2.083617 0.352936 -2.418105 -0.261140
0.352936 0.083476 -0.374110 -0.041312
-2.418105 -0.374110 3.551469 0.427845
-0.261140 -0.041312 0.427845 0.082421
37.156260 1.499753 34.329958 1.816621
2.420071 0.385915 -2.780751 -0.290288
0.385915 0.085695 -0.406480 -0.043983
-2.780751 -0.406480 3.919078 0.454269
-0.290288 -0.043983 0.454269 0.084138
37.887623 1.494281 35.209628 1.810492
2.799348 0.422336 -3.170451 -0.319424
0.422336 0.088420 -0.440463 -0.046543
-3.170451 -0.440463 4.291809 0.478234
-0.319424 -0.046543 0.478234 0.085394
38.716724 1.511963 36.128404 1.818983
3.213356 0.459819 -3.590453 -0.349757
0.459819 0.091124 -0.475199 -0.049050
-3.590453 -0.475199 4.692954 0.503638
-0.349757 -0.049050 0.503638 0.086784
39.438763 1.504688 37.030343 1.815076
3.660946 0.497893 -4.042471 -0.381566
0.497893 0.093726 -0.510560 -0.051526
-4.042471 -0.510560 5.128115 0.531166
-0.381566 -0.051526 0.531166 0.088384
40.264951 1.559571 38.597062 1.929828
4.146296 0.537346 -4.526088 -0.414324
0.537346 0.096383 -0.546795 -0.053950
-4.526088 -0.546795 5.589968 0.559468
-0.414324 -0.053950 0.559468 0.089993
40.955612 1.513212 39.100351 1.846371
4.690582 0.583244 -5.022763 -0.443176
0.583244 0.100014 -0.584644 -0.056035
-5.022763 -0.584644 6.008616 0.578493
-0.443176 -0.056035 0.578493 0.090349
41.696846 1.454099 39.161930 1.702898
5.262973 0.626458 -5.569394 -0.477326
0.626458 0.102850 -0.622640 -0.058356
-5.569394 -0.622640 6.511128 0.607012
-0.477326 -0.058356 0.607012 0.091879
42.432098 1.473206 40.275707 1.746924
5.799576 0.657507 -6.137599 -0.517035
0.657507 0.103673 -0.654656 -0.060677
-6.137599 -0.654656 7.109197 0.648552
-0.517035 -0.060677 0.648552 0.095044
43.068020 1.449012 41.062686 1.723882
6.405457 0.695488 -6.752882 -0.556519
0.695488 0.105500 -0.691339 -0.063040
-6.752882 -0.691339 7.727324 0.687070
-0.556519 -0.063040 0.687070 0.097556
43.702653 1.431856 41.908643 1.713302
7.052661 0.735239 -7.404751 -0.596683
0.735239 0.107497 -0.729402 -0.065378
-7.404751 -0.729402 8.377259 0.725814
-0.596683 -0.065378 0.725814 0.099932
