1.092165 1.398970 1.412702 -0.326954
2.053490 0.821414 -0.226717 -0.090689
0.821414 80.332639 -0.090689 -0.036276
-0.226717 -0.090689 3.101368 1.240574
-0.090689 -0.036276 1.240574 80.500307
4.686670 6.602269 2.997040 2.693549
3.274829 5.815053 -1.680933 -2.787508
5.815053 17.475167 -2.942522 -5.524010
-1.680933 -2.942522 3.044638 5.131324
-2.787508 -5.524010 5.131324 18.783451
7.354399 5.758256 2.305548 0.226956
1.798558 1.973151 -0.379901 -0.256443
1.973151 3.870082 -0.251778 -0.439553
-0.379901 -0.251778 2.483651 2.883411
-0.256443 -0.439553 2.883411 5.646443
8.220216 4.086702 2.223879 -0.002936
1.531320 1.266201 -0.094480 -0.030529
1.266201 1.695270 -0.036302 -0.156732
-0.094480 -0.036302 1.967347 1.660387
-0.030529 -0.156732 1.660387 2.243568
8.651989 3.028706 2.300010 0.047564
1.341362 0.880571 -0.040496 -0.026024
0.880571 0.889783 -0.028557 -0.100327
-0.040496 -0.028557 1.656347 1.100581
-0.026024 -0.100327 1.100581 1.130410
8.821534 2.291418 3.179364 0.530381
1.182255 0.641456 -0.032511 -0.030048
0.641456 0.522715 -0.031110 -0.067145
-0.032511 -0.031110 1.444984 0.792275
-0.030048 -0.067145 0.792275 0.655511
10.846055 2.699744 3.245110 0.425499
1.024841 0.474146 -0.056961 -0.040390
0.474146 0.328823 -0.041753 -0.050652
-0.056961 -0.041753 1.334479 0.623235
-0.040390 -0.050652 0.623235 0.427885
10.985668 2.199453 4.530380 0.876138
0.908062 0.367405 -0.069736 -0.040236
0.367405 0.223558 -0.041520 -0.036702
-0.069736 -0.041520 1.232864 0.500589
-0.040236 -0.036702 0.500589 0.295625
10.673830 1.684411 5.723668 1.163518
0.814653 0.294141 -0.101022 -0.045787
0.294141 0.161391 -0.047118 -0.029942
-0.101022 -0.047118 1.160693 0.417396
-0.045787 -0.029942 0.417396 0.217191
12.011987 1.840431 7.120564 1.421314
0.751200 0.246032 -0.139616 -0.052054
0.246032 0.123904 -0.053262 -0.025871
-0.139616 -0.053262 1.092103 0.352986
-0.052054 -0.025871 0.352986 0.165997
12.327364 1.657590 8.174696 1.525963
0.705917 0.212314 -0.157711 -0.050851
0.212314 0.099786 -0.051796 -0.021015
-0.157711 -0.051796 1.014939 0.298574
-0.050851 -0.021015 0.298574 0.130255
12.848497 1.570294 9.739873 1.744038
0.671894 0.187621 -0.165473 -0.047176
0.187621 0.083618 -0.047917 -0.016851
-0.165473 -0.047917 0.938315 0.254377
-0.047176 -0.016851 0.254377 0.105297
13.987035 1.662652 10.119876 1.619439
0.646415 0.169286 -0.162846 -0.041670
0.169286 0.072539 -0.042262 -0.013244
-0.162846 -0.042262 0.860210 0.217471
-0.041670 -0.013244 0.217471 0.087343
14.829675 1.668854 12.241466 1.932833
0.616472 0.152828 -0.150495 -0.034898
0.152828 0.064159 -0.035339 -0.010100
-0.150495 -0.035339 0.798976 0.190600
-0.034898 -0.010100 0.190600 0.075216
15.170406 1.553582 13.715790 2.046847
0.593550 0.140663 -0.132317 -0.027940
0.140663 0.058386 -0.028289 -0.007512
-0.132317 -0.028289 0.736371 0.167512
-0.027940 -0.007512 0.167512 0.066128
15.321971 1.410874 14.888692 2.076386
0.575327 0.131451 -0.114110 -0.022022
0.131451 0.054336 -0.022338 -0.005588
-0.114110 -0.022338 0.681006 0.149293
-0.022022 -0.005588 0.149293 0.059616
15.542932 1.307376 16.619220 2.221624
0.560654 0.124416 -0.097590 -0.017265
0.124416 0.051477 -0.017582 -0.004201
-0.097590 -0.017582 0.634368 0.135333
-0.017265 -0.004201 0.135333 0.055016
16.511868 1.373102 17.312129 2.135976
0.549271 0.119158 -0.080847 -0.013035
0.119158 0.049493 -0.013367 -0.003106
-0.080847 -0.013367 0.593923 0.124380
-0.013035 -0.003106 0.124380 0.051707
16.425294 1.208599 18.519630 2.159167
0.537313 0.114557 -0.065803 -0.009636
0.114557 0.047979 -0.009940 -0.002301
-0.065803 -0.009940 0.564007 0.116830
-0.009636 -0.002301 0.116830 0.049535
16.636063 1.122106 19.134538 2.060151
0.528348 0.111246 -0.052690 -0.006948
0.111246 0.046974 -0.007245 -0.001719
-0.052690 -0.007245 0.539067 0.111064
-0.006948 -0.001719 0.111064 0.047992
17.218583 1.126978 20.220541 2.071846
0.520637 0.108669 -0.041916 -0.004960
0.108669 0.046278 -0.005243 -0.001322
-0.041916 -0.005243 0.519863 0.106993
-0.004960 -0.001322 0.106993 0.046962
17.733255 1.116038 21.128674 2.045125
0.513545 0.106589 -0.031932 -0.003265
0.106589 0.045789 -0.003523 -0.001002
-0.031932 -0.003523 0.505378 0.104213
-0.003265 -0.001002 0.104213 0.046293
18.284529 1.116410 22.479777 2.113171
0.507097 0.104926 -0.023215 -0.001917
0.104926 0.045452 -0.002145 -0.000760
-0.023215 -0.002145 0.494854 0.102418
-0.001917 -0.000760 0.102418 0.045876
18.946506 1.138257 23.621992 2.131484
0.500983 0.103546 -0.015189 -0.000755
0.103546 0.045215 -0.000951 -0.000554
-0.015189 -0.000951 0.487729 0.101393
-0.000755 -0.000554 0.101393 0.045638
19.100894 1.053779 25.057736 2.207188
0.494896 0.102331 -0.008468 0.000117
0.102331 0.045034 -0.000046 -0.000403
-0.008468 -0.000046 0.483740 0.101009
0.000117 -0.000403 0.101009 0.045535
20.142553 1.160513 26.204896 2.217761
0.488797 0.101236 -0.002413 0.000862
0.101236 0.044887 0.000729 -0.000268
-0.002413 0.000729 0.482315 0.101098
0.000862 -0.000268 0.101098 0.045522
20.643509 1.144003 27.286497 2.211885
0.482031 0.100092 0.001391 0.001160
0.100092 0.044730 0.001057 -0.000215
0.001391 0.001057 0.483664 0.101668
0.001160 -0.000215 0.101668 0.045595
20.903011 1.078534 27.906806 2.109365
0.475176 0.099008 0.003729 0.001215
0.099008 0.044584 0.001135 -0.000198
0.003729 0.001135 0.486798 0.102485
0.001215 -0.000198 0.102485 0.045705
21.458985 1.082015 28.518076 2.015993
0.469108 0.098147 0.005058 0.001140
0.098147 0.044478 0.001075 -0.000194
0.005058 0.001075 0.490479 0.103287
0.001140 -0.000194 0.103287 0.045798
22.482500 1.183322 29.717657 2.056103
0.463608 0.097430 0.004950 0.000846
0.097430 0.044391 0.000789 -0.000224
0.004950 0.000789 0.494602 0.104074
0.000846 -0.000224 0.104074 0.045882
23.126629 1.194017 31.186424 2.148647
0.457566 0.096602 0.002527 0.000159
0.096602 0.044267 0.000100 -0.000325
0.002527 0.000100 0.500221 0.105086
0.000159 -0.000325 0.105086 0.046013
23.140309 1.070587 31.949294 2.083940
0.450755 0.095617 -0.001118 -0.000667
0.095617 0.044098 -0.000738 -0.000443
-0.001118 -0.000738 0.507726 0.106399
-0.000667 -0.000443 0.106399 0.046206
23.719186 1.079785 33.097791 2.106149
0.444618 0.094787 -0.004019 -0.001226
0.094787 0.043955 -0.001307 -0.000495
-0.004019 -0.001307 0.515320 0.107621
-0.001226 -0.000495 0.107621 0.046375
24.529970 1.137635 34.453520 2.168922
0.438628 0.093981 -0.007698 -0.001879
0.093981 0.043806 -0.001976 -0.000567
-0.007698 -0.001976 0.523616 0.108905
-0.001879 -0.000567 0.108905 0.046560
24.952411 1.106285 34.843170 2.025129
0.432835 0.093203 -0.012333 -0.002665
0.093203 0.043653 -0.002785 -0.000670
-0.012333 -0.002785 0.532616 0.110259
-0.002665 -0.000670 0.110259 0.046763
25.759086 1.160951 35.118489 1.873357
0.428491 0.092719 -0.016772 -0.003346
0.092719 0.043555 -0.003485 -0.000751
-0.016772 -0.003485 0.540233 0.111257
-0.003346 -0.000751 0.111257 0.046895
26.729192 1.245463 35.833799 1.828332
0.425578 0.092498 -0.022026 -0.004151
0.092498 0.043500 -0.004320 -0.000865
-0.022026 -0.004320 0.546376 0.111929
-0.004151 -0.000865 0.111929 0.046972
27.487770 1.276164 37.434907 1.968607
0.423369 0.092361 -0.027924 -0.005041
0.092361 0.043450 -0.005249 -0.001002
-0.027924 -0.005249 0.552101 0.112529
-0.005041 -0.001002 0.112529 0.047050
27.447978 1.128068 38.574101 1.998477
0.420911 0.092104 -0.031989 -0.005518
0.092104 0.043362 -0.005730 -0.001052
-0.031989 -0.005730 0.558182 0.113228
-0.005518 -0.001052 0.113228 0.047163
28.161876 1.160561 39.433463 1.970665
0.418994 0.091927 -0.032807 -0.005343
0.091927 0.043289 -0.005508 -0.000972
-0.032807 -0.005508 0.562435 0.113581
-0.005343 -0.000972 0.113581 0.047218
28.191545 1.041000 40.880894 2.061689
0.418008 0.091913 -0.032512 -0.005011
0.091913 0.043249 -0.005126 -0.000881
-0.032512 -0.005126 0.564649 0.113577
-0.005011 -0.000881 0.113577 0.047214
29.721161 1.263563 41.912671 2.066013
0.419008 0.092295 -0.029002 -0.004104
0.092295 0.043294 -0.004141 -0.000687
-0.029002 -0.004141 0.562089 0.112706
-0.004104 -0.000687 0.112706 0.047056
30.541896 1.303169 42.442474 1.966007
0.422347 0.093114 -0.024492 -0.003110
0.093114 0.043427 -0.003091 -0.000502
-0.024492 -0.003091 0.555125 0.111107
-0.003110 -0.000502 0.111107 0.046777
30.909477 1.239455 43.164668 1.912590
0.426915 0.094091 -0.019888 -0.002208
0.094091 0.043582 -0.002154 -0.000355
-0.019888 -0.002154 0.546310 0.109334
-0.002208 -0.000355 0.109334 0.046492
31.725488 1.282214 43.999697 1.889027
0.433305 0.095356 -0.015200 -0.001373
0.095356 0.043790 -0.001306 -0.000234
-0.015200 -0.001306 0.535059 0.107257
-0.001373 -0.000234 0.107257 0.046166
32.145685 1.234478 45.168799 1.933460
0.442955 0.097210 -0.010849 -0.000665
0.097210 0.044119 -0.000616 -0.000145
-0.010849 -0.000616 0.519990 0.104590
-0.000665 -0.000145 0.104590 0.045737
33.239366 1.338351 46.048259 1.917183
0.456915 0.099834 -0.007998 -0.000298
0.099834 0.044599 -0.000307 -0.000127
-0.007998 -0.000307 0.501089 0.101341
-0.000298 -0.000127 0.101341 0.045202
33.588671 1.268956 47.032807 1.921722
0.475575 0.103246 -0.008127 -0.000538
0.103246 0.045226 -0.000641 -0.000230
-0.008127 -0.000641 0.479707 0.097783
-0.000538 -0.000230 0.097783 0.044613
34.367271 1.300253 48.135229 1.951168
0.496495 0.106859 -0.010895 -0.001274
0.106859 0.045866 -0.001461 -0.000415
-0.010895 -0.001461 0.459681 0.094681
-0.001274 -0.000415 0.094681 0.044120
34.844304 1.262978 48.875657 1.901812
0.521254 0.111012 -0.017804 -0.002783
0.111012 0.046596 -0.003041 -0.000737
-0.017804 -0.003041 0.440524 0.091850
-0.002783 -0.000737 0.091850 0.043665
