5.748985 3.261738 -0.035235 -0.906141
2.470482 0.988214 -0.052654 -0.021062
0.988214 80.399361 -0.021062 -0.008425
-0.052654 -0.021062 2.434012 0.973626
-0.021062 -0.008425 0.973626 80.393525
5.297495 -0.372758 0.873065 1.468821
2.241365 3.918495 -0.046859 -0.071844
3.918495 15.241699 -0.071517 -0.259533
-0.046859 -0.071517 2.280750 3.994565
-0.071844 -0.259533 3.994565 15.281937
6.297532 1.000080 1.237481 1.043530
1.992753 2.306503 -0.045170 -0.050104
2.306503 4.558674 -0.050087 -0.094342
-0.045170 -0.050087 2.011747 2.318708
-0.050104 -0.094342 2.318708 4.547012
6.458031 0.713044 0.487880 -0.024745
1.706310 1.438961 -0.036698 -0.030023
1.438961 1.908802 -0.030011 -0.039337
-0.036698 -0.030011 1.723186 1.447684
-0.030023 -0.039337 1.447684 1.909177
7.488832 1.159141 2.133733 1.067764
1.472900 0.973539 -0.032441 -0.021072
0.973539 0.974518 -0.021068 -0.020777
-0.032441 -0.021068 1.490833 0.982094
-0.021072 -0.020777 0.982094 0.977803
8.234541 1.249824 5.112067 2.391966
1.292055 0.702121 -0.026172 -0.014014
0.702121 0.566563 -0.014009 -0.011422
-0.026172 -0.014009 1.306526 0.707753
-0.014014 -0.011422 0.707753 0.568673
7.209374 0.487716 6.431729 2.448852
1.150701 0.531469 -0.020198 -0.009250
0.531469 0.361330 -0.009244 -0.006618
-0.020198 -0.009244 1.159341 0.533933
-0.009250 -0.006618 0.533933 0.362094
8.135307 0.762175 7.314879 2.311826
1.037476 0.417458 -0.016955 -0.006850
0.417458 0.247255 -0.006845 -0.004314
-0.016955 -0.006845 1.041161 0.417949
-0.006850 -0.004314 0.417949 0.247356
9.561879 1.135939 7.917283 2.114227
0.944218 0.337526 -0.014237 -0.005160
0.337526 0.179043 -0.005156 -0.002924
-0.014237 -0.005156 0.945873 0.337521
-0.005160 -0.002924 0.337521 0.179078
10.334049 1.201878 8.663865 2.014097
0.866570 0.279707 -0.011903 -0.003925
0.279707 0.136082 -0.003922 -0.002040
-0.011903 -0.003922 0.867871 0.279786
-0.003925 -0.002040 0.279786 0.136196
10.687712 1.128698 10.607965 2.290874
0.801720 0.236974 -0.010054 -0.003051
0.236974 0.107969 -0.003049 -0.001470
-0.010054 -0.003049 0.802894 0.237130
-0.003051 -0.001470 0.237130 0.108117
11.075382 1.080312 11.290154 2.163981
0.747479 0.204877 -0.008406 -0.002369
0.204877 0.089032 -0.002368 -0.001074
-0.008406 -0.002368 0.747987 0.204915
-0.002369 -0.001074 0.204915 0.089139
11.773892 1.121007 12.536930 2.206321
0.701566 0.180346 -0.007150 -0.001887
0.180346 0.075962 -0.001886 -0.000807
-0.007150 -0.001886 0.701656 0.180329
-0.001887 -0.000807 0.180329 0.076044
11.215435 0.848382 14.305249 2.368415
0.662626 0.161427 -0.006038 -0.001500
0.161427 0.066795 -0.001499 -0.000612
-0.006038 -0.001499 0.662387 0.161370
-0.001500 -0.000612 0.161370 0.066858
12.349060 1.013753 15.243085 2.310963
0.629760 0.146796 -0.005106 -0.001200
0.146796 0.060309 -0.001199 -0.000470
-0.005106 -0.001199 0.628881 0.146621
-0.001200 -0.000470 0.146621 0.060334
12.816286 1.004823 15.706955 2.155296
0.601755 0.135386 -0.004270 -0.000953
0.135386 0.055676 -0.000953 -0.000362
-0.004270 -0.000953 0.600616 0.135186
-0.000953 -0.000362 0.135186 0.055689
14.442159 1.250718 16.915796 2.184071
0.578026 0.126511 -0.003607 -0.000767
0.126511 0.052367 -0.000767 -0.000283
-0.003607 -0.000767 0.576778 0.126314
-0.000767 -0.000283 0.126314 0.052375
14.693818 1.170626 18.444286 2.277692
0.557972 0.119626 -0.002960 -0.000600
0.119626 0.050009 -0.000600 -0.000219
-0.002960 -0.000600 0.556811 0.119467
-0.000600 -0.000219 0.119467 0.050019
15.757483 1.271649 19.129751 2.181865
0.541239 0.114344 -0.002384 -0.000461
0.114344 0.048347 -0.000461 -0.000169
-0.002384 -0.000461 0.540090 0.114198
-0.000461 -0.000169 0.114198 0.048352
15.723693 1.131533 19.893899 2.113378
0.527318 0.110318 -0.001902 -0.000352
0.110318 0.047186 -0.000352 -0.000131
-0.001902 -0.000352 0.526275 0.110201
-0.000352 -0.000131 0.110201 0.047191
16.316171 1.137090 20.965672 2.116521
0.515905 0.107302 -0.001509 -0.000268
0.107302 0.046392 -0.000268 -0.000103
-0.001509 -0.000268 0.514920 0.107197
-0.000268 -0.000103 0.107197 0.046393
16.806464 1.120836 21.739946 2.057559
0.506627 0.105077 -0.001165 -0.000198
0.105077 0.045860 -0.000198 -0.000080
-0.001165 -0.000198 0.505720 0.104986
-0.000198 -0.000080 0.104986 0.045859
17.745560 1.199271 22.044456 1.907328
0.499181 0.103470 -0.000877 -0.000143
0.103470 0.045515 -0.000143 -0.000062
-0.000877 -0.000143 0.498368 0.103394
-0.000143 -0.000062 0.103394 0.045513
18.380517 1.206580 22.700748 1.845583
0.493278 0.102339 -0.000654 -0.000102
0.102339 0.045299 -0.000103 -0.000049
-0.000654 -0.000103 0.492594 0.102284
-0.000102 -0.000049 0.102284 0.045297
18.734858 1.154845 23.793800 1.880985
0.488680 0.101572 -0.000472 -0.000072
0.101572 0.045172 -0.000072 -0.000039
-0.000472 -0.000072 0.488131 0.101536
-0.000072 -0.000039 0.101536 0.045171
19.031249 1.096301 24.825017 1.899887
0.485162 0.101075 -0.000315 -0.000046
0.101075 0.045103 -0.000046 -0.000030
-0.000315 -0.000046 0.484749 0.101057
-0.000046 -0.000030 0.101057 0.045102
20.344525 1.256104 26.104261 1.968721
0.482517 0.100773 -0.000181 -0.000025
0.100773 0.045069 -0.000025 -0.000023
-0.000181 -0.000025 0.482250 0.100775
-0.000025 -0.000023 0.100775 0.045069
20.705286 1.200148 27.181184 1.988104
0.480539 0.100600 -0.000095 -0.000014
0.100600 0.045054 -0.000014 -0.000019
-0.000095 -0.000014 0.480481 0.100635
-0.000014 -0.000019 0.100635 0.045058
21.735233 1.290338 28.042185 1.960181
0.479096 0.100517 -0.000033 -0.000006
0.100517 0.045048 -0.000007 -0.000015
-0.000033 -0.000007 0.479270 0.100587
-0.000006 -0.000015 0.100587 0.045058
22.579170 1.332119 29.168864 1.990998
0.478062 0.100490 -0.000024 -0.000009
0.100490 0.045045 -0.000009 -0.000014
-0.000024 -0.000009 0.478482 0.100597
-0.000009 -0.000014 0.100597 0.045060
23.189414 1.320370 29.959055 1.947774
0.477320 0.100491 -0.000058 -0.000019
0.100491 0.045040 -0.000019 -0.000014
-0.000058 -0.000019 0.478021 0.100641
-0.000019 -0.000014 0.100641 0.045063
24.076309 1.368166 30.542197 1.865416
0.476802 0.100508 -0.000122 -0.000033
0.100508 0.045033 -0.000033 -0.000015
-0.000122 -0.000033 0.477782 0.100699
-0.000033 -0.000015 0.100699 0.045063
24.607653 1.335937 31.570567 1.885595
0.476454 0.100530 -0.000227 -0.000054
0.100530 0.045023 -0.000054 -0.000018
-0.000227 -0.000054 0.477682 0.100755
-0.000054 -0.000018 0.100755 0.045059
25.115010 1.302025 32.510056 1.884898
0.476188 0.100545 -0.000355 -0.000077
0.100545 0.045009 -0.000077 -0.000021
-0.000355 -0.000077 0.477704 0.100811
-0.000077 -0.000021 0.100811 0.045052
25.942355 1.339278 33.833392 1.965303
0.475971 0.100548 -0.000502 -0.000102
0.100548 0.044992 -0.000102 -0.000024
-0.000502 -0.000102 0.477805 0.100862
-0.000102 -0.000024 0.100862 0.045044
26.795203 1.377996 34.923293 1.987950
0.475753 0.100535 -0.000705 -0.000137
0.100535 0.044971 -0.000137 -0.000030
-0.000705 -0.000137 0.477981 0.100912
-0.000137 -0.000030 0.100912 0.045036
27.291028 1.337158 35.738421 1.950183
0.475538 0.100512 -0.000959 -0.000180
0.100512 0.044949 -0.000180 -0.000037
-0.000959 -0.000180 0.478189 0.100954
-0.000180 -0.000037 0.100954 0.045027
28.021271 1.350204 36.850783 1.979165
0.475328 0.100481 -0.001218 -0.000222
0.100481 0.044927 -0.000222 -0.000043
-0.001218 -0.000222 0.478403 0.100988
-0.000222 -0.000043 0.100988 0.045018
28.962272 1.406461 38.241387 2.063831
0.475095 0.100440 -0.001521 -0.000270
0.100440 0.044905 -0.000270 -0.000052
-0.001521 -0.000270 0.478639 0.101019
-0.000270 -0.000052 0.101019 0.045010
29.527738 1.377252 38.702017 1.943266
0.474817 0.100387 -0.001902 -0.000333
0.100387 0.044883 -0.000333 -0.000063
-0.001902 -0.000333 0.478913 0.101054
-0.000333 -0.000063 0.101054 0.045005
29.754753 1.279670 39.776573 1.964890
0.474582 0.100343 -0.002268 -0.000389
0.100343 0.044864 -0.000389 -0.000072
-0.002268 -0.000389 0.479132 0.101073
-0.000389 -0.000072 0.101073 0.044998
30.012137 1.198666 40.184244 1.843582
0.474294 0.100287 -0.002614 -0.000439
0.100287 0.044845 -0.000439 -0.000081
-0.002614 -0.000439 0.479395 0.101102
-0.000439 -0.000081 0.101102 0.044996
30.462566 1.167292 41.502375 1.927103
0.474039 0.100240 -0.002915 -0.000478
0.100240 0.044829 -0.000478 -0.000088
-0.002915 -0.000478 0.479614 0.101120
-0.000478 -0.000088 0.101120 0.044992
31.056251 1.169352 42.277092 1.887303
0.473710 0.100178 -0.003254 -0.000526
0.100178 0.044812 -0.000526 -0.000096
-0.003254 -0.000526 0.479907 0.101155
-0.000526 -0.000096 0.101155 0.044995
31.608018 1.162313 43.018168 1.844602
0.473395 0.100122 -0.003619 -0.000579
0.100122 0.044797 -0.000579 -0.000107
-0.003619 -0.000579 0.480184 0.101186
-0.000579 -0.000107 0.101186 0.044997
31.952971 1.112435 44.134417 1.885358
0.473095 0.100071 -0.004003 -0.000635
0.100071 0.044784 -0.000635 -0.000118
-0.004003 -0.000635 0.480448 0.101216
-0.000635 -0.000118 0.101216 0.045000
32.940922 1.203877 45.289478 1.930304
0.472741 0.100011 -0.004397 -0.000692
0.100011 0.044769 -0.000692 -0.000129
-0.004397 -0.000692 0.480774 0.101259
-0.000692 -0.000129 0.101259 0.045007
34.440524 1.393619 45.892220 1.854486
0.472379 0.099951 -0.004907 -0.000773
0.099951 0.044755 -0.000774 -0.000146
-0.004907 -0.000774 0.481118 0.101306
-0.000773 -0.000146 0.101306 0.045015
34.819718 1.326374 46.777463 1.845450
0.472142 0.099919 -0.005560 -0.000881
0.099919 0.044748 -0.000882 -0.000168
-0.005560 -0.000882 0.481349 0.101329
-0.000881 -0.000168 0.101329 0.045018
35.305732 1.288712 47.467005 1.796250
0.471871 0.099879 -0.006175 -0.000977
0.099879 0.044739 -0.000978 -0.000186
-0.006175 -0.000978 0.481624 0.101363
-0.000977 -0.000186 0.101363 0.045025
