1.213524 1.447515 4.299908 0.827953
2.053490 0.821414 -0.226717 -0.090689
0.821414 80.332639 -0.090689 -0.036276
-0.226717 -0.090689 3.101368 1.240574
-0.090689 -0.036276 1.240574 80.500307
2.896344 3.127572 3.038201 -1.995528
2.023643 3.597302 -0.834478 -1.376112
3.597302 13.544489 -1.425304 -2.993690
-0.834478 -1.425304 3.342030 5.652122
-1.376112 -2.993690 5.652122 19.694109
2.913239 1.389956 3.646658 -0.271347
2.762460 3.182770 -0.859520 -0.818634
3.182770 5.258431 -0.921744 -1.129233
-0.859520 -0.921744 1.995104 2.198710
-0.818634 -1.129233 2.198710 4.842283
6.949704 4.067708 2.672352 -0.831580
2.351525 1.872720 -1.045614 -0.792432
1.872720 2.098092 -0.790786 -0.725076
-1.045614 -0.790786 2.095308 1.777739
-0.792432 -0.725076 1.777739 2.392003
7.099844 2.926742 3.804812 0.140480
1.524326 0.947376 -0.274856 -0.114283
0.947376 0.891569 -0.133491 -0.120772
-0.274856 -0.133491 1.565154 1.062485
-0.114283 -0.120772 1.062485 1.133247
6.897353 2.069350 4.599501 0.507347
1.191824 0.617057 -0.148916 -0.054262
0.617057 0.494437 -0.062630 -0.066149
-0.148916 -0.062630 1.484889 0.833273
-0.054262 -0.066149 0.833273 0.691955
7.864653 2.041444 6.086837 1.092281
1.005985 0.450365 -0.170404 -0.071028
0.450365 0.313486 -0.073700 -0.059773
-0.170404 -0.073700 1.429739 0.676997
-0.071028 -0.059773 0.676997 0.458112
8.969714 2.074071 7.807061 1.572395
0.933405 0.369962 -0.252552 -0.100537
0.369962 0.224037 -0.100944 -0.059379
-0.252552 -0.100944 1.327898 0.542011
-0.100537 -0.059379 0.542011 0.313811
10.765553 2.343652 7.656679 1.236815
0.897176 0.318826 -0.281902 -0.099949
0.318826 0.170611 -0.100065 -0.048647
-0.281902 -0.100065 1.185949 0.426002
-0.099949 -0.048647 0.426002 0.220274
11.923578 2.339447 8.427344 1.285938
0.822637 0.264857 -0.261286 -0.082427
0.264857 0.130363 -0.082495 -0.035451
-0.261286 -0.082495 1.093251 0.352331
-0.082427 -0.035451 0.352331 0.165628
11.777886 1.951218 9.719161 1.472607
0.759096 0.224452 -0.233156 -0.066166
0.224452 0.103777 -0.066208 -0.025787
-0.233156 -0.066208 1.004113 0.294616
-0.066166 -0.025787 0.294616 0.129032
12.155168 1.785690 10.369384 1.446866
0.719131 0.197679 -0.214335 -0.055370
0.197679 0.086810 -0.055521 -0.019698
-0.214335 -0.055521 0.913967 0.247373
-0.055370 -0.019698 0.247373 0.103434
13.295448 1.848942 10.898295 1.398656
0.683701 0.176483 -0.195509 -0.046341
0.176483 0.074811 -0.046559 -0.015240
-0.195509 -0.046559 0.838173 0.211961
-0.046341 -0.015240 0.211961 0.086076
14.073166 1.815873 12.116818 1.522594
0.646602 0.158249 -0.173077 -0.037842
0.158249 0.065894 -0.038020 -0.011686
-0.173077 -0.038020 0.777723 0.185924
-0.037842 -0.011686 0.185924 0.074267
14.501088 1.702446 12.852890 1.513611
0.615666 0.144252 -0.150208 -0.030416
0.144252 0.059612 -0.030578 -0.008955
-0.150208 -0.030578 0.722597 0.164996
-0.030416 -0.008955 0.164996 0.065730
15.408170 1.726050 15.093047 1.842762
0.589876 0.133455 -0.130531 -0.024629
0.133455 0.055151 -0.024785 -0.006984
-0.130531 -0.024785 0.676239 0.148918
-0.024629 -0.006984 0.148918 0.059681
16.147157 1.700263 16.234785 1.889312
0.569761 0.125468 -0.108006 -0.018863
0.125468 0.052062 -0.019043 -0.005279
-0.108006 -0.019043 0.631316 0.135286
-0.018863 -0.005279 0.135286 0.055110
16.665041 1.627924 17.147531 1.879927
0.552608 0.119208 -0.087920 -0.014206
0.119208 0.049842 -0.014389 -0.004003
-0.087920 -0.014389 0.594979 0.125118
-0.014206 -0.004003 0.125118 0.051926
17.081062 1.542426 18.017022 1.862110
0.538392 0.114393 -0.071012 -0.010625
0.114393 0.048270 -0.010804 -0.003078
-0.071012 -0.010804 0.566031 0.117620
-0.010625 -0.003078 0.117620 0.049723
17.847443 1.540351 18.802843 1.831975
0.526798 0.110746 -0.056871 -0.007880
0.110746 0.047175 -0.008052 -0.002404
-0.056871 -0.008052 0.542982 0.112106
-0.007880 -0.002404 0.112106 0.048201
18.774861 1.574292 19.872742 1.864844
0.516690 0.107865 -0.044718 -0.005710
0.107865 0.046395 -0.005863 -0.001893
-0.044718 -0.005863 0.525364 0.108224
-0.005710 -0.001893 0.108224 0.047185
19.070794 1.472132 20.834219 1.867857
0.508015 0.105632 -0.033965 -0.003925
0.105632 0.045853 -0.004055 -0.001486
-0.033965 -0.004055 0.511952 0.105527
-0.003925 -0.001486 0.105527 0.046514
19.498299 1.408787 21.923713 1.898431
0.501182 0.104033 -0.025133 -0.002587
0.104033 0.045507 -0.002700 -0.001186
-0.025133 -0.002700 0.501566 0.103631
-0.002587 -0.001186 0.103631 0.046062
19.769971 1.320392 23.232998 1.971278
0.495504 0.102842 -0.017788 -0.001567
0.102842 0.045281 -0.001663 -0.000956
-0.017788 -0.001663 0.493955 0.102402
-0.001567 -0.000956 0.102402 0.045777
20.188083 1.269561 24.056011 1.936615
0.490479 0.101900 -0.011598 -0.000771
0.101900 0.045124 -0.000851 -0.000771
-0.011598 -0.000851 0.488862 0.101722
-0.000771 -0.000771 0.101722 0.045615
20.335166 1.169098 25.481825 2.030973
0.485904 0.101127 -0.006892 -0.000253
0.101127 0.045008 -0.000316 -0.000639
-0.006892 -0.000316 0.485901 0.101462
-0.000253 -0.000639 0.101462 0.045539
21.208347 1.228398 25.888614 1.903948
0.480999 0.100335 -0.002908 0.000166
0.100335 0.044889 0.000118 -0.000520
-0.002908 0.000118 0.485290 0.101638
0.000166 -0.000520 0.101638 0.045546
22.199594 1.307303 26.889308 1.914500
0.476629 0.099695 -0.001030 0.000197
0.099695 0.044799 0.000161 -0.000478
-0.001030 0.000161 0.485765 0.101953
0.000197 -0.000478 0.101953 0.045570
22.695701 1.274298 28.067912 1.960973
0.472027 0.099027 -0.001172 -0.000117
0.099027 0.044698 -0.000143 -0.000498
-0.001172 -0.000143 0.487735 0.102495
-0.000117 -0.000498 0.102495 0.045633
22.832410 1.168987 28.960797 1.942615
0.466906 0.098267 -0.002429 -0.000563
0.098267 0.044571 -0.000587 -0.000536
-0.002429 -0.000587 0.491294 0.103278
-0.000563 -0.000536 0.103278 0.045739
23.786956 1.246986 30.416270 2.044217
0.461706 0.097510 -0.003863 -0.000949
0.097510 0.044441 -0.000973 -0.000554
-0.003863 -0.000973 0.495820 0.104162
-0.000949 -0.000554 0.104162 0.045857
24.080836 1.177175 31.265354 2.008032
0.455702 0.096596 -0.007470 -0.001715
0.096596 0.044272 -0.001746 -0.000650
-0.007470 -0.001746 0.502196 0.105339
-0.001715 -0.000650 0.105339 0.046033
24.744794 1.193250 31.989300 1.949424
0.450015 0.095771 -0.011125 -0.002392
0.095771 0.044120 -0.002432 -0.000722
-0.011125 -0.002432 0.509040 0.106503
-0.002392 -0.000722 0.106503 0.046200
25.438639 1.214104 33.316039 2.022852
0.445111 0.095119 -0.015683 -0.003185
0.095119 0.043999 -0.003238 -0.000819
-0.015683 -0.003238 0.515761 0.107550
-0.003185 -0.000819 0.107550 0.046340
25.987226 1.201396 34.099487 1.975451
0.439891 0.094385 -0.020977 -0.004060
0.094385 0.043852 -0.004130 -0.000936
-0.020977 -0.004130 0.523828 0.108808
-0.004060 -0.000936 0.108808 0.046528
27.141479 1.320220 34.731067 1.902498
0.435396 0.093797 -0.026254 -0.004867
0.093797 0.043730 -0.004952 -0.001040
-0.026254 -0.004952 0.531706 0.109951
-0.004867 -0.001040 0.109951 0.046693
27.744409 1.308416 35.963244 1.960229
0.432239 0.093472 -0.033057 -0.005940
0.093472 0.043656 -0.006059 -0.001208
-0.033057 -0.006059 0.538817 0.110879
-0.005940 -0.001208 0.110879 0.046819
28.021566 1.225554 36.608320 1.890488
0.428808 0.093040 -0.038664 -0.006709
0.093040 0.043548 -0.006840 -0.001311
-0.038664 -0.006840 0.546729 0.111951
-0.006709 -0.001311 0.111951 0.046984
28.227273 1.137874 37.841625 1.947750
0.425853 0.092683 -0.042645 -0.007124
0.092683 0.043452 -0.007248 -0.001347
-0.042645 -0.007248 0.553825 0.112831
-0.007124 -0.001347 0.112831 0.047116
28.867831 1.154668 39.066632 1.999075
0.422855 0.092294 -0.043660 -0.006959
0.092294 0.043345 -0.007032 -0.001272
-0.043660 -0.007032 0.560021 0.113536
-0.006959 -0.001272 0.113536 0.047225
29.688089 1.204244 39.341363 1.853775
0.420643 0.092060 -0.042409 -0.006408
0.092060 0.043272 -0.006413 -0.001137
-0.042409 -0.006413 0.563950 0.113809
-0.006408 -0.001137 0.113809 0.047259
30.408474 1.229405 40.115264 1.823621
0.419169 0.091947 -0.041717 -0.006071
0.091947 0.043220 -0.006039 -0.001075
-0.041717 -0.006039 0.566837 0.113927
-0.006071 -0.001075 0.113927 0.047277
30.819702 1.184832 41.071721 1.831401
0.418685 0.092020 -0.039365 -0.005469
0.092020 0.043206 -0.005393 -0.000970
-0.039365 -0.005393 0.567115 0.113599
-0.005469 -0.000970 0.113599 0.047223
31.480906 1.198656 41.756723 1.785619
0.419955 0.092440 -0.034540 -0.004451
0.092440 0.043266 -0.004322 -0.000790
-0.034540 -0.004322 0.563130 0.112535
-0.004451 -0.000790 0.112535 0.047041
31.946287 1.170963 42.977034 1.850339
0.422978 0.093172 -0.028774 -0.003349
0.093172 0.043387 -0.003185 -0.000610
-0.028774 -0.003185 0.555855 0.110975
-0.003349 -0.000610 0.110975 0.046785
32.563720 1.180732 44.414662 1.952998
0.430315 0.094763 -0.021663 -0.002060
0.094763 0.043688 -0.001898 -0.000404
-0.021663 -0.001898 0.541592 0.108203
-0.002060 -0.000404 0.108203 0.046311
33.325231 1.219209 45.569045 1.989469
0.444016 0.097575 -0.015581 -0.001056
0.097575 0.044232 -0.000975 -0.000273
-0.015581 -0.000975 0.519730 0.104157
-0.001056 -0.000273 0.104157 0.045611
34.259380 1.287496 45.881368 1.853041
0.463014 0.101253 -0.012844 -0.000775
0.101253 0.044926 -0.000837 -0.000295
-0.012844 -0.000837 0.494790 0.099792
-0.000775 -0.000295 0.099792 0.044877
34.857331 1.279402 47.369175 1.967262
0.483477 0.104903 -0.013075 -0.001091
0.104903 0.045570 -0.001284 -0.000421
-0.013075 -0.001284 0.472528 0.096242
-0.001091 -0.000421 0.096242 0.044326
35.514232 1.281627 47.817118 1.856811
0.509292 0.109393 -0.018829 -0.002474
0.109393 0.046366 -0.002810 -0.000747
-0.018829 -0.002810 0.450146 0.092802
-0.002474 -0.000747 0.092802 0.043784
