-1.194190 0.484408 4.086605 0.742630
2.053490 0.821414 -0.226717 -0.090689
0.821414 80.332639 -0.090689 -0.036276
-0.226717 -0.090689 3.101368 1.240574
-0.090689 -0.036276 1.240574 80.500307
0.497911 3.043081 2.894045 -1.881703
2.044722 3.632361 -0.967688 -1.601637
3.632361 13.602562 -1.659068 -3.389488
-0.967688 -1.659068 3.553670 6.008494
-1.601637 -3.389488 6.008494 20.294168
1.741628 2.717593 1.923646 -1.931785
2.652617 3.029147 -1.444284 -1.452514
3.029147 5.049008 -1.553986 -1.830863
-1.444284 -1.553986 2.880798 3.133129
-1.452514 -1.830863 3.133129 5.847352
3.907343 3.461275 2.803322 -0.316741
2.624729 2.103642 -1.193453 -0.816053
2.103642 2.288441 -0.888421 -0.747946
-1.193453 -0.888421 2.096456 1.681477
-0.816053 -0.747946 1.681477 2.273908
8.292043 5.118188 2.494886 -0.253877
1.989151 1.230945 -0.461431 -0.190390
1.230945 1.061613 -0.246078 -0.181701
-0.461431 -0.246078 1.374313 0.906681
-0.190390 -0.181701 0.906681 1.039052
8.578053 3.986422 4.272847 0.749671
1.356188 0.687298 -0.169224 -0.044775
0.687298 0.523118 -0.069659 -0.069992
-0.169224 -0.069659 1.313260 0.745600
-0.044775 -0.069992 0.745600 0.662642
9.731143 3.620085 5.551630 1.174450
1.068190 0.466660 -0.150581 -0.054149
0.466660 0.316890 -0.064648 -0.059178
-0.150581 -0.064648 1.321343 0.640201
-0.054149 -0.059178 0.640201 0.455008
10.429037 3.186955 6.776870 1.434747
0.923567 0.358475 -0.177944 -0.068601
0.358475 0.218020 -0.073340 -0.052160
-0.177944 -0.073340 1.275975 0.533902
-0.068601 -0.052160 0.533902 0.319607
11.245982 2.916205 7.282408 1.355853
0.841301 0.295110 -0.201757 -0.073160
0.295110 0.162189 -0.075489 -0.043575
-0.201757 -0.075489 1.192857 0.438524
-0.073160 -0.043575 0.438524 0.230309
12.572053 2.874450 7.816495 1.308699
0.776619 0.249023 -0.203694 -0.067358
0.249023 0.126025 -0.068742 -0.034127
-0.203694 -0.068742 1.105487 0.363142
-0.067358 -0.034127 0.363142 0.172314
13.135177 2.616371 8.258591 1.246284
0.719444 0.213120 -0.189156 -0.056981
0.213120 0.101350 -0.057912 -0.025730
-0.189156 -0.057912 1.021720 0.304429
-0.056981 -0.025730 0.304429 0.133776
13.716800 2.415282 9.304494 1.362472
0.672501 0.185993 -0.174195 -0.048091
0.185993 0.084485 -0.048731 -0.019647
-0.174195 -0.048731 0.946615 0.259319
-0.048091 -0.019647 0.259319 0.107752
14.175993 2.220093 10.155042 1.405560
0.636278 0.165925 -0.159885 -0.040697
0.165925 0.072911 -0.041143 -0.015215
-0.159885 -0.041143 0.875295 0.223169
-0.040697 -0.015215 0.223169 0.089480
14.430768 2.009824 12.084736 1.699429
0.606814 0.150545 -0.145990 -0.034443
0.150545 0.064743 -0.034762 -0.011909
-0.145990 -0.034762 0.811425 0.194787
-0.034443 -0.011909 0.194787 0.076627
14.992710 1.905131 13.275885 1.776639
0.586966 0.139694 -0.131257 -0.028816
0.139694 0.059164 -0.029074 -0.009337
-0.131257 -0.029074 0.746704 0.170596
-0.028816 -0.009337 0.170596 0.067062
15.597495 1.827549 14.826419 1.921449
0.569695 0.130988 -0.115522 -0.023666
0.130988 0.055081 -0.023872 -0.007287
-0.115522 -0.023872 0.691439 0.151977
-0.023666 -0.007287 0.151977 0.060328
16.428326 1.812872 16.600931 2.095412
0.555308 0.124168 -0.098655 -0.018866
0.124168 0.052129 -0.019029 -0.005614
-0.098655 -0.019029 0.643389 0.137402
-0.018866 -0.005614 0.137402 0.055512
17.180872 1.781924 18.174402 2.205092
0.542944 0.118762 -0.080809 -0.014370
0.118762 0.049985 -0.014488 -0.004228
-0.080809 -0.014488 0.602753 0.126198
-0.014370 -0.004228 0.126198 0.052102
18.021742 1.768091 18.738728 2.093187
0.532241 0.114469 -0.063950 -0.010511
0.114469 0.048431 -0.010593 -0.003139
-0.063950 -0.010593 0.570061 0.117919
-0.010511 -0.003139 0.117919 0.049753
18.054636 1.585715 19.573604 2.045118
0.522132 0.110884 -0.050094 -0.007603
0.110884 0.047271 -0.007653 -0.002361
-0.050094 -0.007653 0.545900 0.112246
-0.007603 -0.002361 0.112246 0.048222
18.687940 1.551135 20.415492 2.007174
0.514159 0.108225 -0.038958 -0.005455
0.108225 0.046480 -0.005496 -0.001812
-0.038958 -0.005496 0.526745 0.108119
-0.005455 -0.001812 0.108119 0.047175
19.085126 1.472358 21.526982 2.027664
0.507049 0.106099 -0.029542 -0.003781
0.106099 0.045915 -0.003812 -0.001400
-0.029542 -0.003812 0.512392 0.105310
-0.003781 -0.001400 0.105310 0.046498
19.699005 1.447141 22.617383 2.042980
0.500950 0.104458 -0.021495 -0.002455
0.104458 0.045529 -0.002479 -0.001082
-0.021495 -0.002479 0.501631 0.103422
-0.002455 -0.001082 0.103422 0.046061
19.511770 1.257289 23.593698 2.030640
0.495311 0.103115 -0.014838 -0.001450
0.103115 0.045252 -0.001467 -0.000844
-0.014838 -0.001467 0.494213 0.102307
-0.001450 -0.000844 0.102307 0.045806
19.577607 1.139474 24.357631 1.976930
0.490509 0.102100 -0.009138 -0.000646
0.102100 0.045073 -0.000658 -0.000651
-0.009138 -0.000658 0.489021 0.101659
-0.000646 -0.000651 0.101659 0.045653
20.311979 1.174295 25.633173 2.037149
0.486205 0.101293 -0.004437 -0.000036
0.101293 0.044951 -0.000046 -0.000501
-0.004437 -0.000046 0.485822 0.101391
-0.000036 -0.000501 0.101391 0.045573
21.426187 1.284012 26.414322 1.988029
0.481141 0.100397 -0.001036 0.000327
0.100397 0.044814 0.000322 -0.000399
-0.001036 0.000322 0.485391 0.101637
0.000327 -0.000399 0.101637 0.045592
22.011310 1.272007 27.187208 1.941590
0.475994 0.099550 0.000084 0.000256
0.099550 0.044689 0.000255 -0.000384
0.000084 0.000255 0.486638 0.102135
0.000256 -0.000384 0.102135 0.045650
22.847872 1.314067 27.923485 1.892313
0.471045 0.098797 -0.000077 -0.000005
0.098797 0.044582 -0.000006 -0.000399
-0.000077 -0.000006 0.488938 0.102745
-0.000005 -0.000399 0.102745 0.045719
23.142858 1.237911 28.780525 1.873686
0.466428 0.098145 -0.001885 -0.000530
0.098145 0.044492 -0.000533 -0.000461
-0.001885 -0.000533 0.491914 0.103395
-0.000530 -0.000461 0.103395 0.045788
23.982908 1.284500 29.963633 1.925327
0.461764 0.097498 -0.004093 -0.001043
0.097498 0.044395 -0.001051 -0.000511
-0.004093 -0.001051 0.495811 0.104148
-0.001043 -0.000511 0.104148 0.045875
24.387304 1.234188 30.643261 1.866041
0.456721 0.096779 -0.007994 -0.001831
0.096779 0.044274 -0.001850 -0.000617
-0.007994 -0.001850 0.501008 0.105089
-0.001831 -0.000617 0.105089 0.045999
24.708310 1.171217 31.525231 1.855383
0.452165 0.096170 -0.012123 -0.002577
0.096170 0.044170 -0.002606 -0.000709
-0.012123 -0.002606 0.506394 0.105979
-0.002577 -0.000709 0.105979 0.046111
24.608487 1.024958 32.664404 1.899301
0.447587 0.095550 -0.016243 -0.003249
0.095550 0.044056 -0.003288 -0.000785
-0.016243 -0.003288 0.512493 0.106947
-0.003249 -0.000785 0.106947 0.046240
25.500130 1.106506 33.954342 1.970394
0.442296 0.094768 -0.019152 -0.003618
0.094768 0.043900 -0.003657 -0.000800
-0.019152 -0.003657 0.519995 0.108142
-0.003618 -0.000800 0.108142 0.046420
26.168302 1.130912 34.710327 1.923060
0.437020 0.093992 -0.023456 -0.004266
0.093992 0.043741 -0.004313 -0.000885
-0.023456 -0.004313 0.528456 0.109458
-0.004266 -0.000885 0.109458 0.046625
26.876903 1.162079 35.794373 1.948611
0.432625 0.093405 -0.028137 -0.004958
0.093405 0.043619 -0.005017 -0.000986
-0.028137 -0.005017 0.536472 0.110605
-0.004958 -0.000986 0.110605 0.046794
27.894565 1.256713 36.741973 1.944266
0.428589 0.092876 -0.032666 -0.005590
0.092876 0.043502 -0.005657 -0.001077
-0.032666 -0.005657 0.544587 0.111724
-0.005590 -0.001077 0.111724 0.046963
28.545330 1.262532 37.999519 2.002656
0.425277 0.092478 -0.037378 -0.006240
0.092478 0.043407 -0.006321 -0.001180
-0.037378 -0.006321 0.552238 0.112711
-0.006240 -0.001180 0.112711 0.047111
28.968853 1.216048 38.727827 1.946312
0.422297 0.092125 -0.039871 -0.006425
0.092125 0.043315 -0.006489 -0.001187
-0.039871 -0.006489 0.558930 0.113495
-0.006425 -0.001187 0.113495 0.047228
29.266221 1.146792 39.450474 1.894179
0.420108 0.091917 -0.040655 -0.006296
0.091917 0.043251 -0.006328 -0.001141
-0.040655 -0.006328 0.563747 0.113916
-0.006296 -0.001141 0.113916 0.047284
30.039850 1.188549 39.950476 1.805086
0.418766 0.091861 -0.039599 -0.005854
0.091861 0.043215 -0.005841 -0.001044
-0.039599 -0.005841 0.566286 0.113933
-0.005854 -0.001044 0.113933 0.047276
30.021400 1.054210 40.973281 1.825947
0.418188 0.091923 -0.038077 -0.005401
0.091923 0.043199 -0.005353 -0.000963
-0.038077 -0.005353 0.567174 0.113701
-0.005401 -0.000963 0.113701 0.047236
30.718302 1.093861 42.285353 1.906811
0.419243 0.092306 -0.033735 -0.004449
0.092306 0.043250 -0.004347 -0.000789
-0.033735 -0.004347 0.563870 0.112743
-0.004449 -0.000789 0.112743 0.047072
31.638879 1.175318 43.050831 1.871248
0.423704 0.093374 -0.027118 -0.003136
0.093374 0.043447 -0.002994 -0.000557
-0.027118 -0.002994 0.553949 0.110624
-0.003136 -0.000557 0.110624 0.046701
32.395325 1.212159 43.912075 1.857214
0.430899 0.094908 -0.020455 -0.001930
0.094908 0.043727 -0.001785 -0.000367
-0.020455 -0.001785 0.540265 0.107985
-0.001930 -0.000367 0.107985 0.046259
33.576170 1.340611 45.300496 1.952016
0.441735 0.097073 -0.014594 -0.000970
0.097073 0.044125 -0.000868 -0.000239
-0.014594 -0.000868 0.522628 0.104792
-0.000970 -0.000239 0.104792 0.045732
34.148810 1.319719 46.404659 1.977505
0.460748 0.100807 -0.012069 -0.000716
0.100807 0.044840 -0.000758 -0.000266
-0.012069 -0.000758 0.497287 0.100277
-0.000716 -0.000266 0.100277 0.044957
34.850525 1.328242 47.211259 1.940546
0.483704 0.105037 -0.013591 -0.001272
0.105037 0.045615 -0.001475 -0.000445
-0.013591 -0.001475 0.472382 0.096141
-0.001272 -0.000445 0.096141 0.044282
35.350275 1.292422 48.002583 1.903213
0.508991 0.109395 -0.018938 -0.002537
0.109395 0.046376 -0.002873 -0.000740
-0.018938 -0.002873 0.450409 0.092804
-0.002537 -0.000740 0.092804 0.043769
