32.741256 0.542147 49.422932 1.976536
0.564343 0.118112 -0.039704 -0.006470
0.118112 0.047887 -0.006955 -0.001520
-0.039704 -0.006955 0.417654 0.088531
-0.006470 -0.001520 0.088531 0.043036
28.668392 -0.360158 49.003243 1.655271
0.576461 0.118892 -0.038408 -0.005908
0.118892 0.047851 -0.006383 -0.001333
-0.038408 -0.006383 0.411199 0.088456
-0.005908 -0.001333 0.088456 0.043119
24.952765 -1.089251 47.770756 1.189661
0.569780 0.116007 -0.030834 -0.004136
0.116007 0.047142 -0.004584 -0.000923
-0.030834 -0.004584 0.413667 0.090123
-0.004136 -0.000923 0.090123 0.043517
21.555196 -1.675068 46.019241 0.660522
0.551335 0.111259 -0.023085 -0.002554
0.111259 0.046178 -0.002929 -0.000593
-0.023085 -0.002929 0.423265 0.092992
-0.002554 -0.000593 0.092992 0.044096
18.933955 -2.045473 43.291522 -0.021629
0.527345 0.106019 -0.016839 -0.001464
0.106019 0.045234 -0.001727 -0.000388
-0.016839 -0.001727 0.438122 0.096570
-0.001464 -0.000388 0.096570 0.044753
17.215659 -2.196476 39.996687 -0.747211
0.498832 0.100451 -0.010373 -0.000411
0.100451 0.044309 -0.000567 -0.000201
-0.010373 -0.000567 0.459278 0.101070
-0.000411 -0.000201 0.101070 0.045547
15.831959 -2.266042 35.307051 -1.691984
0.471546 0.095649 0.001745 0.001829
0.095649 0.043594 0.001662 0.000222
0.001745 0.001662 0.484153 0.105887
0.001829 0.000222 0.105887 0.046353
13.849964 -2.447726 30.141399 -2.628655
0.460750 0.094567 0.021489 0.005585
0.094567 0.043650 0.005273 0.000931
0.021489 0.005273 0.497293 0.107678
0.005585 0.000931 0.107678 0.046461
12.257153 -2.525022 24.566494 -3.541322
0.470350 0.097651 0.032462 0.007148
0.097651 0.044500 0.006820 0.001154
0.032462 0.006820 0.488436 0.104625
0.007148 0.001154 0.104625 0.045565
10.381903 -2.649210 20.170678 -4.099145
0.484927 0.101382 0.026670 0.005064
0.101382 0.045369 0.004865 0.000640
0.026670 0.004865 0.471957 0.100392
0.005064 0.000640 0.100392 0.044554
9.399068 -2.573548 16.543374 -4.434957
0.499302 0.104661 0.011014 0.001197
0.104661 0.046048 0.001151 -0.000169
0.011014 0.001151 0.456734 0.096962
0.001197 -0.000169 0.096962 0.043839
8.863704 -2.415743 14.149458 -4.474269
0.512304 0.107303 -0.010297 -0.003412
0.107303 0.046530 -0.003323 -0.001051
-0.010297 -0.003323 0.446254 0.094919
-0.003412 -0.001051 0.094919 0.043488
8.700944 -2.197698 11.921592 -4.473889
0.524271 0.109446 -0.033662 -0.007985
0.109446 0.046869 -0.007776 -0.001855
-0.033662 -0.007776 0.441084 0.094176
-0.007985 -0.001855 0.094176 0.043429
8.415136 -2.028801 10.838480 -4.226456
0.532487 0.110586 -0.060263 -0.012842
0.110586 0.046979 -0.012499 -0.002672
-0.060263 -0.012499 0.443931 0.095146
-0.012842 -0.002672 0.095146 0.043714
8.796070 -1.735899 10.443564 -3.853177
0.539375 0.111335 -0.085133 -0.016952
0.111335 0.047011 -0.016469 -0.003299
-0.085133 -0.016469 0.451445 0.096926
-0.016952 -0.003299 0.096926 0.044118
9.788630 -1.344971 9.875889 -3.550019
0.540908 0.110927 -0.106234 -0.020024
0.110927 0.046817 -0.019374 -0.003705
-0.106234 -0.019374 0.464234 0.099593
-0.020024 -0.003705 0.099593 0.044657
10.872500 -0.969139 9.787529 -3.171313
0.530524 0.108174 -0.120580 -0.021629
0.108174 0.046179 -0.020707 -0.003820
-0.120580 -0.020707 0.484301 0.103555
-0.021629 -0.003820 0.103555 0.045424
11.268528 -0.775285 9.288204 -2.927718
0.515970 0.104930 -0.126620 -0.021563
0.104930 0.045518 -0.020389 -0.003645
-0.126620 -0.020389 0.503757 0.107054
-0.021563 -0.003645 0.107054 0.046040
12.335011 -0.450975 9.524817 -2.544423
0.500504 0.101857 -0.127885 -0.020727
0.101857 0.044951 -0.019323 -0.003387
-0.127885 -0.019323 0.521947 0.110024
-0.020727 -0.003387 0.110024 0.046516
13.289336 -0.177405 10.051954 -2.144728
0.486681 0.099438 -0.124439 -0.019158
0.099438 0.044558 -0.017631 -0.003058
-0.124439 -0.017631 0.535488 0.111850
-0.019158 -0.003058 0.111850 0.046749
14.261226 0.075166 10.792775 -1.746275
0.475877 0.097841 -0.118348 -0.017316
0.097841 0.044345 -0.015786 -0.002749
-0.118348 -0.015786 0.543823 0.112548
-0.017316 -0.002749 0.112548 0.046768
15.149160 0.287767 11.843286 -1.331198
0.467797 0.096902 -0.110144 -0.015308
0.096902 0.044256 -0.013870 -0.002461
-0.110144 -0.013870 0.547130 0.112292
-0.015308 -0.002461 0.112292 0.046633
15.573314 0.380606 13.115248 -0.925838
0.462592 0.096573 -0.100373 -0.013223
0.096573 0.044273 -0.011959 -0.002198
-0.100373 -0.011959 0.545437 0.111190
-0.013223 -0.002198 0.111190 0.046377
16.913617 0.673052 15.455216 -0.331630
0.460947 0.096920 -0.090358 -0.011295
0.096920 0.044399 -0.010281 -0.001991
-0.090358 -0.010281 0.539002 0.109351
-0.011295 -0.001991 0.109351 0.046024
17.739463 0.810600 17.346642 0.096721
0.461419 0.097641 -0.076351 -0.008728
0.097641 0.044582 -0.007972 -0.001654
-0.076351 -0.007972 0.527353 0.106787
-0.008728 -0.001654 0.106787 0.045587
18.098091 0.823607 18.966472 0.417208
0.463596 0.098563 -0.061643 -0.006229
0.098563 0.044775 -0.005687 -0.001329
-0.061643 -0.005687 0.514583 0.104308
-0.006229 -0.001329 0.104308 0.045213
19.027163 0.951453 20.469843 0.688369
0.467062 0.099569 -0.048064 -0.004131
0.099569 0.044954 -0.003758 -0.001075
-0.048064 -0.003758 0.502630 0.102228
-0.004131 -0.001075 0.102228 0.044941
20.530031 1.184672 21.991374 0.940698
0.470145 0.100317 -0.035572 -0.002374
0.100317 0.045056 -0.002097 -0.000864
-0.035572 -0.002097 0.493249 0.100833
-0.002374 -0.000864 0.100833 0.044812
21.409701 1.261251 24.101135 1.281015
0.472160 0.100705 -0.024846 -0.001041
0.100705 0.045072 -0.000810 -0.000712
-0.024846 -0.000810 0.486977 0.100137
-0.001041 -0.000712 0.100137 0.044809
22.371832 1.340233 25.875567 1.518050
0.472911 0.100747 -0.016664 -0.000234
0.100747 0.045016 -0.000025 -0.000638
-0.016664 -0.000025 0.483610 0.100018
-0.000234 -0.000638 0.100018 0.044895
22.955876 1.329773 28.068186 1.815766
0.471871 0.100382 -0.011744 -0.000045
0.100382 0.044883 0.000150 -0.000657
-0.011744 0.000150 0.483233 0.100442
-0.000045 -0.000657 0.100442 0.045057
23.375444 1.279942 29.565114 1.937829
0.467928 0.099431 -0.009747 -0.000351
0.099431 0.044645 -0.000158 -0.000742
-0.009747 -0.000158 0.486651 0.101539
-0.000351 -0.000742 0.101539 0.045323
24.229169 1.326046 30.782741 1.990367
0.462339 0.098226 -0.009808 -0.000926
0.098226 0.044379 -0.000741 -0.000846
-0.009808 -0.000741 0.492497 0.102980
-0.000926 -0.000846 0.102980 0.045623
24.983032 1.346073 32.151706 2.068716
0.456279 0.097031 -0.012478 -0.001876
0.097031 0.044138 -0.001713 -0.001001
-0.012478 -0.001713 0.499676 0.104522
-0.001876 -0.001001 0.104522 0.045911
25.735834 1.362614 32.864909 2.001697
0.449741 0.095832 -0.016964 -0.003021
0.095832 0.043911 -0.002888 -0.001170
-0.016964 -0.002888 0.508371 0.106214
-0.003021 -0.001170 0.106214 0.046205
26.310661 1.340467 34.321307 2.096529
0.444298 0.094948 -0.022613 -0.004229
0.094948 0.043761 -0.004135 -0.001335
-0.022613 -0.004135 0.516699 0.107668
-0.004229 -0.001335 0.107668 0.046432
27.154129 1.378398 35.848536 2.196236
0.438419 0.094010 -0.028284 -0.005287
0.094010 0.043596 -0.005226 -0.001455
-0.028284 -0.005226 0.526533 0.109316
-0.005287 -0.001455 0.109316 0.046692
27.989463 1.411080 37.523827 2.315845
0.432646 0.093127 -0.033691 -0.006174
0.093127 0.043441 -0.006138 -0.001537
-0.033691 -0.006138 0.537147 0.111004
-0.006174 -0.001537 0.111004 0.046955
28.628389 1.397054 38.824192 2.344982
0.427377 0.092375 -0.037123 -0.006575
0.092375 0.043309 -0.006542 -0.001521
-0.037123 -0.006542 0.547226 0.112478
-0.006575 -0.001521 0.112478 0.047173
29.418507 1.414837 39.368727 2.216810
0.423506 0.091934 -0.037848 -0.006404
0.091934 0.043237 -0.006349 -0.001400
-0.037848 -0.006349 0.554573 0.113329
-0.006404 -0.001400 0.113329 0.047269
30.410045 1.475784 40.203187 2.162134
0.420984 0.091757 -0.037923 -0.006145
0.091757 0.043210 -0.006072 -0.001287
-0.037923 -0.006072 0.559638 0.113722
-0.006145 -0.001287 0.113722 0.047290
30.954189 1.433864 41.405814 2.185934
0.420036 0.091877 -0.036185 -0.005569
0.091877 0.043234 -0.005470 -0.001130
-0.036185 -0.005470 0.561272 0.113481
-0.005569 -0.001130 0.113481 0.047206
31.328622 1.359578 42.706573 2.226306
0.422032 0.092580 -0.031121 -0.004394
0.092580 0.043373 -0.004254 -0.000869
-0.031121 -0.004254 0.556463 0.112066
-0.004394 -0.000869 0.112066 0.046917
31.993955 1.356716 43.888215 2.240020
0.428313 0.094108 -0.024219 -0.002962
0.094108 0.043672 -0.002804 -0.000586
-0.024219 -0.002804 0.544223 0.109375
-0.002962 -0.000586 0.109375 0.046413
32.987737 1.425568 44.899274 2.219412
0.439459 0.096510 -0.017737 -0.001734
0.096510 0.044132 -0.001614 -0.000374
-0.017737 -0.001614 0.525837 0.105743
-0.001734 -0.000374 0.105743 0.045767
33.280999 1.335027 46.359675 2.288692
0.455866 0.099796 -0.013659 -0.001078
0.099796 0.044748 -0.001059 -0.000298
-0.013659 -0.001059 0.503137 0.101563
-0.001078 -0.000298 0.101563 0.045052
33.849067 1.312570 47.255198 2.237763
0.477125 0.103805 -0.013322 -0.001209
0.103805 0.045478 -0.001335 -0.000385
-0.013322 -0.001335 0.478881 0.097373
-0.001209 -0.000385 0.097373 0.044363
33.922522 1.183874 47.302035 2.015757
0.500601 0.107923 -0.016240 -0.001972
0.107923 0.046190 -0.002227 -0.000583
-0.016240 -0.002227 0.456999 0.093916
-0.001972 -0.000583 0.093916 0.043833
34.681061 1.218965 48.137974 1.980367
0.520051 0.110850 -0.018667 -0.002558
0.110850 0.046622 -0.002863 -0.000710
-0.018667 -0.002863 0.441667 0.091955
-0.002558 -0.000710 0.091955 0.043598
35.643987 1.292223 48.631215 1.876342
0.542268 0.114186 -0.024867 -0.003869
0.114186 0.047148 -0.004201 -0.000971
-0.024867 -0.004201 0.427433 0.090185
-0.003869 -0.000971 0.090185 0.043356
