3.220973 2.250511 0.163245 -0.826748
2.470482 0.988214 -0.052654 -0.021062
0.988214 80.399361 -0.021062 -0.008425
-0.052654 -0.021062 2.434012 0.973626
-0.021062 -0.008425 0.973626 80.393525
5.574552 4.396029 -0.695413 -1.601064
2.249109 3.931995 -0.055406 -0.086780
3.931995 15.265235 -0.086493 -0.285703
-0.055406 -0.086493 2.273568 3.981946
-0.086780 -0.285703 3.981946 15.259767
4.099636 0.148102 -0.813527 -0.820195
1.982265 2.293153 -0.045255 -0.048909
2.293153 4.543188 -0.048817 -0.092860
-0.045255 -0.048817 2.022554 2.332275
-0.048909 -0.092860 2.332275 4.562716
4.749698 0.636890 2.844353 2.596043
1.702373 1.436350 -0.044673 -0.036509
1.436350 1.907581 -0.036513 -0.045383
-0.044673 -0.036513 1.728002 1.450985
-0.036509 -0.045383 1.450985 1.911012
6.651805 1.684283 4.230937 2.655103
1.477524 0.977133 -0.033697 -0.021483
0.977133 0.977291 -0.021477 -0.021216
-0.033697 -0.021477 1.486253 0.978498
-0.021483 -0.021216 0.978498 0.975050
7.383475 1.623882 4.306411 1.976890
1.296750 0.704739 -0.025205 -0.013331
0.704739 0.568014 -0.013321 -0.011241
-0.025205 -0.013321 1.301686 0.705050
-0.013331 -0.011241 0.705050 0.567198
8.030810 1.547932 6.171834 2.380857
1.152692 0.532281 -0.020577 -0.009429
0.532281 0.361654 -0.009422 -0.006876
-0.020577 -0.009422 1.157350 0.533125
-0.009429 -0.006876 0.533125 0.361788
9.377828 1.778439 7.637057 2.491154
1.037773 0.417468 -0.016718 -0.006789
0.417468 0.247223 -0.006783 -0.004414
-0.016718 -0.006783 1.040844 0.417935
-0.006789 -0.004414 0.417935 0.247398
9.303426 1.434027 9.062941 2.555643
0.943908 0.337345 -0.013443 -0.004930
0.337345 0.178963 -0.004926 -0.002935
-0.013443 -0.004926 0.946137 0.337690
-0.004930 -0.002935 0.337690 0.179162
10.935888 1.729632 9.403139 2.253163
0.866720 0.279719 -0.011161 -0.003754
0.279719 0.136083 -0.003751 -0.002056
-0.011161 -0.003751 0.867683 0.279767
-0.003754 -0.002056 0.279767 0.136199
11.628009 1.678439 11.351061 2.495803
0.801805 0.236975 -0.009294 -0.002898
0.236975 0.107971 -0.002896 -0.001478
-0.009294 -0.002896 0.802774 0.237125
-0.002898 -0.001478 0.237125 0.108118
11.775612 1.488959 12.214238 2.390523
0.747454 0.204854 -0.007641 -0.002231
0.204854 0.089029 -0.002229 -0.001077
-0.007641 -0.002229 0.747983 0.204934
-0.002231 -0.001077 0.204934 0.089145
12.700923 1.535493 13.096296 2.309993
0.701544 0.180332 -0.006431 -0.001770
0.180332 0.075962 -0.001769 -0.000809
-0.006431 -0.001769 0.701653 0.180341
-0.001770 -0.000809 0.180341 0.076046
12.532416 1.307463 13.889859 2.222070
0.662539 0.161402 -0.005407 -0.001411
0.161402 0.066793 -0.001410 -0.000615
-0.005407 -0.001410 0.662456 0.161394
-0.001411 -0.000615 0.161394 0.066862
12.430010 1.131141 15.627631 2.368277
0.629496 0.146734 -0.004637 -0.001151
0.146734 0.060298 -0.001150 -0.000477
-0.004637 -0.001150 0.629135 0.146683
-0.001151 -0.000477 0.146683 0.060346
13.017511 1.136129 16.097230 2.207451
0.601576 0.135351 -0.003926 -0.000929
0.135351 0.055672 -0.000928 -0.000370
-0.003926 -0.000928 0.600789 0.135222
-0.000929 -0.000370 0.135222 0.055694
14.049149 1.237609 16.896103 2.140673
0.577897 0.126491 -0.003344 -0.000756
0.126491 0.052367 -0.000756 -0.000290
-0.003344 -0.000756 0.576904 0.126336
-0.000756 -0.000290 0.126336 0.052376
14.586949 1.220244 17.596649 2.061337
0.557906 0.119621 -0.002813 -0.000608
0.119621 0.050011 -0.000608 -0.000227
-0.002813 -0.000608 0.556877 0.119474
-0.000608 -0.000227 0.119474 0.050017
15.391918 1.261404 18.286212 1.989221
0.541175 0.114339 -0.002356 -0.000487
0.114339 0.048348 -0.000487 -0.000178
-0.002356 -0.000487 0.540156 0.114205
-0.000487 -0.000178 0.114205 0.048352
16.261486 1.311372 19.087974 1.948852
0.527274 0.110316 -0.001953 -0.000387
0.110316 0.047187 -0.000387 -0.000140
-0.001953 -0.000387 0.526323 0.110204
-0.000387 -0.000140 0.110204 0.047190
16.987454 1.326009 20.372838 2.013480
0.515838 0.107295 -0.001592 -0.000302
0.107295 0.046391 -0.000302 -0.000109
-0.001592 -0.000302 0.514990 0.107206
-0.000302 -0.000109 0.107206 0.046394
17.368314 1.267501 21.597876 2.058776
0.506549 0.105067 -0.001259 -0.000227
0.105067 0.045859 -0.000227 -0.000084
-0.001259 -0.000227 0.505801 0.104997
-0.000227 -0.000084 0.104997 0.045861
17.480708 1.159382 21.974644 1.923352
0.499105 0.103461 -0.000962 -0.000165
0.103461 0.045514 -0.000165 -0.000064
-0.000962 -0.000165 0.498447 0.103404
-0.000165 -0.000064 0.103404 0.045514
18.636491 1.278895 22.708258 1.876037
0.493230 0.102336 -0.000724 -0.000118
0.102336 0.045299 -0.000118 -0.000050
-0.000724 -0.000118 0.492644 0.102288
-0.000118 -0.000050 0.102288 0.045297
19.427452 1.310374 23.389009 1.822535
0.488641 0.101569 -0.000530 -0.000082
0.101569 0.045172 -0.000082 -0.000038
-0.000530 -0.000082 0.488172 0.101539
-0.000082 -0.000038 0.101539 0.045171
20.325164 1.360909 24.433560 1.850331
0.485127 0.101072 -0.000376 -0.000056
0.101072 0.045103 -0.000056 -0.000030
-0.000376 -0.000056 0.484786 0.101060
-0.000056 -0.000030 0.101060 0.045102
20.869166 1.332421 25.671866 1.915760
0.482480 0.100769 -0.000260 -0.000037
0.100769 0.045068 -0.000037 -0.000024
-0.000260 -0.000037 0.482287 0.100778
-0.000037 -0.000024 0.100778 0.045070
20.987192 1.217654 26.595113 1.908493
0.480521 0.100600 -0.000173 -0.000025
0.100600 0.045054 -0.000025 -0.000019
-0.000173 -0.000025 0.480500 0.100635
-0.000025 -0.000019 0.100635 0.045058
21.545099 1.206976 27.981870 1.999263
0.479103 0.100522 -0.000105 -0.000015
0.100522 0.045048 -0.000015 -0.000016
-0.000105 -0.000015 0.479264 0.100583
-0.000015 -0.000016 0.100583 0.045057
22.168596 1.211183 29.114938 2.027317
0.478072 0.100494 -0.000067 -0.000012
0.100494 0.045045 -0.000012 -0.000013
-0.000067 -0.000012 0.478473 0.100593
-0.000012 -0.000013 0.100593 0.045060
22.812954 1.219345 29.885021 1.976035
0.477329 0.100494 -0.000066 -0.000015
0.100494 0.045040 -0.000015 -0.000013
-0.000066 -0.000015 0.478012 0.100638
-0.000015 -0.000013 0.100638 0.045063
23.530162 1.242013 30.953961 1.993090
0.476810 0.100509 -0.000102 -0.000024
0.100509 0.045033 -0.000024 -0.000013
-0.000102 -0.000024 0.477774 0.100697
-0.000024 -0.000013 0.100697 0.045063
24.022578 1.214882 31.663505 1.932555
0.476426 0.100524 -0.000179 -0.000041
0.100524 0.045021 -0.000041 -0.000015
-0.000179 -0.000041 0.477709 0.100761
-0.000041 -0.000015 0.100761 0.045060
24.761261 1.242593 33.005850 2.011917
0.476149 0.100537 -0.000277 -0.000059
0.100537 0.045007 -0.000059 -0.000017
-0.000277 -0.000059 0.477743 0.100819
-0.000059 -0.000017 0.100819 0.045054
25.368710 1.239667 33.994608 2.008286
0.475895 0.100533 -0.000423 -0.000086
0.100533 0.044988 -0.000086 -0.000021
-0.000423 -0.000086 0.477881 0.100878
-0.000086 -0.000021 0.100878 0.045047
26.231069 1.290919 35.017481 2.012245
0.475665 0.100519 -0.000600 -0.000117
0.100519 0.044968 -0.000117 -0.000026
-0.000600 -0.000117 0.478069 0.100928
-0.000117 -0.000026 0.100928 0.045039
27.143630 1.347379 36.106544 2.029765
0.475443 0.100495 -0.000830 -0.000157
0.100495 0.044946 -0.000157 -0.000033
-0.000830 -0.000157 0.478283 0.100971
-0.000157 -0.000033 0.100971 0.045030
27.882542 1.361187 37.428671 2.094624
0.475215 0.100461 -0.001119 -0.000206
0.100461 0.044924 -0.000207 -0.000041
-0.001119 -0.000207 0.478516 0.101008
-0.000206 -0.000041 0.101008 0.045021
28.654280 1.380470 38.618551 2.124721
0.474944 0.100413 -0.001456 -0.000263
0.100413 0.044900 -0.000263 -0.000051
-0.001456 -0.000263 0.478792 0.101046
-0.000263 -0.000051 0.101046 0.045015
29.226025 1.355360 39.246314 2.033009
0.474646 0.100358 -0.001839 -0.000326
0.100358 0.044877 -0.000326 -0.000062
-0.001839 -0.000326 0.479087 0.101083
-0.000326 -0.000062 0.101083 0.045010
30.208208 1.419676 39.853320 1.946685
0.474375 0.100308 -0.002215 -0.000384
0.100308 0.044858 -0.000384 -0.000072
-0.002215 -0.000384 0.479342 0.101109
-0.000384 -0.000072 0.101109 0.045005
31.062021 1.449924 39.945948 1.760998
0.474153 0.100268 -0.002636 -0.000449
0.100268 0.044842 -0.000449 -0.000083
-0.002636 -0.000449 0.479539 0.101121
-0.000449 -0.000083 0.101121 0.044999
31.644106 1.419876 41.426789 1.887520
0.474027 0.100248 -0.003051 -0.000511
0.100248 0.044832 -0.000511 -0.000094
-0.003051 -0.000511 0.479631 0.101113
-0.000511 -0.000094 0.101113 0.044990
32.578204 1.467334 42.515537 1.918154
0.473792 0.100204 -0.003515 -0.000581
0.100204 0.044817 -0.000581 -0.000107
-0.003515 -0.000581 0.479830 0.101130
-0.000581 -0.000107 0.101130 0.044989
33.493842 1.505839 43.515441 1.926830
0.473539 0.100157 -0.004049 -0.000664
0.100157 0.044803 -0.000664 -0.000123
-0.004049 -0.000664 0.480050 0.101154
-0.000664 -0.000123 0.101154 0.044991
33.735499 1.397868 44.854966 2.005826
0.473282 0.100111 -0.004639 -0.000755
0.100111 0.044790 -0.000756 -0.000140
-0.004639 -0.000756 0.480280 0.101180
-0.000755 -0.000140 0.101180 0.044994
34.397426 1.389899 45.600422 1.951578
0.472919 0.100044 -0.005207 -0.000840
0.100044 0.044774 -0.000840 -0.000156
-0.005207 -0.000840 0.480624 0.101231
-0.000840 -0.000156 0.101231 0.045003
35.151098 1.402388 46.678862 1.973231
0.472589 0.099987 -0.005777 -0.000922
0.099987 0.044761 -0.000923 -0.000172
-0.005777 -0.000923 0.480942 0.101275
-0.000922 -0.000172 0.101275 0.045010
35.985239 1.430322 47.382065 1.913656
0.472245 0.099930 -0.006397 -0.001014
0.099930 0.044748 -0.001015 -0.000190
-0.006397 -0.001015 0.481287 0.101324
-0.001014 -0.000190 0.101324 0.045019
36.409689 1.368577 48.067257 1.856250
0.471959 0.099887 -0.007045 -0.001110
0.099887 0.044739 -0.001111 -0.000209
-0.007045 -0.001111 0.481585 0.101362
-0.001110 -0.000209 0.101362 0.045026
