3.513543 2.367542 0.184793 -0.818129
2.053490 0.821414 -0.226717 -0.090689
0.821414 80.332639 -0.090689 -0.036276
-0.226717 -0.090689 3.101368 1.240574
-0.090689 -0.036276 1.240574 80.500307
5.470110 3.760967 0.472326 0.378320
3.437170 6.120571 -0.874009 -1.415768
6.120571 18.048242 -1.521587 -3.108094
-0.874009 -1.521587 2.016090 3.402478
-1.415768 -3.108094 3.402478 15.877803
6.134458 2.495095 2.261884 2.269874
2.525564 2.729318 -0.231791 -0.129886
2.729318 4.691447 -0.195490 -0.331189
-0.231791 -0.195490 1.713941 2.091407
-0.129886 -0.331189 2.091407 4.691586
7.177643 2.330831 2.512423 1.475548
1.716398 1.355663 -0.055338 -0.014478
1.355663 1.758432 -0.038149 -0.118452
-0.055338 -0.038149 1.738608 1.552227
-0.014478 -0.118452 1.552227 2.123622
7.288300 1.643838 5.504729 3.017514
1.374221 0.874935 -0.039982 -0.026408
0.874935 0.896644 -0.036687 -0.077867
-0.039982 -0.036687 1.617563 1.106813
-0.026408 -0.077867 1.106813 1.096458
8.950346 2.105090 5.710354 2.292909
1.249097 0.671167 -0.309338 -0.178415
0.671167 0.552972 -0.179129 -0.131027
-0.309338 -0.179129 1.514826 0.838244
-0.178415 -0.131027 0.838244 0.650494
9.847399 2.032062 7.605947 2.639696
1.096327 0.505379 -0.334802 -0.156464
0.505379 0.353611 -0.156901 -0.089798
-0.334802 -0.156901 1.435815 0.664712
-0.156464 -0.089798 0.664712 0.424047
9.716084 1.567182 8.917692 2.634209
1.019157 0.411954 -0.331795 -0.130142
0.411954 0.248825 -0.130701 -0.062014
-0.331795 -0.130701 1.280819 0.509478
-0.130142 -0.062014 0.509478 0.282416
11.171268 1.798073 8.212125 1.926445
0.969504 0.348919 -0.313284 -0.105725
0.348919 0.185879 -0.106644 -0.043514
-0.313284 -0.106644 1.120850 0.392468
-0.105725 -0.043514 0.392468 0.196486
11.883334 1.734709 8.894501 1.836347
0.877314 0.284717 -0.278251 -0.082462
0.284717 0.139439 -0.082830 -0.030103
-0.278251 -0.082830 1.034693 0.325747
-0.082462 -0.030103 0.325747 0.149160
12.176328 1.556923 9.194108 1.653115
0.803829 0.238820 -0.244551 -0.064659
0.238820 0.109696 -0.064745 -0.021402
-0.244551 -0.064745 0.953226 0.273836
-0.064659 -0.021402 0.273836 0.117464
12.539233 1.451516 11.084277 1.934376
0.744451 0.205105 -0.217719 -0.052122
0.205105 0.089923 -0.052078 -0.015889
-0.217719 -0.052078 0.883637 0.234723
-0.052122 -0.015889 0.234723 0.096131
13.024277 1.391545 12.341456 2.004944
0.704386 0.182111 -0.191070 -0.041692
0.182111 0.077025 -0.041791 -0.011929
-0.191070 -0.041791 0.807149 0.200632
-0.041692 -0.011929 0.200632 0.080387
13.702126 1.385898 13.226652 1.976923
0.670765 0.164332 -0.165190 -0.033055
0.164332 0.067931 -0.033255 -0.009015
-0.165190 -0.033255 0.739890 0.174222
-0.033055 -0.009015 0.174222 0.069404
15.169674 1.571948 14.488575 2.046508
0.639936 0.149887 -0.141458 -0.026121
0.149887 0.061305 -0.026335 -0.006885
-0.141458 -0.026335 0.685456 0.154654
-0.026121 -0.006885 0.154654 0.061878
15.363039 1.431380 14.973051 1.922191
0.609754 0.137724 -0.116364 -0.019765
0.137724 0.056367 -0.019905 -0.005135
-0.116364 -0.019905 0.641251 0.140071
-0.019765 -0.005135 0.140071 0.056674
15.908564 1.399548 16.516207 2.045606
0.585250 0.128467 -0.097461 -0.015405
0.128467 0.052879 -0.015515 -0.004006
-0.097461 -0.015515 0.605947 0.129233
-0.015405 -0.004006 0.129233 0.053056
16.313872 1.336729 17.627278 2.061549
0.565825 0.121565 -0.079424 -0.011601
0.121565 0.050456 -0.011712 -0.003096
-0.079424 -0.011712 0.574822 0.120594
-0.011601 -0.003096 0.120594 0.050423
16.579782 1.248368 18.337860 1.991269
0.550065 0.116337 -0.063791 -0.008585
0.116337 0.048758 -0.008703 -0.002418
-0.063791 -0.008703 0.549230 0.114072
-0.008585 -0.002418 0.114072 0.048579
18.106774 1.434457 18.903654 1.909233
0.537158 0.112362 -0.051116 -0.006365
0.112362 0.047570 -0.006488 -0.001941
-0.051116 -0.006488 0.528941 0.109309
-0.006365 -0.001941 0.109309 0.047321
18.971957 1.464865 19.802034 1.898639
0.524244 0.108878 -0.039748 -0.004524
0.108878 0.046652 -0.004616 -0.001554
-0.039748 -0.004616 0.514905 0.106286
-0.004524 -0.001554 0.106286 0.046559
18.882236 1.296251 21.043900 1.954162
0.513432 0.106233 -0.029989 -0.003062
0.106233 0.046024 -0.003131 -0.001253
-0.029989 -0.003131 0.504269 0.104206
-0.003062 -0.001253 0.104206 0.046064
19.341168 1.258141 22.223910 1.995275
0.505424 0.104453 -0.021824 -0.001935
0.104453 0.045645 -0.001998 -0.001021
-0.021824 -0.001998 0.495510 0.102646
-0.001935 -0.001021 0.102646 0.045714
19.624844 1.186756 23.239637 1.997617
0.498675 0.103109 -0.014905 -0.001050
0.103109 0.045393 -0.001105 -0.000834
-0.014905 -0.001105 0.489290 0.101689
-0.001050 -0.000834 0.101689 0.045508
19.677756 1.074363 24.097300 1.966490
0.492882 0.102079 -0.009252 -0.000395
0.102079 0.045222 -0.000442 -0.000686
-0.009252 -0.000442 0.485237 0.101195
-0.000395 -0.000686 0.101195 0.045401
20.516475 1.136331 24.777481 1.903734
0.487928 0.101295 -0.004611 0.000098
0.101295 0.045107 0.000058 -0.000564
-0.004611 0.000058 0.482854 0.101022
0.000098 -0.000564 0.101022 0.045355
21.478527 1.218393 25.777007 1.914254
0.483186 0.100592 -0.001681 0.000288
0.100592 0.045005 0.000257 -0.000495
-0.001681 0.000257 0.482259 0.101170
0.000288 -0.000495 0.101170 0.045367
21.332197 1.060489 26.499339 1.864442
0.478316 0.099885 -0.000489 0.000188
0.099885 0.044898 0.000165 -0.000477
-0.000489 0.000165 0.483347 0.101596
0.000188 -0.000477 0.101596 0.045426
21.458330 0.975815 27.275337 1.831542
0.473858 0.099283 0.000620 0.000163
0.099283 0.044806 0.000144 -0.000433
0.000620 0.000144 0.485232 0.102101
0.000163 -0.000433 0.102101 0.045490
22.720068 1.138382 28.525068 1.901574
0.469511 0.098707 0.001320 0.000122
0.098707 0.044712 0.000104 -0.000388
0.001320 0.000104 0.487969 0.102701
0.000122 -0.000388 0.102701 0.045566
23.202772 1.120137 29.475911 1.901638
0.464382 0.097963 -0.000610 -0.000411
0.097963 0.044576 -0.000432 -0.000445
-0.000610 -0.000432 0.492340 0.103567
-0.000411 -0.000445 0.103567 0.045693
23.628513 1.091565 30.623493 1.943062
0.459160 0.097210 -0.003345 -0.001017
0.097210 0.044433 -0.001046 -0.000511
-0.003345 -0.001046 0.497566 0.104521
-0.001017 -0.000511 0.104521 0.045832
24.374290 1.134099 31.530831 1.929492
0.453509 0.096372 -0.006677 -0.001662
0.096372 0.044269 -0.001702 -0.000581
-0.006677 -0.001702 0.504030 0.105647
-0.001662 -0.000581 0.105647 0.046003
24.901690 1.125578 32.713388 1.975021
0.448230 0.095622 -0.011232 -0.002487
0.095622 0.044121 -0.002542 -0.000688
-0.011232 -0.002542 0.510847 0.106756
-0.002487 -0.000688 0.106756 0.046167
25.050727 1.036910 33.370284 1.906128
0.442760 0.094829 -0.016173 -0.003314
0.094829 0.043958 -0.003386 -0.000795
-0.016173 -0.003386 0.518730 0.108011
-0.003314 -0.000795 0.108011 0.046362
26.070532 1.144872 34.513787 1.945964
0.437931 0.094171 -0.020233 -0.003894
0.094171 0.043821 -0.003974 -0.000851
-0.020233 -0.003974 0.526337 0.109131
-0.003894 -0.000851 0.109131 0.046527
27.298504 1.286953 35.874050 2.026777
0.433470 0.093574 -0.025634 -0.004723
0.093574 0.043690 -0.004821 -0.000969
-0.025634 -0.004821 0.534401 0.110291
-0.004723 -0.000969 0.110291 0.046706
27.764820 1.248298 36.768017 2.001880
0.429315 0.093018 -0.031873 -0.005680
0.093018 0.043561 -0.005803 -0.001119
-0.031873 -0.005803 0.543054 0.111522
-0.005680 -0.001119 0.111522 0.046902
28.223780 1.211311 37.404529 1.926895
0.425723 0.092562 -0.036554 -0.006271
0.092562 0.043448 -0.006398 -0.001193
-0.036554 -0.006398 0.551061 0.112577
-0.006271 -0.001193 0.112577 0.047067
29.264603 1.307088 38.563768 1.968313
0.422888 0.092243 -0.039987 -0.006603
0.092243 0.043361 -0.006722 -0.001222
-0.039987 -0.006722 0.557847 0.113367
-0.006603 -0.001222 0.113367 0.047186
29.626122 1.244811 39.947440 2.047953
0.420617 0.092012 -0.041802 -0.006632
0.092012 0.043287 -0.006724 -0.001200
-0.041802 -0.006724 0.563260 0.113895
-0.006632 -0.001200 0.113895 0.047264
30.727079 1.347058 40.375541 1.930171
0.419595 0.092033 -0.039415 -0.005861
0.092033 0.043266 -0.005880 -0.001022
-0.039415 -0.005880 0.564637 0.113666
-0.005861 -0.001022 0.113666 0.047207
31.725700 1.419450 41.490991 1.962115
0.419421 0.092179 -0.036912 -0.005188
0.092179 0.043265 -0.005155 -0.000895
-0.036912 -0.005155 0.564380 0.113217
-0.005188 -0.000895 0.113217 0.047129
32.212059 1.369568 42.356031 1.937645
0.422110 0.092911 -0.031245 -0.003966
0.092911 0.043390 -0.003876 -0.000669
-0.031245 -0.003876 0.557802 0.111635
-0.003966 -0.000669 0.111635 0.046847
32.234853 1.224783 43.549253 1.979094
0.427732 0.094183 -0.024446 -0.002640
0.094183 0.043620 -0.002521 -0.000445
-0.024446 -0.002521 0.546306 0.109278
-0.002640 -0.000445 0.109278 0.046442
32.759149 1.204347 44.322803 1.935353
0.437412 0.096196 -0.017762 -0.001446
0.096196 0.043994 -0.001348 -0.000267
-0.017762 -0.001348 0.529564 0.106111
-0.001446 -0.000267 0.106111 0.045907
33.598273 1.254100 44.767124 1.830966
0.449984 0.098629 -0.012673 -0.000660
0.098629 0.044433 -0.000621 -0.000181
-0.012673 -0.000621 0.510896 0.102821
-0.000660 -0.000181 0.102821 0.045375
34.606364 1.335665 45.249628 1.744518
0.464761 0.101310 -0.009731 -0.000348
0.101310 0.044902 -0.000390 -0.000189
-0.009731 -0.000390 0.492029 0.099717
-0.000348 -0.000189 0.099717 0.044894
35.174423 1.313950 46.079553 1.735575
0.483025 0.104517 -0.010042 -0.000689
0.104517 0.045465 -0.000834 -0.000318
-0.010042 -0.000834 0.472336 0.096603
-0.000689 -0.000318 0.096603 0.044408
35.853115 1.319716 47.427169 1.834891
0.504344 0.108124 -0.014095 -0.001735
0.108124 0.046093 -0.001975 -0.000569
-0.014095 -0.001975 0.453296 0.093743
-0.001735 -0.000569 0.093743 0.043962
