1.816627 1.688761 0.285764 -0.777739
2.053490 0.821414 -0.226717 -0.090689
0.821414 80.332639 -0.090689 -0.036276
-0.226717 -0.090689 3.101368 1.240574
-0.090689 -0.036276 1.240574 80.500307
4.211533 4.491557 1.658360 2.239864
3.584025 6.370875 -1.489352 -2.456582
6.370875 18.474103 -2.609900 -4.949092
-1.489352 -2.609900 2.555856 4.306031
-2.456582 -4.949092 4.306031 17.390116
3.935398 1.603822 0.522990 -0.722030
2.341849 2.545223 -0.217618 -0.035984
2.545223 4.501152 -0.130870 -0.241214
-0.217618 -0.130870 1.811803 2.162640
-0.035984 -0.241214 2.162640 4.803636
8.192164 4.361797 0.186878 -0.606445
2.380657 1.896736 -0.503479 -0.380610
1.896736 2.190013 -0.391066 -0.443166
-0.503479 -0.391066 1.516400 1.326895
-0.380610 -0.443166 1.326895 1.939385
7.511071 2.591844 2.608983 1.235122
1.701312 1.055751 -0.157846 -0.076721
1.055751 0.993689 -0.094655 -0.120311
-0.157846 -0.094655 1.353024 0.938896
-0.076721 -0.120311 0.938896 1.008538
9.686437 3.044206 3.570410 1.436003
1.278369 0.660657 -0.083951 -0.039790
0.660657 0.536850 -0.050487 -0.066555
-0.083951 -0.050487 1.343500 0.763037
-0.039790 -0.066555 0.763037 0.626889
9.963198 2.489203 3.920916 1.263306
1.043305 0.468339 -0.106099 -0.052365
0.468339 0.334637 -0.058337 -0.053626
-0.106099 -0.058337 1.323423 0.630116
-0.052365 -0.053626 0.630116 0.418795
10.521478 2.214926 4.673176 1.315883
0.906709 0.362053 -0.119689 -0.053286
0.362053 0.229948 -0.057136 -0.040847
-0.119689 -0.057136 1.256574 0.513254
-0.053286 -0.040847 0.513254 0.290048
11.348003 2.105670 6.709020 1.809851
0.815196 0.294028 -0.137394 -0.053742
0.294028 0.168552 -0.056454 -0.032255
-0.137394 -0.056454 1.181055 0.422810
-0.053742 -0.032255 0.422810 0.210347
11.286932 1.738600 7.807065 1.877155
0.762262 0.251328 -0.166465 -0.056995
0.251328 0.131333 -0.059115 -0.027301
-0.166465 -0.059115 1.092948 0.349283
-0.056995 -0.027301 0.349283 0.157914
12.065122 1.711078 8.662571 1.853454
0.727964 0.221346 -0.184962 -0.056093
0.221346 0.106886 -0.057865 -0.022646
-0.184962 -0.057865 1.002181 0.290514
-0.056093 -0.022646 0.290514 0.122667
12.193695 1.505822 10.172910 2.010034
0.694866 0.196431 -0.184927 -0.050300
0.196431 0.089379 -0.051718 -0.017874
-0.184927 -0.051718 0.920506 0.245549
-0.050300 -0.017874 0.245549 0.098985
12.613764 1.416935 11.034851 1.974214
0.671596 0.178075 -0.178114 -0.043892
0.178075 0.077327 -0.045060 -0.014034
-0.178114 -0.045060 0.838388 0.208526
-0.043892 -0.014034 0.208526 0.082153
13.428793 1.448224 12.994249 2.203453
0.648355 0.162573 -0.166040 -0.037359
0.162573 0.068430 -0.038311 -0.010941
-0.166040 -0.038311 0.769456 0.180744
-0.037359 -0.010941 0.180744 0.070681
14.054685 1.422134 13.693594 2.112305
0.627010 0.149949 -0.145824 -0.030038
0.149949 0.061941 -0.030769 -0.008225
-0.145824 -0.030769 0.704949 0.158249
-0.030038 -0.008225 0.158249 0.062419
14.778098 1.421076 14.209573 1.994558
0.605401 0.139165 -0.126836 -0.024049
0.139165 0.057064 -0.024603 -0.006240
-0.126836 -0.024603 0.654886 0.142085
-0.024049 -0.006240 0.142085 0.056874
15.948111 1.528094 15.710096 2.104976
0.584031 0.130022 -0.109555 -0.019212
0.130022 0.053405 -0.019613 -0.004788
-0.109555 -0.019613 0.616423 0.130508
-0.019212 -0.004788 0.130508 0.053142
16.287902 1.432504 16.424685 2.030891
0.564390 0.122590 -0.090504 -0.014569
0.122590 0.050732 -0.014836 -0.003561
-0.090504 -0.014836 0.583810 0.121596
-0.014569 -0.003561 0.121596 0.050502
16.819346 1.396184 17.827483 2.109708
0.548140 0.116895 -0.074738 -0.011073
0.116895 0.048849 -0.011265 -0.002712
-0.074738 -0.011265 0.557670 0.115016
-0.011073 -0.002712 0.115016 0.048686
17.396853 1.370631 18.875618 2.107357
0.535070 0.112640 -0.059904 -0.008069
0.112640 0.047558 -0.008221 -0.002044
-0.059904 -0.008221 0.535673 0.109975
-0.008069 -0.002044 0.109975 0.047404
17.924174 1.340279 20.280724 2.178505
0.524093 0.109376 -0.046843 -0.005655
0.109376 0.046660 -0.005780 -0.001547
-0.046843 -0.005780 0.518409 0.106371
-0.005655 -0.001547 0.106371 0.046551
18.320650 1.284681 21.562021 2.216188
0.515034 0.106924 -0.035012 -0.003638
0.106924 0.046055 -0.003746 -0.001156
-0.035012 -0.003746 0.504911 0.103829
-0.003638 -0.001156 0.103829 0.045992
19.161560 1.326847 22.833734 2.251218
0.507384 0.105057 -0.024732 -0.002035
0.105057 0.045647 -0.002129 -0.000861
-0.024732 -0.002129 0.494927 0.102169
-0.002035 -0.000861 0.102169 0.045649
19.688622 1.296821 23.600676 2.176092
0.500105 0.103474 -0.016165 -0.000836
0.103474 0.045343 -0.000909 -0.000647
-0.016165 -0.000909 0.488653 0.101336
-0.000836 -0.000647 0.101336 0.045488
20.303118 1.288131 24.258640 2.086338
0.493651 0.102220 -0.009667 -0.000069
0.102220 0.045132 -0.000125 -0.000516
-0.009667 -0.000125 0.484920 0.101009
-0.000069 -0.000516 0.101009 0.045424
20.726250 1.243305 25.664998 2.161660
0.487898 0.101218 -0.005106 0.000331
0.101218 0.044985 0.000290 -0.000446
-0.005106 0.000290 0.483138 0.101026
0.000331 -0.000446 0.101026 0.045418
21.320903 1.238158 27.003160 2.215583
0.481892 0.100237 -0.001755 0.000544
0.100237 0.044843 0.000518 -0.000398
-0.001755 0.000518 0.483662 0.101442
0.000544 -0.000398 0.101442 0.045481
21.992692 1.248976 27.928292 2.177253
0.475408 0.099211 0.000029 0.000505
0.099211 0.044689 0.000491 -0.000388
0.000029 0.000491 0.486358 0.102206
0.000505 -0.000388 0.102206 0.045600
22.422048 1.208173 29.236589 2.223375
0.469140 0.098281 0.000071 0.000191
0.098281 0.044551 0.000184 -0.000421
0.000071 0.000184 0.490213 0.103089
0.000191 -0.000421 0.103089 0.045728
22.955562 1.193376 29.840528 2.116652
0.462355 0.097272 -0.000979 -0.000247
0.097272 0.044389 -0.000254 -0.000467
-0.000979 -0.000254 0.495832 0.104224
-0.000247 -0.000467 0.104224 0.045898
23.551534 1.193177 31.041836 2.146658
0.456532 0.096493 -0.003128 -0.000815
0.096493 0.044270 -0.000828 -0.000530
-0.003128 -0.000828 0.501398 0.105224
-0.000815 -0.000530 0.105224 0.046030
23.532631 1.062441 32.204343 2.165572
0.450458 0.095660 -0.006437 -0.001527
0.095660 0.044127 -0.001552 -0.000616
-0.006437 -0.001552 0.508237 0.106398
-0.001527 -0.000616 0.106398 0.046196
24.243202 1.100709 33.295017 2.167174
0.444149 0.094773 -0.009016 -0.001992
0.094773 0.043963 -0.002027 -0.000645
-0.009016 -0.002027 0.516241 0.107719
-0.001992 -0.000645 0.107719 0.046391
24.812196 1.104634 33.441667 1.972465
0.438239 0.093969 -0.012750 -0.002641
0.093969 0.043809 -0.002694 -0.000717
-0.012750 -0.002694 0.524693 0.109038
-0.002641 -0.000717 0.109038 0.046585
25.568226 1.148715 34.814929 2.052610
0.434176 0.093549 -0.017027 -0.003341
0.093549 0.043729 -0.003415 -0.000802
-0.017027 -0.003415 0.531345 0.109906
-0.003341 -0.000802 0.109906 0.046688
26.332036 1.189581 35.697115 2.023113
0.429913 0.093034 -0.021802 -0.004090
0.093034 0.043614 -0.004188 -0.000900
-0.021802 -0.004188 0.539063 0.110970
-0.004090 -0.000900 0.110970 0.046843
26.671551 1.133505 36.338781 1.946927
0.426339 0.092630 -0.026750 -0.004826
0.092630 0.043514 -0.004948 -0.001000
-0.026750 -0.004948 0.546427 0.111926
-0.004826 -0.001000 0.111926 0.046983
27.154664 1.115570 37.452383 1.975320
0.423436 0.092329 -0.030671 -0.005315
0.092329 0.043428 -0.005448 -0.001052
-0.030671 -0.005448 0.552952 0.112695
-0.005315 -0.001052 0.112695 0.047094
27.864877 1.148621 38.328827 1.953186
0.420859 0.092053 -0.033135 -0.005504
0.092053 0.043340 -0.005625 -0.001048
-0.033135 -0.005625 0.558804 0.113338
-0.005504 -0.001048 0.113338 0.047192
29.028354 1.277502 39.161980 1.926270
0.418966 0.091886 -0.034696 -0.005536
0.091886 0.043272 -0.005638 -0.001026
-0.034696 -0.005638 0.563323 0.113736
-0.005536 -0.001026 0.113736 0.047252
29.354440 1.208583 40.103602 1.920674
0.417856 0.091846 -0.035697 -0.005496
0.091846 0.043227 -0.005580 -0.001004
-0.035697 -0.005580 0.566279 0.113866
-0.005496 -0.001004 0.113866 0.047272
30.111049 1.242887 41.224017 1.953477
0.417783 0.091993 -0.034144 -0.004986
0.091993 0.043222 -0.005021 -0.000893
-0.034144 -0.005021 0.566284 0.113482
-0.004986 -0.000893 0.113482 0.047206
31.090526 1.321882 42.187870 1.952580
0.419684 0.092527 -0.030144 -0.004061
0.092527 0.043298 -0.004038 -0.000711
-0.030144 -0.004038 0.561739 0.112306
-0.004061 -0.000711 0.112306 0.047002
31.644860 1.297315 42.943755 1.908007
0.424266 0.093570 -0.024573 -0.002923
0.093570 0.043479 -0.002854 -0.000506
-0.024573 -0.002854 0.552181 0.110301
-0.002923 -0.000506 0.110301 0.046659
31.995551 1.230176 43.573332 1.841757
0.431175 0.094999 -0.018765 -0.001844
0.094999 0.043731 -0.001758 -0.000332
-0.018765 -0.001758 0.539375 0.107864
-0.001844 -0.000332 0.107864 0.046258
32.855567 1.284947 44.724308 1.888917
0.439744 0.096642 -0.013622 -0.000988
0.096642 0.044013 -0.000911 -0.000214
-0.013622 -0.000911 0.525215 0.105372
-0.000988 -0.000214 0.105372 0.045868
33.799514 1.351190 45.737162 1.903736
0.454033 0.099382 -0.009994 -0.000478
0.099382 0.044523 -0.000471 -0.000173
-0.009994 -0.000471 0.505124 0.101865
-0.000478 -0.000173 0.101865 0.045284
34.411067 1.336819 46.532739 1.871784
0.473685 0.103035 -0.009878 -0.000690
0.103035 0.045201 -0.000801 -0.000278
-0.009878 -0.000801 0.482061 0.097975
-0.000690 -0.000278 0.097975 0.044636
34.929089 1.303724 47.182658 1.812671
0.495820 0.106905 -0.013028 -0.001524
0.106905 0.045890 -0.001746 -0.000490
-0.013028 -0.001746 0.460648 0.094626
-0.001524 -0.000490 0.094626 0.044103
35.732695 1.335460 47.777494 1.748157
0.518924 0.110676 -0.018768 -0.002802
0.110676 0.046530 -0.003096 -0.000763
-0.018768 -0.003096 0.442435 0.092051
-0.002802 -0.000763 0.092051 0.043715
