-0.429024 0.790481 7.200011 1.988020
41.463505 16.585761 -56.479068 -22.592117
16.585761 86.638515 -22.592117 -9.037042
-56.479068 -22.592117 80.538224 32.215988
-22.592117 -9.037042 32.215988 92.890741
-5.265107 -5.760938 9.450220 -0.160790
53.044424 22.470008 -81.225698 -44.124991
22.470008 30.962438 -31.828041 -37.605993
-81.225698 -31.828041 128.398221 71.435671
-44.124991 -37.605993 71.435671 75.019632
9.098856 3.833059 -12.945213 -10.649072
28.377941 6.566343 -59.721852 -30.806539
6.566343 12.902859 -11.519428 -19.402050
-59.721852 -11.519428 131.420806 68.210882
-30.806539 -19.402050 68.210882 55.977232
2.917599 1.811096 1.861092 -1.574309
5.035963 5.259892 -2.014235 -3.041106
5.259892 11.088890 -1.620652 -10.629793
-2.014235 -1.620652 2.073726 1.530499
-3.041106 -10.629793 1.530499 13.616556
6.500640 3.228803 1.902587 -0.601759
10.249174 9.196084 -7.543350 -8.986574
9.196084 10.170079 -7.230136 -10.973006
-7.543350 -7.230136 6.864856 8.171401
-8.986574 -10.973006 8.171401 13.423977
7.737226 2.731841 2.901330 0.556130
19.803656 12.396775 -14.742905 -11.348579
12.396775 8.536404 -9.520917 -8.235927
-14.742905 -9.520917 12.117458 9.504213
-11.348579 -8.235927 9.504213 8.814963
7.345216 1.720534 5.412704 1.969141
31.121131 14.785533 -22.984705 -12.758131
14.785533 7.433196 -11.110110 -6.620940
-22.984705 -11.110110 17.985019 10.170142
-12.758131 -6.620940 10.170142 6.419345
11.074548 2.752549 4.752512 1.342754
39.395516 15.563028 -32.264775 -14.541295
15.563028 6.402477 -12.887485 -6.072592
-32.264775 -12.887485 27.408024 12.512662
-14.541295 -6.072592 12.512662 6.095292
14.898216 3.588846 3.139221 0.464298
26.368767 8.410813 -18.952932 -6.555606
8.410813 2.855785 -6.131078 -2.290944
-18.952932 -6.131078 14.431845 5.127628
-6.555606 -2.290944 5.127628 2.069725
15.852409 3.345605 4.103903 0.700719
10.139309 2.636135 -5.351888 -1.281986
2.636135 0.813985 -1.446791 -0.466963
-5.351888 -1.446791 3.470256 0.967352
-1.281986 -0.466963 0.967352 0.448679
13.763095 2.365240 7.638305 1.638981
9.518066 2.151922 -4.020524 -0.700721
2.151922 0.588818 -0.954397 -0.256597
-4.020524 -0.954397 2.256220 0.527321
-0.700721 -0.256597 0.527321 0.260407
14.716000 2.348249 8.175252 1.507959
10.899874 2.293278 -4.972892 -0.936728
2.293278 0.567623 -1.089797 -0.273501
-4.972892 -1.089797 2.806763 0.636753
-0.936728 -0.273501 0.636753 0.246966
15.987000 2.355934 9.034685 1.554285
13.067081 2.536719 -6.071645 -1.102206
2.536719 0.565213 -1.216260 -0.273268
-6.071645 -1.216260 3.329489 0.696237
-1.102206 -0.273268 0.696237 0.225922
16.408872 2.200552 10.469616 1.717601
15.236046 2.715387 -6.848436 -1.126251
2.715387 0.547941 -1.251292 -0.247138
-6.848436 -1.251292 3.552262 0.666385
-1.126251 -0.247138 0.666385 0.191022
18.345757 2.330613 11.101287 1.706649
17.579087 2.905775 -7.860817 -1.211440
2.905775 0.538223 -1.324509 -0.237347
-7.860817 -1.324509 3.964147 0.684400
-1.211440 -0.237347 0.684400 0.173809
19.334516 2.309909 11.894152 1.676207
15.653564 2.374716 -6.193830 -0.774837
2.374716 0.413849 -0.958983 -0.147439
-6.193830 -0.958983 2.865598 0.431307
-0.774837 -0.147439 0.431307 0.114782
19.894110 2.224741 12.974418 1.706695
13.167134 1.846990 -4.429878 -0.407574
1.846990 0.309751 -0.636654 -0.081891
-4.429878 -0.636654 1.876274 0.248291
-0.407574 -0.081891 0.248291 0.079257
19.201924 1.977423 14.646656 1.822950
12.078246 1.584425 -3.442336 -0.208994
1.584425 0.256555 -0.464220 -0.048391
-3.442336 -0.464220 1.344855 0.161119
-0.208994 -0.048391 0.161119 0.063422
19.532932 1.881540 16.173721 1.952527
12.721281 1.593966 -3.690205 -0.264389
1.593966 0.247156 -0.473621 -0.051357
-3.690205 -0.473621 1.424900 0.173404
-0.264389 -0.051357 0.173404 0.060960
17.294151 1.504366 17.942354 1.987801
12.344604 1.483247 -3.771917 -0.322636
1.483247 0.224813 -0.462673 -0.054637
-3.771917 -0.462673 1.501443 0.191734
-0.322636 -0.054637 0.191734 0.060577
18.227682 1.525672 18.860227 1.977623
3.102891 0.364314 -1.289533 -0.171184
0.364314 0.088897 -0.159674 -0.034181
-1.289533 -0.159674 0.931339 0.174477
-0.171184 -0.034181 0.174477 0.062378
19.046388 1.532261 19.822979 1.973947
1.991013 0.236024 -1.056824 -0.163291
0.236024 0.073699 -0.129476 -0.031261
-1.056824 -0.129476 1.003157 0.198041
-0.163291 -0.031261 0.198041 0.066434
19.607927 1.506562 20.768448 1.953706
1.457937 0.177196 -0.943647 -0.154054
0.177196 0.066775 -0.112300 -0.028222
-0.943647 -0.112300 1.109867 0.219828
-0.154054 -0.028222 0.219828 0.069628
19.289497 1.366280 22.302387 2.029401
0.968684 0.122536 -0.719561 -0.117827
0.122536 0.060100 -0.079342 -0.021766
-0.719561 -0.079342 1.126757 0.222982
-0.117827 -0.021766 0.222982 0.069530
19.890752 1.358516 23.490599 2.063272
0.520181 0.075703 -0.281567 -0.037670
0.075703 0.054679 -0.018389 -0.009718
-0.281567 -0.018389 0.854997 0.172347
-0.037670 -0.009718 0.172347 0.059855
20.062298 1.292017 25.377782 2.221310
0.436438 0.080277 -0.057363 0.003716
0.080277 0.056336 0.011439 -0.003432
-0.057363 0.011439 0.652682 0.132300
0.003716 -0.003432 0.132300 0.051840
20.805095 1.306354 26.257061 2.176977
0.495107 0.104560 0.044095 0.020233
0.104560 0.060590 0.022564 -0.000967
0.044095 0.022564 0.524997 0.106643
0.020233 -0.000967 0.106643 0.046629
21.492673 1.305133 26.613583 2.028932
0.609824 0.135162 0.085791 0.023857
0.135162 0.065408 0.024173 -0.000552
0.085791 0.024173 0.441704 0.090467
0.023857 -0.000552 0.090467 0.043412
22.189097 1.315083 27.383769 1.978035
0.755473 0.167736 0.092001 0.019891
0.167736 0.070104 0.020109 -0.001344
0.092001 0.020109 0.383816 0.080121
0.019891 -0.001344 0.080121 0.041465
22.911496 1.327813 28.509205 2.007204
0.920292 0.199967 0.065563 0.009356
0.199967 0.074306 0.010751 -0.003201
0.065563 0.010751 0.342693 0.073785
0.009356 -0.003201 0.073785 0.040391
23.737636 1.354370 30.002949 2.115914
1.099206 0.230904 0.012906 -0.005821
0.230904 0.077911 -0.002185 -0.005686
0.012906 -0.002185 0.317912 0.071242
-0.005821 -0.005686 0.071242 0.040115
24.334885 1.339759 30.972202 2.095972
1.292187 0.260622 -0.061561 -0.024219
0.260622 0.081007 -0.017426 -0.008478
-0.061561 -0.017426 0.309465 0.072193
-0.024219 -0.008478 0.072193 0.040517
24.906010 1.323725 31.815236 2.047767
1.508408 0.290860 -0.151641 -0.044075
0.290860 0.083968 -0.033449 -0.011219
-0.151641 -0.033449 0.315911 0.075919
-0.044075 -0.011219 0.075919 0.041372
25.818888 1.367540 33.050500 2.098590
1.748899 0.321609 -0.258320 -0.065349
0.321609 0.086795 -0.050318 -0.013928
-0.258320 -0.050318 0.336570 0.081960
-0.065349 -0.013928 0.081960 0.042545
26.378272 1.346256 33.980673 2.068994
2.000094 0.350350 -0.387431 -0.089220
0.350350 0.089061 -0.068918 -0.016829
-0.387431 -0.068918 0.374435 0.090751
-0.089220 -0.016829 0.090751 0.044126
26.708450 1.288170 34.823777 2.019007
2.284481 0.381074 -0.533242 -0.113783
0.381074 0.091503 -0.087974 -0.019577
-0.533242 -0.087974 0.426145 0.101098
-0.113783 -0.019577 0.101098 0.045795
26.967784 1.221671 35.413251 1.910054
2.619180 0.416260 -0.693158 -0.137875
0.416260 0.094498 -0.107043 -0.022027
-0.693158 -0.107043 0.487576 0.111789
-0.137875 -0.022027 0.111789 0.047279
27.315856 1.175950 36.098707 1.838763
3.001860 0.454928 -0.868807 -0.161696
0.454928 0.097817 -0.126431 -0.024271
-0.868807 -0.126431 0.558126 0.122615
-0.161696 -0.024271 0.122615 0.048576
28.000501 1.194811 37.196377 1.884800
3.429261 0.496106 -1.062512 -0.185719
0.496106 0.101268 -0.146470 -0.026416
-1.062512 -0.146470 0.638513 0.133699
-0.185719 -0.026416 0.133699 0.049754
28.649718 1.198944 38.017927 1.856577
3.889153 0.537506 -1.280680 -0.211678
0.537506 0.104479 -0.167884 -0.028699
-1.280680 -0.167884 0.734151 0.146174
-0.211678 -0.028699 0.146174 0.051079
29.557295 1.249771 39.132940 1.911144
4.374925 0.578064 -1.525627 -0.240024
0.578064 0.107323 -0.190714 -0.031145
-1.525627 -0.190714 0.848040 0.160482
-0.240024 -0.031145 0.160482 0.052629
29.962084 1.217401 40.053532 1.895394
4.871569 0.615666 -1.799961 -0.271542
0.615666 0.109546 -0.214935 -0.033805
-1.799961 -0.214935 0.985329 0.177487
-0.271542 -0.033805 0.177487 0.054554
30.630672 1.239683 41.322647 1.974281
5.433215 0.658432 -2.096705 -0.302181
0.658432 0.112362 -0.239977 -0.036231
-2.096705 -0.239977 1.132822 0.193858
-0.302181 -0.036231 0.193858 0.056152
31.578274 1.290816 42.451018 2.020584
6.046778 0.703936 -2.418503 -0.333035
0.703936 0.115370 -0.265983 -0.038566
-2.418503 -0.265983 1.293996 0.210402
-0.333035 -0.038566 0.210402 0.057629
32.530261 1.335440 43.535355 2.050845
6.671800 0.746139 -2.773022 -0.367499
0.746139 0.117736 -0.293178 -0.041123
-2.773022 -0.293178 1.482751 0.230017
-0.367499 -0.041123 0.230017 0.059543
33.368406 1.364108 44.676312 2.085249
7.302956 0.784820 -3.158349 -0.404906
0.784820 0.119520 -0.321136 -0.043797
-3.158349 -0.321136 1.700039 0.252541
-0.404906 -0.043797 0.252541 0.061820
33.832642 1.342697 45.835864 2.101783
7.968756 0.824058 -3.574595 -0.443559
0.824058 0.121295 -0.350069 -0.046440
-3.574595 -0.350069 1.941459 0.276511
-0.443559 -0.046440 0.276511 0.064149
34.139656 1.295596 46.878882 2.081916
8.733743 0.872189 -4.020296 -0.479702
0.872189 0.124082 -0.380689 -0.048804
-4.020296 -0.380689 2.191332 0.298199
-0.479702 -0.048804 0.298199 0.065865
34.710609 1.268567 47.648973 2.017005
9.589874 0.928133 -4.483542 -0.511256
0.928133 0.127706 -0.412070 -0.050754
-4.483542 -0.412070 2.438476 0.316019
-0.511256 -0.050754 0.316019 0.066814
35.277048 1.258535 48.634417 2.008206
10.493613 0.984663 -4.979956 -0.544611
0.984663 0.131165 -0.444483 -0.052785
-4.979956 -0.444483 2.707211 0.335127
-0.544611 -0.052785 0.335127 0.067917
