1.897339 1.721046 2.003657 -0.090567
2.053490 0.821414 -0.226717 -0.090689
0.821414 80.332639 -0.090689 -0.036276
-0.226717 -0.090689 3.101368 1.240574
-0.090689 -0.036276 1.240574 80.500307
4.654100 5.066534 -0.131048 -3.597610
3.277181 5.821758 -1.551647 -2.568184
5.821758 17.491538 -2.715478 -5.138800
-1.551647 -2.715478 2.847842 4.800050
-2.568184 -5.138800 4.800050 18.225840
6.490942 4.510259 1.425770 0.309474
2.800944 3.069615 -0.503708 -0.315241
3.069615 5.071766 -0.447710 -0.562469
-0.503708 -0.447710 1.718869 1.986562
-0.315241 -0.562469 1.986562 4.579082
8.071109 4.002820 3.067146 1.604368
1.882634 1.481458 -0.094014 0.000007
1.481458 1.838294 -0.047862 -0.139082
-0.094014 -0.047862 1.606335 1.427427
0.000007 -0.139082 1.427427 2.070695
8.062188 2.737791 4.340186 1.912036
1.362774 0.856251 -0.105722 -0.060389
0.856251 0.872647 -0.076417 -0.125372
-0.105722 -0.076417 1.656925 1.149129
-0.060389 -0.125372 1.149129 1.163061
8.491468 2.248812 4.376270 1.401005
1.133550 0.602695 -0.201385 -0.116391
0.602695 0.511217 -0.122437 -0.113723
-0.201385 -0.122437 1.610573 0.900918
-0.116391 -0.113723 0.900918 0.703551
8.851203 1.900023 4.684081 1.222432
0.992159 0.457581 -0.211264 -0.104037
0.457581 0.330925 -0.107520 -0.078008
-0.211264 -0.107520 1.490512 0.695472
-0.104037 -0.078008 0.695472 0.448025
9.862374 1.919454 6.569810 1.731625
0.892725 0.363646 -0.212371 -0.089851
0.363646 0.229784 -0.092102 -0.054806
-0.212371 -0.092102 1.365669 0.547152
-0.089851 -0.054806 0.547152 0.303378
10.073501 1.645209 8.100845 1.968640
0.843722 0.308092 -0.241210 -0.088507
0.308092 0.172127 -0.090369 -0.043802
-0.241210 -0.090369 1.233424 0.434324
-0.088507 -0.043802 0.434324 0.214898
10.541814 1.527651 8.400375 1.753847
0.816629 0.270140 -0.253325 -0.081711
0.270140 0.135685 -0.083340 -0.034395
-0.253325 -0.083340 1.095456 0.345553
-0.081711 -0.034395 0.345553 0.157648
11.847083 1.694273 10.150338 2.004846
0.778798 0.235632 -0.247572 -0.071093
0.235632 0.109326 -0.072451 -0.026331
-0.247572 -0.072451 0.993298 0.285496
-0.071093 -0.026331 0.285496 0.122370
13.454072 1.904873 10.488099 1.829723
0.740111 0.207083 -0.222826 -0.057538
0.207083 0.090701 -0.058536 -0.019325
-0.222826 -0.058536 0.895055 0.237758
-0.057538 -0.019325 0.237758 0.098103
13.912263 1.776610 11.706865 1.903528
0.692147 0.181034 -0.192075 -0.045008
0.181034 0.076715 -0.045576 -0.013986
-0.192075 -0.045576 0.823690 0.204990
-0.045008 -0.013986 0.204990 0.082441
14.212483 1.634367 13.255525 2.041666
0.654771 0.161902 -0.165150 -0.035411
0.161902 0.067204 -0.035765 -0.010338
-0.165150 -0.035765 0.759211 0.179030
-0.035411 -0.010338 0.179030 0.071315
14.895754 1.595198 13.333411 1.826535
0.626393 0.147891 -0.140518 -0.027708
0.147891 0.060683 -0.027987 -0.007725
-0.140518 -0.027987 0.700112 0.158114
-0.027708 -0.007725 0.158114 0.063264
14.845853 1.400987 14.229429 1.816443
0.598805 0.136134 -0.120771 -0.022102
0.136134 0.055835 -0.022286 -0.005945
-0.120771 -0.022286 0.656910 0.143533
-0.022102 -0.005945 0.143533 0.057899
15.602856 1.415161 15.330304 1.858208
0.577883 0.127539 -0.104749 -0.017911
0.127539 0.052503 -0.018083 -0.004703
-0.104749 -0.018083 0.619083 0.131954
-0.017911 -0.004703 0.131954 0.053995
16.064574 1.360785 16.141348 1.831326
0.559483 0.120715 -0.088710 -0.014140
0.120715 0.050103 -0.014292 -0.003688
-0.088710 -0.014292 0.587315 0.123052
-0.014140 -0.003688 0.123052 0.051216
16.627896 1.337358 17.243329 1.869190
0.544008 0.115443 -0.074568 -0.011100
0.115443 0.048408 -0.011239 -0.002926
-0.074568 -0.011239 0.561341 0.116345
-0.011100 -0.002926 0.116345 0.049263
17.310587 1.342062 18.397129 1.914675
0.531248 0.111447 -0.061336 -0.008478
0.111447 0.047235 -0.008610 -0.002312
-0.061336 -0.008610 0.539768 0.111242
-0.008478 -0.002312 0.111242 0.047881
17.736575 1.289224 19.135117 1.867552
0.520594 0.108408 -0.048979 -0.006207
0.108408 0.046430 -0.006332 -0.001813
-0.048979 -0.006332 0.522371 0.107478
-0.006207 -0.001813 0.107478 0.046929
18.488754 1.315498 20.647831 1.987841
0.511862 0.106140 -0.038580 -0.004462
0.106140 0.045891 -0.004579 -0.001447
-0.038580 -0.004579 0.508869 0.104819
-0.004462 -0.001447 0.104819 0.046295
19.099751 1.306692 21.791424 2.018531
0.504546 0.104435 -0.028702 -0.002889
0.104435 0.045535 -0.002996 -0.001126
-0.028702 -0.002996 0.498479 0.102983
-0.002889 -0.001126 0.102983 0.045880
19.571715 1.269992 22.976914 2.054189
0.498254 0.103126 -0.020278 -0.001661
0.103126 0.045297 -0.001755 -0.000881
-0.020278 -0.001755 0.491123 0.101857
-0.001661 -0.000881 0.101857 0.045633
19.870702 1.198871 23.637686 1.976479
0.492674 0.102089 -0.013293 -0.000740
0.102089 0.045133 -0.000819 -0.000697
-0.013293 -0.000819 0.486371 0.101284
-0.000740 -0.000697 0.101284 0.045505
20.856894 1.279120 24.602065 1.972696
0.487915 0.101304 -0.007936 -0.000139
0.101304 0.045026 -0.000204 -0.000572
-0.007936 -0.000204 0.483483 0.101061
-0.000139 -0.000572 0.101061 0.045443
21.019207 1.180090 25.742067 2.003880
0.483136 0.100563 -0.004443 0.000118
0.100563 0.044927 0.000069 -0.000508
-0.004443 0.000069 0.482715 0.101217
0.000118 -0.000508 0.101217 0.045450
21.538546 1.165391 26.792705 2.014019
0.478320 0.099849 -0.001815 0.000265
0.099849 0.044828 0.000230 -0.000454
-0.001815 0.000230 0.483597 0.101633
0.000265 -0.000454 0.101633 0.045499
22.423654 1.228911 28.117015 2.080991
0.473284 0.099115 -0.000527 0.000204
0.099115 0.044718 0.000178 -0.000433
-0.000527 0.000178 0.485999 0.102270
0.000204 -0.000433 0.102270 0.045583
22.833038 1.185816 29.161401 2.081782
0.467538 0.098251 -0.001270 -0.000203
0.098251 0.044576 -0.000222 -0.000475
-0.001270 -0.000222 0.490222 0.103187
-0.000203 -0.000475 0.103187 0.045716
23.275765 1.154047 30.648507 2.175655
0.461646 0.097382 -0.002919 -0.000697
0.097382 0.044427 -0.000715 -0.000525
-0.002919 -0.000715 0.495550 0.104223
-0.000697 -0.000525 0.104223 0.045863
24.089949 1.204365 31.444750 2.114373
0.454835 0.096337 -0.005494 -0.001289
0.096337 0.044236 -0.001313 -0.000588
-0.005494 -0.001313 0.502871 0.105568
-0.001289 -0.000588 0.105568 0.046069
24.745742 1.215660 33.026849 2.224230
0.448889 0.095504 -0.009629 -0.002119
0.095504 0.044087 -0.002156 -0.000697
-0.009629 -0.002156 0.510127 0.106778
-0.002119 -0.000697 0.106778 0.046240
25.334604 1.211615 34.259487 2.249363
0.442333 0.094539 -0.014597 -0.003026
0.094539 0.043903 -0.003080 -0.000818
-0.014597 -0.003080 0.519215 0.108277
-0.003026 -0.000818 0.108277 0.046470
26.375897 1.304831 34.804059 2.129143
0.436168 0.093665 -0.019671 -0.003868
0.093665 0.043732 -0.003939 -0.000923
-0.019671 -0.003939 0.528834 0.109781
-0.003868 -0.000923 0.109781 0.046699
27.092842 1.318450 35.595672 2.072833
0.431723 0.093153 -0.026001 -0.004902
0.093153 0.043631 -0.005003 -0.001074
-0.026001 -0.005003 0.537189 0.110930
-0.004902 -0.001074 0.110930 0.046854
27.686753 1.302916 35.896704 1.921611
0.428137 0.092783 -0.032074 -0.005811
0.092783 0.043549 -0.005940 -0.001198
-0.032074 -0.005940 0.545043 0.111934
-0.005811 -0.001198 0.111934 0.046990
28.223311 1.277553 36.730618 1.895369
0.425789 0.092628 -0.037911 -0.006622
0.092628 0.043500 -0.006780 -0.001309
-0.037911 -0.006780 0.551550 0.112643
-0.006622 -0.001309 0.112643 0.047076
28.994042 1.306578 37.729731 1.906295
0.423628 0.092449 -0.042440 -0.007142
0.092449 0.043434 -0.007307 -0.001365
-0.042440 -0.007307 0.557754 0.113309
-0.007142 -0.001365 0.113309 0.047169
29.775664 1.335194 38.792366 1.929026
0.421602 0.092248 -0.045510 -0.007375
0.092248 0.043356 -0.007526 -0.001372
-0.045510 -0.007526 0.563409 0.113891
-0.007375 -0.001372 0.113891 0.047260
30.491776 1.346785 39.938508 1.965900
0.419889 0.092079 -0.046228 -0.007173
0.092079 0.043282 -0.007277 -0.001301
-0.046228 -0.007277 0.567507 0.114201
-0.007173 -0.001301 0.114201 0.047310
31.208473 1.359112 41.414564 2.065210
0.419148 0.092102 -0.043586 -0.006369
0.092102 0.043253 -0.006393 -0.001123
-0.043586 -0.006393 0.568150 0.113891
-0.006369 -0.001123 0.113891 0.047253
31.513111 1.272841 41.850467 1.943436
0.421492 0.092778 -0.036606 -0.004804
0.092778 0.043368 -0.004736 -0.000812
-0.036606 -0.004736 0.561283 0.112210
-0.004804 -0.000812 0.112210 0.046946
32.269083 1.300873 43.103386 2.000404
0.424761 0.093546 -0.029920 -0.003473
0.093546 0.043488 -0.003348 -0.000584
-0.029920 -0.003348 0.553295 0.110522
-0.003473 -0.000584 0.110522 0.046672
32.631677 1.238362 44.271796 2.032478
0.433154 0.095346 -0.022145 -0.002032
0.095346 0.043826 -0.001909 -0.000355
-0.022145 -0.001909 0.537386 0.107445
-0.002032 -0.000355 0.107445 0.046144
33.131318 1.208486 44.554766 1.884647
0.446141 0.097954 -0.015867 -0.000996
0.097954 0.044315 -0.000943 -0.000227
-0.015867 -0.000943 0.516946 0.103728
-0.000996 -0.000227 0.103728 0.045520
33.603786 1.180168 45.613069 1.907537
0.459204 0.100318 -0.011463 -0.000412
0.100318 0.044718 -0.000425 -0.000186
-0.011463 -0.000425 0.499088 0.100807
-0.000412 -0.000186 0.100807 0.045081
34.488423 1.244446 46.667927 1.929132
0.476478 0.103390 -0.010134 -0.000458
0.103390 0.045260 -0.000577 -0.000268
-0.010134 -0.000577 0.479198 0.097624
-0.000458 -0.000268 0.097624 0.044584
35.035452 1.227323 47.284788 1.857307
0.498862 0.107308 -0.013517 -0.001422
0.107308 0.045962 -0.001667 -0.000519
-0.013517 -0.001667 0.458063 0.094315
-0.001422 -0.000519 0.094315 0.044051
35.208699 1.133909 48.359588 1.886737
0.522149 0.111108 -0.019582 -0.002828
0.111108 0.046610 -0.003148 -0.000823
-0.019582 -0.003148 0.440205 0.091792
-0.002828 -0.000823 0.091792 0.043666
