3.067941 2.189297 0.742029 -0.595229
2.490737 0.996316 -0.101026 -0.040411
0.996316 80.402602 -0.040411 -0.016165
-0.101026 -0.040411 2.420540 0.968237
-0.040411 -0.016165 0.968237 80.391370
4.503682 2.779766 -0.160988 -1.653351
2.246184 3.922383 -0.103944 -0.162523
3.922383 15.297720 -0.161564 -0.540665
-0.103944 -0.161564 2.283571 4.001575
-0.162523 -0.540665 4.001575 15.257600
2.833928 -0.754632 1.821899 1.573675
1.976313 2.288548 -0.093492 -0.101910
2.288548 4.551664 -0.101686 -0.187449
-0.093492 -0.101686 2.035706 2.344384
-0.101910 -0.187449 2.344384 4.566836
4.886935 1.300803 3.603513 2.410929
1.712484 1.447018 -0.082239 -0.066608
1.447018 1.921457 -0.066619 -0.083732
-0.082239 -0.066619 1.723359 1.444614
-0.066608 -0.083732 1.444614 1.902434
3.786833 0.140867 3.461685 1.523054
1.481957 0.980710 -0.061339 -0.039041
0.980710 0.981276 -0.039013 -0.039293
-0.061339 -0.039013 1.485371 0.977108
-0.039041 -0.039293 0.977108 0.973356
6.250959 1.442687 4.849587 1.863008
1.301817 0.707816 -0.054239 -0.028900
0.707816 0.570453 -0.028889 -0.023449
-0.054239 -0.028889 1.300170 0.703854
-0.028900 -0.023449 0.703854 0.566285
7.655621 1.758347 5.934208 1.933634
1.155939 0.533917 -0.043277 -0.019736
0.533917 0.362811 -0.019723 -0.013906
-0.043277 -0.019723 1.156610 0.532624
-0.019736 -0.013906 0.532624 0.361470
7.738096 1.437773 6.366139 1.718897
1.039033 0.418053 -0.034656 -0.013912
0.418053 0.247702 -0.013901 -0.008777
-0.034656 -0.013901 1.041362 0.418067
-0.013912 -0.008777 0.418067 0.247419
9.195780 1.701827 7.677271 1.879989
0.944490 0.337629 -0.029378 -0.010601
0.337629 0.179232 -0.010592 -0.006005
-0.029378 -0.010592 0.947011 0.337945
-0.010601 -0.006005 0.337945 0.179235
10.829096 1.954356 8.901206 1.971385
0.866421 0.279699 -0.024337 -0.007997
0.279699 0.136197 -0.007991 -0.004172
-0.024337 -0.007991 0.869080 0.280166
-0.007997 -0.004172 0.280166 0.136315
12.583939 2.184152 10.572936 2.173827
0.801219 0.236885 -0.019847 -0.006016
0.236885 0.108036 -0.006010 -0.002950
-0.019847 -0.006010 0.804154 0.237476
-0.006016 -0.002950 0.237476 0.108211
12.732257 1.925513 10.988701 1.990181
0.746544 0.204691 -0.015825 -0.004478
0.204691 0.089055 -0.004474 -0.002108
-0.015825 -0.004474 0.749441 0.205275
-0.004478 -0.002108 0.205275 0.089229
13.477621 1.869605 11.987668 1.991217
0.700474 0.180145 -0.013130 -0.003504
0.180145 0.075969 -0.003500 -0.001574
-0.013130 -0.003500 0.703138 0.180661
-0.003504 -0.001574 0.180661 0.076120
14.138796 1.802908 12.993405 1.993728
0.661502 0.161239 -0.010945 -0.002772
0.161239 0.066798 -0.002769 -0.001195
-0.010945 -0.002769 0.663812 0.161661
-0.002772 -0.001195 0.161661 0.066920
14.511999 1.679729 13.733039 1.933846
0.628493 0.146590 -0.009149 -0.002209
0.146590 0.060299 -0.002207 -0.000919
-0.009149 -0.002207 0.630384 0.146909
-0.002209 -0.000919 0.146909 0.060393
15.296589 1.667273 14.861552 1.970203
0.600546 0.135206 -0.007729 -0.001786
0.135206 0.055667 -0.001784 -0.000717
-0.007729 -0.001784 0.602017 0.135434
-0.001786 -0.000717 0.135434 0.055737
15.869488 1.610181 15.182420 1.824826
0.576940 0.126366 -0.006467 -0.001433
0.126366 0.052361 -0.001431 -0.000560
-0.006467 -0.001431 0.578019 0.126515
-0.001433 -0.000560 0.126515 0.052411
16.107250 1.488457 16.062666 1.817920
0.557025 0.119513 -0.005456 -0.001162
0.119513 0.050005 -0.001160 -0.000442
-0.005456 -0.001160 0.557889 0.119627
-0.001162 -0.000442 0.119627 0.050047
17.297978 1.582888 17.500442 1.929691
0.540427 0.114258 -0.004607 -0.000943
0.114258 0.048344 -0.000942 -0.000351
-0.004607 -0.000942 0.541014 0.114324
-0.000943 -0.000351 0.114324 0.048374
17.501576 1.459769 17.933968 1.818447
0.526660 0.110259 -0.003769 -0.000741
0.110259 0.047184 -0.000740 -0.000275
-0.003769 -0.000740 0.527026 0.110291
-0.000741 -0.000275 0.110291 0.047207
17.774017 1.364547 18.713233 1.791355
0.515358 0.107260 -0.003101 -0.000586
0.107260 0.046390 -0.000585 -0.000217
-0.003101 -0.000585 0.515545 0.107266
-0.000586 -0.000217 0.107266 0.046407
18.092122 1.288923 19.236788 1.714097
0.506198 0.105051 -0.002536 -0.000461
0.105051 0.045858 -0.000461 -0.000172
-0.002536 -0.000461 0.506217 0.105034
-0.000461 -0.000172 0.105034 0.045870
18.832671 1.308919 20.602429 1.819577
0.498856 0.103457 -0.002065 -0.000362
0.103457 0.045513 -0.000361 -0.000137
-0.002065 -0.000361 0.498750 0.103425
-0.000362 -0.000137 0.103425 0.045521
19.444112 1.300064 22.071952 1.935750
0.493055 0.102338 -0.001624 -0.000273
0.102338 0.045298 -0.000272 -0.000108
-0.001624 -0.000272 0.492865 0.102299
-0.000273 -0.000108 0.102299 0.045304
19.544493 1.185786 23.100897 1.948382
0.488533 0.101577 -0.001229 -0.000197
0.101577 0.045171 -0.000196 -0.000084
-0.001229 -0.000196 0.488318 0.101541
-0.000197 -0.000084 0.101541 0.045176
20.733742 1.310097 24.419019 2.020127
0.485073 0.101084 -0.000894 -0.000136
0.101084 0.045101 -0.000135 -0.000065
-0.000894 -0.000135 0.484872 0.101057
-0.000136 -0.000065 0.101057 0.045107
20.981548 1.225049 25.686464 2.073867
0.482426 0.100774 -0.000641 -0.000093
0.100774 0.045065 -0.000093 -0.000051
-0.000641 -0.000093 0.482368 0.100780
-0.000093 -0.000051 0.100780 0.045076
21.545101 1.214768 26.285787 1.982221
0.480434 0.100593 -0.000442 -0.000062
0.100593 0.045047 -0.000062 -0.000041
-0.000442 -0.000062 0.480608 0.100647
-0.000062 -0.000041 0.100647 0.045066
21.603615 1.099621 27.777504 2.087252
0.478980 0.100504 -0.000316 -0.000046
0.100504 0.045040 -0.000046 -0.000034
-0.000316 -0.000046 0.479404 0.100605
-0.000046 -0.000034 0.100605 0.045066
22.251336 1.120188 28.197498 1.956152
0.477868 0.100458 -0.000216 -0.000034
0.100458 0.045033 -0.000033 -0.000029
-0.000216 -0.000033 0.478691 0.100632
-0.000034 -0.000029 0.100632 0.045072
23.018993 1.163895 29.585767 2.042507
0.477083 0.100449 -0.000193 -0.000036
0.100449 0.045028 -0.000035 -0.000026
-0.000193 -0.000035 0.478271 0.100685
-0.000036 -0.000026 0.100685 0.045076
23.976756 1.243123 30.994070 2.124076
0.476445 0.100442 -0.000259 -0.000054
0.100442 0.045016 -0.000054 -0.000028
-0.000259 -0.000054 0.478150 0.100766
-0.000054 -0.000028 0.100766 0.045080
25.079715 1.344709 32.420432 2.200910
0.475891 0.100424 -0.000447 -0.000094
0.100424 0.044999 -0.000094 -0.000033
-0.000447 -0.000094 0.478256 0.100863
-0.000094 -0.000033 0.100863 0.045083
25.983782 1.393645 33.728706 2.244760
0.475375 0.100393 -0.000782 -0.000161
0.100393 0.044977 -0.000161 -0.000044
-0.000782 -0.000161 0.478532 0.100966
-0.000161 -0.000044 0.100966 0.045085
26.459251 1.346858 34.448906 2.159881
0.474876 0.100347 -0.001231 -0.000245
0.100347 0.044951 -0.000245 -0.000058
-0.001231 -0.000245 0.478923 0.101067
-0.000245 -0.000058 0.101067 0.045085
27.288048 1.379661 34.906015 2.028457
0.474441 0.100302 -0.001684 -0.000323
0.100302 0.044926 -0.000323 -0.000070
-0.001684 -0.000323 0.479325 0.101150
-0.000323 -0.000070 0.101150 0.045082
27.826550 1.347588 35.343560 1.906764
0.474116 0.100270 -0.002187 -0.000405
0.100270 0.044904 -0.000405 -0.000083
-0.002187 -0.000405 0.479655 0.101203
-0.000405 -0.000083 0.101203 0.045074
28.113889 1.265769 35.929472 1.829181
0.473857 0.100242 -0.002680 -0.000481
0.100242 0.044884 -0.000481 -0.000094
-0.002680 -0.000481 0.479930 0.101236
-0.000481 -0.000094 0.101236 0.045063
28.691745 1.253916 35.990397 1.649149
0.473598 0.100207 -0.003133 -0.000544
0.100207 0.044863 -0.000545 -0.000103
-0.003133 -0.000545 0.480205 0.101263
-0.000544 -0.000103 0.101263 0.045054
29.324999 1.255555 37.787460 1.854161
0.473452 0.100191 -0.003566 -0.000602
0.100191 0.044848 -0.000603 -0.000112
-0.003566 -0.000603 0.480354 0.101262
-0.000602 -0.000112 0.101262 0.045041
30.354815 1.340772 39.050486 1.925115
0.473072 0.100119 -0.004154 -0.000693
0.100119 0.044823 -0.000694 -0.000129
-0.004154 -0.000694 0.480739 0.101312
-0.000693 -0.000129 0.101312 0.045042
30.516211 1.233031 39.998332 1.921780
0.472633 0.100036 -0.004925 -0.000819
0.100036 0.044797 -0.000820 -0.000153
-0.004925 -0.000820 0.481186 0.101373
-0.000819 -0.000153 0.101373 0.045047
30.858976 1.175474 41.672554 2.071861
0.472113 0.099939 -0.005628 -0.000925
0.099939 0.044770 -0.000926 -0.000172
-0.005628 -0.000926 0.481712 0.101448
-0.000925 -0.000172 0.101448 0.045056
31.218188 1.127164 42.824611 2.096160
0.471372 0.099799 -0.006398 -0.001042
0.099799 0.044736 -0.001042 -0.000194
-0.006398 -0.001042 0.482475 0.101570
-0.001042 -0.000194 0.101570 0.045076
31.661283 1.101412 43.559838 2.030234
0.470569 0.099655 -0.007176 -0.001157
0.099655 0.044704 -0.001157 -0.000216
-0.007176 -0.001157 0.483311 0.101701
-0.001157 -0.000216 0.101701 0.045097
32.341383 1.128375 44.050256 1.919983
0.469835 0.099533 -0.007941 -0.001267
0.099533 0.044678 -0.001267 -0.000236
-0.007941 -0.001267 0.484086 0.101813
-0.001267 -0.000236 0.101813 0.045115
33.002977 1.149760 45.773961 2.080629
0.469257 0.099448 -0.008739 -0.001382
0.099448 0.044660 -0.001383 -0.000259
-0.008739 -0.001383 0.484710 0.101890
-0.001382 -0.000259 0.101890 0.045126
33.110764 1.050810 46.896416 2.097383
0.468469 0.099320 -0.009720 -0.001535
0.099320 0.044633 -0.001535 -0.000289
-0.009720 -0.001535 0.485590 0.102021
-0.001535 -0.000289 0.102021 0.045150
33.930338 1.113187 47.924076 2.093321
0.467589 0.099177 -0.010611 -0.001664
0.099177 0.044604 -0.001664 -0.000315
-0.010611 -0.001664 0.486583 0.102173
-0.001664 -0.000315 0.102173 0.045179
34.799225 1.179557 49.037912 2.107837
0.466768 0.099051 -0.011649 -0.001822
0.099051 0.044578 -0.001822 -0.000346
-0.011649 -0.001822 0.487549 0.102313
-0.001822 -0.000346 0.102313 0.045205
