4.803168 2.883403 2.170570 -0.023800
2.490737 0.996316 -0.101026 -0.040411
0.996316 80.402602 -0.040411 -0.016165
-0.101026 -0.040411 2.420540 0.968237
-0.040411 -0.016165 0.968237 80.391370
3.965257 -1.133560 -1.871678 -7.107871
2.244635 3.919834 -0.085927 -0.130957
3.919834 15.293544 -0.130106 -0.485552
-0.085927 -0.130106 2.282106 3.999164
-0.130957 -0.485552 3.999164 15.253651
5.029241 0.766740 0.901401 0.182241
1.965967 2.276780 -0.117426 -0.132221
2.276780 4.538006 -0.132260 -0.222729
-0.117426 -0.132260 2.051999 2.363358
-0.132221 -0.222729 2.363358 4.588677
5.951890 1.226019 2.217309 1.209371
1.696674 1.434639 -0.084025 -0.066538
1.434639 1.911352 -0.066491 -0.081408
-0.084025 -0.066491 1.740099 1.457353
-0.066538 -0.081408 1.457353 1.912357
4.744475 0.021394 3.833049 1.871073
1.471062 0.974682 -0.062921 -0.039288
0.974682 0.977580 -0.039233 -0.038733
-0.062921 -0.039233 1.496823 0.983290
-0.039288 -0.038733 0.983290 0.976995
5.941741 0.667059 4.368750 1.655712
1.296956 0.706056 -0.052501 -0.027505
0.706056 0.569567 -0.027480 -0.022423
-0.052501 -0.027480 1.304816 0.705395
-0.027505 -0.022423 0.705395 0.567001
6.094465 0.583399 5.041494 1.584299
1.154150 0.533606 -0.043673 -0.019735
0.533606 0.362593 -0.019716 -0.013835
-0.043673 -0.019716 1.158488 0.532933
-0.019735 -0.013835 0.532933 0.361672
6.257236 0.531730 7.326338 2.183143
1.039316 0.418428 -0.037483 -0.014938
0.418428 0.247730 -0.014925 -0.009166
-0.037483 -0.014925 1.041479 0.417829
-0.014938 -0.009166 0.417829 0.247443
8.053091 1.078838 9.111994 2.430740
0.946883 0.338579 -0.031367 -0.011193
0.338579 0.179441 -0.011183 -0.006196
-0.031367 -0.011183 0.944873 0.337068
-0.011193 -0.006196 0.337068 0.179051
9.557620 1.390362 10.438207 2.466421
0.869449 0.280650 -0.025321 -0.008211
0.280650 0.136377 -0.008202 -0.004228
-0.025321 -0.008202 0.866164 0.279238
-0.008211 -0.004228 0.279238 0.136143
9.959363 1.303719 10.730368 2.188440
0.804347 0.237709 -0.020332 -0.006080
0.237709 0.108165 -0.006074 -0.002964
-0.020332 -0.006074 0.801072 0.236657
-0.006080 -0.002964 0.236657 0.108084
11.290323 1.489749 12.164394 2.281499
0.749503 0.205360 -0.016985 -0.004740
0.205360 0.089141 -0.004736 -0.002181
-0.016985 -0.004736 0.746580 0.204628
-0.004740 -0.002181 0.204628 0.089151
12.090110 1.503896 12.958047 2.192234
0.703099 0.180657 -0.013967 -0.003666
0.180657 0.076021 -0.003664 -0.001618
-0.013967 -0.003664 0.700575 0.180161
-0.003666 -0.001618 0.180161 0.076074
12.555479 1.434079 14.468615 2.293295
0.663739 0.161616 -0.011594 -0.002884
0.161616 0.066824 -0.002883 -0.001225
-0.011594 -0.002883 0.661617 0.161292
-0.002884 -0.001225 0.161292 0.066896
13.907878 1.582137 15.054426 2.162412
0.630518 0.146896 -0.009580 -0.002271
0.146896 0.060320 -0.002270 -0.000937
-0.009580 -0.002270 0.628384 0.146607
-0.002271 -0.000937 0.146607 0.060375
14.343451 1.502186 16.486697 2.241490
0.602172 0.135414 -0.007903 -0.001793
0.135414 0.055674 -0.001793 -0.000723
-0.007903 -0.001793 0.600401 0.135228
-0.001793 -0.000723 0.135228 0.055731
14.342928 1.337750 17.352095 2.185525
0.578323 0.126522 -0.006469 -0.001410
0.126522 0.052365 -0.001410 -0.000560
-0.006469 -0.001410 0.576638 0.126360
-0.001410 -0.000560 0.126360 0.052408
15.500959 1.442575 18.216205 2.136462
0.558331 0.119659 -0.005332 -0.001120
0.119659 0.050015 -0.001121 -0.000439
-0.005332 -0.001121 0.556582 0.119480
-0.001120 -0.000439 0.119480 0.050038
16.527001 1.506917 18.976697 2.071384
0.541530 0.114369 -0.004338 -0.000880
0.114369 0.048352 -0.000881 -0.000344
-0.004338 -0.000881 0.539907 0.114212
-0.000880 -0.000344 0.114212 0.048366
17.234357 1.497308 20.402757 2.153155
0.527547 0.110335 -0.003492 -0.000685
0.110335 0.047191 -0.000686 -0.000270
-0.003492 -0.000686 0.526136 0.110215
-0.000685 -0.000270 0.110215 0.047201
17.729648 1.444627 21.515703 2.160704
0.516065 0.107310 -0.002739 -0.000519
0.107310 0.046396 -0.000520 -0.000210
-0.002739 -0.000520 0.514834 0.107216
-0.000519 -0.000210 0.107216 0.046401
18.086257 1.368736 22.006687 2.038283
0.506736 0.105080 -0.002101 -0.000386
0.105080 0.045864 -0.000387 -0.000163
-0.002101 -0.000387 0.505674 0.105005
-0.000386 -0.000163 0.105005 0.045865
18.184996 1.247348 22.845799 2.000871
0.499254 0.103470 -0.001594 -0.000285
0.103470 0.045518 -0.000286 -0.000128
-0.001594 -0.000286 0.498349 0.103412
-0.000285 -0.000128 0.103412 0.045516
19.002434 1.287544 23.850088 2.001686
0.493344 0.102342 -0.001169 -0.000204
0.102342 0.045304 -0.000205 -0.000100
-0.001169 -0.000205 0.492574 0.102295
-0.000204 -0.000100 0.102295 0.045299
20.037817 1.368901 24.291817 1.885396
0.488707 0.101569 -0.000822 -0.000141
0.101569 0.045176 -0.000142 -0.000078
-0.000822 -0.000142 0.488144 0.101550
-0.000141 -0.000078 0.101550 0.045172
20.565466 1.336253 25.665377 1.975220
0.485135 0.101065 -0.000579 -0.000101
0.101065 0.045104 -0.000101 -0.000062
-0.000579 -0.000101 0.484809 0.101077
-0.000101 -0.000062 0.101077 0.045104
20.680004 1.220641 26.778516 2.001439
0.482404 0.100748 -0.000389 -0.000070
0.100748 0.045067 -0.000071 -0.000050
-0.000389 -0.000071 0.482390 0.100807
-0.000070 -0.000050 0.100807 0.045073
21.545520 1.274068 27.813222 2.008559
0.480347 0.100563 -0.000231 -0.000046
0.100563 0.045049 -0.000046 -0.000040
-0.000231 -0.000046 0.480696 0.100678
-0.000046 -0.000040 0.100678 0.045064
21.852337 1.204785 28.422530 1.925672
0.478802 0.100462 -0.000163 -0.000038
0.100462 0.045040 -0.000039 -0.000034
-0.000163 -0.000039 0.479584 0.100647
-0.000038 -0.000034 0.100647 0.045067
22.919959 1.302580 29.862260 2.025915
0.477680 0.100422 -0.000134 -0.000037
0.100422 0.045034 -0.000037 -0.000029
-0.000134 -0.000037 0.478881 0.100669
-0.000037 -0.000029 0.100669 0.045072
23.789167 1.348461 31.120547 2.077551
0.476792 0.100398 -0.000223 -0.000058
0.100398 0.045025 -0.000059 -0.000030
-0.000223 -0.000059 0.478565 0.100738
-0.000058 -0.000030 0.100738 0.045079
24.248595 1.303168 32.284536 2.103939
0.476075 0.100379 -0.000414 -0.000097
0.100379 0.045010 -0.000098 -0.000035
-0.000414 -0.000098 0.478525 0.100830
-0.000097 -0.000035 0.100830 0.045086
24.808257 1.283769 32.992677 2.031443
0.475463 0.100355 -0.000647 -0.000141
0.100355 0.044991 -0.000141 -0.000040
-0.000647 -0.000141 0.478691 0.100933
-0.000141 -0.000040 0.100933 0.045091
25.540658 1.302885 33.656895 1.957300
0.474974 0.100334 -0.000922 -0.000188
0.100334 0.044971 -0.000189 -0.000046
-0.000922 -0.000189 0.478941 0.101025
-0.000188 -0.000046 0.101025 0.045091
25.835378 1.227484 34.641969 1.958640
0.474582 0.100314 -0.001261 -0.000246
0.100314 0.044950 -0.000246 -0.000054
-0.001261 -0.000246 0.479223 0.101101
-0.000246 -0.000054 0.101101 0.045087
26.421929 1.221687 35.048757 1.837853
0.474179 0.100276 -0.001604 -0.000300
0.100276 0.044924 -0.000300 -0.000062
-0.001604 -0.000300 0.479593 0.101178
-0.000300 -0.000062 0.101178 0.045084
27.041660 1.223535 35.717977 1.785182
0.473863 0.100244 -0.001972 -0.000356
0.100244 0.044901 -0.000356 -0.000070
-0.001972 -0.000356 0.479912 0.101230
-0.000356 -0.000070 0.101230 0.045076
27.654625 1.223780 36.560693 1.774664
0.473567 0.100207 -0.002388 -0.000420
0.100207 0.044878 -0.000420 -0.000081
-0.002388 -0.000420 0.480223 0.101271
-0.000420 -0.000081 0.101271 0.045068
27.707984 1.105691 37.960225 1.882518
0.473249 0.100158 -0.002859 -0.000493
0.100158 0.044854 -0.000493 -0.000093
-0.002859 -0.000493 0.480558 0.101312
-0.000493 -0.000093 0.101312 0.045063
28.310292 1.116150 38.867093 1.875285
0.472749 0.100067 -0.003310 -0.000559
0.100067 0.044823 -0.000559 -0.000104
-0.003310 -0.000559 0.481073 0.101388
-0.000559 -0.000104 0.101388 0.045066
29.193461 1.184971 39.792026 1.872724
0.472233 0.099974 -0.003830 -0.000637
0.099974 0.044794 -0.000638 -0.000118
-0.003830 -0.000638 0.481599 0.101460
-0.000637 -0.000118 0.101460 0.045071
30.289175 1.291485 40.627727 1.851742
0.471726 0.099885 -0.004483 -0.000741
0.099885 0.044768 -0.000742 -0.000138
-0.004483 -0.000742 0.482114 0.101527
-0.000741 -0.000138 0.101527 0.045076
31.614984 1.435586 41.687458 1.880265
0.471273 0.099810 -0.005299 -0.000876
0.099810 0.044747 -0.000877 -0.000164
-0.005299 -0.000877 0.482576 0.101581
-0.000876 -0.000164 0.101581 0.045080
32.747004 1.523272 42.519737 1.857820
0.470852 0.099742 -0.006345 -0.001052
0.099742 0.044728 -0.001054 -0.000198
-0.006345 -0.001054 0.483020 0.101631
-0.001052 -0.000198 0.101631 0.045085
33.452513 1.511051 42.988587 1.761016
0.470499 0.099689 -0.007517 -0.001245
0.099689 0.044713 -0.001248 -0.000235
-0.007517 -0.001248 0.483410 0.101671
-0.001245 -0.000235 0.101671 0.045089
34.243822 1.518816 44.083299 1.806083
0.470237 0.099655 -0.008635 -0.001418
0.099655 0.044703 -0.001422 -0.000267
-0.008635 -0.001422 0.483713 0.101695
-0.001418 -0.000267 0.101695 0.045091
34.404435 1.392392 45.504015 1.914296
0.469902 0.099602 -0.009826 -0.001600
0.099602 0.044688 -0.001604 -0.000301
-0.009826 -0.001604 0.484115 0.101743
-0.001600 -0.000301 0.101743 0.045100
35.551029 1.488637 47.112742 2.051722
0.469307 0.099495 -0.010949 -0.001762
0.099495 0.044663 -0.001766 -0.000330
-0.010949 -0.001766 0.484806 0.101854
-0.001762 -0.000330 0.101854 0.045122
35.994867 1.424689 47.970482 2.016015
0.468612 0.099371 -0.012351 -0.001980
0.099371 0.044635 -0.001984 -0.000372
-0.012351 -0.001984 0.485659 0.101994
-0.001980 -0.000372 0.101994 0.045150
36.535648 1.388305 48.988974 2.017961
0.467928 0.099256 -0.013657 -0.002171
0.099256 0.044611 -0.002175 -0.000409
-0.013657 -0.002175 0.486518 0.102129
-0.002171 -0.000409 0.102129 0.045176
