5.600944 3.202521 2.531971 0.120763
2.490737 0.996316 -0.101026 -0.040411
0.996316 80.402602 -0.040411 -0.016165
-0.101026 -0.040411 2.420540 0.968237
-0.040411 -0.016165 0.968237 80.391370
5.383335 -0.000800 -0.422930 -5.180138
2.242509 3.916178 -0.079460 -0.119642
3.916178 15.287256 -0.118801 -0.465768
-0.079460 -0.118801 2.283346 4.001395
-0.119642 -0.465768 4.001395 15.257659
2.886396 -2.889034 -0.248952 -1.999353
1.968842 2.280492 -0.098683 -0.111602
2.280492 4.542362 -0.111610 -0.198947
-0.098683 -0.111610 2.044692 2.354794
-0.111602 -0.198947 2.354794 4.578843
3.055517 -1.519438 2.074491 0.787103
1.703060 1.439791 -0.097968 -0.079936
1.439791 1.915399 -0.080086 -0.093115
-0.097968 -0.080086 1.736384 1.454780
-0.079936 -0.093115 1.454780 1.910555
4.806720 0.145971 3.736813 1.625024
1.481689 0.981254 -0.077594 -0.048633
0.981254 0.981670 -0.048693 -0.044145
-0.077594 -0.048693 1.488748 0.978370
-0.048633 -0.044145 0.978370 0.973867
6.550247 1.054094 4.114439 1.391942
1.300628 0.707439 -0.058502 -0.029935
0.707439 0.570090 -0.029941 -0.023069
-0.058502 -0.029941 1.302142 0.704421
-0.029935 -0.023069 0.704421 0.566584
6.884567 0.964264 3.987676 1.013055
1.154283 0.533267 -0.045642 -0.019993
0.533267 0.362362 -0.019982 -0.013581
-0.045642 -0.019982 1.158661 0.533310
-0.019993 -0.013581 0.533310 0.361858
8.621573 1.470272 6.293753 1.735929
1.037141 0.417350 -0.038421 -0.014884
0.417350 0.247306 -0.014873 -0.008959
-0.038421 -0.014873 1.043809 0.418900
-0.014884 -0.008959 0.418900 0.247832
8.794273 1.269395 7.792544 1.960813
0.942801 0.337065 -0.030653 -0.010656
0.337065 0.178949 -0.010646 -0.005914
-0.030653 -0.010646 0.948878 0.338508
-0.010656 -0.005914 0.338508 0.179501
10.957666 1.763009 9.145525 2.081095
0.865825 0.279537 -0.025140 -0.007988
0.279537 0.136085 -0.007980 -0.004121
-0.025140 -0.007980 0.869768 0.280318
-0.007988 -0.004121 0.280318 0.136418
11.056169 1.531466 9.502279 1.879167
0.800959 0.236818 -0.020090 -0.005907
0.236818 0.107967 -0.005901 -0.002902
-0.020090 -0.005901 0.804433 0.237524
-0.005907 -0.002902 0.237524 0.108274
11.684675 1.493834 10.738694 1.960472
0.746536 0.204684 -0.016826 -0.004637
0.204684 0.089012 -0.004631 -0.002154
-0.016826 -0.004631 0.749529 0.205289
-0.004637 -0.002154 0.205289 0.089275
12.519352 1.516425 11.271227 1.845432
0.700704 0.180189 -0.014136 -0.003676
0.180189 0.075947 -0.003672 -0.001626
-0.014136 -0.003672 0.702977 0.180626
-0.003676 -0.001626 0.180626 0.076147
13.646928 1.606417 12.705818 1.970083
0.661704 0.161265 -0.011994 -0.002960
0.161265 0.066776 -0.002957 -0.001251
-0.011994 -0.002957 0.663674 0.161645
-0.002960 -0.001251 0.161645 0.066947
14.384302 1.591074 13.349536 1.890527
0.628660 0.146601 -0.010001 -0.002351
0.146601 0.060279 -0.002349 -0.000962
-0.010001 -0.002349 0.630262 0.146905
-0.002351 -0.000962 0.146905 0.060417
14.828268 1.511934 13.459048 1.702474
0.600608 0.135191 -0.008389 -0.001887
0.135191 0.055645 -0.001885 -0.000749
-0.008389 -0.001885 0.601986 0.135454
-0.001887 -0.000749 0.135454 0.055762
15.371027 1.465263 14.739569 1.796445
0.576835 0.126316 -0.007166 -0.001547
0.126316 0.052335 -0.001545 -0.000594
-0.007166 -0.001545 0.578155 0.126571
-0.001547 -0.000594 0.126571 0.052440
16.540749 1.559000 15.315260 1.727307
0.556936 0.119472 -0.006058 -0.001255
0.119472 0.049985 -0.001254 -0.000471
-0.006058 -0.001254 0.558002 0.119673
-0.001255 -0.000471 0.119673 0.050069
16.488333 1.383175 16.463818 1.787425
0.540234 0.114200 -0.005062 -0.001007
0.114200 0.048324 -0.001006 -0.000372
-0.005062 -0.001006 0.541224 0.114385
-0.001007 -0.000372 0.114385 0.048397
16.891572 1.322820 17.400363 1.796348
0.526492 0.110213 -0.004234 -0.000810
0.110213 0.047169 -0.000809 -0.000296
-0.004234 -0.000809 0.527210 0.110341
-0.000810 -0.000296 0.110341 0.047224
17.848596 1.384459 19.010194 1.944477
0.515235 0.107227 -0.003513 -0.000646
0.107227 0.046380 -0.000646 -0.000236
-0.003513 -0.000646 0.515682 0.107302
-0.000646 -0.000236 0.107302 0.046418
18.534939 1.383331 20.513891 2.054752
0.506105 0.105028 -0.002816 -0.000496
0.105028 0.045851 -0.000495 -0.000185
-0.002816 -0.000495 0.506318 0.105059
-0.000496 -0.000185 0.105059 0.045878
18.855460 1.306291 21.139477 1.971367
0.498789 0.103442 -0.002192 -0.000368
0.103442 0.045509 -0.000368 -0.000144
-0.002192 -0.000368 0.498822 0.103443
-0.000368 -0.000144 0.103443 0.045527
19.348347 1.273066 22.363279 2.020766
0.493005 0.102328 -0.001688 -0.000271
0.102328 0.045295 -0.000271 -0.000113
-0.001688 -0.000271 0.492919 0.102311
-0.000271 -0.000113 0.102311 0.045307
20.074748 1.291870 24.209816 2.194650
0.488494 0.101570 -0.001259 -0.000193
0.101570 0.045169 -0.000193 -0.000088
-0.001259 -0.000193 0.488360 0.101550
-0.000193 -0.000088 0.101550 0.045179
20.176724 1.178558 25.684665 2.273270
0.484994 0.101068 -0.000896 -0.000130
0.101068 0.045098 -0.000130 -0.000069
-0.000896 -0.000130 0.484953 0.101074
-0.000130 -0.000069 0.101074 0.045111
20.463824 1.115473 27.248907 2.362581
0.482313 0.100752 -0.000589 -0.000080
0.100752 0.045060 -0.000080 -0.000053
-0.000589 -0.000080 0.482483 0.100803
-0.000080 -0.000053 0.100803 0.045081
20.738807 1.056252 28.170235 2.308125
0.480250 0.100558 -0.000339 -0.000042
0.100558 0.045040 -0.000042 -0.000041
-0.000339 -0.000042 0.480794 0.100683
-0.000042 -0.000041 0.100683 0.045074
21.718955 1.151107 29.376749 2.319146
0.478703 0.100452 -0.000155 -0.000017
0.100452 0.045030 -0.000017 -0.000032
-0.000155 -0.000017 0.479684 0.100657
-0.000017 -0.000032 0.100657 0.045077
22.451357 1.184078 30.001601 2.206748
0.477506 0.100392 -0.000098 -0.000017
0.100392 0.045021 -0.000017 -0.000029
-0.000098 -0.000017 0.479057 0.100699
-0.000017 -0.000029 0.100699 0.045085
23.024482 1.180096 31.082643 2.202047
0.476628 0.100369 -0.000135 -0.000033
0.100369 0.045013 -0.000033 -0.000029
-0.000135 -0.000033 0.478730 0.100767
-0.000033 -0.000029 0.100767 0.045091
23.981189 1.257413 31.959402 2.154788
0.475929 0.100353 -0.000243 -0.000060
0.100353 0.045000 -0.000060 -0.000031
-0.000243 -0.000060 0.478673 0.100856
-0.000060 -0.000031 0.100856 0.045096
24.673298 1.270802 32.670904 2.077641
0.475378 0.100342 -0.000465 -0.000106
0.100342 0.044985 -0.000106 -0.000038
-0.000465 -0.000106 0.478777 0.100947
-0.000106 -0.000038 0.100947 0.045098
25.393768 1.288774 33.441255 2.021013
0.474944 0.100332 -0.000751 -0.000161
0.100332 0.044967 -0.000161 -0.000045
-0.000751 -0.000161 0.478971 0.101028
-0.000161 -0.000045 0.101028 0.045095
25.683930 1.213897 34.418893 2.014072
0.474578 0.100316 -0.001102 -0.000223
0.100316 0.044947 -0.000223 -0.000054
-0.001102 -0.000223 0.479226 0.101100
-0.000223 -0.000054 0.101100 0.045090
26.274012 1.210324 35.304531 1.988460
0.474198 0.100280 -0.001452 -0.000280
0.100280 0.044922 -0.000280 -0.000062
-0.001452 -0.000280 0.479572 0.101173
-0.000280 -0.000062 0.101173 0.045085
27.211814 1.280685 36.225152 1.972966
0.473818 0.100233 -0.001852 -0.000344
0.100233 0.044896 -0.000344 -0.000071
-0.001852 -0.000344 0.479956 0.101240
-0.000344 -0.000071 0.101240 0.045081
28.349518 1.385822 36.515325 1.826198
0.473444 0.100180 -0.002370 -0.000429
0.100180 0.044871 -0.000430 -0.000085
-0.002370 -0.000430 0.480349 0.101299
-0.000429 -0.000085 0.101299 0.045076
28.925889 1.361227 37.760518 1.896186
0.473210 0.100151 -0.002988 -0.000530
0.100151 0.044852 -0.000531 -0.000102
-0.002988 -0.000531 0.480601 0.101320
-0.000530 -0.000102 0.101320 0.045066
29.946732 1.433274 38.812259 1.918126
0.472858 0.100091 -0.003661 -0.000638
0.100091 0.044827 -0.000639 -0.000121
-0.003661 -0.000639 0.480971 0.101365
-0.000638 -0.000121 0.101365 0.045063
30.663079 1.433373 40.211122 2.010784
0.472485 0.100025 -0.004471 -0.000769
0.100025 0.044804 -0.000771 -0.000145
-0.004471 -0.000771 0.481360 0.101412
-0.000769 -0.000145 0.101412 0.045062
31.074756 1.368623 40.849253 1.933296
0.471983 0.099932 -0.005374 -0.000914
0.099932 0.044776 -0.000916 -0.000171
-0.005374 -0.000916 0.481884 0.101485
-0.000914 -0.000171 0.101485 0.045069
31.248128 1.260354 41.698896 1.908371
0.471509 0.099848 -0.006207 -0.001037
0.099848 0.044752 -0.001039 -0.000193
-0.006207 -0.001039 0.482376 0.101548
-0.001037 -0.000193 0.101548 0.045075
31.812029 1.246758 43.295646 2.043548
0.470977 0.099755 -0.006949 -0.001138
0.099755 0.044728 -0.001140 -0.000210
-0.006949 -0.001140 0.482925 0.101623
-0.001138 -0.000210 0.101623 0.045085
31.912566 1.135700 43.962032 1.968368
0.470257 0.099625 -0.007808 -0.001263
0.099625 0.044698 -0.001265 -0.000233
-0.007808 -0.001265 0.483687 0.101740
-0.001263 -0.000233 0.101740 0.045105
32.781760 1.199036 44.376838 1.848930
0.469558 0.099506 -0.008535 -0.001359
0.099506 0.044671 -0.001360 -0.000251
-0.008535 -0.001360 0.484429 0.101849
-0.001359 -0.000251 0.101849 0.045123
33.329519 1.187483 44.747897 1.732572
0.469051 0.099433 -0.009345 -0.001472
0.099433 0.044655 -0.001474 -0.000273
-0.009345 -0.001474 0.484985 0.101915
-0.001472 -0.000273 0.101915 0.045133
33.892874 1.180726 45.346223 1.676248
0.468672 0.099387 -0.010129 -0.001580
0.099387 0.044645 -0.001582 -0.000295
-0.010129 -0.001582 0.485416 0.101956
-0.001580 -0.000295 0.101956 0.045138
34.646443 1.215379 46.205368 1.680872
0.468335 0.099347 -0.010934 -0.001692
0.099347 0.044636 -0.001695 -0.000318
-0.010934 -0.001695 0.485816 0.101995
-0.001692 -0.000318 0.101995 0.045145
35.717635 1.313618 46.955264 1.662521
0.467991 0.099302 -0.011856 -0.001829
0.099302 0.044625 -0.001832 -0.000347
-0.011856 -0.001832 0.486248 0.102045
-0.001829 -0.000347 0.102045 0.045155
