-0.965311 0.575961 9.843065 3.045264
41.463505 16.585761 -56.479068 -22.592117
16.585761 86.638515 -22.592117 -9.037042
-56.479068 -22.592117 80.538224 32.215988
-22.592117 -9.037042 32.215988 92.890741
-5.655068 -5.587595 12.670505 1.106003
30.405453 4.523979 -59.577545 -37.821744
4.523979 22.898088 -5.067920 -23.370735
-59.577545 -5.067920 122.653272 79.801807
-37.821744 -23.370735 79.801807 87.117069
1.680260 2.640502 1.024403 -6.931198
18.777853 0.155241 -56.179196 -30.174186
0.155241 11.009757 4.425474 -9.850788
-56.179196 4.425474 178.946115 95.221444
-30.174186 -9.850788 95.221444 69.571829
0.084342 2.916631 10.356752 -1.397277
6.405407 6.745454 -5.568244 -6.386845
6.745454 10.921141 -5.229851 -11.900932
-5.568244 -5.229851 6.784459 6.049554
-6.386845 -11.900932 6.049554 15.614199
0.643501 2.245457 9.965423 -1.061964
7.855007 6.139417 -9.673178 -7.952850
6.139417 6.338956 -7.642122 -8.585490
-9.673178 -7.642122 13.978787 11.279196
-7.952850 -8.585490 11.279196 13.207662
2.072778 2.394649 9.667403 -0.907562
12.789963 7.750003 -18.050600 -11.296009
7.750003 5.470964 -11.050528 -8.049127
-18.050600 -11.050528 27.529942 17.254752
-11.296009 -8.049127 17.254752 12.827906
2.375743 1.929785 11.519079 0.262260
21.354620 10.228808 -30.643654 -15.037422
10.228808 5.353787 -14.743347 -7.887779
-30.643654 -14.743347 45.798266 22.542806
-15.037422 -7.887779 22.542806 12.252646
6.799277 3.264260 7.634263 -1.294462
22.317739 8.805493 -34.746627 -14.008111
8.805493 3.772433 -13.749742 -5.963142
-34.746627 -13.749742 55.932929 22.632931
-14.008111 -5.963142 22.632931 9.901273
6.419338 2.590755 10.487491 -0.093204
8.444315 2.794119 -10.180683 -3.327651
2.794119 1.136229 -3.377581 -1.394812
-10.180683 -3.377581 13.513079 4.482708
-3.327651 -1.394812 4.482708 2.002814
8.286327 2.743518 10.843132 0.098635
11.333848 3.309316 -13.733090 -3.987317
3.309316 1.125608 -4.024472 -1.381182
-13.733090 -4.024472 17.771747 5.237480
-3.987317 -1.381182 5.237480 1.921985
10.376795 2.933080 9.801332 -0.200844
14.059014 3.641084 -16.488318 -4.222297
3.641084 1.068261 -4.284135 -1.258016
-16.488318 -4.284135 20.343859 5.290986
-4.222297 -1.258016 5.290986 1.664009
11.494326 2.850370 10.226052 -0.069550
11.101810 2.560224 -11.520896 -2.522324
2.560224 0.692785 -2.668255 -0.709677
-11.520896 -2.668255 12.789735 2.883644
-2.522324 -0.709677 2.883644 0.877027
12.316264 2.719521 11.055640 0.131049
10.581108 2.207450 -9.957837 -1.896987
2.207450 0.547040 -2.089581 -0.498606
-9.957837 -2.089581 10.092873 2.010125
-1.896987 -0.498606 2.010125 0.584498
12.006219 2.385283 13.341745 0.612030
11.421753 2.181145 -10.074270 -1.712629
2.181145 0.491749 -1.937232 -0.411491
-10.074270 -1.937232 9.538255 1.711804
-1.712629 -0.411491 1.711804 0.459921
16.696163 2.986590 11.357542 0.357386
11.913077 2.119119 -10.929393 -1.821328
2.119119 0.444013 -1.958958 -0.394601
-10.929393 -1.958958 10.681206 1.870460
-1.821328 -0.394601 1.870460 0.455109
20.099922 3.309765 9.442314 -0.018148
5.269682 0.852746 -3.783735 -0.448693
0.852746 0.198953 -0.622809 -0.131037
-3.783735 -0.622809 3.258702 0.481901
-0.448693 -0.131037 0.481901 0.181969
20.068874 3.044199 10.852064 0.190119
2.659353 0.396779 -1.248242 -0.036771
0.396779 0.115741 -0.196446 -0.055374
-1.248242 -0.196446 1.042636 0.151886
-0.036771 -0.055374 0.151886 0.121961
21.131009 2.967742 11.406115 0.276808
2.511554 0.360992 -0.820723 0.039225
0.360992 0.105042 -0.131731 -0.038188
-0.820723 -0.131731 0.678940 0.112091
0.039225 -0.038188 0.112091 0.107858
21.681166 2.812710 12.293718 0.416583
2.495239 0.345981 -0.515242 0.092238
0.345981 0.098321 -0.089079 -0.025838
-0.515242 -0.089079 0.490238 0.101193
0.092238 -0.025838 0.101193 0.099489
21.349109 2.501296 14.050873 0.761826
2.609010 0.350239 -0.289620 0.130827
0.350239 0.095010 -0.060121 -0.016431
-0.289620 -0.060121 0.401190 0.103170
0.130827 -0.016431 0.103170 0.093263
22.009356 2.366748 15.315083 1.003593
2.908338 0.383433 -0.169245 0.145941
0.383433 0.096553 -0.046393 -0.010486
-0.169245 -0.046393 0.370316 0.106743
0.145941 -0.010486 0.106743 0.085703
22.845799 2.283157 16.360097 1.156272
3.153145 0.402736 0.007452 0.172760
0.402736 0.095746 -0.024744 -0.003633
0.007452 -0.024744 0.355922 0.112724
0.172760 -0.003633 0.112724 0.080406
23.684437 2.242040 16.969667 1.153606
3.145818 0.381765 0.273363 0.212692
0.381765 0.089312 0.006195 0.003611
0.273363 0.006195 0.381756 0.128913
0.212692 0.003611 0.128913 0.079316
23.060619 1.989388 17.901754 1.211132
2.846907 0.323954 0.550779 0.244831
0.323954 0.078935 0.033714 0.008407
0.550779 0.033714 0.477411 0.158475
0.244831 0.008407 0.158475 0.081767
23.804339 1.948266 18.605915 1.235827
2.941453 0.325905 0.764072 0.266032
0.325905 0.077505 0.054104 0.012498
0.764072 0.054104 0.574323 0.177859
0.266032 0.012498 0.177859 0.080444
25.649718 2.049723 19.416233 1.293114
2.574039 0.268122 0.945580 0.274410
0.268122 0.068931 0.064838 0.013340
0.945580 0.064838 0.748713 0.212716
0.274410 0.013340 0.212716 0.083609
26.245179 1.988285 20.077059 1.299645
1.483020 0.141181 0.768759 0.196233
0.141181 0.054673 0.030663 0.003444
0.768759 0.030663 0.888371 0.232740
0.196233 0.003444 0.232740 0.082985
27.143025 1.979178 20.665161 1.285523
0.967143 0.089460 0.642569 0.147578
0.089460 0.050016 0.004147 -0.002447
0.642569 0.004147 1.050012 0.255890
0.147578 -0.002447 0.255890 0.083814
28.798284 2.056156 21.698631 1.363299
0.673605 0.066414 0.525256 0.109553
0.066414 0.048828 -0.020518 -0.006902
0.525256 -0.020518 1.227526 0.279701
0.109553 -0.006902 0.279701 0.085049
29.847301 2.050834 22.488878 1.386780
0.474542 0.057616 0.363325 0.068042
0.057616 0.049524 -0.048945 -0.011531
0.363325 -0.048945 1.373568 0.294433
0.068042 -0.011531 0.294433 0.084614
29.937950 1.917345 22.419138 1.253543
0.368864 0.059442 0.213836 0.034628
0.059442 0.051170 -0.075746 -0.015244
0.213836 -0.075746 1.545787 0.312381
0.034628 -0.015244 0.312381 0.085048
30.843096 1.909360 22.985961 1.243185
0.322705 0.065138 0.107442 0.013792
0.065138 0.052370 -0.097380 -0.017484
0.107442 -0.097380 1.814521 0.345366
0.013792 -0.017484 0.345366 0.088260
31.976449 1.943114 23.769605 1.269620
0.304159 0.073548 -0.014873 -0.007176
0.073548 0.053614 -0.120445 -0.019772
-0.014873 -0.120445 2.112167 0.379276
-0.007176 -0.019772 0.379276 0.091382
33.056694 1.959836 24.645152 1.309556
0.310023 0.084698 -0.163775 -0.030021
0.084698 0.055084 -0.146420 -0.022369
-0.163775 -0.146420 2.423549 0.411385
-0.030021 -0.022369 0.411385 0.093968
34.042358 1.957385 25.422979 1.329347
0.341191 0.098720 -0.340951 -0.054648
0.098720 0.056846 -0.175304 -0.025224
-0.340951 -0.175304 2.741075 0.440635
-0.054648 -0.025224 0.440635 0.095908
34.938306 1.940883 25.844010 1.291101
0.396671 0.114937 -0.541244 -0.079932
0.114937 0.058709 -0.205894 -0.028110
-0.541244 -0.205894 3.079406 0.469639
-0.079932 -0.028110 0.469639 0.097687
35.626727 1.869798 26.229265 1.247727
0.468498 0.130977 -0.754651 -0.104387
0.130977 0.060062 -0.235603 -0.030678
-0.754651 -0.235603 3.483717 0.505276
-0.104387 -0.030678 0.505276 0.100365
36.428364 1.835011 26.856308 1.244987
0.554424 0.146571 -0.984630 -0.128724
0.146571 0.060993 -0.264465 -0.033006
-0.984630 -0.264465 3.945478 0.545496
-0.128724 -0.033006 0.545496 0.103532
37.712562 1.931087 27.690510 1.285991
0.659575 0.163251 -1.241099 -0.154234
0.163251 0.062016 -0.294764 -0.035407
-1.241099 -0.294764 4.441660 0.586300
-0.154234 -0.035407 0.586300 0.106539
38.605331 1.912343 28.320962 1.281600
0.785703 0.181304 -1.526372 -0.181019
0.181304 0.063207 -0.326792 -0.037896
-1.526372 -0.326792 4.971000 0.627369
-0.181019 -0.037896 0.627369 0.109357
39.642834 1.939269 29.308519 1.331770
0.930685 0.200028 -1.838387 -0.208733
0.200028 0.064394 -0.359525 -0.040349
-1.838387 -0.359525 5.543219 0.670075
-0.208733 -0.040349 0.670075 0.112206
40.841745 2.004507 30.327214 1.389293
1.106809 0.222180 -2.186180 -0.237905
0.222180 0.066207 -0.395950 -0.043033
-2.186180 -0.395950 6.117139 0.708395
-0.237905 -0.043033 0.708395 0.114261
41.556242 1.930354 30.883199 1.356381
1.313140 0.247030 -2.566318 -0.267965
0.247030 0.068398 -0.434658 -0.045768
-2.566318 -0.434658 6.700554 0.743955
-0.267965 -0.045768 0.743955 0.115839
42.413770 1.890128 31.123596 1.293807
1.540690 0.272047 -2.976254 -0.299005
0.272047 0.070380 -0.473165 -0.048368
-2.976254 -0.473165 7.343134 0.783600
-0.299005 -0.048368 0.783600 0.117862
43.238251 1.863578 31.823383 1.293400
1.768621 0.292709 -3.404253 -0.330708
0.292709 0.071308 -0.506680 -0.050503
-3.404253 -0.506680 8.094529 0.834053
-0.330708 -0.050503 0.834053 0.121168
44.243506 1.891084 32.727930 1.330773
2.022337 0.315031 -3.866657 -0.363515
0.315031 0.072499 -0.542192 -0.052725
-3.866657 -0.542192 8.884359 0.884413
-0.363515 -0.052725 0.884413 0.124235
45.043113 1.848397 33.182877 1.294612
2.310046 0.340475 -4.367594 -0.397307
0.340475 0.074181 -0.581162 -0.055110
-4.367594 -0.581162 9.694821 0.932192
-0.397307 -0.055110 0.932192 0.126780
46.264411 1.939918 34.349224 1.380021
2.609685 0.364097 -4.895485 -0.432100
0.364097 0.075411 -0.618002 -0.057287
-4.895485 -0.618002 10.580822 0.985323
-0.432100 -0.057287 0.985323 0.129841
46.908157 1.858569 34.871887 1.335899
2.955193 0.393019 -5.466315 -0.467359
0.393019 0.077477 -0.660566 -0.059734
-5.466315 -0.660566 11.459539 1.031922
-0.467359 -0.059734 1.031922 0.131937
47.589498 1.793728 35.348789 1.293989
3.323895 0.421850 -6.071933 -0.503784
0.421850 0.079360 -0.702863 -0.062093
-6.071933 -0.702863 12.399248 1.081660
-0.503784 -0.062093 1.081660 0.134295
