-1.538759 0.346577 5.343536 1.245413
41.463505 16.585761 -56.479068 -22.592117
16.585761 86.638515 -22.592117 -9.037042
-56.479068 -22.592117 80.538224 32.215988
-22.592117 -9.037042 32.215988 92.890741
2.740074 4.417342 3.312119 1.326257
60.953510 30.427016 -86.159666 -43.796937
30.427016 36.456652 -40.703970 -41.040951
-86.159666 -40.703970 125.381325 65.365268
-43.796937 -41.040951 65.365268 69.388001
6.020467 4.753164 1.978124 0.290300
49.153357 30.385355 -49.177804 -18.863860
30.385355 29.856866 -29.666516 -25.061189
-49.177804 -29.666516 51.280105 20.276618
-18.863860 -25.061189 20.276618 28.777556
10.372477 5.842338 -0.192998 -0.944734
53.690015 26.879712 -40.078604 -9.980950
26.879712 19.655767 -20.231591 -13.175275
-40.078604 -20.231591 31.315741 8.891830
-9.980950 -13.175275 8.891830 14.707574
9.266121 3.759873 2.892076 0.851553
36.344741 12.266939 -17.270487 2.567912
12.266939 7.490476 -6.292974 -3.619694
-17.270487 -6.292974 9.261132 0.114717
2.567912 -3.619694 0.114717 7.153459
7.846202 3.018415 4.066489 0.104214
35.614025 13.767280 -18.677557 -5.113530
13.767280 7.115305 -7.822153 -4.413067
-18.677557 -7.822153 10.901962 4.057949
-5.113530 -4.413067 4.057949 4.626342
8.319113 2.801505 4.338518 -0.055401
34.384363 13.383624 -21.685792 -8.913824
13.383624 6.176039 -8.915136 -4.746895
-21.685792 -8.915136 14.779980 6.711142
-8.913824 -4.746895 6.711142 4.386403
12.092399 3.224935 3.937220 0.299307
46.048769 15.829972 -31.083790 -11.628170
15.829972 6.006812 -11.001097 -4.698342
-31.083790 -11.001097 21.970216 8.616750
-11.628170 -4.698342 8.616750 4.074370
6.898349 1.052347 9.381952 2.190601
33.078784 8.953063 -19.139815 -5.012425
8.953063 2.787348 -5.374064 -1.769483
-19.139815 -5.374064 11.870104 3.404481
-5.012425 -1.769483 3.404481 1.413075
10.191561 1.703048 8.967581 1.860693
7.959968 2.236870 -6.124063 -1.926408
2.236870 0.899944 -1.906736 -0.842624
-6.124063 -1.906736 5.618220 1.979576
-1.926408 -0.842624 1.979576 0.963152
10.260089 1.568176 10.079403 1.834476
9.905578 2.618812 -8.260409 -2.424569
2.618812 0.892860 -2.311010 -0.844490
-8.260409 -2.311010 7.719486 2.405893
-2.424569 -0.844490 2.405893 0.931235
12.488391 1.833623 10.512215 1.806328
11.677130 2.867064 -10.456541 -2.816608
2.867064 0.859807 -2.653676 -0.835581
-10.456541 -2.653676 10.146528 2.832171
-2.816608 -0.835581 2.832171 0.923589
12.148663 1.516847 13.044228 2.249433
13.906738 3.077240 -12.213978 -2.905786
3.077240 0.806812 -2.754006 -0.746997
-12.213978 -2.754006 11.423429 2.791389
-2.905786 -0.746997 2.791389 0.785948
13.320946 1.586018 14.123213 2.268613
12.673858 2.603920 -12.023689 -2.660402
2.603920 0.640915 -2.502127 -0.626154
-12.023689 -2.502127 12.102219 2.736505
-2.660402 -0.626154 2.736505 0.703234
13.196936 1.426420 15.419095 2.249673
12.717479 2.421653 -12.747642 -2.610132
2.421653 0.552546 -2.441048 -0.558540
-12.747642 -2.441048 13.466465 2.804597
-2.610132 -0.558540 2.804597 0.655380
14.767165 1.578034 15.744034 2.103549
9.178447 1.619344 -9.987957 -1.915528
1.619344 0.366368 -1.759938 -0.386138
-9.987957 -1.759938 11.588833 2.262066
-1.915528 -0.386138 2.262066 0.503581
15.327396 1.540152 17.046892 2.147985
9.891083 1.632286 -11.086311 -1.972746
1.632286 0.341844 -1.812756 -0.363545
-11.086311 -1.812756 13.138085 2.370237
-1.972746 -0.363545 2.370237 0.483138
13.343795 1.090323 20.681023 2.548410
8.523266 1.304038 -10.109473 -1.687050
1.304038 0.265602 -1.516773 -0.288215
-10.109473 -1.516773 12.732199 2.152873
-1.687050 -0.288215 2.152873 0.414924
15.857096 1.380009 19.678041 2.196786
1.277932 0.182908 -1.574270 -0.246408
0.182908 0.087743 -0.173795 -0.057383
-1.574270 -0.173795 2.889682 0.483299
-0.246408 -0.057383 0.483299 0.128343
16.104595 1.315798 21.376235 2.289959
1.025964 0.148564 -1.395811 -0.216931
0.148564 0.078862 -0.133623 -0.047477
-1.395811 -0.133623 3.031251 0.494090
-0.216931 -0.047477 0.494090 0.125350
15.261280 1.082569 24.581890 2.604102
0.606332 0.096671 -0.793674 -0.120554
0.096671 0.069243 -0.033982 -0.028710
-0.793674 -0.033982 2.485491 0.394787
-0.120554 -0.028710 0.394787 0.105485
17.412339 1.297582 22.607048 2.099117
0.375406 0.085989 -0.182143 -0.027660
0.085989 0.067945 0.045135 -0.014306
-0.182143 0.045135 1.498645 0.231741
-0.027660 -0.014306 0.231741 0.077039
18.411232 1.372127 23.240557 2.029654
0.343737 0.092511 -0.015311 -0.007837
0.092511 0.066789 0.071162 -0.008754
-0.015311 0.071162 1.532627 0.235547
-0.007837 -0.008754 0.235547 0.076087
19.211253 1.396413 24.040543 1.992950
0.373057 0.110147 0.168568 0.014114
0.110147 0.068119 0.097577 -0.003472
0.168568 0.097577 1.436391 0.215850
0.014114 -0.003472 0.215850 0.071167
19.953734 1.411799 25.185012 2.014223
0.476966 0.140493 0.310466 0.027134
0.140493 0.072011 0.110572 -0.000928
0.310466 0.110572 1.174266 0.170645
0.027134 -0.000928 0.170645 0.062585
20.528265 1.370353 24.819072 1.795062
0.628387 0.175551 0.346384 0.021697
0.175551 0.076361 0.099177 -0.002608
0.346384 0.099177 0.850957 0.120873
0.021697 -0.002608 0.120873 0.054283
21.112613 1.346153 25.462685 1.756379
0.807432 0.211105 0.369058 0.014819
0.211105 0.080399 0.091161 -0.003555
0.369058 0.091161 0.681205 0.097604
0.014819 -0.003555 0.097604 0.050476
21.794763 1.339299 26.777948 1.839389
0.998031 0.244077 0.333108 -0.001135
0.244077 0.083616 0.072647 -0.006205
0.333108 0.072647 0.532980 0.080300
-0.001135 -0.006205 0.080300 0.048021
22.676146 1.387076 27.771976 1.841309
1.184400 0.271806 0.246342 -0.024140
0.271806 0.085627 0.046659 -0.009946
0.246342 0.046659 0.418947 0.070654
-0.024140 -0.009946 0.070654 0.047095
23.835019 1.475272 29.174213 1.920219
1.355382 0.292777 0.122704 -0.051114
0.292777 0.086271 0.017046 -0.014025
0.122704 0.017046 0.348476 0.069424
-0.051114 -0.014025 0.069424 0.047649
24.536843 1.467992 30.134129 1.921928
1.505510 0.306911 -0.027365 -0.080024
0.306911 0.085709 -0.013634 -0.018018
-0.027365 -0.013634 0.322981 0.076036
-0.080024 -0.018018 0.076036 0.049451
25.166597 1.451850 30.894546 1.877697
1.691694 0.325725 -0.179896 -0.107913
0.325725 0.086221 -0.040492 -0.021342
-0.179896 -0.040492 0.334472 0.087289
-0.107913 -0.021342 0.087289 0.051633
25.581839 1.397162 31.706446 1.854662
1.911931 0.347965 -0.342552 -0.135697
0.347965 0.087381 -0.065525 -0.024297
-0.342552 -0.065525 0.374643 0.101655
-0.135697 -0.024297 0.101655 0.053955
25.916116 1.334752 32.328978 1.783819
2.188499 0.376850 -0.515097 -0.162922
0.376850 0.089629 -0.088956 -0.026879
-0.515097 -0.088956 0.434721 0.116980
-0.162922 -0.026879 0.116980 0.055951
26.830184 1.376732 33.354710 1.816418
2.517127 0.410692 -0.701789 -0.189664
0.410692 0.092525 -0.111812 -0.029198
-0.701789 -0.111812 0.510838 0.132508
-0.189664 -0.029198 0.132508 0.057556
27.696806 1.410009 34.533613 1.885618
2.858268 0.442309 -0.915775 -0.218815
0.442309 0.094808 -0.136164 -0.031733
-0.915775 -0.136164 0.613000 0.150877
-0.218815 -0.031733 0.150877 0.059545
28.515613 1.427119 35.450677 1.880588
3.227715 0.474459 -1.154513 -0.249310
0.474459 0.096992 -0.161403 -0.034298
-1.154513 -0.161403 0.738147 0.170911
-0.249310 -0.034298 0.170911 0.061598
29.289371 1.434179 36.326191 1.865664
3.619610 0.506134 -1.419713 -0.281350
0.506134 0.098933 -0.187582 -0.036905
-1.419713 -0.187582 0.888542 0.192899
-0.281350 -0.036905 0.192899 0.063798
30.142401 1.458447 37.356513 1.893168
4.039296 0.538182 -1.711855 -0.314624
0.538182 0.100790 -0.214647 -0.039509
-1.711855 -0.214647 1.063993 0.216474
-0.314624 -0.039509 0.216474 0.066058
30.381788 1.382120 38.217851 1.857018
4.489967 0.571008 -2.032112 -0.349029
0.571008 0.102631 -0.242645 -0.042099
-2.032112 -0.242645 1.265026 0.241474
-0.349029 -0.042099 0.241474 0.068350
30.979334 1.377843 39.329906 1.897245
5.030702 0.613548 -2.373555 -0.380481
0.613548 0.105762 -0.271598 -0.044345
-2.373555 -0.271598 1.469648 0.262690
-0.380481 -0.044345 0.262690 0.069591
32.055059 1.447195 40.520298 1.969546
5.629119 0.660122 -2.737448 -0.410624
0.660122 0.109250 -0.301309 -0.046416
-2.737448 -0.301309 1.684347 0.282257
-0.410624 -0.046416 0.282257 0.070413
32.686549 1.449786 41.768182 2.025992
6.249571 0.704316 -3.139450 -0.444748
0.704316 0.112108 -0.332448 -0.048760
-3.139450 -0.332448 1.934204 0.305583
-0.444748 -0.048760 0.305583 0.071907
32.848211 1.331613 42.170897 1.860894
6.936865 0.753656 -3.564637 -0.476822
0.753656 0.115498 -0.364492 -0.050875
-3.564637 -0.364492 2.191571 0.326534
-0.476822 -0.050875 0.326534 0.072858
33.595102 1.365062 43.434784 1.939448
7.684159 0.807019 -4.007912 -0.506273
0.807019 0.119246 -0.396944 -0.052727
-4.007912 -0.396944 2.451861 0.344761
-0.506273 -0.052727 0.344761 0.073312
34.579270 1.418627 44.577712 1.993667
8.485826 0.862622 -4.477927 -0.535681
0.862622 0.123042 -0.430220 -0.054530
-4.477927 -0.430220 2.725515 0.362584
-0.535681 -0.054530 0.362584 0.073723
35.150183 1.397691 45.545445 1.979637
9.323598 0.916379 -4.993867 -0.570276
0.916379 0.126283 -0.464949 -0.056658
-4.993867 -0.464949 3.039039 0.384823
-0.570276 -0.056658 0.384823 0.074857
35.899415 1.386746 46.292088 1.930099
10.220855 0.973024 -5.537463 -0.604106
0.973024 0.129711 -0.500518 -0.058667
-5.537463 -0.500518 3.365535 0.406112
-0.604106 -0.058667 0.406112 0.075789
36.714444 1.403715 47.267567 1.939601
11.148335 1.027217 -6.124291 -0.642368
1.027217 0.132598 -0.536930 -0.060892
-6.124291 -0.536930 3.731493 0.431349
-0.642368 -0.060892 0.431349 0.077283
37.511674 1.415636 48.229131 1.943741
12.109730 1.080121 -6.749792 -0.683321
1.080121 0.135169 -0.573988 -0.063197
-6.749792 -0.573988 4.131298 0.459098
-0.683321 -0.063197 0.459098 0.079061
