32.409210 0.485529 49.785292 1.911624
0.566114 0.117666 -0.034792 -0.005852
0.117666 0.047705 -0.006156 -0.001346
-0.034792 -0.006156 0.415544 0.088841
-0.005852 -0.001346 0.088841 0.043156
28.417717 -0.386507 49.832001 1.699910
0.577814 0.118503 -0.034555 -0.005506
0.118503 0.047727 -0.005810 -0.001209
-0.034555 -0.005810 0.409796 0.088749
-0.005506 -0.001209 0.088749 0.043189
24.485815 -1.151673 48.776329 1.267524
0.574768 0.116496 -0.028597 -0.004021
0.116496 0.047232 -0.004347 -0.000861
-0.028597 -0.004347 0.410867 0.089961
-0.004021 -0.000861 0.089961 0.043455
21.211781 -1.704282 46.665353 0.650630
0.560081 0.112562 -0.021633 -0.002520
0.112562 0.046447 -0.002832 -0.000548
-0.021633 -0.002832 0.418303 0.092272
-0.002520 -0.000548 0.092272 0.043900
18.707098 -2.044184 44.381150 0.066552
0.536576 0.107406 -0.015871 -0.001462
0.107406 0.045518 -0.001697 -0.000349
-0.015871 -0.001697 0.432184 0.095627
-0.001462 -0.000349 0.095627 0.044511
17.287408 -2.134874 40.812658 -0.730761
0.509307 0.102072 -0.010614 -0.000607
0.102072 0.044639 -0.000752 -0.000202
-0.010614 -0.000752 0.451180 0.099670
-0.000607 -0.000202 0.099670 0.045214
15.346811 -2.321578 36.308669 -1.642239
0.479447 0.096719 -0.000364 0.001293
0.096719 0.043810 0.001142 0.000153
-0.000364 0.001142 0.476574 0.104671
0.001293 0.000153 0.104671 0.046078
13.914865 -2.384645 31.058378 -2.605686
0.464407 0.094787 0.020852 0.005463
0.094787 0.043698 0.005117 0.000951
0.020852 0.005117 0.493430 0.107314
0.005463 0.000951 0.107314 0.046380
11.892395 -2.557243 25.104193 -3.606106
0.471549 0.097436 0.034012 0.007533
0.097436 0.044473 0.007140 0.001274
0.034012 0.007140 0.487873 0.104908
0.007533 0.001274 0.104908 0.045609
10.641503 -2.547519 20.669717 -4.167653
0.486305 0.101306 0.029113 0.005608
0.101306 0.045389 0.005361 0.000783
0.029113 0.005361 0.471356 0.100545
0.005608 0.000783 0.100545 0.044548
9.270877 -2.563673 17.014954 -4.501700
0.499825 0.104487 0.013896 0.001786
0.104487 0.046057 0.001713 -0.000028
0.013896 0.001713 0.456656 0.097137
0.001786 -0.000028 0.097137 0.043828
8.814323 -2.389082 14.012441 -4.663838
0.512894 0.107225 -0.006653 -0.002713
0.107225 0.046567 -0.002628 -0.000895
-0.006653 -0.002628 0.445638 0.094906
-0.002713 -0.000895 0.094906 0.043432
8.449090 -2.216560 11.831680 -4.633026
0.524225 0.109305 -0.031405 -0.007638
0.109305 0.046896 -0.007412 -0.001781
-0.031405 -0.007412 0.440641 0.094166
-0.007638 -0.001781 0.094166 0.043376
8.692733 -1.936193 10.318668 -4.460900
0.533405 0.110710 -0.058456 -0.012605
0.110710 0.047063 -0.012237 -0.002622
-0.058456 -0.012237 0.442574 0.094913
-0.012605 -0.002622 0.094913 0.043618
8.918573 -1.687346 9.005901 -4.260668
0.533307 0.110037 -0.086072 -0.017324
0.110037 0.046795 -0.016762 -0.003371
-0.086072 -0.016762 0.456353 0.098038
-0.017324 -0.003371 0.098038 0.044320
9.805004 -1.320899 8.664622 -3.866028
0.520132 0.106748 -0.106893 -0.020344
0.106748 0.046025 -0.019502 -0.003743
-0.106893 -0.019502 0.481301 0.103199
-0.020344 -0.003743 0.103199 0.045379
10.481805 -1.030518 8.371151 -3.502561
0.503086 0.103038 -0.117045 -0.021029
0.103038 0.045253 -0.019920 -0.003661
-0.117045 -0.019920 0.506387 0.107904
-0.021029 -0.003661 0.107904 0.046254
11.118934 -0.776788 7.876689 -3.221557
0.486685 0.099847 -0.120082 -0.020364
0.099847 0.044655 -0.019036 -0.003375
-0.120082 -0.019036 0.528143 0.111518
-0.020364 -0.003375 0.111518 0.046845
11.914064 -0.501126 8.332207 -2.768765
0.470753 0.097063 -0.116684 -0.018627
0.097063 0.044181 -0.017128 -0.002954
-0.116684 -0.017128 0.545879 0.114075
-0.018627 -0.002954 0.114075 0.047207
12.868831 -0.224587 8.416989 -2.443737
0.460263 0.095577 -0.113495 -0.017230
0.095577 0.043978 -0.015687 -0.002696
-0.113495 -0.015687 0.558419 0.115402
-0.017230 -0.002696 0.115402 0.047318
13.602865 -0.010415 9.344527 -1.985314
0.451542 0.094520 -0.107724 -0.015564
0.094520 0.043848 -0.014033 -0.002438
-0.107724 -0.014033 0.566732 0.115907
-0.015564 -0.002438 0.115907 0.047302
14.564888 0.235672 10.740135 -1.480160
0.447161 0.094345 -0.102865 -0.014303
0.094345 0.043873 -0.012916 -0.002315
-0.102865 -0.012916 0.569676 0.115408
-0.014303 -0.002315 0.115408 0.047124
15.194300 0.391201 12.802188 -0.901786
0.446183 0.094808 -0.096907 -0.012975
0.094808 0.044001 -0.011830 -0.002202
-0.096907 -0.011830 0.566143 0.113821
-0.012975 -0.002202 0.113821 0.046786
16.354537 0.627316 14.062886 -0.541082
0.449249 0.096015 -0.089187 -0.011415
0.096015 0.044258 -0.010609 -0.002058
-0.089187 -0.010609 0.554770 0.110976
-0.011415 -0.002058 0.110976 0.046262
17.477942 0.831416 15.662154 -0.152242
0.451952 0.096967 -0.078691 -0.009483
0.096967 0.044428 -0.008901 -0.001823
-0.078691 -0.008901 0.542223 0.108320
-0.009483 -0.001823 0.108320 0.045847
18.057907 0.889180 17.149094 0.165334
0.455011 0.097854 -0.066181 -0.007321
0.097854 0.044568 -0.006892 -0.001533
-0.066181 -0.006892 0.528798 0.105825
-0.007321 -0.001533 0.105825 0.045506
19.043374 1.024705 18.654851 0.459633
0.459005 0.098793 -0.053919 -0.005365
0.098793 0.044704 -0.005057 -0.001279
-0.053919 -0.005057 0.515729 0.103639
-0.005365 -0.001279 0.103639 0.045243
18.978998 0.921032 20.735873 0.829375
0.462925 0.099583 -0.041833 -0.003562
0.099583 0.044800 -0.003325 -0.001041
-0.041833 -0.003325 0.504405 0.101974
-0.003562 -0.001041 0.101974 0.045084
19.614078 0.974526 22.797440 1.167174
0.467662 0.100441 -0.030922 -0.002066
0.100441 0.044909 -0.001893 -0.000849
-0.030922 -0.001893 0.494098 0.100590
-0.002066 -0.000849 0.100590 0.044963
20.615231 1.095687 24.759622 1.454215
0.471036 0.100913 -0.021007 -0.000812
0.100913 0.044937 -0.000663 -0.000682
-0.021007 -0.000663 0.486940 0.099881
-0.000812 -0.000682 0.099881 0.044954
22.216486 1.324480 26.069914 1.580885
0.471958 0.100818 -0.013166 0.000010
0.100818 0.044853 0.000161 -0.000579
-0.013166 0.000161 0.483778 0.099945
0.000010 -0.000579 0.099945 0.045068
22.885470 1.329248 27.597384 1.734141
0.470999 0.100342 -0.009134 0.000092
0.100342 0.044707 0.000239 -0.000605
-0.009134 0.000239 0.483633 0.100508
0.000092 -0.000605 0.100508 0.045242
23.677811 1.357515 28.815352 1.807773
0.468069 0.099522 -0.007708 -0.000250
0.099522 0.044513 -0.000109 -0.000685
-0.007708 -0.000109 0.486153 0.101477
-0.000250 -0.000685 0.101477 0.045461
25.090028 1.514402 30.220755 1.914140
0.463999 0.098564 -0.008842 -0.000974
0.098564 0.044314 -0.000847 -0.000814
-0.008842 -0.000847 0.490430 0.102643
-0.000974 -0.000814 0.102643 0.045684
25.627722 1.467879 31.263065 1.931731
0.459311 0.097582 -0.013770 -0.002321
0.097582 0.044130 -0.002220 -0.001046
-0.013770 -0.002220 0.496174 0.103947
-0.002321 -0.001046 0.103947 0.045908
26.312997 1.457844 32.497183 1.987859
0.454323 0.096636 -0.019557 -0.003640
0.096636 0.043968 -0.003565 -0.001243
-0.019557 -0.003565 0.503031 0.105325
-0.003640 -0.001243 0.105325 0.046127
27.091508 1.468920 33.872929 2.067729
0.449008 0.095697 -0.026254 -0.004973
0.095697 0.043813 -0.004923 -0.001425
-0.026254 -0.004923 0.511263 0.106842
-0.004973 -0.001425 0.106842 0.046361
28.087072 1.524867 34.971282 2.081588
0.443416 0.094759 -0.033482 -0.006267
0.094759 0.043660 -0.006240 -0.001589
-0.033482 -0.006240 0.520993 0.108527
-0.006267 -0.001589 0.108527 0.046620
28.738106 1.500726 35.917971 2.061797
0.438496 0.094011 -0.041201 -0.007540
0.094011 0.043544 -0.007535 -0.001748
-0.041201 -0.007535 0.531109 0.110151
-0.007540 -0.001748 0.110151 0.046858
29.532374 1.511983 37.484625 2.172622
0.434067 0.093387 -0.047812 -0.008485
0.093387 0.043448 -0.008492 -0.001841
-0.047812 -0.008492 0.541169 0.111650
-0.008485 -0.001841 0.111650 0.047069
29.995173 1.451979 39.370862 2.335794
0.429256 0.092688 -0.051513 -0.008786
0.092688 0.043327 -0.008767 -0.001808
-0.051513 -0.008767 0.551311 0.113090
-0.008786 -0.001808 0.113090 0.047274
30.939945 1.498056 40.253846 2.278683
0.425248 0.092195 -0.048996 -0.007841
0.092195 0.043248 -0.007741 -0.001533
-0.048996 -0.007741 0.557396 0.113667
-0.007841 -0.001533 0.113667 0.047315
31.263821 1.406075 41.534884 2.305063
0.423238 0.092128 -0.044477 -0.006628
0.092128 0.043253 -0.006457 -0.001247
-0.044477 -0.006457 0.559310 0.113441
-0.006628 -0.001247 0.113441 0.047217
31.893574 1.391080 42.860791 2.339709
0.424854 0.092814 -0.036674 -0.004892
0.092814 0.043408 -0.004668 -0.000891
-0.036674 -0.004668 0.553724 0.111829
-0.004892 -0.000891 0.111829 0.046875
33.097699 1.502604 44.026030 2.341733
0.431794 0.094544 -0.027667 -0.003074
0.094544 0.043766 -0.002861 -0.000560
-0.027667 -0.002861 0.539687 0.108749
-0.003074 -0.000560 0.108749 0.046284
33.995587 1.533174 44.911722 2.284950
0.445685 0.097568 -0.020273 -0.001723
0.097568 0.044367 -0.001618 -0.000359
-0.020273 -0.001618 0.517652 0.104378
-0.001723 -0.000359 0.104378 0.045487
35.067977 1.599342 45.929957 2.261180
0.464634 0.101352 -0.016659 -0.001230
0.101352 0.045080 -0.001293 -0.000348
-0.016659 -0.001293 0.493172 0.099888
-0.001230 -0.000348 0.099888 0.044717
35.952291 1.618080 47.157608 2.281349
0.489615 0.106051 -0.019157 -0.001986
0.106051 0.045939 -0.002269 -0.000587
-0.019157 -0.002269 0.467525 0.095468
-0.001986 -0.000587 0.095468 0.043987
36.452971 1.550469 47.887376 2.195281
0.519184 0.111284 -0.028315 -0.004016
0.111284 0.046858 -0.004500 -0.001055
-0.028315 -0.004500 0.444319 0.091785
-0.004016 -0.001055 0.091785 0.043412
37.076085 1.518099 48.940537 2.185392
0.548830 0.116081 -0.039981 -0.006385
0.116081 0.047641 -0.006964 -0.001534
-0.039981 -0.006964 0.426836 0.089421
-0.006385 -0.001534 0.089421 0.043092
