3.440771 2.338432 -3.014492 -2.097870
2.575399 1.030182 -0.261185 -0.104476
1.030182 80.416148 -0.104476 -0.041791
-0.261185 -0.104476 2.388565 0.955447
-0.104476 -0.041791 0.955447 80.386254
3.466453 0.495306 2.418443 9.257365
2.178646 3.783379 -0.300427 -0.478337
3.783379 15.251560 -0.467719 -1.488081
-0.300427 -0.467719 2.434283 4.267399
-0.478337 -1.488081 4.267399 15.624156
5.020153 1.979582 3.531828 5.261966
2.035973 2.376996 -0.198964 -0.209446
2.376996 4.711505 -0.208510 -0.421492
-0.198964 -0.208510 2.007064 2.285829
-0.209446 -0.421492 2.285829 4.474180
7.901578 3.574068 3.502293 3.040483
1.738088 1.471610 -0.156196 -0.127800
1.471610 1.954291 -0.127370 -0.182692
-0.156196 -0.127370 1.718367 1.436521
-0.127800 -0.182692 1.436521 1.897986
8.394108 2.716900 2.841546 1.607404
1.475644 0.977463 -0.120590 -0.080298
0.977463 0.983880 -0.080081 -0.090532
-0.120590 -0.080081 1.506458 0.990555
-0.080298 -0.090532 0.990555 0.984905
8.349161 1.951921 4.079507 1.844728
1.280730 0.697726 -0.105476 -0.059291
0.697726 0.567795 -0.059231 -0.053419
-0.105476 -0.059231 1.334973 0.722186
-0.059291 -0.053419 0.722186 0.577633
9.417332 1.991959 6.725737 2.636735
1.138853 0.527786 -0.092772 -0.044867
0.527786 0.361885 -0.044830 -0.033634
-0.092772 -0.044830 1.186420 0.545391
-0.044867 -0.033634 0.545391 0.368011
9.567941 1.650620 8.005072 2.622655
1.028817 0.415591 -0.075638 -0.032167
0.415591 0.247955 -0.032101 -0.021266
-0.075638 -0.032101 1.060940 0.424914
-0.032167 -0.021266 0.424914 0.250548
9.672397 1.393058 8.534341 2.345546
0.939472 0.337181 -0.063341 -0.024134
0.337181 0.179862 -0.024063 -0.014276
-0.063341 -0.024063 0.959113 0.341450
-0.024134 -0.014276 0.341450 0.180783
10.240083 1.351744 9.377396 2.239698
0.864699 0.280171 -0.054891 -0.018963
0.280171 0.136843 -0.018901 -0.010096
-0.054891 -0.018901 0.876711 0.282049
-0.018963 -0.010096 0.282049 0.137187
11.659001 1.573011 9.649596 1.988891
0.801503 0.237724 -0.047591 -0.015052
0.237724 0.108586 -0.015000 -0.007315
-0.047591 -0.015000 0.808830 0.238476
-0.015052 -0.007315 0.238476 0.108744
11.953374 1.437839 10.539550 1.960807
0.746519 0.205219 -0.040932 -0.011953
0.205219 0.089380 -0.011912 -0.005380
-0.040932 -0.011912 0.753593 0.206181
-0.011953 -0.005380 0.206181 0.089688
12.199151 1.315887 11.558914 1.971161
0.700590 0.180562 -0.035471 -0.009628
0.180562 0.076184 -0.009596 -0.004042
-0.035471 -0.009596 0.706443 0.181369
-0.009628 -0.004042 0.181369 0.076483
12.792345 1.299986 12.775720 2.027470
0.662068 0.161656 -0.030810 -0.007816
0.161656 0.066962 -0.007789 -0.003083
-0.030810 -0.007789 0.666083 0.162132
-0.007816 -0.003083 0.162132 0.067187
13.660289 1.350911 13.632602 1.990880
0.629488 0.147016 -0.026456 -0.006300
0.147016 0.060431 -0.006278 -0.002361
-0.026456 -0.006278 0.631687 0.147175
-0.006300 -0.002361 0.147175 0.060584
14.486394 1.384871 14.789382 2.027179
0.601629 0.135576 -0.022520 -0.005052
0.135576 0.055762 -0.005034 -0.001817
-0.022520 -0.005034 0.602769 0.135602
-0.005052 -0.001817 0.135602 0.055885
15.043276 1.355233 16.070511 2.085720
0.578056 0.126683 -0.018896 -0.004003
0.126683 0.052429 -0.003989 -0.001398
-0.018896 -0.003989 0.578346 0.126612
-0.004003 -0.001398 0.126612 0.052526
15.170307 1.237023 17.016866 2.064800
0.558321 0.119823 -0.015654 -0.003138
0.119823 0.050063 -0.003127 -0.001076
-0.015654 -0.003127 0.557714 0.119635
-0.003138 -0.001076 0.119635 0.050128
15.343065 1.142863 18.213135 2.099221
0.541932 0.114574 -0.012954 -0.002462
0.114574 0.048397 -0.002454 -0.000837
-0.012954 -0.002454 0.540394 0.114256
-0.002462 -0.000837 0.114256 0.048427
16.197716 1.202036 19.081996 2.061532
0.528426 0.110598 -0.010579 -0.001907
0.110598 0.047239 -0.001901 -0.000650
-0.010579 -0.001901 0.525962 0.110148
-0.001907 -0.000650 0.110148 0.047235
16.952910 1.234301 20.422240 2.126079
0.517161 0.107576 -0.008488 -0.001449
0.107576 0.046437 -0.001445 -0.000505
-0.008488 -0.001445 0.514297 0.107103
-0.001449 -0.000505 0.107103 0.046422
18.040410 1.331375 20.725548 1.968560
0.507918 0.105327 -0.006583 -0.001057
0.105327 0.045897 -0.001055 -0.000388
-0.006583 -0.001055 0.504931 0.104877
-0.001057 -0.000388 0.104877 0.045879
18.758399 1.342157 21.612414 1.948366
0.500326 0.103666 -0.005064 -0.000767
0.103666 0.045539 -0.000766 -0.000302
-0.005064 -0.000766 0.497625 0.103310
-0.000767 -0.000302 0.103310 0.045532
19.198425 1.294356 22.805243 1.993685
0.494250 0.102484 -0.003797 -0.000541
0.102484 0.045314 -0.000540 -0.000236
-0.003797 -0.000540 0.491946 0.102226
-0.000541 -0.000236 0.102226 0.045316
19.939231 1.313705 23.564610 1.944288
0.489458 0.101669 -0.002727 -0.000362
0.101669 0.045178 -0.000361 -0.000185
-0.002727 -0.000361 0.487615 0.101508
-0.000362 -0.000185 0.101508 0.045190
21.082498 1.415024 24.686727 1.975739
0.485703 0.101121 -0.001904 -0.000236
0.101121 0.045101 -0.000236 -0.000148
-0.001904 -0.000236 0.484421 0.101065
-0.000236 -0.000148 0.101065 0.045123
21.608886 1.377295 25.984179 2.040432
0.482742 0.100758 -0.001342 -0.000164
0.100758 0.045058 -0.000163 -0.000123
-0.001342 -0.000163 0.482197 0.100832
-0.000164 -0.000123 0.100832 0.045095
22.671816 1.455594 26.903053 2.019255
0.480393 0.100518 -0.000972 -0.000125
0.100518 0.045032 -0.000125 -0.000106
-0.000972 -0.000125 0.480768 0.100750
-0.000125 -0.000106 0.100750 0.045091
23.314062 1.437681 28.220457 2.083865
0.478567 0.100371 -0.000896 -0.000142
0.100371 0.045017 -0.000141 -0.000101
-0.000896 -0.000141 0.479917 0.100760
-0.000142 -0.000101 0.100760 0.045097
23.861874 1.401735 29.256340 2.082584
0.477034 0.100259 -0.001036 -0.000192
0.100259 0.045000 -0.000192 -0.000102
-0.001036 -0.000192 0.479612 0.100849
-0.000192 -0.000102 0.100849 0.045111
24.258309 1.337630 30.153576 2.052248
0.475748 0.100172 -0.001347 -0.000267
0.100172 0.044981 -0.000267 -0.000108
-0.001347 -0.000267 0.479690 0.100979
-0.000267 -0.000108 0.100979 0.045128
24.357105 1.217395 30.550769 1.919728
0.474644 0.100095 -0.001760 -0.000351
0.100095 0.044958 -0.000351 -0.000115
-0.001760 -0.000351 0.480040 0.101129
-0.000351 -0.000115 0.101129 0.045142
25.118779 1.249704 31.601847 1.938963
0.473781 0.100044 -0.002123 -0.000413
0.100044 0.044937 -0.000413 -0.000118
-0.002123 -0.000413 0.480463 0.101260
-0.000413 -0.000118 0.101260 0.045149
25.954301 1.294189 32.162516 1.852817
0.472939 0.099974 -0.002736 -0.000521
0.099974 0.044908 -0.000521 -0.000131
-0.002736 -0.000521 0.481087 0.101405
-0.000521 -0.000131 0.101405 0.045158
26.842825 1.345296 33.232789 1.883182
0.472279 0.099922 -0.003553 -0.000663
0.099922 0.044882 -0.000663 -0.000151
-0.003553 -0.000663 0.481668 0.101517
-0.000663 -0.000151 0.101517 0.045159
27.596746 1.362410 33.829971 1.810635
0.471582 0.099845 -0.004661 -0.000854
0.099845 0.044850 -0.000856 -0.000182
-0.004661 -0.000856 0.482385 0.101641
-0.000854 -0.000182 0.101641 0.045164
28.323592 1.372087 34.755327 1.814873
0.471009 0.099783 -0.005898 -0.001060
0.099783 0.044821 -0.001062 -0.000216
-0.005898 -0.001062 0.483030 0.101735
-0.001060 -0.000216 0.101735 0.045165
29.209199 1.414558 35.987867 1.883420
0.470393 0.099699 -0.007309 -0.001290
0.099699 0.044788 -0.001293 -0.000254
-0.007309 -0.001293 0.483763 0.101839
-0.001290 -0.000254 0.101839 0.045169
29.057623 1.232609 37.171280 1.933677
0.469634 0.099578 -0.009038 -0.001574
0.099578 0.044749 -0.001578 -0.000304
-0.009038 -0.001578 0.484692 0.101977
-0.001574 -0.000304 0.101977 0.045183
29.620890 1.221180 37.940127 1.891995
0.468482 0.099373 -0.010502 -0.001787
0.099373 0.044693 -0.001791 -0.000338
-0.010502 -0.001791 0.486046 0.102197
-0.001787 -0.000338 0.102197 0.045216
30.381442 1.253239 39.093482 1.935733
0.467398 0.099189 -0.012035 -0.002009
0.099189 0.044646 -0.002013 -0.000376
-0.012035 -0.002013 0.487357 0.102394
-0.002009 -0.000376 0.102394 0.045244
31.112955 1.275601 40.126407 1.949533
0.466232 0.098992 -0.013849 -0.002286
0.098992 0.044598 -0.002289 -0.000426
-0.013849 -0.002289 0.488819 0.102612
-0.002286 -0.000426 0.102612 0.045278
32.414331 1.417731 41.814299 2.100171
0.465062 0.098799 -0.015871 -0.002597
0.098799 0.044553 -0.002601 -0.000484
-0.015871 -0.002601 0.490356 0.102837
-0.002597 -0.000484 0.102837 0.045314
33.114957 1.415947 42.846952 2.096502
0.463730 0.098576 -0.018637 -0.003054
0.098576 0.044502 -0.003060 -0.000573
-0.018637 -0.003060 0.492248 0.103127
-0.003054 -0.000573 0.103127 0.045364
33.989236 1.450351 43.433852 2.000273
0.462442 0.098369 -0.021459 -0.003500
0.098369 0.044456 -0.003508 -0.000658
-0.021459 -0.003508 0.494201 0.103417
-0.003500 -0.000658 0.103417 0.045414
34.353259 1.371757 43.763268 1.859111
0.461548 0.098250 -0.024321 -0.003937
0.098250 0.044430 -0.003948 -0.000740
-0.024321 -0.003948 0.495816 0.103625
-0.003937 -0.000740 0.103625 0.045447
35.152887 1.394622 44.208353 1.758234
0.460910 0.098182 -0.026780 -0.004274
0.098182 0.044413 -0.004288 -0.000801
-0.026780 -0.004288 0.497138 0.103773
-0.004274 -0.000801 0.103773 0.045470
35.917849 1.408348 44.868912 1.712844
0.460606 0.098175 -0.029260 -0.004614
0.098175 0.044407 -0.004632 -0.000865
-0.029260 -0.004632 0.498151 0.103861
-0.004614 -0.000865 0.103861 0.045483
36.751462 1.436211 45.788877 1.726561
0.460426 0.098180 -0.031815 -0.004968
0.098180 0.044402 -0.004991 -0.000935
-0.031815 -0.004991 0.499111 0.103949
-0.004968 -0.000935 0.103949 0.045500
37.348054 1.410902 46.814264 1.759848
0.460222 0.098166 -0.034586 -0.005366
0.098166 0.044390 -0.005394 -0.001015
-0.034586 -0.005394 0.500241 0.104081
-0.005366 -0.001015 0.104081 0.045527
