1.681770 1.634817 -1.051658 -1.312720
2.053490 0.821414 -0.226717 -0.090689
0.821414 80.332639 -0.090689 -0.036276
-0.226717 -0.090689 3.101368 1.240574
-0.090689 -0.036276 1.240574 80.500307
0.461004 -1.973609 -0.108470 1.360717
3.739413 6.648342 -1.489285 -2.453458
6.648342 18.969527 -2.611428 -4.946306
-1.489285 -2.611428 2.470889 4.161923
-2.453458 -4.946306 4.161923 17.145760
2.865923 1.810817 2.310729 3.793750
2.960996 3.116406 -1.742911 -1.829664
3.116406 5.026539 -1.715629 -2.108150
-1.742911 -1.715629 3.092226 3.582279
-1.829664 -2.108150 3.582279 6.348807
5.563846 3.193882 3.344048 3.195566
2.153129 1.651822 -1.208687 -0.865344
1.651822 1.963079 -0.821477 -0.753492
-1.208687 -0.821477 2.590091 2.123171
-0.865344 -0.753492 2.123171 2.543158
7.078099 3.092094 3.769775 2.420724
1.402272 0.868278 -0.533061 -0.275120
0.868278 0.885887 -0.252954 -0.226964
-0.533061 -0.252954 2.037190 1.310452
-0.275120 -0.226964 1.310452 1.229209
8.302481 2.947241 6.082028 2.999680
1.144245 0.603838 -0.339426 -0.150375
0.603838 0.517371 -0.138318 -0.124286
-0.339426 -0.138318 1.750317 0.924242
-0.150375 -0.124286 0.924242 0.706251
9.215933 2.677518 6.836788 2.658453
1.073573 0.492986 -0.356836 -0.149637
0.492986 0.351194 -0.145186 -0.103207
-0.356836 -0.145186 1.510632 0.676497
-0.149637 -0.103207 0.676497 0.440792
10.605857 2.687144 6.822059 2.132123
0.996707 0.403278 -0.340423 -0.129503
0.403278 0.248161 -0.127595 -0.077133
-0.340423 -0.127595 1.331138 0.520186
-0.129503 -0.077133 0.520186 0.297996
11.688596 2.595543 8.432792 2.321526
0.898551 0.324810 -0.296067 -0.101897
0.324810 0.179482 -0.100542 -0.054555
-0.296067 -0.100542 1.204743 0.419328
-0.101897 -0.054555 0.419328 0.215601
11.566103 2.125429 9.013001 2.138506
0.830572 0.272262 -0.259754 -0.081649
0.272262 0.137440 -0.080713 -0.039747
-0.259754 -0.080713 1.079901 0.339968
-0.081649 -0.039747 0.339968 0.161287
12.720894 2.153046 10.031219 2.123752
0.779891 0.234629 -0.237425 -0.068699
0.234629 0.110067 -0.068102 -0.030347
-0.237425 -0.068102 0.977882 0.282438
-0.068699 -0.030347 0.282438 0.126018
13.651454 2.110954 10.748263 2.031186
0.730863 0.203995 -0.209211 -0.055979
0.203995 0.090817 -0.055488 -0.022910
-0.209211 -0.055488 0.891385 0.239153
-0.055979 -0.022910 0.239153 0.102165
14.318194 2.010434 12.205797 2.142323
0.685809 0.179483 -0.181945 -0.045292
0.179483 0.077202 -0.044843 -0.017398
-0.181945 -0.044843 0.820798 0.206884
-0.045292 -0.017398 0.206884 0.085844
14.720976 1.858164 12.661574 1.993926
0.650043 0.161155 -0.156062 -0.036333
0.161155 0.067793 -0.035931 -0.013273
-0.156062 -0.035931 0.756113 0.180881
-0.036333 -0.013273 0.180881 0.074062
15.379410 1.792909 13.447630 1.944834
0.619079 0.146714 -0.135574 -0.029692
0.146714 0.061051 -0.029344 -0.010352
-0.135574 -0.029344 0.704937 0.161639
-0.029692 -0.010352 0.161639 0.065877
16.149269 1.765079 14.690538 2.004560
0.592226 0.135311 -0.116935 -0.024171
0.135311 0.056195 -0.023867 -0.008117
-0.116935 -0.023867 0.662316 0.146835
-0.024171 -0.008117 0.146835 0.060022
16.611781 1.674268 16.276092 2.129359
0.569875 0.126514 -0.098700 -0.019273
0.126514 0.052738 -0.019010 -0.006326
-0.098700 -0.019010 0.625051 0.135038
-0.019273 -0.006326 0.135038 0.055728
16.540400 1.478074 17.702232 2.202427
0.552747 0.120054 -0.081502 -0.015028
0.120054 0.050348 -0.014818 -0.004904
-0.081502 -0.014818 0.591737 0.125467
-0.015028 -0.004904 0.125467 0.052534
17.849547 1.597600 18.274276 2.093845
0.540346 0.115462 -0.066582 -0.011598
0.115462 0.048730 -0.011453 -0.003820
-0.066582 -0.011453 0.562722 0.117844
-0.011598 -0.003820 0.117844 0.050183
18.308982 1.523464 18.845014 1.993097
0.527827 0.111450 -0.053289 -0.008761
0.111450 0.047483 -0.008646 -0.002968
-0.053289 -0.008646 0.541691 0.112656
-0.008761 -0.002968 0.112656 0.048633
18.746911 1.455363 19.807947 1.984734
0.517353 0.108370 -0.042455 -0.006607
0.108370 0.046609 -0.006519 -0.002338
-0.042455 -0.006519 0.525375 0.108916
-0.006607 -0.002338 0.108916 0.047563
19.376829 1.435633 20.964414 2.018393
0.508906 0.106090 -0.033129 -0.004867
0.106090 0.046019 -0.004803 -0.001845
-0.033129 -0.004803 0.512399 0.106171
-0.004867 -0.001845 0.106171 0.046812
19.751357 1.365244 22.268997 2.078530
0.501858 0.104368 -0.024950 -0.003428
0.104368 0.045620 -0.003382 -0.001450
-0.024950 -0.003382 0.502476 0.104251
-0.003428 -0.001450 0.104251 0.046301
20.112014 1.296384 22.673689 1.945546
0.495906 0.103063 -0.017927 -0.002268
0.103063 0.045351 -0.002236 -0.001135
-0.017927 -0.002236 0.495189 0.102981
-0.002268 -0.001135 0.102981 0.045966
21.161587 1.378801 23.195183 1.852352
0.490969 0.102097 -0.012597 -0.001476
0.102097 0.045177 -0.001453 -0.000912
-0.012597 -0.001453 0.490017 0.102187
-0.001476 -0.000912 0.102187 0.045748
21.517941 1.310057 24.473358 1.925389
0.486578 0.101327 -0.008943 -0.001020
0.101327 0.045053 -0.001003 -0.000765
-0.008943 -0.001003 0.486792 0.101795
-0.001020 -0.000765 0.101795 0.045623
21.658496 1.203348 25.966284 2.035924
0.482294 0.100633 -0.006309 -0.000740
0.100633 0.044947 -0.000725 -0.000656
-0.006309 -0.000725 0.485395 0.101750
-0.000740 -0.000656 0.101750 0.045570
22.627218 1.280296 27.217414 2.085168
0.477422 0.099854 -0.004382 -0.000563
0.099854 0.044823 -0.000548 -0.000569
-0.004382 -0.000548 0.486145 0.102095
-0.000563 -0.000569 0.102095 0.045595
23.067082 1.238388 28.517266 2.139176
0.472125 0.099023 -0.004565 -0.000783
0.099023 0.044686 -0.000768 -0.000564
-0.004565 -0.000768 0.488666 0.102726
-0.000783 -0.000564 0.102726 0.045672
24.084999 1.322295 29.638673 2.150129
0.466213 0.098098 -0.005852 -0.001160
0.098098 0.044527 -0.001147 -0.000588
-0.005852 -0.001147 0.492971 0.103634
-0.001160 -0.000588 0.103634 0.045800
24.564059 1.283798 30.340510 2.071733
0.460427 0.097233 -0.009420 -0.001940
0.097233 0.044379 -0.001932 -0.000694
-0.009420 -0.001932 0.498262 0.104638
-0.001940 -0.000694 0.104638 0.045939
25.154426 1.272950 31.665052 2.132227
0.455344 0.096538 -0.013520 -0.002730
0.096538 0.044262 -0.002731 -0.000794
-0.013520 -0.002731 0.503705 0.105572
-0.002730 -0.000794 0.105572 0.046058
25.265211 1.160952 32.583680 2.101105
0.449762 0.095734 -0.018498 -0.003618
0.095734 0.044113 -0.003631 -0.000912
-0.018498 -0.003631 0.510777 0.106765
-0.003618 -0.000912 0.106765 0.046232
25.462256 1.079067 33.713029 2.117121
0.444265 0.094952 -0.022640 -0.004252
0.094952 0.043963 -0.004271 -0.000976
-0.022640 -0.004271 0.518500 0.108001
-0.004252 -0.000976 0.108001 0.046413
25.538579 0.979317 34.598354 2.080421
0.438653 0.094143 -0.026103 -0.004705
0.094143 0.043801 -0.004721 -0.001007
-0.026103 -0.004721 0.527067 0.109331
-0.004705 -0.001007 0.109331 0.046614
26.373171 1.053059 35.351890 2.021968
0.433447 0.093420 -0.028501 -0.004925
0.093420 0.043653 -0.004928 -0.000999
-0.028501 -0.004928 0.535532 0.110564
-0.004925 -0.000999 0.110564 0.046796
26.835270 1.039764 36.596392 2.069792
0.429295 0.092910 -0.031897 -0.005361
0.092910 0.043543 -0.005368 -0.001052
-0.031897 -0.005368 0.543330 0.111601
-0.005361 -0.001052 0.111601 0.046943
27.100991 0.984030 37.500736 2.042236
0.425353 0.092414 -0.034271 -0.005584
0.092414 0.043428 -0.005581 -0.001067
-0.034271 -0.005581 0.551000 0.112589
-0.005584 -0.001067 0.112589 0.047089
27.575837 0.979358 38.286201 1.994208
0.422106 0.092044 -0.035289 -0.005548
0.092044 0.043335 -0.005523 -0.001037
-0.035289 -0.005523 0.557412 0.113312
-0.005548 -0.001037 0.113312 0.047192
28.470544 1.068258 39.315595 2.002487
0.419723 0.091827 -0.035521 -0.005394
0.091827 0.043268 -0.005346 -0.000995
-0.035521 -0.005346 0.562242 0.113734
-0.005394 -0.000995 0.113734 0.047248
28.770947 1.017610 40.472218 2.032748
0.418368 0.091791 -0.034796 -0.005093
0.091791 0.043234 -0.005022 -0.000935
-0.034796 -0.005022 0.564928 0.113775
-0.005093 -0.000935 0.113775 0.047243
29.097335 0.975127 41.013002 1.936308
0.418570 0.092050 -0.031703 -0.004367
0.092050 0.043260 -0.004257 -0.000796
-0.031703 -0.004257 0.563860 0.113152
-0.004367 -0.000796 0.113152 0.047126
29.652893 0.987834 41.507378 1.841674
0.419659 0.092428 -0.028244 -0.003656
0.092428 0.043302 -0.003517 -0.000675
-0.028244 -0.003517 0.561022 0.112311
-0.003656 -0.000675 0.112311 0.046989
31.042169 1.182308 41.766062 1.713269
0.421585 0.092912 -0.024687 -0.002999
0.092912 0.043360 -0.002844 -0.000576
-0.024687 -0.002844 0.556660 0.111302
-0.002999 -0.000576 0.111302 0.046839
31.702961 1.197042 42.480174 1.685049
0.424117 0.093452 -0.021504 -0.002475
0.093452 0.043425 -0.002319 -0.000510
-0.021504 -0.002319 0.551389 0.110245
-0.002475 -0.000510 0.110245 0.046695
32.053764 1.145393 44.047943 1.829329
0.428864 0.094415 -0.017347 -0.001785
0.094415 0.043582 -0.001632 -0.000408
-0.017347 -0.001632 0.542434 0.108573
-0.001785 -0.000408 0.108573 0.046437
32.512516 1.120509 45.008902 1.838227
0.439822 0.096646 -0.012484 -0.000978
0.096646 0.044011 -0.000865 -0.000285
-0.012484 -0.000865 0.524703 0.105294
-0.000978 -0.000285 0.105294 0.045870
33.154188 1.139369 46.270175 1.907506
0.454177 0.099399 -0.009246 -0.000541
0.099399 0.044524 -0.000496 -0.000242
-0.009246 -0.000496 0.504665 0.101804
-0.000541 -0.000242 0.101804 0.045288
33.776504 1.150388 47.048935 1.872043
0.473719 0.103029 -0.009205 -0.000752
0.103029 0.045198 -0.000818 -0.000330
-0.009205 -0.000818 0.481805 0.097960
-0.000752 -0.000330 0.097960 0.044646
34.137679 1.104858 48.294366 1.935224
0.495425 0.106811 -0.012006 -0.001496
0.106811 0.045870 -0.001662 -0.000509
-0.012006 -0.001662 0.460771 0.094690
-0.001496 -0.000509 0.094690 0.044128
