-1.509705 0.358200 3.471800 0.496703
41.463505 16.585761 -56.479068 -22.592117
16.585761 86.638515 -22.592117 -9.037042
-56.479068 -22.592117 80.538224 32.215988
-22.592117 -9.037042 32.215988 92.890741
-1.204613 1.747123 5.607971 2.394423
70.408224 42.370592 -88.269531 -39.758869
42.370592 46.552159 -51.146774 -43.425055
-88.269531 -51.146774 113.734992 52.802518
-39.758869 -43.425055 52.802518 59.889405
5.488111 4.944858 0.544675 -0.060307
72.877887 34.273978 -101.157768 -49.809390
34.273978 27.362376 -46.806882 -36.643955
-101.157768 -46.806882 143.433758 71.670340
-49.809390 -36.643955 71.670340 56.205459
6.719253 4.453075 2.401410 0.775719
16.277768 8.716338 -12.851234 -3.947838
8.716338 11.607509 -6.599185 -10.875493
-12.851234 -6.599185 11.626920 3.990396
-3.947838 -10.875493 3.990396 14.032971
9.252989 4.966027 1.503172 -0.516082
27.006615 13.701795 -19.112249 -7.886555
13.701795 10.743911 -10.101826 -9.111899
-19.112249 -10.101826 14.738272 6.945364
-7.886555 -9.111899 6.945364 10.223598
8.512425 3.067260 4.599686 1.646719
31.459514 12.076898 -18.037249 -4.517201
12.076898 6.626756 -7.375105 -4.416393
-18.037249 -7.375105 11.368588 3.748894
-4.517201 -4.416393 3.748894 4.841064
9.293435 2.685461 6.130821 2.052997
33.569965 12.835394 -21.876312 -8.284826
12.835394 6.047270 -8.825436 -4.706867
-21.876312 -8.825436 15.321557 6.480258
-8.284826 -4.706867 6.480258 4.513820
11.955414 3.135478 6.248324 1.728040
40.262503 14.124726 -28.875532 -10.855086
14.124726 5.631851 -10.481144 -4.691357
-28.875532 -10.481144 21.728271 8.628105
-10.855086 -4.691357 8.628105 4.357421
15.032613 3.630404 5.873993 1.278178
39.837588 11.300317 -26.094365 -7.407708
11.300317 3.634994 -7.629815 -2.624585
-26.094365 -7.629815 17.944516 5.429767
-7.407708 -2.624585 5.429767 2.211859
16.684368 3.581391 6.655740 1.326000
18.651389 4.076478 -9.478864 -1.490722
4.076478 1.190763 -2.226175 -0.665119
-9.478864 -2.226175 5.509883 1.161574
-1.490722 -0.665119 1.161574 0.646717
20.298708 3.996581 6.189087 1.065860
14.921252 2.704649 -5.885555 -0.350729
2.704649 0.716904 -1.190540 -0.305511
-5.885555 -1.190540 2.921319 0.455949
-0.350729 -0.305511 0.455949 0.379143
21.935173 3.918227 6.939572 1.115853
8.459000 1.193933 -1.883886 0.408187
1.193933 0.347396 -0.371965 -0.122567
-1.883886 -0.371965 0.952017 0.171306
0.408187 -0.122567 0.171306 0.293978
22.955742 3.758408 7.818871 1.147239
6.987549 0.821763 -0.564573 0.620947
0.821763 0.243358 -0.167076 -0.067418
-0.564573 -0.167076 0.545614 0.183576
0.620947 -0.067418 0.183576 0.270117
23.894696 3.532250 8.994183 1.325071
6.690413 0.695305 0.230517 0.734983
0.695305 0.195114 -0.074476 -0.035006
0.230517 -0.074476 0.493881 0.240766
0.734983 -0.035006 0.240766 0.254013
24.043521 3.157674 10.549666 1.591219
6.674761 0.630063 0.911455 0.817457
0.630063 0.163844 -0.010061 -0.011618
0.911455 -0.010061 0.606786 0.312654
0.817457 -0.011618 0.312654 0.242073
24.437089 2.869920 12.032608 1.809724
7.013932 0.632694 1.504275 0.872648
0.632694 0.146877 0.043405 0.008116
1.504275 0.043405 0.803127 0.373928
0.872648 0.008116 0.373928 0.225862
26.261153 2.937377 12.863379 1.791508
7.318506 0.629970 2.111186 0.921694
0.629970 0.132669 0.093955 0.023195
2.111186 0.093955 1.090581 0.439606
0.921694 0.023195 0.439606 0.214349
26.986734 2.853698 13.623880 1.741108
6.351337 0.468145 2.594573 0.911836
0.468145 0.104882 0.104289 0.021176
2.594573 0.104289 1.566216 0.541809
0.911836 0.021176 0.541809 0.217119
26.539728 2.636414 14.102493 1.630718
5.594654 0.354818 2.981124 0.890500
0.354818 0.087066 0.101198 0.017921
2.981124 0.101198 2.129885 0.642193
0.890500 0.017921 0.642193 0.219387
27.530418 2.492704 15.517992 1.808253
5.670480 0.348053 3.509785 0.912576
0.348053 0.081050 0.129249 0.024249
3.509785 0.129249 2.732175 0.725375
0.912576 0.024249 0.725375 0.216208
26.958892 2.275499 15.888755 1.711403
4.795112 0.249383 3.615738 0.843510
0.249383 0.069674 0.097408 0.016033
3.615738 0.097408 3.345212 0.800777
0.843510 0.016033 0.800777 0.214186
26.560258 1.959681 17.141431 1.857637
4.740978 0.239313 4.030975 0.846974
0.239313 0.065943 0.111936 0.019088
4.030975 0.111936 4.081672 0.881762
0.846974 0.019088 0.881762 0.212571
25.663075 1.657763 17.859767 1.877287
4.487257 0.212989 4.297835 0.825046
0.212989 0.061925 0.109317 0.018487
4.297835 0.109317 4.822571 0.952496
0.825046 0.018487 0.952496 0.210255
26.898532 1.602258 19.804346 2.076605
4.407725 0.221803 4.514860 0.791969
0.221803 0.060816 0.132858 0.022479
4.514860 0.132858 5.356639 0.968020
0.791969 0.022479 0.968020 0.197475
25.885739 1.447274 19.347928 1.853412
1.923645 0.072575 2.324370 0.384935
0.072575 0.053528 -0.030464 -0.004893
2.324370 -0.030464 3.760222 0.655960
0.384935 -0.004893 0.655960 0.137497
26.262850 1.339066 20.614364 1.931303
1.738009 0.065953 2.340351 0.364006
0.065953 0.052275 -0.037658 -0.004330
2.340351 -0.037658 4.224241 0.690345
0.364006 -0.004330 0.690345 0.136625
26.660737 1.326569 21.192996 1.874959
1.055424 0.037969 1.598215 0.235365
0.037969 0.052726 -0.100831 -0.012703
1.598215 -0.100831 3.834250 0.602529
0.235365 -0.012703 0.602529 0.119363
27.445212 1.273661 22.888271 1.993396
0.650125 0.033354 1.025719 0.142518
0.033354 0.055005 -0.147798 -0.018108
1.025719 -0.147798 3.538914 0.536272
0.142518 -0.018108 0.536272 0.106906
27.874705 1.257738 23.555482 1.949676
0.373951 0.054456 0.322330 0.037666
0.054456 0.059614 -0.171082 -0.020036
0.322330 -0.171082 2.581358 0.381370
0.037666 -0.020036 0.381370 0.083016
28.642026 1.240108 25.157559 2.037213
0.325099 0.079927 -0.030439 -0.010507
0.079927 0.064146 -0.191804 -0.021469
-0.030439 -0.191804 2.286683 0.329224
-0.010507 -0.021469 0.329224 0.075096
29.489815 1.242827 27.016132 2.153139
0.375831 0.112493 -0.302011 -0.044016
0.112493 0.068961 -0.202574 -0.021470
-0.302011 -0.202574 1.996087 0.279788
-0.044016 -0.021470 0.279788 0.067912
29.976680 1.241440 27.366472 2.050580
0.493073 0.148352 -0.506134 -0.065396
0.148352 0.073790 -0.208808 -0.020841
-0.506134 -0.208808 1.769263 0.241217
-0.065396 -0.020841 0.241217 0.062525
30.503571 1.212129 28.592140 2.076874
0.645370 0.184067 -0.702500 -0.083956
0.184067 0.078352 -0.226396 -0.021932
-0.702500 -0.226396 1.767590 0.235195
-0.083956 -0.021932 0.235195 0.061788
31.067635 1.202481 29.493970 2.054729
0.840822 0.222557 -0.896653 -0.100284
0.222557 0.082910 -0.244073 -0.023015
-0.896653 -0.244073 1.788289 0.231503
-0.100284 -0.023015 0.231503 0.061207
31.800413 1.239994 31.106045 2.153563
1.074315 0.262466 -1.104481 -0.117028
0.262466 0.087140 -0.264412 -0.024550
-1.104481 -0.264412 1.861650 0.234454
-0.117028 -0.024550 0.234454 0.061388
32.418840 1.239634 32.184078 2.153671
1.352863 0.305457 -1.317426 -0.132335
0.305457 0.091536 -0.284328 -0.025923
-1.317426 -0.284328 1.929986 0.235437
-0.132335 -0.025923 0.235437 0.061099
32.889688 1.188004 32.725732 2.051291
1.672980 0.349848 -1.551195 -0.149159
0.349848 0.095638 -0.306301 -0.027655
-1.551195 -0.306301 2.032723 0.240416
-0.149159 -0.027655 0.240416 0.061221
33.335901 1.158948 33.873552 2.061857
2.027027 0.393180 -1.815891 -0.169858
0.393180 0.098923 -0.330780 -0.029985
-1.815891 -0.330780 2.189292 0.252283
-0.169858 -0.029985 0.252283 0.062143
33.830555 1.130850 34.686811 2.015299
2.427777 0.438950 -2.098716 -0.190822
0.438950 0.102397 -0.355923 -0.032235
-2.098716 -0.355923 2.350809 0.263097
-0.190822 -0.032235 0.263097 0.062734
34.255173 1.075223 35.150651 1.902161
2.866291 0.484465 -2.409159 -0.214531
0.484465 0.105452 -0.382297 -0.034720
-2.409159 -0.382297 2.543026 0.277085
-0.214531 -0.034720 0.277085 0.063631
34.900322 1.089042 35.950277 1.882455
3.328224 0.526845 -2.749591 -0.242350
0.526845 0.107632 -0.409327 -0.037527
-2.749591 -0.409327 2.778134 0.296296
-0.242350 -0.037527 0.296296 0.065126
35.154628 1.026840 36.772830 1.835051
3.813123 0.566851 -3.117102 -0.273188
0.566851 0.109274 -0.436667 -0.040450
-3.117102 -0.436667 3.046994 0.318909
-0.273188 -0.040450 0.318909 0.066954
35.644887 1.028891 37.804583 1.855083
4.351931 0.610751 -3.512090 -0.303965
0.610751 0.111568 -0.465667 -0.043168
-3.512090 -0.465667 3.324841 0.339848
-0.303965 -0.043168 0.339848 0.068392
36.334952 1.074713 38.985188 1.919151
4.942464 0.657609 -3.934142 -0.334845
0.657609 0.114257 -0.495892 -0.045716
-3.934142 -0.495892 3.613630 0.359756
-0.334845 -0.045716 0.359756 0.069587
36.729782 1.058778 40.092579 1.935452
5.581201 0.706315 -4.385006 -0.366504
0.706315 0.117097 -0.527115 -0.048173
-4.385006 -0.527115 3.919433 0.379816
-0.366504 -0.048173 0.379816 0.070729
37.189468 1.085677 41.702317 2.053858
6.282545 0.759512 -4.857202 -0.396187
0.759512 0.120510 -0.559232 -0.050303
-4.857202 -0.559232 4.220823 0.396560
-0.396187 -0.050303 0.396560 0.071391
37.612954 1.035617 42.229744 1.946564
7.048013 0.818520 -5.323069 -0.418743
0.818520 0.124743 -0.590266 -0.051662
-5.323069 -0.590266 4.475202 0.404508
-0.418743 -0.051662 0.404508 0.070992
38.234981 1.040385 43.016135 1.919357
7.863621 0.876596 -5.841980 -0.447880
0.876596 0.128419 -0.623259 -0.053538
-5.841980 -0.623259 4.787170 0.419612
-0.447880 -0.053538 0.419612 0.071498
38.868004 1.047850 43.820589 1.899035
8.715972 0.932471 -6.404363 -0.482243
0.932471 0.131498 -0.657047 -0.055745
-6.404363 -0.657047 5.147303 0.440292
-0.482243 -0.055745 0.440292 0.072655
39.578623 1.057948 44.493818 1.861600
9.595803 0.985575 -7.003425 -0.520701
0.985575 0.134022 -0.690952 -0.058145
-7.003425 -0.690952 5.548940 0.465346
-0.520701 -0.058145 0.465346 0.074281
