-0.185314 0.887967 4.290067 0.824017
41.463505 16.585761 -56.479068 -22.592117
16.585761 86.638515 -22.592117 -9.037042
-56.479068 -22.592117 80.538224 32.215988
-22.592117 -9.037042 32.215988 92.890741
1.910361 1.800657 2.504758 -0.230539
70.901317 43.487285 -87.610244 -38.807871
43.487285 47.704861 -51.797847 -43.334890
-87.610244 -51.797847 111.275983 50.859121
-38.807871 -43.334890 50.859121 58.629476
-3.134982 -1.240723 9.690758 3.075996
99.635205 56.334633 -99.973842 -36.173893
56.334633 43.019948 -56.030617 -33.845350
-99.973842 -56.030617 102.379035 38.072228
-36.173893 -33.845350 38.072228 34.580671
2.620543 1.715126 5.473960 1.208228
6.739326 3.688426 -10.222203 -6.320273
3.688426 8.650637 -6.055894 -12.159477
-10.222203 -6.055894 18.890072 13.140636
-6.320273 -12.159477 13.140636 20.879262
2.726212 1.276704 8.418155 2.672778
10.527713 6.800666 -13.361799 -8.585762
6.800666 7.940611 -8.560405 -9.919558
-13.361799 -8.560405 19.040092 12.175694
-8.585762 -9.919558 12.175694 13.740528
3.645450 1.445966 9.891686 2.725783
16.657354 9.242195 -22.944457 -12.641261
9.242195 7.064237 -12.680342 -9.402289
-22.944457 -12.680342 33.565556 18.408564
-12.641261 -9.402289 18.408564 13.367546
4.673764 1.601930 11.168962 2.668062
22.224208 10.163404 -32.699838 -14.817548
10.163404 5.814869 -14.869413 -8.194683
-32.699838 -14.869413 49.997485 22.557711
-14.817548 -8.194683 22.557711 12.162078
1.900443 0.172041 16.979812 4.425836
25.950835 9.877023 -40.300643 -15.220982
9.877023 4.525153 -15.220415 -6.703976
-40.300643 -15.220415 64.412143 24.213679
-15.220982 -6.703976 24.213679 10.413649
6.429060 1.640043 12.426031 2.220488
2.248018 0.695387 -4.018983 -1.264805
0.695387 0.756192 -1.038360 -0.997066
-4.018983 -1.038360 9.753825 2.903965
-1.264805 -0.997066 2.903965 1.787918
7.294883 1.540939 12.128986 1.928090
3.107413 1.069949 -5.330115 -1.739840
1.069949 0.748812 -1.652836 -1.019312
-5.330115 -1.652836 11.252903 3.407974
-1.739840 -1.019312 3.407974 1.709316
8.384069 1.695813 13.144378 1.865174
4.273166 1.435779 -6.884835 -2.159892
1.435779 0.748783 -2.167081 -1.017894
-6.884835 -2.167081 12.821061 3.780386
-2.159892 -1.017894 3.780386 1.610080
9.702966 1.864736 13.644220 1.702145
5.800183 1.783076 -9.134586 -2.622607
1.783076 0.740511 -2.689755 -1.014510
-9.134586 -2.689755 15.901581 4.375219
-2.622607 -1.014510 4.375219 1.571771
10.671080 1.802206 13.430638 1.531103
7.533546 2.102666 -11.493966 -3.006261
2.102666 0.731401 -3.112508 -0.992971
-11.493966 -3.112508 18.867369 4.793243
-3.006261 -0.992971 4.793243 1.499428
10.742579 1.576854 15.193221 1.788187
8.911478 2.279921 -12.846096 -3.088921
2.279921 0.696071 -3.211077 -0.908144
-12.846096 -3.211077 19.663365 4.628289
-3.088921 -0.908144 4.628289 1.312041
13.113390 2.005947 14.881339 1.459190
9.567002 2.177092 -14.256609 -3.076052
2.177092 0.587084 -3.176786 -0.791704
-14.256609 -3.176786 22.371736 4.759718
-3.076052 -0.791704 4.759718 1.193434
15.314008 2.212979 13.105190 0.994663
9.605764 2.043300 -13.386382 -2.677181
2.043300 0.511405 -2.791498 -0.643525
-13.386382 -2.791498 19.636747 3.884261
-2.677181 -0.643525 3.884261 0.919767
15.505835 2.046528 15.094090 1.264022
4.045324 0.851597 -4.447097 -0.846235
0.851597 0.244965 -0.896386 -0.240264
-4.447097 -0.896386 5.629857 1.049239
-0.846235 -0.240264 1.049239 0.325219
16.451673 2.069451 16.664223 1.431068
4.551021 0.907609 -4.657814 -0.837376
0.907609 0.238582 -0.899688 -0.219350
-4.657814 -0.899688 5.421230 0.973397
-0.837376 -0.219350 0.973397 0.287328
17.709325 2.108016 17.074087 1.377155
5.284112 0.986482 -5.288941 -0.896059
0.986482 0.235916 -0.964605 -0.211688
-5.288941 -0.964605 5.909480 1.017053
-0.896059 -0.211688 1.017053 0.273879
19.078262 2.149721 17.037646 1.241335
5.477939 0.967184 -5.107452 -0.800325
0.967184 0.218321 -0.883601 -0.179438
-5.107452 -0.883601 5.325979 0.863604
-0.800325 -0.179438 0.863604 0.227841
22.134752 2.470155 15.546202 0.907451
4.022605 0.682869 -3.145945 -0.426983
0.682869 0.160416 -0.520094 -0.105789
-3.145945 -0.520094 2.951950 0.441932
-0.426983 -0.105789 0.441932 0.145309
21.784969 2.219930 17.440076 1.119734
1.560559 0.261764 -0.735010 -0.049387
0.261764 0.086126 -0.113788 -0.037883
-0.735010 -0.113788 0.768256 0.121906
-0.049387 -0.037883 0.121906 0.092005
22.802234 2.206378 18.269635 1.181327
1.409758 0.235773 -0.406296 0.005158
0.235773 0.079750 -0.064889 -0.026013
-0.406296 -0.064889 0.498237 0.095663
0.005158 -0.026013 0.095663 0.083939
24.773157 2.352893 18.366646 1.104927
1.208398 0.199137 -0.122929 0.048779
0.199137 0.071532 -0.023476 -0.016368
-0.122929 -0.023476 0.383417 0.096991
0.048779 -0.016368 0.096991 0.081294
25.853880 2.336481 18.948361 1.108435
0.927309 0.149422 0.086678 0.072936
0.149422 0.061441 0.003404 -0.010716
0.086678 0.003404 0.416720 0.124878
0.072936 -0.010716 0.124878 0.083916
26.125649 2.170961 19.814278 1.173365
0.748216 0.119326 0.204781 0.081673
0.119326 0.055246 0.013075 -0.008136
0.204781 0.013075 0.539810 0.163722
0.081673 -0.008136 0.163722 0.088052
26.893463 2.102705 20.605634 1.229557
0.623509 0.100017 0.271563 0.081909
0.100017 0.051245 0.013258 -0.007261
0.271563 0.013258 0.719198 0.207218
0.081909 -0.007261 0.207218 0.092574
27.762449 2.063593 21.281009 1.247998
0.513125 0.084933 0.283170 0.071412
0.084933 0.048356 0.003524 -0.008466
0.283170 0.003524 0.939244 0.252207
0.071412 -0.008466 0.252207 0.096956
28.356155 1.970809 21.921423 1.262063
0.426055 0.075351 0.252170 0.054479
0.075351 0.046694 -0.012957 -0.010789
0.252170 -0.012957 1.186072 0.295799
0.054479 -0.010789 0.295799 0.100683
28.806848 1.866996 22.265983 1.209756
0.363561 0.070979 0.187203 0.033781
0.070979 0.046075 -0.033982 -0.013649
0.187203 -0.033982 1.453551 0.337049
0.033781 -0.013649 0.337049 0.103681
29.433872 1.805172 22.667052 1.174335
0.326266 0.070725 0.110106 0.014447
0.070725 0.046042 -0.055318 -0.016091
0.110106 -0.055318 1.760773 0.380061
0.014447 -0.016091 0.380061 0.106852
30.359147 1.809574 23.281432 1.179217
0.307281 0.073333 0.014056 -0.005330
0.073333 0.046403 -0.078062 -0.018479
0.014056 -0.078062 2.103062 0.423556
-0.005330 -0.018479 0.423556 0.109910
31.467582 1.852499 24.105162 1.218704
0.305719 0.078886 -0.113566 -0.027931
0.078886 0.047277 -0.104441 -0.021283
-0.113566 -0.104441 2.461081 0.464004
-0.027931 -0.021283 0.464004 0.112245
32.422182 1.857960 24.785279 1.230694
0.325554 0.088076 -0.278348 -0.053856
0.088076 0.048808 -0.135140 -0.024564
-0.278348 -0.135140 2.810696 0.497724
-0.053856 -0.024564 0.497724 0.113327
33.316196 1.851897 25.220078 1.201072
0.367242 0.100178 -0.468609 -0.080512
0.100178 0.050690 -0.167602 -0.027798
-0.468609 -0.167602 3.175035 0.529498
-0.080512 -0.027798 0.529498 0.114112
34.048333 1.802475 25.843106 1.204617
0.425768 0.113453 -0.674988 -0.106277
0.113453 0.052447 -0.199606 -0.030648
-0.674988 -0.199606 3.599383 0.566694
-0.106277 -0.030648 0.566694 0.115789
35.235677 1.874881 26.848107 1.267574
0.506019 0.129105 -0.908694 -0.132989
0.129105 0.054456 -0.233397 -0.033525
-0.908694 -0.233397 4.041426 0.602046
-0.132989 -0.033525 0.602046 0.117112
36.310157 1.912049 27.896852 1.330001
0.614825 0.148455 -1.173870 -0.160980
0.148455 0.057027 -0.270060 -0.036559
-1.173870 -0.270060 4.460661 0.629829
-0.160980 -0.036559 0.629829 0.117285
37.384422 1.952629 29.446578 1.457476
0.754574 0.171524 -1.465357 -0.189222
0.171524 0.060098 -0.308485 -0.039554
-1.465357 -0.308485 4.847061 0.649663
-0.189222 -0.039554 0.649663 0.116407
38.326497 1.949359 30.463512 1.496144
0.933518 0.200074 -1.765466 -0.214941
0.200074 0.064079 -0.346675 -0.042174
-1.765466 -0.346675 5.080139 0.646401
-0.214941 -0.042174 0.646401 0.112586
39.154261 1.898523 30.594326 1.406866
1.143619 0.231110 -2.085238 -0.240126
0.231110 0.068120 -0.384725 -0.044561
-2.085238 -0.384725 5.337291 0.646176
-0.240126 -0.044561 0.646176 0.109593
40.193005 1.937571 31.891817 1.490827
1.370782 0.259909 -2.454362 -0.269491
0.259909 0.071055 -0.423699 -0.047098
-2.454362 -0.423699 5.817675 0.674130
-0.269491 -0.047098 0.674130 0.110495
41.039293 1.926869 33.177911 1.557053
1.637236 0.292845 -2.844007 -0.297823
0.292845 0.074571 -0.463912 -0.049527
-2.844007 -0.463912 6.250325 0.692915
-0.297823 -0.049527 0.692915 0.110198
42.064774 1.900132 32.889820 1.417776
1.942525 0.329547 -3.244597 -0.323946
0.329547 0.078549 -0.503964 -0.051678
-3.244597 -0.503964 6.620566 0.701900
-0.323946 -0.051678 0.701900 0.108779
43.237108 1.954005 33.662353 1.440204
2.240427 0.356818 -3.703137 -0.357265
0.356818 0.080060 -0.540052 -0.053882
-3.703137 -0.540052 7.280930 0.746278
-0.357265 -0.053882 0.746278 0.111800
44.053263 1.896680 33.932436 1.368840
2.555197 0.382818 -4.189982 -0.391735
0.382818 0.081226 -0.575136 -0.056005
-4.189982 -0.575136 8.000726 0.794386
-0.391735 -0.056005 0.794386 0.115077
44.389670 1.763480 34.675824 1.333098
2.858803 0.402614 -4.684084 -0.426423
0.402614 0.081273 -0.604015 -0.057698
-4.684084 -0.604015 8.791825 0.849041
-0.426423 -0.057698 0.849041 0.119043
45.389121 1.780935 35.184096 1.320627
3.216137 0.429033 -5.232674 -0.462749
0.429033 0.082490 -0.640303 -0.059853
-5.232674 -0.640303 9.608706 0.900023
-0.462749 -0.059853 0.900023 0.122169
45.668636 1.647338 35.816565 1.269559
3.573712 0.451513 -5.799548 -0.499894
0.451513 0.083022 -0.672808 -0.061749
-5.799548 -0.672808 10.494606 0.956289
-0.499894 -0.061749 0.956289 0.125797
46.629575 1.663388 36.221747 1.249895
3.982871 0.479810 -6.417022 -0.537925
0.479810 0.084475 -0.711639 -0.063963
-6.417022 -0.711639 11.402903 1.008541
-0.537925 -0.063963 1.008541 0.128641
