3.443608 2.339567 2.391180 0.064446
2.053490 0.821414 -0.226717 -0.090689
0.821414 80.332639 -0.090689 -0.036276
-0.226717 -0.090689 3.101368 1.240574
-0.090689 -0.036276 1.240574 80.500307
5.943130 4.728283 3.161237 1.341627
3.316083 5.903995 -0.892575 -1.449603
5.903995 17.660900 -1.553497 -3.166414
-0.892575 -1.553497 2.080157 3.510779
-1.449603 -3.166414 3.510779 16.060833
7.020715 3.294890 2.885810 0.103575
1.853432 2.010460 -0.215406 -0.146208
2.010460 3.914391 -0.156367 -0.327154
-0.215406 -0.156367 2.263375 2.753301
-0.146208 -0.327154 2.753301 5.503754
8.999501 3.580342 4.762724 1.682892
1.554317 1.274412 -0.063396 -0.029961
1.274412 1.711419 -0.037596 -0.126490
-0.063396 -0.037596 1.921807 1.656422
-0.029961 -0.126490 1.656422 2.192831
7.257017 1.267366 6.046784 1.986119
1.283314 0.840448 -0.212631 -0.144747
0.840448 0.872031 -0.146483 -0.154068
-0.212631 -0.146483 1.835276 1.225132
-0.144747 -0.154068 1.225132 1.177692
7.279063 0.936405 5.888398 1.365496
1.252886 0.683884 -0.401739 -0.221089
0.683884 0.553298 -0.222487 -0.151667
-0.401739 -0.222487 1.615786 0.874813
-0.221089 -0.151667 0.874813 0.674260
8.220320 1.160870 7.991233 2.015358
1.162105 0.538270 -0.443558 -0.199690
0.538270 0.361918 -0.201051 -0.108300
-0.443558 -0.201051 1.484451 0.676960
-0.199690 -0.108300 0.676960 0.434561
9.190692 1.301155 6.577159 1.057989
1.114091 0.448116 -0.415958 -0.157332
0.448116 0.257325 -0.159226 -0.072102
-0.415958 -0.159226 1.266440 0.499211
-0.157332 -0.072102 0.499211 0.283126
8.236922 0.724143 6.939141 0.983878
0.973372 0.345752 -0.361804 -0.118329
0.345752 0.179727 -0.118726 -0.047316
-0.361804 -0.118726 1.182671 0.413558
-0.118329 -0.047316 0.413558 0.208285
9.573444 1.043816 7.823403 1.118954
0.906956 0.290169 -0.347785 -0.100943
0.290169 0.137635 -0.101386 -0.035839
-0.347785 -0.101386 1.090473 0.343001
-0.100943 -0.035839 0.343001 0.157781
10.364610 1.137086 9.580892 1.470470
0.836789 0.244663 -0.313156 -0.081354
0.244663 0.108781 -0.081666 -0.026234
-0.313156 -0.081666 1.000903 0.287435
-0.081354 -0.026234 0.287435 0.123752
11.305232 1.239780 10.346472 1.483209
0.786340 0.213035 -0.274636 -0.064332
0.213035 0.090131 -0.064900 -0.019255
-0.274636 -0.064900 0.901494 0.239464
-0.064332 -0.019255 0.239464 0.099196
12.305375 1.340813 11.336141 1.550721
0.736391 0.186935 -0.237799 -0.050738
0.186935 0.076746 -0.051304 -0.014307
-0.237799 -0.051304 0.822896 0.204919
-0.050738 -0.014307 0.204919 0.082912
12.137365 1.130043 11.614100 1.420672
0.690725 0.166101 -0.202816 -0.039681
0.166101 0.067214 -0.040182 -0.010708
-0.202816 -0.040182 0.757347 0.178892
-0.039681 -0.010708 0.178892 0.071675
12.830692 1.172283 13.324411 1.651911
0.655887 0.150868 -0.178625 -0.032522
0.150868 0.060679 -0.033021 -0.008483
-0.178625 -0.033021 0.704599 0.159453
-0.032522 -0.008483 0.159453 0.063859
12.939788 1.076563 15.100278 1.856559
0.627193 0.139285 -0.152534 -0.025750
0.139285 0.056097 -0.026307 -0.006609
-0.152534 -0.026307 0.654501 0.143280
-0.025750 -0.006609 0.143280 0.058049
13.820814 1.149599 15.870193 1.826655
0.605811 0.130931 -0.127392 -0.019854
0.130931 0.052973 -0.020525 -0.005122
-0.127392 -0.020525 0.608287 0.129995
-0.019854 -0.005122 0.129995 0.053741
14.588134 1.190515 16.763295 1.824725
0.585202 0.123857 -0.105810 -0.015295
0.123857 0.050615 -0.015956 -0.004035
-0.105810 -0.015956 0.573700 0.120700
-0.015295 -0.004035 0.120700 0.050872
14.911820 1.131056 17.457929 1.775755
0.566692 0.118138 -0.086923 -0.011658
0.118138 0.048895 -0.012269 -0.003212
-0.086923 -0.012269 0.546944 0.114024
-0.011658 -0.003212 0.114024 0.048921
15.943920 1.231862 18.731776 1.861508
0.551533 0.113815 -0.071446 -0.008945
0.113815 0.047705 -0.009508 -0.002625
-0.071446 -0.009508 0.525856 0.109152
-0.008945 -0.002625 0.109152 0.047575
16.848107 1.286364 19.128133 1.752915
0.537744 0.110304 -0.056515 -0.006467
0.110304 0.046843 -0.006969 -0.002105
-0.056515 -0.006969 0.509686 0.105733
-0.006467 -0.002105 0.105733 0.046678
17.314916 1.252688 20.317098 1.816551
0.525328 0.107456 -0.044422 -0.004667
0.107456 0.046219 -0.005094 -0.001736
-0.044422 -0.005094 0.498526 0.103589
-0.004667 -0.001736 0.103589 0.046127
17.928201 1.252633 21.605665 1.895895
0.515475 0.105428 -0.033607 -0.003139
0.105428 0.045827 -0.003512 -0.001423
-0.033607 -0.003512 0.489808 0.102068
-0.003139 -0.001423 0.102068 0.045748
18.461068 1.235396 22.894216 1.966635
0.507201 0.103908 -0.023911 -0.001834
0.103908 0.045570 -0.002161 -0.001151
-0.023911 -0.002161 0.483678 0.101136
-0.001834 -0.001151 0.101136 0.045514
19.380722 1.296413 23.639059 1.918060
0.499987 0.102718 -0.015488 -0.000771
0.102718 0.045392 -0.001053 -0.000923
-0.015488 -0.001053 0.479980 0.100707
-0.000771 -0.000923 0.100707 0.045391
19.561668 1.200506 24.738264 1.945843
0.493381 0.101717 -0.009220 -0.000120
0.101717 0.045251 -0.000354 -0.000771
-0.009220 -0.000354 0.478576 0.100708
-0.000120 -0.000771 0.100708 0.045355
20.250955 1.219875 26.152520 2.039152
0.487499 0.100903 -0.004049 0.000375
0.100903 0.045142 0.000181 -0.000639
-0.004049 0.000181 0.478667 0.100948
0.000375 -0.000639 0.100948 0.045361
21.092463 1.267896 27.076163 2.019235
0.481126 0.099999 -0.000346 0.000637
0.099999 0.045004 0.000480 -0.000545
-0.000346 0.000480 0.480990 0.101574
0.000637 -0.000545 0.101574 0.045440
21.636882 1.249293 28.355205 2.076093
0.474873 0.099135 0.001272 0.000548
0.099135 0.044865 0.000422 -0.000514
0.001272 0.000422 0.484588 0.102361
0.000548 -0.000514 0.102361 0.045544
22.133926 1.222557 29.310050 2.058543
0.468177 0.098184 0.001511 0.000277
0.098184 0.044699 0.000172 -0.000510
0.001511 0.000172 0.489784 0.103383
0.000277 -0.000510 0.103383 0.045689
23.038514 1.284318 30.402936 2.071786
0.461687 0.097285 0.000551 -0.000137
0.097285 0.044537 -0.000230 -0.000528
0.000551 -0.000230 0.495743 0.104455
-0.000137 -0.000528 0.104455 0.045838
23.132475 1.168370 31.293862 2.041755
0.455245 0.096397 -0.002452 -0.000875
0.096397 0.044370 -0.000965 -0.000608
-0.002452 -0.000965 0.502554 0.105611
-0.000875 -0.000608 0.105611 0.046002
23.940507 1.216423 31.810295 1.935937
0.449119 0.095569 -0.005107 -0.001421
0.095569 0.044207 -0.001514 -0.000640
-0.005107 -0.001514 0.509821 0.106772
-0.001421 -0.000640 0.106772 0.046167
25.222225 1.360307 32.979718 1.977549
0.444230 0.094992 -0.009204 -0.002188
0.094992 0.044090 -0.002291 -0.000721
-0.009204 -0.002291 0.516309 0.107696
-0.002188 -0.000721 0.107696 0.046284
25.579459 1.291078 33.411414 1.861932
0.439617 0.094435 -0.015738 -0.003376
0.094435 0.043967 -0.003508 -0.000893
-0.015738 -0.003508 0.523441 0.108714
-0.003376 -0.000893 0.108714 0.046430
26.669945 1.386970 34.064521 1.804638
0.436052 0.094064 -0.021633 -0.004321
0.094064 0.043875 -0.004476 -0.001009
-0.021633 -0.004476 0.529797 0.109529
-0.004321 -0.001009 0.109529 0.046540
27.087468 1.327083 34.858880 1.782118
0.433514 0.093861 -0.028886 -0.005478
0.093861 0.043808 -0.005671 -0.001176
-0.028886 -0.005671 0.535682 0.110232
-0.005478 -0.001176 0.110232 0.046637
27.216954 1.212791 36.651257 1.965814
0.431012 0.093601 -0.035103 -0.006349
0.093601 0.043719 -0.006563 -0.001284
-0.035103 -0.006563 0.541923 0.111010
-0.006349 -0.001284 0.111010 0.046760
28.235382 1.303393 37.905346 2.022371
0.427135 0.092999 -0.038139 -0.006544
0.092999 0.043552 -0.006723 -0.001255
-0.038139 -0.006723 0.549742 0.112114
-0.006544 -0.001255 0.112114 0.046959
28.395671 1.197890 39.437489 2.126427
0.423817 0.092513 -0.040263 -0.006595
0.092513 0.043413 -0.006733 -0.001218
-0.040263 -0.006733 0.556704 0.113015
-0.006595 -0.001218 0.113015 0.047117
29.234334 1.252011 40.854105 2.199035
0.421571 0.092261 -0.038361 -0.005882
0.092261 0.043331 -0.005934 -0.001036
-0.038361 -0.005934 0.560328 0.113251
-0.005882 -0.001036 0.113251 0.047149
29.958242 1.271838 41.606237 2.129462
0.421701 0.092509 -0.033861 -0.004757
0.092509 0.043358 -0.004725 -0.000799
-0.033861 -0.004725 0.558791 0.112519
-0.004757 -0.000799 0.112519 0.047003
30.390539 1.227550 42.775123 2.149384
0.423619 0.093077 -0.028658 -0.003629
0.093077 0.043445 -0.003540 -0.000593
-0.028658 -0.003540 0.553985 0.111277
-0.003629 -0.000593 0.111277 0.046783
30.942473 1.210737 43.191122 2.016758
0.428923 0.094297 -0.022324 -0.002388
0.094297 0.043665 -0.002271 -0.000385
-0.022324 -0.002271 0.543514 0.109077
-0.002388 -0.000385 0.109077 0.046398
31.411748 1.176927 43.329060 1.841122
0.435077 0.095551 -0.016803 -0.001428
0.095551 0.043872 -0.001308 -0.000251
-0.016803 -0.001308 0.532577 0.107014
-0.001428 -0.000251 0.107014 0.046072
32.752355 1.341812 44.253442 1.844838
0.440807 0.096576 -0.012395 -0.000773
0.096576 0.044018 -0.000659 -0.000181
-0.012395 -0.000659 0.523104 0.105428
-0.000773 -0.000181 0.105428 0.045859
33.458253 1.348575 44.910540 1.791239
0.452216 0.098751 -0.008690 -0.000276
0.098751 0.044414 -0.000217 -0.000143
-0.008690 -0.000217 0.506948 0.102602
-0.000276 -0.000143 0.102602 0.045394
33.794843 1.275510 45.925432 1.814648
0.466689 0.101396 -0.006943 -0.000186
0.101396 0.044892 -0.000201 -0.000180
-0.006943 -0.000201 0.489130 0.099626
-0.000186 -0.000180 0.099626 0.044909
34.765086 1.345412 45.950555 1.634098
0.484514 0.104544 -0.007911 -0.000623
0.104544 0.045456 -0.000721 -0.000310
-0.007911 -0.000721 0.470380 0.096618
-0.000623 -0.000310 0.096618 0.044421
35.070678 1.267017 46.851165 1.650821
0.502905 0.107567 -0.010998 -0.001430
0.107567 0.045972 -0.001586 -0.000493
-0.010998 -0.001586 0.453936 0.094212
-0.001430 -0.000493 0.094212 0.044050
