-0.772505 0.653086 1.411995 -0.327237
2.053490 0.821414 -0.226717 -0.090689
0.821414 80.332639 -0.090689 -0.036276
-0.226717 -0.090689 3.101368 1.240574
-0.090689 -0.036276 1.240574 80.500307
0.149574 1.766540 3.831026 4.064639
2.929518 5.196883 -1.762126 -2.931907
5.196883 16.368732 -3.077371 -5.764701
-1.762126 -3.077371 3.567452 6.016475
-2.931907 -5.764701 6.016475 20.281925
4.086604 5.077882 3.856983 2.089274
1.745394 1.936026 -0.551952 -0.446115
1.936026 3.817174 -0.420317 -0.634986
-0.551952 -0.420317 2.804264 3.160394
-0.446115 -0.634986 3.160394 5.939919
6.738737 5.146731 4.023254 1.365490
1.449582 1.202122 -0.370122 -0.249083
1.202122 1.624509 -0.240728 -0.328252
-0.370122 -0.240728 2.342460 1.927493
-0.249083 -0.328252 1.927493 2.479595
7.383237 3.865781 4.306954 1.081130
1.246383 0.821679 -0.265528 -0.156336
0.821679 0.842370 -0.153002 -0.180120
-0.265528 -0.153002 1.967695 1.275119
-0.156336 -0.180120 1.275119 1.257625
8.505018 3.426163 6.015521 1.705803
1.095553 0.598016 -0.233475 -0.123714
0.598016 0.494639 -0.122194 -0.116172
-0.233475 -0.122194 1.717560 0.919774
-0.123714 -0.116172 0.919774 0.734914
8.276737 2.521921 7.404125 1.956546
1.019010 0.474633 -0.289256 -0.135295
0.474633 0.326408 -0.135120 -0.094354
-0.289256 -0.135120 1.522430 0.695512
-0.135295 -0.094354 0.695512 0.469236
9.680247 2.579733 8.365638 1.949507
0.993487 0.402970 -0.329968 -0.133955
0.402970 0.235644 -0.134150 -0.074575
-0.329968 -0.134150 1.319662 0.526430
-0.133955 -0.074575 0.526430 0.312831
10.677556 2.473684 8.215926 1.549709
0.933662 0.334805 -0.314504 -0.111585
0.334805 0.173499 -0.111786 -0.053413
-0.314504 -0.111786 1.171638 0.416426
-0.111585 -0.053413 0.416426 0.222693
10.834571 2.123426 8.231308 1.301975
0.854767 0.275407 -0.283862 -0.089291
0.275407 0.131007 -0.089418 -0.037975
-0.283862 -0.089418 1.072390 0.345060
-0.089291 -0.037975 0.345060 0.168500
12.369069 2.261563 8.432052 1.170725
0.788008 0.231769 -0.258950 -0.073260
0.231769 0.103535 -0.073335 -0.028069
-0.258950 -0.073335 0.992338 0.292651
-0.073260 -0.028069 0.292651 0.132825
12.219744 1.912427 9.278329 1.235176
0.720784 0.196268 -0.224097 -0.057493
0.196268 0.084441 -0.057491 -0.020361
-0.224097 -0.057491 0.924424 0.252678
-0.057493 -0.020361 0.252678 0.108426
13.361482 1.959421 9.760121 1.201436
0.675828 0.172645 -0.202399 -0.047693
0.172645 0.072301 -0.047733 -0.015666
-0.202399 -0.047733 0.859218 0.219800
-0.047693 -0.015666 0.219800 0.090821
14.699746 2.049143 10.746039 1.297824
0.633726 0.153581 -0.178125 -0.038747
0.153581 0.063622 -0.038784 -0.011992
-0.178125 -0.038784 0.803528 0.194318
-0.038747 -0.011992 0.194318 0.078381
15.457833 1.994712 12.604053 1.576649
0.597250 0.138784 -0.152311 -0.030671
0.138784 0.057514 -0.030707 -0.009100
-0.152311 -0.030707 0.752499 0.173637
-0.030671 -0.009100 0.173637 0.069291
15.589762 1.811678 15.223868 1.979040
0.570916 0.128437 -0.128053 -0.023913
0.128437 0.053451 -0.024019 -0.006921
-0.128053 -0.024019 0.701358 0.155775
-0.023913 -0.006921 0.155775 0.062363
16.278602 1.758986 15.574242 1.838502
0.554689 0.121769 -0.104954 -0.018116
0.121769 0.050865 -0.018361 -0.005233
-0.104954 -0.018361 0.649420 0.140062
-0.018116 -0.005233 0.140062 0.056992
16.808071 1.679759 16.036541 1.738520
0.539599 0.116243 -0.086624 -0.013929
0.116243 0.048938 -0.014212 -0.004063
-0.086624 -0.014212 0.611006 0.129090
-0.013929 -0.004063 0.129090 0.053398
16.931098 1.533319 17.813373 1.922833
0.526471 0.111862 -0.071790 -0.010829
0.111862 0.047550 -0.011108 -0.003228
-0.071790 -0.011108 0.581354 0.121156
-0.010829 -0.003228 0.121156 0.050925
17.410181 1.468522 18.188891 1.799096
0.517652 0.108967 -0.057947 -0.008128
0.108967 0.046681 -0.008419 -0.002545
-0.057947 -0.008419 0.554647 0.114652
-0.008128 -0.002545 0.114652 0.049066
18.308700 1.504177 19.277009 1.839189
0.509853 0.106655 -0.046915 -0.006171
0.106655 0.046058 -0.006445 -0.002060
-0.046915 -0.006445 0.534512 0.110106
-0.006171 -0.002060 0.110106 0.047822
18.531754 1.395556 20.522835 1.903246
0.503013 0.104838 -0.036651 -0.004451
0.104838 0.045624 -0.004694 -0.001648
-0.036651 -0.004694 0.518943 0.106880
-0.004451 -0.001648 0.106880 0.046980
19.335848 1.416487 21.227994 1.852884
0.497868 0.103592 -0.027670 -0.003043
0.103592 0.045363 -0.003259 -0.001317
-0.027670 -0.003259 0.506456 0.104514
-0.003043 -0.001317 0.104514 0.046390
19.884902 1.385150 22.591381 1.942716
0.493178 0.102580 -0.020296 -0.001991
0.102580 0.045177 -0.002175 -0.001068
-0.020296 -0.002175 0.497585 0.103022
-0.001991 -0.001068 0.103022 0.046023
20.671187 1.406756 24.201787 2.075932
0.488970 0.101772 -0.013998 -0.001153
0.101772 0.045050 -0.001305 -0.000864
-0.013998 -0.001305 0.491441 0.102136
-0.001153 -0.000864 0.102136 0.045799
20.941065 1.315946 25.059826 2.037211
0.484414 0.100962 -0.009079 -0.000578
0.100962 0.044927 -0.000697 -0.000714
-0.009079 -0.000697 0.488274 0.101855
-0.000578 -0.000714 0.101855 0.045704
21.469570 1.289781 26.599084 2.145923
0.480118 0.100266 -0.005476 -0.000233
0.100266 0.044831 -0.000325 -0.000608
-0.005476 -0.000325 0.486917 0.101888
-0.000233 -0.000608 0.101888 0.045669
22.191926 1.306351 28.020499 2.219100
0.474876 0.099412 -0.003277 -0.000124
0.099412 0.044698 -0.000192 -0.000546
-0.003277 -0.000192 0.488190 0.102390
-0.000124 -0.000546 0.102390 0.045723
22.927223 1.323429 28.781792 2.146020
0.468767 0.098422 -0.002963 -0.000340
0.098422 0.044535 -0.000389 -0.000545
-0.002963 -0.000389 0.491764 0.103264
-0.000340 -0.000545 0.103264 0.045843
23.704466 1.347745 29.625894 2.097977
0.463171 0.097589 -0.004404 -0.000832
0.097589 0.044404 -0.000872 -0.000594
-0.004404 -0.000872 0.495952 0.104138
-0.000832 -0.000594 0.104138 0.045951
24.210405 1.312237 30.406103 2.041601
0.457983 0.096868 -0.007489 -0.001567
0.096868 0.044291 -0.001605 -0.000685
-0.007489 -0.001605 0.500706 0.105021
-0.001567 -0.000685 0.105021 0.046055
24.937609 1.327344 31.875700 2.135554
0.453197 0.096237 -0.011290 -0.002343
0.096237 0.044189 -0.002385 -0.000778
-0.011290 -0.002385 0.505894 0.105902
-0.002343 -0.000778 0.105902 0.046158
25.594639 1.325813 32.544579 2.052265
0.447653 0.095437 -0.016383 -0.003293
0.095437 0.044041 -0.003346 -0.000904
-0.016383 -0.003346 0.513045 0.107115
-0.003293 -0.000904 0.107115 0.046331
25.981849 1.266747 33.517454 2.040983
0.443103 0.094852 -0.022050 -0.004267
0.094852 0.043934 -0.004335 -0.001033
-0.022050 -0.004335 0.519903 0.108170
-0.004267 -0.001033 0.108170 0.046469
26.521815 1.245857 33.942606 1.917448
0.438619 0.094261 -0.027305 -0.005076
0.094261 0.043815 -0.005154 -0.001128
-0.027305 -0.005154 0.527427 0.109296
-0.005076 -0.001128 0.109296 0.046627
27.439885 1.308802 34.530408 1.841484
0.435309 0.093902 -0.032578 -0.005836
0.093902 0.043738 -0.005929 -0.001219
-0.032578 -0.005929 0.534011 0.110165
-0.005836 -0.001219 0.110165 0.046736
28.286083 1.349894 35.286563 1.808195
0.433005 0.093715 -0.038793 -0.006754
0.093715 0.043687 -0.006874 -0.001354
-0.038793 -0.006874 0.540064 0.110896
-0.006754 -0.001354 0.110896 0.046825
28.432112 1.236353 36.584557 1.886882
0.431125 0.093563 -0.045270 -0.007685
0.093563 0.043632 -0.007834 -0.001497
-0.045270 -0.007834 0.546229 0.111642
-0.007685 -0.001497 0.111642 0.046929
28.803106 1.181345 37.284761 1.836160
0.428047 0.093109 -0.048697 -0.007968
0.093109 0.043506 -0.008089 -0.001504
-0.048697 -0.008089 0.553430 0.112608
-0.007968 -0.001504 0.112608 0.047089
28.983282 1.093571 38.571463 1.908791
0.425256 0.092709 -0.050701 -0.007999
0.092709 0.043393 -0.008078 -0.001475
-0.050701 -0.008078 0.559786 0.113388
-0.007999 -0.001475 0.113388 0.047217
29.549557 1.100336 39.938364 1.992330
0.422467 0.092312 -0.049240 -0.007390
0.092312 0.043285 -0.007383 -0.001328
-0.049240 -0.007383 0.564475 0.113853
-0.007390 -0.001328 0.113853 0.047292
29.342689 0.936132 41.263153 2.053611
0.420928 0.092194 -0.044752 -0.006278
0.092194 0.043241 -0.006174 -0.001100
-0.044752 -0.006174 0.565458 0.113624
-0.006278 -0.001100 0.113624 0.047242
29.645437 0.898912 42.163086 2.027039
0.421790 0.092583 -0.037477 -0.004739
0.092583 0.043308 -0.004551 -0.000812
-0.037477 -0.004551 0.561014 0.112419
-0.004739 -0.000812 0.112419 0.047019
30.439834 0.979945 43.972624 2.188814
0.424780 0.093359 -0.029957 -0.003307
0.093359 0.043446 -0.003076 -0.000576
-0.029957 -0.003076 0.553168 0.110707
-0.003307 -0.000576 0.110707 0.046724
31.290297 1.060314 45.241465 2.225880
0.434051 0.095409 -0.021810 -0.001847
0.095409 0.043851 -0.001658 -0.000355
-0.021810 -0.001658 0.535830 0.107291
-0.001847 -0.000355 0.107291 0.046115
31.768588 1.043858 45.364131 2.026498
0.448357 0.098327 -0.015666 -0.000886
0.098327 0.044410 -0.000807 -0.000251
-0.015666 -0.000807 0.513859 0.103246
-0.000886 -0.000251 0.103246 0.045420
32.542647 1.097846 46.131550 1.977804
0.461384 0.100669 -0.011274 -0.000345
0.100669 0.044804 -0.000341 -0.000220
-0.011274 -0.000341 0.496392 0.100415
-0.000345 -0.000220 0.100415 0.045001
33.258334 1.132711 46.744026 1.901526
0.477388 0.103456 -0.009471 -0.000329
0.103456 0.045281 -0.000419 -0.000283
-0.009471 -0.000419 0.478112 0.097563
-0.000329 -0.000283 0.097563 0.044571
33.643195 1.092594 47.281590 1.815816
0.495336 0.106443 -0.010293 -0.000807
0.106443 0.045787 -0.000980 -0.000425
-0.010293 -0.000980 0.460700 0.094998
-0.000807 -0.000425 0.094998 0.044186
34.770213 1.216441 48.303582 1.840891
0.513497 0.109268 -0.012911 -0.001576
0.109268 0.046248 -0.001796 -0.000598
-0.012911 -0.001796 0.445724 0.092994
-0.001576 -0.000598 0.092994 0.043895
