33.279410 0.712882 49.470846 1.905410
0.567890 0.118126 -0.039532 -0.007118
0.118126 0.047845 -0.007311 -0.001563
-0.039532 -0.007311 0.415599 0.088815
-0.007118 -0.001563 0.088815 0.043090
29.309585 -0.179249 49.269602 1.640909
0.581170 0.119243 -0.040115 -0.006766
0.119243 0.047907 -0.006977 -0.001401
-0.040115 -0.006977 0.409293 0.088589
-0.006766 -0.001401 0.088589 0.043104
25.452808 -0.950587 48.241290 1.220307
0.575985 0.116740 -0.033142 -0.004914
0.116740 0.047295 -0.005169 -0.000964
-0.033142 -0.005169 0.411084 0.089970
-0.004914 -0.000964 0.089970 0.043419
22.265950 -1.504689 46.703180 0.734199
0.558500 0.112232 -0.025146 -0.003106
0.112232 0.046390 -0.003356 -0.000586
-0.025146 -0.003356 0.419739 0.092549
-0.003106 -0.000586 0.092549 0.043930
18.879099 -2.045107 43.878927 0.016754
0.535386 0.107193 -0.018521 -0.001814
0.107193 0.045489 -0.002001 -0.000348
-0.018521 -0.002001 0.433292 0.095803
-0.001814 -0.000348 0.095803 0.044520
16.725285 -2.284505 40.410392 -0.755465
0.506410 0.101538 -0.012170 -0.000720
0.101538 0.044547 -0.000813 -0.000162
-0.012170 -0.000813 0.453620 0.100128
-0.000720 -0.000162 0.100128 0.045288
15.791573 -2.254356 36.113462 -1.614626
0.476851 0.096295 0.000238 0.001627
0.096295 0.043745 0.001511 0.000271
0.000238 0.001511 0.479128 0.105119
0.001627 0.000271 0.105119 0.046149
14.191059 -2.360736 30.737823 -2.607535
0.462338 0.094499 0.020283 0.005476
0.094499 0.043662 0.005194 0.000983
0.020283 0.005194 0.495602 0.107645
0.005476 0.000983 0.107645 0.046425
12.954604 -2.374605 25.257538 -3.504208
0.469655 0.097199 0.032678 0.007358
0.097199 0.044445 0.007027 0.001256
0.032678 0.007027 0.489443 0.105100
0.007358 0.001256 0.105100 0.045628
11.059093 -2.518756 20.469402 -4.150414
0.482875 0.100751 0.028628 0.005619
0.100751 0.045290 0.005402 0.000796
0.028628 0.005402 0.474424 0.101061
0.005619 0.000796 0.101061 0.044642
10.254757 -2.420791 17.283966 -4.387228
0.496174 0.103917 0.012961 0.001689
0.103917 0.045957 0.001625 -0.000047
0.012961 0.001625 0.459563 0.097594
0.001689 -0.000047 0.097594 0.043908
9.518254 -2.320433 14.661009 -4.479589
0.507749 0.106368 -0.007800 -0.002851
0.106368 0.046407 -0.002787 -0.000928
-0.007800 -0.002787 0.449572 0.095564
-0.002851 -0.000928 0.095564 0.043556
8.648778 -2.259405 12.256587 -4.515136
0.518274 0.108325 -0.031423 -0.007526
0.108325 0.046715 -0.007351 -0.001766
-0.031423 -0.007351 0.444854 0.094846
-0.007526 -0.001766 0.094846 0.043502
8.711693 -2.011244 10.551665 -4.396940
0.528726 0.110047 -0.056985 -0.012190
0.110047 0.046952 -0.011904 -0.002550
-0.056985 -0.011904 0.445179 0.095216
-0.012190 -0.002550 0.095216 0.043662
8.819249 -1.777665 9.586969 -4.129495
0.531598 0.110004 -0.084047 -0.016826
0.110004 0.046810 -0.016377 -0.003294
-0.084047 -0.016377 0.456335 0.097783
-0.016826 -0.003294 0.097783 0.044250
9.224865 -1.501348 9.169917 -3.768373
0.527248 0.108475 -0.107054 -0.020323
0.108475 0.046387 -0.019651 -0.003778
-0.107054 -0.019651 0.475317 0.101707
-0.020323 -0.003778 0.101707 0.045056
10.017945 -1.166359 9.152216 -3.354585
0.518150 0.106155 -0.122892 -0.022177
0.106155 0.045853 -0.021256 -0.003936
-0.122892 -0.021256 0.496913 0.105797
-0.022177 -0.003936 0.105797 0.045825
11.328484 -0.754982 9.103599 -2.985023
0.507083 0.103712 -0.131136 -0.022475
0.103712 0.045352 -0.021338 -0.003826
-0.131136 -0.021338 0.516598 0.109143
-0.022475 -0.003826 0.109143 0.046387
12.202366 -0.474952 8.992461 -2.674370
0.492861 0.100926 -0.130754 -0.021187
0.100926 0.044831 -0.019856 -0.003463
-0.130754 -0.019856 0.533239 0.111668
-0.021187 -0.003463 0.111668 0.046767
12.960056 -0.235453 9.613550 -2.246155
0.479172 0.098526 -0.125844 -0.019285
0.098526 0.044423 -0.017812 -0.003062
-0.125844 -0.017812 0.546246 0.113331
-0.019285 -0.003062 0.113331 0.046977
13.985407 0.037266 10.350577 -1.838845
0.469835 0.097199 -0.120029 -0.017493
0.097199 0.044244 -0.016023 -0.002769
-0.120029 -0.016023 0.553734 0.113809
-0.017493 -0.002769 0.113809 0.046959
14.824149 0.243132 11.246772 -1.449066
0.462920 0.096443 -0.112135 -0.015546
0.096443 0.044172 -0.014167 -0.002498
-0.112135 -0.014167 0.556189 0.113370
-0.015546 -0.002498 0.113370 0.046800
16.192884 0.551306 12.914971 -0.936576
0.458466 0.096193 -0.103042 -0.013601
0.096193 0.044184 -0.012382 -0.002264
-0.103042 -0.012382 0.554191 0.112220
-0.013601 -0.002264 0.112220 0.046549
16.680278 0.623379 14.015645 -0.612624
0.456056 0.096349 -0.090733 -0.011216
0.096349 0.044263 -0.010198 -0.001959
-0.090733 -0.010198 0.546694 0.110238
-0.011216 -0.001959 0.110238 0.046190
17.261768 0.721035 16.169686 -0.107824
0.455881 0.096855 -0.078842 -0.009134
0.096855 0.044386 -0.008328 -0.001726
-0.078842 -0.008328 0.537116 0.108114
-0.009134 -0.001726 0.108114 0.045850
17.653787 0.748316 17.493225 0.172502
0.458668 0.097873 -0.065848 -0.006970
0.097873 0.044594 -0.006399 -0.001472
-0.065848 -0.006399 0.523839 0.105519
-0.006970 -0.001472 0.105519 0.045453
18.351588 0.841846 19.360046 0.538732
0.462493 0.098923 -0.053697 -0.005124
0.098923 0.044779 -0.004734 -0.001266
-0.053697 -0.004734 0.511226 0.103312
-0.005124 -0.001266 0.103312 0.045159
19.202967 0.948874 20.866586 0.795890
0.466711 0.099899 -0.041518 -0.003365
0.099899 0.044931 -0.003096 -0.001050
-0.041518 -0.003096 0.499724 0.101515
-0.003365 -0.001050 0.101515 0.044956
20.167113 1.070308 22.927348 1.141331
0.470238 0.100584 -0.030401 -0.001892
0.100584 0.045009 -0.001688 -0.000866
-0.030401 -0.001688 0.490934 0.100373
-0.001892 -0.000866 0.100373 0.044876
20.756649 1.091019 24.635788 1.376303
0.472473 0.100899 -0.020643 -0.000722
0.100899 0.045008 -0.000544 -0.000717
-0.020643 -0.000544 0.485173 0.099870
-0.000722 -0.000717 0.099870 0.044900
21.647312 1.170430 26.264679 1.573305
0.472999 0.100807 -0.013044 0.000018
0.100807 0.044929 0.000189 -0.000628
-0.013044 0.000189 0.482535 0.099955
0.000018 -0.000628 0.099955 0.045011
22.530681 1.238546 28.093894 1.791712
0.471410 0.100276 -0.008227 0.000245
0.100276 0.044772 0.000413 -0.000616
-0.008227 0.000413 0.483032 0.100583
0.000245 -0.000616 0.100583 0.045196
23.247465 1.262663 30.103905 2.024895
0.467385 0.099288 -0.006425 -0.000045
0.099288 0.044540 0.000120 -0.000682
-0.006425 0.000120 0.486750 0.101736
-0.000045 -0.000682 0.101736 0.045452
24.375836 1.368966 31.488466 2.103682
0.460804 0.097865 -0.007270 -0.000735
0.097865 0.044241 -0.000580 -0.000799
-0.007270 -0.000580 0.493904 0.103434
-0.000735 -0.000799 0.103434 0.045785
25.330289 1.427366 33.345151 2.272509
0.453795 0.096489 -0.011248 -0.001904
0.096489 0.043978 -0.001774 -0.000990
-0.011248 -0.001774 0.502485 0.105224
-0.001904 -0.000990 0.105224 0.046103
25.788668 1.372681 34.199601 2.213423
0.445917 0.095043 -0.017119 -0.003271
0.095043 0.043715 -0.003175 -0.001197
-0.017119 -0.003175 0.513365 0.107304
-0.003271 -0.001197 0.107304 0.046457
27.308478 1.551495 35.783605 2.313499
0.439154 0.093938 -0.022792 -0.004405
0.093938 0.043534 -0.004344 -0.001334
-0.022792 -0.004344 0.523922 0.109121
-0.004405 -0.001334 0.109121 0.046736
28.058217 1.545663 36.766074 2.277331
0.433071 0.093028 -0.030019 -0.005724
0.093028 0.043390 -0.005706 -0.001506
-0.030019 -0.005706 0.535086 0.110916
-0.005724 -0.001506 0.110916 0.047003
29.143704 1.612528 37.583031 2.211551
0.428106 0.092379 -0.036084 -0.006668
0.092379 0.043295 -0.006683 -0.001595
-0.036084 -0.006683 0.545386 0.112408
-0.006668 -0.001595 0.112408 0.047206
29.847345 1.591193 39.021462 2.279489
0.424369 0.091981 -0.041529 -0.007411
0.091981 0.043239 -0.007452 -0.001650
-0.041529 -0.007452 0.554402 0.113562
-0.007411 -0.001650 0.113562 0.047347
30.870773 1.640831 40.150691 2.278135
0.421474 0.091741 -0.042637 -0.007231
0.091741 0.043204 -0.007246 -0.001520
-0.042637 -0.007246 0.560619 0.114130
-0.007231 -0.001520 0.114130 0.047386
31.251693 1.543721 41.085185 2.234818
0.420378 0.091856 -0.040315 -0.006411
0.091856 0.043234 -0.006374 -0.001284
-0.040315 -0.006374 0.562259 0.113822
-0.006411 -0.001284 0.113822 0.047273
32.137279 1.567704 41.996780 2.193807
0.421587 0.092409 -0.035217 -0.005144
0.092409 0.043343 -0.005045 -0.000990
-0.035217 -0.005045 0.558678 0.112598
-0.005144 -0.000990 0.112598 0.047012
33.104512 1.605633 42.607069 2.096753
0.426143 0.093592 -0.028313 -0.003651
0.093592 0.043572 -0.003512 -0.000687
-0.028313 -0.003512 0.548976 0.110350
-0.003651 -0.000687 0.110350 0.046587
33.162326 1.442195 43.738177 2.109948
0.433933 0.095324 -0.021316 -0.002281
0.095324 0.043895 -0.002141 -0.000440
-0.021316 -0.002141 0.534875 0.107485
-0.002281 -0.000440 0.107485 0.046082
33.835230 1.432782 45.062232 2.163980
0.445949 0.097779 -0.015452 -0.001248
0.097779 0.044349 -0.001161 -0.000285
-0.015452 -0.001161 0.516371 0.104011
-0.001248 -0.000285 0.104011 0.045491
34.665603 1.457066 45.979835 2.131089
0.464652 0.101434 -0.013037 -0.000969
0.101434 0.045032 -0.001017 -0.000298
-0.013037 -0.001017 0.492528 0.099730
-0.000969 -0.000298 0.099730 0.044764
35.227922 1.419752 46.636055 2.046932
0.487696 0.105673 -0.015102 -0.001597
0.105673 0.045797 -0.001806 -0.000489
-0.015102 -0.001806 0.468579 0.095712
-0.001597 -0.000489 0.095712 0.044112
35.741784 1.376999 47.407134 1.994200
0.511986 0.109803 -0.020308 -0.002796
0.109803 0.046499 -0.003126 -0.000766
-0.020308 -0.003126 0.448183 0.092631
-0.002796 -0.000766 0.092631 0.043653
36.493529 1.389987 48.246073 1.961211
0.537353 0.113837 -0.028583 -0.004518
0.113837 0.047157 -0.004916 -0.001117
-0.028583 -0.004916 0.431330 0.090361
-0.004518 -0.001117 0.090361 0.043334
