32.610983 0.472483 49.264310 2.107659
0.542656 0.115083 -0.035650 -0.005819
0.115083 0.047458 -0.006296 -0.001471
-0.035650 -0.006296 0.429505 0.089784
-0.005819 -0.001471 0.089784 0.043184
28.763391 -0.385583 49.266456 1.869525
0.558299 0.116709 -0.034723 -0.005391
0.116709 0.047576 -0.005862 -0.001306
-0.034723 -0.005862 0.419872 0.089134
-0.005391 -0.001306 0.089134 0.043194
24.828423 -1.164993 48.306952 1.446349
0.558661 0.115230 -0.028508 -0.003931
0.115230 0.047109 -0.004371 -0.000949
-0.028508 -0.004371 0.418703 0.090145
-0.003931 -0.000949 0.090145 0.043495
21.461591 -1.741512 46.884024 0.967776
0.547182 0.111700 -0.021580 -0.002499
0.111700 0.046328 -0.002877 -0.000634
-0.021580 -0.002877 0.424728 0.092410
-0.002499 -0.000634 0.092410 0.043988
18.571206 -2.160589 44.650517 0.365076
0.529700 0.107482 -0.015901 -0.001482
0.107482 0.045520 -0.001774 -0.000431
-0.015901 -0.001774 0.435580 0.095326
-0.001482 -0.000431 0.095326 0.044541
16.234791 -2.423806 41.886511 -0.284998
0.506928 0.102719 -0.010956 -0.000708
0.102719 0.044691 -0.000900 -0.000288
-0.010956 -0.000900 0.451983 0.099037
-0.000708 -0.000288 0.099037 0.045202
14.753979 -2.487807 37.897326 -1.125999
0.480657 0.097746 -0.002630 0.000766
0.097746 0.043885 0.000614 -0.000006
-0.002630 0.000614 0.474504 0.103641
0.000766 -0.000006 0.103641 0.046003
13.661903 -2.464653 32.667280 -2.137278
0.461735 0.094715 0.018358 0.004906
0.094715 0.043514 0.004612 0.000809
0.018358 0.004612 0.495448 0.107425
0.004906 0.000809 0.107425 0.046575
11.975823 -2.559927 27.541272 -3.008138
0.467153 0.096869 0.036296 0.008040
0.096869 0.044192 0.007671 0.001367
0.036296 0.007671 0.493043 0.105815
0.008040 0.001367 0.105815 0.045965
10.631896 -2.567941 22.578041 -3.744928
0.482640 0.100820 0.037497 0.007355
0.100820 0.045140 0.007099 0.001125
0.037497 0.007099 0.476983 0.101558
0.007355 0.001125 0.101558 0.044898
8.987510 -2.637247 18.624424 -4.186064
0.497555 0.104235 0.025427 0.004028
0.104235 0.045873 0.003947 0.000392
0.025427 0.003947 0.460297 0.097718
0.004028 0.000392 0.097718 0.044059
8.079325 -2.548861 15.853951 -4.331498
0.511694 0.107143 0.007171 -0.000186
0.107143 0.046432 -0.000096 -0.000438
0.007171 -0.000096 0.446660 0.094961
-0.000186 -0.000438 0.094961 0.043536
8.255229 -2.247167 13.978096 -4.273958
0.525414 0.109669 -0.012552 -0.004246
0.109669 0.046866 -0.004010 -0.001161
-0.012552 -0.004010 0.437056 0.093310
-0.004246 -0.001161 0.093310 0.043283
8.308415 -2.002801 11.765970 -4.292235
0.536869 0.111486 -0.034478 -0.008380
0.111486 0.047127 -0.008009 -0.001853
-0.034478 -0.008009 0.432876 0.092912
-0.008380 -0.001853 0.092912 0.043294
8.941548 -1.665599 10.584210 -4.084282
0.544219 0.112296 -0.060585 -0.013068
0.112296 0.047175 -0.012529 -0.002627
-0.060585 -0.012529 0.436400 0.094109
-0.013068 -0.002627 0.094109 0.043615
9.471496 -1.382706 9.760450 -3.817034
0.541146 0.110905 -0.086428 -0.017380
0.110905 0.046782 -0.016614 -0.003292
-0.086428 -0.016614 0.451238 0.097516
-0.017380 -0.003292 0.097516 0.044351
10.632782 -0.993647 9.538944 -3.441179
0.529741 0.107985 -0.106137 -0.020161
0.107985 0.046128 -0.019131 -0.003630
-0.106137 -0.019131 0.473142 0.102038
-0.020161 -0.003630 0.102038 0.045246
11.387958 -0.720805 9.646122 -3.035297
0.513446 0.104420 -0.116011 -0.020805
0.104420 0.045416 -0.019539 -0.003559
-0.116011 -0.019539 0.495858 0.106303
-0.020805 -0.003559 0.106303 0.046013
12.396305 -0.416887 10.019430 -2.613653
0.499385 0.101689 -0.120319 -0.020407
0.101689 0.044935 -0.018989 -0.003350
-0.120319 -0.018989 0.514668 0.109364
-0.020407 -0.003350 0.109364 0.046479
13.395339 -0.140128 10.625349 -2.189936
0.487428 0.099660 -0.119627 -0.019183
0.099660 0.044625 -0.017709 -0.003054
-0.119627 -0.017709 0.528411 0.111164
-0.019183 -0.003054 0.111164 0.046677
14.068288 0.044712 11.474140 -1.768318
0.477912 0.098303 -0.115189 -0.017453
0.098303 0.044457 -0.016020 -0.002734
-0.115189 -0.016020 0.536687 0.111789
-0.017453 -0.002734 0.111789 0.046658
14.720467 0.211329 12.705221 -1.315560
0.471756 0.097710 -0.108817 -0.015604
0.097710 0.044432 -0.014311 -0.002457
-0.108817 -0.014311 0.539337 0.111335
-0.015604 -0.002457 0.111335 0.046462
15.396388 0.370814 14.404239 -0.816828
0.468785 0.097773 -0.100430 -0.013595
0.097773 0.044518 -0.012528 -0.002194
-0.100430 -0.012528 0.536170 0.109887
-0.013595 -0.002194 0.109887 0.046123
16.322882 0.547118 15.134842 -0.570129
0.468631 0.098363 -0.089507 -0.011303
0.098363 0.044687 -0.010515 -0.001903
-0.089507 -0.010515 0.527503 0.107612
-0.011303 -0.001903 0.107612 0.045682
16.947673 0.648352 16.535260 -0.217968
0.468123 0.098734 -0.077732 -0.009112
0.098734 0.044775 -0.008510 -0.001636
-0.077732 -0.008510 0.519249 0.105754
-0.009112 -0.001636 0.105754 0.045386
18.085159 0.834753 17.291236 -0.029002
0.469071 0.099304 -0.065399 -0.007002
0.099304 0.044885 -0.006568 -0.001386
-0.065399 -0.006568 0.509725 0.103879
-0.007002 -0.001386 0.103879 0.045119
18.910676 0.937871 18.483200 0.224186
0.469360 0.099604 -0.053172 -0.005092
0.099604 0.044919 -0.004748 -0.001160
-0.053172 -0.004748 0.502101 0.102594
-0.005092 -0.001160 0.102594 0.044991
20.084843 1.114846 20.871872 0.700913
0.470272 0.099945 -0.041604 -0.003423
0.099945 0.044954 -0.003148 -0.000967
-0.041604 -0.003148 0.495186 0.101560
-0.003423 -0.000967 0.101560 0.044911
20.734200 1.143260 22.115754 0.886339
0.471928 0.100368 -0.030162 -0.001838
0.100368 0.045003 -0.001618 -0.000768
-0.030162 -0.001618 0.488695 0.100677
-0.001838 -0.000768 0.100677 0.044851
21.611377 1.219053 23.891963 1.165014
0.473374 0.100655 -0.020948 -0.000752
0.100655 0.045017 -0.000570 -0.000649
-0.020948 -0.000570 0.484086 0.100199
-0.000752 -0.000649 0.100199 0.044854
22.243571 1.232960 25.924408 1.466866
0.473861 0.100679 -0.014081 -0.000136
0.100679 0.044975 0.000024 -0.000598
-0.014081 0.000024 0.481675 0.100149
-0.000136 -0.000598 0.100149 0.044922
23.719954 1.420128 27.639337 1.675550
0.472390 0.100269 -0.009785 0.000010
0.100269 0.044850 0.000164 -0.000611
-0.009785 0.000164 0.482104 0.100625
0.000010 -0.000611 0.100625 0.045073
24.663724 1.472738 29.398823 1.869218
0.469335 0.099553 -0.009639 -0.000598
0.099553 0.044673 -0.000456 -0.000751
-0.009639 -0.000456 0.484878 0.101481
-0.000598 -0.000751 0.101481 0.045271
25.113102 1.412115 30.451680 1.893417
0.464542 0.098537 -0.012669 -0.001698
0.098537 0.044451 -0.001569 -0.000956
-0.012669 -0.001569 0.490161 0.102734
-0.001698 -0.000956 0.102734 0.045525
25.806387 1.410468 32.017548 2.023199
0.459306 0.097520 -0.016823 -0.002829
0.097520 0.044248 -0.002718 -0.001134
-0.016823 -0.002718 0.496596 0.104081
-0.002829 -0.001134 0.104081 0.045772
26.901074 1.494168 33.567432 2.136422
0.453041 0.096364 -0.022504 -0.004101
0.096364 0.044028 -0.004009 -0.001319
-0.022504 -0.004009 0.505193 0.105740
-0.004101 -0.001319 0.105740 0.046065
27.928369 1.554690 35.059970 2.225454
0.446635 0.095255 -0.029998 -0.005584
0.095255 0.043825 -0.005516 -0.001533
-0.029998 -0.005516 0.515406 0.107579
-0.005584 -0.001533 0.107579 0.046378
29.078172 1.635745 36.748419 2.345972
0.440373 0.094235 -0.037882 -0.006985
0.094235 0.043644 -0.006941 -0.001719
-0.037882 -0.006941 0.526870 0.109521
-0.006985 -0.001719 0.109521 0.046697
30.343900 1.732503 38.060155 2.375948
0.434174 0.093267 -0.044481 -0.007993
0.093267 0.043472 -0.007957 -0.001818
-0.044481 -0.007957 0.539154 0.111489
-0.007993 -0.001818 0.111489 0.047011
30.591325 1.600121 39.606920 2.447521
0.428866 0.092520 -0.048811 -0.008464
0.092520 0.043344 -0.008417 -0.001814
-0.048811 -0.008417 0.550209 0.113081
-0.008464 -0.001814 0.113081 0.047245
31.060425 1.527692 40.719766 2.423313
0.425106 0.092133 -0.046638 -0.007598
0.092133 0.043289 -0.007487 -0.001544
-0.046638 -0.007487 0.556093 0.113568
-0.007598 -0.001544 0.113568 0.047263
31.231209 1.396506 41.599840 2.352788
0.424111 0.092326 -0.040997 -0.006149
0.092326 0.043347 -0.005972 -0.001197
-0.040997 -0.005972 0.555866 0.112880
-0.006149 -0.001197 0.112880 0.047073
32.344000 1.489340 43.151204 2.430972
0.425848 0.093031 -0.033876 -0.004566
0.093031 0.043496 -0.004346 -0.000866
-0.033876 -0.004346 0.550656 0.111352
-0.004566 -0.000866 0.111352 0.046754
32.929684 1.452882 44.072811 2.370767
0.434891 0.095212 -0.025209 -0.002805
0.095212 0.043943 -0.002618 -0.000539
-0.025209 -0.002618 0.533956 0.107735
-0.002805 -0.000539 0.107735 0.046060
33.447627 1.408441 45.501875 2.419034
0.448101 0.098028 -0.018486 -0.001588
0.098028 0.044482 -0.001488 -0.000354
-0.018486 -0.001488 0.513793 0.103790
-0.001588 -0.000354 0.103790 0.045361
33.924902 1.357898 46.467453 2.368552
0.467573 0.101893 -0.015650 -0.001233
0.101893 0.045204 -0.001297 -0.000361
-0.015650 -0.001297 0.489507 0.099342
-0.001233 -0.000361 0.099342 0.044600
34.411915 1.313937 46.994417 2.233265
0.489780 0.105961 -0.016399 -0.001615
0.105961 0.045920 -0.001836 -0.000505
-0.016399 -0.001836 0.466790 0.095531
-0.001615 -0.000505 0.095531 0.043996
34.309507 1.148654 47.313965 2.065776
0.512167 0.109706 -0.019508 -0.002428
0.109706 0.046532 -0.002758 -0.000708
-0.019508 -0.002758 0.447933 0.092718
-0.002428 -0.000708 0.092718 0.043597
34.725702 1.113620 47.819494 1.954635
0.531068 0.112434 -0.022249 -0.003083
0.112434 0.046915 -0.003448 -0.000843
-0.022249 -0.003448 0.434405 0.091095
-0.003083 -0.000843 0.091095 0.043418
35.204686 1.096918 48.649817 1.923147
0.549898 0.115007 -0.026858 -0.004062
0.115007 0.047282 -0.004427 -0.001028
-0.026858 -0.004427 0.423180 0.089898
-0.004062 -0.001028 0.089898 0.043281
