6.079595 3.393985 0.946012 -0.513634
2.490737 0.996316 -0.101026 -0.040411
0.996316 80.402602 -0.040411 -0.016165
-0.101026 -0.040411 2.420540 0.968237
-0.040411 -0.016165 0.968237 80.391370
5.674201 -0.282054 0.242466 -1.315033
2.230762 3.895626 -0.083359 -0.126577
3.895626 15.251301 -0.125497 -0.477685
-0.083359 -0.125497 2.296230 4.023943
-0.126577 -0.477685 4.023943 15.297120
6.243301 0.543220 0.800247 0.084393
1.977860 2.292795 -0.090448 -0.101503
2.292795 4.556654 -0.101477 -0.187237
-0.090448 -0.101477 2.033498 2.339925
-0.101503 -0.187237 2.339925 4.561586
5.879890 0.007070 1.304948 0.471490
1.696566 1.433826 -0.074399 -0.060794
1.433826 1.909158 -0.060772 -0.077545
-0.074399 -0.060772 1.738318 1.457039
-0.060794 -0.077545 1.457039 1.913777
7.725347 1.228108 2.924114 1.381930
1.469550 0.973287 -0.063866 -0.041152
0.973287 0.976091 -0.041146 -0.039957
-0.063866 -0.041146 1.498506 0.985014
-0.041152 -0.039957 0.985014 0.978686
7.274539 0.648550 3.672149 1.412372
1.289285 0.701712 -0.049307 -0.026155
0.701712 0.566980 -0.026130 -0.021333
-0.049307 -0.026130 1.312148 0.709600
-0.026155 -0.021333 0.709600 0.569437
7.509875 0.607758 5.680815 2.011439
1.148089 0.530919 -0.041568 -0.018939
0.530919 0.361325 -0.018921 -0.013183
-0.041568 -0.018921 1.164349 0.535540
-0.018939 -0.013183 0.535540 0.362848
8.912338 1.050381 7.913056 2.503318
1.035641 0.417141 -0.034508 -0.013808
0.417141 0.247225 -0.013793 -0.008492
-0.034508 -0.013793 1.044788 0.418970
-0.013808 -0.008492 0.418970 0.247848
10.080092 1.280262 8.819913 2.380349
0.943325 0.337481 -0.027460 -0.009836
0.337481 0.179056 -0.009822 -0.005552
-0.027460 -0.009822 0.947960 0.337995
-0.009836 -0.005552 0.337995 0.179346
10.939615 1.351152 9.600265 2.248280
0.866189 0.279756 -0.022171 -0.007242
0.279756 0.136093 -0.007230 -0.003806
-0.022171 -0.007230 0.869081 0.280019
-0.007242 -0.003806 0.280019 0.136370
11.992124 1.462611 10.748564 2.255354
0.801529 0.237021 -0.018240 -0.005509
0.237021 0.107964 -0.005499 -0.002716
-0.018240 -0.005499 0.803685 0.237283
-0.005509 -0.002716 0.237283 0.108252
12.313496 1.350185 12.112166 2.320044
0.747092 0.204829 -0.014992 -0.004230
0.204829 0.088995 -0.004223 -0.001980
-0.014992 -0.004223 0.748814 0.205108
-0.004230 -0.001980 0.205108 0.089271
12.411059 1.201767 12.807289 2.200661
0.701307 0.180313 -0.012433 -0.003306
0.180313 0.075929 -0.003301 -0.001477
-0.012433 -0.003301 0.702242 0.180471
-0.003306 -0.001477 0.180471 0.076147
12.574832 1.095380 13.037888 1.988830
0.662512 0.161417 -0.010550 -0.002659
0.161417 0.066771 -0.002655 -0.001132
-0.010550 -0.002655 0.662764 0.161469
-0.002659 -0.001132 0.161469 0.066937
13.564217 1.198301 14.473591 2.091683
0.629503 0.146742 -0.009180 -0.002200
0.146742 0.060276 -0.002197 -0.000889
-0.009180 -0.002197 0.629364 0.146750
-0.002200 -0.000889 0.146750 0.060410
14.185777 1.203339 15.628176 2.116162
0.601500 0.135330 -0.007782 -0.001777
0.135330 0.055647 -0.001775 -0.000692
-0.007782 -0.001775 0.601054 0.135304
-0.001777 -0.000692 0.135304 0.055752
14.960459 1.241206 16.723146 2.124243
0.577830 0.126468 -0.006531 -0.001424
0.126468 0.052344 -0.001423 -0.000539
-0.006531 -0.001423 0.577122 0.126408
-0.001424 -0.000539 0.126408 0.052424
15.079008 1.133551 17.458275 2.054045
0.557885 0.119605 -0.005411 -0.001128
0.119605 0.049994 -0.001127 -0.000420
-0.005411 -0.001127 0.557018 0.119529
-0.001128 -0.000420 0.119529 0.050055
15.572667 1.118060 18.022964 1.956266
0.541234 0.114339 -0.004500 -0.000899
0.114339 0.048336 -0.000899 -0.000330
-0.004500 -0.000899 0.540195 0.114237
-0.000899 -0.000330 0.114237 0.048379
17.208026 1.343272 19.398414 2.039610
0.527396 0.110328 -0.003737 -0.000717
0.110328 0.047180 -0.000716 -0.000261
-0.003737 -0.000716 0.526283 0.110218
-0.000717 -0.000261 0.110218 0.047210
18.272579 1.424944 20.108372 1.975152
0.515948 0.107303 -0.002981 -0.000546
0.107303 0.046385 -0.000546 -0.000203
-0.002981 -0.000546 0.514946 0.107220
-0.000546 -0.000203 0.107220 0.046410
18.567677 1.338495 21.827957 2.127076
0.506615 0.105065 -0.002342 -0.000410
0.105065 0.045852 -0.000410 -0.000157
-0.002342 -0.000410 0.505790 0.105016
-0.000410 -0.000157 0.105016 0.045875
19.266097 1.344519 22.735312 2.094673
0.499144 0.103454 -0.001772 -0.000296
0.103454 0.045507 -0.000296 -0.000121
-0.001772 -0.000296 0.498452 0.103425
-0.000296 -0.000121 0.103425 0.045526
19.851111 1.326368 23.385317 2.012150
0.493218 0.102320 -0.001310 -0.000208
0.102320 0.045292 -0.000208 -0.000094
-0.001310 -0.000208 0.492693 0.102315
-0.000208 -0.000094 0.102315 0.045309
20.459773 1.315068 24.688559 2.073962
0.488594 0.101549 -0.000952 -0.000145
0.101549 0.045165 -0.000145 -0.000073
-0.000952 -0.000145 0.488250 0.101568
-0.000145 -0.000073 0.101568 0.045181
20.684109 1.224836 25.892643 2.108764
0.485022 0.101043 -0.000670 -0.000099
0.101043 0.045095 -0.000099 -0.000058
-0.000670 -0.000099 0.484917 0.101097
-0.000099 -0.000058 0.101097 0.045112
21.032517 1.169676 26.589595 2.034056
0.482299 0.100728 -0.000445 -0.000064
0.100728 0.045059 -0.000064 -0.000046
-0.000445 -0.000064 0.482490 0.100826
-0.000064 -0.000046 0.100826 0.045081
21.472470 1.139341 27.541088 2.020325
0.480271 0.100549 -0.000286 -0.000042
0.100549 0.045043 -0.000042 -0.000038
-0.000286 -0.000042 0.480768 0.100691
-0.000042 -0.000038 0.100691 0.045070
21.938449 1.117590 28.898882 2.093277
0.478762 0.100456 -0.000187 -0.000031
0.100456 0.045036 -0.000031 -0.000032
-0.000187 -0.000031 0.479620 0.100652
-0.000031 -0.000032 0.100652 0.045071
22.822168 1.185899 30.350616 2.178434
0.477601 0.100406 -0.000148 -0.000031
0.100406 0.045029 -0.000031 -0.000028
-0.000148 -0.000031 0.478957 0.100684
-0.000031 -0.000028 0.100684 0.045077
23.188113 1.138092 32.058510 2.308665
0.476671 0.100374 -0.000219 -0.000051
0.100374 0.045018 -0.000051 -0.000029
-0.000219 -0.000051 0.478685 0.100761
-0.000051 -0.000029 0.100761 0.045086
23.471609 1.077888 32.724992 2.205877
0.475840 0.100332 -0.000340 -0.000077
0.100332 0.044999 -0.000078 -0.000032
-0.000340 -0.000078 0.478760 0.100877
-0.000077 -0.000032 0.100877 0.045097
24.233316 1.124916 32.744998 1.977550
0.475193 0.100305 -0.000480 -0.000104
0.100305 0.044980 -0.000104 -0.000034
-0.000480 -0.000104 0.478963 0.100984
-0.000104 -0.000034 0.100984 0.045102
24.266098 1.013014 33.520574 1.932580
0.474779 0.100303 -0.000692 -0.000143
0.100303 0.044965 -0.000143 -0.000039
-0.000692 -0.000143 0.479137 0.101057
-0.000143 -0.000039 0.101057 0.045097
24.570704 0.970322 34.108761 1.852815
0.474403 0.100288 -0.000874 -0.000171
0.100288 0.044944 -0.000171 -0.000041
-0.000874 -0.000171 0.479403 0.101128
-0.000171 -0.000041 0.101128 0.045092
25.156061 0.991493 34.655361 1.772703
0.474074 0.100265 -0.001068 -0.000200
0.100265 0.044922 -0.000200 -0.000044
-0.001068 -0.000200 0.479694 0.101187
-0.000200 -0.000044 0.101187 0.045085
25.638571 0.988701 35.642233 1.793903
0.473788 0.100239 -0.001320 -0.000240
0.100239 0.044900 -0.000240 -0.000050
-0.001320 -0.000240 0.479979 0.101233
-0.000240 -0.000050 0.101233 0.045077
26.578362 1.082897 35.941244 1.667869
0.473445 0.100190 -0.001627 -0.000289
0.100190 0.044875 -0.000290 -0.000058
-0.001627 -0.000290 0.480335 0.101286
-0.000289 -0.000058 0.101286 0.045072
27.346416 1.130888 36.960592 1.706989
0.473197 0.100156 -0.002037 -0.000357
0.100156 0.044854 -0.000358 -0.000070
-0.002037 -0.000358 0.480594 0.101312
-0.000357 -0.000070 0.101312 0.045063
28.126347 1.176423 38.472595 1.845807
0.472882 0.100103 -0.002547 -0.000443
0.100103 0.044830 -0.000444 -0.000085
-0.002547 -0.000444 0.480915 0.101348
-0.000443 -0.000085 0.101348 0.045059
29.205798 1.280385 39.241991 1.813592
0.472410 0.100014 -0.003193 -0.000552
0.100014 0.044801 -0.000553 -0.000105
-0.003193 -0.000553 0.481395 0.101416
-0.000552 -0.000105 0.101416 0.045063
30.445698 1.407426 40.326550 1.851223
0.471987 0.099938 -0.003973 -0.000684
0.099938 0.044777 -0.000685 -0.000130
-0.003973 -0.000685 0.481822 0.101469
-0.000684 -0.000130 0.101469 0.045066
31.261501 1.431198 41.337160 1.869163
0.471563 0.099863 -0.004944 -0.000848
0.099863 0.044755 -0.000850 -0.000160
-0.004944 -0.000850 0.482255 0.101523
-0.000848 -0.000160 0.101523 0.045071
31.631974 1.358082 42.245573 1.863478
0.471112 0.099785 -0.005975 -0.001015
0.099785 0.044734 -0.001018 -0.000191
-0.005975 -0.001018 0.482724 0.101583
-0.001015 -0.000191 0.101583 0.045078
32.087999 1.310784 43.097550 1.846558
0.470607 0.099697 -0.006937 -0.001160
0.099697 0.044712 -0.001163 -0.000217
-0.006937 -0.001163 0.483255 0.101656
-0.001160 -0.000217 0.101656 0.045089
32.721940 1.306268 44.060189 1.854818
0.470082 0.099609 -0.007860 -0.001293
0.099609 0.044691 -0.001296 -0.000240
-0.007860 -0.001296 0.483817 0.101734
-0.001293 -0.000240 0.101734 0.045101
33.472436 1.327192 45.305066 1.921639
0.469535 0.099518 -0.008821 -0.001431
0.099518 0.044670 -0.001434 -0.000265
-0.008821 -0.001434 0.484418 0.101819
-0.001431 -0.000265 0.101819 0.045116
34.023117 1.303936 46.924916 2.059997
0.468913 0.099414 -0.009892 -0.001590
0.099414 0.044647 -0.001593 -0.000295
-0.009892 -0.001593 0.485126 0.101924
-0.001590 -0.000295 0.101924 0.045136
34.879443 1.346319 47.144055 1.889934
0.468087 0.099271 -0.011057 -0.001766
0.099271 0.044617 -0.001768 -0.000329
-0.011057 -0.001768 0.486084 0.102079
-0.001766 -0.000329 0.102079 0.045166
35.473747 1.329476 48.007501 1.872715
0.467555 0.099197 -0.012207 -0.001933
0.099197 0.044602 -0.001937 -0.000362
-0.012207 -0.001937 0.486749 0.102166
-0.001933 -0.000362 0.102166 0.045181
