32.365863 0.465091 48.595718 1.962950
0.545118 0.114717 -0.028641 -0.004427
0.114717 0.047306 -0.004819 -0.001173
-0.028641 -0.004819 0.426387 0.089953
-0.004427 -0.001173 0.089953 0.043253
28.197099 -0.454083 48.175277 1.648626
0.555256 0.115352 -0.027284 -0.004048
0.115352 0.047263 -0.004421 -0.001040
-0.027284 -0.004421 0.420198 0.089864
-0.004048 -0.001040 0.089864 0.043340
23.962156 -1.283893 46.985187 1.198820
0.548436 0.112644 -0.021493 -0.002796
0.112644 0.046599 -0.003125 -0.000741
-0.021493 -0.003125 0.423617 0.091663
-0.002796 -0.000741 0.091663 0.043772
20.635091 -1.839059 44.956642 0.616757
0.531826 0.108401 -0.016046 -0.001756
0.108401 0.045732 -0.002013 -0.000512
-0.016046 -0.002013 0.433800 0.094575
-0.001756 -0.000512 0.094575 0.044365
18.219972 -2.151581 42.002517 -0.101131
0.509534 0.103556 -0.011510 -0.001003
0.103556 0.044847 -0.001172 -0.000358
-0.011510 -0.001172 0.449650 0.098295
-0.001003 -0.000358 0.098295 0.045057
16.470517 -2.297149 38.168832 -0.928289
0.483182 0.098416 -0.004681 0.000206
0.098416 0.043981 0.000087 -0.000117
-0.004681 0.000087 0.471882 0.102949
0.000206 -0.000117 0.102949 0.045888
15.122002 -2.345318 33.355840 -1.871139
0.461949 0.094793 0.011310 0.003336
0.094793 0.043475 0.003133 0.000504
0.011310 0.003133 0.494115 0.107105
0.003336 0.000504 0.107105 0.046552
13.500876 -2.441103 27.410424 -2.946684
0.461165 0.095632 0.029272 0.006639
0.095632 0.043884 0.006347 0.001123
0.029272 0.006347 0.497738 0.106846
0.006639 0.001123 0.106846 0.046235
11.541853 -2.591490 21.938382 -3.797248
0.474477 0.099226 0.031602 0.006332
0.099226 0.044785 0.006116 0.000970
0.031602 0.006116 0.483409 0.102874
0.006332 0.000970 0.102874 0.045203
9.807240 -2.676490 16.959141 -4.449557
0.489207 0.102723 0.019177 0.003018
0.102723 0.045562 0.002939 0.000237
0.019177 0.002939 0.466443 0.098869
0.003018 0.000237 0.098869 0.044304
8.840833 -2.597030 14.248459 -4.553578
0.502702 0.105602 -0.003107 -0.001970
0.105602 0.046133 -0.001917 -0.000763
-0.003107 -0.001917 0.453427 0.096171
-0.001970 -0.000763 0.096171 0.043782
8.039109 -2.493411 12.172742 -4.511806
0.516288 0.108191 -0.027354 -0.006847
0.108191 0.046591 -0.006683 -0.001652
-0.027354 -0.006683 0.445510 0.094803
-0.006847 -0.001652 0.094803 0.043579
7.877777 -2.267355 10.345545 -4.420742
0.530618 0.110661 -0.051386 -0.011224
0.110661 0.046991 -0.010961 -0.002379
-0.051386 -0.010961 0.441795 0.094391
-0.011224 -0.002379 0.094391 0.043571
8.196818 -1.963958 9.387527 -4.149384
0.540689 0.111997 -0.078527 -0.015925
0.111997 0.047130 -0.015526 -0.003144
-0.078527 -0.015526 0.446819 0.095787
-0.015925 -0.003144 0.095787 0.043920
8.713464 -1.648333 8.694539 -3.844798
0.539646 0.110917 -0.104572 -0.020116
0.110917 0.046774 -0.019476 -0.003773
-0.104572 -0.019476 0.463816 0.099513
-0.020116 -0.003773 0.099513 0.044708
9.298784 -1.345768 8.344627 -3.494731
0.526374 0.107498 -0.122147 -0.022356
0.107498 0.045994 -0.021378 -0.003990
-0.122147 -0.021378 0.488891 0.104575
-0.022356 -0.003990 0.104575 0.045704
9.454444 -1.156581 8.270178 -3.126074
0.509511 0.103768 -0.130632 -0.022702
0.103768 0.045240 -0.021399 -0.003862
-0.130632 -0.021399 0.513587 0.109098
-0.022702 -0.003862 0.109098 0.046509
10.604540 -0.775429 8.372675 -2.747547
0.496780 0.101263 -0.136137 -0.022573
0.101263 0.044797 -0.021050 -0.003720
-0.136137 -0.021050 0.534249 0.112364
-0.022573 -0.003720 0.112364 0.046998
11.626845 -0.454362 8.691439 -2.367798
0.483871 0.099001 -0.134926 -0.021262
0.099001 0.044434 -0.019604 -0.003412
-0.134926 -0.019604 0.550021 0.114442
-0.021262 -0.003412 0.114442 0.047245
12.559862 -0.174344 9.597355 -1.910508
0.473269 0.097408 -0.130384 -0.019546
0.097408 0.044217 -0.017862 -0.003101
-0.130384 -0.017862 0.560418 0.115360
-0.019546 -0.003101 0.115360 0.047279
13.494862 0.077971 10.618351 -1.482668
0.466993 0.096797 -0.124743 -0.017863
0.096797 0.044189 -0.016312 -0.002870
-0.124743 -0.016312 0.564152 0.114969
-0.017863 -0.002870 0.114969 0.047086
14.498625 0.333547 12.588460 -0.907916
0.463384 0.096734 -0.117184 -0.016030
0.096734 0.044250 -0.014704 -0.002652
-0.117184 -0.014704 0.562047 0.113607
-0.016030 -0.002652 0.113607 0.046761
15.913512 0.637879 14.153025 -0.473914
0.463235 0.097366 -0.106498 -0.013767
0.097366 0.044434 -0.012777 -0.002380
-0.106498 -0.012777 0.551915 0.110940
-0.013767 -0.002380 0.110940 0.046245
16.093119 0.651591 16.391620 0.027502
0.462996 0.097876 -0.092244 -0.011054
0.097876 0.044565 -0.010313 -0.002019
-0.092244 -0.010313 0.539323 0.108207
-0.011054 -0.002019 0.108207 0.045795
17.103114 0.819409 17.652244 0.291533
0.466405 0.099036 -0.077358 -0.008424
0.099036 0.044808 -0.007977 -0.001689
-0.077358 -0.007977 0.522858 0.105021
-0.008424 -0.001689 0.105021 0.045298
17.993267 0.941213 19.028838 0.548824
0.469224 0.099874 -0.062534 -0.006035
0.099874 0.044952 -0.005754 -0.001390
-0.062534 -0.005754 0.509066 0.102690
-0.006035 -0.001390 0.102690 0.045007
18.898118 1.047730 20.311078 0.760103
0.471824 0.100515 -0.048510 -0.003964
0.100515 0.045038 -0.003775 -0.001135
-0.048510 -0.003775 0.497820 0.101049
-0.003964 -0.001135 0.101049 0.044856
19.757207 1.137282 22.268125 1.087354
0.473957 0.100939 -0.035979 -0.002290
0.100939 0.045071 -0.002148 -0.000935
-0.035979 -0.002148 0.489393 0.100052
-0.002290 -0.000935 0.100052 0.044816
20.315133 1.136597 22.984193 1.122838
0.475448 0.101153 -0.024896 -0.000944
0.101153 0.045061 -0.000820 -0.000773
-0.024896 -0.000820 0.483531 0.099572
-0.000944 -0.000773 0.099572 0.044851
21.259607 1.225150 24.722622 1.369703
0.476267 0.101178 -0.016482 -0.000134
0.101178 0.045017 -0.000021 -0.000691
-0.016482 -0.000021 0.480035 0.099510
-0.000134 -0.000691 0.099510 0.044932
22.432026 1.348447 26.239594 1.546127
0.475509 0.100860 -0.010417 0.000257
0.100860 0.044912 0.000371 -0.000660
-0.010417 0.000371 0.479232 0.099905
0.000257 -0.000660 0.099905 0.045072
23.434821 1.419584 27.415063 1.631558
0.473207 0.100248 -0.007507 0.000100
0.100248 0.044759 0.000213 -0.000710
-0.007507 0.000213 0.480781 0.100656
0.000100 -0.000710 0.100656 0.045249
24.575264 1.511712 28.611282 1.712415
0.470032 0.099518 -0.007552 -0.000521
0.099518 0.044600 -0.000415 -0.000822
-0.007552 -0.000415 0.483775 0.101562
-0.000521 -0.000822 0.101562 0.045425
25.758160 1.603850 30.569117 1.944606
0.466351 0.098757 -0.010661 -0.001601
0.098757 0.044450 -0.001509 -0.000999
-0.010661 -0.001509 0.487848 0.102550
-0.001601 -0.000999 0.102550 0.045594
25.437459 1.366475 32.128805 2.067085
0.461028 0.097718 -0.017159 -0.003192
0.097718 0.044252 -0.003117 -0.001254
-0.017159 -0.003117 0.494617 0.103972
-0.003192 -0.001254 0.103972 0.045837
26.440248 1.434188 33.008948 2.035167
0.453684 0.096339 -0.022080 -0.004229
0.096339 0.043994 -0.004164 -0.001365
-0.022080 -0.004164 0.504331 0.105858
-0.004229 -0.001365 0.105858 0.046158
27.271498 1.459279 34.605970 2.156581
0.447626 0.095334 -0.028651 -0.005471
0.095334 0.043826 -0.005423 -0.001514
-0.028651 -0.005423 0.513773 0.107502
-0.005471 -0.001514 0.107502 0.046410
28.196399 1.501687 36.026382 2.228238
0.441216 0.094301 -0.035502 -0.006637
0.094301 0.043650 -0.006604 -0.001644
-0.035502 -0.006604 0.524875 0.109354
-0.006637 -0.001644 0.109354 0.046697
28.760249 1.462264 37.424527 2.286684
0.435168 0.093384 -0.041762 -0.007578
0.093384 0.043495 -0.007551 -0.001730
-0.041762 -0.007551 0.536490 0.111174
-0.007578 -0.001730 0.111174 0.046972
29.260195 1.413060 38.769496 2.327487
0.429563 0.092587 -0.045209 -0.007876
0.092587 0.043359 -0.007831 -0.001689
-0.045209 -0.007831 0.547304 0.112720
-0.007876 -0.001689 0.112720 0.047191
29.649595 1.343183 39.690378 2.276374
0.425129 0.092057 -0.045095 -0.007456
0.092057 0.043274 -0.007365 -0.001519
-0.045095 -0.007365 0.555238 0.113619
-0.007456 -0.001519 0.113619 0.047288
30.524503 1.388852 41.096703 2.331990
0.422386 0.091878 -0.042573 -0.006628
0.091878 0.043253 -0.006484 -0.001297
-0.042573 -0.006484 0.559486 0.113786
-0.006628 -0.001297 0.113786 0.047258
30.954968 1.331380 42.319197 2.342061
0.422790 0.092343 -0.036639 -0.005216
0.092343 0.043359 -0.005020 -0.000986
-0.036639 -0.005020 0.556905 0.112670
-0.005216 -0.000986 0.112670 0.047001
31.554157 1.315858 43.318934 2.307127
0.427079 0.093553 -0.028983 -0.003603
0.093553 0.043605 -0.003386 -0.000671
-0.028983 -0.003386 0.547442 0.110374
-0.003603 -0.000671 0.110374 0.046551
32.685243 1.420071 44.539745 2.323037
0.435165 0.095417 -0.021525 -0.002177
0.095417 0.043963 -0.001984 -0.000426
-0.021525 -0.001984 0.532912 0.107341
-0.002177 -0.000426 0.107341 0.046003
33.403100 1.420673 45.459470 2.274244
0.449839 0.098493 -0.015871 -0.001215
0.098493 0.044551 -0.001127 -0.000299
-0.015871 -0.001127 0.511201 0.103160
-0.001215 -0.000299 0.103160 0.045267
34.048917 1.404589 46.082620 2.169656
0.468502 0.102106 -0.013444 -0.000963
0.102106 0.045210 -0.001017 -0.000321
-0.013444 -0.001017 0.488200 0.099063
-0.000963 -0.000321 0.099063 0.044588
34.671006 1.385670 46.690813 2.071776
0.489025 0.105773 -0.014048 -0.001324
0.105773 0.045841 -0.001508 -0.000453
-0.014048 -0.001508 0.467132 0.095634
-0.001324 -0.000453 0.095634 0.044063
35.630736 1.441290 47.165708 1.956290
0.510981 0.109434 -0.017692 -0.002253
0.109434 0.046444 -0.002539 -0.000676
-0.017692 -0.002539 0.448530 0.092875
-0.002253 -0.000676 0.092875 0.043666
35.916770 1.349753 48.346498 1.997681
0.535016 0.113257 -0.025454 -0.003938
0.113257 0.047067 -0.004286 -0.001026
-0.025454 -0.004286 0.432250 0.090655
-0.003938 -0.001026 0.090655 0.043352
