33.558875 0.643628 49.354886 1.903040
0.582262 0.120381 -0.049664 -0.008542
0.120381 0.048195 -0.008890 -0.001844
-0.049664 -0.008890 0.411077 0.088201
-0.008542 -0.001844 0.088201 0.043019
29.463844 -0.261246 49.559435 1.719515
0.593043 0.120856 -0.048260 -0.007731
0.120856 0.048125 -0.008102 -0.001588
-0.048260 -0.008102 0.406032 0.088256
-0.007731 -0.001588 0.088256 0.043080
25.592428 -1.024767 48.549915 1.287449
0.586841 0.118125 -0.039588 -0.005540
0.118125 0.047485 -0.005957 -0.001093
-0.039588 -0.005957 0.407641 0.089585
-0.005540 -0.001093 0.089585 0.043369
22.687855 -1.517055 46.433239 0.661785
0.568013 0.113371 -0.029864 -0.003432
0.113371 0.046554 -0.003832 -0.000667
-0.029864 -0.003832 0.416005 0.092097
-0.003432 -0.000667 0.092097 0.043854
19.970401 -1.922788 43.546354 -0.063860
0.540392 0.107484 -0.021800 -0.001949
0.107484 0.045508 -0.002234 -0.000401
-0.021800 -0.002234 0.431281 0.095735
-0.001949 -0.000401 0.095735 0.044521
17.665040 -2.204475 40.402273 -0.760054
0.508007 0.101276 -0.014375 -0.000747
0.101276 0.044488 -0.000888 -0.000203
-0.014375 -0.000888 0.453320 0.100399
-0.000747 -0.000203 0.100399 0.045351
16.589403 -2.213766 36.032712 -1.637520
0.477714 0.096043 -0.002458 0.001387
0.096043 0.043720 0.001263 0.000176
-0.002458 0.001263 0.478921 0.105338
0.001387 0.000176 0.105338 0.046183
15.311763 -2.261111 30.449818 -2.674254
0.461750 0.094078 0.016189 0.004872
0.094078 0.043622 0.004606 0.000811
0.016189 0.004606 0.496063 0.107945
0.004872 0.000811 0.107945 0.046466
13.384548 -2.429966 24.980451 -3.563395
0.466552 0.096372 0.027617 0.006541
0.096372 0.044335 0.006220 0.001044
0.027617 0.006220 0.491766 0.105727
0.006541 0.001044 0.105727 0.045729
11.448135 -2.578455 20.201871 -4.201755
0.479431 0.099983 0.024018 0.004920
0.099983 0.045205 0.004694 0.000615
0.024018 0.004694 0.476876 0.101616
0.004920 0.000615 0.101616 0.044715
10.230724 -2.559151 15.759738 -4.698889
0.492580 0.103218 0.008640 0.001064
0.103218 0.045892 0.000971 -0.000208
0.008640 0.000971 0.462320 0.098132
0.001064 -0.000208 0.098132 0.043970
9.714538 -2.398135 12.946011 -4.798794
0.503505 0.105617 -0.015647 -0.004215
0.105617 0.046331 -0.004191 -0.001243
-0.015647 -0.004191 0.453600 0.096309
-0.004215 -0.001243 0.096309 0.043661
9.795719 -2.130637 11.001445 -4.703185
0.511162 0.107041 -0.043780 -0.009763
0.107041 0.046524 -0.009643 -0.002250
-0.043780 -0.009643 0.453576 0.096511
-0.009763 -0.002250 0.096511 0.043799
9.877081 -1.889777 10.191968 -4.373214
0.510514 0.106535 -0.071551 -0.014741
0.106535 0.046296 -0.014511 -0.003073
-0.071551 -0.014511 0.465840 0.099256
-0.014741 -0.003073 0.099256 0.044444
9.911668 -1.680300 9.413455 -4.069207
0.506520 0.105344 -0.093879 -0.018201
0.105344 0.045950 -0.017834 -0.003547
-0.093879 -0.017834 0.483228 0.102774
-0.018201 -0.003547 0.102774 0.045179
10.315206 -1.411676 8.708197 -3.777897
0.499024 0.103526 -0.110088 -0.020211
0.103526 0.045509 -0.019667 -0.003729
-0.110088 -0.019667 0.503565 0.106572
-0.020211 -0.003729 0.106572 0.045908
10.965543 -1.113058 8.326229 -3.445504
0.486929 0.100948 -0.117764 -0.020460
0.100948 0.044955 -0.019693 -0.003586
-0.117764 -0.019693 0.524557 0.110215
-0.020460 -0.003586 0.110215 0.046560
11.617051 -0.838171 8.299674 -3.073820
0.474071 0.098479 -0.118577 -0.019467
0.098479 0.044470 -0.018489 -0.003260
-0.118577 -0.018489 0.542369 0.112958
-0.019467 -0.003260 0.112958 0.046999
12.012428 -0.640771 8.547008 -2.689835
0.463468 0.096687 -0.116338 -0.018108
0.096687 0.044153 -0.016990 -0.002945
-0.116338 -0.016990 0.555870 0.114664
-0.018108 -0.002945 0.114664 0.047221
13.380598 -0.246221 9.462676 -2.196820
0.456407 0.095728 -0.113998 -0.016983
0.095728 0.044007 -0.015829 -0.002752
-0.113998 -0.015829 0.565143 0.115453
-0.016983 -0.002752 0.115453 0.047271
14.780370 0.108883 10.134133 -1.810062
0.451905 0.095344 -0.109237 -0.015567
0.095344 0.043973 -0.014480 -0.002552
-0.109237 -0.014480 0.568327 0.115093
-0.015567 -0.002552 0.115093 0.047127
15.255224 0.239536 11.706216 -1.298496
0.447800 0.095033 -0.101172 -0.013717
0.095033 0.043939 -0.012696 -0.002292
-0.101172 -0.012696 0.567609 0.114172
-0.013717 -0.002292 0.114172 0.046928
16.000457 0.405086 12.940402 -0.907272
0.447905 0.095557 -0.093418 -0.012116
0.095557 0.044062 -0.011301 -0.002122
-0.093418 -0.011301 0.560658 0.112204
-0.012116 -0.002122 0.112204 0.046562
17.039722 0.619776 14.625938 -0.463067
0.449398 0.096265 -0.084272 -0.010410
0.096265 0.044201 -0.009794 -0.001935
-0.084272 -0.009794 0.550582 0.109926
-0.010410 -0.001935 0.109926 0.046190
18.308849 0.845582 15.588081 -0.209045
0.451938 0.097092 -0.072759 -0.008385
0.097092 0.044351 -0.007932 -0.001678
-0.072759 -0.007932 0.537817 0.107428
-0.008385 -0.001678 0.107428 0.045819
19.502430 1.042041 17.647139 0.237541
0.453797 0.097645 -0.060172 -0.006322
0.097645 0.044426 -0.005944 -0.001401
-0.060172 -0.005944 0.526453 0.105487
-0.006322 -0.001401 0.105487 0.045588
20.389754 1.138342 19.168621 0.525661
0.457042 0.098410 -0.046762 -0.004213
0.098410 0.044544 -0.003903 -0.001107
-0.046762 -0.003903 0.514340 0.103566
-0.004213 -0.001107 0.103566 0.045365
21.030784 1.168550 20.836886 0.812086
0.460862 0.099178 -0.034699 -0.002485
0.099178 0.044653 -0.002230 -0.000880
-0.034699 -0.002230 0.503781 0.102070
-0.002485 -0.000880 0.102070 0.045219
21.811669 1.228187 23.238025 1.221510
0.464869 0.099879 -0.024667 -0.001224
0.099879 0.044742 -0.001017 -0.000730
-0.024667 -0.001017 0.495106 0.101000
-0.001224 -0.000730 0.101000 0.045137
22.210665 1.189550 24.939439 1.444390
0.467968 0.100304 -0.016949 -0.000440
0.100304 0.044772 -0.000265 -0.000651
-0.016949 -0.000265 0.489074 0.100461
-0.000440 -0.000651 0.100461 0.045136
22.570657 1.142742 26.313554 1.578086
0.469246 0.100306 -0.011712 -0.000119
0.100306 0.044720 0.000038 -0.000637
-0.011712 0.000038 0.486121 0.100496
-0.000119 -0.000637 0.100496 0.045219
23.334019 1.186088 27.736286 1.710507
0.468646 0.099931 -0.008645 -0.000153
0.099931 0.044605 -0.000009 -0.000665
-0.008645 -0.000009 0.485855 0.100981
-0.000153 -0.000665 0.100981 0.045361
23.796603 1.160078 29.271756 1.852167
0.466226 0.099233 -0.008222 -0.000615
0.099233 0.044442 -0.000485 -0.000752
-0.008222 -0.000485 0.488059 0.101843
-0.000615 -0.000752 0.101843 0.045546
24.922820 1.276597 30.400579 1.895418
0.461836 0.098212 -0.009640 -0.001309
0.098212 0.044232 -0.001195 -0.000859
-0.009640 -0.001195 0.492881 0.103099
-0.001309 -0.000859 0.103099 0.045782
25.647478 1.295846 32.069727 2.046539
0.457159 0.097243 -0.013983 -0.002458
0.097243 0.044054 -0.002369 -0.001040
-0.013983 -0.002369 0.498737 0.104396
-0.002458 -0.001040 0.104396 0.045999
26.296496 1.296458 33.445784 2.120338
0.451108 0.096077 -0.019882 -0.003756
0.096077 0.043846 -0.003692 -0.001230
-0.019882 -0.003692 0.507129 0.106067
-0.003756 -0.001230 0.106067 0.046275
27.249257 1.361937 34.854808 2.193486
0.444733 0.094939 -0.026303 -0.004996
0.094939 0.043653 -0.004956 -0.001392
-0.026303 -0.004956 0.517000 0.107873
-0.004996 -0.001392 0.107873 0.046562
28.411025 1.465209 36.089653 2.222977
0.438575 0.093921 -0.033270 -0.006214
0.093921 0.043490 -0.006197 -0.001544
-0.033270 -0.006197 0.527867 0.109721
-0.006214 -0.001544 0.109721 0.046844
29.046158 1.443921 37.074511 2.196539
0.433221 0.093123 -0.040394 -0.007354
0.093123 0.043369 -0.007358 -0.001680
-0.040394 -0.007358 0.538863 0.111446
-0.007354 -0.001680 0.111446 0.047093
29.664131 1.421078 38.064274 2.173866
0.428600 0.092502 -0.045625 -0.008020
0.092502 0.043277 -0.008027 -0.001721
-0.045625 -0.008027 0.549034 0.112890
-0.008020 -0.001721 0.112890 0.047286
29.935938 1.328473 39.784324 2.301664
0.424711 0.092039 -0.048362 -0.008152
0.092039 0.043208 -0.008140 -0.001664
-0.048362 -0.008140 0.557561 0.113937
-0.008152 -0.001664 0.113937 0.047407
30.533445 1.314384 41.028133 2.320260
0.422197 0.091878 -0.045148 -0.007109
0.091878 0.043197 -0.007022 -0.001380
-0.045148 -0.007022 0.561057 0.113973
-0.007109 -0.001380 0.113973 0.047345
31.029003 1.277798 41.971915 2.275572
0.422465 0.092287 -0.038864 -0.005582
0.092287 0.043297 -0.005425 -0.001039
-0.038864 -0.005425 0.558423 0.112875
-0.005582 -0.001039 0.112875 0.047087
32.500825 1.458157 42.676689 2.192796
0.425611 0.093230 -0.031401 -0.003987
0.093230 0.043490 -0.003789 -0.000725
-0.031401 -0.003789 0.550710 0.110950
-0.003987 -0.000725 0.110950 0.046708
33.168422 1.446720 44.155522 2.269520
0.432582 0.094867 -0.023691 -0.002491
0.094867 0.043810 -0.002301 -0.000465
-0.023691 -0.002301 0.537442 0.108153
-0.002491 -0.000465 0.108153 0.046197
33.689402 1.399175 44.641885 2.137780
0.447072 0.097947 -0.017398 -0.001384
0.097947 0.044414 -0.001298 -0.000311
-0.017398 -0.001298 0.515207 0.103832
-0.001384 -0.000311 0.103832 0.045421
33.954789 1.304480 45.730562 2.140016
0.462937 0.100995 -0.013493 -0.000843
0.100995 0.044962 -0.000865 -0.000275
-0.013493 -0.000865 0.494549 0.100193
-0.000843 -0.000275 0.100193 0.044829
34.549356 1.290773 46.456572 2.069525
0.482124 0.104470 -0.012903 -0.000990
0.104470 0.045570 -0.001139 -0.000372
-0.012903 -0.001139 0.473635 0.096740
-0.000990 -0.000372 0.096740 0.044288
34.509961 1.143184 47.323888 2.032965
0.503454 0.108104 -0.015621 -0.001773
0.108104 0.046186 -0.002032 -0.000577
-0.015621 -0.002032 0.454359 0.093795
-0.001773 -0.000577 0.093795 0.043846
34.790921 1.081420 48.337536 2.031611
0.524413 0.111382 -0.019734 -0.002753
0.111382 0.046708 -0.003069 -0.000789
-0.019734 -0.003069 0.438588 0.091670
-0.002753 -0.000789 0.091670 0.043554
