1.745810 1.660434 1.570974 -0.263644
2.053490 0.821414 -0.226717 -0.090689
0.821414 80.332639 -0.090689 -0.036276
-0.226717 -0.090689 3.101368 1.240574
-0.090689 -0.036276 1.240574 80.500307
5.171711 6.354621 4.497269 4.973414
3.357828 5.965436 -1.568599 -2.595372
5.965436 17.747493 -2.746492 -5.188617
-1.568599 -2.746492 2.809410 4.734539
-2.595372 -5.188617 4.734539 18.114202
7.007303 4.646383 3.444069 0.629073
2.221660 2.392194 -0.953472 -0.908699
2.392194 4.291873 -0.886396 -1.152814
-0.953472 -0.886396 2.599814 2.994369
-0.908699 -1.152814 2.994369 5.714323
6.697557 2.480143 3.104223 -0.083652
1.532388 1.234630 -0.283469 -0.150764
1.234630 1.661941 -0.148103 -0.228858
-0.283469 -0.148103 2.093051 1.765174
-0.150764 -0.228858 1.765174 2.318185
6.516236 1.541509 2.056638 -0.774965
1.345936 0.875540 -0.086134 -0.032056
0.875540 0.893920 -0.034860 -0.100356
-0.086134 -0.034860 1.662847 1.097901
-0.032056 -0.100356 1.097901 1.119056
7.263100 1.526573 2.574881 -0.280962
1.323277 0.716278 -0.056139 -0.032417
0.716278 0.570043 -0.033218 -0.071267
-0.056139 -0.033218 1.279918 0.698127
-0.032417 -0.071267 0.698127 0.600116
8.365744 1.675325 3.182878 0.067385
1.163994 0.534451 -0.030808 -0.024032
0.534451 0.359820 -0.024859 -0.046777
-0.030808 -0.024859 1.149484 0.539521
-0.024032 -0.046777 0.539521 0.388990
10.529592 2.185452 4.863310 0.729628
0.987982 0.395273 -0.039764 -0.027337
0.395273 0.236584 -0.029178 -0.035374
-0.039764 -0.029178 1.104540 0.454532
-0.027337 -0.035374 0.454532 0.278354
10.512331 1.782867 5.832968 0.963263
0.854023 0.305274 -0.091290 -0.043349
0.305274 0.166935 -0.045513 -0.032413
-0.091290 -0.045513 1.086548 0.397292
-0.043349 -0.032413 0.397292 0.211254
10.846369 1.596897 6.890715 1.157479
0.772777 0.251268 -0.135404 -0.052334
0.251268 0.126995 -0.054165 -0.028497
-0.135404 -0.054165 1.048604 0.344337
-0.052334 -0.028497 0.344337 0.163909
11.831031 1.642238 8.909378 1.583628
0.722177 0.216299 -0.165901 -0.055041
0.216299 0.102205 -0.056411 -0.024135
-0.165901 -0.056411 0.993494 0.296379
-0.055041 -0.024135 0.296379 0.129863
12.635032 1.635916 10.094735 1.691239
0.691212 0.192597 -0.177097 -0.051903
0.192597 0.086029 -0.052824 -0.019471
-0.177097 -0.052824 0.917385 0.251548
-0.051903 -0.019471 0.251548 0.104455
12.488729 1.383401 11.497906 1.835338
0.662560 0.173269 -0.172441 -0.045351
0.173269 0.074399 -0.045998 -0.015116
-0.172441 -0.045998 0.844718 0.215547
-0.045351 -0.015116 0.215547 0.086627
13.400586 1.437323 11.916189 1.715385
0.642486 0.159129 -0.163050 -0.038871
0.159129 0.066374 -0.039384 -0.011735
-0.163050 -0.039384 0.772950 0.185755
-0.038871 -0.011735 0.185755 0.073757
14.099309 1.436216 13.807681 1.952717
0.617931 0.146131 -0.149200 -0.032478
0.146131 0.060160 -0.032891 -0.009034
-0.149200 -0.032891 0.718465 0.164549
-0.032478 -0.009034 0.164549 0.065167
14.472407 1.358877 15.094132 2.019721
0.597284 0.136034 -0.129835 -0.025853
0.136034 0.055736 -0.026208 -0.006755
-0.129835 -0.026208 0.666134 0.146910
-0.025853 -0.006755 0.146910 0.058821
15.282357 1.382594 15.297447 1.846641
0.579763 0.128139 -0.110729 -0.020199
0.128139 0.052569 -0.020533 -0.005038
-0.110729 -0.020533 0.621509 0.133308
-0.020199 -0.005038 0.133308 0.054334
16.101707 1.416045 16.984261 2.009149
0.561800 0.121285 -0.094523 -0.015883
0.121285 0.050153 -0.016168 -0.003833
-0.094523 -0.016168 0.588967 0.123943
-0.015883 -0.003833 0.123943 0.051389
15.969498 1.239601 18.345986 2.077147
0.546659 0.116013 -0.077229 -0.011817
0.116013 0.048459 -0.012072 -0.002826
-0.077229 -0.012072 0.560621 0.116558
-0.011817 -0.002826 0.116558 0.049262
16.894453 1.301890 19.133737 2.027550
0.535769 0.112347 -0.061957 -0.008555
0.112347 0.047358 -0.008818 -0.002092
-0.061957 -0.008818 0.536137 0.110754
-0.008555 -0.002092 0.110754 0.047724
17.418060 1.274319 20.015851 1.999316
0.525305 0.109260 -0.048534 -0.005966
0.109260 0.046539 -0.006208 -0.001553
-0.048534 -0.006208 0.518200 0.106856
-0.005966 -0.001553 0.106856 0.046749
17.875872 1.238299 21.186965 2.033516
0.516352 0.106877 -0.037013 -0.003953
0.106877 0.045976 -0.004172 -0.001164
-0.037013 -0.004172 0.504627 0.104179
-0.003953 -0.001164 0.104179 0.046119
18.925223 1.324439 21.739903 1.940053
0.508764 0.105065 -0.026812 -0.002321
0.105065 0.045602 -0.002517 -0.000866
-0.026812 -0.002517 0.494484 0.102391
-0.002321 -0.000866 0.102391 0.045720
19.644663 1.337803 23.009296 2.002653
0.501582 0.103538 -0.018751 -0.001197
0.103538 0.045325 -0.001361 -0.000673
-0.018751 -0.001361 0.488038 0.101448
-0.001197 -0.000673 0.101448 0.045515
20.399746 1.355385 23.953564 1.991114
0.495039 0.102297 -0.012038 -0.000360
0.102297 0.045130 -0.000493 -0.000531
-0.012038 -0.000493 0.484188 0.101043
-0.000360 -0.000531 0.101043 0.045423
20.763368 1.289726 24.754098 1.949227
0.489050 0.101276 -0.007117 0.000126
0.101276 0.044988 0.000021 -0.000450
-0.007117 0.000021 0.482450 0.101028
0.000126 -0.000450 0.101028 0.045404
21.228634 1.253408 26.185479 2.044726
0.483747 0.100468 -0.003605 0.000371
0.100468 0.044890 0.000290 -0.000403
-0.003605 0.000290 0.482117 0.101232
0.000371 -0.000403 0.101232 0.045418
21.744647 1.231139 27.807474 2.170708
0.478019 0.099611 -0.001322 0.000427
0.099611 0.044774 0.000368 -0.000381
-0.001322 0.000368 0.483862 0.101789
0.000427 -0.000381 0.101789 0.045495
21.870991 1.129084 29.311112 2.258400
0.471277 0.098574 -0.000419 0.000273
0.098574 0.044613 0.000232 -0.000388
-0.000419 0.000232 0.488038 0.102753
0.000273 -0.000388 0.102753 0.045646
22.759659 1.197124 30.149024 2.197171
0.463721 0.097407 -0.000039 0.000099
0.097407 0.044420 0.000068 -0.000388
-0.000039 0.000068 0.494345 0.104039
0.000099 -0.000388 0.104039 0.045850
23.406279 1.207329 30.920877 2.128519
0.456850 0.096426 -0.001909 -0.000468
0.096426 0.044261 -0.000497 -0.000462
-0.001909 -0.000497 0.501018 0.105262
-0.000468 -0.000462 0.105262 0.046028
24.041239 1.214186 31.295161 1.983947
0.450772 0.095627 -0.005070 -0.001201
0.095627 0.044132 -0.001237 -0.000561
-0.005070 -0.001237 0.507760 0.106387
-0.001201 -0.000561 0.106387 0.046180
24.385059 1.157960 32.681971 2.066450
0.446159 0.095129 -0.009158 -0.002023
0.095129 0.044055 -0.002073 -0.000671
-0.009158 -0.002073 0.513536 0.107223
-0.002023 -0.000671 0.107223 0.046273
25.291502 1.228100 33.455123 2.012360
0.440803 0.094431 -0.013303 -0.002762
0.094431 0.043918 -0.002827 -0.000758
-0.013303 -0.002827 0.521080 0.108384
-0.002762 -0.000758 0.108384 0.046442
26.449034 1.345098 34.519815 2.024709
0.436372 0.093909 -0.018779 -0.003704
0.093909 0.043811 -0.003795 -0.000891
-0.018779 -0.003795 0.528320 0.109414
-0.003704 -0.000891 0.109414 0.046587
26.492326 1.209448 35.892926 2.098463
0.432517 0.093470 -0.025714 -0.004869
0.093470 0.043709 -0.005000 -0.001071
-0.025714 -0.005000 0.535867 0.110464
-0.004869 -0.001071 0.110464 0.046742
27.011490 1.190921 36.966622 2.103335
0.428192 0.092887 -0.030054 -0.005419
0.092887 0.043568 -0.005552 -0.001116
-0.030054 -0.005552 0.544269 0.111655
-0.005419 -0.001116 0.111655 0.046933
27.555965 1.178927 37.670164 2.032098
0.424444 0.092406 -0.033179 -0.005709
0.092406 0.043444 -0.005829 -0.001118
-0.033179 -0.005829 0.551971 0.112663
-0.005709 -0.001118 0.112663 0.047091
28.514395 1.260773 39.041512 2.105516
0.421580 0.092088 -0.035472 -0.005849
0.092088 0.043352 -0.005950 -0.001104
-0.035472 -0.005950 0.558303 0.113377
-0.005849 -0.001104 0.113377 0.047197
28.904650 1.206984 39.808421 2.046746
0.419643 0.091937 -0.035812 -0.005626
0.091937 0.043292 -0.005690 -0.001029
-0.035812 -0.005690 0.562463 0.113676
-0.005626 -0.001029 0.113676 0.047233
29.564057 1.217644 40.452375 1.970526
0.418766 0.091973 -0.034500 -0.005136
0.091973 0.043268 -0.005151 -0.000916
-0.034500 -0.005151 0.564096 0.113531
-0.005136 -0.000916 0.113531 0.047196
30.076667 1.197012 41.561941 1.995049
0.418922 0.092180 -0.032244 -0.004538
0.092180 0.043275 -0.004510 -0.000800
-0.032244 -0.004510 0.563429 0.113023
-0.004538 -0.000800 0.113023 0.047108
31.377970 1.350853 42.301664 1.946710
0.421351 0.092831 -0.027709 -0.003560
0.092831 0.043375 -0.003484 -0.000619
-0.027709 -0.003484 0.557891 0.111668
-0.003560 -0.000619 0.111668 0.046872
32.319964 1.407997 42.913216 1.875490
0.426192 0.093916 -0.022318 -0.002510
0.093916 0.043561 -0.002406 -0.000442
-0.022318 -0.002406 0.548211 0.109668
-0.002510 -0.000442 0.109668 0.046535
32.865956 1.373794 43.991940 1.903079
0.433554 0.095425 -0.016796 -0.001525
0.095425 0.043826 -0.001419 -0.000291
-0.016796 -0.001419 0.535119 0.107196
-0.001525 -0.000291 0.107196 0.046130
33.584676 1.381052 45.015164 1.917614
0.445663 0.097819 -0.011993 -0.000748
0.097819 0.044268 -0.000689 -0.000193
-0.011993 -0.000689 0.516572 0.103844
-0.000748 -0.000193 0.103844 0.045569
33.913471 1.302821 46.225504 1.967374
0.462747 0.101066 -0.009800 -0.000534
0.101066 0.044870 -0.000575 -0.000213
-0.009800 -0.000575 0.494454 0.100012
-0.000534 -0.000213 0.100012 0.044932
34.518834 1.291566 46.720465 1.867468
0.483661 0.104846 -0.011040 -0.001006
0.104846 0.045552 -0.001167 -0.000364
-0.011040 -0.001167 0.471947 0.096332
-0.001006 -0.000364 0.096332 0.044338
34.802777 1.214602 47.986688 1.935353
0.505356 0.108478 -0.014715 -0.001915
0.108478 0.046172 -0.002165 -0.000578
-0.014715 -0.002165 0.452638 0.093479
-0.001915 -0.000578 0.093479 0.043908
35.314727 1.193566 48.563507 1.853321
0.529670 0.112398 -0.021715 -0.003417
0.112398 0.046835 -0.003725 -0.000887
-0.021715 -0.003725 0.435182 0.091062
-0.003417 -0.000887 0.091062 0.043542
