1.534879 1.576059 2.520069 0.116002
2.053490 0.821414 -0.226717 -0.090689
0.821414 80.332639 -0.090689 -0.036276
-0.226717 -0.090689 3.101368 1.240574
-0.090689 -0.036276 1.240574 80.500307
4.641364 5.655840 -0.524325 -5.100927
2.989805 5.308081 -1.579082 -2.620284
5.308081 16.573470 -2.758428 -5.221599
-1.579082 -2.758428 3.159472 5.328063
-2.620284 -5.221599 5.328063 19.120373
2.798077 0.585855 -0.465201 -2.534843
2.813438 3.122966 -0.536903 -0.340165
3.122966 5.146390 -0.486842 -0.596348
-0.536903 -0.486842 1.730989 1.961818
-0.340165 -0.596348 1.961818 4.563096
3.072385 0.653895 2.966698 1.640781
2.724051 2.140578 -0.868454 -0.644057
2.140578 2.338671 -0.657893 -0.650209
-0.868454 -0.657893 1.670312 1.443745
-0.644057 -0.650209 1.443745 2.078568
4.582525 1.377407 3.791583 1.689688
1.988356 1.204614 -0.892053 -0.548882
1.204614 1.061393 -0.522387 -0.408554
-0.892053 -0.522387 1.843746 1.258887
-0.548882 -0.408554 1.258887 1.240211
7.688587 2.582698 3.011343 0.849023
1.437733 0.726935 -0.300508 -0.123441
0.726935 0.561709 -0.132914 -0.105488
-0.300508 -0.132914 1.319488 0.736292
-0.123441 -0.105488 0.736292 0.618801
6.794691 1.633136 4.941696 1.528774
1.116812 0.489210 -0.154159 -0.053719
0.489210 0.339347 -0.059694 -0.054615
-0.154159 -0.059694 1.251778 0.594603
-0.053719 -0.054615 0.594603 0.410123
8.737457 2.073018 6.490897 1.859424
0.966593 0.377244 -0.230224 -0.088258
0.377244 0.233917 -0.089460 -0.057533
-0.230224 -0.089460 1.246388 0.511515
-0.088258 -0.057533 0.511515 0.295945
9.014038 1.804557 7.799726 1.994475
0.893449 0.315584 -0.264741 -0.093435
0.315584 0.175391 -0.093789 -0.049142
-0.264741 -0.093789 1.170272 0.421881
-0.093435 -0.049142 0.421881 0.214764
9.854468 1.784591 8.811827 1.999193
0.854802 0.275886 -0.277500 -0.088455
0.275886 0.138862 -0.088757 -0.039752
-0.277500 -0.088757 1.063387 0.342633
-0.088455 -0.039752 0.342633 0.159204
11.362609 1.967957 9.735375 1.977919
0.812870 0.241634 -0.266347 -0.076751
0.241634 0.112663 -0.077083 -0.030675
-0.266347 -0.077083 0.965551 0.282706
-0.076751 -0.030675 0.282706 0.122973
12.314261 1.958515 10.603042 1.944993
0.761049 0.210279 -0.238911 -0.062629
0.210279 0.093096 -0.062867 -0.022914
-0.238911 -0.062867 0.884412 0.238801
-0.062629 -0.022914 0.238801 0.099180
12.854832 1.846899 12.133257 2.084563
0.713362 0.185079 -0.209546 -0.050372
0.185079 0.079169 -0.050505 -0.017158
-0.209546 -0.050505 0.814332 0.205412
-0.050372 -0.017158 0.205412 0.082941
13.578615 1.799896 13.575854 2.179526
0.676236 0.166385 -0.180614 -0.040059
0.166385 0.069541 -0.040159 -0.012906
-0.180614 -0.040159 0.747563 0.178251
-0.040059 -0.012906 0.178251 0.071288
14.494888 1.802460 14.475121 2.135951
0.644591 0.151738 -0.152415 -0.031324
0.151738 0.062636 -0.031402 -0.009704
-0.152415 -0.031402 0.689327 0.157156
-0.031324 -0.009704 0.157156 0.063081
15.709879 1.870746 15.074838 2.034176
0.615584 0.139755 -0.127273 -0.024350
0.139755 0.057541 -0.024388 -0.007353
-0.127273 -0.024388 0.643313 0.141720
-0.024350 -0.007353 0.141720 0.057471
16.453470 1.828057 16.075348 2.029321
0.588188 0.129756 -0.104979 -0.018762
0.129756 0.053729 -0.018736 -0.005605
-0.104979 -0.018736 0.608382 0.130686
-0.018762 -0.005605 0.130686 0.053674
16.594186 1.663524 17.529926 2.117342
0.565652 0.122112 -0.085555 -0.014301
0.122112 0.051023 -0.014244 -0.004301
-0.085555 -0.014244 0.579429 0.122264
-0.014301 -0.004301 0.122264 0.050983
17.943300 1.774227 18.628337 2.129114
0.549144 0.116708 -0.068800 -0.010742
0.116708 0.049199 -0.010702 -0.003323
-0.068800 -0.010702 0.553774 0.115492
-0.010742 -0.003323 0.115492 0.049004
18.913054 1.788767 19.263096 2.040296
0.534160 0.112285 -0.053425 -0.007721
0.112285 0.047847 -0.007677 -0.002541
-0.053425 -0.007677 0.534247 0.110715
-0.007721 -0.002541 0.110715 0.047688
19.467400 1.716630 20.118155 2.004134
0.521379 0.108831 -0.040799 -0.005443
0.108831 0.046879 -0.005395 -0.001970
-0.040799 -0.005395 0.519618 0.107408
-0.005443 -0.001970 0.107408 0.046825
19.979771 1.645437 21.282167 2.035912
0.511194 0.106293 -0.030613 -0.003758
0.106293 0.046223 -0.003713 -0.001556
-0.030613 -0.003713 0.508222 0.105049
-0.003758 -0.001556 0.105049 0.046245
20.706756 1.627370 22.718762 2.122260
0.503079 0.104446 -0.022312 -0.002495
0.104446 0.045786 -0.002458 -0.001245
-0.022312 -0.002458 0.499462 0.103408
-0.002495 -0.001245 0.103408 0.045863
21.182687 1.557071 23.742204 2.113290
0.496138 0.103016 -0.015747 -0.001592
0.103016 0.045478 -0.001559 -0.001016
-0.015747 -0.001559 0.493371 0.102412
-0.001592 -0.001016 0.102412 0.045639
21.606308 1.482561 24.530320 2.056467
0.490102 0.101893 -0.010979 -0.001035
0.101893 0.045259 -0.001003 -0.000858
-0.010979 -0.001003 0.489499 0.101903
-0.001035 -0.000858 0.101903 0.045524
22.171014 1.444701 24.979114 1.935173
0.484842 0.101009 -0.007783 -0.000753
0.101009 0.045100 -0.000723 -0.000755
-0.007783 -0.000723 0.487334 0.101732
-0.000753 -0.000755 0.101732 0.045476
22.441565 1.350421 26.027202 1.951495
0.480527 0.100369 -0.006073 -0.000714
0.100369 0.044995 -0.000687 -0.000697
-0.006073 -0.000687 0.486186 0.101729
-0.000714 -0.000697 0.101729 0.045456
23.077078 1.341869 26.664946 1.880614
0.476167 0.099737 -0.005340 -0.000803
0.099737 0.044889 -0.000778 -0.000659
-0.005340 -0.000778 0.486632 0.102007
-0.000803 -0.000659 0.102007 0.045488
23.585522 1.307890 28.043836 1.972601
0.472334 0.099228 -0.005934 -0.001093
0.099228 0.044804 -0.001072 -0.000659
-0.005934 -0.001072 0.487787 0.102363
-0.001093 -0.000659 0.102363 0.045528
24.023274 1.262348 29.095829 1.986362
0.467648 0.098536 -0.007812 -0.001572
0.098536 0.044675 -0.001555 -0.000695
-0.007812 -0.001555 0.490910 0.103064
-0.001572 -0.000695 0.103064 0.045633
24.569323 1.244479 30.735748 2.122073
0.462687 0.097798 -0.010559 -0.002148
0.097798 0.044533 -0.002137 -0.000748
-0.010559 -0.002137 0.495280 0.103937
-0.002148 -0.000748 0.103937 0.045766
24.425353 1.081888 31.547858 2.069661
0.456436 0.096797 -0.014513 -0.002899
0.096797 0.044333 -0.002895 -0.000836
-0.014513 -0.002895 0.502138 0.105238
-0.002899 -0.000836 0.105238 0.045980
25.421183 1.178814 32.703632 2.095246
0.450331 0.095859 -0.017290 -0.003323
0.095859 0.044148 -0.003321 -0.000853
-0.017290 -0.003321 0.509562 0.106535
-0.003323 -0.000853 0.106535 0.046183
26.155814 1.209579 33.502239 2.043500
0.444619 0.095021 -0.022039 -0.004122
0.095021 0.043982 -0.004130 -0.000959
-0.022039 -0.004130 0.517678 0.107870
-0.004122 -0.000959 0.107870 0.046388
26.623672 1.179201 33.933620 1.920723
0.439831 0.094382 -0.027526 -0.005012
0.094382 0.043855 -0.005037 -0.001086
-0.027526 -0.005037 0.525602 0.109069
-0.005012 -0.001086 0.109069 0.046562
27.264151 1.190385 34.986455 1.939951
0.436236 0.093981 -0.032825 -0.005802
0.093981 0.043771 -0.005844 -0.001193
-0.032825 -0.005844 0.532568 0.110004
-0.005802 -0.001193 0.110004 0.046684
28.132801 1.250619 36.298318 2.011118
0.432670 0.093544 -0.037990 -0.006527
0.093544 0.043668 -0.006582 -0.001293
-0.037990 -0.006582 0.540140 0.111034
-0.006527 -0.001293 0.111034 0.046835
28.900780 1.280708 37.064384 1.962596
0.428990 0.093049 -0.042689 -0.007134
0.093049 0.043544 -0.007192 -0.001374
-0.042689 -0.007192 0.548380 0.112169
-0.007134 -0.001374 0.112169 0.047015
29.651953 1.305472 38.177096 1.989890
0.425961 0.092671 -0.046771 -0.007609
0.092671 0.043443 -0.007665 -0.001436
-0.046771 -0.007665 0.555882 0.113121
-0.007609 -0.001436 0.113121 0.047162
30.170862 1.272671 38.505285 1.853879
0.423147 0.092318 -0.048657 -0.007648
0.092318 0.043344 -0.007674 -0.001415
-0.048657 -0.007674 0.562324 0.113859
-0.007648 -0.001415 0.113859 0.047276
30.539809 1.212755 39.220670 1.809569
0.421099 0.092104 -0.050057 -0.007640
0.092104 0.043271 -0.007643 -0.001402
-0.050057 -0.007643 0.567371 0.114331
-0.007640 -0.001402 0.114331 0.047348
31.384230 1.264380 40.009935 1.787842
0.419547 0.091974 -0.049152 -0.007218
0.091974 0.043216 -0.007175 -0.001313
-0.049152 -0.007175 0.570324 0.114437
-0.007218 -0.001313 0.114437 0.047362
31.391063 1.123591 40.460738 1.694827
0.418851 0.092005 -0.046178 -0.006463
0.092005 0.043195 -0.006363 -0.001171
-0.046178 -0.006363 0.570551 0.114082
-0.006463 -0.001171 0.114082 0.047302
31.966950 1.125612 41.147566 1.662813
0.418899 0.092158 -0.042087 -0.005586
0.092158 0.043197 -0.005434 -0.001021
-0.042087 -0.005434 0.568788 0.113445
-0.005586 -0.001021 0.113445 0.047205
32.856420 1.198065 42.027235 1.674607
0.420433 0.092594 -0.036420 -0.004489
0.092594 0.043259 -0.004290 -0.000839
-0.036420 -0.004290 0.563656 0.112266
-0.004489 -0.000839 0.112266 0.047020
33.822856 1.283104 43.487274 1.801145
0.425195 0.093682 -0.028841 -0.003098
0.093682 0.043460 -0.002878 -0.000610
-0.028841 -0.002878 0.552533 0.110056
-0.003098 -0.000610 0.110056 0.046650
34.289961 1.246877 44.775475 1.877618
0.438309 0.096483 -0.020803 -0.001687
0.096483 0.044022 -0.001551 -0.000398
-0.020803 -0.001551 0.529434 0.105674
-0.001687 -0.000398 0.105674 0.045874
34.651018 1.190058 45.867307 1.907090
0.457589 0.100326 -0.016570 -0.001118
0.100326 0.044764 -0.001158 -0.000373
-0.016570 -0.001158 0.502288 0.100821
-0.001118 -0.000373 0.100821 0.045044
35.359290 1.214493 46.765510 1.896326
0.480333 0.104539 -0.016577 -0.001417
0.104539 0.045534 -0.001647 -0.000513
-0.016577 -0.001647 0.476512 0.096559
-0.001417 -0.000513 0.096559 0.044359
35.604421 1.136324 47.681866 1.888537
0.506191 0.109041 -0.021399 -0.002637
0.109041 0.046323 -0.003040 -0.000814
-0.021399 -0.003040 0.453323 0.093022
-0.002637 -0.000814 0.093022 0.043818
