3.349752 2.302024 -0.694479 -1.169845
2.470482 0.988214 -0.052654 -0.021062
0.988214 80.399361 -0.021062 -0.008425
-0.052654 -0.021062 2.434012 0.973626
-0.021062 -0.008425 0.973626 80.393525
4.895128 2.986802 -2.311759 -2.976239
2.245720 3.926062 -0.057315 -0.090138
3.926062 15.254846 -0.089813 -0.291545
-0.057315 -0.089813 2.277234 3.988359
-0.090138 -0.291545 3.988359 15.270984
5.585996 2.068825 1.807389 3.486903
1.978518 2.289333 -0.052612 -0.057103
2.289333 4.538765 -0.057021 -0.102316
-0.052612 -0.057021 2.027214 2.337067
-0.057103 -0.102316 2.337067 4.568192
6.792038 2.212122 2.114317 2.281205
1.705525 1.439428 -0.036470 -0.028949
1.439428 1.910109 -0.028910 -0.038821
-0.036470 -0.028910 1.723998 1.447145
-0.028949 -0.038821 1.447145 1.907844
6.503556 1.289968 3.343989 2.339431
1.475049 0.975415 -0.028598 -0.018385
0.975415 0.975888 -0.018363 -0.019524
-0.028598 -0.018363 1.488329 0.979970
-0.018385 -0.019524 0.979970 0.976320
9.401125 2.514221 4.968501 2.585719
1.295174 0.703906 -0.024163 -0.013117
0.703906 0.567458 -0.013105 -0.011371
-0.024163 -0.013105 1.303197 0.705874
-0.013117 -0.011371 0.705874 0.567768
8.925273 1.713804 7.364559 3.094142
1.151330 0.531686 -0.018361 -0.008632
0.531686 0.361323 -0.008622 -0.006618
-0.018361 -0.008622 1.158578 0.533672
-0.008632 -0.006618 0.533672 0.362107
8.706407 1.281149 8.340663 2.865161
1.037314 0.417318 -0.014698 -0.006159
0.417318 0.247127 -0.006151 -0.004224
-0.014698 -0.006151 1.041186 0.418049
-0.006159 -0.004224 0.418049 0.247485
9.938933 1.493095 8.441930 2.389836
0.944217 0.337473 -0.012418 -0.004713
0.337473 0.178980 -0.004707 -0.002894
-0.012418 -0.004707 0.945774 0.337553
-0.004713 -0.002894 0.337553 0.179144
11.208050 1.661681 9.840747 2.455422
0.866575 0.279668 -0.010631 -0.003692
0.279668 0.136040 -0.003688 -0.002053
-0.010631 -0.003688 0.867804 0.279817
-0.003692 -0.002053 0.279817 0.136243
12.294322 1.737295 10.625384 2.324468
0.801771 0.236957 -0.008877 -0.002851
0.236957 0.107945 -0.002848 -0.001470
-0.008877 -0.002848 0.802792 0.237142
-0.002851 -0.001470 0.237142 0.108144
12.770498 1.629820 11.457726 2.234178
0.747203 0.204775 -0.007422 -0.002224
0.204775 0.088991 -0.002222 -0.001075
-0.007422 -0.002222 0.748228 0.205014
-0.002224 -0.001075 0.205014 0.089183
14.150281 1.775020 12.541368 2.225457
0.701134 0.180218 -0.006284 -0.001769
0.180218 0.075920 -0.001767 -0.000804
-0.006284 -0.001767 0.702061 0.180455
-0.001769 -0.000804 0.180455 0.076087
14.733358 1.700856 13.666718 2.228587
0.662039 0.161277 -0.005228 -0.001391
0.161277 0.066754 -0.001390 -0.000604
-0.005228 -0.001390 0.662953 0.161519
-0.001391 -0.000604 0.161519 0.066901
14.771758 1.511746 13.495350 1.928952
0.628916 0.146602 -0.004352 -0.001101
0.146602 0.060262 -0.001100 -0.000459
-0.004352 -0.001100 0.629708 0.146814
-0.001101 -0.000459 0.146814 0.060382
15.191045 1.436038 14.182611 1.866595
0.600805 0.135187 -0.003750 -0.000903
0.135187 0.055632 -0.000902 -0.000359
-0.003750 -0.000902 0.601556 0.135386
-0.000903 -0.000359 0.135386 0.055734
16.282399 1.517781 14.860392 1.810625
0.577062 0.126325 -0.003236 -0.000742
0.126325 0.052330 -0.000742 -0.000282
-0.003236 -0.000742 0.577737 0.126501
-0.000742 -0.000282 0.126501 0.052413
16.543056 1.410933 15.727537 1.802449
0.557063 0.119465 -0.002748 -0.000601
0.119465 0.049979 -0.000601 -0.000221
-0.002748 -0.000601 0.557718 0.119629
-0.000601 -0.000221 0.119629 0.050050
17.549025 1.474443 16.849305 1.849069
0.540381 0.114203 -0.002331 -0.000487
0.114203 0.048322 -0.000486 -0.000174
-0.002331 -0.000486 0.540948 0.114341
-0.000487 -0.000174 0.114341 0.048378
17.298361 1.267676 17.482887 1.788131
0.526557 0.110203 -0.001929 -0.000384
0.110203 0.047166 -0.000384 -0.000135
-0.001929 -0.000384 0.527038 0.110316
-0.000384 -0.000135 0.110316 0.047211
17.854138 1.251471 19.038941 1.925882
0.515236 0.107210 -0.001612 -0.000306
0.107210 0.046376 -0.000306 -0.000107
-0.001612 -0.000306 0.515591 0.107291
-0.000306 -0.000107 0.107291 0.046409
18.281154 1.210239 20.024700 1.930603
0.506067 0.105007 -0.001306 -0.000236
0.105007 0.045848 -0.000236 -0.000083
-0.001306 -0.000236 0.506282 0.105056
-0.000236 -0.000083 0.105056 0.045871
18.695486 1.170719 21.565364 2.049905
0.498725 0.103420 -0.001037 -0.000178
0.103420 0.045506 -0.000178 -0.000064
-0.001037 -0.000178 0.498826 0.103445
-0.000178 -0.000064 0.103445 0.045521
19.164151 1.146540 23.141614 2.164324
0.492929 0.102308 -0.000791 -0.000128
0.102308 0.045293 -0.000127 -0.000049
-0.000791 -0.000127 0.492945 0.102315
-0.000128 -0.000049 0.102315 0.045303
19.189777 1.032690 24.488875 2.219409
0.488413 0.101552 -0.000573 -0.000086
0.101552 0.045168 -0.000086 -0.000037
-0.000573 -0.000086 0.488400 0.101555
-0.000086 -0.000037 0.101555 0.045175
19.676611 1.026541 25.616544 2.223151
0.484953 0.101062 -0.000379 -0.000051
0.101062 0.045099 -0.000051 -0.000027
-0.000379 -0.000051 0.484959 0.101070
-0.000051 -0.000027 0.101070 0.045106
20.238499 1.036701 26.807411 2.239719
0.482339 0.100761 -0.000224 -0.000025
0.100761 0.045064 -0.000025 -0.000020
-0.000224 -0.000025 0.482427 0.100786
-0.000025 -0.000020 0.100786 0.045074
20.705226 1.025870 27.224745 2.092607
0.480391 0.100590 -0.000108 -0.000008
0.100590 0.045049 -0.000008 -0.000015
-0.000108 -0.000008 0.480629 0.100645
-0.000008 -0.000015 0.100645 0.045063
21.535894 1.092547 28.460191 2.132302
0.478989 0.100512 -0.000033 0.000001
0.100512 0.045043 0.000001 -0.000012
-0.000033 0.000001 0.479376 0.100593
0.000001 -0.000012 0.100593 0.045062
22.392061 1.157694 29.225356 2.069031
0.477968 0.100483 -0.000005 0.000001
0.100483 0.045040 0.000001 -0.000011
-0.000005 0.000001 0.478577 0.100604
0.000001 -0.000011 0.100604 0.045065
23.019803 1.167991 29.906383 1.994616
0.477248 0.100486 -0.000027 -0.000008
0.100486 0.045035 -0.000008 -0.000012
-0.000027 -0.000008 0.478094 0.100647
-0.000008 -0.000012 0.100647 0.045068
22.905827 1.020846 31.454931 2.110795
0.476750 0.100504 -0.000081 -0.000022
0.100504 0.045029 -0.000022 -0.000013
-0.000081 -0.000022 0.477834 0.100702
-0.000022 -0.000013 0.100702 0.045067
23.002022 0.933444 32.190512 2.043346
0.476344 0.100512 -0.000125 -0.000031
0.100512 0.045016 -0.000031 -0.000013
-0.000125 -0.000031 0.477791 0.100773
-0.000031 -0.000013 0.100773 0.045066
24.034837 1.052980 32.865147 1.970109
0.476039 0.100518 -0.000167 -0.000039
0.100518 0.045001 -0.000039 -0.000013
-0.000167 -0.000039 0.477853 0.100838
-0.000039 -0.000013 0.100838 0.045061
24.512493 1.042663 34.065784 2.015615
0.475809 0.100519 -0.000278 -0.000060
0.100519 0.044983 -0.000060 -0.000016
-0.000278 -0.000060 0.477968 0.100891
-0.000060 -0.000016 0.100891 0.045052
25.346917 1.108824 34.421750 1.878008
0.475575 0.100504 -0.000416 -0.000084
0.100504 0.044963 -0.000084 -0.000020
-0.000416 -0.000084 0.478158 0.100943
-0.000084 -0.000020 0.100943 0.045044
25.897066 1.107928 35.612755 1.931206
0.475403 0.100491 -0.000594 -0.000115
0.100491 0.044944 -0.000116 -0.000025
-0.000594 -0.000116 0.478323 0.100975
-0.000115 -0.000025 0.100975 0.045032
27.149339 1.255539 36.122149 1.834938
0.475193 0.100460 -0.000804 -0.000151
0.100460 0.044922 -0.000151 -0.000031
-0.000804 -0.000151 0.478536 0.101008
-0.000151 -0.000031 0.101008 0.045023
27.891719 1.279785 37.262129 1.881904
0.475031 0.100434 -0.001092 -0.000201
0.100434 0.044904 -0.000201 -0.000039
-0.001092 -0.000201 0.478699 0.101024
-0.000201 -0.000039 0.101024 0.045012
28.258094 1.221953 38.201644 1.881575
0.474827 0.100396 -0.001421 -0.000256
0.100396 0.044884 -0.000256 -0.000049
-0.001421 -0.000256 0.478896 0.101044
-0.000256 -0.000049 0.101044 0.045003
28.700252 1.186282 39.332031 1.921548
0.474589 0.100349 -0.001742 -0.000306
0.100349 0.044865 -0.000306 -0.000058
-0.001742 -0.000306 0.479115 0.101066
-0.000306 -0.000058 0.101066 0.044998
29.725952 1.277755 40.338940 1.931351
0.474301 0.100291 -0.002075 -0.000357
0.100291 0.044845 -0.000357 -0.000066
-0.002075 -0.000357 0.479376 0.101096
-0.000357 -0.000066 0.101096 0.044996
30.832419 1.376662 41.438314 1.959641
0.474012 0.100236 -0.002487 -0.000422
0.100236 0.044827 -0.000423 -0.000078
-0.002487 -0.000423 0.479632 0.101123
-0.000422 -0.000078 0.101123 0.044994
31.468987 1.365638 42.129254 1.898736
0.473719 0.100181 -0.002989 -0.000504
0.100181 0.044811 -0.000504 -0.000094
-0.002989 -0.000504 0.479889 0.101151
-0.000504 -0.000094 0.101151 0.044995
32.172617 1.370193 43.550233 1.998125
0.473449 0.100134 -0.003486 -0.000581
0.100134 0.044798 -0.000581 -0.000108
-0.003486 -0.000581 0.480123 0.101174
-0.000581 -0.000108 0.101174 0.044995
33.011144 1.402601 44.428963 1.972833
0.473103 0.100072 -0.004038 -0.000666
0.100072 0.044782 -0.000667 -0.000124
-0.004038 -0.000667 0.480440 0.101216
-0.000666 -0.000124 0.101216 0.045001
33.908926 1.444203 45.491931 1.989047
0.472780 0.100017 -0.004624 -0.000756
0.100017 0.044770 -0.000757 -0.000140
-0.004624 -0.000757 0.480740 0.101254
-0.000756 -0.000140 0.101254 0.045007
34.509622 1.418439 46.346583 1.959529
0.472456 0.099965 -0.005267 -0.000855
0.099965 0.044757 -0.000856 -0.000159
-0.005267 -0.000856 0.481053 0.101295
-0.000855 -0.000159 0.101295 0.045013
35.093400 1.391920 47.371106 1.968874
0.472139 0.099915 -0.005900 -0.000949
0.099915 0.044746 -0.000950 -0.000177
-0.005900 -0.000950 0.481369 0.101336
-0.000949 -0.000177 0.101336 0.045021
36.161925 1.470936 48.575347 2.015401
0.471798 0.099861 -0.006538 -0.001042
0.099861 0.044735 -0.001043 -0.000195
-0.006538 -0.001043 0.481720 0.101385
-0.001042 -0.000195 0.101385 0.045030
