1.387026 1.516917 1.660619 -0.227785
2.053490 0.821414 -0.226717 -0.090689
0.821414 80.332639 -0.090689 -0.036276
-0.226717 -0.090689 3.101368 1.240574
-0.090689 -0.036276 1.240574 80.500307
5.441083 7.400539 1.490433 -0.259400
3.263317 5.795352 -1.636845 -2.712954
5.795352 17.441490 -2.864926 -5.392784
-1.636845 -2.864926 2.986382 5.033372
-2.712954 -5.392784 5.033372 18.618763
6.623666 4.613878 1.506938 -0.349521
2.086066 2.305296 -0.175173 0.010956
2.305296 4.251845 -0.061215 -0.180494
-0.175173 -0.061215 1.983741 2.320942
0.010956 -0.180494 2.320942 5.011476
6.146778 2.355595 1.900048 0.075905
1.759883 1.430514 -0.027088 0.019727
1.430514 1.817563 -0.007499 -0.129120
-0.027088 -0.007499 1.679365 1.459938
0.019727 -0.129120 1.459938 2.089648
8.639912 3.183644 3.515519 1.152327
1.584430 1.017401 -0.028598 -0.023217
1.017401 0.972780 -0.032805 -0.099213
-0.028598 -0.032805 1.396893 0.955919
-0.023217 -0.099213 0.955919 1.033914
9.439467 2.759768 4.434130 1.353002
1.208706 0.640175 -0.091193 -0.062870
0.640175 0.520508 -0.069730 -0.083884
-0.091193 -0.069730 1.428041 0.806471
-0.062870 -0.083884 0.806471 0.662172
9.258948 2.050260 5.149575 1.387437
1.019711 0.465230 -0.148864 -0.080958
0.465230 0.326860 -0.085328 -0.066934
-0.148864 -0.085328 1.388342 0.659111
-0.080958 -0.066934 0.659111 0.439721
9.509350 1.731443 6.799926 1.783268
0.909649 0.366104 -0.195735 -0.087317
0.366104 0.225936 -0.090069 -0.053022
-0.195735 -0.090069 1.313792 0.536302
-0.087317 -0.053022 0.536302 0.304533
10.729938 1.854874 8.508021 2.072887
0.860774 0.310499 -0.243219 -0.091718
0.310499 0.169801 -0.093391 -0.043783
-0.243219 -0.093391 1.201756 0.430602
-0.091718 -0.043783 0.430602 0.216824
10.875336 1.600378 8.987304 1.896470
0.820893 0.268195 -0.246928 -0.080812
0.268195 0.132840 -0.081946 -0.032833
-0.246928 -0.081946 1.077913 0.345264
-0.080812 -0.032833 0.345264 0.159391
11.271552 1.479648 10.127664 1.952156
0.781540 0.233792 -0.239508 -0.069214
0.233792 0.107301 -0.070118 -0.024678
-0.239508 -0.070118 0.976707 0.284443
-0.069214 -0.024678 0.284443 0.123099
11.236003 1.265147 11.388195 2.026264
0.746416 0.206699 -0.222325 -0.057459
0.206699 0.089594 -0.058244 -0.018423
-0.222325 -0.058244 0.884000 0.237502
-0.057459 -0.018423 0.237502 0.098604
12.324846 1.384685 12.500148 2.053680
0.718476 0.186118 -0.201604 -0.047049
0.186118 0.077340 -0.047829 -0.013825
-0.201604 -0.047829 0.798880 0.200687
-0.047049 -0.013825 0.200687 0.081643
12.414851 1.236399 13.556890 2.056577
0.685559 0.167729 -0.175999 -0.037320
0.167729 0.068087 -0.038006 -0.010227
-0.175999 -0.038006 0.731681 0.174108
-0.037320 -0.010227 0.174108 0.070308
13.150142 1.259443 14.048329 1.934168
0.658209 0.153561 -0.152697 -0.029606
0.153561 0.061559 -0.030268 -0.007686
-0.152697 -0.030268 0.674346 0.153713
-0.029606 -0.007686 0.153713 0.062361
13.986876 1.304051 14.768801 1.881192
0.630656 0.141505 -0.132259 -0.023625
0.141505 0.056673 -0.024207 -0.005888
-0.132259 -0.024207 0.631157 0.139243
-0.023625 -0.005888 0.139243 0.057014
15.042700 1.395446 16.006952 1.949769
0.604501 0.131535 -0.113160 -0.018683
0.131535 0.053071 -0.019171 -0.004541
-0.113160 -0.019171 0.597083 0.128598
-0.018683 -0.004541 0.128598 0.053315
15.138340 1.268678 17.211567 1.992797
0.580788 0.123512 -0.093727 -0.014209
0.123512 0.050466 -0.014619 -0.003442
-0.093727 -0.014619 0.568763 0.120471
-0.014209 -0.003442 0.120471 0.050690
15.831072 1.276394 17.721503 1.890763
0.562808 0.117767 -0.076713 -0.010641
0.117767 0.048731 -0.011032 -0.002639
-0.076713 -0.011032 0.543979 0.113985
-0.010641 -0.002639 0.113985 0.048765
16.404928 1.265102 18.900646 1.939118
0.546816 0.113171 -0.062543 -0.007960
0.113171 0.047484 -0.008312 -0.002077
-0.062543 -0.008312 0.525333 0.109439
-0.007960 -0.002077 0.109439 0.047482
16.942080 1.244787 19.794500 1.922486
0.533644 0.109731 -0.049431 -0.005664
0.109731 0.046643 -0.005988 -0.001623
-0.049431 -0.005988 0.510185 0.106052
-0.005664 -0.001623 0.106052 0.046588
17.752029 1.284452 20.907008 1.955501
0.522680 0.107144 -0.038068 -0.003846
0.107144 0.046081 -0.004142 -0.001282
-0.038068 -0.004142 0.498565 0.103677
-0.003846 -0.001282 0.103677 0.045995
19.089142 1.428820 22.160878 2.017866
0.513123 0.105127 -0.027892 -0.002336
0.105127 0.045696 -0.002599 -0.001004
-0.027892 -0.002599 0.490238 0.102153
-0.002336 -0.001004 0.102153 0.045629
19.617917 1.392143 23.443526 2.074072
0.504129 0.103420 -0.019122 -0.001148
0.103420 0.045406 -0.001369 -0.000788
-0.019122 -0.001369 0.485334 0.101415
-0.001148 -0.000788 0.101415 0.045450
20.071250 1.341837 24.396003 2.055257
0.496335 0.102098 -0.011970 -0.000288
0.102098 0.045210 -0.000470 -0.000630
-0.011970 -0.000470 0.482628 0.101130
-0.000288 -0.000630 0.101130 0.045370
20.000571 1.187756 25.109595 1.986824
0.489532 0.101064 -0.006566 0.000245
0.101064 0.045073 0.000098 -0.000527
-0.006566 0.000098 0.481683 0.101170
0.000245 -0.000527 0.101170 0.045353
20.573012 1.184080 26.488025 2.067787
0.483920 0.100321 -0.002215 0.000622
0.100321 0.044989 0.000503 -0.000442
-0.002215 0.000503 0.481698 0.101349
0.000622 -0.000442 0.101349 0.045357
21.647145 1.284356 27.433421 2.049773
0.477838 0.099487 0.000778 0.000783
0.099487 0.044872 0.000690 -0.000388
0.000778 0.000690 0.483885 0.101919
0.000783 -0.000388 0.101919 0.045438
21.960054 1.215447 28.316840 2.019808
0.471777 0.098666 0.001278 0.000502
0.098666 0.044747 0.000430 -0.000414
0.001278 0.000430 0.487408 0.102679
0.000502 -0.000414 0.102679 0.045549
22.294672 1.158034 29.489647 2.054124
0.465976 0.097903 0.000947 0.000159
0.097903 0.044623 0.000100 -0.000438
0.000947 0.000100 0.491767 0.103521
0.000159 -0.000438 0.103521 0.045669
22.884028 1.160446 30.084129 1.963199
0.459801 0.097054 -0.000142 -0.000240
0.097054 0.044471 -0.000295 -0.000463
-0.000142 -0.000295 0.497503 0.104566
-0.000240 -0.000463 0.104566 0.045826
23.603045 1.189979 30.920132 1.932583
0.454466 0.096381 -0.002424 -0.000797
0.096381 0.044348 -0.000854 -0.000517
-0.002424 -0.000854 0.503098 0.105489
-0.000797 -0.000517 0.105489 0.045954
24.404128 1.233543 32.425231 2.045092
0.449478 0.095760 -0.006051 -0.001544
0.095760 0.044226 -0.001611 -0.000606
-0.006051 -0.001611 0.509032 0.106417
-0.001544 -0.000606 0.106417 0.046083
25.294261 1.291966 33.619478 2.080752
0.443742 0.094952 -0.011065 -0.002485
0.094952 0.044054 -0.002573 -0.000734
-0.011065 -0.002573 0.516805 0.107672
-0.002485 -0.000734 0.107672 0.046284
26.565184 1.426266 34.378667 2.022414
0.438283 0.094193 -0.017172 -0.003558
0.094193 0.043888 -0.003673 -0.000886
-0.017172 -0.003673 0.525268 0.108991
-0.003558 -0.000886 0.108991 0.046497
27.278851 1.426211 35.128064 1.968334
0.434204 0.093712 -0.025012 -0.004896
0.093712 0.043777 -0.005054 -0.001094
-0.025012 -0.005054 0.533098 0.110104
-0.004896 -0.001094 0.110104 0.046665
27.963350 1.419812 35.976899 1.940468
0.430915 0.093359 -0.032469 -0.006054
0.093359 0.043684 -0.006247 -0.001261
-0.032469 -0.006247 0.540666 0.111117
-0.006054 -0.001261 0.111117 0.046819
28.182066 1.312847 36.911205 1.931938
0.428056 0.093047 -0.039051 -0.006966
0.093047 0.043591 -0.007181 -0.001379
-0.039051 -0.007181 0.548141 0.112085
-0.006966 -0.001379 0.112085 0.046969
28.896569 1.327208 38.373188 2.033183
0.425163 0.092686 -0.043049 -0.007324
0.092686 0.043481 -0.007520 -0.001388
-0.043049 -0.007520 0.555250 0.112969
-0.007324 -0.001388 0.112969 0.047112
29.775506 1.372828 39.029706 1.961088
0.422384 0.092324 -0.044162 -0.007129
0.092324 0.043371 -0.007267 -0.001297
-0.044162 -0.007267 0.561197 0.113625
-0.007129 -0.001297 0.113625 0.047218
30.031740 1.281204 40.581392 2.074252
0.420428 0.092116 -0.044409 -0.006842
0.092116 0.043293 -0.006926 -0.001214
-0.044409 -0.006926 0.565435 0.113962
-0.006842 -0.001214 0.113962 0.047270
30.614308 1.266721 41.309597 2.011781
0.420368 0.092314 -0.039684 -0.005631
0.092314 0.043307 -0.005617 -0.000955
-0.039684 -0.005617 0.563938 0.113226
-0.005631 -0.000955 0.113226 0.047126
31.421933 1.302836 41.914559 1.932353
0.421929 0.092803 -0.033938 -0.004370
0.092803 0.043377 -0.004280 -0.000721
-0.033938 -0.004280 0.559214 0.111996
-0.004370 -0.000721 0.111996 0.046911
32.043619 1.294671 42.593729 1.874680
0.425224 0.093586 -0.027761 -0.003159
0.093586 0.043502 -0.003025 -0.000522
-0.027761 -0.003025 0.551573 0.110358
-0.003159 -0.000522 0.110358 0.046642
32.561091 1.267771 43.855086 1.938939
0.430853 0.094779 -0.021353 -0.002012
0.094779 0.043706 -0.001866 -0.000353
-0.021353 -0.001866 0.540536 0.108228
-0.002012 -0.000353 0.108228 0.046298
33.263849 1.281787 44.585939 1.891326
0.441942 0.097038 -0.015224 -0.000994
0.097038 0.044131 -0.000898 -0.000220
-0.015224 -0.000898 0.522473 0.104886
-0.000994 -0.000220 0.104886 0.045731
34.359276 1.380761 45.414677 1.869511
0.456332 0.099788 -0.011155 -0.000452
0.099788 0.044634 -0.000442 -0.000187
-0.011155 -0.000442 0.502495 0.101417
-0.000452 -0.000187 0.101417 0.045164
34.982615 1.367231 46.670806 1.934699
0.476172 0.103464 -0.011031 -0.000714
0.103464 0.045310 -0.000842 -0.000313
-0.011031 -0.000842 0.479641 0.097577
-0.000714 -0.000313 0.097577 0.044532
35.473346 1.324507 47.196810 1.843389
0.500834 0.107852 -0.015972 -0.001952
0.107852 0.046102 -0.002229 -0.000618
-0.015972 -0.002229 0.456735 0.093920
-0.001952 -0.000618 0.093920 0.043938
36.154082 1.327573 47.753803 1.767398
0.525561 0.111892 -0.023130 -0.003521
0.111892 0.046783 -0.003880 -0.000948
-0.023130 -0.003880 0.438362 0.091338
-0.003521 -0.000948 0.091338 0.043556
