5.703791 3.243660 0.291806 -0.775322
2.490737 0.996316 -0.101026 -0.040411
0.996316 80.402602 -0.040411 -0.016165
-0.101026 -0.040411 2.420540 0.968237
-0.040411 -0.016165 0.968237 80.391370
6.000353 0.936386 0.761083 0.715058
2.228589 3.891784 -0.088651 -0.135872
3.891784 15.244509 -0.134713 -0.493872
-0.088651 -0.134713 2.299366 4.029393
-0.135872 -0.493872 4.029393 15.306591
5.613905 -0.056344 0.265989 -0.267361
1.980336 2.296019 -0.082440 -0.091480
2.296019 4.560413 -0.091357 -0.175569
-0.082440 -0.091357 2.029488 2.334837
-0.091480 -0.175569 2.334837 4.555710
4.199803 -1.226154 1.719166 1.062161
1.697598 1.434531 -0.076841 -0.063389
1.434531 1.909490 -0.063397 -0.080442
-0.076841 -0.063397 1.737663 1.456746
-0.063389 -0.080442 1.456746 1.913904
5.190005 -0.162801 4.532547 2.563473
1.476201 0.977554 -0.068524 -0.044312
0.977554 0.978803 -0.044336 -0.042175
-0.068524 -0.044336 1.492484 0.981206
-0.044312 -0.042175 0.981206 0.976313
8.771076 1.829009 4.691374 1.957770
1.299711 0.707055 -0.053156 -0.028104
0.707055 0.569734 -0.028101 -0.022366
-0.053156 -0.028101 1.302117 0.704484
-0.028104 -0.022366 0.704484 0.566818
8.612885 1.333339 5.561147 1.907193
1.152129 0.532313 -0.039749 -0.017926
0.532313 0.361807 -0.017910 -0.012675
-0.039749 -0.017910 1.159947 0.533973
-0.017926 -0.012675 0.533973 0.362286
8.644614 1.078041 8.281887 2.616380
1.036206 0.417017 -0.032376 -0.012905
0.417017 0.247100 -0.012892 -0.008143
-0.032376 -0.012892 1.043924 0.418975
-0.012905 -0.008143 0.418975 0.247929
8.928084 0.986732 7.701927 1.942753
0.943894 0.337477 -0.026151 -0.009391
0.337477 0.179041 -0.009380 -0.005424
-0.026151 -0.009380 0.947230 0.337949
-0.009391 -0.005424 0.337949 0.179348
10.342497 1.284056 8.762448 1.971343
0.866444 0.279712 -0.022682 -0.007449
0.279712 0.136089 -0.007441 -0.003901
-0.022682 -0.007441 0.868875 0.280086
-0.007449 -0.003901 0.280086 0.136385
11.368600 1.397490 10.377112 2.157038
0.801492 0.236936 -0.019189 -0.005813
0.236936 0.107959 -0.005807 -0.002822
-0.019189 -0.005807 0.803810 0.237398
-0.005813 -0.002822 0.237398 0.108268
11.537340 1.252092 12.171991 2.353382
0.747102 0.204795 -0.015944 -0.004495
0.204795 0.089009 -0.004491 -0.002060
-0.015944 -0.004491 0.748884 0.205166
-0.004495 -0.002060 0.205166 0.089265
12.596549 1.363495 13.033381 2.272283
0.701524 0.180353 -0.013245 -0.003505
0.180353 0.075962 -0.003502 -0.001531
-0.013245 -0.003502 0.702085 0.180447
-0.003505 -0.001531 0.180447 0.076119
13.880214 1.510182 13.777912 2.176808
0.662643 0.161443 -0.010999 -0.002751
0.161443 0.066797 -0.002749 -0.001155
-0.010999 -0.002749 0.662662 0.161450
-0.002751 -0.001155 0.161450 0.066913
14.394940 1.454130 15.198764 2.254340
0.629452 0.146731 -0.009092 -0.002161
0.146731 0.060290 -0.002160 -0.000880
-0.009092 -0.002160 0.629410 0.146760
-0.002161 -0.000880 0.146760 0.060395
15.194021 1.470334 16.315178 2.251917
0.601419 0.135319 -0.007473 -0.001697
0.135319 0.055659 -0.001695 -0.000675
-0.007473 -0.001695 0.601120 0.135311
-0.001697 -0.000675 0.135311 0.055739
15.649541 1.409111 16.603259 2.068407
0.577704 0.126451 -0.006099 -0.001327
0.126451 0.052353 -0.001326 -0.000521
-0.006099 -0.001326 0.577230 0.126421
-0.001327 -0.000521 0.126421 0.052415
16.001304 1.333480 17.928534 2.130844
0.557707 0.119581 -0.005045 -0.001057
0.119581 0.049999 -0.001056 -0.000409
-0.005045 -0.001056 0.557183 0.119551
-0.001057 -0.000409 0.119551 0.050049
17.215997 1.449221 18.525714 2.031877
0.541040 0.114314 -0.004122 -0.000832
0.114314 0.048340 -0.000831 -0.000320
-0.004122 -0.000831 0.540377 0.114260
-0.000832 -0.000320 0.114260 0.048375
17.596838 1.377277 19.348767 1.991456
0.527142 0.110293 -0.003331 -0.000648
0.110293 0.047180 -0.000648 -0.000251
-0.003331 -0.000648 0.526525 0.110252
-0.000648 -0.000251 0.110252 0.047209
18.135575 1.346100 20.389240 2.000755
0.515739 0.107279 -0.002673 -0.000503
0.107279 0.046386 -0.000503 -0.000198
-0.002673 -0.000503 0.515148 0.107242
-0.000503 -0.000198 0.107242 0.046409
18.582141 1.299129 21.461612 2.015676
0.506481 0.105058 -0.002106 -0.000383
0.105058 0.045855 -0.000383 -0.000155
-0.002106 -0.000383 0.505919 0.105024
-0.000383 -0.000155 0.105024 0.045872
18.766773 1.202691 21.909947 1.899556
0.499056 0.103455 -0.001621 -0.000285
0.103455 0.045511 -0.000285 -0.000121
-0.001621 -0.000285 0.498538 0.103425
-0.000285 -0.000121 0.103425 0.045522
19.564628 1.243464 22.852220 1.898016
0.493192 0.102331 -0.001234 -0.000211
0.102331 0.045297 -0.000211 -0.000096
-0.001234 -0.000211 0.492718 0.102304
-0.000211 -0.000096 0.102304 0.045304
20.045076 1.214072 23.488319 1.832920
0.488606 0.101565 -0.000914 -0.000153
0.101565 0.045170 -0.000153 -0.000075
-0.000914 -0.000153 0.488238 0.101553
-0.000153 -0.000075 0.101553 0.045176
20.942106 1.274485 24.297089 1.810488
0.485091 0.101067 -0.000662 -0.000109
0.101067 0.045100 -0.000109 -0.000060
-0.000662 -0.000109 0.484848 0.101073
-0.000109 -0.000060 0.101073 0.045107
21.539907 1.266276 25.897534 1.955755
0.482432 0.100761 -0.000482 -0.000080
0.100761 0.045066 -0.000080 -0.000049
-0.000482 -0.000080 0.482357 0.100792
-0.000080 -0.000049 0.100792 0.045074
21.899883 1.209079 26.570177 1.891820
0.480419 0.100581 -0.000357 -0.000062
0.100581 0.045049 -0.000062 -0.000040
-0.000357 -0.000062 0.480621 0.100659
-0.000062 -0.000040 0.100659 0.045065
22.171602 1.139246 27.478020 1.883827
0.478947 0.100492 -0.000281 -0.000053
0.100492 0.045042 -0.000053 -0.000035
-0.000281 -0.000053 0.479434 0.100616
-0.000053 -0.000035 0.100616 0.045065
22.792670 1.150061 28.659433 1.934177
0.477869 0.100456 -0.000241 -0.000049
0.100456 0.045037 -0.000049 -0.000030
-0.000241 -0.000049 0.478689 0.100633
-0.000049 -0.000030 0.100633 0.045068
23.751644 1.230901 29.760573 1.962396
0.477050 0.100443 -0.000268 -0.000058
0.100443 0.045030 -0.000058 -0.000029
-0.000268 -0.000058 0.478302 0.100691
-0.000058 -0.000029 0.100691 0.045074
24.525593 1.264314 31.139050 2.046117
0.476421 0.100439 -0.000400 -0.000086
0.100439 0.045019 -0.000086 -0.000032
-0.000400 -0.000086 0.478174 0.100769
-0.000086 -0.000032 0.100769 0.045077
25.448826 1.325739 31.812829 1.972459
0.475877 0.100425 -0.000627 -0.000130
0.100425 0.045002 -0.000130 -0.000038
-0.000627 -0.000130 0.478270 0.100862
-0.000130 -0.000038 0.100862 0.045080
25.892511 1.279444 32.606226 1.931770
0.475472 0.100417 -0.000941 -0.000188
0.100417 0.044984 -0.000188 -0.000047
-0.000941 -0.000188 0.478435 0.100941
-0.000188 -0.000047 0.100941 0.045078
26.213856 1.212161 33.482791 1.912905
0.475122 0.100401 -0.001272 -0.000245
0.100401 0.044964 -0.000245 -0.000055
-0.001272 -0.000245 0.478673 0.101013
-0.000245 -0.000055 0.101013 0.045073
27.257932 1.304762 34.509409 1.927750
0.474779 0.100370 -0.001609 -0.000298
0.100370 0.044940 -0.000299 -0.000062
-0.001609 -0.000299 0.478980 0.101081
-0.000298 -0.000062 0.101081 0.045067
27.763775 1.273785 35.561595 1.946366
0.474447 0.100331 -0.002082 -0.000378
0.100331 0.044916 -0.000378 -0.000076
-0.002082 -0.000378 0.479315 0.101141
-0.000378 -0.000076 0.101141 0.045061
28.389429 1.271415 36.574585 1.954762
0.474070 0.100274 -0.002593 -0.000460
0.100274 0.044889 -0.000460 -0.000089
-0.002593 -0.000460 0.479710 0.101203
-0.000460 -0.000089 0.101203 0.045057
28.422800 1.144022 37.697917 1.985396
0.473662 0.100206 -0.003160 -0.000550
0.100206 0.044862 -0.000551 -0.000105
-0.003160 -0.000551 0.480139 0.101264
-0.000550 -0.000105 0.101264 0.045055
28.894818 1.122939 38.929992 2.035833
0.473145 0.100113 -0.003671 -0.000624
0.100113 0.044832 -0.000625 -0.000117
-0.003671 -0.000625 0.480674 0.101342
-0.000624 -0.000117 0.101342 0.045058
29.449612 1.121585 40.096960 2.067244
0.472544 0.100004 -0.004241 -0.000709
0.100004 0.044800 -0.000709 -0.000132
-0.004241 -0.000709 0.481290 0.101431
-0.000709 -0.000132 0.101431 0.045066
29.838029 1.085126 41.193359 2.080387
0.471888 0.099888 -0.004881 -0.000806
0.099888 0.044769 -0.000807 -0.000149
-0.004881 -0.000807 0.481959 0.101526
-0.000806 -0.000149 0.101526 0.045076
30.507949 1.111897 41.881466 2.006323
0.471184 0.099765 -0.005541 -0.000905
0.099765 0.044739 -0.000905 -0.000168
-0.005541 -0.000905 0.482681 0.101629
-0.000905 -0.000168 0.101629 0.045089
30.976698 1.093171 42.488476 1.922897
0.470567 0.099666 -0.006255 -0.001012
0.099666 0.044715 -0.001012 -0.000188
-0.006255 -0.001012 0.483316 0.101709
-0.001012 -0.000188 0.101709 0.045098
31.742509 1.139798 43.689063 1.973361
0.470021 0.099583 -0.006958 -0.001114
0.099583 0.044695 -0.001115 -0.000207
-0.006958 -0.001115 0.483881 0.101775
-0.001114 -0.000207 0.101775 0.045106
32.386426 1.155381 44.550554 1.947104
0.469417 0.099489 -0.007805 -0.001245
0.099489 0.044674 -0.001246 -0.000233
-0.007805 -0.001246 0.484525 0.101858
-0.001245 -0.000233 0.101858 0.045119
33.065006 1.176842 45.595616 1.962227
0.468839 0.099402 -0.008706 -0.001383
0.099402 0.044654 -0.001384 -0.000260
-0.008706 -0.001384 0.485159 0.101940
-0.001383 -0.000260 0.101940 0.045133
33.552721 1.155696 46.778604 2.004519
0.468235 0.099311 -0.009692 -0.001535
0.099311 0.044633 -0.001537 -0.000290
-0.009692 -0.001537 0.485843 0.102032
-0.001535 -0.000290 0.102032 0.045150
34.746700 1.287578 48.734197 2.205391
0.467541 0.099201 -0.010715 -0.001691
0.099201 0.044609 -0.001693 -0.000321
-0.010715 -0.001693 0.486648 0.102150
-0.001691 -0.000321 0.102150 0.045173
35.328079 1.273603 49.290511 2.090662
0.466654 0.099052 -0.012111 -0.001921
0.099052 0.044577 -0.001923 -0.000367
-0.012111 -0.001923 0.487725 0.102322
-0.001921 -0.000367 0.102322 0.045208
