2.298963 1.881699 3.462731 0.493075
1.917120 0.766865 -0.203635 -0.081456
0.766865 80.310819 -0.081456 -0.032583
-0.203635 -0.081456 3.716622 1.486681
-0.081456 -0.032583 1.486681 80.598752
5.055031 5.093886 0.654385 -4.511810
2.745285 4.911997 -1.434016 -2.317308
4.911997 15.522579 -2.517450 -4.631278
-1.434016 -2.517450 3.603696 5.915998
-2.317308 -4.631278 5.915998 21.436283
6.577542 4.104123 1.415798 -1.139201
2.360267 2.649748 0.058332 0.298937
2.649748 4.547333 0.120572 0.086360
0.058332 0.120572 1.046915 1.210825
0.298937 0.086360 1.210825 4.170513
6.442908 2.334271 1.612090 -0.393528
1.645868 1.312933 0.346831 0.360386
1.312933 1.653486 0.255115 0.146442
0.346831 0.255115 1.110392 1.111379
0.360386 0.146442 1.111379 1.993658
8.267015 2.634792 4.271173 1.822988
1.287647 0.817357 0.264926 0.166357
0.817357 0.815069 0.132110 0.035060
0.264926 0.132110 0.896539 0.693955
0.166357 0.035060 0.693955 0.898171
9.103166 2.315653 6.569932 2.727477
1.228420 0.659931 0.047313 -0.015712
0.659931 0.522248 -0.019655 -0.051945
0.047313 -0.019655 1.047328 0.667493
-0.015712 -0.051945 0.667493 0.605954
8.021804 1.307792 7.394058 2.502297
0.714229 0.336297 -0.347644 -0.198852
0.336297 0.263547 -0.189009 -0.112002
-0.347644 -0.189009 1.057093 0.559171
-0.198852 -0.112002 0.559171 0.400030
8.205179 1.113593 7.996689 2.216910
0.782996 0.329309 -0.468375 -0.209199
0.329309 0.209815 -0.199826 -0.091643
-0.468375 -0.199826 0.995529 0.441366
-0.209199 -0.091643 0.441366 0.263858
9.228870 1.285730 8.648176 2.045563
0.809355 0.303290 -0.422428 -0.153507
0.303290 0.165662 -0.148090 -0.055483
-0.422428 -0.148090 0.991710 0.379500
-0.153507 -0.055483 0.379500 0.194458
10.662930 1.526887 7.979630 1.478000
0.760685 0.254901 -0.404722 -0.125576
0.254901 0.125960 -0.121914 -0.039312
-0.404722 -0.121914 0.941791 0.316682
-0.125576 -0.039312 0.316682 0.144977
10.283231 1.158991 8.414925 1.360193
0.650841 0.197058 -0.390258 -0.107537
0.197058 0.093233 -0.103160 -0.029928
-0.390258 -0.103160 0.915189 0.275681
-0.107537 -0.029928 0.275681 0.115182
10.950274 1.190104 9.304951 1.421797
0.630674 0.178288 -0.321214 -0.076492
0.178288 0.079655 -0.073796 -0.018898
-0.321214 -0.073796 0.843983 0.232026
-0.076492 -0.018898 0.232026 0.092166
11.499063 1.208283 11.243560 1.743131
0.628538 0.167669 -0.248220 -0.050490
0.167669 0.071199 -0.049563 -0.011261
-0.248220 -0.049563 0.757896 0.193231
-0.050490 -0.011261 0.193231 0.075377
12.110395 1.210841 12.144135 1.750429
0.608277 0.152988 -0.214885 -0.039461
0.152988 0.063181 -0.039433 -0.008519
-0.214885 -0.039433 0.691010 0.165316
-0.039461 -0.008519 0.165316 0.064292
12.549688 1.179664 13.456056 1.849063
0.603784 0.144724 -0.180795 -0.029658
0.144724 0.058356 -0.030156 -0.006213
-0.180795 -0.030156 0.644211 0.146844
-0.029658 -0.006213 0.146844 0.057458
13.807133 1.341489 14.614815 1.914693
0.563808 0.129889 -0.130101 -0.018213
0.129889 0.053019 -0.018435 -0.003767
-0.130101 -0.018435 0.588468 0.129612
-0.018213 -0.003767 0.129612 0.052140
14.956848 1.443164 15.197297 1.841378
0.549025 0.122678 -0.098711 -0.011842
0.122678 0.050247 -0.011722 -0.002509
-0.098711 -0.011722 0.575516 0.123795
-0.011842 -0.002509 0.123795 0.050058
16.490155 1.634736 16.906407 2.021954
0.522795 0.114012 -0.072316 -0.007329
0.114012 0.047620 -0.007231 -0.001826
-0.072316 -0.007231 0.538653 0.113679
-0.007329 -0.001826 0.113679 0.047391
17.122468 1.594476 17.895639 2.014937
0.517836 0.111016 -0.058624 -0.005474
0.111016 0.046599 -0.005461 -0.001633
-0.058624 -0.005461 0.523286 0.109207
-0.005474 -0.001633 0.109207 0.046244
17.519510 1.505294 18.550683 1.937032
0.527490 0.111582 -0.052349 -0.005024
0.111582 0.046512 -0.005055 -0.001646
-0.052349 -0.005055 0.526463 0.109124
-0.005024 -0.001646 0.109124 0.046162
17.459416 1.345441 20.628758 2.159004
0.520208 0.108967 -0.021361 0.000464
0.108967 0.045880 0.000290 -0.000624
-0.021361 0.000290 0.494368 0.102100
0.000464 -0.000624 0.102100 0.044733
17.858474 1.285255 21.252500 2.062732
0.518182 0.107659 -0.013402 0.000886
0.107659 0.045583 0.000737 -0.000647
-0.013402 0.000737 0.489927 0.101317
0.000886 -0.000647 0.101317 0.044688
17.852337 1.147403 21.534308 1.904077
0.496194 0.102422 -0.022210 -0.002110
0.102422 0.044520 -0.002251 -0.001347
-0.022210 -0.002251 0.462436 0.095757
-0.002110 -0.001347 0.095757 0.043630
18.497180 1.160925 22.180702 1.840534
0.488234 0.100796 -0.012019 -0.000605
0.100796 0.044336 -0.000729 -0.000986
-0.012019 -0.000729 0.457449 0.095471
-0.000605 -0.000986 0.095471 0.043763
20.006964 1.353462 23.203177 1.864531
0.481281 0.099570 -0.002331 0.000809
0.099570 0.044242 0.000713 -0.000646
-0.002331 0.000713 0.464220 0.097595
0.000809 -0.000646 0.097595 0.044351
20.904840 1.399347 24.123232 1.862272
0.467844 0.097091 -0.010966 -0.001642
0.097091 0.043874 -0.001677 -0.001119
-0.010966 -0.001677 0.458157 0.096697
-0.001642 -0.001119 0.096697 0.044214
21.530738 1.384174 25.334057 1.921500
0.477333 0.099622 -0.007998 -0.001254
0.099622 0.044564 -0.001286 -0.000937
-0.007998 -0.001286 0.474824 0.100660
-0.001254 -0.000937 0.100660 0.045103
21.706497 1.276297 26.733051 2.014140
0.473609 0.099118 0.014996 0.003414
0.099118 0.044536 0.003330 0.000129
0.014996 0.003330 0.481011 0.101969
0.003414 0.000129 0.101969 0.045338
22.136142 1.232365 27.947741 2.058241
0.491132 0.103086 0.014440 0.002706
0.103086 0.045433 0.002633 -0.000018
0.014440 0.002633 0.505487 0.106999
0.002706 -0.000018 0.106999 0.046340
22.762298 1.234480 28.961665 2.055027
0.485413 0.101779 0.008730 0.001114
0.101779 0.045135 0.001039 -0.000314
0.008730 0.001039 0.513421 0.108053
0.001114 -0.000314 0.108053 0.046424
23.601236 1.279896 30.581859 2.178622
0.462784 0.097044 0.012094 0.001697
0.097044 0.044145 0.001590 -0.000115
0.012094 0.001590 0.517818 0.108310
0.001697 -0.000115 0.108310 0.046359
24.160555 1.262252 31.977672 2.242563
0.463658 0.097694 0.009833 0.001062
0.097694 0.044368 0.000936 -0.000191
0.009833 0.000936 0.534181 0.111119
0.001062 -0.000191 0.111119 0.046862
24.826458 1.269090 33.335067 2.291267
0.456865 0.096608 0.005612 0.000153
0.096608 0.044184 -0.000010 -0.000313
0.005612 -0.000010 0.546781 0.112951
0.000153 -0.000313 0.112951 0.047143
25.037119 1.178802 34.618295 2.320346
0.439045 0.093226 0.001362 -0.000616
0.093226 0.043511 -0.000855 -0.000399
0.001362 -0.000855 0.566777 0.116218
-0.000616 -0.000399 0.116218 0.047724
26.038512 1.269352 34.318009 2.022802
0.416391 0.089024 0.008952 0.001113
0.089024 0.042690 0.001020 0.000069
0.008952 0.001020 0.532851 0.108289
0.001113 0.000069 0.108289 0.046005
27.162845 1.374468 35.749144 2.107157
0.396407 0.085683 -0.002951 -0.001282
0.085683 0.042089 -0.001574 -0.000420
-0.002951 -0.001574 0.548009 0.111241
-0.001282 -0.000420 0.111241 0.046686
27.458820 1.289484 36.216624 1.989039
0.393590 0.086205 -0.008497 -0.002186
0.086205 0.042321 -0.002526 -0.000544
-0.008497 -0.002526 0.556666 0.112637
-0.002186 -0.000544 0.112637 0.046993
28.369696 1.348656 36.693216 1.884497
0.400912 0.088726 -0.011976 -0.002613
0.088726 0.042920 -0.002959 -0.000567
-0.011976 -0.002959 0.574691 0.115859
-0.002613 -0.000567 0.115859 0.047654
28.879237 1.312017 37.927798 1.943084
0.425339 0.094648 -0.006851 -0.001296
0.094648 0.044184 -0.001462 -0.000213
-0.006851 -0.001462 0.597399 0.119787
-0.001296 -0.000213 0.119787 0.048414
30.568355 1.541601 39.465356 2.056229
0.431080 0.095709 -0.000772 0.000047
0.095709 0.044238 0.000054 0.000100
-0.000772 0.000054 0.607293 0.120881
0.000047 0.000100 0.120881 0.048565
31.225060 1.516544 41.020850 2.160422
0.432371 0.095652 0.002057 0.000594
0.095652 0.044056 0.000674 0.000202
0.002057 0.000674 0.630040 0.124535
0.000594 0.000202 0.124535 0.049241
32.439424 1.617414 43.530930 2.440835
0.461725 0.101795 0.006624 0.001434
0.101795 0.045278 0.001605 0.000360
0.006624 0.001605 0.649939 0.127402
0.001434 0.000360 0.127402 0.049732
33.305842 1.630039 43.818852 2.259672
0.480913 0.105071 0.027347 0.005325
0.105071 0.045775 0.005964 0.001171
0.027347 0.005964 0.612303 0.118958
0.005325 0.001171 0.118958 0.048018
34.829452 1.781757 46.630851 2.585304
0.510732 0.110380 0.029644 0.005284
0.110380 0.046705 0.005870 0.001056
0.029644 0.005870 0.620478 0.120323
0.005284 0.001056 0.120323 0.048384
35.020235 1.634865 46.370643 2.285875
0.518258 0.110477 0.030318 0.005004
0.110477 0.046480 0.005665 0.000956
0.030318 0.005665 0.515426 0.099724
0.005004 0.000956 0.099724 0.044473
34.655534 1.387731 46.626262 2.114212
0.505799 0.106520 0.036013 0.005838
0.106520 0.045484 0.006520 0.001100
0.036013 0.006520 0.471682 0.092714
0.005838 0.001100 0.092714 0.043472
33.583079 1.024224 45.708461 1.722901
0.517424 0.108224 0.028474 0.003941
0.108224 0.045826 0.004540 0.000668
0.028474 0.004540 0.449544 0.090365
0.003941 0.000668 0.090365 0.043382
34.345593 1.075367 46.823167 1.774044
0.546977 0.113578 0.030032 0.004043
0.113578 0.046918 0.004592 0.000683
0.030032 0.004592 0.463737 0.095323
0.004043 0.000683 0.095323 0.044682
35.098409 1.123197 46.772800 1.577568
0.561228 0.115259 0.058444 0.009842
0.115259 0.047159 0.010381 0.001916
0.058444 0.010381 0.432584 0.090008
0.009842 0.001916 0.090008 0.043628
36.159188 1.225628 47.437699 1.548437
0.585904 0.119156 0.063369 0.010174
0.119156 0.047893 0.010745 0.001908
0.063369 0.010745 0.424599 0.089874
0.010174 0.001908 0.089874 0.043702
