2.224209 1.851797 4.776645 1.018652
2.426517 0.970628 -0.604534 -0.241819
0.970628 80.392326 -0.241819 -0.096730
-0.604534 -0.241819 3.726723 1.490722
-0.241819 -0.096730 1.490722 80.600368
4.371049 3.852800 2.404297 -3.674029
2.588093 4.498779 -0.833638 -1.248591
4.498779 16.032364 -1.283932 -3.523181
-0.833638 -1.283932 3.656109 5.988692
-1.248591 -3.523181 5.988692 21.514726
4.849280 2.235043 1.668134 -2.483476
2.602724 2.948835 -0.123958 -0.061493
2.948835 5.252968 -0.109887 -0.518045
-0.123958 -0.109887 1.377370 1.539810
-0.061493 -0.518045 1.539810 4.565730
6.146710 2.348579 1.828304 -1.162812
2.415536 1.967786 -0.364389 -0.343632
1.967786 2.329745 -0.327626 -0.478624
-0.364389 -0.327626 1.386957 1.306659
-0.343632 -0.478624 1.306659 2.199301
6.781483 1.957653 4.493394 1.248205
1.692311 1.063483 -0.000812 0.008432
1.063483 1.024856 -0.015925 -0.079979
-0.000812 -0.015925 0.964482 0.717126
0.008432 -0.079979 0.717126 0.950555
9.260537 2.734622 5.483222 1.467476
1.237607 0.651505 -0.168488 -0.111448
0.651505 0.546736 -0.115601 -0.112082
-0.168488 -0.115601 1.222288 0.760850
-0.111448 -0.112082 0.760850 0.686898
8.016262 1.532158 7.235044 2.000222
0.493352 0.227956 -0.248633 -0.129489
0.227956 0.233561 -0.130803 -0.088179
-0.248633 -0.130803 1.246340 0.639605
-0.129489 -0.088179 0.639605 0.453016
9.273993 1.751620 8.862098 2.272419
0.611458 0.271278 -0.256593 -0.111073
0.271278 0.205466 -0.112053 -0.060947
-0.256593 -0.112053 1.221565 0.529867
-0.111073 -0.060947 0.529867 0.311620
10.272529 1.797423 9.438923 2.062430
0.702225 0.282208 -0.255020 -0.093927
0.282208 0.173163 -0.095267 -0.043437
-0.255020 -0.095267 1.149287 0.431426
-0.093927 -0.043437 0.431426 0.220683
11.161235 1.786863 9.649743 1.789376
0.728043 0.262062 -0.251602 -0.080673
0.262062 0.139272 -0.082505 -0.032416
-0.251602 -0.082505 1.041181 0.345430
-0.080673 -0.032416 0.345430 0.160076
10.824305 1.388786 11.110706 1.952702
0.661645 0.214512 -0.256780 -0.073492
0.214512 0.105655 -0.076489 -0.026390
-0.256780 -0.076489 0.832840 0.248722
-0.073492 -0.026390 0.248722 0.111746
11.932911 1.505341 11.335369 1.747085
0.664240 0.197862 -0.223171 -0.056612
0.197862 0.089670 -0.058421 -0.018277
-0.223171 -0.058421 0.797586 0.219944
-0.056612 -0.018277 0.219944 0.093108
12.780911 1.526369 11.728173 1.623122
0.673428 0.185753 -0.207498 -0.047547
0.185753 0.078627 -0.048860 -0.013969
-0.207498 -0.048860 0.781611 0.201052
-0.047547 -0.013969 0.201052 0.080956
14.305714 1.721475 12.235723 1.556443
0.655342 0.169026 -0.163878 -0.033476
0.169026 0.068941 -0.033851 -0.009167
-0.163878 -0.033851 0.758657 0.183901
-0.033476 -0.009167 0.183901 0.071768
14.292399 1.514169 13.691735 1.705110
0.652333 0.158841 -0.135138 -0.024919
0.158841 0.062802 -0.025457 -0.006608
-0.135138 -0.025457 0.697868 0.160626
-0.024919 -0.006608 0.160626 0.062878
15.154232 1.548580 15.505037 1.920146
0.633916 0.146878 -0.110006 -0.018483
0.146878 0.057485 -0.019016 -0.004861
-0.110006 -0.019016 0.643935 0.142414
-0.018483 -0.004861 0.142414 0.056631
15.742197 1.506081 16.382928 1.900696
0.634671 0.141191 -0.093844 -0.014556
0.141191 0.054560 -0.014948 -0.003779
-0.093844 -0.014948 0.634526 0.136331
-0.014556 -0.003779 0.136331 0.053981
17.015737 1.618883 17.372324 1.913315
0.585144 0.125744 -0.078745 -0.011676
0.125744 0.050101 -0.011913 -0.003111
-0.078745 -0.011913 0.586056 0.122926
-0.011676 -0.003111 0.122926 0.050239
17.374351 1.521896 18.101358 1.862439
0.561700 0.117994 -0.070194 -0.010129
0.117994 0.047939 -0.010351 -0.002733
-0.070194 -0.010351 0.555165 0.114804
-0.010129 -0.002733 0.114804 0.048096
18.453046 1.589778 19.278313 1.915512
0.551643 0.114246 -0.051834 -0.006519
0.114246 0.046957 -0.006664 -0.001910
-0.051834 -0.006664 0.545433 0.112079
-0.006519 -0.001910 0.112079 0.047355
18.585115 1.453743 20.266738 1.917297
0.521968 0.107059 -0.034216 -0.003470
0.107059 0.045424 -0.003628 -0.001308
-0.034216 -0.003628 0.508131 0.104014
-0.003470 -0.001308 0.104014 0.045614
17.875276 1.162016 21.670608 2.000525
0.512678 0.104963 -0.005978 0.001737
0.104963 0.045120 0.001505 -0.000269
-0.005978 0.001505 0.483958 0.099470
0.001737 -0.000269 0.099470 0.044767
18.495209 1.168816 22.366000 1.937599
0.504125 0.103139 -0.006959 0.000577
0.103139 0.044870 0.000407 -0.000571
-0.006959 0.000407 0.478598 0.099001
0.000577 -0.000571 0.099001 0.044776
18.905515 1.132895 23.239323 1.917254
0.487015 0.099831 0.007874 0.002951
0.099831 0.044345 0.002774 -0.000092
0.007874 0.002774 0.463414 0.096491
0.002951 -0.000092 0.096491 0.044340
19.666957 1.172772 23.884010 1.851594
0.478126 0.098490 0.009589 0.002537
0.098490 0.044244 0.002394 -0.000189
0.009589 0.002394 0.458827 0.096287
0.002537 -0.000189 0.096287 0.044383
20.758655 1.277263 25.472953 1.991638
0.463946 0.096139 0.002794 0.000516
0.096139 0.043914 0.000426 -0.000581
0.002794 0.000426 0.458313 0.096843
0.000516 -0.000581 0.096843 0.044547
20.908934 1.175257 26.488658 1.996235
0.462972 0.096668 0.021567 0.004227
0.096668 0.044174 0.004081 0.000275
0.021567 0.004081 0.465128 0.098776
0.004227 0.000275 0.098776 0.044958
21.889658 1.256879 27.972535 2.098894
0.461058 0.096883 0.020212 0.003394
0.096883 0.044316 0.003250 0.000114
0.020212 0.003250 0.477959 0.101734
0.003394 0.000114 0.101734 0.045537
22.239217 1.199831 28.351634 1.957068
0.455529 0.096225 0.020057 0.003017
0.096225 0.044230 0.002888 0.000091
0.020057 0.002888 0.477695 0.101556
0.003017 0.000091 0.101556 0.045392
22.180640 1.061267 28.925214 1.873166
0.458271 0.097324 0.012967 0.001265
0.097324 0.044505 0.001135 -0.000219
0.012967 0.001135 0.488366 0.103724
0.001265 -0.000219 0.103724 0.045770
22.905009 1.102372 29.918264 1.884498
0.443750 0.094581 -0.001629 -0.001779
0.094581 0.043921 -0.001959 -0.000766
-0.001629 -0.001959 0.491175 0.104026
-0.001779 -0.000766 0.104026 0.045732
23.365520 1.082979 30.846911 1.881856
0.459733 0.098518 -0.006894 -0.002612
0.098518 0.044793 -0.002793 -0.000813
-0.006894 -0.002793 0.514840 0.108687
-0.002612 -0.000813 0.108687 0.046627
24.251849 1.156633 31.938787 1.912914
0.457412 0.098034 0.005551 0.000390
0.098034 0.044615 0.000276 -0.000043
0.005551 0.000276 0.528641 0.110804
0.000390 -0.000043 0.110804 0.046916
24.571052 1.101131 32.851777 1.904263
0.453738 0.097311 -0.002593 -0.001222
0.097311 0.044410 -0.001392 -0.000349
-0.002593 -0.001392 0.541561 0.112640
-0.001222 -0.000349 0.112640 0.047161
25.164101 1.109515 34.494272 2.046628
0.444316 0.095366 0.011064 0.001829
0.095366 0.043954 0.001771 0.000365
0.011064 0.001771 0.566838 0.116916
0.001829 0.000365 0.116916 0.047918
25.530117 1.069032 35.401490 2.023141
0.438334 0.094318 0.018921 0.003359
0.094318 0.043728 0.003382 0.000685
0.018921 0.003382 0.575884 0.117562
0.003359 0.000685 0.117562 0.047901
25.882601 1.029815 36.356811 2.012043
0.432873 0.093457 0.009642 0.001280
0.093457 0.043555 0.001143 0.000200
0.009642 0.001143 0.588564 0.119057
0.001280 0.000200 0.119057 0.048109
26.382127 1.026339 37.454622 2.030471
0.430763 0.093337 0.003372 0.000030
0.093337 0.043542 -0.000222 -0.000059
0.003372 -0.000222 0.612529 0.122811
0.000030 -0.000059 0.122811 0.048790
27.049411 1.059743 38.540627 2.044331
0.430717 0.093614 -0.003006 -0.001117
0.093614 0.043600 -0.001457 -0.000271
-0.003006 -0.001457 0.625859 0.124229
-0.001117 -0.000271 0.124229 0.048983
27.906033 1.130861 39.616998 2.054748
0.400805 0.087296 -0.003872 -0.001057
0.087296 0.042204 -0.001367 -0.000205
-0.003872 -0.001367 0.621543 0.122207
-0.001057 -0.000205 0.122207 0.048524
28.975477 1.241578 40.676566 2.060878
0.382768 0.084095 -0.002530 -0.000614
0.084095 0.041589 -0.000841 -0.000074
-0.002530 -0.000841 0.631927 0.123426
-0.000614 -0.000074 0.123426 0.048779
29.343225 1.185552 40.690621 1.863601
0.390849 0.086846 -0.000641 -0.000137
0.086846 0.042302 -0.000264 0.000046
-0.000641 -0.000264 0.622275 0.120787
-0.000137 0.000046 0.120787 0.048290
30.021528 1.204722 40.938062 1.731201
0.421442 0.094215 -0.000756 -0.000106
0.094215 0.043942 -0.000214 0.000049
-0.000756 -0.000214 0.607515 0.117540
-0.000106 0.000049 0.117540 0.047748
30.655635 1.211802 42.164190 1.800957
0.422392 0.094114 0.006635 0.001358
0.094114 0.043745 0.001489 0.000370
0.006635 0.001489 0.622565 0.120447
0.001358 0.000370 0.120447 0.048450
31.215259 1.201675 42.225187 1.638825
0.445166 0.098870 0.012891 0.002464
0.098870 0.044666 0.002752 0.000579
0.012891 0.002752 0.611074 0.118020
0.002464 0.000579 0.118020 0.048061
32.130046 1.270672 43.410042 1.709298
0.461984 0.101812 0.021301 0.003892
0.101812 0.045116 0.004356 0.000843
0.021301 0.004356 0.618168 0.119457
0.003892 0.000843 0.119457 0.048453
32.610284 1.236638 44.420853 1.739648
0.487075 0.106325 0.017576 0.002855
0.106325 0.045905 0.003167 0.000553
0.017576 0.003167 0.614313 0.118692
0.002855 0.000553 0.118692 0.048383
33.699993 1.336750 46.425149 1.958343
0.529389 0.114155 0.020807 0.003257
0.114155 0.047373 0.003625 0.000612
0.020807 0.003625 0.626542 0.121127
0.003257 0.000612 0.121127 0.048934
32.941711 1.037629 45.237160 1.542171
0.520556 0.110402 0.022506 0.003434
0.110402 0.046287 0.003884 0.000654
0.022506 0.003884 0.543469 0.104954
0.003434 0.000654 0.104954 0.045842
33.759028 1.098813 46.724068 1.681570
0.536351 0.112426 0.032572 0.005213
0.112426 0.046592 0.005741 0.001001
0.032572 0.005741 0.549306 0.107396
0.005213 0.001001 0.107396 0.046588
