1.045099 1.380143 0.485902 -0.697682
1.005222 0.402098 0.877575 0.351037
0.402098 80.164909 0.351037 0.140418
0.877575 0.351037 3.045500 1.218226
0.351037 0.140418 1.218226 80.491368
4.244749 6.090856 0.609464 -0.095212
3.058854 5.917595 -1.600838 -2.975712
5.917595 15.051465 -3.230447 -3.291271
-1.600838 -3.230447 2.490331 4.374055
-2.975712 -3.291271 4.374055 17.549559
4.610543 3.213053 1.262219 0.295164
2.604855 2.847124 -0.221351 0.198845
2.847124 3.895332 -0.069090 0.816809
-0.221351 -0.069090 1.619034 1.997302
0.198845 0.816809 1.997302 4.400096
6.528609 3.602105 3.843276 2.486519
1.878884 1.409850 0.131930 0.282456
1.409850 1.362867 0.154589 0.354926
0.131930 0.154589 0.872637 0.787590
0.282456 0.354926 0.787590 1.343300
7.668259 3.208092 4.692847 2.175967
1.639623 0.936064 -0.026825 0.044944
0.936064 0.694808 0.034908 0.094741
-0.026825 0.034908 1.237855 0.893799
0.044944 0.094741 0.893799 0.922354
7.461991 2.349521 5.292603 1.849026
0.508045 0.231034 -0.222790 -0.114640
0.231034 0.203848 -0.065215 -0.017153
-0.222790 -0.065215 1.407709 0.801723
-0.114640 -0.017153 0.801723 0.603919
7.789635 1.947685 4.937427 1.215830
0.483292 0.201211 -0.309741 -0.130113
0.201211 0.150596 -0.095378 -0.031826
-0.309741 -0.095378 1.443582 0.671738
-0.130113 -0.031826 0.671738 0.403984
9.059814 2.101664 6.818650 1.738737
0.566128 0.219490 -0.269667 -0.087244
0.219490 0.133308 -0.072563 -0.018435
-0.269667 -0.072563 1.285982 0.506852
-0.087244 -0.018435 0.506852 0.263203
9.912805 2.029616 7.666831 1.724624
0.568558 0.198254 -0.292762 -0.083409
0.198254 0.106193 -0.077356 -0.019897
-0.292762 -0.077356 1.144568 0.391323
-0.083409 -0.019897 0.391323 0.181577
10.528400 1.928669 9.826793 2.118372
0.621316 0.198835 -0.248605 -0.058243
0.198835 0.094165 -0.058234 -0.012490
-0.248605 -0.058234 1.004586 0.306731
-0.058243 -0.012490 0.306731 0.132375
11.129834 1.804600 10.185256 1.908648
0.636986 0.185674 -0.273469 -0.059929
0.185674 0.080708 -0.062995 -0.013799
-0.273469 -0.062995 0.900411 0.248663
-0.059929 -0.013799 0.248663 0.101770
11.653894 1.682471 10.307047 1.679100
0.626271 0.168852 -0.248593 -0.048916
0.168852 0.069844 -0.052127 -0.010666
-0.248593 -0.052127 0.825192 0.210969
-0.048916 -0.010666 0.210969 0.083561
13.331380 1.903409 11.345883 1.749377
0.620912 0.157021 -0.208262 -0.035936
0.157021 0.062761 -0.038542 -0.007191
-0.208262 -0.038542 0.786160 0.189236
-0.035936 -0.007191 0.189236 0.073001
13.959813 1.820877 12.033003 1.697993
0.601477 0.143598 -0.190612 -0.030714
0.143598 0.056664 -0.033057 -0.006130
-0.190612 -0.033057 0.734860 0.167620
-0.030714 -0.006130 0.167620 0.064307
14.368376 1.725861 14.136620 1.968205
0.558297 0.127632 -0.144332 -0.020274
0.127632 0.051280 -0.022682 -0.004103
-0.144332 -0.022682 0.625681 0.137043
-0.020274 -0.004103 0.137043 0.055267
14.743977 1.615101 15.051444 1.943338
0.555750 0.122732 -0.138344 -0.018995
0.122732 0.049186 -0.021306 -0.003994
-0.138344 -0.021306 0.595905 0.127053
-0.018995 -0.003994 0.127053 0.051864
15.203241 1.533190 15.654565 1.858047
0.538811 0.115892 -0.119685 -0.015372
0.115892 0.047136 -0.017337 -0.003338
-0.119685 -0.017337 0.562129 0.117784
-0.015372 -0.003338 0.117784 0.049186
16.237446 1.586517 16.317599 1.806702
0.534140 0.112937 -0.093524 -0.010253
0.112937 0.046300 -0.011728 -0.002295
-0.093524 -0.011728 0.557937 0.115993
-0.010253 -0.002295 0.115993 0.048479
17.047507 1.596552 17.703280 1.907557
0.521390 0.108962 -0.059793 -0.004151
0.108962 0.045426 -0.005433 -0.001196
-0.059793 -0.005433 0.531074 0.109799
-0.004151 -0.001196 0.109799 0.046987
18.068573 1.648937 19.181869 2.019410
0.522650 0.108182 -0.053773 -0.004065
0.108182 0.045285 -0.005177 -0.001354
-0.053773 -0.005177 0.525568 0.108260
-0.004065 -0.001354 0.108260 0.046546
18.329881 1.531137 20.032096 1.979977
0.510671 0.104925 -0.050689 -0.004598
0.104925 0.044684 -0.005565 -0.001607
-0.050689 -0.005565 0.504636 0.103690
-0.004598 -0.001607 0.103690 0.045536
18.742903 1.457500 20.886601 1.948459
0.512788 0.105144 -0.037778 -0.002731
0.105144 0.044900 -0.003568 -0.001259
-0.037778 -0.003568 0.502634 0.103589
-0.002731 -0.001259 0.103589 0.045574
18.794812 1.321054 22.205607 2.014278
0.500648 0.102433 -0.036518 -0.003443
0.102433 0.044484 -0.004157 -0.001468
-0.036518 -0.004157 0.483338 0.099776
-0.003443 -0.001468 0.099776 0.044807
19.239013 1.276375 23.165696 2.002982
0.494756 0.101362 -0.033641 -0.003548
0.101362 0.044446 -0.004131 -0.001481
-0.033641 -0.004131 0.476947 0.098977
-0.003548 -0.001481 0.098977 0.044725
19.930164 1.289589 24.634029 2.100887
0.474186 0.097494 -0.013966 -0.000091
0.097494 0.043842 -0.000575 -0.000746
-0.013966 -0.000575 0.462985 0.096699
-0.000091 -0.000746 0.096699 0.044338
20.936979 1.364431 25.653212 2.095913
0.472762 0.097862 -0.005508 0.000936
0.097862 0.044126 0.000541 -0.000534
-0.005508 0.000541 0.468347 0.098520
0.000936 -0.000534 0.098520 0.044800
21.476282 1.333969 26.385042 2.028724
0.475073 0.098920 0.004782 0.002401
0.098920 0.044497 0.002053 -0.000223
0.004782 0.002053 0.472628 0.099840
0.002401 -0.000223 0.099840 0.045088
22.399905 1.387707 27.500744 2.050529
0.484458 0.101282 0.000580 0.000799
0.101282 0.045077 0.000530 -0.000552
0.000580 0.000530 0.489358 0.103563
0.000799 -0.000552 0.103563 0.045839
23.016157 1.371441 28.002379 1.939902
0.471302 0.098666 0.004180 0.001112
0.098666 0.044549 0.000893 -0.000430
0.004180 0.000893 0.479530 0.101278
0.001112 -0.000430 0.101278 0.045252
23.644737 1.359477 28.907067 1.926135
0.457872 0.096220 -0.012719 -0.002824
0.096220 0.044094 -0.002986 -0.001196
-0.012719 -0.002986 0.477654 0.100893
-0.002824 -0.001196 0.100893 0.045129
24.581132 1.413870 29.451861 1.837736
0.458821 0.096970 -0.024674 -0.005260
0.096970 0.044330 -0.005392 -0.001575
-0.024674 -0.005392 0.479344 0.101277
-0.005260 -0.001575 0.101277 0.045179
24.926099 1.336924 30.099372 1.780171
0.458293 0.097254 -0.025388 -0.005062
0.097254 0.044421 -0.005166 -0.001376
-0.025388 -0.005166 0.484711 0.102384
-0.005062 -0.001376 0.102384 0.045377
25.276869 1.269076 30.823012 1.744625
0.467104 0.099426 -0.033100 -0.006360
0.099426 0.044887 -0.006454 -0.001532
-0.033100 -0.006454 0.498384 0.105119
-0.006360 -0.001532 0.105119 0.045902
25.663228 1.215845 31.528969 1.709101
0.473425 0.100822 -0.028858 -0.005034
0.100822 0.045141 -0.005091 -0.001132
-0.028858 -0.005091 0.508921 0.106954
-0.005034 -0.001132 0.106954 0.046203
26.216454 1.206249 33.175020 1.874603
0.470138 0.100003 -0.029031 -0.004826
0.100003 0.044898 -0.004797 -0.001018
-0.029031 -0.004797 0.534640 0.111814
-0.004826 -0.001018 0.111814 0.047126
26.755705 1.192957 34.213622 1.895441
0.436317 0.092760 -0.029716 -0.004861
0.092760 0.043315 -0.004752 -0.000996
-0.029716 -0.004752 0.530699 0.110078
-0.004861 -0.000996 0.110078 0.046616
27.144659 1.148319 35.111576 1.884470
0.443168 0.094849 -0.034765 -0.005685
0.094849 0.043852 -0.005626 -0.001143
-0.034765 -0.005626 0.541061 0.111563
-0.005685 -0.001143 0.111563 0.046852
27.903132 1.190799 36.789607 2.036144
0.419991 0.090174 -0.044474 -0.007523
0.090174 0.042857 -0.007404 -0.001497
-0.044474 -0.007404 0.561851 0.115111
-0.007523 -0.001497 0.115111 0.047513
28.290366 1.144470 37.555718 1.983885
0.417602 0.090403 -0.042200 -0.006686
0.090403 0.042994 -0.006564 -0.001276
-0.042200 -0.006564 0.558699 0.113578
-0.006686 -0.001276 0.113578 0.047115
29.779957 1.342293 38.052239 1.888188
0.384005 0.083673 -0.039909 -0.006138
0.083673 0.041562 -0.005894 -0.001161
-0.039909 -0.005894 0.547049 0.110598
-0.006138 -0.001161 0.110598 0.046493
30.082800 1.261989 39.220661 1.931508
0.398497 0.087991 -0.046105 -0.007135
0.087991 0.042636 -0.007052 -0.001374
-0.046105 -0.007052 0.562580 0.113448
-0.007135 -0.001374 0.113448 0.047116
30.649886 1.248346 40.284661 1.950910
0.420245 0.093356 -0.048900 -0.007347
0.093356 0.043804 -0.007425 -0.001413
-0.048900 -0.007425 0.569892 0.114458
-0.007347 -0.001413 0.114458 0.047327
30.973352 1.180951 41.190196 1.934990
0.411837 0.091412 -0.042593 -0.005949
0.091412 0.043232 -0.005845 -0.001113
-0.042593 -0.005845 0.565876 0.113239
-0.005949 -0.001113 0.113239 0.047099
31.640548 1.200068 42.472038 1.998384
0.428386 0.095148 -0.041771 -0.005649
0.095148 0.043976 -0.005613 -0.001076
-0.041771 -0.005613 0.571887 0.114184
-0.005649 -0.001076 0.114184 0.047330
32.033337 1.154993 43.614312 2.025656
0.418204 0.092599 -0.029641 -0.003315
0.092599 0.043274 -0.003020 -0.000612
-0.029641 -0.003020 0.561169 0.111834
-0.003315 -0.000612 0.111834 0.046906
33.051809 1.250046 44.168600 1.936650
0.415469 0.092036 -0.004642 0.001427
0.092036 0.043109 0.002001 0.000319
-0.004642 0.002001 0.521834 0.104107
0.001427 0.000319 0.104107 0.045463
33.959268 1.312515 45.121088 1.934645
0.443771 0.098248 -0.003307 0.001182
0.098248 0.044432 0.001485 0.000114
-0.003307 0.001485 0.506535 0.101735
0.001182 0.000114 0.101735 0.045167
35.031809 1.401536 45.296005 1.775374
0.450245 0.099064 0.018467 0.005069
0.099064 0.044464 0.005492 0.000847
0.018467 0.005492 0.450661 0.091334
0.005069 0.000847 0.091334 0.043245
35.771134 1.409762 46.024506 1.742557
0.465973 0.101815 0.018813 0.004338
0.101815 0.044934 0.004638 0.000563
0.018813 0.004638 0.428855 0.088532
0.004338 0.000563 0.088532 0.042944
36.126037 1.334008 46.661129 1.693348
0.492136 0.106626 -0.002869 -0.000872
0.106626 0.045839 -0.000750 -0.000620
-0.002869 -0.000750 0.426102 0.089704
-0.000872 -0.000620 0.089704 0.043411
