1.929059 1.733735 -2.122083 -1.740899
1.717228 0.686906 0.111521 0.044609
0.686906 80.278835 0.044609 0.017844
0.111521 0.044609 4.282713 1.713122
0.044609 0.017844 1.713122 80.689330
7.132342 9.587709 -0.355865 2.457516
2.914294 5.303321 -0.979423 -1.600746
5.303321 15.763631 -1.790156 -2.622116
-0.979423 -1.790156 1.190388 1.922214
-1.600746 -2.622116 1.922214 16.197881
7.709712 5.108158 3.169051 5.151640
1.459905 1.644441 0.348917 0.755537
1.644441 3.287673 0.504484 0.797668
0.348917 0.504484 1.447773 2.194279
0.755537 0.797668 2.194279 5.253577
8.744292 3.898120 1.835350 1.346210
0.991342 0.837702 -0.098784 -0.093957
0.837702 1.243981 -0.123129 -0.205829
-0.098784 -0.123129 2.187045 2.126791
-0.093957 -0.205829 2.126791 2.634391
9.516836 3.096736 2.487409 1.341364
0.839692 0.570786 0.132116 0.084533
0.570786 0.639504 0.072726 0.008392
0.132116 0.072726 1.728905 1.195965
0.084533 0.008392 1.195965 1.079716
10.114695 2.533868 4.703885 2.199994
0.778824 0.442190 0.103996 0.043157
0.442190 0.388920 0.039798 -0.004040
0.103996 0.039798 1.401586 0.761786
0.043157 -0.004040 0.761786 0.554167
10.413846 2.044718 7.192519 2.846771
0.667182 0.324483 -0.050476 -0.035154
0.324483 0.242939 -0.041714 -0.034269
-0.050476 -0.041714 1.226263 0.556334
-0.035154 -0.034269 0.556334 0.341454
10.400230 1.613405 7.780614 2.535892
0.698426 0.297744 -0.179309 -0.079295
0.297744 0.184846 -0.086757 -0.043090
-0.179309 -0.086757 1.145691 0.448232
-0.079295 -0.043090 0.448232 0.237844
11.568741 1.751043 8.453058 2.329379
0.702575 0.263909 -0.237469 -0.086254
0.263909 0.142051 -0.092840 -0.036902
-0.237469 -0.092840 1.074778 0.369816
-0.086254 -0.036902 0.369816 0.174718
11.556187 1.453558 10.244991 2.523469
0.711565 0.238589 -0.287226 -0.089260
0.238589 0.114302 -0.095376 -0.031883
-0.287226 -0.095376 0.984555 0.303264
-0.089260 -0.031883 0.303264 0.131963
12.535365 1.525170 10.478703 2.234997
0.703614 0.213517 -0.259651 -0.070299
0.213517 0.094004 -0.074386 -0.021818
-0.259651 -0.074386 0.923021 0.258876
-0.070299 -0.021818 0.258876 0.105671
12.367417 1.262556 11.451420 2.190444
0.677980 0.188486 -0.256505 -0.062001
0.188486 0.078568 -0.065539 -0.017196
-0.256505 -0.065539 0.829484 0.214586
-0.062001 -0.017196 0.214586 0.085140
12.410130 1.107052 12.425022 2.154525
0.651803 0.168403 -0.236727 -0.051437
0.168403 0.067882 -0.054453 -0.012985
-0.236727 -0.054453 0.740157 0.179342
-0.051437 -0.012985 0.179342 0.070920
12.080166 0.886381 13.329050 2.102589
0.644505 0.156694 -0.222660 -0.043935
0.156694 0.061455 -0.046786 -0.010267
-0.222660 -0.046786 0.675372 0.155469
-0.043935 -0.010267 0.155469 0.061897
12.786346 0.943928 14.064910 2.035098
0.624710 0.144679 -0.177540 -0.030871
0.144679 0.056358 -0.032819 -0.006599
-0.177540 -0.032819 0.644879 0.143355
-0.030871 -0.006599 0.143355 0.057136
14.160716 1.147909 15.085897 2.049907
0.585643 0.130401 -0.135046 -0.020558
0.130401 0.051688 -0.021757 -0.004123
-0.135046 -0.021757 0.607885 0.131491
-0.020558 -0.004123 0.131491 0.053188
14.776599 1.155057 15.966597 2.019567
0.583759 0.126214 -0.114268 -0.015618
0.126214 0.049940 -0.016599 -0.003051
-0.114268 -0.016599 0.597737 0.126627
-0.015618 -0.003051 0.126627 0.051270
15.490194 1.189551 17.386268 2.107906
0.559123 0.117987 -0.095189 -0.011945
0.117987 0.047663 -0.012883 -0.002446
-0.095189 -0.012883 0.555886 0.115746
-0.011945 -0.002446 0.115746 0.048388
16.213902 1.214109 18.244392 2.068827
0.559619 0.116219 -0.080572 -0.009173
0.116219 0.047091 -0.009920 -0.001939
-0.080572 -0.009920 0.555914 0.114827
-0.009173 -0.001939 0.114827 0.047945
17.407054 1.334006 19.181842 2.056099
0.532235 0.109177 -0.061982 -0.006171
0.109177 0.045566 -0.006714 -0.001473
-0.061982 -0.006714 0.531676 0.109104
-0.006171 -0.001473 0.109104 0.046599
17.249701 1.163429 20.054551 2.014958
0.489954 0.099815 -0.061481 -0.007216
0.099815 0.043716 -0.007805 -0.001918
-0.061481 -0.007805 0.470911 0.096275
-0.007216 -0.001918 0.096275 0.043900
18.058737 1.211091 21.159082 2.037486
0.484249 0.099082 -0.049918 -0.005329
0.099082 0.043843 -0.005813 -0.001553
-0.049918 -0.005813 0.466498 0.096394
-0.005329 -0.001553 0.096394 0.044135
18.030220 1.080130 22.165614 2.028968
0.485221 0.099741 -0.046260 -0.005122
0.099741 0.044205 -0.005586 -0.001554
-0.046260 -0.005586 0.460311 0.095930
-0.005122 -0.001554 0.095930 0.044165
18.584464 1.083868 23.283486 2.050888
0.475337 0.098274 -0.019169 -0.000004
0.098274 0.044112 -0.000459 -0.000520
-0.019169 -0.000459 0.452426 0.095235
-0.000004 -0.000520 0.095235 0.044149
18.950579 1.044981 23.921817 1.967545
0.470540 0.097796 -0.013551 0.000245
0.097796 0.044168 -0.000144 -0.000556
-0.013551 -0.000144 0.447271 0.094857
0.000245 -0.000556 0.094857 0.044121
19.722287 1.095819 24.619820 1.907748
0.471769 0.098547 -0.014366 -0.000725
0.098547 0.044445 -0.001013 -0.000794
-0.014366 -0.001013 0.453506 0.096790
-0.000725 -0.000794 0.096790 0.044551
20.122300 1.066092 25.973781 1.992909
0.471382 0.098924 0.008913 0.003680
0.098924 0.044615 0.003373 0.000144
0.008913 0.003373 0.461958 0.099006
0.003680 0.000144 0.099006 0.045004
20.946833 1.128147 27.464651 2.099419
0.468925 0.098719 0.019191 0.004982
0.098719 0.044616 0.004718 0.000373
0.019191 0.004718 0.474932 0.101830
0.004982 0.000373 0.101830 0.045521
21.152720 1.052483 28.645839 2.127526
0.460180 0.097153 0.003693 0.000796
0.097153 0.044313 0.000625 -0.000543
0.003693 0.000625 0.478286 0.102262
0.000796 -0.000543 0.102262 0.045479
21.932680 1.106129 29.848968 2.157060
0.455711 0.096588 0.000276 -0.000250
0.096588 0.044233 -0.000396 -0.000686
0.000276 -0.000396 0.488076 0.104032
-0.000250 -0.000686 0.104032 0.045744
22.324339 1.072596 30.221652 2.007443
0.441380 0.093906 0.005828 0.000809
0.093906 0.043689 0.000694 -0.000357
0.005828 0.000694 0.476010 0.100999
0.000809 -0.000357 0.100999 0.044980
23.721276 1.255962 31.805785 2.129268
0.405701 0.086874 -0.020541 -0.004906
0.086874 0.042249 -0.005105 -0.001507
-0.020541 -0.005105 0.477281 0.101171
-0.004906 -0.001507 0.101171 0.044993
24.061305 1.193419 33.063139 2.170159
0.400690 0.086931 -0.019475 -0.004259
0.086931 0.042407 -0.004420 -0.001195
-0.019475 -0.004420 0.490181 0.103762
-0.004259 -0.001195 0.103762 0.045515
25.220298 1.316752 34.093212 2.158814
0.388021 0.085114 -0.029442 -0.006032
0.085114 0.042081 -0.006236 -0.001463
-0.029442 -0.006236 0.495595 0.104532
-0.006032 -0.001463 0.104532 0.045613
26.008710 1.345616 35.169916 2.158459
0.393530 0.087305 -0.035567 -0.006833
0.087305 0.042619 -0.007053 -0.001514
-0.035567 -0.007053 0.509988 0.107155
-0.006833 -0.001514 0.107155 0.046107
26.248086 1.249896 36.670406 2.245352
0.400220 0.089400 -0.030223 -0.005198
0.089400 0.043051 -0.005251 -0.001036
-0.030223 -0.005251 0.532745 0.111343
-0.005198 -0.001036 0.111343 0.046906
27.240020 1.333413 38.152558 2.321184
0.397085 0.088919 -0.035633 -0.006052
0.088919 0.042835 -0.006103 -0.001184
-0.035633 -0.006103 0.553239 0.114676
-0.006052 -0.001184 0.114676 0.047471
28.366557 1.435245 38.932011 2.244675
0.396861 0.089084 -0.032444 -0.005079
0.089084 0.042783 -0.005072 -0.000941
-0.032444 -0.005072 0.549889 0.112911
-0.005079 -0.000941 0.112911 0.046978
29.215413 1.462475 39.526667 2.137502
0.399166 0.089718 -0.031357 -0.004669
0.089718 0.042832 -0.004681 -0.000860
-0.031357 -0.004681 0.542906 0.110715
-0.004669 -0.000860 0.110715 0.046482
29.886953 1.448217 40.416286 2.100802
0.395126 0.088790 -0.032982 -0.004911
0.088790 0.042522 -0.004920 -0.000929
-0.032982 -0.004920 0.546882 0.111066
-0.004911 -0.000929 0.111066 0.046574
30.406176 1.397940 40.603129 1.924820
0.412341 0.092729 -0.030404 -0.004203
0.092729 0.043344 -0.004333 -0.000804
-0.030404 -0.004333 0.525941 0.106443
-0.004203 -0.000804 0.106443 0.045670
30.157681 1.182683 40.996319 1.804808
0.409633 0.091712 -0.036296 -0.005404
0.091712 0.042970 -0.005646 -0.001103
-0.036296 -0.005646 0.520637 0.105450
-0.005404 -0.001103 0.105450 0.045578
30.772240 1.186299 41.586047 1.741350
0.404620 0.090363 -0.031746 -0.004399
0.090363 0.042591 -0.004474 -0.000875
-0.031746 -0.004474 0.520784 0.105729
-0.004399 -0.000875 0.105729 0.045755
31.138932 1.136621 42.641097 1.777755
0.420929 0.093910 -0.031656 -0.004304
0.093910 0.043347 -0.004403 -0.000868
-0.031656 -0.004403 0.528958 0.107593
-0.004304 -0.000868 0.107593 0.046222
32.045372 1.210821 43.327205 1.738140
0.404511 0.089920 -0.010346 -0.000076
0.089920 0.042386 0.000263 0.000036
-0.010346 0.000263 0.516424 0.105169
-0.000076 0.000036 0.105169 0.045788
33.323327 1.360042 44.110968 1.723426
0.398042 0.088578 0.014346 0.004531
0.088578 0.042117 0.005209 0.000946
0.014346 0.005209 0.499836 0.102126
0.004531 0.000946 0.102126 0.045255
33.811003 1.316770 44.780369 1.683562
0.425016 0.094689 0.003360 0.001554
0.094689 0.043500 0.001830 0.000123
0.003360 0.001830 0.491990 0.100991
0.001554 0.000123 0.100991 0.045114
34.376414 1.296014 45.502692 1.658809
0.445965 0.098836 -0.001160 0.000236
0.098836 0.044320 0.000350 -0.000216
-0.001160 0.000350 0.479488 0.098955
0.000236 -0.000216 0.098955 0.044779
35.100914 1.312908 46.444572 1.682222
0.462030 0.101533 0.002645 0.000815
0.101533 0.044769 0.000928 -0.000085
0.002645 0.000928 0.461321 0.095850
0.000815 -0.000085 0.095850 0.044223
35.567781 1.271714 47.573443 1.742535
0.488953 0.106401 -0.012289 -0.002542
0.106401 0.045684 -0.002573 -0.000811
-0.012289 -0.002573 0.459728 0.096377
-0.002542 -0.000811 0.096377 0.044436
