1.379628 1.513958 1.610208 -0.247950
1.449366 0.579759 0.402388 0.160959
0.579759 80.235975 0.160959 0.064385
0.402388 0.160959 3.291427 1.316599
0.160959 0.064385 1.316599 80.530718
3.896431 4.764485 1.306708 -0.612072
2.954807 5.497586 -1.427751 -2.505354
5.497586 15.451881 -2.734704 -3.613994
-1.427751 -2.734704 2.903563 4.933014
-2.505354 -3.613994 4.933014 19.001626
6.243794 4.857917 2.804300 1.545162
2.141499 2.370665 0.111312 0.415500
2.370665 3.828605 0.190432 0.628222
0.111312 0.190432 0.924725 1.123039
0.415500 0.628222 1.123039 3.673567
5.527306 2.369824 2.059492 -0.054235
0.765667 0.605819 0.377846 0.397745
0.605819 0.953547 0.324348 0.339979
0.377846 0.324348 1.484833 1.484812
0.397745 0.339979 1.484812 2.203630
6.005955 1.878420 2.496739 0.308808
1.009862 0.685501 0.218584 0.135082
0.685501 0.693635 0.125707 0.077365
0.218584 0.125707 1.214483 0.894383
0.135082 0.077365 0.894383 0.964900
7.966167 2.413811 4.544428 1.401959
1.007646 0.558762 0.106689 0.039478
0.558762 0.436598 0.041378 0.015851
0.106689 0.041378 1.042801 0.612706
0.039478 0.015851 0.612706 0.521500
7.764484 1.762579 4.871371 1.240805
0.619456 0.288779 -0.038302 -0.028706
0.288779 0.214693 -0.031411 -0.015959
-0.038302 -0.031411 1.154427 0.567466
-0.028706 -0.015959 0.567466 0.376853
8.653623 1.760308 6.540389 1.677540
0.681130 0.281516 -0.099731 -0.046177
0.281516 0.171937 -0.046976 -0.018331
-0.099731 -0.046976 1.110280 0.463152
-0.046177 -0.018331 0.463152 0.259460
9.416835 1.716813 8.620167 2.127482
0.719683 0.263805 -0.162790 -0.059472
0.263805 0.138488 -0.060179 -0.019727
-0.162790 -0.060179 1.016699 0.368659
-0.059472 -0.019727 0.368659 0.182728
10.041142 1.638308 9.239731 1.983113
0.687795 0.225520 -0.221069 -0.068587
0.225520 0.107705 -0.069747 -0.020073
-0.221069 -0.069747 0.885735 0.285093
-0.068587 -0.020073 0.285093 0.130845
11.080753 1.696788 9.186198 1.677448
0.663820 0.197817 -0.237581 -0.064085
0.197817 0.087917 -0.065148 -0.016494
-0.237581 -0.065148 0.841707 0.245652
-0.064085 -0.016494 0.245652 0.104740
11.661764 1.629215 10.670348 1.849726
0.622699 0.171045 -0.228671 -0.054460
0.171045 0.073053 -0.055560 -0.012538
-0.228671 -0.055560 0.759819 0.203884
-0.054460 -0.012538 0.203884 0.084010
12.877967 1.732143 11.431441 1.814090
0.609348 0.156974 -0.189101 -0.038905
0.156974 0.064777 -0.039704 -0.007687
-0.189101 -0.039704 0.728300 0.183063
-0.038905 -0.007687 0.183063 0.072984
12.749950 1.500649 13.355465 2.043335
0.610370 0.148890 -0.159612 -0.028509
0.148890 0.059639 -0.029941 -0.005087
-0.159612 -0.029941 0.660781 0.156948
-0.028509 -0.005087 0.156948 0.062797
12.520356 1.240590 12.434986 1.578053
0.544239 0.125447 -0.200675 -0.037330
0.125447 0.051677 -0.039124 -0.007530
-0.200675 -0.039124 0.554510 0.124846
-0.037330 -0.007530 0.124846 0.052724
12.929252 1.202464 13.806053 1.705927
0.542126 0.121443 -0.170289 -0.027892
0.121443 0.049776 -0.029543 -0.005118
-0.170289 -0.029543 0.534173 0.117828
-0.027892 -0.005118 0.117828 0.050128
14.212949 1.361887 15.006668 1.797854
0.550754 0.120243 -0.158815 -0.023843
0.120243 0.048792 -0.025049 -0.004119
-0.158815 -0.025049 0.548468 0.119027
-0.023843 -0.004119 0.119027 0.049664
14.583811 1.303619 16.397177 1.898962
0.544473 0.116684 -0.121589 -0.015113
0.116684 0.047614 -0.016396 -0.002391
-0.121589 -0.016396 0.525691 0.112566
-0.015113 -0.002391 0.112566 0.047764
15.185852 1.291268 17.254756 1.878126
0.543884 0.114524 -0.108249 -0.012491
0.114524 0.046857 -0.013598 -0.002073
-0.108249 -0.013598 0.521816 0.110487
-0.012491 -0.002073 0.110487 0.046966
15.427509 1.205900 18.179411 1.867546
0.527146 0.109558 -0.088518 -0.009089
0.109558 0.045686 -0.010207 -0.001679
-0.088518 -0.010207 0.493348 0.103601
-0.009089 -0.001679 0.103601 0.045304
16.230921 1.251161 19.335615 1.918148
0.512554 0.106010 -0.053434 -0.002652
0.106010 0.045040 -0.003642 -0.000577
-0.053434 -0.003642 0.480085 0.100976
-0.002652 -0.000577 0.100976 0.044797
17.385271 1.364653 20.596421 1.989616
0.516492 0.106352 -0.046823 -0.002481
0.106352 0.045198 -0.003189 -0.000757
-0.046823 -0.003189 0.493396 0.103754
-0.002481 -0.000757 0.103754 0.045387
18.327566 1.418485 21.615430 1.997847
0.494916 0.101653 -0.029381 -0.000229
0.101653 0.044346 -0.000825 -0.000523
-0.029381 -0.000825 0.474977 0.099724
-0.000229 -0.000523 0.099724 0.044524
19.249105 1.457930 22.118938 1.895500
0.484224 0.099733 -0.008748 0.002807
0.099733 0.044151 0.002274 -0.000058
-0.008748 0.002274 0.468220 0.098571
0.002807 -0.000058 0.098571 0.044359
19.787666 1.420747 23.423919 1.969581
0.467075 0.096482 -0.013387 0.000384
0.096482 0.043643 0.000001 -0.000714
-0.013387 0.000001 0.453298 0.095572
0.000384 -0.000714 0.095572 0.043765
20.655047 1.453228 24.365748 1.961255
0.469608 0.097615 -0.021412 -0.002202
0.097615 0.044069 -0.002461 -0.001270
-0.021412 -0.002461 0.460395 0.097499
-0.002202 -0.001270 0.097499 0.044258
22.035471 1.590328 25.465922 1.989226
0.473084 0.098810 -0.029200 -0.004344
0.098810 0.044446 -0.004501 -0.001655
-0.029200 -0.004501 0.472028 0.100175
-0.004344 -0.001655 0.100175 0.044854
22.754084 1.575010 26.699241 2.039643
0.470168 0.098552 -0.025224 -0.003699
0.098552 0.044473 -0.003810 -0.001416
-0.025224 -0.003810 0.477655 0.101337
-0.003699 -0.001416 0.101337 0.045078
23.215875 1.505536 27.389145 1.968687
0.476871 0.100318 -0.015815 -0.001864
0.100318 0.044909 -0.001969 -0.000944
-0.015815 -0.001969 0.485184 0.102805
-0.001864 -0.000944 0.102805 0.045354
24.006533 1.514214 28.683692 2.034353
0.473287 0.099683 -0.015626 -0.002128
0.099683 0.044781 -0.002184 -0.000950
-0.015626 -0.002184 0.494148 0.104416
-0.002128 -0.000950 0.104416 0.045637
25.228836 1.612081 29.542017 2.001854
0.468140 0.098764 -0.011990 -0.001571
0.098764 0.044600 -0.001607 -0.000778
-0.011990 -0.001607 0.492549 0.103685
-0.001571 -0.000778 0.103685 0.045418
26.192655 1.645644 30.672572 2.029327
0.457633 0.096756 -0.015608 -0.002540
0.096756 0.044195 -0.002556 -0.000937
-0.015608 -0.002556 0.494094 0.103722
-0.002540 -0.000937 0.103722 0.045394
26.366066 1.507454 31.465126 1.981830
0.446337 0.094726 -0.021021 -0.003738
0.094726 0.043806 -0.003749 -0.001127
-0.021021 -0.003749 0.494785 0.103617
-0.003738 -0.001127 0.103617 0.045354
26.737715 1.426082 32.566189 2.004215
0.447229 0.095424 -0.024330 -0.004330
0.095424 0.044013 -0.004332 -0.001169
-0.024330 -0.004332 0.508377 0.106263
-0.004330 -0.001169 0.106263 0.045904
27.461442 1.428170 33.469686 1.983694
0.439571 0.094102 -0.048296 -0.009175
0.094102 0.043737 -0.009292 -0.002130
-0.048296 -0.009292 0.514319 0.107049
-0.009175 -0.002130 0.107049 0.046017
27.998895 1.391694 34.925887 2.079527
0.437514 0.094078 -0.052610 -0.009466
0.094078 0.043754 -0.009519 -0.002033
-0.052610 -0.009519 0.534225 0.110755
-0.009466 -0.002033 0.110755 0.046752
27.846797 1.209416 36.230406 2.130372
0.393684 0.084993 -0.043341 -0.007176
0.084993 0.041800 -0.006931 -0.001434
-0.043341 -0.006931 0.533931 0.110042
-0.007176 -0.001434 0.110042 0.046536
28.673370 1.254523 36.623545 1.993406
0.396961 0.086853 -0.046177 -0.007432
0.086853 0.042350 -0.007330 -0.001474
-0.046177 -0.007330 0.526875 0.108041
-0.007432 -0.001474 0.108041 0.046088
29.232680 1.235944 37.031783 1.872333
0.381262 0.084168 -0.046806 -0.007372
0.084168 0.041793 -0.007256 -0.001454
-0.046806 -0.007256 0.519121 0.106183
-0.007372 -0.001454 0.106183 0.045730
30.242252 1.325489 38.245461 1.931764
0.385296 0.085945 -0.052694 -0.008319
0.085945 0.042229 -0.008230 -0.001636
-0.052694 -0.008230 0.539231 0.110230
-0.008319 -0.001636 0.110230 0.046613
30.687217 1.274958 39.016108 1.890317
0.376140 0.084466 -0.050444 -0.007652
0.084466 0.041863 -0.007448 -0.001478
-0.050444 -0.007448 0.542096 0.110451
-0.007652 -0.001478 0.110451 0.046649
31.326885 1.276085 40.043884 1.907172
0.373201 0.084422 -0.045279 -0.006455
0.084422 0.041831 -0.006086 -0.001215
-0.045279 -0.006086 0.550446 0.111851
-0.006455 -0.001215 0.111851 0.046941
31.740164 1.225011 41.030483 1.912212
0.364170 0.082867 -0.038412 -0.005105
0.082867 0.041431 -0.004535 -0.000952
-0.038412 -0.004535 0.555103 0.112436
-0.005105 -0.000952 0.112436 0.047054
32.418443 1.241061 42.115492 1.938753
0.391514 0.089655 -0.036588 -0.004654
0.089655 0.042950 -0.004327 -0.000920
-0.036588 -0.004327 0.557108 0.112455
-0.004654 -0.000920 0.112455 0.047052
32.994775 1.230036 42.951742 1.911614
0.406259 0.092755 -0.031096 -0.003617
0.092755 0.043468 -0.003377 -0.000764
-0.031096 -0.003377 0.546357 0.109992
-0.003617 -0.000764 0.109992 0.046568
34.098466 1.337542 43.337562 1.799607
0.424907 0.096451 -0.016288 -0.000775
0.096451 0.044106 -0.000504 -0.000222
-0.016288 -0.000504 0.515577 0.103829
-0.000775 -0.000222 0.103829 0.045399
34.935713 1.373393 43.834961 1.718898
0.444757 0.099981 -0.010880 -0.000071
0.099981 0.044662 0.000062 -0.000179
-0.010880 0.000062 0.494051 0.100030
-0.000071 -0.000179 0.100030 0.044782
35.615184 1.372357 44.838006 1.748200
0.452261 0.100483 -0.000552 0.001571
0.100483 0.044541 0.001767 0.000101
-0.000552 0.001767 0.476708 0.097365
0.001571 0.000101 0.097365 0.044415
36.053601 1.319711 46.384597 1.886340
0.483855 0.106269 -0.020491 -0.003039
0.106269 0.045631 -0.003184 -0.000974
-0.020491 -0.003184 0.492974 0.101660
-0.003039 -0.000974 0.101660 0.045450
36.087630 1.184432 47.444104 1.908980
0.503185 0.108901 -0.039976 -0.007102
0.108901 0.045978 -0.007467 -0.001812
-0.039976 -0.007467 0.483874 0.100199
-0.007102 -0.001812 0.100199 0.045170
