2.851048 2.102538 -1.715439 -1.578238
2.482365 0.992968 -0.789542 -0.315823
0.992968 80.401262 -0.315823 -0.126332
-0.789542 -0.315823 5.107294 2.042962
-0.315823 -0.126332 2.042962 80.821269
5.654971 5.352131 0.589191 3.333850
3.307017 5.727948 -1.016370 -1.385100
5.727948 18.257558 -1.671115 -4.223250
-1.016370 -1.671115 1.828869 2.782921
-1.385100 -4.223250 2.782921 19.101499
7.110793 4.004510 1.768137 2.550540
2.253204 2.469509 -0.157226 0.014859
2.469509 4.734503 -0.136176 -0.541610
-0.157226 -0.136176 2.034679 2.736414
0.014859 -0.541610 2.736414 6.477304
6.455638 1.831074 3.031627 2.505921
0.985989 0.799236 0.393329 0.380557
0.799236 1.423096 0.289102 0.058753
0.393329 0.289102 1.766847 1.658454
0.380557 0.058753 1.658454 2.449535
6.474601 1.196668 3.998221 2.352171
1.215185 0.877741 0.059901 -0.029706
0.877741 0.988409 -0.051667 -0.171560
0.059901 -0.051667 1.744816 1.262063
-0.029706 -0.171560 1.262063 1.304126
6.730843 1.015249 4.657254 2.070118
1.037451 0.616084 -0.209742 -0.165621
0.616084 0.551352 -0.188018 -0.167643
-0.209742 -0.188018 1.754436 1.016712
-0.165621 -0.167643 1.016712 0.795201
6.996952 0.892955 5.844786 2.148522
0.855767 0.429911 -0.372174 -0.198343
0.429911 0.326667 -0.216166 -0.129209
-0.372174 -0.216166 1.598289 0.765388
-0.198343 -0.129209 0.765388 0.491469
8.090385 1.165715 7.884588 2.531447
0.936227 0.406499 -0.354812 -0.154148
0.406499 0.249725 -0.162421 -0.079214
-0.354812 -0.162421 1.378638 0.561385
-0.154148 -0.079214 0.561385 0.312909
9.457497 1.462898 8.719368 2.375855
0.951383 0.360505 -0.339520 -0.123618
0.360505 0.189509 -0.128714 -0.052624
-0.339520 -0.128714 1.254146 0.446778
-0.123618 -0.052624 0.446778 0.220912
10.313129 1.504541 9.849348 2.357635
0.949000 0.318614 -0.336859 -0.105488
0.318614 0.148200 -0.109402 -0.038355
-0.336859 -0.109402 1.140716 0.362631
-0.105488 -0.038355 0.362631 0.163625
9.563511 1.034646 8.834925 1.713266
0.708084 0.212620 -0.431824 -0.121472
0.212620 0.098086 -0.126611 -0.038758
-0.431824 -0.126611 0.765521 0.219769
-0.121472 -0.038758 0.219769 0.103098
10.260098 1.086750 9.719824 1.724463
0.690363 0.192815 -0.360459 -0.088164
0.192815 0.083806 -0.091550 -0.024816
-0.360459 -0.091550 0.734302 0.198795
-0.088164 -0.024816 0.198795 0.088428
11.192151 1.213195 11.586354 2.001553
0.680196 0.178092 -0.312135 -0.067314
0.178092 0.073805 -0.070123 -0.017147
-0.312135 -0.070123 0.699168 0.179222
-0.067314 -0.017147 0.179222 0.076856
12.255864 1.326608 12.418758 1.970238
0.622015 0.154113 -0.238651 -0.045040
0.154113 0.063586 -0.046998 -0.010647
-0.238651 -0.046998 0.635656 0.155805
-0.045040 -0.010647 0.155805 0.066572
13.468000 1.468491 13.760630 2.071136
0.590884 0.140243 -0.182959 -0.029909
0.140243 0.057593 -0.031395 -0.006708
-0.182959 -0.031395 0.601915 0.142477
-0.029909 -0.006708 0.142477 0.060390
14.561004 1.554174 14.875996 2.098314
0.585849 0.134067 -0.153341 -0.022417
0.134067 0.054338 -0.023575 -0.004924
-0.153341 -0.023575 0.598207 0.137290
-0.022417 -0.004924 0.137290 0.057017
15.072241 1.501082 16.296627 2.177264
0.579371 0.128577 -0.123820 -0.015916
0.128577 0.051844 -0.017168 -0.003623
-0.123820 -0.017168 0.575694 0.128460
-0.015916 -0.003623 0.128460 0.053420
16.385304 1.618961 17.060552 2.115901
0.545967 0.118118 -0.092995 -0.010331
0.118118 0.048725 -0.011192 -0.002606
-0.092995 -0.011192 0.550596 0.120252
-0.010331 -0.002606 0.120252 0.050545
16.916082 1.562900 18.377863 2.167665
0.547765 0.116455 -0.077102 -0.007808
0.116455 0.047926 -0.008681 -0.002222
-0.077102 -0.008681 0.542699 0.116564
-0.007808 -0.002222 0.116564 0.049049
17.594153 1.543901 19.688317 2.214634
0.518234 0.108749 -0.046188 -0.002643
0.108749 0.046060 -0.003476 -0.001332
-0.046188 -0.003476 0.505626 0.107365
-0.002643 -0.001332 0.107365 0.046665
18.068517 1.477326 20.355008 2.117873
0.529315 0.110261 -0.035876 -0.001639
0.110261 0.046319 -0.002368 -0.001212
-0.035876 -0.002368 0.515577 0.108890
-0.001639 -0.001212 0.108890 0.046796
18.347629 1.382034 21.400968 2.111064
0.520960 0.107721 -0.024586 -0.000545
0.107721 0.045751 -0.001201 -0.001079
-0.024586 -0.001201 0.501926 0.105340
-0.000545 -0.001079 0.105340 0.045881
18.130661 1.198637 23.101602 2.240101
0.502748 0.103620 0.003301 0.004070
0.103620 0.044964 0.003412 -0.000189
0.003301 0.003412 0.474864 0.099499
0.004070 -0.000189 0.099499 0.044625
19.189663 1.292712 24.024336 2.200534
0.487689 0.100500 0.007321 0.003516
0.100500 0.044431 0.003005 -0.000364
0.007321 0.003005 0.467578 0.098210
0.003516 -0.000364 0.098210 0.044405
20.276090 1.383366 24.857016 2.144975
0.478658 0.098952 0.017289 0.004539
0.098952 0.044262 0.004102 -0.000141
0.017289 0.004102 0.465460 0.098109
0.004539 -0.000141 0.098109 0.044444
20.786430 1.345958 25.601738 2.075709
0.477709 0.099197 0.025945 0.005410
0.099197 0.044456 0.005023 0.000072
0.025945 0.005023 0.467186 0.098766
0.005410 0.000072 0.098766 0.044620
21.535173 1.361846 26.606562 2.068560
0.480239 0.100133 0.019339 0.003151
0.100133 0.044759 0.002842 -0.000353
0.019339 0.002842 0.476375 0.100914
0.003151 -0.000353 0.100914 0.045087
22.207569 1.361449 27.230123 1.981575
0.464951 0.097143 0.036099 0.006282
0.097143 0.044179 0.005974 0.000426
0.036099 0.005974 0.467310 0.098892
0.006282 0.000426 0.098892 0.044609
22.929019 1.368858 28.467276 2.033689
0.449442 0.094432 0.028795 0.004160
0.094432 0.043709 0.003858 0.000045
0.028795 0.003858 0.467410 0.099081
0.004160 0.000045 0.099081 0.044660
22.893365 1.216600 29.407967 2.021127
0.434642 0.092046 0.019037 0.001861
0.092046 0.043317 0.001552 -0.000322
0.019037 0.001552 0.466694 0.099065
0.001861 -0.000322 0.099065 0.044658
23.571011 1.230125 30.667868 2.073791
0.442455 0.094569 0.013583 0.000673
0.094569 0.043962 0.000356 -0.000440
0.013583 0.000356 0.485952 0.103250
0.000673 -0.000440 0.103250 0.045539
24.013836 1.191572 32.026410 2.142726
0.444700 0.095484 0.018692 0.001924
0.095484 0.044159 0.001605 -0.000027
0.018692 0.001605 0.505214 0.106953
0.001924 -0.000027 0.106953 0.046228
24.885114 1.251339 33.012634 2.123605
0.449087 0.096775 0.005695 -0.000750
0.096775 0.044421 -0.001095 -0.000497
0.005695 -0.001095 0.514776 0.108356
-0.000750 -0.000497 0.108356 0.046406
25.855295 1.329060 33.155549 1.930226
0.450889 0.097283 -0.001792 -0.001969
0.097283 0.044472 -0.002243 -0.000604
-0.001792 -0.002243 0.502580 0.105108
-0.001969 -0.000604 0.105108 0.045616
26.183804 1.257635 33.723045 1.848187
0.445144 0.096110 -0.025445 -0.006439
0.096110 0.044164 -0.006856 -0.001439
-0.025445 -0.006856 0.506110 0.105579
-0.006439 -0.001439 0.105579 0.045709
26.771841 1.248619 34.874234 1.895440
0.449447 0.097134 -0.035051 -0.007623
0.097134 0.044344 -0.008048 -0.001521
-0.035051 -0.008048 0.525895 0.109383
-0.007623 -0.001521 0.109383 0.046488
27.799210 1.335607 35.694134 1.869406
0.446368 0.096422 -0.036668 -0.007132
0.096422 0.044131 -0.007480 -0.001271
-0.036668 -0.007480 0.530973 0.109814
-0.007132 -0.001271 0.109814 0.046511
28.262806 1.291827 36.795950 1.903318
0.453669 0.097989 -0.045597 -0.008281
0.097989 0.044427 -0.008630 -0.001430
-0.045597 -0.008630 0.549243 0.112986
-0.008281 -0.001430 0.112986 0.047117
29.846695 1.496470 38.319046 2.023805
0.379998 0.081869 -0.059002 -0.010631
0.081869 0.040872 -0.010721 -0.001862
-0.059002 -0.010721 0.566631 0.115720
-0.010631 -0.001862 0.115720 0.047594
31.117002 1.609069 38.918800 1.943025
0.373744 0.081937 -0.050635 -0.008160
0.081937 0.041136 -0.008113 -0.001266
-0.050635 -0.008113 0.556409 0.112782
-0.008160 -0.001266 0.112782 0.046926
32.246956 1.683719 40.194407 2.006780
0.363419 0.080816 -0.051144 -0.007884
0.080816 0.041021 -0.007677 -0.001205
-0.051144 -0.007677 0.573287 0.115681
-0.007884 -0.001205 0.115681 0.047518
32.447704 1.535945 40.842481 1.930430
0.384943 0.086749 -0.057147 -0.008596
0.086749 0.042433 -0.008794 -0.001428
-0.057147 -0.008794 0.566599 0.113602
-0.008596 -0.001428 0.113602 0.047065
33.112820 1.512606 41.813325 1.930713
0.413348 0.093502 -0.059000 -0.008437
0.093502 0.043866 -0.008875 -0.001430
-0.059000 -0.008875 0.566954 0.113276
-0.008437 -0.001430 0.113276 0.047034
33.572100 1.444218 42.637275 1.899843
0.436585 0.098277 -0.060140 -0.008279
0.098277 0.044706 -0.008930 -0.001457
-0.060140 -0.008930 0.558606 0.111323
-0.008279 -0.001457 0.111323 0.046692
34.073464 1.392824 43.362501 1.852912
0.442217 0.098692 -0.048767 -0.005856
0.098692 0.044538 -0.006329 -0.000995
-0.048767 -0.006329 0.538188 0.107306
-0.005856 -0.000995 0.107306 0.045992
34.207911 1.271173 44.668624 1.924363
0.463710 0.102492 -0.056764 -0.007443
0.102492 0.045149 -0.008138 -0.001427
-0.056764 -0.008138 0.542643 0.108490
-0.007443 -0.001427 0.108490 0.046351
34.610026 1.214235 44.931113 1.781556
0.450485 0.098651 -0.027804 -0.001770
0.098651 0.044131 -0.002165 -0.000316
-0.027804 -0.002165 0.483946 0.097166
-0.001770 -0.000316 0.097166 0.044210
34.823536 1.129407 45.957467 1.806264
0.463231 0.100752 -0.029281 -0.002534
0.100752 0.044503 -0.003013 -0.000614
-0.029281 -0.003013 0.477230 0.097022
-0.002534 -0.000614 0.097022 0.044418
34.945031 1.034533 47.016098 1.835380
0.486484 0.104940 -0.041726 -0.005389
0.104940 0.045309 -0.006050 -0.001304
-0.041726 -0.006050 0.477807 0.098172
-0.005389 -0.001304 0.098172 0.044804
35.276879 0.992595 47.559991 1.756491
0.513389 0.109634 -0.046036 -0.006259
0.109634 0.046194 -0.007124 -0.001515
-0.046036 -0.007124 0.455355 0.094349
-0.006259 -0.001515 0.094349 0.044092
