1.095725 1.400394 1.093536 -0.454623
1.779563 0.711841 0.082463 0.032986
0.711841 80.288809 0.032986 0.013195
0.082463 0.032986 3.788874 1.515582
0.032986 0.013195 1.515582 80.610313
4.561326 6.393039 3.024376 3.071842
2.844952 5.163858 -1.784273 -2.950901
5.163858 15.683392 -3.246134 -5.138765
-1.784273 -3.246134 2.208841 3.641095
-2.950901 -5.138765 3.641095 17.910390
5.282709 3.371185 3.299236 0.749805
1.069510 1.220033 -0.128617 0.084163
1.220033 2.821695 0.151131 0.142227
-0.128617 0.151131 2.355895 3.183984
0.084163 0.142227 3.183984 6.429060
6.004309 2.494404 2.608489 -0.247079
1.562140 1.367862 -0.159458 -0.073250
1.367862 1.707604 -0.078163 -0.182953
-0.159458 -0.078163 2.205795 1.967587
-0.073250 -0.182953 1.967587 2.456100
9.036874 3.681610 3.821565 0.658135
1.601304 1.059546 -0.335968 -0.213520
1.059546 0.941832 -0.216436 -0.222171
-0.335968 -0.216436 1.779930 1.186898
-0.213520 -0.222171 1.186898 1.117867
10.226279 3.336701 4.499863 0.845689
1.490304 0.787916 -0.258354 -0.138115
0.787916 0.553463 -0.139938 -0.121676
-0.258354 -0.139938 1.574530 0.847290
-0.138115 -0.121676 0.847290 0.638693
9.890437 2.451784 5.498384 1.110517
1.068241 0.470891 -0.147092 -0.068957
0.470891 0.295949 -0.071409 -0.061828
-0.147092 -0.071409 1.379058 0.623606
-0.068957 -0.061828 0.623606 0.397404
8.862917 1.579924 7.314800 1.616125
0.584213 0.225242 -0.199464 -0.081216
0.225242 0.149432 -0.084110 -0.052540
-0.199464 -0.084110 1.225833 0.480529
-0.081216 -0.052540 0.480529 0.268140
10.691271 1.948703 7.881709 1.526177
0.621415 0.220968 -0.229547 -0.083331
0.220968 0.125913 -0.085058 -0.043274
-0.229547 -0.085058 1.145614 0.397987
-0.083331 -0.043274 0.397987 0.197576
11.689849 1.956244 9.278632 1.723615
0.664004 0.216562 -0.202761 -0.066090
0.216562 0.108525 -0.066675 -0.030502
-0.202761 -0.066675 1.030547 0.322069
-0.066090 -0.030502 0.322069 0.147567
11.147738 1.501263 11.243499 2.042218
0.632915 0.189621 -0.196363 -0.057680
0.189621 0.088821 -0.058235 -0.023527
-0.196363 -0.058235 0.841153 0.240395
-0.057680 -0.023527 0.240395 0.107816
11.554860 1.405385 12.264945 2.042349
0.649953 0.180926 -0.205752 -0.054909
0.180926 0.078683 -0.055595 -0.019682
-0.205752 -0.055595 0.773799 0.206238
-0.054909 -0.019682 0.206238 0.089012
12.289031 1.411376 12.741390 1.905150
0.625466 0.162796 -0.200408 -0.048840
0.162796 0.068387 -0.049569 -0.015840
-0.200408 -0.049569 0.693972 0.174361
-0.048840 -0.015840 0.174361 0.074489
12.684665 1.333686 13.559142 1.870877
0.638626 0.157211 -0.185387 -0.041223
0.157211 0.063310 -0.041841 -0.012289
-0.185387 -0.041841 0.679836 0.163123
-0.041223 -0.012289 0.163123 0.067567
13.450431 1.357826 14.599761 1.896054
0.605274 0.141843 -0.152063 -0.030807
0.141843 0.057030 -0.031339 -0.008782
-0.152063 -0.031339 0.621357 0.143230
-0.030807 -0.008782 0.143230 0.059929
13.828258 1.290515 15.683832 1.924140
0.596228 0.134422 -0.131669 -0.024527
0.134422 0.053666 -0.025093 -0.006705
-0.131669 -0.025093 0.589722 0.131966
-0.024527 -0.006705 0.131966 0.055434
14.352561 1.262817 16.521767 1.895602
0.591746 0.129256 -0.115236 -0.019849
0.129256 0.051418 -0.020376 -0.005238
-0.115236 -0.020376 0.576706 0.126190
-0.019849 -0.005238 0.126190 0.052842
15.113025 1.286773 17.047638 1.805472
0.568167 0.120903 -0.102638 -0.016712
0.120903 0.048899 -0.017150 -0.004315
-0.102638 -0.017150 0.551849 0.118526
-0.016712 -0.004315 0.118526 0.050245
15.995955 1.334256 17.621210 1.737466
0.532203 0.111295 -0.079632 -0.011773
0.111295 0.046532 -0.012150 -0.003133
-0.079632 -0.012150 0.517670 0.109883
-0.011773 -0.003133 0.109883 0.047829
16.508717 1.300388 18.293385 1.694234
0.531737 0.110168 -0.074052 -0.010634
0.110168 0.046212 -0.010969 -0.002795
-0.074052 -0.010969 0.516146 0.108929
-0.010634 -0.002795 0.108929 0.047307
17.387321 1.349214 19.329989 1.736370
0.519599 0.106954 -0.061432 -0.008177
0.106954 0.045542 -0.008480 -0.002229
-0.061432 -0.008480 0.505496 0.106210
-0.008177 -0.002229 0.106210 0.046508
17.701761 1.276353 20.369917 1.769417
0.511777 0.105096 -0.044628 -0.004976
0.105096 0.045244 -0.005334 -0.001555
-0.044628 -0.005334 0.492064 0.103212
-0.004976 -0.001555 0.103212 0.045755
18.334621 1.278058 21.658294 1.854296
0.492462 0.101063 -0.035579 -0.003723
0.101063 0.044517 -0.004050 -0.001335
-0.035579 -0.004050 0.471573 0.098933
-0.003723 -0.001335 0.098933 0.044795
19.142115 1.312424 22.521580 1.841935
0.487143 0.100380 -0.017400 -0.000445
0.100380 0.044551 -0.000767 -0.000661
-0.017400 -0.000767 0.470306 0.099133
-0.000445 -0.000661 0.099133 0.044873
19.400618 1.232252 23.909484 1.938668
0.480217 0.099389 0.000061 0.002472
0.099389 0.044492 0.002142 -0.000102
0.000061 0.002142 0.464652 0.098286
0.002472 -0.000102 0.098286 0.044700
20.109872 1.251145 24.712223 1.903630
0.472680 0.098271 0.006285 0.002872
0.098271 0.044377 0.002594 -0.000075
0.006285 0.002594 0.461342 0.097888
0.002872 -0.000075 0.097888 0.044610
20.650382 1.233097 25.432456 1.854230
0.453356 0.094740 0.013848 0.003662
0.094740 0.043743 0.003423 0.000067
0.013848 0.003423 0.446770 0.095065
0.003662 0.000067 0.095065 0.044000
21.009869 1.178990 26.222619 1.824955
0.459244 0.096749 0.020475 0.004356
0.096749 0.044294 0.004140 0.000214
0.020475 0.004140 0.456065 0.097531
0.004356 0.000214 0.097531 0.044555
21.820893 1.225206 27.531883 1.909645
0.461094 0.097636 0.011690 0.001818
0.097636 0.044532 0.001643 -0.000310
0.011690 0.001643 0.470195 0.100732
0.001818 -0.000310 0.100732 0.045204
22.291741 1.194985 28.529282 1.919047
0.446508 0.094872 0.004340 -0.000004
0.094872 0.043951 -0.000160 -0.000608
0.004340 -0.000160 0.467951 0.100073
-0.000004 -0.000608 0.100073 0.044965
23.050531 1.229557 29.441368 1.908569
0.454817 0.097174 0.000448 -0.000880
0.097174 0.044482 -0.001019 -0.000682
0.000448 -0.001019 0.481833 0.102914
-0.000880 -0.000682 0.102914 0.045504
23.388251 1.169997 30.511207 1.933683
0.446005 0.095492 0.003725 -0.000060
0.095492 0.044089 -0.000198 -0.000386
0.003725 -0.000198 0.488621 0.103948
-0.000060 -0.000386 0.103948 0.045615
24.262934 1.233078 31.031643 1.838612
0.405141 0.087081 -0.021566 -0.005297
0.087081 0.042287 -0.005513 -0.001414
-0.021566 -0.005513 0.465055 0.098539
-0.005297 -0.001414 0.098539 0.044383
24.474815 1.144543 33.014731 2.064388
0.371488 0.080818 -0.019345 -0.004257
0.080818 0.041053 -0.004436 -0.001024
-0.019345 -0.004436 0.474619 0.100666
-0.004257 -0.001024 0.100666 0.044862
25.057382 1.146633 33.733673 1.998019
0.392920 0.087068 -0.021261 -0.004246
0.087068 0.042612 -0.004413 -0.000921
-0.021261 -0.004413 0.488614 0.103519
-0.004246 -0.000921 0.103519 0.045449
25.898564 1.206492 34.759570 2.004105
0.388418 0.086704 -0.024886 -0.004665
0.086704 0.042494 -0.004820 -0.000944
-0.024886 -0.004820 0.499028 0.105346
-0.004665 -0.000944 0.105346 0.045772
27.276806 1.380407 35.643453 1.981081
0.383169 0.086045 -0.032935 -0.006024
0.086045 0.042287 -0.006235 -0.001197
-0.032935 -0.006235 0.506335 0.106371
-0.006024 -0.001197 0.106371 0.045911
28.307501 1.455784 36.148682 1.880666
0.400764 0.090479 -0.039302 -0.006877
0.090479 0.043225 -0.007194 -0.001333
-0.039302 -0.007194 0.511461 0.106900
-0.006877 -0.001333 0.106900 0.045956
29.043514 1.457658 37.098325 1.882641
0.398718 0.089904 -0.045167 -0.007681
0.089904 0.042929 -0.007971 -0.001458
-0.045167 -0.007971 0.524484 0.109092
-0.007681 -0.001458 0.109092 0.046364
30.004543 1.510468 38.108427 1.898128
0.376322 0.084740 -0.051929 -0.008768
0.084740 0.041630 -0.008941 -0.001655
-0.051929 -0.008941 0.537088 0.111044
-0.008768 -0.001655 0.111044 0.046702
30.417598 1.435936 39.567675 2.001064
0.386361 0.087414 -0.055356 -0.008938
0.087414 0.042230 -0.009056 -0.001632
-0.055356 -0.009056 0.562148 0.115475
-0.008938 -0.001632 0.115475 0.047550
30.881812 1.380448 40.883275 2.063618
0.416853 0.094389 -0.057632 -0.008785
0.094389 0.043736 -0.009059 -0.001577
-0.057632 -0.009059 0.575026 0.117075
-0.008785 -0.001577 0.117075 0.047771
32.963353 1.690920 41.419821 1.973902
0.294669 0.066558 0.002344 0.002725
0.066558 0.037339 0.004665 0.000975
0.002344 0.004665 0.552872 0.112028
0.002725 0.000975 0.112028 0.046750
33.557378 1.629548 41.895655 1.869440
0.313524 0.073059 0.000658 0.001776
0.073059 0.039201 0.003075 0.000485
0.000658 0.003075 0.536221 0.108214
0.001776 0.000485 0.108214 0.046004
34.117252 1.570429 43.138064 1.930652
0.346981 0.082070 -0.009871 -0.000793
0.082070 0.041386 -0.000209 -0.000268
-0.009871 -0.000209 0.545457 0.110041
-0.000793 -0.000268 0.110041 0.046469
34.604050 1.500236 44.229729 1.955319
0.376531 0.089023 -0.016273 -0.002272
0.089023 0.042834 -0.002138 -0.000670
-0.016273 -0.002138 0.537395 0.108278
-0.002272 -0.000670 0.108278 0.046174
35.177607 1.459124 45.303894 1.974359
0.406258 0.095180 -0.019421 -0.002934
0.095180 0.043962 -0.003054 -0.000827
-0.019421 -0.003054 0.519338 0.104716
-0.002934 -0.000827 0.104716 0.045546
35.080637 1.267272 45.960882 1.905488
0.426759 0.098495 -0.032966 -0.005650
0.098495 0.044354 -0.006243 -0.001437
-0.032966 -0.006243 0.496230 0.100432
-0.005650 -0.001437 0.100432 0.044807
35.147983 1.138988 47.062058 1.934055
0.450199 0.102232 -0.041779 -0.007146
0.102232 0.044873 -0.007931 -0.001695
-0.041779 -0.007931 0.485006 0.098906
-0.007146 -0.001695 0.098906 0.044663
36.087949 1.222185 48.122278 1.954735
0.494085 0.110304 -0.041551 -0.006586
0.110304 0.046387 -0.007464 -0.001487
-0.041551 -0.007464 0.464065 0.095443
-0.006586 -0.001487 0.095443 0.044096
