2.252590 1.863150 2.658157 0.171239
0.842650 0.337067 0.891042 0.356425
0.337067 80.138897 0.356425 0.142573
0.891042 0.356425 2.753874 1.101573
0.356425 0.142573 1.101573 80.444706
7.409549 10.193491 -0.345388 -5.525825
2.652847 5.174716 -1.283429 -2.442647
5.174716 13.121493 -2.718609 -2.323091
-1.283429 -2.718609 3.169756 5.588093
-2.442647 -2.323091 5.588093 18.910809
7.606795 5.091593 -0.075531 -2.690250
1.256938 1.424034 0.874172 1.192213
1.424034 2.284312 1.018777 1.920462
0.874172 1.018777 1.015288 1.302414
1.192213 1.920462 1.302414 3.622574
10.235096 5.211547 0.645900 -0.449777
1.270407 0.991920 0.561706 0.405477
0.991920 1.036629 0.458689 0.519210
0.561706 0.458689 0.983648 0.981239
0.405477 0.519210 0.981239 1.585272
9.634799 3.347427 1.373720 0.596798
0.773910 0.467427 0.493616 0.322347
0.467427 0.417419 0.316932 0.294566
0.493616 0.316932 1.094394 0.825050
0.322347 0.294566 0.825050 0.866274
8.915757 2.183050 3.535543 1.867549
0.451974 0.229265 0.455821 0.254415
0.229265 0.197708 0.237589 0.180229
0.455821 0.237589 1.011868 0.594556
0.254415 0.180229 0.594556 0.476015
9.645564 2.020543 4.049934 1.672139
0.416589 0.188626 0.322220 0.144590
0.188626 0.139709 0.139096 0.091471
0.322220 0.139096 0.994748 0.484927
0.144590 0.091471 0.484927 0.314414
9.360788 1.480833 5.278178 1.864970
0.259751 0.106026 0.131157 0.049361
0.106026 0.082632 0.044785 0.036065
0.131157 0.044785 0.891233 0.371090
0.049361 0.036065 0.371090 0.208240
10.448520 1.609159 7.061779 2.173109
0.321251 0.123941 0.081963 0.029305
0.123941 0.078354 0.025217 0.022464
0.081963 0.025217 0.882183 0.319743
0.029305 0.022464 0.319743 0.156469
11.334571 1.637361 8.340281 2.235341
0.372209 0.131750 0.022014 0.010017
0.131750 0.071909 0.004922 0.012090
0.022014 0.004922 0.844838 0.271237
0.010017 0.012090 0.271237 0.120161
11.734265 1.501496 8.562012 1.970455
0.392253 0.126846 -0.047432 -0.008752
0.126846 0.063280 -0.015033 0.004022
-0.047432 -0.015033 0.777365 0.224602
-0.008752 0.004022 0.224602 0.093568
11.998190 1.358863 10.212082 2.139767
0.454974 0.135712 -0.060095 -0.008538
0.135712 0.061093 -0.014771 0.003160
-0.060095 -0.014771 0.742296 0.196997
-0.008538 0.003160 0.196997 0.078363
12.540921 1.315262 10.432002 1.925879
0.474361 0.130768 -0.095861 -0.015482
0.130768 0.055857 -0.021775 0.000376
-0.095861 -0.021775 0.709224 0.174768
-0.015482 0.000376 0.174768 0.067623
13.241252 1.321723 10.881600 1.805951
0.495814 0.127861 -0.108028 -0.016115
0.127861 0.052518 -0.021783 -0.000271
-0.108028 -0.021783 0.696444 0.161767
-0.016115 -0.000271 0.161767 0.061304
13.302851 1.194112 13.637549 2.210225
0.475664 0.116294 -0.065231 -0.005488
0.116294 0.048034 -0.010031 0.001644
-0.065231 -0.010031 0.563295 0.125147
-0.005488 0.001644 0.125147 0.051135
14.610511 1.365965 15.138758 2.309933
0.479678 0.112276 -0.064364 -0.005180
0.112276 0.046137 -0.009048 0.001137
-0.064364 -0.009048 0.543804 0.117629
-0.005180 0.001137 0.117629 0.048623
15.713576 1.462216 16.351960 2.329819
0.494145 0.111767 -0.058419 -0.003808
0.111767 0.045504 -0.007044 0.001007
-0.058419 -0.007044 0.545563 0.115889
-0.003808 0.001007 0.115889 0.047786
16.734889 1.518648 16.827203 2.189151
0.481907 0.105891 -0.052303 -0.003146
0.105891 0.043912 -0.005710 0.000693
-0.052303 -0.005710 0.524473 0.109729
-0.003146 0.000693 0.109729 0.046189
16.835453 1.381892 18.470083 2.293734
0.482676 0.104081 -0.037340 -0.000538
0.104081 0.043524 -0.002820 0.000848
-0.037340 -0.002820 0.494386 0.102669
-0.000538 0.000848 0.102669 0.044665
16.838435 1.234002 19.486414 2.257378
0.482900 0.102612 -0.032340 -0.000301
0.102612 0.043307 -0.002306 0.000541
-0.032340 -0.002306 0.475080 0.098520
-0.000301 0.000541 0.098520 0.043887
17.060351 1.149929 20.523900 2.233731
0.472974 0.099498 -0.024522 0.000400
0.099498 0.042829 -0.001287 0.000394
-0.024522 -0.001287 0.451732 0.094004
0.000400 0.000394 0.094004 0.043108
17.731075 1.168930 21.495713 2.204200
0.482914 0.101098 -0.019092 0.000806
0.101098 0.043417 -0.000580 0.000291
-0.019092 -0.000580 0.462352 0.096987
0.000806 0.000291 0.096987 0.043944
18.563643 1.222299 22.860575 2.261673
0.484686 0.101004 -0.016064 0.000633
0.101004 0.043608 -0.000474 0.000091
-0.016064 -0.000474 0.467918 0.098548
0.000633 0.000091 0.098548 0.044373
19.617635 1.313588 23.833017 2.231218
0.480736 0.099908 -0.010622 0.001018
0.099908 0.043589 0.000146 0.000048
-0.010622 0.000146 0.470739 0.099368
0.001018 0.000048 0.099368 0.044598
19.352891 1.123623 25.336640 2.308325
0.467610 0.097217 0.015841 0.005847
0.097217 0.043261 0.005069 0.000947
0.015841 0.005069 0.458855 0.097090
0.005847 0.000947 0.097090 0.044164
20.199750 1.182389 26.145573 2.235962
0.476423 0.099337 0.024177 0.006577
0.099337 0.043935 0.005914 0.000962
0.024177 0.005914 0.470968 0.099975
0.006577 0.000962 0.099975 0.044827
21.407993 1.311178 27.740740 2.337792
0.483530 0.100924 0.024712 0.005698
0.100924 0.044420 0.005153 0.000679
0.024712 0.005153 0.491386 0.104286
0.005698 0.000679 0.104286 0.045720
21.971079 1.293153 27.972555 2.139774
0.477883 0.099720 0.037207 0.007569
0.099720 0.044269 0.007098 0.001033
0.037207 0.007098 0.487959 0.103119
0.007569 0.001033 0.103119 0.045376
23.058770 1.385923 28.874331 2.103291
0.465057 0.097228 0.020504 0.003248
0.097228 0.043869 0.002875 0.000093
0.020504 0.002875 0.485159 0.102291
0.003248 0.000093 0.102291 0.045163
23.621136 1.359777 29.547427 2.023945
0.482451 0.101244 0.026463 0.004166
0.101244 0.044840 0.003847 0.000344
0.026463 0.003847 0.504200 0.106114
0.004166 0.000344 0.106114 0.045946
24.685791 1.437988 31.233749 2.163981
0.476235 0.099966 0.014119 0.001306
0.099966 0.044612 0.000963 -0.000210
0.014119 0.000963 0.519685 0.108899
0.001306 -0.000210 0.108899 0.046463
24.931379 1.340372 31.790825 2.056231
0.467055 0.098145 0.014451 0.001448
0.098145 0.044276 0.001122 -0.000070
0.014451 0.001122 0.524956 0.109293
0.001448 -0.000070 0.109293 0.046445
25.141157 1.242970 32.914916 2.077574
0.460441 0.097047 0.009142 0.000423
0.097047 0.044117 0.000061 -0.000204
0.009142 0.000061 0.541734 0.112140
0.000423 -0.000204 0.112140 0.046970
25.440768 1.175399 33.776562 2.042067
0.460515 0.097412 0.009865 0.000734
0.097412 0.044261 0.000379 -0.000054
0.009865 0.000379 0.564372 0.115977
0.000734 -0.000054 0.115977 0.047674
24.875154 0.932464 34.132612 1.909480
0.433491 0.091971 0.003474 -0.000368
0.091971 0.043148 -0.000771 -0.000211
0.003474 -0.000771 0.562634 0.114592
-0.000368 -0.000211 0.114592 0.047284
25.518030 0.968123 36.074568 2.108864
0.391889 0.083830 0.000859 -0.000593
0.083830 0.041525 -0.001056 -0.000187
0.000859 -0.001056 0.575272 0.116385
-0.000593 -0.000187 0.116385 0.047611
26.586874 1.096488 36.426449 1.966888
0.384675 0.083700 -0.008338 -0.002216
0.083700 0.041710 -0.002736 -0.000474
-0.008338 -0.002736 0.566042 0.113739
-0.002216 -0.000474 0.113739 0.047048
28.407079 1.376917 37.878078 2.059900
0.362309 0.079998 -0.015025 -0.003208
0.079998 0.041014 -0.003782 -0.000622
-0.015025 -0.003782 0.574862 0.115076
-0.003208 -0.000622 0.115076 0.047357
29.129280 1.384534 39.160527 2.110262
0.382472 0.085917 -0.016566 -0.003130
0.085917 0.042456 -0.003636 -0.000538
-0.016566 -0.003636 0.587619 0.117160
-0.003130 -0.000538 0.117160 0.047802
30.322655 1.497874 40.241842 2.116072
0.417329 0.094364 -0.009246 -0.001324
0.094364 0.044285 -0.001571 -0.000092
-0.009246 -0.001571 0.585530 0.116202
-0.001324 -0.000092 0.116202 0.047622
30.900607 1.459462 41.369053 2.129514
0.423850 0.095399 -0.008448 -0.001064
0.095399 0.044253 -0.001250 -0.000051
-0.008448 -0.001250 0.585538 0.115839
-0.001064 -0.000051 0.115839 0.047593
31.343454 1.394932 42.173287 2.077643
0.450388 0.100803 -0.002234 0.000246
0.100803 0.045232 0.000236 0.000220
-0.002234 0.000236 0.598542 0.118163
0.000246 0.000220 0.118163 0.048109
30.785549 1.114914 41.343336 1.708292
0.452740 0.100251 -0.017502 -0.002851
0.100251 0.044820 -0.003280 -0.000526
-0.017502 -0.003280 0.561328 0.110426
-0.002851 -0.000526 0.110426 0.046603
31.524047 1.154566 42.136248 1.696514
0.466557 0.102403 -0.009162 -0.001005
0.102403 0.045102 -0.001179 -0.000096
-0.009162 -0.001179 0.568106 0.112151
-0.001005 -0.000096 0.112151 0.047100
32.418596 1.226634 45.118307 2.119121
0.486778 0.105811 -0.001998 0.000426
0.105811 0.045672 0.000456 0.000202
-0.001998 0.000456 0.612395 0.121130
0.000426 0.000202 0.121130 0.048973
34.191090 1.476192 46.547023 2.193361
0.457687 0.098431 0.057531 0.011948
0.098431 0.043924 0.013012 0.002611
0.057531 0.013012 0.548448 0.108027
0.011948 0.002611 0.108027 0.046344
34.507007 1.386538 46.924839 2.051391
0.481166 0.103151 0.046404 0.008558
0.103151 0.044964 0.009311 0.001643
0.046404 0.009311 0.511317 0.101320
0.008558 0.001643 0.101320 0.045178
34.388676 1.215962 47.085592 1.880233
0.513201 0.109307 0.031442 0.004752
0.109307 0.046231 0.005294 0.000725
0.031442 0.005294 0.502028 0.100679
0.004752 0.000725 0.100679 0.045278
35.610229 1.343472 48.582393 1.990966
0.524145 0.110385 0.042567 0.006720
0.110385 0.046314 0.007384 0.001161
0.042567 0.007384 0.472448 0.095728
0.006720 0.001161 0.095728 0.044419
37.502494 1.593825 50.642122 2.204575
0.555301 0.115801 0.036281 0.004914
0.115801 0.047358 0.005691 0.000780
0.036281 0.005691 0.444756 0.091453
0.004914 0.000780 0.091453 0.043717
