2.378306 1.913438 3.272718 0.417068
1.281914 0.512777 0.422328 0.168935
0.512777 80.209182 0.168935 0.067575
0.422328 0.168935 3.115267 1.246134
0.168935 0.067575 1.246134 80.502531
4.501644 4.191584 0.634825 -4.453666
3.205957 6.013476 -1.307631 -2.338836
6.013476 15.945229 -2.575088 -3.330289
-1.307631 -2.575088 3.759479 6.424282
-2.338836 -3.330289 6.424282 21.130680
6.055335 3.753181 1.590316 -0.922094
2.665731 2.859869 -0.124199 0.095846
2.859869 4.177241 -0.086493 0.358601
-0.124199 -0.086493 1.036649 1.155046
0.095846 0.358601 1.155046 3.685838
6.784846 2.957359 2.979332 0.807778
1.611257 1.225313 0.302540 0.366097
1.225313 1.382155 0.263692 0.350998
0.302540 0.263692 0.964545 0.943542
0.366097 0.350998 0.943542 1.713960
6.967357 2.186330 4.620359 1.762758
0.778978 0.470415 0.331368 0.255001
0.470415 0.515702 0.206605 0.172646
0.331368 0.206605 1.132944 0.873483
0.255001 0.172646 0.873483 1.003274
8.028535 2.178735 4.808571 1.336668
0.820049 0.437141 0.124451 0.057948
0.437141 0.367592 0.048706 0.028927
0.124451 0.048706 1.302490 0.799176
0.057948 0.028927 0.799176 0.659321
9.423754 2.312470 6.256032 1.721475
0.845204 0.391154 -0.033366 -0.029226
0.391154 0.266662 -0.028044 -0.013223
-0.033366 -0.028044 1.277852 0.639071
-0.029226 -0.013223 0.639071 0.420458
10.687241 2.355480 7.172038 1.744017
0.769277 0.310769 -0.156623 -0.070786
0.310769 0.185140 -0.068145 -0.025917
-0.156623 -0.068145 1.215340 0.511870
-0.070786 -0.025917 0.511870 0.283320
11.302754 2.154145 8.558856 1.931028
0.790886 0.283958 -0.185919 -0.067040
0.283958 0.146811 -0.065264 -0.020251
-0.185919 -0.065264 1.126552 0.410120
-0.067040 -0.020251 0.410120 0.199232
11.918160 2.007598 10.105845 2.116331
0.779152 0.251478 -0.140034 -0.041111
0.251478 0.117310 -0.040432 -0.009529
-0.140034 -0.040432 0.990825 0.319157
-0.041111 -0.009529 0.319157 0.142488
11.814859 1.682734 11.392029 2.174959
0.706259 0.207058 -0.173620 -0.045622
0.207058 0.091553 -0.045694 -0.010422
-0.173620 -0.045694 0.838734 0.243619
-0.045622 -0.010422 0.243619 0.104273
12.285448 1.564502 10.560116 1.653568
0.601377 0.162419 -0.224557 -0.054785
0.162419 0.071457 -0.055225 -0.012471
-0.224557 -0.055225 0.700664 0.186862
-0.054785 -0.012471 0.186862 0.079520
12.817729 1.503423 11.678615 1.724514
0.605269 0.154460 -0.208053 -0.044487
0.154460 0.065003 -0.045034 -0.008918
-0.208053 -0.045034 0.683375 0.171602
-0.044487 -0.008918 0.171602 0.070381
13.440980 1.474823 12.745721 1.772174
0.614292 0.149140 -0.187363 -0.035217
0.149140 0.060543 -0.035878 -0.006265
-0.187363 -0.035878 0.672120 0.160325
-0.035217 -0.006265 0.160325 0.064006
13.756642 1.375885 13.685625 1.777175
0.570636 0.132545 -0.152193 -0.025242
0.132545 0.054371 -0.025959 -0.004086
-0.152193 -0.025959 0.604968 0.138098
-0.025242 -0.004086 0.138098 0.056327
14.244269 1.327002 14.393844 1.732883
0.581547 0.130758 -0.131846 -0.019161
0.130758 0.052598 -0.019823 -0.002791
-0.131846 -0.019823 0.606969 0.134419
-0.019161 -0.002791 0.134419 0.054015
14.684157 1.287563 15.872441 1.862967
0.534357 0.116861 -0.092389 -0.010857
0.116861 0.048573 -0.011693 -0.001432
-0.092389 -0.011693 0.531792 0.114793
-0.010857 -0.001432 0.114793 0.048703
15.339068 1.298063 17.328592 1.976249
0.522523 0.112208 -0.074563 -0.007532
0.112208 0.047085 -0.008387 -0.001059
-0.074563 -0.008387 0.505459 0.107740
-0.007532 -0.001059 0.107740 0.046730
16.041042 1.309100 18.297496 1.972930
0.515585 0.109340 -0.055081 -0.004096
0.109340 0.046235 -0.004821 -0.000595
-0.055081 -0.004821 0.495325 0.105000
-0.004096 -0.000595 0.105000 0.045945
16.337373 1.230794 19.063558 1.921474
0.527988 0.110755 -0.056736 -0.005183
0.110755 0.046382 -0.005841 -0.001047
-0.056736 -0.005841 0.502122 0.105881
-0.005183 -0.001047 0.105881 0.045978
17.053597 1.252386 20.074425 1.933214
0.522454 0.108572 -0.047281 -0.003968
0.108572 0.045843 -0.004514 -0.000963
-0.047281 -0.004514 0.496724 0.104295
-0.003968 -0.000963 0.104295 0.045548
17.680866 1.250905 20.858777 1.894908
0.518577 0.107137 -0.034979 -0.002165
0.107137 0.045559 -0.002630 -0.000722
-0.034979 -0.002630 0.493832 0.103471
-0.002165 -0.000722 0.103471 0.045347
18.249197 1.240951 22.040042 1.943456
0.518967 0.106692 -0.041154 -0.004275
0.106692 0.045499 -0.004625 -0.001270
-0.041154 -0.004625 0.494647 0.103374
-0.004275 -0.001270 0.103374 0.045295
19.246736 1.313904 22.349165 1.807566
0.496376 0.101838 -0.025477 -0.001672
0.101838 0.044592 -0.001968 -0.000794
-0.025477 -0.001968 0.476956 0.099629
-0.001672 -0.000794 0.099629 0.044534
20.147437 1.365367 23.481519 1.856968
0.498785 0.102574 -0.020164 -0.001204
0.102574 0.044901 -0.001432 -0.000736
-0.020164 -0.001432 0.485406 0.101652
-0.001204 -0.000736 0.101652 0.045033
21.109638 1.424733 24.801406 1.940379
0.485621 0.100067 -0.010075 0.000241
0.100067 0.044507 0.000064 -0.000473
-0.010075 0.000064 0.480662 0.100721
0.000241 -0.000473 0.100721 0.044864
22.096728 1.480473 25.423927 1.868395
0.473327 0.097960 0.000247 0.001725
0.097960 0.044212 0.001566 -0.000198
0.000247 0.001566 0.471477 0.098936
0.001725 -0.000198 0.098936 0.044526
22.320799 1.372361 26.002927 1.792565
0.474258 0.098706 -0.010942 -0.001295
0.098706 0.044500 -0.001396 -0.000849
-0.010942 -0.001396 0.473931 0.099692
-0.001295 -0.000849 0.099692 0.044732
23.029312 1.377793 27.461084 1.911007
0.455791 0.095297 -0.008075 -0.000988
0.095297 0.043874 -0.001050 -0.000728
-0.008075 -0.001050 0.470585 0.099156
-0.000988 -0.000728 0.099156 0.044643
23.859221 1.407843 28.787049 1.989377
0.450108 0.094814 -0.007602 -0.001120
0.094814 0.043888 -0.001158 -0.000700
-0.007602 -0.001158 0.477806 0.100874
-0.001120 -0.000700 0.100874 0.045029
24.726574 1.442728 30.113110 2.059463
0.453252 0.096144 -0.012390 -0.002280
0.096144 0.044249 -0.002308 -0.000885
-0.012390 -0.002308 0.492722 0.104023
-0.002280 -0.000885 0.104023 0.045676
25.406758 1.434167 31.449013 2.123890
0.431035 0.091840 -0.026814 -0.005326
0.091840 0.043349 -0.005370 -0.001457
-0.026814 -0.005370 0.492990 0.103767
-0.005326 -0.001457 0.103767 0.045549
25.755281 1.355249 32.718588 2.166969
0.406365 0.087304 -0.030705 -0.005858
0.087304 0.042446 -0.005876 -0.001450
-0.030705 -0.005876 0.493059 0.103531
-0.005858 -0.001450 0.103531 0.045453
26.637007 1.399898 33.894804 2.186888
0.411629 0.089522 -0.035223 -0.006439
0.089522 0.043037 -0.006470 -0.001469
-0.035223 -0.006470 0.506514 0.106149
-0.006439 -0.001469 0.106149 0.045974
26.955271 1.315732 34.862194 2.159344
0.415286 0.091017 -0.035328 -0.006075
0.091017 0.043373 -0.006082 -0.001302
-0.035328 -0.006082 0.515826 0.107682
-0.006075 -0.001302 0.107682 0.046233
27.497768 1.291382 36.221846 2.217156
0.418070 0.092011 -0.043117 -0.007390
0.092011 0.043532 -0.007425 -0.001529
-0.043117 -0.007425 0.535976 0.111342
-0.007390 -0.001529 0.111342 0.046922
27.747624 1.204052 37.369054 2.223343
0.416353 0.091855 -0.040907 -0.006565
0.091855 0.043417 -0.006508 -0.001286
-0.040907 -0.006508 0.545567 0.112560
-0.006565 -0.001286 0.112560 0.047075
28.145220 1.157710 38.272653 2.179613
0.384917 0.085020 -0.045746 -0.007466
0.085020 0.041817 -0.007326 -0.001471
-0.045746 -0.007326 0.548650 0.112386
-0.007466 -0.001471 0.112386 0.046950
28.956697 1.204386 38.442809 1.993208
0.376176 0.083857 -0.041497 -0.006342
0.083857 0.041614 -0.006195 -0.001222
-0.041497 -0.006195 0.531903 0.108339
-0.006342 -0.001222 0.108339 0.046087
29.582251 1.208982 39.330575 1.971166
0.404171 0.090878 -0.047155 -0.007169
0.090878 0.043220 -0.007278 -0.001409
-0.047155 -0.007278 0.542636 0.110311
-0.007169 -0.001409 0.110311 0.046537
30.123401 1.193551 40.139656 1.934880
0.402954 0.090518 -0.044892 -0.006537
0.090518 0.042996 -0.006544 -0.001266
-0.044892 -0.006544 0.545927 0.110688
-0.006537 -0.001266 0.110688 0.046638
30.637269 1.176246 41.310416 1.975563
0.431646 0.096868 -0.046587 -0.006604
0.096868 0.044307 -0.006770 -0.001291
-0.046587 -0.006770 0.555884 0.112416
-0.006604 -0.001291 0.112416 0.047010
30.663517 1.051473 42.408929 1.994215
0.420881 0.093740 -0.041689 -0.005633
0.093740 0.043393 -0.005580 -0.001096
-0.041689 -0.005580 0.557279 0.112352
-0.005633 -0.001096 0.112352 0.047005
30.980044 1.005099 43.432109 1.998115
0.432784 0.096036 -0.037943 -0.004844
0.096036 0.043807 -0.004843 -0.000971
-0.037943 -0.004843 0.550819 0.110769
-0.004844 -0.000971 0.110769 0.046705
31.521314 1.012121 44.183355 1.948460
0.422367 0.093276 -0.020202 -0.001461
0.093276 0.043102 -0.001180 -0.000296
-0.020202 -0.001180 0.528926 0.106368
-0.001461 -0.000296 0.106368 0.045890
32.228599 1.058385 45.512646 2.021203
0.439496 0.096861 -0.012884 -0.000306
0.096861 0.043871 -0.000065 -0.000141
-0.012884 -0.000065 0.523184 0.105571
-0.000306 -0.000141 0.105571 0.045850
33.048667 1.120644 46.167444 1.950323
0.457957 0.100400 -0.003678 0.001160
0.100400 0.044569 0.001295 0.000067
-0.003678 0.001295 0.491693 0.099608
0.001160 0.000067 0.099608 0.044750
33.446625 1.084343 46.820810 1.884063
0.465987 0.101335 -0.001732 0.001029
0.101335 0.044653 0.001056 -0.000056
-0.001732 0.001056 0.464913 0.095028
0.001029 -0.000056 0.095028 0.043984
33.947374 1.075231 47.678577 1.866538
0.490065 0.105725 -0.009074 -0.000908
0.105725 0.045509 -0.001021 -0.000518
-0.009074 -0.001021 0.453596 0.093878
-0.000908 -0.000518 0.093878 0.043931
34.855233 1.154597 48.802057 1.906983
0.521782 0.111405 -0.011727 -0.001630
0.111405 0.046595 -0.001797 -0.000655
-0.011727 -0.001797 0.443338 0.092881
-0.001630 -0.000655 0.092881 0.043857
