1.570017 1.590115 3.120722 0.356269
1.798963 0.719601 0.004484 0.001794
0.719601 80.291913 0.001794 0.000717
0.004484 0.001794 3.520128 1.408082
0.001794 0.000717 1.408082 80.567312
5.184010 6.690965 -1.041779 -6.863423
2.515358 4.550554 -1.314995 -2.187837
4.550554 14.605001 -2.380110 -3.947262
-1.314995 -2.380110 3.689482 6.136229
-2.187837 -3.947262 6.136229 21.441085
6.308658 4.419316 -0.122810 -2.124147
2.137916 2.436555 0.408497 0.678573
2.436555 4.237789 0.493196 0.641354
0.408497 0.493196 0.586777 0.709671
0.678573 0.641354 0.709671 3.516620
3.799970 0.486028 -0.254688 -0.745751
1.732000 1.381078 0.672634 0.678090
1.381078 1.652917 0.512607 0.486306
0.672634 0.512607 0.644987 0.711432
0.678090 0.486306 0.711432 1.489075
5.502121 1.193477 2.077036 1.607626
1.369884 0.912348 -0.021435 -0.161851
0.912348 0.874750 -0.052127 -0.127461
-0.021435 -0.052127 0.390878 0.364200
-0.161851 -0.127461 0.364200 0.594142
7.104910 1.705886 3.761215 2.201997
1.158932 0.623488 0.000570 -0.050254
0.623488 0.485148 -0.017743 -0.024513
0.000570 -0.017743 0.550859 0.399404
-0.050254 -0.024513 0.399404 0.400691
7.729240 1.593174 5.619022 2.639024
1.222184 0.557488 -0.095019 -0.079890
0.557488 0.349351 -0.052067 -0.030621
-0.095019 -0.052067 0.772040 0.442925
-0.079890 -0.030621 0.442925 0.315775
9.091558 1.814901 7.401096 2.848504
1.058437 0.415776 -0.190826 -0.098145
0.415776 0.229635 -0.075739 -0.031617
-0.190826 -0.075739 0.906720 0.422425
-0.098145 -0.031617 0.422425 0.237455
10.188456 1.881194 8.882305 2.870420
0.993230 0.344482 -0.240444 -0.095431
0.344482 0.169470 -0.078211 -0.026109
-0.240444 -0.078211 0.966236 0.377402
-0.095431 -0.026109 0.377402 0.178044
10.214186 1.579582 8.871760 2.379663
0.848273 0.263419 -0.316332 -0.104204
0.263419 0.121993 -0.090376 -0.026315
-0.316332 -0.090376 0.919572 0.309427
-0.104204 -0.026315 0.309427 0.129643
10.482328 1.428773 10.108165 2.389644
0.802262 0.228640 -0.296416 -0.082817
0.228640 0.099259 -0.073335 -0.017995
-0.296416 -0.073335 0.869567 0.258716
-0.082817 -0.017995 0.258716 0.099858
11.594247 1.539224 11.457016 2.435824
0.727491 0.192768 -0.248135 -0.059727
0.192768 0.081258 -0.053505 -0.011080
-0.248135 -0.053505 0.778002 0.209065
-0.059727 -0.011080 0.209065 0.077762
12.608926 1.587224 11.921129 2.249462
0.708043 0.176750 -0.221576 -0.046642
0.176750 0.071790 -0.041723 -0.007466
-0.221576 -0.041723 0.767673 0.190150
-0.046642 -0.007466 0.190150 0.068157
13.363485 1.582295 13.273341 2.302378
0.669427 0.159022 -0.174285 -0.031679
0.159022 0.063814 -0.028190 -0.004169
-0.174285 -0.028190 0.705686 0.163419
-0.031679 -0.004169 0.163419 0.058832
13.338692 1.387192 14.140345 2.227510
0.637325 0.144722 -0.167887 -0.028376
0.144722 0.057870 -0.026330 -0.003962
-0.167887 -0.026330 0.643557 0.140996
-0.028376 -0.003962 0.140996 0.052081
14.148160 1.413520 15.271171 2.232879
0.601016 0.132324 -0.126891 -0.018369
0.132324 0.053545 -0.016738 -0.002107
-0.126891 -0.016738 0.595746 0.125925
-0.018369 -0.002107 0.125925 0.048170
14.550344 1.345166 16.288293 2.207701
0.590532 0.126662 -0.118492 -0.016167
0.126662 0.051243 -0.015120 -0.002039
-0.118492 -0.015120 0.569367 0.117224
-0.016167 -0.002039 0.117224 0.046107
15.261371 1.355685 17.520162 2.234543
0.565606 0.119102 -0.092477 -0.010888
0.119102 0.049000 -0.010085 -0.001289
-0.092477 -0.010085 0.535180 0.108584
-0.010888 -0.001289 0.108584 0.044432
16.077000 1.392762 19.121711 2.335050
0.548393 0.114129 -0.067960 -0.006368
0.114129 0.047626 -0.005735 -0.000690
-0.067960 -0.005735 0.510190 0.102980
-0.006368 -0.000690 0.102980 0.043582
16.307806 1.285813 19.610499 2.191308
0.533845 0.110015 -0.065002 -0.006595
0.110015 0.046558 -0.006230 -0.001082
-0.065002 -0.006230 0.486851 0.098158
-0.006595 -0.001082 0.098158 0.042920
17.054003 1.307275 20.715218 2.194339
0.528352 0.108492 -0.049251 -0.004015
0.108492 0.046218 -0.003636 -0.000740
-0.049251 -0.003636 0.484945 0.098424
-0.004015 -0.000740 0.098424 0.043374
17.826634 1.336506 22.218848 2.278861
0.499370 0.102496 -0.019993 0.000930
0.102496 0.045035 0.001246 0.000031
-0.019993 0.001246 0.458448 0.093779
0.000930 0.000031 0.093779 0.042773
18.478891 1.329916 22.998491 2.204287
0.502903 0.103457 -0.019570 -0.000069
0.103457 0.045325 0.000220 -0.000365
-0.019570 0.000220 0.464738 0.096009
-0.000069 -0.000365 0.096009 0.043543
19.344272 1.370744 24.028047 2.190409
0.500540 0.103231 -0.003637 0.002342
0.103231 0.045364 0.002616 0.000022
-0.003637 0.002616 0.472147 0.098320
0.002342 0.000022 0.098320 0.044245
20.131591 1.392704 25.305619 2.228976
0.497747 0.102880 0.009174 0.004016
0.102880 0.045355 0.004257 0.000261
0.009174 0.004257 0.479689 0.100352
0.004016 0.000261 0.100352 0.044789
20.784559 1.383969 26.509932 2.247701
0.508753 0.105377 0.021456 0.005612
0.105377 0.045923 0.005807 0.000511
0.021456 0.005807 0.499129 0.104628
0.005612 0.000511 0.104628 0.045734
21.521890 1.393084 27.231042 2.163490
0.495250 0.102526 0.034428 0.007326
0.102526 0.045322 0.007457 0.000796
0.034428 0.007457 0.492700 0.103044
0.007326 0.000796 0.103044 0.045360
22.107214 1.370414 28.024005 2.103291
0.494305 0.102550 0.024821 0.004329
0.102550 0.045370 0.004440 0.000123
0.024821 0.004440 0.499452 0.104408
0.004329 0.000123 0.104408 0.045647
22.223838 1.254444 28.192064 1.920388
0.481441 0.100086 0.011231 0.000989
0.100086 0.044889 0.001077 -0.000517
0.011231 0.001077 0.490812 0.102456
0.000989 -0.000517 0.102456 0.045222
22.792570 1.243235 28.799329 1.846856
0.489014 0.102031 0.015224 0.001692
0.102031 0.045347 0.001753 -0.000256
0.015224 0.001753 0.502774 0.104959
0.001692 -0.000256 0.104959 0.045758
22.857321 1.127314 29.565141 1.815809
0.498317 0.104123 0.013943 0.001291
0.104123 0.045784 0.001306 -0.000252
0.013943 0.001306 0.523412 0.109051
0.001291 -0.000252 0.109051 0.046583
23.821767 1.211187 30.421618 1.803852
0.505384 0.105523 0.012661 0.000994
0.105523 0.046034 0.000981 -0.000220
0.012661 0.000981 0.538774 0.111673
0.000994 -0.000220 0.111673 0.047038
24.590369 1.243277 31.961682 1.934792
0.495129 0.103195 0.005134 -0.000465
0.103195 0.045495 -0.000585 -0.000438
0.005134 -0.000585 0.558909 0.115106
-0.000465 -0.000438 0.115106 0.047648
24.827848 1.163878 32.655064 1.879832
0.488031 0.101736 0.005656 -0.000127
0.101736 0.045186 -0.000262 -0.000260
0.005656 -0.000262 0.567861 0.115976
-0.000127 -0.000260 0.115976 0.047702
25.945615 1.276356 33.322245 1.823355
0.475218 0.099221 0.002728 -0.000514
0.099221 0.044683 -0.000659 -0.000255
0.002728 -0.000659 0.562971 0.114087
-0.000514 -0.000255 0.114087 0.047233
26.453099 1.248909 34.265893 1.830037
0.461882 0.096808 -0.005420 -0.001929
0.096808 0.044236 -0.002147 -0.000482
-0.005420 -0.002147 0.570554 0.115031
-0.001929 -0.000482 0.115031 0.047413
27.131959 1.259892 35.607338 1.915510
0.464749 0.097966 -0.014427 -0.003423
0.097966 0.044556 -0.003707 -0.000721
-0.014427 -0.003707 0.587907 0.117942
-0.003423 -0.000721 0.117942 0.047992
27.427753 1.189320 36.183168 1.839469
0.436948 0.092445 -0.022919 -0.004692
0.092445 0.043411 -0.005028 -0.000905
-0.022919 -0.005028 0.577593 0.115147
-0.004692 -0.000905 0.115147 0.047403
28.299105 1.249094 38.101875 2.038230
0.430457 0.091874 -0.027370 -0.005104
0.091874 0.043389 -0.005414 -0.000910
-0.027370 -0.005414 0.607253 0.120670
-0.005104 -0.000910 0.120670 0.048541
29.012995 1.266875 38.228025 1.862021
0.416981 0.089716 -0.031767 -0.005547
0.089716 0.042985 -0.005831 -0.000946
-0.031767 -0.005831 0.619518 0.122303
-0.005547 -0.000946 0.122303 0.048823
29.431372 1.220311 39.229935 1.875363
0.417257 0.090613 -0.029663 -0.004712
0.090613 0.043240 -0.004870 -0.000723
-0.029663 -0.004870 0.630306 0.123623
-0.004712 -0.000723 0.123623 0.049050
29.975027 1.208724 41.135673 2.063946
0.432701 0.094600 -0.027346 -0.003932
0.094600 0.044112 -0.003990 -0.000542
-0.027346 -0.003990 0.651002 0.126875
-0.003932 -0.000542 0.126875 0.049661
30.222796 1.132203 42.646268 2.155350
0.447583 0.097945 -0.029177 -0.004083
0.097945 0.044740 -0.004237 -0.000607
-0.029177 -0.004237 0.648743 0.125482
-0.004083 -0.000607 0.125482 0.049343
30.610612 1.090798 43.024645 2.020046
0.446057 0.097372 -0.014530 -0.001147
0.097372 0.044468 -0.000993 -0.000014
-0.014530 -0.000993 0.618490 0.119032
-0.001147 -0.000014 0.119032 0.048122
31.268868 1.115039 43.926275 1.999552
0.454076 0.098929 0.000695 0.001648
0.098929 0.044701 0.002096 0.000509
0.000695 0.002096 0.607654 0.116997
0.001648 0.000509 0.116997 0.047866
32.051703 1.162990 44.531727 1.924040
0.452919 0.098365 0.032376 0.007355
0.098365 0.044472 0.008446 0.001626
0.032376 0.008446 0.592603 0.114392
0.007355 0.001626 0.114392 0.047519
32.937608 1.228052 44.175645 1.668778
0.459191 0.099428 0.053362 0.010572
0.099428 0.044620 0.011889 0.002124
0.053362 0.011889 0.538655 0.104405
0.010572 0.002124 0.104405 0.045739
33.738198 1.267337 45.596424 1.783594
0.499854 0.107832 0.047982 0.008410
0.107832 0.046354 0.009420 0.001461
0.047982 0.009420 0.555047 0.108941
0.008410 0.001461 0.108941 0.046898
34.682587 1.332293 46.957765 1.875442
0.529893 0.113100 0.047019 0.007431
0.113100 0.047265 0.008343 0.001171
0.047019 0.008343 0.552568 0.109217
0.007431 0.001171 0.109217 0.047070
34.690706 1.198209 46.725674 1.645410
0.552275 0.116311 0.044412 0.006336
0.116311 0.047700 0.007314 0.000948
0.044412 0.007314 0.509782 0.101345
0.006336 0.000948 0.101345 0.045572
