0.382915 1.115264 0.766045 -0.585623
0.297455 0.118985 1.635810 0.654338
0.118985 80.051662 0.654338 0.261741
1.635810 0.654338 2.364236 0.945715
0.654338 0.261741 0.945715 80.382361
5.131108 9.271204 1.430887 0.417309
2.160371 4.646997 -2.168668 -4.206837
4.646997 10.506901 -4.563564 -3.330613
-2.168668 -4.563564 1.567409 3.141392
-4.206837 -3.330613 3.141392 13.798603
8.428419 7.361259 1.899182 -0.555890
1.825338 2.331628 -0.780509 0.350258
2.331628 2.639878 -0.188367 1.641646
-0.780509 -0.188367 1.594797 2.740155
0.350258 1.641646 2.740155 4.361690
7.991122 4.319141 2.378647 -1.085940
0.389442 0.404137 0.667750 0.732652
0.404137 0.168487 0.744656 0.775474
0.667750 0.744656 1.473313 1.559346
0.732652 0.775474 1.559346 1.131511
10.215679 3.308699 0.600843 -0.902229
0.339015 0.158400 0.596833 0.457974
0.158400 -0.019011 0.500347 0.331493
0.596833 0.500347 1.337840 0.785848
0.457974 0.331493 0.785848 0.254050
8.863402 -0.688090 -1.643420 0.722783
0.316457 0.150433 0.651222 0.305046
0.150433 0.101851 0.468639 0.127900
0.651222 0.468639 1.067890 0.347508
0.305046 0.127900 0.347508 0.043659
11.401403 0.796184 2.078583 1.489389
-0.017318 -0.056318 0.438729 0.215777
-0.056318 -0.025605 0.222024 0.054876
0.438729 0.222024 0.549583 0.134949
0.215777 0.054876 0.134949 -0.019458
13.408199 1.475600 2.849137 1.241754
-0.301421 -0.159900 0.635472 0.266264
-0.159900 -0.059712 0.252679 0.070656
0.635472 0.252679 0.318679 0.008095
0.266264 0.070656 0.008095 -0.058779
15.175751 1.836801 2.806407 0.944055
-0.922636 -0.340177 1.058826 0.392400
-0.340177 -0.106559 0.347769 0.104222
1.058826 0.347769 -0.019423 -0.126657
0.392400 0.104222 -0.126657 -0.093050
32.028642 6.476245 -7.520371 -2.942047
-10.480915 -3.067274 7.642456 2.676858
-3.067274 -0.880316 2.209044 0.755783
7.642456 2.209044 -4.624784 -1.739717
2.676858 0.755783 -1.739717 -0.644769
21.465936 2.972212 0.900328 0.042005
0.409530 0.093761 0.101042 -0.012962
0.093761 0.038603 0.010831 -0.021812
0.101042 0.010831 0.499950 0.087801
-0.012962 -0.021812 0.087801 0.013938
20.046284 2.219171 3.268000 0.681006
0.333003 0.073216 0.086743 -0.011036
0.073216 0.034037 0.003617 -0.017932
0.086743 0.003617 0.442767 0.070597
-0.011036 -0.017932 0.070597 0.013482
19.898187 1.876091 4.831903 0.981262
0.329302 0.072615 0.061265 -0.016037
0.072615 0.034688 -0.004686 -0.016329
0.061265 -0.004686 0.414742 0.063163
-0.016037 -0.016329 0.063163 0.015639
19.478533 1.452206 7.683357 1.456755
0.316794 0.070299 0.036140 -0.018646
0.070299 0.034781 -0.009763 -0.014237
0.036140 -0.009763 0.369009 0.055249
-0.018646 -0.014237 0.055249 0.017541
18.787951 1.116885 8.698773 1.603632
0.301369 0.068374 -0.000752 -0.021884
0.068374 0.035177 -0.018082 -0.012938
-0.000752 -0.018082 0.365114 0.056726
-0.021884 -0.012938 0.056726 0.020935
18.199800 0.826353 10.169627 1.782753
0.300129 0.069388 -0.026079 -0.023566
0.069388 0.036008 -0.021929 -0.011371
-0.026079 -0.021929 0.358087 0.057721
-0.023566 -0.011371 0.057721 0.023947
18.408506 0.752377 11.787928 1.911275
0.320755 0.075135 -0.046469 -0.025201
0.075135 0.037782 -0.023996 -0.010042
-0.046469 -0.023996 0.357287 0.060187
-0.025201 -0.010042 0.060187 0.026988
18.565535 0.690393 13.151952 1.989848
0.348972 0.081878 -0.061000 -0.025607
0.081878 0.039574 -0.024434 -0.008680
-0.061000 -0.024434 0.365264 0.064353
-0.025607 -0.008680 0.064353 0.030000
18.821368 0.661044 14.600062 2.073270
0.366115 0.085145 -0.059704 -0.022457
0.085145 0.040343 -0.020840 -0.006695
-0.059704 -0.020840 0.365854 0.066944
-0.022457 -0.006695 0.066944 0.032330
18.716361 0.553807 16.285419 2.204260
0.391722 0.090236 -0.056298 -0.019248
0.090236 0.041527 -0.017239 -0.005033
-0.056298 -0.017239 0.370344 0.070497
-0.019248 -0.005033 0.070497 0.034592
18.814362 0.512250 17.556533 2.239824
0.410312 0.093452 -0.060124 -0.017537
0.093452 0.042239 -0.015801 -0.003994
-0.060124 -0.015801 0.379888 0.075131
-0.017537 -0.003994 0.075131 0.036812
18.466812 0.375744 19.803675 2.472812
0.420344 0.094562 -0.034254 -0.010016
0.094562 0.042451 -0.007946 -0.001841
-0.034254 -0.007946 0.372841 0.075855
-0.010016 -0.001841 0.075855 0.037904
18.391321 0.316888 20.929419 2.450569
0.431787 0.096106 -0.025427 -0.006794
0.096106 0.042797 -0.004946 -0.000950
-0.025427 -0.004946 0.380541 0.079672
-0.006794 -0.000950 0.079672 0.039463
18.557218 0.318978 22.291871 2.479897
0.447789 0.098693 -0.015111 -0.003668
0.098693 0.043385 -0.002040 -0.000207
-0.015111 -0.002040 0.396661 0.084846
-0.003668 -0.000207 0.084846 0.041079
18.559648 0.287007 24.164696 2.616981
0.447168 0.097551 -0.006130 -0.001222
0.097551 0.043137 0.000117 0.000277
-0.006130 0.000117 0.400486 0.086769
-0.001222 0.000277 0.086769 0.041775
18.815448 0.312422 25.796493 2.687744
0.435214 0.094239 -0.003585 -0.000500
0.094239 0.042480 0.000581 0.000331
-0.003585 0.000581 0.400436 0.087551
-0.000500 0.000331 0.087551 0.042106
19.612939 0.451627 27.372922 2.739457
0.443039 0.095694 0.001020 0.000575
0.095694 0.042939 0.001492 0.000478
0.001020 0.001492 0.424617 0.093495
0.000575 0.000478 0.093495 0.043505
20.378149 0.565953 27.978167 2.571561
0.440006 0.094744 -0.001458 -0.000052
0.094744 0.042839 0.000705 0.000238
-0.001458 0.000705 0.427177 0.094000
-0.000052 0.000238 0.094000 0.043554
21.416780 0.728106 29.069166 2.529171
0.444675 0.095640 -0.003841 -0.000597
0.095640 0.043154 0.000055 0.000057
-0.003841 0.000055 0.444833 0.097762
-0.000597 0.000057 0.097762 0.044319
22.784789 0.943451 30.149894 2.489559
0.415803 0.089275 -0.026383 -0.005523
0.089275 0.041875 -0.004897 -0.001049
-0.026383 -0.004897 0.442971 0.096857
-0.005523 -0.001049 0.096857 0.043999
23.105416 0.910565 31.312038 2.471284
0.423285 0.091428 -0.031185 -0.006063
0.091428 0.042543 -0.005515 -0.001104
-0.031185 -0.005515 0.461679 0.100584
-0.006063 -0.001104 0.100584 0.044743
23.448613 0.884131 31.946000 2.340640
0.422383 0.091566 -0.023524 -0.003927
0.091566 0.042696 -0.003472 -0.000604
-0.023524 -0.003472 0.464702 0.100597
-0.003927 -0.000604 0.100597 0.044637
23.977195 0.904066 33.408515 2.403850
0.418304 0.090949 -0.023501 -0.003734
0.090949 0.042645 -0.003276 -0.000571
-0.023501 -0.003276 0.485826 0.104567
-0.003734 -0.000571 0.104567 0.045417
24.768080 0.977965 34.585242 2.399627
0.416683 0.090876 -0.030061 -0.004996
0.090876 0.042696 -0.004592 -0.000868
-0.030061 -0.004592 0.501654 0.107047
-0.004996 -0.000868 0.107047 0.045826
25.773063 1.089298 35.385698 2.317085
0.404908 0.088541 -0.038444 -0.006581
0.088541 0.042228 -0.006256 -0.001224
-0.038444 -0.006256 0.506019 0.106952
-0.006581 -0.001224 0.106952 0.045687
26.475349 1.123293 36.395462 2.286549
0.395818 0.087023 -0.036267 -0.005817
0.087023 0.041974 -0.005453 -0.001036
-0.036267 -0.005453 0.514112 0.107832
-0.005817 -0.001036 0.107832 0.045817
27.085398 1.134229 37.576976 2.294766
0.395563 0.087548 -0.030741 -0.004442
0.087548 0.042170 -0.004011 -0.000735
-0.030741 -0.004011 0.526383 0.109640
-0.004442 -0.000735 0.109640 0.046165
27.276416 1.048866 38.428728 2.231685
0.382961 0.085159 -0.029722 -0.004241
0.085159 0.041665 -0.003801 -0.000739
-0.029722 -0.003801 0.529289 0.109427
-0.004241 -0.000739 0.109427 0.046086
27.824353 1.053159 39.359431 2.193704
0.385972 0.086423 -0.027156 -0.003677
0.086423 0.042001 -0.003267 -0.000656
-0.027156 -0.003267 0.534287 0.109808
-0.003677 -0.000656 0.109808 0.046170
28.433290 1.071420 40.400412 2.182659
0.384612 0.086474 -0.025778 -0.003448
0.086474 0.042005 -0.003049 -0.000650
-0.025778 -0.003049 0.541528 0.110724
-0.003448 -0.000650 0.110724 0.046379
29.012033 1.077995 40.842784 2.050675
0.387932 0.087507 -0.023448 -0.003028
0.087507 0.042215 -0.002726 -0.000614
-0.023448 -0.002726 0.530416 0.107928
-0.003028 -0.000614 0.107928 0.045835
29.504742 1.067332 41.824952 2.041703
0.397345 0.089740 -0.023206 -0.003044
0.089740 0.042666 -0.002817 -0.000654
-0.023206 -0.002817 0.534852 0.108652
-0.003044 -0.000654 0.108652 0.046070
30.687160 1.211819 42.391554 1.952061
0.377032 0.085075 -0.004599 0.000555
0.085075 0.041534 0.001185 0.000117
-0.004599 0.001185 0.522018 0.105941
0.000555 0.000117 0.105941 0.045606
31.253931 1.201700 42.981835 1.873562
0.394795 0.089393 -0.006421 -0.000165
0.089393 0.042522 0.000215 -0.000143
-0.006421 0.000215 0.513130 0.104251
-0.000165 -0.000143 0.104251 0.045372
32.505672 1.347775 43.515889 1.792909
0.380438 0.086020 0.017056 0.004300
0.086020 0.041685 0.005108 0.000812
0.017056 0.005108 0.493956 0.100691
0.004300 0.000812 0.100691 0.044779
33.090638 1.327146 43.861546 1.679923
0.392427 0.088887 0.016214 0.003492
0.088887 0.042330 0.004098 0.000514
0.016214 0.004098 0.477458 0.097916
0.003492 0.000514 0.097916 0.044362
34.048432 1.393883 44.064237 1.547890
0.371704 0.084026 0.043153 0.008610
0.084026 0.041161 0.009607 0.001623
0.043153 0.009607 0.443586 0.091695
0.008610 0.001623 0.091695 0.043226
34.671773 1.376884 44.933716 1.568206
0.383777 0.087099 0.042388 0.007553
0.087099 0.041904 0.008382 0.001261
0.042388 0.008382 0.440787 0.092398
0.007553 0.001261 0.092398 0.043580
35.162218 1.332243 45.636285 1.551942
0.420793 0.095578 0.020344 0.002066
0.095578 0.043814 0.002571 -0.000034
0.020344 0.002571 0.446064 0.094683
0.002066 -0.000034 0.094683 0.044202
35.289065 1.209383 46.720961 1.620853
0.443187 0.099796 0.000548 -0.002233
0.099796 0.044570 -0.001965 -0.000901
0.000548 -0.001965 0.452637 0.096845
-0.002233 -0.000901 0.096845 0.044691
