0.859379 1.305853 1.334032 -0.358423
2.210748 0.884318 -0.296441 -0.118579
0.884318 80.357802 -0.118579 -0.047433
-0.296441 -0.118579 4.074380 1.629787
-0.118579 -0.047433 1.629787 80.655996
4.087913 5.908696 2.834989 2.428610
2.770536 4.863857 -1.872629 -2.972396
4.863857 16.155614 -3.256538 -5.959163
-1.872629 -3.256538 2.571232 4.127120
-2.972396 -5.959163 4.127120 19.215358
5.611463 4.278682 4.477750 2.676094
2.632913 3.002814 -0.760739 -0.418878
3.002814 5.153430 -0.606981 -0.740557
-0.760739 -0.606981 2.401262 2.998836
-0.418878 -0.740557 2.998836 6.284439
4.996819 1.989250 4.049873 0.886129
2.282272 1.833365 -0.683139 -0.441532
1.833365 2.129596 -0.477159 -0.572975
-0.683139 -0.477159 2.609162 2.288504
-0.441532 -0.572975 2.288504 2.859686
6.439023 2.260620 3.298519 0.099573
1.709621 1.066996 -0.384782 -0.208805
1.066996 0.991881 -0.225073 -0.264750
-0.384782 -0.225073 2.155273 1.431347
-0.208805 -0.264750 1.431347 1.348179
7.328272 2.134870 3.745774 0.311922
1.603044 0.828854 -0.336117 -0.171212
0.828854 0.616600 -0.179055 -0.173189
-0.336117 -0.179055 1.716314 0.921160
-0.171212 -0.173189 0.921160 0.716526
9.280441 2.512726 5.156727 0.879862
1.229508 0.540812 -0.220829 -0.103121
0.540812 0.358339 -0.107858 -0.100151
-0.220829 -0.107858 1.381014 0.627718
-0.103121 -0.100151 0.627718 0.424620
10.019639 2.306726 6.213233 1.128178
1.175109 0.455609 -0.224597 -0.097823
0.455609 0.260277 -0.099993 -0.075195
-0.224597 -0.099993 1.261330 0.501757
-0.097823 -0.075195 0.501757 0.294596
10.384492 2.034711 6.856890 1.163099
0.924982 0.320595 -0.232031 -0.089832
0.320595 0.173178 -0.092456 -0.056966
-0.232031 -0.092456 1.170474 0.414439
-0.089832 -0.056966 0.414439 0.216092
10.840068 1.855888 7.680007 1.244689
0.751852 0.238619 -0.245295 -0.084414
0.238619 0.124475 -0.086769 -0.044646
-0.245295 -0.086769 1.064624 0.340348
-0.084414 -0.044646 0.340348 0.162537
11.546783 1.785258 9.249672 1.521698
0.746876 0.220468 -0.198246 -0.062965
0.220468 0.105235 -0.063856 -0.030912
-0.198246 -0.063856 0.942843 0.275543
-0.062965 -0.030912 0.275543 0.124391
12.330711 1.753445 10.469792 1.646314
0.698336 0.192725 -0.190266 -0.055367
0.192725 0.087707 -0.055875 -0.024117
-0.190266 -0.055875 0.849017 0.230306
-0.055367 -0.024117 0.230306 0.099917
12.619634 1.600224 11.530664 1.708904
0.693566 0.180521 -0.161514 -0.043637
0.180521 0.077767 -0.043742 -0.017757
-0.161514 -0.043742 0.791046 0.201510
-0.043637 -0.017757 0.201510 0.084509
13.873434 1.712244 12.239910 1.672893
0.659875 0.162862 -0.137139 -0.034518
0.162862 0.068498 -0.034501 -0.013260
-0.137139 -0.034501 0.750043 0.181177
-0.034518 -0.013260 0.181177 0.074074
14.133841 1.571624 13.241321 1.711510
0.603362 0.142426 -0.163763 -0.038347
0.142426 0.060292 -0.038539 -0.012611
-0.163763 -0.038539 0.670508 0.154909
-0.038347 -0.012611 0.154909 0.064172
15.024312 1.597361 14.776614 1.863937
0.581528 0.132849 -0.130166 -0.028127
0.132849 0.055951 -0.028198 -0.008955
-0.130166 -0.028198 0.620730 0.138834
-0.028127 -0.008955 0.138834 0.058132
16.100812 1.658387 15.462626 1.811024
0.550865 0.122551 -0.110849 -0.022340
0.122551 0.052168 -0.022343 -0.006831
-0.110849 -0.022343 0.587104 0.128259
-0.022340 -0.006831 0.128259 0.054208
16.395435 1.546362 17.356835 2.021625
0.555775 0.121401 -0.085426 -0.015723
0.121401 0.050975 -0.015802 -0.004822
-0.085426 -0.015802 0.559303 0.120189
-0.015723 -0.004822 0.120189 0.051402
17.391108 1.593279 18.185552 1.983995
0.553640 0.118774 -0.087676 -0.015728
0.118774 0.049663 -0.015795 -0.004464
-0.087676 -0.015795 0.557194 0.118318
-0.015728 -0.004464 0.118318 0.050270
17.729855 1.494328 18.891677 1.920906
0.549747 0.116308 -0.068147 -0.011088
0.116308 0.048644 -0.011157 -0.003185
-0.068147 -0.011157 0.546555 0.114960
-0.011088 -0.003185 0.114960 0.049033
18.368038 1.470704 19.725079 1.893639
0.544938 0.113923 -0.065260 -0.010385
0.113923 0.047793 -0.010455 -0.002873
-0.065260 -0.010455 0.538989 0.112498
-0.010385 -0.002873 0.112498 0.048135
18.950039 1.440209 20.901875 1.940602
0.537450 0.111462 -0.042987 -0.005678
0.111462 0.047091 -0.005761 -0.001764
-0.042987 -0.005761 0.528257 0.109760
-0.005678 -0.001764 0.109760 0.047329
19.166714 1.340189 22.603273 2.089551
0.522702 0.107793 -0.027552 -0.002840
0.107793 0.046233 -0.002945 -0.001153
-0.027552 -0.002945 0.509074 0.105493
-0.002840 -0.001153 0.105493 0.046294
19.992544 1.371557 23.491612 2.057803
0.529334 0.108968 -0.007291 0.000927
0.108968 0.046476 0.000822 -0.000359
-0.007291 0.000822 0.518671 0.107608
0.000927 -0.000359 0.107608 0.046689
19.965935 1.224660 24.299097 2.009646
0.512716 0.105215 -0.005030 0.000610
0.105215 0.045680 0.000525 -0.000474
-0.005030 0.000525 0.502470 0.104059
0.000610 -0.000474 0.104059 0.045860
20.297410 1.167679 25.650510 2.080934
0.509266 0.104585 0.007251 0.002573
0.104585 0.045608 0.002494 -0.000069
0.007251 0.002494 0.506036 0.104959
0.002573 -0.000069 0.104959 0.046036
20.948436 1.181186 26.269471 1.993551
0.491053 0.100957 0.000892 0.000588
0.100957 0.044916 0.000541 -0.000489
0.000892 0.000541 0.492941 0.102257
0.000588 -0.000489 0.102257 0.045440
21.563934 1.186340 27.575532 2.057873
0.470556 0.097178 0.005251 0.001143
0.097178 0.044239 0.001101 -0.000325
0.005251 0.001101 0.490075 0.101917
0.001143 -0.000325 0.101917 0.045385
22.099299 1.174412 28.435986 2.022783
0.470346 0.097885 0.013285 0.002501
0.097885 0.044522 0.002459 0.000005
0.013285 0.002459 0.498823 0.103980
0.002501 0.000005 0.103980 0.045823
22.309407 1.094839 29.887149 2.114988
0.445764 0.093335 0.012563 0.002017
0.093335 0.043646 0.001956 -0.000062
0.012563 0.001956 0.493557 0.102892
0.002017 -0.000062 0.102892 0.045559
22.587202 1.038630 30.507297 2.024222
0.458479 0.096951 0.017737 0.002829
0.096951 0.044528 0.002788 0.000155
0.017737 0.002788 0.509977 0.106404
0.002829 0.000155 0.106404 0.046275
23.019722 1.021469 30.983518 1.912848
0.450310 0.095649 0.028052 0.004745
0.095649 0.044249 0.004742 0.000606
0.028052 0.004742 0.507936 0.105696
0.004745 0.000606 0.105696 0.046045
23.716071 1.061529 31.816685 1.886619
0.448027 0.095657 0.028037 0.004381
0.095657 0.044258 0.004327 0.000532
0.028037 0.004327 0.521600 0.108368
0.004381 0.000532 0.108368 0.046556
24.447204 1.106047 32.353305 1.801604
0.448968 0.096284 0.021263 0.002714
0.096284 0.044382 0.002610 0.000207
0.021263 0.002610 0.525363 0.108768
0.002714 0.000207 0.108768 0.046564
25.168475 1.141817 33.369715 1.824824
0.430224 0.092574 0.002869 -0.001055
0.092574 0.043554 -0.001395 -0.000537
0.002869 -0.001395 0.531656 0.109738
-0.001055 -0.000537 0.109738 0.046715
26.210122 1.241557 34.987944 1.968492
0.414215 0.089678 -0.007293 -0.002767
0.089678 0.042948 -0.003250 -0.000784
-0.007293 -0.003250 0.548695 0.112828
-0.002767 -0.000784 0.112828 0.047296
27.191952 1.320480 35.901250 1.953283
0.400289 0.087382 -0.020397 -0.004956
0.087382 0.042493 -0.005569 -0.001129
-0.020397 -0.005569 0.557912 0.114067
-0.004956 -0.001129 0.114067 0.047464
27.548571 1.253590 36.884014 1.954679
0.412730 0.090934 -0.019353 -0.004139
0.090934 0.043318 -0.004616 -0.000811
-0.019353 -0.004616 0.575994 0.117047
-0.004139 -0.000811 0.117047 0.047992
27.833646 1.177768 37.173452 1.815725
0.412975 0.091302 -0.030227 -0.005870
0.091302 0.043334 -0.006462 -0.001114
-0.030227 -0.006462 0.578911 0.116763
-0.005870 -0.001114 0.116763 0.047842
28.250843 1.138632 37.393508 1.677477
0.428255 0.094874 -0.035890 -0.006427
0.094874 0.044046 -0.007014 -0.001148
-0.035890 -0.007014 0.600752 0.120416
-0.006427 -0.001148 0.120416 0.048526
29.428377 1.273800 38.469023 1.726360
0.432399 0.095575 -0.032161 -0.005158
0.095575 0.044057 -0.005546 -0.000806
-0.032161 -0.005546 0.605138 0.120365
-0.005158 -0.000806 0.120365 0.048443
30.335201 1.331636 38.802507 1.622545
0.385142 0.084836 -0.035231 -0.005613
0.084836 0.041555 -0.005827 -0.000902
-0.035231 -0.005827 0.605435 0.119621
-0.005613 -0.000902 0.119621 0.048258
31.627079 1.475032 40.643357 1.827862
0.400499 0.089028 -0.032074 -0.004613
0.089028 0.042591 -0.004664 -0.000660
-0.032074 -0.004664 0.632235 0.124311
-0.004613 -0.000660 0.124311 0.049191
32.180686 1.436586 42.175495 1.947836
0.416958 0.092924 -0.032811 -0.004526
0.092924 0.043430 -0.004611 -0.000669
-0.032811 -0.004611 0.644542 0.125803
-0.004526 -0.000669 0.125803 0.049434
33.073703 1.479729 44.120348 2.137034
0.441864 0.098286 -0.025026 -0.002800
0.098286 0.044520 -0.002755 -0.000326
-0.025026 -0.002755 0.646159 0.125255
-0.002800 -0.000326 0.125255 0.049299
33.227229 1.348817 44.863783 2.071753
0.462248 0.102087 -0.014111 -0.000698
0.102087 0.045175 -0.000512 0.000052
-0.014111 -0.000512 0.629838 0.121444
-0.000698 0.000052 0.121444 0.048578
34.161265 1.405625 45.907661 2.074266
0.490148 0.107212 0.005483 0.002892
0.107212 0.046096 0.003323 0.000715
0.005483 0.003323 0.594384 0.114438
0.002892 0.000715 0.114438 0.047326
33.871899 1.188472 45.718553 1.834793
0.503558 0.108685 0.006647 0.002569
0.108685 0.046168 0.002805 0.000487
0.006647 0.002805 0.552971 0.106865
0.002569 0.000487 0.106865 0.046047
35.132002 1.331305 47.253946 1.956454
0.532208 0.113428 0.016958 0.004135
0.113428 0.046996 0.004434 0.000727
0.016958 0.004434 0.533031 0.104070
0.004135 0.000727 0.104070 0.045766
36.680104 1.517240 49.502308 2.207712
0.562809 0.118218 0.009489 0.002103
0.118218 0.047803 0.002228 0.000212
0.009489 0.002228 0.512205 0.101184
0.002103 0.000212 0.101184 0.045427
