-1.226904 0.471322 2.620905 0.156338
2.874242 1.149722 -0.752522 -0.301015
1.149722 80.463965 -0.301015 -0.120409
-0.752522 -0.301015 4.341729 1.736729
-0.301015 -0.120409 1.736729 80.698773
2.626436 6.776897 4.356522 3.023903
1.992006 3.334367 -1.498327 -2.291762
3.334367 15.031772 -2.363917 -5.508426
-1.498327 -2.363917 3.650333 5.774930
-2.291762 -5.508426 5.774930 22.295099
6.406248 7.047526 3.487692 0.288458
2.407556 2.908513 -1.020200 -0.918394
2.908513 5.510324 -0.993113 -1.592053
-1.020200 -0.993113 3.054790 3.451163
-0.918394 -1.592053 3.451163 7.037276
7.878234 5.263220 2.739827 -0.574358
1.377879 1.177617 -0.097891 -0.017966
1.177617 1.723241 -0.017158 -0.287999
-0.097891 -0.017158 2.252644 1.926094
-0.017966 -0.287999 1.926094 2.799344
8.954870 4.207232 1.616440 -1.126388
1.361186 0.929447 -0.012432 -0.024069
0.929447 0.968715 -0.020998 -0.179755
-0.012432 -0.020998 1.840041 1.254068
-0.024069 -0.179755 1.254068 1.390120
8.565929 2.758729 4.048329 0.636451
0.632257 0.343999 0.456604 0.241287
0.343999 0.369415 0.235042 0.045090
0.456604 0.235042 1.024884 0.567700
0.241287 0.045090 0.567700 0.602885
9.038721 2.242554 4.690422 0.915503
0.489362 0.249085 0.233496 0.071888
0.249085 0.236379 0.055467 -0.033284
0.233496 0.055467 0.987446 0.511707
0.071888 -0.033284 0.511707 0.434128
10.121059 2.175021 5.921786 1.284790
0.595423 0.282488 0.096291 -0.015089
0.282488 0.203167 -0.016538 -0.050678
0.096291 -0.016538 1.004739 0.464678
-0.015089 -0.050678 0.464678 0.320978
10.721945 1.967254 6.660128 1.359511
0.621355 0.261465 -0.038072 -0.061015
0.261465 0.157306 -0.062036 -0.049818
-0.038072 -0.062036 1.018057 0.417467
-0.061015 -0.049818 0.417467 0.242375
12.524535 2.255740 7.714759 1.452598
0.666990 0.247234 -0.095136 -0.067164
0.247234 0.127169 -0.065574 -0.037502
-0.095136 -0.065574 1.001778 0.362413
-0.067164 -0.037502 0.362413 0.183070
13.740386 2.259321 9.678899 1.844203
0.663566 0.218536 -0.106833 -0.056101
0.218536 0.101038 -0.053135 -0.024453
-0.106833 -0.053135 0.902247 0.291117
-0.056101 -0.024453 0.291117 0.134783
14.028049 2.009893 10.656675 1.878640
0.646203 0.192898 -0.156495 -0.059436
0.192898 0.083070 -0.057318 -0.020439
-0.156495 -0.057318 0.858206 0.252384
-0.059436 -0.020439 0.252384 0.108438
14.275415 1.799447 12.221102 2.055632
0.619407 0.169704 -0.160212 -0.050641
0.169704 0.069982 -0.048823 -0.014602
-0.160212 -0.048823 0.774641 0.209665
-0.050641 -0.014602 0.209665 0.086878
14.844999 1.716909 12.330932 1.826363
0.596924 0.152375 -0.184779 -0.049599
0.152375 0.061323 -0.048337 -0.012364
-0.184779 -0.048337 0.744028 0.188175
-0.049599 -0.012364 0.188175 0.075182
15.024454 1.554977 14.018699 2.010683
0.602419 0.145212 -0.152096 -0.035707
0.145212 0.056932 -0.034775 -0.007688
-0.152096 -0.034775 0.693272 0.165442
-0.035707 -0.007688 0.165442 0.065495
14.885178 1.347471 15.746315 2.171462
0.568650 0.130631 -0.117610 -0.024109
0.130631 0.051790 -0.023644 -0.004480
-0.117610 -0.023644 0.605040 0.137893
-0.024109 -0.004480 0.137893 0.056485
15.774581 1.390787 16.220971 2.037184
0.545537 0.120935 -0.089164 -0.015722
0.120935 0.048658 -0.015366 -0.002418
-0.089164 -0.015366 0.578465 0.127978
-0.015722 -0.002418 0.127978 0.052801
16.397269 1.377796 17.559448 2.106094
0.523303 0.112862 -0.086520 -0.014214
0.112862 0.046373 -0.014095 -0.002175
-0.086520 -0.014095 0.536834 0.115957
-0.014214 -0.002175 0.115957 0.049200
17.231603 1.405825 18.301376 2.040772
0.522080 0.110672 -0.072856 -0.010463
0.110672 0.045739 -0.010389 -0.001410
-0.072856 -0.010389 0.535017 0.114086
-0.010463 -0.001410 0.114086 0.048299
17.772982 1.374333 19.575350 2.092917
0.517733 0.108380 -0.055155 -0.006421
0.108380 0.045228 -0.006485 -0.000701
-0.055155 -0.006485 0.520870 0.109926
-0.006421 -0.000701 0.109926 0.047077
18.364690 1.355211 20.702459 2.108957
0.505510 0.104853 -0.044239 -0.004372
0.104853 0.044546 -0.004501 -0.000478
-0.044239 -0.004501 0.502313 0.105281
-0.004372 -0.000478 0.105281 0.045906
18.484237 1.233717 21.073363 1.960545
0.488803 0.100807 -0.048952 -0.005847
0.100807 0.043826 -0.006006 -0.000992
-0.048952 -0.006006 0.477140 0.099628
-0.005847 -0.000992 0.099628 0.044634
18.856544 1.184028 22.166731 1.982185
0.482466 0.099559 -0.039805 -0.004157
0.099559 0.043790 -0.004334 -0.000750
-0.039805 -0.004334 0.468015 0.098034
-0.004157 -0.000750 0.098034 0.044364
19.751251 1.246103 23.068251 1.965739
0.484691 0.100350 -0.020202 -0.000341
0.100350 0.044187 -0.000521 -0.000047
-0.020202 -0.000521 0.474611 0.099946
-0.000341 -0.000047 0.099946 0.044858
21.111565 1.400668 24.289379 2.020980
0.465545 0.096570 -0.011041 0.000786
0.096570 0.043564 0.000671 0.000028
-0.011041 0.000671 0.464182 0.097930
0.000786 0.000028 0.097930 0.044441
21.363220 1.305777 25.043290 1.964323
0.463071 0.096575 -0.010312 0.000225
0.096575 0.043756 0.000133 -0.000209
-0.010312 0.000133 0.462382 0.097844
0.000225 -0.000209 0.097844 0.044450
21.567104 1.211626 26.027369 1.962935
0.467780 0.098093 -0.000743 0.001712
0.098093 0.044231 0.001626 0.000044
-0.000743 0.001626 0.470604 0.099887
0.001712 0.000044 0.099887 0.044908
22.981398 1.381713 27.012139 1.965786
0.459484 0.096645 -0.006480 -0.000154
0.096645 0.044006 -0.000191 -0.000412
-0.006480 -0.000191 0.470153 0.099797
-0.000154 -0.000412 0.099797 0.044851
23.386204 1.321021 27.850302 1.934514
0.468234 0.098918 -0.005190 -0.000216
0.098918 0.044574 -0.000243 -0.000419
-0.005190 -0.000243 0.482166 0.102367
-0.000216 -0.000419 0.102367 0.045370
23.274064 1.158495 29.629276 2.105461
0.440622 0.093250 0.007832 0.002226
0.093250 0.043397 0.002239 0.000113
0.007832 0.002239 0.484070 0.102548
0.002226 0.000113 0.102548 0.045342
23.808456 1.148977 30.857767 2.142596
0.437236 0.093198 0.007013 0.001602
0.093198 0.043494 0.001614 -0.000037
0.007013 0.001614 0.493325 0.104267
0.001602 -0.000037 0.104267 0.045649
24.151876 1.099380 32.007607 2.159235
0.428536 0.091918 0.004997 0.000870
0.091918 0.043287 0.000865 -0.000181
0.004997 0.000865 0.499540 0.105202
0.000870 -0.000181 0.105202 0.045776
24.492707 1.054266 33.102643 2.162643
0.430445 0.092955 -0.003631 -0.001119
0.092955 0.043569 -0.001184 -0.000573
-0.003631 -0.001184 0.511172 0.107232
-0.001119 -0.000573 0.107232 0.046140
25.171312 1.087037 34.319293 2.190778
0.437367 0.094881 -0.015097 -0.003459
0.094881 0.043991 -0.003611 -0.001005
-0.015097 -0.003611 0.527414 0.110076
-0.003459 -0.001005 0.110076 0.046660
26.283616 1.210629 34.978699 2.100350
0.424627 0.092263 -0.019069 -0.003990
0.092263 0.043372 -0.004152 -0.001011
-0.019069 -0.004152 0.521125 0.108029
-0.003990 -0.001011 0.108029 0.046140
26.547940 1.136018 35.706957 2.033670
0.403686 0.088045 -0.026361 -0.005187
0.088045 0.042448 -0.005390 -0.001179
-0.026361 -0.005390 0.519030 0.107143
-0.005187 -0.001179 0.107143 0.045936
27.238067 1.162521 36.507336 1.989286
0.423029 0.092990 -0.028536 -0.005202
0.092990 0.043593 -0.005410 -0.001090
-0.028536 -0.005410 0.527805 0.108657
-0.005202 -0.001090 0.108657 0.046261
27.470080 1.085993 37.658542 2.020595
0.426244 0.093780 -0.032729 -0.005703
0.093780 0.043693 -0.005903 -0.001132
-0.032729 -0.005903 0.543431 0.111482
-0.005703 -0.001132 0.111482 0.046836
28.390644 1.168821 38.570718 2.001729
0.444149 0.097702 -0.029610 -0.004661
0.097702 0.044476 -0.004811 -0.000854
-0.029610 -0.004811 0.548484 0.111959
-0.004661 -0.000854 0.111959 0.046899
29.104402 1.196428 39.356591 1.958461
0.404587 0.088584 -0.030696 -0.004824
0.088584 0.042330 -0.004818 -0.000882
-0.030696 -0.004818 0.549781 0.111698
-0.004824 -0.000882 0.111698 0.046824
29.794377 1.216619 40.326333 1.956898
0.407067 0.089625 -0.027656 -0.004008
0.089625 0.042623 -0.003946 -0.000700
-0.027656 -0.003946 0.553078 0.111968
-0.004008 -0.000700 0.111968 0.046886
30.298233 1.192764 41.119314 1.919008
0.415994 0.091891 -0.030918 -0.004552
0.091891 0.043133 -0.004604 -0.000845
-0.030918 -0.004604 0.552482 0.111475
-0.004552 -0.000845 0.111475 0.046797
30.745880 1.160451 42.219580 1.946745
0.405426 0.089597 -0.026442 -0.003594
0.089597 0.042583 -0.003486 -0.000642
-0.026442 -0.003486 0.556082 0.111977
-0.003594 -0.000642 0.111977 0.046936
31.392418 1.174042 42.928510 1.893834
0.405404 0.089856 -0.017950 -0.001890
0.089856 0.042649 -0.001689 -0.000311
-0.017950 -0.001689 0.541699 0.108885
-0.001890 -0.000311 0.108885 0.046351
31.634410 1.095089 43.282923 1.773231
0.415937 0.092340 -0.020848 -0.002600
0.092340 0.043182 -0.002615 -0.000543
-0.020848 -0.002615 0.522417 0.105089
-0.002600 -0.000543 0.105089 0.045667
32.278137 1.116935 44.306836 1.801341
0.444607 0.098566 -0.023321 -0.003090
0.098566 0.044494 -0.003257 -0.000679
-0.023321 -0.003257 0.522007 0.105452
-0.003090 -0.000679 0.105452 0.045871
33.775266 1.319201 43.958696 1.551291
0.358502 0.079146 0.055485 0.012539
0.079146 0.040105 0.013790 0.002696
0.055485 0.013790 0.441326 0.089750
0.012539 0.002696 0.089750 0.042834
34.629724 1.362954 44.670240 1.537776
0.396042 0.088794 0.043173 0.008519
0.088794 0.042495 0.009346 0.001507
0.043173 0.009346 0.444567 0.092189
0.008519 0.001507 0.092189 0.043643
35.054464 1.304600 45.648892 1.582884
0.414450 0.093056 0.031157 0.005073
0.093056 0.043410 0.005619 0.000629
0.031157 0.005619 0.447246 0.094097
0.005073 0.000629 0.094097 0.044200
35.679128 1.300635 45.900294 1.468112
0.415104 0.092764 0.044951 0.007634
0.092764 0.043195 0.008432 0.001269
0.044951 0.008432 0.396692 0.084192
0.007634 0.001269 0.084192 0.042115
