3.308968 2.285710 -1.384576 -1.445890
2.448811 0.979546 -0.760421 -0.304175
0.979546 80.395893 -0.304175 -0.121673
-0.760421 -0.304175 4.939846 1.975981
-0.304175 -0.121673 1.975981 80.794476
2.463386 -0.951630 2.221444 5.215345
3.545120 6.190542 -0.412678 -0.442646
6.190542 19.051223 -0.700916 -2.653180
-0.412678 -0.700916 0.391834 0.589598
-0.442646 -2.653180 0.589598 15.397875
4.129321 1.345468 5.060199 5.780425
1.914899 2.097764 -0.639787 -0.968966
2.097764 4.308746 -0.802819 -1.554066
-0.639787 -0.802819 2.175845 3.741176
-0.968966 -1.554066 3.741176 7.541154
4.909314 1.428355 5.479868 3.391130
1.924259 1.609525 -0.136004 -0.091209
1.609525 2.105871 -0.111171 -0.187916
-0.136004 -0.111171 0.943221 0.910203
-0.091209 -0.187916 0.910203 1.189257
5.957010 1.664401 5.186235 1.998681
1.793276 1.178266 -0.343692 -0.234637
1.178266 1.137617 -0.233902 -0.213165
-0.343692 -0.233902 0.985977 0.689577
-0.234637 -0.213165 0.689577 0.622061
9.131713 2.922235 5.561406 1.660110
1.339841 0.719421 -0.332535 -0.180255
0.719421 0.590239 -0.179548 -0.126440
-0.332535 -0.179548 1.167217 0.638584
-0.180255 -0.126440 0.638584 0.428391
9.900328 2.603542 6.562925 1.736844
0.996792 0.458500 -0.300055 -0.134214
0.458500 0.338650 -0.133246 -0.077391
-0.300055 -0.133246 1.206547 0.538543
-0.134214 -0.077391 0.538543 0.292564
10.546087 2.340768 8.284296 2.059225
0.987386 0.403363 -0.274733 -0.104908
0.403363 0.251483 -0.104049 -0.051491
-0.274733 -0.104049 1.128139 0.425575
-0.104908 -0.051491 0.425575 0.199288
10.922400 2.047625 9.130384 2.000197
0.924568 0.336956 -0.280723 -0.093377
0.336956 0.185799 -0.093780 -0.039404
-0.280723 -0.093780 1.052010 0.345338
-0.093377 -0.039404 0.345338 0.144845
11.500880 1.891102 9.273395 1.750218
0.814023 0.267821 -0.278707 -0.081947
0.267821 0.136823 -0.083196 -0.030447
-0.278707 -0.083196 0.953208 0.278545
-0.081947 -0.030447 0.278545 0.108805
12.098213 1.778157 9.595538 1.603114
0.806009 0.243901 -0.243504 -0.064093
0.243901 0.113576 -0.064005 -0.021375
-0.243504 -0.064005 0.914862 0.242793
-0.064093 -0.021375 0.242793 0.089554
12.653737 1.689316 10.876165 1.719958
0.735538 0.205819 -0.218552 -0.052264
0.205819 0.091606 -0.052305 -0.016058
-0.218552 -0.052305 0.813211 0.198961
-0.052264 -0.016058 0.198961 0.072566
13.085153 1.582456 11.972958 1.773206
0.704816 0.184742 -0.201883 -0.044298
0.184742 0.078704 -0.044439 -0.012609
-0.201883 -0.044439 0.747132 0.171416
-0.044298 -0.012609 0.171416 0.062630
13.486489 1.470100 11.729062 1.523334
0.637668 0.157519 -0.209988 -0.043188
0.157519 0.066751 -0.043984 -0.011434
-0.209988 -0.043984 0.688070 0.150051
-0.043188 -0.011434 0.150051 0.055828
12.955802 1.164292 12.439486 1.503841
0.605192 0.142953 -0.205315 -0.039464
0.142953 0.060026 -0.040469 -0.009809
-0.205315 -0.040469 0.634989 0.133393
-0.039464 -0.009809 0.133393 0.051166
13.001567 1.045431 13.586803 1.581047
0.588950 0.134763 -0.166705 -0.029152
0.134763 0.056071 -0.029607 -0.006900
-0.166705 -0.029607 0.584146 0.119922
-0.029152 -0.006900 0.119922 0.047926
13.981576 1.155630 14.776071 1.668020
0.571731 0.127237 -0.142659 -0.023082
0.127237 0.052890 -0.023195 -0.005274
-0.142659 -0.023195 0.556001 0.112748
-0.023082 -0.005274 0.112748 0.046372
15.182317 1.295633 15.743176 1.702609
0.548140 0.119570 -0.104352 -0.014838
0.119570 0.050254 -0.014343 -0.003345
-0.104352 -0.014343 0.534267 0.107981
-0.014838 -0.003345 0.107981 0.045531
15.858066 1.304560 16.781945 1.741167
0.538700 0.115654 -0.084931 -0.011055
0.115654 0.048761 -0.010548 -0.002582
-0.084931 -0.010548 0.516652 0.104381
-0.011055 -0.002582 0.104381 0.044962
16.748690 1.359992 17.974668 1.809555
0.531933 0.112668 -0.077765 -0.010030
0.112668 0.047673 -0.009614 -0.002442
-0.077765 -0.009614 0.506098 0.102471
-0.010030 -0.002442 0.102471 0.044753
17.681342 1.421473 19.520726 1.943510
0.519537 0.108892 -0.073811 -0.009729
0.108892 0.046589 -0.009438 -0.002455
-0.073811 -0.009438 0.489634 0.099512
-0.009729 -0.002455 0.099512 0.044324
17.715642 1.281351 20.650484 1.969356
0.516959 0.107912 -0.049534 -0.005079
0.107912 0.046300 -0.004845 -0.001509
-0.049534 -0.004845 0.478627 0.098126
-0.005079 -0.001509 0.098126 0.044273
17.823432 1.162911 20.903389 1.812960
0.507340 0.105347 -0.049376 -0.005822
0.105347 0.045674 -0.005677 -0.001760
-0.049376 -0.005677 0.465179 0.096040
-0.005822 -0.001760 0.096040 0.043990
18.092088 1.102166 22.305195 1.914057
0.490355 0.101811 -0.022618 -0.000869
0.101811 0.044978 -0.000795 -0.000773
-0.022618 -0.000795 0.447567 0.093396
-0.000869 -0.000773 0.093396 0.043624
19.058148 1.187131 23.051225 1.872076
0.493481 0.102599 -0.020384 -0.001250
0.102599 0.045200 -0.001132 -0.000904
-0.020384 -0.001132 0.459474 0.096883
-0.001250 -0.000904 0.096883 0.044491
19.798925 1.218734 24.169593 1.911467
0.488918 0.101713 -0.018273 -0.001526
0.101713 0.045051 -0.001394 -0.000983
-0.018273 -0.001394 0.463196 0.098182
-0.001526 -0.000983 0.098182 0.044783
20.129657 1.160912 25.192482 1.924720
0.493408 0.102811 -0.013427 -0.001027
0.102811 0.045327 -0.000918 -0.000861
-0.013427 -0.000918 0.472909 0.100557
-0.001027 -0.000861 0.100557 0.045262
20.798839 1.178499 25.840142 1.858021
0.496905 0.103559 -0.017185 -0.002306
0.103559 0.045494 -0.002188 -0.001103
-0.017185 -0.002188 0.480812 0.102227
-0.002306 -0.001103 0.102227 0.045535
22.347625 1.379411 27.174473 1.946152
0.476453 0.099251 -0.020947 -0.003415
0.099251 0.044594 -0.003260 -0.001275
-0.020947 -0.003260 0.480715 0.102013
-0.003415 -0.001275 0.102013 0.045389
23.282535 1.430900 28.240393 1.966316
0.464037 0.096999 -0.034102 -0.006309
0.096999 0.044192 -0.006123 -0.001797
-0.034102 -0.006123 0.481027 0.101889
-0.006309 -0.001797 0.101889 0.045284
23.726988 1.374409 29.424522 2.008187
0.453912 0.095445 -0.021354 -0.003393
0.095445 0.043963 -0.003222 -0.001055
-0.021354 -0.003222 0.485503 0.102723
-0.003393 -0.001055 0.102723 0.045412
23.913783 1.268244 30.348226 1.990006
0.442429 0.093632 -0.019944 -0.003152
0.093632 0.043662 -0.002984 -0.000953
-0.019944 -0.002984 0.486452 0.102707
-0.003152 -0.000953 0.102707 0.045350
24.459153 1.248666 31.084608 1.935276
0.440794 0.094003 -0.011535 -0.001407
0.094003 0.043823 -0.001241 -0.000538
-0.011535 -0.001241 0.489134 0.103093
-0.001407 -0.000538 0.103093 0.045393
25.012665 1.234143 32.370372 2.002065
0.419460 0.089978 -0.011985 -0.001709
0.089978 0.042990 -0.001528 -0.000594
-0.011985 -0.001528 0.493230 0.103740
-0.001709 -0.000594 0.103740 0.045491
25.624968 1.232740 33.176028 1.961054
0.414155 0.089670 -0.013617 -0.002158
0.089670 0.042996 -0.002010 -0.000672
-0.013617 -0.002010 0.495846 0.104039
-0.002158 -0.000672 0.104039 0.045518
26.242595 1.232843 34.062608 1.941385
0.427072 0.093203 -0.025767 -0.004708
0.093203 0.043797 -0.004692 -0.001194
-0.025767 -0.004692 0.510742 0.106897
-0.004708 -0.001194 0.106897 0.046086
26.955231 1.253685 34.934361 1.920959
0.425828 0.093191 -0.025797 -0.004490
0.093191 0.043727 -0.004459 -0.001070
-0.025797 -0.004459 0.517435 0.107821
-0.004490 -0.001070 0.107821 0.046215
27.243217 1.179944 36.126024 1.968101
0.422497 0.092637 -0.028954 -0.004963
0.092637 0.043533 -0.004924 -0.001114
-0.028954 -0.004924 0.533575 0.110670
-0.004963 -0.001114 0.110670 0.046751
28.068248 1.232189 37.289819 2.005863
0.398749 0.087585 -0.031618 -0.005363
0.087585 0.042362 -0.005272 -0.001152
-0.031618 -0.005272 0.542013 0.111717
-0.005363 -0.001152 0.111717 0.046888
29.442958 1.398861 37.919277 1.931864
0.382784 0.084646 -0.036631 -0.006208
0.084646 0.041742 -0.006171 -0.001305
-0.036631 -0.006171 0.539781 0.110559
-0.006208 -0.001305 0.110559 0.046586
30.136756 1.396488 38.624074 1.878512
0.405783 0.090574 -0.038801 -0.006269
0.090574 0.043123 -0.006362 -0.001277
-0.038801 -0.006362 0.542758 0.110685
-0.006269 -0.001277 0.110685 0.046602
30.703027 1.368051 39.794562 1.924964
0.413147 0.092267 -0.042775 -0.006801
0.092267 0.043397 -0.006917 -0.001357
-0.042775 -0.006917 0.558007 0.113369
-0.006801 -0.001357 0.113369 0.047152
31.582652 1.413170 41.025389 1.980314
0.382112 0.085207 -0.037060 -0.005552
0.085207 0.041702 -0.005298 -0.001045
-0.037060 -0.005298 0.570967 0.115453
-0.005552 -0.001045 0.115453 0.047556
32.567122 1.474572 41.813800 1.941159
0.400308 0.089859 -0.031634 -0.004249
0.089859 0.042787 -0.004073 -0.000786
-0.031634 -0.004073 0.560175 0.112639
-0.004249 -0.000786 0.112639 0.046959
32.996491 1.405119 42.740841 1.930828
0.422920 0.094882 -0.036769 -0.005203
0.094882 0.043821 -0.005329 -0.001050
-0.036769 -0.005329 0.555069 0.111278
-0.005203 -0.001050 0.111278 0.046716
33.556343 1.373742 43.803770 1.949647
0.448146 0.099944 -0.040302 -0.005749
0.099944 0.044775 -0.006092 -0.001192
-0.040302 -0.006092 0.549408 0.110010
-0.005749 -0.001192 0.110010 0.046525
35.208080 1.584091 44.196826 1.838037
0.389583 0.086413 0.040922 0.010296
0.086413 0.041649 0.011541 0.002268
0.040922 0.011541 0.463293 0.093207
0.010296 0.002268 0.093207 0.043322
35.782052 1.535731 45.226234 1.860277
0.419452 0.093434 0.022687 0.005256
0.093434 0.043286 0.005876 0.000856
0.022687 0.005876 0.465495 0.095175
0.005256 0.000856 0.095175 0.044032
36.508287 1.526489 46.268435 1.883497
0.447539 0.099330 0.010880 0.002073
0.099330 0.044513 0.002404 0.000055
0.010880 0.002404 0.454254 0.094049
0.002073 0.000055 0.094049 0.043983
37.234389 1.518181 47.377930 1.918697
0.483275 0.106325 -0.009584 -0.002572
0.106325 0.045885 -0.002477 -0.000954
-0.009584 -0.002477 0.450924 0.094516
-0.002572 -0.000954 0.094516 0.044216
