3.693818 2.439654 5.063827 1.133528
1.710910 0.684379 -0.138960 -0.055585
0.684379 80.277824 -0.055585 -0.022235
-0.138960 -0.055585 3.372693 1.349107
-0.055585 -0.022235 1.349107 80.543721
4.989339 2.591079 6.791154 3.077777
3.225663 5.850190 -1.000271 -1.636405
5.850190 16.701926 -1.779771 -3.308546
-1.000271 -1.779771 3.186452 5.323719
-1.636405 -3.308546 5.323719 19.748660
5.738009 1.919809 5.476603 -0.221560
3.084847 3.301744 -0.978070 -0.943608
3.301744 5.011908 -0.961406 -1.100581
-0.978070 -0.961406 3.318708 3.744922
-0.943608 -1.100581 3.744922 6.769343
6.821034 1.990937 4.226446 -1.156417
1.621626 1.228632 -0.681591 -0.493178
1.228632 1.528668 -0.467424 -0.434424
-0.681591 -0.467424 2.691346 2.191568
-0.493178 -0.434424 2.191568 2.741606
6.492722 1.183972 4.660895 -0.546495
0.893381 0.560317 0.120847 0.109454
0.560317 0.653596 0.106299 0.028005
0.120847 0.106299 1.577087 1.025995
0.109454 0.028005 1.025995 1.131095
7.613037 1.472523 4.967642 -0.228419
1.019930 0.560830 -0.059176 -0.036906
0.560830 0.479061 -0.037318 -0.057673
-0.059176 -0.037318 1.491035 0.823580
-0.036906 -0.057673 0.823580 0.712008
8.358970 1.466964 6.651460 0.622521
0.992967 0.468391 -0.141235 -0.074637
0.468391 0.327189 -0.073872 -0.058711
-0.141235 -0.073872 1.309204 0.620761
-0.074637 -0.058711 0.620761 0.451993
9.301904 1.552716 6.971268 0.624893
0.976641 0.401091 -0.244516 -0.106773
0.401091 0.237116 -0.105746 -0.058459
-0.244516 -0.105746 1.276973 0.530509
-0.106773 -0.058459 0.530509 0.325445
8.820825 1.096723 7.826576 0.825869
0.771082 0.279576 -0.300543 -0.111358
0.279576 0.154718 -0.110418 -0.049140
-0.300543 -0.110418 1.131806 0.416146
-0.111358 -0.049140 0.416146 0.228167
9.505836 1.142234 8.386860 0.875430
0.795733 0.261579 -0.297954 -0.095453
0.261579 0.127972 -0.095092 -0.036314
-0.297954 -0.095092 1.071939 0.354804
-0.095453 -0.036314 0.354804 0.174650
10.147610 1.162089 8.560015 0.795665
0.772028 0.231543 -0.283863 -0.080138
0.231543 0.104388 -0.080125 -0.027003
-0.283863 -0.080125 0.999026 0.301073
-0.080138 -0.027003 0.301073 0.136709
10.967249 1.236655 10.020904 1.096273
0.698298 0.193257 -0.242773 -0.061078
0.193257 0.084003 -0.061426 -0.018893
-0.242773 -0.061426 0.858206 0.238301
-0.061078 -0.018893 0.238301 0.104903
11.496571 1.217197 11.001758 1.209126
0.680047 0.176310 -0.214160 -0.048368
0.176310 0.073422 -0.049054 -0.013859
-0.214160 -0.049054 0.790975 0.205681
-0.048368 -0.013859 0.205681 0.087442
11.733171 1.136898 12.815442 1.505852
0.671635 0.164722 -0.176443 -0.035468
0.164722 0.066331 -0.036711 -0.009682
-0.176443 -0.036711 0.713311 0.175597
-0.035468 -0.009682 0.175597 0.073981
12.385479 1.164369 14.330788 1.688843
0.655824 0.153189 -0.150605 -0.027497
0.153189 0.060620 -0.028834 -0.007239
-0.150605 -0.028834 0.663727 0.156426
-0.027497 -0.007239 0.156426 0.065448
13.096213 1.192029 15.033377 1.657818
0.639976 0.143543 -0.124596 -0.020569
0.143543 0.056405 -0.021733 -0.005293
-0.124596 -0.021733 0.643108 0.146485
-0.020569 -0.005293 0.146485 0.060471
13.395505 1.130429 16.199376 1.729497
0.625770 0.135739 -0.106293 -0.016188
0.135739 0.053330 -0.017405 -0.004185
-0.106293 -0.017405 0.604229 0.133612
-0.016188 -0.004185 0.133612 0.055653
15.337208 1.423584 17.125696 1.758557
0.575319 0.121631 -0.072147 -0.009208
0.121631 0.049484 -0.010007 -0.002592
-0.072147 -0.010007 0.581835 0.126117
-0.009208 -0.002592 0.126117 0.052777
16.350137 1.488017 18.189364 1.801093
0.553164 0.115085 -0.060646 -0.007421
0.115085 0.047712 -0.008115 -0.002237
-0.060646 -0.008115 0.555811 0.118465
-0.007421 -0.002237 0.118465 0.050248
16.954530 1.454517 18.455469 1.665575
0.519707 0.107080 -0.048717 -0.005684
0.107080 0.045888 -0.006284 -0.001907
-0.048717 -0.006284 0.517967 0.109190
-0.005684 -0.001907 0.109190 0.047728
17.406971 1.396901 19.137256 1.631616
0.508105 0.104327 -0.060805 -0.008843
0.104327 0.045321 -0.009294 -0.002551
-0.060805 -0.009294 0.500781 0.105033
-0.008843 -0.002551 0.105033 0.046544
18.470314 1.475795 20.523260 1.754431
0.490741 0.100930 -0.038761 -0.004444
0.100930 0.044728 -0.004890 -0.001562
-0.038761 -0.004890 0.483005 0.101401
-0.004444 -0.001562 0.101401 0.045659
19.282650 1.493028 21.722908 1.822942
0.498585 0.102922 -0.037908 -0.004676
0.102922 0.045258 -0.005043 -0.001573
-0.037908 -0.005043 0.491710 0.103471
-0.004676 -0.001573 0.103471 0.046020
19.533752 1.393929 23.320922 1.964738
0.493409 0.102169 -0.006432 0.001570
0.102169 0.045192 0.001148 -0.000249
-0.006432 0.001148 0.484113 0.102020
0.001570 -0.000249 0.102020 0.045642
20.363835 1.421397 24.258068 1.955755
0.490354 0.101784 0.005636 0.003230
0.101784 0.045170 0.002862 0.000038
0.005636 0.002862 0.484377 0.102181
0.003230 0.000038 0.102181 0.045606
20.728578 1.348404 24.659890 1.833438
0.480354 0.099918 0.001299 0.001401
0.099918 0.044821 0.001118 -0.000394
0.001299 0.001118 0.472618 0.099691
0.001401 -0.000394 0.099691 0.045003
21.643385 1.398526 25.416106 1.799789
0.470471 0.098231 0.007174 0.002060
0.098231 0.044529 0.001824 -0.000232
0.007174 0.001824 0.467577 0.098844
0.002060 -0.000232 0.098844 0.044805
22.606292 1.453824 26.376205 1.812558
0.470123 0.098636 0.017618 0.003753
0.098636 0.044680 0.003539 0.000155
0.017618 0.003539 0.473347 0.100310
0.003753 0.000155 0.100310 0.045103
22.861288 1.353952 27.588820 1.878083
0.474636 0.099963 0.016905 0.003023
0.099963 0.044991 0.002834 0.000015
0.016905 0.002834 0.488491 0.103576
0.003023 0.000015 0.103576 0.045749
23.570085 1.360646 28.538281 1.880224
0.480147 0.101335 0.008110 0.000761
0.101335 0.045273 0.000599 -0.000415
0.008110 0.000599 0.499407 0.105617
0.000761 -0.000415 0.105617 0.046083
24.363700 1.384425 29.538323 1.892601
0.478001 0.100920 -0.001091 -0.001258
0.100920 0.045147 -0.001413 -0.000742
-0.001091 -0.001413 0.505708 0.106501
-0.001258 -0.000742 0.106501 0.046157
24.609188 1.290983 30.026094 1.797312
0.470864 0.099438 0.003427 -0.000144
0.099438 0.044799 -0.000266 -0.000378
0.003427 -0.000266 0.501390 0.105084
-0.000144 -0.000378 0.105084 0.045758
25.238126 1.286906 31.243543 1.863961
0.467505 0.098883 0.004514 0.000151
0.098883 0.044679 0.000027 -0.000236
0.004514 0.000027 0.513562 0.107317
0.000151 -0.000236 0.107317 0.046181
25.794756 1.268085 32.429295 1.916896
0.462132 0.097944 -0.007145 -0.002216
0.097944 0.044484 -0.002387 -0.000675
-0.007145 -0.002387 0.524617 0.109159
-0.002216 -0.000675 0.109159 0.046504
26.710898 1.328198 33.210018 1.879838
0.451295 0.095886 -0.017946 -0.004159
0.095886 0.044059 -0.004363 -0.000989
-0.017946 -0.004363 0.521485 0.107939
-0.004159 -0.000989 0.107939 0.046182
27.117974 1.273339 34.439104 1.939486
0.433432 0.092461 -0.015597 -0.003234
0.092461 0.043362 -0.003383 -0.000684
-0.015597 -0.003383 0.528047 0.108905
-0.003234 -0.000684 0.108905 0.046361
27.882507 1.300706 35.229328 1.902680
0.422098 0.090667 -0.031205 -0.006142
0.090667 0.043048 -0.006400 -0.001249
-0.031205 -0.006400 0.528458 0.108567
-0.006142 -0.001249 0.108567 0.046270
28.054606 1.196511 35.853887 1.834809
0.424228 0.091834 -0.040276 -0.007463
0.091834 0.043366 -0.007773 -0.001443
-0.040276 -0.007773 0.531927 0.108950
-0.007463 -0.001443 0.108950 0.046350
28.454552 1.152984 36.670941 1.813651
0.414479 0.090185 -0.045343 -0.007949
0.090185 0.043010 -0.008220 -0.001465
-0.045343 -0.008220 0.536779 0.109639
-0.007949 -0.001465 0.109639 0.046496
28.825808 1.107227 37.409620 1.778423
0.407844 0.089283 -0.045473 -0.007464
0.089283 0.042825 -0.007642 -0.001303
-0.045473 -0.007642 0.539336 0.109864
-0.007464 -0.001303 0.109864 0.046548
30.053363 1.253866 37.886363 1.698063
0.415783 0.091561 -0.047119 -0.007347
0.091561 0.043328 -0.007566 -0.001265
-0.047119 -0.007566 0.538298 0.109379
-0.007347 -0.001265 0.109379 0.046458
30.799951 1.281274 38.888759 1.729995
0.412984 0.091127 -0.049713 -0.007575
0.091127 0.043162 -0.007701 -0.001308
-0.049713 -0.007701 0.551390 0.111856
-0.007575 -0.001308 0.111856 0.046985
31.080982 1.204665 40.237092 1.825604
0.419940 0.092849 -0.049554 -0.007223
0.092849 0.043486 -0.007250 -0.001226
-0.049554 -0.007250 0.569344 0.115141
-0.007223 -0.001226 0.115141 0.047640
31.412006 1.148580 41.743454 1.943473
0.442116 0.097689 -0.053418 -0.007670
0.097689 0.044460 -0.007808 -0.001342
-0.053418 -0.007808 0.586382 0.117953
-0.007670 -0.001342 0.117953 0.048150
31.930099 1.139232 43.144668 2.029181
0.454905 0.099995 -0.048115 -0.006357
0.099995 0.044804 -0.006454 -0.001089
-0.048115 -0.006454 0.586299 0.117210
-0.006357 -0.001089 0.117210 0.047937
32.915838 1.230410 44.170051 2.034294
0.470390 0.102746 -0.034079 -0.003453
0.102746 0.045252 -0.003531 -0.000546
-0.034079 -0.003531 0.563022 0.112076
-0.003453 -0.000546 0.112076 0.046907
33.718072 1.267773 44.683795 1.935137
0.445722 0.096676 -0.000704 0.002750
0.096676 0.043801 0.003091 0.000634
-0.000704 0.003091 0.509536 0.101588
0.002750 0.000634 0.101588 0.044932
34.671650 1.336680 45.594729 1.925237
0.467829 0.101238 0.003415 0.002874
0.101238 0.044777 0.003008 0.000467
0.003415 0.003008 0.488216 0.098238
0.002874 0.000467 0.098238 0.044486
35.586272 1.390132 46.717756 1.958645
0.497068 0.106876 -0.000876 0.001354
0.106876 0.045900 0.001273 0.000011
-0.000876 0.001273 0.472519 0.096170
0.001354 0.000011 0.096170 0.044278
36.324430 1.399721 47.901312 2.000821
0.536353 0.114110 -0.023403 -0.003717
0.114110 0.047279 -0.004017 -0.001115
-0.023403 -0.004017 0.472052 0.097229
-0.003717 -0.001115 0.097229 0.044666
