-0.022332 0.953162 -1.216521 -1.378666
0.959992 0.384005 1.047117 0.418856
0.384005 80.157672 0.418856 0.167546
1.047117 0.418856 3.114550 1.245847
0.418856 0.167546 1.245847 80.502416
5.210307 9.964574 -1.691234 -1.472230
2.893501 5.649795 -1.605761 -3.009876
5.649795 14.412789 -3.283361 -2.914541
-1.605761 -3.283361 2.425957 4.280612
-3.009876 -2.914541 4.280612 17.550502
7.064634 6.860848 0.667773 1.834416
1.643081 1.897478 0.544790 1.042960
1.897478 2.879725 0.716702 1.771683
0.544790 0.716702 0.892151 1.257047
1.042960 1.771683 1.257047 3.601030
9.406833 5.997347 0.934419 1.169602
1.339394 1.038707 0.414617 0.435258
1.038707 1.070281 0.395900 0.533569
0.414617 0.395900 1.319926 1.316751
0.435258 0.533569 1.316751 1.851225
8.655568 3.843286 2.563475 1.917369
0.480223 0.297132 0.522782 0.379000
0.297132 0.319416 0.346974 0.302741
0.522782 0.346974 1.294408 0.937090
0.379000 0.302741 0.937090 0.910767
10.497976 3.781657 5.187897 2.883130
0.467462 0.251615 0.349051 0.187872
0.251615 0.215103 0.178426 0.123900
0.349051 0.178426 1.119752 0.637158
0.187872 0.123900 0.637158 0.488463
10.904354 3.101954 4.738494 2.017337
0.388926 0.183828 0.113721 0.044801
0.183828 0.138900 0.038464 0.031891
0.113721 0.038464 1.048810 0.497415
0.044801 0.031891 0.497415 0.314724
12.383157 3.067385 6.219973 2.209224
0.474491 0.199344 0.051297 0.016597
0.199344 0.121034 0.012422 0.015390
0.051297 0.012422 1.038541 0.419650
0.016597 0.015390 0.419650 0.224494
12.098865 2.392843 7.342106 2.215973
0.384121 0.142786 -0.073120 -0.025860
0.142786 0.082327 -0.030694 -0.002457
-0.073120 -0.030694 0.943706 0.332197
-0.025860 -0.002457 0.332197 0.158778
12.746404 2.206982 8.384719 2.190426
0.447078 0.151111 -0.087187 -0.023345
0.151111 0.075801 -0.027694 -0.001438
-0.087187 -0.027694 0.916532 0.287371
-0.023345 -0.001438 0.287371 0.124365
13.095281 1.974281 9.577525 2.208262
0.494884 0.152335 -0.115735 -0.026450
0.152335 0.069065 -0.031156 -0.002722
-0.115735 -0.031156 0.872500 0.247277
-0.026450 -0.002722 0.247277 0.099811
13.543640 1.824876 11.193018 2.334170
0.536862 0.151880 -0.118799 -0.022861
0.151880 0.063789 -0.027567 -0.001985
-0.118799 -0.027567 0.811398 0.211209
-0.022861 -0.001985 0.211209 0.081985
13.594966 1.596300 12.253398 2.293877
0.527580 0.138091 -0.146033 -0.027141
0.138091 0.056353 -0.031967 -0.003591
-0.146033 -0.031967 0.717978 0.173618
-0.027141 -0.003591 0.173618 0.067359
13.212375 1.293279 12.619553 2.090870
0.499198 0.122402 -0.177799 -0.032482
0.122402 0.050071 -0.037326 -0.005228
-0.177799 -0.037326 0.621018 0.141477
-0.032482 -0.005228 0.141477 0.056672
13.670613 1.253624 14.038788 2.171372
0.497933 0.116764 -0.162050 -0.026210
0.116764 0.047571 -0.030464 -0.003754
-0.162050 -0.030464 0.573128 0.126078
-0.026210 -0.003754 0.126078 0.051697
14.708837 1.346785 15.006055 2.154517
0.486657 0.110569 -0.117949 -0.015047
0.110569 0.045586 -0.018176 -0.001330
-0.117949 -0.018176 0.544762 0.117749
-0.015047 -0.001330 0.117749 0.049161
15.525853 1.382690 16.296170 2.203927
0.494347 0.109484 -0.096467 -0.009926
0.109484 0.045044 -0.012595 -0.000534
-0.096467 -0.012595 0.534544 0.113897
-0.009926 -0.000534 0.113897 0.047846
16.604173 1.465773 17.287703 2.188404
0.492232 0.106886 -0.066753 -0.003980
0.106886 0.044370 -0.006047 0.000372
-0.066753 -0.006047 0.526058 0.111109
-0.003980 0.000372 0.111109 0.046996
16.894311 1.364674 17.985088 2.096338
0.473209 0.100770 -0.070704 -0.006143
0.100770 0.042981 -0.008029 -0.000636
-0.070704 -0.008029 0.487907 0.101769
-0.006143 -0.000636 0.101769 0.044750
16.999112 1.251057 19.714322 2.230037
0.474678 0.100639 -0.030797 0.001595
0.100639 0.043224 -0.000145 0.000703
-0.030797 -0.000145 0.467378 0.097977
0.001595 0.000703 0.097977 0.044109
17.441641 1.213002 20.880897 2.238340
0.463782 0.097651 -0.023821 0.001501
0.097651 0.042764 0.000015 0.000299
-0.023821 0.000015 0.446348 0.093843
0.001501 0.000299 0.093843 0.043313
18.207031 1.243649 21.692365 2.174859
0.462471 0.097178 -0.016514 0.001769
0.097178 0.042905 0.000561 0.000120
-0.016514 0.000561 0.444978 0.094233
0.001769 0.000120 0.094233 0.043537
19.034498 1.287310 22.841840 2.189925
0.462854 0.097219 -0.011283 0.001726
0.097219 0.043142 0.000753 -0.000054
-0.011283 0.000753 0.447845 0.095396
0.001726 -0.000054 0.095396 0.043876
18.906073 1.124096 23.759018 2.146688
0.457908 0.096218 -0.008190 0.001334
0.096218 0.043133 0.000523 -0.000258
-0.008190 0.000523 0.438261 0.093702
0.001334 -0.000258 0.093702 0.043550
19.382693 1.107453 25.210620 2.227566
0.469231 0.098812 -0.002793 0.001707
0.098812 0.043877 0.001034 -0.000220
-0.002793 0.001034 0.455045 0.097788
0.001707 -0.000220 0.097788 0.044482
20.187203 1.159198 25.840115 2.124321
0.467176 0.098357 -0.005061 0.000456
0.098357 0.043896 -0.000068 -0.000511
-0.005061 -0.000068 0.456145 0.098010
0.000456 -0.000511 0.098010 0.044478
20.895903 1.186337 26.852978 2.114016
0.447265 0.094260 0.014020 0.003998
0.094260 0.043150 0.003531 0.000256
0.014020 0.003531 0.447240 0.096097
0.003998 0.000256 0.096097 0.044030
21.340851 1.154898 28.093605 2.153444
0.454572 0.096292 0.016948 0.003882
0.096292 0.043745 0.003488 0.000209
0.016948 0.003488 0.464342 0.099909
0.003882 0.000209 0.099909 0.044845
21.699427 1.108885 28.821131 2.078674
0.429976 0.091356 -0.005146 -0.001451
0.091356 0.042792 -0.001721 -0.000909
-0.005146 -0.001721 0.450725 0.096741
-0.001451 -0.000909 0.096741 0.044088
22.126258 1.082914 28.760566 1.842559
0.426325 0.091270 0.002060 0.000113
0.091270 0.042922 -0.000099 -0.000445
0.002060 -0.000099 0.440018 0.094496
0.000113 -0.000445 0.094496 0.043602
22.912704 1.135615 29.764357 1.860083
0.423827 0.091374 -0.005388 -0.001586
0.091374 0.043051 -0.001776 -0.000736
-0.005388 -0.001776 0.450958 0.097123
-0.001586 -0.000736 0.097123 0.044205
24.032175 1.255150 30.782438 1.878627
0.420765 0.091253 -0.012100 -0.002919
0.091253 0.043087 -0.003095 -0.000924
-0.012100 -0.003095 0.461963 0.099469
-0.002919 -0.000924 0.099469 0.044683
23.743781 1.055432 31.909041 1.918999
0.412769 0.089967 0.006273 0.001279
0.089967 0.042836 0.001189 0.000100
0.006273 0.001189 0.476166 0.102257
0.001279 0.000100 0.102257 0.045215
24.546125 1.115267 33.389978 2.030285
0.398318 0.087314 -0.001624 -0.000565
0.087314 0.042287 -0.000699 -0.000301
-0.001624 -0.000699 0.491281 0.104992
-0.000565 -0.000301 0.104992 0.045702
25.921895 1.295639 35.058398 2.168601
0.386559 0.085407 -0.025800 -0.005649
0.085407 0.041922 -0.005982 -0.001380
-0.025800 -0.005982 0.513809 0.109084
-0.005649 -0.001380 0.109084 0.046456
26.628517 1.308219 35.402280 2.012864
0.409920 0.091361 -0.027064 -0.005366
0.091361 0.043299 -0.005667 -0.001181
-0.027064 -0.005667 0.512978 0.107909
-0.005366 -0.001181 0.107909 0.046060
27.435524 1.341749 36.071196 1.942602
0.391898 0.087362 -0.029058 -0.005374
0.087362 0.042300 -0.005612 -0.001094
-0.029058 -0.005612 0.511381 0.106817
-0.005374 -0.001094 0.106817 0.045759
28.159303 1.354372 37.337018 2.004000
0.395372 0.088514 -0.030407 -0.005258
0.088514 0.042541 -0.005430 -0.001000
-0.030407 -0.005430 0.530239 0.110198
-0.005258 -0.001000 0.110198 0.046445
29.031258 1.396891 37.969225 1.928265
0.405721 0.091010 -0.032227 -0.005281
0.091010 0.043045 -0.005480 -0.000975
-0.032227 -0.005480 0.532020 0.109801
-0.005281 -0.000975 0.109801 0.046309
29.407169 1.324901 39.025817 1.945989
0.416918 0.093375 -0.037208 -0.005996
0.093375 0.043467 -0.006238 -0.001111
-0.037208 -0.006238 0.546423 0.112140
-0.005996 -0.001111 0.112140 0.046774
30.136407 1.336629 39.272313 1.797916
0.395288 0.088164 -0.037808 -0.005938
0.088164 0.042170 -0.006086 -0.001094
-0.037808 -0.006086 0.537110 0.109525
-0.005938 -0.001094 0.109525 0.046211
30.937080 1.365739 40.063513 1.776642
0.402374 0.089931 -0.035541 -0.005208
0.089931 0.042570 -0.005295 -0.000925
-0.035541 -0.005295 0.541320 0.110042
-0.005208 -0.000925 0.110042 0.046363
31.767104 1.401233 41.446350 1.877826
0.424257 0.094760 -0.040506 -0.005983
0.094760 0.043605 -0.006162 -0.001101
-0.040506 -0.006162 0.562565 0.114009
-0.005983 -0.001101 0.114009 0.047207
32.431971 1.395410 42.780982 1.957555
0.410584 0.091253 -0.028293 -0.003446
0.091253 0.042711 -0.003241 -0.000546
-0.028293 -0.003241 0.566364 0.114237
-0.003446 -0.000546 0.114237 0.047250
33.338695 1.443803 44.136437 2.034364
0.419180 0.093094 -0.016964 -0.001230
0.093094 0.043108 -0.000912 -0.000131
-0.016964 -0.000912 0.558159 0.112117
-0.001230 -0.000131 0.112117 0.046836
33.862324 1.399821 45.141527 2.031057
0.445740 0.098650 -0.024086 -0.002848
0.098650 0.044278 -0.002941 -0.000602
-0.024086 -0.002941 0.540352 0.108268
-0.002848 -0.000602 0.108268 0.046110
33.906314 1.257142 46.510703 2.099379
0.463823 0.101767 -0.037875 -0.005688
0.101767 0.044811 -0.006125 -0.001265
-0.037875 -0.006125 0.533752 0.107056
-0.005688 -0.001265 0.107056 0.045974
34.714870 1.291734 46.508383 1.888253
0.471129 0.102475 -0.012280 -0.000382
0.102475 0.044844 -0.000695 -0.000145
-0.012280 -0.000695 0.454662 0.091536
-0.000382 -0.000145 0.091536 0.042991
35.167545 1.250334 47.524034 1.902204
0.495835 0.106840 -0.021307 -0.002522
0.106840 0.045673 -0.002987 -0.000673
-0.021307 -0.002987 0.446907 0.091593
-0.002522 -0.000673 0.091593 0.043329
36.233816 1.342345 47.869830 1.777603
0.505673 0.107813 0.002292 0.002282
0.107813 0.045762 0.001784 0.000309
0.002292 0.001784 0.386521 0.080578
0.002282 0.000309 0.080578 0.041275
