1.930632 1.734364 0.155258 -0.829943
1.965418 0.786184 -0.129448 -0.051780
0.786184 80.318547 -0.051780 -0.020713
-0.129448 -0.051780 4.054546 1.621854
-0.051780 -0.020713 1.621854 80.652822
7.061316 9.358123 -2.429041 -4.306954
3.099552 5.544229 -1.407991 -2.253236
5.544229 16.803442 -2.493293 -4.340625
-1.407991 -2.493293 3.032721 4.908816
-2.253236 -4.340625 4.908816 20.498878
7.036966 4.301394 -1.891542 -1.595029
1.745825 1.969336 0.672176 1.000988
1.969336 3.853835 0.796751 0.892580
0.672176 0.796751 0.955653 1.222617
1.000988 0.892580 1.222617 4.360708
9.268195 4.085964 0.241298 1.630867
1.721478 1.466021 0.330876 0.169006
1.466021 1.844096 0.201713 0.020195
0.330876 0.201713 0.885294 0.939630
0.169006 0.020195 0.939630 1.790572
9.177726 2.539017 3.297432 3.622474
0.992000 0.638107 0.336120 0.208792
0.638107 0.690533 0.163155 0.100201
0.336120 0.163155 1.014427 0.812382
0.208792 0.100201 0.812382 0.950402
9.954383 2.316549 3.923163 2.891405
1.069284 0.592605 0.130906 0.030156
0.592605 0.484999 0.015936 -0.006034
0.130906 0.015936 1.273081 0.804924
0.030156 -0.006034 0.804924 0.658362
8.312066 0.973612 6.259148 3.422758
0.267116 0.127581 -0.065649 -0.040891
0.127581 0.158060 -0.063783 -0.025010
-0.065649 -0.063783 1.250857 0.637402
-0.040891 -0.025010 0.637402 0.412275
8.994066 1.065439 8.091627 3.473789
0.373866 0.179048 -0.135504 -0.058074
0.179048 0.149337 -0.074585 -0.024241
-0.135504 -0.074585 1.172788 0.497536
-0.058074 -0.024241 0.497536 0.270032
9.470868 1.040018 9.143835 3.222772
0.491641 0.212232 -0.167684 -0.056467
0.212232 0.135892 -0.070514 -0.018741
-0.167684 -0.070514 1.084360 0.395004
-0.056467 -0.018741 0.395004 0.187815
9.541669 0.860001 9.628113 2.852132
0.608904 0.232036 -0.206141 -0.058053
0.232036 0.122010 -0.071956 -0.016874
-0.206141 -0.071956 1.025019 0.328411
-0.058053 -0.016874 0.328411 0.140642
9.613680 0.740194 11.274052 2.910521
0.696555 0.235354 -0.195484 -0.045987
0.235354 0.107158 -0.057369 -0.011096
-0.195484 -0.057369 0.955227 0.274974
-0.045987 -0.011096 0.274974 0.109577
10.523184 0.894908 11.791816 2.669369
0.707703 0.214057 -0.190143 -0.039549
0.214057 0.089062 -0.049064 -0.008599
-0.190143 -0.049064 0.844449 0.221845
-0.039549 -0.008599 0.221845 0.085701
10.239365 0.682530 12.328420 2.460153
0.750587 0.206386 -0.198396 -0.037416
0.206386 0.079288 -0.045996 -0.007610
-0.198396 -0.045996 0.802952 0.195872
-0.037416 -0.007610 0.195872 0.073437
10.941682 0.770600 13.193364 2.380538
0.735118 0.185964 -0.186629 -0.032078
0.185964 0.068721 -0.038871 -0.006017
-0.186629 -0.038871 0.745781 0.171233
-0.032078 -0.006017 0.171233 0.063960
11.391017 0.775713 13.560923 2.198238
0.698519 0.164696 -0.181701 -0.029519
0.164696 0.060210 -0.035209 -0.005424
-0.181701 -0.035209 0.663368 0.144951
-0.029519 -0.005424 0.144951 0.055788
12.634188 0.975550 15.133463 2.314328
0.658379 0.147100 -0.145995 -0.020822
0.147100 0.054303 -0.024783 -0.003383
-0.145995 -0.024783 0.627084 0.132998
-0.020822 -0.003383 0.132998 0.052101
13.522163 1.062093 16.270326 2.316517
0.614283 0.131524 -0.129614 -0.017393
0.131524 0.049843 -0.020492 -0.002832
-0.129614 -0.020492 0.571187 0.118298
-0.017393 -0.002832 0.118298 0.048331
15.288758 1.316754 17.026655 2.252820
0.553633 0.115381 -0.086311 -0.009018
0.115381 0.046084 -0.010922 -0.001229
-0.086311 -0.010922 0.534750 0.109919
-0.009018 -0.001229 0.109919 0.046455
15.796328 1.282586 17.923027 2.202936
0.541281 0.111151 -0.066978 -0.005630
0.111151 0.045237 -0.007193 -0.000764
-0.066978 -0.007193 0.518073 0.106166
-0.005630 -0.000764 0.106166 0.045675
16.778702 1.354940 19.243099 2.252761
0.523420 0.106600 -0.041677 -0.001372
0.106600 0.044481 -0.002624 -0.000135
-0.041677 -0.002624 0.502040 0.103033
-0.001372 -0.000135 0.103033 0.045122
16.955907 1.246477 19.705066 2.109646
0.511068 0.103469 -0.050939 -0.004475
0.103469 0.044036 -0.005506 -0.001031
-0.050939 -0.005506 0.483190 0.099175
-0.004475 -0.001031 0.099175 0.044372
17.667803 1.265925 20.916679 2.143119
0.494539 0.100245 -0.031562 -0.001281
0.100245 0.043686 -0.002165 -0.000513
-0.031562 -0.002165 0.467419 0.096638
-0.001281 -0.000513 0.096638 0.044023
18.321095 1.270981 22.107497 2.168211
0.475120 0.096613 -0.034995 -0.003044
0.096613 0.043227 -0.003708 -0.001022
-0.034995 -0.003708 0.449119 0.093492
-0.003044 -0.001022 0.093492 0.043494
18.972821 1.273454 23.063209 2.141266
0.474573 0.097255 -0.032643 -0.003147
0.097255 0.043666 -0.003675 -0.001082
-0.032643 -0.003675 0.451747 0.094997
-0.003147 -0.001082 0.094997 0.043965
19.673702 1.286731 24.136254 2.142221
0.481579 0.099436 -0.019852 -0.000892
0.099436 0.044362 -0.001368 -0.000621
-0.019852 -0.001368 0.463818 0.098318
-0.000892 -0.000621 0.098318 0.044758
20.663778 1.356413 24.726207 2.041781
0.486999 0.101071 0.000655 0.002847
0.101071 0.044858 0.002369 0.000118
0.000655 0.002369 0.473049 0.100646
0.002847 0.000118 0.100646 0.045249
21.223516 1.332856 26.111622 2.118872
0.487688 0.101461 0.006721 0.003223
0.101461 0.045015 0.002838 0.000120
0.006721 0.002838 0.483584 0.102874
0.003223 0.000120 0.102874 0.045646
22.029191 1.361694 27.045558 2.092528
0.494599 0.103078 0.006332 0.002338
0.103078 0.045400 0.002031 -0.000108
0.006332 0.002031 0.495431 0.105119
0.002338 -0.000108 0.105119 0.046013
22.636444 1.346458 28.397597 2.157056
0.461696 0.096236 0.015364 0.003617
0.096236 0.043982 0.003366 0.000160
0.015364 0.003366 0.482820 0.101996
0.003617 0.000160 0.101996 0.045231
23.609803 1.409532 29.380911 2.136812
0.467027 0.098006 0.015256 0.002981
0.098006 0.044477 0.002773 0.000029
0.015256 0.002773 0.492627 0.103937
0.002981 0.000029 0.103937 0.045605
24.166761 1.378416 30.427356 2.132402
0.452314 0.095319 0.009462 0.001347
0.095319 0.043962 0.001156 -0.000277
0.009462 0.001156 0.492161 0.103547
0.001347 -0.000277 0.103547 0.045465
24.361292 1.272938 31.766413 2.190599
0.423291 0.089747 0.016025 0.002587
0.089747 0.042850 0.002395 0.000065
0.016025 0.002395 0.491717 0.103212
0.002587 0.000065 0.103212 0.045356
24.514177 1.169541 32.718625 2.161770
0.418427 0.089773 0.003146 -0.000350
0.089773 0.042998 -0.000595 -0.000514
0.003146 -0.000595 0.497551 0.104298
-0.000350 -0.000514 0.104298 0.045575
25.110660 1.173903 33.002069 1.994967
0.414845 0.089883 -0.000334 -0.000980
0.089883 0.043094 -0.001187 -0.000534
-0.000334 -0.001187 0.487594 0.101977
-0.000980 -0.000534 0.101977 0.045063
25.639168 1.160750 34.208696 2.038815
0.407911 0.089108 -0.010906 -0.003011
0.089108 0.042949 -0.003312 -0.000881
-0.010906 -0.003312 0.501081 0.104823
-0.003011 -0.000881 0.104823 0.045688
26.841177 1.298196 34.557489 1.898304
0.417759 0.091935 -0.010950 -0.002671
0.091935 0.043570 -0.002899 -0.000684
-0.010950 -0.002899 0.496850 0.103687
-0.002671 -0.000684 0.103687 0.045422
27.931525 1.395555 35.536023 1.904332
0.397993 0.087832 -0.033207 -0.007010
0.087832 0.042583 -0.007470 -0.001560
-0.033207 -0.007470 0.504880 0.105257
-0.007010 -0.001560 0.105257 0.045755
28.685151 1.408033 36.538338 1.914848
0.405210 0.089999 -0.041134 -0.007982
0.089999 0.043055 -0.008450 -0.001631
-0.041134 -0.008450 0.520730 0.108311
-0.007982 -0.001631 0.108311 0.046369
29.299456 1.388761 37.752237 1.967749
0.420196 0.093568 -0.045552 -0.008184
0.093568 0.043773 -0.008611 -0.001552
-0.045552 -0.008611 0.541693 0.112161
-0.008184 -0.001552 0.112161 0.047104
29.774917 1.342439 39.331356 2.089427
0.409729 0.091043 -0.046457 -0.007828
0.091043 0.043065 -0.008043 -0.001385
-0.046457 -0.008043 0.565173 0.116218
-0.007828 -0.001385 0.116218 0.047835
30.358125 1.319202 39.650661 1.940839
0.419838 0.093369 -0.039844 -0.005957
0.093369 0.043519 -0.006153 -0.000964
-0.039844 -0.006153 0.546201 0.111329
-0.005957 -0.000964 0.111329 0.046711
30.863118 1.282220 40.140099 1.842145
0.424975 0.094282 -0.039781 -0.005704
0.094282 0.043609 -0.005922 -0.000943
-0.039781 -0.005922 0.540136 0.109634
-0.005704 -0.000943 0.109634 0.046366
31.434952 1.265957 40.901515 1.809327
0.434829 0.096163 -0.037434 -0.005036
0.096163 0.043923 -0.005224 -0.000830
-0.037434 -0.005224 0.540223 0.109442
-0.005036 -0.000830 0.109442 0.046374
31.699964 1.187640 42.300538 1.907357
0.421551 0.092774 -0.034220 -0.004435
0.092774 0.043064 -0.004358 -0.000728
-0.034220 -0.004358 0.556100 0.112528
-0.004435 -0.000728 0.112528 0.047052
32.470752 1.225651 43.080434 1.873275
0.440180 0.096805 -0.030347 -0.003585
0.096805 0.043939 -0.003625 -0.000615
-0.030347 -0.003625 0.544726 0.109863
-0.003585 -0.000615 0.109863 0.046516
33.222914 1.256080 43.995862 1.869755
0.453389 0.099256 -0.023748 -0.002320
0.099256 0.044395 -0.002376 -0.000414
-0.023748 -0.002376 0.532334 0.107319
-0.002320 -0.000414 0.107319 0.046064
33.798276 1.247274 45.486716 1.981897
0.481602 0.104707 -0.030694 -0.003841
0.104707 0.045469 -0.004114 -0.000812
-0.030694 -0.004114 0.536265 0.108265
-0.003841 -0.000812 0.108265 0.046340
34.358204 1.232427 46.231439 1.931774
0.467374 0.100663 -0.005726 0.001037
0.100663 0.044456 0.000972 0.000168
-0.005726 0.000972 0.483872 0.097884
0.001037 0.000168 0.097884 0.044323
34.676180 1.166948 46.739359 1.837057
0.477529 0.102263 -0.010196 -0.000373
0.102263 0.044763 -0.000602 -0.000250
-0.010196 -0.000602 0.456133 0.093237
-0.000373 -0.000250 0.093237 0.043580
35.261794 1.167754 47.783583 1.863137
0.493758 0.105107 -0.009697 -0.000566
0.105107 0.045337 -0.000841 -0.000334
-0.009697 -0.000841 0.439312 0.091102
-0.000566 -0.000334 0.091102 0.043357
