2.064503 1.787913 2.877859 0.259121
1.800104 0.720057 -0.043289 -0.017316
0.720057 80.292096 -0.017316 -0.006927
-0.043289 -0.017316 3.610544 1.444249
-0.017316 -0.006927 1.444249 80.581779
5.971078 7.229109 0.797811 -3.389375
2.590572 4.680199 -1.550315 -2.558134
4.680199 14.831209 -2.793126 -4.730482
-1.550315 -2.793126 3.042321 5.032949
-2.558134 -4.730482 5.032949 19.790311
6.077027 3.294557 -0.056158 -2.887540
1.878959 2.170963 0.376121 0.728723
2.170963 3.960919 0.528682 0.682984
0.376121 0.528682 1.292364 1.614978
0.728723 0.682984 1.614978 4.550167
8.144590 3.538105 2.537404 1.005817
1.511931 1.242288 0.479815 0.443848
1.242288 1.563102 0.386877 0.253810
0.479815 0.386877 0.434808 0.413697
0.443848 0.253810 0.413697 1.204977
7.335288 1.877458 2.259834 0.543199
0.765530 0.484094 0.306095 0.210462
0.484094 0.567061 0.118088 0.046892
0.306095 0.118088 0.748645 0.699811
0.210462 0.046892 0.699811 0.940298
8.500203 1.930672 3.481839 1.207932
0.891911 0.505215 0.157026 0.040720
0.505215 0.429563 0.011845 -0.024989
0.157026 0.011845 0.964902 0.680745
0.040720 -0.024989 0.680745 0.608440
9.113419 1.748519 4.322871 1.355339
0.982193 0.475698 0.012102 -0.038791
0.475698 0.317765 -0.047888 -0.039741
0.012102 -0.047888 1.117391 0.617371
-0.038791 -0.039741 0.617371 0.412568
11.482979 2.335402 6.097413 1.807793
0.898436 0.373459 -0.095494 -0.066288
0.373459 0.214542 -0.070220 -0.033984
-0.095494 -0.070220 1.115548 0.502421
-0.066288 -0.033984 0.502421 0.273249
10.548314 1.561507 7.929780 2.187710
0.581662 0.212875 -0.173078 -0.073416
0.212875 0.122100 -0.077791 -0.026740
-0.173078 -0.077791 1.028935 0.391529
-0.073416 -0.026740 0.391529 0.184026
10.622575 1.327164 8.973660 2.173382
0.634746 0.211663 -0.212224 -0.071967
0.211663 0.105942 -0.074772 -0.021138
-0.212224 -0.074772 0.991790 0.327898
-0.071967 -0.021138 0.327898 0.137212
11.797688 1.483341 10.061375 2.175505
0.641758 0.195403 -0.207104 -0.058694
0.195403 0.089487 -0.060877 -0.014186
-0.207104 -0.060877 0.919424 0.269976
-0.058694 -0.014186 0.269976 0.104674
12.194223 1.387890 11.461571 2.256516
0.642102 0.180276 -0.197522 -0.047942
0.180276 0.077320 -0.050069 -0.009864
-0.197522 -0.050069 0.827638 0.220124
-0.047942 -0.009864 0.220124 0.082110
12.948939 1.399718 12.171790 2.153477
0.638404 0.166973 -0.183529 -0.038786
0.166973 0.068393 -0.040640 -0.006863
-0.183529 -0.040640 0.777908 0.190997
-0.038786 -0.006863 0.190997 0.069543
13.310076 1.313801 13.127893 2.121193
0.628048 0.154585 -0.163953 -0.030419
0.154585 0.061612 -0.032140 -0.004676
-0.163953 -0.032140 0.717534 0.165083
-0.030419 -0.004676 0.165083 0.060264
14.451632 1.424629 13.886300 2.060743
0.610191 0.142471 -0.162216 -0.027721
0.142471 0.056211 -0.029268 -0.004117
-0.162216 -0.029268 0.682906 0.149216
-0.027721 -0.004117 0.149216 0.054856
14.627527 1.305393 15.113543 2.094974
0.591117 0.132389 -0.148642 -0.023138
0.132389 0.052330 -0.024748 -0.003286
-0.148642 -0.024748 0.624251 0.131122
-0.023138 -0.003286 0.131122 0.049967
15.634508 1.383969 16.191741 2.106820
0.579093 0.125584 -0.134939 -0.019198
0.125584 0.049877 -0.020492 -0.002584
-0.134939 -0.020492 0.600759 0.123054
-0.019198 -0.002584 0.123054 0.047908
16.482718 1.425151 17.726823 2.207892
0.554423 0.117567 -0.101065 -0.011936
0.117567 0.047665 -0.012918 -0.001309
-0.101065 -0.012918 0.557652 0.112564
-0.011936 -0.001309 0.112564 0.045736
17.186699 1.425585 18.977532 2.237547
0.551776 0.115222 -0.078550 -0.007468
0.115222 0.046960 -0.008225 -0.000645
-0.078550 -0.008225 0.545306 0.109467
-0.007468 -0.000645 0.109467 0.045291
17.748991 1.394673 20.122612 2.240712
0.553748 0.114287 -0.058094 -0.003832
0.114287 0.046683 -0.004424 -0.000178
-0.058094 -0.004424 0.539936 0.108207
-0.003832 -0.000178 0.108207 0.045268
18.683390 1.440423 21.009295 2.196661
0.539438 0.110373 -0.031711 0.000449
0.110373 0.045887 0.000084 0.000386
-0.031711 0.000084 0.526105 0.105541
0.000449 0.000386 0.105541 0.044977
19.713826 1.496861 21.451218 2.067675
0.507020 0.103174 -0.017891 0.001727
0.103174 0.044500 0.001487 0.000300
-0.017891 0.001487 0.495340 0.099609
0.001727 0.000300 0.099609 0.044010
20.039138 1.408486 22.230221 2.012468
0.486382 0.099048 -0.018581 0.000272
0.099048 0.043853 0.000062 -0.000249
-0.018581 0.000062 0.472558 0.095702
0.000272 -0.000249 0.095702 0.043487
20.234752 1.305810 23.483859 2.059836
0.468051 0.095964 0.002349 0.003568
0.095964 0.043492 0.003402 0.000288
0.002349 0.003402 0.454306 0.093156
0.003568 0.000288 0.093156 0.043274
20.810549 1.289848 24.508666 2.058442
0.465935 0.096363 0.009207 0.003925
0.096363 0.043821 0.003797 0.000242
0.009207 0.003797 0.455027 0.094529
0.003925 0.000242 0.094529 0.043807
21.231123 1.243242 25.597714 2.070485
0.462759 0.096427 0.016243 0.004449
0.096427 0.044011 0.004347 0.000280
0.016243 0.004347 0.456771 0.095844
0.004449 0.000280 0.095844 0.044227
20.799726 1.022480 27.011148 2.150009
0.444245 0.093182 0.028777 0.006247
0.093182 0.043454 0.006150 0.000622
0.028777 0.006150 0.450356 0.095177
0.006247 0.000622 0.095177 0.044150
21.978746 1.164286 27.878907 2.104775
0.441529 0.093489 0.017722 0.003032
0.093489 0.043658 0.002955 -0.000086
0.017722 0.002955 0.453930 0.096595
0.003032 -0.000086 0.096595 0.044493
22.609079 1.175022 28.763503 2.068782
0.446286 0.095224 0.014700 0.001970
0.095224 0.044105 0.001896 -0.000247
0.014700 0.001896 0.463629 0.099065
0.001970 -0.000247 0.099065 0.045001
22.320308 0.988716 29.279195 1.960514
0.433681 0.092952 0.015573 0.001999
0.092952 0.043620 0.001919 -0.000137
0.015573 0.001919 0.458004 0.097928
0.001999 -0.000137 0.097928 0.044677
22.812389 0.987755 30.398077 1.990218
0.436269 0.094113 0.005305 -0.000338
0.094113 0.043903 -0.000459 -0.000558
0.005305 -0.000459 0.472811 0.101269
-0.000338 -0.000558 0.101269 0.045347
23.432981 1.014809 31.521479 2.017255
0.438053 0.094865 0.000652 -0.001183
0.094865 0.044043 -0.001333 -0.000618
0.000652 -0.001333 0.487918 0.104278
-0.001183 -0.000618 0.104278 0.045879
23.803123 0.983186 33.279905 2.177044
0.430518 0.093424 0.003209 -0.000370
0.093424 0.043677 -0.000557 -0.000327
0.003209 -0.000557 0.512649 0.109013
-0.000370 -0.000327 0.109013 0.046739
24.704721 1.073412 33.892403 2.075829
0.408698 0.088989 -0.011972 -0.003360
0.088989 0.042692 -0.003641 -0.000886
-0.011972 -0.003641 0.504315 0.106366
-0.003360 -0.000886 0.106366 0.045995
25.241021 1.073257 34.994199 2.089230
0.432395 0.094840 -0.020241 -0.004680
0.094840 0.044021 -0.004981 -0.001057
-0.020241 -0.004981 0.526147 0.110387
-0.004680 -0.001057 0.110387 0.046753
26.473011 1.225714 36.006138 2.082512
0.432231 0.094766 -0.029429 -0.006074
0.094766 0.043905 -0.006415 -0.001249
-0.029429 -0.006415 0.536592 0.111690
-0.006074 -0.001249 0.111690 0.046898
27.454613 1.306110 36.710326 2.013380
0.441074 0.096650 -0.025712 -0.004709
0.096650 0.044234 -0.004946 -0.000845
-0.025712 -0.004946 0.536921 0.110889
-0.004709 -0.000845 0.110889 0.046633
28.283486 1.344254 37.572093 1.983996
0.444303 0.097081 -0.031161 -0.005442
0.097081 0.044219 -0.005697 -0.000962
-0.031161 -0.005697 0.543707 0.111594
-0.005442 -0.000962 0.111594 0.046732
29.538288 1.472052 38.830519 2.040132
0.408626 0.088989 -0.038253 -0.006610
0.088989 0.042359 -0.006766 -0.001175
-0.038253 -0.006766 0.558144 0.113890
-0.006610 -0.001175 0.113890 0.047171
30.058161 1.425532 40.090652 2.088022
0.394772 0.086463 -0.039351 -0.006447
0.086463 0.041888 -0.006493 -0.001098
-0.039351 -0.006493 0.569784 0.115513
-0.006447 -0.001098 0.115513 0.047462
31.796247 1.645743 39.674551 1.798297
0.325190 0.071852 -0.018734 -0.002258
0.071852 0.038770 -0.001725 -0.000197
-0.018734 -0.001725 0.534759 0.107779
-0.002258 -0.000197 0.107779 0.045885
32.213317 1.552866 40.437233 1.768928
0.351687 0.079838 -0.029192 -0.004305
0.079838 0.040883 -0.004235 -0.000741
-0.029192 -0.004235 0.542283 0.109303
-0.004305 -0.000741 0.109303 0.046301
33.390677 1.643661 41.022926 1.710571
0.342060 0.078573 -0.019929 -0.002386
0.078573 0.040616 -0.002040 -0.000333
-0.019929 -0.002040 0.538578 0.108553
-0.002386 -0.000333 0.108553 0.046239
34.076776 1.613405 42.166481 1.768142
0.380688 0.088351 -0.030569 -0.004463
0.088351 0.042867 -0.004630 -0.000875
-0.030569 -0.004630 0.551371 0.111141
-0.004463 -0.000875 0.111141 0.046834
34.864276 1.609208 43.104727 1.778972
0.377918 0.087463 -0.011762 -0.000623
0.087463 0.042430 -0.000258 -0.000015
-0.011762 -0.000258 0.534023 0.107577
-0.000623 -0.000015 0.107577 0.046164
35.454671 1.560892 44.284366 1.836730
0.412275 0.095083 -0.022815 -0.003019
0.095083 0.043992 -0.003177 -0.000660
-0.022815 -0.003177 0.535015 0.107934
-0.003019 -0.000660 0.107934 0.046314
35.738860 1.448604 45.470124 1.888959
0.434932 0.099166 -0.032335 -0.004925
0.099166 0.044610 -0.005418 -0.001117
-0.032335 -0.005418 0.525789 0.106201
-0.004925 -0.001117 0.106201 0.046022
36.143724 1.375559 46.130666 1.830088
0.472800 0.106262 -0.050914 -0.008438
0.106262 0.045890 -0.009454 -0.001888
-0.050914 -0.009454 0.511283 0.103507
-0.008438 -0.001888 0.103507 0.045543
37.239606 1.462502 46.335172 1.687156
0.485448 0.107332 -0.014433 -0.000541
0.107332 0.045817 -0.001254 -0.000137
-0.014433 -0.001254 0.412040 0.083986
-0.000541 -0.000137 0.083986 0.041704
37.614643 1.386231 47.486965 1.750170
0.513899 0.111663 -0.036162 -0.005357
0.111663 0.046484 -0.006167 -0.001238
-0.036162 -0.006167 0.426566 0.089180
-0.005357 -0.001238 0.089180 0.043142
