-0.161530 0.897481 -0.059274 -0.915758
2.735313 1.094149 -0.733670 -0.293475
1.094149 80.441736 -0.293475 -0.117392
-0.733670 -0.293475 4.800855 1.920384
-0.293475 -0.117392 1.920384 80.772237
4.597240 8.266649 -1.969285 -2.965522
2.849448 4.830490 -1.716459 -2.545806
4.830490 17.257178 -2.801815 -5.971032
-1.716459 -2.801815 3.006249 4.638059
-2.545806 -5.971032 4.638059 21.362458
9.805733 9.825716 0.391504 1.994802
2.143377 2.472350 -0.219737 0.049570
2.472350 4.951352 -0.152267 -0.597132
-0.219737 -0.152267 1.277261 1.561189
0.049570 -0.597132 1.561189 5.035079
8.907913 4.965297 -0.420662 0.018060
0.768342 0.638018 0.438394 0.460238
0.638018 1.300305 0.330781 0.057651
0.438394 0.330781 1.667493 1.678091
0.460238 0.057651 1.678091 2.662047
10.057814 3.662226 3.044558 2.807813
0.822258 0.609874 0.433488 0.255870
0.609874 0.781825 0.258574 0.044384
0.433488 0.258574 1.060744 0.776137
0.255870 0.044384 0.776137 0.967672
10.289229 2.616074 4.481996 2.999133
0.552455 0.346775 0.158969 0.043490
0.346775 0.382941 0.004999 -0.063226
0.158969 0.004999 1.159548 0.728032
0.043490 -0.063226 0.728032 0.655041
9.304465 1.408480 4.990661 2.656268
0.401121 0.225638 -0.074479 -0.069201
0.225638 0.219792 -0.113217 -0.084599
-0.074479 -0.113217 1.243726 0.653935
-0.069201 -0.084599 0.653935 0.456186
9.076937 0.909566 7.778852 3.332512
0.454960 0.225928 -0.164959 -0.091912
0.225928 0.169785 -0.116653 -0.062782
-0.164959 -0.116653 1.136411 0.501495
-0.091912 -0.062782 0.501495 0.294295
9.377173 0.850263 9.039990 3.183682
0.573118 0.246882 -0.210497 -0.091950
0.246882 0.146420 -0.106054 -0.045539
-0.210497 -0.106054 1.054222 0.401001
-0.091950 -0.045539 0.401001 0.205033
10.861693 1.251584 9.566679 2.819251
0.628045 0.235397 -0.220507 -0.079192
0.235397 0.119143 -0.088267 -0.031245
-0.220507 -0.088267 0.993279 0.332803
-0.079192 -0.031245 0.332803 0.152440
11.255146 1.174459 11.365288 2.936374
0.664149 0.220145 -0.228123 -0.069328
0.220145 0.098926 -0.075907 -0.022748
-0.228123 -0.075907 0.883397 0.265627
-0.069328 -0.022748 0.265627 0.113961
12.735791 1.436676 11.488425 2.568892
0.665364 0.198261 -0.198189 -0.051866
0.198261 0.082330 -0.056074 -0.014443
-0.198189 -0.056074 0.863566 0.237540
-0.051866 -0.014443 0.237540 0.095256
13.791357 1.529422 12.842072 2.589072
0.653887 0.178023 -0.168599 -0.038435
0.178023 0.070307 -0.041404 -0.009291
-0.168599 -0.041404 0.795217 0.202485
-0.038435 -0.009291 0.202485 0.078905
14.334681 1.466840 13.282491 2.381399
0.607303 0.153027 -0.176705 -0.037055
0.153027 0.059750 -0.039667 -0.008309
-0.176705 -0.039667 0.708059 0.168901
-0.037055 -0.008309 0.168901 0.066072
14.684628 1.374020 14.388515 2.357598
0.598343 0.142198 -0.151606 -0.028132
0.142198 0.054807 -0.030216 -0.005652
-0.151606 -0.030216 0.665044 0.151280
-0.028132 -0.005652 0.151280 0.059278
14.568608 1.187383 15.297183 2.287619
0.603483 0.136586 -0.149482 -0.025597
0.136586 0.052021 -0.027568 -0.004868
-0.149482 -0.027568 0.638224 0.139694
-0.025597 -0.004868 0.139694 0.054924
14.429096 1.018401 15.775386 2.134159
0.561807 0.122007 -0.146081 -0.023897
0.122007 0.047859 -0.025743 -0.004515
-0.146081 -0.025743 0.563074 0.119447
-0.023897 -0.004515 0.119447 0.049422
14.771582 0.987708 17.238832 2.216020
0.546725 0.115836 -0.115623 -0.016395
0.115836 0.046260 -0.018028 -0.002864
-0.115623 -0.018028 0.528998 0.110860
-0.016395 -0.002864 0.110860 0.047215
15.566816 1.051444 18.369227 2.225392
0.518695 0.108011 -0.088298 -0.010666
0.108011 0.044580 -0.012008 -0.001785
-0.088298 -0.012008 0.495841 0.103404
-0.010666 -0.001785 0.103404 0.045498
16.095250 1.048119 19.182225 2.162210
0.524269 0.108233 -0.068464 -0.006595
0.108233 0.044793 -0.007729 -0.001044
-0.068464 -0.007729 0.502448 0.104969
-0.006595 -0.001044 0.104969 0.045840
17.124196 1.157831 20.734797 2.268241
0.518399 0.106281 -0.049275 -0.003247
0.106281 0.044565 -0.004177 -0.000538
-0.049275 -0.004177 0.500964 0.104630
-0.003247 -0.000538 0.104630 0.045741
18.118753 1.246649 22.219183 2.346614
0.503628 0.102824 -0.035599 -0.001432
0.102824 0.044058 -0.002161 -0.000383
-0.035599 -0.002161 0.492240 0.102723
-0.001432 -0.000383 0.102723 0.045312
18.755152 1.247508 23.185315 2.303376
0.506484 0.103515 -0.013864 0.002201
0.103515 0.044471 0.001532 0.000203
-0.013864 0.001532 0.498350 0.104184
0.002201 0.000203 0.104184 0.045652
19.501080 1.271469 24.183439 2.272237
0.504257 0.103125 0.003538 0.004632
0.103125 0.044605 0.004038 0.000521
0.003538 0.004038 0.499595 0.104402
0.004632 0.000521 0.104402 0.045685
19.667612 1.175938 25.428618 2.292542
0.512369 0.104979 0.033358 0.009626
0.104979 0.045186 0.009037 0.001397
0.033358 0.009037 0.511858 0.106939
0.009626 0.001397 0.106939 0.046214
20.227625 1.169975 26.410956 2.258382
0.498860 0.102192 0.056472 0.012834
0.102192 0.044739 0.012298 0.001871
0.056472 0.012298 0.503149 0.104780
0.012834 0.001871 0.104780 0.045704
20.839020 1.175980 27.200548 2.187689
0.497913 0.102261 0.049484 0.009734
0.102261 0.044905 0.009318 0.001083
0.049484 0.009318 0.501923 0.104383
0.009734 0.001083 0.104383 0.045611
21.609892 1.216450 27.576244 2.037619
0.487836 0.100401 0.056800 0.010177
0.100401 0.044632 0.009816 0.001160
0.056800 0.009816 0.496036 0.103039
0.010177 0.001160 0.103039 0.045325
21.893432 1.147542 28.872363 2.097164
0.488640 0.101002 0.052688 0.008354
0.101002 0.044885 0.007961 0.000776
0.052688 0.007961 0.515118 0.107081
0.008354 0.000776 0.107081 0.046197
22.116684 1.073514 30.080248 2.132581
0.480957 0.099742 0.048761 0.006979
0.099742 0.044705 0.006562 0.000569
0.048761 0.006562 0.522328 0.108262
0.006979 0.000569 0.108262 0.046392
23.464856 1.238711 31.730172 2.247627
0.472616 0.098559 0.026050 0.001990
0.098559 0.044567 0.001420 -0.000377
0.026050 0.001420 0.540099 0.111688
0.001990 -0.000377 0.111688 0.047076
23.687725 1.157312 32.592484 2.196452
0.468730 0.098196 0.023848 0.001778
0.098196 0.044553 0.001198 -0.000224
0.023848 0.001198 0.552610 0.113581
0.001778 -0.000224 0.113581 0.047364
24.729691 1.250449 34.407252 2.340099
0.453326 0.095446 0.010369 -0.000624
0.095446 0.044032 -0.001374 -0.000568
0.010369 -0.001374 0.569420 0.116319
-0.000624 -0.000568 0.116319 0.047842
24.944453 1.165782 35.123299 2.250091
0.461481 0.097838 -0.001098 -0.002512
0.097838 0.044615 -0.003173 -0.000771
-0.001098 -0.003173 0.567900 0.115141
-0.002512 -0.000771 0.115141 0.047508
26.165375 1.302727 35.913572 2.180317
0.421985 0.089777 -0.014637 -0.004476
0.089777 0.042899 -0.005285 -0.001005
-0.014637 -0.005285 0.563804 0.113676
-0.004476 -0.001005 0.113676 0.047179
27.348349 1.419488 35.901247 1.957933
0.395303 0.085055 -0.026492 -0.006082
0.085055 0.042005 -0.006913 -0.001178
-0.026492 -0.006913 0.545887 0.109655
-0.006082 -0.001178 0.109655 0.046387
28.364857 1.486655 36.395917 1.860657
0.390552 0.085309 -0.032852 -0.006587
0.085309 0.042201 -0.007365 -0.001151
-0.032852 -0.007365 0.547324 0.109946
-0.006587 -0.001151 0.109946 0.046535
29.070199 1.478549 37.540224 1.903598
0.395667 0.087506 -0.028151 -0.004927
0.087506 0.042745 -0.005437 -0.000685
-0.028151 -0.005437 0.566568 0.113832
-0.004927 -0.000685 0.113832 0.047392
29.650879 1.441332 37.731825 1.750717
0.407718 0.090855 -0.022469 -0.003310
0.090855 0.043453 -0.003639 -0.000313
-0.022469 -0.003639 0.561724 0.112557
-0.003310 -0.000313 0.112557 0.047141
30.459490 1.462563 39.145736 1.858861
0.430265 0.096068 -0.019980 -0.002529
0.096068 0.044487 -0.002720 -0.000158
-0.019980 -0.002720 0.593093 0.118697
-0.002529 -0.000158 0.118697 0.048403
31.319969 1.490862 39.933890 1.831186
0.437031 0.097163 -0.012850 -0.001014
0.097163 0.044511 -0.001009 0.000119
-0.012850 -0.001009 0.598600 0.119152
-0.001014 0.000119 0.119152 0.048431
32.470816 1.582070 41.381089 1.937820
0.444572 0.098332 -0.000159 0.001423
0.098332 0.044578 0.001794 0.000590
-0.000159 0.001794 0.632978 0.125388
0.001423 0.000590 0.125388 0.049630
32.227028 1.353682 41.932123 1.853135
0.427659 0.093992 -0.002018 0.000687
0.093992 0.043448 0.000973 0.000300
-0.002018 0.000973 0.628763 0.123473
0.000687 0.000300 0.123473 0.049132
31.967514 1.145716 41.486109 1.583399
0.443666 0.097360 -0.009004 -0.000880
0.097360 0.044141 -0.000885 -0.000131
-0.009004 -0.000885 0.610671 0.119166
-0.000880 -0.000131 0.119166 0.048250
32.445199 1.123337 41.309566 1.394673
0.422180 0.092259 0.016575 0.003982
0.092259 0.042941 0.004626 0.000904
0.016575 0.004626 0.612761 0.119359
0.003982 0.000904 0.119359 0.048355
32.796699 1.077436 42.121356 1.416793
0.453657 0.099237 0.009142 0.002063
0.099237 0.044496 0.002387 0.000371
0.009142 0.002387 0.624526 0.121428
0.002063 0.000371 0.121428 0.048812
33.663085 1.148784 43.750350 1.595308
0.480618 0.104509 0.008084 0.001590
0.104509 0.045533 0.001825 0.000225
0.008084 0.001825 0.629653 0.122087
0.001590 0.000225 0.122087 0.048965
34.395248 1.182566 45.336598 1.747757
0.489569 0.105406 0.024391 0.004551
0.105406 0.045554 0.005102 0.000845
0.024391 0.005102 0.624678 0.120795
0.004551 0.000845 0.120795 0.048738
34.995653 1.184193 46.530823 1.809632
0.506761 0.108091 0.032011 0.005590
0.108091 0.046000 0.006240 0.001008
0.032011 0.006240 0.593167 0.114553
0.005590 0.001008 0.114553 0.047582
35.151201 1.094810 45.887359 1.510205
0.525283 0.110883 0.048204 0.008251
0.110883 0.046462 0.009254 0.001540
0.048204 0.009254 0.506571 0.098166
0.008251 0.001540 0.098166 0.044541
