0.177421 1.033064 0.924975 -0.522049
2.990489 1.196222 -1.052037 -0.420824
1.196222 80.482566 -0.420824 -0.168333
-1.052037 -0.420824 4.991594 1.996681
-0.420824 -0.168333 1.996681 80.802756
4.576131 7.603358 -0.202207 -1.578760
2.740707 4.569783 -1.506853 -2.146080
4.569783 17.318766 -2.332068 -5.852374
-1.506853 -2.332068 3.181392 4.859133
-2.146080 -5.852374 4.859133 21.981121
6.811561 5.794913 -0.769337 -1.476397
2.166420 2.522366 0.046975 0.287943
2.522366 5.189188 0.141418 -0.449590
0.046975 0.141418 1.468550 1.784944
0.287943 -0.449590 1.784944 5.509190
6.888930 3.256743 1.210041 1.228564
1.499632 1.257087 0.586507 0.554461
1.257087 1.863760 0.463590 0.140645
0.586507 0.463590 0.844760 0.820488
0.554461 0.140645 0.820488 1.858023
6.507576 1.646074 2.930682 2.439364
0.981032 0.638802 0.550094 0.372117
0.638802 0.775597 0.277365 0.094100
0.550094 0.277365 0.906129 0.736706
0.372117 0.094100 0.736706 0.996442
7.543418 1.724162 4.588902 2.725279
0.971101 0.577969 0.263112 0.069625
0.577969 0.534568 0.032136 -0.059234
0.263112 0.032136 1.047357 0.712469
0.069625 -0.059234 0.712469 0.671528
7.948758 1.390273 7.190582 3.448401
0.682283 0.361040 -0.105514 -0.109868
0.361040 0.299774 -0.139048 -0.101503
-0.105514 -0.139048 1.070868 0.603266
-0.109868 -0.101503 0.603266 0.439703
8.008893 1.152491 7.805860 2.967403
0.800684 0.372106 -0.313522 -0.174630
0.372106 0.241747 -0.183952 -0.093313
-0.313522 -0.183952 1.028541 0.481708
-0.174630 -0.093313 0.481708 0.288891
10.774502 2.014727 9.227116 2.908639
0.769400 0.307460 -0.277088 -0.120477
0.307460 0.171464 -0.126169 -0.049522
-0.277088 -0.126169 0.985603 0.389965
-0.120477 -0.049522 0.389965 0.199411
11.142882 1.791042 10.614328 2.887582
0.790292 0.278198 -0.270218 -0.095251
0.278198 0.135490 -0.098830 -0.031269
-0.270218 -0.098830 0.940138 0.323687
-0.095251 -0.031269 0.323687 0.146827
12.157832 1.825578 11.024938 2.570511
0.759092 0.238836 -0.307394 -0.091453
0.238836 0.106324 -0.094410 -0.025537
-0.307394 -0.094410 0.871882 0.266747
-0.091453 -0.025537 0.266747 0.111457
12.757045 1.727872 11.560507 2.356929
0.731726 0.209176 -0.310344 -0.080018
0.209176 0.087191 -0.082339 -0.019381
-0.310344 -0.082339 0.829637 0.229952
-0.080018 -0.019381 0.229952 0.090359
13.891181 1.802568 12.879911 2.397427
0.687487 0.181974 -0.235225 -0.051611
0.181974 0.073316 -0.053003 -0.010229
-0.235225 -0.053003 0.760895 0.194862
-0.051611 -0.010229 0.194862 0.074663
13.850657 1.562717 13.955695 2.352442
0.655548 0.162515 -0.199326 -0.038258
0.162515 0.064112 -0.039556 -0.006607
-0.199326 -0.039556 0.694142 0.166340
-0.038258 -0.006607 0.166340 0.063570
14.536753 1.540075 15.141994 2.353172
0.630276 0.148190 -0.163594 -0.027311
0.148190 0.057948 -0.028390 -0.004055
-0.163594 -0.028390 0.648375 0.147668
-0.027311 -0.004055 0.147668 0.056814
14.773336 1.418937 16.378193 2.357349
0.621114 0.140100 -0.125535 -0.017368
0.140100 0.054378 -0.018386 -0.002028
-0.125535 -0.018386 0.615159 0.134911
-0.017368 -0.002028 0.134911 0.052569
15.815048 1.479655 16.781512 2.195452
0.587344 0.127813 -0.101540 -0.012309
0.127813 0.050506 -0.012924 -0.001296
-0.101540 -0.012924 0.586121 0.124830
-0.012309 -0.001296 0.124830 0.049551
16.594786 1.491843 18.119329 2.246692
0.576811 0.122509 -0.072599 -0.006450
0.122509 0.048790 -0.006958 -0.000390
-0.072599 -0.006958 0.567874 0.118629
-0.006450 -0.000390 0.118629 0.047855
17.130816 1.451638 19.521841 2.301678
0.549763 0.114607 -0.046540 -0.002069
0.114607 0.046821 -0.002571 0.000097
-0.046540 -0.002571 0.529041 0.109046
-0.002069 0.000097 0.109046 0.045711
17.369679 1.349315 20.529764 2.266492
0.530605 0.109436 -0.020959 0.001984
0.109436 0.045701 0.001502 0.000571
-0.020959 0.001502 0.500818 0.102800
0.001984 0.000571 0.102800 0.044514
17.373367 1.214290 21.943925 2.317880
0.502594 0.103092 0.000037 0.004781
0.103092 0.044480 0.004289 0.000796
0.000037 0.004289 0.462023 0.095000
0.004781 0.000796 0.095000 0.043100
17.748078 1.162266 22.433708 2.177613
0.495206 0.101524 -0.001387 0.003075
0.101524 0.044329 0.002671 0.000208
-0.001387 0.002671 0.452881 0.093855
0.003075 0.000208 0.093855 0.043123
18.868702 1.271140 23.082837 2.088215
0.472408 0.097056 0.005006 0.003266
0.097056 0.043603 0.002968 0.000118
0.005006 0.002968 0.439896 0.092002
0.003266 0.000118 0.092002 0.042966
19.060852 1.179448 24.123910 2.086350
0.458588 0.094845 0.009475 0.003267
0.094845 0.043379 0.003018 0.000046
0.009475 0.003018 0.428949 0.090635
0.003267 0.000046 0.090635 0.042875
19.320063 1.110144 24.683422 1.982739
0.468982 0.097813 0.001217 0.000753
0.097813 0.044212 0.000591 -0.000498
0.001217 0.000591 0.439020 0.093733
0.000753 -0.000498 0.093733 0.043690
19.985184 1.133215 25.443291 1.933055
0.455738 0.095496 -0.009070 -0.001849
0.095496 0.043832 -0.001923 -0.000990
-0.009070 -0.001923 0.434111 0.093210
-0.001849 -0.000990 0.093210 0.043619
21.232970 1.276892 26.326669 1.915197
0.448647 0.094626 -0.011597 -0.002444
0.094626 0.043763 -0.002491 -0.001009
-0.011597 -0.002491 0.439531 0.094875
-0.002444 -0.001009 0.094875 0.044000
21.928067 1.288916 27.236284 1.904827
0.445390 0.094563 -0.020662 -0.004351
0.094563 0.043838 -0.004350 -0.001308
-0.020662 -0.004350 0.445949 0.096509
-0.004351 -0.001308 0.096509 0.044322
22.445609 1.261739 28.091914 1.883761
0.455607 0.097292 -0.020680 -0.004080
0.097292 0.044473 -0.004077 -0.001125
-0.020680 -0.004077 0.462210 0.100059
-0.004080 -0.001125 0.100059 0.045022
23.135126 1.274630 29.303791 1.942104
0.447482 0.095756 -0.017548 -0.003184
0.095756 0.044119 -0.003165 -0.000841
-0.017548 -0.003165 0.471268 0.101674
-0.003184 -0.000841 0.101674 0.045245
23.507160 1.218670 30.917219 2.079652
0.451471 0.096915 -0.013763 -0.002230
0.096915 0.044366 -0.002182 -0.000575
-0.013763 -0.002182 0.497203 0.106771
-0.002230 -0.000575 0.106771 0.046215
24.212437 1.238869 31.691742 2.023317
0.458393 0.098516 -0.022233 -0.003986
0.098516 0.044669 -0.003962 -0.000928
-0.022233 -0.003962 0.506626 0.107841
-0.003986 -0.000928 0.107841 0.046254
25.228290 1.322928 32.144085 1.906010
0.454942 0.097722 -0.016201 -0.002515
0.097722 0.044435 -0.002476 -0.000565
-0.016201 -0.002476 0.501694 0.105897
-0.002515 -0.000565 0.105897 0.045700
25.788943 1.301306 33.116068 1.909788
0.437666 0.093997 -0.021909 -0.003702
0.093997 0.043590 -0.003655 -0.000809
-0.021909 -0.003655 0.505619 0.106098
-0.003702 -0.000809 0.106098 0.045681
26.683406 1.355033 34.546313 2.009655
0.414512 0.089326 -0.030038 -0.005297
0.089326 0.042610 -0.005234 -0.001120
-0.030038 -0.005234 0.516678 0.107854
-0.005297 -0.001120 0.107854 0.046013
27.165361 1.312205 35.454792 1.989057
0.403263 0.087629 -0.025712 -0.004139
0.087629 0.042341 -0.004005 -0.000821
-0.025712 -0.004005 0.519068 0.107755
-0.004139 -0.000821 0.107755 0.045958
27.910609 1.329751 35.853941 1.866232
0.417816 0.091601 -0.028636 -0.004546
0.091601 0.043291 -0.004530 -0.000905
-0.028636 -0.004530 0.517621 0.106944
-0.004546 -0.000905 0.106944 0.045780
28.418268 1.294848 36.708693 1.849506
0.424608 0.093346 -0.035153 -0.005708
0.093346 0.043632 -0.005767 -0.001143
-0.035153 -0.005767 0.529249 0.108983
-0.005708 -0.001143 0.108983 0.046221
29.028288 1.285626 37.399320 1.801277
0.440519 0.096885 -0.035447 -0.005468
0.096885 0.044334 -0.005561 -0.001064
-0.035447 -0.005561 0.534896 0.109690
-0.005468 -0.001064 0.109690 0.046368
29.305975 1.208075 38.876572 1.917605
0.447115 0.097973 -0.037958 -0.005782
0.097973 0.044434 -0.005810 -0.001105
-0.037958 -0.005810 0.560017 0.114383
-0.005782 -0.001105 0.114383 0.047331
29.739363 1.168990 39.458621 1.840260
0.442241 0.096452 -0.042423 -0.006545
0.096452 0.043972 -0.006626 -0.001276
-0.042423 -0.006626 0.557329 0.113032
-0.006545 -0.001276 0.113032 0.046993
30.922080 1.300732 40.634924 1.895104
0.405222 0.088175 -0.034344 -0.004888
0.088175 0.042115 -0.004582 -0.000893
-0.034344 -0.004582 0.567994 0.114693
-0.004888 -0.000893 0.114693 0.047336
31.703678 1.331191 41.902781 1.960214
0.412304 0.090316 -0.033085 -0.004553
0.090316 0.042693 -0.004281 -0.000846
-0.033085 -0.004281 0.575911 0.115696
-0.004553 -0.000846 0.115696 0.047529
32.822078 1.427096 42.141889 1.814158
0.319013 0.070335 0.019003 0.005401
0.070335 0.038378 0.006921 0.001268
0.019003 0.006921 0.535236 0.107232
0.005401 0.001268 0.107232 0.045880
33.468438 1.413294 43.588602 1.922336
0.339018 0.077042 0.015423 0.003877
0.077042 0.040252 0.004972 0.000718
0.015423 0.004972 0.543916 0.109228
0.003877 0.000718 0.109228 0.046419
34.257923 1.432240 44.397082 1.891691
0.374739 0.086455 0.007824 0.001758
0.086455 0.042489 0.002367 0.000116
0.007824 0.002367 0.525494 0.105612
0.001758 0.000116 0.105612 0.045776
35.274910 1.501699 45.558845 1.935147
0.414243 0.095569 0.003555 0.000555
0.095569 0.044402 0.000929 -0.000180
0.003555 0.000929 0.510528 0.103025
0.000555 -0.000180 0.103025 0.045383
36.387171 1.584281 46.188665 1.866290
0.430031 0.098172 0.026942 0.005142
0.098172 0.044641 0.006060 0.000895
0.026942 0.006060 0.434025 0.088108
0.005142 0.000895 0.088108 0.042489
37.097259 1.566766 46.520603 1.741675
0.463153 0.104488 0.011278 0.001301
0.104488 0.045755 0.001869 -0.000029
0.011278 0.001869 0.406530 0.084362
0.001301 -0.000029 0.084362 0.042052
37.830634 1.555410 47.519648 1.769052
0.498200 0.110613 -0.009362 -0.003233
0.110613 0.046768 -0.002890 -0.000992
-0.009362 -0.002890 0.407853 0.086719
-0.003233 -0.000992 0.086719 0.042829
