0.148070 1.021324 -1.693994 -1.569660
1.183173 0.473280 0.830708 0.332290
0.473280 80.193383 0.332290 0.132919
0.830708 0.332290 3.457387 1.382985
0.332290 0.132919 1.382985 80.557272
0.025323 -0.592590 3.316735 8.163592
3.370859 6.446718 -1.793208 -3.245695
6.446718 16.559643 -3.468814 -3.814804
-1.793208 -3.468814 1.487295 2.618061
-3.245695 -3.814804 2.618061 15.572567
2.163989 1.528368 4.089497 3.831898
1.968278 2.102874 -0.730478 -0.527350
2.102874 3.155073 -0.296987 0.170099
-0.730478 -0.296987 2.691130 3.897464
-0.527350 0.170099 3.897464 7.009150
2.656416 1.248879 5.108022 2.991204
1.868961 1.409809 -0.500014 -0.239553
1.409809 1.401713 -0.185463 -0.063347
-0.500014 -0.185463 2.630385 2.317247
-0.239553 -0.063347 2.317247 2.447035
4.537085 1.922746 4.856327 1.934086
1.464913 0.855193 -0.220004 -0.061819
0.855193 0.672209 -0.050637 -0.024639
-0.220004 -0.050637 2.070995 1.322178
-0.061819 -0.024639 1.322178 1.033393
7.154651 2.711776 5.403732 1.767501
1.418520 0.674512 -0.423863 -0.175289
0.674512 0.425700 -0.167336 -0.091769
-0.423863 -0.167336 1.837987 0.918334
-0.175289 -0.091769 0.918334 0.569160
6.379885 1.866367 8.025454 2.459124
0.691269 0.276307 -0.412675 -0.161035
0.276307 0.181914 -0.149809 -0.075730
-0.412675 -0.149809 1.378127 0.570386
-0.161035 -0.075730 0.570386 0.309619
8.051091 2.134128 8.788601 2.300171
0.747059 0.272814 -0.356063 -0.118830
0.272814 0.152395 -0.113976 -0.050327
-0.356063 -0.113976 1.219761 0.437250
-0.118830 -0.050327 0.437250 0.210891
9.874300 2.372738 8.783050 1.937383
0.743269 0.245940 -0.343171 -0.101937
0.245940 0.122728 -0.101249 -0.039320
-0.343171 -0.101249 1.014542 0.322075
-0.101937 -0.039320 0.322075 0.145088
11.053633 2.327572 6.713244 1.050509
0.592755 0.177559 -0.384067 -0.105656
0.177559 0.087496 -0.106227 -0.036458
-0.384067 -0.106227 0.872158 0.250373
-0.105656 -0.036458 0.250373 0.107797
11.640933 2.176821 8.193685 1.301844
0.569470 0.160751 -0.313462 -0.076716
0.160751 0.075309 -0.076577 -0.024358
-0.313462 -0.076577 0.806513 0.214841
-0.076716 -0.024358 0.214841 0.088822
12.477216 2.106538 8.822954 1.292109
0.588543 0.157566 -0.272358 -0.059889
0.157566 0.069235 -0.059620 -0.017604
-0.272358 -0.059620 0.786943 0.196802
-0.059889 -0.017604 0.196802 0.078008
14.119774 2.269626 9.915015 1.409698
0.553803 0.141017 -0.204669 -0.040299
0.141017 0.061076 -0.039503 -0.011482
-0.204669 -0.039503 0.717973 0.170176
-0.040299 -0.011482 0.170176 0.067310
14.495439 2.104168 11.936036 1.701607
0.553686 0.135412 -0.151847 -0.026422
0.135412 0.057093 -0.026092 -0.007644
-0.151847 -0.026092 0.647370 0.147027
-0.026422 -0.007644 0.147027 0.059219
14.763442 1.925819 13.340436 1.813971
0.566869 0.133200 -0.136775 -0.022529
0.133200 0.054565 -0.022622 -0.006468
-0.136775 -0.022622 0.621731 0.136625
-0.022529 -0.006468 0.136625 0.055132
14.929609 1.747716 14.589594 1.877965
0.568380 0.128819 -0.121566 -0.019085
0.128819 0.052097 -0.019401 -0.005490
-0.121566 -0.019401 0.592233 0.126849
-0.019085 -0.005490 0.126849 0.051850
15.453544 1.672766 15.747543 1.920378
0.574666 0.126371 -0.105289 -0.015593
0.126371 0.050565 -0.015922 -0.004518
-0.105289 -0.015922 0.579367 0.121916
-0.015593 -0.004518 0.121916 0.050099
16.712480 1.762638 16.582772 1.898788
0.547795 0.117490 -0.076795 -0.010151
0.117490 0.048005 -0.010203 -0.003231
-0.076795 -0.010203 0.555362 0.115445
-0.010151 -0.003231 0.115445 0.048321
16.865692 1.610902 17.790006 1.945339
0.513832 0.108278 -0.061395 -0.007851
0.108278 0.045739 -0.008003 -0.002767
-0.061395 -0.008003 0.504399 0.104009
-0.007851 -0.002767 0.104009 0.045718
17.016211 1.479242 19.433695 2.079107
0.514137 0.107522 -0.039426 -0.003888
0.107522 0.045566 -0.004111 -0.001880
-0.039426 -0.004111 0.486708 0.100662
-0.003888 -0.001880 0.100662 0.045065
17.553454 1.437634 20.548929 2.093488
0.516192 0.107277 -0.024447 -0.001577
0.107277 0.045535 -0.001777 -0.001364
-0.024447 -0.001777 0.485621 0.100957
-0.001577 -0.001364 0.100957 0.045196
18.311506 1.447348 21.912447 2.159842
0.512243 0.105899 -0.015118 -0.000522
0.105899 0.045290 -0.000692 -0.001125
-0.015118 -0.000692 0.483080 0.100803
-0.000522 -0.001125 0.100803 0.045193
19.005630 1.440391 22.740243 2.106945
0.508551 0.104816 -0.005961 0.000582
0.104816 0.045146 0.000426 -0.000863
-0.005961 0.000426 0.482082 0.100918
0.000582 -0.000863 0.100918 0.045230
19.397349 1.373120 23.965616 2.142312
0.487703 0.100388 0.005097 0.002116
0.100388 0.044336 0.001957 -0.000512
0.005097 0.001957 0.464607 0.097503
0.002116 -0.000512 0.097503 0.044510
20.351109 1.428389 25.258063 2.189160
0.478313 0.098761 -0.000182 0.000266
0.098761 0.044164 0.000169 -0.000851
-0.000182 0.000169 0.465316 0.098151
0.000266 -0.000851 0.098151 0.044688
21.040054 1.423319 25.913630 2.096222
0.475041 0.098551 -0.005687 -0.001302
0.098551 0.044280 -0.001358 -0.001079
-0.005687 -0.001358 0.464808 0.098405
-0.001302 -0.001079 0.098405 0.044747
22.143499 1.505190 26.629670 2.025530
0.465101 0.096940 -0.012411 -0.002869
0.096940 0.044070 -0.002891 -0.001278
-0.012411 -0.002891 0.461675 0.098013
-0.002869 -0.001278 0.098013 0.044649
22.668554 1.457693 27.192441 1.929832
0.471611 0.098872 -0.016957 -0.003762
0.098872 0.044594 -0.003766 -0.001321
-0.016957 -0.003766 0.469371 0.099901
-0.003762 -0.001321 0.099901 0.045034
23.516840 1.482814 28.222675 1.943749
0.482640 0.101511 -0.014360 -0.003008
0.101511 0.045197 -0.003019 -0.001024
-0.014360 -0.003019 0.487712 0.103821
-0.003008 -0.001024 0.103821 0.045809
24.021985 1.433081 29.107589 1.925218
0.484306 0.101892 -0.003201 -0.000501
0.101892 0.045260 -0.000527 -0.000395
-0.003201 -0.000527 0.497640 0.105549
-0.000501 -0.000395 0.105549 0.046053
25.021808 1.492734 30.583825 2.033673
0.439245 0.092389 -0.036950 -0.007720
0.092389 0.043237 -0.007711 -0.001876
-0.036950 -0.007711 0.485977 0.102563
-0.007720 -0.001876 0.102563 0.045298
25.412548 1.416931 31.440022 1.999251
0.450467 0.095642 -0.037450 -0.007184
0.095642 0.044072 -0.007173 -0.001595
-0.037450 -0.007173 0.500053 0.105347
-0.007184 -0.001595 0.105347 0.045849
26.222312 1.439490 32.788811 2.072851
0.472170 0.100715 -0.038883 -0.006917
0.100715 0.045186 -0.006895 -0.001418
-0.038883 -0.006895 0.528537 0.110900
-0.006917 -0.001418 0.110900 0.046941
26.522712 1.349770 33.750258 2.055800
0.450846 0.096052 -0.037976 -0.006379
0.096052 0.044109 -0.006286 -0.001240
-0.037976 -0.006286 0.528000 0.109895
-0.006379 -0.001240 0.109895 0.046585
27.115693 1.331475 34.591540 2.016819
0.450598 0.096352 -0.029261 -0.004251
0.096352 0.044196 -0.004105 -0.000752
-0.029261 -0.004105 0.530352 0.109727
-0.004251 -0.000752 0.109727 0.046478
27.247714 1.212553 34.555034 1.799337
0.449409 0.096261 -0.044297 -0.007275
0.096261 0.044154 -0.007333 -0.001437
-0.044297 -0.007333 0.518164 0.106574
-0.007275 -0.001437 0.106574 0.045772
27.869722 1.216018 35.471146 1.802796
0.451359 0.096853 -0.048644 -0.007823
0.096853 0.044264 -0.007859 -0.001507
-0.048644 -0.007859 0.530493 0.108898
-0.007823 -0.001507 0.108898 0.046286
28.340572 1.190058 37.014719 1.933756
0.444538 0.095466 -0.050646 -0.007936
0.095466 0.043934 -0.007811 -0.001479
-0.050646 -0.007811 0.555182 0.113594
-0.007936 -0.001479 0.113594 0.047249
28.546833 1.106375 38.022079 1.939662
0.417616 0.089832 -0.053564 -0.008398
0.089832 0.042707 -0.008130 -0.001568
-0.053564 -0.008130 0.561738 0.114188
-0.008398 -0.001568 0.114188 0.047301
28.675632 1.012004 38.693396 1.876341
0.413281 0.089623 -0.047898 -0.006975
0.089623 0.042758 -0.006682 -0.001266
-0.047898 -0.006682 0.556467 0.112486
-0.006975 -0.001266 0.112486 0.046923
29.520138 1.087457 39.814633 1.915630
0.412850 0.090172 -0.042547 -0.005775
0.090172 0.042933 -0.005386 -0.001027
-0.042547 -0.005386 0.565078 0.113848
-0.005775 -0.001027 0.113848 0.047219
30.201163 1.117158 40.695213 1.901013
0.383874 0.084298 -0.033688 -0.004205
0.084298 0.041653 -0.003533 -0.000743
-0.033688 -0.003533 0.564715 0.113373
-0.004205 -0.000743 0.113373 0.047137
30.666759 1.094178 41.295269 1.830154
0.385524 0.085606 -0.031818 -0.003972
0.085606 0.042033 -0.003458 -0.000783
-0.031818 -0.003458 0.556342 0.111367
-0.003972 -0.000783 0.111367 0.046761
31.487393 1.153245 41.839554 1.757450
0.371640 0.083232 -0.016534 -0.001158
0.083232 0.041529 -0.000389 -0.000232
-0.016534 -0.000389 0.542069 0.108511
-0.001158 -0.000232 0.108511 0.046273
32.174146 1.178666 42.816789 1.777744
0.370654 0.083808 -0.006815 0.000392
0.083808 0.041689 0.001246 0.000017
-0.006815 0.001246 0.539638 0.108275
0.000392 0.000017 0.108275 0.046339
32.453793 1.107157 43.451430 1.725547
0.383244 0.087211 -0.008835 -0.000454
0.087211 0.042429 0.000082 -0.000283
-0.008835 0.000082 0.527534 0.106062
-0.000454 -0.000283 0.106062 0.045980
32.993914 1.104141 44.330497 1.728802
0.405541 0.092374 -0.008939 -0.000761
0.092374 0.043486 -0.000418 -0.000400
-0.008939 -0.000418 0.519295 0.104821
-0.000761 -0.000400 0.104821 0.045835
33.662097 1.130173 45.080801 1.705885
0.427063 0.096763 -0.005634 -0.000311
0.096763 0.044271 -0.000043 -0.000320
-0.005634 -0.000043 0.501884 0.101793
-0.000311 -0.000320 0.101793 0.045320
34.989118 1.301142 45.900804 1.700199
0.439583 0.098710 0.020883 0.004868
0.098710 0.044470 0.005534 0.000823
0.020883 0.005534 0.465108 0.095035
0.004868 0.000823 0.095035 0.044063
35.335739 1.233688 47.272693 1.808308
0.463419 0.102988 0.004202 0.000732
0.102988 0.045200 0.001018 -0.000191
0.004202 0.001018 0.468371 0.096958
0.000732 -0.000191 0.096958 0.044643
