0.579630 1.193951 5.034920 1.121964
2.820858 1.128368 -0.942400 -0.376968
1.128368 80.455424 -0.376968 -0.150791
-0.942400 -0.376968 4.227004 1.690838
-0.376968 -0.150791 1.690838 80.680417
1.611269 1.825666 3.975645 -1.463192
2.563128 4.347036 -0.949104 -1.347469
4.347036 16.634994 -1.364400 -4.298548
-0.949104 -1.364400 3.745012 5.979265
-1.347469 -4.298548 5.979265 22.398295
5.802110 5.516440 -0.183072 -5.233885
2.104196 2.382385 -1.664939 -1.817372
2.382385 4.837358 -1.835212 -2.697372
-1.664939 -1.835212 3.333003 3.710237
-1.817372 -2.697372 3.710237 7.266514
7.562740 4.856440 1.139243 -1.902831
1.559445 1.378845 -0.002913 0.117215
1.378845 1.997094 0.044834 -0.167216
-0.002913 0.044834 0.840633 0.726965
0.117215 -0.167216 0.726965 1.798904
7.282051 2.925102 1.962691 -0.474532
0.871552 0.588520 0.466469 0.377374
0.588520 0.752275 0.298598 0.102678
0.466469 0.298598 0.767076 0.619352
0.377374 0.102678 0.619352 0.990973
8.175785 2.303517 4.009698 1.279737
0.703601 0.402727 0.439184 0.245787
0.402727 0.412615 0.197293 0.053113
0.439184 0.197293 0.756396 0.510268
0.245787 0.053113 0.510268 0.568283
8.661392 1.944145 4.486408 1.259325
0.626299 0.327368 0.246913 0.077447
0.327368 0.277603 0.042271 -0.025505
0.246913 0.042271 0.869917 0.511816
0.077447 -0.025505 0.511816 0.420225
11.008213 2.541057 5.921422 1.548494
0.665402 0.312755 0.080052 -0.015948
0.312755 0.213482 -0.035546 -0.045182
0.080052 -0.035546 0.960417 0.476649
-0.015948 -0.045182 0.476649 0.307953
12.242058 2.508062 7.054718 1.700867
0.711759 0.293191 -0.030138 -0.051626
0.293191 0.166428 -0.062512 -0.040025
-0.030138 -0.062512 1.002706 0.421566
-0.051626 -0.040025 0.421566 0.225597
9.847750 1.232380 6.993433 1.501162
0.288576 0.111502 -0.256623 -0.102331
0.111502 0.077510 -0.122506 -0.045060
-0.256623 -0.122506 0.952473 0.351254
-0.102331 -0.045060 0.351254 0.165425
10.185368 1.121963 9.265487 1.992403
0.343953 0.123634 -0.250150 -0.082529
0.123634 0.072261 -0.095368 -0.028913
-0.250150 -0.095368 0.881089 0.285004
-0.082529 -0.028913 0.285004 0.121838
10.759139 1.123381 9.705983 1.829895
0.399030 0.132277 -0.265854 -0.074217
0.132277 0.067765 -0.084931 -0.021886
-0.265854 -0.084931 0.797557 0.231011
-0.074217 -0.021886 0.231011 0.093049
11.385874 1.136385 10.073255 1.682665
0.462871 0.141690 -0.262144 -0.062661
0.141690 0.065028 -0.071231 -0.015674
-0.262144 -0.071231 0.815125 0.216137
-0.062661 -0.015674 0.216137 0.081480
11.628820 1.056519 11.788103 1.895929
0.487405 0.138394 -0.218266 -0.044464
0.138394 0.059696 -0.051341 -0.009485
-0.218266 -0.051341 0.717740 0.176296
-0.044464 -0.009485 0.176296 0.066405
12.175162 1.061139 12.719943 1.892505
0.519519 0.137906 -0.187332 -0.032666
0.137906 0.056433 -0.038158 -0.005943
-0.187332 -0.038158 0.687252 0.159328
-0.032666 -0.005943 0.159328 0.059542
12.470405 1.005039 13.879210 1.935479
0.540620 0.134989 -0.162801 -0.024681
0.134989 0.053381 -0.029609 -0.004064
-0.162801 -0.029609 0.639265 0.141263
-0.024681 -0.004064 0.141263 0.053660
13.149235 1.064072 15.752310 2.137055
0.538489 0.127728 -0.123982 -0.015365
0.127728 0.050106 -0.019413 -0.002158
-0.123982 -0.019413 0.577851 0.123512
-0.015365 -0.002158 0.123512 0.048897
13.859836 1.102840 16.682327 2.111175
0.533092 0.120906 -0.111228 -0.012873
0.120906 0.047545 -0.016428 -0.001965
-0.111228 -0.016428 0.538172 0.112379
-0.012873 -0.001965 0.112379 0.046124
15.429489 1.318197 17.069039 1.990112
0.513208 0.112741 -0.076073 -0.006208
0.112741 0.045320 -0.008399 -0.000705
-0.076073 -0.008399 0.528294 0.109471
-0.006208 -0.000705 0.109471 0.045554
16.678836 1.449749 18.340442 2.057498
0.511526 0.109551 -0.071426 -0.006177
0.109551 0.044473 -0.007977 -0.001002
-0.071426 -0.007977 0.520705 0.106939
-0.006177 -0.001002 0.106939 0.045045
17.597381 1.490421 19.340627 2.054534
0.498910 0.105110 -0.047321 -0.002216
0.105110 0.043618 -0.003601 -0.000419
-0.047321 -0.003601 0.500434 0.102532
-0.002216 -0.000419 0.102532 0.044298
17.814463 1.381115 20.474907 2.069761
0.493267 0.102647 -0.049075 -0.003742
0.102647 0.043266 -0.005007 -0.000995
-0.049075 -0.005007 0.480905 0.098435
-0.003742 -0.000995 0.098435 0.043617
18.852065 1.447146 20.880193 1.943535
0.476868 0.098567 -0.045006 -0.003915
0.098567 0.042674 -0.004893 -0.001173
-0.045006 -0.004893 0.465775 0.095776
-0.003915 -0.001173 0.095776 0.043304
19.555429 1.449050 22.575565 2.093883
0.476314 0.098400 -0.039137 -0.003400
0.098400 0.042969 -0.004207 -0.001135
-0.039137 -0.004207 0.463869 0.096121
-0.003400 -0.001135 0.096121 0.043622
19.764082 1.341373 23.521974 2.068374
0.463967 0.095941 -0.032649 -0.002811
0.095941 0.042756 -0.003473 -0.001081
-0.032649 -0.003473 0.449634 0.093810
-0.002811 -0.001081 0.093810 0.043323
20.216056 1.295191 24.447944 2.043920
0.467610 0.097123 -0.025404 -0.001874
0.097123 0.043304 -0.002426 -0.000906
-0.025404 -0.002426 0.454557 0.095682
-0.001874 -0.000906 0.095682 0.043896
21.149592 1.355487 25.592787 2.071736
0.463604 0.096643 -0.015694 -0.000460
0.096643 0.043436 -0.000893 -0.000629
-0.015694 -0.000893 0.458486 0.097091
-0.000460 -0.000629 0.097091 0.044289
21.895248 1.369171 26.493643 2.043357
0.459942 0.096201 -0.027949 -0.003738
0.096201 0.043523 -0.004022 -0.001340
-0.027949 -0.004022 0.460728 0.097822
-0.003738 -0.001340 0.097822 0.044456
22.148400 1.279775 27.881561 2.119515
0.449107 0.094363 -0.022282 -0.002812
0.094363 0.043303 -0.002999 -0.001086
-0.022282 -0.002999 0.464059 0.098758
-0.002812 -0.001086 0.098758 0.044661
22.891262 1.301538 28.934997 2.118552
0.450620 0.095250 -0.023640 -0.003356
0.095250 0.043646 -0.003480 -0.001155
-0.023640 -0.003480 0.473990 0.100943
-0.003356 -0.001155 0.100943 0.045101
23.321215 1.255253 30.207821 2.163249
0.439580 0.093337 -0.024741 -0.003777
0.093337 0.043338 -0.003821 -0.001190
-0.024741 -0.003821 0.480436 0.102155
-0.003777 -0.001190 0.102155 0.045294
24.005206 1.266071 30.870799 2.074574
0.449089 0.095951 -0.021195 -0.003056
0.095951 0.044000 -0.003096 -0.000975
-0.021195 -0.003096 0.487786 0.103463
-0.003056 -0.000975 0.103463 0.045504
24.678253 1.274878 31.991397 2.092311
0.430329 0.092185 -0.017929 -0.002522
0.092185 0.043213 -0.002485 -0.000822
-0.017929 -0.002485 0.489890 0.103554
-0.002522 -0.000822 0.103554 0.045450
25.170485 1.243103 32.857397 2.053948
0.424924 0.091586 -0.017361 -0.002531
0.091586 0.043156 -0.002473 -0.000795
-0.017361 -0.002473 0.494748 0.104249
-0.002531 -0.000795 0.104249 0.045544
25.473764 1.174071 33.885357 2.053380
0.434025 0.094106 -0.014494 -0.001987
0.094106 0.043753 -0.001905 -0.000642
-0.014494 -0.001905 0.510784 0.107273
-0.001987 -0.000642 0.107273 0.046135
26.622535 1.296214 34.929236 2.058179
0.429972 0.093404 -0.027338 -0.004787
0.093404 0.043568 -0.004799 -0.001231
-0.027338 -0.004799 0.521335 0.108862
-0.004787 -0.001231 0.108862 0.046381
27.112608 1.262152 36.104789 2.088204
0.430028 0.093637 -0.029925 -0.005142
0.093637 0.043600 -0.005140 -0.001231
-0.029925 -0.005140 0.536031 0.111256
-0.005142 -0.001231 0.111256 0.046803
27.715346 1.257088 37.524984 2.165696
0.427520 0.093221 -0.037211 -0.006445
0.093221 0.043475 -0.006464 -0.001444
-0.037211 -0.006464 0.556246 0.114625
-0.006445 -0.001444 0.114625 0.047411
28.194000 1.222512 38.107090 2.062754
0.427582 0.093376 -0.040791 -0.006866
0.093376 0.043482 -0.006951 -0.001475
-0.040791 -0.006951 0.551113 0.112586
-0.006866 -0.001475 0.112586 0.046890
28.579444 1.172093 38.909051 2.015164
0.443809 0.097019 -0.043007 -0.006935
0.097019 0.044247 -0.007095 -0.001433
-0.043007 -0.007095 0.553221 0.112359
-0.006935 -0.001433 0.112359 0.046824
29.739018 1.294355 39.279268 1.888729
0.428839 0.093498 -0.035022 -0.005112
0.093498 0.043386 -0.005104 -0.001009
-0.035022 -0.005104 0.540418 0.109288
-0.005112 -0.001009 0.109288 0.046219
30.719199 1.369943 40.798710 2.006645
0.390465 0.085187 -0.033530 -0.004915
0.085187 0.041559 -0.004586 -0.000952
-0.033530 -0.004586 0.564040 0.113930
-0.004915 -0.000952 0.113930 0.047234
31.162838 1.316255 41.721411 1.989237
0.400330 0.088223 -0.033876 -0.004875
0.088223 0.042367 -0.004681 -0.000968
-0.033876 -0.004681 0.560972 0.112798
-0.004875 -0.000968 0.112798 0.047001
31.646033 1.276769 42.583749 1.961816
0.399831 0.088568 -0.030623 -0.004187
0.088568 0.042471 -0.003994 -0.000841
-0.030623 -0.003994 0.554440 0.111184
-0.004187 -0.000841 0.111184 0.046712
32.368336 1.295333 43.539476 1.957167
0.409956 0.091190 -0.022083 -0.002461
0.091190 0.043059 -0.002227 -0.000497
-0.022083 -0.002227 0.542223 0.108670
-0.002461 -0.000497 0.108670 0.046282
33.125266 1.321811 44.993965 2.053247
0.432362 0.096188 -0.019077 -0.001957
0.096188 0.044102 -0.001813 -0.000441
-0.019077 -0.001813 0.539683 0.108335
-0.001957 -0.000441 0.108335 0.046318
33.542239 1.266402 45.671398 1.982042
0.455116 0.100685 -0.023468 -0.002984
0.100685 0.044934 -0.003154 -0.000739
-0.023468 -0.003154 0.512133 0.102975
-0.002984 -0.000739 0.102975 0.045324
34.124885 1.253146 46.082487 1.864380
0.458947 0.100663 -0.008635 -0.000083
0.100663 0.044738 -0.000155 -0.000142
-0.008635 -0.000155 0.466142 0.094396
-0.000083 -0.000142 0.094396 0.043754
35.201322 1.348928 46.296741 1.718114
0.446550 0.097266 0.029437 0.007342
0.097266 0.043882 0.007589 0.001386
0.029437 0.007589 0.401177 0.082544
0.007342 0.001386 0.082544 0.041586
36.716117 1.531368 47.510205 1.793298
0.482578 0.104701 0.034520 0.007437
0.104701 0.045464 0.007648 0.001247
0.034520 0.007648 0.391717 0.082844
0.007437 0.001247 0.082844 0.041988
