2.045897 1.780471 -0.927588 -1.263090
2.559817 1.023949 -0.753575 -0.301437
1.023949 80.413655 -0.301437 -0.120577
-0.753575 -0.301437 4.887204 1.954924
-0.301437 -0.120577 1.954924 80.786053
2.577356 1.360735 2.076203 4.418611
3.658564 6.310270 -1.193360 -1.664763
6.310270 19.446480 -2.036829 -4.723976
-1.193360 -2.036829 0.768725 1.138215
-1.664763 -4.723976 1.138215 16.078135
6.445726 4.753075 1.858378 0.970275
2.425712 2.615838 -0.880214 -0.980251
2.615838 4.932561 -0.874990 -1.589134
-0.880214 -0.874990 2.389793 3.876213
-0.980251 -1.589134 3.876213 7.715673
7.586588 3.736305 1.775773 0.359500
1.541874 1.258000 0.026975 0.109033
1.258000 1.844623 0.051840 -0.145749
0.026975 0.051840 1.896048 1.818592
0.109033 -0.145749 1.818592 2.151841
5.912188 1.366328 1.902365 0.336523
0.770798 0.505968 0.613421 0.414823
0.505968 0.721616 0.390098 0.140458
0.613421 0.390098 1.267856 0.861038
0.414823 0.140458 0.861038 0.769914
6.951467 1.464219 3.406011 1.073998
0.818582 0.511743 0.361083 0.140902
0.511743 0.518931 0.161026 -0.002438
0.361083 0.161026 0.770524 0.412923
0.140902 -0.002438 0.412923 0.324008
8.104340 1.626045 4.685927 1.403458
0.936696 0.511528 0.170089 0.012896
0.511528 0.391602 0.012724 -0.054447
0.170089 0.012724 0.817151 0.384162
0.012896 -0.054447 0.384162 0.245198
7.691482 1.067727 5.208253 1.396301
0.514148 0.242485 -0.037238 -0.043055
0.242485 0.184391 -0.083621 -0.057541
-0.037238 -0.083621 0.895683 0.368765
-0.043055 -0.057541 0.368765 0.194735
9.085074 1.380595 6.725887 1.651571
0.611983 0.257910 -0.126670 -0.068499
0.257910 0.156586 -0.097782 -0.049350
-0.126670 -0.097782 0.921760 0.329771
-0.068499 -0.049350 0.329771 0.151110
9.735997 1.355410 7.887689 1.757007
0.673718 0.250894 -0.192691 -0.077760
0.250894 0.129410 -0.099500 -0.039919
-0.192691 -0.099500 0.911339 0.288242
-0.077760 -0.039919 0.288242 0.118938
10.496893 1.370383 9.362565 1.922435
0.732637 0.242159 -0.207589 -0.070492
0.242159 0.109456 -0.085118 -0.029046
-0.207589 -0.085118 0.875731 0.248509
-0.070492 -0.029046 0.248509 0.095375
11.487204 1.454948 10.754527 2.029869
0.720414 0.213910 -0.183302 -0.054167
0.213910 0.089271 -0.063372 -0.018908
-0.183302 -0.063372 0.800506 0.207115
-0.054167 -0.018908 0.207115 0.076902
11.731149 1.325115 11.659265 2.005849
0.713642 0.193830 -0.202305 -0.051810
0.193830 0.076385 -0.059131 -0.015315
-0.202305 -0.059131 0.748591 0.179969
-0.051810 -0.015315 0.179969 0.065862
12.714392 1.406501 11.946387 1.843684
0.672167 0.169159 -0.199388 -0.045316
0.169159 0.065253 -0.050884 -0.011698
-0.199388 -0.050884 0.702200 0.159055
-0.045316 -0.011698 0.159055 0.058383
13.459506 1.417520 13.210951 1.918330
0.662006 0.156640 -0.195107 -0.039890
0.156640 0.059272 -0.044244 -0.009160
-0.195107 -0.044244 0.669928 0.144861
-0.039890 -0.009160 0.144861 0.053724
13.962458 1.373242 14.532167 1.993176
0.631521 0.142171 -0.158344 -0.028827
0.142171 0.054098 -0.031828 -0.005904
-0.158344 -0.031828 0.616825 0.128902
-0.028827 -0.005904 0.128902 0.049546
14.836030 1.411917 15.283789 1.944340
0.586691 0.127001 -0.139189 -0.023166
0.127001 0.049681 -0.025322 -0.004364
-0.139189 -0.025322 0.570612 0.116581
-0.023166 -0.004364 0.116581 0.046705
15.633922 1.430908 16.199894 1.933922
0.570744 0.120477 -0.109702 -0.015914
0.120477 0.047838 -0.017394 -0.002669
-0.109702 -0.017394 0.553625 0.112010
-0.015914 -0.002669 0.112010 0.045844
16.245992 1.410420 17.264491 1.952510
0.549338 0.114066 -0.068734 -0.007279
0.114066 0.046356 -0.008278 -0.000929
-0.068734 -0.008278 0.527200 0.106336
-0.007279 -0.000929 0.106336 0.044898
16.290773 1.276505 18.452896 1.987905
0.525907 0.107814 -0.061950 -0.006474
0.107814 0.045041 -0.007398 -0.001012
-0.061950 -0.007398 0.489796 0.098675
-0.006474 -0.001012 0.098675 0.043549
16.903515 1.268114 19.144413 1.925870
0.521573 0.106249 -0.064439 -0.007390
0.106249 0.044845 -0.008117 -0.001336
-0.064439 -0.008117 0.487211 0.098768
-0.007390 -0.001336 0.098768 0.043862
17.021923 1.168527 20.678824 2.037760
0.497664 0.101244 -0.043604 -0.003633
0.101244 0.044031 -0.004326 -0.000727
-0.043604 -0.004326 0.453724 0.092749
-0.003633 -0.000727 0.092749 0.042911
17.999104 1.243679 21.118666 1.921208
0.493931 0.100894 -0.024320 -0.000254
0.100894 0.044232 -0.000784 -0.000144
-0.024320 -0.000784 0.459691 0.095325
-0.000254 -0.000144 0.095325 0.043763
19.169722 1.362557 22.910519 2.099779
0.489753 0.100387 -0.018300 0.000112
0.100387 0.044336 -0.000267 -0.000213
-0.018300 -0.000267 0.465010 0.097274
0.000112 -0.000213 0.097274 0.044328
19.983387 1.388336 23.710937 2.048109
0.491354 0.101177 -0.003905 0.002352
0.101177 0.044690 0.002007 0.000142
-0.003905 0.002007 0.471386 0.099223
0.002352 0.000142 0.099223 0.044824
20.812461 1.416972 24.920206 2.087823
0.488382 0.100891 0.004072 0.003106
0.100891 0.044761 0.002827 0.000190
0.004072 0.002827 0.476377 0.100568
0.003106 0.000190 0.100568 0.045117
21.013901 1.312404 26.163558 2.128519
0.471180 0.097628 -0.000652 0.001199
0.097628 0.044183 0.001022 -0.000288
-0.000652 0.001022 0.468402 0.098953
0.001199 -0.000288 0.098953 0.044740
21.507610 1.279002 27.571476 2.201003
0.461611 0.096228 -0.002841 0.000173
0.096228 0.044024 0.000058 -0.000503
-0.002841 0.000058 0.471911 0.099905
0.000173 -0.000503 0.099905 0.044940
21.603304 1.165224 29.206261 2.313707
0.435783 0.091477 0.004430 0.001341
0.091477 0.043145 0.001255 -0.000222
0.004430 0.001255 0.468649 0.099303
0.001341 -0.000222 0.099303 0.044788
22.411122 1.213055 30.110557 2.260142
0.421159 0.089398 0.017079 0.003644
0.089398 0.042859 0.003578 0.000293
0.017079 0.003578 0.464152 0.098464
0.003644 0.000293 0.098464 0.044594
22.804710 1.167725 30.907636 2.189622
0.422725 0.090831 0.005923 0.000755
0.090831 0.043297 0.000670 -0.000331
0.005923 0.000670 0.469430 0.099765
0.000755 -0.000331 0.099765 0.044869
23.465858 1.184749 31.828434 2.152516
0.434623 0.094204 -0.004890 -0.001705
0.094204 0.044069 -0.001823 -0.000795
-0.004890 -0.001823 0.484184 0.102925
-0.001705 -0.000795 0.102925 0.045510
23.997707 1.171294 33.145865 2.203699
0.432753 0.094110 -0.005970 -0.001786
0.094110 0.043985 -0.001910 -0.000701
-0.005970 -0.001910 0.501517 0.106290
-0.001786 -0.000701 0.106290 0.046136
24.593184 1.173409 34.280653 2.210632
0.425294 0.092729 -0.016861 -0.003911
0.092729 0.043619 -0.004105 -0.001069
-0.016861 -0.004105 0.512866 0.108090
-0.003911 -0.001069 0.108090 0.046392
25.760696 1.300473 34.648283 2.056149
0.412760 0.090287 -0.008141 -0.001720
0.090287 0.043040 -0.001793 -0.000472
-0.008141 -0.001793 0.500638 0.104827
-0.001720 -0.000472 0.104827 0.045590
26.756484 1.376589 36.182095 2.161827
0.390202 0.085786 -0.018806 -0.003824
0.085786 0.042044 -0.003990 -0.000889
-0.018806 -0.003990 0.518000 0.108142
-0.003824 -0.000889 0.108142 0.046262
26.914481 1.258755 37.144161 2.136601
0.387837 0.086068 -0.021142 -0.003997
0.086068 0.042163 -0.004151 -0.000852
-0.021142 -0.004151 0.526497 0.109339
-0.003997 -0.000852 0.109339 0.046446
27.681874 1.290250 38.578477 2.212460
0.381916 0.085379 -0.022483 -0.003991
0.085379 0.042015 -0.004095 -0.000792
-0.022483 -0.004095 0.544912 0.112546
-0.003991 -0.000792 0.112546 0.047053
28.713232 1.376572 39.395085 2.153926
0.353384 0.079530 -0.024104 -0.004135
0.079530 0.040686 -0.004183 -0.000793
-0.024104 -0.004183 0.545947 0.111952
-0.004135 -0.000793 0.111952 0.046849
29.893681 1.487700 40.059029 2.071071
0.355998 0.081172 -0.022612 -0.003590
0.081172 0.041136 -0.003610 -0.000653
-0.022612 -0.003610 0.542325 0.110587
-0.003590 -0.000653 0.110587 0.046539
30.727789 1.508092 40.976052 2.047268
0.362488 0.083346 -0.024371 -0.003785
0.083346 0.041615 -0.003854 -0.000700
-0.024371 -0.003854 0.546983 0.111127
-0.003785 -0.000700 0.111127 0.046664
31.165684 1.436302 42.356795 2.118516
0.379178 0.087507 -0.027658 -0.004265
0.087507 0.042480 -0.004432 -0.000809
-0.027658 -0.004432 0.558364 0.113050
-0.004265 -0.000809 0.113050 0.047072
32.011441 1.462120 42.466017 1.927275
0.350561 0.080791 -0.004193 0.000497
0.080791 0.040770 0.001012 0.000259
-0.004193 0.001012 0.522715 0.105475
0.000497 0.000259 0.105475 0.045561
33.032457 1.529248 43.404119 1.922967
0.366629 0.084984 0.002827 0.001659
0.084984 0.041730 0.002209 0.000424
0.002827 0.002209 0.516862 0.104605
0.001659 0.000424 0.104605 0.045525
33.251932 1.401845 43.794625 1.805969
0.395258 0.091501 -0.012738 -0.001833
0.091501 0.043110 -0.001920 -0.000488
-0.012738 -0.001920 0.504107 0.102353
-0.001833 -0.000488 0.102353 0.045184
34.000650 1.412972 44.774716 1.821802
0.425828 0.097744 -0.015372 -0.002342
0.097744 0.044306 -0.002542 -0.000596
-0.015372 -0.002542 0.500312 0.102128
-0.002342 -0.000596 0.102128 0.045269
34.840197 1.442381 45.321928 1.747422
0.443202 0.100367 -0.005381 -0.000237
0.100367 0.044605 -0.000280 -0.000111
-0.005381 -0.000280 0.469611 0.096369
-0.000237 -0.000111 0.096369 0.044190
35.283359 1.380872 46.542724 1.818942
0.469270 0.104731 -0.017912 -0.002968
0.104731 0.045317 -0.003236 -0.000743
-0.017912 -0.003236 0.473403 0.098123
-0.002968 -0.000743 0.098123 0.044709
36.005120 1.387323 47.212872 1.769025
0.488490 0.107289 -0.012881 -0.001783
0.107289 0.045629 -0.002043 -0.000456
-0.012881 -0.002043 0.436895 0.091208
-0.001783 -0.000456 0.091208 0.043339
36.516064 1.348367 48.409834 1.834812
0.515185 0.111350 -0.026122 -0.004558
0.111350 0.046299 -0.004883 -0.001046
-0.026122 -0.004883 0.433705 0.091746
-0.004558 -0.001046 0.091746 0.043597
