3.594973 2.400115 5.735511 1.402207
1.690374 0.676164 -0.110834 -0.044335
0.676164 80.274538 -0.044335 -0.017734
-0.110834 -0.044335 3.216968 1.286815
-0.044335 -0.017734 1.286815 80.518804
4.586336 1.978707 2.101328 -5.911955
3.129192 5.685220 -0.789558 -1.301589
5.685220 16.356846 -1.402223 -2.631274
-0.789558 -1.402223 3.551322 5.982270
-1.301589 -2.631274 5.982270 20.525406
5.817051 2.300631 2.128564 -2.575451
2.800373 3.013590 -0.379673 -0.313906
3.013590 4.702105 -0.385031 -0.453978
-0.379673 -0.385031 1.193632 1.316362
-0.313906 -0.453978 1.316362 3.969798
6.167243 1.704454 2.699222 -0.836549
1.719185 1.324783 0.283586 0.334137
1.324783 1.608483 0.225521 0.192224
0.283586 0.225521 0.729507 0.704931
0.334137 0.192224 0.704931 1.535134
6.851435 1.561601 3.435176 0.109988
1.198760 0.736320 0.353293 0.264547
0.736320 0.747914 0.194895 0.116732
0.353293 0.194895 0.775544 0.626605
0.264547 0.116732 0.626605 0.851246
7.057182 1.245411 3.645595 0.236947
1.163280 0.616376 0.182266 0.074683
0.616376 0.496342 0.052003 0.002394
0.182266 0.052003 0.980878 0.647336
0.074683 0.002394 0.647336 0.595186
7.207927 1.057663 2.905360 -0.209752
1.065653 0.487149 0.060226 0.000860
0.487149 0.329685 -0.010904 -0.020819
0.060226 -0.010904 1.145465 0.612671
0.000860 -0.020819 0.612671 0.423500
8.936195 1.510520 4.018254 0.306917
1.028446 0.413250 -0.081778 -0.056202
0.413250 0.239462 -0.056840 -0.031916
-0.081778 -0.056840 1.088618 0.484252
-0.056202 -0.031916 0.484252 0.278028
10.030283 1.622849 4.780643 0.534036
0.939801 0.334751 -0.129038 -0.059374
0.334751 0.173586 -0.059349 -0.024599
-0.129038 -0.059349 1.067339 0.406132
-0.059374 -0.024599 0.406132 0.200082
11.756552 1.903081 7.037372 1.190330
0.801199 0.257186 -0.157727 -0.056682
0.257186 0.125533 -0.056420 -0.018656
-0.157727 -0.056420 0.966136 0.321882
-0.056682 -0.018656 0.321882 0.143348
12.422020 1.818985 7.494382 1.149358
0.724809 0.213597 -0.192670 -0.057925
0.213597 0.098842 -0.057660 -0.016171
-0.192670 -0.057660 0.959911 0.286203
-0.057925 -0.016171 0.286203 0.115977
12.980841 1.722450 8.055634 1.144593
0.643190 0.176341 -0.189667 -0.049433
0.176341 0.079705 -0.049140 -0.011944
-0.189667 -0.049140 0.907724 0.245805
-0.049433 -0.011944 0.245805 0.093983
12.995679 1.510265 9.893882 1.457022
0.613641 0.158899 -0.172722 -0.039465
0.158899 0.069538 -0.039564 -0.008413
-0.172722 -0.039564 0.808215 0.201796
-0.039465 -0.008413 0.201796 0.075926
12.860136 1.304209 12.317785 1.849259
0.598807 0.147703 -0.160075 -0.032540
0.147703 0.062872 -0.033324 -0.006360
-0.160075 -0.033324 0.700948 0.163985
-0.032540 -0.006360 0.163985 0.062850
13.468718 1.291874 13.075375 1.811112
0.595577 0.140928 -0.147081 -0.026793
0.140928 0.058526 -0.027537 -0.004760
-0.147081 -0.027537 0.670591 0.149692
-0.026793 -0.004760 0.149692 0.057351
14.016034 1.269126 13.984197 1.810641
0.578371 0.132132 -0.119523 -0.019080
0.132132 0.054572 -0.019660 -0.002999
-0.119523 -0.019660 0.625675 0.134726
-0.019080 -0.002999 0.134726 0.052702
14.336616 1.197946 14.831475 1.794429
0.574029 0.127512 -0.093613 -0.012697
0.127512 0.052241 -0.013148 -0.001714
-0.093613 -0.013148 0.597851 0.125563
-0.012697 -0.001714 0.125563 0.050007
14.260706 1.057656 16.293282 1.903632
0.585463 0.126974 -0.075389 -0.008562
0.126974 0.051204 -0.009201 -0.001054
-0.075389 -0.009201 0.571667 0.117959
-0.008562 -0.001054 0.117959 0.048028
14.991364 1.105618 17.659044 1.990949
0.556824 0.118106 -0.059026 -0.005775
0.118106 0.048623 -0.006350 -0.000767
-0.059026 -0.006350 0.527585 0.107682
-0.005775 -0.000767 0.107682 0.045766
15.598842 1.122310 19.138111 2.090538
0.545362 0.114013 -0.047237 -0.003954
0.114013 0.047420 -0.004474 -0.000616
-0.047237 -0.004474 0.505273 0.102960
-0.003954 -0.000616 0.102960 0.044881
16.700157 1.235994 20.342062 2.128168
0.532011 0.110147 -0.033895 -0.001944
0.110147 0.046458 -0.002267 -0.000371
-0.033895 -0.002267 0.498357 0.101895
-0.001944 -0.000371 0.101895 0.044825
17.766239 1.328016 21.358209 2.121934
0.529538 0.109044 -0.020638 0.000040
0.109044 0.046201 -0.000150 -0.000105
-0.020638 -0.000150 0.503398 0.103371
0.000040 -0.000105 0.103371 0.045280
17.944709 1.226377 22.117104 2.056539
0.512948 0.105150 -0.020900 -0.000949
0.105150 0.045397 -0.001144 -0.000483
-0.020900 -0.001144 0.480368 0.098807
-0.000949 -0.000483 0.098807 0.044413
19.249112 1.367772 23.068729 2.044370
0.501061 0.102774 -0.003479 0.001969
0.102774 0.045014 0.001836 0.000043
-0.003479 0.001836 0.479428 0.099311
0.001969 0.000043 0.099311 0.044674
19.701883 1.320228 24.082609 2.041771
0.501422 0.103078 -0.001381 0.001599
0.103078 0.045191 0.001495 -0.000121
-0.001381 0.001495 0.481775 0.100299
0.001599 -0.000121 0.100299 0.044968
20.217749 1.290877 25.255302 2.073131
0.510327 0.105100 -0.005430 0.000117
0.105100 0.045693 0.000055 -0.000463
-0.005430 0.000055 0.495474 0.103493
0.000117 -0.000463 0.103493 0.045673
20.923032 1.303014 26.169993 2.047770
0.509536 0.104954 -0.000433 0.000743
0.104954 0.045701 0.000687 -0.000322
-0.000433 0.000687 0.500170 0.104478
0.000743 -0.000322 0.104478 0.045849
21.660908 1.321045 27.492027 2.110061
0.500907 0.103214 0.003539 0.001170
0.103214 0.045377 0.001126 -0.000219
0.003539 0.001126 0.504895 0.105361
0.001170 -0.000219 0.105361 0.045989
22.689424 1.396962 27.960869 1.988008
0.492920 0.101767 0.009553 0.002067
0.101767 0.045136 0.002021 -0.000014
0.009553 0.002021 0.497174 0.103568
0.002067 -0.000014 0.103568 0.045566
23.099991 1.337167 29.214281 2.042217
0.469292 0.097197 0.000765 -0.000116
0.097197 0.044258 -0.000154 -0.000449
0.000765 -0.000154 0.493704 0.102849
-0.000116 -0.000449 0.102849 0.045411
23.301337 1.239713 30.208504 2.036975
0.461632 0.096307 -0.001661 -0.000704
0.096307 0.044195 -0.000744 -0.000506
-0.001661 -0.000744 0.498030 0.103816
-0.000704 -0.000506 0.103816 0.045619
23.688288 1.190773 31.224936 2.036724
0.437568 0.091951 -0.003102 -0.000980
0.091951 0.043374 -0.001029 -0.000492
-0.003102 -0.001029 0.493078 0.102748
-0.000980 -0.000492 0.102748 0.045383
24.453908 1.226980 32.174473 2.022265
0.438705 0.093201 -0.000444 -0.000371
0.093201 0.043766 -0.000405 -0.000296
-0.000444 -0.000405 0.500844 0.104430
-0.000371 -0.000296 0.104430 0.045741
25.186230 1.252643 32.813506 1.944683
0.441388 0.094522 -0.007807 -0.001895
0.094522 0.044096 -0.001965 -0.000577
-0.007807 -0.001965 0.503231 0.104830
-0.001895 -0.000577 0.104830 0.045801
26.008573 1.294756 34.183416 2.027353
0.434358 0.093500 -0.016886 -0.003615
0.093500 0.043861 -0.003741 -0.000881
-0.016886 -0.003741 0.519469 0.108081
-0.003615 -0.000881 0.108081 0.046453
26.558328 1.273545 35.022982 1.991219
0.448325 0.097005 -0.023153 -0.004589
0.097005 0.044603 -0.004748 -0.001008
-0.023153 -0.004748 0.530319 0.109910
-0.004589 -0.001008 0.109910 0.046759
27.146398 1.262186 35.377923 1.858990
0.452169 0.097887 -0.021354 -0.003838
0.097887 0.044696 -0.003960 -0.000770
-0.021354 -0.003960 0.523834 0.108038
-0.003838 -0.000770 0.108038 0.046293
27.831191 1.274183 36.516617 1.902132
0.433079 0.093658 -0.029438 -0.005276
0.093658 0.043673 -0.005404 -0.001038
-0.029438 -0.005404 0.535718 0.110176
-0.005276 -0.001038 0.110176 0.046711
28.841124 1.355958 37.787084 1.968562
0.409377 0.088784 -0.041453 -0.007442
0.088784 0.042597 -0.007588 -0.001451
-0.041453 -0.007588 0.551636 0.112965
-0.007442 -0.001451 0.112965 0.047235
29.081342 1.260636 38.918649 1.996969
0.415350 0.090799 -0.042762 -0.007177
0.090799 0.043104 -0.007296 -0.001320
-0.042762 -0.007296 0.562373 0.114518
-0.007177 -0.001320 0.114518 0.047485
29.811022 1.279754 39.310537 1.874428
0.415199 0.091163 -0.042253 -0.006667
0.091163 0.043173 -0.006802 -0.001189
-0.042253 -0.006802 0.551477 0.111626
-0.006667 -0.001189 0.111626 0.046836
30.487842 1.289923 40.638195 1.953581
0.412412 0.090835 -0.039628 -0.005858
0.090835 0.043067 -0.005829 -0.000993
-0.039628 -0.005829 0.565929 0.114241
-0.005858 -0.000993 0.114241 0.047384
31.024117 1.259376 40.430973 1.714552
0.393286 0.086876 -0.032497 -0.004364
0.086876 0.042159 -0.004258 -0.000725
-0.032497 -0.004258 0.535621 0.107679
-0.004364 -0.000725 0.107679 0.046051
31.809844 1.293509 41.174375 1.692452
0.385868 0.085804 -0.028665 -0.003633
0.085804 0.041952 -0.003406 -0.000610
-0.028665 -0.003406 0.539316 0.108621
-0.003633 -0.000610 0.108621 0.046350
34.355945 1.714195 41.053573 1.507435
0.224101 0.050491 0.045289 0.010345
0.050491 0.034140 0.012878 0.002430
0.045289 0.012878 0.507696 0.102729
0.010345 0.002430 0.102729 0.045307
35.304245 1.736402 42.155880 1.578354
0.258484 0.062726 0.037244 0.007447
0.062726 0.037662 0.009153 0.001427
0.037244 0.009153 0.520574 0.105961
0.007447 0.001427 0.105961 0.046101
35.784825 1.638901 43.103307 1.612105
0.292802 0.073292 0.020887 0.003192
0.073292 0.040294 0.003886 0.000240
0.020887 0.003886 0.527069 0.107594
0.003192 0.000240 0.107594 0.046489
36.242285 1.545766 44.520169 1.738594
0.331600 0.083440 0.003033 -0.000871
0.083440 0.042480 -0.001033 -0.000739
0.003033 -0.001033 0.538736 0.110114
-0.000871 -0.000739 0.110114 0.047015
36.975906 1.535954 45.407098 1.742342
0.376642 0.093674 -0.010285 -0.003537
0.093674 0.044440 -0.004020 -0.001226
-0.010285 -0.004020 0.516092 0.105346
-0.003537 -0.001226 0.105346 0.046000
37.109568 1.381171 46.614480 1.812712
0.417175 0.101468 -0.037988 -0.008819
0.101468 0.045640 -0.010170 -0.002320
-0.037988 -0.010170 0.520065 0.106481
-0.008819 -0.002320 0.106481 0.046283
