1.671942 1.630886 5.130509 1.160201
2.838151 1.135285 -1.043330 -0.417341
1.135285 80.458190 -0.417341 -0.166940
-1.043330 -0.417341 4.267835 1.707171
-0.417341 -0.166940 1.707171 80.686950
4.551515 4.904906 2.191177 -4.351435
1.868653 3.185435 -0.410973 -0.513717
3.185435 14.714418 -0.426482 -3.094012
-0.410973 -0.426482 3.524914 5.652407
-0.513717 -3.094012 5.652407 21.983520
8.374617 6.564682 2.684349 -1.359858
2.085447 2.518340 -0.108812 -0.168021
2.518340 5.030334 -0.129061 -0.833604
-0.108812 -0.129061 1.395053 1.581473
-0.168021 -0.833604 1.581473 4.896151
10.148814 5.220438 3.520078 0.126216
1.500392 1.283471 0.030205 -0.006719
1.283471 1.805616 -0.028056 -0.249078
0.030205 -0.028056 1.539543 1.472407
-0.006719 -0.249078 1.472407 2.439409
10.177657 3.432766 4.914152 1.190743
0.839892 0.565082 0.070401 0.027789
0.565082 0.709651 -0.003615 -0.090973
0.070401 -0.003615 1.555285 1.153782
0.027789 -0.090973 1.153782 1.295597
9.877788 2.307958 3.676771 0.168095
0.747619 0.438407 -0.091346 -0.079500
0.438407 0.434613 -0.100275 -0.105181
-0.091346 -0.100275 1.699238 1.014107
-0.079500 -0.105181 1.014107 0.833392
9.998068 1.747771 6.100899 1.335498
0.628817 0.317725 -0.024592 -0.026934
0.317725 0.266473 -0.034517 -0.039330
-0.024592 -0.034517 1.341905 0.655956
-0.026934 -0.039330 0.655956 0.456859
10.443087 1.543151 7.910937 1.821893
0.761160 0.340110 -0.092169 -0.053098
0.340110 0.221559 -0.055453 -0.037725
-0.092169 -0.055453 1.208959 0.507887
-0.053098 -0.037725 0.507887 0.303838
10.403082 1.233915 7.887067 1.488601
0.837748 0.328066 -0.206322 -0.086453
0.328066 0.178318 -0.089516 -0.041738
-0.206322 -0.089516 1.203490 0.444946
-0.086453 -0.041738 0.444946 0.229593
11.154841 1.282449 7.971429 1.271517
0.801271 0.277051 -0.240232 -0.083659
0.277051 0.134476 -0.086326 -0.032983
-0.240232 -0.086326 1.122257 0.369229
-0.083659 -0.032983 0.369229 0.171609
11.295291 1.126851 8.683565 1.294696
0.781998 0.242920 -0.228756 -0.068721
0.242920 0.107599 -0.070546 -0.023296
-0.228756 -0.070546 1.026066 0.305045
-0.068721 -0.023296 0.305045 0.131649
11.313509 0.976090 10.660880 1.656757
0.772442 0.218888 -0.175020 -0.045797
0.218888 0.090243 -0.046990 -0.013883
-0.175020 -0.046990 0.881196 0.240383
-0.045797 -0.013883 0.240383 0.100734
11.853764 0.989479 11.418051 1.638810
0.747630 0.195476 -0.175337 -0.041319
0.195476 0.076976 -0.042357 -0.011250
-0.175337 -0.042357 0.825167 0.209973
-0.041319 -0.011250 0.209973 0.084834
12.282860 0.972487 12.085716 1.601769
0.701888 0.171403 -0.173648 -0.037426
0.171403 0.066358 -0.038333 -0.009329
-0.173648 -0.038333 0.754121 0.180894
-0.037426 -0.009329 0.180894 0.072338
13.442563 1.129732 12.941032 1.619826
0.624538 0.144401 -0.148472 -0.029169
0.144401 0.057144 -0.029795 -0.006783
-0.148472 -0.029795 0.669775 0.153363
-0.029169 -0.006783 0.153363 0.062454
14.607684 1.264152 13.727822 1.620477
0.573457 0.127615 -0.117107 -0.020618
0.127615 0.051795 -0.021018 -0.004515
-0.117107 -0.021018 0.619776 0.137405
-0.020618 -0.004515 0.137405 0.056743
15.385678 1.296815 14.624239 1.640817
0.571531 0.123925 -0.098319 -0.015479
0.123925 0.050128 -0.015853 -0.003218
-0.098319 -0.015853 0.611322 0.132424
-0.015479 -0.003218 0.132424 0.054266
16.034106 1.298103 15.582536 1.670301
0.566662 0.120106 -0.099536 -0.015318
0.120106 0.048708 -0.015697 -0.003157
-0.099536 -0.015697 0.597451 0.126697
-0.015318 -0.003157 0.126697 0.051992
16.052988 1.173970 17.272180 1.843349
0.519776 0.108462 -0.068525 -0.008863
0.108462 0.045964 -0.009433 -0.001905
-0.068525 -0.009433 0.518765 0.108414
-0.008863 -0.001905 0.108414 0.047498
16.240931 1.090193 18.127600 1.825337
0.518558 0.107544 -0.057472 -0.006727
0.107544 0.045751 -0.007293 -0.001515
-0.057472 -0.007293 0.507660 0.105961
-0.006727 -0.001515 0.105961 0.046768
16.888744 1.119069 19.920357 2.010878
0.512556 0.105891 -0.040148 -0.003504
0.105891 0.045442 -0.004079 -0.000929
-0.040148 -0.004079 0.492219 0.102834
-0.003504 -0.000929 0.102834 0.045985
17.540758 1.136702 20.730862 1.970725
0.491621 0.101226 -0.044534 -0.005212
0.101226 0.044518 -0.005658 -0.001405
-0.044534 -0.005658 0.469183 0.098143
-0.005212 -0.001405 0.098143 0.044899
17.934233 1.102226 21.961389 2.021123
0.480275 0.099154 -0.035061 -0.003660
0.099154 0.044239 -0.004072 -0.001121
-0.035061 -0.004072 0.454794 0.095745
-0.003660 -0.001121 0.095745 0.044407
18.420754 1.088982 23.000129 2.026663
0.475076 0.098591 -0.017884 -0.000494
0.098591 0.044291 -0.000898 -0.000494
-0.017884 -0.000898 0.450693 0.095675
-0.000494 -0.000494 0.095675 0.044433
18.937349 1.081385 23.653764 1.949625
0.473068 0.098627 -0.013589 -0.000272
0.098627 0.044420 -0.000610 -0.000509
-0.013589 -0.000610 0.450165 0.096144
-0.000272 -0.000509 0.096144 0.044520
19.588610 1.103846 24.444154 1.910525
0.479141 0.100330 -0.003806 0.001247
0.100330 0.044870 0.000937 -0.000216
-0.003806 0.000937 0.460668 0.098842
0.001247 -0.000216 0.098842 0.045061
20.422462 1.162391 25.153141 1.858478
0.477434 0.100141 -0.012657 -0.001317
0.100141 0.044855 -0.001508 -0.000788
-0.012657 -0.001508 0.464969 0.099788
-0.001317 -0.000788 0.099788 0.045152
21.181989 1.199754 26.018950 1.845280
0.475810 0.099998 -0.006692 -0.000346
0.099998 0.044851 -0.000512 -0.000544
-0.006692 -0.000512 0.470473 0.100898
-0.000346 -0.000544 0.100898 0.045282
21.841974 1.212516 27.024627 1.863148
0.463771 0.097651 0.004185 0.001634
0.097651 0.044375 0.001480 -0.000101
0.004185 0.001480 0.468952 0.100375
0.001634 -0.000101 0.100375 0.045061
22.622014 1.249287 28.071649 1.887927
0.452910 0.095728 0.020042 0.004568
0.095728 0.044016 0.004415 0.000521
0.020042 0.004415 0.469981 0.100439
0.004568 0.000521 0.100439 0.044995
22.736058 1.140359 29.456034 1.982300
0.451699 0.095967 0.017598 0.003405
0.095967 0.044126 0.003267 0.000238
0.017598 0.003267 0.485998 0.103689
0.003405 0.000238 0.103689 0.045622
23.610679 1.203824 31.274196 2.157482
0.442788 0.094482 0.006332 0.000604
0.094482 0.043840 0.000434 -0.000348
0.006332 0.000434 0.504253 0.107113
0.000604 -0.000348 0.107113 0.046243
24.761487 1.321659 32.291665 2.143559
0.428935 0.092038 -0.024755 -0.006001
0.092038 0.043359 -0.006273 -0.001679
-0.024755 -0.006273 0.504972 0.106571
-0.006001 -0.001679 0.106571 0.045999
25.255043 1.285573 33.289686 2.128170
0.432699 0.093471 -0.031613 -0.006853
0.093471 0.043716 -0.007117 -0.001669
-0.031613 -0.007117 0.515524 0.108175
-0.006853 -0.001669 0.108175 0.046248
25.949000 1.296980 34.733371 2.207385
0.394973 0.085653 -0.042794 -0.008595
0.085653 0.042006 -0.008865 -0.001886
-0.042794 -0.008865 0.519708 0.108358
-0.008595 -0.001886 0.108358 0.046202
26.373265 1.247237 35.655359 2.169099
0.395773 0.086878 -0.043399 -0.007998
0.086878 0.042388 -0.008209 -0.001607
-0.043399 -0.008209 0.525198 0.108897
-0.007998 -0.001607 0.108897 0.046263
27.176398 1.284887 36.177970 2.053701
0.397681 0.088045 -0.047285 -0.008221
0.088045 0.042670 -0.008465 -0.001577
-0.047285 -0.008465 0.522845 0.107836
-0.008221 -0.001577 0.107836 0.046009
27.535475 1.220219 36.926956 1.995017
0.412117 0.091748 -0.050862 -0.008378
0.091748 0.043458 -0.008668 -0.001553
-0.050862 -0.008668 0.530715 0.109069
-0.008378 -0.001553 0.109069 0.046270
28.601620 1.320276 37.620658 1.935402
0.386472 0.086001 -0.056308 -0.009222
0.086001 0.042041 -0.009375 -0.001712
-0.056308 -0.009375 0.534248 0.109346
-0.009222 -0.001712 0.109346 0.046320
29.505789 1.374951 38.557449 1.930811
0.404435 0.090564 -0.058319 -0.009060
0.090564 0.043064 -0.009264 -0.001640
-0.058319 -0.009264 0.546615 0.111499
-0.009060 -0.001640 0.111499 0.046770
30.363136 1.414965 39.755184 1.979516
0.394690 0.088395 -0.050967 -0.007303
0.088395 0.042474 -0.007146 -0.001237
-0.050967 -0.007146 0.557945 0.113372
-0.007303 -0.001237 0.113372 0.047149
30.495571 1.286339 40.865595 1.999399
0.398305 0.089336 -0.052860 -0.007542
0.089336 0.042621 -0.007415 -0.001338
-0.052860 -0.007415 0.567340 0.114672
-0.007542 -0.001338 0.114672 0.047380
31.248639 1.308151 41.498501 1.926269
0.404406 0.090776 -0.044351 -0.005680
0.090776 0.042883 -0.005519 -0.000991
-0.044351 -0.005519 0.555975 0.111836
-0.005680 -0.000991 0.111836 0.046795
31.819365 1.287831 42.258283 1.884686
0.399976 0.089688 -0.032829 -0.003504
0.089688 0.042558 -0.003147 -0.000598
-0.032829 -0.003147 0.546010 0.109660
-0.003504 -0.000598 0.109660 0.046416
32.693799 1.335572 42.627884 1.771036
0.388286 0.087126 -0.013079 0.000084
0.087126 0.041951 0.000742 0.000069
-0.013079 0.000742 0.521760 0.104912
0.000084 0.000069 0.104912 0.045565
33.708511 1.413708 43.526853 1.775661
0.385796 0.086832 0.004715 0.003074
0.086832 0.041902 0.003962 0.000589
0.004715 0.003962 0.511479 0.103378
0.003074 0.000589 0.103378 0.045416
33.981644 1.316964 44.687555 1.829604
0.413628 0.093208 -0.009994 -0.000605
0.093208 0.043317 -0.000298 -0.000391
-0.009994 -0.000298 0.517449 0.105091
-0.000605 -0.000391 0.105091 0.045883
34.182366 1.215445 45.977516 1.904878
0.436420 0.097776 -0.021745 -0.003296
0.097776 0.044197 -0.003350 -0.001021
-0.021745 -0.003350 0.517364 0.105393
-0.003296 -0.001021 0.105393 0.046007
35.411756 1.352687 46.629577 1.845048
0.449385 0.099838 0.009710 0.003112
0.099838 0.044490 0.003418 0.000413
0.009710 0.003418 0.453737 0.092756
0.003112 0.000413 0.092756 0.043485
36.276143 1.394679 48.029003 1.944204
0.486938 0.107079 -0.001297 0.000256
0.107079 0.045911 0.000318 -0.000290
-0.001297 0.000318 0.449688 0.093305
0.000256 -0.000290 0.093305 0.043825
