2.166424 1.828683 2.099076 -0.052399
1.389020 0.555620 0.364980 0.145995
0.555620 80.226320 0.145995 0.058399
0.364980 0.145995 3.338691 1.335505
0.145995 0.058399 1.335505 80.538280
2.183012 0.034885 6.233360 6.956543
3.059069 5.702693 -1.421647 -2.483360
5.702693 15.659447 -2.692098 -3.629148
-1.421647 -2.692098 1.964648 3.341777
-2.483360 -3.629148 3.341777 16.432319
0.921074 -1.729977 6.171403 2.072078
2.050287 2.283211 0.159519 0.562760
2.283211 3.701294 0.337491 0.818591
0.159519 0.337491 1.629381 2.174235
0.562760 0.818591 2.174235 4.907994
2.793034 0.367368 5.117731 0.282753
0.558128 0.448779 0.544387 0.521356
0.448779 0.814163 0.464521 0.400691
0.544387 0.464521 1.764357 1.634780
0.521356 0.400691 1.634780 2.158790
3.462178 0.772622 4.454435 -0.322693
0.643125 0.472188 0.257319 0.137149
0.472188 0.556165 0.109527 0.033763
0.257319 0.109527 1.727405 1.207822
0.137149 0.033763 1.207822 1.135114
5.044619 1.500506 4.330245 -0.362071
0.825877 0.504601 -0.033274 -0.060066
0.504601 0.417607 -0.075989 -0.066750
-0.033274 -0.075989 1.618788 0.904827
-0.060066 -0.066750 0.904827 0.664477
6.689494 1.922227 5.332051 0.156511
0.991650 0.496010 -0.200832 -0.119337
0.496010 0.314407 -0.126676 -0.068716
-0.200832 -0.126676 1.429320 0.661717
-0.119337 -0.068716 0.661717 0.405460
8.177506 2.141333 5.409673 0.149625
1.030570 0.430874 -0.265944 -0.117452
0.430874 0.226094 -0.122494 -0.050760
-0.265944 -0.122494 1.357764 0.536718
-0.117452 -0.050760 0.536718 0.280772
8.888128 2.012347 5.466555 0.144759
0.852057 0.305954 -0.233807 -0.083639
0.305954 0.145209 -0.086961 -0.028907
-0.233807 -0.086961 1.240364 0.428112
-0.083639 -0.028907 0.428112 0.199357
10.358302 2.162511 7.271901 0.679830
0.861614 0.273942 -0.212610 -0.063735
0.273942 0.116562 -0.066180 -0.018268
-0.212610 -0.066180 1.044508 0.321479
-0.063735 -0.018268 0.321479 0.140457
11.045888 2.050581 7.889579 0.755809
0.825121 0.236139 -0.205571 -0.053228
0.236139 0.093690 -0.055064 -0.013115
-0.205571 -0.055064 0.975157 0.273362
-0.053228 -0.013115 0.273362 0.111900
11.502827 1.903599 8.721195 0.869442
0.741253 0.194037 -0.201126 -0.046434
0.194037 0.075017 -0.047636 -0.010197
-0.201126 -0.047636 0.891241 0.230580
-0.046434 -0.010197 0.230580 0.090959
12.756538 1.989531 10.653447 1.238572
0.692732 0.169115 -0.161981 -0.032518
0.169115 0.064502 -0.033776 -0.006214
-0.161981 -0.033776 0.777559 0.188407
-0.032518 -0.006214 0.188407 0.074422
13.481950 1.925295 11.099633 1.195198
0.641801 0.147894 -0.160221 -0.029871
0.147894 0.056825 -0.030682 -0.005402
-0.160221 -0.030682 0.731872 0.168406
-0.029871 -0.005402 0.168406 0.065889
13.620181 1.748074 12.357503 1.332243
0.617488 0.136188 -0.159437 -0.027723
0.136188 0.052640 -0.028610 -0.004866
-0.159437 -0.028610 0.677975 0.149537
-0.027723 -0.004866 0.149537 0.059087
14.465586 1.742623 13.087495 1.345708
0.616616 0.131739 -0.140379 -0.021766
0.131739 0.050813 -0.022612 -0.003488
-0.140379 -0.022612 0.666648 0.142784
-0.021766 -0.003488 0.142784 0.056052
15.090148 1.709020 15.263335 1.660350
0.590525 0.123120 -0.103495 -0.013309
0.123120 0.048503 -0.014524 -0.001920
-0.103495 -0.014524 0.595232 0.124524
-0.013309 -0.001920 0.124524 0.051136
15.733909 1.663984 15.970433 1.631653
0.567179 0.116112 -0.089306 -0.010566
0.116112 0.046833 -0.011564 -0.001565
-0.089306 -0.011564 0.568893 0.117497
-0.010566 -0.001565 0.117497 0.049122
16.748904 1.706007 17.182831 1.716231
0.543733 0.110344 -0.055682 -0.004091
0.110344 0.045706 -0.004993 -0.000459
-0.055682 -0.004993 0.541867 0.111386
-0.004091 -0.000459 0.111386 0.047615
17.314808 1.651892 18.432104 1.793352
0.525890 0.106270 -0.038718 -0.001571
0.106270 0.045020 -0.002424 -0.000225
-0.038718 -0.002424 0.515001 0.105673
-0.001571 -0.000225 0.105673 0.046306
17.699569 1.566435 19.759880 1.877667
0.505603 0.102127 -0.030495 -0.001008
0.102127 0.044375 -0.001785 -0.000362
-0.030495 -0.001785 0.485598 0.099847
-0.001008 -0.000362 0.099847 0.045078
17.470009 1.365011 21.270018 1.987315
0.488570 0.099110 -0.019655 0.000219
0.099110 0.044012 -0.000539 -0.000299
-0.019655 -0.000539 0.455143 0.094279
0.000219 -0.000299 0.094279 0.043998
18.121198 1.359274 22.374120 2.010265
0.481557 0.098342 -0.018657 -0.000504
0.098342 0.044098 -0.001102 -0.000555
-0.018657 -0.001102 0.450357 0.094357
-0.000504 -0.000555 0.094357 0.044133
18.719972 1.342714 23.397382 2.013644
0.471272 0.096967 -0.010529 0.000455
0.096967 0.044024 -0.000050 -0.000414
-0.010529 -0.000050 0.443537 0.093873
0.000455 -0.000414 0.093873 0.044099
20.125598 1.495020 24.393826 2.014563
0.457971 0.094994 -0.006760 0.000512
0.094994 0.043790 0.000135 -0.000438
-0.006760 0.000135 0.442655 0.094508
0.000512 -0.000438 0.094508 0.044260
20.625852 1.441618 24.704547 1.864123
0.459289 0.096154 -0.003591 0.000612
0.096154 0.044188 0.000288 -0.000425
-0.003591 0.000288 0.443584 0.095319
0.000612 -0.000425 0.095319 0.044411
21.490648 1.472669 26.142529 1.973579
0.452804 0.095447 -0.002180 0.000408
0.095447 0.044118 0.000162 -0.000453
-0.002180 0.000162 0.449791 0.097060
0.000408 -0.000453 0.097060 0.044725
22.070089 1.439232 26.901693 1.924219
0.461188 0.097851 -0.007060 -0.001018
0.097851 0.044682 -0.001199 -0.000721
-0.007060 -0.001199 0.461843 0.099791
-0.001018 -0.000721 0.099791 0.045211
23.152294 1.516476 28.060821 1.966978
0.461596 0.098236 -0.010502 -0.001924
0.098236 0.044743 -0.002056 -0.000845
-0.010502 -0.002056 0.473670 0.102147
-0.001924 -0.000845 0.102147 0.045574
23.830564 1.499477 29.183242 1.996760
0.461222 0.098355 -0.009369 -0.001704
0.098355 0.044731 -0.001807 -0.000717
-0.009369 -0.001807 0.485050 0.104158
-0.001704 -0.000717 0.104158 0.045844
24.201883 1.418661 30.172548 1.994590
0.454346 0.097021 -0.013312 -0.002563
0.097021 0.044403 -0.002640 -0.000833
-0.013312 -0.002640 0.491104 0.104847
-0.002563 -0.000833 0.104847 0.045830
24.054240 1.235351 31.355900 2.033410
0.443130 0.094841 -0.012865 -0.002382
0.094841 0.043917 -0.002429 -0.000720
-0.012865 -0.002429 0.500857 0.106308
-0.002382 -0.000720 0.106308 0.046011
24.543858 1.207452 31.932002 1.940357
0.450507 0.096804 -0.015813 -0.002912
0.096804 0.044351 -0.002965 -0.000777
-0.015813 -0.002965 0.505077 0.106517
-0.002912 -0.000777 0.106517 0.045939
25.262970 1.231466 32.198879 1.793000
0.454317 0.097738 -0.022572 -0.004187
0.097738 0.044510 -0.004276 -0.000998
-0.022572 -0.004276 0.501193 0.105083
-0.004187 -0.000998 0.105083 0.045558
25.712569 1.196450 33.530552 1.883651
0.438467 0.094320 -0.023608 -0.004181
0.094320 0.043717 -0.004209 -0.000926
-0.023608 -0.004209 0.514473 0.107467
-0.004181 -0.000926 0.107467 0.046036
26.343052 1.203900 34.694848 1.929979
0.440779 0.095122 -0.023309 -0.003886
0.095122 0.043902 -0.003878 -0.000809
-0.023309 -0.003878 0.530021 0.110153
-0.003886 -0.000809 0.110153 0.046550
26.710402 1.153893 35.954613 1.990291
0.436301 0.094318 -0.025510 -0.004179
0.094318 0.043710 -0.004143 -0.000841
-0.025510 -0.004143 0.545732 0.112682
-0.004179 -0.000841 0.112682 0.047006
27.673186 1.238327 37.221419 2.047090
0.437409 0.094744 -0.033109 -0.005556
0.094744 0.043790 -0.005575 -0.001112
-0.033109 -0.005575 0.561289 0.115012
-0.005556 -0.001112 0.115012 0.047405
28.313297 1.242606 38.165238 2.030939
0.420891 0.091258 -0.039976 -0.006730
0.091258 0.043005 -0.006771 -0.001331
-0.039976 -0.006771 0.564992 0.114819
-0.006730 -0.001331 0.114819 0.047287
29.150695 1.290732 39.417135 2.079609
0.429885 0.093648 -0.040451 -0.006437
0.093648 0.043565 -0.006472 -0.001218
-0.040451 -0.006472 0.575505 0.116179
-0.006437 -0.001218 0.116179 0.047533
29.481681 1.220175 40.055939 1.997627
0.424878 0.092648 -0.046780 -0.007461
0.092648 0.043310 -0.007605 -0.001433
-0.046780 -0.007605 0.569659 0.114215
-0.007461 -0.001433 0.114215 0.047112
29.716919 1.136734 40.803176 1.945319
0.425339 0.092927 -0.048461 -0.007475
0.092927 0.043357 -0.007650 -0.001417
-0.048461 -0.007650 0.564899 0.112802
-0.007475 -0.001417 0.112802 0.046868
30.164629 1.108028 41.392095 1.867954
0.413474 0.090480 -0.041485 -0.005884
0.090480 0.042803 -0.005882 -0.001070
-0.041485 -0.005882 0.553820 0.110400
-0.005884 -0.001070 0.110400 0.046470
32.071514 1.401086 41.521980 1.715380
0.325127 0.071613 0.003304 0.002619
0.071613 0.038723 0.003904 0.000743
0.003304 0.003904 0.527511 0.105461
0.002619 0.000743 0.105461 0.045643
32.469313 1.333437 42.604356 1.759291
0.343123 0.077748 -0.002119 0.000953
0.077748 0.040432 0.001801 0.000188
-0.002119 0.001801 0.535675 0.107580
0.000953 0.000188 0.107580 0.046226
33.101167 1.325101 43.382733 1.738802
0.378453 0.087009 -0.009839 -0.000940
0.087009 0.042617 -0.000601 -0.000348
-0.009839 -0.000601 0.529905 0.106681
-0.000940 -0.000348 0.106681 0.046134
33.817368 1.337525 44.284892 1.745538
0.406225 0.093397 -0.010822 -0.001294
0.093397 0.043897 -0.001136 -0.000457
-0.010822 -0.001136 0.520735 0.105178
-0.001294 -0.000457 0.105178 0.045917
34.655690 1.375422 44.795612 1.672392
0.442474 0.100948 -0.014814 -0.002189
0.100948 0.045324 -0.002277 -0.000671
-0.014814 -0.002277 0.499877 0.101396
-0.002189 -0.000671 0.101396 0.045236
35.598509 1.432516 45.487164 1.643284
0.474191 0.106648 -0.014499 -0.002114
0.106648 0.046228 -0.002275 -0.000635
-0.014499 -0.002275 0.479618 0.098006
-0.002114 -0.000635 0.098006 0.044666
35.808515 1.320489 46.247674 1.629772
0.497324 0.109871 -0.033850 -0.006109
0.109871 0.046547 -0.006565 -0.001492
-0.033850 -0.006565 0.477157 0.098431
-0.006109 -0.001492 0.098431 0.044879
