1.409539 1.525922 0.441612 -0.715399
2.285672 0.914289 -0.426603 -0.170645
0.914289 80.369790 -0.170645 -0.068259
-0.426603 -0.170645 4.358741 1.743534
-0.170645 -0.068259 1.743534 80.701495
6.051528 8.432862 1.844160 2.235628
2.644689 4.620713 -1.439872 -2.219158
4.620713 15.896846 -2.501434 -4.970395
-1.439872 -2.501434 1.209952 1.890997
-2.219158 -4.970395 1.890997 16.202881
9.113147 6.682164 0.041494 -2.824694
2.112262 2.421347 -0.505252 -0.170821
2.421347 4.569812 -0.296809 -0.502559
-0.505252 -0.296809 2.235319 3.449783
-0.170821 -0.502559 3.449783 7.039503
9.842414 4.614755 3.292377 1.397414
0.819474 0.698626 0.698906 0.716941
0.698626 1.262788 0.605130 0.307874
0.698906 0.605130 0.998164 0.991159
0.716941 0.307874 0.991159 1.476944
8.826668 2.238944 1.230886 -0.313788
0.381182 0.276469 0.299454 0.181697
0.276469 0.484074 0.011566 -0.125921
0.299454 0.011566 1.128708 0.902418
0.181697 -0.125921 0.902418 0.909368
9.329720 1.374459 3.997954 1.596390
0.484768 0.315381 0.283745 0.109365
0.315381 0.319576 0.087930 -0.010479
0.283745 0.087930 0.851230 0.491453
0.109365 -0.010479 0.491453 0.374849
9.248005 0.889457 5.178949 1.861967
0.526698 0.293506 0.138985 0.018279
0.293506 0.226672 -0.007301 -0.037648
0.138985 -0.007301 0.915216 0.443205
0.018279 -0.037648 0.443205 0.269952
10.153241 1.011887 7.631136 2.459657
0.641585 0.303967 0.011585 -0.036348
0.303967 0.183849 -0.051852 -0.041581
0.011585 -0.051852 0.906242 0.372910
-0.036348 -0.041581 0.372910 0.192096
9.848394 0.699115 8.612882 2.406460
0.694346 0.282112 -0.128405 -0.074702
0.282112 0.143667 -0.088513 -0.042310
-0.128405 -0.088513 0.892446 0.320303
-0.074702 -0.042310 0.320303 0.144951
10.643230 0.871090 9.131109 2.181673
0.645626 0.229168 -0.242532 -0.092761
0.229168 0.105073 -0.104716 -0.037370
-0.242532 -0.104716 0.783853 0.250017
-0.092761 -0.037370 0.250017 0.105137
10.863055 0.811682 9.731199 2.046375
0.666519 0.209189 -0.258126 -0.082087
0.209189 0.086863 -0.090785 -0.027144
-0.258126 -0.090785 0.776394 0.222444
-0.082087 -0.027144 0.222444 0.086785
11.155105 0.777702 11.117159 2.141225
0.675460 0.190857 -0.240633 -0.065807
0.190857 0.074000 -0.071695 -0.018350
-0.240633 -0.071695 0.738425 0.193111
-0.065807 -0.018350 0.193111 0.072412
11.075107 0.656228 12.072176 2.112383
0.691017 0.178841 -0.246538 -0.058884
0.178841 0.065990 -0.063517 -0.014208
-0.246538 -0.063517 0.710709 0.172463
-0.058884 -0.014208 0.172463 0.063306
11.525916 0.685863 13.114025 2.109877
0.666309 0.160251 -0.207267 -0.043441
0.160251 0.058323 -0.046688 -0.009034
-0.207267 -0.046688 0.661872 0.151269
-0.043441 -0.009034 0.151269 0.055979
13.268878 1.001191 13.529566 1.982351
0.597431 0.135660 -0.145177 -0.026181
0.135660 0.050919 -0.027894 -0.004424
-0.145177 -0.027894 0.623180 0.136392
-0.026181 -0.004424 0.136392 0.051437
13.260953 0.895869 15.151668 2.111436
0.585819 0.127610 -0.122165 -0.019316
0.127610 0.048367 -0.020922 -0.002864
-0.122165 -0.020922 0.573446 0.121287
-0.019316 -0.002864 0.121287 0.047540
14.135085 0.985683 16.120210 2.098580
0.569029 0.119944 -0.113826 -0.016627
0.119944 0.046366 -0.017881 -0.002347
-0.113826 -0.017881 0.555167 0.114861
-0.016627 -0.002347 0.114861 0.046004
15.080594 1.074607 16.733264 2.014531
0.536615 0.110582 -0.096026 -0.012641
0.110582 0.044395 -0.013559 -0.001665
-0.096026 -0.013559 0.524866 0.107141
-0.012641 -0.001665 0.107141 0.044469
15.669552 1.084842 17.710148 2.009001
0.524285 0.106473 -0.103332 -0.014039
0.106473 0.043724 -0.014857 -0.002137
-0.103332 -0.014857 0.505589 0.102388
-0.014039 -0.002137 0.102388 0.043663
16.216585 1.086220 18.747405 2.015793
0.531337 0.107241 -0.097137 -0.012344
0.107241 0.044198 -0.013042 -0.001865
-0.097137 -0.013042 0.510927 0.103518
-0.012344 -0.001865 0.103518 0.044196
16.996413 1.140878 20.242178 2.119122
0.511988 0.103075 -0.070600 -0.007117
0.103075 0.043692 -0.007752 -0.000984
-0.070600 -0.007752 0.489195 0.099380
-0.007117 -0.000984 0.099380 0.043643
17.456352 1.117972 21.264636 2.109982
0.513457 0.103590 -0.050886 -0.003503
0.103590 0.044161 -0.004093 -0.000436
-0.050886 -0.004093 0.489216 0.100034
-0.003503 -0.000436 0.100034 0.044084
18.432243 1.205262 22.556838 2.163978
0.508842 0.102610 -0.057275 -0.005678
0.102610 0.044207 -0.006058 -0.001090
-0.057275 -0.006058 0.491065 0.100669
-0.005678 -0.001090 0.100669 0.044383
19.050158 1.208410 23.642758 2.164961
0.507730 0.102838 -0.035590 -0.001742
0.102838 0.044553 -0.002102 -0.000415
-0.035590 -0.002102 0.492339 0.101472
-0.001742 -0.000415 0.101472 0.044749
19.756235 1.225849 24.350955 2.088362
0.510445 0.103734 -0.024868 -0.000357
0.103734 0.044959 -0.000675 -0.000289
-0.024868 -0.000675 0.496618 0.102672
-0.000357 -0.000289 0.102672 0.045117
19.771288 1.100734 24.951786 1.991879
0.505929 0.102960 -0.032048 -0.002783
0.102960 0.044945 -0.003038 -0.000936
-0.032048 -0.003038 0.488958 0.101130
-0.002783 -0.000936 0.101130 0.044844
20.535143 1.144996 26.046162 2.013731
0.495959 0.101273 -0.024277 -0.001798
0.101273 0.044759 -0.001968 -0.000783
-0.024277 -0.001968 0.488463 0.101341
-0.001798 -0.000783 0.101341 0.044978
20.769818 1.076247 27.177012 2.037715
0.476093 0.097778 0.000633 0.002710
0.097778 0.044213 0.002561 0.000095
0.000633 0.002561 0.478889 0.099706
0.002710 0.000095 0.099706 0.044722
21.185150 1.050453 28.077847 2.012623
0.465381 0.096299 -0.000332 0.001576
0.096299 0.044070 0.001486 -0.000228
-0.000332 0.001486 0.476068 0.099461
0.001576 -0.000228 0.099461 0.044734
21.468576 1.000298 29.238359 2.044431
0.456044 0.095137 -0.009359 -0.000989
0.095137 0.043965 -0.001026 -0.000782
-0.009359 -0.001026 0.480090 0.100618
-0.000989 -0.000782 0.100618 0.045021
23.026039 1.223032 30.442225 2.084150
0.440628 0.092690 -0.022070 -0.003978
0.092690 0.043558 -0.003984 -0.001360
-0.022070 -0.003984 0.485458 0.101908
-0.003978 -0.001360 0.101908 0.045298
22.869047 1.059780 31.544686 2.095585
0.399255 0.084857 -0.003439 -0.000073
0.084857 0.042005 0.000014 -0.000427
-0.003439 0.000014 0.471804 0.099103
-0.000073 -0.000427 0.099103 0.044696
23.459920 1.072947 32.563107 2.089456
0.384576 0.083207 -0.005922 -0.000885
0.083207 0.041833 -0.000815 -0.000579
-0.005922 -0.000815 0.473219 0.099679
-0.000885 -0.000579 0.099679 0.044846
24.579963 1.201552 33.789084 2.128053
0.394100 0.086753 -0.013890 -0.002697
0.086753 0.042732 -0.002706 -0.000928
-0.013890 -0.002706 0.492492 0.103925
-0.002697 -0.000928 0.103925 0.045745
25.626149 1.300314 34.561091 2.066918
0.406306 0.090327 -0.015529 -0.002955
0.090327 0.043498 -0.002983 -0.000904
-0.015529 -0.002983 0.500953 0.105455
-0.002955 -0.000904 0.105455 0.045989
26.439016 1.336877 35.804689 2.111171
0.408038 0.091037 -0.017655 -0.003285
0.091037 0.043524 -0.003317 -0.000902
-0.017655 -0.003317 0.518052 0.108665
-0.003285 -0.000902 0.108665 0.046576
27.085919 1.331659 36.593030 2.055402
0.414366 0.092590 -0.020735 -0.003771
0.092590 0.043728 -0.003841 -0.000946
-0.020735 -0.003841 0.524291 0.109325
-0.003771 -0.000946 0.109325 0.046596
27.769805 1.335040 37.275902 1.983915
0.422750 0.094358 -0.027625 -0.004999
0.094358 0.043959 -0.005170 -0.001160
-0.027625 -0.005170 0.529347 0.109740
-0.004999 -0.001160 0.109740 0.046589
27.769629 1.184577 37.531461 1.830410
0.415655 0.092465 -0.031468 -0.005526
0.092465 0.043366 -0.005726 -0.001214
-0.031468 -0.005726 0.522025 0.107644
-0.005526 -0.001214 0.107644 0.046092
28.038155 1.111928 38.239119 1.786719
0.421394 0.093624 -0.031322 -0.005178
0.093624 0.043526 -0.005331 -0.001073
-0.031322 -0.005331 0.528442 0.108667
-0.005178 -0.001073 0.108667 0.046305
29.179167 1.243614 39.663666 1.897774
0.409556 0.090749 -0.032329 -0.005197
0.090749 0.042785 -0.005210 -0.001029
-0.032329 -0.005210 0.552270 0.113215
-0.005197 -0.001029 0.113215 0.047233
29.422128 1.160754 40.929732 1.960988
0.425104 0.094245 -0.033589 -0.005192
0.094245 0.043536 -0.005238 -0.001005
-0.033589 -0.005238 0.564222 0.114950
-0.005192 -0.001005 0.114950 0.047517
29.951244 1.148170 41.614793 1.900906
0.418111 0.092398 -0.029989 -0.004328
0.092398 0.043040 -0.004301 -0.000817
-0.029989 -0.004301 0.556536 0.112653
-0.004328 -0.000817 0.112653 0.046989
30.910343 1.233243 42.557746 1.901038
0.410649 0.090689 -0.019355 -0.002152
0.090689 0.042641 -0.001910 -0.000356
-0.019355 -0.001910 0.552858 0.111523
-0.002152 -0.000356 0.111523 0.046777
32.873326 1.529451 43.101418 1.824341
0.322139 0.071420 0.041708 0.009654
0.071420 0.038439 0.011270 0.002171
0.041708 0.011270 0.519495 0.104788
0.009654 0.002171 0.104788 0.045505
33.452621 1.487183 43.902396 1.801797
0.337776 0.076901 0.036081 0.007361
0.076901 0.040025 0.008498 0.001388
0.036081 0.008498 0.508872 0.103034
0.007361 0.001388 0.103034 0.045290
34.010524 1.444275 44.800551 1.801667
0.373693 0.086327 0.018713 0.002950
0.086327 0.042300 0.003467 0.000249
0.018713 0.003467 0.505078 0.102837
0.002950 0.000249 0.102837 0.045394
34.610262 1.414828 46.193190 1.902711
0.409525 0.094570 0.003744 -0.000473
0.094570 0.044040 -0.000352 -0.000516
0.003744 -0.000352 0.507512 0.103878
-0.000473 -0.000516 0.103878 0.045716
35.431266 1.440335 47.357997 1.946242
0.441569 0.100940 0.000804 -0.001024
0.100940 0.045177 -0.000851 -0.000520
0.000804 -0.000851 0.480552 0.098689
-0.001024 -0.000520 0.098689 0.044700
35.794559 1.360825 47.860702 1.849669
0.475159 0.107014 -0.020432 -0.005283
0.107014 0.046185 -0.005415 -0.001371
-0.020432 -0.005415 0.457686 0.094776
-0.005283 -0.001371 0.094776 0.044014
