-0.285790 0.847776 0.851418 -0.551473
1.756449 0.702595 0.263242 0.105299
0.702595 80.285111 0.105299 0.042121
0.263242 0.105299 3.570316 1.428157
0.105299 0.042121 1.428157 80.575342
6.453628 12.308155 0.196281 -1.322024
2.035968 3.725197 -1.496377 -2.528736
3.725197 13.043109 -2.771665 -3.939003
-1.496377 -2.771665 2.612538 4.369018
-2.528736 -3.939003 4.369018 18.658722
7.463393 6.109012 -0.396968 -2.405355
1.632182 2.008000 0.308790 0.765320
2.008000 3.767643 0.578609 0.977691
0.308790 0.578609 1.653746 2.181163
0.765320 0.977691 2.181163 5.157788
9.199546 5.005956 1.104361 0.053796
1.606593 1.364331 0.330326 0.348166
1.364331 1.623771 0.286722 0.189060
0.330326 0.286722 1.187145 1.104206
0.348166 0.189060 1.104206 1.764204
9.538913 3.541708 3.369516 1.735284
1.015372 0.651020 0.349549 0.236046
0.651020 0.641230 0.198081 0.084877
0.349549 0.198081 1.128820 0.819756
0.236046 0.084877 0.819756 0.918098
8.537779 2.025112 4.459507 1.979507
0.380137 0.201498 0.147377 0.072945
0.201498 0.233899 0.035997 -0.006573
0.147377 0.035997 1.213228 0.720088
0.072945 -0.006573 0.720088 0.596255
9.475001 1.952728 6.471180 2.487622
0.498263 0.252463 0.042384 -0.001793
0.252463 0.206323 -0.017807 -0.028455
0.042384 -0.017807 1.184287 0.582932
-0.001793 -0.028455 0.582932 0.388930
9.669268 1.605140 7.685172 2.501140
0.635943 0.284384 -0.051065 -0.042471
0.284384 0.179452 -0.049678 -0.033422
-0.051065 -0.049678 1.158119 0.485776
-0.042471 -0.033422 0.485776 0.272393
10.540138 1.658246 7.148600 1.851625
0.650731 0.254685 -0.186781 -0.081832
0.254685 0.138070 -0.088611 -0.038864
-0.186781 -0.088611 1.092932 0.400356
-0.081832 -0.038864 0.400356 0.197070
10.930538 1.499168 9.224502 2.226976
0.707679 0.244399 -0.189723 -0.069029
0.244399 0.115142 -0.072390 -0.026479
-0.189723 -0.072390 0.988441 0.320498
-0.069029 -0.026479 0.320498 0.143847
11.403956 1.414578 10.107274 2.160893
0.734144 0.226922 -0.227886 -0.069745
0.226922 0.096584 -0.072574 -0.022331
-0.227886 -0.072574 0.944382 0.276528
-0.069745 -0.022331 0.276528 0.114615
12.541479 1.535330 11.104115 2.138819
0.692562 0.194248 -0.222321 -0.059071
0.194248 0.078519 -0.061203 -0.016353
-0.222321 -0.061203 0.851886 0.228355
-0.059071 -0.016353 0.228355 0.091000
13.839000 1.670400 11.564075 1.988742
0.657207 0.170168 -0.199954 -0.046803
0.170168 0.066802 -0.048252 -0.011383
-0.199954 -0.048252 0.804054 0.200514
-0.046803 -0.011383 0.200514 0.077408
14.061692 1.525283 13.222452 2.141016
0.631251 0.153298 -0.159394 -0.032677
0.153298 0.059340 -0.033879 -0.007046
-0.159394 -0.033879 0.718050 0.168695
-0.032677 -0.007046 0.168695 0.065577
15.021237 1.567318 13.860274 2.044950
0.587597 0.135413 -0.134479 -0.024700
0.135413 0.053099 -0.025550 -0.004840
-0.134479 -0.025550 0.661935 0.148598
-0.024700 -0.004840 0.148598 0.058430
15.475221 1.495951 15.127151 2.094857
0.576244 0.127738 -0.118121 -0.019534
0.127738 0.050238 -0.020378 -0.003567
-0.118121 -0.020378 0.623581 0.135291
-0.019534 -0.003567 0.135291 0.053925
15.202871 1.268724 15.606902 1.961632
0.525405 0.112648 -0.129494 -0.021531
0.112648 0.046241 -0.022439 -0.004111
-0.129494 -0.022439 0.547051 0.115382
-0.021531 -0.004111 0.115382 0.048640
15.871814 1.285647 17.384461 2.130883
0.522382 0.110256 -0.110550 -0.016411
0.110256 0.045610 -0.017328 -0.002952
-0.110550 -0.017328 0.525041 0.109745
-0.016411 -0.002952 0.109745 0.047125
16.474222 1.274610 18.252370 2.088675
0.515972 0.107659 -0.092687 -0.012230
0.107659 0.045062 -0.013031 -0.002113
-0.092687 -0.013031 0.512619 0.106738
-0.012230 -0.002113 0.106738 0.046341
16.939851 1.239192 19.333194 2.093921
0.509796 0.105767 -0.061727 -0.005785
0.105767 0.044792 -0.006549 -0.000890
-0.061727 -0.006549 0.499158 0.104005
-0.005785 -0.000890 0.104005 0.045742
17.293695 1.189567 20.857364 2.190603
0.505283 0.104363 -0.046110 -0.003180
0.104363 0.044627 -0.003939 -0.000571
-0.046110 -0.003939 0.484735 0.101082
-0.003180 -0.000571 0.101082 0.045109
18.021754 1.212078 21.456581 2.087951
0.505752 0.104260 -0.029585 -0.000519
0.104260 0.044765 -0.001166 -0.000196
-0.029585 -0.001166 0.487029 0.101918
-0.000519 -0.000196 0.101918 0.045320
18.479401 1.183570 22.749940 2.138927
0.500773 0.103082 -0.018305 0.000814
0.103082 0.044663 0.000262 -0.000106
-0.018305 0.000262 0.482947 0.101221
0.000814 -0.000106 0.101221 0.045167
19.008033 1.170541 23.816274 2.137808
0.488341 0.100604 0.000970 0.003774
0.100604 0.044315 0.003273 0.000347
0.000970 0.003273 0.472697 0.099314
0.003774 0.000347 0.099314 0.044781
19.570735 1.163001 24.213232 1.996160
0.494945 0.102221 0.003376 0.003170
0.102221 0.044812 0.002759 0.000094
0.003376 0.002759 0.481121 0.101358
0.003170 0.000094 0.101358 0.045228
20.093566 1.150140 24.919480 1.934488
0.491923 0.101728 0.010710 0.003773
0.101728 0.044821 0.003423 0.000150
0.010710 0.003423 0.482044 0.101603
0.003773 0.000150 0.101603 0.045253
20.497484 1.114988 26.226677 2.005891
0.493705 0.102293 0.031481 0.007306
0.102293 0.045040 0.006958 0.000847
0.031481 0.006958 0.494805 0.104310
0.007306 0.000847 0.104310 0.045797
21.581267 1.224087 27.336483 2.027987
0.460854 0.095603 0.031428 0.006279
0.095603 0.043721 0.005993 0.000577
0.031428 0.005993 0.478796 0.100666
0.006279 0.000577 0.100666 0.044954
22.640349 1.317284 28.478331 2.053831
0.465308 0.097305 0.023044 0.003728
0.097305 0.044248 0.003484 0.000040
0.023044 0.003484 0.491679 0.103487
0.003728 0.000040 0.103487 0.045558
22.903722 1.233872 29.580003 2.070826
0.477235 0.100308 0.025442 0.003805
0.100308 0.044963 0.003559 0.000117
0.025442 0.003559 0.517093 0.108625
0.003805 0.000117 0.108625 0.046586
23.014527 1.127192 30.622855 2.074295
0.467823 0.098494 0.021372 0.002697
0.098494 0.044585 0.002422 -0.000036
0.021372 0.002422 0.525693 0.109774
0.002697 -0.000036 0.109774 0.046702
23.385655 1.088917 31.073326 1.953230
0.469080 0.098993 0.035647 0.005544
0.098993 0.044702 0.005375 0.000672
0.035647 0.005375 0.527127 0.109320
0.005544 0.000672 0.109320 0.046488
23.810288 1.063740 32.005995 1.944696
0.470323 0.099483 0.030578 0.004170
0.099483 0.044815 0.003954 0.000415
0.030578 0.003954 0.539712 0.111386
0.004170 0.000415 0.111386 0.046861
24.796737 1.158756 33.265994 2.001624
0.471606 0.099898 0.024726 0.002841
0.099898 0.044894 0.002543 0.000193
0.024726 0.002543 0.558521 0.114606
0.002841 0.000193 0.114606 0.047460
25.780873 1.243468 34.516959 2.050767
0.451224 0.095723 0.002264 -0.001598
0.095723 0.044002 -0.002161 -0.000659
0.002264 -0.002161 0.567843 0.115737
-0.001598 -0.000659 0.115737 0.047620
26.245562 1.210659 35.362955 2.015027
0.461323 0.098301 -0.000901 -0.001812
0.098301 0.044597 -0.002313 -0.000550
-0.000901 -0.002313 0.581692 0.117693
-0.001812 -0.000550 0.117693 0.047945
27.062871 1.254405 36.914367 2.123684
0.462418 0.098662 -0.008510 -0.002894
0.098662 0.044653 -0.003423 -0.000658
-0.008510 -0.003423 0.594018 0.119285
-0.002894 -0.000658 0.119285 0.048202
28.077914 1.337185 37.972580 2.122375
0.447419 0.095507 -0.010580 -0.002784
0.095507 0.043947 -0.003263 -0.000520
-0.010580 -0.003263 0.594884 0.118553
-0.002784 -0.000520 0.118553 0.048004
27.837537 1.143379 37.953768 1.908949
0.419519 0.089859 -0.014580 -0.003133
0.089859 0.042764 -0.003595 -0.000518
-0.014580 -0.003595 0.589307 0.116755
-0.003133 -0.000518 0.116755 0.047646
28.905923 1.250752 39.210273 1.968748
0.419616 0.090690 -0.020624 -0.003930
0.090690 0.043052 -0.004414 -0.000636
-0.020624 -0.004414 0.591813 0.116836
-0.003930 -0.000636 0.116836 0.047711
29.442929 1.230762 39.413111 1.814740
0.434448 0.094528 -0.021026 -0.003585
0.094528 0.043931 -0.004009 -0.000518
-0.021026 -0.004009 0.584554 0.115080
-0.003585 -0.000518 0.115080 0.047423
30.566805 1.342127 40.642466 1.879104
0.449239 0.097893 -0.016032 -0.002268
0.097893 0.044607 -0.002518 -0.000212
-0.016032 -0.002518 0.593688 0.116796
-0.002268 -0.000212 0.116796 0.047851
31.457038 1.387963 40.638069 1.694150
0.469140 0.101989 -0.010452 -0.000999
0.101989 0.045379 -0.001160 0.000032
-0.010452 -0.001160 0.577040 0.113341
-0.000999 0.000032 0.113341 0.047230
31.969551 1.349274 41.758056 1.747443
0.471065 0.101766 -0.011063 -0.001139
0.101766 0.045158 -0.001241 -0.000041
-0.011063 -0.001241 0.600070 0.118034
-0.001139 -0.000041 0.118034 0.048261
32.715725 1.365531 43.101461 1.839812
0.473589 0.101776 0.000291 0.001069
0.101776 0.045044 0.001218 0.000395
0.000291 0.001218 0.614509 0.120651
0.001069 0.000395 0.120651 0.048796
33.568034 1.401422 43.768629 1.790644
0.464722 0.099408 0.015249 0.003748
0.099408 0.044458 0.004104 0.000878
0.015249 0.004104 0.579410 0.113382
0.003748 0.000878 0.113382 0.047360
33.465266 1.229615 44.134618 1.686278
0.472607 0.100877 -0.002126 -0.000102
0.100877 0.044757 -0.000135 -0.000054
-0.002126 -0.000135 0.558024 0.109458
-0.000102 -0.000054 0.109458 0.046698
35.420735 1.515935 47.167348 2.118939
0.509953 0.108520 0.005365 0.001334
0.108520 0.046356 0.001411 0.000248
0.005365 0.001411 0.574413 0.113316
0.001334 0.000248 0.113316 0.047607
34.862681 1.238162 46.379652 1.753598
0.536480 0.113125 -0.008560 -0.001595
0.113125 0.047175 -0.001729 -0.000401
-0.008560 -0.001729 0.522552 0.103284
-0.001595 -0.000401 0.103284 0.045671
34.842585 1.104637 46.455312 1.593315
0.561641 0.117081 -0.006070 -0.000987
0.117081 0.047823 -0.001089 -0.000242
-0.006070 -0.001089 0.506810 0.101232
-0.000987 -0.000242 0.101232 0.045451
