0.648278 1.221411 3.618453 0.555366
2.128503 0.851420 -0.273828 -0.109534
0.851420 80.344642 -0.109534 -0.043814
-0.273828 -0.109534 3.767705 1.507114
-0.109534 -0.043814 1.507114 80.606926
4.219006 6.428783 1.294614 -3.657096
0.660994 1.149346 -1.183032 -1.930957
1.149346 9.371161 -2.016285 -4.037819
-1.183032 -2.016285 3.936676 6.448274
-1.930957 -4.037819 6.448274 22.407849
6.828041 5.731586 1.069259 -1.926595
1.527331 2.365439 -0.107512 0.199146
2.365439 4.589510 0.031101 -0.058921
-0.107512 0.031101 1.290666 1.473684
0.199146 -0.058921 1.473684 4.532655
7.060110 3.299146 1.622522 -0.563124
1.134501 1.050439 0.599738 0.615401
1.050439 1.256263 0.556647 0.347358
0.599738 0.556647 0.955532 0.938190
0.615401 0.347358 0.938190 1.862676
7.967391 2.829596 0.561214 -1.142272
1.145499 0.782172 0.414739 0.217041
0.782172 0.662374 0.212922 0.012169
0.414739 0.212922 1.112751 0.904622
0.217041 0.012169 0.904622 1.107923
8.884881 2.408272 2.634341 0.654542
0.860054 0.447715 0.441092 0.211574
0.447715 0.302050 0.201129 0.062678
0.441092 0.201129 0.734687 0.445079
0.211574 0.062678 0.445079 0.442303
5.504052 0.148720 5.560609 2.566125
-0.409151 -0.207337 0.332645 0.227629
-0.207337 -0.058089 0.111862 0.071770
0.332645 0.111862 0.731490 0.382407
0.227629 0.071770 0.382407 0.287310
4.732413 -0.176391 7.879040 3.075147
-0.869256 -0.318733 0.529107 0.276505
-0.318733 -0.082785 0.165191 0.082945
0.529107 0.165191 0.684100 0.295540
0.276505 0.082945 0.295540 0.184975
1.754753 -1.029480 10.909645 3.699030
-2.468010 -0.727052 1.165649 0.490127
-0.727052 -0.185491 0.329011 0.135956
1.165649 0.329011 0.430536 0.151211
0.490127 0.135956 0.151211 0.094638
9.306619 0.987872 11.724592 3.318374
0.976772 0.240235 0.477060 0.158379
0.240235 0.085262 0.117360 0.037166
0.477060 0.117360 0.228770 0.075918
0.158379 0.037166 0.075918 0.059051
8.523816 0.706587 12.731923 3.107997
0.609692 0.142355 0.305384 0.080999
0.142355 0.058303 0.064099 0.015568
0.305384 0.064099 0.158256 0.058032
0.080999 0.015568 0.058032 0.049342
9.003983 0.740520 14.334281 3.107587
0.547423 0.125480 0.266465 0.057203
0.125480 0.053082 0.047170 0.008893
0.266465 0.047170 0.168111 0.067026
0.057203 0.008893 0.067026 0.049454
9.108013 0.748300 15.434685 2.868111
0.440333 0.102770 0.183897 0.025193
0.102770 0.047550 0.024388 0.001982
0.183897 0.024388 0.167507 0.069961
0.025193 0.001982 0.069961 0.047246
9.916005 0.883385 16.767267 2.756878
0.419439 0.099081 0.138658 0.010171
0.099081 0.046259 0.012194 -0.000551
0.138658 0.012194 0.200282 0.080147
0.010171 -0.000551 0.080147 0.047188
10.514132 0.933250 18.042814 2.699783
0.438391 0.103477 0.107836 0.001699
0.103477 0.046767 0.004537 -0.001635
0.107836 0.004537 0.255026 0.093679
0.001699 -0.001635 0.093679 0.048362
10.909545 0.941847 18.989350 2.563204
0.456010 0.106643 0.072560 -0.005740
0.106643 0.046882 -0.001786 -0.002097
0.072560 -0.001786 0.302729 0.101199
-0.005740 -0.002097 0.101199 0.047534
11.459519 0.987138 19.677514 2.374648
0.468635 0.107914 0.037158 -0.011294
0.107914 0.046579 -0.006697 -0.002157
0.037158 -0.006697 0.340653 0.104212
-0.011294 -0.002157 0.104212 0.045905
12.182612 1.049206 20.536459 2.273769
0.481314 0.108677 0.010610 -0.013510
0.108677 0.046235 -0.009108 -0.001719
0.010610 -0.009108 0.374705 0.105759
-0.013510 -0.001719 0.105759 0.044528
13.169969 1.155981 21.444694 2.202887
0.481176 0.106313 0.000892 -0.011014
0.106313 0.045281 -0.007560 -0.000461
0.000892 -0.007560 0.392726 0.103144
-0.011014 -0.000461 0.103144 0.042586
14.173223 1.248428 22.536394 2.193989
0.482986 0.105054 -0.016139 -0.011362
0.105054 0.044827 -0.008318 -0.000208
-0.016139 -0.008318 0.410649 0.101956
-0.011362 -0.000208 0.101956 0.041710
15.914110 1.492312 22.812966 1.990021
0.469617 0.100754 -0.011318 -0.006834
0.100754 0.043811 -0.004719 0.000915
-0.011318 -0.004719 0.422432 0.100033
-0.006834 0.000915 0.100033 0.040985
16.545297 1.468418 23.338200 1.883280
0.467961 0.099671 -0.010264 -0.004376
0.099671 0.043647 -0.002716 0.001373
-0.010264 -0.002716 0.422079 0.096397
-0.004376 0.001373 0.096397 0.040182
17.321852 1.476466 23.683394 1.750483
0.466328 0.098865 -0.011103 -0.003028
0.098865 0.043584 -0.001693 0.001477
-0.011103 -0.001693 0.423618 0.094295
-0.003028 0.001477 0.094295 0.039964
18.527101 1.574105 24.223365 1.677626
0.463513 0.098021 -0.008324 -0.001359
0.098021 0.043534 -0.000280 0.001601
-0.008324 -0.000280 0.431034 0.094256
-0.001359 0.001601 0.094256 0.040313
19.489024 1.608959 24.585544 1.575121
0.464571 0.098150 -0.009765 -0.001031
0.098150 0.043693 -0.000132 0.001406
-0.009765 -0.000132 0.436956 0.094322
-0.001031 0.001406 0.094322 0.040704
20.287609 1.608679 25.568147 1.616840
0.475198 0.100418 0.002199 0.001970
0.100418 0.044303 0.002718 0.001800
0.002199 0.002718 0.455105 0.097395
0.001970 0.001800 0.097395 0.041747
21.282302 1.647766 26.145823 1.568479
0.472654 0.099691 0.006110 0.002754
0.099691 0.044214 0.003378 0.001675
0.006110 0.003378 0.458918 0.097368
0.002754 0.001675 0.097368 0.042048
22.404661 1.710241 26.822925 1.546687
0.483357 0.101892 0.012340 0.003900
0.101892 0.044757 0.004434 0.001664
0.012340 0.004434 0.474181 0.100030
0.003900 0.001664 0.100030 0.042913
22.916392 1.635553 26.739430 1.366394
0.473128 0.099469 0.002709 0.001507
0.099469 0.044271 0.001920 0.000911
0.002709 0.001920 0.462591 0.096974
0.001507 0.000911 0.096974 0.042506
23.414226 1.569938 28.106771 1.509093
0.447351 0.094085 -0.000432 0.000667
0.094085 0.043217 0.001033 0.000581
-0.000432 0.001033 0.459053 0.096112
0.000667 0.000581 0.096112 0.042612
23.808794 1.487460 28.922904 1.521407
0.452758 0.095789 -0.006797 -0.000736
0.095789 0.043737 -0.000433 0.000181
-0.006797 -0.000433 0.472710 0.099056
-0.000736 0.000181 0.099056 0.043499
23.654248 1.296089 29.407093 1.462088
0.441148 0.093688 -0.005714 -0.000495
0.093688 0.043380 -0.000232 0.000164
-0.005714 -0.000232 0.470605 0.098516
-0.000495 0.000164 0.098516 0.043571
24.726579 1.387723 30.653622 1.570709
0.441194 0.094205 -0.014872 -0.002427
0.094205 0.043587 -0.002222 -0.000305
-0.014872 -0.002222 0.486292 0.101822
-0.002427 -0.000305 0.101822 0.044436
25.210884 1.342262 31.211568 1.522786
0.440608 0.094496 -0.012553 -0.001793
0.094496 0.043708 -0.001607 -0.000187
-0.012553 -0.001607 0.489411 0.102261
-0.001793 -0.000187 0.102261 0.044625
25.430308 1.245292 32.090172 1.546333
0.443788 0.095514 -0.008470 -0.000876
0.095514 0.043956 -0.000673 -0.000017
-0.008470 -0.000673 0.503614 0.105050
-0.000876 -0.000017 0.105050 0.045293
25.966454 1.227790 33.407747 1.659337
0.442490 0.095401 -0.010971 -0.001447
0.095401 0.043921 -0.001258 -0.000181
-0.010971 -0.001258 0.523353 0.108769
-0.001447 -0.000181 0.108769 0.046097
26.060960 1.116558 34.698355 1.753623
0.437848 0.094562 -0.002493 0.000297
0.094562 0.043731 0.000573 0.000171
-0.002493 0.000573 0.541223 0.111835
0.000297 0.000171 0.111835 0.046713
26.966210 1.192108 35.853818 1.811291
0.422184 0.091338 -0.019013 -0.003282
0.091338 0.043024 -0.003210 -0.000661
-0.019013 -0.003210 0.549683 0.112730
-0.003282 -0.000661 0.112730 0.046844
29.070504 1.521465 37.388324 1.942175
0.332226 0.072183 -0.045710 -0.008708
0.072183 0.038895 -0.008854 -0.001820
-0.045710 -0.008854 0.549664 0.111915
-0.008708 -0.001820 0.111915 0.046641
29.829748 1.522509 38.719895 2.015314
0.353450 0.079193 -0.046322 -0.008094
0.079193 0.040827 -0.008241 -0.001561
-0.046322 -0.008241 0.565272 0.114526
-0.008094 -0.001561 0.114526 0.047191
30.353491 1.469503 39.961761 2.061397
0.375214 0.085371 -0.046805 -0.007583
0.085371 0.042300 -0.007776 -0.001387
-0.046805 -0.007776 0.574042 0.115606
-0.007583 -0.001387 0.115606 0.047402
31.078320 1.467219 40.990835 2.061014
0.405409 0.092645 -0.047899 -0.007268
0.092645 0.043838 -0.007633 -0.001307
-0.047899 -0.007633 0.573027 0.114729
-0.007268 -0.001307 0.114729 0.047224
32.255376 1.562350 41.070740 1.873760
0.315499 0.071913 -0.004689 0.001051
0.071913 0.038894 0.002315 0.000536
-0.004689 0.002315 0.537216 0.107372
0.001051 0.000536 0.107372 0.045839
32.842362 1.515565 41.696557 1.810498
0.298229 0.069500 0.003289 0.002080
0.069500 0.038514 0.003401 0.000590
0.003289 0.003401 0.531899 0.106608
0.002080 0.000590 0.106608 0.045846
33.484175 1.487464 42.462129 1.782067
0.329126 0.078388 -0.002836 0.000417
0.078388 0.040737 0.001133 0.000040
-0.002836 0.001133 0.528560 0.106261
0.000417 0.000040 0.106261 0.045910
34.001304 1.432305 42.976924 1.705703
0.367284 0.087817 -0.014328 -0.002143
0.087817 0.042813 -0.002108 -0.000643
-0.014328 -0.002108 0.519100 0.104696
-0.002143 -0.000643 0.104696 0.045706
34.098707 1.286049 44.003440 1.739703
0.393224 0.093148 -0.025913 -0.004491
0.093148 0.043701 -0.004901 -0.001177
-0.025913 -0.004901 0.523023 0.105956
-0.004491 -0.001177 0.105956 0.046072
34.704980 1.277839 45.013709 1.768165
0.432432 0.100984 -0.032941 -0.005651
0.100984 0.045131 -0.006299 -0.001379
-0.032941 -0.006299 0.517892 0.105223
-0.005651 -0.001379 0.105223 0.045984
35.422502 1.298176 46.632060 1.918243
0.456834 0.104615 -0.024484 -0.003596
0.104615 0.045514 -0.004016 -0.000834
-0.024484 -0.004016 0.503988 0.102770
-0.003596 -0.000834 0.102770 0.045545
36.065428 1.298372 48.088396 2.020215
0.493260 0.110649 -0.032744 -0.005140
0.110649 0.046475 -0.005794 -0.001171
-0.032744 -0.005794 0.490422 0.100494
-0.005140 -0.001171 0.100494 0.045147
