1.217479 1.449097 5.443080 1.285232
2.605494 1.042220 -0.762978 -0.305198
1.042220 80.420964 -0.305198 -0.122082
-0.762978 -0.305198 3.934114 1.573680
-0.305198 -0.122082 1.573680 80.633552
4.008077 4.988980 5.186871 -0.059736
1.511910 2.624732 -0.088148 -0.053089
2.624732 13.251909 0.020170 -1.815686
-0.088148 0.020170 2.882436 4.706685
-0.053089 -1.815686 4.706685 19.870102
4.926889 3.037554 4.929914 -0.258422
1.808423 2.251800 -0.521450 -0.682513
2.251800 4.568767 -0.690503 -1.294231
-0.521450 -0.690503 2.807959 3.290940
-0.682513 -1.294231 3.290940 6.646751
6.688139 3.249247 3.877853 -1.045367
1.485219 1.295252 -0.361736 -0.315314
1.295252 1.746215 -0.316104 -0.408498
-0.361736 -0.316104 2.447483 2.085664
-0.315314 -0.408498 2.085664 2.789819
6.972730 2.345884 3.924312 -0.666267
1.448539 0.976993 -0.158938 -0.106100
0.976993 0.947134 -0.105315 -0.131999
-0.158938 -0.105315 1.798613 1.197153
-0.106100 -0.131999 1.197153 1.274101
8.257237 2.403528 4.736445 -0.032691
1.407232 0.767382 -0.198223 -0.113602
0.767382 0.579009 -0.112178 -0.097377
-0.198223 -0.112178 1.512595 0.837742
-0.113602 -0.097377 0.837742 0.726724
10.199466 2.739570 5.154015 0.172265
1.169884 0.533767 -0.213748 -0.102999
0.533767 0.344879 -0.101870 -0.068680
-0.213748 -0.101870 1.413871 0.671315
-0.102999 -0.068680 0.671315 0.479611
10.978127 2.504330 6.139052 0.543975
0.962226 0.380250 -0.185616 -0.076484
0.380250 0.220580 -0.075939 -0.043850
-0.185616 -0.075939 1.273431 0.526794
-0.076484 -0.043850 0.526794 0.325107
10.341011 1.839352 7.147458 0.811990
0.691713 0.243353 -0.162026 -0.058624
0.243353 0.138196 -0.058134 -0.029573
-0.162026 -0.058134 1.124202 0.412544
-0.058624 -0.029573 0.412544 0.228070
11.065112 1.776213 7.822552 0.900751
0.698865 0.226004 -0.172401 -0.055634
0.226004 0.114834 -0.055263 -0.023910
-0.172401 -0.055263 1.050382 0.347731
-0.055634 -0.023910 0.347731 0.173423
11.296693 1.581777 9.230780 1.188506
0.666103 0.198726 -0.184114 -0.053504
0.198726 0.094175 -0.053295 -0.019983
-0.184114 -0.053295 0.935992 0.282719
-0.053504 -0.019983 0.282719 0.132164
12.048357 1.572515 10.307589 1.323685
0.642830 0.178688 -0.176549 -0.046247
0.178688 0.080162 -0.046299 -0.015566
-0.176549 -0.046299 0.846564 0.236597
-0.046247 -0.015566 0.236597 0.105423
12.768651 1.557262 11.390382 1.434015
0.637773 0.166679 -0.167630 -0.039847
0.166679 0.071222 -0.040139 -0.012254
-0.167630 -0.040139 0.790016 0.206769
-0.039847 -0.012254 0.206769 0.088469
13.252468 1.488097 12.804767 1.605405
0.609656 0.150946 -0.138063 -0.029569
0.150946 0.063226 -0.030105 -0.008644
-0.138063 -0.030105 0.703034 0.174039
-0.029569 -0.008644 0.174039 0.074115
13.697130 1.417772 13.749145 1.636634
0.586071 0.138697 -0.124821 -0.024738
0.138697 0.057546 -0.025353 -0.006867
-0.124821 -0.025353 0.645189 0.152882
-0.024738 -0.006867 0.152882 0.065004
14.396647 1.418782 14.995021 1.735222
0.589412 0.134587 -0.104140 -0.018606
0.134587 0.054778 -0.019283 -0.004988
-0.104140 -0.019283 0.626518 0.143633
-0.018606 -0.004988 0.143633 0.060168
15.630279 1.531499 15.344444 1.623871
0.574185 0.127163 -0.071604 -0.010784
0.127163 0.051836 -0.011267 -0.002963
-0.071604 -0.011267 0.622981 0.138994
-0.010784 -0.002963 0.138994 0.057199
16.382166 1.528985 16.228054 1.639401
0.577431 0.124733 -0.060450 -0.008402
0.124733 0.050448 -0.008881 -0.002365
-0.060450 -0.008881 0.616079 0.133976
-0.008402 -0.002365 0.133976 0.054620
16.219626 1.334904 17.448272 1.718014
0.554207 0.117132 -0.060269 -0.008765
0.117132 0.048228 -0.009316 -0.002457
-0.060269 -0.009316 0.561634 0.119397
-0.008765 -0.002457 0.119397 0.050421
16.578289 1.271627 18.521392 1.761016
0.541268 0.112981 -0.023106 -0.001112
0.112981 0.047111 -0.001693 -0.000796
-0.023106 -0.001693 0.534861 0.112617
-0.001112 -0.000796 0.112617 0.048474
17.449882 1.322423 19.840693 1.854217
0.528982 0.109366 -0.019815 -0.001241
0.109366 0.046232 -0.001726 -0.000875
-0.019815 -0.001726 0.518662 0.108525
-0.001241 -0.000875 0.108525 0.047280
17.952826 1.288441 20.367458 1.769943
0.520851 0.107143 -0.007083 0.000775
0.107143 0.045770 0.000344 -0.000467
-0.007083 0.000344 0.508801 0.106204
0.000775 -0.000467 0.106204 0.046609
18.777260 1.326289 21.622535 1.847672
0.505386 0.103714 0.005075 0.002580
0.103714 0.045119 0.002200 -0.000114
0.005075 0.002200 0.493131 0.102859
0.002580 -0.000114 0.102859 0.045797
19.217666 1.281104 23.107136 1.964483
0.492085 0.101080 0.002404 0.001270
0.101080 0.044686 0.000979 -0.000399
0.002404 0.000979 0.479840 0.100254
0.001270 -0.000399 0.100254 0.045205
19.510124 1.209356 24.191630 1.985723
0.502858 0.103669 0.020484 0.004588
0.103669 0.045357 0.004284 0.000324
0.020484 0.004284 0.494112 0.103629
0.004588 0.000324 0.103629 0.045913
19.271380 1.034745 25.619867 2.077704
0.485906 0.100265 0.030947 0.006103
0.100265 0.044713 0.005823 0.000635
0.030947 0.005823 0.481707 0.101001
0.006103 0.000635 0.101001 0.045284
20.215372 1.122866 26.794653 2.105303
0.474480 0.098305 0.036649 0.006615
0.098305 0.044410 0.006353 0.000738
0.036649 0.006353 0.479223 0.100669
0.006615 0.000738 0.100669 0.045191
21.150037 1.202737 27.339933 1.997011
0.489051 0.101893 0.040872 0.006818
0.101893 0.045265 0.006591 0.000783
0.040872 0.006591 0.494764 0.104115
0.006818 0.000783 0.104115 0.045893
21.934283 1.239607 28.616154 2.054594
0.503344 0.105048 0.039230 0.005881
0.105048 0.045938 0.005646 0.000600
0.039230 0.005646 0.519412 0.109126
0.005881 0.000600 0.109126 0.046861
22.358768 1.200795 29.280995 1.979787
0.487880 0.101633 0.042871 0.006402
0.101633 0.045167 0.006150 0.000788
0.042871 0.006150 0.515756 0.107683
0.006402 0.000788 0.107683 0.046394
23.006770 1.207496 30.818763 2.093678
0.477500 0.099649 0.038870 0.005331
0.099649 0.044776 0.005007 0.000617
0.038870 0.005007 0.525546 0.109288
0.005331 0.000617 0.109288 0.046643
23.382792 1.162545 31.401586 1.998836
0.468786 0.098153 0.037110 0.004889
0.098153 0.044506 0.004543 0.000608
0.037110 0.004543 0.530151 0.109694
0.004889 0.000608 0.109694 0.046637
24.251655 1.223054 32.417199 2.000453
0.451930 0.095039 0.033231 0.004147
0.095039 0.043903 0.003700 0.000531
0.033231 0.003700 0.538369 0.110885
0.004147 0.000531 0.110885 0.046820
24.388119 1.123612 33.191329 1.956800
0.445725 0.094405 0.026904 0.002935
0.094405 0.043856 0.002424 0.000352
0.026904 0.002424 0.550569 0.112860
0.002935 0.000352 0.112860 0.047172
25.028300 1.138545 34.495437 2.022838
0.423616 0.090343 0.017912 0.001394
0.090343 0.043050 0.000694 0.000109
0.017912 0.000694 0.566294 0.115449
0.001394 0.000109 0.115449 0.047642
25.961750 1.218900 35.123807 1.943576
0.414759 0.089360 0.011285 0.000393
0.089360 0.042934 -0.000309 0.000003
0.011285 -0.000309 0.568976 0.115213
0.000393 0.000003 0.115213 0.047520
26.735154 1.254511 36.112045 1.946289
0.407768 0.088756 -0.006687 -0.002840
0.088756 0.042873 -0.003789 -0.000613
-0.006687 -0.003789 0.586433 0.118125
-0.002840 -0.000613 0.118125 0.048082
27.437701 1.273231 36.241603 1.777412
0.411769 0.090396 -0.009521 -0.002809
0.090396 0.043253 -0.003610 -0.000469
-0.009521 -0.003610 0.584044 0.116826
-0.002809 -0.000469 0.116826 0.047763
27.938685 1.243275 37.155516 1.782557
0.418855 0.092422 -0.016086 -0.003598
0.092422 0.043654 -0.004397 -0.000559
-0.016086 -0.004397 0.598644 0.119156
-0.003598 -0.000559 0.119156 0.048226
28.298509 1.185297 38.468872 1.866026
0.435051 0.096149 -0.020120 -0.003878
0.096149 0.044378 -0.004624 -0.000554
-0.020120 -0.004624 0.625609 0.123806
-0.003878 -0.000554 0.123806 0.049126
28.560460 1.111965 38.715191 1.730786
0.396636 0.087396 -0.023569 -0.004147
0.087396 0.042283 -0.004781 -0.000569
-0.023569 -0.004781 0.628357 0.123356
-0.004147 -0.000569 0.123356 0.048969
29.568921 1.213206 40.127472 1.838474
0.405687 0.089984 -0.017497 -0.002541
0.089984 0.042893 -0.002895 -0.000188
-0.017497 -0.002895 0.636347 0.124132
-0.002541 -0.000188 0.124132 0.049103
30.582462 1.303362 40.867646 1.804778
0.407977 0.090730 -0.004515 0.000167
0.090730 0.043017 0.000235 0.000381
-0.004515 0.000235 0.631646 0.122520
0.000167 0.000381 0.122520 0.048793
31.268197 1.312491 42.640296 1.973029
0.418610 0.093174 -0.003460 0.000294
0.093174 0.043495 0.000378 0.000325
-0.003460 0.000378 0.645165 0.124666
0.000294 0.000325 0.124666 0.049251
32.236198 1.383268 44.614085 2.163581
0.436119 0.096892 0.018670 0.004461
0.096892 0.044220 0.005191 0.001181
0.018670 0.005191 0.671645 0.129247
0.004461 0.001181 0.129247 0.050163
33.334606 1.472963 45.492679 2.125119
0.419531 0.092679 0.053193 0.010556
0.092679 0.043135 0.012129 0.002369
0.053193 0.012129 0.590232 0.112864
0.010556 0.002369 0.112864 0.047003
34.104593 1.481084 46.072891 2.032198
0.447829 0.098835 0.044801 0.007942
0.098835 0.044462 0.009086 0.001581
0.044801 0.009086 0.540336 0.103967
0.007942 0.001581 0.103967 0.045530
34.577187 1.423944 46.521571 1.922213
0.472174 0.103476 0.041876 0.006692
0.103476 0.045335 0.007714 0.001218
0.041876 0.007714 0.506783 0.098854
0.006692 0.001218 0.098854 0.044848
34.964853 1.354293 47.279784 1.883259
0.492481 0.106833 0.034992 0.004846
0.106833 0.045879 0.005687 0.000782
0.034992 0.005687 0.491572 0.097596
0.004846 0.000782 0.097596 0.044901
37.231726 1.686742 50.249000 2.285606
0.535764 0.114861 0.033118 0.004117
0.114861 0.047415 0.004964 0.000634
0.033118 0.004964 0.494390 0.099812
0.004117 0.000634 0.099812 0.045562
