2.457776 1.945226 1.056013 -0.469633
1.998497 0.799416 -0.244194 -0.097680
0.799416 80.323840 -0.097680 -0.039073
-0.244194 -0.097680 4.072022 1.628844
-0.097680 -0.039073 1.628844 80.655618
5.799214 6.214762 2.220431 1.847483
3.217935 5.737222 -1.265816 -1.989962
5.737222 17.209575 -2.227411 -4.160664
-1.265816 -2.227411 1.981796 3.190277
-1.989962 -4.160664 3.190277 17.725134
6.028683 3.042950 3.089611 1.398763
2.011313 2.208905 -0.097499 0.135198
2.208905 4.103009 0.012447 -0.067471
-0.097499 0.012447 2.080676 2.724048
0.135198 -0.067471 2.724048 6.008689
7.292758 2.833605 3.651457 1.267015
1.982719 1.610084 -0.278343 -0.200631
1.610084 1.953716 -0.222182 -0.319898
-0.278343 -0.222182 2.123549 1.922081
-0.200631 -0.319898 1.922081 2.546243
7.583968 2.120701 4.256823 1.239835
1.338003 0.848309 -0.159232 -0.099386
0.848309 0.855313 -0.109510 -0.145850
-0.159232 -0.109510 1.906197 1.301726
-0.099386 -0.145850 1.301726 1.258076
6.980911 1.230584 5.866631 1.787836
0.823583 0.438179 -0.101710 -0.058424
0.438179 0.413818 -0.064434 -0.078446
-0.101710 -0.064434 1.593987 0.874068
-0.058424 -0.078446 0.874068 0.682798
7.434442 1.154582 6.697228 1.760289
0.761675 0.362299 -0.377211 -0.181185
0.362299 0.285179 -0.186552 -0.113793
-0.377211 -0.186552 1.272656 0.589585
-0.181185 -0.113793 0.589585 0.399933
9.236861 1.668598 5.716686 1.010211
0.770392 0.326138 -0.372252 -0.150343
0.326138 0.213988 -0.153844 -0.077607
-0.372252 -0.153844 1.206319 0.486064
-0.150343 -0.077607 0.486064 0.282148
10.151223 1.708095 7.286595 1.391590
0.773728 0.292656 -0.304535 -0.105326
0.292656 0.165632 -0.107052 -0.047647
-0.304535 -0.107052 1.087986 0.387864
-0.105326 -0.047647 0.387864 0.201480
10.579328 1.563297 8.144470 1.441112
0.809135 0.275141 -0.299426 -0.091342
0.275141 0.136093 -0.092965 -0.036076
-0.299426 -0.092965 1.055608 0.338667
-0.091342 -0.036076 0.338667 0.157942
11.126474 1.486683 8.487112 1.328157
0.758985 0.233452 -0.295740 -0.081256
0.233452 0.106814 -0.082568 -0.028552
-0.295740 -0.082568 0.993811 0.290131
-0.081256 -0.028552 0.290131 0.125276
11.111494 1.289409 11.112175 1.854182
0.713270 0.202139 -0.211942 -0.051280
0.202139 0.087641 -0.052458 -0.017253
-0.211942 -0.052458 0.811642 0.218619
-0.051280 -0.017253 0.218619 0.093884
11.718498 1.278226 11.923409 1.824243
0.715932 0.188857 -0.192490 -0.042616
0.188857 0.077266 -0.043605 -0.013322
-0.192490 -0.043605 0.782054 0.198001
-0.042616 -0.013322 0.198001 0.081466
11.994450 1.184000 12.465040 1.731234
0.699104 0.172929 -0.184798 -0.038260
0.172929 0.068426 -0.039254 -0.011173
-0.184798 -0.039254 0.734174 0.175954
-0.038260 -0.011173 0.175954 0.071073
12.874138 1.258168 13.977908 1.883849
0.675648 0.158505 -0.148056 -0.027778
0.158505 0.061772 -0.028584 -0.007889
-0.148056 -0.028584 0.686564 0.157526
-0.027778 -0.007889 0.157526 0.063445
13.695881 1.302141 14.963877 1.895521
0.639489 0.143387 -0.138270 -0.024804
0.143387 0.056148 -0.025519 -0.006773
-0.138270 -0.025519 0.636498 0.140869
-0.024804 -0.006773 0.140869 0.057424
15.206235 1.490182 15.944688 1.911073
0.583832 0.126710 -0.093853 -0.014752
0.126710 0.051222 -0.015162 -0.004228
-0.093853 -0.015162 0.590220 0.127569
-0.014752 -0.004228 0.127569 0.053137
16.454158 1.596173 16.740803 1.881590
0.550873 0.116992 -0.071110 -0.010162
0.116992 0.048471 -0.010428 -0.003099
-0.071110 -0.010428 0.562719 0.119659
-0.010162 -0.003099 0.119659 0.050560
17.079838 1.553992 16.905893 1.716337
0.536671 0.112374 -0.065697 -0.009423
0.112374 0.047158 -0.009603 -0.002847
-0.065697 -0.009603 0.552237 0.116083
-0.009423 -0.002847 0.116083 0.049221
17.636151 1.511522 18.261599 1.818774
0.520847 0.108181 -0.043979 -0.005232
0.108181 0.046152 -0.005481 -0.001908
-0.043979 -0.005481 0.523486 0.109215
-0.005232 -0.001908 0.109215 0.047414
18.229313 1.478558 19.291465 1.842833
0.506478 0.104730 -0.034641 -0.003904
0.104730 0.045410 -0.004143 -0.001612
-0.034641 -0.004143 0.503632 0.104798
-0.003904 -0.001612 0.104798 0.046304
18.666046 1.417673 20.550621 1.911612
0.504942 0.104300 -0.032245 -0.003939
0.104300 0.045369 -0.004167 -0.001584
-0.032245 -0.004167 0.495726 0.103226
-0.003939 -0.001584 0.103226 0.045890
18.752723 1.292495 22.309570 2.076436
0.509116 0.105212 -0.011205 0.000065
0.105212 0.045630 -0.000202 -0.000699
-0.011205 -0.000202 0.491742 0.102664
0.000065 -0.000699 0.102664 0.045741
19.250250 1.261722 23.327981 2.071791
0.494487 0.102083 -0.012318 -0.000910
0.102083 0.045012 -0.001117 -0.000909
-0.012318 -0.001117 0.477210 0.099786
-0.000910 -0.000909 0.099786 0.045091
19.238949 1.128130 24.028212 1.999741
0.488934 0.101152 -0.013018 -0.001542
0.101152 0.044903 -0.001712 -0.000998
-0.013018 -0.001712 0.468168 0.098276
-0.001542 -0.000998 0.098276 0.044777
19.926488 1.153990 25.182357 2.032512
0.494442 0.102599 -0.007803 -0.000741
0.102599 0.045287 -0.000888 -0.000760
-0.007803 -0.000888 0.480356 0.101318
-0.000741 -0.000760 0.101318 0.045435
20.451238 1.143359 26.436177 2.082606
0.507784 0.105503 -0.011708 -0.001856
0.105503 0.045925 -0.001959 -0.000931
-0.011708 -0.001959 0.500761 0.105712
-0.001856 -0.000931 0.105712 0.046301
20.503564 1.035132 26.843627 1.948751
0.499720 0.103699 0.010019 0.002581
0.103699 0.045530 0.002435 0.000067
0.010019 0.002435 0.490911 0.103298
0.002581 0.000067 0.103298 0.045664
20.748396 0.978564 27.591992 1.901257
0.490036 0.101728 0.007747 0.001611
0.101728 0.045135 0.001499 -0.000136
0.007747 0.001499 0.487531 0.102471
0.001611 -0.000136 0.102471 0.045429
21.313668 0.994475 28.420968 1.875645
0.477889 0.099429 -0.003232 -0.001000
0.099429 0.044704 -0.001074 -0.000645
-0.003232 -0.001074 0.485899 0.102096
-0.001000 -0.000645 0.102096 0.045316
22.116210 1.058037 29.636732 1.933835
0.473127 0.098846 -0.007682 -0.001928
0.098846 0.044652 -0.001996 -0.000755
-0.007682 -0.001996 0.497779 0.104585
-0.001928 -0.000755 0.104585 0.045817
22.812293 1.092857 31.051764 2.027687
0.448381 0.094061 -0.001072 -0.000413
0.094061 0.043701 -0.000478 -0.000346
-0.001072 -0.000478 0.500773 0.104959
-0.000413 -0.000346 0.104959 0.045831
23.920885 1.211849 31.950859 2.003442
0.440355 0.093169 -0.011407 -0.002584
0.093169 0.043626 -0.002667 -0.000756
-0.011407 -0.002667 0.503267 0.105224
-0.002584 -0.000756 0.105224 0.045835
25.017385 1.316509 32.606363 1.931234
0.431544 0.092061 -0.010758 -0.002241
0.092061 0.043470 -0.002304 -0.000602
-0.010758 -0.002304 0.499394 0.104160
-0.002241 -0.000602 0.104160 0.045572
25.845182 1.352968 33.548683 1.926445
0.430308 0.092549 -0.020960 -0.004202
0.092549 0.043630 -0.004318 -0.000968
-0.020960 -0.004318 0.508363 0.105901
-0.004202 -0.000968 0.105901 0.045927
26.426652 1.331755 33.944050 1.808313
0.423089 0.091583 -0.008687 -0.001326
0.091583 0.043432 -0.001314 -0.000270
-0.008687 -0.001314 0.500063 0.103925
-0.001326 -0.000270 0.103925 0.045487
26.746262 1.256832 35.261661 1.893794
0.410961 0.089492 -0.018980 -0.003449
0.089492 0.042972 -0.003507 -0.000728
-0.018980 -0.003507 0.517931 0.107580
-0.003449 -0.000728 0.107580 0.046259
28.007985 1.397075 36.947608 2.047903
0.380052 0.083336 -0.035566 -0.006714
0.083336 0.041626 -0.006878 -0.001400
-0.035566 -0.006878 0.538083 0.111354
-0.006714 -0.001400 0.111354 0.046988
29.260977 1.518310 37.234716 1.897803
0.338520 0.075219 -0.037820 -0.006802
0.075219 0.039913 -0.006900 -0.001348
-0.037820 -0.006900 0.520573 0.107075
-0.006802 -0.001348 0.107075 0.046014
29.983023 1.512205 38.744259 2.012937
0.353133 0.080268 -0.041143 -0.006979
0.080268 0.041234 -0.007085 -0.001315
-0.041143 -0.007085 0.546256 0.112159
-0.006979 -0.001315 0.112159 0.047073
30.793165 1.524482 39.715499 2.006008
0.374213 0.086040 -0.044283 -0.007133
0.086040 0.042526 -0.007362 -0.001320
-0.044283 -0.007362 0.555055 0.113329
-0.007133 -0.001320 0.113329 0.047244
31.367689 1.479254 40.396440 1.939369
0.367780 0.084696 -0.042776 -0.006551
0.084696 0.042023 -0.006660 -0.001183
-0.042776 -0.006660 0.553945 0.112477
-0.006551 -0.001183 0.112477 0.047017
31.825297 1.416597 41.785495 2.022593
0.369869 0.085365 -0.040428 -0.005858
0.085365 0.042034 -0.005799 -0.001025
-0.040428 -0.005799 0.568630 0.115005
-0.005858 -0.001025 0.115005 0.047519
32.479732 1.401028 42.313185 1.924740
0.356707 0.082456 -0.020709 -0.001874
0.082456 0.041237 -0.001310 -0.000179
-0.020709 -0.001310 0.544005 0.109549
-0.001874 -0.000179 0.109549 0.046405
32.897828 1.332969 42.838272 1.835023
0.359434 0.083375 -0.013306 -0.000652
0.083375 0.041381 -0.000095 -0.000034
-0.013306 -0.000095 0.526047 0.105935
-0.000652 -0.000034 0.105935 0.045757
33.427944 1.302487 44.007883 1.885345
0.385298 0.089446 -0.015099 -0.001270
0.089446 0.042690 -0.000994 -0.000286
-0.015099 -0.000994 0.527427 0.106529
-0.001270 -0.000286 0.106529 0.045997
34.023636 1.290633 45.188003 1.933231
0.417640 0.096295 -0.018862 -0.002197
0.096295 0.044052 -0.002232 -0.000569
-0.018862 -0.002232 0.521764 0.105626
-0.002197 -0.000569 0.105626 0.045899
34.487065 1.250395 46.481945 1.999109
0.447948 0.101927 -0.024858 -0.003491
0.101927 0.045029 -0.003806 -0.000892
-0.024858 -0.003806 0.512330 0.104017
-0.003491 -0.000892 0.104017 0.045651
35.687949 1.377178 46.855690 1.873376
0.453460 0.101633 0.015763 0.004772
0.101633 0.044672 0.005008 0.000915
0.015763 0.005008 0.424922 0.086767
0.004772 0.000915 0.086767 0.042248
36.361074 1.373728 47.772044 1.869107
0.488644 0.107950 0.002284 0.001227
0.107950 0.045850 0.001182 -0.000006
0.002284 0.001182 0.415429 0.086726
0.001227 -0.000006 0.086726 0.042563
