0.395149 1.120157 -1.393966 -1.449646
2.100985 0.840412 -0.102153 -0.040862
0.840412 80.340239 -0.040862 -0.016345
-0.102153 -0.040862 4.277499 1.711037
-0.040862 -0.016345 1.711037 80.688496
4.882486 8.136680 0.548640 2.870603
2.861795 5.084436 -1.558086 -2.481552
5.084436 16.333228 -2.764624 -4.674520
-1.558086 -2.764624 1.286053 2.054833
-2.481552 -4.674520 2.054833 16.365145
6.924563 5.981577 3.376950 4.470307
2.290178 2.622594 -0.381814 0.102533
2.622594 4.658904 -0.180364 -0.105147
-0.381814 -0.180364 1.703680 2.610225
0.102533 -0.105147 2.610225 5.684134
6.870179 3.460934 4.146118 2.828009
0.913340 0.738623 -0.315430 -0.230071
0.738623 1.222588 -0.205066 -0.409765
-0.315430 -0.205066 2.280411 2.157538
-0.230071 -0.409765 2.157538 2.512879
6.738505 2.180464 6.935668 3.761180
0.849909 0.586311 -0.306792 -0.209660
0.586311 0.699556 -0.201181 -0.266437
-0.306792 -0.201181 1.891627 1.275332
-0.209660 -0.266437 1.275332 1.075594
7.105340 1.758189 6.923272 2.787316
1.063809 0.618697 -0.473511 -0.274232
0.618697 0.519180 -0.274616 -0.227277
-0.473511 -0.274616 1.307921 0.696823
-0.274232 -0.227277 0.696823 0.493459
9.034418 2.266106 6.620688 2.026088
1.142358 0.554306 -0.483761 -0.234231
0.554306 0.366390 -0.233269 -0.153064
-0.483761 -0.233269 1.377117 0.610520
-0.234231 -0.153064 0.610520 0.349525
10.624233 2.454231 7.048092 1.800230
1.111752 0.459236 -0.420559 -0.174799
0.459236 0.255972 -0.172176 -0.097218
-0.420559 -0.172176 1.316161 0.497844
-0.174799 -0.097218 0.497844 0.244624
10.090659 1.820549 8.493502 2.001368
0.822826 0.296014 -0.375192 -0.133361
0.296014 0.155711 -0.133955 -0.065033
-0.375192 -0.133955 1.147063 0.380000
-0.133361 -0.065033 0.380000 0.169507
11.306556 1.919092 9.191830 1.909534
0.778190 0.252203 -0.294261 -0.094269
0.252203 0.120948 -0.092926 -0.042200
-0.294261 -0.092926 1.013241 0.300321
-0.094269 -0.042200 0.300321 0.125160
11.743548 1.764172 10.245244 1.940173
0.758774 0.224572 -0.260869 -0.076052
0.224572 0.099531 -0.074541 -0.030893
-0.260869 -0.074541 0.918330 0.248494
-0.076052 -0.030893 0.248494 0.098813
12.247822 1.657707 10.468107 1.756024
0.677623 0.185054 -0.255453 -0.067560
0.185054 0.079765 -0.067117 -0.024674
-0.255453 -0.067117 0.812064 0.203930
-0.067560 -0.024674 0.203930 0.079935
12.451672 1.497091 11.479516 1.789137
0.628785 0.161099 -0.226989 -0.055182
0.161099 0.068095 -0.054782 -0.018684
-0.226989 -0.054782 0.723245 0.171069
-0.055182 -0.018684 0.171069 0.067409
13.541940 1.579288 12.117946 1.731342
0.598470 0.145612 -0.209170 -0.047082
0.145612 0.060737 -0.046700 -0.014763
-0.209170 -0.046700 0.678663 0.153384
-0.047082 -0.014763 0.153384 0.060513
14.765537 1.677458 12.477925 1.621935
0.583708 0.136424 -0.170713 -0.035521
0.136424 0.056264 -0.034636 -0.010634
-0.170713 -0.034636 0.662695 0.144662
-0.035521 -0.010634 0.144662 0.056759
15.150284 1.583680 14.351765 1.846399
0.574867 0.129980 -0.138375 -0.026679
0.129980 0.053214 -0.025946 -0.007823
-0.138375 -0.025946 0.607538 0.128901
-0.026679 -0.007823 0.128901 0.052147
15.640056 1.514368 15.032842 1.793803
0.557538 0.122369 -0.139591 -0.025893
0.122369 0.050386 -0.025463 -0.007116
-0.139591 -0.025463 0.580390 0.120848
-0.025893 -0.007116 0.120848 0.049758
15.993845 1.436264 16.865480 1.985008
0.541812 0.116639 -0.103158 -0.017328
0.116639 0.048521 -0.016966 -0.004856
-0.103158 -0.016966 0.534981 0.110277
-0.017328 -0.004856 0.110277 0.047231
16.254944 1.342694 18.266153 2.065834
0.527069 0.111914 -0.069905 -0.010229
0.111914 0.047155 -0.009915 -0.003137
-0.069905 -0.009915 0.502498 0.103471
-0.010229 -0.003137 0.103471 0.045751
17.212013 1.404985 19.518232 2.113492
0.524481 0.110222 -0.055352 -0.007490
0.110222 0.046596 -0.007177 -0.002446
-0.055352 -0.007177 0.500381 0.103418
-0.007490 -0.002446 0.103418 0.045766
17.794369 1.383931 21.093105 2.220377
0.530643 0.110672 -0.039269 -0.004516
0.110672 0.046588 -0.004268 -0.001752
-0.039269 -0.004268 0.501976 0.104084
-0.004516 -0.001752 0.104084 0.045916
18.395809 1.357249 20.981964 1.965793
0.506488 0.104796 -0.037374 -0.004843
0.104796 0.045283 -0.004663 -0.001828
-0.037374 -0.004663 0.476823 0.098972
-0.004843 -0.001828 0.098972 0.044820
19.117222 1.370478 22.759252 2.132141
0.498753 0.103048 -0.028931 -0.003530
0.103048 0.044989 -0.003389 -0.001500
-0.028931 -0.003389 0.471824 0.098527
-0.003530 -0.001500 0.098527 0.044790
19.456173 1.299391 23.950726 2.157026
0.496852 0.102707 -0.022868 -0.002695
0.102707 0.045012 -0.002589 -0.001277
-0.022868 -0.002589 0.472263 0.099158
-0.002695 -0.001277 0.099158 0.044960
20.228885 1.325204 25.123058 2.177239
0.495501 0.102524 -0.019712 -0.002444
0.102524 0.045059 -0.002340 -0.001172
-0.019712 -0.002340 0.478635 0.100881
-0.002444 -0.001172 0.100881 0.045322
20.583625 1.262180 26.481992 2.233462
0.472251 0.097863 -0.005469 0.000162
0.097863 0.044173 0.000222 -0.000587
-0.005469 0.000222 0.467141 0.098629
0.000162 -0.000587 0.098629 0.044806
21.615443 1.344629 27.015696 2.110677
0.476455 0.099318 0.009362 0.002816
0.099318 0.044618 0.002817 -0.000013
0.009362 0.002817 0.471945 0.099975
0.002816 -0.000013 0.099975 0.045086
22.440863 1.376618 27.980451 2.091527
0.479065 0.100227 0.014378 0.003235
0.100227 0.044880 0.003225 0.000066
0.014378 0.003225 0.482089 0.102240
0.003235 0.000066 0.102240 0.045521
22.514934 1.248260 28.401160 1.959619
0.479420 0.100548 -0.004926 -0.001421
0.100548 0.044982 -0.001388 -0.000900
-0.004926 -0.001388 0.482445 0.102190
-0.001421 -0.000900 0.102190 0.045429
23.454920 1.314465 29.570708 1.999492
0.471653 0.099093 -0.016769 -0.003933
0.099093 0.044691 -0.003902 -0.001316
-0.016769 -0.003902 0.491188 0.103907
-0.003933 -0.001316 0.103907 0.045725
23.124654 1.106440 30.490165 1.982827
0.446734 0.094119 -0.013704 -0.003012
0.094119 0.043672 -0.002993 -0.000978
-0.013704 -0.002993 0.486984 0.102716
-0.003012 -0.000978 0.102716 0.045387
24.328171 1.244511 31.678593 2.024397
0.432158 0.091726 -0.024835 -0.005176
0.091726 0.043263 -0.005176 -0.001338
-0.024835 -0.005176 0.492824 0.103780
-0.005176 -0.001338 0.103780 0.045569
24.591116 1.167536 32.691732 2.024238
0.435508 0.093281 -0.018019 -0.003353
0.093281 0.043697 -0.003316 -0.000827
-0.018019 -0.003316 0.505267 0.106153
-0.003353 -0.000827 0.106153 0.046020
25.078093 1.146221 33.395792 1.959639
0.447244 0.096369 -0.015934 -0.002718
0.096369 0.044386 -0.002678 -0.000635
-0.015934 -0.002678 0.513575 0.107451
-0.002718 -0.000635 0.107451 0.046216
25.868399 1.193001 34.310334 1.946387
0.429490 0.092681 -0.023432 -0.004201
0.092681 0.043527 -0.004193 -0.000927
-0.023432 -0.004193 0.516266 0.107489
-0.004201 -0.000927 0.107489 0.046149
27.725134 1.467726 35.865967 2.069843
0.393038 0.085172 -0.050996 -0.009757
0.085172 0.041892 -0.009904 -0.002080
-0.050996 -0.009904 0.531733 0.110196
-0.009757 -0.002080 0.110196 0.046654
28.829318 1.548359 36.685015 2.026693
0.368174 0.080771 -0.059278 -0.010831
0.080771 0.041041 -0.010966 -0.002186
-0.059278 -0.010966 0.531719 0.109537
-0.010831 -0.002186 0.109537 0.046444
29.173568 1.451789 37.651732 2.014642
0.374566 0.083556 -0.059324 -0.010065
0.083556 0.041799 -0.010158 -0.001903
-0.059324 -0.010158 0.540597 0.110889
-0.010065 -0.001903 0.110889 0.046698
29.416979 1.341544 38.520568 1.982858
0.388402 0.087559 -0.055478 -0.008628
0.087559 0.042707 -0.008686 -0.001535
-0.055478 -0.008686 0.544798 0.111249
-0.008628 -0.001535 0.111249 0.046748
29.995004 1.317544 39.136312 1.905460
0.415736 0.094051 -0.052562 -0.007507
0.094051 0.044060 -0.007715 -0.001305
-0.052562 -0.007715 0.542562 0.110332
-0.007507 -0.001305 0.110332 0.046549
30.840038 1.357110 39.771382 1.842291
0.371194 0.083506 -0.049804 -0.007178
0.083506 0.041426 -0.006887 -0.001273
-0.049804 -0.006887 0.547549 0.111048
-0.007178 -0.001273 0.111048 0.046711
31.026280 1.242211 40.343372 1.767426
0.381213 0.086327 -0.052875 -0.007631
0.086327 0.042069 -0.007553 -0.001434
-0.052875 -0.007553 0.548022 0.110792
-0.007631 -0.001434 0.110792 0.046667
31.521306 1.215337 41.452117 1.811956
0.398151 0.090384 -0.049971 -0.006817
0.090384 0.042925 -0.006743 -0.001276
-0.049971 -0.006743 0.557293 0.112457
-0.006817 -0.001276 0.112457 0.047038
32.357988 1.262078 41.710588 1.683080
0.377524 0.085561 -0.029272 -0.002837
0.085561 0.041709 -0.002257 -0.000466
-0.029272 -0.002257 0.536274 0.108043
-0.002837 -0.000466 0.108043 0.046183
32.474797 1.146006 42.689616 1.707191
0.375975 0.085406 -0.026231 -0.002616
0.085406 0.041645 -0.002033 -0.000533
-0.026231 -0.002033 0.540708 0.109072
-0.002616 -0.000533 0.109072 0.046476
32.753421 1.080903 43.857632 1.768910
0.394142 0.089694 -0.026347 -0.002891
0.089694 0.042588 -0.002526 -0.000688
-0.026347 -0.002526 0.543196 0.109604
-0.002891 -0.000688 0.109604 0.046635
33.361480 1.098692 45.171499 1.856032
0.409158 0.092840 -0.015895 -0.001004
0.092840 0.043195 -0.000583 -0.000331
-0.015895 -0.000583 0.534069 0.107816
-0.001004 -0.000331 0.107816 0.046322
34.191155 1.160063 45.698026 1.776014
0.435228 0.098140 -0.007403 0.000388
0.098140 0.044244 0.000638 -0.000126
-0.007403 0.000638 0.497326 0.100591
0.000388 -0.000126 0.100591 0.044928
35.145284 1.241974 46.143752 1.686998
0.446671 0.099684 0.013567 0.004191
0.099684 0.044389 0.004583 0.000622
0.013567 0.004583 0.447781 0.091373
0.004191 0.000622 0.091373 0.043223
35.623283 1.210939 47.304061 1.752550
0.468773 0.103449 0.006152 0.001902
0.103449 0.045042 0.002075 0.000011
0.006152 0.002075 0.440083 0.091331
0.001902 0.000011 0.091331 0.043467
