4.095112 2.600175 -1.364162 -1.437724
2.285406 0.914182 -0.637143 -0.254863
0.914182 80.369747 -0.254863 -0.101947
-0.637143 -0.254863 4.739498 1.895840
-0.254863 -0.101947 1.895840 80.762419
4.409943 1.033707 1.465962 4.113130
3.142284 5.550148 -0.011958 0.135152
5.550148 17.591444 -0.003983 -1.368194
-0.011958 -0.003983 0.349698 0.551124
0.135152 -1.368194 0.551124 14.957122
5.068505 1.184797 3.571955 4.198120
2.895042 3.211463 -0.544214 -0.952722
3.211463 5.414631 -0.724455 -1.388716
-0.544214 -0.724455 1.606754 2.782360
-0.952722 -1.388716 2.782360 5.881660
5.456316 1.038923 3.766913 2.333315
2.446406 1.941984 -0.655079 -0.626025
1.941984 2.263379 -0.538820 -0.552023
-0.655079 -0.538820 2.404834 2.349563
-0.626025 -0.552023 2.349563 2.589976
7.097233 1.750284 6.609763 3.473334
1.892859 1.174180 -0.597016 -0.392982
1.174180 1.088220 -0.355988 -0.252533
-0.597016 -0.355988 2.044293 1.379176
-0.392982 -0.252533 1.379176 1.064934
6.938352 1.179630 6.115427 2.307522
1.613439 0.825319 -0.863823 -0.440107
0.825319 0.629481 -0.425290 -0.227925
-0.863823 -0.425290 1.569034 0.810984
-0.440107 -0.227925 0.810984 0.497436
8.442970 1.604556 7.529908 2.428840
1.365801 0.603596 -0.606618 -0.246241
0.603596 0.398904 -0.233921 -0.102440
-0.606618 -0.233921 1.373464 0.583154
-0.246241 -0.102440 0.583154 0.300568
9.716968 1.741826 7.122378 1.840089
1.174338 0.457753 -0.452874 -0.153377
0.457753 0.269157 -0.141139 -0.053386
-0.452874 -0.141139 1.268142 0.459435
-0.153377 -0.053386 0.459435 0.206330
9.904927 1.507837 8.440167 1.960865
1.031361 0.359237 -0.403178 -0.119166
0.359237 0.191502 -0.110822 -0.037387
-0.403178 -0.110822 1.151978 0.364940
-0.119166 -0.037387 0.364940 0.148233
9.734943 1.199629 9.209119 1.891817
0.912638 0.288385 -0.370324 -0.097674
0.288385 0.142577 -0.093294 -0.028555
-0.370324 -0.093294 1.005653 0.284601
-0.097674 -0.028555 0.284601 0.109010
10.091706 1.101922 9.246052 1.651639
0.830077 0.241222 -0.353073 -0.084468
0.241222 0.112093 -0.082787 -0.023212
-0.353073 -0.082787 0.891128 0.229818
-0.084468 -0.023212 0.229818 0.085347
10.752951 1.153204 10.828012 1.837090
0.754548 0.206154 -0.253506 -0.053708
0.206154 0.092184 -0.051121 -0.013654
-0.253506 -0.051121 0.765506 0.183841
-0.053708 -0.013654 0.183841 0.068892
11.886511 1.303490 11.844782 1.865833
0.735863 0.190017 -0.212183 -0.040858
0.190017 0.080835 -0.037908 -0.009730
-0.212183 -0.037908 0.736969 0.167574
-0.040858 -0.009730 0.167574 0.062128
13.089091 1.434471 12.460692 1.801982
0.673371 0.164976 -0.174161 -0.031088
0.164976 0.069429 -0.028262 -0.007254
-0.174161 -0.028262 0.678005 0.147370
-0.031088 -0.007254 0.147370 0.055725
14.002564 1.494126 13.970544 1.933591
0.618782 0.145794 -0.121676 -0.019355
0.145794 0.061527 -0.016650 -0.004594
-0.121676 -0.016650 0.603825 0.127181
-0.019355 -0.004594 0.127181 0.050398
14.198262 1.369360 15.083982 1.958711
0.607382 0.138515 -0.102854 -0.015445
0.138515 0.057547 -0.013339 -0.003813
-0.102854 -0.013339 0.570667 0.117886
-0.015445 -0.003813 0.117886 0.048012
14.711558 1.332284 16.145787 1.974105
0.569512 0.126067 -0.095464 -0.014425
0.126067 0.053067 -0.013023 -0.003744
-0.095464 -0.013023 0.521861 0.106498
-0.014425 -0.003744 0.106498 0.045499
15.528663 1.361351 16.854492 1.918281
0.544516 0.118063 -0.088094 -0.013240
0.118063 0.050265 -0.012095 -0.003488
-0.088094 -0.012095 0.499664 0.101840
-0.013240 -0.003488 0.101840 0.044641
15.909103 1.296086 17.777711 1.908235
0.541569 0.115769 -0.083505 -0.012430
0.115769 0.049107 -0.011532 -0.003265
-0.083505 -0.011532 0.491499 0.100522
-0.012430 -0.003265 0.100522 0.044536
17.089363 1.408331 18.638219 1.893523
0.524157 0.110854 -0.066793 -0.009234
0.110854 0.047621 -0.008329 -0.002534
-0.066793 -0.008329 0.484436 0.099648
-0.009234 -0.002534 0.099648 0.044531
18.150675 1.484069 19.611751 1.902031
0.514906 0.108135 -0.058321 -0.007875
0.108135 0.046781 -0.007056 -0.002235
-0.058321 -0.007056 0.482180 0.099732
-0.007875 -0.002235 0.099732 0.044683
18.684780 1.445779 21.117627 2.016212
0.519878 0.108789 -0.042839 -0.004968
0.108789 0.046780 -0.004289 -0.001608
-0.042839 -0.004289 0.485062 0.100878
-0.004968 -0.001608 0.100878 0.045031
19.483532 1.460720 22.015830 1.993733
0.521938 0.108765 -0.028973 -0.002607
0.108765 0.046654 -0.002006 -0.001125
-0.028973 -0.002006 0.492868 0.102866
-0.002607 -0.001125 0.102866 0.045498
19.793379 1.372884 22.941489 1.976600
0.521607 0.108183 -0.028862 -0.003252
0.108183 0.046426 -0.002749 -0.001297
-0.028862 -0.002749 0.494555 0.103257
-0.003252 -0.001297 0.103257 0.045561
20.164878 1.307345 23.861745 1.960989
0.528904 0.109349 -0.019332 -0.001711
0.109349 0.046616 -0.001290 -0.000959
-0.019332 -0.001290 0.506430 0.105775
-0.001711 -0.000959 0.105775 0.046074
20.874886 1.318020 24.616019 1.914013
0.511928 0.105424 -0.013192 -0.001016
0.105424 0.045752 -0.000671 -0.000827
-0.013192 -0.000671 0.496722 0.103522
-0.001016 -0.000827 0.103522 0.045544
21.323904 1.275556 25.833337 1.967760
0.507907 0.104602 -0.002753 0.000669
0.104602 0.045619 0.000954 -0.000463
-0.002753 0.000954 0.503594 0.104966
0.000669 -0.000463 0.104966 0.045843
21.632018 1.207304 26.648101 1.932103
0.499741 0.103004 0.007945 0.002346
0.103004 0.045335 0.002569 -0.000114
0.007945 0.002569 0.504186 0.104954
0.002346 -0.000114 0.104954 0.045812
22.523291 1.266832 27.822020 1.975380
0.482887 0.099745 0.019756 0.004211
0.099745 0.044723 0.004378 0.000268
0.019756 0.004378 0.500086 0.103972
0.004211 0.000268 0.103972 0.045586
23.259242 1.287506 29.573372 2.134034
0.481363 0.099923 0.024096 0.004468
0.099923 0.044858 0.004587 0.000310
0.024096 0.004587 0.516891 0.107437
0.004468 0.000310 0.107437 0.046308
23.747609 1.255290 30.542621 2.114115
0.488177 0.101763 0.026162 0.004331
0.101763 0.045304 0.004424 0.000293
0.026162 0.004424 0.528185 0.109431
0.004331 0.000293 0.109431 0.046663
23.824485 1.141758 31.038759 2.000020
0.486143 0.101529 0.026343 0.003950
0.101529 0.045261 0.004011 0.000251
0.026343 0.004011 0.531490 0.109625
0.003950 0.000251 0.109625 0.046631
24.612587 1.187564 31.944998 1.979953
0.465645 0.097375 0.037839 0.006093
0.097375 0.044384 0.006126 0.000762
0.037839 0.006126 0.527317 0.108284
0.006093 0.000762 0.108284 0.046297
24.961637 1.134358 33.320502 2.060160
0.446796 0.093973 0.030253 0.004199
0.093973 0.043741 0.004058 0.000380
0.030253 0.004058 0.537169 0.110087
0.004199 0.000380 0.110087 0.046671
25.552136 1.141089 33.969144 1.982042
0.434458 0.092153 0.024379 0.002891
0.092153 0.043451 0.002673 0.000178
0.024379 0.002673 0.537261 0.109755
0.002891 0.000178 0.109755 0.046582
26.624051 1.244514 35.820536 2.155129
0.449393 0.096223 0.014803 0.000873
0.096223 0.044411 0.000546 -0.000183
0.014803 0.000546 0.564234 0.115011
0.000873 -0.000183 0.115011 0.047659
27.357086 1.269543 36.604044 2.095067
0.456973 0.098185 0.007429 -0.000424
0.098185 0.044796 -0.000746 -0.000336
0.007429 -0.000746 0.564480 0.114367
-0.000424 -0.000336 0.114367 0.047451
28.048057 1.283583 37.080275 1.979670
0.444353 0.095513 0.006724 -0.000177
0.095513 0.044136 -0.000509 -0.000163
0.006724 -0.000509 0.570704 0.115059
-0.000177 -0.000163 0.115059 0.047553
28.869746 1.323786 37.562900 1.877373
0.428248 0.092312 0.002206 -0.000747
0.092312 0.043421 -0.001171 -0.000206
0.002206 -0.001171 0.587216 0.117849
-0.000747 -0.000206 0.117849 0.048091
29.639033 1.346711 38.666773 1.910109
0.432802 0.093813 -0.001320 -0.001149
0.093813 0.043770 -0.001577 -0.000223
-0.001320 -0.001577 0.604160 0.120537
-0.001149 -0.000223 0.120537 0.048581
30.791391 1.449885 40.263073 2.036520
0.412548 0.089684 -0.003140 -0.001173
0.089684 0.042843 -0.001601 -0.000169
-0.003140 -0.001601 0.619569 0.122760
-0.001173 -0.000169 0.122760 0.048961
30.959912 1.328701 40.630164 1.908840
0.413778 0.090561 -0.004530 -0.001180
0.090561 0.043074 -0.001559 -0.000129
-0.004530 -0.001559 0.624500 0.122827
-0.001180 -0.000129 0.122827 0.048914
32.113770 1.435792 42.858229 2.157687
0.428586 0.094230 0.002625 0.000442
0.094230 0.043869 0.000306 0.000251
0.002625 0.000306 0.645224 0.126106
0.000442 0.000251 0.126106 0.049530
31.966931 1.245942 43.232766 2.021094
0.449728 0.098850 -0.003689 -0.000738
0.098850 0.044789 -0.001007 -0.000027
-0.003689 -0.001007 0.637976 0.123767
-0.000738 -0.000027 0.123767 0.049030
32.964980 1.327963 44.095198 1.992582
0.431774 0.094413 0.030986 0.006084
0.094413 0.043649 0.006759 0.001469
0.030986 0.006759 0.607150 0.117243
0.006084 0.001469 0.117243 0.047796
33.133904 1.219503 45.299914 2.033319
0.444600 0.097193 0.017331 0.002950
0.097193 0.044216 0.003177 0.000653
0.017331 0.003177 0.588978 0.113841
0.002950 0.000653 0.113841 0.047281
33.483768 1.163741 45.673622 1.908888
0.477716 0.104099 0.011098 0.001538
0.104099 0.045633 0.001653 0.000315
0.011098 0.001653 0.560387 0.108730
0.001538 0.000315 0.108730 0.046461
34.736679 1.306753 47.982564 2.172910
0.507501 0.109558 0.018228 0.002879
0.109558 0.046613 0.003159 0.000604
0.018228 0.003159 0.558639 0.109241
0.002879 0.000604 0.109241 0.046771
34.950345 1.213625 48.679014 2.096828
0.534583 0.113978 0.006855 0.000472
0.113978 0.047324 0.000609 0.000075
0.006855 0.000609 0.525761 0.103528
0.000472 0.000075 0.103528 0.045799
35.328247 1.166607 48.954758 1.943283
0.553326 0.116286 0.015266 0.002231
0.116286 0.047570 0.002551 0.000487
0.015266 0.002551 0.463030 0.092192
0.002231 0.000487 0.092192 0.043730
