1.542684 1.579181 2.875229 0.258069
1.628153 0.651275 0.185775 0.074312
0.651275 80.264582 0.074312 0.029725
0.185775 0.074312 3.334472 1.333818
0.074312 0.029725 1.333818 80.537605
2.376848 1.680036 1.792973 -1.774635
2.935671 5.377231 -1.157139 -1.988388
5.377231 15.674831 -2.165025 -3.181993
-1.157139 -2.165025 3.284059 5.527757
-1.988388 -3.181993 5.527757 20.056958
5.399893 4.142895 2.367517 0.095436
2.894706 3.112922 -1.259368 -1.198866
3.112922 4.721292 -1.326438 -1.259129
-1.259368 -1.326438 1.130924 1.192259
-1.198866 -1.259129 1.192259 3.742403
6.539864 3.509458 3.577710 1.202826
1.519610 1.199804 -0.155837 0.099536
1.199804 1.493428 -0.027520 0.092615
-0.155837 -0.027520 1.015084 1.083895
0.099536 0.092615 1.083895 1.921039
7.558778 3.039399 3.984818 0.995225
1.522626 0.955041 -0.168900 -0.024736
0.955041 0.869876 -0.061301 -0.042606
-0.168900 -0.061301 1.462531 1.151569
-0.024736 -0.042606 1.151569 1.202324
9.014897 3.021054 5.786610 1.781116
1.356257 0.699234 -0.179976 -0.064244
0.699234 0.517149 -0.077007 -0.061927
-0.179976 -0.077007 1.440616 0.864506
-0.064244 -0.061927 0.864506 0.669312
8.343438 2.062396 6.663648 1.740172
0.537007 0.234751 -0.324445 -0.149590
0.234751 0.203833 -0.137668 -0.087799
-0.324445 -0.137668 1.349029 0.652041
-0.149590 -0.087799 0.652041 0.406329
9.379803 2.060532 7.162408 1.588256
0.644104 0.265196 -0.311889 -0.122123
0.265196 0.179222 -0.115781 -0.061499
-0.311889 -0.115781 1.318462 0.536891
-0.122123 -0.061499 0.536891 0.281163
9.902738 1.881392 9.065061 1.977603
0.716078 0.267955 -0.262063 -0.088984
0.267955 0.151583 -0.085945 -0.040530
-0.262063 -0.085945 1.140853 0.402036
-0.088984 -0.040530 0.402036 0.188660
11.036150 1.937082 9.083821 1.674010
0.742498 0.250549 -0.262328 -0.079695
0.250549 0.124655 -0.078402 -0.032137
-0.262328 -0.078402 1.069747 0.334624
-0.079695 -0.032137 0.334624 0.142639
11.634792 1.815264 9.167895 1.459398
0.709885 0.217542 -0.251679 -0.069068
0.217542 0.099976 -0.068675 -0.025134
-0.251679 -0.068675 0.971967 0.274710
-0.069068 -0.025134 0.274710 0.110170
11.954130 1.654555 10.655531 1.654774
0.713287 0.201463 -0.217453 -0.054018
0.201463 0.086028 -0.053831 -0.018240
-0.217453 -0.053831 0.871618 0.226397
-0.054018 -0.018240 0.226397 0.087994
13.099197 1.735154 11.084335 1.559090
0.660468 0.173279 -0.193220 -0.044191
0.173279 0.072000 -0.044008 -0.013941
-0.193220 -0.044008 0.792488 0.192144
-0.044191 -0.013941 0.192144 0.073717
14.154036 1.788217 12.558112 1.720208
0.636995 0.157508 -0.164950 -0.034771
0.157508 0.063914 -0.034597 -0.010435
-0.164950 -0.034597 0.722903 0.165917
-0.034771 -0.010435 0.165917 0.063960
14.369262 1.632199 13.989922 1.842739
0.627052 0.147538 -0.149595 -0.029419
0.147538 0.058755 -0.029475 -0.008401
-0.149595 -0.029475 0.666825 0.146696
-0.029419 -0.008401 0.146696 0.057414
16.134734 1.850726 15.167782 1.904163
0.583727 0.131807 -0.121777 -0.022248
0.131807 0.053305 -0.022053 -0.006215
-0.121777 -0.022053 0.620944 0.132525
-0.022248 -0.006215 0.132525 0.053014
16.495525 1.728415 16.378908 1.954584
0.572172 0.125467 -0.096148 -0.016109
0.125467 0.050828 -0.015912 -0.004516
-0.096148 -0.015912 0.585968 0.122537
-0.016109 -0.004516 0.122537 0.050143
16.127850 1.456649 16.615843 1.792085
0.528701 0.112972 -0.106332 -0.018240
0.112972 0.047391 -0.018342 -0.004835
-0.106332 -0.018342 0.528149 0.108804
-0.018240 -0.004835 0.108804 0.046834
16.540439 1.390299 17.598535 1.807425
0.523090 0.110280 -0.105154 -0.017457
0.110280 0.046542 -0.017630 -0.004415
-0.105154 -0.017630 0.511915 0.105217
-0.017457 -0.004415 0.105217 0.046005
16.844892 1.312794 18.989039 1.904854
0.520498 0.108978 -0.072894 -0.010263
0.108978 0.046193 -0.010426 -0.002703
-0.072894 -0.010426 0.496500 0.102421
-0.010263 -0.002703 0.102421 0.045476
17.853579 1.384720 19.757968 1.869860
0.512856 0.106641 -0.062507 -0.008331
0.106641 0.045646 -0.008406 -0.002244
-0.062507 -0.008406 0.493806 0.102261
-0.008331 -0.002244 0.102261 0.045478
18.220990 1.319487 20.962891 1.923403
0.513165 0.106413 -0.039381 -0.003784
0.106413 0.045639 -0.003898 -0.001279
-0.039381 -0.003898 0.489488 0.101822
-0.003784 -0.001279 0.101822 0.045428
18.947207 1.331298 21.660882 1.868752
0.511060 0.105717 -0.021224 -0.000649
0.105717 0.045537 -0.000753 -0.000671
-0.021224 -0.000753 0.490232 0.102354
-0.000649 -0.000671 0.102354 0.045556
19.173849 1.240011 22.492844 1.844773
0.511407 0.105534 -0.021061 -0.001447
0.105534 0.045534 -0.001538 -0.000906
-0.021061 -0.001538 0.489163 0.102269
-0.001447 -0.000906 0.102269 0.045506
19.665858 1.214427 23.595680 1.881992
0.489136 0.100880 0.003118 0.002888
0.100880 0.044643 0.002753 -0.000043
0.003118 0.002753 0.470310 0.098544
0.002888 -0.000043 0.098544 0.044719
20.870208 1.338255 24.657746 1.909075
0.479321 0.099126 -0.007245 -0.000234
0.099126 0.044397 -0.000279 -0.000744
-0.007245 -0.000279 0.470217 0.098923
-0.000234 -0.000744 0.098923 0.044823
21.796078 1.391335 25.447956 1.874828
0.468322 0.097277 -0.021144 -0.003657
0.097277 0.044136 -0.003636 -0.001418
-0.021144 -0.003636 0.464900 0.098103
-0.003657 -0.001418 0.098103 0.044649
22.283916 1.348776 26.945328 1.993103
0.459749 0.096054 -0.037049 -0.007083
0.096054 0.044001 -0.007001 -0.002022
-0.037049 -0.007001 0.469358 0.099367
-0.007083 -0.002022 0.099367 0.044919
22.384647 1.228540 28.165020 2.039078
0.470850 0.099065 -0.024209 -0.004000
0.099065 0.044750 -0.003938 -0.001206
-0.024209 -0.003938 0.488333 0.103591
-0.004000 -0.001206 0.103591 0.045793
23.109559 1.251141 28.874621 1.973743
0.472295 0.099676 -0.010696 -0.001106
0.099676 0.044900 -0.001060 -0.000526
-0.010696 -0.001060 0.491623 0.104038
-0.001106 -0.000526 0.104038 0.045785
23.874512 1.280847 29.980719 1.999176
0.466839 0.098692 -0.008784 -0.000938
0.098692 0.044682 -0.000876 -0.000480
-0.008784 -0.000876 0.498579 0.105196
-0.000938 -0.000480 0.105196 0.045935
24.575797 1.293240 30.658046 1.931523
0.450465 0.095455 -0.002712 0.000120
0.095455 0.043999 0.000192 -0.000246
-0.002712 0.000192 0.490382 0.103085
0.000120 -0.000246 0.103085 0.045402
24.983926 1.242565 31.740627 1.955810
0.453809 0.096645 -0.010935 -0.001850
0.096645 0.044298 -0.001805 -0.000661
-0.010935 -0.001805 0.505404 0.106074
-0.001850 -0.000661 0.106074 0.046001
25.274308 1.172030 32.878104 1.988864
0.449151 0.095940 -0.018945 -0.003543
0.095940 0.044147 -0.003527 -0.000974
-0.018945 -0.003527 0.517951 0.108273
-0.003543 -0.000974 0.108273 0.046389
25.375665 1.068192 33.908260 1.995689
0.420209 0.090061 -0.007532 -0.001041
0.090061 0.042892 -0.000922 -0.000368
-0.007532 -0.000922 0.515781 0.107267
-0.001041 -0.000368 0.107267 0.046099
25.732528 1.029565 34.657073 1.943897
0.431990 0.093414 -0.011627 -0.001947
0.093414 0.043708 -0.001892 -0.000551
-0.011627 -0.001892 0.523764 0.108516
-0.001947 -0.000551 0.108516 0.046322
26.345437 1.051304 35.976874 2.015785
0.422897 0.091797 -0.015885 -0.002804
0.091797 0.043340 -0.002777 -0.000705
-0.015885 -0.002777 0.538791 0.111159
-0.002804 -0.000705 0.111159 0.046830
27.381013 1.162309 36.820301 1.982729
0.370708 0.080830 -0.031251 -0.005911
0.080830 0.040942 -0.006025 -0.001345
-0.031251 -0.006025 0.533847 0.109496
-0.005911 -0.001345 0.109496 0.046424
28.456334 1.272037 37.804391 1.982415
0.369745 0.082043 -0.028566 -0.004964
0.082043 0.041392 -0.004994 -0.001045
-0.028566 -0.004994 0.538531 0.110082
-0.004964 -0.001045 0.110082 0.046544
29.324914 1.324383 38.798165 1.983646
0.387235 0.087056 -0.028441 -0.004622
0.087056 0.042584 -0.004671 -0.000924
-0.028441 -0.004671 0.546243 0.111290
-0.004622 -0.000924 0.111290 0.046793
29.868334 1.297072 39.661087 1.957044
0.403216 0.091029 -0.033703 -0.005447
0.091029 0.043384 -0.005644 -0.001092
-0.033703 -0.005644 0.551364 0.111904
-0.005447 -0.001092 0.111904 0.046909
30.429006 1.277890 40.801579 1.989493
0.427217 0.096290 -0.040742 -0.006552
0.096290 0.044390 -0.006921 -0.001311
-0.040742 -0.006921 0.562860 0.113813
-0.006552 -0.001311 0.113813 0.047291
32.001352 1.484585 41.231547 1.879845
0.364204 0.081611 -0.009723 -0.000304
0.081611 0.040878 0.000297 0.000104
-0.009723 0.000297 0.543023 0.109462
-0.000304 0.000104 0.109462 0.046425
32.540642 1.438678 42.184929 1.881801
0.364749 0.082546 -0.008030 -0.000258
0.082546 0.041179 0.000262 0.000009
-0.008030 0.000262 0.543174 0.109470
-0.000258 0.000009 0.109470 0.046495
33.316305 1.451485 43.115257 1.879838
0.386167 0.088006 -0.008715 -0.000606
0.088006 0.042443 -0.000291 -0.000153
-0.008715 -0.000291 0.537635 0.108354
-0.000606 -0.000153 0.108354 0.046330
33.939049 1.427793 43.965928 1.861577
0.412685 0.093951 -0.013678 -0.001761
0.093951 0.043676 -0.001732 -0.000468
-0.013678 -0.001732 0.526722 0.106267
-0.001761 -0.000468 0.106267 0.045979
34.639502 1.423962 44.566341 1.794672
0.446633 0.100900 -0.021398 -0.003339
0.100900 0.045024 -0.003616 -0.000838
-0.021398 -0.003616 0.508991 0.102983
-0.003339 -0.000838 0.102983 0.045405
34.945895 1.332635 45.118051 1.723323
0.463438 0.103298 -0.026708 -0.004320
0.103298 0.045257 -0.004736 -0.001032
-0.026708 -0.004736 0.487857 0.099265
-0.004320 -0.001032 0.099265 0.044770
36.270332 1.478101 46.221407 1.774829
0.480667 0.105741 -0.002865 0.000769
0.105741 0.045558 0.000642 0.000118
-0.002865 0.000642 0.454559 0.093365
0.000769 0.000118 0.093365 0.043719
36.777168 1.426653 46.593809 1.667074
0.505170 0.109556 -0.015943 -0.002247
0.109556 0.046166 -0.002565 -0.000605
-0.015943 -0.002565 0.429416 0.089401
-0.002247 -0.000605 0.089401 0.043074
