2.088401 1.797473 3.929152 0.679648
1.129575 0.451840 0.580000 0.232005
0.451840 80.184806 0.232005 0.092804
0.580000 0.232005 2.779586 1.111858
0.232005 0.092804 1.111858 80.448820
5.191238 6.080834 1.534949 -4.152106
2.568160 4.884798 -1.210589 -2.224939
4.884798 13.411587 -2.475348 -2.739550
-1.210589 -2.475348 3.787168 6.593988
-2.224939 -2.739550 6.593988 20.691332
7.568387 5.553833 3.332054 0.108331
2.119274 2.319560 0.072527 0.307225
2.319560 3.487883 0.143082 0.730980
0.072527 0.143082 1.249895 1.405449
0.307225 0.730980 1.405449 3.739950
7.569116 3.482487 4.477224 0.973414
0.450248 0.356818 0.348814 0.336327
0.356818 0.661155 0.324367 0.398403
0.348814 0.324367 1.477050 1.354608
0.336327 0.398403 1.354608 1.987465
7.708627 2.344851 4.046028 0.350336
0.341435 0.243231 0.124884 0.082565
0.243231 0.351793 0.073755 0.087000
0.124884 0.073755 1.529383 1.083611
0.082565 0.087000 1.083611 1.101730
8.703200 2.226441 5.051711 0.821043
0.461692 0.289024 0.075293 0.041785
0.289024 0.275060 0.035550 0.040969
0.075293 0.035550 1.420146 0.804183
0.041785 0.040969 0.804183 0.635928
9.566348 2.096384 5.309780 0.748083
0.509476 0.266237 -0.031669 -0.012577
0.266237 0.195955 -0.021612 0.003653
-0.031669 -0.021612 1.367016 0.643771
-0.012577 0.003653 0.643771 0.414662
10.818519 2.187487 6.805305 1.202448
0.592509 0.262403 -0.084149 -0.027798
0.262403 0.155292 -0.036463 -0.004140
-0.084149 -0.036463 1.217560 0.490125
-0.027798 -0.004140 0.490125 0.273413
11.047457 1.862489 8.957641 1.740873
0.654616 0.249777 -0.111426 -0.030918
0.249777 0.125314 -0.038876 -0.005460
-0.111426 -0.038876 1.045270 0.369009
-0.030918 -0.005460 0.369009 0.186578
12.047614 1.881843 9.135371 1.521125
0.675339 0.226014 -0.157786 -0.040603
0.226014 0.100829 -0.047527 -0.008603
-0.157786 -0.047527 1.000109 0.316429
-0.040603 -0.008603 0.316429 0.144598
12.575978 1.756908 9.796132 1.485734
0.690986 0.206880 -0.167145 -0.037854
0.206880 0.084569 -0.043631 -0.007319
-0.167145 -0.043631 0.944186 0.271740
-0.037854 -0.007319 0.271740 0.115353
12.756524 1.559934 9.858562 1.292008
0.681995 0.185464 -0.190116 -0.040063
0.185464 0.071779 -0.044704 -0.007667
-0.190116 -0.044704 0.905446 0.239844
-0.040063 -0.007667 0.239844 0.096013
13.147181 1.467866 11.223260 1.465532
0.672962 0.169370 -0.150578 -0.026457
0.169370 0.063438 -0.030578 -0.004059
-0.150578 -0.030578 0.815450 0.201758
-0.026457 -0.004059 0.201758 0.079425
13.392910 1.362853 13.078335 1.723257
0.648313 0.153043 -0.109353 -0.015199
0.153043 0.056853 -0.018967 -0.001642
-0.109353 -0.018967 0.714242 0.167340
-0.015199 -0.001642 0.167340 0.066792
14.713759 1.508120 14.053281 1.758983
0.618942 0.138717 -0.083984 -0.009376
0.138717 0.052006 -0.012254 -0.000620
-0.083984 -0.012254 0.681536 0.153369
-0.009376 -0.000620 0.153369 0.060862
15.071755 1.421206 14.804274 1.725103
0.588127 0.126376 -0.095365 -0.012416
0.126376 0.048418 -0.014706 -0.001661
-0.095365 -0.014706 0.631775 0.137096
-0.012416 -0.001661 0.137096 0.055312
15.383129 1.341179 16.078792 1.807663
0.549610 0.114701 -0.091282 -0.011859
0.114701 0.045626 -0.013800 -0.001808
-0.091282 -0.013800 0.566678 0.119953
-0.011859 -0.001808 0.119953 0.050480
15.562527 1.242584 17.282375 1.864236
0.544025 0.111759 -0.073180 -0.007954
0.111759 0.045091 -0.009773 -0.001139
-0.073180 -0.009773 0.542079 0.113567
-0.007954 -0.001139 0.113567 0.048598
16.709134 1.347486 17.965822 1.818949
0.522697 0.106228 -0.056746 -0.005054
0.106228 0.044138 -0.006471 -0.000711
-0.056746 -0.006471 0.528410 0.110120
-0.005054 -0.000711 0.110120 0.047560
16.912612 1.251028 18.775546 1.792480
0.515583 0.104301 -0.050507 -0.004363
0.104301 0.044019 -0.005615 -0.000761
-0.050507 -0.005615 0.511713 0.106246
-0.004363 -0.000761 0.106246 0.046537
17.734940 1.288496 19.380821 1.733949
0.491633 0.099452 -0.029823 -0.000870
0.099452 0.043353 -0.001935 -0.000220
-0.029823 -0.001935 0.489115 0.101666
-0.000870 -0.000220 0.101666 0.045511
18.393271 1.294931 20.745363 1.838089
0.490516 0.099608 -0.032627 -0.002293
0.099608 0.043710 -0.003167 -0.000664
-0.032627 -0.003167 0.484432 0.100963
-0.002293 -0.000664 0.100963 0.045334
18.815490 1.248235 21.560216 1.814445
0.492476 0.100496 -0.025898 -0.001481
0.100496 0.044177 -0.002241 -0.000579
-0.025898 -0.002241 0.484532 0.101353
-0.001481 -0.000579 0.101353 0.045412
19.416595 1.244986 22.742771 1.872105
0.476643 0.097707 -0.011948 0.000715
0.097707 0.043832 0.000053 -0.000213
-0.011948 0.000053 0.468572 0.098312
0.000715 -0.000213 0.098312 0.044760
19.430338 1.123838 24.795546 2.104440
0.451144 0.093206 0.017175 0.005978
0.093206 0.043142 0.005345 0.000781
0.017175 0.005345 0.443844 0.093695
0.005978 0.000781 0.093695 0.043831
20.116030 1.149512 25.748424 2.083629
0.460227 0.096129 0.025569 0.006657
0.096129 0.043988 0.006109 0.000808
0.025569 0.006109 0.456606 0.097226
0.006657 0.000808 0.097226 0.044654
20.871423 1.187475 26.836723 2.093620
0.454593 0.095583 0.014814 0.003318
0.095583 0.043987 0.002913 0.000031
0.014814 0.002913 0.459056 0.098076
0.003318 0.000031 0.098076 0.044797
21.377102 1.169020 27.764784 2.068281
0.445197 0.094178 0.028306 0.005658
0.094178 0.043767 0.005293 0.000559
0.028306 0.005293 0.457739 0.097953
0.005658 0.000559 0.097953 0.044707
21.952335 1.167328 28.701084 2.047325
0.436604 0.092989 0.030915 0.005570
0.092989 0.043583 0.005249 0.000549
0.030915 0.005249 0.458784 0.098299
0.005570 0.000549 0.098299 0.044721
22.235564 1.103244 29.615145 2.024903
0.450963 0.096757 0.025468 0.003814
0.096757 0.044451 0.003535 0.000193
0.025468 0.003535 0.476807 0.102233
0.003814 0.000193 0.102233 0.045505
22.392896 1.017562 30.810837 2.065736
0.432806 0.093000 0.033264 0.005309
0.093000 0.043584 0.005000 0.000599
0.033264 0.005000 0.481232 0.102779
0.005309 0.000599 0.102779 0.045483
23.034978 1.047592 31.612627 2.015848
0.419415 0.090594 0.033820 0.005169
0.090594 0.043079 0.004863 0.000630
0.033820 0.004863 0.480108 0.102141
0.005169 0.000630 0.102141 0.045237
23.592164 1.053674 32.834361 2.061103
0.431585 0.093948 0.021790 0.002310
0.093948 0.043861 0.001943 0.000047
0.021790 0.001943 0.501894 0.106535
0.002310 0.000047 0.106535 0.046116
24.093770 1.049898 33.534871 1.991558
0.433715 0.094671 0.008762 -0.000346
0.094671 0.043971 -0.000749 -0.000413
0.008762 -0.000749 0.506817 0.106947
-0.000346 -0.000413 0.106947 0.046085
24.476222 1.019881 34.274367 1.938384
0.424623 0.092727 0.011457 0.000630
0.092727 0.043464 0.000282 -0.000048
0.011457 0.000282 0.509583 0.106864
0.000630 -0.000048 0.106864 0.045966
25.450211 1.122982 34.844803 1.853515
0.410205 0.089814 0.002193 -0.000999
0.089814 0.042800 -0.001410 -0.000304
0.002193 -0.001410 0.505822 0.105558
-0.000999 -0.000304 0.105558 0.045642
26.621769 1.257501 35.670953 1.830987
0.404252 0.088994 -0.016155 -0.004421
0.088994 0.042646 -0.005007 -0.000959
-0.016155 -0.005007 0.513395 0.106832
-0.004421 -0.000959 0.106832 0.045908
27.809406 1.380874 36.767370 1.867903
0.403687 0.089313 -0.024300 -0.005457
0.089313 0.042725 -0.006058 -0.001054
-0.024300 -0.006058 0.528005 0.109460
-0.005457 -0.001054 0.109460 0.046437
28.040467 1.278886 37.765496 1.880893
0.401913 0.089236 -0.028637 -0.005691
0.089236 0.042687 -0.006236 -0.000994
-0.028637 -0.006236 0.539955 0.111340
-0.005691 -0.000994 0.111340 0.046779
29.023090 1.355223 38.633022 1.866594
0.385432 0.085807 -0.035710 -0.006588
0.085807 0.041889 -0.007104 -0.001120
-0.035710 -0.007104 0.547698 0.112249
-0.006588 -0.001120 0.112249 0.046911
30.267519 1.481369 39.229631 1.799784
0.404014 0.090514 -0.032136 -0.005223
0.090514 0.042973 -0.005635 -0.000764
-0.032136 -0.005635 0.544056 0.110873
-0.005223 -0.000764 0.110873 0.046598
30.239932 1.309514 40.241948 1.819492
0.408209 0.091384 -0.040142 -0.006489
0.091384 0.043066 -0.006958 -0.001045
-0.040142 -0.006958 0.556326 0.112917
-0.006489 -0.001045 0.112917 0.047019
31.041107 1.341201 40.907638 1.770822
0.384960 0.086063 -0.031589 -0.004489
0.086063 0.041786 -0.004580 -0.000597
-0.031589 -0.004580 0.552926 0.111749
-0.004489 -0.000597 0.111749 0.046785
32.015306 1.412348 42.384053 1.891688
0.375551 0.084360 -0.021821 -0.002430
0.084360 0.041436 -0.002156 -0.000173
-0.021821 -0.002156 0.567937 0.114500
-0.002430 -0.000173 0.114500 0.047379
32.660208 1.401067 43.885499 2.003000
0.406050 0.091699 -0.026749 -0.003358
0.091699 0.043122 -0.003389 -0.000476
-0.026749 -0.003389 0.573736 0.115126
-0.003358 -0.000476 0.115126 0.047491
33.409480 1.410693 44.589015 1.943622
0.407604 0.091780 -0.008615 0.000242
0.091780 0.043021 0.000482 0.000237
-0.008615 0.000482 0.533191 0.106625
0.000242 0.000237 0.106625 0.045808
34.003312 1.382383 44.682700 1.766920
0.410222 0.092070 0.003962 0.002407
0.092070 0.042986 0.002695 0.000569
0.003962 0.002695 0.482590 0.096885
0.002407 0.000569 0.096885 0.044012
34.229148 1.277920 45.399996 1.731928
0.417101 0.093259 0.001997 0.001493
0.093259 0.043164 0.001626 0.000238
0.001997 0.001626 0.467156 0.094974
0.001493 0.000238 0.094974 0.043893
35.274891 1.368445 46.258303 1.731026
0.443039 0.098622 0.009380 0.002669
0.098622 0.044278 0.002822 0.000430
0.009380 0.002822 0.447895 0.092297
0.002669 0.000430 0.092297 0.043564
36.236817 1.429657 47.059928 1.717830
0.481752 0.106256 -0.001144 0.000045
0.106256 0.045801 0.000018 -0.000210
-0.001144 0.000018 0.439343 0.091869
0.000045 -0.000210 0.091869 0.043657
