2.584524 1.995926 1.764995 -0.186034
1.943562 0.777441 -0.202065 -0.080828
0.777441 80.315050 -0.080828 -0.032332
-0.202065 -0.080828 3.903493 1.561431
-0.080828 -0.032332 1.561431 80.628653
5.814056 5.987207 0.718931 -1.706800
2.882550 5.159080 -1.021185 -1.621332
5.159080 16.048958 -1.784955 -3.385554
-1.021185 -1.784955 2.934494 4.779685
-1.621332 -3.385554 4.779685 19.970077
9.072138 6.317207 0.895789 -0.467749
2.344288 2.581617 -0.218866 -0.081810
2.581617 4.462287 -0.174804 -0.278646
-0.218866 -0.174804 1.823351 2.140958
-0.081810 -0.278646 2.140958 5.280674
8.359273 3.237550 2.395241 1.003811
0.848427 0.678168 0.573779 0.542452
0.678168 1.173645 0.461969 0.317844
0.573779 0.461969 1.361794 1.250044
0.542452 0.317844 1.250044 2.101547
8.149020 1.799795 3.913218 1.980483
0.612117 0.423216 0.422152 0.261812
0.423216 0.582523 0.213854 0.091935
0.422152 0.213854 1.317241 0.973054
0.261812 0.091935 0.973054 1.126227
7.850179 1.083947 4.063407 1.576371
0.538045 0.336729 0.158864 0.045157
0.336729 0.360326 0.006553 -0.028135
0.158864 0.006553 1.360455 0.833450
0.045157 -0.028135 0.833450 0.718076
9.288726 1.573273 4.833231 1.512181
0.680588 0.371542 -0.016107 -0.049827
0.371542 0.288180 -0.069694 -0.050716
-0.016107 -0.069694 1.386080 0.704356
-0.049827 -0.050716 0.704356 0.479690
9.986630 1.497308 7.022743 2.126235
0.770065 0.355454 -0.122216 -0.077738
0.355454 0.219091 -0.086634 -0.041753
-0.122216 -0.086634 1.244671 0.534700
-0.077738 -0.041753 0.534700 0.309662
10.496125 1.407956 7.721319 1.995197
0.840172 0.332341 -0.198199 -0.086945
0.332341 0.171333 -0.092877 -0.034171
-0.198199 -0.092877 1.207704 0.450148
-0.086945 -0.034171 0.450148 0.225421
12.078936 1.706269 9.523254 2.254200
0.803180 0.277045 -0.210504 -0.073491
0.277045 0.127301 -0.077328 -0.022680
-0.210504 -0.077328 1.066298 0.350954
-0.073491 -0.022680 0.350954 0.160329
12.199676 1.480922 10.515754 2.213087
0.775173 0.238248 -0.233610 -0.068146
0.238248 0.100420 -0.071175 -0.017648
-0.233610 -0.071175 0.971039 0.287948
-0.068146 -0.017648 0.287948 0.122475
12.702041 1.411931 11.155472 2.083881
0.712966 0.198628 -0.248777 -0.063105
0.198628 0.079962 -0.065531 -0.014318
-0.248777 -0.065531 0.867673 0.235418
-0.063105 -0.014318 0.235418 0.096137
12.899513 1.280656 12.322757 2.110085
0.705137 0.181680 -0.215625 -0.047031
0.181680 0.070022 -0.049150 -0.008967
-0.215625 -0.049150 0.807673 0.204089
-0.047031 -0.008967 0.204089 0.080778
12.790422 1.102535 13.818143 2.205931
0.644650 0.155163 -0.201002 -0.039485
0.155163 0.059829 -0.041615 -0.006948
-0.201002 -0.041615 0.681399 0.161829
-0.039485 -0.006948 0.161829 0.065673
13.815567 1.208905 14.634104 2.147109
0.611682 0.140103 -0.160816 -0.027180
0.140103 0.054296 -0.028814 -0.003935
-0.160816 -0.028814 0.642686 0.146749
-0.027180 -0.003935 0.146749 0.059505
14.151906 1.147772 15.626673 2.124132
0.599633 0.132246 -0.127718 -0.018120
0.132246 0.051349 -0.019691 -0.002082
-0.127718 -0.019691 0.612041 0.135485
-0.018120 -0.002082 0.135485 0.055187
14.364289 1.070187 16.735203 2.127967
0.583119 0.124533 -0.117114 -0.015425
0.124533 0.048905 -0.017008 -0.001874
-0.117114 -0.017008 0.571549 0.123181
-0.015425 -0.001874 0.123181 0.051237
15.408051 1.178013 17.823389 2.141955
0.541931 0.113125 -0.094399 -0.010961
0.113125 0.046147 -0.012267 -0.001292
-0.094399 -0.012267 0.526497 0.111678
-0.010961 -0.001292 0.111678 0.048072
16.119836 1.193330 18.171811 1.989923
0.527511 0.108544 -0.095269 -0.011562
0.108544 0.045130 -0.012565 -0.001698
-0.095269 -0.012565 0.512745 0.107751
-0.011562 -0.001698 0.107751 0.046844
16.080035 1.060426 19.068882 1.958905
0.511167 0.104576 -0.075995 -0.007877
0.104576 0.044451 -0.008943 -0.001197
-0.075995 -0.008943 0.483138 0.101234
-0.007877 -0.001197 0.101234 0.045303
17.272924 1.196915 20.050203 1.969324
0.489453 0.100187 -0.045703 -0.002289
0.100187 0.043797 -0.003166 -0.000267
-0.045703 -0.003166 0.471190 0.099233
-0.002289 -0.000267 0.099233 0.044903
17.601301 1.137713 20.728402 1.900725
0.496080 0.101834 -0.037317 -0.001424
0.101834 0.044377 -0.002212 -0.000318
-0.037317 -0.002212 0.476256 0.100618
-0.001424 -0.000318 0.100618 0.045179
17.971903 1.095479 21.538977 1.868872
0.488390 0.100493 -0.021138 0.000915
0.100493 0.044293 0.000173 -0.000052
-0.021138 0.000173 0.466751 0.098805
0.000915 -0.000052 0.098805 0.044763
18.857769 1.164023 22.300678 1.835141
0.486147 0.100353 -0.012209 0.001671
0.100353 0.044437 0.001069 -0.000063
-0.012209 0.001069 0.470557 0.099862
0.001671 -0.000063 0.099862 0.044974
19.471501 1.170601 23.219498 1.835616
0.483346 0.100114 -0.002068 0.002750
0.100114 0.044533 0.002228 0.000034
-0.002068 0.002228 0.470605 0.099973
0.002750 0.000034 0.099973 0.044962
19.574399 1.072158 24.620439 1.936093
0.493086 0.102509 0.015416 0.005493
0.102509 0.045154 0.004990 0.000522
0.015416 0.004990 0.482455 0.102572
0.005493 0.000522 0.102572 0.045484
20.331250 1.118064 25.582634 1.935342
0.498469 0.103683 0.008782 0.002967
0.103683 0.045439 0.002594 -0.000091
0.008782 0.002594 0.493654 0.104668
0.002967 -0.000091 0.104668 0.045836
20.704785 1.079478 26.481292 1.920625
0.490364 0.101960 0.007181 0.001904
0.101960 0.045096 0.001613 -0.000309
0.007181 0.001613 0.490598 0.103583
0.001904 -0.000309 0.103583 0.045504
21.704267 1.175088 27.621592 1.958432
0.490463 0.102117 0.005639 0.001092
0.102117 0.045175 0.000854 -0.000432
0.005639 0.000854 0.501285 0.105543
0.001092 -0.000432 0.105543 0.045863
22.648409 1.249554 28.484383 1.933733
0.495160 0.103202 0.009963 0.001690
0.103202 0.045431 0.001485 -0.000236
0.009963 0.001485 0.510189 0.106968
0.001690 -0.000236 0.106968 0.046091
23.198736 1.233251 29.930679 2.033880
0.450442 0.093916 -0.011396 -0.002988
0.093916 0.043507 -0.003184 -0.001141
-0.011396 -0.003184 0.494703 0.103249
-0.002988 -0.001141 0.103249 0.045251
24.185605 1.311391 30.717389 1.985560
0.452587 0.095227 -0.006927 -0.001835
0.095227 0.043941 -0.001987 -0.000753
-0.006927 -0.001987 0.498046 0.103843
-0.001835 -0.000753 0.103843 0.045396
25.076407 1.360578 32.536535 2.157501
0.423258 0.089665 -0.026850 -0.005842
0.089665 0.042848 -0.006059 -0.001506
-0.026850 -0.006059 0.506089 0.105402
-0.005842 -0.001506 0.105402 0.045736
25.461052 1.296983 33.180997 2.067081
0.412392 0.088408 -0.015195 -0.002922
0.088408 0.042719 -0.003017 -0.000731
-0.015195 -0.003017 0.498689 0.103626
-0.002922 -0.000731 0.103626 0.045357
26.318175 1.342120 34.093922 2.042237
0.433419 0.093999 -0.014942 -0.002660
0.093999 0.044028 -0.002742 -0.000615
-0.014942 -0.002742 0.512831 0.106525
-0.002660 -0.000615 0.106525 0.045989
27.201903 1.388316 35.043360 2.027669
0.435663 0.094787 -0.031350 -0.005914
0.094787 0.044132 -0.006140 -0.001286
-0.031350 -0.006140 0.523525 0.108428
-0.005914 -0.001286 0.108428 0.046356
27.472713 1.295360 35.777089 1.968885
0.429803 0.093686 -0.023572 -0.003894
0.093686 0.043813 -0.003972 -0.000760
-0.023572 -0.003972 0.523388 0.107996
-0.003894 -0.000760 0.107996 0.046230
27.599880 1.180591 36.387717 1.890547
0.424807 0.092787 -0.027264 -0.004479
0.092787 0.043554 -0.004572 -0.000870
-0.027264 -0.004572 0.524603 0.107917
-0.004479 -0.000870 0.107917 0.046197
28.277305 1.200251 37.514209 1.928039
0.432211 0.094618 -0.034026 -0.005632
0.094618 0.043906 -0.005769 -0.001093
-0.034026 -0.005769 0.541968 0.111204
-0.005632 -0.001093 0.111204 0.046869
28.995353 1.224855 38.141163 1.859557
0.434885 0.095179 -0.037847 -0.006122
0.095179 0.043944 -0.006294 -0.001173
-0.037847 -0.006294 0.543024 0.110893
-0.006122 -0.001173 0.110893 0.046759
30.325410 1.383232 39.354339 1.920389
0.406119 0.088769 -0.041767 -0.006765
0.088769 0.042454 -0.006768 -0.001277
-0.041767 -0.006768 0.559486 0.113825
-0.006765 -0.001277 0.113825 0.047337
30.586676 1.289923 40.625471 1.981299
0.404143 0.088871 -0.038096 -0.005726
0.088871 0.042532 -0.005610 -0.001024
-0.038096 -0.005610 0.568389 0.115042
-0.005726 -0.001024 0.115042 0.047540
31.029855 1.243287 41.241008 1.904602
0.410700 0.090737 -0.039523 -0.005819
0.090737 0.042961 -0.005835 -0.001074
-0.039523 -0.005835 0.559821 0.112679
-0.005819 -0.001074 0.112679 0.047021
31.777101 1.269000 41.800517 1.826300
0.402846 0.089199 -0.031225 -0.004065
0.089199 0.042591 -0.003925 -0.000715
-0.031225 -0.003925 0.548313 0.110097
-0.004065 -0.000715 0.110097 0.046535
32.376788 1.262875 43.015977 1.886896
0.416259 0.092449 -0.030364 -0.003875
0.092449 0.043300 -0.003788 -0.000719
-0.030364 -0.003788 0.553804 0.111186
-0.003875 -0.000719 0.111186 0.046827
33.143272 1.293072 43.996468 1.895032
0.431669 0.095791 -0.023295 -0.002462
0.095791 0.043964 -0.002388 -0.000466
-0.023295 -0.002388 0.540688 0.108500
-0.002462 -0.000466 0.108500 0.046342
34.002911 1.343353 45.620891 2.032225
0.468581 0.103475 -0.027552 -0.003367
0.103475 0.045522 -0.003550 -0.000725
-0.027552 -0.003550 0.543818 0.109296
-0.003367 -0.000725 0.109296 0.046585
34.480909 1.299215 46.224332 1.948261
0.486038 0.106114 -0.028991 -0.003714
0.106114 0.045849 -0.004124 -0.000861
-0.028991 -0.004124 0.506535 0.101896
-0.003714 -0.000861 0.101896 0.045152
35.552817 1.388857 46.829699 1.875219
0.508984 0.109828 -0.018309 -0.001543
0.109828 0.046442 -0.002005 -0.000431
-0.018309 -0.002005 0.465020 0.094302
-0.001543 -0.000431 0.094302 0.043786
36.412329 1.424614 47.930171 1.909386
0.534788 0.113834 -0.021721 -0.002439
0.113834 0.047080 -0.003002 -0.000670
-0.021721 -0.003002 0.445876 0.091737
-0.002439 -0.000670 0.091737 0.043489
