3.532911 2.375289 2.929699 0.279858
1.564794 0.625931 0.071786 0.028715
0.625931 80.254445 0.028715 0.011486
0.071786 0.028715 3.456285 1.382544
0.028715 0.011486 1.382544 80.557096
3.154789 -0.491930 3.043316 0.245677
3.619591 6.635602 -1.138729 -1.921785
6.635602 17.791076 -2.104831 -3.345237
-1.138729 -2.104831 3.142393 5.248422
-1.921785 -3.345237 5.248422 19.837537
5.067969 1.763873 1.874394 -1.099002
2.718411 2.843794 -1.522534 -1.572873
2.843794 4.350266 -1.512483 -1.604854
-1.522534 -1.512483 3.112855 3.495607
-1.572873 -1.604854 3.495607 6.478694
6.963959 2.659908 3.573144 0.916251
1.735220 1.351201 -0.025986 0.132369
1.351201 1.605312 0.017242 0.064951
-0.025986 0.017242 0.797635 0.680600
0.132369 0.064951 0.680600 1.522483
7.164809 1.958675 3.301122 0.313340
1.256324 0.776065 -0.002732 0.039094
0.776065 0.758194 0.004471 -0.015353
-0.002732 0.004471 1.201676 0.931223
0.039094 -0.015353 0.931223 1.126654
7.581841 1.661703 4.403585 0.893525
1.096815 0.570721 0.010082 0.017100
0.570721 0.458395 -0.000473 -0.019458
0.010082 -0.000473 1.241870 0.769217
0.017100 -0.019458 0.769217 0.681524
8.347993 1.634708 4.570573 0.751020
1.112379 0.500787 -0.102527 -0.051917
0.500787 0.328714 -0.056015 -0.042871
-0.102527 -0.056015 1.330335 0.677507
-0.051917 -0.042871 0.677507 0.465615
9.096630 1.603908 5.634468 1.046378
0.998471 0.392729 -0.161790 -0.070359
0.392729 0.226282 -0.070576 -0.039660
-0.161790 -0.070576 1.272199 0.545883
-0.070359 -0.039660 0.545883 0.313748
10.600485 1.846528 7.089916 1.392185
0.858322 0.300606 -0.157678 -0.058703
0.300606 0.158974 -0.058540 -0.027789
-0.157678 -0.058540 1.128082 0.418666
-0.058703 -0.027789 0.418666 0.212851
10.597942 1.552476 7.545999 1.312572
0.714788 0.227413 -0.231983 -0.075814
0.227413 0.115049 -0.074719 -0.028649
-0.231983 -0.074719 1.066416 0.350671
-0.075814 -0.028649 0.350671 0.160056
11.795837 1.677106 8.217595 1.318539
0.600357 0.176726 -0.251159 -0.072595
0.176726 0.087751 -0.071663 -0.023854
-0.251159 -0.071663 0.962992 0.285245
-0.072595 -0.023854 0.285245 0.121531
12.236969 1.564540 8.705755 1.269074
0.589164 0.163468 -0.247128 -0.063515
0.163468 0.076526 -0.063032 -0.018634
-0.247128 -0.063032 0.917144 0.248931
-0.063515 -0.018634 0.248931 0.099805
12.974502 1.558245 9.913406 1.414433
0.606384 0.159713 -0.215483 -0.049072
0.159713 0.070207 -0.049115 -0.013134
-0.215483 -0.049115 0.852204 0.214734
-0.049072 -0.013134 0.214734 0.083320
13.535408 1.508213 11.095276 1.525716
0.593121 0.148454 -0.190660 -0.039224
0.148454 0.063298 -0.039602 -0.009800
-0.190660 -0.039602 0.777412 0.184072
-0.039224 -0.009800 0.184072 0.070882
14.483725 1.564205 12.574060 1.691343
0.574490 0.137808 -0.149649 -0.027375
0.137808 0.057919 -0.027757 -0.006492
-0.149649 -0.027757 0.702506 0.158515
-0.027375 -0.006492 0.158515 0.061877
15.168886 1.552978 14.345442 1.893760
0.565320 0.131016 -0.106774 -0.016712
0.131016 0.054430 -0.017088 -0.003875
-0.106774 -0.017088 0.638374 0.139110
-0.016712 -0.003875 0.139110 0.055698
15.402569 1.431995 15.463323 1.924239
0.561287 0.126324 -0.071726 -0.009003
0.126324 0.052032 -0.009273 -0.002162
-0.071726 -0.009273 0.599676 0.127647
-0.009003 -0.002162 0.127647 0.052118
16.459804 1.510181 16.720529 1.989716
0.556584 0.121992 -0.059745 -0.006979
0.121992 0.050103 -0.007208 -0.001817
-0.059745 -0.007208 0.581908 0.121767
-0.006979 -0.001817 0.121767 0.050170
17.235111 1.512891 17.530576 1.951547
0.552996 0.118462 -0.067950 -0.009241
0.118462 0.048667 -0.009561 -0.002379
-0.067950 -0.009561 0.570128 0.117698
-0.009241 -0.002379 0.117698 0.048850
17.907981 1.496869 18.708485 1.992421
0.551993 0.116303 -0.055093 -0.006812
0.116303 0.047829 -0.007084 -0.001852
-0.055093 -0.007084 0.557861 0.114243
-0.006812 -0.001852 0.114243 0.047890
17.404768 1.241872 20.520222 2.149842
0.520600 0.108318 -0.031585 -0.002603
0.108318 0.045955 -0.002933 -0.001060
-0.031585 -0.002933 0.497804 0.101511
-0.002603 -0.001060 0.101511 0.045176
17.772721 1.188237 21.393236 2.106779
0.522781 0.108194 -0.017687 -0.000387
0.108194 0.045927 -0.000654 -0.000634
-0.017687 -0.000654 0.496020 0.101821
-0.000387 -0.000634 0.101821 0.045359
18.472553 1.211968 22.867733 2.194215
0.516872 0.106478 -0.010075 0.000402
0.106478 0.045588 0.000199 -0.000517
-0.010075 0.000199 0.492735 0.101666
0.000402 -0.000517 0.101666 0.045392
19.873884 1.374638 23.716440 2.145477
0.486884 0.100045 -0.009589 -0.000304
0.100045 0.044323 -0.000427 -0.000698
-0.009589 -0.000427 0.473760 0.098168
-0.000304 -0.000698 0.098168 0.044702
19.974042 1.253488 24.791192 2.144464
0.487044 0.100512 0.006692 0.002586
0.100512 0.044596 0.002454 -0.000080
0.006692 0.002454 0.476562 0.099486
0.002586 -0.000080 0.099486 0.045059
20.752596 1.284744 25.659430 2.101840
0.491892 0.101859 0.011201 0.002857
0.101859 0.044999 0.002743 -0.000034
0.011201 0.002743 0.487641 0.102277
0.002857 -0.000034 0.102277 0.045658
21.471439 1.300582 26.806294 2.121974
0.494788 0.102656 0.008934 0.001795
0.102656 0.045237 0.001706 -0.000244
0.008934 0.001706 0.499647 0.104917
0.001795 -0.000244 0.104917 0.046156
21.557019 1.183094 28.052745 2.161371
0.486214 0.100977 0.017877 0.003306
0.100977 0.044929 0.003201 0.000118
0.017877 0.003201 0.507406 0.106363
0.003306 0.000118 0.106363 0.046357
21.930021 1.139180 28.257061 1.978538
0.474440 0.098844 -0.013386 -0.003638
0.098844 0.044558 -0.003694 -0.001290
-0.013386 -0.003694 0.493745 0.103249
-0.003638 -0.001290 0.103249 0.045611
22.090084 1.053926 28.881547 1.902728
0.469506 0.098239 -0.012719 -0.003181
0.098239 0.044508 -0.003236 -0.001033
-0.012719 -0.003236 0.497509 0.104029
-0.003181 -0.001033 0.104029 0.045744
22.456402 1.020538 29.185511 1.767568
0.469007 0.098565 -0.010567 -0.002464
0.098565 0.044636 -0.002508 -0.000760
-0.010567 -0.002508 0.502628 0.105009
-0.002464 -0.000760 0.105009 0.045909
22.878266 1.001975 29.549873 1.659248
0.448672 0.094615 0.008321 0.001672
0.094615 0.043833 0.001679 0.000196
0.008321 0.001679 0.490137 0.102223
0.001672 0.000196 0.102223 0.045279
23.330949 0.991682 30.439306 1.671763
0.455108 0.096637 0.014931 0.002849
0.096637 0.044342 0.002872 0.000437
0.014931 0.002872 0.507058 0.105851
0.002849 0.000437 0.105851 0.046048
23.994073 1.027865 30.827711 1.578363
0.458407 0.097719 0.007961 0.001120
0.097719 0.044582 0.001103 0.000049
0.007961 0.001103 0.511609 0.106553
0.001120 0.000049 0.106553 0.046141
24.594147 1.046734 31.254917 1.503062
0.446691 0.095440 -0.013072 -0.003299
0.095440 0.044072 -0.003454 -0.000869
-0.013072 -0.003454 0.512717 0.106517
-0.003299 -0.000869 0.106517 0.046087
24.946352 1.009923 32.214694 1.546305
0.439667 0.094298 -0.013076 -0.002932
0.094298 0.043833 -0.003070 -0.000687
-0.013076 -0.003070 0.533073 0.110479
-0.002932 -0.000687 0.110479 0.046873
25.846264 1.094988 32.930295 1.534495
0.429585 0.092530 -0.022042 -0.004485
0.092530 0.043462 -0.004675 -0.000950
-0.022042 -0.004675 0.544879 0.112322
-0.004485 -0.000950 0.112322 0.047164
26.471261 1.112182 34.105931 1.618264
0.441407 0.095589 -0.022204 -0.004100
0.095589 0.044147 -0.004241 -0.000784
-0.022204 -0.004241 0.569922 0.116771
-0.004100 -0.000784 0.116771 0.047988
28.363755 1.402679 35.309551 1.700635
0.379459 0.082216 -0.053777 -0.010300
0.082216 0.041178 -0.010747 -0.002087
-0.053777 -0.010747 0.567583 0.115244
-0.010300 -0.002087 0.115244 0.047538
28.841744 1.354589 36.496147 1.767774
0.366837 0.080794 -0.053526 -0.009453
0.080794 0.041050 -0.009717 -0.001755
-0.053526 -0.009717 0.579209 0.116875
-0.009453 -0.001755 0.116875 0.047818
30.436964 1.560196 37.286991 1.753964
0.314986 0.070358 -0.069805 -0.012351
0.070358 0.038808 -0.012617 -0.002333
-0.069805 -0.012617 0.589261 0.118047
-0.012351 -0.002333 0.118047 0.047987
31.415976 1.610082 38.667780 1.856254
0.306084 0.070391 -0.070881 -0.011810
0.070391 0.039044 -0.011890 -0.002113
-0.070881 -0.011890 0.602155 0.119872
-0.011810 -0.002113 0.119872 0.048317
32.009360 1.565144 40.173825 1.969164
0.341891 0.080669 -0.067253 -0.010111
0.080669 0.041576 -0.009979 -0.001623
-0.067253 -0.009979 0.644638 0.127558
-0.010111 -0.001623 0.127558 0.049819
32.991829 1.620035 41.882764 2.113733
0.374814 0.088921 -0.057972 -0.007629
0.088921 0.043317 -0.007545 -0.001124
-0.057972 -0.007545 0.636796 0.124736
-0.007629 -0.001124 0.124736 0.049148
33.410015 1.531944 43.424458 2.204569
0.404308 0.095272 -0.047564 -0.005316
0.095272 0.044426 -0.005045 -0.000688
-0.047564 -0.005045 0.643295 0.125167
-0.005316 -0.000688 0.125167 0.049217
33.866185 1.459455 44.500631 2.196715
0.439746 0.102288 -0.030875 -0.002028
0.102288 0.045624 -0.001520 -0.000086
-0.030875 -0.001520 0.638363 0.123526
-0.002028 -0.000086 0.123526 0.048917
33.065006 1.100674 44.438220 1.960985
0.445850 0.101629 -0.036992 -0.003731
0.101629 0.044956 -0.003935 -0.000733
-0.036992 -0.003935 0.592957 0.114157
-0.003731 -0.000733 0.114157 0.047134
33.902332 1.170699 46.229518 2.119925
0.480553 0.107793 -0.027355 -0.001994
0.107793 0.046024 -0.002141 -0.000435
-0.027355 -0.002141 0.586474 0.113351
-0.001994 -0.000435 0.113351 0.047188
34.743572 1.229226 47.660310 2.193491
0.512496 0.112832 -0.010345 0.001001
0.112832 0.046809 0.001000 0.000105
-0.010345 0.001000 0.563080 0.109361
0.001001 0.000105 0.109361 0.046604
36.255620 1.429751 50.300024 2.499492
0.553668 0.119450 -0.000695 0.002363
0.119450 0.047923 0.002290 0.000265
-0.000695 0.002290 0.545249 0.106699
0.002363 0.000265 0.106699 0.046284
