2.413696 1.927594 1.980120 -0.099982
2.043023 0.817227 -0.324921 -0.129971
0.817227 80.330965 -0.129971 -0.051990
-0.324921 -0.129971 4.098298 1.639355
-0.129971 -0.051990 1.639355 80.659823
5.437446 5.572948 0.579614 -2.234770
2.986391 5.306390 -1.135742 -1.762367
5.306390 16.538736 -1.948056 -3.893261
-1.135742 -1.948056 3.097885 4.991135
-1.762367 -3.893261 4.991135 20.687641
6.938288 4.255320 2.262112 0.968242
2.549792 2.808182 -0.190925 -0.026681
2.808182 4.790324 -0.153257 -0.317959
-0.190925 -0.153257 1.582650 1.852244
-0.026681 -0.317959 1.852244 5.071852
7.313508 2.858339 3.876401 1.984545
0.850350 0.672341 0.441906 0.432825
0.672341 1.195037 0.342602 0.189735
0.441906 0.342602 1.447507 1.363673
0.432825 0.189735 1.363673 2.261939
7.595576 2.036685 4.677696 1.926368
0.672331 0.480735 0.126292 0.044992
0.480735 0.651933 0.000445 -0.082085
0.126292 0.000445 1.545768 1.163229
0.044992 -0.082085 1.163229 1.292337
8.106828 1.759701 4.725973 1.406089
0.878989 0.545238 -0.060287 -0.084928
0.545238 0.497077 -0.101086 -0.103762
-0.060287 -0.101086 1.614292 0.971006
-0.084928 -0.103762 0.971006 0.798961
8.118299 1.326715 4.951951 1.199539
0.690834 0.357230 -0.199593 -0.119700
0.357230 0.278132 -0.137107 -0.082161
-0.199593 -0.137107 1.594775 0.788431
-0.119700 -0.082161 0.788431 0.517349
9.019053 1.418385 6.933893 1.769985
0.788123 0.350532 -0.224382 -0.104490
0.350532 0.217513 -0.112160 -0.052634
-0.224382 -0.112160 1.351765 0.564459
-0.104490 -0.052634 0.564459 0.320633
9.392181 1.287525 8.361716 1.968434
0.838840 0.323800 -0.281325 -0.105810
0.323800 0.169781 -0.111558 -0.042257
-0.281325 -0.111558 1.216257 0.442540
-0.105810 -0.042257 0.442540 0.222666
9.604992 1.138004 8.157154 1.581874
0.770619 0.261740 -0.397208 -0.126915
0.261740 0.124273 -0.133085 -0.042751
-0.397208 -0.133085 1.022690 0.330665
-0.126915 -0.042751 0.330665 0.154879
10.899593 1.370451 9.788124 1.840887
0.716503 0.219636 -0.287518 -0.077566
0.219636 0.097209 -0.081329 -0.022139
-0.287518 -0.081329 0.883580 0.260367
-0.077566 -0.022139 0.260367 0.116232
12.635873 1.664176 10.210526 1.718813
0.686413 0.192732 -0.247804 -0.058244
0.192732 0.080705 -0.060630 -0.014501
-0.247804 -0.060630 0.851980 0.232492
-0.058244 -0.014501 0.232492 0.097502
13.234198 1.607714 11.489216 1.823634
0.663288 0.173079 -0.204132 -0.041788
0.173079 0.069788 -0.043844 -0.009297
-0.204132 -0.043844 0.784344 0.200010
-0.041788 -0.009297 0.200010 0.081506
13.555448 1.498716 13.225119 2.017284
0.641373 0.157702 -0.141652 -0.023715
0.157702 0.062273 -0.025788 -0.004617
-0.141652 -0.025788 0.702425 0.169684
-0.023715 -0.004617 0.169684 0.069173
14.301301 1.488362 13.491622 1.843555
0.627445 0.146194 -0.139809 -0.022565
0.146194 0.056971 -0.024144 -0.004402
-0.139809 -0.024144 0.687914 0.158720
-0.022565 -0.004402 0.158720 0.063277
14.472915 1.358574 14.371687 1.825313
0.624135 0.139333 -0.126754 -0.018866
0.139333 0.053783 -0.020378 -0.003626
-0.126754 -0.020378 0.661897 0.146969
-0.018866 -0.003626 0.146969 0.058324
15.259214 1.383059 15.383252 1.848440
0.593370 0.127743 -0.120563 -0.017558
0.127743 0.050173 -0.018825 -0.003476
-0.120563 -0.018825 0.619376 0.133210
-0.017558 -0.003476 0.133210 0.053744
15.754347 1.339325 16.132380 1.808332
0.560755 0.117695 -0.107099 -0.014834
0.117695 0.047509 -0.015913 -0.003003
-0.107099 -0.015913 0.576036 0.121222
-0.014834 -0.003003 0.121222 0.050260
16.411608 1.339167 17.244459 1.851869
0.553376 0.114418 -0.090426 -0.011344
0.114418 0.046667 -0.012318 -0.002324
-0.090426 -0.012318 0.560659 0.116611
-0.011344 -0.002324 0.116611 0.048814
17.120419 1.349581 18.378488 1.895701
0.540066 0.110586 -0.066571 -0.006787
0.110586 0.045874 -0.007665 -0.001485
-0.066571 -0.007665 0.541463 0.111845
-0.006787 -0.001485 0.111845 0.047556
17.451738 1.275395 18.939988 1.811692
0.514053 0.104384 -0.075706 -0.009600
0.104384 0.044639 -0.010323 -0.002240
-0.075706 -0.010323 0.508101 0.104258
-0.009600 -0.002240 0.104258 0.045782
18.314465 1.328497 20.561591 1.962596
0.503617 0.102428 -0.054265 -0.005530
0.102428 0.044472 -0.006199 -0.001443
-0.054265 -0.006199 0.493962 0.101764
-0.005530 -0.001443 0.101764 0.045320
18.924659 1.318531 21.665362 1.987505
0.504662 0.103058 -0.030984 -0.001274
0.103058 0.044837 -0.001889 -0.000631
-0.030984 -0.001889 0.495202 0.102635
-0.001274 -0.000631 0.102635 0.045582
19.365420 1.276232 22.996914 2.056004
0.483707 0.099175 0.001813 0.004458
0.099175 0.044234 0.003867 0.000401
0.001813 0.003867 0.473103 0.098533
0.004458 0.000401 0.098533 0.044772
19.875671 1.248958 23.834784 2.015461
0.477218 0.098449 0.016908 0.006259
0.098449 0.044275 0.005735 0.000613
0.016908 0.005735 0.466171 0.097715
0.006259 0.000613 0.097715 0.044660
20.661023 1.282086 24.732961 1.992850
0.495296 0.102770 0.016883 0.004998
0.102770 0.045318 0.004574 0.000248
0.016883 0.004574 0.490114 0.103296
0.004998 0.000248 0.103296 0.045864
20.883745 1.195204 25.771030 2.001245
0.481975 0.100118 0.002388 0.000934
0.100118 0.044799 0.000643 -0.000630
0.002388 0.000643 0.482014 0.101502
0.000934 -0.000630 0.101502 0.045391
21.239729 1.144922 26.598441 1.964750
0.473364 0.098676 0.010145 0.002125
0.098676 0.044567 0.001871 -0.000304
0.010145 0.001871 0.481590 0.101488
0.002125 -0.000304 0.101488 0.045341
22.273576 1.240913 28.051705 2.063586
0.467612 0.097925 0.007024 0.001023
0.097925 0.044483 0.000804 -0.000473
0.007024 0.000804 0.490913 0.103503
0.001023 -0.000473 0.103503 0.045723
22.361599 1.129435 28.769161 1.998207
0.446050 0.093832 0.015790 0.002660
0.093832 0.043675 0.002460 -0.000033
0.015790 0.002460 0.485465 0.102173
0.002660 -0.000033 0.102173 0.045365
22.940996 1.131165 30.340963 2.118702
0.449659 0.095366 0.019546 0.003121
0.095366 0.044100 0.002923 0.000115
0.019546 0.002923 0.506520 0.106557
0.003121 0.000115 0.106557 0.046250
23.878186 1.210841 31.269049 2.090152
0.441566 0.094198 0.006512 0.000129
0.094198 0.043888 -0.000104 -0.000463
0.006512 -0.000104 0.507249 0.106287
0.000129 -0.000463 0.106287 0.046093
24.610125 1.236516 32.853018 2.202341
0.427475 0.091732 -0.001118 -0.001359
0.091732 0.043386 -0.001675 -0.000675
-0.001118 -0.001675 0.524651 0.109551
-0.001359 -0.000675 0.109551 0.046705
25.341299 1.260136 34.316402 2.277287
0.421995 0.091217 0.001591 -0.000556
0.091217 0.043313 -0.000840 -0.000382
0.001591 -0.000840 0.544114 0.112935
-0.000556 -0.000382 0.112935 0.047299
26.179170 1.306741 34.685305 2.118403
0.440945 0.095951 0.000397 -0.000685
0.095951 0.044358 -0.000906 -0.000325
0.000397 -0.000906 0.551356 0.113548
-0.000685 -0.000325 0.113548 0.047297
26.839599 1.308947 35.274107 2.022218
0.444970 0.096868 -0.002827 -0.001186
0.096868 0.044458 -0.001408 -0.000364
-0.002827 -0.001408 0.556332 0.113748
-0.001186 -0.000364 0.113748 0.047248
27.433779 1.296644 35.464942 1.855626
0.453017 0.098527 -0.008000 -0.002044
0.098527 0.044713 -0.002285 -0.000485
-0.008000 -0.002285 0.553099 0.112375
-0.002044 -0.000485 0.112375 0.046916
28.210612 1.324422 36.602778 1.898066
0.447026 0.096958 -0.025303 -0.005282
0.096958 0.044255 -0.005736 -0.001125
-0.025303 -0.005736 0.568008 0.114915
-0.005282 -0.001125 0.114915 0.047432
28.959038 1.343113 37.568153 1.901419
0.455986 0.098779 -0.034644 -0.006633
0.098779 0.044584 -0.007135 -0.001309
-0.034644 -0.007135 0.589281 0.118563
-0.006633 -0.001309 0.118563 0.048142
29.398843 1.292229 38.061250 1.809516
0.474031 0.102379 -0.038813 -0.006855
0.102379 0.045275 -0.007330 -0.001255
-0.038813 -0.007330 0.606827 0.121211
-0.006855 -0.001255 0.121211 0.048611
30.150204 1.314786 38.943499 1.805353
0.429992 0.092291 -0.042108 -0.007120
0.092291 0.042975 -0.007394 -0.001241
-0.042108 -0.007394 0.620681 0.122991
-0.007120 -0.001241 0.122991 0.048896
31.048343 1.370136 40.781308 1.990352
0.409162 0.088253 -0.031397 -0.004617
0.088253 0.042205 -0.004438 -0.000639
-0.031397 -0.004438 0.652672 0.128357
-0.004617 -0.000639 0.128357 0.049906
31.456692 1.308272 41.371558 1.910305
0.411348 0.089502 -0.027164 -0.003598
0.089502 0.042613 -0.003465 -0.000474
-0.027164 -0.003465 0.627560 0.122179
-0.003598 -0.000474 0.122179 0.048601
31.980539 1.279175 42.190441 1.883329
0.441548 0.096677 -0.021008 -0.002228
0.096677 0.044249 -0.002045 -0.000217
-0.021008 -0.002045 0.639289 0.123910
-0.002228 -0.000217 0.123910 0.048988
32.353385 1.221725 43.357386 1.925770
0.459512 0.100364 -0.016719 -0.001437
0.100364 0.044950 -0.001243 -0.000118
-0.016719 -0.001243 0.641471 0.123741
-0.001437 -0.000118 0.123741 0.048990
32.300084 1.071483 42.552945 1.583694
0.457675 0.099413 -0.001611 0.001277
0.099413 0.044599 0.001652 0.000364
-0.001611 0.001652 0.592649 0.113933
0.001277 0.000364 0.113933 0.047165
33.008408 1.110688 44.079406 1.725960
0.465602 0.100710 0.012042 0.003528
0.100710 0.044794 0.004168 0.000757
0.012042 0.004168 0.609051 0.117611
0.003528 0.000757 0.117611 0.048086
33.227898 1.037472 44.288762 1.599139
0.498418 0.107249 0.014606 0.003512
0.107249 0.046112 0.004021 0.000632
0.014606 0.004021 0.597353 0.115500
0.003512 0.000632 0.115500 0.047788
33.443035 0.972525 44.562261 1.497006
0.523055 0.111417 0.020519 0.004178
0.111417 0.046823 0.004686 0.000692
0.020519 0.004686 0.587301 0.113899
0.004178 0.000692 0.113899 0.047602
33.416885 0.864631 45.443656 1.523180
0.543319 0.114348 0.009293 0.001500
0.114348 0.047251 0.001746 0.000064
0.009293 0.001746 0.587937 0.114501
0.001500 0.000064 0.114501 0.047842
