2.124222 1.811802 2.283064 0.021198
1.889144 0.755674 -0.138025 -0.055211
0.755674 80.306343 -0.055211 -0.022085
-0.138025 -0.055211 3.831046 1.532452
-0.055211 -0.022085 1.532452 80.617061
3.623925 2.882246 2.403666 0.208365
3.443620 6.181113 -1.696499 -2.742551
6.181113 17.745415 -3.019673 -5.261965
-1.696499 -3.019673 3.062817 5.002995
-2.742551 -5.261965 5.002995 20.182794
8.359733 6.455262 1.862549 -0.163052
2.580257 2.775318 -0.875522 -0.737599
2.775318 4.583833 -0.813750 -0.942812
-0.875522 -0.813750 2.363961 2.744722
-0.737599 -0.942812 2.744722 5.855142
8.906062 4.345421 1.920855 -0.228341
1.249863 0.991638 0.199385 0.264149
0.991638 1.420436 0.210652 0.091481
0.199385 0.210652 1.733564 1.545453
0.264149 0.091481 1.545453 2.317169
7.481211 1.970793 2.459794 0.247422
0.553867 0.357646 0.565487 0.394086
0.357646 0.539069 0.355986 0.167908
0.565487 0.355986 1.345739 0.941504
0.394086 0.167908 0.941504 1.084178
8.388571 1.817595 3.670871 0.946623
0.623770 0.394329 0.369198 0.147925
0.394329 0.410092 0.148424 0.015548
0.369198 0.148424 1.145864 0.674699
0.147925 0.015548 0.674699 0.621662
9.279351 1.828988 3.839293 0.787764
0.757863 0.418325 0.179368 0.014020
0.418325 0.321167 0.018649 -0.037605
0.179368 0.018649 1.174590 0.600317
0.014020 -0.037605 0.600317 0.437934
9.255435 1.340742 5.281834 1.316554
0.692897 0.322453 0.046093 -0.027669
0.322453 0.206832 -0.030103 -0.032977
0.046093 -0.030103 1.114475 0.489619
-0.027669 -0.032977 0.489619 0.298192
8.731048 0.875307 5.508021 1.205011
0.451081 0.184587 -0.133381 -0.070974
0.184587 0.115933 -0.086862 -0.037526
-0.133381 -0.086862 1.119587 0.432936
-0.070974 -0.037526 0.432936 0.225430
9.045713 0.818768 6.873443 1.464686
0.555065 0.203085 -0.160237 -0.066551
0.203085 0.105728 -0.074564 -0.026143
-0.160237 -0.074564 1.050746 0.357436
-0.066551 -0.026143 0.357436 0.166108
10.150903 1.042464 7.992783 1.575119
0.573469 0.187860 -0.168763 -0.056769
0.187860 0.087975 -0.061744 -0.017617
-0.168763 -0.061744 0.951301 0.289916
-0.056769 -0.017617 0.289916 0.124879
11.485430 1.284050 8.792993 1.577523
0.581695 0.173019 -0.183711 -0.051782
0.173019 0.075110 -0.055635 -0.013395
-0.183711 -0.055635 0.895233 0.248728
-0.051782 -0.013395 0.248728 0.100751
12.700454 1.442078 9.769845 1.628657
0.585500 0.160347 -0.154050 -0.036999
0.160347 0.066042 -0.039607 -0.007775
-0.154050 -0.039607 0.832601 0.213899
-0.036999 -0.007775 0.213899 0.083566
12.935868 1.320339 11.070695 1.742520
0.606818 0.154908 -0.140951 -0.029229
0.154908 0.060921 -0.031540 -0.005202
-0.140951 -0.031540 0.776715 0.186893
-0.029229 -0.005202 0.186893 0.071704
13.253304 1.245714 13.006880 1.983871
0.577487 0.138772 -0.110319 -0.019524
0.138772 0.054451 -0.021516 -0.002783
-0.110319 -0.021516 0.666341 0.152070
-0.019524 -0.002783 0.152070 0.060294
14.397792 1.364179 13.792921 1.944103
0.575062 0.131645 -0.109525 -0.017789
0.131645 0.051271 -0.019421 -0.002412
-0.109525 -0.019421 0.655437 0.144133
-0.017789 -0.002412 0.144133 0.056605
15.082230 1.365388 14.835463 1.959305
0.579341 0.127509 -0.109922 -0.016648
0.127509 0.049410 -0.018165 -0.002258
-0.109922 -0.018165 0.638619 0.136133
-0.016648 -0.002258 0.136133 0.053551
15.892149 1.391705 15.714383 1.939739
0.550876 0.117560 -0.090072 -0.011962
0.117560 0.046750 -0.013178 -0.001426
-0.090072 -0.013178 0.594762 0.123896
-0.011962 -0.001426 0.123896 0.050160
16.617191 1.404421 17.300946 2.067843
0.531151 0.111195 -0.059580 -0.005583
0.111195 0.045303 -0.006666 -0.000324
-0.059580 -0.006666 0.551749 0.113523
-0.005583 -0.000324 0.113523 0.047648
17.254620 1.390586 18.296253 2.059129
0.536033 0.110737 -0.051526 -0.004217
0.110737 0.045264 -0.005163 -0.000272
-0.051526 -0.005163 0.549041 0.112323
-0.004217 -0.000272 0.112323 0.047262
18.155631 1.433277 19.376688 2.071774
0.528231 0.107907 -0.053819 -0.005266
0.107907 0.044775 -0.006059 -0.000718
-0.053819 -0.006059 0.537228 0.109330
-0.005266 -0.000718 0.109330 0.046549
18.601071 1.374852 20.053535 1.995730
0.533412 0.108337 -0.047702 -0.004340
0.108337 0.045055 -0.005032 -0.000670
-0.047702 -0.005032 0.538023 0.109357
-0.004340 -0.000670 0.109357 0.046561
19.566531 1.430562 20.966225 1.980942
0.514340 0.103960 -0.045385 -0.004498
0.103960 0.044347 -0.005042 -0.000864
-0.045385 -0.005042 0.518647 0.105265
-0.004498 -0.000864 0.105265 0.045730
19.780109 1.331335 22.297865 2.046335
0.500647 0.101298 -0.035055 -0.002901
0.101298 0.044071 -0.003385 -0.000659
-0.035055 -0.003385 0.499316 0.101651
-0.002901 -0.000659 0.101651 0.045086
20.020038 1.243009 23.070247 1.991645
0.506257 0.102884 -0.022930 -0.000874
0.102884 0.044671 -0.001307 -0.000329
-0.022930 -0.001307 0.502909 0.103037
-0.000874 -0.000329 0.103037 0.045505
20.180117 1.144861 23.342417 1.839728
0.487472 0.099363 -0.011299 0.000755
0.099363 0.044152 0.000379 -0.000119
-0.011299 0.000379 0.481327 0.099034
0.000755 -0.000119 0.099034 0.044750
21.307133 1.258842 24.312013 1.852750
0.487334 0.099976 0.000863 0.002563
0.099976 0.044501 0.002259 0.000172
0.000863 0.002259 0.487587 0.101078
0.002563 0.000172 0.101078 0.045286
22.051774 1.283023 25.391979 1.885093
0.491222 0.101308 0.011035 0.003903
0.101308 0.044934 0.003649 0.000371
0.011035 0.003649 0.496555 0.103383
0.003903 0.000371 0.103383 0.045796
22.537722 1.250638 26.173359 1.851251
0.497524 0.102974 0.028554 0.006760
0.102974 0.045375 0.006530 0.000896
0.028554 0.006530 0.506843 0.105678
0.006760 0.000896 0.105678 0.046246
23.582167 1.337215 27.638115 1.963417
0.479445 0.099386 0.020635 0.004165
0.099386 0.044670 0.003984 0.000281
0.020635 0.003984 0.501637 0.104468
0.004165 0.000281 0.104468 0.045919
24.277183 1.341266 29.483637 2.143288
0.484979 0.101001 0.026018 0.004716
0.101001 0.045092 0.004537 0.000398
0.026018 0.004537 0.526259 0.109568
0.004716 0.000398 0.109568 0.046939
24.592577 1.267943 30.209328 2.072420
0.479459 0.100112 0.025463 0.004109
0.100112 0.044936 0.003938 0.000293
0.025463 0.003938 0.530740 0.109990
0.004109 0.000293 0.109990 0.046902
24.874902 1.192995 31.628865 2.152655
0.456439 0.095600 0.022778 0.003276
0.095600 0.044023 0.003040 0.000166
0.022778 0.003040 0.536332 0.110653
0.003276 0.000166 0.110653 0.046943
25.168193 1.129732 32.496376 2.110805
0.428540 0.090405 0.018323 0.002260
0.090405 0.043019 0.001958 0.000026
0.018323 0.001958 0.533083 0.109495
0.002260 0.000026 0.109495 0.046628
25.612399 1.106087 32.969552 1.991947
0.422896 0.090257 0.021575 0.002893
0.090257 0.043123 0.002666 0.000251
0.021575 0.002666 0.531053 0.108730
0.002893 0.000251 0.108730 0.046436
26.578666 1.194623 34.134615 2.024969
0.414904 0.089513 0.007494 -0.000030
0.089513 0.043052 -0.000413 -0.000315
0.007494 -0.000413 0.534061 0.109183
-0.000030 -0.000315 0.109183 0.046537
27.487650 1.260380 35.801560 2.157523
0.413358 0.090060 -0.005586 -0.002467
0.090060 0.043218 -0.003030 -0.000746
-0.005586 -0.003030 0.555983 0.113476
-0.002467 -0.000746 0.113476 0.047417
28.310142 1.301606 37.307255 2.243791
0.410245 0.090028 -0.013196 -0.003564
0.090028 0.043198 -0.004185 -0.000855
-0.013196 -0.004185 0.573376 0.116445
-0.003564 -0.000855 0.116445 0.047953
28.949968 1.298707 38.848308 2.328356
0.413139 0.091181 -0.021265 -0.004697
0.091181 0.043412 -0.005368 -0.000986
-0.021265 -0.005368 0.593847 0.119813
-0.004697 -0.000986 0.119813 0.048545
28.507892 1.057060 38.366343 1.998644
0.412954 0.091416 -0.025483 -0.005002
0.091416 0.043382 -0.005629 -0.000945
-0.025483 -0.005629 0.577164 0.115506
-0.005002 -0.000945 0.115506 0.047575
29.005651 1.049548 38.748755 1.875578
0.437077 0.096934 -0.026901 -0.004759
0.096934 0.044518 -0.005311 -0.000812
-0.026901 -0.005311 0.591182 0.117855
-0.004759 -0.000812 0.117855 0.048051
29.073768 0.947956 39.308687 1.799562
0.391288 0.086382 -0.024513 -0.003995
0.086382 0.041997 -0.004249 -0.000596
-0.024513 -0.004249 0.608254 0.120677
-0.003995 -0.000596 0.120677 0.048597
30.099573 1.072982 41.108219 1.978661
0.337028 0.074945 -0.015374 -0.002077
0.074945 0.039509 -0.001839 -0.000157
-0.015374 -0.001839 0.631650 0.124589
-0.002077 -0.000157 0.124589 0.049334
30.562769 1.055352 41.731594 1.906795
0.350168 0.079588 -0.006474 -0.000235
0.079588 0.040795 0.000220 0.000213
-0.006474 0.000220 0.640354 0.125353
-0.000235 0.000213 0.125353 0.049415
31.599932 1.173484 43.111960 1.991091
0.355075 0.081673 0.014861 0.003793
0.081673 0.041308 0.004911 0.001054
0.014861 0.004911 0.644537 0.125329
0.003793 0.001054 0.125329 0.049375
32.501381 1.246416 44.196230 2.008628
0.378051 0.087512 0.022989 0.004913
0.087512 0.042591 0.006051 0.001153
0.022989 0.006051 0.614802 0.118838
0.004913 0.001153 0.118838 0.048109
32.646881 1.136141 43.284672 1.638540
0.410546 0.094799 0.035065 0.006717
0.094799 0.044068 0.008087 0.001437
0.035065 0.008087 0.574790 0.111047
0.006717 0.001437 0.111047 0.046714
33.397321 1.177156 44.583869 1.731557
0.448126 0.102408 0.028455 0.004759
0.102408 0.045489 0.005694 0.000859
0.028455 0.005694 0.574533 0.111682
0.004759 0.000859 0.111682 0.047057
34.475756 1.285185 46.449312 1.925753
0.496110 0.111515 0.031560 0.004901
0.111515 0.047141 0.005834 0.000840
0.031560 0.005834 0.588550 0.114990
0.004901 0.000840 0.114990 0.047860
35.664641 1.403225 48.235736 2.085406
0.527088 0.115930 0.034027 0.005004
0.115930 0.047650 0.006005 0.000856
0.034027 0.006005 0.553479 0.108348
0.005004 0.000856 0.108348 0.046625
