2.693187 2.039392 2.481349 0.100514
1.473567 0.589439 0.220049 0.088021
0.589439 80.239848 0.088021 0.035209
0.220049 0.088021 3.449801 1.379950
0.088021 0.035209 1.379950 80.556059
3.066165 0.857378 2.101332 -0.605102
3.353568 6.195424 -1.223315 -2.105448
6.195424 16.767985 -2.306524 -3.329736
-1.223315 -2.306524 2.880399 4.829829
-2.105448 -3.329736 4.829829 19.147283
5.790453 3.338556 2.007741 -0.144324
2.834604 2.991422 -1.210081 -1.169706
2.991422 4.435543 -1.196663 -1.120501
-1.210081 -1.196663 2.147655 2.431022
-1.169706 -1.120501 2.431022 5.213508
5.189106 1.587361 1.937253 -0.365147
1.621848 1.258742 0.151346 0.295186
1.258742 1.493227 0.182131 0.239869
0.151346 0.182131 1.261327 1.151422
0.295186 0.239869 1.151422 1.913616
6.835606 2.113945 1.957210 -0.194994
1.617842 0.994743 -0.100000 -0.028401
0.994743 0.872467 -0.050211 -0.043231
-0.100000 -0.050211 1.302207 0.941741
-0.028401 -0.043231 0.941741 1.059577
9.232577 2.794140 3.191776 0.606007
1.345756 0.680723 -0.118683 -0.051591
0.680723 0.497248 -0.058066 -0.045286
-0.118683 -0.058066 1.206619 0.707583
-0.051591 -0.045286 0.707583 0.614815
10.162548 2.591639 4.730492 1.210386
1.267472 0.548314 -0.148481 -0.063212
0.548314 0.336881 -0.064660 -0.040359
-0.148481 -0.064660 1.182266 0.580557
-0.063212 -0.040359 0.580557 0.405531
10.521050 2.237018 6.611071 1.742740
1.157098 0.437171 -0.146803 -0.055548
0.437171 0.235780 -0.055925 -0.029707
-0.146803 -0.055925 1.112709 0.468115
-0.055548 -0.029707 0.468115 0.277322
10.687799 1.916830 7.584671 1.776391
0.890197 0.299487 -0.210512 -0.073861
0.299487 0.154383 -0.070912 -0.030853
-0.210512 -0.070912 1.080726 0.397799
-0.073861 -0.030853 0.397799 0.204751
11.206265 1.781221 8.439279 1.763123
0.781020 0.240184 -0.206525 -0.063920
0.240184 0.116999 -0.061540 -0.023400
-0.206525 -0.061540 0.999855 0.327569
-0.063920 -0.023400 0.327569 0.152740
11.798527 1.695068 9.153792 1.711579
0.764236 0.218043 -0.219970 -0.060921
0.218043 0.098596 -0.059068 -0.019672
-0.219970 -0.059068 0.967995 0.286975
-0.060921 -0.019672 0.286975 0.122621
12.094374 1.555890 11.518910 2.120266
0.728909 0.194582 -0.166714 -0.040422
0.194582 0.083910 -0.039886 -0.012262
-0.166714 -0.039886 0.827252 0.224957
-0.040422 -0.012262 0.224957 0.093781
12.007418 1.327330 11.124217 1.742496
0.651692 0.163481 -0.223541 -0.052208
0.163481 0.070063 -0.051756 -0.014280
-0.223541 -0.051756 0.729378 0.184505
-0.052208 -0.014280 0.184505 0.076126
12.764465 1.353421 12.351305 1.829849
0.643748 0.154495 -0.201384 -0.042393
0.154495 0.064223 -0.042232 -0.010691
-0.201384 -0.042232 0.701304 0.168261
-0.042393 -0.010691 0.168261 0.067807
13.010380 1.252523 13.258740 1.823047
0.637006 0.147044 -0.178273 -0.033986
0.147044 0.059826 -0.034085 -0.008032
-0.178273 -0.034085 0.671894 0.154194
-0.033986 -0.008032 0.154194 0.061519
13.905537 1.322934 14.947042 2.000739
0.608560 0.135899 -0.143750 -0.024576
0.135899 0.055418 -0.024876 -0.005598
-0.143750 -0.024876 0.619833 0.137269
-0.024576 -0.005598 0.137269 0.055708
14.546786 1.315782 15.732863 1.953603
0.584713 0.127182 -0.120206 -0.018757
0.127182 0.052234 -0.019069 -0.004202
-0.120206 -0.019069 0.586691 0.126643
-0.018757 -0.004202 0.126643 0.052138
15.556804 1.386550 16.299040 1.870069
0.552015 0.117557 -0.111190 -0.016842
0.117557 0.049314 -0.017059 -0.003789
-0.111190 -0.017059 0.555137 0.117548
-0.016842 -0.003789 0.117548 0.049386
16.662662 1.470688 16.945175 1.814102
0.519702 0.109250 -0.100209 -0.014670
0.109250 0.047092 -0.014788 -0.003338
-0.100209 -0.014788 0.526106 0.110120
-0.014670 -0.003338 0.110120 0.047372
17.377792 1.471651 18.276151 1.903086
0.513464 0.107605 -0.072164 -0.008759
0.107605 0.046598 -0.008932 -0.002085
-0.072164 -0.008932 0.511564 0.106781
-0.008759 -0.002085 0.106781 0.046515
17.652168 1.379944 19.692985 1.995363
0.507665 0.106123 -0.051465 -0.004942
0.106123 0.046180 -0.005213 -0.001386
-0.051465 -0.005213 0.493300 0.102879
-0.004942 -0.001386 0.102879 0.045612
18.332734 1.382371 21.135820 2.088625
0.511019 0.106647 -0.035857 -0.002378
0.106647 0.046226 -0.002631 -0.000939
-0.035857 -0.002631 0.493713 0.103179
-0.002378 -0.000939 0.103179 0.045663
18.408302 1.258239 22.704924 2.193491
0.516160 0.107570 -0.010605 0.002074
0.107570 0.046377 0.001790 -0.000109
-0.010605 0.001790 0.492235 0.103079
0.002074 -0.000109 0.103079 0.045636
18.862996 1.220515 23.546061 2.138885
0.500331 0.103906 -0.004220 0.002140
0.103906 0.045540 0.001899 -0.000245
-0.004220 0.001899 0.475705 0.099638
0.002140 -0.000245 0.099638 0.044873
19.343222 1.190962 23.949725 1.998468
0.496600 0.103145 0.003780 0.002803
0.103145 0.045397 0.002587 -0.000175
0.003780 0.002587 0.470843 0.098947
0.002803 -0.000175 0.098947 0.044754
20.489439 1.305422 24.953603 2.000672
0.487254 0.101287 0.014221 0.004082
0.101287 0.045037 0.003899 0.000063
0.014221 0.003899 0.471745 0.099477
0.004082 0.000063 0.099477 0.044888
21.408813 1.360969 25.907465 1.990968
0.489114 0.101905 0.004586 0.001182
0.101905 0.045213 0.001065 -0.000553
0.004586 0.001065 0.480351 0.101504
0.001182 -0.000553 0.101504 0.045309
22.181805 1.380084 27.200521 2.053795
0.476369 0.099397 -0.000306 -0.000279
0.099397 0.044713 -0.000367 -0.000785
-0.000306 -0.000367 0.480941 0.101609
-0.000279 -0.000785 0.101609 0.045281
22.881063 1.382166 28.073019 2.021182
0.480492 0.100624 -0.001332 -0.000688
0.100624 0.045026 -0.000762 -0.000767
-0.001332 -0.000762 0.489645 0.103403
-0.000688 -0.000767 0.103403 0.045615
23.515392 1.370256 29.085112 2.021556
0.473169 0.099289 -0.004325 -0.001388
0.099289 0.044760 -0.001457 -0.000807
-0.004325 -0.001457 0.493184 0.103928
-0.001388 -0.000807 0.103928 0.045656
24.430886 1.418329 30.502338 2.106778
0.453071 0.095358 -0.011849 -0.002911
0.095358 0.043961 -0.002989 -0.001019
-0.011849 -0.002989 0.495494 0.104164
-0.002911 -0.001019 0.104164 0.045646
24.914141 1.370250 32.007298 2.201580
0.448131 0.094927 -0.012809 -0.002897
0.094927 0.043949 -0.002972 -0.000897
-0.012809 -0.002972 0.511805 0.107333
-0.002897 -0.000897 0.107333 0.046262
25.665054 1.384280 32.728146 2.122285
0.441983 0.094183 -0.016359 -0.003424
0.094183 0.043842 -0.003500 -0.000913
-0.016359 -0.003500 0.508727 0.106171
-0.003424 -0.000913 0.106171 0.045931
26.430243 1.399480 32.946509 1.946995
0.442076 0.094750 -0.015692 -0.003030
0.094750 0.043997 -0.003093 -0.000746
-0.015692 -0.003093 0.497571 0.103505
-0.003030 -0.000746 0.103505 0.045339
26.987883 1.369041 34.070811 1.978217
0.436961 0.094033 -0.029117 -0.005628
0.094033 0.043836 -0.005758 -0.001246
-0.029117 -0.005758 0.511278 0.106296
-0.005628 -0.001246 0.106296 0.045943
27.355390 1.300224 34.917799 1.948129
0.449378 0.097118 -0.023214 -0.003958
0.097118 0.044498 -0.004013 -0.000793
-0.023214 -0.004013 0.522092 0.108264
-0.003958 -0.000793 0.108264 0.046331
27.479623 1.186024 35.691327 1.905456
0.448609 0.096960 -0.024097 -0.003929
0.096960 0.044383 -0.003964 -0.000756
-0.024097 -0.003964 0.528680 0.109196
-0.003929 -0.000756 0.109196 0.046479
27.772145 1.121363 36.763703 1.929270
0.455618 0.098448 -0.032063 -0.005369
0.098448 0.044632 -0.005454 -0.001044
-0.032063 -0.005454 0.545477 0.112181
-0.005369 -0.001044 0.112181 0.047050
28.311724 1.114669 37.069203 1.794314
0.466880 0.100696 -0.035618 -0.005778
0.100696 0.045029 -0.005944 -0.001107
-0.035618 -0.005944 0.538830 0.110153
-0.005778 -0.001107 0.110153 0.046566
28.757678 1.089456 37.633660 1.726027
0.436635 0.093805 -0.034718 -0.005434
0.093805 0.043438 -0.005456 -0.001010
-0.034718 -0.005456 0.535330 0.109069
-0.005434 -0.001010 0.109069 0.046344
29.150848 1.057677 38.719831 1.770828
0.410552 0.088465 -0.038934 -0.006192
0.088465 0.042326 -0.006092 -0.001156
-0.038934 -0.006092 0.549171 0.111662
-0.006192 -0.001156 0.111662 0.046897
30.084577 1.144576 39.333433 1.717599
0.382269 0.083071 -0.041241 -0.006543
0.083071 0.041271 -0.006351 -0.001225
-0.041241 -0.006351 0.551616 0.111751
-0.006543 -0.001225 0.111751 0.046904
30.683313 1.149757 40.068988 1.692798
0.396751 0.087479 -0.038020 -0.005563
0.087479 0.042416 -0.005428 -0.001008
-0.038020 -0.005428 0.551524 0.111414
-0.005563 -0.001008 0.111414 0.046845
30.951241 1.083352 41.249915 1.758640
0.401872 0.089184 -0.040015 -0.005832
0.089184 0.042800 -0.005716 -0.001080
-0.040015 -0.005716 0.565267 0.113934
-0.005832 -0.001080 0.113934 0.047373
31.325107 1.047825 42.461480 1.824526
0.372748 0.083058 -0.026019 -0.003086
0.083058 0.041399 -0.002491 -0.000488
-0.026019 -0.002491 0.569832 0.114511
-0.003086 -0.000488 0.114511 0.047490
31.930479 1.066451 43.422518 1.834736
0.386580 0.087029 -0.019398 -0.001843
0.087029 0.042354 -0.001335 -0.000303
-0.019398 -0.001335 0.558948 0.111954
-0.001843 -0.000303 0.111954 0.046974
32.677507 1.115402 44.468471 1.861467
0.405669 0.091656 -0.011349 -0.000411
0.091656 0.043337 0.000043 -0.000078
-0.011349 0.000043 0.543957 0.108879
-0.000411 -0.000078 0.108879 0.046412
33.253597 1.119223 45.316701 1.844983
0.423622 0.095447 -0.006764 0.000198
0.095447 0.044028 0.000515 -0.000046
-0.006764 0.000515 0.519930 0.104279
0.000198 -0.000046 0.104279 0.045585
34.403691 1.251839 46.390746 1.877201
0.445235 0.099680 0.010225 0.003297
0.099680 0.044779 0.003773 0.000563
0.010225 0.003773 0.489671 0.098836
0.003297 0.000563 0.098836 0.044644
35.588512 1.375645 47.319050 1.875848
0.467400 0.103591 0.024932 0.005710
0.103591 0.045412 0.006247 0.000984
0.024932 0.006247 0.445573 0.090910
0.005710 0.000984 0.090910 0.043223
