2.470082 1.950149 1.636752 -0.237332
1.764937 0.705990 -0.016727 -0.006691
0.705990 80.286469 -0.006691 -0.002676
-0.016727 -0.006691 3.752491 1.501029
-0.006691 -0.002676 1.501029 80.604491
5.385753 5.468322 2.647079 1.623170
3.193476 5.785105 -1.320039 -2.167674
5.785105 16.745539 -2.389002 -3.969781
-1.320039 -2.389002 2.185649 3.594681
-2.167674 -3.969781 3.594681 17.731365
8.266994 5.657816 3.886004 2.188826
2.384133 2.584659 -0.516963 -0.349960
2.584659 4.297213 -0.417352 -0.420705
-0.516963 -0.417352 2.299360 2.872859
-0.349960 -0.420705 2.872859 5.970906
9.000247 4.009704 5.071040 2.154040
1.324377 1.036788 -0.250219 -0.149240
1.036788 1.402193 -0.142210 -0.193153
-0.250219 -0.142210 2.223836 1.959680
-0.149240 -0.193153 1.959680 2.537742
9.423737 2.989206 5.741640 1.850125
0.944808 0.604242 -0.320570 -0.197079
0.604242 0.678153 -0.186577 -0.180138
-0.320570 -0.186577 2.008054 1.343385
-0.197079 -0.180138 1.343385 1.275823
8.860198 1.857487 7.240009 2.142979
0.733434 0.401981 -0.359113 -0.188172
0.401981 0.384301 -0.184051 -0.134628
-0.359113 -0.184051 1.678912 0.905867
-0.188172 -0.134628 0.905867 0.698776
8.928508 1.401956 5.240587 0.733949
0.674882 0.322452 -0.642793 -0.288725
0.322452 0.255387 -0.298883 -0.158316
-0.642793 -0.298883 1.333663 0.604545
-0.288725 -0.158316 0.604545 0.405722
8.828782 1.118909 8.114999 1.740668
0.707881 0.305952 -0.497970 -0.182332
0.305952 0.200298 -0.190192 -0.085636
-0.497970 -0.190192 1.122575 0.446233
-0.182332 -0.085636 0.446233 0.267450
10.095474 1.426001 9.664148 2.015398
0.718926 0.278268 -0.378555 -0.115817
0.278268 0.156726 -0.121187 -0.048627
-0.378555 -0.121187 0.998003 0.356276
-0.115817 -0.048627 0.356276 0.192958
10.610195 1.355066 10.674314 2.010484
0.761482 0.264077 -0.327243 -0.087299
0.264077 0.129532 -0.092370 -0.033590
-0.327243 -0.092370 0.944806 0.306204
-0.087299 -0.033590 0.306204 0.150105
11.141247 1.281808 10.428874 1.625827
0.738633 0.229717 -0.328092 -0.082140
0.229717 0.102836 -0.087335 -0.029362
-0.328092 -0.087335 0.844048 0.249282
-0.082140 -0.029362 0.249282 0.115038
11.378558 1.130731 9.419081 1.101641
0.685165 0.193258 -0.360360 -0.086743
0.193258 0.082048 -0.090593 -0.028101
-0.360360 -0.090593 0.793422 0.216341
-0.086743 -0.028101 0.216341 0.094334
12.328785 1.236182 10.027529 1.125807
0.655673 0.172563 -0.286494 -0.061239
0.172563 0.070720 -0.063855 -0.018686
-0.286494 -0.063855 0.751512 0.193503
-0.061239 -0.018686 0.193503 0.081271
12.844498 1.221465 11.241964 1.287580
0.599719 0.149001 -0.205851 -0.038740
0.149001 0.060976 -0.040697 -0.011817
-0.205851 -0.040697 0.671404 0.164519
-0.038740 -0.011817 0.164519 0.069126
13.140755 1.155975 12.551666 1.441476
0.605363 0.143548 -0.170818 -0.029107
0.143548 0.057236 -0.031116 -0.008827
-0.170818 -0.031116 0.645035 0.151716
-0.029107 -0.008827 0.151716 0.062744
13.498312 1.108207 13.494954 1.489045
0.610492 0.138791 -0.151468 -0.024272
0.138791 0.054376 -0.026106 -0.007258
-0.151468 -0.026106 0.633781 0.143850
-0.024272 -0.007258 0.143850 0.058547
14.558661 1.237984 15.633710 1.808629
0.584357 0.128225 -0.120667 -0.017791
0.128225 0.050844 -0.019524 -0.005589
-0.120667 -0.019524 0.582449 0.128290
-0.017791 -0.005589 0.128290 0.053405
15.116430 1.224227 16.487549 1.796751
0.568550 0.121386 -0.107188 -0.015460
0.121386 0.048679 -0.016907 -0.004875
-0.107188 -0.016907 0.560297 0.120853
-0.015460 -0.004875 0.120853 0.050749
16.855558 1.453848 16.569647 1.635705
0.513531 0.107671 -0.067618 -0.008047
0.107671 0.045491 -0.008956 -0.003140
-0.067618 -0.008956 0.531001 0.113147
-0.008047 -0.003140 0.113147 0.048503
17.028295 1.343473 18.034709 1.767277
0.507310 0.105725 -0.037817 -0.002649
0.105725 0.045126 -0.003631 -0.001951
-0.037817 -0.003631 0.505825 0.107023
-0.002649 -0.001951 0.107023 0.046860
17.659725 1.335267 18.944640 1.772501
0.517084 0.107184 -0.039442 -0.004086
0.107184 0.045480 -0.004898 -0.002196
-0.039442 -0.004898 0.514510 0.108380
-0.004086 -0.002196 0.108380 0.046929
17.922442 1.255491 20.601052 1.931620
0.502755 0.103763 -0.019376 -0.000782
0.103763 0.044839 -0.001554 -0.001442
-0.019376 -0.001554 0.486983 0.102161
-0.000782 -0.001442 0.102161 0.045460
18.583183 1.265218 22.428696 2.112822
0.481243 0.099254 -0.003311 0.001553
0.099254 0.044038 0.000884 -0.000910
-0.003311 0.000884 0.462403 0.097123
0.001553 -0.000910 0.097123 0.044379
18.868462 1.193486 23.588439 2.133708
0.494502 0.102372 0.007401 0.002889
0.102372 0.044870 0.002289 -0.000572
0.007401 0.002289 0.475109 0.100334
0.002889 -0.000572 0.100334 0.045112
19.472710 1.195033 24.773716 2.158751
0.505663 0.104752 0.007146 0.001944
0.104752 0.045456 0.001449 -0.000707
0.007146 0.001449 0.490949 0.103802
0.001944 -0.000707 0.103802 0.045812
19.634172 1.105813 24.978499 1.974430
0.502518 0.103986 -0.007633 -0.001802
0.103986 0.045340 -0.002133 -0.001379
-0.007633 -0.002133 0.481554 0.101582
-0.001802 -0.001379 0.101582 0.045250
20.454229 1.161264 25.819856 1.943500
0.503508 0.104168 -0.009072 -0.002234
0.104168 0.045429 -0.002506 -0.001297
-0.009072 -0.002506 0.489657 0.103269
-0.002234 -0.001297 0.103269 0.045570
21.389081 1.234211 27.055510 1.998820
0.487883 0.100909 -0.002091 -0.000760
0.100909 0.044796 -0.001016 -0.000829
-0.002091 -0.001016 0.489004 0.102937
-0.000760 -0.000829 0.102937 0.045439
22.222972 1.278612 28.503348 2.092899
0.485965 0.100828 -0.012092 -0.002950
0.100828 0.044876 -0.003149 -0.001170
-0.012092 -0.003149 0.503018 0.105746
-0.002950 -0.001170 0.105746 0.045993
22.632232 1.230564 29.770883 2.139316
0.477156 0.099272 -0.000502 -0.000347
0.099272 0.044621 -0.000534 -0.000487
-0.000502 -0.000534 0.509611 0.106725
-0.000347 -0.000487 0.106725 0.046119
23.188052 1.218148 30.835292 2.138258
0.457694 0.095622 -0.011916 -0.002772
0.095622 0.043939 -0.002937 -0.000921
-0.011916 -0.002937 0.506465 0.105635
-0.002772 -0.000921 0.105635 0.045823
23.776961 1.213820 32.123042 2.183738
0.431325 0.090772 -0.019027 -0.004043
0.090772 0.043032 -0.004199 -0.001082
-0.019027 -0.004199 0.505521 0.105158
-0.004043 -0.001082 0.105158 0.045698
24.372055 1.211371 33.384640 2.218977
0.405114 0.086254 -0.015325 -0.002971
0.086254 0.042223 -0.003063 -0.000748
-0.015325 -0.003063 0.504967 0.104851
-0.002971 -0.000748 0.104851 0.045631
24.777568 1.167895 34.288653 2.176161
0.389073 0.084120 -0.019793 -0.003719
0.084120 0.041926 -0.003819 -0.000851
-0.019793 -0.003819 0.503682 0.104449
-0.003719 -0.000851 0.104449 0.045555
25.821473 1.268584 35.137529 2.127318
0.376371 0.082650 -0.031890 -0.006001
0.082650 0.041719 -0.006209 -0.001297
-0.031890 -0.006209 0.505196 0.104677
-0.006001 -0.001297 0.104677 0.045619
26.817907 1.348677 35.933548 2.072846
0.383842 0.085571 -0.034653 -0.006126
0.085571 0.042438 -0.006340 -0.001242
-0.034653 -0.006340 0.511379 0.105884
-0.006126 -0.001242 0.105884 0.045884
27.245600 1.290577 36.275490 1.928181
0.374090 0.084124 -0.032226 -0.005285
0.084124 0.042058 -0.005406 -0.001009
-0.032226 -0.005406 0.502721 0.103940
-0.005285 -0.001009 0.103940 0.045480
28.548583 1.439755 37.189242 1.920621
0.358870 0.081314 -0.047010 -0.008173
0.081314 0.041348 -0.008444 -0.001643
-0.047010 -0.008444 0.515448 0.106556
-0.008173 -0.001643 0.106556 0.046042
29.180562 1.419938 38.215482 1.933766
0.376819 0.086284 -0.043933 -0.006971
0.086284 0.042467 -0.007141 -0.001299
-0.043933 -0.007141 0.528989 0.109184
-0.006971 -0.001299 0.109184 0.046576
29.471751 1.320984 38.760351 1.844157
0.391376 0.089722 -0.052111 -0.008301
0.089722 0.043079 -0.008687 -0.001603
-0.052111 -0.008687 0.534742 0.109909
-0.008301 -0.001603 0.109909 0.046663
30.310708 1.362862 39.819136 1.873485
0.422397 0.096546 -0.051226 -0.007580
0.096546 0.044427 -0.007988 -0.001406
-0.051226 -0.007988 0.548416 0.112307
-0.007580 -0.001406 0.112307 0.047116
30.955473 1.355839 40.938874 1.910624
0.432635 0.097889 -0.046773 -0.006420
0.097889 0.044420 -0.006655 -0.001150
-0.046773 -0.006655 0.557432 0.113601
-0.006420 -0.001150 0.113601 0.047324
32.141213 1.469657 41.862675 1.907872
0.421999 0.094538 -0.032499 -0.003570
0.094538 0.043426 -0.003389 -0.000562
-0.032499 -0.003389 0.555651 0.112720
-0.003570 -0.000562 0.112720 0.047105
32.848131 1.461070 42.450241 1.833529
0.399092 0.088918 -0.016176 -0.000658
0.088918 0.042073 -0.000135 -0.000034
-0.016176 -0.000135 0.538868 0.108971
-0.000658 -0.000034 0.108971 0.046347
33.257515 1.388274 43.151093 1.788126
0.409694 0.091287 -0.018336 -0.001509
0.091287 0.042624 -0.001241 -0.000361
-0.018336 -0.001241 0.530130 0.107145
-0.001509 -0.000361 0.107145 0.046032
33.916276 1.379902 43.936313 1.765919
0.420896 0.093596 -0.013117 -0.000749
0.093596 0.043122 -0.000544 -0.000275
-0.013117 -0.000544 0.516597 0.104581
-0.000749 -0.000275 0.104581 0.045602
34.274260 1.306805 44.937456 1.788729
0.442607 0.097972 -0.021439 -0.002737
0.097972 0.044030 -0.002819 -0.000777
-0.021439 -0.002819 0.512817 0.104173
-0.002737 -0.000777 0.104173 0.045623
34.845773 1.288109 45.628438 1.746951
0.467918 0.102753 -0.025373 -0.003605
0.102753 0.044965 -0.003882 -0.000977
-0.025373 -0.003882 0.493913 0.100703
-0.003605 -0.000977 0.100703 0.045003
35.655338 1.323444 46.308373 1.707742
0.470424 0.102249 -0.002845 0.000981
0.102249 0.044714 0.000863 0.000017
-0.002845 0.000863 0.446419 0.091701
0.000981 0.000017 0.091701 0.043291
36.442020 1.351348 47.583341 1.795884
0.501172 0.107932 -0.012113 -0.001334
0.107932 0.045847 -0.001568 -0.000534
-0.012113 -0.001568 0.445066 0.092816
-0.001334 -0.000534 0.092816 0.043742
