3.247171 2.260991 1.247334 -0.393103
2.080913 0.832383 -0.393734 -0.157497
0.832383 80.337027 -0.157497 -0.063000
-0.393734 -0.157497 4.160686 1.664310
-0.157497 -0.063000 1.664310 80.669805
4.010016 1.563588 -0.265703 -2.532881
3.454312 6.129040 -1.018053 -1.536441
6.129040 18.091978 -1.737980 -3.670208
-1.018053 -1.737980 2.461133 3.946303
-1.536441 -3.670208 3.946303 19.116260
6.139202 3.067601 0.196159 -0.308375
2.818883 3.034233 -0.651874 -0.597351
3.034233 5.029902 -0.667715 -0.977221
-0.651874 -0.667715 1.441077 1.725856
-0.597351 -0.977221 1.725856 4.828005
6.304385 2.003968 0.843736 0.390856
2.166610 1.694226 -0.126081 -0.002774
1.694226 2.027164 -0.087194 -0.156382
-0.126081 -0.087194 1.257100 1.207276
-0.002774 -0.156382 1.207276 2.058786
8.415396 2.659599 3.713144 2.422224
1.393915 0.861685 0.171916 0.153962
0.861685 0.884379 0.096777 0.008227
0.171916 0.096777 0.825965 0.624455
0.153962 0.008227 0.624455 0.854039
7.248253 1.374416 3.751755 1.710092
0.518413 0.274365 0.027496 0.010767
0.274365 0.346333 -0.024643 -0.058168
0.027496 -0.024643 1.124500 0.713518
0.010767 -0.058168 0.713518 0.645599
7.270410 0.982837 6.444847 2.680060
0.472675 0.241235 -0.000981 -0.012027
0.241235 0.244823 -0.032647 -0.042172
-0.000981 -0.032647 1.131860 0.587346
-0.012027 -0.042172 0.587346 0.416826
7.927119 1.072698 7.194810 2.418554
0.578953 0.274768 -0.139276 -0.074486
0.274768 0.208182 -0.086696 -0.054432
-0.139276 -0.086696 1.026459 0.451402
-0.074486 -0.054432 0.451402 0.271926
9.289290 1.428114 7.352835 2.008550
0.671478 0.282038 -0.208217 -0.088687
0.282038 0.172147 -0.098107 -0.047006
-0.208217 -0.098107 1.055100 0.402365
-0.088687 -0.047006 0.402365 0.206249
9.914711 1.394133 8.677443 2.116256
0.763240 0.282771 -0.240545 -0.086104
0.282771 0.145060 -0.092872 -0.036754
-0.240545 -0.092872 1.036402 0.348124
-0.086104 -0.036754 0.348124 0.158051
9.949913 1.176660 11.341908 2.600042
0.793852 0.261449 -0.196053 -0.060798
0.261449 0.118748 -0.064274 -0.022420
-0.196053 -0.064274 0.886495 0.266573
-0.060798 -0.022420 0.266573 0.114369
10.597623 1.190217 11.067056 2.166856
0.723403 0.214448 -0.255791 -0.069919
0.214448 0.091747 -0.074295 -0.022159
-0.255791 -0.074295 0.679114 0.186656
-0.069919 -0.022159 0.186656 0.081312
11.854309 1.373642 12.408203 2.237811
0.687056 0.187144 -0.213083 -0.051329
0.187144 0.076532 -0.053996 -0.014442
-0.213083 -0.053996 0.647328 0.167075
-0.051329 -0.014442 0.167075 0.070499
13.098739 1.512984 13.139807 2.147020
0.654452 0.166070 -0.186888 -0.040312
0.166070 0.066175 -0.041967 -0.010227
-0.186888 -0.041967 0.631328 0.154550
-0.040312 -0.010227 0.154550 0.063531
13.431598 1.409444 14.132406 2.123182
0.616040 0.147615 -0.151501 -0.029122
0.147615 0.058567 -0.030285 -0.006828
-0.151501 -0.030285 0.586223 0.137258
-0.029122 -0.006828 0.137258 0.056789
14.051075 1.384690 14.765860 2.024067
0.596449 0.136584 -0.128822 -0.022337
0.136584 0.054067 -0.023133 -0.004908
-0.128822 -0.023133 0.571095 0.129292
-0.022337 -0.004908 0.129292 0.053295
14.520883 1.337317 15.969822 2.064067
0.573244 0.126668 -0.105160 -0.016332
0.126668 0.050645 -0.017035 -0.003475
-0.105160 -0.017035 0.539874 0.118962
-0.016332 -0.003475 0.118962 0.049884
15.122708 1.328295 17.470594 2.165587
0.544926 0.117328 -0.075915 -0.009908
0.117328 0.047950 -0.010593 -0.002129
-0.075915 -0.010593 0.502881 0.108863
-0.009908 -0.002129 0.108863 0.047060
15.489232 1.258509 17.956927 2.033464
0.529337 0.111787 -0.073553 -0.009802
0.111787 0.046420 -0.010365 -0.002203
-0.073553 -0.010365 0.485664 0.103959
-0.009802 -0.002203 0.103959 0.045668
16.051454 1.240954 18.636182 1.960369
0.525962 0.109695 -0.069896 -0.009231
0.109695 0.045864 -0.009662 -0.002106
-0.069896 -0.009662 0.485556 0.103348
-0.009231 -0.002106 0.103348 0.045391
16.315827 1.161283 19.043965 1.834559
0.522210 0.107807 -0.080516 -0.011729
0.107807 0.045430 -0.012027 -0.002658
-0.080516 -0.012027 0.480645 0.101685
-0.011729 -0.002658 0.101685 0.044914
17.594971 1.307524 20.145168 1.881024
0.503450 0.103383 -0.071497 -0.009924
0.103383 0.044593 -0.010082 -0.002260
-0.071497 -0.010082 0.474453 0.100190
-0.009924 -0.002260 0.100190 0.044585
18.495483 1.363440 21.591181 1.991001
0.490771 0.100896 -0.048555 -0.005250
0.100896 0.044272 -0.005462 -0.001306
-0.048555 -0.005462 0.466566 0.098653
-0.005250 -0.001306 0.098653 0.044315
19.171881 1.361558 22.498429 1.972196
0.481858 0.099344 -0.037118 -0.003396
0.099344 0.044136 -0.003597 -0.001004
-0.037118 -0.003597 0.461078 0.097644
-0.003396 -0.001004 0.097644 0.044149
20.374758 1.468837 23.347058 1.947176
0.489880 0.101492 -0.020663 -0.000432
0.101492 0.044770 -0.000623 -0.000436
-0.020663 -0.000623 0.477081 0.101327
-0.000432 -0.000436 0.101327 0.044999
20.777262 1.402527 24.754838 2.037180
0.475819 0.098767 -0.012146 0.000477
0.098767 0.044301 0.000327 -0.000357
-0.012146 0.000327 0.469259 0.099498
0.000477 -0.000357 0.099498 0.044578
21.299853 1.363292 25.335559 1.943446
0.474799 0.098962 -0.011814 -0.000231
0.098962 0.044460 -0.000350 -0.000574
-0.011814 -0.000350 0.468909 0.099406
-0.000231 -0.000574 0.099406 0.044563
22.211817 1.412507 26.613483 2.009204
0.464196 0.097107 -0.010021 -0.000476
0.097107 0.044158 -0.000538 -0.000643
-0.010021 -0.000538 0.469344 0.099504
-0.000476 -0.000643 0.099504 0.044594
22.784094 1.384027 27.491737 1.982068
0.444357 0.093428 -0.012161 -0.001439
0.093428 0.043476 -0.001461 -0.000840
-0.012161 -0.001461 0.458125 0.097116
-0.001439 -0.000840 0.097116 0.044092
22.777853 1.235796 28.400311 1.963171
0.438011 0.092852 -0.019925 -0.003374
0.092852 0.043476 -0.003373 -0.001203
-0.019925 -0.003373 0.460444 0.097821
-0.003374 -0.001203 0.097821 0.044288
23.118840 1.176060 29.091181 1.900763
0.443407 0.094749 -0.015608 -0.002466
0.094749 0.043971 -0.002457 -0.000921
-0.015608 -0.002457 0.467919 0.099557
-0.002466 -0.000921 0.099557 0.044681
23.484425 1.128900 30.390207 1.974537
0.446417 0.095836 -0.016931 -0.002817
0.095836 0.044215 -0.002787 -0.000932
-0.016931 -0.002787 0.486009 0.103355
-0.002817 -0.000932 0.103355 0.045471
24.197718 1.161918 31.934255 2.092765
0.435529 0.093739 -0.022733 -0.004071
0.093739 0.043733 -0.004023 -0.001139
-0.022733 -0.004023 0.500841 0.106082
-0.004071 -0.001139 0.106082 0.045966
25.055253 1.222101 33.163489 2.131829
0.410215 0.088667 -0.021330 -0.003688
0.088667 0.042639 -0.003592 -0.000983
-0.021330 -0.003592 0.501115 0.105527
-0.003688 -0.000983 0.105527 0.045745
25.575030 1.202813 34.504730 2.189370
0.403419 0.088011 -0.013984 -0.002056
0.088011 0.042575 -0.001873 -0.000570
-0.013984 -0.001873 0.513649 0.107687
-0.002056 -0.000570 0.107687 0.046144
26.419876 1.256807 35.791617 2.229935
0.388463 0.085446 -0.020135 -0.003415
0.085446 0.042048 -0.003289 -0.000857
-0.020135 -0.003289 0.523163 0.109040
-0.003415 -0.000857 0.109040 0.046353
26.894474 1.222121 36.700600 2.186904
0.393671 0.087455 -0.023240 -0.003948
0.087455 0.042543 -0.003891 -0.000937
-0.023240 -0.003891 0.529345 0.109661
-0.003948 -0.000937 0.109661 0.046419
27.814233 1.291573 37.951572 2.220142
0.372280 0.083154 -0.032478 -0.005764
0.083154 0.041542 -0.005792 -0.001300
-0.032478 -0.005792 0.541926 0.111620
-0.005764 -0.001300 0.111620 0.046778
28.045307 1.196895 38.765887 2.158221
0.389862 0.087926 -0.038021 -0.006544
0.087926 0.042645 -0.006726 -0.001413
-0.038021 -0.006726 0.545382 0.111618
-0.006544 -0.001413 0.111618 0.046729
29.196870 1.322312 39.890242 2.169624
0.392183 0.088645 -0.036114 -0.005818
0.088645 0.042703 -0.005891 -0.001185
-0.036114 -0.005891 0.554450 0.112894
-0.005818 -0.001185 0.112894 0.046976
30.246453 1.409234 40.739254 2.123507
0.356241 0.080579 -0.027088 -0.003928
0.080579 0.040769 -0.003616 -0.000738
-0.027088 -0.003616 0.554155 0.112275
-0.003928 -0.000738 0.112275 0.046844
30.387029 1.279947 41.745854 2.109875
0.347190 0.079323 -0.022303 -0.002974
0.079323 0.040539 -0.002565 -0.000552
-0.022303 -0.002565 0.552393 0.111498
-0.002974 -0.000552 0.111498 0.046709
30.610652 1.182612 42.536612 2.054901
0.363542 0.083858 -0.025552 -0.003626
0.083858 0.041613 -0.003498 -0.000756
-0.025552 -0.003498 0.544890 0.109686
-0.003626 -0.000756 0.109686 0.046384
31.268885 1.196143 43.114845 1.964707
0.348355 0.080584 -0.007673 -0.000103
0.080584 0.040770 0.000514 0.000024
-0.007673 0.000514 0.525351 0.105773
-0.000103 0.000024 0.105773 0.045690
31.821657 1.184810 43.870879 1.918840
0.379496 0.088236 -0.011304 -0.001061
0.088236 0.042513 -0.000812 -0.000292
-0.011304 -0.000812 0.516600 0.104327
-0.001061 -0.000292 0.104327 0.045527
33.305217 1.387709 43.727466 1.697489
0.335533 0.077766 0.043735 0.009779
0.077766 0.039920 0.011486 0.002144
0.043735 0.011486 0.457221 0.092884
0.009779 0.002144 0.092884 0.043363
33.775760 1.335356 44.934037 1.771607
0.368617 0.086119 0.029372 0.005643
0.086119 0.041918 0.006636 0.000936
0.029372 0.006636 0.470812 0.097153
0.005643 0.000936 0.097153 0.044516
34.345308 1.312759 45.701785 1.747287
0.399584 0.092984 0.020056 0.003031
0.092984 0.043353 0.003698 0.000271
0.020056 0.003698 0.462020 0.096222
0.003031 0.000271 0.096222 0.044433
34.919954 1.294085 46.524665 1.736903
0.438378 0.100899 0.004316 -0.000633
0.100899 0.044909 -0.000272 -0.000540
0.004316 -0.000272 0.458290 0.096322
-0.000633 -0.000540 0.096322 0.044534
35.968919 1.386499 46.778796 1.605624
0.453810 0.102591 0.022986 0.003472
0.102591 0.044918 0.004217 0.000535
0.022986 0.004217 0.401366 0.084894
0.003472 0.000535 0.084894 0.042123
