1.745356 1.660252 1.550558 -0.271811
1.039840 0.415945 0.760599 0.304246
0.415945 80.170448 0.304246 0.121701
0.760599 0.304246 3.041568 1.216654
0.304246 0.121701 1.216654 80.490739
6.475271 9.087315 0.465963 -2.160413
2.759307 5.304205 -1.375458 -2.536086
5.304205 13.958631 -2.780406 -2.780039
-1.375458 -2.780406 2.638869 4.592009
-2.536086 -2.780039 4.592009 17.878781
7.081348 4.958444 1.656768 -0.017075
1.237929 1.424737 0.728493 1.087708
1.424737 2.471571 0.903784 1.678956
0.728493 0.903784 1.172992 1.549020
1.087708 1.678956 1.549020 4.051588
7.437422 3.238581 1.809716 0.273022
0.961320 0.779941 0.655874 0.592146
0.779941 0.949923 0.533536 0.593422
0.655874 0.533536 1.290020 1.240189
0.592146 0.593422 1.240189 1.819959
7.530791 2.222002 3.515770 1.563674
0.745774 0.472120 0.581413 0.384855
0.472120 0.456062 0.356517 0.292392
0.581413 0.356517 1.083517 0.774710
0.384855 0.292392 0.774710 0.823922
8.563769 2.169612 4.627690 1.770877
0.772426 0.413024 0.374332 0.173474
0.413024 0.312331 0.174441 0.112471
0.374332 0.174441 1.068164 0.625739
0.173474 0.112471 0.625739 0.511062
9.433249 2.066537 5.726918 1.887368
0.752179 0.343032 0.154505 0.042666
0.343032 0.216139 0.050781 0.033138
0.154505 0.050781 1.073220 0.528272
0.042666 0.033138 0.528272 0.347913
10.527402 2.093194 6.386065 1.766449
0.755613 0.298308 0.028198 -0.007019
0.298308 0.160876 0.001197 0.009221
0.028198 0.001197 1.088135 0.455909
-0.007019 0.009221 0.455909 0.250679
11.089352 1.925446 7.041634 1.689388
0.652127 0.226650 -0.090982 -0.040390
0.226650 0.112723 -0.034033 -0.003487
-0.090982 -0.034033 1.039994 0.378177
-0.040390 -0.003487 0.378177 0.182014
10.958845 1.584073 8.387719 1.851269
0.645760 0.202163 -0.135491 -0.044004
0.202163 0.091954 -0.039401 -0.004591
-0.135491 -0.039401 0.964665 0.309998
-0.044004 -0.004591 0.309998 0.135476
10.960823 1.355562 9.150764 1.799077
0.629516 0.179600 -0.207621 -0.056326
0.179600 0.076790 -0.053093 -0.008340
-0.207621 -0.053093 0.904374 0.261316
-0.056326 -0.008340 0.261316 0.106242
11.906658 1.428317 10.125430 1.822472
0.623934 0.165240 -0.183837 -0.041472
0.165240 0.067507 -0.039649 -0.004295
-0.183837 -0.039649 0.843564 0.223322
-0.041472 -0.004295 0.223322 0.086776
12.454388 1.391740 11.426433 1.917040
0.635602 0.158047 -0.161136 -0.030248
0.158047 0.062035 -0.029664 -0.001929
-0.161136 -0.029664 0.793179 0.195219
-0.030248 -0.001929 0.195219 0.073851
13.240253 1.409802 12.157084 1.865036
0.632167 0.148834 -0.134595 -0.020849
0.148834 0.057285 -0.020709 -0.000306
-0.134595 -0.020709 0.761757 0.176680
-0.020849 -0.000306 0.176680 0.065703
14.424831 1.520908 13.217599 1.901917
0.590433 0.132608 -0.115762 -0.015677
0.132608 0.051866 -0.015808 0.000028
-0.115762 -0.015808 0.693482 0.152966
-0.015677 0.000028 0.152966 0.057875
15.254335 1.558621 15.651230 2.222264
0.569160 0.123826 -0.080068 -0.007464
0.123826 0.049079 -0.008270 0.001030
-0.080068 -0.008270 0.613039 0.130589
-0.007464 0.001030 0.130589 0.051701
15.702001 1.489844 16.909451 2.247787
0.557014 0.118274 -0.057021 -0.002924
0.118274 0.047435 -0.003831 0.001345
-0.057021 -0.003831 0.575803 0.120106
-0.002924 0.001345 0.120106 0.048866
16.124374 1.435998 19.065302 2.456641
0.540976 0.112912 -0.031530 0.001484
0.112912 0.046128 0.000404 0.001633
-0.031530 0.000404 0.526963 0.108622
0.001484 0.001633 0.108622 0.046227
16.667340 1.393876 19.776248 2.347843
0.525774 0.108424 -0.018205 0.002975
0.108424 0.045187 0.002046 0.001435
-0.018205 0.002046 0.504431 0.103661
0.002975 0.001435 0.103661 0.045196
17.118145 1.342057 20.807357 2.315815
0.528997 0.108353 -0.009782 0.003597
0.108353 0.045285 0.002787 0.001186
-0.009782 0.002787 0.502841 0.103474
0.003597 0.001186 0.103474 0.045244
17.946918 1.369569 21.350381 2.190400
0.524581 0.106840 -0.010166 0.002339
0.106840 0.045094 0.001714 0.000628
-0.010166 0.001714 0.501809 0.103354
0.002339 0.000628 0.103354 0.045283
18.985776 1.438750 21.977613 2.096201
0.505008 0.102547 -0.012525 0.000792
0.102547 0.044376 0.000338 0.000091
-0.012525 0.000338 0.487268 0.100465
0.000792 0.000091 0.100465 0.044744
19.622533 1.420477 22.716508 2.031708
0.497750 0.101425 0.017875 0.006364
0.101425 0.044402 0.005900 0.001103
0.017875 0.005900 0.481512 0.099840
0.006364 0.001103 0.099840 0.044751
19.891321 1.330283 23.744595 2.032907
0.491120 0.100408 0.012434 0.004085
0.100408 0.044394 0.003736 0.000463
0.012434 0.003736 0.475829 0.099056
0.004085 0.000463 0.099056 0.044663
20.222986 1.261649 24.607850 2.000394
0.481815 0.098959 0.015330 0.003905
0.098959 0.044281 0.003617 0.000354
0.015330 0.003617 0.468799 0.098034
0.003905 0.000354 0.098034 0.044519
20.171394 1.120523 26.109176 2.105644
0.467426 0.096559 0.022425 0.004753
0.096559 0.043953 0.004498 0.000499
0.022425 0.004498 0.462838 0.097264
0.004753 0.000499 0.097264 0.044417
20.399537 1.050584 27.647061 2.208541
0.450996 0.093868 0.034061 0.006617
0.093868 0.043553 0.006359 0.000873
0.034061 0.006359 0.460717 0.097284
0.006617 0.000873 0.097284 0.044463
20.876044 1.041472 28.382770 2.130454
0.464096 0.097586 0.020413 0.002998
0.097586 0.044503 0.002816 0.000084
0.020413 0.002816 0.472580 0.100246
0.002998 0.000084 0.100246 0.045119
21.580900 1.080133 29.520912 2.145324
0.468641 0.098986 0.021652 0.003031
0.098986 0.044831 0.002845 0.000155
0.021652 0.002845 0.487668 0.103492
0.003031 0.000155 0.103492 0.045753
22.037249 1.063684 30.254538 2.073826
0.466807 0.098808 0.028804 0.004402
0.098808 0.044773 0.004231 0.000519
0.028804 0.004231 0.491664 0.104021
0.004402 0.000519 0.104021 0.045750
22.130759 0.972984 30.727052 1.956445
0.458889 0.097374 0.018946 0.002125
0.097374 0.044460 0.001960 0.000087
0.018946 0.001960 0.487564 0.102872
0.002125 0.000087 0.102872 0.045424
22.642900 0.977661 31.896806 1.996708
0.454489 0.096789 0.004102 -0.000944
0.096789 0.044347 -0.001183 -0.000489
0.004102 -0.001183 0.501241 0.105622
-0.000944 -0.000489 0.105622 0.045966
22.944462 0.938699 32.580580 1.931285
0.462562 0.098802 0.003523 -0.000741
0.098802 0.044772 -0.000937 -0.000317
0.003523 -0.000937 0.509973 0.107019
-0.000741 -0.000317 0.107019 0.046172
23.945043 1.053951 32.888435 1.792563
0.455665 0.097342 0.012757 0.001517
0.097342 0.044402 0.001404 0.000268
0.012757 0.001404 0.503135 0.105051
0.001517 0.000268 0.105051 0.045672
24.397556 1.038012 33.785303 1.792860
0.453165 0.096982 0.004481 -0.000130
0.096982 0.044310 -0.000302 -0.000060
0.004481 -0.000302 0.514860 0.107252
-0.000130 -0.000060 0.107252 0.046117
25.383699 1.139162 34.165267 1.684826
0.441432 0.094615 0.006123 0.000452
0.094615 0.043784 0.000316 0.000123
0.006123 0.000316 0.508290 0.105460
0.000452 0.000123 0.105460 0.045700
26.215378 1.195239 35.196485 1.723527
0.455397 0.097979 -0.003919 -0.001511
0.097979 0.044533 -0.001712 -0.000280
-0.003919 -0.001712 0.528229 0.109410
-0.001511 -0.000280 0.109410 0.046530
27.285778 1.296928 36.042129 1.719789
0.445513 0.095833 -0.023082 -0.005150
0.095833 0.044017 -0.005499 -0.001009
-0.023082 -0.005499 0.536799 0.110671
-0.005150 -0.001009 0.110671 0.046739
28.140600 1.341408 36.971313 1.734087
0.444078 0.095674 -0.027452 -0.005451
0.095674 0.043972 -0.005773 -0.000971
-0.027452 -0.005773 0.546592 0.112115
-0.005451 -0.000971 0.112115 0.046985
29.543467 1.499685 38.022822 1.772876
0.414211 0.089345 -0.038498 -0.007210
0.089345 0.042589 -0.007537 -0.001278
-0.038498 -0.007537 0.556422 0.113493
-0.007210 -0.001278 0.113493 0.047215
29.725272 1.375800 38.821814 1.753435
0.414844 0.090192 -0.038619 -0.006608
0.090192 0.042870 -0.006869 -0.001077
-0.038619 -0.006869 0.558181 0.113208
-0.006608 -0.001077 0.113208 0.047114
30.619305 1.421493 39.843002 1.783471
0.426005 0.093156 -0.038653 -0.006100
0.093156 0.043555 -0.006326 -0.000938
-0.038653 -0.006326 0.565985 0.114268
-0.006100 -0.000938 0.114268 0.047318
31.051028 1.361954 41.109719 1.857630
0.434116 0.095073 -0.038699 -0.005736
0.095073 0.043927 -0.005914 -0.000860
-0.038699 -0.005914 0.575533 0.115664
-0.005736 -0.000860 0.115664 0.047589
31.629091 1.339849 42.131105 1.875643
0.405330 0.088729 -0.025837 -0.003079
0.088729 0.042465 -0.002854 -0.000314
-0.025837 -0.002854 0.570817 0.114222
-0.003079 -0.000314 0.114222 0.047299
32.298604 1.340287 43.178801 1.897586
0.409432 0.090167 -0.019512 -0.001844
0.090167 0.042832 -0.001596 -0.000137
-0.019512 -0.001596 0.562024 0.112154
-0.001844 -0.000137 0.112154 0.046919
32.625957 1.262431 43.662027 1.803114
0.410978 0.090798 -0.016914 -0.001500
0.090798 0.042961 -0.001369 -0.000179
-0.016914 -0.001369 0.535666 0.106819
-0.001500 -0.000179 0.106819 0.045926
33.577147 1.335850 45.202232 1.932376
0.432983 0.095853 -0.010497 -0.000334
0.095853 0.044052 -0.000188 0.000004
-0.010497 -0.000188 0.534755 0.107096
-0.000334 0.000004 0.107096 0.046135
34.949906 1.488163 45.226685 1.745424
0.425165 0.093888 0.033023 0.008080
0.093888 0.043514 0.008793 0.001723
0.033023 0.008793 0.451314 0.090851
0.008080 0.001723 0.090851 0.043008
35.640701 1.476586 46.314619 1.789566
0.450222 0.099222 0.020120 0.004421
0.099222 0.044616 0.004779 0.000711
0.020120 0.004779 0.450118 0.092405
0.004421 0.000711 0.092405 0.043654
35.729078 1.334277 47.307945 1.810597
0.469446 0.102755 -0.004324 -0.001249
0.102755 0.045237 -0.001203 -0.000596
-0.004324 -0.001203 0.449656 0.093774
-0.001249 -0.000596 0.093774 0.044131
