3.276511 2.272727 0.818521 -0.564632
2.191502 0.876620 -0.543817 -0.217531
0.876620 80.354722 -0.217531 -0.087014
-0.543817 -0.217531 4.471791 1.788755
-0.217531 -0.087014 1.788755 80.719584
5.582997 4.399493 1.721299 1.375983
3.196795 5.636733 -0.830651 -1.188771
5.636733 17.466772 -1.401826 -3.418598
-0.830651 -1.401826 1.687679 2.657038
-1.188771 -3.418598 2.657038 17.679032
4.444160 0.763627 3.091012 2.012313
1.422029 1.564447 0.664660 1.008740
1.564447 3.545031 0.747801 0.689153
0.664660 0.747801 1.312953 1.814592
1.008740 0.689153 1.814592 5.032547
6.174260 1.966221 4.313455 2.091457
1.518391 1.379437 0.007536 -0.153827
1.379437 1.902807 -0.160465 -0.391960
0.007536 -0.160465 1.572175 1.617450
-0.153827 -0.391960 1.617450 2.403708
7.814186 2.499091 3.705062 0.833696
1.467508 1.025887 -0.342592 -0.326161
1.025887 1.008498 -0.332797 -0.310026
-0.342592 -0.332797 1.979635 1.483405
-0.326161 -0.310026 1.483405 1.416984
7.330574 1.505515 5.993551 1.935466
0.508476 0.278945 0.100837 0.047648
0.278945 0.311674 0.027431 0.008364
0.100837 0.027431 1.464012 0.833473
0.047648 0.008364 0.833473 0.635799
7.679935 1.292397 7.514741 2.202254
0.643152 0.326179 -0.036212 -0.027572
0.326179 0.262188 -0.038495 -0.022790
-0.036212 -0.038495 1.254113 0.590132
-0.027572 -0.022790 0.590132 0.377684
8.357774 1.313916 7.744396 1.851620
0.780081 0.346191 -0.137492 -0.061936
0.346191 0.217693 -0.071442 -0.030496
-0.137492 -0.071442 1.231470 0.496271
-0.061936 -0.030496 0.496271 0.268720
9.572832 1.531796 7.748691 1.526261
0.763815 0.295384 -0.247750 -0.088873
0.295384 0.160646 -0.098530 -0.034293
-0.247750 -0.098530 1.062321 0.374170
-0.088873 -0.034293 0.374170 0.183113
9.783862 1.340391 8.299162 1.456772
0.768682 0.263360 -0.280123 -0.085310
0.263360 0.126667 -0.093136 -0.027643
-0.280123 -0.093136 1.007351 0.317093
-0.085310 -0.027643 0.317093 0.140846
9.915952 1.179072 9.833635 1.684422
0.807579 0.249081 -0.258221 -0.067355
0.249081 0.107405 -0.073408 -0.018663
-0.258221 -0.073408 0.932913 0.266665
-0.067355 -0.018663 0.266665 0.110927
10.410651 1.151437 10.596710 1.662279
0.778894 0.218547 -0.231826 -0.053066
0.218547 0.088415 -0.057631 -0.012929
-0.231826 -0.057631 0.846045 0.222821
-0.053066 -0.012929 0.222821 0.089399
11.498747 1.286794 11.531084 1.694551
0.729077 0.188889 -0.191533 -0.038546
0.188889 0.073983 -0.041687 -0.008290
-0.191533 -0.041687 0.773345 0.190585
-0.038546 -0.008290 0.190585 0.075152
12.766369 1.436569 12.089603 1.634639
0.699087 0.169322 -0.188082 -0.035092
0.169322 0.064899 -0.037395 -0.007071
-0.188082 -0.037395 0.747373 0.174257
-0.035092 -0.007071 0.174257 0.067208
14.136640 1.589027 12.974006 1.659017
0.654743 0.150311 -0.157609 -0.026394
0.150311 0.057802 -0.027926 -0.004875
-0.157609 -0.027926 0.703361 0.156827
-0.026394 -0.004875 0.156827 0.060557
14.076184 1.401090 14.016299 1.693191
0.609529 0.134027 -0.148369 -0.023637
0.134027 0.052515 -0.025065 -0.004384
-0.148369 -0.025065 0.632140 0.135759
-0.023637 -0.004384 0.135759 0.054159
14.643303 1.369655 14.669518 1.649992
0.600844 0.128370 -0.124789 -0.017694
0.128370 0.050450 -0.018826 -0.003078
-0.124789 -0.018826 0.617378 0.129754
-0.017694 -0.003078 0.129754 0.051961
14.571032 1.208510 15.397872 1.618709
0.579226 0.120866 -0.110024 -0.014547
0.120866 0.048337 -0.015649 -0.002588
-0.110024 -0.015649 0.576540 0.118990
-0.014547 -0.002588 0.118990 0.049082
15.106208 1.205167 17.057110 1.793622
0.555583 0.114311 -0.078055 -0.008211
0.114311 0.046799 -0.009307 -0.001465
-0.078055 -0.009307 0.532923 0.109183
-0.008211 -0.001465 0.109183 0.046823
15.979493 1.264174 18.240008 1.856247
0.547449 0.111643 -0.061691 -0.005469
0.111643 0.046235 -0.006358 -0.001068
-0.061691 -0.006358 0.525098 0.107536
-0.005469 -0.001068 0.107536 0.046441
16.862526 1.312446 18.902118 1.804427
0.515701 0.104670 -0.038324 -0.001763
0.104670 0.044897 -0.002457 -0.000527
-0.038324 -0.002457 0.497324 0.102003
-0.001763 -0.000527 0.102003 0.045310
17.500836 1.310856 20.031381 1.851181
0.504266 0.102383 -0.036629 -0.002498
0.102383 0.044601 -0.003077 -0.000862
-0.036629 -0.003077 0.483306 0.099537
-0.002498 -0.000862 0.099537 0.044854
18.656446 1.418238 21.637031 1.996818
0.493468 0.100467 -0.038727 -0.003812
0.100467 0.044395 -0.004226 -0.001230
-0.038727 -0.004226 0.477381 0.098885
-0.003812 -0.001230 0.098885 0.044790
19.392130 1.425470 22.897977 2.051883
0.484044 0.099195 -0.015510 0.000413
0.099195 0.044357 0.000016 -0.000402
-0.015510 0.000016 0.470985 0.098309
0.000413 -0.000402 0.098309 0.044765
20.281538 1.460793 23.705091 2.006938
0.492784 0.101654 -0.002531 0.002324
0.101654 0.045042 0.001966 -0.000071
-0.002531 0.001966 0.483250 0.101502
0.002324 -0.000071 0.101502 0.045483
20.605935 1.374803 24.123859 1.882343
0.494988 0.102385 -0.013227 -0.000845
0.102385 0.045264 -0.001100 -0.000799
-0.013227 -0.001100 0.484800 0.101937
-0.000845 -0.000799 0.101937 0.045515
20.750073 1.261984 24.997132 1.866457
0.508343 0.105378 -0.012635 -0.001168
0.105378 0.045932 -0.001375 -0.000834
-0.012635 -0.001375 0.501325 0.105488
-0.001168 -0.000834 0.105488 0.046209
21.663194 1.321254 26.376283 1.960671
0.513867 0.106458 -0.004556 0.000175
0.106458 0.046142 0.000003 -0.000508
-0.004556 0.000003 0.517491 0.108604
0.000175 -0.000508 0.108604 0.046756
22.957580 1.452657 27.642180 2.021171
0.489142 0.101164 -0.011511 -0.001722
0.101164 0.045015 -0.001822 -0.000877
-0.011511 -0.001822 0.509789 0.106414
-0.001722 -0.000877 0.106414 0.046154
23.563864 1.427989 28.938092 2.080434
0.462443 0.095963 -0.013780 -0.002369
0.095963 0.044005 -0.002428 -0.000943
-0.013780 -0.002428 0.501813 0.104441
-0.002369 -0.000943 0.104441 0.045680
24.390254 1.451343 29.789305 2.041239
0.458992 0.096036 -0.003217 -0.000208
0.096036 0.044157 -0.000237 -0.000413
-0.003217 -0.000237 0.503896 0.104795
-0.000208 -0.000413 0.104795 0.045746
24.948952 1.416243 30.982559 2.077009
0.462706 0.097497 -0.004301 -0.000631
0.097497 0.044549 -0.000653 -0.000469
-0.004301 -0.000653 0.518569 0.107731
-0.000631 -0.000469 0.107731 0.046344
24.530636 1.177875 32.238161 2.121598
0.434792 0.092032 0.001485 0.000446
0.092032 0.043413 0.000467 -0.000198
0.001485 0.000467 0.528679 0.109459
0.000446 -0.000198 0.109459 0.046646
25.014519 1.155402 33.699804 2.204234
0.435785 0.093126 0.001062 0.000184
0.093126 0.043741 0.000196 -0.000231
0.001062 0.000196 0.547024 0.112761
0.000184 -0.000231 0.112761 0.047261
25.366745 1.107141 33.839855 2.007258
0.429845 0.092487 0.004521 0.000786
0.092487 0.043629 0.000831 -0.000070
0.004521 0.000831 0.540612 0.110726
0.000786 -0.000070 0.110726 0.046748
26.311358 1.191690 35.075967 2.054445
0.408560 0.088471 -0.006882 -0.001659
0.088471 0.042766 -0.001791 -0.000581
-0.006882 -0.001791 0.562856 0.114836
-0.001659 -0.000581 0.114836 0.047565
27.037127 1.220110 36.049545 2.043526
0.403299 0.088182 -0.013126 -0.002800
0.088182 0.042755 -0.003011 -0.000761
-0.013126 -0.003011 0.580358 0.117645
-0.002800 -0.000761 0.117645 0.048060
27.729626 1.238241 36.890202 2.007104
0.395375 0.087170 -0.020415 -0.004042
0.087170 0.042542 -0.004344 -0.000957
-0.020415 -0.004344 0.604155 0.121543
-0.004042 -0.000957 0.121543 0.048758
28.568360 1.287516 38.379148 2.104069
0.416277 0.092507 -0.022676 -0.004155
0.092507 0.043723 -0.004461 -0.000900
-0.022676 -0.004461 0.611053 0.121804
-0.004155 -0.000900 0.121804 0.048701
29.545238 1.360510 38.724283 1.964746
0.415859 0.092442 -0.020653 -0.003464
0.092442 0.043571 -0.003673 -0.000690
-0.020653 -0.003673 0.601285 0.118900
-0.003464 -0.000690 0.118900 0.048065
32.100163 1.777419 39.767780 1.980363
0.272870 0.060634 -0.017207 -0.002866
0.060634 0.036381 -0.002627 -0.000521
-0.017207 -0.002627 0.624927 0.122995
-0.002866 -0.000521 0.122995 0.048895
32.735123 1.719398 41.284785 2.082798
0.301195 0.070309 -0.018650 -0.002944
0.070309 0.039100 -0.002855 -0.000537
-0.018650 -0.002855 0.632781 0.123706
-0.002944 -0.000537 0.123706 0.049009
33.388880 1.669146 41.928329 2.004917
0.334648 0.079881 -0.018072 -0.002634
0.079881 0.041419 -0.002649 -0.000474
-0.018072 -0.002649 0.624202 0.121293
-0.002634 -0.000474 0.121293 0.048535
33.748455 1.554535 42.640720 1.947417
0.359995 0.086196 -0.020306 -0.002948
0.086196 0.042670 -0.003193 -0.000577
-0.020306 -0.003193 0.602210 0.116619
-0.002948 -0.000577 0.116619 0.047686
33.951623 1.417364 43.437223 1.911392
0.397194 0.094493 -0.018666 -0.002469
0.094493 0.044271 -0.002673 -0.000461
-0.018666 -0.002673 0.611042 0.118433
-0.002469 -0.000461 0.118433 0.048174
34.072024 1.277248 43.606245 1.757205
0.432200 0.101264 -0.014046 -0.001486
0.101264 0.045381 -0.001606 -0.000257
-0.014046 -0.001606 0.595691 0.115440
-0.001486 -0.000257 0.115440 0.047685
34.646359 1.263334 44.816422 1.821464
0.472877 0.108569 -0.022165 -0.003069
0.108569 0.046554 -0.003573 -0.000658
-0.022165 -0.003573 0.589809 0.114545
-0.003069 -0.000658 0.114545 0.047632
35.397804 1.290695 45.915599 1.858514
0.489831 0.109880 -0.008391 -0.000314
0.109880 0.046355 -0.000458 -0.000049
-0.008391 -0.000458 0.551211 0.107408
-0.000314 -0.000049 0.107408 0.046364
35.520752 1.174519 46.167317 1.724109
0.507474 0.111441 0.002442 0.001633
0.111441 0.046338 0.001614 0.000311
0.002442 0.001614 0.499453 0.098209
0.001633 0.000311 0.098209 0.044756
36.916717 1.350277 48.154681 1.950359
0.547066 0.117786 -0.009143 -0.000996
0.117786 0.047442 -0.001245 -0.000319
-0.009143 -0.001245 0.502757 0.100518
-0.000996 -0.000319 0.100518 0.045489
