2.123692 1.811590 2.305273 0.030082
1.889107 0.755659 -0.136770 -0.054709
0.755659 80.306337 -0.054709 -0.021884
-0.136770 -0.054709 3.812838 1.525168
-0.054709 -0.021884 1.525168 80.614147
3.622634 2.880564 2.405574 0.176729
3.437248 6.169813 -1.695485 -2.743554
6.169813 17.725321 -3.017978 -5.260859
-1.695485 -3.017978 3.076454 5.029654
-2.743554 -5.260859 5.029654 20.188757
8.351029 6.447876 1.860693 -0.182320
2.575098 2.770332 -0.874650 -0.737517
2.770332 4.578578 -0.813403 -0.941703
-0.874650 -0.813403 2.359667 2.735738
-0.737517 -0.941703 2.735738 5.835051
8.923547 4.361521 1.927794 -0.229029
1.243670 0.987025 0.197193 0.261553
0.987025 1.416644 0.209053 0.090294
0.197193 0.209053 1.728779 1.540219
0.261553 0.090294 1.540219 2.310866
7.517109 1.992037 2.484529 0.259360
0.548123 0.354219 0.561789 0.391481
0.354219 0.536738 0.353970 0.166819
0.561789 0.353970 1.345529 0.941280
0.391481 0.166819 0.941280 1.083724
8.412822 1.825818 3.677271 0.945945
0.617097 0.390799 0.367274 0.147382
0.390799 0.407993 0.147421 0.015436
0.367274 0.147421 1.149708 0.676977
0.147382 0.015436 0.676977 0.622887
9.305996 1.836161 3.845272 0.787341
0.750750 0.415260 0.177754 0.013785
0.415260 0.319674 0.018002 -0.037592
0.177754 0.018002 1.176656 0.601123
0.013785 -0.037592 0.601123 0.438179
9.278995 1.344240 5.286704 1.315916
0.686439 0.320034 0.045127 -0.027663
0.320034 0.205763 -0.030380 -0.032891
0.045127 -0.030380 1.115405 0.489796
-0.027663 -0.032891 0.489796 0.298178
8.745983 0.873984 5.507253 1.202821
0.447050 0.183259 -0.134031 -0.070994
0.183259 0.115354 -0.087040 -0.037497
-0.134031 -0.087040 1.119038 0.432549
-0.070994 -0.037497 0.432549 0.225242
9.059787 0.817383 6.872922 1.462871
0.550732 0.201832 -0.160800 -0.066545
0.201832 0.105261 -0.074702 -0.026122
-0.160800 -0.074702 1.049735 0.356997
-0.066545 -0.026122 0.356997 0.165954
10.142760 1.034600 7.972114 1.567804
0.569553 0.186860 -0.169772 -0.056927
0.186860 0.087635 -0.062024 -0.017660
-0.169772 -0.062024 0.949350 0.289285
-0.056927 -0.017660 0.289285 0.124698
11.471619 1.276026 8.774974 1.572137
0.578573 0.172325 -0.184371 -0.051845
0.172325 0.074887 -0.055793 -0.013411
-0.184371 -0.055793 0.893411 0.248223
-0.051845 -0.013411 0.248223 0.100628
12.678232 1.433076 9.746860 1.622804
0.581951 0.159567 -0.155642 -0.037312
0.159567 0.065809 -0.040008 -0.007861
-0.155642 -0.040008 0.829860 0.213221
-0.037312 -0.007861 0.213221 0.083411
12.917721 1.313493 11.053808 1.738873
0.602630 0.154014 -0.143051 -0.029646
0.154014 0.060676 -0.032038 -0.005308
-0.143051 -0.032038 0.773587 0.186190
-0.029646 -0.005308 0.186190 0.071555
13.258973 1.245734 13.015065 1.986803
0.573512 0.137982 -0.112370 -0.019902
0.137982 0.054246 -0.021963 -0.002874
-0.112370 -0.021963 0.663415 0.151471
-0.019902 -0.002874 0.151471 0.060176
14.420084 1.368391 13.825025 1.952319
0.570868 0.130842 -0.112205 -0.018289
0.130842 0.051074 -0.019988 -0.002528
-0.112205 -0.019988 0.651515 0.143356
-0.018289 -0.002528 0.143356 0.056452
15.101139 1.368272 14.859077 1.964759
0.574513 0.126603 -0.113362 -0.017288
0.126603 0.049200 -0.018869 -0.002401
-0.113362 -0.018869 0.633831 0.135218
-0.017288 -0.002401 0.135218 0.053372
15.927034 1.397904 15.755211 1.948445
0.545535 0.116579 -0.094427 -0.012764
0.116579 0.046532 -0.014038 -0.001599
-0.094427 -0.014038 0.589110 0.122847
-0.012764 -0.001599 0.122847 0.049957
16.656173 1.411086 17.346130 2.076891
0.525616 0.110228 -0.064206 -0.006386
0.110228 0.045098 -0.007519 -0.000487
-0.064206 -0.007519 0.546206 0.112562
-0.006386 -0.000487 0.112562 0.047471
17.274075 1.392230 18.326331 2.063782
0.529221 0.109545 -0.057619 -0.005287
0.109545 0.045018 -0.006281 -0.000487
-0.057619 -0.006281 0.541869 0.111068
-0.005287 -0.000487 0.111068 0.047025
18.172154 1.434207 19.397933 2.074269
0.520113 0.106489 -0.061490 -0.006618
0.106489 0.044487 -0.007455 -0.000988
-0.061490 -0.007455 0.528201 0.107743
-0.006618 -0.000988 0.107743 0.046245
18.584283 1.368009 20.036864 1.989268
0.523514 0.106625 -0.057394 -0.006034
0.106625 0.044717 -0.006766 -0.001001
-0.057394 -0.006766 0.526702 0.107382
-0.006034 -0.001001 0.107382 0.046185
19.602326 1.435966 21.016780 1.989682
0.504893 0.102424 -0.054737 -0.006032
0.102424 0.044054 -0.006610 -0.001152
-0.054737 -0.006610 0.507641 0.103459
-0.006032 -0.001152 0.103459 0.045398
19.881986 1.349966 22.411229 2.067554
0.492235 0.100047 -0.043283 -0.004123
0.100047 0.043842 -0.004639 -0.000877
-0.043283 -0.004639 0.489822 0.100242
-0.004123 -0.000877 0.100242 0.044839
20.184457 1.272188 23.252871 2.024560
0.496324 0.101358 -0.033081 -0.002451
0.101358 0.044384 -0.002914 -0.000623
-0.033081 -0.002914 0.491319 0.101235
-0.002451 -0.000623 0.101235 0.045172
20.512836 1.205259 23.716502 1.908381
0.479040 0.098194 -0.019927 -0.000447
0.098194 0.043939 -0.000855 -0.000336
-0.019927 -0.000855 0.471422 0.097637
-0.000447 -0.000336 0.097637 0.044499
21.612357 1.307784 24.659659 1.909200
0.478520 0.098746 -0.008687 0.001194
0.098746 0.044269 0.000865 -0.000084
-0.008687 0.000865 0.475948 0.099354
0.001194 -0.000084 0.099354 0.044961
22.256558 1.305793 25.619032 1.910156
0.479411 0.099467 -0.002046 0.001820
0.099467 0.044570 0.001554 -0.000037
-0.002046 0.001554 0.480720 0.100826
0.001820 -0.000037 0.100826 0.045295
22.723309 1.266496 26.383465 1.869485
0.481344 0.100304 0.010420 0.003722
0.100304 0.044847 0.003489 0.000301
0.010420 0.003489 0.485253 0.102046
0.003722 0.000301 0.102046 0.045534
23.536042 1.304304 27.582089 1.925276
0.463649 0.096879 0.002275 0.001187
0.096879 0.044182 0.001030 -0.000289
0.002275 0.001030 0.479014 0.100781
0.001187 -0.000289 0.100781 0.045211
24.017521 1.268632 29.167723 2.056441
0.467414 0.098241 0.004713 0.001275
0.098241 0.044562 0.001150 -0.000247
0.004713 0.001150 0.499016 0.105147
0.001275 -0.000247 0.105147 0.046104
24.581787 1.253848 30.211993 2.059823
0.462817 0.097638 0.004856 0.000955
0.097638 0.044471 0.000853 -0.000280
0.004856 0.000853 0.503404 0.105770
0.000955 -0.000280 0.105770 0.046129
24.896465 1.187395 31.658888 2.147361
0.441379 0.093467 0.002523 0.000238
0.093467 0.043615 0.000132 -0.000383
0.002523 0.000132 0.507532 0.106296
0.000238 -0.000383 0.106296 0.046147
25.432414 1.174894 32.915075 2.185509
0.416119 0.088780 0.000494 -0.000277
0.088780 0.042696 -0.000393 -0.000428
0.000494 -0.000393 0.505438 0.105502
-0.000277 -0.000428 0.105502 0.045905
25.924782 1.154932 33.442032 2.067775
0.409105 0.088306 0.000669 -0.000258
0.088306 0.042715 -0.000349 -0.000351
0.000669 -0.000349 0.497127 0.103525
-0.000258 -0.000351 0.103525 0.045453
26.665454 1.190741 34.255396 2.021707
0.403038 0.087921 -0.012119 -0.002913
0.087921 0.042703 -0.003120 -0.000870
-0.012119 -0.003120 0.498811 0.103859
-0.002913 -0.000870 0.103859 0.045533
27.445980 1.231375 35.704660 2.112883
0.403060 0.088734 -0.024130 -0.005144
0.088734 0.042907 -0.005460 -0.001259
-0.024130 -0.005460 0.519817 0.108181
-0.005144 -0.001259 0.108181 0.046435
28.138921 1.248629 36.931131 2.148189
0.400103 0.088645 -0.032263 -0.006376
0.088645 0.042855 -0.006730 -0.001410
-0.032263 -0.006730 0.534278 0.110726
-0.006376 -0.001410 0.110726 0.046890
28.663008 1.226730 38.227235 2.193767
0.402704 0.089662 -0.041504 -0.007756
0.089662 0.043027 -0.008162 -0.001603
-0.041504 -0.008162 0.552491 0.113838
-0.007756 -0.001603 0.113838 0.047439
28.706313 1.097168 38.671142 2.058171
0.403268 0.090027 -0.043323 -0.007547
0.090027 0.043022 -0.007938 -0.001467
-0.043323 -0.007938 0.542968 0.111052
-0.007547 -0.001467 0.111052 0.046758
29.515090 1.155330 39.671169 2.053384
0.426962 0.095450 -0.045833 -0.007478
0.095450 0.044141 -0.007904 -0.001386
-0.045833 -0.007904 0.552180 0.112457
-0.007478 -0.001386 0.112457 0.047023
29.844753 1.101265 40.942520 2.101800
0.386740 0.086048 -0.037319 -0.005573
0.086048 0.041860 -0.005483 -0.000923
-0.037319 -0.005483 0.562655 0.114114
-0.005573 -0.000923 0.114114 0.047343
30.396716 1.099991 41.701927 2.042888
0.338351 0.075766 -0.019858 -0.002144
0.075766 0.039605 -0.001457 -0.000196
-0.019858 -0.001457 0.555513 0.112177
-0.002144 -0.000196 0.112177 0.046935
31.100781 1.136152 42.918581 2.083001
0.350331 0.079931 -0.014609 -0.001184
0.079931 0.040754 -0.000550 -0.000078
-0.014609 -0.000550 0.556844 0.112144
-0.001184 -0.000078 0.112144 0.046953
31.929166 1.195215 43.744913 2.040861
0.354146 0.081638 0.000578 0.001636
0.081638 0.041175 0.002480 0.000454
0.000578 0.002480 0.535902 0.107740
0.001636 0.000454 0.107740 0.046109
32.479723 1.182362 44.147861 1.916361
0.373860 0.086643 0.002318 0.001563
0.086643 0.042273 0.002142 0.000290
0.002318 0.002142 0.508164 0.102352
0.001563 0.000290 0.102352 0.045128
33.276876 1.228571 44.430511 1.779763
0.399137 0.092304 0.006143 0.001963
0.092304 0.043406 0.002430 0.000289
0.006143 0.002430 0.480978 0.097533
0.001963 0.000289 0.097533 0.044323
33.855541 1.220438 45.350654 1.785939
0.434310 0.099563 -0.003691 -0.000425
0.099563 0.044805 -0.000320 -0.000316
-0.003691 -0.000320 0.480479 0.098484
-0.000425 -0.000316 0.098484 0.044717
34.607400 1.252746 46.649075 1.869834
0.473175 0.106873 -0.012982 -0.002447
0.106873 0.046112 -0.002558 -0.000754
-0.012982 -0.002558 0.483693 0.099994
-0.002447 -0.000754 0.099994 0.045147
35.327842 1.273736 47.741761 1.902716
0.498240 0.110404 -0.013218 -0.002382
0.110404 0.046508 -0.002511 -0.000681
-0.013218 -0.002511 0.462157 0.096110
-0.002382 -0.000681 0.096110 0.044385
