2.765402 2.068279 -0.322041 -1.020866
2.128536 0.851433 -0.403020 -0.161212
0.851433 80.344647 -0.161212 -0.064486
-0.403020 -0.161212 4.463495 1.785437
-0.161212 -0.064486 1.785437 80.718257
6.783392 7.367090 -1.163151 -1.453677
3.272878 5.784765 -1.222778 -1.846876
5.784765 17.584558 -2.095797 -4.218433
-1.222778 -2.095797 2.517950 3.978267
-1.846876 -4.218433 3.978267 19.778892
7.194861 3.906303 1.288176 2.188499
1.296618 1.454591 0.848045 1.190014
1.454591 3.409754 0.962260 0.918633
0.848045 0.962260 0.830628 1.123150
1.190014 0.918633 1.123150 4.375217
9.023668 3.321857 4.099409 4.498183
1.217056 1.140411 0.452007 0.193216
1.140411 1.654440 0.170996 -0.063017
0.452007 0.170996 1.119462 1.328962
0.193216 -0.063017 1.328962 2.243598
9.223095 2.330004 5.577916 4.038963
1.225004 0.901581 -0.026819 -0.181018
0.901581 0.909773 -0.180524 -0.194175
-0.026819 -0.180524 1.540765 1.299665
-0.181018 -0.194175 1.299665 1.323499
8.937368 1.622289 4.636642 2.293452
0.865750 0.516279 -0.506414 -0.355645
0.516279 0.436729 -0.359855 -0.201602
-0.506414 -0.359855 1.696502 1.068730
-0.355645 -0.201602 1.068730 0.783005
9.604157 1.545328 7.330039 3.055345
0.867389 0.427334 -0.381568 -0.191468
0.427334 0.289192 -0.192973 -0.068545
-0.381568 -0.192973 1.433875 0.707375
-0.191468 -0.068545 0.707375 0.415710
10.036341 1.392138 7.985535 2.692133
0.947477 0.398132 -0.313624 -0.116985
0.398132 0.221155 -0.118870 -0.026180
-0.313624 -0.118870 1.360857 0.555964
-0.116985 -0.026180 0.555964 0.273752
10.128956 1.162459 8.842396 2.508558
0.929250 0.337703 -0.321842 -0.097329
0.337703 0.163134 -0.100601 -0.018141
-0.321842 -0.100601 1.212517 0.422873
-0.097329 -0.018141 0.422873 0.183469
11.591787 1.423152 8.514832 2.032979
0.842350 0.270790 -0.273431 -0.068371
0.270790 0.119843 -0.070066 -0.008793
-0.273431 -0.070066 1.105972 0.339386
-0.068371 -0.008793 0.339386 0.134204
11.532401 1.197642 9.672631 2.056460
0.765071 0.221627 -0.256040 -0.055787
0.221627 0.092506 -0.057626 -0.006383
-0.256040 -0.057626 0.972861 0.267531
-0.055787 -0.006383 0.267531 0.100230
11.542088 1.059880 11.861687 2.342371
0.706166 0.188645 -0.193175 -0.034395
0.188645 0.076042 -0.036950 -0.001987
-0.193175 -0.036950 0.799551 0.201539
-0.034395 -0.001987 0.201539 0.075567
12.046123 1.035044 12.119209 2.121955
0.684972 0.170485 -0.185640 -0.029837
0.170485 0.066550 -0.032258 -0.001862
-0.185640 -0.032258 0.748605 0.176117
-0.029837 -0.001862 0.176117 0.065177
13.135859 1.150836 12.109397 1.890135
0.626061 0.146924 -0.164719 -0.024107
0.146924 0.057763 -0.025650 -0.001391
-0.164719 -0.025650 0.690469 0.153869
-0.024107 -0.001391 0.153869 0.057534
13.408872 1.097870 13.873689 2.062900
0.613788 0.138637 -0.113240 -0.011724
0.138637 0.054205 -0.013304 0.000645
-0.113240 -0.013304 0.631788 0.135787
-0.011724 0.000645 0.135787 0.052291
14.546521 1.238825 15.479029 2.196341
0.571002 0.124776 -0.074509 -0.004451
0.124776 0.050016 -0.005594 0.001373
-0.074509 -0.005594 0.574775 0.120440
-0.004451 0.001373 0.120440 0.048363
15.194399 1.240155 16.297476 2.138635
0.565273 0.120341 -0.070603 -0.004551
0.120341 0.048405 -0.005520 0.000694
-0.070603 -0.005520 0.564168 0.116149
-0.004551 0.000694 0.116149 0.047163
15.675075 1.211069 17.383483 2.139807
0.553730 0.115670 -0.057756 -0.002903
0.115670 0.047086 -0.003787 0.000492
-0.057756 -0.003787 0.541131 0.110180
-0.002903 0.000492 0.110180 0.045859
16.285079 1.220200 19.051358 2.261806
0.542346 0.112038 -0.028801 0.001907
0.112038 0.046257 0.001125 0.001036
-0.028801 0.001125 0.517131 0.105037
0.001907 0.001036 0.105037 0.044946
17.166238 1.276496 20.242254 2.277249
0.542788 0.111107 -0.023025 0.001769
0.111107 0.046059 0.001178 0.000640
-0.023025 0.001178 0.520454 0.105720
0.001769 0.000640 0.105720 0.045245
17.422991 1.196210 21.097349 2.215866
0.519250 0.105551 -0.020113 0.000931
0.105551 0.044973 0.000387 0.000125
-0.020113 0.000387 0.488505 0.099206
0.000931 0.000125 0.099206 0.044051
17.535505 1.098287 22.317782 2.235102
0.498906 0.101348 -0.014813 0.000863
0.101348 0.044291 0.000374 -0.000109
-0.014813 0.000374 0.461144 0.094272
0.000863 -0.000109 0.094272 0.043276
17.846661 1.046012 22.781949 2.098449
0.494598 0.100883 -0.006795 0.001627
0.100883 0.044427 0.001198 -0.000073
-0.006795 0.001198 0.454594 0.094020
0.001627 -0.000073 0.094020 0.043493
18.801966 1.133908 23.664065 2.065454
0.467115 0.095771 0.015939 0.005425
0.095771 0.043588 0.005033 0.000608
0.015939 0.005033 0.436245 0.091263
0.005425 0.000608 0.091263 0.043127
19.026877 1.063660 24.991414 2.127094
0.479016 0.099134 0.026585 0.006642
0.099134 0.044519 0.006277 0.000765
0.026585 0.006277 0.452124 0.095760
0.006642 0.000765 0.095760 0.044252
19.515617 1.054751 25.936330 2.101831
0.478937 0.099610 0.023577 0.004977
0.099610 0.044728 0.004697 0.000349
0.023577 0.004697 0.458229 0.097596
0.004977 0.000349 0.097596 0.044664
20.263121 1.101491 26.591024 2.016831
0.487447 0.101788 0.019535 0.003400
0.101788 0.045254 0.003183 0.000023
0.019535 0.003183 0.470669 0.100525
0.003400 0.000023 0.100525 0.045255
21.358367 1.214099 28.080494 2.118212
0.465759 0.097393 0.017595 0.002622
0.097393 0.044341 0.002399 -0.000078
0.017595 0.002399 0.472329 0.100802
0.002622 -0.000078 0.100802 0.045218
21.853811 1.190853 29.067340 2.103133
0.485530 0.102092 0.012039 0.001131
0.102092 0.045408 0.000953 -0.000323
0.012039 0.000953 0.495329 0.105594
0.001131 -0.000323 0.105594 0.046156
22.708780 1.244986 30.265382 2.133419
0.486659 0.102354 0.006104 -0.000157
0.102354 0.045427 -0.000334 -0.000491
0.006104 -0.000334 0.510321 0.108195
-0.000157 -0.000491 0.108195 0.046552
22.576315 1.086248 31.326702 2.134307
0.483937 0.101792 -0.010502 -0.003507
0.101792 0.045279 -0.003684 -0.001079
-0.010502 -0.003684 0.521127 0.109726
-0.003507 -0.001079 0.109726 0.046720
22.837732 1.025902 32.981832 2.257628
0.429666 0.090390 -0.013712 -0.003616
0.090390 0.042856 -0.003852 -0.000939
-0.013712 -0.003852 0.517797 0.108191
-0.003616 -0.000939 0.108191 0.046258
23.966616 1.157845 33.135312 2.054497
0.432427 0.092039 -0.006124 -0.001608
0.092039 0.043378 -0.001745 -0.000388
-0.006124 -0.001745 0.504250 0.104777
-0.001608 -0.000388 0.104777 0.045481
24.631596 1.176405 33.931359 2.006516
0.422643 0.090713 -0.020346 -0.004349
0.090713 0.043172 -0.004566 -0.000925
-0.020346 -0.004566 0.507058 0.105177
-0.004349 -0.000925 0.105177 0.045589
25.038795 1.136998 34.582571 1.933480
0.433800 0.093899 -0.025441 -0.004960
0.093899 0.043917 -0.005185 -0.000972
-0.025441 -0.005185 0.514284 0.106489
-0.004960 -0.000972 0.106489 0.045881
25.845697 1.188132 35.127406 1.846701
0.415093 0.090151 -0.035679 -0.006672
0.090151 0.043057 -0.006934 -0.001278
-0.035679 -0.006934 0.511935 0.105725
-0.006672 -0.001278 0.105725 0.045722
26.412394 1.180278 35.398356 1.711931
0.421906 0.092275 -0.029880 -0.004923
0.092275 0.043543 -0.005092 -0.000827
-0.029880 -0.005092 0.507658 0.104718
-0.004923 -0.000827 0.104718 0.045544
28.066105 1.414741 36.495995 1.765691
0.396310 0.086902 -0.041375 -0.007102
0.086902 0.042300 -0.007252 -0.001291
-0.041375 -0.007252 0.520129 0.107235
-0.007102 -0.001291 0.107235 0.046097
28.781983 1.418141 37.708841 1.833746
0.415465 0.091856 -0.047865 -0.007910
0.091856 0.043432 -0.008109 -0.001416
-0.047865 -0.008109 0.544371 0.111972
-0.007910 -0.001416 0.111972 0.047065
29.682054 1.459217 38.383740 1.785205
0.428858 0.094968 -0.043857 -0.006585
0.094968 0.044036 -0.006746 -0.001103
-0.043857 -0.006746 0.545445 0.111588
-0.006585 -0.001103 0.111588 0.046916
30.093564 1.389660 39.426682 1.813973
0.430057 0.094964 -0.046648 -0.006925
0.094964 0.043884 -0.007032 -0.001190
-0.046648 -0.007032 0.558403 0.113708
-0.006925 -0.001190 0.113708 0.047307
30.550662 1.339550 40.717957 1.890482
0.440115 0.096925 -0.047536 -0.006838
0.096925 0.044198 -0.006913 -0.001180
-0.047536 -0.006913 0.573043 0.116051
-0.006838 -0.001180 0.116051 0.047730
31.413262 1.381065 41.525192 1.863906
0.429720 0.094267 -0.036684 -0.004574
0.094267 0.043499 -0.004416 -0.000729
-0.036684 -0.004416 0.565615 0.113879
-0.004574 -0.000729 0.113879 0.047243
32.622040 1.496404 42.707266 1.917439
0.421568 0.092422 -0.021830 -0.001730
0.092422 0.043066 -0.001283 -0.000182
-0.021830 -0.001283 0.564495 0.113306
-0.001730 -0.000182 0.113306 0.047150
33.011083 1.416617 43.498521 1.881924
0.425009 0.093220 -0.021091 -0.001908
0.093220 0.043236 -0.001645 -0.000356
-0.021091 -0.001645 0.548038 0.109697
-0.001908 -0.000356 0.109697 0.046452
33.427776 1.348733 43.630448 1.718334
0.458144 0.100378 -0.035447 -0.004929
0.100378 0.044772 -0.005267 -0.001122
-0.035447 -0.005267 0.523363 0.104761
-0.004929 -0.001122 0.104761 0.045542
34.151094 1.359982 44.611581 1.743151
0.483035 0.105056 -0.037247 -0.005187
0.105056 0.045643 -0.005629 -0.001173
-0.037247 -0.005629 0.518749 0.104376
-0.005187 -0.001173 0.104376 0.045624
35.311931 1.464589 45.680018 1.785385
0.490918 0.105758 -0.015909 -0.000827
0.105758 0.045629 -0.001072 -0.000245
-0.015909 -0.001072 0.491892 0.099585
-0.000827 -0.000245 0.099585 0.044802
35.846316 1.423198 46.785919 1.828160
0.505381 0.107796 -0.020567 -0.002120
0.107796 0.045922 -0.002484 -0.000599
-0.020567 -0.002484 0.475455 0.097125
-0.002120 -0.000599 0.097125 0.044459
36.353684 1.378107 47.157232 1.715249
0.523926 0.110616 -0.027748 -0.003775
0.110616 0.046397 -0.004293 -0.000991
-0.027748 -0.004293 0.441130 0.091043
-0.003775 -0.000991 0.091043 0.043346
