-0.143827 0.904562 -2.117398 -1.739025
1.926982 0.770809 0.115687 0.046276
0.770809 80.312397 0.046276 0.018511
0.115687 0.046276 4.212350 1.684977
0.046276 0.018511 1.684977 80.678072
2.215347 4.295181 0.876106 4.471268
3.310610 5.964561 -1.633598 -2.664728
5.964561 17.514596 -2.956853 -4.511136
-1.633598 -2.956853 2.268684 3.672956
-2.664728 -4.511136 3.672956 18.875191
5.470871 5.595657 3.774549 5.548163
2.766074 2.996688 -0.980429 -0.800303
2.996688 4.827509 -0.929639 -0.951034
-0.980429 -0.929639 1.743978 2.132524
-0.800303 -0.951034 2.132524 5.085501
7.572333 5.019570 6.001635 4.958963
1.982345 1.527999 -0.829861 -0.588157
1.527999 1.802701 -0.552097 -0.532153
-0.829861 -0.552097 2.214459 2.018193
-0.588157 -0.532153 2.018193 2.636734
8.436335 3.885578 4.757298 2.263445
1.110538 0.659105 -1.212155 -0.786772
0.659105 0.704636 -0.699223 -0.546498
-1.212155 -0.699223 2.032011 1.354682
-0.786772 -0.546498 1.354682 1.258210
9.021958 3.120994 6.615413 2.576532
0.693695 0.369950 -0.632740 -0.312167
0.369950 0.377086 -0.258151 -0.182743
-0.632740 -0.258151 1.571167 0.863147
-0.312167 -0.182743 0.863147 0.670786
10.385068 3.022588 8.021009 2.622808
0.759772 0.375572 -0.501341 -0.201979
0.375572 0.294335 -0.176991 -0.109309
-0.501341 -0.176991 1.429411 0.660415
-0.201979 -0.109309 0.660415 0.427213
10.703088 2.410586 7.926306 2.012658
0.762104 0.328085 -0.499832 -0.181023
0.328085 0.211969 -0.170601 -0.090310
-0.499832 -0.170601 1.320336 0.523939
-0.181023 -0.090310 0.523939 0.291061
11.309033 2.167484 8.852765 1.971960
0.785872 0.302292 -0.386117 -0.121960
0.302292 0.166978 -0.115264 -0.057116
-0.386117 -0.115264 1.181074 0.414028
-0.121960 -0.057116 0.414028 0.206490
10.929809 1.619912 8.571526 1.548254
0.629116 0.212072 -0.427783 -0.128088
0.212072 0.110547 -0.126843 -0.054029
-0.427783 -0.126843 1.012571 0.317312
-0.128088 -0.054029 0.317312 0.147603
11.485963 1.529155 8.951059 1.429647
0.607369 0.187991 -0.383127 -0.104201
0.187991 0.090592 -0.103309 -0.040287
-0.383127 -0.103309 0.936119 0.268731
-0.104201 -0.040287 0.268731 0.117116
12.492946 1.606123 9.887779 1.492940
0.584032 0.168471 -0.300275 -0.073988
0.168471 0.076875 -0.072752 -0.027378
-0.300275 -0.072752 0.836568 0.223095
-0.073988 -0.027378 0.223095 0.094156
13.227140 1.582725 10.399751 1.432397
0.594242 0.160656 -0.267522 -0.061032
0.160656 0.069123 -0.059977 -0.021206
-0.267522 -0.059977 0.806281 0.202142
-0.061032 -0.021206 0.202142 0.081830
14.015769 1.590921 11.672211 1.566424
0.536896 0.137049 -0.199230 -0.041971
0.137049 0.059078 -0.040912 -0.014725
-0.199230 -0.040912 0.694704 0.165180
-0.041971 -0.014725 0.165180 0.068095
14.564223 1.534347 12.795218 1.642475
0.537411 0.131471 -0.149425 -0.028953
0.131471 0.055327 -0.027910 -0.010393
-0.149425 -0.027910 0.649837 0.148825
-0.028953 -0.010393 0.148825 0.061354
15.248060 1.516246 13.759757 1.673806
0.545339 0.128188 -0.131297 -0.024404
0.128188 0.052780 -0.023629 -0.008565
-0.131297 -0.023629 0.630564 0.140025
-0.024404 -0.008565 0.140025 0.057322
15.766537 1.465470 14.994752 1.758635
0.545492 0.123990 -0.097723 -0.016826
0.123990 0.050606 -0.016159 -0.006264
-0.097723 -0.016159 0.599266 0.129857
-0.016826 -0.006264 0.129857 0.053681
16.925000 1.557196 15.550209 1.692414
0.542698 0.119792 -0.081001 -0.013506
0.119792 0.048834 -0.012834 -0.005100
-0.081001 -0.012834 0.596434 0.126881
-0.013506 -0.005100 0.126881 0.052088
17.481144 1.508308 16.294089 1.669608
0.538290 0.116036 -0.068246 -0.011152
0.116036 0.047499 -0.010618 -0.004273
-0.068246 -0.010618 0.580103 0.121435
-0.011152 -0.004273 0.121435 0.050240
18.359750 1.537838 17.649389 1.778196
0.523945 0.110868 -0.060062 -0.009828
0.110868 0.046115 -0.009460 -0.003741
-0.060062 -0.009460 0.550516 0.113889
-0.009828 -0.003741 0.113889 0.048223
18.941982 1.503037 19.380759 1.951034
0.502626 0.105166 -0.032502 -0.004473
0.105166 0.044862 -0.004191 -0.002402
-0.032502 -0.004191 0.510651 0.105145
-0.004473 -0.002402 0.105145 0.046223
19.134972 1.387470 20.550200 1.989224
0.507199 0.105514 -0.027648 -0.004026
0.105514 0.045010 -0.003821 -0.002155
-0.027648 -0.003821 0.505804 0.104354
-0.004026 -0.002155 0.104354 0.046034
19.439762 1.306578 21.434770 1.965499
0.475850 0.098530 -0.020185 -0.003003
0.098530 0.043647 -0.002861 -0.001809
-0.020185 -0.002861 0.468420 0.096860
-0.003003 -0.001809 0.096860 0.044469
19.992082 1.287022 23.140027 2.116117
0.472714 0.098135 -0.023283 -0.004043
0.098135 0.043772 -0.003926 -0.001883
-0.023283 -0.003926 0.464455 0.096895
-0.004043 -0.001883 0.096895 0.044574
21.041054 1.371642 24.282016 2.134357
0.469815 0.097881 -0.009654 -0.001345
0.097881 0.043904 -0.001269 -0.001161
-0.009654 -0.001269 0.466259 0.098031
-0.001345 -0.001161 0.098031 0.044869
21.234625 1.268507 25.118770 2.085271
0.457452 0.095644 -0.014859 -0.002783
0.095644 0.043584 -0.002710 -0.001362
-0.014859 -0.002710 0.455245 0.096207
-0.002783 -0.001362 0.096207 0.044477
21.719811 1.237189 26.208045 2.095095
0.459738 0.096686 0.001384 0.000581
0.096686 0.043960 0.000606 -0.000526
0.001384 0.000606 0.462385 0.098317
0.000581 -0.000526 0.098317 0.044934
22.378267 1.245647 26.774530 1.992520
0.436551 0.092191 0.012498 0.002606
0.092191 0.043105 0.002603 -0.000041
0.012498 0.002603 0.443368 0.094531
0.002606 -0.000041 0.094531 0.044070
23.507894 1.353775 27.618549 1.959252
0.433047 0.092248 -0.004606 -0.001510
0.092248 0.043264 -0.001493 -0.000887
-0.004606 -0.001493 0.445033 0.095467
-0.001510 -0.000887 0.095467 0.044281
24.133436 1.342878 28.484097 1.934746
0.435048 0.093358 -0.008583 -0.002328
0.093358 0.043593 -0.002317 -0.000945
-0.008583 -0.002317 0.452934 0.097532
-0.002328 -0.000945 0.097532 0.044689
25.199174 1.427504 30.046315 2.062639
0.402617 0.086841 -0.017981 -0.004173
0.086841 0.042218 -0.004184 -0.001224
-0.017981 -0.004184 0.444766 0.095857
-0.004173 -0.001224 0.095857 0.044245
25.514612 1.340604 31.185344 2.085847
0.388505 0.084777 -0.017055 -0.003631
0.084777 0.041889 -0.003635 -0.000976
-0.017055 -0.003635 0.447989 0.096746
-0.003631 -0.000976 0.096746 0.044390
25.476562 1.183990 32.134952 2.065090
0.395150 0.087303 -0.017859 -0.003529
0.087303 0.042543 -0.003527 -0.000864
-0.017859 -0.003527 0.464449 0.100355
-0.003529 -0.000864 0.100355 0.045103
26.087118 1.188336 33.312337 2.096317
0.409974 0.091224 -0.025523 -0.004923
0.091224 0.043401 -0.004962 -0.001106
-0.025523 -0.004962 0.487814 0.105047
-0.004923 -0.001106 0.105047 0.045986
26.463764 1.139472 34.192200 2.059853
0.408154 0.090941 -0.021583 -0.003741
0.090941 0.043226 -0.003715 -0.000771
-0.021583 -0.003715 0.495706 0.105981
-0.003741 -0.000771 0.105981 0.046004
27.363188 1.213239 35.299989 2.077220
0.398273 0.088768 -0.038756 -0.007224
0.088768 0.042631 -0.007328 -0.001520
-0.038756 -0.007328 0.509129 0.108014
-0.007224 -0.001520 0.108014 0.046278
27.508283 1.111234 36.696187 2.150907
0.398311 0.089025 -0.037406 -0.006446
0.089025 0.042643 -0.006434 -0.001252
-0.037406 -0.006434 0.530212 0.111592
-0.006446 -0.001252 0.111592 0.046898
27.734301 1.038314 38.002762 2.197724
0.403480 0.090347 -0.034403 -0.005444
0.090347 0.042885 -0.005338 -0.000984
-0.034403 -0.005338 0.546645 0.113939
-0.005444 -0.000984 0.113939 0.047240
28.276039 1.041233 38.643399 2.103165
0.422661 0.094581 -0.040892 -0.006493
0.094581 0.043742 -0.006608 -0.001230
-0.040892 -0.006608 0.547438 0.112905
-0.006493 -0.001230 0.112905 0.046886
28.892913 1.058396 38.849320 1.930316
0.413321 0.092041 -0.035930 -0.005269
0.092041 0.043026 -0.005301 -0.000966
-0.035930 -0.005301 0.532322 0.108929
-0.005269 -0.000966 0.108929 0.046019
30.052244 1.200022 40.062160 1.984216
0.381754 0.084838 -0.032585 -0.004649
0.084838 0.041361 -0.004362 -0.000833
-0.032585 -0.004362 0.548266 0.111809
-0.004649 -0.000833 0.111809 0.046658
30.618399 1.193723 41.295951 2.033149
0.385221 0.086174 -0.027864 -0.003633
0.086174 0.041754 -0.003278 -0.000637
-0.027864 -0.003278 0.556868 0.113010
-0.003633 -0.000637 0.113010 0.046915
31.627121 1.284324 41.915291 1.954905
0.377677 0.084868 -0.014476 -0.001037
0.084868 0.041500 -0.000483 -0.000124
-0.014476 -0.000483 0.542961 0.109691
-0.001037 -0.000124 0.109691 0.046264
31.792283 1.176178 42.804838 1.935167
0.396778 0.089541 -0.022451 -0.002870
0.089541 0.042576 -0.002707 -0.000633
-0.022451 -0.002707 0.541237 0.109138
-0.002870 -0.000633 0.109138 0.046224
33.418427 1.405683 42.639783 1.710748
0.289900 0.065611 0.055168 0.012256
0.065611 0.037166 0.014402 0.002701
0.055168 0.014402 0.479663 0.096966
0.012256 0.002701 0.096966 0.043915
33.971955 1.370928 43.229696 1.656672
0.322129 0.075378 0.041238 0.007957
0.075378 0.039815 0.009295 0.001395
0.041238 0.009295 0.478561 0.097825
0.007957 0.001395 0.097825 0.044352
34.645591 1.368008 44.093825 1.664117
0.354188 0.083868 0.031486 0.005012
0.083868 0.041825 0.005905 0.000604
0.031486 0.005905 0.479628 0.098962
0.005012 0.000604 0.098962 0.044763
36.043049 1.539131 44.383604 1.547473
0.348945 0.082213 0.075293 0.013796
0.082213 0.041148 0.016027 0.002774
0.075293 0.016027 0.409910 0.084880
0.013796 0.002774 0.084880 0.041871
36.390897 1.437200 45.392451 1.601682
0.376819 0.088938 0.051273 0.007347
0.088938 0.042639 0.008690 0.001056
0.051273 0.008690 0.423584 0.089922
0.007347 0.001056 0.089922 0.043286
36.935017 1.395327 46.289142 1.624232
0.411449 0.096418 0.029298 0.002019
0.096418 0.044150 0.003013 -0.000127
0.029298 0.003013 0.425307 0.091636
0.002019 -0.000127 0.091636 0.043769
