0.372824 1.111227 2.325584 0.038207
2.659358 1.063766 -0.711454 -0.284588
1.063766 80.429582 -0.284588 -0.113838
-0.711454 -0.284588 4.359690 1.743914
-0.284588 -0.113838 1.743914 80.701647
6.799569 11.079340 -1.602420 -5.972200
2.243704 3.814918 -1.407438 -2.134953
3.814918 15.346353 -2.241450 -5.207878
-1.407438 -2.241450 3.657819 5.790223
-2.134953 -5.207878 5.790223 22.374590
8.637565 6.997863 0.489787 -0.434813
1.226804 1.521653 0.852228 1.104983
1.521653 3.843494 1.065478 0.699245
0.852228 1.065478 0.718457 0.914233
1.104983 0.699245 0.914233 4.305076
7.548114 1.699700 0.522069 2.020985
0.677581 0.519565 0.688109 0.715081
0.519565 0.903584 0.380853 0.490704
0.688109 0.380853 1.103685 1.328080
0.715081 0.490704 1.328080 2.059516
8.465197 1.251785 4.293365 4.423445
0.696366 0.504503 0.508014 0.332883
0.504503 0.571319 0.274521 0.258027
0.508014 0.274521 0.881291 0.689230
0.332883 0.258027 0.689230 0.705090
8.337181 0.855213 5.518374 3.851930
0.654538 0.405078 0.220683 0.094962
0.405078 0.358161 0.054211 0.063772
0.220683 0.054211 0.936279 0.575755
0.094962 0.063772 0.575755 0.440113
7.961871 0.521581 5.627948 2.970466
0.558913 0.298991 -0.154074 -0.089750
0.298991 0.223473 -0.122500 -0.032817
-0.154074 -0.122500 0.894156 0.447043
-0.089750 -0.032817 0.447043 0.276733
8.410280 0.589450 8.295793 3.464844
0.677726 0.305114 -0.176595 -0.069365
0.305114 0.180094 -0.091093 -0.013551
-0.176595 -0.091093 0.905859 0.376661
-0.069365 -0.013551 0.376661 0.194388
8.790075 0.619798 8.740351 3.002473
0.733315 0.282525 -0.275792 -0.086793
0.282525 0.141120 -0.104946 -0.018046
-0.275792 -0.104946 0.781191 0.276633
-0.086793 -0.018046 0.276633 0.127726
9.672691 0.808741 9.734500 2.853051
0.736261 0.248071 -0.265349 -0.067719
0.248071 0.110249 -0.080705 -0.009892
-0.265349 -0.080705 0.745641 0.233549
-0.067719 -0.009892 0.233549 0.098587
9.710975 0.697404 11.220727 2.860641
0.710977 0.213491 -0.257268 -0.056014
0.213491 0.087674 -0.066330 -0.006696
-0.257268 -0.066330 0.656977 0.184951
-0.056014 -0.006696 0.184951 0.075081
10.969322 0.942491 12.201674 2.765243
0.702293 0.191634 -0.244504 -0.045941
0.191634 0.074240 -0.053466 -0.004236
-0.244504 -0.053466 0.647303 0.168076
-0.045941 -0.004236 0.168076 0.065408
10.972540 0.800021 12.774103 2.546456
0.691561 0.174157 -0.226825 -0.037204
0.174157 0.065021 -0.043320 -0.002764
-0.226825 -0.043320 0.614948 0.149046
-0.037204 -0.002764 0.149046 0.057312
11.592100 0.855786 14.133584 2.573513
0.663410 0.156538 -0.193027 -0.027021
0.156538 0.057846 -0.031714 -0.001141
-0.193027 -0.031714 0.580675 0.133630
-0.027021 -0.001141 0.133630 0.051781
13.106510 1.084282 14.577159 2.410570
0.616842 0.138382 -0.148381 -0.016678
0.138382 0.052042 -0.019198 0.000501
-0.148381 -0.019198 0.573162 0.127396
-0.016678 0.000501 0.127396 0.049427
14.113299 1.174024 15.264547 2.308324
0.590267 0.126933 -0.138717 -0.015069
0.126933 0.048545 -0.016711 -0.000029
-0.138717 -0.016711 0.559415 0.120047
-0.015069 -0.000029 0.120047 0.047096
15.110848 1.242208 15.587924 2.139936
0.528684 0.110140 -0.125095 -0.013739
0.110140 0.044539 -0.014745 -0.000656
-0.125095 -0.014745 0.508288 0.106160
-0.013739 -0.000656 0.106160 0.043813
15.948994 1.287265 16.631153 2.139441
0.509332 0.105185 -0.086825 -0.006264
0.105185 0.043733 -0.006990 0.000379
-0.086825 -0.006990 0.494317 0.102700
-0.006264 0.000379 0.102700 0.043357
16.003114 1.164373 17.690383 2.124508
0.504566 0.103435 -0.075285 -0.004902
0.103435 0.043581 -0.005690 0.000075
-0.075285 -0.005690 0.480599 0.099227
-0.004902 0.000075 0.099227 0.042842
16.549758 1.153040 18.538261 2.079037
0.501669 0.102312 -0.072686 -0.005492
0.102312 0.043579 -0.006127 -0.000491
-0.072686 -0.006127 0.477957 0.098444
-0.005492 -0.000491 0.098444 0.042931
17.371550 1.212404 20.109073 2.194075
0.485540 0.099204 -0.044878 -0.000949
0.099204 0.043277 -0.001541 0.000064
-0.044878 -0.001541 0.460954 0.095345
-0.000949 0.000064 0.095345 0.042630
17.904794 1.187282 20.488880 2.043102
0.487428 0.100092 -0.020845 0.002775
0.100092 0.043799 0.002256 0.000529
-0.020845 0.002256 0.465230 0.096931
0.002775 0.000529 0.096931 0.043300
18.923098 1.274636 21.494272 2.044575
0.496174 0.102062 -0.019008 0.001695
0.102062 0.044421 0.001344 0.000040
-0.019008 0.001344 0.481177 0.100515
0.001695 0.000040 0.100515 0.044240
18.400529 1.043430 23.453165 2.230216
0.450975 0.093093 0.017741 0.007681
0.093093 0.042786 0.007230 0.000981
0.017741 0.007230 0.426831 0.089412
0.007681 0.000981 0.089412 0.042084
18.727122 1.002350 24.471421 2.208738
0.454892 0.094835 0.022250 0.006993
0.094835 0.043429 0.006616 0.000643
0.022250 0.006616 0.431447 0.091426
0.006993 0.000643 0.091426 0.042787
18.824356 0.917107 25.274113 2.143551
0.462474 0.097112 0.024721 0.006166
0.097112 0.044084 0.005849 0.000371
0.024721 0.005849 0.437945 0.093555
0.006166 0.000371 0.093555 0.043404
18.918565 0.840400 26.188772 2.109991
0.457396 0.096437 0.034374 0.007167
0.096437 0.044029 0.006875 0.000562
0.034374 0.006875 0.436335 0.093656
0.007167 0.000562 0.093656 0.043498
19.738310 0.925245 27.195936 2.098603
0.464537 0.098386 0.029753 0.005175
0.098386 0.044517 0.004928 0.000138
0.029753 0.004928 0.452993 0.097641
0.005175 0.000138 0.097641 0.044403
20.927931 1.080120 28.145328 2.074187
0.459607 0.097565 0.017778 0.002019
0.097565 0.044362 0.001803 -0.000454
0.017778 0.001803 0.461439 0.099441
0.002019 -0.000454 0.099441 0.044746
21.808839 1.151461 29.454734 2.131314
0.453070 0.096444 0.005646 -0.000713
0.096444 0.044146 -0.000941 -0.000891
0.005646 -0.000941 0.473386 0.101806
-0.000713 -0.000891 0.101806 0.045184
22.451202 1.164030 30.931493 2.219083
0.450205 0.096116 0.004474 -0.000761
0.096116 0.044094 -0.001028 -0.000724
0.004474 -0.001028 0.491589 0.105240
-0.000761 -0.000724 0.105240 0.045813
23.937677 1.358143 31.910352 2.188307
0.436788 0.093543 -0.005979 -0.002717
0.093543 0.043561 -0.002997 -0.000980
-0.005979 -0.002997 0.493529 0.104943
-0.002717 -0.000980 0.104943 0.045619
24.749034 1.386949 32.869017 2.159358
0.443132 0.095370 -0.006506 -0.002428
0.095370 0.043996 -0.002668 -0.000757
-0.006506 -0.002668 0.504840 0.106709
-0.002428 -0.000757 0.106709 0.045906
25.575110 1.416139 33.598440 2.085609
0.450803 0.097235 -0.004977 -0.001755
0.097235 0.044382 -0.001936 -0.000490
-0.004977 -0.001936 0.510511 0.107195
-0.001755 -0.000490 0.107195 0.045925
26.295076 1.418762 34.588234 2.074534
0.437649 0.094404 -0.021918 -0.005005
0.094404 0.043720 -0.005289 -0.001113
-0.021918 -0.005289 0.517926 0.108114
-0.005005 -0.001113 0.108114 0.046066
27.188737 1.458578 35.278749 2.002609
0.440866 0.095339 -0.030232 -0.006182
0.095339 0.043924 -0.006482 -0.001249
-0.030232 -0.006482 0.521928 0.108313
-0.006182 -0.001249 0.108313 0.046068
27.891952 1.452372 35.872188 1.918319
0.459833 0.099552 -0.029800 -0.005475
0.099552 0.044811 -0.005733 -0.000994
-0.029800 -0.005733 0.526258 0.108663
-0.005475 -0.000994 0.108663 0.046126
28.726359 1.475015 36.512637 1.853018
0.455175 0.098194 -0.037244 -0.006576
0.098194 0.044409 -0.006840 -0.001179
-0.037244 -0.006840 0.529327 0.108794
-0.006576 -0.001179 0.108794 0.046150
29.949935 1.580206 37.560071 1.879448
0.430983 0.092765 -0.048310 -0.008450
0.092765 0.043178 -0.008659 -0.001528
-0.048310 -0.008659 0.541266 0.110799
-0.008450 -0.001528 0.110799 0.046570
30.315582 1.489592 38.792956 1.937342
0.439702 0.094996 -0.052327 -0.008650
0.094996 0.043717 -0.008827 -0.001502
-0.052327 -0.008827 0.559467 0.113988
-0.008650 -0.001502 0.113988 0.047214
31.013130 1.479030 39.704270 1.925433
0.462747 0.100040 -0.060830 -0.009746
0.100040 0.044796 -0.010086 -0.001707
-0.060830 -0.010086 0.568530 0.115068
-0.009746 -0.001707 0.115068 0.047386
31.578284 1.443531 41.009194 1.993372
0.470026 0.101182 -0.062941 -0.009622
0.101182 0.044939 -0.009889 -0.001642
-0.062941 -0.009889 0.581649 0.117009
-0.009622 -0.001642 0.117009 0.047748
31.890882 1.357892 42.346368 2.058724
0.479287 0.102670 -0.065345 -0.009637
0.102670 0.045161 -0.009913 -0.001644
-0.065345 -0.009913 0.587451 0.117397
-0.009637 -0.001644 0.117397 0.047791
32.645996 1.374561 43.424013 2.068952
0.472942 0.100849 -0.050590 -0.006420
0.100849 0.044702 -0.006497 -0.000997
-0.050590 -0.006497 0.571900 0.113737
-0.006420 -0.000997 0.113737 0.047074
32.768470 1.254941 44.574501 2.087720
0.486346 0.103320 -0.057662 -0.007751
0.103320 0.045186 -0.008083 -0.001376
-0.057662 -0.008083 0.562943 0.111662
-0.007751 -0.001376 0.111662 0.046718
33.274117 1.228384 45.526897 2.068551
0.492277 0.104142 -0.047504 -0.005621
0.104142 0.045320 -0.006019 -0.001007
-0.047504 -0.006019 0.534525 0.106102
-0.005621 -0.001007 0.106102 0.045731
33.677805 1.182900 46.421587 2.039014
0.519581 0.109323 -0.056341 -0.007349
0.109323 0.046353 -0.008087 -0.001462
-0.056341 -0.008087 0.518974 0.103470
-0.007349 -0.001462 0.103470 0.045367
34.368161 1.205187 47.654649 2.082839
0.526041 0.109861 -0.041596 -0.004356
0.109861 0.046378 -0.005096 -0.000895
-0.041596 -0.005096 0.490614 0.098622
-0.004356 -0.000895 0.098622 0.044591
35.096483 1.227945 48.206357 1.983896
0.527201 0.109386 -0.022212 -0.000715
0.109386 0.046228 -0.001618 -0.000275
-0.022212 -0.001618 0.436205 0.088782
-0.000715 -0.000275 0.088782 0.042813
35.848585 1.251678 48.367276 1.811785
0.532286 0.109832 -0.008707 0.001493
0.109832 0.046303 0.000416 0.000029
-0.008707 0.000416 0.384542 0.079984
0.001493 0.000029 0.079984 0.041281
