0.396285 1.120612 0.008580 -0.888615
0.927245 0.370906 0.999839 0.399944
0.370906 80.152432 0.399944 0.159981
0.999839 0.399944 2.920826 1.168356
0.399944 0.159981 1.168356 80.471419
3.313279 5.414659 1.583706 2.356826
3.071622 6.017660 -1.879798 -3.512288
6.017660 15.068046 -3.790038 -3.954857
-1.879798 -3.790038 2.300458 4.122939
-3.512288 -3.954857 4.122939 16.872863
6.250676 5.357378 0.655566 -0.393396
2.704140 2.936884 -0.798431 -0.391196
2.936884 3.857697 -0.546088 0.362144
-0.798431 -0.546088 2.366714 2.955515
-0.391196 0.362144 2.955515 5.345545
7.531034 4.539708 3.439978 2.019954
1.589440 1.215581 0.289274 0.445716
1.215581 1.174188 0.307464 0.497494
0.289274 0.307464 1.160916 1.042058
0.445716 0.497494 1.042058 1.453328
8.411682 3.701202 3.361974 1.214497
0.983938 0.567209 0.114639 0.128725
0.567209 0.454539 0.123970 0.141639
0.114639 0.123970 1.436336 0.973323
0.128725 0.141639 0.973323 0.892191
7.877510 2.595224 4.959836 1.672279
0.351480 0.170996 0.183709 0.109354
0.170996 0.161694 0.119503 0.082012
0.183709 0.119503 1.339009 0.723775
0.109354 0.082012 0.723775 0.520666
8.832787 2.441658 5.630473 1.593488
0.369346 0.164581 0.050741 0.027845
0.164581 0.126260 0.033074 0.023786
0.050741 0.033074 1.221299 0.546895
0.027845 0.023786 0.546895 0.327868
9.620509 2.270109 7.057288 1.830820
0.421974 0.170226 -0.029596 -0.006712
0.170226 0.107274 -0.006167 0.003488
-0.029596 -0.006167 1.094386 0.420210
-0.006712 0.003488 0.420210 0.220199
10.903938 2.326417 8.411989 1.981320
0.489307 0.177515 -0.085505 -0.023483
0.177515 0.094848 -0.025680 -0.004248
-0.085505 -0.025680 1.017040 0.343625
-0.023483 -0.004248 0.343625 0.161318
10.959079 1.960181 9.016603 1.850506
0.504899 0.164850 -0.151137 -0.040008
0.164850 0.079606 -0.044085 -0.009939
-0.151137 -0.044085 0.893435 0.270331
-0.040008 -0.009939 0.270331 0.118872
11.700694 1.897863 11.088064 2.167586
0.541153 0.161509 -0.148624 -0.033924
0.161509 0.071346 -0.038158 -0.007518
-0.148624 -0.038158 0.797334 0.220813
-0.033924 -0.007518 0.220813 0.093218
12.128186 1.745746 11.401525 1.958941
0.558840 0.153510 -0.177385 -0.037754
0.153510 0.063868 -0.042233 -0.008282
-0.177385 -0.042233 0.740517 0.190282
-0.037754 -0.008282 0.190282 0.077790
12.882015 1.707355 11.707732 1.791180
0.543361 0.138954 -0.186012 -0.036749
0.138954 0.056540 -0.040707 -0.007682
-0.186012 -0.040707 0.680122 0.164368
-0.036749 -0.007682 0.164368 0.066610
13.887617 1.750576 13.052938 1.899970
0.540691 0.130963 -0.156994 -0.027045
0.130963 0.052498 -0.030303 -0.005015
-0.156994 -0.030303 0.639270 0.147806
-0.027045 -0.005015 0.147806 0.059809
13.943236 1.557047 13.940341 1.870236
0.543845 0.125638 -0.158086 -0.025668
0.125638 0.049839 -0.028743 -0.004710
-0.158086 -0.028743 0.606959 0.135047
-0.025668 -0.004710 0.135047 0.054896
14.787286 1.574968 15.084526 1.917784
0.524095 0.117009 -0.115286 -0.015341
0.117009 0.047153 -0.017802 -0.002443
-0.115286 -0.017802 0.564218 0.122646
-0.015341 -0.002443 0.122646 0.051045
15.384575 1.532325 15.988533 1.902330
0.536369 0.116561 -0.100919 -0.011897
0.116561 0.046664 -0.014056 -0.001837
-0.100919 -0.014056 0.563491 0.120379
-0.011897 -0.001837 0.120379 0.049831
16.142022 1.521003 16.251328 1.755430
0.535987 0.113911 -0.081085 -0.007966
0.113911 0.045893 -0.009653 -0.001176
-0.081085 -0.009653 0.564345 0.118898
-0.007966 -0.001176 0.118898 0.049022
16.825462 1.511056 17.628298 1.859016
0.524763 0.109519 -0.070916 -0.006657
0.109519 0.044904 -0.008188 -0.001193
-0.070916 -0.008188 0.536388 0.111476
-0.006657 -0.001193 0.111476 0.047087
17.144228 1.422334 18.729902 1.888673
0.536813 0.110771 -0.060612 -0.005042
0.110771 0.045269 -0.006453 -0.001025
-0.060612 -0.006453 0.536570 0.110823
-0.005042 -0.001025 0.110823 0.046822
17.901676 1.431418 19.633404 1.880810
0.513117 0.105013 -0.030547 0.000079
0.105013 0.044244 -0.001095 -0.000181
-0.030547 -0.001095 0.508764 0.104775
0.000079 -0.000181 0.104775 0.045545
18.329402 1.370665 20.342502 1.830120
0.504884 0.103070 -0.010725 0.002926
0.103070 0.044097 0.001911 0.000201
-0.010725 0.001911 0.496362 0.102374
0.002926 0.000201 0.102374 0.045119
19.428011 1.456987 21.583206 1.900627
0.497269 0.101426 -0.011049 0.001515
0.101426 0.043999 0.000722 -0.000256
-0.011049 0.000722 0.491581 0.101582
0.001515 -0.000256 0.101582 0.045019
19.601428 1.342332 22.261274 1.841035
0.483221 0.098823 0.009893 0.004791
0.098823 0.043729 0.004088 0.000322
0.009893 0.004088 0.473820 0.098292
0.004791 0.000322 0.098292 0.044430
20.011763 1.289576 23.557632 1.918556
0.479174 0.098460 0.008608 0.003367
0.098460 0.043903 0.002807 -0.000056
0.008608 0.002807 0.470426 0.098129
0.003367 -0.000056 0.098129 0.044498
20.027780 1.159878 24.777106 1.972154
0.471837 0.097464 0.021295 0.005177
0.097464 0.043906 0.004691 0.000308
0.021295 0.004691 0.464607 0.097432
0.005177 0.000308 0.097432 0.044428
20.992514 1.239527 26.066834 2.036021
0.458900 0.095373 0.007687 0.001451
0.095373 0.043653 0.001097 -0.000473
0.007687 0.001097 0.461696 0.097322
0.001451 -0.000473 0.097322 0.044460
20.914679 1.094347 26.549440 1.923462
0.447131 0.093643 0.004624 0.000459
0.093643 0.043459 0.000187 -0.000586
0.004624 0.000187 0.449446 0.095163
0.000459 -0.000586 0.095163 0.044032
21.643207 1.131992 27.843561 1.993981
0.428183 0.090432 0.014628 0.002452
0.090432 0.042921 0.002194 -0.000056
0.014628 0.002194 0.445231 0.094813
0.002452 -0.000056 0.094813 0.043998
22.136196 1.116445 28.820778 1.989912
0.436554 0.093229 0.016637 0.002571
0.093229 0.043666 0.002343 0.000027
0.016637 0.002343 0.459659 0.098403
0.002571 0.000027 0.098403 0.044788
23.115599 1.205695 30.247857 2.081355
0.433793 0.093267 0.007347 0.000365
0.093267 0.043717 0.000121 -0.000388
0.007347 0.000121 0.474673 0.101717
0.000365 -0.000388 0.101717 0.045437
23.698782 1.202569 30.897296 1.997790
0.442844 0.095700 0.013046 0.001612
0.095700 0.044243 0.001431 -0.000011
0.013046 0.001431 0.482975 0.103189
0.001612 -0.000011 0.103189 0.045625
24.436836 1.232748 31.702797 1.956251
0.466206 0.100948 0.004820 -0.000240
0.100948 0.045323 -0.000409 -0.000352
0.004820 -0.000409 0.502285 0.106906
-0.000240 -0.000352 0.106906 0.046299
24.874802 1.194033 32.774548 1.976459
0.444445 0.095865 0.001208 -0.000780
0.095865 0.044070 -0.000991 -0.000371
0.001208 -0.000991 0.506333 0.107034
-0.000780 -0.000371 0.107034 0.046169
26.172854 1.344795 34.083381 2.042524
0.444203 0.095950 -0.011611 -0.003255
0.095950 0.044064 -0.003533 -0.000823
-0.011611 -0.003533 0.522858 0.109864
-0.003255 -0.000823 0.109864 0.046655
27.080468 1.396007 34.737160 1.965700
0.421002 0.091015 -0.021519 -0.004865
0.091015 0.042967 -0.005176 -0.001055
-0.021519 -0.005176 0.515525 0.107496
-0.004865 -0.001055 0.107496 0.046039
27.884360 1.419026 35.698827 1.961338
0.433123 0.094167 -0.031780 -0.006454
0.094167 0.043709 -0.006806 -0.001290
-0.031780 -0.006806 0.529786 0.109939
-0.006454 -0.001290 0.109939 0.046509
28.462316 1.391030 37.116200 2.051244
0.398383 0.086717 -0.041539 -0.007911
0.086717 0.042052 -0.008226 -0.001501
-0.041539 -0.008226 0.543496 0.112094
-0.007911 -0.001501 0.112094 0.046895
29.595426 1.487930 38.344259 2.094166
0.358371 0.078712 -0.046943 -0.008479
0.078712 0.040390 -0.008656 -0.001532
-0.046943 -0.008656 0.552769 0.113223
-0.008479 -0.001532 0.113223 0.047062
30.158710 1.449861 39.927636 2.202643
0.373929 0.083656 -0.050325 -0.008464
0.083656 0.041692 -0.008646 -0.001453
-0.050325 -0.008646 0.575068 0.117008
-0.008464 -0.001453 0.117008 0.047785
30.665895 1.401391 41.176372 2.231165
0.397440 0.089707 -0.053607 -0.008474
0.089707 0.043061 -0.008804 -0.001434
-0.053607 -0.008804 0.581104 0.117234
-0.008474 -0.001434 0.117234 0.047749
30.968363 1.306524 41.583661 2.086156
0.404451 0.091279 -0.053520 -0.008003
0.091279 0.043263 -0.008446 -0.001362
-0.053520 -0.008446 0.560851 0.112316
-0.008003 -0.001362 0.112316 0.046721
31.615461 1.300378 41.963209 1.953080
0.418585 0.094275 -0.049149 -0.006747
0.094275 0.043781 -0.007229 -0.001129
-0.049149 -0.007229 0.541916 0.108283
-0.006747 -0.001129 0.108283 0.045993
31.804278 1.197875 43.102475 1.982221
0.426378 0.095485 -0.047989 -0.006368
0.095485 0.043860 -0.006764 -0.001090
-0.047989 -0.006764 0.544927 0.109061
-0.006368 -0.001090 0.109061 0.046287
32.405077 1.200860 44.440395 2.051952
0.454401 0.101117 -0.047075 -0.005963
0.101117 0.044948 -0.006468 -0.001056
-0.047075 -0.006468 0.545879 0.109372
-0.005963 -0.001056 0.109372 0.046453
32.786797 1.147620 44.782379 1.912685
0.460903 0.101488 -0.038235 -0.004211
0.101488 0.044808 -0.004745 -0.000780
-0.038235 -0.004745 0.510922 0.102506
-0.004211 -0.000780 0.102506 0.045164
33.478238 1.171578 45.481200 1.861353
0.474992 0.103606 -0.027950 -0.002277
0.103606 0.045118 -0.002787 -0.000458
-0.027950 -0.002787 0.489383 0.098943
-0.002277 -0.000458 0.098943 0.044631
34.082655 1.175248 46.352349 1.849296
0.472205 0.102008 -0.010719 0.000809
0.102008 0.044646 0.000465 0.000093
-0.010719 0.000465 0.463884 0.094814
0.000809 0.000093 0.094814 0.043988
34.730692 1.187854 47.202223 1.834108
0.494061 0.105897 -0.012592 -0.000129
0.105897 0.045420 -0.000590 -0.000234
-0.012592 -0.000590 0.450867 0.093342
-0.000129 -0.000234 0.093342 0.043862
35.101108 1.140127 48.048155 1.818278
0.503562 0.106883 -0.014138 -0.000922
0.106883 0.045539 -0.001405 -0.000474
-0.014138 -0.001405 0.431686 0.090520
-0.000922 -0.000474 0.090520 0.043404
