1.210759 1.446409 0.608182 -0.648769
1.635997 0.654413 0.231486 0.092596
0.654413 80.265838 0.092596 0.037039
0.231486 0.092596 3.695348 1.478171
0.092596 0.037039 1.478171 80.595348
5.980509 8.827818 0.400084 -0.536332
2.779772 5.100059 -1.417872 -2.394121
5.100059 15.204241 -2.634885 -3.793349
-1.417872 -2.634885 2.430100 4.037602
-2.394121 -3.793349 4.037602 18.377782
7.041542 5.151217 1.180057 0.248199
1.692916 1.932121 0.351369 0.719824
1.932121 3.543080 0.522767 0.865039
0.351369 0.522767 1.488231 1.942974
0.719824 0.865039 1.942974 4.894512
5.125601 1.460388 0.546972 -0.497530
0.979383 0.801589 0.821718 0.780789
0.801589 1.161349 0.669518 0.574754
0.821718 0.669518 1.311621 1.240864
0.780789 0.574754 1.240864 1.930581
6.268893 1.604338 1.904893 0.739525
0.970840 0.696195 0.331614 0.129029
0.696195 0.732560 0.153435 0.024696
0.331614 0.153435 0.925220 0.698998
0.129029 0.024696 0.698998 0.852820
6.717945 1.265714 4.305257 2.062214
0.964190 0.551209 0.296660 0.103606
0.551209 0.436903 0.127939 0.045851
0.296660 0.127939 0.742907 0.446336
0.103606 0.045851 0.446336 0.428445
8.613572 1.811272 6.929055 2.830210
0.805622 0.388192 0.068227 -0.012504
0.388192 0.262547 -0.001004 -0.011533
0.068227 -0.001004 0.805865 0.423067
-0.012504 -0.011533 0.423067 0.315288
9.286849 1.740369 7.274467 2.360844
0.740609 0.310363 -0.145121 -0.090905
0.310363 0.182132 -0.080820 -0.037174
-0.145121 -0.080820 0.871254 0.394085
-0.090905 -0.037174 0.394085 0.238973
9.977096 1.675460 8.364083 2.328590
0.741971 0.272703 -0.199597 -0.088357
0.272703 0.139505 -0.080830 -0.028015
-0.199597 -0.080830 0.902490 0.351078
-0.088357 -0.028015 0.351078 0.180507
10.684800 1.632512 8.598142 2.012764
0.784439 0.256780 -0.231482 -0.081213
0.256780 0.116048 -0.075417 -0.021134
-0.231482 -0.075417 0.964139 0.328512
-0.081213 -0.021134 0.328512 0.146660
11.013164 1.490446 10.093004 2.159446
0.772077 0.227867 -0.235831 -0.068805
0.227867 0.094988 -0.064859 -0.015042
-0.235831 -0.064859 0.906951 0.274853
-0.068805 -0.015042 0.274853 0.112758
12.246962 1.615271 10.257503 1.910176
0.682506 0.184306 -0.208350 -0.052012
0.184306 0.075015 -0.049249 -0.009405
-0.208350 -0.049249 0.819259 0.225030
-0.052012 -0.009405 0.225030 0.088218
12.610350 1.503114 11.317758 1.931983
0.650174 0.163366 -0.219224 -0.048654
0.163366 0.064860 -0.046792 -0.008262
-0.219224 -0.046792 0.766735 0.193979
-0.048654 -0.008262 0.193979 0.073727
13.615353 1.568564 12.567027 2.003899
0.610266 0.145385 -0.160814 -0.029904
0.145385 0.057676 -0.028792 -0.003678
-0.160814 -0.028792 0.699422 0.166170
-0.029904 -0.003678 0.166170 0.063177
14.379075 1.564710 13.627706 2.017031
0.587216 0.133783 -0.142453 -0.023465
0.133783 0.053142 -0.022860 -0.002549
-0.142453 -0.022860 0.655823 0.148004
-0.023465 -0.002549 0.148004 0.056623
15.329725 1.607948 14.988732 2.097392
0.582349 0.128258 -0.121407 -0.017325
0.128258 0.050799 -0.017072 -0.001532
-0.121407 -0.017072 0.632335 0.137309
-0.017325 -0.001532 0.137309 0.052876
15.937041 1.561509 15.799109 2.043367
0.552429 0.118579 -0.084747 -0.009252
0.118579 0.048050 -0.009137 -0.000256
-0.084747 -0.009137 0.588068 0.124190
-0.009252 -0.000256 0.124190 0.049306
16.328154 1.479485 16.873781 2.048588
0.541703 0.114204 -0.062142 -0.004850
0.114204 0.046813 -0.004940 0.000202
-0.062142 -0.004940 0.559452 0.115976
-0.004850 0.000202 0.115976 0.047244
16.546737 1.368998 17.788764 2.018986
0.540503 0.112162 -0.068508 -0.006792
0.112162 0.046198 -0.007083 -0.000622
-0.068508 -0.007083 0.543298 0.111069
-0.006792 -0.000622 0.111069 0.046078
17.469871 1.416481 18.647303 1.991107
0.529006 0.108737 -0.053493 -0.004287
0.108737 0.045490 -0.004493 -0.000378
-0.053493 -0.004493 0.531204 0.107998
-0.004287 -0.000378 0.107998 0.045516
18.138432 1.411018 19.884883 2.039980
0.514988 0.105183 -0.050943 -0.004563
0.105183 0.044832 -0.004807 -0.000715
-0.050943 -0.004807 0.509529 0.103257
-0.004563 -0.000715 0.103257 0.044657
18.248416 1.302947 22.290766 2.316685
0.490957 0.100514 -0.004717 0.004063
0.100514 0.044117 0.003735 0.000811
-0.004717 0.003735 0.468470 0.095546
0.004063 0.000811 0.095546 0.043364
19.076549 1.340043 23.558818 2.340627
0.485226 0.099680 0.003314 0.004381
0.099680 0.044159 0.004135 0.000626
0.003314 0.004135 0.465791 0.095959
0.004381 0.000626 0.095959 0.043725
19.424702 1.272215 24.436334 2.278147
0.488381 0.100752 0.009349 0.004471
0.100752 0.044568 0.004257 0.000471
0.009349 0.004257 0.467624 0.097173
0.004471 0.000471 0.097173 0.044176
19.625043 1.180878 25.150503 2.188002
0.479781 0.099280 0.015082 0.004603
0.099280 0.044396 0.004418 0.000380
0.015082 0.004418 0.458696 0.095938
0.004603 0.000380 0.095938 0.044038
20.159091 1.168869 25.925129 2.120694
0.474992 0.098700 0.006676 0.001926
0.098700 0.044401 0.001806 -0.000237
0.006676 0.001806 0.457762 0.096390
0.001926 -0.000237 0.096390 0.044231
21.228857 1.270161 27.063331 2.137188
0.479113 0.100007 -0.003334 -0.000696
0.100007 0.044779 -0.000765 -0.000756
-0.003334 -0.000765 0.472705 0.100082
-0.000696 -0.000756 0.100082 0.045066
21.681342 1.231892 28.248261 2.161896
0.470040 0.098381 0.003316 0.000565
0.098381 0.044490 0.000487 -0.000403
0.003316 0.000487 0.477021 0.101091
0.000565 -0.000403 0.101091 0.045239
22.188374 1.208938 29.407371 2.178536
0.464094 0.097522 0.009215 0.001609
0.097522 0.044371 0.001525 -0.000123
0.009215 0.001525 0.484744 0.102691
0.001609 -0.000123 0.102691 0.045520
22.561455 1.161089 29.759302 2.022910
0.458713 0.096810 0.009514 0.001431
0.096810 0.044274 0.001365 -0.000113
0.009514 0.001365 0.478361 0.101143
0.001431 -0.000113 0.101143 0.045115
23.065193 1.144608 30.886947 2.047596
0.431445 0.091479 -0.003410 -0.001426
0.091479 0.043190 -0.001527 -0.000665
-0.003410 -0.001527 0.475699 0.100560
-0.001426 -0.000665 0.100560 0.044964
23.304389 1.073552 31.731837 2.010205
0.433748 0.092841 -0.006943 -0.002028
0.092841 0.043593 -0.002129 -0.000695
-0.006943 -0.002129 0.485530 0.102650
-0.002028 -0.000695 0.102650 0.045389
24.420334 1.198371 32.677122 1.997115
0.424297 0.091413 -0.009216 -0.002288
0.091413 0.043320 -0.002390 -0.000657
-0.009216 -0.002390 0.490840 0.103574
-0.002288 -0.000657 0.103574 0.045532
24.824063 1.156087 33.267566 1.911277
0.427228 0.092686 -0.005738 -0.001329
0.092686 0.043626 -0.001389 -0.000371
-0.005738 -0.001389 0.494989 0.104179
-0.001329 -0.000371 0.104179 0.045605
25.811223 1.245225 34.378564 1.943879
0.417206 0.090903 -0.008420 -0.001772
0.090903 0.043212 -0.001841 -0.000426
-0.008420 -0.001841 0.505339 0.106059
-0.001772 -0.000426 0.106059 0.045951
26.358586 1.228909 35.850459 2.048359
0.418924 0.091765 -0.008444 -0.001624
0.091765 0.043394 -0.001672 -0.000354
-0.008444 -0.001672 0.529118 0.110598
-0.001624 -0.000354 0.110598 0.046836
26.757795 1.181793 37.196055 2.114931
0.390840 0.085892 -0.016058 -0.003099
0.085892 0.042059 -0.003206 -0.000653
-0.016058 -0.003206 0.541966 0.112461
-0.003099 -0.000653 0.112461 0.047103
27.535982 1.223274 38.191745 2.102426
0.411270 0.091221 -0.021316 -0.003914
0.091221 0.043298 -0.004096 -0.000788
-0.021316 -0.004096 0.551253 0.113501
-0.003914 -0.000788 0.113501 0.047209
28.178400 1.230297 39.347722 2.123898
0.422751 0.093892 -0.030728 -0.005534
0.093892 0.043800 -0.005845 -0.001101
-0.030728 -0.005845 0.563892 0.115228
-0.005534 -0.001101 0.115228 0.047478
28.973490 1.268917 39.894570 2.019829
0.431538 0.095656 -0.030772 -0.005132
0.095656 0.044058 -0.005430 -0.000960
-0.030772 -0.005430 0.553601 0.112267
-0.005132 -0.000960 0.112267 0.046809
29.776064 1.303130 39.959160 1.829295
0.403568 0.089118 -0.025632 -0.003889
0.089118 0.042474 -0.004004 -0.000671
-0.025632 -0.004004 0.533380 0.107727
-0.003889 -0.000671 0.107727 0.045913
30.962839 1.420198 40.404318 1.736265
0.336268 0.074515 -0.016595 -0.002161
0.074515 0.039257 -0.001842 -0.000297
-0.016595 -0.001842 0.531676 0.107448
-0.002161 -0.000297 0.107448 0.045970
31.650166 1.415339 41.360805 1.754065
0.360668 0.081699 -0.022256 -0.003245
0.081699 0.041148 -0.003181 -0.000586
-0.022256 -0.003181 0.541655 0.109536
-0.003245 -0.000586 0.109536 0.046485
32.243879 1.390223 42.500906 1.806851
0.393112 0.089797 -0.029379 -0.004517
0.089797 0.043005 -0.004738 -0.000891
-0.029379 -0.004738 0.550980 0.111315
-0.004517 -0.000891 0.111315 0.046888
33.215054 1.453708 43.538935 1.835111
0.408746 0.093142 -0.020412 -0.002509
0.093142 0.043589 -0.002541 -0.000434
-0.020412 -0.002541 0.543610 0.109655
-0.002509 -0.000434 0.109655 0.046578
34.208130 1.515691 44.907067 1.927047
0.442427 0.100162 -0.020334 -0.002445
0.100162 0.044959 -0.002607 -0.000464
-0.020334 -0.002607 0.540297 0.108970
-0.002445 -0.000464 0.108970 0.046488
34.745814 1.465366 45.559965 1.863539
0.455449 0.101818 -0.015643 -0.001546
0.101818 0.045025 -0.001755 -0.000323
-0.015643 -0.001755 0.501263 0.101170
-0.001546 -0.000323 0.101170 0.044970
35.679310 1.507022 45.631686 1.689173
0.455742 0.100676 0.011894 0.003885
0.100676 0.044544 0.003968 0.000794
0.011894 0.003968 0.429153 0.087366
0.003885 0.000794 0.087366 0.042350
36.367274 1.492457 46.332847 1.659220
0.478421 0.104601 0.004401 0.001715
0.104601 0.045255 0.001644 0.000195
0.004401 0.001644 0.416920 0.086758
0.001715 0.000195 0.086758 0.042553
37.057822 1.480340 47.052051 1.635733
0.493543 0.106612 0.000948 0.000625
0.106612 0.045531 0.000526 -0.000082
0.000948 0.000526 0.395259 0.083915
0.000625 -0.000082 0.083915 0.042166
