-0.170365 0.893947 -0.022380 -0.900999
2.734072 1.093652 -0.726727 -0.290697
1.093652 80.441537 -0.290697 -0.116281
-0.726727 -0.290697 4.765073 1.906070
-0.290697 -0.116281 1.906070 80.766511
4.589652 8.266747 -1.970028 -3.026743
2.841552 4.817738 -1.716298 -2.551176
4.817738 17.234479 -2.802030 -5.966895
-1.716298 -2.802030 3.021917 4.670518
-2.551176 -5.966895 4.670518 21.347130
9.793133 9.824069 0.385895 1.952640
2.132750 2.461790 -0.215637 0.051180
2.461790 4.938630 -0.147627 -0.590609
-0.215637 -0.147627 1.272371 1.552326
0.051180 -0.590609 1.552326 5.011267
8.928093 4.987058 -0.404527 0.023727
0.768889 0.638998 0.439165 0.460401
0.638998 1.300038 0.331993 0.060235
0.439165 0.331993 1.660148 1.669874
0.460401 0.060235 1.669874 2.651151
10.053823 3.658027 3.039022 2.798684
0.817532 0.606099 0.433663 0.256447
0.606099 0.778178 0.258331 0.045342
0.433663 0.258331 1.063876 0.778678
0.256447 0.045342 0.778678 0.968975
10.303350 2.622898 4.491038 3.000274
0.551321 0.346144 0.159985 0.044176
0.346144 0.382261 0.005666 -0.062394
0.159985 0.005666 1.161002 0.728544
0.044176 -0.062394 0.728544 0.654820
9.315683 1.412043 4.987591 2.651492
0.399314 0.224766 -0.075335 -0.069493
0.224766 0.219183 -0.113587 -0.084512
-0.075335 -0.113587 1.242863 0.653277
-0.069493 -0.084512 0.653277 0.455606
9.088602 0.912165 7.780823 3.330696
0.452820 0.224997 -0.165121 -0.091793
0.224997 0.169258 -0.116604 -0.062566
-0.165121 -0.116604 1.135209 0.500815
-0.091793 -0.062566 0.500815 0.293866
9.383518 0.850153 9.028195 3.177169
0.570553 0.245937 -0.211261 -0.092051
0.245937 0.145992 -0.106259 -0.045480
-0.211261 -0.106259 1.051264 0.399808
-0.092051 -0.045480 0.399808 0.204518
10.864701 1.250338 9.558505 2.815282
0.625548 0.234611 -0.221761 -0.079443
0.234611 0.118838 -0.088625 -0.031270
-0.221761 -0.088625 0.989580 0.331558
-0.079443 -0.031270 0.331558 0.151999
11.251334 1.171166 11.343117 2.928778
0.661492 0.219395 -0.229637 -0.069628
0.219395 0.098669 -0.076320 -0.022802
-0.229637 -0.076320 0.880008 0.264637
-0.069628 -0.022802 0.264637 0.113655
12.733684 1.434398 11.472628 2.564165
0.662458 0.197510 -0.200535 -0.052370
0.197510 0.082098 -0.056685 -0.014560
-0.200535 -0.056685 0.858709 0.236266
-0.052370 -0.014560 0.236266 0.094908
13.792709 1.528575 12.835502 2.587470
0.650750 0.177275 -0.171358 -0.039001
0.177275 0.070096 -0.042063 -0.009419
-0.171358 -0.042063 0.790660 0.201418
-0.039001 -0.009419 0.201418 0.078643
14.360511 1.472257 13.300055 2.385736
0.604650 0.152455 -0.178716 -0.037410
0.152455 0.059599 -0.040084 -0.008380
-0.178716 -0.040084 0.704459 0.168147
-0.037410 -0.008380 0.168147 0.065901
14.729754 1.383478 14.427520 2.366407
0.594692 0.141421 -0.154392 -0.028654
0.141421 0.054616 -0.030797 -0.005764
-0.154392 -0.030797 0.660729 0.150407
-0.028654 -0.005764 0.150407 0.059087
14.607987 1.193948 15.326488 2.292743
0.599354 0.135758 -0.152483 -0.026136
0.135758 0.051830 -0.028161 -0.004980
-0.152483 -0.028161 0.633792 0.138849
-0.026136 -0.004980 0.138849 0.054747
14.535721 1.039436 15.881458 2.155602
0.558325 0.121371 -0.148556 -0.024299
0.121371 0.047720 -0.026190 -0.004597
-0.148556 -0.026190 0.559633 0.118850
-0.024299 -0.004597 0.118850 0.049301
14.887784 1.008641 17.356980 2.237851
0.543206 0.115231 -0.118124 -0.016781
0.115231 0.046134 -0.018457 -0.002941
-0.118124 -0.018457 0.525630 0.110304
-0.016781 -0.002941 0.110304 0.047104
15.674025 1.068256 18.486567 2.244590
0.514658 0.107309 -0.091771 -0.011258
0.107309 0.044433 -0.012643 -0.001911
-0.091771 -0.012643 0.491141 0.102567
-0.011258 -0.001911 0.102567 0.045323
16.182477 1.058331 19.269247 2.172339
0.518998 0.107298 -0.073631 -0.007523
0.107298 0.044600 -0.008700 -0.001239
-0.073631 -0.008700 0.495448 0.103679
-0.007523 -0.001239 0.103679 0.045573
17.108438 1.144618 20.695167 2.249723
0.512411 0.105243 -0.055548 -0.004354
0.105243 0.044356 -0.005322 -0.000763
-0.055548 -0.005322 0.492517 0.103112
-0.004354 -0.000763 0.103112 0.045436
18.199916 1.256736 22.304693 2.358353
0.497293 0.101764 -0.042406 -0.002591
0.101764 0.043851 -0.003351 -0.000611
-0.042406 -0.003351 0.482950 0.101115
-0.002591 -0.000611 0.101115 0.044998
18.889432 1.267911 23.339068 2.328552
0.497472 0.101944 -0.024027 0.000392
0.101944 0.044160 -0.000300 -0.000157
-0.024027 -0.000300 0.484803 0.101757
0.000392 -0.000157 0.101757 0.045172
19.624236 1.287256 24.323819 2.291687
0.494128 0.101418 -0.008150 0.002625
0.101418 0.044279 0.002013 0.000137
-0.008150 0.002013 0.484305 0.101768
0.002625 0.000137 0.101768 0.045182
19.848797 1.201984 25.636118 2.323973
0.498925 0.102704 0.017815 0.006960
0.102704 0.044757 0.006360 0.000894
0.017815 0.006360 0.492303 0.103590
0.006960 0.000894 0.103590 0.045582
20.320724 1.174582 26.505720 2.262141
0.484353 0.099838 0.039599 0.010067
0.099838 0.044309 0.009519 0.001367
0.039599 0.009519 0.482125 0.101329
0.010067 0.001367 0.101329 0.045071
20.766747 1.145435 27.081593 2.145376
0.483859 0.100108 0.032850 0.007146
0.100108 0.044523 0.006726 0.000625
0.032850 0.006726 0.480794 0.101072
0.007146 0.000625 0.101072 0.045016
21.556975 1.192020 27.493088 2.005900
0.471125 0.097788 0.036647 0.006962
0.097788 0.044158 0.006615 0.000577
0.036647 0.006615 0.470557 0.098958
0.006962 0.000577 0.098958 0.044573
21.945820 1.147123 28.919129 2.095892
0.471776 0.098470 0.031453 0.005056
0.098470 0.044434 0.004725 0.000193
0.031453 0.004725 0.487193 0.102720
0.005056 0.000193 0.102720 0.045407
22.044076 1.047446 29.949160 2.094173
0.464416 0.097348 0.027116 0.003705
0.097348 0.044280 0.003384 -0.000004
0.027116 0.003384 0.492823 0.103767
0.003705 -0.000004 0.103767 0.045584
23.256672 1.190744 31.386684 2.172989
0.456392 0.096235 0.002813 -0.001594
0.096235 0.044139 -0.001971 -0.001012
0.002813 -0.001971 0.505912 0.106387
-0.001594 -0.001012 0.106387 0.046104
23.638060 1.145332 32.486873 2.176715
0.452481 0.095906 -0.000298 -0.001877
0.095906 0.044126 -0.002244 -0.000868
-0.000298 -0.002244 0.515265 0.107878
-0.001877 -0.000868 0.107878 0.046328
24.475648 1.200559 33.928491 2.249450
0.438433 0.093406 -0.013971 -0.004300
0.093406 0.043636 -0.004745 -0.001217
-0.013971 -0.004745 0.528031 0.110019
-0.004300 -0.001217 0.110019 0.046695
24.620044 1.103944 34.507951 2.137432
0.447212 0.095916 -0.024155 -0.005838
0.095916 0.044231 -0.006255 -0.001365
-0.024155 -0.006255 0.528518 0.109451
-0.005838 -0.001365 0.109451 0.046487
25.916647 1.264189 35.373084 2.095179
0.409212 0.088020 -0.037199 -0.007832
0.088020 0.042509 -0.008297 -0.001633
-0.037199 -0.008297 0.524827 0.108154
-0.007832 -0.001633 0.108154 0.046174
27.267240 1.419582 35.694634 1.946997
0.384513 0.083597 -0.046565 -0.009012
0.083597 0.041650 -0.009477 -0.001746
-0.046565 -0.009477 0.512875 0.105346
-0.009012 -0.001746 0.105346 0.045594
28.253944 1.479064 36.146779 1.840735
0.379894 0.083789 -0.053649 -0.009699
0.083789 0.041814 -0.010168 -0.001786
-0.053649 -0.010168 0.511459 0.105012
-0.009699 -0.001786 0.105012 0.045580
28.937196 1.467337 37.235192 1.875038
0.383976 0.085728 -0.051070 -0.008419
0.085728 0.042299 -0.008696 -0.001409
-0.051070 -0.008696 0.525250 0.107902
-0.008419 -0.001409 0.107902 0.046236
29.598766 1.447488 37.615790 1.760025
0.394816 0.088830 -0.046158 -0.006854
0.088830 0.042957 -0.007079 -0.001061
-0.046158 -0.007079 0.520595 0.106752
-0.006854 -0.001061 0.106752 0.046003
30.297028 1.444109 38.837139 1.829997
0.414730 0.093480 -0.048329 -0.006926
0.093480 0.043871 -0.007139 -0.001095
-0.048329 -0.007139 0.542859 0.111226
-0.006926 -0.001095 0.111226 0.046941
31.062803 1.451722 39.444591 1.767378
0.418571 0.093977 -0.045630 -0.006186
0.093977 0.043769 -0.006331 -0.000989
-0.045630 -0.006331 0.542689 0.110734
-0.006186 -0.000989 0.110734 0.046791
32.104327 1.525224 40.698981 1.845386
0.419624 0.093783 -0.044188 -0.005847
0.093783 0.043544 -0.005808 -0.000957
-0.044188 -0.005808 0.560936 0.114100
-0.005847 -0.000957 0.114100 0.047456
32.316731 1.405603 42.072753 1.932845
0.406466 0.090480 -0.039303 -0.004975
0.090480 0.042678 -0.004666 -0.000823
-0.039303 -0.004666 0.572447 0.115853
-0.004975 -0.000823 0.115853 0.047754
32.551816 1.297709 42.527417 1.826377
0.423209 0.094140 -0.044284 -0.005971
0.094140 0.043447 -0.006068 -0.001155
-0.044284 -0.006068 0.554983 0.111605
-0.005971 -0.001155 0.111605 0.046826
33.469621 1.355346 43.127308 1.765164
0.406960 0.090305 -0.017369 -0.000698
0.090305 0.042533 -0.000282 -0.000058
-0.017369 -0.000282 0.528434 0.106248
-0.000698 -0.000058 0.106248 0.045824
34.104353 1.347785 44.359460 1.835483
0.439602 0.097519 -0.024659 -0.002486
0.097519 0.044122 -0.002463 -0.000579
-0.024659 -0.002463 0.532560 0.107361
-0.002486 -0.000579 0.107361 0.046161
34.368670 1.255621 44.907859 1.758746
0.462715 0.101859 -0.035021 -0.004770
0.101859 0.044926 -0.005148 -0.001159
-0.035021 -0.005148 0.514472 0.103865
-0.004770 -0.001159 0.103865 0.045524
34.604442 1.169471 45.667314 1.732443
0.466924 0.101770 -0.029323 -0.003662
0.101770 0.044739 -0.004021 -0.000929
-0.029323 -0.004021 0.489503 0.099348
-0.003662 -0.000929 0.099348 0.044734
34.983591 1.124960 46.526108 1.729956
0.477736 0.103237 -0.025661 -0.003021
0.103237 0.044952 -0.003410 -0.000812
-0.025661 -0.003410 0.469376 0.096124
-0.003021 -0.000812 0.096124 0.044235
35.842642 1.185968 46.773577 1.603235
0.488651 0.104762 -0.006200 0.000860
0.104762 0.045209 0.000424 -0.000031
-0.006200 0.000424 0.418107 0.086655
0.000860 -0.000031 0.086655 0.042446
