2.095901 1.800473 0.942281 -0.515127
1.964421 0.785785 -0.174704 -0.069883
0.785785 80.318388 -0.069883 -0.027954
-0.174704 -0.069883 4.023612 1.609480
-0.069883 -0.027954 1.609480 80.647873
7.488561 9.865776 1.203768 0.392727
2.757848 4.929097 -1.233204 -1.965664
4.929097 15.690654 -2.189691 -3.964571
-1.233204 -2.189691 1.563491 2.524357
-1.965664 -3.964571 2.524357 16.552849
9.030295 5.999904 1.072336 -0.685089
1.397577 1.598482 0.197195 0.531642
1.598482 3.430838 0.377646 0.410678
0.197195 0.377646 1.822936 2.602732
0.531642 0.410678 2.602732 5.826353
8.534045 2.968660 2.131600 0.600903
0.741700 0.632083 0.656604 0.620943
0.632083 1.122355 0.549557 0.358401
0.656604 0.549557 1.450787 1.364319
0.620943 0.358401 1.364319 1.939801
9.365808 2.536952 1.529495 -0.001108
0.884405 0.671220 0.396814 0.188755
0.671220 0.764155 0.168237 -0.000473
0.396814 0.168237 1.453307 1.052459
0.188755 -0.000473 1.052459 1.048841
10.583422 2.319289 4.203104 1.575239
0.951305 0.583699 0.176669 0.022392
0.583699 0.483725 0.030591 -0.040929
0.176669 0.030591 1.152688 0.662473
0.022392 -0.040929 0.662473 0.529803
10.561310 1.722643 5.003701 1.646487
0.872076 0.439192 0.015058 -0.040700
0.439192 0.295711 -0.045662 -0.046510
0.015058 -0.045662 1.189978 0.572915
-0.040700 -0.046510 0.572915 0.365643
10.350009 1.257385 6.208485 1.838899
0.732944 0.313445 -0.101332 -0.066547
0.313445 0.184421 -0.075489 -0.039714
-0.101332 -0.075489 1.159274 0.475783
-0.066547 -0.039714 0.475783 0.256170
10.755627 1.145011 8.945981 2.486783
0.780295 0.290998 -0.159513 -0.072084
0.290998 0.146266 -0.075955 -0.030529
-0.159513 -0.075955 1.032785 0.368703
-0.072084 -0.030529 0.368703 0.177214
10.751156 0.961010 9.574851 2.298854
0.804533 0.265660 -0.224842 -0.079106
0.265660 0.118495 -0.082085 -0.026632
-0.224842 -0.082085 0.995984 0.316403
-0.079106 -0.026632 0.316403 0.137297
11.318589 0.988063 10.138837 2.131112
0.776241 0.230134 -0.229901 -0.067984
0.230134 0.095034 -0.070124 -0.019127
-0.229901 -0.070124 0.926145 0.265624
-0.067984 -0.019127 0.265624 0.107702
11.583481 0.926483 11.466159 2.199573
0.762001 0.206243 -0.215463 -0.054934
0.206243 0.080374 -0.056556 -0.013207
-0.215463 -0.056556 0.852646 0.224308
-0.054934 -0.013207 0.224308 0.087333
11.887892 0.884255 12.164419 2.099624
0.745453 0.186672 -0.218244 -0.049176
0.186672 0.070068 -0.050595 -0.010488
-0.218244 -0.050595 0.804224 0.196868
-0.049176 -0.010488 0.196868 0.074576
12.412316 0.908054 13.740281 2.223049
0.721385 0.169537 -0.175611 -0.034332
0.169537 0.062573 -0.035522 -0.006240
-0.175611 -0.035522 0.746809 0.172537
-0.034332 -0.006240 0.172537 0.065100
12.941160 0.917580 14.099012 2.056068
0.645507 0.143634 -0.169818 -0.030860
0.143634 0.054485 -0.032015 -0.005396
-0.169818 -0.032015 0.638726 0.140527
-0.030860 -0.005396 0.140527 0.055502
13.059763 0.844124 15.165790 2.060071
0.623718 0.133602 -0.162850 -0.027256
0.133602 0.051189 -0.028415 -0.004528
-0.162850 -0.028415 0.594093 0.126774
-0.027256 -0.004528 0.126774 0.051309
13.326735 0.807828 15.937899 2.002793
0.589817 0.122756 -0.151254 -0.023540
0.122756 0.048295 -0.024673 -0.003804
-0.151254 -0.024673 0.543158 0.113567
-0.023540 -0.003804 0.113567 0.047846
14.240715 0.908121 16.554889 1.929781
0.558797 0.114461 -0.117299 -0.015675
0.114461 0.046439 -0.016471 -0.002217
-0.117299 -0.016471 0.525284 0.109264
-0.015675 -0.002217 0.109264 0.046767
14.733477 0.914041 17.387361 1.902550
0.550305 0.111735 -0.096583 -0.011170
0.111735 0.045932 -0.011873 -0.001469
-0.096583 -0.011873 0.518523 0.107546
-0.011170 -0.001469 0.107546 0.046313
14.770562 0.830433 18.480049 1.925436
0.539581 0.108893 -0.083801 -0.008893
0.108893 0.045452 -0.009719 -0.001298
-0.083801 -0.009719 0.494342 0.102234
-0.008893 -0.001298 0.102234 0.045134
15.396367 0.882213 20.076330 2.061409
0.534927 0.107821 -0.063446 -0.005163
0.107821 0.045424 -0.005929 -0.000749
-0.063446 -0.005929 0.491480 0.102031
-0.005163 -0.000749 0.102031 0.045167
15.923332 0.894912 20.738184 1.985299
0.521848 0.105093 -0.053393 -0.004046
0.105093 0.045034 -0.004716 -0.000781
-0.053393 -0.004716 0.478777 0.099587
-0.004046 -0.000781 0.099587 0.044682
16.519732 0.925644 21.777444 1.996890
0.516312 0.104277 -0.038432 -0.001816
0.104277 0.045079 -0.002412 -0.000513
-0.038432 -0.002412 0.477541 0.099810
-0.001816 -0.000513 0.099810 0.044807
17.685448 1.068434 22.774919 2.003894
0.496590 0.100752 -0.014241 0.002096
0.100752 0.044570 0.001578 0.000100
-0.014241 0.001578 0.470658 0.098850
0.002096 0.000100 0.098850 0.044672
18.517825 1.127597 23.533624 1.954931
0.503382 0.102864 0.005978 0.005193
0.102864 0.045216 0.004685 0.000577
0.005978 0.004685 0.484293 0.102167
0.005193 0.000577 0.102167 0.045422
19.031298 1.117474 24.553670 1.963648
0.496144 0.101760 0.013104 0.005291
0.101760 0.045099 0.004861 0.000426
0.013104 0.004861 0.480755 0.101382
0.005291 0.000426 0.101382 0.045206
20.064632 1.215669 25.750380 2.010230
0.474981 0.097799 -0.000847 0.001106
0.097799 0.044374 0.000865 -0.000536
-0.000847 0.000865 0.471559 0.099403
0.001106 -0.000536 0.099403 0.044749
20.421396 1.163576 26.757772 2.010351
0.473916 0.098344 0.009897 0.002769
0.098344 0.044626 0.002540 -0.000159
0.009897 0.002540 0.475555 0.100442
0.002769 -0.000159 0.100442 0.044982
20.830143 1.127372 28.039248 2.068725
0.484776 0.101224 0.007082 0.001535
0.101224 0.045307 0.001351 -0.000395
0.007082 0.001351 0.494966 0.104595
0.001535 -0.000395 0.104595 0.045843
21.866207 1.226481 28.856024 2.022554
0.474975 0.099434 0.000792 -0.000181
0.099434 0.044930 -0.000327 -0.000688
0.000792 -0.000327 0.493707 0.103977
-0.000181 -0.000688 0.103977 0.045623
23.096983 1.355806 30.224389 2.096934
0.451901 0.094982 -0.019283 -0.004515
0.094982 0.044016 -0.004659 -0.001497
-0.019283 -0.004659 0.494493 0.103898
-0.004515 -0.001497 0.103898 0.045556
23.858909 1.373808 30.807026 1.999253
0.439950 0.093174 -0.018086 -0.003934
0.093174 0.043707 -0.004048 -0.001204
-0.018086 -0.004048 0.486569 0.102007
-0.003934 -0.001204 0.102007 0.045122
24.324114 1.326470 31.853181 2.008942
0.435348 0.092974 -0.020311 -0.004133
0.092974 0.043730 -0.004231 -0.001122
-0.020311 -0.004231 0.495162 0.103786
-0.004133 -0.001122 0.103786 0.045504
24.984084 1.325419 32.462911 1.926331
0.437296 0.094062 -0.025788 -0.005000
0.094062 0.043991 -0.005110 -0.001209
-0.025788 -0.005110 0.497860 0.104164
-0.005000 -0.001209 0.104164 0.045560
26.055403 1.413776 33.430202 1.927873
0.428414 0.092590 -0.025406 -0.004595
0.092590 0.043648 -0.004658 -0.001029
-0.025406 -0.004658 0.502696 0.104985
-0.004595 -0.001029 0.104985 0.045712
26.839681 1.430293 34.258873 1.899848
0.424116 0.092137 -0.030407 -0.005379
0.092137 0.043532 -0.005452 -0.001141
-0.030407 -0.005452 0.508223 0.105886
-0.005379 -0.001141 0.105886 0.045874
27.261469 1.365909 35.111326 1.878711
0.417865 0.091192 -0.034692 -0.005979
0.091192 0.043297 -0.006042 -0.001216
-0.034692 -0.006042 0.515511 0.107102
-0.005979 -0.001216 0.107102 0.046097
27.643952 1.300868 36.302475 1.929806
0.407265 0.089263 -0.043341 -0.007487
0.089263 0.042843 -0.007545 -0.001493
-0.043341 -0.007545 0.531635 0.110055
-0.007487 -0.001493 0.110055 0.046668
28.252641 1.292195 37.386461 1.954181
0.403039 0.088844 -0.045821 -0.007599
0.088844 0.042744 -0.007604 -0.001457
-0.045821 -0.007604 0.543958 0.112009
-0.007599 -0.001457 0.112009 0.047003
29.019144 1.316682 37.945114 1.868998
0.402701 0.089246 -0.042292 -0.006509
0.089246 0.042817 -0.006474 -0.001195
-0.042292 -0.006474 0.539854 0.110509
-0.006509 -0.001195 0.110509 0.046628
29.430355 1.261678 38.898362 1.871393
0.407633 0.090658 -0.042699 -0.006357
0.090658 0.043083 -0.006310 -0.001163
-0.042699 -0.006310 0.549138 0.111959
-0.006357 -0.001163 0.111959 0.046909
30.298969 1.316169 40.063317 1.919478
0.416439 0.092710 -0.043900 -0.006400
0.092710 0.043456 -0.006353 -0.001180
-0.043900 -0.006353 0.563377 0.114346
-0.006400 -0.001180 0.114346 0.047372
31.095225 1.347311 41.077634 1.931381
0.425122 0.094504 -0.040915 -0.005630
0.094504 0.043742 -0.005566 -0.001033
-0.040915 -0.005566 0.566495 0.114358
-0.005630 -0.001033 0.114358 0.047338
32.220782 1.447582 42.029772 1.931436
0.425196 0.094239 -0.029940 -0.003409
0.094239 0.043567 -0.003162 -0.000589
-0.029940 -0.003162 0.561523 0.112885
-0.003409 -0.000589 0.112885 0.047041
32.987772 1.459245 43.362874 2.005439
0.449598 0.099322 -0.031753 -0.003837
0.099322 0.044593 -0.003799 -0.000759
-0.031753 -0.003799 0.564018 0.113057
-0.003837 -0.000759 0.113057 0.047101
33.173826 1.341211 44.611657 2.051863
0.433554 0.095074 -0.021960 -0.002119
0.095074 0.043502 -0.001900 -0.000449
-0.021960 -0.001900 0.548282 0.109694
-0.002119 -0.000449 0.109694 0.046472
34.110064 1.397241 45.186933 1.962759
0.428327 0.093785 0.005262 0.003025
0.093785 0.043211 0.003479 0.000563
0.005262 0.003479 0.495431 0.099324
0.003025 0.000563 0.099324 0.044510
34.110745 1.240657 44.876976 1.699172
0.434523 0.094998 -0.003628 0.000530
0.094998 0.043469 0.000603 -0.000140
-0.003628 0.000603 0.453083 0.091760
0.000530 -0.000140 0.091760 0.043209
34.962645 1.291906 46.060850 1.768549
0.459159 0.100171 -0.002467 0.000424
0.100171 0.044583 0.000447 -0.000194
-0.002467 0.000447 0.453435 0.093461
0.000424 -0.000194 0.093461 0.043849
35.312467 1.227461 46.755867 1.728613
0.474248 0.102759 -0.009135 -0.001276
0.102759 0.045040 -0.001351 -0.000577
-0.009135 -0.001351 0.438502 0.091602
-0.001276 -0.000577 0.091602 0.043617
