-0.909627 0.598236 -1.277321 -1.402987
2.673879 1.069575 -0.618062 -0.247230
1.069575 80.431906 -0.247230 -0.098894
-0.618062 -0.247230 4.927759 1.971146
-0.247230 -0.098894 1.971146 80.792542
4.785975 9.995920 -0.949919 0.455344
2.828498 4.805791 -2.069087 -3.108275
4.805791 17.080424 -3.484274 -6.764442
-2.069087 -3.484274 2.193077 3.337233
-3.108275 -6.764442 3.337233 19.581166
7.477807 7.624884 1.926336 3.618043
1.317869 1.679314 0.424333 1.073676
1.679314 4.108241 0.673905 0.525094
0.424333 0.673905 0.932405 1.528772
1.073676 0.525094 1.528772 4.881922
7.842832 4.417306 2.580542 2.550095
0.500386 0.449548 0.298078 0.298703
0.449548 1.025776 0.087342 -0.215742
0.298078 0.087342 1.646515 1.795893
0.298703 -0.215742 1.795893 2.552596
8.542037 3.152023 3.944606 2.798375
0.614792 0.496733 0.161256 0.050150
0.496733 0.642485 -0.026185 -0.164358
0.161256 -0.026185 1.702856 1.284970
0.050150 -0.164358 1.284970 1.204599
8.302396 1.902708 6.517934 3.631085
0.407491 0.269831 -0.084763 -0.083650
0.269831 0.292667 -0.146127 -0.139390
-0.084763 -0.146127 1.541678 0.897605
-0.083650 -0.139390 0.897605 0.641697
8.670375 1.624729 7.146533 3.115304
0.591189 0.331240 -0.261763 -0.156502
0.331240 0.249764 -0.188886 -0.121781
-0.261763 -0.188886 1.364200 0.648178
-0.156502 -0.121781 0.648178 0.381846
9.330231 1.586214 6.981126 2.447844
0.688914 0.320770 -0.379239 -0.173163
0.320770 0.191516 -0.194385 -0.095181
-0.379239 -0.194385 1.198886 0.482051
-0.173163 -0.095181 0.482051 0.245292
10.054115 1.562003 7.811720 2.314997
0.757859 0.298987 -0.381861 -0.145002
0.298987 0.149473 -0.157602 -0.064088
-0.381861 -0.157602 1.153054 0.400804
-0.145002 -0.064088 0.400804 0.178832
11.238900 1.699474 9.505305 2.474421
0.741811 0.254045 -0.313480 -0.102124
0.254045 0.113025 -0.108356 -0.038256
-0.313480 -0.108356 1.003705 0.308219
-0.102124 -0.038256 0.308219 0.127398
11.428852 1.499210 11.236511 2.612893
0.751376 0.228658 -0.321167 -0.090881
0.228658 0.092711 -0.095837 -0.029276
-0.321167 -0.095837 0.911261 0.253062
-0.090881 -0.029276 0.253062 0.099076
11.253201 1.234799 11.188667 2.263269
0.704272 0.193684 -0.327862 -0.082209
0.193684 0.074919 -0.086713 -0.023401
-0.327862 -0.086713 0.771915 0.197037
-0.082209 -0.023401 0.197037 0.076753
12.031683 1.272555 11.923344 2.168179
0.687059 0.174425 -0.279026 -0.062032
0.174425 0.065296 -0.064934 -0.015753
-0.279026 -0.064934 0.736977 0.176709
-0.062032 -0.015753 0.176709 0.067454
13.438097 1.449364 12.205670 1.991455
0.634214 0.150615 -0.235431 -0.047064
0.150615 0.056623 -0.048788 -0.010868
-0.235431 -0.048788 0.691239 0.157434
-0.047064 -0.010868 0.157434 0.060150
14.011043 1.418356 13.492732 2.054310
0.618577 0.139790 -0.193968 -0.034510
0.139790 0.052572 -0.035854 -0.007342
-0.193968 -0.035854 0.653554 0.143079
-0.034510 -0.007342 0.143079 0.055212
14.781726 1.441274 15.175749 2.197178
0.617210 0.133961 -0.172560 -0.027904
0.133961 0.050345 -0.029169 -0.005611
-0.172560 -0.029169 0.630932 0.133894
-0.027904 -0.005611 0.133894 0.052137
15.442670 1.436211 16.804096 2.308146
0.586375 0.123685 -0.112891 -0.014587
0.123685 0.047739 -0.015675 -0.002747
-0.112891 -0.015675 0.581922 0.121148
-0.014587 -0.002747 0.121148 0.048928
15.947854 1.387376 17.631745 2.237107
0.564954 0.116707 -0.076026 -0.007362
0.116707 0.046169 -0.008271 -0.001402
-0.076026 -0.008271 0.554518 0.114138
-0.007362 -0.001402 0.114138 0.047254
17.088276 1.479042 18.764107 2.245916
0.559459 0.113724 -0.070943 -0.007128
0.113724 0.045588 -0.007787 -0.001523
-0.070943 -0.007787 0.555037 0.113290
-0.007128 -0.001523 0.113290 0.046972
16.888462 1.281174 19.171815 2.088605
0.544180 0.109409 -0.066099 -0.006985
0.109409 0.044859 -0.007650 -0.001679
-0.066099 -0.007650 0.526997 0.106832
-0.006985 -0.001679 0.106832 0.045612
17.991839 1.373777 20.166158 2.083448
0.520036 0.104187 -0.042939 -0.003102
0.104187 0.044093 -0.003622 -0.001001
-0.042939 -0.003622 0.508867 0.103325
-0.003102 -0.001001 0.103325 0.045042
18.466405 1.329126 20.977200 2.034318
0.518115 0.104054 -0.020771 0.000574
0.104054 0.044415 0.000068 -0.000362
-0.020771 0.000068 0.505450 0.103129
0.000574 -0.000362 0.103129 0.045181
18.898852 1.285287 22.443732 2.124724
0.515682 0.103912 0.005785 0.004931
0.103912 0.044691 0.004418 0.000395
0.005785 0.004418 0.501315 0.102779
0.004931 0.000395 0.102779 0.045257
19.242492 1.224828 23.487111 2.119420
0.523001 0.105676 0.014579 0.005448
0.105676 0.045284 0.004994 0.000371
0.014579 0.004994 0.508392 0.104589
0.005448 0.000371 0.104589 0.045721
19.863853 1.225957 24.179069 2.043722
0.524235 0.106091 0.031520 0.007749
0.106091 0.045539 0.007326 0.000756
0.031520 0.007326 0.513798 0.105866
0.007749 0.000756 0.105866 0.046025
20.424042 1.215218 25.306005 2.065367
0.515497 0.104453 0.029558 0.006122
0.104453 0.045340 0.005789 0.000360
0.029558 0.005789 0.510212 0.105121
0.006122 0.000360 0.105121 0.045872
21.351711 1.280411 26.282197 2.053188
0.503611 0.102362 0.019030 0.003095
0.102362 0.045058 0.002837 -0.000243
0.019030 0.002837 0.509390 0.105032
0.003095 -0.000243 0.105032 0.045871
21.577216 1.196296 27.089363 2.008940
0.497566 0.101626 0.014019 0.001642
0.101626 0.045052 0.001425 -0.000448
0.014019 0.001425 0.510464 0.105327
0.001642 -0.000448 0.105327 0.045943
21.435014 1.045168 27.803048 1.951050
0.493009 0.101217 0.009114 0.000453
0.101217 0.045089 0.000262 -0.000572
0.009114 0.000262 0.512951 0.105877
0.000453 -0.000572 0.105877 0.046059
21.732787 0.999096 28.674555 1.930234
0.483910 0.099811 0.016808 0.002065
0.099811 0.044882 0.001874 -0.000107
0.016808 0.001874 0.515914 0.106432
0.002065 -0.000107 0.106432 0.046157
22.393040 1.031831 29.828959 1.968772
0.477283 0.098950 0.032756 0.005268
0.098950 0.044776 0.005085 0.000643
0.032756 0.005085 0.524813 0.108135
0.005268 0.000643 0.108135 0.046480
23.203161 1.094141 30.590095 1.921688
0.468699 0.097781 0.020558 0.002436
0.097781 0.044609 0.002221 0.000082
0.020558 0.002221 0.524540 0.107899
0.002436 0.000082 0.107899 0.046402
23.847123 1.112862 31.963692 2.006137
0.464636 0.097518 0.021253 0.002575
0.097518 0.044606 0.002336 0.000189
0.021253 0.002336 0.537944 0.110468
0.002575 0.000189 0.110468 0.046905
24.704644 1.179149 32.277024 1.863748
0.445509 0.094014 0.018609 0.002106
0.094014 0.043894 0.001861 0.000176
0.018609 0.001861 0.528330 0.108114
0.002106 0.000176 0.108114 0.046367
25.100452 1.139458 32.794657 1.779739
0.434938 0.092553 0.011812 0.000816
0.092553 0.043649 0.000512 -0.000027
0.011812 0.000512 0.531349 0.108630
0.000816 -0.000027 0.108630 0.046480
26.360763 1.284860 34.536441 1.951489
0.412663 0.088589 -0.000678 -0.001474
0.088589 0.042853 -0.001959 -0.000442
-0.000678 -0.001959 0.542983 0.110895
-0.001474 -0.000442 0.110895 0.046949
27.320188 1.352381 36.046400 2.059530
0.415467 0.090229 -0.005711 -0.002123
0.090229 0.043286 -0.002607 -0.000480
-0.005711 -0.002607 0.556590 0.113343
-0.002123 -0.000480 0.113343 0.047414
27.792424 1.307827 37.028692 2.050184
0.409543 0.089623 -0.007358 -0.002048
0.089623 0.043144 -0.002478 -0.000373
-0.007358 -0.002478 0.561944 0.113921
-0.002048 -0.000373 0.113921 0.047472
28.727186 1.369570 38.224317 2.084455
0.390637 0.086070 -0.012718 -0.002776
0.086070 0.042334 -0.003244 -0.000476
-0.012718 -0.003244 0.580442 0.117168
-0.002776 -0.000476 0.117168 0.048084
29.422087 1.371831 39.455026 2.122276
0.403158 0.089679 -0.014896 -0.002852
0.089679 0.043150 -0.003277 -0.000441
-0.014896 -0.003277 0.603047 0.120991
-0.002852 -0.000441 0.120991 0.048777
30.834691 1.534399 40.994726 2.218302
0.404160 0.090221 -0.000089 0.000403
0.090221 0.043179 0.000422 0.000316
-0.000089 0.000422 0.606908 0.120820
0.000403 0.000316 0.120820 0.048642
30.508107 1.288905 40.738538 1.947273
0.414576 0.092701 -0.008716 -0.001329
0.092701 0.043625 -0.001554 -0.000125
-0.008716 -0.001554 0.596863 0.118018
-0.001329 -0.000125 0.118018 0.048030
31.282580 1.317661 41.413663 1.888614
0.396486 0.088511 -0.000336 0.000405
0.088511 0.042543 0.000468 0.000253
-0.000336 0.000468 0.600948 0.118399
0.000405 0.000253 0.118399 0.048129
31.867643 1.301298 42.553134 1.926867
0.397938 0.089077 0.006620 0.001700
0.089077 0.042629 0.001949 0.000497
0.006620 0.001949 0.612737 0.120339
0.001700 0.000497 0.120339 0.048540
32.635660 1.327726 43.843496 1.990883
0.426192 0.095526 0.004779 0.001168
0.095526 0.044017 0.001297 0.000312
0.004779 0.001297 0.606997 0.118739
0.001168 0.000312 0.118739 0.048234
32.886998 1.235715 44.065092 1.839718
0.415700 0.092622 0.032490 0.006448
0.092622 0.043189 0.007314 0.001449
0.032490 0.007314 0.578173 0.112872
0.006448 0.001449 0.112872 0.047139
32.990226 1.123077 43.408540 1.531565
0.418651 0.093016 0.057251 0.010722
0.093016 0.043193 0.012109 0.002273
0.057251 0.012109 0.548512 0.107365
0.010722 0.002273 0.107365 0.046195
34.456139 1.320123 45.346576 1.760031
0.425511 0.094200 0.083592 0.015034
0.094200 0.043372 0.016755 0.003042
0.083592 0.016755 0.566543 0.111647
0.015034 0.003042 0.111647 0.047219
35.613008 1.429346 46.386171 1.788587
0.452133 0.099852 0.066528 0.010356
0.099852 0.044578 0.011750 0.001855
0.066528 0.011750 0.524339 0.103732
0.010356 0.001855 0.103732 0.045748
36.910549 1.551915 48.081864 1.944932
0.495167 0.108419 0.068521 0.009903
0.108419 0.046293 0.011520 0.001739
0.068521 0.011520 0.506309 0.101107
0.009903 0.001739 0.101107 0.045389
