-1.774654 0.252217 -0.133322 -0.945377
2.416181 0.966493 -0.210235 -0.084096
0.966493 80.390672 -0.084096 -0.033639
-0.210235 -0.084096 4.183333 1.673369
-0.084096 -0.033639 1.673369 80.673429
3.614641 9.484793 -0.315710 -0.389773
2.432599 4.230938 -2.062183 -3.289072
4.230938 15.586522 -3.562857 -6.232725
-2.062183 -3.562857 3.190823 5.117302
-3.289072 -6.232725 5.117302 21.062901
5.652096 6.544769 2.218919 2.436481
2.131079 2.638152 -0.026378 0.496690
2.638152 4.989268 0.159456 0.198547
-0.026378 0.159456 1.268112 1.619331
0.496690 0.198547 1.619331 4.796826
6.767823 4.693932 4.366052 3.256329
0.701620 0.595194 0.384768 0.406331
0.595194 1.118230 0.313235 0.062046
0.384768 0.313235 1.515616 1.501020
0.406331 0.062046 1.501020 2.326912
8.247374 4.004380 6.394399 3.637209
0.707849 0.543633 -0.036821 -0.090763
0.543633 0.686462 -0.128251 -0.242521
-0.036821 -0.128251 1.520782 1.158251
-0.090763 -0.242521 1.158251 1.233887
9.831338 3.804048 6.785113 2.820920
0.925215 0.582685 -0.268511 -0.216887
0.582685 0.501973 -0.231266 -0.212468
-0.268511 -0.231266 1.605135 0.964255
-0.216887 -0.212468 0.964255 0.759865
10.038485 2.988792 6.525173 2.082328
0.724049 0.375611 -0.488140 -0.261451
0.375611 0.274440 -0.280231 -0.167790
-0.488140 -0.280231 1.516098 0.746170
-0.261451 -0.167790 0.746170 0.474838
10.795753 2.669310 7.332467 1.998416
0.761872 0.334540 -0.430266 -0.187627
0.334540 0.200175 -0.196327 -0.096463
-0.430266 -0.196327 1.390275 0.574370
-0.187627 -0.096463 0.574370 0.309777
11.727972 2.516431 8.665968 2.119452
0.791061 0.300681 -0.395364 -0.144715
0.300681 0.153805 -0.149582 -0.061972
-0.395364 -0.149582 1.262981 0.451688
-0.144715 -0.061972 0.451688 0.215042
12.900501 2.486181 9.409137 2.018937
0.765151 0.256555 -0.336674 -0.105914
0.256555 0.117882 -0.108668 -0.039305
-0.336674 -0.108668 1.132088 0.358726
-0.105914 -0.039305 0.358726 0.156130
13.286377 2.226815 10.602153 2.067685
0.775399 0.233923 -0.275923 -0.075707
0.233923 0.098030 -0.077433 -0.025059
-0.275923 -0.077433 1.024765 0.293473
-0.075707 -0.025059 0.293473 0.119780
12.807942 1.782892 11.261727 1.958284
0.642215 0.176223 -0.257329 -0.063937
0.176223 0.073273 -0.065428 -0.019266
-0.257329 -0.065428 0.839527 0.220532
-0.063937 -0.019266 0.220532 0.089450
13.819301 1.804107 11.135051 1.684132
0.588033 0.150283 -0.241713 -0.054700
0.150283 0.061898 -0.055840 -0.015075
-0.241713 -0.055840 0.764185 0.187977
-0.054700 -0.015075 0.187977 0.075077
14.251160 1.693104 12.414972 1.782315
0.590429 0.143154 -0.208357 -0.042298
0.143154 0.057430 -0.043393 -0.010810
-0.208357 -0.043393 0.719551 0.168157
-0.042298 -0.010810 0.168157 0.066416
14.724341 1.606812 13.439501 1.807640
0.555462 0.128826 -0.161329 -0.029228
0.128826 0.052228 -0.030105 -0.007151
-0.161329 -0.030105 0.649061 0.145640
-0.029228 -0.007151 0.145640 0.058690
15.171222 1.522752 14.102099 1.749331
0.540708 0.120764 -0.171002 -0.030196
0.120764 0.049207 -0.031157 -0.007091
-0.171002 -0.031157 0.615892 0.133694
-0.030196 -0.007091 0.133694 0.054327
15.693484 1.469912 14.987117 1.747926
0.541265 0.118013 -0.141042 -0.022265
0.118013 0.048027 -0.023128 -0.005023
-0.141042 -0.023128 0.597783 0.127186
-0.022265 -0.005023 0.127186 0.051946
15.859374 1.347478 15.924224 1.752627
0.535631 0.114388 -0.121607 -0.017639
0.114388 0.046865 -0.018545 -0.003958
-0.121607 -0.018545 0.569928 0.119272
-0.017639 -0.003958 0.119272 0.049587
16.180868 1.268718 16.519453 1.688318
0.515666 0.108293 -0.110445 -0.015463
0.108293 0.045369 -0.016311 -0.003534
-0.110445 -0.016311 0.536262 0.110961
-0.015463 -0.003534 0.110961 0.047435
16.500755 1.197158 16.961337 1.599639
0.503222 0.104752 -0.094420 -0.012327
0.104752 0.044648 -0.013065 -0.002891
-0.094420 -0.013065 0.516130 0.106454
-0.012327 -0.002891 0.106454 0.046348
16.953531 1.177591 18.623281 1.777455
0.511765 0.106265 -0.068195 -0.007019
0.106265 0.045115 -0.007820 -0.001806
-0.068195 -0.007820 0.508068 0.105040
-0.007019 -0.001806 0.105040 0.046053
17.779454 1.223133 19.180456 1.711337
0.483793 0.099919 -0.059384 -0.006284
0.099919 0.043866 -0.006917 -0.001809
-0.059384 -0.006917 0.478497 0.098984
-0.006284 -0.001809 0.098984 0.044751
18.460753 1.238676 20.138170 1.733494
0.490227 0.101497 -0.046036 -0.004101
0.101497 0.044404 -0.004642 -0.001388
-0.046036 -0.004642 0.484614 0.100963
-0.004101 -0.001388 0.100963 0.045253
19.413055 1.310024 21.249647 1.788077
0.483281 0.100119 -0.038754 -0.003441
0.100119 0.044256 -0.003874 -0.001322
-0.038754 -0.003874 0.478971 0.100125
-0.003441 -0.001322 0.100125 0.045081
20.142182 1.324733 22.046610 1.768267
0.489663 0.101807 -0.014424 0.000990
0.101807 0.044779 0.000594 -0.000421
-0.014424 0.000594 0.487123 0.102344
0.000990 -0.000421 0.102344 0.045585
20.496246 1.264798 23.715748 1.931506
0.482738 0.100452 -0.003885 0.002120
0.100452 0.044585 0.001782 -0.000279
-0.003885 0.001782 0.480370 0.101015
0.002120 -0.000279 0.101015 0.045257
20.994224 1.238557 25.195560 2.039216
0.472504 0.098578 0.018645 0.005835
0.098578 0.044299 0.005538 0.000439
0.018645 0.005538 0.475427 0.100193
0.005835 0.000439 0.100193 0.045071
21.266162 1.166543 26.851683 2.173008
0.469596 0.098327 0.023477 0.005677
0.098327 0.044348 0.005442 0.000336
0.023477 0.005442 0.483442 0.102059
0.005677 0.000336 0.102059 0.045444
21.974258 1.192436 28.337403 2.257191
0.478609 0.100561 0.031016 0.006297
0.100561 0.044894 0.006087 0.000447
0.031016 0.006087 0.505623 0.106687
0.006297 0.000447 0.106687 0.046362
22.546664 1.187581 29.402751 2.243953
0.475153 0.099965 0.017068 0.002524
0.099965 0.044791 0.002323 -0.000336
0.017068 0.002323 0.513222 0.107817
0.002524 -0.000336 0.107817 0.046474
22.886472 1.134115 30.502644 2.240073
0.445388 0.093843 0.011481 0.001108
0.093843 0.043520 0.000865 -0.000520
0.011481 0.000865 0.508543 0.106290
0.001108 -0.000520 0.106290 0.046039
23.610750 1.166621 31.895090 2.296343
0.455791 0.096733 0.013958 0.001482
0.096733 0.044246 0.001263 -0.000319
0.013958 0.001263 0.528946 0.110173
0.001482 -0.000319 0.110173 0.046789
24.390148 1.206426 33.641265 2.419548
0.439054 0.093537 -0.000046 -0.001439
0.093537 0.043596 -0.001805 -0.000835
-0.000046 -0.001805 0.544905 0.112847
-0.001439 -0.000835 0.112847 0.047248
24.569387 1.117837 34.010223 2.247863
0.438722 0.094041 -0.002398 -0.001679
0.094041 0.043763 -0.001985 -0.000726
-0.002398 -0.001985 0.541408 0.111294
-0.001679 -0.000726 0.111294 0.046815
25.209427 1.135383 35.096695 2.240033
0.434651 0.093587 0.002055 -0.000490
0.093587 0.043681 -0.000722 -0.000344
0.002055 -0.000722 0.553716 0.113219
-0.000490 -0.000344 0.113219 0.047164
25.301862 1.034120 35.354674 2.065629
0.416889 0.090118 0.018188 0.002972
0.090118 0.042931 0.002982 0.000490
0.018188 0.002982 0.543321 0.110413
0.002972 0.000490 0.110413 0.046539
26.163932 1.107971 37.005564 2.190202
0.416693 0.090747 0.013110 0.001774
0.090747 0.043123 0.001658 0.000219
0.013110 0.001658 0.565692 0.114657
0.001774 0.000219 0.114657 0.047432
26.185651 0.993482 37.131416 1.995916
0.419945 0.091973 0.000965 -0.000710
0.091973 0.043401 -0.001011 -0.000295
0.000965 -0.001011 0.567522 0.114428
-0.000710 -0.000295 0.114428 0.047357
27.098501 1.083405 39.011624 2.172336
0.427929 0.094010 -0.005801 -0.001871
0.094010 0.043809 -0.002264 -0.000482
-0.005801 -0.002264 0.590079 0.118464
-0.001871 -0.000482 0.118464 0.048165
27.744759 1.106807 39.681704 2.089254
0.433517 0.095243 -0.008671 -0.002151
0.095243 0.043993 -0.002525 -0.000465
-0.008671 -0.002525 0.595715 0.118811
-0.002151 -0.000465 0.118811 0.048182
29.326907 1.332407 40.839751 2.111405
0.421110 0.092365 0.008013 0.001451
0.092365 0.043261 0.001494 0.000387
0.008013 0.001494 0.604363 0.119832
0.001451 0.000387 0.119832 0.048359
30.189478 1.375867 41.316926 1.997237
0.408656 0.089751 0.016018 0.002967
0.089751 0.042661 0.003180 0.000693
0.016018 0.003180 0.597183 0.117747
0.002967 0.000693 0.117747 0.047933
30.916996 1.384187 42.727794 2.078242
0.434867 0.095881 0.014726 0.002491
0.095881 0.044034 0.002638 0.000534
0.014726 0.002638 0.613773 0.120644
0.002491 0.000534 0.120644 0.048546
31.342025 1.327135 42.435076 1.817912
0.447309 0.098290 0.022996 0.003962
0.098290 0.044447 0.004326 0.000837
0.022996 0.004326 0.588486 0.115144
0.003962 0.000837 0.115144 0.047473
31.497330 1.217620 42.410017 1.635918
0.460834 0.100717 0.023022 0.003702
0.100717 0.044847 0.004033 0.000734
0.023022 0.004033 0.580225 0.113569
0.003702 0.000734 0.113569 0.047273
31.833060 1.159179 42.822102 1.556882
0.469027 0.101762 0.034477 0.005747
0.101762 0.044930 0.006226 0.001142
0.034477 0.006226 0.601649 0.117962
0.005747 0.001142 0.117962 0.048249
32.734929 1.228593 43.629078 1.561552
0.487686 0.105048 0.039990 0.006441
0.105048 0.045525 0.006992 0.001238
0.039990 0.006992 0.599815 0.117419
0.006441 0.001238 0.117419 0.048170
34.553257 1.478716 46.575666 1.981478
0.518364 0.110629 0.050990 0.008144
0.110629 0.046581 0.008809 0.001538
0.050990 0.008809 0.625547 0.122341
0.008144 0.001538 0.122341 0.049168
35.731571 1.571595 47.527323 1.971957
0.542595 0.114431 0.045028 0.006446
0.114431 0.047210 0.007267 0.001177
0.045028 0.007267 0.556993 0.108505
0.006446 0.001177 0.108505 0.046437
38.191045 1.910398 50.780294 2.409660
0.587012 0.122231 0.032390 0.003539
0.122231 0.048670 0.004315 0.000563
0.032390 0.004315 0.546477 0.107301
0.003539 0.000563 0.107301 0.046406
