0.977323 1.353032 1.294385 -0.374282
1.404822 0.561941 0.467275 0.186914
0.561941 80.228848 0.186914 0.074767
0.467275 0.186914 3.340104 1.336071
0.186914 0.074767 1.336071 80.538507
6.177267 9.771494 -0.312026 -2.941709
2.680548 5.031805 -1.889895 -3.281444
5.031805 14.510573 -3.596118 -4.871614
-1.889895 -3.596118 2.512796 4.294214
-3.281444 -4.871614 4.294214 18.075898
6.761612 5.183396 1.218018 -0.084833
1.582367 1.905518 0.443220 1.005781
1.905518 3.363797 0.665015 1.297620
0.443220 0.665015 1.057221 1.522114
1.005781 1.297620 1.522114 4.149333
7.260606 3.435656 3.030345 1.711804
0.943410 0.780317 0.694313 0.701198
0.780317 1.039385 0.571587 0.518175
0.694313 0.571587 1.055264 1.053464
0.701198 0.518175 1.053464 1.626062
9.646686 3.884424 4.259319 1.939552
0.823892 0.559466 0.389916 0.224354
0.559466 0.567254 0.178159 0.073290
0.389916 0.178159 1.166659 0.897499
0.224354 0.073290 0.897499 0.929535
10.576030 3.364911 4.136249 1.344250
0.847398 0.479996 0.154192 0.031920
0.479996 0.374139 0.010010 -0.025366
0.154192 0.010010 1.324069 0.800564
0.031920 -0.025366 0.800564 0.606247
9.481702 2.078344 3.953973 1.050326
0.335971 0.158475 0.026098 -0.002199
0.158475 0.138475 -0.037461 -0.019676
0.026098 -0.037461 1.370863 0.668701
-0.002199 -0.019676 0.668701 0.399037
10.480799 2.057804 4.622512 1.109541
0.432348 0.187599 -0.027465 -0.021437
0.187599 0.125428 -0.040232 -0.015821
-0.027465 -0.040232 1.267044 0.515527
-0.021437 -0.015821 0.515527 0.260433
11.757746 2.120607 7.670325 1.978461
0.517475 0.199982 -0.067633 -0.029667
0.199982 0.110471 -0.039646 -0.012250
-0.067633 -0.039646 1.040873 0.364774
-0.029667 -0.012250 0.364774 0.166746
11.580204 1.699715 8.088724 1.806627
0.520527 0.179617 -0.155169 -0.050299
0.179617 0.089197 -0.059686 -0.016243
-0.155169 -0.059686 0.969961 0.301441
-0.050299 -0.016243 0.301441 0.125925
12.858098 1.833196 8.899165 1.781580
0.543657 0.169565 -0.153078 -0.041679
0.169565 0.076759 -0.048435 -0.010937
-0.153078 -0.048435 0.908936 0.255002
-0.041679 -0.010937 0.255002 0.099877
13.397539 1.724600 9.585567 1.726271
0.531480 0.151636 -0.172489 -0.041126
0.151636 0.065302 -0.046835 -0.009485
-0.172489 -0.046835 0.840891 0.216288
-0.041126 -0.009485 0.216288 0.081672
13.357827 1.487794 11.095077 1.873450
0.553964 0.146885 -0.169108 -0.035312
0.146885 0.060051 -0.040233 -0.007131
-0.169108 -0.040233 0.773910 0.185367
-0.035312 -0.007131 0.185367 0.069131
14.233056 1.522450 12.218472 1.917843
0.563320 0.140350 -0.137586 -0.024502
0.140350 0.055687 -0.028148 -0.004017
-0.137586 -0.028148 0.726948 0.164797
-0.024502 -0.004017 0.164797 0.061395
14.642051 1.444793 13.800859 2.049798
0.564602 0.133471 -0.106822 -0.015835
0.133471 0.052229 -0.018770 -0.002004
-0.106822 -0.018770 0.663574 0.144045
-0.015835 -0.002004 0.144045 0.054984
14.905114 1.343551 15.152334 2.112922
0.573685 0.129620 -0.105650 -0.014673
0.129620 0.050140 -0.017479 -0.001940
-0.105650 -0.017479 0.628308 0.131967
-0.014673 -0.001940 0.131967 0.051347
15.334513 1.293631 16.512966 2.172764
0.548529 0.119500 -0.086505 -0.010508
0.119500 0.047200 -0.012849 -0.001272
-0.086505 -0.012849 0.566858 0.116480
-0.010508 -0.001272 0.116480 0.047614
15.732659 1.238379 17.407169 2.129980
0.561876 0.119253 -0.079339 -0.008790
0.119253 0.046864 -0.010791 -0.001054
-0.079339 -0.010791 0.566871 0.115347
-0.008790 -0.001054 0.115347 0.047268
17.025150 1.378773 18.442231 2.132513
0.547934 0.113950 -0.052926 -0.003755
0.113950 0.045663 -0.005154 -0.000183
-0.052926 -0.005154 0.556976 0.112711
-0.003755 -0.000183 0.112711 0.046736
17.893187 1.419343 19.905200 2.214869
0.528614 0.108225 -0.053112 -0.004648
0.108225 0.044526 -0.005848 -0.000649
-0.053112 -0.005848 0.527164 0.106083
-0.004648 -0.000649 0.106083 0.045403
18.122526 1.314411 20.235010 2.052253
0.532005 0.108077 -0.049725 -0.004426
0.108077 0.044706 -0.005463 -0.000757
-0.049725 -0.005463 0.523573 0.105529
-0.004426 -0.000757 0.105529 0.045445
18.502093 1.259735 21.457297 2.089358
0.525745 0.106351 -0.029972 -0.000977
0.106351 0.044603 -0.001863 -0.000195
-0.029972 -0.001863 0.511344 0.103460
-0.000977 -0.000195 0.103460 0.045198
18.941645 1.220705 22.422713 2.071644
0.527206 0.106362 -0.031070 -0.001963
0.106362 0.044839 -0.002696 -0.000540
-0.031070 -0.002696 0.511016 0.103794
-0.001963 -0.000540 0.103794 0.045403
19.010818 1.107993 22.886464 1.950920
0.508238 0.102383 -0.034006 -0.003309
0.102383 0.044252 -0.003912 -0.000931
-0.034006 -0.003912 0.486392 0.099108
-0.003309 -0.000931 0.099108 0.044546
19.340348 1.063370 24.012446 1.980449
0.504284 0.102012 -0.018123 -0.000475
0.102012 0.044462 -0.001002 -0.000389
-0.018123 -0.001002 0.484600 0.099615
-0.000475 -0.000389 0.099615 0.044830
20.129045 1.115793 25.044034 1.990368
0.490110 0.099591 -0.005983 0.001344
0.099591 0.044207 0.000916 -0.000088
-0.005983 0.000916 0.478272 0.099004
0.001344 -0.000088 0.099004 0.044814
20.916242 1.163123 26.174678 2.019470
0.491063 0.100426 -0.004084 0.001040
0.100426 0.044601 0.000712 -0.000208
-0.004084 0.000712 0.487574 0.101556
0.001040 -0.000208 0.101556 0.045416
21.237435 1.109831 27.296111 2.042105
0.477681 0.098218 0.004747 0.002273
0.098218 0.044308 0.002006 0.000015
0.004747 0.002006 0.484147 0.101147
0.002273 0.000015 0.101147 0.045330
21.715444 1.093908 28.317048 2.041971
0.465706 0.096428 0.007786 0.002294
0.096428 0.044092 0.002086 -0.000006
0.007786 0.002086 0.482524 0.101077
0.002294 -0.000006 0.101077 0.045306
22.239190 1.089063 28.840740 1.937570
0.461405 0.096311 0.009512 0.002155
0.096311 0.044205 0.001986 -0.000034
0.009512 0.001986 0.479355 0.100631
0.002155 -0.000034 0.100631 0.045195
22.812861 1.095326 29.635916 1.901030
0.469479 0.098708 0.001603 0.000092
0.098708 0.044800 -0.000048 -0.000448
0.001603 -0.000048 0.490957 0.103289
0.000092 -0.000448 0.103289 0.045738
23.827744 1.193455 31.069146 2.002140
0.460151 0.097109 -0.000910 -0.000548
0.097109 0.044472 -0.000684 -0.000515
-0.000910 -0.000684 0.504089 0.105966
-0.000548 -0.000515 0.105966 0.046231
24.849678 1.283719 31.950376 1.976688
0.458626 0.097240 -0.004420 -0.001296
0.097240 0.044521 -0.001421 -0.000596
-0.004420 -0.001421 0.509211 0.106696
-0.001296 -0.000596 0.106696 0.046279
26.004357 1.392881 32.893586 1.966943
0.440705 0.093796 -0.018638 -0.004168
0.093796 0.043787 -0.004336 -0.001126
-0.018638 -0.004336 0.508007 0.106065
-0.004168 -0.001126 0.106065 0.046057
26.455155 1.340235 33.668017 1.923374
0.436801 0.093575 -0.020466 -0.004186
0.093575 0.043782 -0.004331 -0.001012
-0.020466 -0.004331 0.511747 0.106554
-0.004186 -0.001012 0.106554 0.046104
27.043088 1.322629 34.749760 1.948230
0.438375 0.094439 -0.029076 -0.005638
0.094439 0.043980 -0.005810 -0.001234
-0.029076 -0.005810 0.526156 0.109237
-0.005638 -0.001234 0.109237 0.046613
27.406704 1.259438 36.397863 2.087023
0.408441 0.088305 -0.033416 -0.006155
0.088305 0.042626 -0.006249 -0.001251
-0.033416 -0.006249 0.543374 0.112277
-0.006155 -0.001251 0.112277 0.047165
27.995760 1.251617 37.825507 2.165835
0.421661 0.092044 -0.038009 -0.006628
0.092044 0.043512 -0.006743 -0.001277
-0.038009 -0.006743 0.564029 0.115782
-0.006628 -0.001277 0.115782 0.047784
28.504148 1.225605 38.840831 2.151630
0.417890 0.091570 -0.038132 -0.006253
0.091570 0.043363 -0.006324 -0.001147
-0.038132 -0.006324 0.566591 0.115351
-0.006253 -0.001147 0.115351 0.047575
29.768376 1.371069 40.383481 2.248945
0.381319 0.083839 -0.035013 -0.005459
0.083839 0.041617 -0.005234 -0.000941
-0.035013 -0.005234 0.583202 0.117943
-0.005459 -0.000941 0.117943 0.048036
30.068539 1.286541 41.799329 2.305697
0.392837 0.087383 -0.037047 -0.005606
0.087383 0.042491 -0.005504 -0.000988
-0.037047 -0.005504 0.587632 0.117919
-0.005606 -0.000988 0.117919 0.047954
30.983484 1.343264 42.123548 2.141596
0.366452 0.082043 -0.016145 -0.001392
0.082043 0.041279 -0.000842 -0.000097
-0.016145 -0.000842 0.552966 0.110334
-0.001392 -0.000097 0.110334 0.046426
31.629962 1.334902 42.599352 2.022656
0.364775 0.082577 -0.008857 -0.000171
0.082577 0.041448 0.000375 0.000062
-0.008857 0.000375 0.531488 0.106108
-0.000171 0.000062 0.106108 0.045702
32.461537 1.371392 43.346455 1.970245
0.361226 0.082479 0.004650 0.002204
0.082479 0.041419 0.002968 0.000498
0.004650 0.002968 0.515837 0.103463
0.002204 0.000498 0.103463 0.045347
33.193152 1.381606 44.192440 1.942259
0.395563 0.090881 -0.001588 0.000522
0.090881 0.043298 0.000863 -0.000006
-0.001588 0.000863 0.507866 0.102504
0.000522 -0.000006 0.102504 0.045320
33.339269 1.256651 44.913365 1.890650
0.413839 0.094592 -0.011547 -0.001763
0.094592 0.043907 -0.001789 -0.000571
-0.011547 -0.001789 0.496628 0.100899
-0.001763 -0.000571 0.100899 0.045132
34.177000 1.303768 45.643905 1.846960
0.433975 0.098354 -0.003670 -0.000160
0.098354 0.044504 -0.000071 -0.000188
-0.003670 -0.000071 0.474161 0.097075
-0.000160 -0.000188 0.097075 0.044476
35.803653 1.521037 45.611034 1.650071
0.408130 0.091521 0.062673 0.013370
0.091521 0.042724 0.014491 0.002815
0.062673 0.014491 0.377066 0.078072
0.013370 0.002815 0.078072 0.040698
36.465818 1.499690 46.212850 1.602517
0.427447 0.095551 0.053933 0.010057
0.095551 0.043578 0.010972 0.001823
0.053933 0.010972 0.364369 0.078002
0.010057 0.001823 0.078002 0.041065
37.003494 1.451918 47.108591 1.624757
0.457749 0.101743 0.029911 0.003715
0.101743 0.044869 0.004519 0.000301
0.029911 0.004519 0.377905 0.083387
0.003715 0.000301 0.083387 0.042485
