1.717486 1.649104 1.920378 -0.123879
1.774141 0.709672 0.041718 0.016688
0.709672 80.287941 0.016688 0.006675
0.041718 0.016688 3.641529 1.456643
0.016688 0.006675 1.456643 80.586737
3.896236 4.098740 2.758817 1.360434
3.158321 5.726255 -1.627549 -2.702802
5.726255 16.676420 -2.957881 -4.794741
-1.627549 -2.957881 2.835224 4.694712
-2.702802 -4.794741 4.694712 19.315957
4.553471 2.406728 1.470439 -1.247805
3.274099 3.549434 -1.129238 -0.924366
3.549434 5.332991 -1.028710 -0.968410
-1.129238 -1.028710 3.008154 3.528372
-0.924366 -0.968410 3.528372 6.638976
6.551452 3.119729 3.537493 1.116468
1.987234 1.538972 0.090437 0.224390
1.538972 1.781810 0.089599 0.058739
0.090437 0.089599 0.536054 0.465961
0.224390 0.058739 0.465961 1.295800
7.361734 2.667627 3.835232 0.891519
1.237134 0.758227 0.049018 0.051666
0.758227 0.763156 0.000607 -0.054820
0.049018 0.000607 0.931309 0.781817
0.051666 -0.054820 0.781817 1.019434
7.128032 1.849681 4.234989 0.872849
0.598065 0.310178 0.080979 0.048795
0.310178 0.332882 0.006077 -0.027094
0.080979 0.006077 1.210995 0.795025
0.048795 -0.027094 0.795025 0.697226
8.274690 1.912860 6.374167 1.764179
0.689327 0.334485 -0.020907 -0.023643
0.334485 0.269292 -0.041006 -0.042098
-0.020907 -0.041006 1.187373 0.624769
-0.023643 -0.042098 0.624769 0.429800
9.317884 1.942034 7.706405 1.959768
0.769806 0.333212 -0.127025 -0.067418
0.333212 0.215572 -0.075628 -0.045925
-0.127025 -0.075628 1.165030 0.511615
-0.067418 -0.045925 0.511615 0.291091
9.919406 1.795835 9.220590 2.163872
0.797717 0.305543 -0.211248 -0.087231
0.305543 0.168525 -0.091750 -0.041988
-0.211248 -0.091750 1.067824 0.402624
-0.087231 -0.041988 0.402624 0.200122
10.483340 1.688922 8.835467 1.680764
0.710042 0.242909 -0.319955 -0.109052
0.242909 0.123147 -0.112863 -0.041329
-0.319955 -0.112863 0.894109 0.296901
-0.109052 -0.041329 0.296901 0.136727
11.320722 1.688564 10.212436 1.841733
0.727644 0.226216 -0.277142 -0.081177
0.226216 0.103494 -0.083572 -0.026557
-0.277142 -0.083572 0.855443 0.255901
-0.081177 -0.026557 0.255901 0.108672
11.923031 1.621957 11.535978 1.951119
0.701882 0.199970 -0.258603 -0.066647
0.199970 0.085911 -0.068543 -0.019277
-0.258603 -0.068543 0.785435 0.214769
-0.066647 -0.019277 0.214769 0.087199
13.462681 1.806648 11.482063 1.693470
0.605881 0.160311 -0.201854 -0.046114
0.160311 0.068755 -0.046959 -0.012051
-0.201854 -0.046959 0.692947 0.176171
-0.046114 -0.012051 0.176171 0.071039
13.997822 1.720983 12.968375 1.844812
0.614636 0.153863 -0.179801 -0.036668
0.153863 0.063261 -0.037502 -0.008768
-0.179801 -0.037502 0.666659 0.160095
-0.036668 -0.008768 0.160095 0.063363
13.941244 1.516419 15.189798 2.134997
0.596869 0.142421 -0.137364 -0.024428
0.142421 0.057767 -0.025428 -0.005501
-0.137364 -0.025428 0.592283 0.135824
-0.024428 -0.005501 0.135824 0.055287
13.610302 1.270501 16.744358 2.230576
0.584226 0.133841 -0.114115 -0.018206
0.133841 0.053914 -0.019396 -0.004021
-0.114115 -0.019396 0.536725 0.119146
-0.018206 -0.004021 0.119146 0.050162
14.946558 1.416677 17.026359 2.056079
0.563004 0.124820 -0.089133 -0.012497
0.124820 0.050691 -0.013108 -0.002665
-0.089133 -0.013108 0.534245 0.116429
-0.012497 -0.002665 0.116429 0.048867
15.321988 1.337591 17.501430 1.932626
0.547038 0.117989 -0.095663 -0.014161
0.117989 0.048408 -0.014750 -0.003130
-0.095663 -0.014750 0.510465 0.109168
-0.014161 -0.003130 0.109168 0.046744
15.893470 1.312020 18.058102 1.843876
0.540166 0.114447 -0.080793 -0.010908
0.114447 0.047272 -0.011362 -0.002413
-0.080793 -0.011362 0.505080 0.107059
-0.010908 -0.002413 0.107059 0.046085
16.500555 1.298473 18.686453 1.781042
0.552120 0.115280 -0.083971 -0.011591
0.115280 0.047217 -0.011913 -0.002545
-0.083971 -0.011913 0.520502 0.109475
-0.011591 -0.002545 0.109475 0.046450
16.926458 1.256989 20.038104 1.875575
0.538095 0.111236 -0.049947 -0.004645
0.111236 0.046300 -0.005044 -0.001147
-0.049947 -0.005044 0.501107 0.104828
-0.004645 -0.001147 0.104828 0.045415
17.093742 1.165278 21.325444 1.944349
0.525457 0.107894 -0.030422 -0.001354
0.107894 0.045624 -0.001798 -0.000612
-0.030422 -0.001798 0.482100 0.100633
-0.001354 -0.000612 0.100633 0.044559
18.111307 1.252190 22.005259 1.886562
0.505674 0.103500 -0.015115 0.000810
0.103500 0.044813 0.000463 -0.000299
-0.015115 0.000463 0.471839 0.098661
0.000810 -0.000299 0.098661 0.044240
18.857393 1.277305 23.040665 1.906611
0.491761 0.100754 -0.006753 0.001525
0.100754 0.044406 0.001243 -0.000262
-0.006753 0.001243 0.463767 0.097273
0.001525 -0.000262 0.097273 0.044050
20.419159 1.467967 24.201833 1.954270
0.453313 0.093147 -0.021485 -0.002619
0.093147 0.043004 -0.002703 -0.001196
-0.021485 -0.002703 0.440526 0.092691
-0.002619 -0.001196 0.092691 0.043166
20.703817 1.376185 25.689294 2.061050
0.451548 0.093864 -0.015923 -0.001783
0.093864 0.043425 -0.001849 -0.000966
-0.015923 -0.001849 0.446486 0.094757
-0.001783 -0.000966 0.094757 0.043761
21.330018 1.362399 26.416309 1.996099
0.456692 0.095860 -0.007809 -0.000377
0.095860 0.044028 -0.000454 -0.000624
-0.007809 -0.000454 0.454047 0.096882
-0.000377 -0.000624 0.096882 0.044283
21.764764 1.310201 27.338775 1.979451
0.455969 0.096319 -0.001936 0.000478
0.096319 0.044213 0.000413 -0.000416
-0.001936 0.000413 0.460144 0.098412
0.000478 -0.000416 0.098412 0.044610
22.723143 1.374961 28.726125 2.064845
0.446338 0.094747 -0.003571 -0.000280
0.094747 0.043921 -0.000312 -0.000554
-0.003571 -0.000312 0.467690 0.100051
-0.000280 -0.000554 0.100051 0.044920
23.177846 1.325419 30.101592 2.137997
0.430785 0.091980 0.007620 0.001860
0.091980 0.043375 0.001844 -0.000048
0.007620 0.001844 0.472868 0.101014
0.001860 -0.000048 0.101014 0.045063
23.629173 1.280000 30.978947 2.097224
0.419985 0.090376 0.010061 0.002003
0.090376 0.043094 0.001990 -0.000004
0.010061 0.001990 0.473207 0.100849
0.002003 -0.000004 0.100849 0.044959
24.244116 1.275072 31.552613 1.996222
0.430479 0.093413 0.008438 0.001330
0.093413 0.043806 0.001317 -0.000125
0.008438 0.001317 0.479947 0.102084
0.001330 -0.000125 0.102084 0.045175
24.665226 1.227483 32.860177 2.062181
0.441273 0.096105 0.002994 -0.000022
0.096105 0.044352 -0.000083 -0.000378
0.002994 -0.000083 0.504651 0.107035
-0.000022 -0.000378 0.107035 0.046171
25.225978 1.216592 33.437631 1.966698
0.443031 0.096487 -0.002600 -0.001202
0.096487 0.044335 -0.001291 -0.000559
-0.002600 -0.001291 0.506507 0.106703
-0.001202 -0.000559 0.106703 0.045976
25.651048 1.176619 34.513036 1.986195
0.440478 0.095857 -0.009389 -0.002484
0.095857 0.044103 -0.002628 -0.000752
-0.009389 -0.002628 0.520385 0.109009
-0.002484 -0.000752 0.109009 0.046383
26.374033 1.205970 35.407484 1.965588
0.435595 0.094758 -0.014949 -0.003377
0.094758 0.043796 -0.003552 -0.000851
-0.014949 -0.003552 0.527194 0.109691
-0.003377 -0.000851 0.109691 0.046441
27.039113 1.219468 36.247371 1.936048
0.432342 0.094100 -0.020998 -0.004303
0.094100 0.043614 -0.004507 -0.000963
-0.020998 -0.004507 0.533267 0.110251
-0.004303 -0.000963 0.110251 0.046497
27.917617 1.277998 37.175772 1.928146
0.429905 0.093650 -0.030534 -0.005887
0.093650 0.043491 -0.006158 -0.001225
-0.030534 -0.006158 0.542621 0.111527
-0.005887 -0.001225 0.111527 0.046722
28.733516 1.316861 38.275088 1.956138
0.399873 0.087183 -0.041145 -0.007637
0.087183 0.042060 -0.007919 -0.001516
-0.041145 -0.007919 0.554255 0.113234
-0.007637 -0.001516 0.113234 0.047037
29.355201 1.307401 38.824990 1.868979
0.405558 0.089120 -0.048189 -0.008471
0.089120 0.042581 -0.008837 -0.001615
-0.048189 -0.008837 0.553282 0.112315
-0.008471 -0.001615 0.112315 0.046815
29.370425 1.166385 39.820619 1.878439
0.403290 0.089011 -0.052333 -0.008752
0.089011 0.042571 -0.009070 -0.001603
-0.052333 -0.009070 0.562643 0.113693
-0.008752 -0.001603 0.113693 0.047103
30.129604 1.206698 40.974490 1.922731
0.402352 0.089186 -0.045142 -0.006803
0.089186 0.042618 -0.006867 -0.001125
-0.045142 -0.006867 0.569337 0.114553
-0.006803 -0.001125 0.114553 0.047291
30.722241 1.205637 42.154630 1.966592
0.409868 0.091157 -0.037406 -0.004960
0.091157 0.043043 -0.004887 -0.000742
-0.037406 -0.004887 0.569348 0.114085
-0.004960 -0.000742 0.114085 0.047213
31.909392 1.332200 42.527541 1.848072
0.382721 0.085271 -0.008245 0.000723
0.085271 0.041695 0.001427 0.000418
-0.008245 0.001427 0.538158 0.107638
0.000723 0.000418 0.107638 0.045987
32.425573 1.295948 42.915389 1.739794
0.380765 0.085399 -0.001577 0.001552
0.085399 0.041769 0.002180 0.000419
-0.001577 0.002180 0.517474 0.103782
0.001552 0.000419 0.103782 0.045354
33.130598 1.307255 43.357705 1.653733
0.400830 0.090348 -0.002425 0.000924
0.090348 0.042891 0.001285 0.000136
-0.002425 0.001285 0.503953 0.101662
0.000924 0.000136 0.101662 0.045096
33.832828 1.318724 44.384456 1.694479
0.423042 0.095196 -0.003632 0.000317
0.095196 0.043873 0.000523 -0.000077
-0.003632 0.000523 0.503965 0.102418
0.000317 -0.000077 0.102418 0.045411
34.649667 1.354215 45.379636 1.725004
0.455664 0.101839 -0.008874 -0.001006
0.101839 0.045172 -0.001011 -0.000413
-0.008874 -0.001011 0.498330 0.101866
-0.001006 -0.000413 0.101866 0.045399
35.570456 1.407933 46.185984 1.713818
0.462089 0.102053 0.010291 0.002799
0.102053 0.044963 0.003009 0.000421
0.010291 0.003009 0.455893 0.093755
0.002799 0.000421 0.093755 0.043812
35.994642 1.346898 47.186885 1.743708
0.491948 0.107454 -0.010822 -0.002052
0.107454 0.045956 -0.002108 -0.000696
-0.010822 -0.002108 0.456407 0.095102
-0.002052 -0.000696 0.095102 0.044266
