1.202593 1.443142 2.723083 0.197210
2.020676 0.808288 -0.184326 -0.073732
0.808288 80.327389 -0.073732 -0.029494
-0.184326 -0.073732 3.789862 1.515978
-0.073732 -0.029494 1.515978 80.610471
1.937088 1.466879 2.862711 0.264803
2.967793 5.287047 -1.378842 -2.220278
5.287047 16.471514 -2.415749 -4.394392
-1.378842 -2.415749 3.318141 5.430468
-2.220278 -4.394392 5.430468 20.794568
5.894012 4.894422 -0.096356 -3.037195
2.501200 2.717391 -1.286043 -1.262751
2.717391 4.621034 -1.263301 -1.515556
-1.286043 -1.263301 3.236523 3.656525
-1.262751 -1.515556 3.656525 6.886740
6.932735 3.909382 2.207256 0.105314
1.382746 1.137647 0.539344 0.558940
1.137647 1.583031 0.453556 0.301396
0.539344 0.453556 0.457238 0.427626
0.558940 0.301396 0.427626 1.413752
7.376467 2.673954 3.060342 1.213039
0.780961 0.496233 0.421439 0.319579
0.496233 0.615788 0.187962 0.096559
0.421439 0.187962 0.695866 0.672853
0.319579 0.096559 0.672853 0.989510
8.122547 2.238774 4.211450 1.707712
0.851141 0.497243 0.266578 0.102931
0.497243 0.451851 0.049903 -0.010403
0.266578 0.049903 0.941763 0.698159
0.102931 -0.010403 0.698159 0.661642
8.131460 1.727166 4.267581 1.318862
0.696902 0.352729 0.059810 -0.013205
0.352729 0.273389 -0.052140 -0.041257
0.059810 -0.052140 1.152669 0.668500
-0.013205 -0.041257 0.668500 0.463215
8.627736 1.546791 5.386177 1.546318
0.711584 0.315308 -0.064566 -0.056570
0.315308 0.201565 -0.078176 -0.037241
-0.064566 -0.078176 1.203828 0.562868
-0.056570 -0.037241 0.562868 0.311473
9.351125 1.515423 6.686625 1.752231
0.757587 0.294056 -0.128808 -0.064329
0.294056 0.158712 -0.075800 -0.026759
-0.128808 -0.075800 1.141408 0.446122
-0.064329 -0.026759 0.446122 0.209861
10.584460 1.662678 8.845848 2.179160
0.776571 0.266516 -0.147341 -0.055652
0.266516 0.126520 -0.062089 -0.016803
-0.147341 -0.062089 1.018370 0.343027
-0.055652 -0.016803 0.343027 0.144434
10.782841 1.469036 9.764084 2.128971
0.775521 0.239032 -0.212299 -0.064224
0.239032 0.103266 -0.069200 -0.016298
-0.212299 -0.069200 0.953324 0.284122
-0.064224 -0.016298 0.284122 0.110022
11.308954 1.410284 10.711401 2.096546
0.745094 0.208949 -0.221287 -0.056838
0.208949 0.084986 -0.060677 -0.012120
-0.221287 -0.060677 0.865645 0.232751
-0.056838 -0.012120 0.232751 0.086036
12.040661 1.414779 11.375445 2.000985
0.694458 0.179775 -0.213873 -0.047857
0.179775 0.071068 -0.050837 -0.008729
-0.213873 -0.050837 0.780851 0.192949
-0.047857 -0.008729 0.192949 0.070199
12.835601 1.442480 12.990227 2.145814
0.641076 0.155800 -0.167516 -0.032095
0.155800 0.061353 -0.034263 -0.004502
-0.167516 -0.034263 0.683453 0.158187
-0.032095 -0.004502 0.158187 0.058771
14.362532 1.625458 13.612058 2.055664
0.591587 0.136807 -0.135411 -0.022430
0.136807 0.054592 -0.023692 -0.002310
-0.135411 -0.023692 0.639204 0.141077
-0.022430 -0.002310 0.141077 0.053257
14.919260 1.571803 14.936153 2.115866
0.581117 0.129757 -0.100343 -0.013253
0.129757 0.051706 -0.014249 -0.000538
-0.100343 -0.014249 0.603496 0.128713
-0.013253 -0.000538 0.128713 0.049726
15.306297 1.488253 16.259013 2.165741
0.554667 0.120009 -0.096553 -0.012261
0.120009 0.048659 -0.013354 -0.000826
-0.096553 -0.013354 0.552795 0.114703
-0.012261 -0.000826 0.114703 0.046318
16.374131 1.552975 17.020227 2.103850
0.537087 0.114040 -0.067136 -0.006076
0.114040 0.047005 -0.006701 0.000177
-0.067136 -0.006701 0.537988 0.110427
-0.006076 0.000177 0.110427 0.045474
17.619384 1.650544 17.981584 2.091693
0.522421 0.109314 -0.057986 -0.004739
0.109314 0.045812 -0.005153 0.000073
-0.057986 -0.005153 0.525792 0.107056
-0.004739 0.000073 0.107056 0.044880
18.135385 1.584397 18.895790 2.060914
0.521705 0.108018 -0.064899 -0.006649
0.108018 0.045478 -0.007095 -0.000653
-0.064899 -0.007095 0.518578 0.105023
-0.006649 -0.000653 0.105023 0.044605
18.587194 1.515452 20.057847 2.083655
0.529518 0.109003 -0.055910 -0.005051
0.109003 0.045737 -0.005466 -0.000530
-0.055910 -0.005466 0.519409 0.105177
-0.005051 -0.000530 0.105177 0.044860
19.177974 1.476512 20.674406 1.995232
0.511700 0.104850 -0.037822 -0.002064
0.104850 0.044958 -0.002375 -0.000158
-0.037822 -0.002375 0.499875 0.101357
-0.002064 -0.000158 0.101357 0.044296
20.056759 1.502064 21.322270 1.925152
0.493765 0.101123 -0.025043 -0.000365
0.101123 0.044340 -0.000583 -0.000040
-0.025043 -0.000583 0.483713 0.098551
-0.000365 -0.000040 0.098551 0.043962
20.850745 1.510745 22.264978 1.921414
0.486129 0.099809 -0.024847 -0.001209
0.099809 0.044246 -0.001375 -0.000397
-0.024847 -0.001375 0.477247 0.097865
-0.001209 -0.000397 0.097865 0.044041
20.400607 1.262271 23.292518 1.927126
0.471127 0.097120 -0.024102 -0.001815
0.097120 0.043862 -0.001954 -0.000651
-0.024102 -0.001954 0.461098 0.095205
-0.001815 -0.000651 0.095205 0.043675
20.840491 1.223465 24.424513 1.961177
0.464412 0.096356 -0.026655 -0.002905
0.096356 0.043882 -0.002999 -0.000938
-0.026655 -0.002999 0.457044 0.095213
-0.002905 -0.000938 0.095213 0.043855
21.290261 1.190620 25.615930 2.004696
0.459903 0.096107 -0.021213 -0.002129
0.096107 0.043985 -0.002184 -0.000787
-0.021213 -0.002184 0.457879 0.096192
-0.002129 -0.000787 0.096192 0.044192
21.687099 1.149482 26.770661 2.036072
0.467613 0.098348 -0.021119 -0.002438
0.098348 0.044564 -0.002460 -0.000853
-0.021119 -0.002460 0.471202 0.099592
-0.002438 -0.000853 0.099592 0.044973
22.544193 1.209062 27.774713 2.034172
0.472773 0.099801 -0.012181 -0.000801
0.099801 0.044909 -0.000804 -0.000495
-0.012181 -0.000804 0.482222 0.102134
-0.000801 -0.000495 0.102134 0.045490
22.913779 1.159642 28.883353 2.052854
0.471370 0.099679 -0.000130 0.001365
0.099679 0.044878 0.001389 -0.000049
-0.000130 0.001389 0.491062 0.103928
0.001365 -0.000049 0.103928 0.045798
22.631590 0.978004 30.386227 2.151809
0.449170 0.095135 0.020048 0.005063
0.095135 0.043907 0.005147 0.000697
0.020048 0.005147 0.496391 0.104798
0.005063 0.000697 0.104798 0.045892
23.165237 0.987437 31.021339 2.059074
0.453029 0.096474 0.021417 0.004574
0.096474 0.044251 0.004644 0.000515
0.021417 0.004644 0.498438 0.104874
0.004574 0.000515 0.104874 0.045817
24.350038 1.135185 31.990802 2.045662
0.426055 0.091046 -0.000637 -0.000632
0.091046 0.043102 -0.000685 -0.000624
-0.000637 -0.000685 0.490968 0.103004
-0.000632 -0.000624 0.103004 0.045363
25.287916 1.215226 32.796609 1.999735
0.420142 0.090548 -0.007340 -0.002047
0.090548 0.043082 -0.002138 -0.000835
-0.007340 -0.002138 0.492189 0.103150
-0.002047 -0.000835 0.103150 0.045380
25.993540 1.236818 33.391835 1.914950
0.414615 0.090046 -0.010217 -0.002493
0.090046 0.043024 -0.002591 -0.000822
-0.010217 -0.002591 0.490378 0.102657
-0.002493 -0.000822 0.102657 0.045266
26.965066 1.314188 33.809455 1.801865
0.433208 0.094741 -0.020928 -0.004540
0.094741 0.044074 -0.004714 -0.001174
-0.020928 -0.004714 0.495871 0.103758
-0.004540 -0.001174 0.103758 0.045500
27.860741 1.366519 34.913055 1.844339
0.410702 0.089858 -0.039460 -0.008037
0.089858 0.042907 -0.008342 -0.001823
-0.039460 -0.008342 0.504876 0.105486
-0.008037 -0.001823 0.105486 0.045844
28.910877 1.446282 35.363435 1.746730
0.427134 0.093959 -0.040095 -0.007457
0.093959 0.043814 -0.007736 -0.001547
-0.040095 -0.007736 0.507608 0.105770
-0.007457 -0.001547 0.105770 0.045866
29.260385 1.364575 36.412843 1.782119
0.423982 0.093226 -0.047144 -0.008397
0.093226 0.043552 -0.008638 -0.001653
-0.047144 -0.008638 0.524831 0.109057
-0.008397 -0.001653 0.109057 0.046517
30.218435 1.427697 37.824529 1.891227
0.378534 0.083156 -0.063858 -0.011515
0.083156 0.041247 -0.011632 -0.002252
-0.063858 -0.011632 0.545038 0.112627
-0.011515 -0.002252 0.112627 0.047169
30.854996 1.411171 38.886967 1.914792
0.396075 0.088059 -0.063409 -0.010536
0.088059 0.042470 -0.010653 -0.001926
-0.063409 -0.010653 0.557795 0.114462
-0.010536 -0.001926 0.114462 0.047446
31.173353 1.321472 39.465655 1.834421
0.388874 0.086809 -0.059094 -0.009153
0.086809 0.042163 -0.009139 -0.001599
-0.059094 -0.009139 0.553422 0.112736
-0.009153 -0.001599 0.112736 0.047003
31.977037 1.355689 40.627107 1.885310
0.404657 0.090755 -0.056948 -0.008249
0.090755 0.043033 -0.008217 -0.001400
-0.056948 -0.008217 0.566209 0.114766
-0.008249 -0.001400 0.114766 0.047393
32.609338 1.341096 41.054827 1.780730
0.433471 0.097124 -0.057619 -0.007971
0.097124 0.044345 -0.008309 -0.001417
-0.057619 -0.008309 0.553922 0.111590
-0.007971 -0.001417 0.111590 0.046711
33.234003 1.332868 42.183414 1.828417
0.416141 0.092596 -0.043845 -0.005268
0.092596 0.043135 -0.005053 -0.000857
-0.043845 -0.005053 0.558646 0.112377
-0.005268 -0.000857 0.112377 0.046933
33.922606 1.340841 43.475840 1.904715
0.428524 0.095163 -0.035504 -0.003677
0.095163 0.043640 -0.003436 -0.000609
-0.035504 -0.003436 0.557260 0.111864
-0.003677 -0.000609 0.111864 0.046872
34.482317 1.317944 44.652455 1.948952
0.459104 0.101404 -0.040968 -0.004886
0.101404 0.044903 -0.005079 -0.001001
-0.040968 -0.005079 0.550456 0.110264
-0.004886 -0.001001 0.110264 0.046585
35.071933 1.306768 46.222663 2.068127
0.482001 0.105385 -0.040261 -0.004807
0.105385 0.045583 -0.005175 -0.001054
-0.040261 -0.005175 0.539982 0.108176
-0.004807 -0.001054 0.108176 0.046241
35.544234 1.267964 47.319726 2.079648
0.501199 0.108245 -0.040212 -0.004892
0.108245 0.045999 -0.005524 -0.001153
-0.040212 -0.005524 0.505844 0.101533
-0.004892 -0.001153 0.101533 0.045003
35.802177 1.183630 47.686429 1.940814
0.512214 0.109213 -0.038944 -0.004765
0.109213 0.046027 -0.005639 -0.001202
-0.038944 -0.005639 0.452872 0.091620
-0.004765 -0.001202 0.091620 0.043179
