2.060548 1.786332 4.528366 0.919338
2.238091 0.895256 -0.460661 -0.184268
0.895256 80.362177 -0.184268 -0.073709
-0.460661 -0.184268 3.714345 1.485770
-0.184268 -0.073709 1.485770 80.598388
1.876099 -0.200377 2.872059 -2.611147
3.085833 5.420707 -1.080617 -1.666318
5.420707 17.203103 -1.771687 -3.971439
-1.080617 -1.771687 3.745640 6.137239
-1.666318 -3.971439 6.137239 21.751547
4.937026 3.302401 2.125219 -1.835127
2.249953 2.436027 -1.654660 -1.750750
2.436027 4.480678 -1.763730 -2.280448
-1.654660 -1.763730 2.214918 2.407521
-1.750750 -2.280448 2.407521 5.454857
5.257172 2.383098 3.759441 0.415128
1.291104 1.132614 0.106120 0.317603
1.132614 1.687454 0.143625 0.081690
0.106120 0.143625 0.550173 0.550565
0.317603 0.081690 0.550565 1.551951
5.951709 2.036322 3.936796 0.381097
1.533771 1.073566 0.015681 0.036147
1.073566 1.068835 -0.032344 -0.123975
0.015681 -0.032344 0.982286 0.872668
0.036147 -0.123975 0.872668 1.148054
8.048726 2.650438 3.869722 0.200695
1.470071 0.829591 -0.172972 -0.125476
0.829591 0.639847 -0.150140 -0.157142
-0.172972 -0.150140 1.316435 0.890683
-0.125476 -0.157142 0.890683 0.777026
9.098401 2.469703 5.886353 1.222279
1.179537 0.551892 -0.172376 -0.100245
0.551892 0.363912 -0.114785 -0.092195
-0.172376 -0.114785 1.261062 0.672217
-0.100245 -0.092195 0.672217 0.457657
8.798993 1.855882 6.499271 1.234177
0.651789 0.266500 -0.296670 -0.135103
0.266500 0.181110 -0.143453 -0.081140
-0.296670 -0.143453 1.278163 0.563874
-0.135103 -0.081140 0.563874 0.313847
10.434010 2.114680 7.255816 1.282981
0.648305 0.240700 -0.274975 -0.106208
0.240700 0.142250 -0.110992 -0.053199
-0.274975 -0.110992 1.167174 0.438715
-0.106208 -0.053199 0.438715 0.212335
10.913780 1.919081 8.195883 1.382582
0.701565 0.237409 -0.280071 -0.093850
0.237409 0.121622 -0.096962 -0.039653
-0.280071 -0.096962 1.109341 0.365141
-0.093850 -0.039653 0.365141 0.157779
11.590998 1.832621 9.441028 1.545496
0.730901 0.225751 -0.259234 -0.076497
0.225751 0.103872 -0.078561 -0.028387
-0.259234 -0.078561 1.016552 0.298909
-0.076497 -0.028387 0.298909 0.119740
11.694970 1.603972 10.969476 1.746761
0.706773 0.200592 -0.235901 -0.062170
0.200592 0.086648 -0.063792 -0.020741
-0.235901 -0.063792 0.882899 0.236176
-0.062170 -0.020741 0.236176 0.091602
11.900445 1.448117 12.295199 1.857312
0.690290 0.182171 -0.210481 -0.050057
0.182171 0.075044 -0.051390 -0.015286
-0.210481 -0.051390 0.781626 0.193777
-0.050057 -0.015286 0.193777 0.074421
12.277563 1.364053 13.589774 1.941494
0.668654 0.165995 -0.156462 -0.033337
0.165995 0.066491 -0.034018 -0.009691
-0.156462 -0.034018 0.701981 0.164096
-0.033337 -0.009691 0.164096 0.063539
12.628437 1.286650 14.707059 1.972443
0.672433 0.158417 -0.135982 -0.026540
0.158417 0.061604 -0.027067 -0.007292
-0.135982 -0.027067 0.672052 0.150194
-0.026540 -0.007292 0.150194 0.058066
13.628634 1.367639 15.713842 1.979225
0.636322 0.143210 -0.116012 -0.021016
0.143210 0.055974 -0.021391 -0.005578
-0.116012 -0.021391 0.622431 0.134224
-0.021016 -0.005578 0.134224 0.053095
14.920574 1.499819 16.609205 1.963513
0.603908 0.131183 -0.103854 -0.017773
0.131183 0.052003 -0.017994 -0.004556
-0.103854 -0.017994 0.592644 0.124666
-0.017773 -0.004556 0.124666 0.050233
15.512365 1.465593 17.523075 1.948224
0.574036 0.121742 -0.064790 -0.009251
0.121742 0.049276 -0.009340 -0.002552
-0.064790 -0.009340 0.552122 0.114393
-0.009251 -0.002552 0.114393 0.047690
16.608965 1.540329 18.314179 1.912989
0.544739 0.113406 -0.070873 -0.010862
0.113406 0.047116 -0.010947 -0.002856
-0.070873 -0.010947 0.524887 0.107761
-0.010862 -0.002856 0.107761 0.046145
17.331285 1.531187 19.375492 1.934227
0.528546 0.109144 -0.042403 -0.005031
0.109144 0.046149 -0.005088 -0.001560
-0.042403 -0.005088 0.505629 0.103763
-0.005031 -0.001560 0.103763 0.045367
17.559523 1.415325 19.530779 1.763591
0.515714 0.105946 -0.039034 -0.004829
0.105946 0.045488 -0.004894 -0.001530
-0.039034 -0.004894 0.490024 0.100731
-0.004829 -0.001530 0.100731 0.044817
18.203676 1.407661 21.355882 1.958416
0.485558 0.099720 -0.013506 -0.000060
0.099720 0.044308 -0.000179 -0.000567
-0.013506 -0.000179 0.454554 0.093977
-0.000060 -0.000567 0.093977 0.043555
18.224695 1.265633 22.079584 1.902088
0.494231 0.101943 -0.017248 -0.001507
0.101943 0.044931 -0.001609 -0.000897
-0.017248 -0.001609 0.459008 0.095906
-0.001507 -0.000897 0.095906 0.044138
19.092551 1.313682 22.859944 1.866931
0.488952 0.101097 -0.011387 -0.000747
0.101097 0.044855 -0.000829 -0.000721
-0.011387 -0.000829 0.460252 0.096901
-0.000747 -0.000721 0.096901 0.044440
19.293809 1.219183 23.793528 1.865814
0.481708 0.099898 -0.008531 -0.000598
0.099898 0.044696 -0.000671 -0.000673
-0.008531 -0.000671 0.454887 0.096288
-0.000598 -0.000673 0.096288 0.044343
19.623168 1.161085 24.877015 1.897358
0.478602 0.099637 -0.008678 -0.000998
0.099637 0.044728 -0.001047 -0.000724
-0.008678 -0.001047 0.456966 0.097218
-0.000998 -0.000724 0.097218 0.044557
21.075002 1.343695 26.282264 1.995920
0.459421 0.095985 -0.020659 -0.003826
0.095985 0.044027 -0.003787 -0.001266
-0.020659 -0.003787 0.457085 0.097540
-0.003826 -0.001266 0.097540 0.044600
21.268721 1.243907 27.870524 2.121494
0.449675 0.094624 -0.003705 -0.000124
0.094624 0.043852 -0.000129 -0.000385
-0.003705 -0.000129 0.463251 0.099099
-0.000124 -0.000385 0.099099 0.044902
21.909035 1.248002 29.158948 2.170222
0.451776 0.095768 -0.009607 -0.001630
0.095768 0.044180 -0.001611 -0.000682
-0.009607 -0.001611 0.477765 0.102207
-0.001630 -0.000682 0.102207 0.045495
22.556727 1.252677 29.780296 2.071328
0.467136 0.099528 -0.015167 -0.002850
0.099528 0.045007 -0.002838 -0.000887
-0.015167 -0.002838 0.489237 0.104334
-0.002850 -0.000887 0.104334 0.045830
23.305881 1.278646 30.601385 2.025903
0.456943 0.097412 -0.007545 -0.001146
0.097412 0.044494 -0.001118 -0.000453
-0.007545 -0.001118 0.489876 0.103978
-0.001146 -0.000453 0.103978 0.045627
23.822343 1.252295 31.502259 2.002102
0.465659 0.099486 -0.014875 -0.002745
0.099486 0.044915 -0.002734 -0.000765
-0.014875 -0.002734 0.504202 0.106583
-0.002745 -0.000765 0.106583 0.046089
24.305543 1.221815 32.554491 2.012708
0.458147 0.097864 -0.003944 -0.000341
0.097864 0.044507 -0.000277 -0.000195
-0.003944 -0.000277 0.513065 0.107842
-0.000341 -0.000195 0.107842 0.046250
25.005206 1.241106 33.921258 2.088076
0.454943 0.097283 -0.008022 -0.001307
0.097283 0.044356 -0.001258 -0.000400
-0.008022 -0.001258 0.530993 0.110927
-0.001307 -0.000400 0.110927 0.046801
25.465464 1.206316 34.419098 1.974721
0.468491 0.100318 -0.006719 -0.001025
0.100318 0.044989 -0.000987 -0.000318
-0.006719 -0.000987 0.531239 0.110123
-0.001025 -0.000318 0.110123 0.046525
26.878251 1.379492 35.566673 2.008327
0.422996 0.090389 -0.025911 -0.005030
0.090389 0.042789 -0.005113 -0.001160
-0.025911 -0.005113 0.532138 0.109633
-0.005030 -0.001160 0.109633 0.046370
27.075638 1.273965 36.961644 2.087741
0.405551 0.087394 -0.027493 -0.005017
0.087394 0.042262 -0.005050 -0.001067
-0.027493 -0.005050 0.546918 0.112152
-0.005017 -0.001067 0.112152 0.046875
28.581843 1.462726 37.696310 2.026632
0.370866 0.080745 -0.043051 -0.007944
0.080745 0.040928 -0.008109 -0.001648
-0.043051 -0.008109 0.547072 0.111496
-0.007944 -0.001648 0.111496 0.046700
29.413245 1.484939 38.708927 2.026857
0.377516 0.083679 -0.041077 -0.006963
0.083679 0.041764 -0.007062 -0.001337
-0.041077 -0.007062 0.552431 0.112109
-0.006963 -0.001337 0.112109 0.046832
30.259770 1.509683 40.016904 2.086970
0.403305 0.090395 -0.042799 -0.006809
0.090395 0.043305 -0.006980 -0.001256
-0.042799 -0.006980 0.566351 0.114467
-0.006809 -0.001256 0.114467 0.047320
31.451573 1.603672 40.244917 1.924953
0.419836 0.094240 -0.034230 -0.004703
0.094240 0.044033 -0.004853 -0.000800
-0.034230 -0.004853 0.541937 0.109010
-0.004703 -0.000800 0.109010 0.046216
31.622018 1.462062 41.174519 1.914968
0.420907 0.094073 -0.040018 -0.005823
0.094073 0.043780 -0.006046 -0.001085
-0.040018 -0.006046 0.548157 0.110239
-0.005823 -0.001085 0.110239 0.046552
32.010584 1.386595 42.305589 1.948012
0.448367 0.099797 -0.048520 -0.007264
0.099797 0.044887 -0.007738 -0.001414
-0.048520 -0.007738 0.555799 0.111662
-0.007264 -0.001414 0.111662 0.046894
32.905098 1.428183 42.786548 1.850049
0.472288 0.104203 -0.044594 -0.006128
0.104203 0.045631 -0.006689 -0.001177
-0.044594 -0.006689 0.536102 0.107566
-0.006128 -0.001177 0.107566 0.046113
33.452455 1.393129 43.942580 1.895598
0.507046 0.110477 -0.056251 -0.008216
0.110477 0.046732 -0.009039 -0.001642
-0.056251 -0.009039 0.542398 0.109015
-0.008216 -0.001642 0.109015 0.046495
34.194345 1.401654 44.695744 1.856602
0.531599 0.114047 -0.057415 -0.008092
0.114047 0.047208 -0.009028 -0.001612
-0.057415 -0.009028 0.526969 0.106010
-0.008092 -0.001612 0.106010 0.045949
35.587157 1.545291 45.177577 1.770910
0.480577 0.101865 0.011991 0.005757
0.101865 0.044464 0.005478 0.001235
0.011991 0.005478 0.448436 0.090964
0.005757 0.001235 0.090964 0.043092
35.644585 1.394152 45.992369 1.753099
0.493796 0.104096 -0.011274 -0.000104
0.104096 0.044954 -0.000480 -0.000219
-0.011274 -0.000480 0.451117 0.093091
-0.000104 -0.000219 0.093091 0.043795
36.093167 1.341456 46.697157 1.716245
0.505824 0.106046 -0.017540 -0.001830
0.106046 0.045381 -0.002231 -0.000641
-0.017540 -0.002231 0.435316 0.091047
-0.001830 -0.000641 0.091047 0.043517
36.338630 1.252933 47.608940 1.726245
0.514201 0.107149 -0.025880 -0.003813
0.107149 0.045614 -0.004164 -0.001058
-0.025880 -0.004164 0.424170 0.089947
-0.003813 -0.001058 0.089947 0.043394
