1.346028 1.500517 1.683552 -0.218612
1.510945 0.604391 0.341378 0.136554
0.604391 80.245828 0.136554 0.054623
0.341378 0.136554 3.359607 1.343872
0.136554 0.054623 1.343872 80.541627
5.658521 8.043147 1.634125 -0.224274
2.453666 4.556402 -1.633403 -2.810602
4.556402 13.892755 -3.066064 -4.282178
-1.633403 -3.066064 2.191885 3.722203
-2.810602 -4.282178 3.722203 17.125416
6.711017 4.619250 1.913659 -0.443011
1.109283 1.363346 0.465643 0.904152
1.363346 2.837511 0.740856 1.166453
0.465643 0.740856 1.421524 2.027227
0.904152 1.166453 2.027227 4.813082
6.671605 2.545105 1.847887 -0.277711
1.159851 1.014741 0.553331 0.520656
1.014741 1.295365 0.467430 0.360198
0.553331 0.467430 1.384114 1.318846
0.520656 0.360198 1.318846 1.846897
9.028877 3.204220 3.724139 1.132475
1.144355 0.773530 0.239938 0.116670
0.773530 0.712958 0.116214 0.018872
0.239938 0.116214 1.159368 0.830723
0.116670 0.018872 0.830723 0.854289
9.525781 2.596043 4.466113 1.277494
0.850816 0.461308 0.077778 0.011451
0.461308 0.356743 0.001600 -0.026428
0.077778 0.001600 1.262991 0.726587
0.011451 -0.026428 0.726587 0.556151
9.536258 2.006010 5.092685 1.307140
0.792877 0.364112 -0.026997 -0.034588
0.364112 0.235472 -0.040545 -0.032513
-0.026997 -0.040545 1.269582 0.601861
-0.034588 -0.032513 0.601861 0.370744
9.749631 1.679101 6.724865 1.713364
0.755019 0.300702 -0.102132 -0.054405
0.300702 0.168184 -0.057077 -0.029367
-0.102132 -0.057077 1.164893 0.468592
-0.054405 -0.029367 0.468592 0.247629
10.831956 1.757494 8.393719 1.994336
0.790172 0.278132 -0.163305 -0.065219
0.278132 0.135337 -0.066125 -0.026278
-0.163305 -0.066125 1.089311 0.381932
-0.065219 -0.026278 0.381932 0.178684
10.621150 1.417889 8.663555 1.773274
0.689129 0.217342 -0.268803 -0.086775
0.217342 0.099635 -0.087819 -0.028335
-0.268803 -0.087819 0.975950 0.304674
-0.086775 -0.028335 0.304674 0.131539
10.964338 1.313118 9.954312 1.887045
0.645810 0.186064 -0.236149 -0.065548
0.186064 0.080923 -0.066325 -0.018403
-0.236149 -0.066325 0.849415 0.240286
-0.065548 -0.018403 0.240286 0.099363
10.988467 1.144558 11.189820 1.959461
0.641882 0.171498 -0.230792 -0.056250
0.171498 0.070874 -0.057282 -0.013995
-0.230792 -0.057282 0.769230 0.200782
-0.056250 -0.013995 0.200782 0.080698
11.990287 1.254688 12.286776 1.993100
0.641040 0.160647 -0.208763 -0.044888
0.160647 0.063990 -0.045829 -0.009930
-0.208763 -0.045829 0.739046 0.180920
-0.044888 -0.009930 0.180920 0.070662
12.101393 1.132992 13.501220 2.037734
0.607745 0.144366 -0.162477 -0.030409
0.144366 0.057295 -0.031571 -0.006044
-0.162477 -0.031571 0.644564 0.149631
-0.030409 -0.006044 0.149631 0.059937
12.836866 1.166136 14.066007 1.937139
0.601828 0.136921 -0.140622 -0.023425
0.136921 0.053819 -0.024349 -0.004246
-0.140622 -0.024349 0.630802 0.141069
-0.023425 -0.004246 0.141069 0.056057
13.777358 1.242429 14.795550 1.889771
0.576364 0.126720 -0.103971 -0.014551
0.126720 0.050442 -0.015224 -0.002327
-0.103971 -0.015224 0.600341 0.130383
-0.014551 -0.002327 0.130383 0.052436
14.855462 1.344902 16.038571 1.959969
0.556818 0.119231 -0.083679 -0.010249
0.119231 0.048175 -0.010838 -0.001606
-0.083679 -0.010838 0.572242 0.121482
-0.010249 -0.001606 0.121482 0.049717
14.999552 1.235280 17.202417 1.991880
0.554315 0.116512 -0.066000 -0.006754
0.116512 0.047288 -0.007480 -0.001092
-0.066000 -0.007480 0.546769 0.114304
-0.006754 -0.001092 0.114304 0.047762
15.651309 1.236460 17.648457 1.877721
0.535038 0.110770 -0.056700 -0.005554
0.110770 0.045931 -0.006152 -0.001060
-0.056700 -0.006152 0.524818 0.108670
-0.005554 -0.001060 0.108670 0.046373
16.293990 1.243948 18.839291 1.930196
0.540902 0.111074 -0.045398 -0.003705
0.111074 0.046024 -0.004250 -0.000808
-0.045398 -0.004250 0.526127 0.108553
-0.003705 -0.000808 0.108553 0.046310
16.822887 1.224238 19.724495 1.912855
0.540850 0.110296 -0.035276 -0.002293
0.110296 0.045920 -0.002772 -0.000650
-0.035276 -0.002772 0.523723 0.107724
-0.002293 -0.000650 0.107724 0.046121
17.581241 1.254448 20.748357 1.927870
0.527920 0.107020 -0.040627 -0.004222
0.107020 0.045322 -0.004582 -0.001171
-0.040627 -0.004582 0.511817 0.104951
-0.004222 -0.001171 0.104951 0.045538
19.066900 1.431403 22.143989 2.022655
0.507818 0.102805 -0.037199 -0.004106
0.102805 0.044620 -0.004335 -0.001196
-0.037199 -0.004335 0.501344 0.102859
-0.004106 -0.001196 0.102859 0.045172
19.494884 1.373667 23.295373 2.049724
0.508792 0.103407 -0.021404 -0.001227
0.103407 0.044969 -0.001453 -0.000622
-0.021404 -0.001453 0.502704 0.103487
-0.001227 -0.000622 0.103487 0.045410
20.026764 1.342168 24.342982 2.053627
0.503632 0.102678 -0.010269 0.000454
0.102678 0.044989 0.000250 -0.000332
-0.010269 0.000250 0.498527 0.102853
0.000454 -0.000332 0.102853 0.045345
19.973145 1.192840 25.073357 1.989551
0.495405 0.101359 -0.004870 0.000882
0.101359 0.044862 0.000701 -0.000300
-0.004870 0.000701 0.488335 0.100983
0.000882 -0.000300 0.100983 0.045012
20.461466 1.171200 26.315742 2.040665
0.497342 0.102231 0.003259 0.001980
0.102231 0.045177 0.001837 -0.000093
0.003259 0.001837 0.499245 0.103639
0.001980 -0.000093 0.103639 0.045636
21.563773 1.277696 27.282595 2.030287
0.478552 0.098682 -0.007359 -0.000852
0.098682 0.044525 -0.000934 -0.000697
-0.007359 -0.000934 0.491933 0.102184
-0.000852 -0.000697 0.102184 0.045330
21.873163 1.209254 28.216217 2.013009
0.469874 0.097534 0.015254 0.003617
0.097534 0.044411 0.003545 0.000284
0.015254 0.003545 0.492995 0.102628
0.003617 0.000284 0.102628 0.045449
22.091314 1.128388 29.433073 2.056976
0.454447 0.094966 0.033690 0.006880
0.094966 0.043971 0.006824 0.000946
0.033690 0.006824 0.498814 0.103963
0.006880 0.000946 0.103963 0.045729
22.570799 1.111920 29.802255 1.919672
0.448782 0.094587 0.032846 0.005929
0.094587 0.043993 0.005875 0.000698
0.032846 0.005875 0.496700 0.103504
0.005929 0.000698 0.103504 0.045608
23.360230 1.161458 30.793321 1.925412
0.451638 0.095968 0.018947 0.002453
0.095968 0.044357 0.002330 -0.000042
0.018947 0.002330 0.506701 0.105651
0.002453 -0.000042 0.105651 0.046050
24.189830 1.213467 32.080968 1.992185
0.435498 0.093072 -0.003630 -0.002321
0.093072 0.043750 -0.002652 -0.000980
-0.003630 -0.002652 0.520822 0.108471
-0.002321 -0.000980 0.108471 0.046599
25.241790 1.308139 33.486028 2.075765
0.430267 0.092617 -0.012107 -0.003700
0.092617 0.043678 -0.004085 -0.001111
-0.012107 -0.004085 0.535327 0.111048
-0.003700 -0.001111 0.111048 0.047045
26.461053 1.431161 34.148251 1.997353
0.443940 0.096142 -0.007558 -0.002305
0.096142 0.044439 -0.002557 -0.000648
-0.007558 -0.002557 0.543424 0.112066
-0.002305 -0.000648 0.112066 0.047144
27.151651 1.426058 34.839198 1.934293
0.444716 0.096437 -0.012149 -0.002932
0.096437 0.044414 -0.003195 -0.000689
-0.012149 -0.003195 0.550685 0.112903
-0.002932 -0.000689 0.112903 0.047227
27.820194 1.416466 35.611415 1.894569
0.458690 0.099506 -0.013091 -0.002786
0.099506 0.044991 -0.003009 -0.000576
-0.013091 -0.003009 0.565039 0.115185
-0.002786 -0.000576 0.115185 0.047624
28.559645 1.423384 37.156710 2.015687
0.474812 0.102695 -0.008786 -0.001618
0.102695 0.045545 -0.001737 -0.000267
-0.008786 -0.001737 0.589199 0.119320
-0.001618 -0.000267 0.119320 0.048386
29.568445 1.487821 39.166516 2.217045
0.423798 0.091125 -0.013639 -0.002478
0.091125 0.042891 -0.002598 -0.000435
-0.013639 -0.002598 0.613103 0.123091
-0.002478 -0.000435 0.123091 0.049034
30.379738 1.501958 39.805684 2.123807
0.430176 0.093074 -0.014090 -0.002358
0.093074 0.043402 -0.002472 -0.000388
-0.014090 -0.002472 0.610039 0.121261
-0.002358 -0.000388 0.121261 0.048548
30.058124 1.268116 40.092275 1.969335
0.435086 0.094436 -0.018042 -0.002971
0.094436 0.043715 -0.003122 -0.000507
-0.018042 -0.003122 0.629882 0.124290
-0.002971 -0.000507 0.124290 0.049108
30.291227 1.179393 40.108973 1.779146
0.425851 0.092548 -0.016061 -0.002413
0.092548 0.043282 -0.002482 -0.000375
-0.016061 -0.002482 0.626038 0.122533
-0.002413 -0.000375 0.122533 0.048714
31.464937 1.306392 40.817033 1.744937
0.372592 0.081230 -0.002060 0.000317
0.081230 0.040830 0.000696 0.000214
-0.002060 0.000696 0.628738 0.122392
0.000317 0.000214 0.122392 0.048707
32.894210 1.480742 43.312466 2.060636
0.386976 0.085742 0.005304 0.001623
0.085742 0.042032 0.002128 0.000444
0.005304 0.002128 0.641249 0.124272
0.001623 0.000444 0.124272 0.049112
32.999525 1.338115 43.465192 1.890824
0.422325 0.094308 0.000059 0.000395
0.094308 0.043971 0.000593 0.000093
0.000059 0.000593 0.625163 0.120557
0.000395 0.000093 0.120557 0.048418
33.015180 1.191760 43.066813 1.631639
0.446584 0.099412 0.001951 0.000655
0.099412 0.044935 0.000835 0.000119
0.001951 0.000835 0.593876 0.114365
0.000655 0.000119 0.114365 0.047323
34.063012 1.291562 43.910409 1.637161
0.452123 0.099840 0.026978 0.005367
0.099840 0.044795 0.006193 0.001136
0.026978 0.006193 0.581143 0.112348
0.005367 0.001136 0.112348 0.047119
34.006089 1.137991 44.101005 1.515689
0.488546 0.107055 0.016111 0.002709
0.107055 0.046196 0.003135 0.000445
0.016111 0.003135 0.581265 0.112984
0.002709 0.000445 0.112984 0.047422
35.199589 1.272169 45.678887 1.674998
0.495064 0.107050 0.034532 0.006086
0.107050 0.045924 0.006843 0.001158
0.034532 0.006843 0.564514 0.110193
0.006086 0.001158 0.110193 0.046999
35.543114 1.210628 46.008456 1.575830
0.525833 0.112406 0.038191 0.006265
0.112406 0.046891 0.007065 0.001132
0.038191 0.007065 0.538438 0.105767
0.006265 0.001132 0.105767 0.046264
