1.932146 1.734969 0.125468 -0.841859
1.965441 0.786193 -0.131094 -0.052439
0.786193 80.318551 -0.052439 -0.020976
-0.131094 -0.052439 4.064009 1.625639
-0.052439 -0.020976 1.625639 80.654336
7.070414 9.371819 -2.435713 -4.269589
3.104029 5.552065 -1.409190 -2.253781
5.552065 16.817154 -2.495153 -4.345434
-1.409190 -2.495153 3.023478 4.891565
-2.253781 -4.345434 4.891565 20.489864
7.035868 4.296700 -1.888311 -1.568924
1.751796 1.975803 0.675063 1.006628
1.975803 3.861247 0.800012 0.897322
0.675063 0.800012 0.958550 1.227813
1.006628 0.897322 1.227813 4.371065
9.262966 4.080169 0.250474 1.648734
1.729898 1.472839 0.330936 0.168267
1.472839 1.849920 0.201417 0.018678
0.330936 0.201417 0.887254 0.941646
0.168267 0.018678 0.941646 1.793045
9.171960 2.535875 3.310193 3.634846
0.996197 0.640513 0.336061 0.208490
0.640513 0.692121 0.162826 0.099564
0.336061 0.162826 1.016948 0.814212
0.208490 0.099564 0.814212 0.951922
9.930284 2.304960 3.924899 2.893882
1.076030 0.595888 0.131862 0.030518
0.595888 0.486745 0.016288 -0.006033
0.131862 0.016288 1.277210 0.807207
0.030518 -0.006033 0.807207 0.659731
8.297309 0.970169 6.266824 3.426996
0.269589 0.128653 -0.066284 -0.041268
0.128653 0.158666 -0.064147 -0.025280
-0.066284 -0.064147 1.253825 0.638688
-0.041268 -0.025280 0.638688 0.412906
8.980269 1.063154 8.093728 3.474712
0.376913 0.180165 -0.135987 -0.058323
0.180165 0.149844 -0.074762 -0.024369
-0.135987 -0.074762 1.176558 0.498984
-0.058323 -0.024369 0.498984 0.270649
9.454783 1.037308 9.134572 3.219466
0.494863 0.213222 -0.167866 -0.056577
0.213222 0.136270 -0.070515 -0.018779
-0.167866 -0.070515 1.087753 0.396125
-0.056577 -0.018779 0.396125 0.188231
9.514108 0.853655 9.596652 2.842283
0.612448 0.233011 -0.205693 -0.057948
0.233011 0.122343 -0.071691 -0.016815
-0.205693 -0.071691 1.029855 0.329882
-0.057948 -0.016815 0.329882 0.141128
9.585636 0.735033 11.248553 2.903915
0.700230 0.236273 -0.193923 -0.045579
0.236273 0.107448 -0.056776 -0.010945
-0.193923 -0.056776 0.960516 0.276424
-0.045579 -0.010945 0.276424 0.110006
10.490003 0.888730 11.751777 2.659804
0.710910 0.214777 -0.187981 -0.039032
0.214777 0.089278 -0.048363 -0.008432
-0.187981 -0.048363 0.850339 0.223322
-0.039032 -0.008432 0.223322 0.086099
10.227317 0.683863 12.318919 2.460070
0.754206 0.207181 -0.195287 -0.036713
0.207181 0.079514 -0.045108 -0.007407
-0.195287 -0.045108 0.809619 0.197417
-0.036713 -0.007407 0.197417 0.073820
10.932330 0.772415 13.184850 2.380745
0.738518 0.186661 -0.183420 -0.031417
0.186661 0.068910 -0.038058 -0.005846
-0.183420 -0.038058 0.752331 0.172620
-0.031417 -0.005846 0.172620 0.064277
11.372162 0.774970 13.532099 2.194049
0.701368 0.165223 -0.179412 -0.029112
0.165223 0.060347 -0.034701 -0.005328
-0.179412 -0.034701 0.668410 0.145903
-0.029112 -0.005328 0.145903 0.055989
12.652723 0.983661 15.156803 2.321935
0.661695 0.147729 -0.142765 -0.020228
0.147729 0.054461 -0.024095 -0.003248
-0.142765 -0.024095 0.633065 0.134108
-0.020228 -0.003248 0.134108 0.052332
13.579500 1.078223 16.344329 2.334383
0.617600 0.132132 -0.126366 -0.016822
0.132132 0.049990 -0.019850 -0.002710
-0.126366 -0.019850 0.576731 0.119266
-0.016822 -0.002710 0.119266 0.048526
15.353216 1.332343 17.104390 2.269302
0.557651 0.116127 -0.081993 -0.008246
0.116127 0.046256 -0.010092 -0.001068
-0.081993 -0.010092 0.541157 0.111033
-0.008246 -0.001068 0.111033 0.046678
15.823965 1.288527 17.961414 2.209189
0.545593 0.111914 -0.062469 -0.004867
0.111914 0.045404 -0.006384 -0.000613
-0.062469 -0.006384 0.524301 0.107186
-0.004867 -0.000613 0.107186 0.045873
16.763399 1.350665 19.232797 2.247387
0.528662 0.107520 -0.036250 -0.000456
0.107520 0.044673 -0.001668 0.000044
-0.036250 -0.001668 0.509214 0.104214
-0.000456 0.000044 0.104214 0.045351
16.886580 1.231753 19.632874 2.092421
0.516729 0.104438 -0.045195 -0.003521
0.104438 0.044234 -0.004523 -0.000845
-0.045195 -0.004523 0.490649 0.100387
-0.003521 -0.000845 0.100387 0.044610
17.535580 1.239298 20.777893 2.113152
0.501417 0.101419 -0.024453 -0.000085
0.101419 0.043920 -0.000948 -0.000281
-0.024453 -0.000948 0.476213 0.098091
-0.000085 -0.000281 0.098091 0.044310
18.337146 1.278312 22.135020 2.177065
0.482155 0.097776 -0.027603 -0.001828
0.097776 0.043454 -0.002480 -0.000788
-0.027603 -0.002480 0.458207 0.094968
-0.001828 -0.000788 0.094968 0.043786
18.960984 1.274218 23.056844 2.142021
0.480670 0.098164 -0.026306 -0.002216
0.098164 0.043835 -0.002732 -0.000913
-0.026306 -0.002732 0.459689 0.096162
-0.002216 -0.000913 0.096162 0.044186
19.653927 1.285682 24.122114 2.141136
0.489010 0.100587 -0.011933 0.000339
0.100587 0.044580 -0.000132 -0.000389
-0.011933 -0.000132 0.473967 0.099913
0.000339 -0.000389 0.099913 0.045071
20.715612 1.370790 24.807888 2.061672
0.498026 0.102915 0.012933 0.004941
0.102915 0.045216 0.004455 0.000527
0.012933 0.004455 0.488631 0.103323
0.004941 0.000527 0.103323 0.045786
21.352452 1.361528 26.291427 2.157090
0.499696 0.103409 0.020417 0.005496
0.103409 0.045383 0.005090 0.000550
0.020417 0.005090 0.501128 0.105802
0.005496 0.000550 0.105802 0.046215
21.951806 1.344659 26.967646 2.072443
0.506500 0.104905 0.020032 0.004489
0.104905 0.045735 0.004159 0.000284
0.020032 0.004159 0.512923 0.107871
0.004489 0.000284 0.107871 0.046527
22.655432 1.350620 28.438411 2.163334
0.473160 0.097938 0.029117 0.005728
0.097938 0.044297 0.005430 0.000544
0.029117 0.005430 0.500820 0.104759
0.005728 0.000544 0.104759 0.045747
23.786158 1.445272 29.625784 2.184415
0.480591 0.100085 0.032057 0.005644
0.100085 0.044868 0.005382 0.000524
0.032057 0.005382 0.514949 0.107483
0.005644 0.000524 0.107483 0.046278
24.098702 1.360809 30.343733 2.107890
0.464923 0.097164 0.025723 0.003830
0.097164 0.044310 0.003562 0.000178
0.025723 0.003562 0.514666 0.106996
0.003830 0.000178 0.106996 0.046109
24.147787 1.227697 31.466140 2.124501
0.435947 0.091594 0.033247 0.005230
0.091594 0.043209 0.004915 0.000551
0.033247 0.004915 0.517174 0.107137
0.005230 0.000551 0.107137 0.046092
24.121049 1.093287 32.127718 2.044535
0.432308 0.091871 0.023251 0.002844
0.091871 0.043418 0.002459 0.000088
0.023251 0.002459 0.529174 0.109354
0.002844 0.000088 0.109354 0.046537
24.713741 1.106600 32.421866 1.894362
0.427695 0.091727 0.019405 0.002039
0.091727 0.043462 0.001717 0.000032
0.019405 0.001717 0.520316 0.107074
0.002039 0.000032 0.107074 0.046022
25.419193 1.137215 33.880743 1.998890
0.420475 0.090912 0.010293 0.000276
0.090912 0.043323 -0.000197 -0.000260
0.010293 -0.000197 0.539202 0.110803
0.000276 -0.000260 0.110803 0.046809
26.595943 1.272350 34.197598 1.856931
0.432284 0.094126 0.013740 0.001195
0.094126 0.044027 0.000898 0.000064
0.013740 0.000898 0.541145 0.110687
0.001195 0.000064 0.110687 0.046736
27.758752 1.386848 35.269534 1.884426
0.406097 0.088732 -0.016491 -0.004714
0.088732 0.042791 -0.005480 -0.001147
-0.016491 -0.005480 0.541847 0.110520
-0.004714 -0.001147 0.110520 0.046703
28.436048 1.383490 36.109316 1.863629
0.412773 0.090881 -0.025236 -0.005816
0.090881 0.043282 -0.006594 -0.001223
-0.025236 -0.006594 0.557833 0.113450
-0.005816 -0.001223 0.113450 0.047298
28.861939 1.324769 36.974450 1.850134
0.427125 0.094380 -0.031014 -0.006279
0.094380 0.043997 -0.007014 -0.001184
-0.031014 -0.007014 0.578312 0.117053
-0.006279 -0.001184 0.117053 0.047988
29.209095 1.255531 38.232979 1.916750
0.416165 0.091856 -0.031301 -0.005700
0.091856 0.043308 -0.006243 -0.000947
-0.031301 -0.006243 0.610542 0.122750
-0.005700 -0.000947 0.122750 0.049058
29.853490 1.258167 38.699234 1.818745
0.428672 0.094762 -0.019797 -0.002871
0.094762 0.043893 -0.003103 -0.000277
-0.019797 -0.003103 0.602724 0.120033
-0.002871 -0.000277 0.120033 0.048389
30.259657 1.207420 38.972893 1.692278
0.435473 0.096052 -0.016168 -0.001968
0.096052 0.044062 -0.002078 -0.000109
-0.016168 -0.002078 0.607769 0.120258
-0.001968 -0.000109 0.120258 0.048400
30.648827 1.159247 39.422480 1.613607
0.443947 0.097570 -0.015743 -0.001820
0.097570 0.044278 -0.001923 -0.000130
-0.015743 -0.001923 0.608536 0.119732
-0.001820 -0.000130 0.119732 0.048288
30.751951 1.055429 40.405528 1.646793
0.427717 0.093554 -0.014128 -0.001552
0.093554 0.043282 -0.001473 -0.000107
-0.014128 -0.001473 0.639711 0.125333
-0.001552 -0.000107 0.125333 0.049409
31.415622 1.084756 41.059965 1.614289
0.444177 0.097134 -0.011092 -0.000955
0.097134 0.044060 -0.000863 -0.000030
-0.011092 -0.000863 0.639997 0.124487
-0.000955 -0.000030 0.124487 0.049197
31.578911 1.000259 41.019964 1.449464
0.456567 0.099481 -0.001727 0.000784
0.099481 0.044503 0.001069 0.000295
-0.001727 0.001069 0.645965 0.124970
0.000784 0.000295 0.124970 0.049294
32.572373 1.110066 43.406786 1.770370
0.486573 0.105427 -0.001036 0.000719
0.105427 0.045699 0.000961 0.000213
-0.001036 0.000961 0.676037 0.130145
0.000719 0.000213 0.130145 0.050304
33.333248 1.154698 44.649114 1.838912
0.467636 0.100352 0.031420 0.006665
0.100352 0.044449 0.007611 0.001422
0.031420 0.007611 0.650343 0.124327
0.006665 0.001422 0.124327 0.049155
34.408445 1.261083 46.454115 2.007752
0.485589 0.103757 0.038034 0.007215
0.103757 0.045161 0.008133 0.001387
0.038034 0.008133 0.619119 0.118067
0.007215 0.001387 0.118067 0.048036
35.665202 1.392738 48.505850 2.207273
0.510726 0.108408 0.042974 0.007455
0.108408 0.046088 0.008394 0.001334
0.042974 0.008394 0.575108 0.109956
0.007455 0.001334 0.109956 0.046651
