3.341534 2.298737 3.208847 0.391519
1.380092 0.552049 0.271649 0.108662
0.552049 80.224891 0.108662 0.043466
0.271649 0.108662 3.193710 1.277512
0.108662 0.043466 1.277512 80.515082
4.070406 1.563687 1.630051 -2.595251
3.228418 5.995271 -0.966047 -1.709331
5.995271 16.144009 -1.863592 -2.487987
-0.966047 -1.863592 3.175967 5.386941
-1.709331 -2.487987 5.386941 19.514574
6.501079 3.416135 2.657483 0.177128
2.669158 2.843481 -0.370581 -0.241382
2.843481 4.235198 -0.368629 -0.122501
-0.370581 -0.368629 0.747752 0.830011
-0.241382 -0.122501 0.830011 3.329594
8.242885 3.462175 3.206889 0.665675
1.606574 1.218391 -0.053240 0.052010
1.218391 1.414983 0.012859 0.092552
-0.053240 0.012859 1.204091 1.266958
0.052010 0.092552 1.266958 2.061544
8.997437 2.896910 4.920334 1.698657
1.137607 0.689727 0.007511 0.040309
0.689727 0.669375 0.031663 0.033851
0.007511 0.031663 1.402835 1.079957
0.040309 0.033851 1.079957 1.126531
7.547812 1.406831 5.669454 1.600815
0.345309 0.176027 -0.179693 -0.102274
0.176027 0.236735 -0.080628 -0.054191
-0.179693 -0.080628 1.479785 0.877407
-0.102274 -0.054191 0.877407 0.673380
8.185756 1.384368 7.199171 1.951949
0.487896 0.248980 -0.195120 -0.087423
0.248980 0.218077 -0.079045 -0.040994
-0.195120 -0.079045 1.396389 0.671341
-0.087423 -0.040994 0.671341 0.416366
9.125069 1.471465 6.437479 1.247577
0.574243 0.259390 -0.285727 -0.109377
0.259390 0.176999 -0.113211 -0.047765
-0.285727 -0.113211 1.185642 0.479192
-0.109377 -0.047765 0.479192 0.257876
7.688572 0.601860 7.703787 1.445974
0.423022 0.165303 -0.369514 -0.125534
0.165303 0.107590 -0.131894 -0.048461
-0.369514 -0.131894 1.077993 0.378190
-0.125534 -0.048461 0.378190 0.180778
8.865758 0.907747 7.385745 1.131983
0.481337 0.173793 -0.337448 -0.097365
0.173793 0.096293 -0.102659 -0.032369
-0.337448 -0.102659 1.016318 0.318127
-0.097365 -0.032369 0.318127 0.138338
9.612016 1.020469 8.414899 1.274055
0.519151 0.171962 -0.282649 -0.069916
0.171962 0.084750 -0.074286 -0.020611
-0.282649 -0.074286 0.912110 0.259128
-0.069916 -0.020611 0.259128 0.106655
10.939717 1.279282 9.122436 1.311927
0.542199 0.165052 -0.230083 -0.049281
0.165052 0.074628 -0.052183 -0.013071
-0.230083 -0.052183 0.845464 0.221884
-0.049281 -0.013071 0.221884 0.087695
11.718484 1.327788 10.168534 1.412604
0.558462 0.157114 -0.192388 -0.036393
0.157114 0.066625 -0.038980 -0.009109
-0.192388 -0.038980 0.774706 0.190011
-0.036393 -0.009109 0.190011 0.073823
12.117466 1.266372 11.375035 1.525835
0.581834 0.152194 -0.185893 -0.032843
0.152194 0.061201 -0.035983 -0.008078
-0.185893 -0.035983 0.726117 0.168170
-0.032843 -0.008078 0.168170 0.064788
13.454089 1.445898 12.326970 1.581050
0.569153 0.140065 -0.148366 -0.023388
0.140065 0.055431 -0.025479 -0.005575
-0.148366 -0.025479 0.679262 0.150803
-0.023388 -0.005575 0.150803 0.058505
14.339414 1.499129 14.066592 1.790494
0.554871 0.130176 -0.098691 -0.012470
0.130176 0.051430 -0.013950 -0.003089
-0.098691 -0.013950 0.612177 0.131782
-0.012470 -0.003089 0.131782 0.052937
15.366010 1.572948 15.778047 1.968006
0.553172 0.124649 -0.076452 -0.008379
0.124649 0.049127 -0.009643 -0.002307
-0.076452 -0.009643 0.579369 0.122113
-0.008379 -0.002307 0.122113 0.050067
15.963396 1.535264 17.096992 2.035755
0.551849 0.120394 -0.055710 -0.004888
0.120394 0.047587 -0.005938 -0.001659
-0.055710 -0.005938 0.555706 0.115568
-0.004888 -0.001659 0.115568 0.048256
15.789879 1.329077 17.528911 1.904770
0.544988 0.115592 -0.069792 -0.008859
0.115592 0.046192 -0.009962 -0.002627
-0.069792 -0.009962 0.529525 0.108926
-0.008859 -0.002627 0.108926 0.046594
16.415617 1.321256 18.516199 1.911608
0.532373 0.110935 -0.043666 -0.004019
0.110935 0.045182 -0.004871 -0.001577
-0.043666 -0.004871 0.511119 0.105051
-0.004019 -0.001577 0.105051 0.045787
16.791183 1.259361 19.024653 1.817045
0.534024 0.109804 -0.050534 -0.006187
0.109804 0.045022 -0.006895 -0.002031
-0.050534 -0.006895 0.509899 0.104804
-0.006187 -0.002031 0.104804 0.045744
17.177573 1.213084 20.490441 1.930340
0.528778 0.107808 -0.036031 -0.003659
0.107808 0.044782 -0.004305 -0.001470
-0.036031 -0.004305 0.496981 0.102333
-0.003659 -0.001470 0.102333 0.045280
17.593956 1.176655 21.879780 2.016968
0.513039 0.104093 -0.021759 -0.001366
0.104093 0.044242 -0.001944 -0.000997
-0.021759 -0.001944 0.478290 0.098859
-0.001366 -0.000997 0.098859 0.044635
17.797298 1.098529 22.887415 2.014917
0.514794 0.104435 -0.007026 0.001044
0.104435 0.044581 0.000492 -0.000498
-0.007026 0.000492 0.478648 0.099595
0.001044 -0.000498 0.099595 0.044897
18.582034 1.147478 24.343592 2.109516
0.503947 0.102255 0.000320 0.001768
0.102255 0.044365 0.001311 -0.000362
0.000320 0.001311 0.477777 0.099880
0.001768 -0.000362 0.099880 0.045005
19.117734 1.138848 24.716621 1.966427
0.499767 0.101674 -0.009852 -0.001083
0.101674 0.044475 -0.001385 -0.000937
-0.009852 -0.001385 0.473817 0.099379
-0.001083 -0.000937 0.099379 0.044912
20.244837 1.252629 25.574829 1.940872
0.490276 0.100106 -0.012452 -0.001956
0.100106 0.044359 -0.002170 -0.001037
-0.012452 -0.002170 0.476188 0.100213
-0.001956 -0.001037 0.100213 0.045098
21.152057 1.310099 26.222683 1.873139
0.485123 0.099564 -0.021596 -0.004038
0.099564 0.044437 -0.004154 -0.001372
-0.021596 -0.004154 0.477473 0.100676
-0.004038 -0.001372 0.100676 0.045174
21.674922 1.283209 27.593189 1.964592
0.459885 0.094910 -0.009791 -0.001471
0.094910 0.043636 -0.001595 -0.000723
-0.009791 -0.001595 0.470194 0.099267
-0.001471 -0.000723 0.099267 0.044848
22.652927 1.353477 28.782801 2.008815
0.463147 0.096527 0.002418 0.001004
0.096527 0.044167 0.000872 -0.000148
0.002418 0.000872 0.484785 0.102578
0.001004 -0.000148 0.102578 0.045542
23.013270 1.287158 30.267918 2.110258
0.456219 0.095746 0.012907 0.002910
0.095746 0.044107 0.002793 0.000264
0.012907 0.002793 0.498907 0.105420
0.002910 0.000264 0.105420 0.046068
23.165277 1.183112 31.567420 2.161946
0.443387 0.093689 0.012650 0.002435
0.093689 0.043748 0.002329 0.000152
0.012650 0.002329 0.507102 0.106730
0.002435 0.000152 0.106730 0.046233
23.703591 1.171647 32.744104 2.182061
0.453587 0.096630 -0.001584 -0.000866
0.096630 0.044453 -0.001012 -0.000540
-0.001584 -0.001012 0.524062 0.109799
-0.000866 -0.000540 0.109799 0.046775
24.662507 1.251241 33.992891 2.214505
0.449315 0.096065 0.000384 -0.000386
0.096065 0.044312 -0.000509 -0.000354
0.000384 -0.000509 0.534392 0.111212
-0.000386 -0.000354 0.111212 0.046941
25.452833 1.286791 34.884035 2.169686
0.459363 0.098548 0.002814 0.000143
0.098548 0.044822 0.000068 -0.000179
0.002814 0.000068 0.539645 0.111521
0.000143 -0.000179 0.111521 0.046895
25.880315 1.241622 34.761107 1.921854
0.437366 0.093851 -0.000442 -0.000503
0.093851 0.043738 -0.000588 -0.000268
-0.000442 -0.000588 0.512155 0.105180
-0.000503 -0.000268 0.105180 0.045521
26.371169 1.213545 35.798314 1.937618
0.442889 0.095486 -0.006956 -0.001772
0.095486 0.044107 -0.001914 -0.000496
-0.006956 -0.001914 0.526962 0.108215
-0.001772 -0.000496 0.108215 0.046215
27.591908 1.346078 37.076670 2.000815
0.431956 0.093326 -0.011229 -0.002451
0.093326 0.043606 -0.002622 -0.000582
-0.011229 -0.002622 0.540414 0.110709
-0.002451 -0.000582 0.110709 0.046736
28.793629 1.460758 38.175638 2.021021
0.425479 0.092279 -0.015035 -0.002991
0.092279 0.043379 -0.003174 -0.000639
-0.015035 -0.003174 0.548363 0.111890
-0.002991 -0.000639 0.111890 0.046954
29.393266 1.432266 39.168105 2.017255
0.424671 0.092486 -0.021981 -0.004143
0.092486 0.043427 -0.004386 -0.000838
-0.021981 -0.004386 0.554862 0.112729
-0.004143 -0.000838 0.112729 0.047099
29.747782 1.353136 40.107145 2.002631
0.437327 0.095533 -0.030376 -0.005492
0.095533 0.044073 -0.005835 -0.001076
-0.030376 -0.005835 0.559091 0.113098
-0.005492 -0.001076 0.113098 0.047154
30.767433 1.428658 41.360836 2.054338
0.438603 0.095753 -0.026563 -0.004316
0.095753 0.044038 -0.004515 -0.000756
-0.026563 -0.004515 0.565503 0.113973
-0.004316 -0.000756 0.113973 0.047328
31.439500 1.416482 41.317870 1.839212
0.443950 0.096814 -0.025600 -0.003868
0.096814 0.044194 -0.004115 -0.000664
-0.025600 -0.004115 0.533274 0.107068
-0.003868 -0.000664 0.107068 0.045938
32.175544 1.422101 42.097732 1.811153
0.437447 0.095193 -0.021182 -0.002845
0.095193 0.043761 -0.002960 -0.000445
-0.021182 -0.002960 0.530305 0.106753
-0.002845 -0.000445 0.106753 0.046000
32.840526 1.413725 43.517621 1.914883
0.425790 0.092628 -0.014189 -0.001442
0.092628 0.043174 -0.001355 -0.000162
-0.014189 -0.001355 0.539694 0.108963
-0.001442 -0.000162 0.108963 0.046554
33.201284 1.338568 44.585023 1.936038
0.438015 0.095473 -0.019473 -0.002583
0.095473 0.043810 -0.002657 -0.000471
-0.019473 -0.002657 0.532732 0.107612
-0.002583 -0.000471 0.107612 0.046320
34.388138 1.450280 45.205074 1.867174
0.455230 0.099156 -0.004445 0.000503
0.099156 0.044579 0.000514 0.000159
-0.004445 0.000514 0.496824 0.100586
0.000503 0.000159 0.100586 0.044965
34.243130 1.261230 45.972998 1.831239
0.469645 0.101763 -0.026403 -0.004246
0.101763 0.045028 -0.004565 -0.000945
-0.026403 -0.004565 0.490801 0.100122
-0.004246 -0.000945 0.100122 0.045014
35.175395 1.324575 46.290417 1.709038
0.481596 0.103717 -0.011561 -0.001001
0.103717 0.045340 -0.001264 -0.000231
-0.011561 -0.001264 0.448044 0.092140
-0.001001 -0.000231 0.092140 0.043495
36.063520 1.374122 47.659380 1.817060
0.518879 0.110896 -0.022141 -0.003280
0.110896 0.046755 -0.003626 -0.000743
-0.022141 -0.003626 0.453713 0.094697
-0.003280 -0.000743 0.094697 0.044221
