0.652912 1.223265 -0.534335 -1.105786
2.843801 1.137545 -0.913687 -0.365483
1.137545 80.459095 -0.365483 -0.146196
-0.913687 -0.365483 5.031827 2.012775
-0.365483 -0.146196 2.012775 80.809194
8.117223 12.952791 -1.983720 -2.045351
2.605381 4.386982 -1.424311 -2.047466
4.386982 16.716455 -2.285380 -5.504277
-1.424311 -2.285380 2.464193 3.748825
-2.047466 -5.504277 3.748825 20.380223
10.017850 7.860872 0.889872 2.336101
1.417759 1.697783 0.529529 0.895630
1.697783 4.173102 0.706348 0.321587
0.529529 0.706348 1.242299 1.689630
0.895630 0.321587 1.689630 5.330042
9.628808 3.964480 0.274519 0.903092
1.031204 0.930236 0.425427 0.341757
0.930236 1.544876 0.210787 -0.073980
0.425427 0.210787 1.746078 1.799207
0.341757 -0.073980 1.799207 2.710108
9.677729 2.401558 2.163048 2.175888
1.177291 0.861099 0.257855 0.088264
0.861099 0.926168 0.079759 -0.068158
0.257855 0.079759 1.416891 1.056040
0.088264 -0.068158 1.056040 1.135105
9.919055 1.768659 4.483948 2.970425
1.074869 0.631672 0.075425 -0.021094
0.631672 0.524703 -0.026334 -0.068462
0.075425 -0.026334 1.335794 0.792255
-0.021094 -0.068462 0.792255 0.648038
8.457506 0.646831 5.311396 2.741286
0.333999 0.169381 -0.192027 -0.106928
0.169381 0.178371 -0.139833 -0.078662
-0.192027 -0.139833 1.366032 0.674844
-0.106928 -0.078662 0.674844 0.438819
8.042553 0.308935 5.995898 2.467149
0.376067 0.179008 -0.309334 -0.133250
0.179008 0.145376 -0.157480 -0.068579
-0.309334 -0.157480 1.230492 0.513882
-0.133250 -0.068579 0.513882 0.285575
8.188625 0.305729 7.291850 2.489802
0.478860 0.205212 -0.301588 -0.106360
0.205212 0.130188 -0.122608 -0.043740
-0.301588 -0.122608 1.155783 0.418677
-0.106360 -0.043740 0.418677 0.203901
9.024999 0.560774 7.826283 2.269008
0.559922 0.212720 -0.280468 -0.082925
0.212720 0.113092 -0.094602 -0.028399
-0.280468 -0.094602 1.091327 0.350392
-0.082925 -0.028399 0.350392 0.153861
8.798648 0.389911 9.213222 2.334672
0.629941 0.212757 -0.288688 -0.074250
0.212757 0.098534 -0.085964 -0.022657
-0.288688 -0.085964 0.957002 0.276252
-0.074250 -0.022657 0.276252 0.114505
9.950952 0.696380 11.047400 2.532469
0.647039 0.196707 -0.252487 -0.056580
0.196707 0.083381 -0.065621 -0.015295
-0.252487 -0.065621 0.849811 0.225358
-0.056580 -0.015295 0.225358 0.090431
10.355656 0.713858 12.414772 2.559092
0.666382 0.185254 -0.202082 -0.038746
0.185254 0.073431 -0.045299 -0.009231
-0.202082 -0.045299 0.789368 0.195867
-0.038746 -0.009231 0.195867 0.076696
10.784273 0.743109 14.439241 2.738169
0.658546 0.168977 -0.180001 -0.031272
0.168977 0.064481 -0.037385 -0.007203
-0.180001 -0.037385 0.669027 0.156493
-0.031272 -0.007203 0.156493 0.063061
12.373486 1.034909 15.475927 2.683135
0.621826 0.149399 -0.141866 -0.021711
0.149399 0.056773 -0.025804 -0.004645
-0.141866 -0.025804 0.632090 0.142494
-0.021711 -0.004645 0.142494 0.057562
12.960458 1.044739 16.343828 2.579107
0.596570 0.135974 -0.122194 -0.017263
0.135974 0.051940 -0.020716 -0.003712
-0.122194 -0.020716 0.569980 0.124542
-0.017263 -0.003712 0.124542 0.052019
13.392792 1.015992 16.927147 2.424004
0.584275 0.127596 -0.129528 -0.018939
0.127596 0.049074 -0.021974 -0.004145
-0.129528 -0.021974 0.533302 0.113998
-0.018939 -0.004145 0.113998 0.048796
14.163803 1.069014 17.873626 2.371024
0.573368 0.121570 -0.104264 -0.013346
0.121570 0.047362 -0.015691 -0.002852
-0.104264 -0.015691 0.527830 0.111957
-0.013346 -0.002852 0.111957 0.047958
15.047596 1.133822 18.375433 2.230597
0.546245 0.113385 -0.073620 -0.007429
0.113385 0.045528 -0.009267 -0.001679
-0.073620 -0.009267 0.507579 0.107060
-0.007429 -0.001679 0.107060 0.046648
15.911151 1.199527 19.910964 2.323675
0.526335 0.107867 -0.050045 -0.003402
0.107867 0.044502 -0.004957 -0.000992
-0.050045 -0.004957 0.488692 0.102838
-0.003402 -0.000992 0.102838 0.045615
15.971206 1.084926 20.607218 2.218893
0.517569 0.105243 -0.048905 -0.004233
0.105243 0.044165 -0.005562 -0.001323
-0.048905 -0.005562 0.470848 0.098952
-0.004233 -0.001323 0.098952 0.044704
16.797924 1.142911 21.736428 2.226022
0.511059 0.103645 -0.038001 -0.002755
0.103645 0.044114 -0.003845 -0.001078
-0.038001 -0.003845 0.471738 0.099501
-0.002755 -0.001078 0.099501 0.044845
17.705612 1.212727 23.062977 2.274244
0.501057 0.101631 -0.027256 -0.001362
0.101631 0.043983 -0.002265 -0.000852
-0.027256 -0.002265 0.469551 0.099282
-0.001362 -0.000852 0.099282 0.044798
18.820749 1.315566 24.066497 2.249566
0.488733 0.099449 -0.011101 0.001166
0.099449 0.043824 0.000380 -0.000384
-0.011101 0.000380 0.468542 0.099321
0.001166 -0.000384 0.099321 0.044810
20.096992 1.442493 25.292989 2.274448
0.472525 0.096680 0.003522 0.003260
0.096680 0.043529 0.002580 -0.000014
0.003522 0.002580 0.464344 0.098605
0.003260 -0.000014 0.098605 0.044648
20.582191 1.393197 26.139091 2.211783
0.471578 0.097272 0.022475 0.006309
0.097272 0.043913 0.005650 0.000568
0.022475 0.005650 0.468658 0.099721
0.006309 0.000568 0.099721 0.044883
21.700908 1.480845 26.940584 2.147399
0.473722 0.098361 0.033389 0.007519
0.098361 0.044320 0.006930 0.000760
0.033389 0.006930 0.476129 0.101316
0.007519 0.000760 0.101316 0.045183
22.616474 1.518469 27.501878 2.038267
0.483004 0.100756 0.047744 0.009507
0.100756 0.044929 0.008967 0.001140
0.047744 0.008967 0.487745 0.103596
0.009507 0.001140 0.103596 0.045599
22.634370 1.362430 28.710412 2.080977
0.474467 0.099138 0.057838 0.010617
0.099138 0.044621 0.010077 0.001342
0.057838 0.010077 0.500126 0.105805
0.010617 0.001342 0.105805 0.045968
23.258551 1.351227 29.616961 2.053015
0.458149 0.096107 0.046248 0.007276
0.096107 0.044050 0.006767 0.000646
0.046248 0.006767 0.499088 0.105094
0.007276 0.000646 0.105094 0.045724
23.212162 1.199987 30.410009 2.008561
0.445344 0.093969 0.044438 0.006482
0.093969 0.043679 0.005967 0.000573
0.044438 0.005967 0.502098 0.105304
0.006482 0.000573 0.105304 0.045705
23.940353 1.226302 31.552854 2.036695
0.431117 0.091780 0.021852 0.001543
0.091780 0.043327 0.000904 -0.000370
0.021852 0.000904 0.507668 0.106229
0.001543 -0.000370 0.106229 0.045885
24.554570 1.224848 32.820704 2.088747
0.438073 0.094098 0.014030 0.000108
0.094098 0.043907 -0.000535 -0.000499
0.014030 -0.000535 0.526382 0.109739
0.000108 -0.000499 0.109739 0.046577
24.950918 1.178570 33.798852 2.076204
0.446947 0.096447 0.011953 0.000028
0.096447 0.044402 -0.000564 -0.000339
0.011953 -0.000564 0.545029 0.112906
0.000028 -0.000339 0.112906 0.047147
25.548441 1.183965 34.089645 1.922518
0.470351 0.101615 0.012391 0.000406
0.101615 0.045447 0.000024 -0.000100
0.012391 0.000024 0.548743 0.112767
0.000406 -0.000100 0.112767 0.047012
26.362206 1.231047 35.211820 1.954537
0.462266 0.099447 0.011506 0.000597
0.099447 0.044819 0.000188 0.000043
0.011506 0.000188 0.564076 0.115145
0.000597 0.000043 0.115145 0.047441
26.642520 1.160443 35.778110 1.872290
0.457605 0.098292 -0.000853 -0.001606
0.098292 0.044497 -0.002121 -0.000352
-0.000853 -0.002121 0.570372 0.115605
-0.001606 -0.000352 0.115605 0.047480
27.460369 1.212115 36.437213 1.816000
0.451762 0.096993 -0.014577 -0.003904
0.096993 0.044180 -0.004512 -0.000744
-0.014577 -0.004512 0.570003 0.114797
-0.003904 -0.000744 0.114797 0.047291
27.974966 1.192545 37.283113 1.803634
0.476446 0.102337 -0.014389 -0.003287
0.102337 0.045314 -0.003774 -0.000507
-0.014389 -0.003774 0.588312 0.117901
-0.003287 -0.000507 0.117901 0.047923
29.203787 1.327435 39.598256 2.085161
0.449953 0.096191 -0.010074 -0.001965
0.096191 0.043889 -0.002298 -0.000165
-0.010074 -0.002298 0.613304 0.122141
-0.001965 -0.000165 0.122141 0.048747
30.272777 1.414420 41.259404 2.207625
0.447581 0.095842 -0.008422 -0.001366
0.095842 0.043848 -0.001601 -0.000027
-0.008422 -0.001601 0.626618 0.123779
-0.001366 -0.000027 0.123779 0.049009
30.365583 1.282451 42.125627 2.160439
0.440101 0.094410 -0.008771 -0.001272
0.094410 0.043569 -0.001463 -0.000022
-0.008771 -0.001463 0.624314 0.122343
-0.001272 -0.000022 0.122343 0.048680
31.450179 1.379030 44.459615 2.405310
0.442267 0.095170 -0.000321 0.000500
0.095170 0.043778 0.000513 0.000337
-0.000321 0.000513 0.623077 0.121412
0.000500 0.000337 0.121412 0.048515
31.408442 1.220358 44.410966 2.161648
0.435635 0.093925 0.013654 0.003139
0.093925 0.043523 0.003424 0.000842
0.013654 0.003424 0.584008 0.113355
0.003139 0.000842 0.113355 0.047004
31.985488 1.212914 44.049517 1.880917
0.428230 0.092590 0.034383 0.006868
0.092590 0.043260 0.007537 0.001550
0.034383 0.007537 0.532844 0.103724
0.006868 0.001550 0.103724 0.045313
32.578089 1.210522 44.490583 1.782582
0.462957 0.100470 0.039973 0.007330
0.100470 0.045004 0.008018 0.001510
0.039973 0.008018 0.534693 0.105257
0.007330 0.001510 0.105257 0.045907
32.368874 1.036506 44.539253 1.617145
0.495305 0.107023 0.027043 0.004117
0.107023 0.046296 0.004521 0.000708
0.027043 0.004521 0.537042 0.106692
0.004117 0.000708 0.106692 0.046391
32.515383 0.960916 43.953144 1.339148
0.482197 0.103098 0.044925 0.007546
0.103098 0.045223 0.008151 0.001449
0.044925 0.008151 0.512248 0.102379
0.007546 0.001449 0.102379 0.045626
33.572924 1.081054 45.336676 1.481113
0.498040 0.105864 0.056568 0.009374
0.105864 0.045725 0.009969 0.001757
0.056568 0.009969 0.533612 0.107657
0.009374 0.001757 0.107657 0.046824
35.009756 1.263819 47.461924 1.757498
0.526467 0.111131 0.056827 0.008729
0.111131 0.046745 0.009306 0.001545
0.056827 0.009306 0.544564 0.110273
0.008729 0.001545 0.110273 0.047355
