3.973083 2.551362 0.082243 -0.859149
1.879790 0.751932 -0.231609 -0.092646
0.751932 80.304846 -0.092646 -0.037059
-0.231609 -0.092646 4.138070 1.655264
-0.092646 -0.037059 1.655264 80.666187
7.199947 6.089526 0.864916 1.138707
3.063879 5.505389 -0.772237 -1.191451
5.505389 16.508570 -1.352554 -2.713005
-0.772237 -1.352554 2.053005 3.306573
-1.191451 -2.713005 3.306573 18.073376
7.115860 2.721668 2.998239 2.900225
1.045340 1.156166 0.669056 0.924020
1.156166 2.872547 0.767552 0.798779
0.669056 0.767552 1.488608 1.937421
0.924020 0.798779 1.937421 5.116279
6.271522 0.859747 2.147906 0.889456
0.888735 0.813803 0.268277 0.147800
0.813803 1.301774 0.068054 -0.062007
0.268277 0.068054 1.926467 1.900552
0.147800 -0.062007 1.900552 2.671692
5.801191 0.161811 3.370778 1.518733
1.144136 0.828131 0.178610 0.047842
0.828131 0.838594 0.066899 0.005274
0.178610 0.066899 1.263924 0.904783
0.047842 0.005274 0.904783 0.988061
7.036807 0.805748 4.860536 1.898315
1.268720 0.732958 -0.115640 -0.118607
0.732958 0.551763 -0.103878 -0.075112
-0.115640 -0.103878 1.348276 0.791275
-0.118607 -0.075112 0.791275 0.644696
9.096208 1.594062 5.045275 1.500290
1.170200 0.553065 -0.199803 -0.116990
0.553065 0.341281 -0.109701 -0.051766
-0.199803 -0.109701 1.396101 0.677285
-0.116990 -0.051766 0.677285 0.437823
10.919923 2.006028 5.383133 1.325974
1.076225 0.431419 -0.247545 -0.106969
0.431419 0.228692 -0.102255 -0.036618
-0.247545 -0.102255 1.366564 0.561955
-0.106969 -0.036618 0.561955 0.304988
10.957887 1.670063 6.706416 1.559573
0.913997 0.319469 -0.195092 -0.067475
0.319469 0.154179 -0.064759 -0.017234
-0.195092 -0.064759 1.197217 0.427367
-0.067475 -0.017234 0.427367 0.207089
10.740026 1.347498 8.818093 1.976684
0.831766 0.259940 -0.190706 -0.055199
0.259940 0.116022 -0.053729 -0.011894
-0.190706 -0.053729 1.031571 0.327210
-0.055199 -0.011894 0.327210 0.146967
10.364713 1.045393 9.620469 1.912784
0.746924 0.211939 -0.253397 -0.066247
0.211939 0.090244 -0.065149 -0.014505
-0.253397 -0.065149 0.911035 0.261447
-0.066247 -0.014505 0.261447 0.111224
10.743136 1.007135 10.597843 1.916479
0.707259 0.185891 -0.248257 -0.057188
0.185891 0.076096 -0.056925 -0.011322
-0.248257 -0.056925 0.816068 0.215951
-0.057188 -0.011322 0.215951 0.088939
11.746672 1.133464 11.596298 1.934920
0.649197 0.159878 -0.241619 -0.050378
0.159878 0.064838 -0.050591 -0.009368
-0.241619 -0.050591 0.719772 0.178062
-0.050378 -0.009368 0.178062 0.072997
12.200337 1.111171 12.852680 2.002558
0.646026 0.151970 -0.198489 -0.035372
0.151970 0.060167 -0.036019 -0.005524
-0.198489 -0.036019 0.691205 0.163220
-0.035372 -0.005524 0.163220 0.065668
13.014472 1.188608 14.855799 2.240174
0.630822 0.142431 -0.166879 -0.025908
0.142431 0.055956 -0.026982 -0.003617
-0.166879 -0.026982 0.644806 0.146173
-0.025908 -0.003617 0.146173 0.059056
13.545057 1.175125 16.014228 2.247493
0.620054 0.135529 -0.130628 -0.016823
0.135529 0.053116 -0.017975 -0.001918
-0.130628 -0.017975 0.619930 0.136451
-0.016823 -0.001918 0.136451 0.055190
13.740758 1.085592 16.840762 2.175206
0.596070 0.126492 -0.119102 -0.014658
0.126492 0.050222 -0.016034 -0.001985
-0.119102 -0.016034 0.568011 0.121658
-0.014658 -0.001985 0.121658 0.050728
14.580225 1.135488 17.150428 2.013735
0.575175 0.119608 -0.100658 -0.011195
0.119608 0.048292 -0.012224 -0.001556
-0.100658 -0.012224 0.553509 0.116883
-0.011195 -0.001556 0.116883 0.049077
15.652916 1.234969 17.811029 1.948941
0.554012 0.113577 -0.088687 -0.009455
0.113577 0.046816 -0.010168 -0.001485
-0.088687 -0.010168 0.541121 0.113032
-0.009455 -0.001485 0.113032 0.047847
16.552607 1.296268 19.021354 2.002759
0.531387 0.108273 -0.062895 -0.004953
0.108273 0.045735 -0.005625 -0.000841
-0.062895 -0.005625 0.517272 0.107471
-0.004953 -0.000841 0.107471 0.046485
17.236637 1.303925 20.048068 2.008537
0.521274 0.106004 -0.048418 -0.002984
0.106004 0.045369 -0.003598 -0.000690
-0.048418 -0.003598 0.505464 0.104830
-0.002984 -0.000690 0.104830 0.045855
17.590539 1.244434 21.180870 2.031825
0.527817 0.107439 -0.032075 -0.000505
0.107439 0.045805 -0.001119 -0.000365
-0.032075 -0.001119 0.507967 0.105447
-0.000505 -0.000365 0.105447 0.045979
17.937821 1.190507 22.439330 2.079628
0.522554 0.106399 -0.010657 0.002766
0.106399 0.045701 0.002154 0.000113
-0.010657 0.002154 0.499277 0.103695
0.002766 0.000113 0.103695 0.045609
18.720126 1.226729 23.179973 2.018754
0.518268 0.105507 -0.012869 0.000981
0.105507 0.045599 0.000521 -0.000415
-0.012869 0.000521 0.498666 0.103575
0.000981 -0.000415 0.103575 0.045570
19.324397 1.225528 24.332220 2.048413
0.522687 0.106565 -0.004982 0.001690
0.106565 0.045915 0.001303 -0.000329
-0.004982 0.001303 0.507406 0.105475
0.001690 -0.000329 0.105475 0.045973
20.087504 1.255970 25.281044 2.033293
0.514841 0.105009 -0.003289 0.001137
0.105009 0.045658 0.000838 -0.000482
-0.003289 0.000838 0.505200 0.104882
0.001137 -0.000482 0.104882 0.045816
20.609123 1.234659 26.540587 2.083454
0.494733 0.101133 0.015788 0.004371
0.101133 0.044952 0.004096 0.000182
0.015788 0.004096 0.495238 0.102789
0.004371 0.000182 0.102789 0.045377
21.129459 1.214738 27.704688 2.108838
0.488992 0.100499 0.023479 0.005114
0.100499 0.044945 0.004877 0.000313
0.023479 0.004877 0.498660 0.103636
0.005114 0.000313 0.103636 0.045579
21.780472 1.223397 29.015735 2.162157
0.491645 0.101594 0.024221 0.004491
0.101594 0.045269 0.004282 0.000182
0.024221 0.004282 0.512604 0.106572
0.004491 0.000182 0.106572 0.046191
22.356402 1.217221 29.596513 2.058409
0.471724 0.097839 0.023126 0.003736
0.097839 0.044535 0.003557 0.000075
0.023126 0.003557 0.498132 0.103326
0.003736 0.000075 0.103326 0.045467
23.069030 1.240976 30.008546 1.929879
0.461022 0.096311 0.010856 0.000834
0.096311 0.044310 0.000675 -0.000454
0.010856 0.000675 0.487816 0.101304
0.000834 -0.000454 0.101304 0.045074
23.639095 1.231658 30.578460 1.847767
0.462286 0.097269 0.016715 0.002028
0.097269 0.044580 0.001908 -0.000079
0.016715 0.001908 0.490590 0.102120
0.002028 -0.000079 0.102120 0.045285
24.496644 1.281583 31.860346 1.921633
0.447649 0.094731 0.003251 -0.000815
0.094731 0.044071 -0.001031 -0.000597
0.003251 -0.001031 0.499255 0.104123
-0.000815 -0.000597 0.104123 0.045729
25.458548 1.351078 32.456788 1.844771
0.450242 0.095922 0.009610 0.000729
0.095922 0.044357 0.000589 -0.000135
0.009610 0.000589 0.500419 0.104285
0.000729 -0.000135 0.104285 0.045731
26.623954 1.455408 33.576321 1.884545
0.435174 0.093182 -0.009583 -0.003144
0.093182 0.043765 -0.003423 -0.000887
-0.009583 -0.003423 0.506396 0.105507
-0.003144 -0.000887 0.105507 0.045972
27.354296 1.456300 34.325513 1.844389
0.439685 0.094772 -0.019143 -0.004686
0.094772 0.044125 -0.004987 -0.001086
-0.019143 -0.004987 0.513881 0.106892
-0.004686 -0.001086 0.106892 0.046222
27.342738 1.296173 35.551866 1.907747
0.427609 0.092494 -0.015751 -0.003423
0.092494 0.043590 -0.003645 -0.000685
-0.015751 -0.003645 0.528960 0.109723
-0.003423 -0.000685 0.109723 0.046756
28.084011 1.316470 36.601521 1.927566
0.418912 0.091074 -0.027367 -0.005452
0.091074 0.043270 -0.005749 -0.001061
-0.027367 -0.005749 0.539482 0.111367
-0.005452 -0.001061 0.111367 0.047010
29.010387 1.375009 37.489966 1.912527
0.422111 0.092275 -0.036869 -0.006889
0.092275 0.043525 -0.007246 -0.001294
-0.036869 -0.007246 0.547889 0.112470
-0.006889 -0.001294 0.112470 0.047150
29.663836 1.367803 38.545856 1.932785
0.410309 0.089957 -0.044932 -0.008005
0.089957 0.042963 -0.008348 -0.001460
-0.044932 -0.008348 0.559396 0.114170
-0.008005 -0.001460 0.114170 0.047424
30.077018 1.307459 39.366257 1.901994
0.417469 0.091976 -0.046294 -0.007667
0.091976 0.043395 -0.007989 -0.001325
-0.046294 -0.007989 0.560975 0.113791
-0.007667 -0.001325 0.113791 0.047279
30.734345 1.307217 40.107248 1.859534
0.405830 0.089550 -0.046089 -0.007230
0.089550 0.042788 -0.007421 -0.001207
-0.046089 -0.007421 0.561642 0.113367
-0.007230 -0.001207 0.113367 0.047165
31.196068 1.263652 40.870885 1.824914
0.408325 0.090436 -0.045496 -0.006757
0.090436 0.042961 -0.006919 -0.001113
-0.045496 -0.006919 0.560517 0.112710
-0.006757 -0.001113 0.112710 0.047033
31.708351 1.239314 42.150512 1.897975
0.434338 0.096368 -0.048878 -0.007046
0.096368 0.044223 -0.007354 -0.001196
-0.048878 -0.007354 0.570520 0.114401
-0.007046 -0.001196 0.114401 0.047395
32.271586 1.228738 43.394896 1.956798
0.463238 0.102276 -0.051359 -0.007171
0.102276 0.045359 -0.007662 -0.001255
-0.051359 -0.007662 0.570912 0.114075
-0.007171 -0.001255 0.114075 0.047333
33.150250 1.289182 44.743766 2.032707
0.499402 0.109181 -0.051197 -0.006762
0.109181 0.046631 -0.007444 -0.001205
-0.051197 -0.007444 0.565024 0.112613
-0.006762 -0.001205 0.112613 0.047066
33.863763 1.303388 45.657085 2.012606
0.512099 0.110396 -0.041964 -0.004800
0.110396 0.046601 -0.005495 -0.000858
-0.041964 -0.005495 0.533871 0.106358
-0.004800 -0.000858 0.106358 0.045884
34.644929 1.328086 46.209622 1.922414
0.516366 0.109882 -0.027333 -0.002012
0.109882 0.046280 -0.002704 -0.000381
-0.027333 -0.002704 0.488971 0.097944
-0.002012 -0.000381 0.097944 0.044362
35.604568 1.389911 47.092777 1.908342
0.516937 0.108855 -0.006145 0.001868
0.108855 0.045949 0.001222 0.000302
-0.006145 0.001222 0.445586 0.090473
0.001868 0.000302 0.090473 0.043110
36.201782 1.367912 47.669289 1.829701
0.531964 0.110983 -0.011239 0.000139
0.110983 0.046329 -0.000580 -0.000205
-0.011239 -0.000580 0.416975 0.086275
0.000139 -0.000205 0.086275 0.042510
