2.337005 1.896917 1.732145 -0.199174
2.168738 0.867514 -0.373993 -0.149601
0.867514 80.351080 -0.149601 -0.059841
-0.373993 -0.149601 4.025341 1.610171
-0.149601 -0.059841 1.610171 80.648149
4.715049 4.338451 -1.585296 -5.388887
3.483052 6.139048 -1.513667 -2.356599
6.139048 18.304846 -2.580914 -5.015864
-1.513667 -2.580914 3.547212 5.722771
-2.356599 -5.015864 5.722771 21.699788
5.287780 2.740981 -0.863999 -1.568527
2.828093 3.085333 -0.131683 0.086294
3.085333 5.182759 -0.103536 -0.273936
-0.131683 -0.103536 0.935650 1.072288
0.086294 -0.273936 1.072288 4.173156
7.017694 2.972891 0.389564 0.553212
2.315156 1.826644 -0.199678 -0.153827
1.826644 2.155956 -0.183159 -0.303067
-0.199678 -0.183159 1.042743 1.076856
-0.153827 -0.303067 1.076856 2.015192
7.705895 2.423444 3.097221 2.481691
1.317981 0.809356 0.258640 0.219648
0.809356 0.853199 0.140947 0.054221
0.258640 0.140947 0.831629 0.665193
0.219648 0.054221 0.665193 0.893950
7.131035 1.449026 4.687657 2.746814
0.531368 0.279495 0.133129 0.075860
0.279495 0.350235 0.025018 -0.019274
0.133129 0.025018 1.067555 0.693833
0.075860 -0.019274 0.693833 0.628707
7.583650 1.333883 5.437636 2.425613
0.667034 0.343281 0.007977 -0.016803
0.343281 0.299625 -0.044237 -0.047261
0.007977 -0.044237 1.209645 0.639606
-0.016803 -0.047261 0.639606 0.440697
7.901239 1.170118 6.837359 2.515830
0.812550 0.372202 -0.108546 -0.066627
0.372202 0.249481 -0.081726 -0.050493
-0.108546 -0.081726 1.214934 0.535910
-0.066627 -0.050493 0.535910 0.303499
9.386570 1.497774 9.930420 3.191474
0.861262 0.344601 -0.176053 -0.078892
0.344601 0.193213 -0.087136 -0.040764
-0.176053 -0.087136 1.071569 0.404942
-0.078892 -0.040764 0.404942 0.201689
9.848345 1.410964 9.897177 2.655404
0.875512 0.309410 -0.262820 -0.094041
0.309410 0.151475 -0.100462 -0.037342
-0.262820 -0.100462 0.965931 0.321419
-0.094041 -0.037342 0.321419 0.145295
10.877806 1.513540 11.010635 2.590869
0.843843 0.266614 -0.281416 -0.085674
0.266614 0.118652 -0.090510 -0.028555
-0.281416 -0.090510 0.886831 0.264843
-0.085674 -0.028555 0.264843 0.111361
10.972861 1.323774 12.544938 2.654424
0.822090 0.235772 -0.292016 -0.077661
0.235772 0.097405 -0.081598 -0.022458
-0.292016 -0.081598 0.799727 0.217991
-0.077661 -0.022458 0.217991 0.088030
11.092497 1.168137 12.371688 2.267091
0.722368 0.190217 -0.309431 -0.074063
0.190217 0.077063 -0.077929 -0.019316
-0.309431 -0.077929 0.611500 0.154157
-0.074063 -0.019316 0.154157 0.065245
11.279618 1.073094 13.877013 2.353553
0.723008 0.178857 -0.268180 -0.056408
0.178857 0.069543 -0.059203 -0.012999
-0.268180 -0.059203 0.607873 0.146567
-0.056408 -0.012999 0.146567 0.060371
11.995312 1.117802 15.155312 2.380798
0.666577 0.156460 -0.197060 -0.035683
0.156460 0.061018 -0.037593 -0.007287
-0.197060 -0.037593 0.561500 0.130542
-0.035683 -0.007287 0.130542 0.054516
13.128381 1.247742 16.244384 2.367730
0.605430 0.136349 -0.143478 -0.022252
0.136349 0.054434 -0.023575 -0.004139
-0.143478 -0.023575 0.515329 0.116593
-0.022252 -0.004139 0.116593 0.050005
14.240121 1.338639 16.453708 2.156058
0.572727 0.125149 -0.112560 -0.015193
0.125149 0.050800 -0.015934 -0.002654
-0.112560 -0.015934 0.506632 0.112570
-0.015193 -0.002654 0.112570 0.048321
14.437545 1.239420 17.708294 2.187231
0.570969 0.122157 -0.088364 -0.009925
0.122157 0.049491 -0.010726 -0.001706
-0.088364 -0.010726 0.499818 0.109404
-0.009925 -0.001706 0.109404 0.047092
15.035637 1.229920 18.478018 2.116155
0.547287 0.114838 -0.078363 -0.008688
0.114838 0.047462 -0.009323 -0.001727
-0.078363 -0.009323 0.480189 0.103674
-0.008688 -0.001727 0.103674 0.045457
15.510241 1.199786 19.478928 2.101820
0.542058 0.112130 -0.088816 -0.011625
0.112130 0.046647 -0.012045 -0.002517
-0.088816 -0.012045 0.475650 0.101675
-0.011625 -0.002517 0.101675 0.044807
16.012950 1.173657 20.069878 2.001584
0.538513 0.110535 -0.078473 -0.009684
0.110535 0.046269 -0.010032 -0.002163
-0.078473 -0.010032 0.477440 0.101649
-0.009684 -0.002163 0.101649 0.044756
16.297091 1.118969 21.695538 2.131505
0.521041 0.106691 -0.041646 -0.002408
0.106691 0.045560 -0.002996 -0.000778
-0.041646 -0.002996 0.459037 0.097697
-0.002408 -0.000778 0.097697 0.043959
17.409645 1.230315 22.554761 2.093187
0.506976 0.103652 -0.032708 -0.001661
0.103652 0.045021 -0.002052 -0.000778
-0.032708 -0.002052 0.460036 0.097952
-0.001661 -0.000778 0.097952 0.044062
18.334442 1.291398 23.303275 2.032238
0.496820 0.101767 -0.022205 -0.000453
0.101767 0.044772 -0.000768 -0.000642
-0.022205 -0.000768 0.459788 0.097942
-0.000453 -0.000642 0.097942 0.044105
19.151344 1.326708 24.332556 2.036203
0.503596 0.103450 -0.026043 -0.002149
0.103450 0.045247 -0.002318 -0.001052
-0.026043 -0.002318 0.475612 0.101268
-0.002149 -0.001052 0.101268 0.044835
19.975136 1.360245 25.444854 2.057105
0.504891 0.103971 -0.007516 0.001169
0.103971 0.045456 0.000962 -0.000371
-0.007516 0.000962 0.486820 0.103437
0.001169 -0.000371 0.103437 0.045286
20.958343 1.423713 26.749099 2.116585
0.486846 0.100344 -0.011511 -0.000578
0.100344 0.044759 -0.000662 -0.000781
-0.011511 -0.000662 0.484610 0.102478
-0.000578 -0.000781 0.102478 0.045023
21.674852 1.423149 27.197605 1.988000
0.483646 0.100122 -0.014191 -0.001675
0.100122 0.044818 -0.001732 -0.000989
-0.014191 -0.001732 0.481648 0.101536
-0.001675 -0.000989 0.101536 0.044811
21.821365 1.306113 28.438975 2.038913
0.470440 0.097828 -0.000539 0.000857
0.097828 0.044427 0.000808 -0.000404
-0.000539 0.000808 0.484221 0.101943
0.000857 -0.000404 0.101943 0.044923
22.363491 1.282775 29.319456 2.009584
0.464463 0.097163 -0.001964 0.000080
0.097163 0.044379 0.000050 -0.000546
-0.001964 0.000050 0.486917 0.102343
0.000080 -0.000546 0.102343 0.045022
22.852556 1.250660 30.140537 1.970971
0.454409 0.095619 -0.002152 -0.000266
0.095619 0.044122 -0.000287 -0.000570
-0.002152 -0.000287 0.486880 0.102170
-0.000266 -0.000570 0.102170 0.045000
23.396281 1.233383 30.936473 1.931240
0.447314 0.094749 -0.009552 -0.002012
0.094749 0.044000 -0.002045 -0.000878
-0.009552 -0.002045 0.489225 0.102550
-0.002012 -0.000878 0.102550 0.045101
23.928237 1.215326 32.064278 1.965194
0.441915 0.094214 -0.011036 -0.002295
0.094214 0.043929 -0.002327 -0.000846
-0.011036 -0.002327 0.500328 0.104756
-0.002295 -0.000846 0.104756 0.045580
24.674289 1.244988 32.971896 1.949568
0.444267 0.095279 -0.022434 -0.004592
0.095279 0.044178 -0.004681 -0.001254
-0.022434 -0.004681 0.510719 0.106626
-0.004592 -0.001254 0.106626 0.045951
25.271159 1.239426 33.899061 1.939642
0.432695 0.093145 -0.025258 -0.004879
0.093145 0.043693 -0.004956 -0.001203
-0.025258 -0.004956 0.515526 0.107200
-0.004879 -0.001203 0.107200 0.046032
26.489635 1.368563 34.572220 1.879098
0.415622 0.089930 -0.028084 -0.005174
0.089930 0.042998 -0.005242 -0.001178
-0.028084 -0.005242 0.511156 0.105879
-0.005174 -0.001178 0.105879 0.045730
27.853277 1.516621 35.430702 1.863887
0.416896 0.090889 -0.036369 -0.006567
0.090889 0.043241 -0.006700 -0.001408
-0.036369 -0.006700 0.518889 0.107238
-0.006567 -0.001408 0.107238 0.046022
28.323973 1.453673 36.414511 1.873660
0.424040 0.092912 -0.044720 -0.007859
0.092912 0.043663 -0.008046 -0.001608
-0.044720 -0.008046 0.534509 0.110132
-0.007859 -0.001608 0.110132 0.046612
29.514374 1.552856 36.700589 1.741937
0.401183 0.088049 -0.048958 -0.008356
0.088049 0.042517 -0.008517 -0.001658
-0.048958 -0.008517 0.523613 0.107362
-0.008356 -0.001658 0.107362 0.045999
29.960885 1.479529 37.532279 1.732111
0.404039 0.089275 -0.049445 -0.007984
0.089275 0.042807 -0.008087 -0.001513
-0.049445 -0.008087 0.532574 0.109019
-0.007984 -0.001513 0.109019 0.046370
30.580222 1.455377 38.828292 1.819394
0.422352 0.093718 -0.048036 -0.007235
0.093718 0.043763 -0.007278 -0.001305
-0.048036 -0.007278 0.553065 0.112932
-0.007235 -0.001305 0.112932 0.047177
31.124616 1.416826 40.072286 1.886286
0.411410 0.091131 -0.045681 -0.006620
0.091131 0.043057 -0.006449 -0.001171
-0.045681 -0.006449 0.566882 0.115161
-0.006620 -0.001171 0.115161 0.047581
31.976846 1.447740 40.854927 1.854756
0.406067 0.090043 -0.040974 -0.005588
0.090043 0.042760 -0.005333 -0.000986
-0.040974 -0.005333 0.565149 0.114124
-0.005588 -0.000986 0.114124 0.047313
32.680861 1.446221 42.221469 1.943115
0.424706 0.094340 -0.039706 -0.005216
0.094340 0.043682 -0.005051 -0.000950
-0.039706 -0.005051 0.573771 0.115351
-0.005216 -0.000950 0.115351 0.047547
33.429602 1.449869 42.873433 1.879187
0.402670 0.089261 -0.017455 -0.000958
0.089261 0.042462 -0.000380 -0.000096
-0.017455 -0.000380 0.547145 0.109611
-0.000958 -0.000096 0.109611 0.046408
35.916870 1.830972 41.815563 1.487716
0.241686 0.054447 0.130650 0.027475
0.054447 0.034893 0.031223 0.005954
0.130650 0.031223 0.402554 0.081439
0.027475 0.005954 0.081439 0.041000
36.608743 1.773910 42.758539 1.532951
0.262324 0.063085 0.117583 0.021660
0.063085 0.037533 0.024293 0.003974
0.117583 0.024293 0.415646 0.086938
0.021660 0.003974 0.086938 0.042655
37.271861 1.716146 43.547563 1.542832
0.290939 0.072647 0.096060 0.014648
0.072647 0.040048 0.016354 0.002028
0.096060 0.016354 0.424837 0.091041
0.014648 0.002028 0.091041 0.043802
37.568251 1.572112 44.287501 1.549660
0.318482 0.080594 0.067100 0.007053
0.080594 0.041822 0.007854 0.000246
0.067100 0.007854 0.432264 0.094230
0.007053 0.000246 0.094230 0.044586
38.860817 1.706732 44.779868 1.475329
0.363656 0.091213 0.063208 0.005704
0.091213 0.043862 0.009169 0.000775
0.063208 0.009169 0.337877 0.073582
0.005704 0.000775 0.073582 0.039806
