1.560232 1.586201 3.571430 0.536556
1.414669 0.565880 0.367147 0.146862
0.565880 80.230424 0.146862 0.058746
0.367147 0.146862 3.069359 1.227770
0.146862 0.058746 1.227770 80.495185
4.656590 5.931736 1.031662 -4.310016
2.755179 5.128207 -1.223587 -2.169248
5.128207 14.659790 -2.383138 -3.124965
-1.223587 -2.383138 3.768883 6.443742
-2.169248 -3.124965 6.443742 21.053208
7.364741 5.721192 0.365217 -2.663324
2.534577 2.768160 -0.243266 -0.037550
2.768160 4.217357 -0.190221 0.189427
-0.243266 -0.190221 1.580889 1.751654
-0.037550 0.189427 1.751654 4.319855
7.176999 3.473877 2.017150 -0.166537
1.148211 0.905570 0.703320 0.686343
0.905570 1.189428 0.567403 0.571580
0.703320 0.567403 0.823889 0.770390
0.686343 0.571580 0.770390 1.559929
8.830220 3.369528 2.499666 0.347650
1.016769 0.662215 0.479271 0.280374
0.662215 0.664531 0.254154 0.159570
0.479271 0.254154 0.930377 0.757506
0.280374 0.159570 0.757506 0.958714
7.857010 1.873276 2.636916 0.575286
0.562188 0.295724 0.373466 0.200892
0.295724 0.285403 0.149329 0.100371
0.373466 0.149329 1.078723 0.699060
0.200892 0.100371 0.699060 0.611784
8.727871 1.693662 6.146389 2.318414
0.461028 0.217313 0.300338 0.133068
0.217313 0.183090 0.109565 0.065828
0.300338 0.109565 0.898740 0.466177
0.133068 0.065828 0.466177 0.332739
9.295878 1.586302 6.822149 2.112642
0.464758 0.204691 0.129428 0.038145
0.204691 0.144998 0.025430 0.017654
0.129428 0.025430 0.865792 0.384578
0.038145 0.017654 0.384578 0.230972
10.931775 1.904321 8.660744 2.394450
0.539621 0.214693 0.048655 0.005807
0.214693 0.125387 -0.002217 0.005103
0.048655 -0.002217 0.886476 0.341149
0.005807 0.005103 0.341149 0.175114
11.279359 1.697131 9.317131 2.218395
0.576134 0.205773 -0.071598 -0.030947
0.205773 0.105031 -0.037652 -0.006909
-0.071598 -0.037652 0.860103 0.292010
-0.030947 -0.006909 0.292010 0.133872
12.194218 1.719787 10.171522 2.140916
0.604914 0.194188 -0.084650 -0.026991
0.194188 0.089051 -0.031774 -0.003936
-0.084650 -0.031774 0.833324 0.253106
-0.026991 -0.003936 0.253106 0.106352
13.534630 1.860032 11.654778 2.256746
0.609151 0.177877 -0.099574 -0.025425
0.177877 0.075922 -0.029186 -0.002891
-0.099574 -0.029186 0.783601 0.216367
-0.025425 -0.002891 0.216367 0.086152
14.200979 1.786916 12.249031 2.118118
0.606549 0.163211 -0.114979 -0.025076
0.163211 0.066396 -0.028235 -0.002665
-0.114979 -0.028235 0.750093 0.191196
-0.025076 -0.002665 0.191196 0.073374
14.603399 1.664705 13.570869 2.176374
0.616518 0.154908 -0.108129 -0.019882
0.154908 0.060651 -0.022591 -0.001411
-0.108129 -0.022591 0.710742 0.169604
-0.019882 -0.001411 0.169604 0.064144
15.477977 1.672926 14.442189 2.127426
0.614740 0.145644 -0.103715 -0.016626
0.145644 0.055954 -0.018854 -0.000865
-0.103715 -0.018854 0.690282 0.156151
-0.016626 -0.000865 0.156151 0.058528
14.909531 1.346148 14.728222 1.940314
0.584068 0.131454 -0.129971 -0.021214
0.131454 0.051049 -0.023416 -0.002300
-0.129971 -0.023416 0.630299 0.136070
-0.021214 -0.002300 0.136070 0.052426
15.966650 1.427882 15.474185 1.898020
0.539749 0.117321 -0.102748 -0.014340
0.117321 0.047167 -0.015891 -0.001025
-0.102748 -0.015891 0.578085 0.121363
-0.014340 -0.001025 0.121363 0.048580
16.097043 1.305919 16.683934 1.943900
0.535009 0.113755 -0.084954 -0.009896
0.113755 0.046136 -0.011330 -0.000382
-0.084954 -0.011330 0.549280 0.113419
-0.009896 -0.000382 0.113419 0.046663
17.197929 1.402062 17.789099 1.977980
0.531239 0.111165 -0.065211 -0.005692
0.111165 0.045524 -0.006774 0.000205
-0.065211 -0.006774 0.544218 0.111474
-0.005692 0.000205 0.111474 0.046247
17.762188 1.372937 18.722440 1.964685
0.533137 0.110166 -0.057865 -0.004490
0.110166 0.045337 -0.005435 0.000113
-0.057865 -0.005435 0.538897 0.109643
-0.004490 0.000113 0.109643 0.045892
17.961328 1.272215 19.666620 1.950679
0.518602 0.106203 -0.045362 -0.002622
0.106203 0.044622 -0.003471 0.000145
-0.045362 -0.003471 0.513280 0.104062
-0.002622 0.000145 0.104062 0.044845
17.624416 1.072246 20.565084 1.923811
0.505600 0.103100 -0.038213 -0.001981
0.103100 0.044170 -0.002804 -0.000040
-0.038213 -0.002804 0.485374 0.098562
-0.001981 -0.000040 0.098562 0.043901
18.336769 1.107452 21.436910 1.907124
0.498154 0.101759 -0.011072 0.002816
0.101759 0.044170 0.002168 0.000733
-0.011072 0.002168 0.481369 0.098677
0.002816 0.000733 0.098677 0.044212
18.496964 1.025893 22.251519 1.875277
0.497208 0.101793 0.001201 0.004246
0.101793 0.044408 0.003681 0.000782
0.001201 0.003681 0.477752 0.098627
0.004246 0.000782 0.098627 0.044389
19.392693 1.103240 22.959192 1.829748
0.491137 0.100759 0.004892 0.003850
0.100759 0.044382 0.003417 0.000504
0.004892 0.003417 0.477242 0.099099
0.003850 0.000504 0.099099 0.044616
19.930022 1.102309 24.499706 1.960187
0.489603 0.100787 0.010751 0.004107
0.100787 0.044565 0.003758 0.000434
0.010751 0.003758 0.481034 0.100373
0.004107 0.000434 0.100373 0.044968
20.331866 1.071388 25.422169 1.947825
0.487143 0.100626 0.023062 0.005820
0.100626 0.044675 0.005514 0.000708
0.023062 0.005514 0.484598 0.101431
0.005820 0.000708 0.101431 0.045227
21.460994 1.194272 26.924077 2.058607
0.466659 0.096712 0.025841 0.005506
0.096712 0.043975 0.005257 0.000574
0.025841 0.005257 0.480626 0.100744
0.005506 0.000574 0.100744 0.045081
22.512771 1.288728 28.226941 2.115441
0.456784 0.095338 0.017121 0.002964
0.095338 0.043841 0.002758 0.000023
0.017121 0.002758 0.481659 0.101154
0.002964 0.000023 0.101154 0.045174
23.253041 1.309763 28.929686 2.040577
0.455338 0.095783 0.007515 0.000588
0.095783 0.044065 0.000411 -0.000423
0.007515 0.000411 0.484659 0.101913
0.000588 -0.000423 0.101913 0.045325
23.983969 1.325131 30.246034 2.102673
0.473866 0.100284 0.010812 0.001190
0.100284 0.045088 0.001026 -0.000206
0.010812 0.001026 0.512087 0.107681
0.001190 -0.000206 0.107681 0.046507
24.137948 1.218372 30.907162 2.022230
0.469907 0.099488 0.023799 0.003860
0.099488 0.044871 0.003720 0.000437
0.023799 0.003720 0.524835 0.109771
0.003860 0.000437 0.109771 0.046810
24.612593 1.188756 32.277176 2.097264
0.456562 0.096805 0.016095 0.002025
0.096805 0.044284 0.001812 0.000071
0.016095 0.001812 0.535046 0.111232
0.002025 0.000071 0.111232 0.046992
25.314937 1.209257 34.147148 2.266631
0.459049 0.097693 0.011173 0.000956
0.097693 0.044497 0.000674 -0.000105
0.011173 0.000674 0.563621 0.116409
0.000956 -0.000105 0.116409 0.047953
25.588390 1.141341 34.301014 2.067142
0.455846 0.097222 0.006222 0.000035
0.097222 0.044386 -0.000215 -0.000211
0.006222 -0.000215 0.553213 0.113167
0.000035 -0.000211 0.113167 0.047131
26.306437 1.174645 34.579539 1.913254
0.444451 0.094996 0.002525 -0.000515
0.094996 0.043900 -0.000760 -0.000241
0.002525 -0.000760 0.544596 0.110744
-0.000515 -0.000241 0.110744 0.046592
26.904366 1.177706 35.124341 1.829751
0.390693 0.083864 -0.014920 -0.003738
0.083864 0.041540 -0.004226 -0.000856
-0.014920 -0.004226 0.537247 0.108935
-0.003738 -0.000856 0.108935 0.046256
27.433841 1.164787 35.995084 1.820849
0.407971 0.089005 -0.021646 -0.004632
0.089005 0.042858 -0.005137 -0.000944
-0.021646 -0.005137 0.564957 0.114437
-0.004632 -0.000944 0.114437 0.047433
27.755502 1.107670 37.407140 1.921813
0.419180 0.092137 -0.022900 -0.004375
0.092137 0.043562 -0.004804 -0.000793
-0.022900 -0.004804 0.580147 0.116926
-0.004375 -0.000793 0.116926 0.047903
28.330498 1.112671 38.632311 1.974800
0.417772 0.092061 -0.023350 -0.004058
0.092061 0.043469 -0.004394 -0.000665
-0.023350 -0.004394 0.591670 0.118529
-0.004058 -0.000665 0.118529 0.048175
29.012627 1.139824 39.293879 1.910180
0.410015 0.090523 -0.019035 -0.002899
0.090523 0.043056 -0.003024 -0.000380
-0.019035 -0.003024 0.608551 0.121159
-0.002899 -0.000380 0.121159 0.048656
29.500403 1.121518 40.199719 1.900235
0.412532 0.091341 -0.017387 -0.002406
0.091341 0.043193 -0.002448 -0.000283
-0.017387 -0.002448 0.620464 0.122657
-0.002406 -0.000283 0.122657 0.048895
30.792357 1.283232 40.963226 1.865517
0.374948 0.083150 -0.002184 0.000559
0.083150 0.041319 0.001019 0.000344
-0.002184 0.001019 0.624156 0.122558
0.000559 0.000344 0.122558 0.048838
31.750990 1.354914 42.224604 1.930333
0.370297 0.082992 0.006893 0.002124
0.082992 0.041377 0.002763 0.000604
0.006893 0.002763 0.623315 0.121691
0.002124 0.000604 0.121691 0.048661
32.109988 1.282532 42.876561 1.869052
0.401048 0.090687 0.009887 0.002425
0.090687 0.043156 0.002996 0.000573
0.009887 0.002996 0.626120 0.121717
0.002425 0.000573 0.121717 0.048694
32.487940 1.222865 43.362387 1.782004
0.430751 0.097224 0.015745 0.003258
0.097224 0.044480 0.003885 0.000682
0.015745 0.003885 0.620155 0.120142
0.003258 0.000682 0.120142 0.048430
32.984977 1.197196 44.660597 1.860803
0.461364 0.103228 0.022768 0.004258
0.103228 0.045567 0.004981 0.000833
0.022768 0.004981 0.633829 0.122590
0.004258 0.000833 0.122590 0.048978
33.504428 1.179870 45.422866 1.828459
0.482818 0.106584 0.040010 0.007175
0.106584 0.045998 0.008280 0.001413
0.040010 0.008280 0.613452 0.118294
0.007175 0.001413 0.118294 0.048181
34.870831 1.349538 46.035632 1.768412
0.507780 0.110436 0.063261 0.011030
0.110436 0.046550 0.012659 0.002170
0.063261 0.012659 0.559110 0.107846
0.011030 0.002170 0.107846 0.046261
35.971053 1.439748 47.214461 1.824139
0.548657 0.117507 0.059957 0.009396
0.117507 0.047815 0.010887 0.001685
0.059957 0.010887 0.539649 0.105100
0.009396 0.001685 0.105100 0.045977
