1.449451 1.541887 2.652107 0.168819
1.781745 0.712714 0.070275 0.028110
0.712714 80.289158 0.028110 0.011244
0.070275 0.028110 3.438606 1.375472
0.028110 0.011244 1.375472 80.554267
4.934562 6.463815 1.439227 -2.013023
2.730071 4.953603 -1.778168 -2.984674
4.953603 15.305815 -3.240193 -5.238862
-1.778168 -3.240193 3.458136 5.783363
-2.984674 -5.238862 5.783363 20.698280
3.877159 1.643999 1.297161 -1.636869
1.663795 1.957042 0.704532 1.085299
1.957042 3.729336 0.882026 1.135968
0.704532 0.882026 0.932195 1.210080
1.085299 1.135968 1.210080 4.042819
7.653471 4.038265 2.719619 0.488050
1.455004 1.281408 -0.038810 -0.203981
1.281408 1.638198 -0.071177 -0.246989
-0.038810 -0.071177 0.414507 0.458019
-0.203981 -0.246989 0.458019 1.216814
7.047284 2.262100 3.894036 1.419615
0.487022 0.318228 0.194301 0.157292
0.318228 0.446695 0.106999 0.088610
0.194301 0.106999 0.727441 0.647505
0.157292 0.088610 0.647505 0.826332
7.986132 2.106056 5.646358 2.135698
0.682307 0.409018 0.120295 0.055465
0.409018 0.374949 0.036318 0.015605
0.120295 0.036318 0.964954 0.651310
0.055465 0.015605 0.651310 0.557845
8.838653 2.000091 6.887762 2.232764
0.769791 0.391628 -0.034441 -0.036091
0.391628 0.277419 -0.043555 -0.026344
-0.034441 -0.043555 1.084195 0.578287
-0.036091 -0.026344 0.578287 0.377007
8.904646 1.619026 6.280741 1.490969
0.612906 0.268046 -0.314308 -0.144171
0.268046 0.169986 -0.148276 -0.063322
-0.314308 -0.148276 1.029751 0.453126
-0.144171 -0.063322 0.453126 0.245601
9.891521 1.690493 8.570260 2.069717
0.670548 0.257266 -0.288508 -0.106184
0.257266 0.137823 -0.108898 -0.036987
-0.288508 -0.108898 0.973562 0.363805
-0.106184 -0.036987 0.363805 0.170885
9.292551 1.186048 8.681230 1.752810
0.653050 0.221216 -0.378858 -0.118763
0.221216 0.106354 -0.122553 -0.036350
-0.378858 -0.122553 0.888853 0.288998
-0.118763 -0.036350 0.288998 0.122810
10.395256 1.341578 9.248279 1.668902
0.689535 0.211529 -0.349146 -0.092871
0.211529 0.091890 -0.095559 -0.023933
-0.349146 -0.095559 0.895145 0.260810
-0.092871 -0.023933 0.260810 0.101480
11.373473 1.428313 9.970086 1.644036
0.647285 0.181377 -0.302848 -0.070205
0.181377 0.075199 -0.072240 -0.015790
-0.302848 -0.072240 0.808598 0.214117
-0.070205 -0.015790 0.214117 0.080305
11.999581 1.402345 10.681223 1.614264
0.618886 0.160643 -0.281017 -0.058292
0.160643 0.064589 -0.060088 -0.011946
-0.281017 -0.060088 0.750506 0.183642
-0.058292 -0.011946 0.183642 0.067573
12.661804 1.392936 11.509327 1.618402
0.572515 0.140219 -0.220946 -0.040070
0.140219 0.056459 -0.041245 -0.007221
-0.220946 -0.041245 0.671040 0.154687
-0.040070 -0.007221 0.154687 0.057889
13.091580 1.347254 13.157600 1.802861
0.569729 0.133469 -0.182595 -0.028829
0.133469 0.053039 -0.030219 -0.004702
-0.182595 -0.030219 0.621937 0.137058
-0.028829 -0.004702 0.137058 0.052368
13.796548 1.352912 13.985686 1.787483
0.567284 0.127895 -0.154871 -0.021627
0.127895 0.050537 -0.022745 -0.003272
-0.154871 -0.022745 0.602509 0.128543
-0.021627 -0.003272 0.128543 0.049705
14.077276 1.270092 15.146771 1.836225
0.556252 0.121673 -0.120549 -0.014195
0.121673 0.048416 -0.015312 -0.002017
-0.120549 -0.015312 0.562993 0.117328
-0.014195 -0.002017 0.117328 0.046951
15.597251 1.457018 15.803856 1.798574
0.527196 0.112759 -0.081737 -0.007022
0.112759 0.046133 -0.007394 -0.000807
-0.081737 -0.007394 0.544914 0.112262
-0.007022 -0.000807 0.112262 0.045884
16.380045 1.473203 16.981969 1.856976
0.522107 0.109840 -0.067956 -0.005237
0.109840 0.045380 -0.005639 -0.000820
-0.067956 -0.005639 0.528321 0.107791
-0.005237 -0.000820 0.107791 0.045011
17.881869 1.635985 18.082104 1.903318
0.502046 0.104502 -0.046099 -0.002090
0.104502 0.044302 -0.002260 -0.000473
-0.046099 -0.002260 0.511451 0.104037
-0.002090 -0.000473 0.104037 0.044431
18.593593 1.618563 19.420901 1.981108
0.499809 0.103596 -0.025796 0.000843
0.103596 0.044286 0.000667 -0.000124
-0.025796 0.000667 0.499825 0.101795
0.000843 -0.000124 0.101795 0.044218
19.000224 1.537941 20.696160 2.035469
0.493809 0.101998 -0.018447 0.000973
0.101998 0.044117 0.000769 -0.000330
-0.018447 0.000769 0.485403 0.099102
0.000973 -0.000330 0.099102 0.043891
19.535634 1.492320 22.081512 2.109289
0.491569 0.101418 -0.016735 0.000152
0.101418 0.044178 -0.000036 -0.000637
-0.016735 -0.000036 0.479381 0.098366
0.000152 -0.000637 0.098366 0.043970
20.053581 1.443960 22.905357 2.060366
0.488667 0.100924 -0.001633 0.002340
0.100924 0.044269 0.002182 -0.000243
-0.001633 0.002182 0.475334 0.098174
0.002340 -0.000243 0.098174 0.044144
20.230638 1.332437 24.287954 2.131657
0.495023 0.102397 0.006929 0.003169
0.102397 0.044741 0.003036 -0.000117
0.006929 0.003036 0.482581 0.100254
0.003169 -0.000117 0.100254 0.044736
21.073445 1.369100 25.437578 2.149414
0.492680 0.101926 -0.004042 -0.000012
0.101926 0.044752 -0.000093 -0.000798
-0.004042 -0.000093 0.486126 0.101281
-0.000012 -0.000798 0.101281 0.045024
21.356605 1.286103 26.717695 2.191968
0.487673 0.101010 0.009812 0.002439
0.101010 0.044671 0.002356 -0.000223
0.009812 0.002356 0.489107 0.102100
0.002439 -0.000223 0.102100 0.045237
21.890719 1.263323 28.177593 2.268040
0.490211 0.101755 0.002783 0.000409
0.101755 0.044930 0.000346 -0.000611
0.002783 0.000346 0.503300 0.105155
0.000409 -0.000611 0.105155 0.045889
22.862342 1.334125 29.168452 2.237893
0.477907 0.099346 -0.004455 -0.001344
0.099346 0.044501 -0.001398 -0.000888
-0.004455 -0.001398 0.500193 0.104302
-0.001344 -0.000888 0.104302 0.045667
23.102647 1.245203 30.167197 2.213238
0.450003 0.093889 -0.004125 -0.001263
0.093889 0.043459 -0.001321 -0.000754
-0.004125 -0.001321 0.489240 0.101912
-0.001263 -0.000754 0.101912 0.045152
23.825590 1.266142 31.486694 2.257552
0.437568 0.092116 -0.009843 -0.002424
0.092116 0.043250 -0.002498 -0.000900
-0.009843 -0.002498 0.495344 0.103319
-0.002424 -0.000900 0.103319 0.045477
24.174298 1.205681 32.641661 2.263151
0.441494 0.093856 -0.010766 -0.002458
0.093856 0.043757 -0.002526 -0.000802
-0.010766 -0.002526 0.508598 0.106067
-0.002458 -0.000802 0.106067 0.046048
25.047592 1.263539 33.955721 2.301080
0.431687 0.092373 -0.022797 -0.004789
0.092373 0.043491 -0.004917 -0.001213
-0.022797 -0.004917 0.519588 0.108083
-0.004789 -0.001213 0.108083 0.046418
25.718343 1.271572 34.635821 2.203620
0.428753 0.092402 -0.016131 -0.003025
0.092402 0.043542 -0.003072 -0.000722
-0.016131 -0.003072 0.515865 0.106890
-0.003025 -0.000722 0.106890 0.046104
26.267229 1.252570 35.604776 2.176054
0.411364 0.089156 -0.029515 -0.005625
0.089156 0.042844 -0.005772 -0.001236
-0.029515 -0.005772 0.520798 0.107633
-0.005625 -0.001236 0.107633 0.046231
27.195121 1.318071 36.477228 2.132233
0.381744 0.083415 -0.036170 -0.006652
0.083415 0.041629 -0.006790 -0.001379
-0.036170 -0.006790 0.520379 0.107244
-0.006652 -0.001379 0.107244 0.046125
27.627712 1.266524 37.150450 2.050586
0.390812 0.086602 -0.036445 -0.006222
0.086602 0.042444 -0.006359 -0.001210
-0.036445 -0.006359 0.522599 0.107492
-0.006222 -0.001210 0.107492 0.046173
27.719164 1.144222 37.907617 1.993217
0.396984 0.088622 -0.041771 -0.006945
0.088622 0.042869 -0.007147 -0.001332
-0.041771 -0.007147 0.529736 0.108742
-0.006945 -0.001332 0.108742 0.046426
28.489647 1.189132 38.977326 2.009201
0.384060 0.086025 -0.044715 -0.007262
0.086025 0.042193 -0.007346 -0.001362
-0.044715 -0.007346 0.543704 0.111318
-0.007262 -0.001362 0.111318 0.046938
30.047309 1.400540 38.901301 1.793894
0.350104 0.078888 -0.035159 -0.005179
0.078888 0.040551 -0.004954 -0.000903
-0.035159 -0.004954 0.524503 0.106980
-0.005179 -0.000903 0.106980 0.046016
30.441932 1.332153 40.066233 1.846824
0.365264 0.083425 -0.036820 -0.005334
0.083425 0.041662 -0.005183 -0.000959
-0.036820 -0.005183 0.541878 0.110513
-0.005334 -0.000959 0.110513 0.046782
30.781942 1.257943 41.126289 1.872675
0.378808 0.086957 -0.037577 -0.005341
0.086957 0.042395 -0.005264 -0.000992
-0.037577 -0.005264 0.551697 0.112195
-0.005341 -0.000992 0.112195 0.047107
31.310622 1.236712 42.361442 1.932729
0.393115 0.090197 -0.037026 -0.005110
0.090197 0.042981 -0.005060 -0.000967
-0.037026 -0.005060 0.561676 0.113808
-0.005110 -0.000967 0.113808 0.047403
31.957979 1.243434 43.341517 1.935674
0.415609 0.094934 -0.034113 -0.004401
0.094934 0.043866 -0.004461 -0.000856
-0.034113 -0.004461 0.554688 0.111913
-0.004401 -0.000856 0.111913 0.046984
32.943050 1.320635 43.406760 1.755739
0.367956 0.083498 0.011986 0.004522
0.083498 0.041077 0.005597 0.001060
0.011986 0.005597 0.501331 0.101165
0.004522 0.001060 0.101165 0.044880
33.408393 1.275688 44.129251 1.723518
0.387469 0.088252 0.008088 0.002930
0.088252 0.042189 0.003601 0.000490
0.008088 0.003601 0.494340 0.100481
0.002930 0.000490 0.100481 0.044920
34.763454 1.437321 44.346974 1.592870
0.345785 0.078696 0.066114 0.014123
0.078696 0.039966 0.015902 0.002905
0.066114 0.015902 0.431344 0.088428
0.014123 0.002905 0.088428 0.042617
36.157726 1.594601 44.548313 1.465655
0.354410 0.081366 0.091784 0.017951
0.081366 0.040683 0.020060 0.003539
0.091784 0.020060 0.382379 0.079827
0.017951 0.003539 0.079827 0.041076
36.661026 1.526024 45.294108 1.471466
0.379895 0.087846 0.070132 0.011370
0.087846 0.042243 0.012890 0.001751
0.070132 0.012890 0.389795 0.083982
0.011370 0.001751 0.083982 0.042329
37.870870 1.624393 46.509039 1.571999
0.424935 0.098088 0.050862 0.005873
0.098088 0.044500 0.007273 0.000466
0.050862 0.007273 0.404590 0.089029
0.005873 0.000466 0.089029 0.043561
