2.327687 1.893189 3.272872 0.417130
0.871235 0.348502 0.829146 0.331665
0.348502 80.143470 0.331665 0.132669
0.829146 0.331665 2.695296 1.078142
0.331665 0.132669 1.078142 80.435333
6.700841 8.732818 -0.440716 -6.649745
2.647885 5.141891 -1.206348 -2.298907
5.141891 13.137322 -2.578947 -2.252765
-1.206348 -2.578947 3.555674 6.257167
-2.298907 -2.252765 6.257167 19.924964
7.523207 5.137385 0.281993 -2.499922
1.513870 1.678009 0.788371 1.073599
1.678009 2.575563 0.894164 1.739913
0.788371 0.894164 0.770209 0.965736
1.073599 1.739913 0.965736 3.223171
10.464249 5.485655 0.592392 -0.766092
1.410922 1.077125 0.496236 0.352593
1.077125 1.106988 0.412145 0.478713
0.496236 0.412145 0.918320 0.977789
0.352593 0.478713 0.977789 1.635387
8.710809 2.932678 1.718902 0.821179
0.472673 0.291672 0.567547 0.424229
0.291672 0.327315 0.362064 0.350036
0.567547 0.362064 1.050929 0.810090
0.424229 0.350036 0.810090 0.850729
9.410431 2.489293 2.001918 0.802181
0.471930 0.257866 0.492282 0.275392
0.257866 0.226673 0.249047 0.182613
0.492282 0.249047 1.061827 0.636723
0.275392 0.182613 0.636723 0.499665
11.038511 2.596204 4.755860 1.981396
0.457583 0.221275 0.341906 0.150345
0.221275 0.161866 0.140558 0.088681
0.341906 0.140558 0.907668 0.444766
0.150345 0.088681 0.444766 0.290158
10.574046 1.844345 4.809105 1.636749
0.373291 0.160282 0.161307 0.057140
0.160282 0.107523 0.047164 0.034466
0.161307 0.047164 0.855751 0.359339
0.057140 0.034466 0.359339 0.200741
11.011041 1.643156 6.280021 1.881877
0.394864 0.152930 0.079556 0.024226
0.152930 0.089000 0.016235 0.017598
0.079556 0.016235 0.839533 0.306599
0.024226 0.017598 0.306599 0.149811
11.284888 1.461865 6.140146 1.533009
0.475658 0.166179 0.033331 0.010223
0.166179 0.082836 0.002960 0.010498
0.033331 0.002960 0.901576 0.291508
0.010223 0.010498 0.291508 0.125331
11.983676 1.447532 7.894331 1.819301
0.500730 0.157950 -0.017203 -0.002623
0.157950 0.071862 -0.008967 0.005276
-0.017203 -0.008967 0.833454 0.241634
-0.002623 0.005276 0.241634 0.097245
12.965049 1.521780 8.729992 1.801871
0.526615 0.151774 -0.043104 -0.006949
0.151774 0.064367 -0.012482 0.003275
-0.043104 -0.012482 0.811866 0.214955
-0.006949 0.003275 0.214955 0.081882
13.031964 1.336381 9.531170 1.769864
0.518417 0.138078 -0.071111 -0.011911
0.138078 0.056778 -0.016789 0.001305
-0.071111 -0.016789 0.754433 0.184803
-0.011911 0.001305 0.184803 0.069017
13.211516 1.218694 11.293496 1.966923
0.535808 0.133826 -0.082282 -0.012303
0.133826 0.053281 -0.016856 0.000712
-0.082282 -0.016856 0.692938 0.159458
-0.012303 0.000712 0.159458 0.059851
14.286542 1.327024 11.960590 1.903369
0.521931 0.123467 -0.080028 -0.010493
0.123467 0.049207 -0.014092 0.000716
-0.080028 -0.014092 0.660124 0.144927
-0.010493 0.000716 0.144927 0.054760
15.149394 1.378362 13.571219 2.046944
0.519377 0.117867 -0.069885 -0.007394
0.117867 0.047061 -0.010467 0.000957
-0.069885 -0.010467 0.615571 0.130414
-0.007394 0.000957 0.130414 0.050589
15.749306 1.364793 15.227995 2.177555
0.532089 0.116965 -0.054968 -0.003706
0.116965 0.046424 -0.006407 0.001330
-0.054968 -0.006407 0.590842 0.122266
-0.003706 0.001330 0.122266 0.048409
16.372970 1.349752 16.068318 2.125876
0.532896 0.114002 -0.048418 -0.002513
0.114002 0.045542 -0.004762 0.001150
-0.048418 -0.004762 0.577853 0.117625
-0.002513 0.001150 0.117625 0.047256
16.777335 1.298544 17.730955 2.243694
0.521249 0.109207 -0.042474 -0.001839
0.109207 0.044486 -0.003851 0.000844
-0.042474 -0.003851 0.536740 0.108035
-0.001839 0.000844 0.108035 0.045284
17.515562 1.314767 18.606651 2.195092
0.521157 0.107854 -0.022140 0.001771
0.107854 0.044367 0.000209 0.001281
-0.022140 0.000209 0.531995 0.107078
0.001771 0.001281 0.107078 0.045308
17.945495 1.270683 20.033856 2.259200
0.516105 0.105943 0.003161 0.005964
0.105943 0.044196 0.004690 0.001793
0.003161 0.004690 0.513210 0.103490
0.005964 0.001793 0.103490 0.044803
18.482943 1.247053 20.552355 2.134831
0.491486 0.100265 0.000104 0.003941
0.100265 0.043259 0.002913 0.001021
0.000104 0.002913 0.482784 0.097638
0.003941 0.001021 0.097638 0.043813
19.333691 1.295190 22.008153 2.215478
0.483023 0.098613 -0.004151 0.002100
0.098613 0.043240 0.001276 0.000433
-0.004151 0.001276 0.474115 0.096731
0.002100 0.000433 0.096731 0.043888
19.720054 1.241990 23.213738 2.234399
0.484412 0.099318 0.014890 0.005357
0.099318 0.043708 0.004657 0.000980
0.014890 0.004657 0.473435 0.097594
0.005357 0.000980 0.097594 0.044302
19.978337 1.168255 24.831524 2.337312
0.489522 0.100710 0.018182 0.005144
0.100710 0.044242 0.004571 0.000800
0.018182 0.004571 0.482283 0.100179
0.005144 0.000800 0.100179 0.044978
20.493551 1.154030 25.951596 2.327101
0.491882 0.101430 0.009667 0.002587
0.101430 0.044571 0.002141 0.000183
0.009667 0.002141 0.488376 0.101851
0.002587 0.000183 0.101851 0.045373
20.425893 1.020942 26.873296 2.276401
0.487836 0.100788 0.005961 0.001371
0.100788 0.044576 0.001019 -0.000076
0.005961 0.001019 0.486219 0.101597
0.001371 -0.000076 0.101597 0.045318
21.146548 1.065131 27.229446 2.112636
0.483077 0.100073 -0.000921 -0.000323
0.100073 0.044553 -0.000593 -0.000399
-0.000921 -0.000593 0.485339 0.101597
-0.000323 -0.000399 0.101597 0.045314
21.543287 1.037076 28.071390 2.067745
0.474171 0.098543 0.005436 0.000970
0.098543 0.044344 0.000737 -0.000070
0.005436 0.000737 0.484318 0.101527
0.000970 -0.000070 0.101527 0.045287
22.813998 1.193935 29.280123 2.103955
0.469985 0.098119 0.003604 0.000450
0.098119 0.044366 0.000249 -0.000149
0.003604 0.000249 0.495190 0.103932
0.000450 -0.000149 0.103932 0.045777
22.520898 1.007206 30.393084 2.117422
0.436957 0.091626 0.011926 0.002164
0.091626 0.043088 0.001975 0.000251
0.011926 0.001975 0.496664 0.104101
0.002164 0.000251 0.104101 0.045751
23.311938 1.067748 31.729998 2.175313
0.433653 0.091920 0.014976 0.002610
0.091920 0.043317 0.002444 0.000350
0.014976 0.002444 0.509564 0.106652
0.002610 0.000350 0.106652 0.046235
24.185424 1.139976 33.057395 2.224766
0.426657 0.091282 0.004190 0.000171
0.091282 0.043284 -0.000070 -0.000172
0.004190 -0.000070 0.530502 0.110662
0.000171 -0.000172 0.110662 0.046992
24.364080 1.056401 33.639132 2.115360
0.433197 0.093474 -0.001685 -0.000992
0.093474 0.043819 -0.001247 -0.000367
-0.001685 -0.001247 0.543330 0.112618
-0.000992 -0.000367 0.112618 0.047270
25.333874 1.152340 34.516996 2.077882
0.431594 0.093553 0.002109 -0.000031
0.093553 0.043815 -0.000204 -0.000090
0.002109 -0.000204 0.550639 0.113309
-0.000031 -0.000090 0.113309 0.047290
26.410808 1.260865 35.964539 2.160950
0.422823 0.091978 0.001262 -0.000119
0.091978 0.043435 -0.000290 -0.000076
0.001262 -0.000290 0.563767 0.115227
-0.000119 -0.000076 0.115227 0.047594
26.753804 1.198893 36.009808 1.951095
0.411844 0.089993 -0.006928 -0.001694
0.089993 0.042984 -0.001958 -0.000390
-0.006928 -0.001958 0.552473 0.112108
-0.001694 -0.000390 0.112108 0.046880
26.998338 1.120934 36.878271 1.929517
0.420301 0.092361 0.000754 0.000071
0.092361 0.043506 -0.000010 0.000047
0.000754 -0.000010 0.573836 0.115999
0.000071 0.000047 0.115999 0.047675
28.023325 1.223185 37.959540 1.952869
0.372195 0.081952 -0.011509 -0.002359
0.081952 0.041150 -0.002669 -0.000487
-0.011509 -0.002669 0.583424 0.117228
-0.002359 -0.000487 0.117228 0.047881
28.561365 1.206771 38.958783 1.957390
0.365566 0.081610 -0.016006 -0.003022
0.081610 0.041201 -0.003367 -0.000589
-0.016006 -0.003367 0.599205 0.119680
-0.003022 -0.000589 0.119680 0.048339
29.539827 1.291459 39.859250 1.942296
0.360287 0.081418 -0.003661 -0.000315
0.081418 0.041223 -0.000231 0.000067
-0.003661 -0.000231 0.613277 0.121682
-0.000315 0.000067 0.121682 0.048696
30.666463 1.400921 40.484408 1.874649
0.320135 0.073086 0.003210 0.000979
0.073086 0.039331 0.001320 0.000333
0.003210 0.001320 0.630354 0.124198
0.000979 0.000333 0.124198 0.049150
31.983197 1.544623 41.635474 1.916864
0.332730 0.077524 0.009419 0.002070
0.077524 0.040493 0.002553 0.000530
0.009419 0.002553 0.610052 0.119288
0.002070 0.000530 0.119288 0.048141
32.373419 1.454666 41.353301 1.674995
0.357810 0.084199 0.005195 0.001032
0.084199 0.042005 0.001244 0.000223
0.005195 0.001244 0.582797 0.113613
0.001032 0.000223 0.113613 0.047098
33.230486 1.485012 42.898801 1.813262
0.362636 0.085230 0.007072 0.001298
0.085230 0.042018 0.001541 0.000264
0.007072 0.001541 0.585330 0.114333
0.001298 0.000264 0.114333 0.047395
33.692179 1.418878 44.534675 1.956084
0.395486 0.092659 0.005758 0.000916
0.092659 0.043543 0.001067 0.000153
0.005758 0.001067 0.604247 0.118215
0.000916 0.000153 0.118215 0.048274
35.415202 1.652654 47.220210 2.289045
0.434702 0.100679 0.015099 0.002659
0.100679 0.045067 0.003154 0.000556
0.015099 0.003154 0.589203 0.115118
0.002659 0.000556 0.115118 0.047707
35.189872 1.415011 46.663554 1.957325
0.483635 0.110041 0.006451 0.000720
0.110041 0.046788 0.000932 0.000083
0.006451 0.000932 0.550864 0.107790
0.000720 0.000083 0.107790 0.046363
37.241562 1.712681 48.881348 2.200133
0.527874 0.117359 0.009267 0.001237
0.117359 0.047935 0.001557 0.000217
0.009267 0.001557 0.520889 0.102690
0.001237 0.000217 0.102690 0.045540
37.239426 1.527417 49.141390 2.033629
0.557883 0.120977 -0.016248 -0.003912
0.120977 0.048258 -0.004025 -0.000892
-0.016248 -0.004025 0.484769 0.096704
-0.003912 -0.000892 0.096704 0.044562
