0.211030 1.046508 3.463933 0.493556
2.248632 0.899472 -0.303757 -0.121505
0.899472 80.363863 -0.121505 -0.048603
-0.303757 -0.121505 3.757846 1.503171
-0.121505 -0.048603 1.503171 80.605348
3.362042 5.689824 3.579342 0.342283
1.529483 2.676151 -1.148780 -1.852596
2.676151 12.411753 -1.944443 -3.956920
-1.148780 -1.944443 3.518421 5.761353
-1.852596 -3.956920 5.761353 21.253244
6.851273 6.340393 1.727761 -1.919715
2.121250 2.625515 -0.575737 -0.424110
2.625515 4.807908 -0.507416 -0.723606
-0.575737 -0.507416 2.736956 3.094294
-0.424110 -0.723606 3.094294 6.296718
7.650650 4.319905 0.572962 -2.186381
1.698064 1.447403 0.150867 0.200554
1.447403 1.789690 0.167249 0.004967
0.150867 0.167249 1.694856 1.447275
0.200554 0.004967 1.447275 2.265950
9.586043 4.112905 3.965379 0.941075
1.030973 0.667559 0.455582 0.308523
0.667559 0.697986 0.287110 0.101255
0.455582 0.287110 0.787938 0.545083
0.308523 0.101255 0.545083 0.851088
8.497567 2.379478 3.484857 0.577816
0.254657 0.137070 0.124187 0.061157
0.137070 0.222136 0.005583 -0.044757
0.124187 0.005583 0.938353 0.620455
0.061157 -0.044757 0.620455 0.645846
9.636641 2.330678 4.107246 0.768441
0.367878 0.208478 0.059976 -0.001728
0.208478 0.204285 -0.029126 -0.047719
0.059976 -0.029126 1.083473 0.597884
-0.001728 -0.047719 0.597884 0.461541
10.768692 2.245251 6.277495 1.597464
0.490981 0.245277 -0.010584 -0.036719
0.245277 0.175782 -0.045457 -0.039918
-0.010584 -0.045457 1.042657 0.483397
-0.036719 -0.039918 0.483397 0.306842
11.633546 2.142194 6.794473 1.496418
0.544952 0.235115 -0.110974 -0.066498
0.235115 0.138632 -0.073604 -0.039063
-0.110974 -0.073604 1.076750 0.431421
-0.066498 -0.039063 0.431421 0.230330
11.802854 1.800055 8.033215 1.688516
0.546193 0.205303 -0.161550 -0.069335
0.205303 0.106057 -0.074359 -0.030105
-0.161550 -0.074359 1.008835 0.353825
-0.069335 -0.030105 0.353825 0.167636
12.067933 1.582748 9.891016 2.010840
0.567837 0.189329 -0.171806 -0.060336
0.189329 0.087598 -0.063056 -0.021058
-0.171806 -0.063056 0.898524 0.280903
-0.060336 -0.021058 0.280903 0.123320
12.860520 1.582991 10.973708 2.032715
0.600071 0.180445 -0.191795 -0.056815
0.180445 0.076384 -0.058927 -0.016682
-0.191795 -0.058927 0.856898 0.243441
-0.056815 -0.016682 0.243441 0.099840
13.847528 1.635581 11.448761 1.891177
0.622940 0.171253 -0.181610 -0.046530
0.171253 0.068026 -0.048039 -0.011726
-0.181610 -0.048039 0.842655 0.220546
-0.046530 -0.011726 0.220546 0.085459
14.386057 1.567634 13.097187 2.061833
0.615678 0.156749 -0.157859 -0.035335
0.156749 0.060379 -0.036604 -0.007758
-0.157859 -0.036604 0.758784 0.185019
-0.035335 -0.007758 0.185019 0.071076
14.872230 1.494486 13.902217 2.007029
0.609686 0.145456 -0.174620 -0.035715
0.145456 0.055123 -0.037080 -0.007306
-0.174620 -0.037080 0.716855 0.165059
-0.035715 -0.007306 0.165059 0.062927
15.635496 1.495800 14.641496 1.948353
0.581513 0.131928 -0.137831 -0.024624
0.131928 0.050562 -0.025634 -0.004386
-0.137831 -0.025634 0.664911 0.146634
-0.024624 -0.004386 0.146634 0.056693
15.703261 1.345607 15.586072 1.933952
0.576712 0.125867 -0.122472 -0.019615
0.125867 0.048452 -0.020640 -0.003220
-0.122472 -0.020640 0.630020 0.134426
-0.019615 -0.003220 0.134426 0.052762
16.778059 1.431343 16.533473 1.934876
0.558259 0.118277 -0.099997 -0.014052
0.118277 0.046462 -0.014856 -0.002078
-0.099997 -0.014856 0.603470 0.125835
-0.014052 -0.002078 0.125835 0.050224
17.327536 1.394802 17.338837 1.899225
0.550251 0.114073 -0.092610 -0.012211
0.114073 0.045495 -0.012960 -0.001833
-0.092610 -0.012960 0.583724 0.119659
-0.012211 -0.001833 0.119659 0.048525
17.483863 1.287008 18.618241 1.959913
0.545110 0.111432 -0.074808 -0.008461
0.111432 0.045060 -0.009258 -0.001223
-0.074808 -0.009258 0.558450 0.113335
-0.008461 -0.001223 0.113335 0.047069
18.434962 1.349337 19.567891 1.957435
0.538807 0.109108 -0.059853 -0.005718
0.109108 0.044780 -0.006362 -0.000822
-0.059853 -0.006362 0.551050 0.111371
-0.005718 -0.000822 0.111371 0.046668
19.054900 1.333780 20.087746 1.863847
0.514526 0.103570 -0.050803 -0.004627
0.103570 0.043894 -0.005170 -0.000819
-0.050803 -0.005170 0.522066 0.105233
-0.004627 -0.000819 0.105233 0.045459
19.410063 1.274052 21.387709 1.935454
0.499375 0.100687 -0.030775 -0.001238
0.100687 0.043656 -0.001752 -0.000303
-0.030775 -0.001752 0.499103 0.101041
-0.001238 -0.000303 0.101041 0.044777
19.919631 1.248268 22.364447 1.936207
0.487659 0.098721 -0.025260 -0.000998
0.098721 0.043580 -0.001433 -0.000421
-0.025260 -0.001433 0.484775 0.098803
-0.000998 -0.000421 0.098803 0.044495
20.351836 1.211161 23.654919 2.001190
0.484087 0.098691 -0.010060 0.001382
0.098691 0.043890 0.001003 -0.000041
-0.010060 0.001003 0.481198 0.098971
0.001382 -0.000041 0.098971 0.044711
20.798633 1.177250 24.375619 1.942335
0.496074 0.101699 -0.021049 -0.001689
0.101699 0.044733 -0.001987 -0.000765
-0.021049 -0.001987 0.492017 0.101842
-0.001689 -0.000765 0.101842 0.045398
21.497318 1.200808 25.577737 1.990836
0.473294 0.097344 -0.014645 -0.000927
0.097344 0.043982 -0.001142 -0.000635
-0.014645 -0.001142 0.476305 0.098946
-0.000927 -0.000635 0.098946 0.044823
22.340804 1.252016 26.839612 2.047392
0.470236 0.097435 -0.007894 0.000019
0.097435 0.044188 -0.000141 -0.000441
-0.007894 -0.000141 0.481440 0.100599
0.000019 -0.000441 0.100599 0.045227
22.750651 1.205751 27.333969 1.935859
0.454744 0.094853 0.000663 0.001308
0.094853 0.043784 0.001177 -0.000185
0.000663 0.001177 0.467004 0.097910
0.001308 -0.000185 0.097910 0.044665
22.900214 1.111118 28.898236 2.060864
0.453847 0.095477 0.011745 0.003142
0.095477 0.044050 0.003052 0.000196
0.011745 0.003052 0.483189 0.101843
0.003142 0.000196 0.101843 0.045527
23.642219 1.150601 30.106909 2.098483
0.445766 0.094401 -0.003565 -0.000673
0.094401 0.043893 -0.000758 -0.000632
-0.003565 -0.000758 0.488320 0.102972
-0.000673 -0.000632 0.102972 0.045700
24.418036 1.193471 30.599025 1.981085
0.422401 0.090062 -0.011401 -0.002443
0.090062 0.043022 -0.002531 -0.000936
-0.011401 -0.002531 0.470804 0.099193
-0.002443 -0.000936 0.099193 0.044827
24.888447 1.166269 31.811496 2.027947
0.413917 0.089182 -0.020954 -0.004369
0.089182 0.042929 -0.004478 -0.001252
-0.020954 -0.004478 0.480032 0.101396
-0.004369 -0.001252 0.101396 0.045293
25.281671 1.125103 33.026173 2.070188
0.401370 0.087319 -0.039141 -0.007932
0.087319 0.042577 -0.008116 -0.001909
-0.039141 -0.008116 0.490200 0.103528
-0.007932 -0.001909 0.103528 0.045693
25.697318 1.093614 34.420216 2.145561
0.413851 0.090962 -0.045207 -0.008573
0.090962 0.043420 -0.008744 -0.001884
-0.045207 -0.008744 0.516086 0.108755
-0.008573 -0.001884 0.108755 0.046713
26.340122 1.115311 35.621317 2.172818
0.417265 0.092114 -0.042276 -0.007346
0.092114 0.043606 -0.007408 -0.001486
-0.042276 -0.007408 0.530421 0.111071
-0.007346 -0.001486 0.111071 0.047047
27.022175 1.142651 36.656891 2.162792
0.431262 0.095374 -0.044049 -0.007244
0.095374 0.044223 -0.007324 -0.001402
-0.044049 -0.007324 0.543042 0.112843
-0.007244 -0.001402 0.112843 0.047263
27.325895 1.083074 37.660200 2.145307
0.410192 0.090487 -0.043940 -0.006995
0.090487 0.042982 -0.006924 -0.001318
-0.043940 -0.006924 0.548057 0.112967
-0.006995 -0.001318 0.112967 0.047155
28.019900 1.116720 38.702989 2.140032
0.412920 0.091289 -0.051419 -0.008244
0.091289 0.043112 -0.008261 -0.001579
-0.051419 -0.008261 0.560019 0.114574
-0.008244 -0.001579 0.114574 0.047389
28.472658 1.092309 39.619653 2.108144
0.426015 0.094306 -0.049821 -0.007502
0.094306 0.043727 -0.007557 -0.001398
-0.049821 -0.007557 0.561611 0.114073
-0.007502 -0.001398 0.114073 0.047216
29.303312 1.149013 39.711994 1.915245
0.434239 0.095946 -0.040334 -0.005323
0.095946 0.043988 -0.005398 -0.000960
-0.040334 -0.005398 0.537555 0.108597
-0.005323 -0.000960 0.108597 0.046092
30.640775 1.316973 40.613405 1.908791
0.372958 0.082090 -0.029684 -0.003602
0.082090 0.040821 -0.003019 -0.000621
-0.029684 -0.003019 0.545872 0.110286
-0.003602 -0.000621 0.110286 0.046531
31.429895 1.347747 41.832492 1.963049
0.373936 0.083321 -0.025182 -0.002851
0.083321 0.041267 -0.002236 -0.000522
-0.025182 -0.002236 0.555761 0.112131
-0.002851 -0.000522 0.112131 0.046957
32.651931 1.470747 42.740424 1.951150
0.345704 0.077842 0.002277 0.002306
0.077842 0.040141 0.003525 0.000545
0.002277 0.003525 0.542695 0.109348
0.002306 0.000545 0.109348 0.046443
33.168106 1.420069 43.560280 1.919015
0.371904 0.084937 -0.004982 0.000286
0.084937 0.041880 0.000934 -0.000081
-0.004982 0.000934 0.533225 0.107420
0.000286 -0.000081 0.107420 0.046116
33.858160 1.415409 44.491153 1.913186
0.388947 0.089093 -0.000304 0.000880
0.089093 0.042751 0.001432 -0.000016
-0.000304 0.001432 0.515936 0.104152
0.000880 -0.000016 0.104152 0.045551
34.523434 1.405969 45.576536 1.939250
0.420776 0.096088 -0.007088 -0.000836
0.096088 0.044177 -0.000633 -0.000456
-0.007088 -0.000633 0.506143 0.102658
-0.000836 -0.000456 0.102658 0.045372
35.014576 1.356620 45.576459 1.741196
0.446459 0.100911 -0.013496 -0.002284
0.100911 0.044989 -0.002350 -0.000779
-0.013496 -0.002350 0.465910 0.095037
-0.002284 -0.000779 0.095037 0.043933
35.418038 1.294779 46.072784 1.663543
0.468316 0.104421 -0.017499 -0.003085
0.104421 0.045475 -0.003259 -0.000909
-0.017499 -0.003259 0.443967 0.091723
-0.003085 -0.000909 0.091723 0.043450
35.910634 1.261463 47.338838 1.754411
0.487572 0.107106 -0.020022 -0.003495
0.107106 0.045794 -0.003694 -0.000936
-0.020022 -0.003694 0.439431 0.092143
-0.003495 -0.000936 0.092143 0.043719
