0.842164 1.298967 2.050638 -0.071774
2.818470 1.127413 -0.899775 -0.359918
1.127413 80.455041 -0.359918 -0.143970
-0.899775 -0.359918 4.567963 1.827225
-0.359918 -0.143970 1.827225 80.734972
5.743058 8.417989 -0.999390 -4.578911
2.660120 4.478037 -1.536806 -2.264682
4.478037 16.802965 -2.406860 -5.783196
-1.536806 -2.406860 3.548732 5.541422
-2.264682 -5.783196 5.541422 22.304055
8.361550 6.852095 1.402935 0.772225
1.565680 1.860532 0.609462 0.864139
1.860532 4.343389 0.750809 0.260752
0.609462 0.750809 0.672616 0.847014
0.864139 0.260752 0.847014 4.296038
8.364461 3.664322 1.272756 0.788103
0.862789 0.732446 0.467493 0.423397
0.732446 1.315716 0.186702 0.026985
0.467493 0.186702 1.251639 1.494181
0.423397 0.026985 1.494181 2.509833
8.430163 2.058865 3.714775 2.712376
0.752095 0.527898 0.438377 0.283359
0.527898 0.654997 0.197831 0.123221
0.438377 0.197831 1.180436 0.943485
0.283359 0.123221 0.943485 1.011812
7.662452 0.860857 5.844493 3.329459
0.378436 0.234005 0.066430 0.014886
0.234005 0.291071 -0.051755 -0.028782
0.066430 -0.051755 1.177031 0.738618
0.014886 -0.028782 0.738618 0.590736
7.776610 0.698002 7.193331 3.180040
0.515129 0.292720 -0.123044 -0.076816
0.292720 0.249042 -0.115142 -0.050820
-0.123044 -0.115142 1.079080 0.545508
-0.076816 -0.050820 0.545508 0.352046
8.800557 1.030483 8.149838 2.909613
0.654421 0.314809 -0.185914 -0.081782
0.314809 0.204104 -0.107611 -0.036394
-0.185914 -0.107611 1.082434 0.456926
-0.081782 -0.036394 0.456926 0.244955
9.435472 1.080733 9.309474 2.802909
0.737757 0.302391 -0.246503 -0.085756
0.302391 0.161758 -0.105292 -0.029543
-0.246503 -0.105292 0.988823 0.358269
-0.085756 -0.029543 0.358269 0.169164
9.667392 0.970689 10.711625 2.799679
0.826859 0.294133 -0.262983 -0.075513
0.294133 0.134608 -0.090617 -0.021063
-0.262983 -0.090617 0.969761 0.309666
-0.075513 -0.021063 0.309666 0.131108
10.450040 1.062596 11.830762 2.722252
0.831908 0.261313 -0.240494 -0.058331
0.261313 0.107785 -0.069214 -0.013191
-0.240494 -0.069214 0.902221 0.258778
-0.058331 -0.013191 0.258778 0.102300
10.971790 1.053176 12.523523 2.544279
0.765867 0.216177 -0.220725 -0.047173
0.216177 0.084394 -0.055488 -0.009297
-0.220725 -0.055488 0.743741 0.194554
-0.047173 -0.009297 0.194554 0.076539
11.870630 1.142482 13.124342 2.383188
0.697663 0.180454 -0.193451 -0.036700
0.180454 0.068861 -0.042675 -0.006251
-0.193451 -0.042675 0.652884 0.159442
-0.036700 -0.006251 0.159442 0.063198
12.468716 1.137659 13.508502 2.192230
0.644772 0.155527 -0.172489 -0.029508
0.155527 0.059182 -0.033837 -0.004485
-0.172489 -0.033837 0.596385 0.138349
-0.029508 -0.004485 0.138349 0.055591
13.117018 1.152716 14.384776 2.143459
0.605981 0.138410 -0.157331 -0.024688
0.138410 0.053161 -0.027920 -0.003512
-0.157331 -0.027920 0.556854 0.124355
-0.024688 -0.003512 0.124355 0.050885
13.744857 1.163786 15.430793 2.138728
0.596367 0.130877 -0.139023 -0.019439
0.130877 0.050392 -0.021929 -0.002470
-0.139023 -0.021929 0.549092 0.119582
-0.019439 -0.002470 0.119582 0.049013
14.169223 1.130979 16.574070 2.151796
0.584734 0.124556 -0.109696 -0.012639
0.124556 0.048452 -0.014694 -0.001256
-0.109696 -0.014694 0.534666 0.114361
-0.012639 -0.001256 0.114361 0.047420
15.045375 1.195651 17.602923 2.147410
0.557307 0.116086 -0.080172 -0.006964
0.116086 0.046412 -0.008539 -0.000425
-0.080172 -0.008539 0.514527 0.108693
-0.006964 -0.000425 0.108693 0.045978
14.774586 1.020837 19.009080 2.203249
0.546557 0.112208 -0.060934 -0.003763
0.112208 0.045597 -0.005403 -0.000190
-0.060934 -0.005403 0.483575 0.101313
-0.003763 -0.000190 0.101313 0.044344
15.261950 1.013312 19.898758 2.158232
0.534842 0.108711 -0.049642 -0.002518
0.108711 0.044986 -0.003873 -0.000257
-0.049642 -0.003873 0.473401 0.099048
-0.002518 -0.000257 0.099048 0.043949
15.959128 1.041987 20.110393 1.978012
0.504442 0.102037 -0.035322 -0.000899
0.102037 0.043832 -0.001994 -0.000228
-0.035322 -0.001994 0.448571 0.094010
-0.000899 -0.000228 0.094010 0.043020
16.817059 1.107636 20.808545 1.920164
0.498944 0.101040 -0.036642 -0.002279
0.101040 0.043913 -0.003041 -0.000691
-0.036642 -0.003041 0.453814 0.095625
-0.002279 -0.000691 0.095625 0.043532
17.598779 1.156275 22.033689 1.978567
0.488215 0.099294 -0.022212 -0.000119
0.099294 0.043850 -0.000785 -0.000373
-0.022212 -0.000785 0.450435 0.095392
-0.000119 -0.000373 0.095392 0.043621
18.018383 1.122579 22.836187 1.937596
0.493245 0.100831 -0.023973 -0.001366
0.100831 0.044414 -0.001875 -0.000730
-0.023973 -0.001875 0.458292 0.097395
-0.001366 -0.000730 0.097395 0.044130
19.153452 1.242394 24.162320 2.017318
0.485969 0.099792 -0.010314 0.000822
0.099792 0.044395 0.000387 -0.000322
-0.010314 0.000387 0.465100 0.099060
0.000822 -0.000322 0.099060 0.044531
19.395712 1.163785 25.069286 1.993916
0.488469 0.100785 -0.009059 0.000316
0.100785 0.044759 -0.000035 -0.000481
-0.009059 -0.000035 0.470024 0.100069
0.000316 -0.000481 0.100069 0.044736
20.285699 1.227804 26.143452 2.011361
0.493749 0.102231 -0.009269 -0.000330
0.102231 0.045164 -0.000589 -0.000621
-0.009269 -0.000589 0.485107 0.103144
-0.000330 -0.000621 0.103144 0.045365
21.471280 1.346582 27.236257 2.031184
0.477015 0.098930 -0.021040 -0.003316
0.098930 0.044530 -0.003438 -0.001224
-0.021040 -0.003438 0.483170 0.102300
-0.003316 -0.001224 0.102300 0.045111
22.269382 1.372968 28.448244 2.072950
0.474561 0.098907 -0.020382 -0.003260
0.098907 0.044623 -0.003338 -0.001125
-0.020382 -0.003338 0.492754 0.104056
-0.003260 -0.001125 0.104056 0.045454
22.868386 1.354994 29.672797 2.112351
0.455824 0.095405 -0.026221 -0.004568
0.095405 0.043955 -0.004588 -0.001327
-0.026221 -0.004588 0.491710 0.103430
-0.004568 -0.001327 0.103430 0.045274
23.086391 1.258090 30.745777 2.114813
0.455540 0.096065 -0.018814 -0.002894
0.096065 0.044199 -0.002883 -0.000882
-0.018814 -0.002883 0.501098 0.105142
-0.002894 -0.000882 0.105142 0.045625
24.011412 1.321088 31.897671 2.135230
0.454686 0.096417 -0.023295 -0.003862
0.096417 0.044319 -0.003842 -0.001041
-0.023295 -0.003842 0.512162 0.107055
-0.003862 -0.001041 0.107055 0.045992
24.342827 1.251263 33.099025 2.162294
0.451918 0.096248 -0.024046 -0.003943
0.096248 0.044295 -0.003896 -0.001000
-0.024046 -0.003896 0.524361 0.109085
-0.003943 -0.001000 0.109085 0.046369
24.830433 1.220123 33.544317 2.030346
0.449605 0.096111 -0.025623 -0.004181
0.096111 0.044261 -0.004165 -0.001010
-0.025623 -0.004165 0.518001 0.107147
-0.004181 -0.001010 0.107147 0.045911
25.740532 1.285719 34.992026 2.120401
0.427617 0.091663 -0.037246 -0.006523
0.091663 0.043284 -0.006508 -0.001465
-0.037246 -0.006508 0.531939 0.109648
-0.006523 -0.001465 0.109648 0.046428
26.068707 1.215768 35.510057 2.007958
0.411113 0.088779 -0.032357 -0.005245
0.088779 0.042718 -0.005158 -0.001125
-0.032357 -0.005158 0.522254 0.107169
-0.005245 -0.001125 0.107169 0.045900
26.556323 1.190907 36.865406 2.079553
0.391884 0.085423 -0.029531 -0.004559
0.085423 0.042056 -0.004328 -0.000939
-0.029531 -0.004328 0.535026 0.109605
-0.004559 -0.000939 0.109605 0.046442
27.048882 1.166945 37.611303 2.019074
0.394381 0.087000 -0.026769 -0.003885
0.087000 0.042488 -0.003664 -0.000790
-0.026769 -0.003664 0.535321 0.109306
-0.003885 -0.000790 0.109306 0.046384
28.243390 1.302661 38.546434 2.006370
0.351515 0.078116 -0.033027 -0.005315
0.078116 0.040498 -0.005058 -0.001121
-0.033027 -0.005058 0.541147 0.110193
-0.005315 -0.001121 0.110193 0.046577
28.763986 1.274783 39.925598 2.082245
0.359052 0.081254 -0.032004 -0.004915
0.081254 0.041340 -0.004643 -0.001004
-0.032004 -0.004643 0.557429 0.113211
-0.004915 -0.001004 0.113211 0.047205
30.016367 1.412804 40.374365 1.965168
0.370185 0.084702 -0.024869 -0.003328
0.084702 0.042118 -0.003038 -0.000662
-0.024869 -0.003038 0.543837 0.109977
-0.003328 -0.000662 0.109977 0.046529
30.518093 1.364371 41.067494 1.905751
0.385729 0.088585 -0.028695 -0.004107
0.088585 0.042877 -0.004058 -0.000883
-0.028695 -0.004058 0.542333 0.109516
-0.004107 -0.000883 0.109516 0.046478
31.170462 1.358471 42.224231 1.946814
0.405196 0.092876 -0.027954 -0.003880
0.092876 0.043657 -0.003876 -0.000837
-0.027954 -0.003876 0.548388 0.110689
-0.003880 -0.000837 0.110689 0.046770
32.425384 1.487412 42.692448 1.847306
0.344907 0.078656 0.010857 0.003660
0.078656 0.040197 0.004819 0.000843
0.010857 0.004819 0.523114 0.105622
0.003660 0.000843 0.105622 0.045809
33.265976 1.510012 43.723097 1.869195
0.377349 0.086925 0.005912 0.002050
0.086925 0.042178 0.002759 0.000311
0.005912 0.002759 0.521919 0.105718
0.002050 0.000311 0.105718 0.045932
33.930103 1.488810 44.455814 1.828086
0.404075 0.092893 0.000536 0.000534
0.092893 0.043411 0.000904 -0.000114
0.000536 0.000904 0.507407 0.103083
0.000534 -0.000114 0.103083 0.045475
34.314963 1.406286 44.746064 1.700546
0.418367 0.095360 -0.002586 -0.000341
0.095360 0.043740 -0.000153 -0.000328
-0.002586 -0.000153 0.478985 0.097809
-0.000341 -0.000328 0.097809 0.044500
34.989627 1.399837 45.556101 1.692245
0.443650 0.100104 -0.006332 -0.001225
0.100104 0.044593 -0.001156 -0.000504
-0.006332 -0.001156 0.469311 0.096766
-0.001225 -0.000504 0.096766 0.044439
35.696753 1.401493 46.502159 1.713049
0.477013 0.106209 -0.017828 -0.003612
0.106209 0.045708 -0.003732 -0.000991
-0.017828 -0.003732 0.466721 0.097152
-0.003612 -0.000991 0.097152 0.044633
36.305819 1.381323 47.262322 1.692761
0.510379 0.111757 -0.029958 -0.005895
0.111757 0.046642 -0.006140 -0.001407
-0.029958 -0.006140 0.452489 0.094914
-0.005895 -0.001407 0.094914 0.044218
