1.242467 1.459092 5.371266 1.256506
2.550343 1.020159 -0.697525 -0.279016
1.020159 80.412139 -0.279016 -0.111609
-0.697525 -0.279016 3.839811 1.535958
-0.279016 -0.111609 1.535958 80.618463
1.800283 0.956105 2.331966 -4.772360
2.684461 4.635698 -0.820484 -1.197645
4.635698 16.558552 -1.216899 -3.589860
-0.820484 -1.216899 3.854256 6.280230
-1.197645 -3.589860 6.280230 22.202889
1.294118 -0.095060 3.241864 -1.128058
2.999524 3.369940 -1.324903 -1.405431
3.369940 5.787457 -1.464179 -2.086089
-1.324903 -1.464179 1.860835 2.039866
-1.405431 -2.086089 2.039866 5.175510
3.843924 2.038892 3.214734 -0.406756
1.879155 1.492279 -1.219022 -0.994422
1.492279 1.953890 -0.921715 -0.985327
-1.219022 -0.921715 2.233704 2.006154
-0.994422 -0.985327 2.006154 2.826852
4.479370 1.866187 5.085111 1.071848
1.752750 1.141923 -0.592925 -0.306779
1.141923 1.118054 -0.344731 -0.302464
-0.592925 -0.344731 1.243413 0.860960
-0.306779 -0.302464 0.860960 1.056505
6.156539 2.251248 4.618218 0.497954
1.625168 0.871450 -0.506442 -0.232913
0.871450 0.677391 -0.247977 -0.190008
-0.506442 -0.247977 1.463440 0.863894
-0.232913 -0.190008 0.863894 0.752615
9.335797 3.196559 5.819187 1.030147
1.316692 0.598299 -0.379943 -0.155739
0.598299 0.403828 -0.162794 -0.115848
-0.379943 -0.162794 1.361926 0.673359
-0.155739 -0.115848 0.673359 0.477104
8.198902 2.107822 6.496093 1.059636
0.352249 0.139510 -0.294732 -0.120906
0.139510 0.145511 -0.114033 -0.079842
-0.294732 -0.114033 1.298173 0.550784
-0.120906 -0.079842 0.550784 0.328508
9.057439 2.024470 6.846845 0.993536
0.423295 0.171656 -0.295552 -0.110069
0.171656 0.133772 -0.106656 -0.062261
-0.295552 -0.106656 1.216241 0.451068
-0.110069 -0.062261 0.451068 0.235164
8.655147 1.489689 8.589758 1.410642
0.418157 0.159354 -0.285900 -0.096181
0.159354 0.107904 -0.096809 -0.048369
-0.285900 -0.096809 0.987587 0.326228
-0.096181 -0.048369 0.326228 0.159804
9.475712 1.523389 9.642164 1.514445
0.506251 0.180266 -0.289516 -0.088552
0.180266 0.100900 -0.089390 -0.038775
-0.289516 -0.089390 0.959522 0.288688
-0.088552 -0.038775 0.288688 0.129108
10.122578 1.500375 11.333138 1.772718
0.559675 0.183111 -0.255902 -0.071235
0.183111 0.090159 -0.071745 -0.028494
-0.255902 -0.071745 0.842298 0.233108
-0.071235 -0.028494 0.233108 0.100515
10.778448 1.474187 12.399637 1.819228
0.608436 0.182892 -0.226524 -0.057751
0.182892 0.081333 -0.057543 -0.021196
-0.226524 -0.057543 0.791680 0.204684
-0.057751 -0.021196 0.204684 0.084856
11.880690 1.576524 13.274672 1.811898
0.618258 0.171375 -0.203445 -0.047889
0.171375 0.071557 -0.047814 -0.016385
-0.203445 -0.047814 0.721351 0.175995
-0.047889 -0.016385 0.175995 0.072200
12.809335 1.605004 13.482164 1.648936
0.606272 0.156339 -0.195550 -0.042998
0.156339 0.063082 -0.043410 -0.013676
-0.195550 -0.043410 0.656672 0.152919
-0.042998 -0.013676 0.152919 0.063106
13.888161 1.673830 14.371522 1.665462
0.603714 0.146840 -0.167676 -0.034084
0.146840 0.057846 -0.034084 -0.010286
-0.167676 -0.034084 0.633716 0.142644
-0.034084 -0.010286 0.142644 0.058438
13.766622 1.449985 15.258717 1.670127
0.573729 0.132520 -0.167794 -0.032634
0.132520 0.052494 -0.033151 -0.009287
-0.167794 -0.033151 0.563712 0.123139
-0.032634 -0.009287 0.123139 0.052458
14.356658 1.419696 16.106744 1.671649
0.576783 0.128439 -0.143920 -0.025785
0.128439 0.050505 -0.026113 -0.007047
-0.143920 -0.026113 0.556202 0.119779
-0.025785 -0.007047 0.119779 0.050851
15.241572 1.464107 17.483793 1.789961
0.550947 0.119176 -0.102906 -0.016296
0.119176 0.047842 -0.016538 -0.004608
-0.102906 -0.016538 0.521177 0.111049
-0.016296 -0.004608 0.111049 0.048371
16.147040 1.503116 18.567193 1.832030
0.533488 0.113009 -0.077486 -0.010974
0.113009 0.046237 -0.011183 -0.003299
-0.077486 -0.011183 0.502577 0.106563
-0.010974 -0.003299 0.106563 0.047058
17.230327 1.568800 19.069065 1.747128
0.511599 0.107013 -0.040307 -0.003607
0.107013 0.044949 -0.003786 -0.001669
-0.040307 -0.003786 0.489620 0.103794
-0.003607 -0.001669 0.103794 0.046284
18.309784 1.628699 19.750743 1.708723
0.515351 0.106975 -0.026532 -0.001553
0.106975 0.045029 -0.001694 -0.001236
-0.026532 -0.001694 0.501401 0.106246
-0.001553 -0.001236 0.106246 0.046648
18.913672 1.586385 20.803288 1.749337
0.510521 0.105286 -0.021266 -0.001399
0.105286 0.044778 -0.001539 -0.001227
-0.021266 -0.001539 0.495647 0.104637
-0.001399 -0.001227 0.104637 0.046119
19.733187 1.590988 21.486131 1.709022
0.491739 0.101068 -0.012592 -0.000424
0.101068 0.044056 -0.000562 -0.001018
-0.012592 -0.000562 0.480191 0.101162
-0.000424 -0.001018 0.101162 0.045269
20.141663 1.512349 22.705109 1.784687
0.479875 0.098770 -0.004979 0.000443
0.098770 0.043795 0.000300 -0.000809
-0.004979 0.000300 0.468969 0.098895
0.000443 -0.000809 0.098895 0.044758
20.303116 1.390267 24.129168 1.896057
0.474041 0.097969 0.005738 0.002062
0.097969 0.043849 0.001901 -0.000427
0.005738 0.001901 0.465702 0.098485
0.002062 -0.000427 0.098485 0.044678
21.075727 1.406397 25.303515 1.944071
0.471613 0.097934 0.013081 0.002962
0.097934 0.044030 0.002803 -0.000200
0.013081 0.002803 0.469909 0.099632
0.002962 -0.000200 0.099632 0.044921
21.449627 1.337606 26.355812 1.961398
0.455898 0.095098 0.020595 0.003967
0.095098 0.043583 0.003806 0.000057
0.020595 0.003806 0.461807 0.098000
0.003967 0.000057 0.098000 0.044541
22.120795 1.338312 27.245513 1.942031
0.461230 0.096937 0.005593 0.000192
0.096937 0.044135 0.000092 -0.000693
0.005593 0.000092 0.471309 0.100273
0.000192 -0.000693 0.100273 0.045028
23.621715 1.514850 27.840704 1.860145
0.448757 0.094733 0.006885 0.000411
0.094733 0.043745 0.000320 -0.000511
0.006885 0.000320 0.462465 0.098343
0.000411 -0.000511 0.098343 0.044562
23.803568 1.392153 28.936876 1.896931
0.420228 0.089248 0.010771 0.001262
0.089248 0.042665 0.001143 -0.000211
0.010771 0.001143 0.452535 0.096346
0.001262 -0.000211 0.096346 0.044123
24.358231 1.361061 30.143842 1.952525
0.426470 0.091610 0.012439 0.001519
0.091610 0.043319 0.001394 -0.000081
0.012439 0.001394 0.470131 0.100389
0.001519 -0.000081 0.100389 0.045006
24.738462 1.295555 31.301596 1.992078
0.430948 0.093264 0.001222 -0.000946
0.093264 0.043726 -0.001115 -0.000548
0.001222 -0.001115 0.487053 0.103885
-0.000946 -0.000548 0.103885 0.045692
25.781301 1.381323 32.331714 1.998406
0.431798 0.093871 -0.018026 -0.004820
0.093871 0.043844 -0.005072 -0.001278
-0.018026 -0.005072 0.497087 0.105583
-0.004820 -0.001278 0.105583 0.045945
26.479750 1.383316 33.044230 1.937857
0.428373 0.093382 -0.040800 -0.009047
0.093382 0.043692 -0.009410 -0.002036
-0.040800 -0.009410 0.501540 0.105953
-0.009047 -0.002036 0.105953 0.045911
26.690868 1.278825 34.561953 2.052724
0.418470 0.091433 -0.039634 -0.007893
0.091433 0.043220 -0.008143 -0.001582
-0.039634 -0.008143 0.520755 0.109435
-0.007893 -0.001582 0.109435 0.046557
27.156552 1.241308 35.836991 2.104193
0.424000 0.092977 -0.044998 -0.008298
0.092977 0.043541 -0.008521 -0.001551
-0.044998 -0.008521 0.539949 0.112614
-0.008298 -0.001551 0.112614 0.047101
28.379977 1.372830 36.609741 2.048715
0.413653 0.090799 -0.049641 -0.008661
0.090799 0.043000 -0.008857 -0.001558
-0.049641 -0.008857 0.540511 0.111708
-0.008661 -0.001558 0.111708 0.046780
29.492440 1.467617 37.776776 2.080255
0.386660 0.085089 -0.056258 -0.009583
0.085089 0.041716 -0.009649 -0.001707
-0.056258 -0.009649 0.550806 0.113010
-0.009583 -0.001707 0.113010 0.046979
30.386983 1.502040 38.592701 2.035463
0.389736 0.086550 -0.056788 -0.009092
0.086550 0.042120 -0.009156 -0.001565
-0.056788 -0.009156 0.553629 0.112801
-0.009092 -0.001565 0.112801 0.046888
30.622074 1.385055 39.445442 1.998092
0.410487 0.091651 -0.064354 -0.010046
0.091651 0.043255 -0.010356 -0.001777
-0.064354 -0.010356 0.561197 0.113642
-0.010046 -0.001777 0.113642 0.047036
30.894214 1.292780 40.691912 2.044688
0.413795 0.092311 -0.060865 -0.008897
0.092311 0.043290 -0.009019 -0.001511
-0.060865 -0.009019 0.570688 0.114986
-0.008897 -0.001511 0.114986 0.047313
31.894262 1.372053 41.727125 2.050341
0.394530 0.087950 -0.042542 -0.005148
0.087950 0.042233 -0.004693 -0.000724
-0.042542 -0.004693 0.567430 0.113863
-0.005148 -0.000724 0.113863 0.047112
34.277777 1.746638 41.984516 1.910295
0.263714 0.059561 0.049070 0.012001
0.059561 0.036010 0.015187 0.002919
0.049070 0.015187 0.514354 0.103541
0.012001 0.002919 0.103541 0.045211
34.685946 1.635315 42.423620 1.805076
0.290856 0.068850 0.034540 0.007546
0.068850 0.038635 0.009492 0.001454
0.034540 0.009492 0.503121 0.101771
0.007546 0.001454 0.101771 0.045020
35.307807 1.588067 43.091252 1.757528
0.323627 0.078264 0.023134 0.004212
0.078264 0.040940 0.005367 0.000482
0.023134 0.005367 0.497294 0.101266
0.004212 0.000482 0.101266 0.045083
35.460783 1.432495 44.031574 1.772169
0.349445 0.084722 0.008251 0.000593
0.084722 0.042248 0.001028 -0.000409
0.008251 0.001028 0.497687 0.102037
0.000593 -0.000409 0.102037 0.045374
35.959434 1.381002 44.519522 1.690841
0.387046 0.093145 -0.004739 -0.002244
0.093145 0.043898 -0.002189 -0.000984
-0.004739 -0.002189 0.481379 0.099209
-0.002244 -0.000984 0.099209 0.044868
36.766007 1.408757 45.191234 1.654507
0.427870 0.101269 -0.008988 -0.002946
0.101269 0.045331 -0.002883 -0.000988
-0.008988 -0.002883 0.458648 0.095183
-0.002946 -0.000988 0.095183 0.044119
37.207315 1.347973 45.922954 1.634919
0.464856 0.107605 -0.028474 -0.006735
0.107605 0.046266 -0.007048 -0.001728
-0.028474 -0.007048 0.457822 0.095999
-0.006735 -0.001728 0.095999 0.044410
