0.962066 1.346929 5.861989 1.452799
2.904082 1.161658 -1.072553 -0.429031
1.161658 80.468740 -0.429031 -0.171616
-1.072553 -0.429031 4.237850 1.695177
-0.429031 -0.171616 1.695177 80.682152
4.741594 6.397164 3.131706 -3.876249
1.659310 2.834691 -0.175998 -0.148431
2.834691 14.300050 -0.029311 -2.544457
-0.175998 -0.029311 3.333173 5.369434
-0.148431 -2.544457 5.369434 21.489763
6.610829 4.753656 1.224607 -3.776264
1.764447 2.176051 0.361881 0.327518
2.176051 4.628805 0.426774 -0.191728
0.361881 0.426774 1.536786 1.737176
0.327518 -0.191728 1.737176 4.992164
5.994430 1.965083 1.342563 -1.623303
1.518121 1.312370 0.606850 0.449605
1.312370 1.795894 0.485468 0.219519
0.606850 0.485468 0.866081 0.771459
0.449605 0.219519 0.771459 1.692410
8.841614 2.946051 3.952953 1.065900
1.232293 0.836759 0.365472 0.160001
0.836759 0.865117 0.210088 0.060290
0.365472 0.210088 0.491467 0.374192
0.160001 0.060290 0.374192 0.684912
7.513992 1.405351 3.598303 0.687438
0.348068 0.191716 0.107459 0.044903
0.191716 0.268125 0.001068 -0.008684
0.107459 0.001068 0.736474 0.539638
0.044903 -0.008684 0.539638 0.571433
7.848051 1.150109 4.955580 1.304080
0.422333 0.228184 0.075088 0.019910
0.228184 0.218966 -0.006344 -0.004822
0.075088 -0.006344 0.916059 0.533924
0.019910 -0.004822 0.533924 0.405653
8.445991 1.143992 6.165863 1.569748
0.578994 0.280241 -0.004153 -0.019202
0.280241 0.196339 -0.033434 -0.014852
-0.004153 -0.033434 1.020629 0.487085
-0.019202 -0.014852 0.487085 0.292028
8.607220 0.966203 7.333245 1.728934
0.688150 0.288616 -0.092122 -0.046717
0.288616 0.163610 -0.055787 -0.019541
-0.092122 -0.055787 1.031741 0.414925
-0.046717 -0.019541 0.414925 0.209349
9.802904 1.225328 8.225338 1.734975
0.741721 0.271167 -0.158100 -0.058528
0.271167 0.132032 -0.065462 -0.019008
-0.158100 -0.065462 1.024132 0.356033
-0.058528 -0.019008 0.356033 0.157188
10.395690 1.216559 10.530783 2.176605
0.762005 0.246500 -0.180664 -0.054741
0.246500 0.107303 -0.059857 -0.014458
-0.180664 -0.059857 0.909135 0.279052
-0.054741 -0.014458 0.279052 0.114034
12.112403 1.538460 11.124864 2.044730
0.713980 0.207680 -0.198301 -0.051556
0.207680 0.085002 -0.055524 -0.011715
-0.198301 -0.055524 0.834433 0.231096
-0.051556 -0.011715 0.231096 0.089541
12.532108 1.442702 11.835805 1.961868
0.737582 0.196580 -0.201116 -0.045382
0.196580 0.075369 -0.048663 -0.008914
-0.201116 -0.048663 0.826533 0.210391
-0.045382 -0.008914 0.210391 0.077521
12.982915 1.373736 12.645241 1.917928
0.712406 0.175929 -0.192748 -0.038598
0.175929 0.065616 -0.041272 -0.006709
-0.192748 -0.041272 0.770686 0.182515
-0.038598 -0.006709 0.182515 0.066383
14.238977 1.500302 12.945057 1.775582
0.618619 0.143365 -0.174056 -0.031818
0.143365 0.055094 -0.033612 -0.005034
-0.174056 -0.033612 0.676910 0.151239
-0.031818 -0.005034 0.151239 0.056617
14.850762 1.477262 14.471210 1.912809
0.612392 0.135927 -0.156827 -0.025497
0.135927 0.052047 -0.027150 -0.003591
-0.156827 -0.027150 0.642067 0.137773
-0.025497 -0.003591 0.137773 0.052361
15.390910 1.435608 15.537692 1.933078
0.572820 0.122920 -0.124396 -0.017557
0.122920 0.048422 -0.018863 -0.002074
-0.124396 -0.018863 0.586296 0.122266
-0.017557 -0.002074 0.122266 0.048416
15.985606 1.410159 16.552548 1.941185
0.557960 0.117113 -0.097645 -0.011506
0.117113 0.046887 -0.012563 -0.001041
-0.097645 -0.012563 0.561454 0.115240
-0.011506 -0.001041 0.115240 0.046772
16.262749 1.322443 17.632758 1.957133
0.542320 0.112004 -0.080020 -0.008106
0.112004 0.045726 -0.009091 -0.000679
-0.080020 -0.009091 0.531543 0.108015
-0.008106 -0.000679 0.108015 0.045284
16.086533 1.150549 18.665511 1.956004
0.529167 0.108067 -0.074627 -0.007546
0.108067 0.044955 -0.008574 -0.000913
-0.074627 -0.008574 0.499862 0.101142
-0.007546 -0.000913 0.101142 0.044005
16.689381 1.156275 19.649655 1.957645
0.510970 0.104012 -0.047609 -0.002677
0.104012 0.044338 -0.003525 -0.000169
-0.047609 -0.003525 0.479581 0.097652
-0.002677 -0.000169 0.097652 0.043597
17.046855 1.108062 20.356617 1.898891
0.481693 0.097930 -0.043366 -0.003019
0.097930 0.043308 -0.003746 -0.000560
-0.043366 -0.003746 0.445312 0.091264
-0.003019 -0.000560 0.091264 0.042525
17.975306 1.189336 21.736251 1.992784
0.485640 0.099250 -0.044859 -0.004030
0.099250 0.043871 -0.004552 -0.000907
-0.044859 -0.004552 0.455441 0.094560
-0.004030 -0.000907 0.094560 0.043507
18.697575 1.215457 22.713415 1.990003
0.489395 0.100614 -0.026946 -0.000824
0.100614 0.044408 -0.001280 -0.000339
-0.026946 -0.001280 0.463811 0.097283
-0.000824 -0.000339 0.097283 0.044277
19.900059 1.338130 23.680781 1.989049
0.488887 0.100908 -0.013345 0.001194
0.100908 0.044640 0.000839 -0.000046
-0.013345 0.000839 0.473076 0.099782
0.001194 -0.000046 0.099782 0.044885
20.139506 1.249092 24.664808 1.984129
0.487036 0.100849 -0.003488 0.002324
0.100849 0.044753 0.002010 0.000058
-0.003488 0.002010 0.473654 0.100100
0.002324 0.000058 0.100100 0.044951
21.079591 1.315986 26.005186 2.059192
0.469301 0.097443 -0.001151 0.001815
0.097443 0.044139 0.001608 -0.000152
-0.001151 0.001608 0.468024 0.098996
0.001815 -0.000152 0.098996 0.044696
21.271565 1.220112 27.627675 2.183498
0.454945 0.095078 0.023984 0.006363
0.095078 0.043786 0.006164 0.000757
0.023984 0.006164 0.469421 0.099526
0.006363 0.000757 0.099526 0.044822
21.563128 1.152928 28.208257 2.074890
0.445167 0.093744 0.011045 0.002569
0.093744 0.043630 0.002432 -0.000127
0.011045 0.002432 0.461249 0.097862
0.002569 -0.000127 0.097862 0.044447
22.081256 1.140553 29.233485 2.072331
0.444613 0.094386 0.011615 0.002172
0.094386 0.043870 0.002053 -0.000179
0.011615 0.002053 0.469738 0.099881
0.002172 -0.000179 0.099881 0.044885
23.523591 1.326497 30.498432 2.119667
0.438016 0.093583 0.001405 -0.000360
0.093583 0.043749 -0.000491 -0.000665
0.001405 -0.000491 0.479452 0.101945
-0.000360 -0.000665 0.101945 0.045290
24.236402 1.337802 31.171365 2.037502
0.427653 0.091939 -0.008132 -0.002406
0.091939 0.043428 -0.002550 -0.000992
-0.008132 -0.002550 0.476214 0.101047
-0.002406 -0.000992 0.101047 0.045032
25.001816 1.358970 31.952524 1.987045
0.447987 0.096961 -0.007121 -0.002016
0.096961 0.044544 -0.002123 -0.000776
-0.007121 -0.002123 0.492550 0.104384
-0.002016 -0.000776 0.104384 0.045702
25.362582 1.289934 32.992978 1.997192
0.428590 0.092800 -0.019205 -0.004379
0.092800 0.043552 -0.004550 -0.001185
-0.019205 -0.004550 0.497681 0.105047
-0.004379 -0.001185 0.105047 0.045757
26.149864 1.320891 34.098669 2.019720
0.425040 0.092417 -0.027483 -0.005725
0.092417 0.043462 -0.005919 -0.001351
-0.027483 -0.005919 0.510275 0.107251
-0.005725 -0.001351 0.107251 0.046149
27.123895 1.388939 34.759248 1.947066
0.420052 0.091668 -0.034490 -0.006708
0.091668 0.043281 -0.006920 -0.001448
-0.034490 -0.006920 0.511203 0.106844
-0.006708 -0.001448 0.106844 0.045977
28.093189 1.449047 35.670756 1.934804
0.428657 0.093885 -0.040964 -0.007510
0.093885 0.043748 -0.007742 -0.001517
-0.040964 -0.007742 0.523473 0.108910
-0.007510 -0.001517 0.108910 0.046360
28.024908 1.275160 36.671957 1.939019
0.426677 0.093513 -0.038588 -0.006495
0.093513 0.043598 -0.006604 -0.001207
-0.038588 -0.006604 0.535055 0.110723
-0.006495 -0.001207 0.110723 0.046680
28.589988 1.257456 37.219849 1.851866
0.434019 0.095162 -0.041995 -0.006804
0.095162 0.043898 -0.006964 -0.001248
-0.041995 -0.006964 0.536115 0.110250
-0.006804 -0.001248 0.110250 0.046519
28.730131 1.153665 38.845120 1.992857
0.420783 0.092117 -0.041374 -0.006414
0.092117 0.043146 -0.006345 -0.001122
-0.041374 -0.006345 0.561453 0.114917
-0.006414 -0.001122 0.114917 0.047456
29.126148 1.112147 39.506646 1.923732
0.432131 0.094757 -0.042064 -0.006252
0.094757 0.043713 -0.006287 -0.001104
-0.042064 -0.006287 0.557879 0.113313
-0.006252 -0.001104 0.113313 0.047049
29.669431 1.111325 40.822772 1.995387
0.449977 0.098538 -0.040505 -0.005661
0.098538 0.044478 -0.005698 -0.000982
-0.040505 -0.005698 0.569628 0.115104
-0.005661 -0.000982 0.115104 0.047402
30.519586 1.174667 41.650758 1.962902
0.460891 0.100433 -0.036107 -0.004640
0.100433 0.044771 -0.004697 -0.000805
-0.036107 -0.004697 0.562482 0.113033
-0.004640 -0.000805 0.113033 0.046971
30.862104 1.120702 42.477163 1.930429
0.456039 0.098745 -0.034536 -0.004398
0.098745 0.044281 -0.004433 -0.000812
-0.034536 -0.004433 0.555025 0.111185
-0.004398 -0.000812 0.111185 0.046640
31.512439 1.136895 42.833842 1.808929
0.457185 0.098636 -0.026268 -0.002808
0.098636 0.044215 -0.002842 -0.000538
-0.026268 -0.002842 0.530954 0.106291
-0.002808 -0.000538 0.106291 0.045745
32.098081 1.141677 43.958599 1.853323
0.465842 0.100176 -0.024125 -0.002551
0.100176 0.044520 -0.002589 -0.000541
-0.024125 -0.002589 0.531377 0.106761
-0.002551 -0.000541 0.106761 0.045990
33.274392 1.271660 44.929121 1.864886
0.460787 0.098769 -0.001047 0.001856
0.098769 0.044201 0.002048 0.000337
-0.001047 0.002048 0.510718 0.103015
0.001856 0.000337 0.103015 0.045365
33.788612 1.244951 45.642540 1.820046
0.466967 0.099861 -0.000589 0.001372
0.099861 0.044438 0.001439 0.000109
-0.000589 0.001439 0.488404 0.099120
0.001372 0.000109 0.099120 0.044715
34.519828 1.269481 47.164439 1.945621
0.492276 0.104958 -0.006736 -0.000313
0.104958 0.045516 -0.000365 -0.000312
-0.006736 -0.000365 0.488751 0.100103
-0.000313 -0.000312 0.100103 0.045077
35.678287 1.380559 48.237804 1.967233
0.521326 0.110398 -0.003740 0.000090
0.110398 0.046585 -0.000031 -0.000242
-0.003740 -0.000031 0.459294 0.094755
0.000090 -0.000242 0.094755 0.044066
