1.423363 1.531452 0.672609 -0.622998
1.519875 0.607963 0.324131 0.129655
0.607963 80.247257 0.129655 0.051863
0.324131 0.129655 3.619883 1.447985
0.129655 0.051863 1.447985 80.583273
4.078931 4.957923 1.931599 1.925111
3.230796 5.975232 -1.537829 -2.636486
5.975232 16.514541 -2.894980 -4.032812
-1.537829 -2.894980 2.558830 4.280134
-2.636486 -4.032812 4.280134 18.632006
3.738445 1.700127 0.944991 -0.937007
2.454910 2.688751 -0.131671 0.202712
2.688751 4.223188 0.017450 0.408726
-0.131671 0.017450 2.007005 2.492694
0.202712 0.408726 2.492694 5.462899
8.174523 4.480065 0.622073 -0.613462
2.032479 1.558823 -0.535206 -0.366439
1.558823 1.701931 -0.366289 -0.290126
-0.535206 -0.366289 1.766851 1.543680
-0.366439 -0.290126 1.543680 2.149062
8.131395 3.151252 2.913990 1.090093
1.159322 0.706516 0.247039 0.217272
0.706516 0.689368 0.170819 0.112651
0.247039 0.170819 1.051630 0.736470
0.217272 0.112651 0.736470 0.882453
9.777991 3.183997 3.965281 1.387197
1.164429 0.602567 0.089797 0.051653
0.602567 0.462796 0.037397 0.001677
0.089797 0.037397 1.148276 0.673964
0.051653 0.001677 0.673964 0.591227
10.086852 2.619711 4.127734 1.134752
0.963104 0.427928 -0.000636 -0.007455
0.427928 0.287404 -0.013875 -0.021004
-0.000636 -0.013875 1.238127 0.610645
-0.007455 -0.021004 0.610645 0.419030
10.548849 2.287354 4.750754 1.164514
0.788449 0.309022 -0.046653 -0.025536
0.309022 0.189177 -0.029375 -0.021121
-0.046653 -0.029375 1.213462 0.510395
-0.025536 -0.021121 0.510395 0.293361
11.073622 2.059096 6.803339 1.706388
0.609397 0.215698 -0.080751 -0.033299
0.215698 0.127360 -0.035660 -0.018393
-0.080751 -0.035660 1.079453 0.395523
-0.033299 -0.018393 0.395523 0.202171
11.253009 1.780935 7.745193 1.738695
0.600804 0.196872 -0.142187 -0.048755
0.196872 0.105009 -0.050271 -0.019822
-0.142187 -0.050271 1.019095 0.332743
-0.048755 -0.019822 0.332743 0.153377
12.070862 1.758862 8.615962 1.739168
0.613774 0.186607 -0.146498 -0.043703
0.186607 0.090545 -0.044808 -0.015236
-0.146498 -0.044808 0.952867 0.281416
-0.043703 -0.015236 0.281416 0.120204
12.325073 1.582791 10.064515 1.895126
0.630733 0.178570 -0.150216 -0.039632
0.178570 0.080096 -0.040706 -0.012153
-0.150216 -0.040706 0.871504 0.236163
-0.039632 -0.012153 0.236163 0.096304
12.738119 1.481740 10.907060 1.867107
0.619754 0.164183 -0.154397 -0.036651
0.164183 0.070324 -0.037759 -0.010087
-0.154397 -0.037759 0.802620 0.202378
-0.036651 -0.010087 0.202378 0.080302
13.531542 1.501788 13.001249 2.144597
0.597204 0.149437 -0.135481 -0.028880
0.149437 0.062530 -0.029949 -0.007315
-0.135481 -0.029949 0.702633 0.167015
-0.028880 -0.007315 0.167015 0.067043
14.132426 1.463072 13.702648 2.058581
0.589405 0.140528 -0.140425 -0.027796
0.140528 0.057616 -0.028887 -0.006540
-0.140425 -0.028887 0.666787 0.151608
-0.027796 -0.006540 0.151608 0.060591
14.844478 1.454500 14.261119 1.954144
0.583465 0.133677 -0.129636 -0.023483
0.133677 0.054157 -0.024354 -0.005142
-0.129636 -0.024354 0.647195 0.142160
-0.023483 -0.005142 0.142160 0.056581
16.036309 1.563470 15.768569 2.073092
0.560013 0.124280 -0.099161 -0.015767
0.124280 0.050821 -0.016400 -0.003252
-0.099161 -0.016400 0.602888 0.128934
-0.015767 -0.003252 0.128934 0.052467
16.346297 1.456814 16.417240 1.986240
0.542916 0.117516 -0.089021 -0.013259
0.117516 0.048574 -0.013845 -0.002710
-0.089021 -0.013845 0.569795 0.119572
-0.013259 -0.002710 0.119572 0.049719
16.814486 1.404505 17.755876 2.055754
0.526009 0.111835 -0.078114 -0.010882
0.111835 0.046928 -0.011479 -0.002256
-0.078114 -0.011479 0.533355 0.110653
-0.010882 -0.002256 0.110653 0.047437
17.314911 1.361066 18.704879 2.037267
0.521498 0.109648 -0.062528 -0.007645
0.109648 0.046284 -0.008151 -0.001605
-0.062528 -0.008151 0.520522 0.107656
-0.007645 -0.001605 0.107656 0.046663
17.916902 1.348094 20.102089 2.115101
0.508923 0.105993 -0.064268 -0.008392
0.105993 0.045410 -0.008880 -0.001863
-0.064268 -0.008880 0.498607 0.102893
-0.008392 -0.001863 0.102893 0.045571
18.326879 1.295744 21.460054 2.175110
0.504930 0.104887 -0.038319 -0.003184
0.104887 0.045243 -0.003624 -0.000813
-0.038319 -0.003624 0.488330 0.101254
-0.003184 -0.000813 0.101254 0.045287
19.135071 1.330256 22.703991 2.209078
0.511300 0.105962 -0.029139 -0.001837
0.105962 0.045523 -0.002175 -0.000615
-0.029139 -0.002175 0.498386 0.103771
-0.001837 -0.000615 0.103771 0.045840
19.773648 1.323724 23.648990 2.175594
0.514228 0.106218 -0.030032 -0.002681
0.106218 0.045604 -0.002957 -0.000880
-0.030032 -0.002957 0.500857 0.104328
-0.002681 -0.000880 0.104328 0.045908
20.190921 1.269723 24.100204 2.041334
0.510082 0.105097 -0.026477 -0.002476
0.105097 0.045414 -0.002702 -0.000885
-0.026477 -0.002702 0.497187 0.103561
-0.002476 -0.000885 0.103561 0.045703
20.532937 1.211753 25.624167 2.144851
0.495092 0.102040 0.003923 0.003339
0.102040 0.044877 0.003128 0.000286
0.003923 0.003128 0.491581 0.102584
0.003339 0.000286 0.102584 0.045502
21.076081 1.199046 26.780688 2.162212
0.479074 0.098920 -0.002207 0.001092
0.098920 0.044334 0.000981 -0.000279
-0.002207 0.000981 0.489507 0.102232
0.001092 -0.000279 0.102232 0.045408
21.693935 1.202389 27.608421 2.109271
0.470809 0.097687 -0.011555 -0.001449
0.097687 0.044214 -0.001509 -0.000821
-0.011555 -0.001509 0.488231 0.102062
-0.001449 -0.000821 0.102062 0.045359
22.011204 1.143362 28.834713 2.144753
0.465040 0.097084 0.008376 0.002484
0.097084 0.044219 0.002445 0.000055
0.008376 0.002445 0.497032 0.104044
0.002484 0.000055 0.104044 0.045772
22.525753 1.131174 29.297346 2.017221
0.469030 0.098491 0.019083 0.004188
0.098491 0.044610 0.004166 0.000399
0.019083 0.004166 0.502948 0.105184
0.004188 0.000399 0.105184 0.045964
23.034819 1.119234 30.334445 2.023216
0.472521 0.099590 0.014438 0.002615
0.099590 0.044878 0.002576 0.000045
0.014438 0.002576 0.518808 0.108291
0.002615 0.000045 0.108291 0.046555
22.892294 0.971211 31.160066 1.985648
0.473654 0.100031 0.012199 0.001801
0.100031 0.044969 0.001737 -0.000098
0.012199 0.001737 0.535305 0.111241
0.001801 -0.000098 0.111241 0.047072
23.468729 0.990825 31.941849 1.941884
0.455004 0.096220 0.003779 -0.000096
0.096220 0.044147 -0.000231 -0.000441
0.003779 -0.000231 0.538383 0.111190
-0.000096 -0.000441 0.111190 0.046946
24.191844 1.040932 31.956754 1.745093
0.448806 0.095332 0.013384 0.001922
0.095332 0.043999 0.001896 0.000085
0.013384 0.001896 0.523878 0.107581
0.001922 0.000085 0.107581 0.046122
25.233920 1.150888 33.511178 1.883802
0.412775 0.088141 -0.006100 -0.002124
0.088141 0.042509 -0.002408 -0.000742
-0.006100 -0.002408 0.534773 0.109663
-0.002124 -0.000742 0.109663 0.046573
25.862620 1.162757 34.198538 1.831697
0.424910 0.091838 -0.011391 -0.002948
0.091838 0.043445 -0.003239 -0.000808
-0.011391 -0.003239 0.547916 0.112010
-0.002948 -0.000808 0.112010 0.047038
26.252590 1.121280 34.908629 1.789958
0.425304 0.092483 -0.023003 -0.004974
0.092483 0.043592 -0.005374 -0.001145
-0.023003 -0.005374 0.557920 0.113549
-0.004974 -0.001145 0.113549 0.047312
26.836497 1.126477 36.100979 1.850192
0.417667 0.091193 -0.032603 -0.006431
0.091193 0.043277 -0.006892 -0.001347
-0.032603 -0.006892 0.578694 0.117185
-0.006431 -0.001347 0.117185 0.048004
27.865814 1.229792 37.671126 1.980744
0.421371 0.092421 -0.035457 -0.006434
0.092421 0.043525 -0.006827 -0.001234
-0.035457 -0.006827 0.600684 0.120793
-0.006434 -0.001234 0.120793 0.048651
29.283378 1.406839 38.827185 2.015961
0.400764 0.088111 -0.028993 -0.004710
0.088111 0.042519 -0.004807 -0.000781
-0.028993 -0.004807 0.612557 0.122159
-0.004710 -0.000781 0.122159 0.048826
29.339421 1.261842 39.316147 1.911127
0.397495 0.087956 -0.027113 -0.004080
0.087956 0.042503 -0.004072 -0.000632
-0.027113 -0.004072 0.622249 0.123083
-0.004080 -0.000632 0.123083 0.048932
30.240484 1.323845 40.811177 2.018068
0.427899 0.095216 -0.021223 -0.002650
0.095216 0.044115 -0.002526 -0.000320
-0.021223 -0.002526 0.643295 0.126304
-0.002650 -0.000320 0.126304 0.049519
31.094698 1.365433 41.498443 1.956057
0.423633 0.093972 -0.006086 0.000276
0.093972 0.043679 0.000765 0.000268
-0.006086 0.000765 0.633000 0.123276
0.000276 0.000268 0.123276 0.048874
31.803440 1.371514 42.592691 1.978647
0.436168 0.096531 -0.004117 0.000418
0.096531 0.044135 0.000800 0.000191
-0.004117 0.000800 0.621794 0.120462
0.000418 0.000191 0.120462 0.048352
31.936347 1.248340 42.943752 1.854069
0.422795 0.093138 0.005648 0.002011
0.093138 0.043255 0.002562 0.000455
0.005648 0.002562 0.599911 0.115975
0.002011 0.000455 0.115975 0.047573
32.917550 1.327641 44.395880 1.956204
0.446414 0.098261 0.018844 0.004225
0.098261 0.044351 0.004995 0.000859
0.018844 0.004995 0.606631 0.117487
0.004225 0.000859 0.117487 0.048020
33.133566 1.229314 44.306074 1.749185
0.468680 0.102545 0.026920 0.005274
0.102545 0.045164 0.006083 0.000985
0.026920 0.006083 0.577937 0.112010
0.005274 0.000985 0.112010 0.047063
32.775786 1.019598 43.708878 1.463430
0.479151 0.103872 0.034889 0.006278
0.103872 0.045283 0.007129 0.001117
0.034889 0.007129 0.560922 0.109271
0.006278 0.001117 0.109271 0.046700
32.531124 0.859573 43.325095 1.246156
0.476176 0.102283 0.037090 0.006173
0.102283 0.044808 0.006914 0.001025
0.037090 0.006914 0.549845 0.107877
0.006173 0.001025 0.107877 0.046597
33.371049 0.946171 44.299799 1.314364
0.501798 0.107057 0.050579 0.008309
0.107057 0.045769 0.009137 0.001427
0.050579 0.009137 0.572940 0.113234
0.008309 0.001427 0.113234 0.047793
