0.898280 1.321414 1.374089 -0.342400
2.772254 1.108926 -0.871807 -0.348730
1.108926 80.447647 -0.348730 -0.139495
-0.871807 -0.348730 4.676670 1.870708
-0.348730 -0.139495 1.870708 80.752366
4.445451 6.331515 1.625909 0.516132
2.880285 4.854374 -1.795028 -2.653651
4.854374 17.320710 -2.911954 -6.473130
-1.795028 -2.911954 2.851854 4.397872
-2.653651 -6.473130 4.397872 20.683821
6.619098 4.950554 -0.748639 -2.984045
2.568852 2.946433 -0.518415 -0.238584
2.946433 5.512711 -0.400792 -0.907657
-0.518415 -0.400792 2.363899 2.913147
-0.238584 -0.907657 2.913147 6.611271
7.399629 3.559260 0.808054 -0.295778
1.552124 1.287171 0.506966 0.518818
1.287171 1.865505 0.422612 0.073462
0.506966 0.422612 0.722211 0.672386
0.518818 0.073462 0.672386 1.651215
10.016856 3.868872 2.731197 1.451522
1.355322 0.932993 0.247177 0.085392
0.932993 1.007166 0.056036 -0.156436
0.247177 0.056036 0.865019 0.739876
0.085392 -0.156436 0.739876 1.031542
8.636049 1.859966 4.443694 2.367844
0.260032 0.129642 0.207001 0.123059
0.129642 0.254266 0.012725 -0.037810
0.207001 0.012725 1.086151 0.729488
0.123059 -0.037810 0.729488 0.666655
9.356294 1.785582 4.982699 2.033040
0.373888 0.222254 0.107147 0.024568
0.222254 0.240030 -0.040010 -0.053104
0.107147 -0.040010 1.236571 0.668980
0.024568 -0.053104 0.668980 0.462069
10.601314 1.914211 7.047674 2.481459
0.487675 0.259990 -0.023096 -0.040529
0.259990 0.201318 -0.077350 -0.052774
-0.023096 -0.077350 1.172179 0.527127
-0.040529 -0.052774 0.527127 0.301661
10.343691 1.377393 8.031809 2.430480
0.511232 0.235932 -0.183377 -0.089428
0.235932 0.150222 -0.117895 -0.053322
-0.183377 -0.117895 1.034459 0.400721
-0.089428 -0.053322 0.400721 0.201545
9.655850 0.852124 8.556991 2.227294
0.486195 0.195518 -0.302474 -0.110823
0.195518 0.109387 -0.133383 -0.047256
-0.302474 -0.133383 0.830305 0.283601
-0.110823 -0.047256 0.283601 0.133183
10.057629 0.842983 9.886328 2.293260
0.554600 0.196432 -0.289825 -0.089419
0.196432 0.094833 -0.104409 -0.031094
-0.289825 -0.104409 0.811590 0.248510
-0.089419 -0.031094 0.248510 0.106653
11.677445 1.224821 10.967261 2.284269
0.551470 0.174628 -0.232982 -0.061244
0.174628 0.077625 -0.070315 -0.017672
-0.232982 -0.070315 0.739443 0.206424
-0.061244 -0.017672 0.206424 0.084774
12.287038 1.221680 11.867930 2.220859
0.581081 0.167523 -0.207327 -0.047021
0.167523 0.069111 -0.053578 -0.011560
-0.207327 -0.053578 0.718705 0.185989
-0.047021 -0.011560 0.185989 0.073251
13.344236 1.344008 13.159269 2.272152
0.592337 0.157412 -0.180654 -0.035703
0.157412 0.061965 -0.040560 -0.007610
-0.180654 -0.040560 0.691809 0.167932
-0.035703 -0.007610 0.167932 0.064711
14.144918 1.379481 14.542439 2.332001
0.593448 0.147350 -0.142699 -0.023989
0.147350 0.056547 -0.027555 -0.004347
-0.142699 -0.027555 0.655970 0.151215
-0.023989 -0.004347 0.151215 0.058183
14.487983 1.294198 15.463640 2.271722
0.594369 0.139314 -0.122682 -0.018180
0.139314 0.052755 -0.021107 -0.003003
-0.122682 -0.021107 0.626499 0.138453
-0.018180 -0.003003 0.138453 0.053650
14.496933 1.154479 16.949906 2.337966
0.593407 0.132759 -0.098048 -0.012257
0.132759 0.050134 -0.014837 -0.001837
-0.098048 -0.014837 0.586440 0.125546
-0.012257 -0.001837 0.125546 0.049885
14.902634 1.102523 16.871891 2.071741
0.568056 0.122075 -0.101720 -0.013426
0.122075 0.047106 -0.015604 -0.002332
-0.101720 -0.015604 0.547851 0.114440
-0.013426 -0.002332 0.114440 0.046992
15.230001 1.057729 18.118481 2.112613
0.568999 0.119164 -0.080271 -0.008822
0.119164 0.046328 -0.010658 -0.001443
-0.080271 -0.010658 0.537448 0.111091
-0.008822 -0.001443 0.111091 0.046207
15.633403 1.033614 19.337335 2.144596
0.557828 0.114631 -0.050146 -0.003083
0.114631 0.045425 -0.004625 -0.000424
-0.050146 -0.004625 0.519770 0.106858
-0.003083 -0.000424 0.106858 0.045378
16.938161 1.197205 20.760371 2.225830
0.547336 0.110860 -0.043741 -0.002730
0.110860 0.044796 -0.003842 -0.000537
-0.043741 -0.003842 0.523144 0.107192
-0.002730 -0.000537 0.107192 0.045525
17.407360 1.165581 21.210477 2.088627
0.538364 0.108337 -0.011080 0.003091
0.108337 0.044577 0.002087 0.000473
-0.011080 0.002087 0.514644 0.105421
0.003091 0.000473 0.105421 0.045299
18.912738 1.350430 22.246106 2.093915
0.515109 0.103152 -0.013517 0.001177
0.103152 0.043809 0.000500 -0.000120
-0.013517 0.000500 0.506644 0.103650
0.001177 -0.000120 0.103650 0.045025
19.796412 1.392417 23.324079 2.101505
0.504175 0.101069 -0.024909 -0.002125
0.101069 0.043729 -0.002596 -0.000892
-0.024909 -0.002596 0.499939 0.102328
-0.002125 -0.000892 0.102328 0.044864
20.108825 1.314695 24.287656 2.081676
0.479362 0.096646 0.003553 0.003123
0.096646 0.043201 0.002654 0.000141
0.003553 0.002654 0.475805 0.097789
0.003123 0.000141 0.097789 0.044094
21.494535 1.463263 25.482375 2.115819
0.457061 0.093011 0.005887 0.002661
0.093011 0.042811 0.002314 -0.000027
0.005887 0.002314 0.464194 0.096077
0.002661 -0.000027 0.096077 0.043917
22.331440 1.485226 26.805673 2.171358
0.458555 0.094505 -0.000279 0.000678
0.094505 0.043448 0.000421 -0.000453
-0.000279 0.000421 0.474819 0.099066
0.000678 -0.000453 0.099066 0.044695
22.854610 1.439510 27.765381 2.144803
0.460758 0.095915 -0.004687 -0.000640
0.095915 0.043959 -0.000842 -0.000687
-0.004687 -0.000842 0.484572 0.101519
-0.000640 -0.000687 0.101519 0.045264
23.347395 1.391913 28.538609 2.081970
0.477378 0.100121 0.007757 0.001788
0.100121 0.044969 0.001618 -0.000105
0.007757 0.001618 0.504163 0.105759
0.001788 -0.000105 0.105759 0.046145
23.968223 1.376439 29.101315 1.981953
0.461239 0.096965 0.005464 0.000957
0.096965 0.044316 0.000818 -0.000250
0.005464 0.000818 0.491041 0.102715
0.000957 -0.000250 0.102715 0.045421
24.305042 1.302167 30.111618 1.986295
0.463044 0.097837 0.006121 0.000887
0.097837 0.044554 0.000764 -0.000216
0.006121 0.000764 0.504745 0.105591
0.000887 -0.000216 0.105591 0.046010
24.731802 1.254147 31.457952 2.060257
0.457104 0.096921 -0.001970 -0.000938
0.096921 0.044374 -0.001090 -0.000552
-0.001970 -0.001090 0.518770 0.108261
-0.000938 -0.000552 0.108261 0.046507
25.226038 1.225764 32.591045 2.081780
0.481254 0.102425 -0.005852 -0.001697
0.102425 0.045558 -0.001848 -0.000635
-0.005852 -0.001848 0.548775 0.114008
-0.001697 -0.000635 0.114008 0.047611
25.785258 1.214329 33.684208 2.092584
0.480130 0.101952 0.001339 -0.000056
0.101952 0.045353 -0.000143 -0.000201
0.001339 -0.000143 0.563403 0.116050
-0.000056 -0.000201 0.116050 0.047869
26.336631 1.202642 34.536456 2.053008
0.474259 0.100537 -0.006874 -0.001722
0.100537 0.044983 -0.001866 -0.000515
-0.006874 -0.001866 0.570698 0.116510
-0.001722 -0.000515 0.116510 0.047823
26.753117 1.163539 35.389163 2.017876
0.478520 0.101403 -0.003959 -0.000963
0.101403 0.045135 -0.001055 -0.000291
-0.003959 -0.001055 0.581653 0.117789
-0.000963 -0.000291 0.117789 0.047986
27.382841 1.173695 36.362060 2.010627
0.461786 0.097740 -0.006891 -0.001460
0.097740 0.044319 -0.001571 -0.000361
-0.006891 -0.001571 0.597690 0.120093
-0.001460 -0.000361 0.120093 0.048378
27.638732 1.103443 36.870512 1.911582
0.444028 0.094206 -0.003218 -0.000600
0.094206 0.043602 -0.000641 -0.000142
-0.003218 -0.000641 0.591075 0.117789
-0.000600 -0.000142 0.117789 0.047849
27.495328 0.955071 37.496348 1.846056
0.417664 0.089117 0.000614 0.000195
0.089117 0.042598 0.000226 0.000039
0.000614 0.000226 0.598904 0.118714
0.000195 0.000039 0.118714 0.048042
28.519271 1.072945 38.966929 1.954101
0.407486 0.087868 -0.004847 -0.000917
0.087868 0.042466 -0.000989 -0.000207
-0.004847 -0.000989 0.623081 0.122889
-0.000917 -0.000207 0.122889 0.048881
29.548571 1.180524 40.698418 2.101989
0.378869 0.082561 -0.010196 -0.001903
0.082561 0.041410 -0.002071 -0.000406
-0.010196 -0.002071 0.630116 0.123412
-0.001903 -0.000406 0.123412 0.048952
30.386688 1.235391 41.754883 2.103203
0.396874 0.087849 -0.001375 -0.000028
0.087849 0.042722 0.000063 0.000039
-0.001375 0.000063 0.630522 0.122737
-0.000028 0.000039 0.122737 0.048814
31.094643 1.255120 42.047447 1.956180
0.411060 0.091580 0.004188 0.001021
0.091580 0.043516 0.001238 0.000253
0.004188 0.001238 0.610015 0.118197
0.001021 0.000253 0.118197 0.047964
31.462586 1.197103 42.422589 1.839361
0.420464 0.093750 0.018775 0.003723
0.093750 0.043871 0.004324 0.000822
0.018775 0.004324 0.621414 0.120346
0.003723 0.000822 0.120346 0.048494
32.877354 1.379230 42.326509 1.642457
0.343247 0.076343 0.060989 0.011588
0.076343 0.039835 0.013280 0.002499
0.060989 0.013280 0.571312 0.110437
0.011588 0.002499 0.110437 0.046643
33.618358 1.390969 43.131090 1.639020
0.372226 0.084435 0.058241 0.009970
0.084435 0.041873 0.011331 0.001924
0.058241 0.011331 0.574956 0.111889
0.009970 0.001924 0.111889 0.047146
33.900564 1.299189 43.407836 1.534928
0.404453 0.092266 0.053661 0.008212
0.092266 0.043603 0.009332 0.001425
0.053661 0.009332 0.575303 0.112531
0.008212 0.001425 0.112531 0.047419
34.067264 1.194264 43.344753 1.374590
0.448351 0.101792 0.051730 0.007150
0.101792 0.045534 0.008240 0.001162
0.051730 0.008240 0.582511 0.114400
0.007150 0.001162 0.114400 0.047882
35.414465 1.352893 45.548681 1.668572
0.475511 0.106427 0.055325 0.007488
0.106427 0.046183 0.008569 0.001252
0.055325 0.008569 0.595818 0.117221
0.007488 0.001252 0.117221 0.048468
36.597804 1.460388 47.050735 1.796549
0.527389 0.116203 0.044703 0.004870
0.116203 0.047987 0.005915 0.000714
0.044703 0.005915 0.590035 0.116100
0.004870 0.000714 0.116100 0.048242
