4.414006 2.727735 -2.788612 -2.007516
2.275494 0.910217 -0.683360 -0.273350
0.910217 80.368162 -0.273350 -0.109342
-0.683360 -0.273350 5.059154 2.023705
-0.273350 -0.109342 2.023705 80.813566
3.862806 -0.430378 0.595484 4.724884
3.092749 5.473813 0.136793 0.372943
5.473813 17.438377 0.254455 -1.044983
0.136793 0.254455 0.244757 0.388138
0.372943 -1.044983 0.388138 15.397103
3.165619 -0.871274 2.118914 3.228026
2.878957 3.241422 -0.712257 -1.395693
3.241422 5.477005 -0.998673 -1.948152
-0.712257 -0.998673 2.028440 3.690244
-1.395693 -1.948152 3.690244 7.507640
3.275830 -0.445053 4.676232 4.150008
2.317604 1.852654 -0.965027 -0.952111
1.852654 2.186366 -0.789446 -0.776706
-0.965027 -0.789446 2.486033 2.437272
-0.952111 -0.776706 2.437272 2.604455
4.908068 0.720883 6.326478 3.874252
1.595114 1.001060 -0.451363 -0.295075
1.001060 0.977383 -0.247456 -0.161194
-0.451363 -0.247456 1.989604 1.336524
-0.295075 -0.161194 1.336524 0.997130
7.758342 2.027326 7.581464 3.538058
1.372982 0.721290 -0.335590 -0.164505
0.721290 0.577881 -0.146327 -0.072271
-0.335590 -0.146327 1.478533 0.759169
-0.164505 -0.072271 0.759169 0.448845
8.235410 1.763741 8.475459 3.167076
1.299953 0.584636 -0.417044 -0.167550
0.584636 0.388419 -0.162876 -0.066579
-0.417044 -0.162876 1.295079 0.541855
-0.167550 -0.066579 0.541855 0.267849
8.521985 1.509244 9.358221 2.912438
1.256222 0.494396 -0.380177 -0.127505
0.494396 0.280634 -0.124781 -0.042974
-0.380177 -0.124781 1.197634 0.425764
-0.127505 -0.042974 0.425764 0.183480
10.212096 1.810344 9.413082 2.480570
1.081220 0.376968 -0.333409 -0.096725
0.376968 0.194691 -0.094996 -0.028750
-0.333409 -0.094996 1.046428 0.325049
-0.096725 -0.028750 0.325049 0.128244
11.375913 1.872434 9.698644 2.214788
1.014121 0.320067 -0.289170 -0.073492
0.320067 0.150492 -0.070577 -0.019036
-0.289170 -0.070577 1.015179 0.282506
-0.073492 -0.019036 0.282506 0.103264
11.835084 1.729045 10.669188 2.176191
0.928157 0.267912 -0.262713 -0.060025
0.267912 0.118057 -0.058010 -0.014377
-0.262713 -0.058010 0.925902 0.234507
-0.060025 -0.014377 0.234507 0.082671
12.350835 1.622592 11.194898 2.040270
0.923884 0.247063 -0.257861 -0.053657
0.247063 0.101170 -0.052171 -0.011941
-0.257861 -0.052171 0.911799 0.213787
-0.053657 -0.011941 0.213787 0.072793
12.296798 1.387430 11.443333 1.861655
0.783089 0.194201 -0.278685 -0.055310
0.194201 0.079539 -0.055871 -0.012315
-0.278685 -0.055871 0.794310 0.174036
-0.055310 -0.012315 0.174036 0.060643
12.938680 1.373425 12.303127 1.846031
0.727828 0.171907 -0.231559 -0.041750
0.171907 0.069592 -0.041527 -0.008608
-0.231559 -0.041527 0.727468 0.152200
-0.041750 -0.008608 0.152200 0.054497
13.501280 1.352533 13.617513 1.925121
0.696437 0.158445 -0.179406 -0.028868
0.158445 0.063432 -0.028029 -0.005517
-0.179406 -0.028029 0.671973 0.136185
-0.028868 -0.005517 0.136185 0.050537
14.757613 1.482500 14.568429 1.929750
0.655227 0.144129 -0.149113 -0.022126
0.144129 0.058014 -0.020929 -0.004101
-0.149113 -0.020929 0.636626 0.126290
-0.022126 -0.004101 0.126290 0.048325
14.731026 1.321394 15.874007 1.988013
0.609830 0.130837 -0.115929 -0.015600
0.130837 0.053671 -0.014692 -0.002986
-0.115929 -0.014692 0.567969 0.111237
-0.015600 -0.002986 0.111237 0.045404
15.162507 1.263373 16.346253 1.882010
0.567756 0.119332 -0.113959 -0.015785
0.119332 0.050228 -0.015277 -0.003278
-0.113959 -0.015277 0.523246 0.102204
-0.015785 -0.003278 0.102204 0.043891
15.286513 1.162044 17.641650 1.946471
0.560015 0.116847 -0.086375 -0.010375
0.116847 0.049251 -0.009893 -0.002230
-0.086375 -0.009893 0.501327 0.098914
-0.010375 -0.002230 0.098914 0.043696
16.312899 1.256974 18.733517 1.975560
0.539281 0.111728 -0.068360 -0.007466
0.111728 0.047833 -0.006884 -0.001762
-0.068360 -0.006884 0.487911 0.097446
-0.007466 -0.001762 0.097446 0.043796
16.829834 1.240159 20.195140 2.070772
0.509633 0.105608 -0.025538 0.000267
0.105608 0.046444 0.000812 -0.000352
-0.025538 0.000812 0.454869 0.092273
0.000267 -0.000352 0.092273 0.043126
17.915173 1.335248 21.078869 2.043365
0.502313 0.104243 -0.012881 0.001561
0.104243 0.046090 0.002120 -0.000263
-0.012881 0.002120 0.457875 0.094443
0.001561 -0.000263 0.094443 0.043876
18.317357 1.278869 21.945935 2.009473
0.497297 0.103466 0.006299 0.004329
0.103466 0.045898 0.004773 0.000167
0.006299 0.004773 0.454247 0.094882
0.004329 0.000167 0.094882 0.044144
19.169737 1.327046 23.778472 2.184703
0.489122 0.101907 0.005082 0.002761
0.101907 0.045524 0.003158 -0.000281
0.005082 0.003158 0.454765 0.095879
0.002761 -0.000281 0.095879 0.044432
19.868959 1.334496 24.868247 2.184211
0.486231 0.101551 0.000885 0.000937
0.101551 0.045431 0.001290 -0.000685
0.000885 0.001290 0.459273 0.097492
0.000937 -0.000685 0.097492 0.044791
20.522924 1.331137 25.379524 2.060416
0.493625 0.103343 0.004370 0.001100
0.103343 0.045789 0.001380 -0.000600
0.004370 0.001380 0.467939 0.099732
0.001100 -0.000600 0.099732 0.045229
21.360932 1.367371 25.264065 1.815914
0.470750 0.098572 0.020504 0.004092
0.098572 0.044734 0.004245 0.000092
0.020504 0.004245 0.446836 0.095309
0.004092 0.000092 0.095309 0.044192
22.263508 1.414341 25.613081 1.695630
0.463395 0.097498 0.002113 -0.000470
0.097498 0.044547 -0.000282 -0.000839
0.002113 -0.000282 0.444462 0.095297
-0.000470 -0.000839 0.095297 0.044193
22.952862 1.409992 26.774079 1.763078
0.469408 0.099232 0.004125 -0.000111
0.099232 0.044939 0.000014 -0.000639
0.004125 0.000014 0.461824 0.099395
-0.000111 -0.000639 0.099395 0.045048
23.109549 1.293649 27.736680 1.781710
0.452908 0.095964 0.001648 -0.000639
0.095964 0.044221 -0.000564 -0.000635
0.001648 -0.000564 0.460576 0.099024
-0.000639 -0.000635 0.099024 0.044857
24.001076 1.345383 28.828160 1.824305
0.461214 0.098212 0.002245 -0.000462
0.098212 0.044724 -0.000418 -0.000492
0.002245 -0.000418 0.478310 0.102740
-0.000462 -0.000492 0.102740 0.045568
24.182998 1.240700 29.727548 1.822493
0.444039 0.094714 0.012546 0.001853
0.094714 0.043936 0.001853 0.000097
0.012546 0.001853 0.477509 0.102087
0.001853 0.000097 0.102087 0.045284
24.278823 1.126373 31.562819 2.020516
0.424552 0.091002 0.013793 0.002034
0.091002 0.043162 0.001963 0.000167
0.013793 0.001963 0.493698 0.105175
0.002034 0.000167 0.105175 0.045851
25.444419 1.256883 32.444891 1.991946
0.418917 0.090555 0.000323 -0.000915
0.090555 0.043137 -0.001045 -0.000433
0.000323 -0.001045 0.494625 0.104785
-0.000915 -0.000433 0.104785 0.045654
26.511738 1.351779 33.812656 2.069509
0.421602 0.091825 -0.013853 -0.003706
0.091825 0.043449 -0.003934 -0.000956
-0.013853 -0.003934 0.512325 0.108034
-0.003706 -0.000956 0.108034 0.046268
27.283238 1.372818 34.689609 2.036388
0.432146 0.094551 -0.018056 -0.004138
0.094551 0.044020 -0.004357 -0.000928
-0.018056 -0.004357 0.521238 0.109154
-0.004138 -0.000928 0.109154 0.046396
28.398091 1.466605 35.619060 2.018000
0.419167 0.091766 -0.032238 -0.006639
0.091766 0.043317 -0.006966 -0.001378
-0.032238 -0.006966 0.524549 0.109089
-0.006639 -0.001378 0.109089 0.046298
28.685715 1.369006 36.839867 2.061113
0.434776 0.095464 -0.043361 -0.008287
0.095464 0.044094 -0.008681 -0.001621
-0.043361 -0.008681 0.547094 0.113099
-0.008287 -0.001621 0.113099 0.047079
29.254355 1.341617 37.206550 1.924465
0.412966 0.090485 -0.058784 -0.010826
0.090485 0.042882 -0.011309 -0.002079
-0.058784 -0.011309 0.542267 0.111156
-0.010826 -0.002079 0.111156 0.046585
29.450404 1.235003 37.773022 1.841236
0.417297 0.091777 -0.057308 -0.009672
0.091777 0.043172 -0.010063 -0.001717
-0.057308 -0.010063 0.540442 0.110200
-0.009672 -0.001717 0.110200 0.046384
30.353130 1.301630 39.281505 1.962837
0.392562 0.086420 -0.060529 -0.009885
0.086420 0.041945 -0.009948 -0.001694
-0.060529 -0.009948 0.565391 0.114862
-0.009885 -0.001694 0.114862 0.047356
31.418798 1.395569 40.471322 2.008134
0.381152 0.084537 -0.053902 -0.008100
0.084537 0.041595 -0.007856 -0.001277
-0.053902 -0.007856 0.575911 0.116291
-0.008100 -0.001277 0.116291 0.047614
31.541891 1.270363 41.979877 2.105138
0.397869 0.088977 -0.054320 -0.007776
0.088977 0.042646 -0.007644 -0.001246
-0.054320 -0.007644 0.586214 0.117591
-0.007776 -0.001246 0.117591 0.047839
32.268001 1.286903 42.544980 2.008366
0.416196 0.093291 -0.045801 -0.005759
0.093291 0.043557 -0.005796 -0.000901
-0.045801 -0.005796 0.560653 0.111783
-0.005759 -0.000901 0.111783 0.046663
32.968945 1.296710 43.156213 1.930306
0.403286 0.090198 -0.024292 -0.001647
0.090198 0.042741 -0.001258 -0.000112
-0.024292 -0.001258 0.534252 0.106558
-0.001647 -0.000112 0.106558 0.045744
33.553209 1.284805 44.479715 2.001714
0.426588 0.095365 -0.023854 -0.001853
0.095365 0.043830 -0.001698 -0.000309
-0.023854 -0.001698 0.533511 0.106804
-0.001853 -0.000309 0.106804 0.045956
34.131653 1.270911 45.537694 2.012824
0.455131 0.101122 -0.026928 -0.002717
0.101122 0.044950 -0.002912 -0.000625
-0.026928 -0.002912 0.519441 0.104318
-0.002717 -0.000625 0.104318 0.045578
34.229427 1.151244 46.295141 1.959626
0.481209 0.105691 -0.043484 -0.006237
0.105691 0.045714 -0.006894 -0.001469
-0.043484 -0.006894 0.506848 0.102257
-0.006237 -0.001469 0.102257 0.045284
35.264614 1.248376 46.770313 1.859392
0.483019 0.104877 -0.009516 0.000721
0.104877 0.045343 0.000308 0.000010
-0.009516 0.000308 0.443667 0.090294
0.000721 0.000010 0.090294 0.043025
35.469875 1.159327 47.932544 1.905823
0.500123 0.107360 -0.022516 -0.002509
0.107360 0.045723 -0.003014 -0.000773
-0.022516 -0.003014 0.442620 0.091730
-0.002509 -0.000773 0.091730 0.043586
