2.487632 1.957169 0.605310 -0.649918
2.467264 0.986927 -0.733755 -0.293508
0.986927 80.398846 -0.293508 -0.117406
-0.733755 -0.293508 4.661674 1.864710
-0.293508 -0.117406 1.864710 80.749967
2.330784 0.106396 2.732800 3.169690
3.642187 6.307920 -1.249165 -1.773720
6.307920 19.227791 -2.080876 -4.810584
-1.249165 -2.080876 1.900651 2.939497
-1.773720 -4.810584 2.939497 18.444187
3.247101 1.010958 3.149085 1.702730
2.148606 2.307602 -1.003109 -1.098207
2.307602 4.525528 -1.005935 -1.705285
-1.003109 -1.005935 2.905704 3.778476
-1.098207 -1.705285 3.778476 7.567771
4.546578 1.685384 4.730339 2.395452
2.058044 1.686028 -0.812943 -0.628007
1.686028 2.168864 -0.617650 -0.734170
-0.812943 -0.617650 2.427268 2.135199
-0.628007 -0.734170 2.135199 2.773391
5.627241 1.856793 7.146142 3.226523
1.927679 1.247337 -0.658676 -0.400379
1.247337 1.188284 -0.404879 -0.377586
-0.658676 -0.404879 1.815461 1.214497
-0.400379 -0.377586 1.214497 1.228174
7.761457 2.490306 7.399201 2.491390
1.665959 0.884160 -0.539844 -0.274575
0.884160 0.684591 -0.277085 -0.216297
-0.539844 -0.277085 1.593120 0.873644
-0.274575 -0.216297 0.873644 0.708677
9.381306 2.657633 7.960855 2.174739
1.471159 0.663612 -0.470900 -0.207236
0.663612 0.435128 -0.208313 -0.138538
-0.470900 -0.208313 1.518706 0.706228
-0.207236 -0.138538 0.706228 0.470587
9.100188 2.022877 8.357747 1.887463
0.930159 0.365367 -0.594380 -0.235279
0.365367 0.236633 -0.232283 -0.122921
-0.594380 -0.232283 1.241308 0.498352
-0.235279 -0.122921 0.498352 0.296275
10.769095 2.246228 7.772359 1.340796
0.878586 0.314753 -0.524741 -0.180763
0.314753 0.180809 -0.178771 -0.083082
-0.524741 -0.178771 1.172900 0.419103
-0.180763 -0.083082 0.419103 0.219721
11.709268 2.194610 9.132966 1.564409
0.791478 0.260847 -0.378276 -0.114186
0.260847 0.138385 -0.112673 -0.049626
-0.378276 -0.112673 1.014335 0.327299
-0.114186 -0.049626 0.327299 0.159639
11.479989 1.779057 9.719664 1.491217
0.691825 0.210474 -0.342949 -0.095090
0.210474 0.106401 -0.093834 -0.037884
-0.342949 -0.093834 0.918617 0.271364
-0.095090 -0.037884 0.271364 0.124087
12.054191 1.696858 11.146577 1.677163
0.653607 0.186881 -0.276115 -0.069585
0.186881 0.089245 -0.068901 -0.026543
-0.276115 -0.068901 0.808409 0.221712
-0.069585 -0.026543 0.221712 0.098175
12.207362 1.509144 12.250916 1.739259
0.631540 0.170318 -0.255244 -0.060023
0.170318 0.077363 -0.060122 -0.021441
-0.255244 -0.060122 0.726751 0.187255
-0.060023 -0.021441 0.187255 0.081253
12.468302 1.385549 13.509780 1.830692
0.617884 0.158403 -0.220363 -0.048025
0.158403 0.069125 -0.048448 -0.016440
-0.220363 -0.048448 0.659226 0.161660
-0.048025 -0.016440 0.161660 0.069709
12.915008 1.328428 14.737483 1.902692
0.632257 0.154825 -0.204540 -0.041765
0.154825 0.064501 -0.042333 -0.013456
-0.204540 -0.042333 0.641640 0.151339
-0.041765 -0.013456 0.151339 0.063756
13.690202 1.350793 15.374183 1.831138
0.598487 0.140635 -0.156794 -0.029318
0.140635 0.058384 -0.029675 -0.009525
-0.156794 -0.029675 0.592323 0.135310
-0.029318 -0.009525 0.135310 0.057598
14.322794 1.342660 16.431568 1.862647
0.578225 0.131412 -0.124615 -0.021609
0.131412 0.054417 -0.021947 -0.007153
-0.124615 -0.021947 0.556781 0.124197
-0.021609 -0.007153 0.124197 0.053453
15.010823 1.341733 16.934243 1.767975
0.570455 0.126116 -0.108460 -0.018006
0.126116 0.051964 -0.018253 -0.005899
-0.108460 -0.018253 0.547989 0.120115
-0.018006 -0.005899 0.120115 0.051435
15.199331 1.239292 18.082935 1.820895
0.588207 0.127149 -0.095620 -0.015080
0.127149 0.051316 -0.015398 -0.004891
-0.095620 -0.015398 0.552921 0.119434
-0.015080 -0.004891 0.119434 0.050473
15.883024 1.253291 19.035643 1.830526
0.570015 0.120682 -0.069745 -0.009865
0.120682 0.049281 -0.010164 -0.003542
-0.069745 -0.010164 0.533691 0.113780
-0.009865 -0.003542 0.113780 0.048652
16.331894 1.214406 19.725067 1.781249
0.560843 0.116946 -0.053024 -0.006886
0.116946 0.048118 -0.007183 -0.002765
-0.053024 -0.007183 0.522813 0.110465
-0.006886 -0.002765 0.110465 0.047562
17.011015 1.234218 21.417011 1.950395
0.540283 0.111357 -0.046484 -0.006248
0.111357 0.046746 -0.006517 -0.002536
-0.046484 -0.006517 0.499852 0.104913
-0.006248 -0.002536 0.104913 0.046137
17.884843 1.287096 22.426396 1.959015
0.534891 0.109605 -0.038636 -0.005116
0.109605 0.046344 -0.005328 -0.002168
-0.038636 -0.005328 0.502160 0.105254
-0.005116 -0.002168 0.105254 0.046115
18.413935 1.264268 23.538836 1.986327
0.524459 0.107122 -0.023569 -0.002459
0.107122 0.045860 -0.002688 -0.001515
-0.023569 -0.002688 0.495090 0.103623
-0.002459 -0.001515 0.103623 0.045697
19.350559 1.325220 24.153501 1.908194
0.500671 0.102162 -0.021352 -0.002653
0.102162 0.044912 -0.002817 -0.001489
-0.021352 -0.002817 0.478082 0.100008
-0.002653 -0.001489 0.100008 0.044898
20.475091 1.419707 25.035690 1.894407
0.486631 0.099703 -0.010129 -0.000751
0.099703 0.044556 -0.000910 -0.001006
-0.010129 -0.000910 0.473994 0.099456
-0.000751 -0.001006 0.099456 0.044815
20.876952 1.356462 26.141711 1.927263
0.490317 0.101066 -0.004508 -0.000042
0.101066 0.044989 -0.000186 -0.000789
-0.004508 -0.000186 0.484335 0.101925
-0.000042 -0.000789 0.101925 0.045358
21.810463 1.409380 27.224008 1.952481
0.501298 0.103755 0.000835 0.000656
0.103755 0.045632 0.000524 -0.000577
0.000835 0.000524 0.503080 0.105879
0.000656 -0.000577 0.105879 0.046155
22.702786 1.448274 27.885220 1.886450
0.499435 0.103487 -0.002858 -0.000519
0.103487 0.045590 -0.000616 -0.000759
-0.002858 -0.000616 0.504593 0.105813
-0.000519 -0.000759 0.105813 0.046040
23.308256 1.423459 29.326574 1.990598
0.482686 0.100134 0.003752 0.000672
0.100134 0.044905 0.000577 -0.000424
0.003752 0.000577 0.509422 0.106481
0.000672 -0.000424 0.106481 0.046106
24.132916 1.446987 30.320225 1.990173
0.472704 0.098483 -0.009059 -0.002229
0.098483 0.044626 -0.002314 -0.000964
-0.009059 -0.002314 0.510588 0.106367
-0.002229 -0.000964 0.106367 0.046022
24.131052 1.294936 31.568721 2.043190
0.453959 0.095071 -0.008358 -0.001975
0.095071 0.043976 -0.002056 -0.000796
-0.008358 -0.002056 0.515465 0.107070
-0.001975 -0.000796 0.107070 0.046128
24.495719 1.235396 32.140850 1.950214
0.444218 0.093776 -0.013330 -0.002906
0.093776 0.043798 -0.002992 -0.000899
-0.013330 -0.002992 0.509072 0.105416
-0.002906 -0.000899 0.105416 0.045751
25.229807 1.260155 32.998163 1.925863
0.447775 0.095303 -0.017120 -0.003494
0.095303 0.044196 -0.003585 -0.000931
-0.017120 -0.003585 0.516359 0.106795
-0.003494 -0.000931 0.106795 0.046047
26.110121 1.313988 34.394018 2.015378
0.453745 0.097079 -0.024628 -0.004795
0.097079 0.044579 -0.004914 -0.001123
-0.024628 -0.004914 0.537730 0.110972
-0.004795 -0.001123 0.110972 0.046898
26.893038 1.341368 35.665454 2.069710
0.438556 0.094064 -0.020527 -0.003626
0.094064 0.043884 -0.003653 -0.000785
-0.020527 -0.003653 0.545388 0.111974
-0.003626 -0.000785 0.111974 0.047034
27.541057 1.335101 35.934863 1.913293
0.454110 0.097879 -0.020672 -0.003423
0.097879 0.044707 -0.003493 -0.000706
-0.020672 -0.003493 0.534858 0.109233
-0.003423 -0.000706 0.109233 0.046415
28.308771 1.354862 36.027327 1.737348
0.405537 0.087412 -0.019151 -0.003055
0.087412 0.042362 -0.003047 -0.000614
-0.019151 -0.003047 0.508993 0.103713
-0.003055 -0.000614 0.103713 0.045306
28.774914 1.308562 36.803544 1.717939
0.407870 0.088874 -0.028670 -0.004884
0.088874 0.042785 -0.004986 -0.000998
-0.028670 -0.004986 0.519570 0.106158
-0.004884 -0.000998 0.106158 0.045915
29.862056 1.402457 37.257577 1.636398
0.404001 0.088679 -0.037596 -0.006464
0.088679 0.042762 -0.006668 -0.001310
-0.037596 -0.006668 0.520338 0.106356
-0.006464 -0.001310 0.106356 0.045999
30.729399 1.439979 38.268643 1.676552
0.397447 0.087785 -0.042564 -0.007145
0.087785 0.042556 -0.007307 -0.001399
-0.042564 -0.007307 0.534764 0.109346
-0.007145 -0.001399 0.109346 0.046646
31.682108 1.491988 39.141648 1.684781
0.419672 0.093247 -0.049888 -0.008165
0.093247 0.043752 -0.008465 -0.001576
-0.049888 -0.008465 0.549352 0.112077
-0.008165 -0.001576 0.112077 0.047178
32.374005 1.483527 40.620416 1.814131
0.432023 0.095859 -0.054856 -0.008716
0.095859 0.044188 -0.008972 -0.001636
-0.054856 -0.008972 0.575607 0.116964
-0.008716 -0.001636 0.116964 0.048114
33.756261 1.628418 41.982236 1.910249
0.358649 0.079412 -0.019516 -0.001662
0.079412 0.040421 -0.000684 -0.000047
-0.019516 -0.000684 0.580273 0.117310
-0.001662 -0.000047 0.117310 0.048113
34.580759 1.632301 43.218710 1.966863
0.385990 0.086773 -0.022014 -0.002295
0.086773 0.042241 -0.001749 -0.000334
-0.022014 -0.001749 0.575981 0.115663
-0.002295 -0.000334 0.115663 0.047692
34.888815 1.516466 43.989021 1.921730
0.418091 0.094240 -0.039147 -0.005790
0.094240 0.043854 -0.006026 -0.001229
-0.039147 -0.006026 0.561405 0.112153
-0.005790 -0.001229 0.112153 0.046951
35.180428 1.411159 44.856937 1.900770
0.435581 0.097639 -0.041436 -0.006068
0.097639 0.044411 -0.006531 -0.001308
-0.041436 -0.006531 0.536557 0.107075
-0.006068 -0.001308 0.107075 0.045993
35.347314 1.292616 46.079546 1.952517
0.446432 0.099235 -0.040423 -0.005716
0.099235 0.044547 -0.006234 -0.001234
-0.040423 -0.006234 0.515769 0.103307
-0.005716 -0.001234 0.103307 0.045376
35.408772 1.160791 46.561635 1.849374
0.458184 0.100944 -0.037676 -0.005061
0.100944 0.044737 -0.005743 -0.001132
-0.037676 -0.005743 0.469442 0.094674
-0.005061 -0.001132 0.094674 0.043799
36.065336 1.178711 47.715623 1.896856
0.486577 0.106199 -0.036500 -0.004701
0.106199 0.045726 -0.005478 -0.001067
-0.036500 -0.005478 0.454091 0.092957
-0.004701 -0.001067 0.092957 0.043703
