1.895868 1.720458 2.375379 0.058125
1.996132 0.798470 -0.233312 -0.093327
0.798470 80.323462 -0.093327 -0.037332
-0.233312 -0.093327 3.923836 1.569568
-0.093327 -0.037332 1.569568 80.631908
4.259333 4.377778 0.582049 -2.889415
3.242677 5.775761 -1.648496 -2.630336
5.775761 17.262286 -2.887220 -5.241381
-1.648496 -2.887220 3.406627 5.532057
-2.630336 -5.241381 5.532057 21.216198
5.520517 3.520425 2.087549 0.482539
2.275163 2.526763 0.227990 0.521776
2.526763 4.468766 0.283407 0.258174
0.227990 0.283407 0.554340 0.678360
0.521776 0.258174 0.678360 3.648955
6.064142 2.432717 3.717917 2.150890
1.415516 1.121363 0.411630 0.444322
1.121363 1.523968 0.273299 0.197057
0.411630 0.273299 0.862101 1.002527
0.444322 0.197057 1.002527 1.893422
7.716058 2.690428 5.231098 2.500905
1.319061 0.872536 0.093467 0.009086
0.872536 0.884289 -0.031534 -0.092772
0.093467 -0.031534 1.256037 1.066247
0.009086 -0.092772 1.066247 1.172849
7.379902 1.789098 6.070663 2.292865
0.587854 0.336548 -0.364833 -0.249114
0.336548 0.361754 -0.257448 -0.176097
-0.364833 -0.257448 1.379789 0.884631
-0.249114 -0.176097 0.884631 0.697480
7.169237 1.227747 7.026091 2.198979
0.631251 0.322804 -0.497860 -0.253192
0.322804 0.266830 -0.257537 -0.131161
-0.497860 -0.257537 1.211559 0.613646
-0.253192 -0.131161 0.613646 0.388373
8.369578 1.475739 7.004707 1.729509
0.738333 0.332932 -0.469595 -0.188251
0.332932 0.216838 -0.190990 -0.076768
-0.469595 -0.190990 1.241994 0.523287
-0.188251 -0.076768 0.523287 0.273344
9.751503 1.735636 7.737709 1.694219
0.816686 0.322856 -0.423066 -0.138984
0.322856 0.175183 -0.141248 -0.046785
-0.423066 -0.141248 1.212222 0.437552
-0.138984 -0.046785 0.437552 0.197812
10.696809 1.757355 8.336698 1.615596
0.748419 0.260219 -0.366407 -0.103612
0.260219 0.127148 -0.105268 -0.030590
-0.366407 -0.105268 1.069951 0.338406
-0.103612 -0.030590 0.338406 0.139589
10.846904 1.525059 9.277309 1.640227
0.732643 0.229062 -0.325537 -0.080430
0.229062 0.102038 -0.082205 -0.021297
-0.325537 -0.082205 0.974483 0.276332
-0.080430 -0.021297 0.276332 0.106727
12.132807 1.674629 9.900818 1.597742
0.693469 0.198751 -0.234767 -0.049476
0.198751 0.083711 -0.049568 -0.011345
-0.234767 -0.049568 0.877334 0.228090
-0.049476 -0.011345 0.228090 0.085244
12.909114 1.665780 11.083354 1.690931
0.669447 0.177264 -0.208683 -0.039990
0.177264 0.071499 -0.040511 -0.008814
-0.208683 -0.040511 0.801147 0.193225
-0.039990 -0.008814 0.193225 0.071164
13.339426 1.578591 12.726707 1.868982
0.620053 0.153962 -0.159738 -0.027137
0.153962 0.061556 -0.027731 -0.005793
-0.159738 -0.027731 0.689666 0.156870
-0.027137 -0.005793 0.156870 0.059522
14.369677 1.635023 13.585375 1.855775
0.600722 0.141509 -0.140577 -0.022205
0.141509 0.056037 -0.022650 -0.004687
-0.140577 -0.022650 0.652749 0.142334
-0.022205 -0.004687 0.142334 0.054561
14.712507 1.535213 15.086092 1.971723
0.591656 0.133570 -0.126242 -0.018739
0.133570 0.052600 -0.019465 -0.004024
-0.126242 -0.019465 0.606404 0.128009
-0.018739 -0.004024 0.128009 0.050471
15.505013 1.545035 16.369230 2.034281
0.586676 0.127976 -0.114087 -0.016032
0.127976 0.050345 -0.016710 -0.003470
-0.114087 -0.016710 0.584856 0.120893
-0.016032 -0.003470 0.120893 0.048501
16.557463 1.601744 17.137569 1.986571
0.564498 0.120005 -0.085192 -0.010343
0.120005 0.048069 -0.010649 -0.002303
-0.085192 -0.010649 0.563008 0.114972
-0.010343 -0.002303 0.114972 0.047118
17.869317 1.714223 18.547881 2.077694
0.543963 0.113683 -0.051902 -0.004228
0.113683 0.046518 -0.004313 -0.001144
-0.051902 -0.004313 0.539945 0.109629
-0.004228 -0.001144 0.109629 0.046047
18.655423 1.698732 19.511210 2.061636
0.533204 0.110160 -0.032124 -0.001214
0.110160 0.045747 -0.001236 -0.000682
-0.032124 -0.001236 0.526149 0.106632
-0.001214 -0.000682 0.106632 0.045540
19.789255 1.754996 20.280264 2.010750
0.519314 0.106450 -0.024227 -0.000757
0.106450 0.045038 -0.000735 -0.000734
-0.024227 -0.000735 0.515034 0.104414
-0.000757 -0.000734 0.104414 0.045217
20.534187 1.727065 21.158141 1.983976
0.520688 0.106429 -0.011002 0.001024
0.106429 0.045186 0.001054 -0.000444
-0.011002 0.001054 0.515792 0.104884
0.001024 -0.000444 0.104884 0.045471
21.101845 1.664378 21.639656 1.878603
0.503367 0.102670 -0.003218 0.001594
0.102670 0.044559 0.001620 -0.000407
-0.003218 0.001620 0.498744 0.101645
0.001594 -0.000407 0.101645 0.044926
21.639371 1.604765 22.787067 1.920399
0.501011 0.102407 0.009220 0.003301
0.102407 0.044702 0.003318 -0.000085
0.009220 0.003318 0.496716 0.101768
0.003301 -0.000085 0.101768 0.045099
20.910089 1.291618 24.292363 2.030855
0.464387 0.095160 0.020192 0.004672
0.095160 0.043384 0.004680 0.000170
0.020192 0.004680 0.465296 0.095765
0.004672 0.000170 0.095765 0.043968
21.127539 1.202801 25.567167 2.085096
0.467915 0.096804 0.033564 0.006632
0.096804 0.043976 0.006624 0.000572
0.033564 0.006624 0.472449 0.098198
0.006632 0.000572 0.098198 0.044642
21.319927 1.116904 26.842855 2.134981
0.472626 0.098485 0.029578 0.004941
0.098485 0.044485 0.004921 0.000213
0.029578 0.004921 0.483593 0.101151
0.004941 0.000213 0.101151 0.045332
21.739059 1.088773 27.623366 2.075275
0.469217 0.098221 0.030481 0.004620
0.098221 0.044508 0.004584 0.000210
0.030481 0.004584 0.485771 0.101843
0.004620 0.000210 0.101843 0.045459
21.824331 0.992097 28.666791 2.078600
0.448628 0.094329 0.025204 0.003237
0.094329 0.043748 0.003148 0.000012
0.025204 0.003148 0.477597 0.100268
0.003237 0.000012 0.100268 0.045095
22.054552 0.937053 29.429187 2.021578
0.454493 0.096266 0.030785 0.004239
0.096266 0.044249 0.004136 0.000324
0.030785 0.004136 0.491839 0.103467
0.004239 0.000324 0.103467 0.045750
22.384564 0.908400 30.273921 1.987364
0.458783 0.097599 0.033740 0.004672
0.097599 0.044550 0.004520 0.000487
0.033740 0.004520 0.511005 0.107363
0.004672 0.000487 0.107363 0.046491
23.080216 0.957239 31.768960 2.091064
0.455253 0.097091 0.031018 0.003980
0.097091 0.044421 0.003736 0.000405
0.031018 0.003736 0.527869 0.110418
0.003980 0.000405 0.110418 0.047005
23.607458 0.967303 32.878162 2.104047
0.433906 0.092791 0.022528 0.002305
0.092791 0.043488 0.001892 0.000131
0.022528 0.001892 0.536970 0.111622
0.002305 0.000131 0.111622 0.047115
24.934678 1.148711 33.997242 2.113631
0.430976 0.092744 0.021685 0.002298
0.092744 0.043524 0.001920 0.000240
0.021685 0.001920 0.542004 0.111897
0.002298 0.000240 0.111897 0.047045
26.215497 1.303870 34.593552 2.015791
0.422590 0.091468 0.011003 0.000300
0.091468 0.043274 -0.000172 -0.000101
0.011003 -0.000172 0.544375 0.111737
0.000300 -0.000101 0.111737 0.046935
27.134270 1.361876 35.628437 2.020285
0.436396 0.095034 0.001234 -0.001414
0.095034 0.044073 -0.001950 -0.000380
0.001234 -0.001950 0.564250 0.115247
-0.001414 -0.000380 0.115247 0.047610
27.959761 1.391392 37.319425 2.157962
0.446781 0.097374 0.001232 -0.000980
0.097374 0.044506 -0.001452 -0.000183
0.001232 -0.001452 0.588952 0.119436
-0.000980 -0.000183 0.119436 0.048376
28.493438 1.355863 38.532582 2.185238
0.453331 0.098616 -0.002892 -0.001451
0.098616 0.044664 -0.001923 -0.000217
-0.002892 -0.001923 0.606814 0.121953
-0.001451 -0.000217 0.121953 0.048771
28.631181 1.239437 39.116821 2.084646
0.449839 0.097543 -0.002554 -0.001017
0.097543 0.044318 -0.001407 -0.000065
-0.002554 -0.001407 0.615693 0.122567
-0.001017 -0.000065 0.122567 0.048789
29.014533 1.188456 39.951393 2.043768
0.444322 0.096159 -0.001683 -0.000573
0.096159 0.043952 -0.000887 0.000058
-0.001683 -0.000887 0.632518 0.124849
-0.000573 0.000058 0.124849 0.049178
29.731126 1.215116 40.542832 1.959523
0.456072 0.098658 -0.001299 -0.000316
0.098658 0.044468 -0.000556 0.000120
-0.001299 -0.000556 0.625190 0.122336
-0.000316 0.000120 0.122336 0.048630
30.999270 1.357494 42.160613 2.083758
0.469578 0.101286 0.005862 0.001204
0.101286 0.044969 0.001158 0.000439
0.005862 0.001158 0.629001 0.122392
0.001204 0.000439 0.122392 0.048666
32.128183 1.454082 43.333029 2.109071
0.475936 0.102141 0.021081 0.004114
0.102141 0.045058 0.004396 0.001022
0.021081 0.004396 0.622054 0.120488
0.004114 0.001022 0.120488 0.048342
31.993499 1.271012 43.108087 1.862263
0.460552 0.098321 0.037330 0.006964
0.098321 0.044162 0.007523 0.001543
0.037330 0.007523 0.606513 0.117197
0.006964 0.001543 0.117197 0.047792
31.911237 1.119755 42.940152 1.650824
0.447879 0.095507 0.049764 0.008872
0.095507 0.043580 0.009558 0.001831
0.049764 0.009558 0.601725 0.116340
0.008872 0.001831 0.116340 0.047759
32.066373 1.037380 42.382572 1.383879
0.429071 0.091685 0.050423 0.008433
0.091685 0.042835 0.009061 0.001642
0.050423 0.009061 0.562450 0.108922
0.008433 0.001642 0.108922 0.046451
32.711235 1.062896 43.460888 1.458881
0.443408 0.095328 0.050250 0.007828
0.095328 0.043742 0.008333 0.001424
0.050250 0.008333 0.576798 0.112589
0.007828 0.001424 0.112589 0.047388
33.589942 1.136542 44.445876 1.507201
0.461128 0.099304 0.047305 0.006788
0.099304 0.044618 0.007284 0.001182
0.047305 0.007284 0.566874 0.111116
0.006788 0.001182 0.111116 0.047207
34.835745 1.276445 46.262416 1.713060
0.501760 0.107754 0.051687 0.007215
0.107754 0.046365 0.007850 0.001267
0.051687 0.007850 0.582063 0.114631
0.007215 0.001267 0.114631 0.047994
36.037577 1.392347 47.840671 1.852249
0.520593 0.110684 0.055932 0.007774
0.110684 0.046778 0.008745 0.001455
0.055932 0.008745 0.535664 0.105596
0.007774 0.001455 0.105596 0.046214
