0.926778 1.332814 0.337268 -0.757137
1.061329 0.424541 0.835828 0.334339
0.424541 80.173887 0.334339 0.133738
0.835828 0.334339 3.089993 1.236024
0.334339 0.133738 1.236024 80.498487
5.354979 8.421679 0.034686 -0.915431
2.964847 5.727152 -1.772966 -3.241491
5.727152 14.872164 -3.500972 -3.843220
-1.772966 -3.500972 2.056703 3.632887
-3.241491 -3.843220 3.632887 16.412589
5.370954 3.863483 0.941365 -0.127927
1.193970 1.476346 0.765264 1.356015
1.476346 2.583667 1.002532 1.944560
0.765264 1.002532 0.853282 1.366062
1.356015 1.944560 1.366062 3.750813
6.388167 3.035065 1.833131 1.045426
1.292934 1.093459 0.599959 0.519559
1.093459 1.199650 0.484699 0.475684
0.599959 0.484699 0.848106 0.877158
0.519559 0.475684 0.877158 1.324948
7.455327 2.730060 2.812917 1.445687
1.330408 0.848053 0.321782 0.149710
0.848053 0.675915 0.175293 0.107546
0.321782 0.175293 1.019745 0.786645
0.149710 0.107546 0.786645 0.777757
7.382652 1.983790 4.459498 2.062153
0.978162 0.495082 0.184292 0.067595
0.495082 0.330920 0.076757 0.046592
0.184292 0.076757 1.095914 0.648607
0.067595 0.046592 0.648607 0.472227
8.574870 2.068324 5.609087 2.114092
0.671189 0.286619 -0.043585 -0.037070
0.286619 0.176876 -0.027392 -0.005408
-0.043585 -0.027392 1.146093 0.550070
-0.037070 -0.005408 0.550070 0.319406
8.462998 1.638647 5.920195 1.826010
0.590665 0.221819 -0.186776 -0.079940
0.221819 0.123916 -0.070836 -0.020324
-0.186776 -0.070836 1.148629 0.460960
-0.079940 -0.020324 0.460960 0.224771
9.658265 1.759977 5.750126 1.453027
0.538349 0.181493 -0.228388 -0.077471
0.181493 0.093812 -0.071101 -0.017173
-0.228388 -0.071101 1.103156 0.380296
-0.077471 -0.017173 0.380296 0.162719
9.842875 1.563297 8.434007 2.044193
0.503798 0.155713 -0.194348 -0.054140
0.155713 0.075965 -0.050795 -0.009114
-0.194348 -0.050795 0.933481 0.283370
-0.054140 -0.009114 0.283370 0.113161
11.245306 1.750602 9.874362 2.169449
0.531955 0.153021 -0.175593 -0.040568
0.153021 0.068937 -0.039184 -0.005272
-0.175593 -0.039184 0.866295 0.237272
-0.040568 -0.005272 0.237272 0.089651
12.034401 1.723619 10.738733 2.111813
0.563685 0.151575 -0.163672 -0.032049
0.151575 0.063929 -0.031975 -0.003400
-0.163672 -0.031975 0.824510 0.207322
-0.032049 -0.003400 0.207322 0.075467
12.817402 1.708591 12.120742 2.187913
0.573737 0.145052 -0.144877 -0.024270
0.145052 0.058858 -0.025159 -0.002080
-0.144877 -0.025159 0.753872 0.176584
-0.024270 -0.002080 0.176584 0.064067
12.895646 1.509530 12.567754 2.028803
0.575119 0.137616 -0.139048 -0.021125
0.137616 0.054647 -0.022657 -0.001955
-0.139048 -0.022657 0.696395 0.154102
-0.021125 -0.001955 0.154102 0.056604
14.150107 1.619603 13.209777 1.957261
0.554091 0.126944 -0.107568 -0.013509
0.126944 0.050680 -0.014487 -0.000669
-0.107568 -0.014487 0.655256 0.139368
-0.013509 -0.000669 0.139368 0.052208
14.683528 1.553338 13.903369 1.893126
0.560314 0.123964 -0.096504 -0.010807
0.123964 0.049106 -0.011819 -0.000535
-0.096504 -0.011819 0.636111 0.131228
-0.010807 -0.000535 0.131228 0.049846
15.963540 1.664358 14.968500 1.925203
0.543184 0.116921 -0.070362 -0.005823
0.116921 0.047056 -0.006485 0.000092
-0.070362 -0.006485 0.604272 0.122114
-0.005823 0.000092 0.122114 0.047733
16.512432 1.607158 16.152516 1.965621
0.535439 0.112935 -0.054959 -0.003404
0.112935 0.045981 -0.004091 0.000153
-0.054959 -0.004091 0.571165 0.113893
-0.003404 0.000153 0.113893 0.046074
17.318955 1.611752 17.472116 2.032787
0.522825 0.108669 -0.042047 -0.001756
0.108669 0.045048 -0.002387 0.000116
-0.042047 -0.002387 0.540962 0.107291
-0.001756 0.000116 0.107291 0.044937
18.161579 1.622899 18.834344 2.102104
0.523316 0.107668 -0.045024 -0.003205
0.107668 0.044913 -0.003858 -0.000461
-0.045024 -0.003858 0.529886 0.105091
-0.003205 -0.000461 0.105091 0.044756
18.381199 1.501883 19.927286 2.104682
0.514016 0.105286 -0.016508 0.001732
0.105286 0.044610 0.001243 0.000349
-0.016508 0.001243 0.507818 0.101307
0.001732 0.000349 0.101307 0.044329
18.488412 1.373403 21.409601 2.186160
0.505265 0.103336 0.008448 0.005632
0.103336 0.044424 0.005232 0.000917
0.008448 0.005232 0.486673 0.097959
0.005632 0.000917 0.097959 0.043975
19.160225 1.370043 22.435369 2.172404
0.501529 0.102492 -0.000581 0.002489
0.102492 0.044440 0.002154 0.000072
-0.000581 0.002154 0.482498 0.098047
0.002489 0.000072 0.098047 0.044252
19.348175 1.267678 23.310999 2.127471
0.490903 0.100404 -0.015424 -0.001437
0.100404 0.044198 -0.001706 -0.000816
-0.015424 -0.001706 0.469130 0.096158
-0.001437 -0.000816 0.096158 0.044056
20.032296 1.277190 24.043227 2.058932
0.488957 0.100427 0.002711 0.001955
0.100427 0.044417 0.001711 -0.000090
0.002711 0.001711 0.469437 0.097266
0.001955 -0.000090 0.097266 0.044474
20.991885 1.343346 25.058194 2.056420
0.476110 0.098154 0.001053 0.000985
0.098154 0.044111 0.000806 -0.000311
0.001053 0.000806 0.464427 0.096982
0.000985 -0.000311 0.096982 0.044509
21.844483 1.381011 26.406499 2.123867
0.475135 0.098533 0.007916 0.002018
0.098533 0.044358 0.001859 -0.000074
0.007916 0.001859 0.473530 0.099583
0.002018 -0.000074 0.099583 0.045114
22.383272 1.349399 27.444091 2.118755
0.477175 0.099456 0.000217 -0.000031
0.099456 0.044668 -0.000143 -0.000485
0.000217 -0.000143 0.482309 0.101765
-0.000031 -0.000485 0.101765 0.045551
22.382182 1.208256 28.173113 2.049333
0.466033 0.097482 0.000988 -0.000010
0.097482 0.044321 -0.000104 -0.000414
0.000988 -0.000104 0.478020 0.100910
-0.000010 -0.000414 0.100910 0.045299
23.268253 1.267950 28.690231 1.941895
0.457157 0.096117 -0.002895 -0.000923
0.096117 0.044113 -0.000996 -0.000542
-0.002895 -0.000996 0.471832 0.099701
-0.000923 -0.000542 0.099701 0.044994
24.079572 1.305441 29.677732 1.945289
0.426822 0.090263 -0.005224 -0.001370
0.090263 0.042947 -0.001439 -0.000560
-0.005224 -0.001439 0.459713 0.097311
-0.001370 -0.000560 0.097311 0.044462
24.831568 1.326650 30.701648 1.956142
0.432759 0.092567 -0.011485 -0.002613
0.092567 0.043580 -0.002682 -0.000757
-0.011485 -0.002682 0.473903 0.100684
-0.002613 -0.000757 0.100684 0.045190
24.817273 1.180668 31.607308 1.940699
0.431064 0.092863 -0.013642 -0.002857
0.092863 0.043680 -0.002918 -0.000728
-0.013642 -0.002918 0.484920 0.102996
-0.002857 -0.000728 0.102996 0.045617
25.055138 1.104412 32.763465 1.979855
0.432736 0.093747 -0.005208 -0.000845
0.093747 0.043871 -0.000846 -0.000225
-0.005208 -0.000846 0.501513 0.106251
-0.000845 -0.000225 0.106251 0.046210
25.939352 1.176532 33.652103 1.958712
0.437298 0.095062 -0.016005 -0.003105
0.095062 0.044114 -0.003174 -0.000706
-0.016005 -0.003174 0.511578 0.107806
-0.003105 -0.000706 0.107806 0.046404
26.184146 1.101646 34.529051 1.936884
0.442191 0.096252 -0.014705 -0.002601
0.096252 0.044300 -0.002639 -0.000544
-0.014705 -0.002639 0.522494 0.109447
-0.002601 -0.000544 0.109447 0.046626
26.619316 1.075831 35.028982 1.839217
0.415203 0.090328 -0.020269 -0.003644
0.090328 0.042918 -0.003702 -0.000749
-0.020269 -0.003702 0.513708 0.106886
-0.003644 -0.000749 0.106886 0.045980
28.584891 1.390293 36.996944 2.059353
0.340031 0.074319 -0.053741 -0.010496
0.074319 0.039431 -0.010753 -0.002207
-0.053741 -0.010753 0.529833 0.109777
-0.010496 -0.002207 0.109777 0.046540
29.217985 1.375713 37.880831 2.028982
0.360260 0.080855 -0.051705 -0.009145
0.080855 0.041194 -0.009368 -0.001755
-0.051705 -0.009368 0.536937 0.110662
-0.009145 -0.001755 0.110662 0.046670
30.150220 1.434033 39.348607 2.123562
0.374609 0.085137 -0.053228 -0.008787
0.085137 0.042195 -0.008951 -0.001590
-0.053228 -0.008951 0.559765 0.114755
-0.008787 -0.001590 0.114755 0.047465
30.523251 1.357623 40.776553 2.195968
0.385346 0.087976 -0.053447 -0.008311
0.087976 0.042732 -0.008417 -0.001450
-0.053447 -0.008417 0.574987 0.116979
-0.008311 -0.001450 0.116979 0.047829
30.827918 1.267256 41.240153 2.064789
0.373555 0.085291 -0.046660 -0.006708
0.085291 0.041951 -0.006640 -0.001129
-0.046660 -0.006640 0.559035 0.112839
-0.006708 -0.001129 0.112839 0.046913
31.280580 1.227632 42.533346 2.116021
0.384645 0.088051 -0.042109 -0.005593
0.088051 0.042492 -0.005458 -0.000924
-0.042109 -0.005458 0.563983 0.113424
-0.005593 -0.000924 0.113424 0.047061
32.951274 1.464968 42.915070 1.987921
0.318953 0.073283 0.022160 0.006802
0.073283 0.039057 0.008855 0.001771
0.022160 0.008855 0.515170 0.103675
0.006802 0.001771 0.103675 0.045218
33.874700 1.505893 43.037273 1.812496
0.329410 0.077031 0.032966 0.007920
0.077031 0.040082 0.009708 0.001699
0.032966 0.009708 0.481334 0.097388
0.007920 0.001699 0.097388 0.044127
34.609683 1.501713 43.996317 1.823286
0.365997 0.086306 0.022259 0.004674
0.086306 0.042244 0.005747 0.000711
0.022259 0.005747 0.484536 0.099093
0.004674 0.000711 0.099093 0.044707
35.166989 1.455921 45.497059 1.945041
0.407020 0.095494 0.002520 -0.000070
0.095494 0.044155 0.000268 -0.000473
0.002520 0.000268 0.501372 0.103381
-0.000070 -0.000473 0.103381 0.045731
35.728530 1.417312 46.620927 1.976603
0.444037 0.102668 -0.013242 -0.003450
0.102668 0.045423 -0.003499 -0.001177
-0.013242 -0.003499 0.492815 0.101925
-0.003450 -0.001177 0.101925 0.045449
36.206715 1.365028 47.687877 1.993136
0.488846 0.110850 -0.037301 -0.008186
0.110850 0.046847 -0.008642 -0.002108
-0.037301 -0.008642 0.488465 0.101416
-0.008186 -0.002108 0.101416 0.045371
36.773286 1.339211 48.545288 1.964061
0.523404 0.115929 -0.049072 -0.009887
0.115929 0.047505 -0.010451 -0.002278
-0.049072 -0.010451 0.461701 0.096186
-0.009887 -0.002278 0.096186 0.044292
