3.430067 2.334151 1.340227 -0.355945
2.258803 0.903541 -0.590689 -0.236281
0.903541 80.365491 -0.236281 -0.094514
-0.590689 -0.236281 4.317258 1.726940
-0.236281 -0.094514 1.726940 80.694858
4.011051 1.339665 2.065810 1.068171
3.382378 5.947612 -0.739724 -1.030742
5.947612 18.177723 -1.238651 -3.264989
-0.739724 -1.238651 1.495176 2.367298
-1.030742 -3.264989 2.367298 16.880492
3.617615 0.189403 3.162248 1.757065
3.052737 3.307515 -0.773384 -0.832865
3.307515 5.467997 -0.827747 -1.328353
-0.773384 -0.827747 1.905676 2.538302
-0.832865 -1.328353 2.538302 5.759542
4.757505 1.006501 3.729022 1.507931
3.259258 2.550424 -0.370409 -0.214695
2.550424 2.743472 -0.279726 -0.336617
-0.370409 -0.279726 2.551433 2.368726
-0.214695 -0.336617 2.368726 2.966229
5.727563 1.289376 4.216872 1.333239
2.458746 1.487120 -0.749807 -0.475341
1.487120 1.278215 -0.463051 -0.382807
-0.749807 -0.463051 2.434127 1.649816
-0.475341 -0.382807 1.649816 1.466506
5.809551 1.009054 6.086536 1.975684
1.933069 0.964086 -0.540455 -0.272352
0.964086 0.703011 -0.269029 -0.186497
-0.540455 -0.269029 1.853100 0.992742
-0.272352 -0.186497 0.992742 0.725900
7.869987 1.678853 8.301752 2.538419
1.495142 0.640509 -0.481843 -0.206910
0.640509 0.418162 -0.204066 -0.119792
-0.481843 -0.204066 1.403533 0.628462
-0.206910 -0.119792 0.628462 0.404100
8.023584 1.414685 8.945609 2.288860
1.324841 0.502882 -0.471209 -0.176220
0.502882 0.290934 -0.174220 -0.086845
-0.471209 -0.174220 1.217611 0.474312
-0.176220 -0.086845 0.474312 0.269551
9.245368 1.585964 9.263697 2.003727
1.123776 0.384126 -0.382218 -0.125383
0.384126 0.205213 -0.124159 -0.056110
-0.382218 -0.124159 1.056096 0.366431
-0.125383 -0.056110 0.366431 0.189967
9.856916 1.520775 9.315691 1.700902
0.946948 0.295698 -0.386924 -0.115561
0.295698 0.149830 -0.114460 -0.045597
-0.386924 -0.114460 0.921494 0.289482
-0.115561 -0.045597 0.289482 0.140297
10.741045 1.554361 9.909657 1.626818
0.880708 0.256215 -0.312728 -0.083324
0.256215 0.121344 -0.082245 -0.030562
-0.312728 -0.082245 0.880370 0.255365
-0.083324 -0.030562 0.255365 0.114859
11.238088 1.487995 11.649275 1.876917
0.792545 0.216592 -0.218647 -0.051915
0.216592 0.098812 -0.051283 -0.018934
-0.218647 -0.051283 0.765820 0.206918
-0.051915 -0.018934 0.206918 0.091072
12.064632 1.500936 11.814436 1.678741
0.749499 0.193621 -0.203469 -0.045562
0.193621 0.084746 -0.044883 -0.015518
-0.203469 -0.044883 0.743041 0.189300
-0.045562 -0.015518 0.189300 0.079648
12.836974 1.507749 12.782376 1.710315
0.717415 0.176739 -0.158501 -0.032494
0.176739 0.074919 -0.031853 -0.010966
-0.158501 -0.031853 0.708566 0.171598
-0.032494 -0.010966 0.171598 0.070480
12.838773 1.323781 13.119332 1.583492
0.671191 0.157898 -0.187326 -0.038454
0.157898 0.066216 -0.038213 -0.011622
-0.187326 -0.038213 0.657663 0.152004
-0.038454 -0.011622 0.152004 0.062389
13.363818 1.290638 13.750476 1.546042
0.632370 0.143535 -0.186538 -0.036630
0.143535 0.060087 -0.036526 -0.010352
-0.186538 -0.036526 0.616272 0.137530
-0.036630 -0.010352 0.137530 0.056861
14.563886 1.421070 15.044413 1.666526
0.580187 0.128595 -0.129553 -0.022727
0.128595 0.054942 -0.022495 -0.006581
-0.129553 -0.022495 0.565439 0.123407
-0.022727 -0.006581 0.123407 0.052392
15.770151 1.532233 16.058765 1.710872
0.555494 0.120998 -0.107857 -0.017750
0.120998 0.052046 -0.017466 -0.005146
-0.107857 -0.017466 0.546183 0.117429
-0.017750 -0.005146 0.117429 0.050223
16.570112 1.541654 17.102805 1.751641
0.527442 0.113509 -0.082758 -0.012505
0.113509 0.049590 -0.012271 -0.003825
-0.082758 -0.012271 0.515483 0.109690
-0.012505 -0.003825 0.109690 0.047990
16.803554 1.429971 18.355823 1.827018
0.524735 0.112219 -0.056682 -0.007215
0.112219 0.048786 -0.007104 -0.002570
-0.056682 -0.007104 0.500311 0.106056
-0.007215 -0.002570 0.106056 0.046905
17.636022 1.458377 19.658955 1.910650
0.532809 0.113086 -0.052432 -0.006874
0.113086 0.048521 -0.006783 -0.002427
-0.052432 -0.006783 0.507371 0.107266
-0.006874 -0.002427 0.107266 0.046932
18.119485 1.405795 20.520597 1.889161
0.540943 0.113843 -0.051936 -0.007226
0.113843 0.048300 -0.007156 -0.002421
-0.051936 -0.007156 0.514139 0.108242
-0.007226 -0.002421 0.108242 0.046923
18.731610 1.385240 21.225674 1.838278
0.520110 0.108600 -0.036357 -0.004432
0.108600 0.046914 -0.004386 -0.001774
-0.036357 -0.004386 0.494638 0.103705
-0.004432 -0.001774 0.103705 0.045802
19.720769 1.449820 22.659092 1.947755
0.505074 0.105150 -0.016209 -0.000778
0.105150 0.046071 -0.000744 -0.000970
-0.016209 -0.000744 0.484965 0.101700
-0.000778 -0.000970 0.101700 0.045336
20.133071 1.384296 23.517537 1.922330
0.503598 0.104746 -0.020035 -0.002304
0.104746 0.045928 -0.002264 -0.001280
-0.020035 -0.002264 0.484694 0.101723
-0.002304 -0.001280 0.101723 0.045314
20.805710 1.380955 24.716588 1.972261
0.514256 0.106959 -0.007069 0.000018
0.106959 0.046360 0.000040 -0.000726
-0.007069 0.000040 0.500556 0.105164
0.000018 -0.000726 0.105164 0.046022
21.500338 1.382116 25.860165 2.005265
0.499436 0.103619 -0.011106 -0.001406
0.103619 0.045595 -0.001363 -0.000995
-0.011106 -0.001363 0.494492 0.103610
-0.001406 -0.000995 0.103610 0.045610
22.290010 1.402793 27.017267 2.037724
0.479355 0.099518 -0.018570 -0.003292
0.099518 0.044748 -0.003231 -0.001317
-0.018570 -0.003231 0.485862 0.101687
-0.003292 -0.001317 0.101687 0.045170
23.440090 1.495894 27.633888 1.953978
0.471327 0.098307 -0.007468 -0.001012
0.098307 0.044571 -0.000971 -0.000735
-0.007468 -0.000971 0.479498 0.100449
-0.001012 -0.000735 0.100449 0.044920
23.616243 1.376558 29.289874 2.096060
0.436610 0.091533 -0.004607 -0.000640
0.091533 0.043218 -0.000588 -0.000600
-0.004607 -0.000588 0.472293 0.099123
-0.000640 -0.000600 0.099123 0.044666
24.071460 1.326867 29.732391 1.968532
0.430972 0.091396 -0.021541 -0.004382
0.091396 0.043339 -0.004368 -0.001340
-0.021541 -0.004368 0.466239 0.098125
-0.004382 -0.001340 0.098125 0.044491
24.875805 1.357081 30.736319 1.972815
0.440616 0.094391 -0.021988 -0.004238
0.094391 0.044070 -0.004221 -0.001186
-0.021988 -0.004221 0.481128 0.101606
-0.004238 -0.001186 0.101606 0.045264
25.088689 1.257332 32.096676 2.051122
0.415274 0.089420 -0.026548 -0.005022
0.089420 0.042983 -0.004986 -0.001262
-0.026548 -0.004986 0.485097 0.102394
-0.005022 -0.001262 0.102394 0.045388
25.161384 1.136569 33.211210 2.068738
0.414270 0.090060 -0.031832 -0.005856
0.090060 0.043174 -0.005830 -0.001353
-0.031832 -0.005830 0.499166 0.105226
-0.005856 -0.001353 0.105226 0.045934
25.879986 1.168815 34.008087 2.019240
0.427353 0.093584 -0.031974 -0.005513
0.093584 0.043943 -0.005499 -0.001196
-0.031974 -0.005499 0.509276 0.106964
-0.005513 -0.001196 0.106964 0.046212
26.388298 1.152294 35.073174 2.030589
0.428164 0.093941 -0.032242 -0.005303
0.093941 0.043924 -0.005253 -0.001096
-0.032242 -0.005253 0.522103 0.109137
-0.005303 -0.001096 0.109137 0.046573
26.911262 1.138311 35.501313 1.908252
0.432103 0.094914 -0.023513 -0.003263
0.094914 0.044045 -0.003154 -0.000629
-0.023513 -0.003154 0.516971 0.107449
-0.003263 -0.000629 0.107449 0.046127
27.228574 1.082857 36.422081 1.900408
0.447852 0.098294 -0.024350 -0.003389
0.098294 0.044675 -0.003315 -0.000671
-0.024350 -0.003315 0.531375 0.110016
-0.003389 -0.000671 0.110016 0.046622
27.819055 1.092597 37.108170 1.846152
0.450534 0.098437 -0.027414 -0.004018
0.098437 0.044546 -0.003992 -0.000826
-0.027414 -0.003992 0.535598 0.110287
-0.004018 -0.000826 0.110287 0.046615
28.492678 1.122850 38.699731 1.983739
0.379262 0.082473 -0.033984 -0.005580
0.082473 0.040943 -0.005308 -0.001156
-0.033984 -0.005308 0.554846 0.113686
-0.005580 -0.001156 0.113686 0.047271
29.271876 1.169321 39.304690 1.905783
0.386692 0.085285 -0.034263 -0.005398
0.085285 0.041768 -0.005232 -0.001101
-0.034263 -0.005232 0.550922 0.112132
-0.005398 -0.001101 0.112132 0.046886
29.689008 1.132312 40.328502 1.919431
0.387363 0.086172 -0.033485 -0.005079
0.086172 0.042037 -0.004903 -0.001016
-0.033485 -0.004903 0.557477 0.112968
-0.005079 -0.001016 0.112968 0.047049
30.834945 1.261008 41.016659 1.867242
0.363987 0.081499 -0.023780 -0.003123
0.081499 0.041009 -0.002678 -0.000588
-0.023780 -0.002678 0.553699 0.111763
-0.003123 -0.000588 0.111763 0.046811
31.414744 1.249099 41.859089 1.848646
0.384333 0.086988 -0.024346 -0.003230
0.086988 0.042323 -0.002993 -0.000664
-0.024346 -0.002993 0.550351 0.110792
-0.003230 -0.000664 0.110792 0.046648
32.802721 1.419382 42.082432 1.710740
0.315902 0.071810 0.017856 0.004901
0.071810 0.038830 0.006333 0.001124
0.017856 0.006333 0.520281 0.104776
0.004901 0.001124 0.104776 0.045527
33.960812 1.524116 43.198104 1.764110
0.346284 0.080489 0.019233 0.004464
0.080489 0.041042 0.005595 0.000842
0.019233 0.005595 0.521685 0.105499
0.004464 0.000842 0.105499 0.045817
34.579736 1.490687 44.138948 1.776064
0.374172 0.087464 0.011634 0.002291
0.087464 0.042582 0.002958 0.000224
0.011634 0.002958 0.513940 0.104274
0.002291 0.000224 0.104274 0.045667
34.761449 1.359302 45.534792 1.880144
0.393687 0.091623 -0.000512 -0.000532
0.091623 0.043306 -0.000333 -0.000450
-0.000512 -0.000333 0.514862 0.104905
-0.000532 -0.000450 0.104905 0.045892
35.513148 1.375695 46.926125 1.972295
0.429481 0.099059 -0.006046 -0.001703
0.099059 0.044739 -0.001643 -0.000654
-0.006046 -0.001643 0.499308 0.102056
-0.001703 -0.000654 0.102056 0.045365
36.606429 1.467930 47.386999 1.864055
0.457004 0.103790 0.012319 0.002184
0.103790 0.045448 0.002676 0.000315
0.012319 0.002676 0.415198 0.085305
0.002184 0.000315 0.085305 0.042003
