0.135804 1.016417 3.201420 0.388549
2.831548 1.132644 -0.878982 -0.351600
1.132644 80.457134 -0.351600 -0.140643
-0.878982 -0.351600 4.421542 1.768655
-0.351600 -0.140643 1.768655 80.711544
4.820538 7.799268 -2.700645 -9.092053
1.796141 3.002070 -1.345034 -2.033429
3.002070 14.325086 -2.037472 -5.282520
-1.345034 -2.037472 4.168488 6.583195
-2.033429 -5.282520 6.583195 23.713699
5.967199 4.788790 -1.188637 -2.472007
1.961799 2.499574 0.540064 0.753688
2.499574 5.108103 0.693928 0.201491
0.540064 0.693928 0.228472 0.297370
0.753688 0.201491 0.297370 3.682855
6.670699 2.090123 1.006488 3.754715
1.651022 1.393674 0.569393 0.570376
1.393674 1.742610 0.416040 0.436541
0.569393 0.416040 0.400348 0.542792
0.570376 0.436541 0.542792 1.045927
7.750812 2.138552 2.734201 3.603019
1.436213 0.958030 0.338771 0.182322
0.958030 0.906754 0.125369 0.072347
0.338771 0.125369 0.714194 0.670192
0.182322 0.072347 0.670192 0.723002
7.038351 1.159154 4.436341 3.621876
0.551741 0.297204 0.109193 0.047138
0.297204 0.307721 -0.018255 0.004718
0.109193 -0.018255 1.015597 0.680804
0.047138 0.004718 0.680804 0.498388
7.941174 1.340125 5.747708 3.360879
0.585427 0.293856 -0.108709 -0.064830
0.293856 0.238086 -0.101628 -0.036735
-0.108709 -0.101628 1.125362 0.578272
-0.064830 -0.036735 0.578272 0.324326
8.993316 1.512182 7.147179 3.244282
0.693124 0.306133 -0.176288 -0.072976
0.306133 0.195471 -0.097675 -0.027503
-0.176288 -0.097675 1.147239 0.476635
-0.072976 -0.027503 0.476635 0.219196
9.406426 1.384438 7.858279 2.922021
0.796796 0.307954 -0.225031 -0.073278
0.307954 0.162957 -0.092167 -0.021439
-0.225031 -0.092167 1.151177 0.402482
-0.073278 -0.021439 0.402482 0.159352
10.027261 1.360658 9.556617 2.993748
0.786534 0.268092 -0.241248 -0.065693
0.268092 0.126134 -0.079877 -0.015654
-0.241248 -0.079877 0.992375 0.300503
-0.065693 -0.015654 0.300503 0.108701
10.739259 1.371822 11.233535 3.043210
0.812000 0.248497 -0.226394 -0.051887
0.248497 0.105468 -0.062544 -0.009812
-0.226394 -0.062544 0.928134 0.250263
-0.051887 -0.009812 0.250263 0.085112
11.855876 1.487973 12.301467 2.936254
0.743565 0.206840 -0.197488 -0.039300
0.206840 0.083810 -0.046979 -0.005980
-0.197488 -0.046979 0.790094 0.193484
-0.039300 -0.005980 0.193484 0.065380
12.913252 1.552110 12.433597 2.632380
0.687584 0.176562 -0.195989 -0.035615
0.176562 0.069788 -0.041679 -0.005093
-0.195989 -0.041679 0.715828 0.162424
-0.035615 -0.005093 0.162424 0.055476
13.300970 1.455729 13.674883 2.610126
0.677201 0.163166 -0.190802 -0.031414
0.163166 0.062757 -0.036474 -0.004151
-0.190802 -0.036474 0.675725 0.144729
-0.031414 -0.004151 0.144729 0.050380
13.802773 1.409577 15.366953 2.687643
0.654246 0.150214 -0.134022 -0.017517
0.150214 0.057435 -0.020709 -0.001147
-0.134022 -0.020709 0.623475 0.128608
-0.017517 -0.001147 0.128608 0.046711
14.593450 1.429023 16.727471 2.692425
0.629429 0.138580 -0.109359 -0.012164
0.138580 0.053269 -0.014451 -0.000424
-0.109359 -0.014451 0.587158 0.117859
-0.012164 -0.000424 0.117859 0.044604
15.147310 1.399344 18.374071 2.750002
0.608680 0.129590 -0.096943 -0.009906
0.129590 0.050368 -0.011841 -0.000434
-0.096943 -0.011841 0.549846 0.108464
-0.009906 -0.000434 0.108464 0.043052
15.521821 1.327555 19.526739 2.700991
0.576749 0.120008 -0.068378 -0.004899
0.120008 0.047897 -0.006326 0.000162
-0.068378 -0.006326 0.507147 0.099617
-0.004899 0.000162 0.099617 0.041855
16.083241 1.284173 19.350743 2.396003
0.542012 0.110892 -0.062791 -0.004929
0.110892 0.045821 -0.006069 -0.000281
-0.062791 -0.006069 0.471907 0.092969
-0.004929 -0.000281 0.092969 0.041121
16.812385 1.298899 20.320640 2.351296
0.525839 0.106954 -0.044647 -0.002116
0.106954 0.045119 -0.002893 0.000019
-0.044647 -0.002893 0.462021 0.092269
-0.002116 0.000019 0.092269 0.041636
17.760454 1.360943 21.596763 2.375187
0.505477 0.102616 -0.032170 -0.000675
0.102616 0.044403 -0.001190 0.000036
-0.032170 -0.001190 0.450965 0.091304
-0.000675 0.000036 0.091304 0.041970
18.543906 1.373879 21.984063 2.211475
0.499582 0.101645 -0.026820 -0.000558
0.101645 0.044424 -0.000920 -0.000154
-0.026820 -0.000920 0.451199 0.092610
-0.000558 -0.000154 0.092610 0.042663
18.874524 1.301294 23.125741 2.215982
0.495121 0.100985 -0.034889 -0.003132
0.100985 0.044470 -0.003361 -0.000847
-0.034889 -0.003361 0.450773 0.093473
-0.003132 -0.000847 0.093473 0.043125
19.294556 1.257991 24.783048 2.329560
0.488355 0.100136 -0.017179 0.000005
0.100136 0.044500 -0.000190 -0.000273
-0.017179 -0.000190 0.453424 0.095031
0.000005 -0.000273 0.095031 0.043690
20.112689 1.296743 25.904623 2.321548
0.485496 0.100078 -0.006687 0.001445
0.100078 0.044652 0.001297 -0.000068
-0.006687 0.001297 0.460975 0.097319
0.001445 -0.000068 0.097319 0.044305
20.086625 1.157593 27.193388 2.345801
0.482776 0.100010 0.005374 0.003193
0.100010 0.044762 0.003057 0.000211
0.005374 0.003057 0.467890 0.099174
0.003193 0.000211 0.099174 0.044746
20.758032 1.176875 28.374911 2.347862
0.490706 0.102091 0.014477 0.004297
0.102091 0.045283 0.004173 0.000372
0.014477 0.004173 0.485631 0.103072
0.004297 0.000372 0.103072 0.045564
21.430520 1.194060 29.100645 2.253078
0.491310 0.102396 0.027602 0.006250
0.102396 0.045369 0.006111 0.000723
0.027602 0.006111 0.490904 0.103915
0.006250 0.000723 0.103915 0.045658
21.586765 1.102668 29.632540 2.127991
0.483145 0.100799 0.036572 0.007274
0.100799 0.045040 0.007137 0.000887
0.036572 0.007137 0.488407 0.103038
0.007274 0.000887 0.103038 0.045391
22.734844 1.226483 31.106501 2.212816
0.473045 0.098973 0.020183 0.003019
0.098973 0.044694 0.002865 -0.000040
0.020183 0.002865 0.503058 0.105943
0.003019 -0.000040 0.105943 0.045970
23.517038 1.262593 32.026401 2.173156
0.469884 0.098719 0.008208 0.000233
0.098719 0.044691 0.000074 -0.000546
0.008208 0.000074 0.509456 0.106845
0.000233 -0.000546 0.106845 0.046084
24.199526 1.275229 32.514499 2.048052
0.462358 0.097486 0.002492 -0.000880
0.097486 0.044458 -0.001027 -0.000644
0.002492 -0.001027 0.504584 0.105338
-0.000880 -0.000644 0.105338 0.045700
25.104672 1.331971 33.499925 2.039319
0.470555 0.099649 -0.009602 -0.003225
0.099649 0.044951 -0.003403 -0.001016
-0.009602 -0.003403 0.519091 0.108092
-0.003225 -0.001016 0.108092 0.046261
25.812785 1.341960 33.915242 1.914013
0.472039 0.100090 -0.011342 -0.003165
0.100090 0.045013 -0.003308 -0.000850
-0.011342 -0.003308 0.516221 0.106992
-0.003165 -0.000850 0.106992 0.045980
26.314435 1.306419 34.470587 1.831183
0.455020 0.096531 -0.015066 -0.003529
0.096531 0.044219 -0.003677 -0.000814
-0.015066 -0.003677 0.513631 0.106132
-0.003529 -0.000814 0.106132 0.045794
27.235913 1.363544 35.382107 1.830322
0.471142 0.100326 -0.020968 -0.004361
0.100326 0.045053 -0.004520 -0.000902
-0.020968 -0.004520 0.529248 0.109163
-0.004361 -0.000902 0.109163 0.046439
28.098711 1.401990 36.183385 1.807063
0.456825 0.097208 -0.034499 -0.006732
0.097208 0.044328 -0.006944 -0.001329
-0.034499 -0.006944 0.535633 0.110035
-0.006732 -0.001329 0.110035 0.046589
28.785571 1.399154 37.179230 1.825935
0.453070 0.096619 -0.041881 -0.007666
0.096619 0.044204 -0.007867 -0.001430
-0.041881 -0.007867 0.548281 0.112170
-0.007666 -0.001430 0.112170 0.047000
29.707430 1.448307 38.589186 1.927940
0.412599 0.088175 -0.047821 -0.008415
0.088175 0.042398 -0.008452 -0.001506
-0.047821 -0.008452 0.565593 0.115115
-0.008415 -0.001506 0.115115 0.047556
30.008607 1.357272 39.688780 1.953511
0.392902 0.084905 -0.048340 -0.008024
0.084905 0.041831 -0.007938 -0.001365
-0.048340 -0.007938 0.573266 0.115921
-0.008024 -0.001365 0.115921 0.047654
30.969914 1.414798 39.825315 1.785825
0.364411 0.079885 -0.034558 -0.004942
0.079885 0.040880 -0.004596 -0.000705
-0.034558 -0.004596 0.549123 0.110422
-0.004942 -0.000705 0.110422 0.046516
31.415276 1.353793 40.309710 1.702079
0.366774 0.081892 -0.031772 -0.004253
0.081892 0.041481 -0.003974 -0.000624
-0.031772 -0.003974 0.541222 0.108738
-0.004253 -0.000624 0.108738 0.046251
32.062121 1.349490 41.588217 1.788002
0.379466 0.085773 -0.033814 -0.004585
0.085773 0.042378 -0.004386 -0.000750
-0.033814 -0.004386 0.558743 0.112341
-0.004585 -0.000750 0.112341 0.047067
32.819685 1.368600 42.525379 1.797161
0.388178 0.088218 -0.028346 -0.003435
0.088218 0.042834 -0.003195 -0.000552
-0.028346 -0.003195 0.556375 0.111676
-0.003435 -0.000552 0.111676 0.046960
33.330744 1.328399 43.291397 1.769593
0.399299 0.090832 -0.023758 -0.002581
0.090832 0.043272 -0.002403 -0.000447
-0.023758 -0.002403 0.542506 0.108801
-0.002581 -0.000447 0.108801 0.046423
34.176122 1.370735 44.411840 1.817883
0.424675 0.096340 -0.019132 -0.001732
0.096340 0.044331 -0.001643 -0.000336
-0.019132 -0.001643 0.533388 0.107167
-0.001732 -0.000336 0.107167 0.046181
34.455904 1.279293 45.284513 1.808805
0.444925 0.100019 -0.026033 -0.003316
0.100019 0.044881 -0.003561 -0.000775
-0.026033 -0.003561 0.518156 0.104388
-0.003316 -0.000775 0.104388 0.045705
34.763491 1.203466 45.723085 1.712985
0.462257 0.102736 -0.026601 -0.003474
0.102736 0.045215 -0.003891 -0.000850
-0.026601 -0.003891 0.485223 0.098262
-0.003474 -0.000850 0.098262 0.044578
35.402579 1.211402 46.511872 1.699265
0.486004 0.106681 -0.026120 -0.003372
0.106681 0.045841 -0.003867 -0.000839
-0.026120 -0.003867 0.467107 0.095604
-0.003372 -0.000839 0.095604 0.044212
36.142774 1.240480 47.346450 1.696681
0.512060 0.110833 -0.024774 -0.003088
0.110833 0.046507 -0.003663 -0.000790
-0.024774 -0.003663 0.444439 0.092074
-0.003088 -0.000790 0.092074 0.043639
