0.872489 1.311097 0.184554 -0.818224
1.951273 0.780526 -0.036452 -0.014581
0.780526 80.316284 -0.014581 -0.005833
-0.036452 -0.014581 4.005742 1.602332
-0.014581 -0.005833 1.602332 80.645013
6.276235 9.835569 0.697510 0.696074
2.886101 5.174294 -1.839080 -2.983511
5.174294 16.121928 -3.295990 -5.446261
-1.839080 -3.295990 1.565254 2.541126
-2.983511 -5.446261 2.541126 16.563576
7.538884 5.605181 1.738902 0.475033
1.635498 1.954629 0.019441 0.623389
1.954629 3.853445 0.307782 0.532127
0.019441 0.307782 1.519880 2.424969
0.623389 0.532127 2.424969 5.499635
9.254496 4.687530 2.844194 1.242940
1.607486 1.369317 0.083659 0.184108
1.369317 1.714342 0.086536 -0.099911
0.083659 0.086536 1.709558 1.655852
0.184108 -0.099911 1.655852 2.060768
8.005328 2.333602 3.423393 1.213868
0.309957 0.195785 0.315804 0.218668
0.195785 0.384461 0.168510 -0.008440
0.315804 0.168510 1.648697 1.141659
0.218668 -0.008440 1.141659 0.995321
9.027880 2.116308 5.890072 2.269758
0.373587 0.249754 0.182188 0.058984
0.249754 0.299592 0.041972 -0.060803
0.182188 0.041972 1.363641 0.741205
0.058984 -0.060803 0.741205 0.515521
9.995448 2.057328 7.130996 2.327478
0.533297 0.313030 0.030251 -0.040296
0.313030 0.255941 -0.048288 -0.079284
0.030251 -0.048288 1.265895 0.576173
-0.040296 -0.079284 0.576173 0.333481
9.377413 1.288634 7.522881 2.151182
0.501350 0.251485 -0.234815 -0.127257
0.251485 0.170931 -0.151522 -0.089761
-0.234815 -0.151522 1.018203 0.409374
-0.127257 -0.089761 0.409374 0.213024
10.708642 1.584624 8.065890 1.938685
0.605461 0.256417 -0.263345 -0.118044
0.256417 0.140655 -0.131379 -0.063919
-0.263345 -0.131379 1.028637 0.358529
-0.118044 -0.063919 0.358529 0.162084
11.539195 1.601617 8.778160 1.860446
0.651013 0.237742 -0.278470 -0.104434
0.237742 0.112542 -0.112517 -0.045782
-0.278470 -0.112517 0.979590 0.302418
-0.104434 -0.045782 0.302418 0.124156
11.027515 1.182361 9.768332 1.903773
0.600877 0.193711 -0.308662 -0.096388
0.193711 0.084934 -0.103947 -0.035128
-0.308662 -0.103947 0.864494 0.241682
-0.096388 -0.035128 0.241682 0.094747
10.877539 0.966826 9.730006 1.660632
0.573773 0.166901 -0.334926 -0.090572
0.166901 0.069420 -0.097446 -0.028324
-0.334926 -0.097446 0.754062 0.194246
-0.090572 -0.028324 0.194246 0.075197
11.585284 1.033281 11.354142 1.852198
0.579242 0.155277 -0.283252 -0.067991
0.155277 0.061778 -0.072016 -0.018802
-0.283252 -0.072016 0.698346 0.168262
-0.067991 -0.018802 0.168262 0.064581
12.153724 1.043742 12.034607 1.795724
0.581012 0.145264 -0.263854 -0.056844
0.145264 0.056266 -0.059893 -0.014126
-0.263854 -0.059893 0.661828 0.151258
-0.056844 -0.014126 0.151258 0.058033
13.012779 1.121092 12.634900 1.733186
0.579090 0.136991 -0.222639 -0.042786
0.136991 0.052471 -0.044609 -0.009581
-0.222639 -0.044609 0.646065 0.142023
-0.042786 -0.009581 0.142023 0.054441
13.387249 1.093084 14.446664 1.936035
0.553482 0.125430 -0.162427 -0.027078
0.125430 0.048774 -0.028431 -0.005602
-0.162427 -0.028431 0.574592 0.122581
-0.027078 -0.005602 0.122581 0.049324
14.019106 1.119290 15.859089 2.032261
0.537212 0.117798 -0.121511 -0.017379
0.117798 0.046564 -0.018428 -0.003399
-0.121511 -0.018428 0.535625 0.112403
-0.017379 -0.003399 0.112403 0.046819
14.502251 1.102521 16.862569 2.028387
0.546031 0.116470 -0.117048 -0.016088
0.116470 0.046009 -0.017091 -0.003166
-0.117048 -0.017091 0.531927 0.110377
-0.016088 -0.003166 0.110377 0.046236
15.282012 1.149679 17.796362 2.015111
0.540604 0.112928 -0.099358 -0.012409
0.112928 0.045208 -0.013197 -0.002451
-0.099358 -0.013197 0.524088 0.108061
-0.012409 -0.002451 0.108061 0.045737
15.681836 1.123545 19.535862 2.164651
0.541237 0.111437 -0.080849 -0.008827
0.111437 0.045003 -0.009656 -0.001834
-0.080849 -0.009656 0.510429 0.104890
-0.008827 -0.001834 0.104890 0.045136
16.863694 1.242341 19.955582 2.035758
0.522889 0.106536 -0.060916 -0.005523
0.106536 0.044180 -0.006086 -0.001293
-0.060916 -0.006086 0.502184 0.103241
-0.005523 -0.001293 0.103241 0.044916
18.193532 1.381360 20.490435 1.944281
0.507547 0.103068 -0.034096 -0.000953
0.103068 0.043777 -0.001349 -0.000501
-0.034096 -0.001349 0.498504 0.102798
-0.000953 -0.000501 0.102798 0.044979
18.963400 1.396469 21.353069 1.922392
0.506701 0.102955 -0.013555 0.002179
0.102955 0.044077 0.001799 -0.000026
-0.013555 0.001799 0.499100 0.103182
0.002179 -0.000026 0.103182 0.045177
19.244582 1.313257 22.553227 1.968797
0.499828 0.101610 -0.007131 0.002195
0.101610 0.044068 0.001846 -0.000195
-0.007131 0.001846 0.488846 0.101146
0.002195 -0.000195 0.101146 0.044821
19.633475 1.262492 24.355245 2.137067
0.491877 0.100262 0.001151 0.002781
0.100262 0.044051 0.002484 -0.000169
0.001151 0.002484 0.483281 0.100285
0.002781 -0.000169 0.100285 0.044737
19.885389 1.183377 24.884593 2.023623
0.494284 0.101170 0.003213 0.002239
0.101170 0.044472 0.001981 -0.000328
0.003213 0.001981 0.482163 0.100379
0.002239 -0.000328 0.100379 0.044838
20.919261 1.274144 25.865222 2.017828
0.493102 0.101266 0.003949 0.001622
0.101266 0.044668 0.001420 -0.000448
0.003949 0.001420 0.488682 0.102024
0.001622 -0.000448 0.102024 0.045240
21.553409 1.273533 26.823359 2.007216
0.475667 0.098008 0.015318 0.003419
0.098008 0.044138 0.003229 -0.000036
0.015318 0.003229 0.479676 0.100246
0.003419 -0.000036 0.100246 0.044881
21.781620 1.188955 27.690547 1.978982
0.468481 0.097144 0.011524 0.002012
0.097144 0.044124 0.001862 -0.000298
0.011524 0.001862 0.478841 0.100324
0.002012 -0.000298 0.100324 0.044934
22.233481 1.158800 28.887049 2.022686
0.457931 0.095591 0.008450 0.001022
0.095591 0.043934 0.000881 -0.000432
0.008450 0.000881 0.482167 0.101235
0.001022 -0.000432 0.101235 0.045147
22.985943 1.195202 29.899016 2.022466
0.460536 0.096879 -0.003841 -0.001742
0.096879 0.044327 -0.001875 -0.000921
-0.003841 -0.001875 0.492610 0.103543
-0.001742 -0.000921 0.103543 0.045630
23.576357 1.193551 30.983062 2.037760
0.452336 0.095625 0.005682 0.000422
0.095625 0.044107 0.000305 -0.000325
0.005682 0.000305 0.498443 0.104600
0.000422 -0.000325 0.104600 0.045797
24.090324 1.176589 31.649800 1.964169
0.433895 0.092247 0.003508 -0.000033
0.092247 0.043435 -0.000152 -0.000339
0.003508 -0.000152 0.490676 0.102739
-0.000033 -0.000339 0.102739 0.045351
24.486568 1.135484 32.590913 1.955915
0.435507 0.093385 -0.008195 -0.002444
0.093385 0.043758 -0.002616 -0.000783
-0.008195 -0.002616 0.501663 0.105018
-0.002444 -0.000783 0.105018 0.045824
24.848930 1.091539 33.241939 1.887855
0.443765 0.095708 -0.010486 -0.002646
0.095708 0.044271 -0.002798 -0.000718
-0.010486 -0.002798 0.508768 0.106254
-0.002646 -0.000718 0.106254 0.046036
25.833798 1.186570 33.896959 1.827537
0.435004 0.094032 -0.017181 -0.003749
0.094032 0.043855 -0.003927 -0.000868
-0.017181 -0.003927 0.508602 0.105887
-0.003749 -0.000868 0.105887 0.045908
26.659430 1.237168 35.326130 1.934684
0.427308 0.092675 -0.023525 -0.004706
0.092675 0.043533 -0.004896 -0.000990
-0.023525 -0.004896 0.528398 0.109738
-0.004706 -0.000990 0.109738 0.046681
27.475854 1.281052 36.908557 2.062051
0.437118 0.095179 -0.029220 -0.005459
0.095179 0.044064 -0.005653 -0.001071
-0.029220 -0.005653 0.555743 0.114804
-0.005459 -0.001071 0.114804 0.047645
27.842272 1.219555 37.121266 1.893741
0.427939 0.093237 -0.026406 -0.004477
0.093237 0.043569 -0.004613 -0.000803
-0.026406 -0.004613 0.538161 0.110237
-0.004477 -0.000803 0.110237 0.046574
28.275367 1.182628 38.687305 2.019679
0.434537 0.094872 -0.029554 -0.004825
0.094872 0.043893 -0.004929 -0.000845
-0.029554 -0.004929 0.563461 0.114972
-0.004825 -0.000845 0.114972 0.047531
29.006417 1.212767 39.573314 1.995022
0.429669 0.093791 -0.032465 -0.005172
0.093791 0.043588 -0.005279 -0.000910
-0.032465 -0.005279 0.565228 0.114539
-0.005172 -0.000910 0.114539 0.047369
30.210454 1.344878 40.944520 2.072676
0.400939 0.087592 -0.029252 -0.004385
0.087592 0.042197 -0.004256 -0.000723
-0.029252 -0.004256 0.579050 0.116713
-0.004385 -0.000723 0.116713 0.047782
31.279613 1.433780 42.351250 2.148552
0.384877 0.084742 -0.018705 -0.002193
0.084742 0.041655 -0.001798 -0.000259
-0.018705 -0.001798 0.583449 0.116916
-0.002193 -0.000259 0.116916 0.047792
32.739730 1.595231 42.389637 1.944777
0.343190 0.076432 0.019602 0.005208
0.076432 0.039925 0.006366 0.001280
0.019602 0.006366 0.530703 0.105913
0.005208 0.001280 0.105913 0.045611
33.227087 1.524377 43.120389 1.895858
0.362100 0.082204 0.011677 0.002926
0.082204 0.041415 0.003590 0.000570
0.011677 0.003590 0.520175 0.104246
0.002926 0.000570 0.104246 0.045453
33.996625 1.526288 44.410925 1.964908
0.395350 0.090484 0.002713 0.000697
0.090484 0.043283 0.000969 -0.000021
0.002713 0.000969 0.522805 0.105364
0.000697 -0.000021 0.105364 0.045845
34.981003 1.576556 44.581248 1.800530
0.414437 0.094530 0.012218 0.002448
0.094530 0.043985 0.002899 0.000373
0.012218 0.002899 0.473792 0.095889
0.002448 0.000373 0.095889 0.044035
35.672021 1.554623 45.329806 1.769501
0.441486 0.099922 0.002655 0.000172
0.099922 0.044946 0.000357 -0.000171
0.002655 0.000357 0.462489 0.094841
0.000172 -0.000171 0.094841 0.044051
35.790902 1.407394 46.251605 1.777803
0.464140 0.103781 -0.021398 -0.004873
0.103781 0.045508 -0.005090 -0.001266
-0.021398 -0.005090 0.468134 0.097241
-0.004873 -0.001266 0.097241 0.044720
36.562435 1.422216 46.668394 1.678923
0.504401 0.111181 -0.035050 -0.007267
0.111181 0.046848 -0.007600 -0.001662
-0.035050 -0.007600 0.451408 0.094549
-0.007267 -0.001662 0.094549 0.044210
