1.608675 1.605578 3.823820 0.637514
1.482932 0.593186 0.293046 0.117221
0.593186 80.241346 0.117221 0.046889
0.293046 0.117221 3.088303 1.235348
0.117221 0.046889 1.235348 80.498217
2.731989 2.202634 3.859028 0.147911
2.445248 4.525039 -1.016106 -1.788217
4.525039 13.720509 -1.954392 -2.568081
-1.016106 -1.954392 3.269939 5.576492
-1.788217 -2.568081 5.576492 19.604611
6.810288 5.364648 0.974410 -2.957257
2.570343 2.791198 -1.328542 -1.280542
2.791198 4.266317 -1.309753 -1.157918
-1.328542 -1.309753 3.354160 3.709202
-1.280542 -1.157918 3.709202 6.442156
6.659131 3.258678 2.173395 -0.983835
1.387550 1.114133 0.463009 0.502589
1.114133 1.377608 0.409869 0.417639
0.463009 0.409869 0.970381 0.843214
0.502589 0.417639 0.843214 1.609342
8.128760 3.121020 3.858988 0.661081
1.107611 0.702304 0.381701 0.264294
0.702304 0.684091 0.229449 0.147541
0.381701 0.229449 0.903097 0.672724
0.264294 0.147541 0.672724 0.887734
8.487791 2.483469 3.901139 0.529515
0.771897 0.409616 0.184666 0.084135
0.409616 0.354186 0.066117 0.024039
0.184666 0.066117 1.090930 0.687729
0.084135 0.024039 0.687729 0.629483
9.719795 2.473713 4.384039 0.643923
0.787104 0.366775 0.059306 0.004468
0.366775 0.257589 -0.000175 -0.009455
0.059306 -0.000175 1.170140 0.609937
0.004468 -0.009455 0.609937 0.431642
9.152353 1.729939 5.153300 0.878868
0.473651 0.193385 0.003847 -0.008486
0.193385 0.138840 -0.016415 -0.007987
0.003847 -0.016415 1.169802 0.513007
-0.008486 -0.007987 0.513007 0.299094
10.254320 1.814975 6.026881 1.039905
0.538226 0.202922 -0.063492 -0.030468
0.202922 0.120990 -0.034420 -0.012538
-0.063492 -0.034420 1.129472 0.427162
-0.030468 -0.012538 0.427162 0.214975
12.102984 2.130748 8.085084 1.546561
0.571763 0.196099 -0.081069 -0.029767
0.196099 0.102477 -0.031909 -0.009282
-0.081069 -0.031909 0.988090 0.328830
-0.029767 -0.009282 0.328830 0.151113
12.925535 2.054343 9.530178 1.747711
0.617024 0.193219 -0.113120 -0.034028
0.193219 0.090144 -0.035953 -0.009088
-0.113120 -0.035953 0.927233 0.277565
-0.034028 -0.009088 0.277565 0.117779
13.709169 1.985351 10.900130 1.882828
0.607491 0.174674 -0.099959 -0.025470
0.174674 0.076499 -0.026899 -0.005567
-0.099959 -0.026899 0.829351 0.226848
-0.025470 -0.005567 0.226848 0.092456
14.021061 1.801025 11.356579 1.755720
0.600803 0.160401 -0.119968 -0.027386
0.160401 0.067102 -0.028882 -0.005647
-0.119968 -0.028882 0.783635 0.198953
-0.027386 -0.005647 0.198953 0.078264
14.680490 1.744354 12.917912 1.917871
0.612260 0.153562 -0.113744 -0.022836
0.153562 0.061656 -0.024297 -0.004172
-0.113744 -0.024297 0.732925 0.174932
-0.022836 -0.004172 0.174932 0.067873
14.511875 1.491791 13.312865 1.780186
0.580226 0.137581 -0.133505 -0.025535
0.137581 0.055176 -0.027056 -0.004736
-0.133505 -0.027056 0.670615 0.152010
-0.025535 -0.004736 0.152010 0.059598
15.217461 1.482972 14.250493 1.790248
0.537510 0.122240 -0.113679 -0.019490
0.122240 0.050124 -0.020679 -0.003266
-0.113679 -0.020679 0.602767 0.131704
-0.019490 -0.003266 0.131704 0.053363
16.033712 1.500188 15.199377 1.802706
0.525523 0.116097 -0.100622 -0.015529
0.116097 0.047950 -0.016514 -0.002397
-0.100622 -0.016514 0.575831 0.122889
-0.015529 -0.002397 0.122889 0.050512
16.333069 1.406761 16.541243 1.890471
0.506445 0.109695 -0.067052 -0.007923
0.109695 0.046152 -0.008776 -0.000896
-0.067052 -0.008776 0.529774 0.111447
-0.007923 -0.000896 0.111447 0.047578
17.055527 1.407239 17.149261 1.819806
0.499838 0.106708 -0.055123 -0.005598
0.106708 0.045320 -0.006265 -0.000601
-0.055123 -0.006265 0.519091 0.108468
-0.005598 -0.000601 0.108468 0.046721
17.096957 1.267765 18.166335 1.834827
0.497039 0.104965 -0.052899 -0.005514
0.104965 0.044879 -0.006209 -0.000813
-0.052899 -0.006209 0.499583 0.103880
-0.005514 -0.000813 0.103880 0.045620
17.424647 1.207905 19.573090 1.933875
0.492772 0.103346 -0.043980 -0.004051
0.103346 0.044568 -0.004722 -0.000681
-0.043980 -0.004722 0.481472 0.100138
-0.004051 -0.000681 0.100138 0.044830
18.597545 1.328589 20.714394 1.975807
0.479562 0.100051 -0.047518 -0.005395
0.100051 0.043940 -0.005903 -0.001112
-0.047518 -0.005903 0.470816 0.098170
-0.005395 -0.001112 0.098170 0.044451
18.679913 1.207283 21.763349 1.983440
0.470056 0.098162 -0.027795 -0.001638
0.098162 0.043720 -0.002118 -0.000424
-0.027795 -0.002118 0.454243 0.095311
-0.001638 -0.000424 0.095311 0.043950
19.094381 1.170471 23.162278 2.068199
0.478250 0.100153 -0.012922 0.000940
0.100153 0.044313 0.000513 0.000016
-0.012922 0.000513 0.461912 0.097696
0.000940 0.000016 0.097696 0.044559
18.910151 1.012640 24.832839 2.198751
0.474384 0.099441 0.004425 0.003784
0.099441 0.044274 0.003391 0.000481
0.004425 0.003391 0.457500 0.097186
0.003784 0.000481 0.097186 0.044471
19.779025 1.088360 25.830670 2.178536
0.485745 0.101971 0.017481 0.005627
0.101971 0.044904 0.005283 0.000751
0.017481 0.005283 0.475009 0.101274
0.005627 0.000751 0.101274 0.045344
20.326981 1.088095 26.153613 2.015441
0.488103 0.102354 0.025545 0.006317
0.102354 0.045016 0.006009 0.000784
0.025545 0.006009 0.474650 0.101068
0.006317 0.000784 0.101068 0.045210
20.828953 1.079331 27.057730 1.993414
0.478497 0.100220 0.020722 0.004346
0.100220 0.044594 0.004113 0.000300
0.020722 0.004113 0.473620 0.100720
0.004346 0.000300 0.100720 0.045063
21.362279 1.078205 27.933628 1.967749
0.469847 0.098541 0.004663 0.000337
0.098541 0.044309 0.000181 -0.000532
0.004663 0.000181 0.474142 0.100754
0.000337 -0.000532 0.100754 0.045022
22.160742 1.132477 29.064361 1.998503
0.472649 0.099403 -0.000296 -0.000834
0.099403 0.044570 -0.000973 -0.000684
-0.000296 -0.000973 0.488873 0.103783
-0.000834 -0.000684 0.103783 0.045622
23.227068 1.237926 30.000512 1.984398
0.461656 0.097263 -0.010156 -0.002849
0.097263 0.044165 -0.002973 -0.000995
-0.010156 -0.002973 0.491078 0.103875
-0.002849 -0.000995 0.103875 0.045555
23.654284 1.197177 31.189672 2.026094
0.453398 0.095870 -0.016971 -0.004006
0.095870 0.043938 -0.004129 -0.001111
-0.016971 -0.004129 0.501078 0.105631
-0.004006 -0.001111 0.105631 0.045862
25.077431 1.372245 32.452165 2.078309
0.435217 0.092447 -0.035279 -0.007472
0.092447 0.043280 -0.007622 -0.001723
-0.035279 -0.007622 0.507373 0.106476
-0.007472 -0.001723 0.106476 0.045965
25.755561 1.369963 33.032327 1.982383
0.440403 0.094251 -0.039789 -0.007738
0.094251 0.043766 -0.007886 -0.001626
-0.039789 -0.007886 0.509485 0.106415
-0.007738 -0.001626 0.106415 0.045890
26.255693 1.329784 33.870818 1.950093
0.444565 0.095594 -0.031656 -0.005414
0.095594 0.044085 -0.005468 -0.001011
-0.031656 -0.005468 0.516773 0.107534
-0.005414 -0.001011 0.107534 0.046092
26.534084 1.246456 34.864446 1.952667
0.438603 0.094554 -0.022982 -0.003314
0.094554 0.043844 -0.003239 -0.000524
-0.022982 -0.003239 0.524841 0.108773
-0.003314 -0.000524 0.108773 0.046319
26.923839 1.192348 34.790617 1.735080
0.434639 0.093915 -0.036460 -0.006033
0.093915 0.043683 -0.006140 -0.001151
-0.036460 -0.006140 0.511032 0.105367
-0.006033 -0.001151 0.105367 0.045569
27.110662 1.104989 36.020545 1.808140
0.403241 0.087391 -0.032094 -0.004956
0.087391 0.042263 -0.004827 -0.000883
-0.032094 -0.004827 0.520630 0.107256
-0.004956 -0.000883 0.107256 0.046008
27.607307 1.095016 37.427301 1.911345
0.394158 0.086226 -0.036091 -0.005652
0.086226 0.042101 -0.005465 -0.001030
-0.036091 -0.005465 0.541996 0.111385
-0.005652 -0.001030 0.111385 0.046865
28.215861 1.110228 38.726902 1.982069
0.406929 0.089877 -0.036350 -0.005444
0.089877 0.042977 -0.005273 -0.000977
-0.036350 -0.005273 0.559893 0.114467
-0.005444 -0.000977 0.114467 0.047445
29.152738 1.195306 39.771717 1.994961
0.403100 0.089337 -0.038985 -0.005866
0.089337 0.042807 -0.005712 -0.001086
-0.038985 -0.005712 0.568923 0.115513
-0.005866 -0.001086 0.115513 0.047579
29.766607 1.201813 41.301616 2.102635
0.407484 0.090623 -0.036676 -0.005231
0.090623 0.043051 -0.005003 -0.000947
-0.036676 -0.005003 0.583822 0.117778
-0.005231 -0.000947 0.117778 0.047983
30.667954 1.267377 42.084200 2.050331
0.425463 0.094763 -0.029936 -0.003728
0.094763 0.043904 -0.003579 -0.000666
-0.029936 -0.003579 0.567443 0.113680
-0.003728 -0.000666 0.113680 0.047108
31.636675 1.343846 43.498787 2.129906
0.447213 0.099255 -0.024543 -0.002645
0.099255 0.044753 -0.002521 -0.000483
-0.024543 -0.002521 0.566582 0.113185
-0.002645 -0.000483 0.113185 0.047056
31.998979 1.277378 44.943058 2.204188
0.473976 0.104310 -0.034752 -0.004769
0.104310 0.045649 -0.005017 -0.001018
-0.034752 -0.005017 0.563894 0.112374
-0.004769 -0.001018 0.112374 0.046940
32.349171 1.212759 45.661727 2.126422
0.487470 0.106037 -0.036557 -0.005077
0.106037 0.045780 -0.005515 -0.001117
-0.036557 -0.005515 0.532503 0.106018
-0.005077 -0.001117 0.106018 0.045745
33.127761 1.247037 46.115911 2.005170
0.492561 0.105980 -0.021163 -0.001956
0.105980 0.045587 -0.002302 -0.000473
-0.021163 -0.002302 0.489028 0.097904
-0.001956 -0.000473 0.097904 0.044301
33.770087 1.249142 46.654000 1.911017
0.482759 0.102904 -0.003241 0.001364
0.102904 0.044820 0.001153 0.000162
-0.003241 0.001153 0.449899 0.091258
0.001364 0.000162 0.091258 0.043221
34.608868 1.293092 47.124954 1.811568
0.495665 0.105042 0.002229 0.001993
0.105042 0.045261 0.001734 0.000199
0.002229 0.001734 0.423378 0.087479
0.001993 0.000199 0.087479 0.042718
35.053247 1.250387 47.949535 1.794040
0.524992 0.110477 -0.016986 -0.002538
0.110477 0.046370 -0.002790 -0.000813
-0.016986 -0.002790 0.426420 0.089898
-0.002538 -0.000813 0.089898 0.043451
