2.266839 1.868850 1.321203 -0.363555
1.518708 0.607496 0.249918 0.099969
0.607496 80.247070 0.099969 0.039989
0.249918 0.099969 3.548651 1.419491
0.099969 0.039989 1.419491 80.571875
5.980967 7.021014 -1.106037 -4.153508
2.907601 5.363813 -1.168907 -2.004370
5.363813 15.362191 -2.204365 -3.059388
-1.168907 -2.204365 2.699483 4.509466
-2.004370 -3.059388 4.509466 18.831859
5.775380 3.119550 -0.206901 -0.974489
2.109063 2.341347 0.494013 0.828364
2.341347 3.881252 0.593011 0.978372
0.494013 0.593011 0.881673 1.117756
0.828364 0.978372 1.117756 3.870783
4.987297 1.194997 1.530464 1.442133
1.798162 1.418766 0.560924 0.521020
1.418766 1.620169 0.434831 0.406221
0.560924 0.434831 0.492666 0.495250
0.521020 0.406221 0.495250 1.224982
8.108104 2.688392 3.922016 2.771578
1.382721 0.865580 0.226495 0.079769
0.865580 0.792000 0.107872 0.038816
0.226495 0.107872 0.531744 0.478876
0.079769 0.038816 0.478876 0.698820
8.177168 2.027795 5.201025 2.766529
1.015230 0.528090 0.028336 -0.036515
0.528090 0.419481 -0.017002 -0.023276
0.028336 -0.017002 0.842166 0.600698
-0.036515 -0.023276 0.600698 0.547754
7.744453 1.392664 5.796389 2.370090
0.901581 0.406684 -0.150037 -0.108194
0.406684 0.276442 -0.085483 -0.045542
-0.150037 -0.085483 1.077193 0.601114
-0.108194 -0.045542 0.601114 0.402186
7.786122 1.132943 7.167006 2.460606
0.970038 0.384658 -0.221878 -0.110229
0.384658 0.217471 -0.091719 -0.036373
-0.221878 -0.091719 1.150564 0.520142
-0.110229 -0.036373 0.520142 0.279469
8.841883 1.307431 8.982848 2.681905
0.933159 0.327534 -0.206959 -0.080159
0.327534 0.163834 -0.068596 -0.020407
-0.206959 -0.068596 1.066934 0.405166
-0.080159 -0.020407 0.405166 0.187271
10.734132 1.691457 9.214731 2.320109
0.828940 0.261239 -0.210957 -0.066958
0.261239 0.121585 -0.059163 -0.014400
-0.210957 -0.059163 0.976761 0.321393
-0.066958 -0.014400 0.321393 0.133438
12.734910 2.018339 9.515114 2.075226
0.774544 0.223534 -0.176628 -0.046778
0.223534 0.097827 -0.040969 -0.007599
-0.176628 -0.040969 0.962917 0.281647
-0.046778 -0.007599 0.281647 0.106982
12.906580 1.784151 9.895550 1.893408
0.691521 0.184464 -0.196624 -0.046500
0.184464 0.078746 -0.042424 -0.007724
-0.196624 -0.042424 0.888184 0.234590
-0.046500 -0.007724 0.234590 0.084940
13.807884 1.799195 11.769833 2.121117
0.670666 0.168539 -0.176352 -0.036335
0.168539 0.069501 -0.033966 -0.005286
-0.176352 -0.033966 0.802875 0.195188
-0.036335 -0.005286 0.195188 0.069688
14.094641 1.655998 13.190957 2.196938
0.660221 0.157786 -0.149644 -0.026735
0.157786 0.063337 -0.025360 -0.003242
-0.149644 -0.025360 0.740168 0.168571
-0.026735 -0.003242 0.168571 0.060401
14.158168 1.468354 13.595653 2.035769
0.599487 0.136429 -0.167208 -0.029209
0.136429 0.055728 -0.028910 -0.004331
-0.167208 -0.028910 0.653337 0.140869
-0.029209 -0.004331 0.140869 0.052450
14.176662 1.299946 14.165588 1.930943
0.560511 0.123386 -0.164922 -0.027143
0.123386 0.051304 -0.027368 -0.004132
-0.164922 -0.027368 0.590209 0.122721
-0.027143 -0.004132 0.122721 0.047845
14.409775 1.209475 15.213322 1.941485
0.560062 0.121148 -0.132655 -0.018770
0.121148 0.050066 -0.018937 -0.002407
-0.132655 -0.018937 0.567933 0.116098
-0.018770 -0.002407 0.116098 0.046393
15.362617 1.279572 15.898724 1.888513
0.544204 0.115738 -0.110905 -0.013944
0.115738 0.048322 -0.013885 -0.001637
-0.110905 -0.013885 0.551057 0.111424
-0.013944 -0.001637 0.111424 0.045508
15.499276 1.182018 17.389391 1.991831
0.534420 0.112571 -0.077430 -0.007229
0.112571 0.047360 -0.007333 -0.000592
-0.077430 -0.007333 0.515726 0.103877
-0.007229 -0.000592 0.103877 0.044198
16.351345 1.236129 18.330847 1.984605
0.528355 0.110319 -0.060715 -0.004545
0.110319 0.046684 -0.004523 -0.000362
-0.060715 -0.004523 0.509138 0.102759
-0.004545 -0.000362 0.102759 0.044260
17.117820 1.267177 19.327811 1.987513
0.529240 0.109815 -0.046403 -0.002472
0.109815 0.046478 -0.002389 -0.000221
-0.046403 -0.002389 0.509060 0.103099
-0.002472 -0.000221 0.103099 0.044596
18.026717 1.328775 20.694008 2.066592
0.520596 0.107505 -0.029399 -0.000088
0.107505 0.045957 0.000020 -0.000012
-0.029399 0.000020 0.499606 0.101555
-0.000088 -0.000012 0.101555 0.044507
18.476827 1.286014 21.872481 2.094304
0.515211 0.106116 -0.016623 0.001371
0.106116 0.045686 0.001444 0.000044
-0.016623 0.001444 0.490567 0.100194
0.001371 0.000044 0.100194 0.044435
19.083073 1.280982 23.251753 2.162292
0.501028 0.103021 -0.013962 0.000706
0.103021 0.045085 0.000771 -0.000293
-0.013962 0.000771 0.477695 0.098066
0.000706 -0.000293 0.098066 0.044170
19.957178 1.330646 24.598494 2.218489
0.488614 0.100650 -0.007340 0.001108
0.100650 0.044696 0.001194 -0.000316
-0.007340 0.001194 0.472449 0.097692
0.001108 -0.000316 0.097692 0.044268
20.108985 1.222337 25.184222 2.107561
0.493759 0.102059 -0.015961 -0.001470
0.102059 0.045097 -0.001399 -0.000906
-0.015961 -0.001399 0.474148 0.098662
-0.001470 -0.000906 0.098662 0.044593
20.787987 1.237100 26.466510 2.155565
0.475091 0.098439 -0.009347 -0.000576
0.098439 0.044419 -0.000497 -0.000702
-0.009347 -0.000497 0.467617 0.097805
-0.000576 -0.000702 0.097805 0.044491
21.610388 1.279458 27.487699 2.144078
0.463224 0.096507 -0.011235 -0.001422
0.096507 0.044126 -0.001333 -0.000856
-0.011235 -0.001333 0.466002 0.097966
-0.001422 -0.000856 0.097966 0.044583
22.074612 1.242396 28.411901 2.112598
0.466861 0.097924 -0.018437 -0.003191
0.097924 0.044530 -0.003100 -0.001171
-0.018437 -0.003100 0.475340 0.100343
-0.003191 -0.001171 0.100343 0.045112
22.783253 1.261308 29.774256 2.177432
0.449796 0.094791 -0.007847 -0.000997
0.094791 0.043918 -0.000900 -0.000622
-0.007847 -0.000900 0.478919 0.101240
-0.000997 -0.000622 0.101240 0.045273
23.347054 1.246604 30.421603 2.084049
0.450929 0.095693 -0.016179 -0.002947
0.095693 0.044181 -0.002873 -0.000997
-0.016179 -0.002873 0.482024 0.101891
-0.002947 -0.000997 0.101891 0.045359
23.282386 1.100530 32.010588 2.198811
0.416771 0.088911 -0.000145 0.000448
0.088911 0.042760 0.000584 -0.000195
-0.000145 0.000584 0.485691 0.102607
0.000448 -0.000195 0.102607 0.045459
24.506804 1.245855 32.850946 2.144533
0.416296 0.089845 -0.009494 -0.001776
0.089845 0.043076 -0.001708 -0.000670
-0.009494 -0.001708 0.490544 0.103475
-0.001776 -0.000670 0.103475 0.045583
25.505850 1.326984 32.867250 1.922471
0.422445 0.091971 -0.014195 -0.002751
0.091971 0.043576 -0.002742 -0.000829
-0.014195 -0.002742 0.480108 0.101051
-0.002751 -0.000829 0.101051 0.045012
26.351704 1.366777 33.721800 1.900163
0.430755 0.094227 -0.019917 -0.003829
0.094227 0.044029 -0.003862 -0.000995
-0.019917 -0.003862 0.493491 0.103889
-0.003829 -0.000995 0.103889 0.045607
27.376985 1.441930 34.836946 1.935295
0.436286 0.095552 -0.026153 -0.004910
0.095552 0.044221 -0.004974 -0.001153
-0.026153 -0.004974 0.511069 0.107325
-0.004910 -0.001153 0.107325 0.046275
27.469083 1.302581 35.025106 1.771109
0.436413 0.095498 -0.033853 -0.006215
0.095498 0.044092 -0.006349 -0.001367
-0.033853 -0.006349 0.507557 0.106033
-0.006215 -0.001367 0.106033 0.045905
28.558274 1.398917 36.082400 1.808138
0.420847 0.091955 -0.050546 -0.009343
0.091955 0.043211 -0.009536 -0.001964
-0.050546 -0.009536 0.522819 0.108812
-0.009343 -0.001964 0.108812 0.046434
29.241650 1.395495 37.011972 1.813361
0.420611 0.092104 -0.060072 -0.010680
0.092104 0.043223 -0.010882 -0.002136
-0.060072 -0.010882 0.538117 0.111385
-0.010680 -0.002136 0.111385 0.046890
29.806755 1.366623 37.977745 1.824797
0.434748 0.095369 -0.063858 -0.010702
0.095369 0.043914 -0.010910 -0.002033
-0.063858 -0.010910 0.553286 0.113771
-0.010702 -0.002033 0.113771 0.047294
30.092804 1.279773 38.965726 1.837580
0.444255 0.097242 -0.067076 -0.010721
0.097242 0.044229 -0.010914 -0.001971
-0.067076 -0.010914 0.565889 0.115487
-0.010721 -0.001971 0.115487 0.047551
30.639566 1.260266 40.003396 1.861050
0.437038 0.095309 -0.063595 -0.009586
0.095309 0.043702 -0.009567 -0.001690
-0.063595 -0.009567 0.574228 0.116326
-0.009586 -0.001690 0.116326 0.047647
30.878343 1.174329 40.900005 1.851004
0.455009 0.099050 -0.067327 -0.009889
0.099050 0.044467 -0.010063 -0.001777
-0.067327 -0.010063 0.576762 0.115971
-0.009889 -0.001777 0.115971 0.047515
32.044935 1.300941 41.873341 1.865575
0.407668 0.088472 -0.038114 -0.004167
0.088472 0.042112 -0.003462 -0.000565
-0.038114 -0.003462 0.570255 0.114241
-0.004167 -0.000565 0.114241 0.047199
32.887591 1.340887 42.530670 1.811957
0.427153 0.093325 -0.034283 -0.003517
0.093325 0.043292 -0.003149 -0.000582
-0.034283 -0.003149 0.555425 0.110879
-0.003517 -0.000582 0.110879 0.046561
33.792879 1.394031 43.674340 1.861150
0.456384 0.099742 -0.034160 -0.003618
0.099742 0.044681 -0.003547 -0.000719
-0.034160 -0.003547 0.552583 0.110278
-0.003618 -0.000719 0.110278 0.046536
36.324233 1.785509 43.392264 1.630185
0.323799 0.071240 0.117502 0.025569
0.071240 0.038549 0.028160 0.005365
0.117502 0.028160 0.400856 0.080951
0.025569 0.005365 0.080951 0.040951
36.993371 1.733620 44.377776 1.667327
0.346401 0.078610 0.095896 0.018124
0.078610 0.040599 0.019873 0.003136
0.095896 0.019873 0.410782 0.085797
0.018124 0.003136 0.085797 0.042462
37.926268 1.744246 45.651474 1.761607
0.378455 0.087323 0.072968 0.011159
0.087323 0.042708 0.012435 0.001347
0.072968 0.012435 0.420910 0.090063
0.011159 0.001347 0.090063 0.043630
38.642455 1.713576 46.093433 1.667758
0.413577 0.095765 0.040423 0.002954
0.095765 0.044525 0.004240 -0.000393
0.040423 0.004240 0.402832 0.087612
0.002954 -0.000393 0.087612 0.043170
