4.379709 2.714016 2.733764 0.201482
2.198375 0.879369 -0.630571 -0.252234
0.879369 80.355822 -0.252234 -0.100896
-0.630571 -0.252234 4.145940 1.658412
-0.252234 -0.100896 1.658412 80.667446
5.138787 1.624213 2.260341 -0.758015
3.572216 6.284841 -1.055333 -1.528261
6.284841 18.592354 -1.716462 -4.141136
-1.055333 -1.716462 3.095884 4.958005
-1.528261 -4.141136 4.958005 20.663172
5.386495 1.020183 2.163535 -0.456681
2.926316 3.147173 -0.527149 -0.466143
3.147173 5.240360 -0.535714 -0.975984
-0.527149 -0.535714 1.995547 2.309844
-0.466143 -0.975984 2.309844 5.627366
4.934260 0.270521 1.708575 -0.686657
2.583625 2.018908 -0.537065 -0.416895
2.018908 2.316265 -0.429364 -0.538085
-0.537065 -0.429364 1.890175 1.692602
-0.416895 -0.538085 1.692602 2.547407
5.072484 0.261584 2.954480 0.438009
2.112448 1.295256 -0.391047 -0.240550
1.295256 1.165980 -0.247169 -0.251012
-0.391047 -0.247169 1.165774 0.818260
-0.240550 -0.251012 0.818260 1.039091
5.566224 0.434934 4.382859 1.170257
1.805362 0.917398 -0.367000 -0.194592
0.917398 0.682247 -0.195450 -0.158345
-0.367000 -0.195450 1.111795 0.663064
-0.194592 -0.158345 0.663064 0.640191
6.633947 0.808955 4.240742 0.807777
1.515766 0.660365 -0.384283 -0.178833
0.660365 0.426481 -0.175893 -0.114901
-0.384283 -0.175893 1.303870 0.663469
-0.178833 -0.114901 0.663469 0.481886
9.112011 1.601053 4.773978 0.883578
1.135311 0.435009 -0.289447 -0.115696
0.435009 0.262926 -0.115233 -0.067472
-0.289447 -0.115233 1.249162 0.542355
-0.115696 -0.067472 0.542355 0.329487
10.327950 1.742657 6.783666 1.481096
0.934666 0.324282 -0.260192 -0.092667
0.324282 0.183481 -0.091880 -0.047388
-0.260192 -0.091880 1.144505 0.432521
-0.092667 -0.047388 0.432521 0.230210
11.571133 1.861477 7.318237 1.413530
0.890441 0.284669 -0.245159 -0.078245
0.284669 0.146089 -0.077768 -0.035299
-0.245159 -0.077768 1.111193 0.373045
-0.078245 -0.035299 0.373045 0.176178
12.480309 1.854174 7.577458 1.277691
0.874476 0.259034 -0.215940 -0.062032
0.259034 0.121506 -0.061908 -0.025531
-0.215940 -0.061908 1.071118 0.324046
-0.062032 -0.025531 0.324046 0.139350
13.042970 1.756960 9.503168 1.632660
0.788216 0.217420 -0.162378 -0.042310
0.217420 0.097954 -0.042381 -0.016939
-0.162378 -0.042381 0.915973 0.252987
-0.042310 -0.016939 0.252987 0.105159
12.546186 1.399997 10.670234 1.718906
0.674713 0.175104 -0.180350 -0.044441
0.175104 0.078883 -0.044557 -0.015585
-0.180350 -0.044557 0.806262 0.206780
-0.044441 -0.015585 0.206780 0.084457
13.355272 1.427262 11.546718 1.723453
0.668616 0.165908 -0.163514 -0.037161
0.165908 0.071517 -0.037257 -0.012110
-0.163514 -0.037257 0.776153 0.187778
-0.037161 -0.012110 0.187778 0.074348
14.044739 1.423245 12.727342 1.797031
0.655081 0.155966 -0.138589 -0.029056
0.155966 0.065362 -0.029122 -0.009044
-0.138589 -0.029122 0.729806 0.168008
-0.029056 -0.009044 0.168008 0.065965
14.537723 1.374177 13.850010 1.845702
0.636411 0.146061 -0.119316 -0.023298
0.146061 0.060314 -0.023373 -0.006984
-0.119316 -0.023373 0.683148 0.151079
-0.023298 -0.006984 0.151079 0.059658
14.827477 1.290740 15.618130 2.025572
0.606071 0.134880 -0.095561 -0.017309
0.134880 0.055853 -0.017466 -0.005190
-0.095561 -0.017466 0.611378 0.131133
-0.017309 -0.005190 0.131133 0.053722
15.257921 1.242585 16.434273 1.982795
0.596925 0.129591 -0.099580 -0.017694
0.129591 0.053347 -0.017926 -0.004932
-0.099580 -0.017926 0.590785 0.124326
-0.017694 -0.004932 0.124326 0.051353
15.654869 1.196917 17.764212 2.052047
0.567518 0.120905 -0.069189 -0.010917
0.120905 0.050581 -0.011082 -0.003216
-0.069189 -0.011082 0.543657 0.113016
-0.010917 -0.003216 0.113016 0.048431
16.307608 1.209562 18.972069 2.090142
0.551770 0.116044 -0.053528 -0.007738
0.116044 0.048989 -0.007861 -0.002406
-0.053528 -0.007861 0.522373 0.108158
-0.007738 -0.002406 0.108158 0.047163
16.734199 1.174370 20.354600 2.159130
0.545667 0.113760 -0.039373 -0.005035
0.113760 0.048157 -0.005158 -0.001756
-0.039373 -0.005158 0.508936 0.105360
-0.005035 -0.001756 0.105360 0.046453
17.325323 1.172600 20.939668 2.056461
0.535238 0.110763 -0.043111 -0.006234
0.110763 0.047282 -0.006330 -0.001961
-0.043111 -0.006330 0.498874 0.103378
-0.006234 -0.001961 0.103378 0.045957
18.981793 1.389317 21.099566 1.880856
0.505964 0.104328 -0.026913 -0.003166
0.104328 0.045834 -0.003188 -0.001254
-0.026913 -0.003188 0.486760 0.101198
-0.003166 -0.001254 0.101198 0.045479
19.535911 1.361065 22.234569 1.920933
0.508742 0.105050 -0.029553 -0.004082
0.105050 0.045986 -0.004089 -0.001408
-0.029553 -0.004089 0.490450 0.102355
-0.004082 -0.001408 0.102355 0.045707
19.617926 1.239235 23.726323 2.029931
0.498202 0.102992 -0.014855 -0.001255
0.102992 0.045559 -0.001296 -0.000773
-0.014855 -0.001296 0.480236 0.100483
-0.001255 -0.000773 0.100483 0.045283
20.335054 1.260153 24.986943 2.081805
0.500914 0.103790 -0.015168 -0.001726
0.103790 0.045743 -0.001738 -0.000853
-0.015168 -0.001738 0.489536 0.102764
-0.001726 -0.000853 0.102764 0.045744
21.002032 1.268664 26.399420 2.159955
0.485164 0.100689 0.002053 0.001567
0.100689 0.045102 0.001539 -0.000138
0.002053 0.001539 0.485090 0.101917
0.001567 -0.000138 0.101917 0.045507
21.911741 1.325818 27.302267 2.123052
0.489752 0.102030 0.000445 0.000706
0.102030 0.045422 0.000691 -0.000330
0.000445 0.000691 0.493666 0.103809
0.000706 -0.000330 0.103809 0.045856
22.753765 1.363275 28.497861 2.151306
0.483744 0.100978 -0.005637 -0.000929
0.100978 0.045200 -0.000927 -0.000649
-0.005637 -0.000927 0.499158 0.104838
-0.000929 -0.000649 0.104838 0.045993
23.456643 1.367695 29.472598 2.130161
0.479413 0.100339 0.009408 0.002097
0.100339 0.045076 0.002097 0.000047
0.009408 0.002097 0.502636 0.105348
0.002097 0.000047 0.105348 0.046019
23.763404 1.288686 30.254314 2.071096
0.465786 0.097757 0.008219 0.001492
0.097757 0.044541 0.001486 -0.000073
0.008219 0.001486 0.498628 0.104252
0.001492 -0.000073 0.104252 0.045718
23.932352 1.188667 31.040656 2.019525
0.461103 0.097244 0.001691 -0.000102
0.097244 0.044474 -0.000128 -0.000379
0.001691 -0.000128 0.501786 0.104784
-0.000102 -0.000379 0.104784 0.045796
24.528876 1.189255 31.928709 1.994148
0.454461 0.096283 -0.003031 -0.001111
0.096283 0.044296 -0.001158 -0.000528
-0.003031 -0.001158 0.505402 0.105371
-0.001111 -0.000528 0.105371 0.045885
25.605950 1.292036 32.819594 1.971641
0.449013 0.095591 -0.016943 -0.003909
0.095591 0.044170 -0.004022 -0.001049
-0.016943 -0.004022 0.509476 0.106024
-0.003909 -0.001049 0.106024 0.045989
26.242797 1.290086 33.412229 1.890006
0.429720 0.091905 -0.023688 -0.004947
0.091905 0.043391 -0.005081 -0.001158
-0.023688 -0.005081 0.502210 0.104273
-0.004947 -0.001158 0.104273 0.045592
26.663010 1.241865 34.615703 1.943452
0.422378 0.091029 -0.026575 -0.005127
0.091029 0.043256 -0.005236 -0.001092
-0.026575 -0.005236 0.516101 0.107107
-0.005127 -0.001092 0.107107 0.046189
27.622228 1.315710 35.782020 1.984360
0.416443 0.090381 -0.044444 -0.008441
0.090381 0.043140 -0.008671 -0.001733
-0.044444 -0.008671 0.531766 0.110019
-0.008441 -0.001733 0.110019 0.046747
29.061407 1.487665 37.062350 2.046349
0.355325 0.077559 -0.063419 -0.011903
0.077559 0.040331 -0.012102 -0.002379
-0.063419 -0.012102 0.538876 0.110896
-0.011903 -0.002379 0.110896 0.046842
29.555443 1.429468 37.698418 1.965387
0.379713 0.084771 -0.063396 -0.010863
0.084771 0.042159 -0.011148 -0.002020
-0.063396 -0.011148 0.540861 0.110769
-0.010863 -0.002020 0.110769 0.046759
29.965675 1.359853 38.587918 1.944077
0.397282 0.089467 -0.066389 -0.010698
0.089467 0.043174 -0.011045 -0.001921
-0.066389 -0.011045 0.551050 0.112381
-0.010698 -0.001921 0.112381 0.047053
30.699194 1.366349 38.880514 1.805934
0.401834 0.090631 -0.061994 -0.009257
0.090631 0.043279 -0.009552 -0.001603
-0.061994 -0.009552 0.541306 0.109895
-0.009257 -0.001603 0.109895 0.046513
31.318351 1.355675 40.213245 1.892863
0.413223 0.093134 -0.058369 -0.008143
0.093134 0.043677 -0.008236 -0.001356
-0.058369 -0.008236 0.559448 0.113387
-0.008143 -0.001356 0.113387 0.047251
31.948059 1.345254 41.208417 1.902303
0.430859 0.096761 -0.052069 -0.006610
0.096761 0.044305 -0.006697 -0.001085
-0.052069 -0.006697 0.559989 0.113043
-0.006610 -0.001085 0.113043 0.047159
32.367929 1.285734 41.821675 1.831828
0.437420 0.097482 -0.049534 -0.006141
0.097482 0.044237 -0.006287 -0.001093
-0.049534 -0.006287 0.551445 0.110935
-0.006141 -0.001093 0.110935 0.046727
32.796641 1.237465 42.651193 1.812598
0.450413 0.099611 -0.047858 -0.005851
0.099611 0.044527 -0.006079 -0.001120
-0.047858 -0.006079 0.547143 0.109938
-0.005851 -0.001120 0.109938 0.046569
33.113962 1.173258 43.825123 1.864141
0.462345 0.101351 -0.046813 -0.005736
0.101351 0.044742 -0.005991 -0.001164
-0.046813 -0.005991 0.547704 0.110048
-0.005736 -0.001164 0.110048 0.046651
33.725658 1.176474 44.454439 1.803302
0.466945 0.101507 -0.033242 -0.003162
0.101507 0.044652 -0.003384 -0.000699
-0.033242 -0.003384 0.520244 0.104619
-0.003162 -0.000699 0.104619 0.045626
34.456200 1.209017 45.628787 1.859485
0.491723 0.106034 -0.031843 -0.003127
0.106034 0.045538 -0.003501 -0.000780
-0.031843 -0.003501 0.513038 0.103676
-0.003127 -0.000780 0.103676 0.045565
35.117002 1.221422 46.622866 1.872919
0.506430 0.108064 -0.027033 -0.002446
0.108064 0.045844 -0.002921 -0.000716
-0.027033 -0.002921 0.489857 0.099537
-0.002446 -0.000716 0.099537 0.044838
35.574424 1.190304 47.812427 1.924055
0.527695 0.111346 -0.036579 -0.004701
0.111346 0.046419 -0.005301 -0.001242
-0.036579 -0.005301 0.480570 0.098446
-0.004701 -0.001242 0.098446 0.044746
