1.575229 1.592200 3.412255 0.472884
2.254291 0.901736 -0.424217 -0.169691
0.901736 80.364769 -0.169691 -0.067878
-0.424217 -0.169691 3.862325 1.544963
-0.169691 -0.067878 1.544963 80.622065
4.798097 5.847937 2.620413 -1.128462
2.876862 5.044147 -1.245401 -1.941599
5.044147 16.577573 -2.080092 -4.377729
-1.245401 -2.080092 3.558611 5.787087
-1.941599 -4.377729 5.787087 21.476601
6.068337 4.068853 3.834902 0.790136
1.458245 1.657601 0.597584 0.785770
1.657601 3.710499 0.720688 0.510888
0.597584 0.720688 1.254731 1.477088
0.785770 0.510888 1.477088 4.612253
6.932958 3.079473 3.507876 0.189351
1.477466 1.319936 0.149794 -0.016878
1.319936 1.826742 -0.020603 -0.251996
0.149794 -0.020603 1.688356 1.701001
-0.016878 -0.251996 1.701001 2.618258
7.334796 2.241341 4.767522 1.125640
0.991592 0.674646 0.150085 0.052911
0.674646 0.750723 0.029419 -0.027955
0.150085 0.029419 1.542920 1.141461
0.052911 -0.027955 1.141461 1.217412
8.013169 2.041930 3.573180 0.108585
1.062333 0.608289 -0.095748 -0.096113
0.608289 0.506902 -0.105521 -0.082517
-0.095748 -0.105521 1.700502 1.003879
-0.096113 -0.082517 1.003879 0.787743
9.495877 2.257051 4.013423 0.285668
1.010364 0.485211 -0.135629 -0.083725
0.485211 0.330342 -0.086756 -0.046736
-0.135629 -0.086756 1.480503 0.714243
-0.083725 -0.046736 0.714243 0.462560
9.936696 1.962512 5.974911 1.034633
0.715830 0.295266 -0.068998 -0.033654
0.295266 0.188101 -0.036040 -0.013732
-0.068998 -0.036040 1.228207 0.502802
-0.033654 -0.013732 0.502802 0.285439
8.727630 1.154439 6.667466 1.101714
0.319037 0.118062 -0.219428 -0.079314
0.118062 0.092681 -0.082975 -0.027577
-0.219428 -0.082975 1.107443 0.397605
-0.079314 -0.027577 0.397605 0.201152
9.112764 1.095957 8.383052 1.476151
0.393591 0.142044 -0.212017 -0.063136
0.142044 0.089331 -0.067371 -0.018390
-0.212017 -0.067371 1.009510 0.323900
-0.063136 -0.018390 0.323900 0.149736
9.279644 0.965148 9.144008 1.475384
0.479714 0.161959 -0.209886 -0.052596
0.161959 0.085662 -0.057880 -0.013377
-0.209886 -0.057880 0.962913 0.280660
-0.052596 -0.013377 0.280660 0.119823
10.278625 1.124244 9.594354 1.407860
0.536644 0.166985 -0.196128 -0.042219
0.166985 0.078558 -0.047317 -0.009492
-0.196128 -0.047317 0.921569 0.247233
-0.042219 -0.009492 0.247233 0.099383
10.948419 1.169961 11.195159 1.637759
0.577794 0.166086 -0.168684 -0.031012
0.166086 0.071711 -0.036107 -0.006289
-0.168684 -0.036107 0.827560 0.206651
-0.031012 -0.006289 0.206651 0.081473
11.793151 1.250772 12.711984 1.809824
0.586055 0.156884 -0.113215 -0.015850
0.156884 0.064477 -0.019536 -0.002458
-0.113215 -0.019536 0.736475 0.174128
-0.015850 -0.002458 0.174128 0.068988
12.542658 1.289389 14.152190 1.934265
0.575093 0.144203 -0.096028 -0.012118
0.144203 0.057865 -0.015635 -0.002075
-0.096028 -0.015635 0.642561 0.145192
-0.012118 -0.002075 0.145192 0.059293
13.566983 1.378129 14.944402 1.901376
0.583165 0.138195 -0.114149 -0.016303
0.138195 0.054166 -0.019720 -0.003306
-0.114149 -0.019720 0.625580 0.136751
-0.016303 -0.003306 0.136751 0.055535
14.980206 1.540438 15.618606 1.852268
0.563347 0.127834 -0.080114 -0.009055
0.127834 0.050439 -0.011300 -0.001697
-0.080114 -0.011300 0.603457 0.129145
-0.009055 -0.001697 0.129145 0.052756
15.896201 1.574113 16.690638 1.885080
0.545382 0.119539 -0.066734 -0.006925
0.119539 0.047810 -0.008753 -0.001437
-0.066734 -0.008753 0.566383 0.119021
-0.006925 -0.001437 0.119021 0.049803
16.425739 1.526177 18.408972 2.044303
0.544032 0.116226 -0.060100 -0.006121
0.116226 0.046714 -0.007798 -0.001425
-0.060100 -0.007798 0.538797 0.111990
-0.006121 -0.001425 0.111990 0.047881
16.998161 1.483905 19.177111 1.989446
0.551874 0.115596 -0.055483 -0.005640
0.115596 0.046419 -0.007045 -0.001390
-0.055483 -0.007045 0.541024 0.111908
-0.005640 -0.001390 0.111908 0.047638
17.781144 1.494161 20.401846 2.037406
0.528779 0.108936 -0.055494 -0.006400
0.108936 0.044984 -0.007539 -0.001647
-0.055494 -0.007539 0.511785 0.105303
-0.006400 -0.001647 0.105303 0.046087
18.688498 1.528314 21.600475 2.076064
0.501615 0.102523 -0.043706 -0.004574
0.102523 0.043823 -0.005474 -0.001318
-0.043706 -0.005474 0.484340 0.099830
-0.004574 -0.001318 0.099830 0.044952
19.561725 1.548737 22.348131 2.016537
0.493826 0.100900 -0.029804 -0.002210
0.100900 0.043770 -0.002958 -0.000858
-0.029804 -0.002958 0.478983 0.099404
-0.002210 -0.000858 0.099404 0.044952
19.953656 1.468507 23.025156 1.944652
0.484148 0.099030 -0.035098 -0.004001
0.099030 0.043638 -0.004575 -0.001278
-0.035098 -0.004575 0.468945 0.097796
-0.004001 -0.001278 0.097796 0.044646
20.062830 1.342029 24.411127 2.027738
0.474028 0.097436 -0.015907 -0.000387
0.097436 0.043587 -0.000913 -0.000528
-0.015907 -0.000913 0.461837 0.097022
-0.000387 -0.000528 0.097022 0.044553
20.860895 1.368309 25.425169 2.028402
0.473759 0.097942 -0.013387 -0.000491
0.097942 0.043926 -0.000904 -0.000581
-0.013387 -0.000904 0.467641 0.098830
-0.000491 -0.000581 0.098830 0.044960
21.739520 1.407853 26.151719 1.968140
0.478312 0.099407 -0.003747 0.001040
0.099407 0.044411 0.000671 -0.000269
-0.003747 0.000671 0.475415 0.100816
0.001040 -0.000269 0.100816 0.045356
22.265431 1.369508 26.511325 1.835186
0.464471 0.096862 0.005124 0.002295
0.096862 0.043992 0.001978 -0.000031
0.005124 0.001978 0.463375 0.098327
0.002295 -0.000031 0.098327 0.044754
22.634352 1.303408 27.595725 1.870260
0.456522 0.095743 0.016482 0.004093
0.095743 0.043885 0.003816 0.000332
0.016482 0.003816 0.467390 0.099437
0.004093 0.000332 0.099437 0.044967
23.229588 1.290997 29.351171 2.044937
0.429626 0.090662 0.004140 0.000798
0.090662 0.042920 0.000592 -0.000384
0.004140 0.000592 0.466906 0.099415
0.000798 -0.000384 0.099415 0.044910
23.782924 1.271436 30.278271 2.024691
0.428466 0.091398 0.010870 0.001990
0.091398 0.043231 0.001819 -0.000065
0.010870 0.001819 0.473601 0.100883
0.001990 -0.000065 0.100883 0.045172
24.136034 1.210552 31.333640 2.034249
0.413935 0.089055 0.011811 0.001923
0.089055 0.042806 0.001763 -0.000034
0.011811 0.001763 0.476022 0.101277
0.001923 -0.000034 0.101277 0.045183
24.939780 1.253706 32.341454 2.031887
0.424626 0.092272 0.007531 0.000779
0.092272 0.043584 0.000619 -0.000236
0.007531 0.000619 0.491076 0.104322
0.000779 -0.000236 0.104322 0.045767
25.397266 1.216457 33.484900 2.059204
0.439759 0.096013 0.002935 -0.000268
0.096013 0.044372 -0.000442 -0.000397
0.002935 -0.000442 0.512699 0.108462
-0.000268 -0.000397 0.108462 0.046539
27.076686 1.450608 34.329400 2.018398
0.387408 0.084603 -0.023981 -0.005735
0.084603 0.041777 -0.006162 -0.001493
-0.023981 -0.006162 0.496715 0.104362
-0.005735 -0.001493 0.104362 0.045538
27.249402 1.328364 35.640768 2.081844
0.365404 0.080776 -0.027313 -0.005823
0.080776 0.041037 -0.006211 -0.001340
-0.027313 -0.006211 0.506324 0.106061
-0.005823 -0.001340 0.106061 0.045863
28.050812 1.359057 36.571711 2.059052
0.368435 0.082693 -0.031295 -0.006101
0.082693 0.041580 -0.006468 -0.001277
-0.031295 -0.006468 0.514855 0.107412
-0.006101 -0.001277 0.107412 0.046098
28.878228 1.389250 36.172367 1.762461
0.368497 0.083557 -0.026043 -0.004506
0.083557 0.041781 -0.004762 -0.000842
-0.026043 -0.004762 0.487194 0.101187
-0.004506 -0.000842 0.101187 0.044760
29.426316 1.356526 37.298422 1.812957
0.377187 0.086086 -0.036910 -0.006459
0.086086 0.042293 -0.006839 -0.001250
-0.036910 -0.006839 0.510610 0.106189
-0.006459 -0.001250 0.106189 0.045877
29.869779 1.301348 37.869510 1.742300
0.394850 0.090303 -0.040118 -0.006644
0.090303 0.043130 -0.007060 -0.001244
-0.040118 -0.007060 0.517817 0.107369
-0.006644 -0.001244 0.107369 0.046100
30.542989 1.306441 38.729788 1.740164
0.397098 0.090458 -0.046081 -0.007522
0.090458 0.042954 -0.007919 -0.001408
-0.046081 -0.007919 0.532688 0.110052
-0.007522 -0.001408 0.110052 0.046624
30.410068 1.130255 40.080261 1.834532
0.386906 0.087785 -0.046498 -0.007306
0.087785 0.042180 -0.007448 -0.001316
-0.046498 -0.007448 0.554509 0.113990
-0.007306 -0.001316 0.113990 0.047379
31.098516 1.155429 40.534135 1.740519
0.385231 0.087352 -0.043204 -0.006360
0.087352 0.042011 -0.006415 -0.001116
-0.043204 -0.006415 0.549963 0.112240
-0.006360 -0.001116 0.112240 0.046929
31.519072 1.122481 41.834414 1.827013
0.406156 0.092063 -0.043575 -0.006154
0.092063 0.043027 -0.006254 -0.001087
-0.043575 -0.006254 0.564347 0.114601
-0.006154 -0.001087 0.114601 0.047383
32.251825 1.161277 42.751599 1.828913
0.427942 0.096483 -0.039332 -0.005077
0.096483 0.043890 -0.005238 -0.000895
-0.039332 -0.005238 0.559140 0.112888
-0.005077 -0.000895 0.112888 0.047000
32.822742 1.158020 43.495026 1.794371
0.433663 0.096904 -0.029621 -0.003147
0.096904 0.043807 -0.003202 -0.000543
-0.029621 -0.003202 0.542407 0.109153
-0.003147 -0.000543 0.109153 0.046273
33.769642 1.241732 44.752808 1.869233
0.437330 0.096978 -0.010250 0.000532
0.096978 0.043711 0.000784 0.000178
-0.010250 0.000784 0.529360 0.106630
0.000532 0.000178 0.106630 0.045873
34.569934 1.280839 45.601534 1.852723
0.462254 0.101727 -0.008613 0.000420
0.101727 0.044667 0.000427 0.000002
-0.008613 0.000427 0.505966 0.102157
0.000420 0.000002 0.102157 0.045083
35.531423 1.352873 47.120745 1.974384
0.494475 0.107644 -0.010503 -0.000343
0.107644 0.045817 -0.000515 -0.000253
-0.010503 -0.000515 0.496837 0.100946
-0.000343 -0.000253 0.100946 0.044999
36.475106 1.410969 48.360944 2.026939
0.532078 0.114185 -0.021394 -0.002836
0.114185 0.047027 -0.003246 -0.000837
-0.021394 -0.003246 0.477562 0.097673
-0.002836 -0.000837 0.097673 0.044462
