0.939378 1.337854 0.102552 -0.851025
2.775413 1.110189 -0.903026 -0.361218
1.110189 80.448152 -0.361218 -0.144490
-0.903026 -0.361218 4.958399 1.983403
-0.361218 -0.144490 1.983403 80.797445
0.347435 -0.600497 3.243776 4.645940
3.470866 5.883909 -1.604210 -2.278610
5.883909 19.115969 -2.610896 -5.917213
-1.604210 -2.610896 2.369074 3.599997
-2.278610 -5.917213 3.599997 19.992524
3.479876 3.141384 4.061229 3.160349
0.908637 0.999418 -0.231306 -0.173931
0.999418 3.329031 -0.118201 -0.825041
-0.231306 -0.118201 2.606877 3.386220
-0.173931 -0.825041 3.386220 7.325772
5.612964 3.683531 4.529184 2.147459
1.542460 1.499323 -0.458170 -0.446700
1.499323 2.199582 -0.433810 -0.711694
-0.458170 -0.433810 2.550887 2.304391
-0.446700 -0.711694 2.304391 3.059428
6.449263 2.957487 4.980512 1.745353
1.280648 0.927585 -0.640022 -0.460019
0.927585 0.993990 -0.467697 -0.459607
-0.640022 -0.467697 2.405619 1.645153
-0.460019 -0.459607 1.645153 1.571423
7.573156 2.753304 6.711270 2.216244
1.252568 0.727126 -0.507624 -0.289775
0.727126 0.593701 -0.290450 -0.230529
-0.507624 -0.290450 1.874540 1.025819
-0.289775 -0.230529 1.025819 0.806638
7.123520 1.871617 7.656845 2.151848
1.041998 0.501285 -0.683111 -0.319762
0.501285 0.346041 -0.326270 -0.191071
-0.683111 -0.326270 1.484987 0.686201
-0.319762 -0.191071 0.686201 0.469204
8.472008 2.042911 8.496218 2.059011
1.061600 0.441081 -0.561769 -0.219815
0.441081 0.254309 -0.223531 -0.112356
-0.561769 -0.223531 1.361038 0.548799
-0.219815 -0.112356 0.548799 0.324035
9.850524 2.162545 8.296719 1.617871
0.980678 0.356830 -0.471620 -0.159586
0.356830 0.182080 -0.162239 -0.072243
-0.471620 -0.162239 1.189439 0.425489
-0.159586 -0.072243 0.425489 0.226552
10.148560 1.897764 8.356224 1.362108
0.887086 0.287658 -0.451683 -0.136809
0.287658 0.134516 -0.138130 -0.054551
-0.451683 -0.138130 1.116638 0.360431
-0.136809 -0.054551 0.360431 0.173410
11.864719 2.121494 8.420167 1.187515
0.803125 0.237245 -0.339848 -0.090799
0.237245 0.104621 -0.091610 -0.034055
-0.339848 -0.091610 1.021822 0.302178
-0.090799 -0.034055 0.302178 0.135519
11.353877 1.689493 9.276847 1.239599
0.636641 0.173190 -0.297351 -0.074073
0.173190 0.077436 -0.073652 -0.025907
-0.297351 -0.073652 0.901707 0.246340
-0.074073 -0.025907 0.246340 0.106313
12.536870 1.776326 9.735369 1.202220
0.618632 0.159516 -0.227280 -0.050744
0.159516 0.068772 -0.050753 -0.017305
-0.227280 -0.050753 0.838033 0.215063
-0.050744 -0.017305 0.215063 0.089502
13.846908 1.884877 10.691508 1.294875
0.624553 0.153361 -0.202246 -0.041855
0.153361 0.063547 -0.042221 -0.013606
-0.202246 -0.042221 0.803352 0.195042
-0.041855 -0.013606 0.195042 0.078484
14.686285 1.874016 12.749093 1.623820
0.586229 0.137867 -0.152553 -0.028829
0.137867 0.057203 -0.029526 -0.009611
-0.152553 -0.029526 0.696456 0.161268
-0.028829 -0.009611 0.161268 0.066329
14.999880 1.748928 15.539966 2.064298
0.564386 0.128287 -0.122369 -0.021560
0.128287 0.053269 -0.022652 -0.007397
-0.122369 -0.022652 0.599403 0.134132
-0.021560 -0.007397 0.134132 0.057551
15.731624 1.709881 15.704467 1.870816
0.527161 0.116567 -0.106377 -0.018225
0.116567 0.049505 -0.019071 -0.006186
-0.106377 -0.019071 0.554376 0.121630
-0.018225 -0.006186 0.121630 0.053209
16.336314 1.651607 16.196928 1.771615
0.530965 0.115337 -0.098289 -0.016350
0.115337 0.048590 -0.017056 -0.005333
-0.098289 -0.017056 0.554945 0.120308
-0.016350 -0.005333 0.120308 0.051881
16.526461 1.521884 17.998720 1.963370
0.532529 0.114074 -0.067301 -0.009606
0.114074 0.047893 -0.010407 -0.003570
-0.067301 -0.010407 0.528611 0.113425
-0.009606 -0.003570 0.113425 0.049617
16.998646 1.455787 18.259301 1.806737
0.509469 0.107612 -0.069236 -0.010685
0.107612 0.046183 -0.011322 -0.003640
-0.069236 -0.011322 0.501266 0.106693
-0.010685 -0.003640 0.106693 0.047607
18.090140 1.534037 19.426638 1.865850
0.500564 0.104992 -0.066215 -0.010301
0.104992 0.045520 -0.010804 -0.003348
-0.066215 -0.010804 0.493519 0.104810
-0.010301 -0.003348 0.104810 0.046875
18.254661 1.409511 20.655773 1.924512
0.494542 0.103465 -0.042014 -0.005299
0.103465 0.045206 -0.005825 -0.002119
-0.042014 -0.005825 0.479857 0.101932
-0.005299 -0.002119 0.101932 0.046051
19.006064 1.417871 21.356510 1.869083
0.506896 0.105854 -0.038530 -0.004974
0.105854 0.045722 -0.005406 -0.001941
-0.038530 -0.005406 0.495854 0.105415
-0.004974 -0.001941 0.105415 0.046630
19.598802 1.395539 22.698516 1.954955
0.505185 0.105179 -0.022611 -0.002018
0.105179 0.045575 -0.002424 -0.001238
-0.022611 -0.002424 0.494903 0.104952
-0.002018 -0.001238 0.104952 0.046337
20.672887 1.476998 24.586977 2.149358
0.492053 0.102227 -0.010102 -0.000015
0.102227 0.044976 -0.000353 -0.000785
-0.010102 -0.000353 0.489533 0.103550
-0.000015 -0.000785 0.103550 0.045884
20.969682 1.384419 25.350189 2.082258
0.497922 0.103487 -0.018265 -0.002374
0.103487 0.045297 -0.002624 -0.001249
-0.018265 -0.002624 0.495354 0.104567
-0.002374 -0.001249 0.104567 0.045984
21.357388 1.321678 26.684035 2.143192
0.491977 0.102233 -0.005082 0.000085
0.102233 0.045076 -0.000128 -0.000651
-0.005082 -0.000128 0.502064 0.105728
0.000085 -0.000651 0.105728 0.046130
21.895311 1.296170 27.811337 2.154706
0.486815 0.101263 0.004793 0.001701
0.101263 0.044928 0.001525 -0.000271
0.004793 0.001525 0.509984 0.107025
0.001701 -0.000271 0.107025 0.046303
22.717395 1.332392 28.548182 2.083630
0.478593 0.099735 0.014455 0.003213
0.099735 0.044668 0.003068 0.000069
0.014455 0.003068 0.507307 0.106003
0.003213 0.000069 0.106003 0.045991
23.751608 1.409259 29.671143 2.100273
0.466447 0.097516 0.005980 0.000912
0.097516 0.044276 0.000781 -0.000396
0.005980 0.000781 0.506167 0.105452
0.000912 -0.000396 0.105452 0.045827
24.345234 1.386217 30.509524 2.056381
0.459690 0.096566 0.017909 0.003176
0.096566 0.044159 0.003088 0.000154
0.017909 0.003088 0.506487 0.105277
0.003176 0.000154 0.105277 0.045764
25.172723 1.413598 32.026393 2.157555
0.440170 0.092982 0.005384 0.000247
0.092982 0.043479 0.000071 -0.000435
0.005384 0.000071 0.516482 0.107200
0.000247 -0.000435 0.107200 0.046160
25.822757 1.402297 32.719556 2.077869
0.459568 0.097896 0.003320 -0.000237
0.097896 0.044629 -0.000383 -0.000448
0.003320 -0.000383 0.531022 0.109884
-0.000237 -0.000448 0.109884 0.046681
26.014351 1.294040 33.485455 2.022586
0.449465 0.095921 0.011334 0.001499
0.095921 0.044173 0.001412 0.000016
0.011334 0.001412 0.536875 0.110545
0.001499 0.000016 0.110545 0.046749
26.720740 1.307673 34.039821 1.928802
0.447974 0.095937 0.012483 0.001661
0.095937 0.044177 0.001609 0.000101
0.012483 0.001609 0.532046 0.109039
0.001661 0.000101 0.109039 0.046392
27.720897 1.382773 34.671108 1.859967
0.424820 0.091281 -0.010047 -0.002956
0.091281 0.043174 -0.003266 -0.000846
-0.010047 -0.003266 0.524648 0.107277
-0.002956 -0.000846 0.107277 0.046044
29.089420 1.528537 36.213157 1.984173
0.437474 0.094665 -0.001904 -0.000927
0.094665 0.043961 -0.001086 -0.000291
-0.001904 -0.001086 0.544957 0.111331
-0.000927 -0.000291 0.111331 0.046911
29.197356 1.385772 37.674333 2.080200
0.427863 0.092804 -0.002555 -0.000886
0.092804 0.043519 -0.001050 -0.000232
-0.002555 -0.001050 0.566947 0.115383
-0.000886 -0.000232 0.115383 0.047708
29.544096 1.310824 37.977014 1.931252
0.460379 0.100229 -0.003449 -0.000938
0.100229 0.045126 -0.001072 -0.000205
-0.003449 -0.001072 0.577656 0.116822
-0.000938 -0.000205 0.116822 0.047922
29.645987 1.190791 39.169194 1.976904
0.460566 0.099823 -0.003249 -0.000762
0.099823 0.044877 -0.000873 -0.000139
-0.003249 -0.000873 0.600264 0.120611
-0.000762 -0.000139 0.120611 0.048617
29.967071 1.131566 40.103157 1.966051
0.466287 0.100681 -0.011379 -0.002279
0.100681 0.044948 -0.002504 -0.000450
-0.011379 -0.002504 0.616134 0.122791
-0.002279 -0.000450 0.122791 0.048958
29.747218 0.962707 41.266712 2.001401
0.466700 0.100342 -0.011225 -0.002025
0.100342 0.044774 -0.002199 -0.000355
-0.011225 -0.002199 0.628763 0.124250
-0.002025 -0.000355 0.124250 0.049162
29.742449 0.858151 41.662280 1.882427
0.463480 0.099305 -0.007053 -0.001039
0.099305 0.044488 -0.001100 -0.000123
-0.007053 -0.001100 0.629665 0.123417
-0.001039 -0.000123 0.123417 0.048937
30.020809 0.825872 42.535191 1.868995
0.488880 0.104533 -0.003130 -0.000194
0.104533 0.045583 -0.000179 0.000053
-0.003130 -0.000179 0.644837 0.125593
-0.000194 0.000053 0.125593 0.049352
30.393229 0.816909 42.961515 1.770648
0.483929 0.102816 0.012313 0.002759
0.102816 0.045113 0.003065 0.000655
0.012313 0.003065 0.640530 0.123932
0.002759 0.000655 0.123932 0.049017
31.111166 0.882323 43.466756 1.697502
0.464412 0.098268 0.031397 0.006143
0.098268 0.044114 0.006751 0.001296
0.031397 0.006751 0.616077 0.118672
0.006143 0.001296 0.118672 0.048043
31.558208 0.884286 43.533372 1.546779
0.446819 0.094597 0.051601 0.009505
0.094597 0.043397 0.010379 0.001897
0.051601 0.010379 0.600554 0.115676
0.009505 0.001897 0.115676 0.047593
31.598929 0.801540 43.242977 1.342169
0.459353 0.097699 0.050556 0.008497
0.097699 0.044176 0.009259 0.001552
0.050556 0.009259 0.584499 0.112897
0.008497 0.001552 0.112897 0.047217
32.860627 0.979583 45.371107 1.621956
0.474730 0.101039 0.058148 0.009337
0.101039 0.044910 0.010097 0.001647
0.058148 0.010097 0.600475 0.116537
0.009337 0.001647 0.116537 0.048091
33.847441 1.083692 46.530024 1.687118
0.513262 0.108994 0.060178 0.008979
0.108994 0.046561 0.009898 0.001533
0.060178 0.009898 0.587926 0.114287
0.008979 0.001533 0.114287 0.047727
