1.025776 1.372414 1.590464 -0.255848
2.009929 0.803989 -0.118689 -0.047477
0.803989 80.325669 -0.047477 -0.018991
-0.118689 -0.047477 3.860125 1.544084
-0.047477 -0.018991 1.544084 80.621713
6.183009 9.357589 -0.108215 -2.784628
2.689040 4.797522 -1.464172 -2.371587
4.797522 15.582306 -2.589100 -4.517842
-1.464172 -2.589100 3.173007 5.181949
-2.371587 -4.517842 5.181949 20.545422
8.325429 6.660164 1.217059 0.139645
1.684359 1.943068 0.425508 0.717587
1.943068 3.856725 0.568259 0.612663
0.425508 0.568259 1.244872 1.537615
0.717587 0.612663 1.537615 4.620030
8.764092 4.197220 1.085646 0.057151
1.167060 0.978602 0.441318 0.389758
0.978602 1.412041 0.312796 0.173354
0.441318 0.312796 1.496000 1.463096
0.389758 0.173354 1.463096 2.288910
9.283055 2.912156 4.925658 3.024668
0.790589 0.523871 0.451466 0.291578
0.523871 0.620679 0.257636 0.137746
0.451466 0.257636 1.078933 0.784960
0.291578 0.137746 0.784960 0.931559
9.064644 1.997509 4.975306 2.241098
0.748459 0.440064 0.150309 0.035367
0.440064 0.407445 0.017538 -0.024506
0.150309 0.017538 1.171951 0.721151
0.035367 -0.024506 0.721151 0.630045
8.373682 1.115779 6.819693 2.693845
0.656926 0.334303 -0.065972 -0.066160
0.334303 0.258856 -0.078673 -0.051936
-0.065972 -0.078673 1.150403 0.589884
-0.066160 -0.051936 0.589884 0.411253
8.935819 1.126219 7.755233 2.516802
0.778720 0.344263 -0.183045 -0.098648
0.344263 0.211079 -0.104596 -0.048829
-0.183045 -0.104596 1.177709 0.511210
-0.098648 -0.048829 0.511210 0.293606
9.174088 1.000895 9.179067 2.581847
0.836199 0.320969 -0.243604 -0.099603
0.320969 0.166251 -0.102608 -0.037612
-0.243604 -0.102608 1.084277 0.406171
-0.099603 -0.037612 0.406171 0.204154
9.486879 0.937153 10.784510 2.685919
0.852443 0.288158 -0.259518 -0.086745
0.288158 0.131641 -0.088780 -0.026692
-0.259518 -0.088780 0.961991 0.317923
-0.086745 -0.026692 0.317923 0.145867
10.478338 1.093731 11.569880 2.521719
0.821187 0.248516 -0.241210 -0.068105
0.248516 0.104351 -0.069685 -0.017514
-0.241210 -0.069685 0.875832 0.260770
-0.068105 -0.017514 0.260770 0.111742
12.133239 1.390314 11.380900 2.132433
0.752009 0.207231 -0.203177 -0.049270
0.207231 0.083273 -0.050062 -0.010540
-0.203177 -0.050062 0.833612 0.227669
-0.049270 -0.010540 0.227669 0.092151
12.476909 1.301221 12.597744 2.167108
0.725011 0.185034 -0.180067 -0.038064
0.185034 0.071665 -0.038941 -0.007065
-0.180067 -0.038941 0.770618 0.195377
-0.038064 -0.007065 0.195377 0.076942
12.912616 1.250107 13.759844 2.183383
0.696545 0.166646 -0.165656 -0.031292
0.166646 0.063362 -0.032224 -0.005283
-0.165656 -0.032224 0.714492 0.170348
-0.031292 -0.005283 0.170348 0.066445
13.172594 1.169260 15.101590 2.236017
0.646344 0.146687 -0.145317 -0.024768
0.146687 0.056324 -0.025875 -0.003924
-0.145317 -0.025875 0.627615 0.142442
-0.024768 -0.003924 0.142442 0.057217
13.772606 1.176703 16.535427 2.306559
0.625549 0.136729 -0.108336 -0.015227
0.136729 0.052779 -0.016285 -0.001911
-0.108336 -0.016285 0.595832 0.131129
-0.015227 -0.001911 0.131129 0.053214
14.550395 1.213426 17.389808 2.244347
0.602003 0.127763 -0.078459 -0.008608
0.127763 0.050048 -0.009477 -0.000739
-0.078459 -0.009477 0.575355 0.123755
-0.008608 -0.000739 0.123755 0.050674
15.117444 1.204686 18.473428 2.235630
0.586685 0.121804 -0.058828 -0.004871
0.121804 0.048367 -0.005696 -0.000276
-0.058828 -0.005696 0.554362 0.117147
-0.004871 -0.000276 0.117147 0.048667
15.907640 1.239127 19.208768 2.157611
0.564987 0.115419 -0.046495 -0.003128
0.115419 0.046861 -0.003797 -0.000221
-0.046495 -0.003797 0.535607 0.111794
-0.003128 -0.000221 0.111794 0.047201
16.851704 1.306335 20.429146 2.190405
0.548306 0.110908 -0.041032 -0.002863
0.110908 0.045940 -0.003377 -0.000413
-0.041032 -0.003377 0.523091 0.108348
-0.002863 -0.000413 0.108348 0.046320
17.864579 1.380614 21.723394 2.234862
0.513903 0.103581 -0.021006 0.000315
0.103581 0.044600 -0.000160 0.000009
-0.021006 -0.000160 0.490738 0.101368
0.000315 0.000009 0.101368 0.044855
18.759493 1.419610 22.485470 2.162685
0.505958 0.102329 -0.005696 0.002567
0.102329 0.044597 0.002134 0.000300
-0.005696 0.002134 0.486386 0.100823
0.002567 0.000300 0.100823 0.044848
19.310550 1.383726 22.826952 2.007978
0.497429 0.101060 0.006276 0.004031
0.101060 0.044563 0.003640 0.000446
0.006276 0.003640 0.480536 0.099951
0.004031 0.000446 0.099951 0.044752
19.946386 1.370528 23.244630 1.885448
0.488172 0.099669 -0.002276 0.001222
0.099669 0.044466 0.000959 -0.000246
-0.002276 0.000959 0.474565 0.099011
0.001222 -0.000246 0.099011 0.044616
20.521205 1.347668 24.098545 1.866594
0.487089 0.100085 0.000898 0.001294
0.100085 0.044727 0.001076 -0.000248
0.000898 0.001076 0.477732 0.100074
0.001294 -0.000248 0.100074 0.044904
20.230786 1.148470 25.031977 1.865422
0.480717 0.099309 0.000457 0.000694
0.099309 0.044688 0.000524 -0.000368
0.000457 0.000524 0.474227 0.099579
0.000694 -0.000368 0.099579 0.044823
20.797398 1.147084 26.804751 2.042262
0.463363 0.096261 0.009756 0.002293
0.096261 0.044154 0.002139 -0.000004
0.009756 0.002139 0.475857 0.100179
0.002293 -0.000004 0.100179 0.044969
21.134220 1.097222 28.282942 2.138732
0.459233 0.096158 0.023436 0.004754
0.096158 0.044245 0.004600 0.000525
0.023436 0.004600 0.489194 0.103139
0.004754 0.000525 0.103139 0.045587
21.145682 0.984057 29.270725 2.122434
0.460591 0.097120 0.023412 0.004174
0.097120 0.044519 0.004037 0.000388
0.023412 0.004037 0.497254 0.104680
0.004174 0.000388 0.104680 0.045850
21.816592 1.022037 30.312927 2.117990
0.445532 0.094443 0.009548 0.000884
0.094443 0.043976 0.000705 -0.000286
0.009548 0.000705 0.498681 0.104718
0.000884 -0.000286 0.104718 0.045789
22.441877 1.046642 31.291962 2.100947
0.463870 0.099002 0.009176 0.000736
0.099002 0.044988 0.000575 -0.000236
0.009176 0.000575 0.522026 0.109334
0.000736 -0.000236 0.109334 0.046698
23.312172 1.120513 32.450047 2.122494
0.463079 0.098917 0.014447 0.001866
0.098917 0.044893 0.001723 0.000086
0.014447 0.001723 0.538239 0.112017
0.001866 0.000086 0.112017 0.047132
24.126793 1.174505 33.664906 2.153590
0.458315 0.097963 0.013406 0.001610
0.097963 0.044623 0.001446 0.000083
0.013406 0.001446 0.550038 0.113613
0.001610 0.000083 0.113613 0.047335
24.669729 1.164179 35.072235 2.221464
0.462119 0.098890 0.015054 0.001935
0.098890 0.044777 0.001762 0.000195
0.015054 0.001762 0.575643 0.117977
0.001935 0.000195 0.117977 0.048121
25.325963 1.182269 35.296942 2.041422
0.455767 0.097538 0.008268 0.000558
0.097538 0.044431 0.000375 -0.000045
0.008268 0.000375 0.557064 0.113061
0.000558 -0.000045 0.113061 0.046989
26.305530 1.266243 35.981865 1.972748
0.447051 0.095788 -0.000327 -0.001037
0.095788 0.044032 -0.001304 -0.000325
-0.000327 -0.001304 0.555015 0.112116
-0.001037 -0.000325 0.112116 0.046803
26.680528 1.212347 36.036304 1.785516
0.451026 0.096869 0.004722 0.000234
0.096869 0.044265 0.000091 0.000024
0.004722 0.000091 0.556396 0.112021
0.000234 0.000024 0.112021 0.046818
27.975072 1.360585 36.750752 1.748796
0.465500 0.100068 0.005540 0.000500
0.100068 0.044925 0.000402 0.000111
0.005540 0.000402 0.566005 0.113675
0.000500 0.000111 0.113675 0.047197
29.135576 1.462412 38.586421 1.940720
0.476490 0.102179 0.005921 0.000649
0.102179 0.045292 0.000561 0.000156
0.005921 0.000561 0.588829 0.117888
0.000649 0.000156 0.117888 0.048065
28.899612 1.256707 38.769947 1.785018
0.479788 0.102465 -0.005126 -0.001492
0.102465 0.045253 -0.001730 -0.000292
-0.005126 -0.001730 0.598767 0.119215
-0.001492 -0.000292 0.119215 0.048298
30.304484 1.422566 38.471744 1.548916
0.390430 0.083048 -0.009357 -0.002043
0.083048 0.041045 -0.002336 -0.000362
-0.009357 -0.002336 0.590078 0.116821
-0.002043 -0.000362 0.116821 0.047796
31.051392 1.430281 39.877499 1.673529
0.385100 0.083375 -0.011271 -0.002167
0.083375 0.041402 -0.002438 -0.000350
-0.011271 -0.002438 0.606941 0.119799
-0.002167 -0.000350 0.119799 0.048420
31.885309 1.456698 41.305889 1.789871
0.387456 0.085157 -0.004246 -0.000557
0.085157 0.041970 -0.000593 0.000033
-0.004246 -0.000593 0.645470 0.126835
-0.000557 0.000033 0.126835 0.049801
32.638222 1.462277 42.395948 1.827910
0.396941 0.088163 -0.002064 -0.000077
0.088163 0.042699 -0.000060 0.000117
-0.002064 -0.000060 0.636133 0.123948
-0.000077 0.000117 0.123948 0.049143
33.173492 1.418555 43.313061 1.828368
0.430001 0.095985 -0.003795 -0.000398
0.095985 0.044400 -0.000465 0.000016
-0.003795 -0.000465 0.630487 0.122190
-0.000398 0.000016 0.122190 0.048798
34.514310 1.559089 44.543539 1.889972
0.423015 0.094017 0.031191 0.006361
0.094017 0.043757 0.007301 0.001495
0.031191 0.007301 0.588863 0.113784
0.006361 0.001495 0.113784 0.047224
35.375645 1.577780 44.637530 1.724843
0.452141 0.100228 0.054366 0.010255
0.100228 0.045003 0.011705 0.002215
0.054366 0.011705 0.538194 0.104364
0.010255 0.002215 0.104364 0.045572
35.027525 1.331802 43.842112 1.402271
0.485154 0.106657 0.050216 0.008503
0.106657 0.046198 0.009726 0.001657
0.050216 0.009726 0.512861 0.100638
0.008503 0.001657 0.100638 0.045125
34.820217 1.144711 43.845929 1.266919
0.514891 0.111787 0.033731 0.004523
0.111787 0.047041 0.005298 0.000691
0.033731 0.005298 0.522984 0.104174
0.004523 0.000691 0.104174 0.046101
34.561098 0.965653 44.747287 1.324681
0.527974 0.112932 0.013936 0.000371
0.112932 0.047006 0.000714 -0.000193
0.013936 0.000714 0.544407 0.109527
0.000371 -0.000193 0.109527 0.047308
