2.171545 1.830731 1.287158 -0.377173
2.266203 0.906501 -0.463783 -0.185517
0.906501 80.366675 -0.185517 -0.074208
-0.463783 -0.185517 4.210814 1.684362
-0.185517 -0.074208 1.684362 80.677826
5.341757 5.782797 0.203097 -1.738937
3.225661 5.649045 -1.405308 -2.148577
5.649045 17.655908 -2.383729 -4.862775
-1.405308 -2.383729 2.717824 4.332858
-2.148577 -4.862775 4.332858 19.806528
3.626278 0.695777 -0.332715 -1.824748
2.244251 2.507660 0.428650 0.768990
2.507660 4.666284 0.531439 0.424290
0.428650 0.531439 1.133320 1.440195
0.768990 0.424290 1.440195 4.646701
7.040158 3.064654 1.527302 0.885258
1.877813 1.579910 -0.301736 -0.379951
1.579910 2.028039 -0.303128 -0.517974
-0.301736 -0.303128 0.811791 0.839630
-0.379951 -0.517974 0.839630 1.720332
7.135331 2.111448 2.681690 1.469210
1.707388 1.113868 -0.208901 -0.174026
1.113868 1.060439 -0.167651 -0.192937
-0.208901 -0.167651 1.100837 0.899036
-0.174026 -0.192937 0.899036 1.069702
7.944668 1.961336 4.602601 2.219968
1.148994 0.610741 -0.054772 -0.034530
0.610741 0.512789 -0.048115 -0.056354
-0.054772 -0.048115 1.168286 0.739376
-0.034530 -0.056354 0.739376 0.634398
8.360076 1.706732 5.316291 2.019091
0.960267 0.443046 -0.172845 -0.091658
0.443046 0.322739 -0.095560 -0.064787
-0.172845 -0.095560 1.302600 0.667080
-0.091658 -0.064787 0.667080 0.439562
9.180434 1.692816 6.404111 2.052565
0.928851 0.379267 -0.221907 -0.096841
0.379267 0.235448 -0.098215 -0.051572
-0.221907 -0.098215 1.273606 0.543917
-0.096841 -0.051572 0.543917 0.297644
9.360362 1.448942 8.231379 2.346615
0.796931 0.290486 -0.260230 -0.095866
0.290486 0.164785 -0.096500 -0.041370
-0.260230 -0.096500 1.108671 0.406625
-0.095866 -0.041370 0.406625 0.197272
9.620098 1.294011 9.245795 2.294158
0.841078 0.278787 -0.247397 -0.078457
0.278787 0.138213 -0.079049 -0.029205
-0.247397 -0.079049 1.055373 0.341564
-0.078457 -0.029205 0.341564 0.148887
11.498364 1.663164 9.458824 2.026180
0.752175 0.227326 -0.232202 -0.064992
0.227326 0.106346 -0.065539 -0.021449
-0.232202 -0.065539 0.938403 0.272890
-0.064992 -0.021449 0.272890 0.111877
11.929828 1.555029 11.114730 2.196055
0.713164 0.199576 -0.222534 -0.055780
0.199576 0.088306 -0.056610 -0.016624
-0.222534 -0.056610 0.834336 0.222053
-0.055780 -0.016624 0.222053 0.088079
12.302599 1.454845 12.966725 2.381450
0.685806 0.179524 -0.220246 -0.050195
0.179524 0.076101 -0.051488 -0.013727
-0.220246 -0.051488 0.738030 0.182704
-0.050195 -0.013727 0.182704 0.072047
13.257702 1.508230 13.824983 2.304752
0.665382 0.164873 -0.178910 -0.036387
0.164873 0.067809 -0.037020 -0.009160
-0.178910 -0.037020 0.702323 0.164741
-0.036387 -0.009160 0.164741 0.064150
14.201895 1.554031 15.008176 2.313623
0.639542 0.151103 -0.149236 -0.027471
0.151103 0.061277 -0.027872 -0.006535
-0.149236 -0.027872 0.657166 0.147450
-0.027471 -0.006535 0.147450 0.057813
15.616268 1.691492 15.427083 2.158638
0.614466 0.139867 -0.100515 -0.015641
0.139867 0.056567 -0.015295 -0.003512
-0.100515 -0.015295 0.647365 0.140723
-0.015641 -0.003512 0.140723 0.054893
16.422703 1.680366 16.290025 2.112257
0.606366 0.133728 -0.080015 -0.011138
0.133728 0.053717 -0.010778 -0.002524
-0.080015 -0.010778 0.630179 0.133199
-0.011138 -0.002524 0.133199 0.052253
16.732473 1.564650 17.223688 2.082152
0.571742 0.122683 -0.073899 -0.010324
0.122683 0.050283 -0.010201 -0.002486
-0.073899 -0.010201 0.577687 0.119356
-0.010324 -0.002486 0.119356 0.048708
17.867162 1.642381 18.601231 2.154122
0.554746 0.116983 -0.057712 -0.007270
0.116983 0.048525 -0.007129 -0.001865
-0.057712 -0.007129 0.555046 0.113453
-0.007270 -0.001865 0.113453 0.047277
18.148519 1.530396 19.782220 2.171270
0.531910 0.110876 -0.037487 -0.003657
0.110876 0.046953 -0.003557 -0.001184
-0.037487 -0.003557 0.519704 0.105709
-0.003657 -0.001184 0.105709 0.045656
18.498480 1.446664 21.215813 2.239621
0.522650 0.108284 -0.022702 -0.001283
0.108284 0.046305 -0.001216 -0.000760
-0.022702 -0.001216 0.501704 0.102245
-0.001283 -0.000760 0.102245 0.045054
19.628754 1.529829 22.171679 2.208106
0.496515 0.102506 -0.012241 0.000028
0.102506 0.045079 0.000113 -0.000564
-0.012241 0.000113 0.479521 0.098193
0.000028 -0.000564 0.098193 0.044360
20.056303 1.459015 23.023213 2.154699
0.486486 0.100548 -0.024309 -0.003197
0.100548 0.044741 -0.003138 -0.001274
-0.024309 -0.003138 0.468630 0.096677
-0.003197 -0.001274 0.096677 0.044198
20.576685 1.415093 23.952668 2.123216
0.477469 0.099085 -0.007886 -0.000083
0.099085 0.044547 -0.000041 -0.000578
-0.007886 -0.000041 0.461549 0.096095
-0.000083 -0.000578 0.096095 0.044226
20.987526 1.354107 25.383572 2.200074
0.487460 0.101633 -0.003562 0.000352
0.101633 0.045175 0.000395 -0.000473
-0.003562 0.000395 0.476935 0.100117
0.000352 -0.000473 0.100117 0.045168
21.600764 1.339968 25.921106 2.081561
0.496661 0.103735 0.006664 0.002074
0.103735 0.045638 0.002090 -0.000096
0.006664 0.002090 0.484350 0.101982
0.002074 -0.000096 0.101982 0.045545
21.983327 1.279900 26.775309 2.042169
0.494125 0.103149 0.002942 0.000772
0.103149 0.045491 0.000795 -0.000366
0.002942 0.000795 0.487382 0.102672
0.000772 -0.000366 0.102672 0.045629
22.788540 1.314486 27.442435 1.967588
0.486051 0.101462 0.018472 0.003749
0.101462 0.045129 0.003738 0.000300
0.018472 0.003738 0.484376 0.101990
0.003749 0.000300 0.101990 0.045418
22.573206 1.131662 28.699663 2.026337
0.458428 0.095828 0.028729 0.005442
0.095828 0.043969 0.005387 0.000655
0.028729 0.005387 0.479798 0.101016
0.005442 0.000655 0.101016 0.045164
24.103116 1.335032 29.595327 1.999064
0.435271 0.091646 0.014803 0.001994
0.091646 0.043204 0.001924 -0.000074
0.014803 0.001924 0.468025 0.098648
0.001994 -0.000074 0.098648 0.044650
24.884101 1.359275 30.563844 1.992172
0.437321 0.093053 0.012042 0.001260
0.093053 0.043641 0.001180 -0.000160
0.012042 0.001180 0.477027 0.100832
0.001260 -0.000160 0.100832 0.045129
25.769274 1.404944 31.018539 1.877060
0.428668 0.091897 0.009112 0.000648
0.091897 0.043447 0.000574 -0.000199
0.009112 0.000574 0.468621 0.099082
0.000648 -0.000199 0.099082 0.044724
25.851830 1.270801 32.035699 1.895467
0.425804 0.091987 0.000655 -0.001063
0.091987 0.043508 -0.001204 -0.000490
0.000655 -0.001204 0.482583 0.102230
-0.001063 -0.000490 0.102230 0.045393
26.087564 1.184533 32.714145 1.839405
0.431259 0.093739 -0.004737 -0.001964
0.093739 0.043891 -0.002117 -0.000584
-0.004737 -0.002117 0.492078 0.104084
-0.001964 -0.000584 0.104084 0.045722
26.400394 1.123460 33.741849 1.862589
0.444680 0.096952 -0.012217 -0.003236
0.096952 0.044537 -0.003422 -0.000768
-0.012217 -0.003422 0.513298 0.108235
-0.003236 -0.000768 0.108235 0.046515
27.028400 1.137691 35.010152 1.933153
0.437540 0.095293 -0.024769 -0.005445
0.095293 0.044055 -0.005711 -0.001152
-0.024769 -0.005711 0.530203 0.111091
-0.005445 -0.001152 0.111091 0.046980
27.394779 1.093481 35.817895 1.900003
0.434952 0.094755 -0.026320 -0.005193
0.094755 0.043867 -0.005417 -0.000987
-0.026320 -0.005417 0.535072 0.111223
-0.005193 -0.000987 0.111223 0.046865
27.721531 1.046199 37.203969 1.989683
0.423127 0.092219 -0.029837 -0.005462
0.092219 0.043259 -0.005633 -0.000972
-0.029837 -0.005633 0.553052 0.114150
-0.005462 -0.000972 0.114150 0.047373
28.210414 1.039039 38.330535 2.016577
0.431376 0.094285 -0.030917 -0.005227
0.094285 0.043708 -0.005374 -0.000873
-0.030917 -0.005374 0.563569 0.115359
-0.005227 -0.000873 0.115359 0.047515
28.760695 1.047805 39.989555 2.148932
0.436663 0.095444 -0.033050 -0.005301
0.095444 0.043907 -0.005401 -0.000861
-0.033050 -0.005401 0.585335 0.118857
-0.005301 -0.000861 0.118857 0.048144
29.129785 1.013009 40.800150 2.095209
0.437265 0.095444 -0.034459 -0.005294
0.095444 0.043837 -0.005433 -0.000868
-0.034459 -0.005433 0.576453 0.115962
-0.005294 -0.000868 0.115962 0.047463
29.682677 1.020728 41.257323 1.977173
0.398620 0.086923 -0.023820 -0.003092
0.086923 0.041931 -0.002925 -0.000412
-0.023820 -0.002925 0.557969 0.111630
-0.003092 -0.000412 0.111630 0.046605
30.503201 1.088472 42.121378 1.953578
0.414583 0.091153 -0.019959 -0.002248
0.091153 0.042977 -0.002133 -0.000288
-0.019959 -0.002133 0.550883 0.110062
-0.002248 -0.000288 0.110062 0.046386
31.322779 1.147617 42.695717 1.874180
0.411086 0.090611 -0.009042 -0.000176
0.090611 0.042853 0.000084 0.000092
-0.009042 0.000084 0.532940 0.106553
-0.000176 0.000092 0.106553 0.045805
32.064520 1.184542 43.576951 1.863522
0.398262 0.088011 0.002671 0.001848
0.088011 0.042275 0.002305 0.000445
0.002671 0.002305 0.523898 0.105161
0.001848 0.000445 0.105161 0.045684
32.794570 1.214413 44.192532 1.800064
0.397734 0.088323 0.012755 0.003444
0.088323 0.042378 0.003968 0.000687
0.012755 0.003968 0.502795 0.101421
0.003444 0.000687 0.101421 0.045075
33.430047 1.220874 45.257663 1.833647
0.431969 0.096243 0.002140 0.000789
0.096243 0.044140 0.000971 -0.000004
0.002140 0.000971 0.501926 0.102029
0.000789 -0.000004 0.102029 0.045360
33.790678 1.165010 45.107500 1.615292
0.437605 0.096953 0.005123 0.001185
0.096953 0.044131 0.001358 0.000069
0.005123 0.001358 0.457342 0.093561
0.001185 0.000069 0.093561 0.043733
34.165792 1.119313 46.334403 1.702339
0.465499 0.102536 -0.009028 -0.001968
0.102536 0.045225 -0.002005 -0.000633
-0.009028 -0.002005 0.468837 0.097295
-0.001968 -0.000633 0.097295 0.044711
34.650292 1.103011 47.609380 1.791023
0.498425 0.108663 -0.022571 -0.004677
0.108663 0.046358 -0.004827 -0.001159
-0.022571 -0.004827 0.473427 0.099073
-0.004677 -0.001159 0.099073 0.045143
