-0.365100 0.816051 4.022669 0.717055
2.934504 1.173827 -0.983930 -0.393580
1.173827 80.473608 -0.393580 -0.157436
-0.983930 -0.393580 4.481113 1.792484
-0.393580 -0.157436 1.792484 80.721076
1.411246 3.042847 2.784855 -1.731841
2.511132 4.211962 -1.233845 -1.785346
4.211962 16.631506 -1.822420 -5.064275
-1.233845 -1.822420 3.949095 6.217210
-1.785346 -5.064275 6.217210 23.221856
2.109032 2.161509 3.836040 0.392807
3.150098 3.601297 -1.857784 -1.941147
3.601297 6.303944 -2.085300 -2.947531
-1.857784 -2.085300 2.011866 2.179927
-1.941147 -2.947531 2.179927 5.665568
3.969368 2.837400 4.348857 0.836896
2.431641 1.979768 -1.216619 -0.865523
1.979768 2.437212 -0.900355 -0.972457
-1.216619 -0.900355 2.155787 2.013226
-0.865523 -0.972457 2.013226 3.001016
8.239047 4.656982 3.539673 0.146656
1.920296 1.225594 -0.826776 -0.464838
1.225594 1.183983 -0.476874 -0.449540
-0.826776 -0.476874 2.185763 1.579319
-0.464838 -0.449540 1.579319 1.620164
7.975850 3.297005 5.454255 1.123323
0.372253 0.200801 0.188028 0.125219
0.200801 0.335934 0.117262 -0.033781
0.188028 0.117262 1.406606 0.832848
0.125219 -0.033781 0.832848 0.743723
9.255155 3.083616 6.032952 1.156474
0.427993 0.246241 0.017768 -0.019470
0.246241 0.273458 -0.028836 -0.090853
0.017768 -0.028836 1.297246 0.654424
-0.019470 -0.090853 0.654424 0.478482
10.283754 2.798684 7.314790 1.495875
0.562957 0.292259 -0.062194 -0.066472
0.292259 0.230772 -0.066045 -0.080831
-0.062194 -0.066045 1.187257 0.516066
-0.066472 -0.080831 0.516066 0.320317
10.983470 2.501259 7.480044 1.316456
0.602048 0.271680 -0.192538 -0.105924
0.271680 0.174953 -0.111111 -0.074895
-0.192538 -0.111111 1.129795 0.434590
-0.105924 -0.074895 0.434590 0.234151
12.203062 2.492282 7.938066 1.251106
0.681716 0.267423 -0.220878 -0.100953
0.267423 0.143231 -0.102240 -0.055739
-0.220878 -0.102240 1.096824 0.373777
-0.100953 -0.055739 0.373777 0.177848
12.379343 2.130081 8.198286 1.171912
0.594020 0.205592 -0.248127 -0.091250
0.205592 0.101822 -0.094856 -0.041348
-0.248127 -0.094856 1.006234 0.308752
-0.091250 -0.041348 0.308752 0.135247
13.059963 2.008675 9.233197 1.302502
0.624637 0.194906 -0.238218 -0.077052
0.194906 0.087148 -0.078400 -0.029975
-0.238218 -0.078400 0.936680 0.262056
-0.077052 -0.029975 0.262056 0.107813
13.558583 1.864647 10.078912 1.357836
0.635064 0.180840 -0.221245 -0.063614
0.180840 0.075368 -0.063921 -0.021786
-0.221245 -0.063921 0.873091 0.225782
-0.063614 -0.021786 0.225782 0.089111
13.869936 1.702880 12.008309 1.662270
0.647842 0.170532 -0.193071 -0.050035
0.170532 0.067423 -0.049669 -0.015463
-0.193071 -0.049669 0.783584 0.189691
-0.050035 -0.015463 0.189691 0.074262
14.428971 1.631880 13.178958 1.740588
0.640686 0.157610 -0.172706 -0.040501
0.157610 0.060659 -0.040046 -0.011415
-0.172706 -0.040046 0.729030 0.167557
-0.040501 -0.011415 0.167557 0.065349
15.002439 1.579493 14.884132 1.924678
0.612997 0.142683 -0.125931 -0.026707
0.142683 0.054887 -0.026080 -0.007152
-0.125931 -0.026080 0.652059 0.143895
-0.026707 -0.007152 0.143895 0.057657
15.898296 1.607787 16.608524 2.089138
0.596712 0.132908 -0.107923 -0.020990
0.132908 0.051331 -0.020526 -0.005331
-0.107923 -0.020526 0.608311 0.130557
-0.020990 -0.005331 0.130557 0.053344
16.665924 1.603611 18.213098 2.207371
0.577905 0.124531 -0.070898 -0.012007
0.124531 0.048774 -0.011590 -0.003060
-0.070898 -0.011590 0.571829 0.120554
-0.012007 -0.003060 0.120554 0.050385
17.658399 1.640883 18.857343 2.112374
0.552085 0.116026 -0.051509 -0.007749
0.116026 0.046615 -0.007390 -0.002049
-0.051509 -0.007390 0.547013 0.114063
-0.007749 -0.002049 0.114063 0.048532
17.870850 1.514049 19.766133 2.078544
0.555687 0.114891 -0.042005 -0.005781
0.114891 0.046308 -0.005536 -0.001588
-0.042005 -0.005536 0.542407 0.112422
-0.005781 -0.001588 0.112422 0.047908
18.400707 1.465698 20.441062 2.002146
0.532227 0.108564 -0.046984 -0.007091
0.108564 0.045022 -0.006896 -0.001856
-0.046984 -0.006896 0.517159 0.106625
-0.007091 -0.001856 0.106625 0.046500
18.853987 1.409576 21.578835 2.029010
0.521073 0.105712 -0.036857 -0.005036
0.105712 0.044628 -0.004923 -0.001388
-0.036857 -0.004923 0.503860 0.103941
-0.005036 -0.001388 0.103941 0.045897
19.385355 1.374115 22.532835 2.015663
0.523822 0.106128 -0.024745 -0.002658
0.106128 0.044948 -0.002603 -0.000873
-0.024745 -0.002603 0.509403 0.105381
-0.002658 -0.000873 0.105381 0.046199
19.184993 1.194797 23.648491 2.034374
0.508569 0.103008 -0.002104 0.001643
0.103008 0.044529 0.001574 -0.000027
-0.002104 0.001574 0.491523 0.101820
0.001643 -0.000027 0.101820 0.045436
19.219648 1.079623 24.334235 1.963909
0.493595 0.100224 0.000320 0.001440
0.100224 0.044189 0.001372 -0.000139
0.000320 0.001372 0.475660 0.098879
0.001440 -0.000139 0.098879 0.044842
20.093257 1.148433 25.724601 2.049854
0.497956 0.101667 0.007645 0.002435
0.101667 0.044719 0.002363 0.000046
0.007645 0.002363 0.491233 0.102712
0.002435 0.000046 0.102712 0.045696
21.261261 1.269983 26.471309 1.991960
0.490275 0.100491 0.013922 0.003197
0.100491 0.044640 0.003117 0.000185
0.013922 0.003117 0.491791 0.102951
0.003197 0.000185 0.102951 0.045702
21.916908 1.274320 27.310178 1.959040
0.503055 0.103607 0.023398 0.004653
0.103607 0.045426 0.004552 0.000476
0.023398 0.004552 0.509862 0.106789
0.004653 0.000476 0.106789 0.046457
22.784701 1.322323 28.034155 1.905298
0.487305 0.100535 0.012892 0.001918
0.100535 0.044852 0.001849 -0.000095
0.012892 0.001849 0.503887 0.105226
0.001918 -0.000095 0.105226 0.046022
22.804518 1.190175 28.605174 1.827000
0.471872 0.097747 0.024588 0.004179
0.097747 0.044363 0.004082 0.000433
0.024588 0.004082 0.501453 0.104528
0.004179 0.000433 0.104528 0.045813
23.528978 1.216900 29.616102 1.846945
0.474624 0.099021 0.005267 -0.000219
0.099021 0.044752 -0.000334 -0.000471
0.005267 -0.000334 0.515889 0.107500
-0.000219 -0.000471 0.107500 0.046411
24.052169 1.199389 30.396393 1.817422
0.464101 0.097235 0.013397 0.001620
0.097235 0.044421 0.001514 0.000026
0.013397 0.001514 0.516754 0.107291
0.001620 0.000026 0.107291 0.046283
24.365458 1.139347 31.180287 1.792306
0.473274 0.099703 0.016741 0.002254
0.099703 0.044995 0.002156 0.000210
0.016741 0.002156 0.536131 0.110989
0.002254 0.000210 0.110989 0.046996
24.065129 0.954683 32.408433 1.862996
0.448609 0.094680 0.032074 0.005414
0.094680 0.043909 0.005323 0.000917
0.032074 0.005323 0.546531 0.112479
0.005414 0.000917 0.112479 0.047197
24.831580 1.015703 33.486992 1.892151
0.457452 0.097232 0.027457 0.004103
0.097232 0.044522 0.003945 0.000609
0.027457 0.003945 0.570007 0.116634
0.004103 0.000609 0.116634 0.047966
26.008171 1.157855 34.596162 1.922894
0.405520 0.086575 -0.005695 -0.002601
0.086575 0.042255 -0.003197 -0.000781
-0.005695 -0.003197 0.553569 0.112452
-0.002601 -0.000781 0.112452 0.047016
26.896696 1.223822 35.988041 2.009218
0.411279 0.089093 -0.015630 -0.004154
0.089093 0.042958 -0.004803 -0.000979
-0.015630 -0.004803 0.571149 0.115573
-0.004154 -0.000979 0.115573 0.047642
27.928900 1.315689 36.984735 2.007174
0.414413 0.090597 -0.020492 -0.004567
0.090597 0.043319 -0.005184 -0.000935
-0.020492 -0.005184 0.583969 0.117495
-0.004567 -0.000935 0.117495 0.047985
28.787666 1.359846 38.586894 2.126893
0.420274 0.092404 -0.019514 -0.003833
0.092404 0.043680 -0.004310 -0.000670
-0.019514 -0.004310 0.612079 0.122384
-0.003833 -0.000670 0.122384 0.048916
29.175288 1.294890 38.990500 1.995776
0.448423 0.098830 -0.023591 -0.004214
0.098830 0.045006 -0.004719 -0.000702
-0.023591 -0.004719 0.607581 0.120430
-0.004214 -0.000702 0.120430 0.048432
29.876973 1.307158 40.231170 2.043721
0.471158 0.103333 -0.025068 -0.004098
0.103333 0.045784 -0.004570 -0.000638
-0.025068 -0.004570 0.612734 0.120714
-0.004098 -0.000638 0.120714 0.048470
30.653054 1.331894 40.328725 1.862776
0.423333 0.092037 -0.019946 -0.002915
0.092037 0.043079 -0.003121 -0.000374
-0.019946 -0.003121 0.589270 0.115494
-0.002915 -0.000374 0.115494 0.047453
30.643518 1.184298 41.167787 1.842864
0.438098 0.095523 -0.024831 -0.003688
0.095523 0.043866 -0.003974 -0.000557
-0.024831 -0.003974 0.600973 0.117717
-0.003688 -0.000557 0.117717 0.047992
31.269423 1.192339 42.336231 1.891299
0.459680 0.100117 -0.025808 -0.003642
0.100117 0.044815 -0.003948 -0.000554
-0.025808 -0.003948 0.605543 0.118404
-0.003642 -0.000554 0.118404 0.048187
31.571724 1.123930 41.721568 1.585543
0.429345 0.093089 0.007028 0.002793
0.093089 0.043186 0.003295 0.000813
0.007028 0.003295 0.587104 0.114705
0.002793 0.000813 0.114705 0.047537
32.432012 1.189175 42.731653 1.628721
0.450104 0.097787 0.010457 0.003049
0.097787 0.044245 0.003476 0.000729
0.010457 0.003476 0.585313 0.114527
0.003049 0.000729 0.114527 0.047607
34.109989 1.424779 44.382169 1.793920
0.418616 0.090717 0.049269 0.010171
0.090717 0.042661 0.011348 0.002162
0.049269 0.011348 0.582195 0.114155
0.010171 0.002162 0.114155 0.047633
33.769525 1.196747 44.062097 1.556021
0.447746 0.097498 0.032874 0.005900
0.097498 0.044225 0.006549 0.001026
0.032874 0.006549 0.567372 0.111482
0.005900 0.001026 0.111482 0.047187
34.449603 1.213977 45.081570 1.603488
0.483155 0.104899 0.030266 0.004798
0.104899 0.045761 0.005348 0.000727
0.030266 0.005348 0.569953 0.112439
0.004798 0.000727 0.112439 0.047476
34.730488 1.144109 45.766732 1.581423
0.504376 0.108491 0.026546 0.003683
0.108491 0.046345 0.004175 0.000487
0.026546 0.004175 0.552926 0.109389
0.003683 0.000487 0.109389 0.046929
