3.185175 2.236192 2.666603 0.174617
1.804839 0.721951 -0.147422 -0.058970
0.721951 80.292853 -0.058970 -0.023589
-0.147422 -0.058970 3.744394 1.497790
-0.058970 -0.023589 1.497790 80.603196
3.417037 0.658258 4.764643 3.473805
3.504833 6.324456 -1.130317 -1.817534
6.324456 17.799775 -2.022943 -3.663330
-1.130317 -2.022943 1.719450 2.816663
-1.817534 -3.663330 2.816663 16.410249
3.775014 0.466901 2.023478 -2.469677
2.654946 2.832801 -0.697593 -0.625548
2.832801 4.581315 -0.607859 -0.755989
-0.697593 -0.607859 2.929656 3.811457
-0.625548 -0.755989 3.811457 7.181084
6.453848 2.410184 2.760757 -0.627816
2.196606 1.694542 -0.612073 -0.432360
1.694542 1.930999 -0.457810 -0.455331
-0.612073 -0.457810 0.841383 0.707798
-0.432360 -0.455331 0.707798 1.351037
6.184093 1.521387 3.337368 -0.024851
1.073996 0.659854 0.088945 0.126856
0.659854 0.722064 0.067641 0.013455
0.088945 0.067641 0.766357 0.592993
0.126856 0.013455 0.592993 0.791474
7.960963 2.055268 3.917095 0.358043
1.179774 0.632751 -0.053738 -0.025934
0.632751 0.520638 -0.046421 -0.065910
-0.053738 -0.046421 1.012281 0.642146
-0.025934 -0.065910 0.642146 0.574590
8.430309 1.785385 4.888922 0.769319
0.722194 0.331641 0.004762 0.001035
0.331641 0.266117 -0.016365 -0.032197
0.004762 -0.016365 1.093731 0.565851
0.001035 -0.032197 0.565851 0.390715
9.331618 1.785832 5.470863 0.854807
0.779488 0.325129 -0.074840 -0.039633
0.325129 0.212860 -0.049136 -0.038133
-0.074840 -0.049136 1.135642 0.493251
-0.039633 -0.038133 0.493251 0.279178
9.917758 1.674246 5.676735 0.775133
0.754746 0.282380 -0.113230 -0.049174
0.282380 0.161695 -0.055469 -0.031995
-0.113230 -0.055469 1.116127 0.416794
-0.049174 -0.031995 0.416794 0.203149
10.923055 1.726555 6.591335 0.946250
0.806090 0.272823 -0.162833 -0.059549
0.272823 0.135763 -0.063625 -0.028716
-0.162833 -0.063625 1.069108 0.351040
-0.059549 -0.028716 0.351040 0.152953
12.250395 1.862156 8.398490 1.334680
0.795006 0.244130 -0.151887 -0.048821
0.244130 0.110683 -0.051085 -0.020303
-0.151887 -0.051085 0.944667 0.277664
-0.048821 -0.020303 0.277664 0.113535
11.890705 1.498860 9.144247 1.359995
0.665426 0.187659 -0.193361 -0.053999
0.187659 0.083866 -0.056480 -0.018651
-0.193361 -0.056480 0.861628 0.231347
-0.053999 -0.018651 0.231347 0.090583
12.224213 1.389417 10.293729 1.476994
0.656568 0.173329 -0.181563 -0.045407
0.173329 0.073685 -0.047179 -0.013996
-0.181563 -0.047179 0.796600 0.198350
-0.045407 -0.013996 0.198350 0.075779
13.541192 1.548172 11.894226 1.680638
0.625806 0.155969 -0.148674 -0.033498
0.155969 0.064888 -0.034563 -0.009517
-0.148674 -0.034563 0.721215 0.168900
-0.033498 -0.009517 0.168900 0.064726
13.973375 1.463901 12.246279 1.569795
0.622550 0.147944 -0.133699 -0.027450
0.147944 0.059986 -0.028152 -0.007182
-0.133699 -0.028152 0.701973 0.156823
-0.027450 -0.007182 0.156823 0.059528
15.203998 1.580522 13.375190 1.646740
0.595769 0.135843 -0.122643 -0.023283
0.135843 0.055096 -0.023820 -0.005704
-0.122643 -0.023820 0.659682 0.141764
-0.023283 -0.005704 0.141764 0.054622
15.477954 1.466983 14.359081 1.677083
0.565672 0.124866 -0.113364 -0.020116
0.124866 0.051302 -0.020622 -0.004693
-0.113364 -0.020622 0.607685 0.126896
-0.020116 -0.004693 0.126896 0.050540
15.856730 1.396734 16.001587 1.840448
0.543390 0.117286 -0.091579 -0.014744
0.117286 0.048876 -0.015197 -0.003352
-0.091579 -0.015197 0.553985 0.113744
-0.014744 -0.003352 0.113744 0.047403
16.293400 1.344488 17.335033 1.923090
0.545689 0.116059 -0.066332 -0.009058
0.116059 0.048190 -0.009364 -0.002035
-0.066332 -0.009364 0.538415 0.109974
-0.009058 -0.002035 0.109974 0.046569
16.481569 1.244475 18.528376 1.966578
0.543646 0.113896 -0.075843 -0.011095
0.113896 0.047384 -0.011535 -0.002495
-0.075843 -0.011535 0.520265 0.105829
-0.011095 -0.002495 0.105829 0.045693
17.176684 1.260564 19.615835 1.988528
0.520037 0.107934 -0.051910 -0.006256
0.107934 0.045997 -0.006559 -0.001480
-0.051910 -0.006559 0.492997 0.100540
-0.006256 -0.001480 0.100540 0.044725
18.005578 1.298395 20.194498 1.904520
0.517195 0.106884 -0.041804 -0.004495
0.106884 0.045773 -0.004689 -0.001144
-0.041804 -0.004689 0.494444 0.101492
-0.004495 -0.001144 0.101492 0.045078
18.463376 1.260544 21.380206 1.951403
0.519770 0.107123 -0.033108 -0.003098
0.107123 0.045851 -0.003271 -0.000905
-0.033108 -0.003271 0.494768 0.102048
-0.003098 -0.000905 0.102048 0.045289
19.538286 1.352162 22.366299 1.956356
0.497663 0.102442 -0.004625 0.002174
0.102442 0.044946 0.002036 0.000108
-0.004625 0.002036 0.479177 0.099319
0.002174 0.000108 0.099319 0.044806
20.328518 1.376196 23.455578 1.980023
0.507589 0.104707 0.003567 0.003023
0.104707 0.045524 0.002911 0.000182
0.003567 0.002911 0.492962 0.102752
0.003023 0.000182 0.102752 0.045595
21.386879 1.452362 24.375444 1.966417
0.503758 0.103917 0.011846 0.003877
0.103917 0.045411 0.003783 0.000276
0.011846 0.003783 0.494559 0.103239
0.003877 0.000276 0.103239 0.045681
21.829059 1.393958 25.554570 2.006997
0.477665 0.098609 0.015940 0.003889
0.098609 0.044371 0.003815 0.000219
0.015940 0.003815 0.476800 0.099590
0.003889 0.000219 0.099590 0.044888
22.316263 1.350395 26.571778 2.009930
0.462240 0.095968 0.044177 0.009135
0.095968 0.043954 0.009016 0.001294
0.044177 0.009016 0.469475 0.098420
0.009135 0.001294 0.098420 0.044673
22.613567 1.271639 27.422137 1.978343
0.472895 0.098988 0.032833 0.005666
0.098988 0.044732 0.005578 0.000487
0.032833 0.005578 0.482609 0.101642
0.005666 0.000487 0.101642 0.045391
23.137311 1.249238 28.105382 1.914233
0.471791 0.099154 0.026014 0.003686
0.099154 0.044807 0.003609 0.000110
0.026014 0.003609 0.484153 0.102037
0.003686 0.000110 0.102037 0.045432
24.035055 1.304591 29.587666 2.023827
0.458829 0.096814 0.002597 -0.001438
0.096814 0.044345 -0.001585 -0.000885
0.002597 -0.001585 0.490313 0.103413
-0.001438 -0.000885 0.103413 0.045689
24.668355 1.301354 30.383078 1.978308
0.451878 0.095855 -0.014593 -0.004716
0.095855 0.044186 -0.004883 -0.001398
-0.014593 -0.004883 0.490248 0.103282
-0.004716 -0.001398 0.103282 0.045598
24.943051 1.220043 31.898987 2.089919
0.439997 0.093782 -0.011937 -0.003505
0.093782 0.043766 -0.003689 -0.000942
-0.011937 -0.003689 0.503943 0.105991
-0.003505 -0.000942 0.105991 0.046107
25.136267 1.131268 32.463180 1.989719
0.435946 0.093498 -0.013872 -0.003444
0.093498 0.043744 -0.003603 -0.000797
-0.013872 -0.003603 0.501726 0.105122
-0.003444 -0.000797 0.105122 0.045833
25.579305 1.104880 33.315394 1.959950
0.438454 0.094552 -0.019561 -0.004221
0.094552 0.043985 -0.004389 -0.000871
-0.019561 -0.004389 0.510226 0.106619
-0.004221 -0.000871 0.106619 0.046096
26.025093 1.081692 34.118861 1.923126
0.422039 0.091310 -0.027469 -0.005442
0.091310 0.043254 -0.005629 -0.001056
-0.027469 -0.005629 0.510757 0.106337
-0.005442 -0.001056 0.106337 0.045977
27.204529 1.221082 35.262584 1.962101
0.417844 0.090926 -0.042754 -0.008131
0.090926 0.043184 -0.008402 -0.001564
-0.042754 -0.008402 0.525243 0.109009
-0.008131 -0.001564 0.109009 0.046494
28.013901 1.265033 36.363289 1.987508
0.406493 0.088903 -0.050836 -0.009170
0.088903 0.042735 -0.009412 -0.001693
-0.050836 -0.009412 0.536358 0.110770
-0.009170 -0.001693 0.110770 0.046791
29.052284 1.354421 37.313600 1.980527
0.395026 0.086935 -0.056186 -0.009657
0.086935 0.042310 -0.009839 -0.001726
-0.056186 -0.009839 0.543883 0.111689
-0.009657 -0.001726 0.111689 0.046908
29.168760 1.229790 38.337287 1.983874
0.405995 0.090044 -0.055851 -0.008908
0.090044 0.043024 -0.009055 -0.001509
-0.055851 -0.009055 0.553895 0.113138
-0.008908 -0.001509 0.113138 0.047154
29.851745 1.242429 38.962426 1.909606
0.405735 0.090227 -0.053684 -0.008039
0.090227 0.042994 -0.008128 -0.001328
-0.053684 -0.008128 0.551695 0.112054
-0.008039 -0.001328 0.112054 0.046885
30.838240 1.325104 40.044882 1.938336
0.402715 0.089722 -0.048239 -0.006693
0.089722 0.042809 -0.006560 -0.001054
-0.048239 -0.006560 0.560715 0.113470
-0.006693 -0.001054 0.113470 0.047174
32.313639 1.503676 40.556165 1.852119
0.320636 0.071641 -0.023958 -0.002345
0.071641 0.038730 -0.001118 -0.000164
-0.023958 -0.001118 0.554282 0.111847
-0.002345 -0.000164 0.111847 0.046864
32.960358 1.482243 41.873086 1.930177
0.345391 0.079152 -0.027640 -0.003202
0.079152 0.040711 -0.002405 -0.000497
-0.027640 -0.002405 0.567827 0.114257
-0.003202 -0.000497 0.114257 0.047370
33.565181 1.453245 43.248656 2.011735
0.370762 0.085833 -0.028912 -0.003516
0.085833 0.042246 -0.003055 -0.000670
-0.028912 -0.003055 0.571533 0.114550
-0.003516 -0.000670 0.114550 0.047423
34.189038 1.427502 43.928686 1.945981
0.373970 0.086642 -0.009398 0.000218
0.086642 0.042273 0.000945 0.000076
-0.009398 0.000945 0.530290 0.106022
0.000218 0.000076 0.106022 0.045747
34.530492 1.342054 45.042482 1.972664
0.407528 0.094148 -0.022155 -0.002701
0.094148 0.043814 -0.002675 -0.000722
-0.022155 -0.002675 0.526046 0.105560
-0.002701 -0.000722 0.105560 0.045796
35.416321 1.390547 45.869880 1.941434
0.428666 0.098070 -0.007021 0.000243
0.098070 0.044427 0.000411 -0.000101
-0.007021 0.000411 0.482673 0.097341
0.000243 -0.000101 0.097341 0.044280
36.020096 1.371389 47.314526 2.037917
0.464769 0.104894 -0.020407 -0.002816
0.104894 0.045658 -0.003076 -0.000851
-0.020407 -0.003076 0.482677 0.098475
-0.002816 -0.000851 0.098475 0.044728
36.151001 1.248104 48.275482 2.024423
0.499124 0.110635 -0.043569 -0.007592
0.110635 0.046575 -0.008294 -0.001890
-0.043569 -0.008294 0.471649 0.097077
-0.007592 -0.001890 0.097077 0.044561
