2.509071 1.965745 3.634334 0.561718
1.912280 0.764929 -0.190544 -0.076219
0.764929 80.310045 -0.076219 -0.030488
-0.190544 -0.076219 3.613462 1.445416
-0.076219 -0.030488 1.445416 80.582246
6.760519 7.800809 1.185765 -3.906396
2.601823 4.657150 -1.396941 -2.271997
4.657150 15.055702 -2.455497 -4.524023
-1.396941 -2.455497 3.569253 5.888815
-2.271997 -4.524023 5.888815 21.182407
6.757170 3.416882 -0.280881 -3.733222
1.845280 2.108060 0.422744 0.668703
2.108060 3.963537 0.561546 0.548926
0.422744 0.561546 1.529748 1.800850
0.668703 0.548926 1.800850 4.821624
9.072824 3.818396 1.149059 -0.663885
1.654236 1.373957 0.228103 0.160913
1.373957 1.721385 0.161232 0.003430
0.228103 0.161232 0.913361 0.848496
0.160913 0.003430 0.848496 1.699288
8.953962 2.436091 2.303140 0.585775
1.031128 0.657780 0.326549 0.213422
0.657780 0.698553 0.170580 0.074802
0.326549 0.170580 1.010255 0.778911
0.213422 0.074802 0.778911 0.980163
9.754602 2.156757 3.693509 1.305684
1.025619 0.560577 0.164377 0.054376
0.560577 0.462934 0.043004 -0.008343
0.164377 0.043004 1.091764 0.687689
0.054376 -0.008343 0.687689 0.623560
9.302915 1.425550 4.740858 1.564770
0.456886 0.212504 0.069636 0.020250
0.212504 0.196386 -0.004275 -0.010434
0.069636 -0.004275 1.187599 0.616043
0.020250 -0.010434 0.616043 0.429277
10.203240 1.484660 6.551222 2.008578
0.572128 0.249757 -0.008173 -0.017643
0.249757 0.174680 -0.028637 -0.017255
-0.008173 -0.028637 1.135159 0.495378
-0.017643 -0.017255 0.495378 0.288270
10.532965 1.325314 7.436606 1.970012
0.515961 0.203376 -0.151154 -0.064497
0.203376 0.127513 -0.073101 -0.028720
-0.151154 -0.073101 1.029769 0.389379
-0.064497 -0.028720 0.389379 0.199333
10.034641 0.916577 7.492613 1.665621
0.463813 0.166201 -0.269968 -0.091889
0.166201 0.096226 -0.100259 -0.032544
-0.269968 -0.100259 0.932281 0.311614
-0.091889 -0.032544 0.311614 0.144887
10.789404 1.014876 8.259352 1.647992
0.522334 0.172304 -0.256292 -0.073483
0.172304 0.087055 -0.079561 -0.021684
-0.256292 -0.079561 0.917901 0.276290
-0.073483 -0.021684 0.276290 0.117107
11.199961 0.991507 9.657392 1.806479
0.563915 0.171245 -0.224566 -0.054778
0.171245 0.078278 -0.059562 -0.013727
-0.224566 -0.059562 0.853264 0.234471
-0.054778 -0.013727 0.234471 0.094220
11.522825 0.944871 10.761154 1.855552
0.576552 0.161717 -0.207674 -0.044465
0.161717 0.069272 -0.048815 -0.009973
-0.207674 -0.048815 0.776818 0.197497
-0.044465 -0.009973 0.197497 0.077435
12.439410 1.061985 11.607686 1.843442
0.572906 0.150133 -0.168180 -0.031043
0.150133 0.061916 -0.034168 -0.006014
-0.168180 -0.034168 0.723552 0.173162
-0.031043 -0.006014 0.173162 0.067106
13.200182 1.128337 13.116736 1.983302
0.574360 0.142000 -0.139051 -0.022259
0.142000 0.056979 -0.024912 -0.003873
-0.139051 -0.024912 0.671427 0.152952
-0.022259 -0.003873 0.152952 0.059580
13.847015 1.147255 14.055097 1.972830
0.575714 0.135470 -0.113813 -0.015712
0.135470 0.053471 -0.017824 -0.002471
-0.113813 -0.017824 0.643330 0.141158
-0.015712 -0.002471 0.141158 0.055197
14.488879 1.165352 15.228853 2.014252
0.576191 0.129977 -0.099464 -0.012434
0.129977 0.050905 -0.014300 -0.001968
-0.099464 -0.014300 0.616470 0.131246
-0.012434 -0.001968 0.131246 0.051918
14.884920 1.125969 16.365769 2.038849
0.583343 0.127073 -0.091087 -0.010710
0.127073 0.049434 -0.012431 -0.001797
-0.091087 -0.012431 0.600191 0.124928
-0.010710 -0.001797 0.124928 0.049905
15.370076 1.121222 18.395117 2.246510
0.574143 0.121658 -0.068287 -0.006412
0.121658 0.047803 -0.007994 -0.001115
-0.068287 -0.007994 0.559880 0.114785
-0.006412 -0.001115 0.114785 0.047464
15.778198 1.088552 19.434353 2.227463
0.554835 0.115204 -0.042080 -0.001921
0.115204 0.046271 -0.003229 -0.000407
-0.042080 -0.003229 0.525680 0.107147
-0.001921 -0.000407 0.107147 0.045844
16.284589 1.080428 20.509106 2.219105
0.560124 0.114667 -0.033807 -0.001141
0.114667 0.046166 -0.002207 -0.000413
-0.033807 -0.002207 0.530207 0.108028
-0.001141 -0.000413 0.108028 0.046093
17.018044 1.120107 21.685322 2.234367
0.536395 0.108701 -0.009855 0.002607
0.108701 0.045053 0.001732 0.000172
-0.009855 0.001732 0.505036 0.102939
0.002607 0.000172 0.102939 0.045133
18.117273 1.227557 22.555445 2.187305
0.515940 0.104064 -0.007014 0.001909
0.104064 0.044317 0.001270 -0.000124
-0.007014 0.001270 0.495237 0.101296
0.001909 -0.000124 0.101296 0.044918
18.531511 1.187114 23.607571 2.177830
0.500224 0.100989 -0.000181 0.002314
0.100989 0.043972 0.001781 -0.000131
-0.000181 0.001781 0.478575 0.098385
0.002314 -0.000131 0.098385 0.044448
19.021028 1.165971 24.675700 2.173209
0.498998 0.101195 0.006050 0.002775
0.101195 0.044304 0.002326 -0.000075
0.006050 0.002326 0.481634 0.099747
0.002775 -0.000075 0.099747 0.044871
20.466815 1.341759 25.818040 2.186151
0.487859 0.099376 0.009105 0.002654
0.099376 0.044167 0.002297 -0.000112
0.009105 0.002297 0.484955 0.100943
0.002654 -0.000112 0.100943 0.045190
21.120084 1.338160 26.861568 2.175800
0.490695 0.100572 0.019432 0.004209
0.100572 0.044629 0.003877 0.000223
0.019432 0.003877 0.496296 0.103635
0.004209 0.000223 0.103635 0.045774
21.673585 1.314510 27.838290 2.152690
0.480193 0.098867 0.028434 0.005466
0.098867 0.044423 0.005163 0.000493
0.028434 0.005163 0.494762 0.103321
0.005466 0.000493 0.103321 0.045665
22.190594 1.285503 28.890547 2.147980
0.460691 0.095431 0.023775 0.003903
0.095431 0.043852 0.003623 0.000182
0.023775 0.003623 0.494006 0.103200
0.003903 0.000182 0.103200 0.045610
22.775948 1.273569 29.943225 2.143703
0.451455 0.094342 0.025424 0.003905
0.094342 0.043777 0.003629 0.000240
0.025424 0.003629 0.500094 0.104486
0.003905 0.000240 0.104486 0.045850
23.231117 1.235799 30.872071 2.114511
0.453916 0.095725 0.020262 0.002534
0.095725 0.044191 0.002249 0.000008
0.020262 0.002249 0.515701 0.107647
0.002534 0.000008 0.107647 0.046466
24.753357 1.425663 32.473405 2.224221
0.446728 0.094872 -0.000275 -0.001790
0.094872 0.044070 -0.002195 -0.000824
-0.000275 -0.002195 0.530513 0.110397
-0.001790 -0.000824 0.110397 0.046960
25.451423 1.424468 32.969648 2.096843
0.430683 0.091991 0.006148 -0.000044
0.091991 0.043473 -0.000361 -0.000279
0.006148 -0.000361 0.526197 0.108851
-0.000044 -0.000279 0.108851 0.046517
25.206580 1.219196 33.708654 2.035569
0.429406 0.092443 0.012399 0.001434
0.092443 0.043615 0.001174 0.000125
0.012399 0.001174 0.548282 0.112976
0.001434 0.000125 0.112976 0.047312
25.880582 1.235970 33.635564 1.812027
0.440817 0.095473 0.019588 0.002923
0.095473 0.044271 0.002843 0.000503
0.019588 0.002843 0.542654 0.111073
0.002923 0.000503 0.111073 0.046818
26.181078 1.166609 34.701559 1.845484
0.431799 0.093689 0.019659 0.002879
0.093689 0.043808 0.002756 0.000500
0.019659 0.002756 0.555917 0.113321
0.002879 0.000500 0.113321 0.047249
27.072108 1.232424 36.049492 1.930912
0.439185 0.095585 0.018533 0.002569
0.095585 0.044180 0.002424 0.000440
0.018533 0.002424 0.573363 0.116274
0.002569 0.000440 0.116274 0.047803
28.640809 1.438524 37.508384 2.027793
0.404359 0.088100 -0.006871 -0.002474
0.088100 0.042482 -0.003123 -0.000639
-0.006871 -0.003123 0.582307 0.117377
-0.002474 -0.000639 0.117377 0.047970
28.928917 1.344096 38.379515 1.999912
0.423897 0.093115 -0.012805 -0.003259
0.093115 0.043645 -0.003907 -0.000704
-0.012805 -0.003907 0.607033 0.121579
-0.003259 -0.000704 0.121579 0.048759
29.384845 1.297096 38.753012 1.875635
0.408616 0.089865 -0.020452 -0.004310
0.089865 0.042858 -0.005000 -0.000835
-0.020452 -0.005000 0.604321 0.120024
-0.004310 -0.000835 0.120024 0.048361
30.084958 1.308700 40.607268 2.056584
0.420969 0.092968 -0.020432 -0.003811
0.092968 0.043534 -0.004364 -0.000637
-0.020432 -0.004364 0.629176 0.124200
-0.003811 -0.000637 0.124200 0.049165
30.301010 1.210275 40.022608 1.740040
0.415572 0.091775 -0.013234 -0.002035
0.091775 0.043189 -0.002319 -0.000207
-0.013234 -0.002319 0.602063 0.117919
-0.002035 -0.000207 0.117919 0.047877
31.456923 1.331966 40.839798 1.730654
0.387928 0.085762 0.000801 0.000818
0.085762 0.041814 0.001002 0.000413
0.000801 0.001002 0.606634 0.118562
0.000818 0.000413 0.118562 0.048085
32.340348 1.380841 42.115888 1.811061
0.402643 0.089682 0.007967 0.002111
0.089682 0.042754 0.002453 0.000631
0.007967 0.002453 0.622654 0.121440
0.002111 0.000631 0.121440 0.048716
32.417416 1.243761 42.588459 1.726436
0.418753 0.093420 0.010779 0.002431
0.093420 0.043540 0.002774 0.000617
0.010779 0.002774 0.625136 0.121485
0.002431 0.000617 0.121485 0.048748
32.548045 1.134375 42.236891 1.490952
0.453862 0.100955 0.005913 0.001247
0.100955 0.045096 0.001372 0.000282
0.005913 0.001372 0.607348 0.117680
0.001247 0.000282 0.117680 0.048046
33.266888 1.167770 42.998492 1.494071
0.467188 0.102880 0.020821 0.004015
0.102880 0.045279 0.004507 0.000863
0.020821 0.004507 0.619239 0.120036
0.004015 0.000863 0.120036 0.048603
33.975109 1.195089 43.453168 1.437354
0.475438 0.103584 0.031765 0.005782
0.103584 0.045225 0.006464 0.001177
0.031765 0.006464 0.600114 0.116198
0.005782 0.001177 0.116198 0.047910
34.686170 1.218057 45.112199 1.619713
0.514140 0.110933 0.025059 0.003957
0.110933 0.046665 0.004398 0.000690
0.025059 0.004398 0.619740 0.120272
0.003957 0.000690 0.120272 0.048812
36.684922 1.509404 48.088752 2.036942
0.547993 0.116545 0.028521 0.004326
0.116545 0.047628 0.004850 0.000753
0.028521 0.004850 0.605701 0.117429
0.004326 0.000753 0.117429 0.048284
