0.588281 1.197412 -0.514054 -1.097673
0.953242 0.381305 0.997112 0.398853
0.381305 80.156592 0.398853 0.159545
0.997112 0.398853 3.089097 1.235665
0.398853 0.159545 1.235665 80.498344
0.641655 0.028022 0.391251 1.427697
3.564345 6.932360 -1.773622 -3.346801
6.932360 16.860426 -3.597756 -3.696102
-1.773622 -3.597756 2.494268 4.408810
-3.346801 -3.696102 4.408810 17.742577
3.010686 2.755722 2.472368 3.583693
2.641597 2.696078 -1.656354 -1.628643
2.696078 3.481288 -1.496393 -0.952461
-1.656354 -1.496393 2.741919 3.182146
-1.628643 -0.952461 3.182146 5.573362
6.097338 4.010737 3.675284 3.326923
2.048677 1.485321 -0.915081 -0.493798
1.485321 1.360899 -0.487965 -0.093265
-0.915081 -0.487965 2.306994 1.909435
-0.493798 -0.093265 1.909435 2.217544
7.228059 3.426335 4.135028 2.434665
1.518721 0.853044 -0.501735 -0.172962
0.853044 0.624136 -0.160142 0.016750
-0.501735 -0.160142 2.116060 1.353102
-0.172962 0.016750 1.353102 1.154084
8.301234 3.169720 6.416062 2.948199
1.262275 0.583009 -0.315951 -0.073946
0.583009 0.356666 -0.076132 0.013842
-0.315951 -0.076132 1.696909 0.870911
-0.073946 0.013842 0.870911 0.606979
9.194236 2.865072 7.017514 2.527388
1.108297 0.433440 -0.328753 -0.085356
0.433440 0.229380 -0.084146 -0.010322
-0.328753 -0.084146 1.502882 0.643459
-0.085356 -0.010322 0.643459 0.376919
10.556458 2.808380 7.004809 2.039885
0.999713 0.341689 -0.327010 -0.081990
0.341689 0.161941 -0.079195 -0.015239
-0.327010 -0.079195 1.402912 0.518779
-0.081990 -0.015239 0.518779 0.262931
11.666300 2.728942 8.625692 2.230911
0.885896 0.272286 -0.234798 -0.047759
0.272286 0.120297 -0.048585 -0.007721
-0.234798 -0.048585 1.180050 0.387078
-0.047759 -0.007721 0.387078 0.180823
10.503977 1.983886 8.342138 1.735321
0.565925 0.154656 -0.371849 -0.095902
0.154656 0.073633 -0.088470 -0.023781
-0.371849 -0.088470 0.981936 0.285742
-0.095902 -0.023781 0.285742 0.126263
11.748648 2.056903 9.372237 1.789375
0.564713 0.148349 -0.306531 -0.067579
0.148349 0.067244 -0.064170 -0.015065
-0.306531 -0.064170 0.905867 0.244732
-0.067579 -0.015065 0.244732 0.102941
12.895604 2.086297 10.191249 1.773334
0.569743 0.143707 -0.260273 -0.049859
0.143707 0.062393 -0.048639 -0.010288
-0.260273 -0.048639 0.856340 0.216902
-0.049859 -0.010288 0.216902 0.087563
13.729624 2.047413 11.685187 1.917419
0.568838 0.138206 -0.205905 -0.033607
0.138206 0.058304 -0.034203 -0.006598
-0.205905 -0.034203 0.779853 0.186952
-0.033607 -0.006598 0.186952 0.074637
14.415200 1.958333 12.271876 1.820452
0.563866 0.131904 -0.177449 -0.026203
0.131904 0.054691 -0.027276 -0.005204
-0.177449 -0.027276 0.738170 0.168949
-0.026203 -0.005204 0.168949 0.066609
15.164342 1.902335 13.040662 1.782833
0.559645 0.126832 -0.146570 -0.019226
0.126832 0.052071 -0.020528 -0.003927
-0.146570 -0.020528 0.700007 0.154364
-0.019226 -0.003927 0.154364 0.060756
15.977062 1.878082 14.325011 1.865464
0.536150 0.118243 -0.117561 -0.013901
0.118243 0.049147 -0.015331 -0.003151
-0.117561 -0.015331 0.637553 0.136415
-0.013901 -0.003151 0.136415 0.055107
16.489693 1.796819 16.040897 2.023974
0.525894 0.113964 -0.079534 -0.006818
0.113964 0.047685 -0.008369 -0.001912
-0.079534 -0.008369 0.583925 0.122770
-0.006818 -0.001912 0.122770 0.051238
16.428332 1.594763 17.377136 2.076401
0.510887 0.108907 -0.070250 -0.006431
0.108907 0.046220 -0.008050 -0.002135
-0.070250 -0.008050 0.533950 0.110898
-0.006431 -0.002135 0.110898 0.048130
17.810601 1.713668 17.948472 1.987026
0.494054 0.104364 -0.048098 -0.003165
0.104364 0.045137 -0.004316 -0.001535
-0.048098 -0.004316 0.520261 0.108005
-0.003165 -0.001535 0.108005 0.047299
18.213135 1.613248 18.443488 1.877949
0.487623 0.102377 -0.049224 -0.004704
0.102377 0.044690 -0.005698 -0.001957
-0.049224 -0.005698 0.505845 0.104871
-0.004704 -0.001957 0.104871 0.046447
18.778666 1.563499 19.498788 1.899896
0.487369 0.102095 -0.039331 -0.003528
0.102095 0.044691 -0.004385 -0.001708
-0.039331 -0.004385 0.496861 0.103241
-0.003528 -0.001708 0.103241 0.046024
19.393848 1.529897 20.652631 1.941173
0.488567 0.102271 -0.019407 -0.000193
0.102271 0.044810 -0.000914 -0.000990
-0.019407 -0.000914 0.492063 0.102636
-0.000193 -0.000990 0.102636 0.045862
19.908927 1.479290 21.980458 2.014462
0.502500 0.105080 -0.006773 0.001536
0.105080 0.045460 0.000916 -0.000626
-0.006773 0.000916 0.501957 0.105002
0.001536 -0.000626 0.105002 0.046310
20.292614 1.403526 22.441316 1.898821
0.508890 0.106048 -0.002038 0.001559
0.106048 0.045666 0.001038 -0.000624
-0.002038 0.001038 0.505580 0.105714
0.001559 -0.000624 0.105714 0.046357
21.286082 1.463394 22.914659 1.800086
0.512223 0.106367 0.012010 0.003679
0.106367 0.045736 0.003241 -0.000154
0.012010 0.003241 0.510723 0.106666
0.003679 -0.000154 0.106666 0.046461
21.527775 1.361953 24.281232 1.896984
0.496031 0.102665 0.023810 0.005265
0.102665 0.044977 0.004904 0.000192
0.023810 0.004904 0.498302 0.103833
0.005265 0.000192 0.103833 0.045771
21.732600 1.262444 25.761451 2.008359
0.494977 0.102501 0.028113 0.005315
0.102501 0.045025 0.005005 0.000219
0.028113 0.005005 0.504972 0.105242
0.005315 0.000219 0.105242 0.046033
22.870801 1.366254 27.234731 2.104810
0.492247 0.102029 0.027915 0.004589
0.102029 0.045001 0.004310 0.000112
0.027915 0.004310 0.512015 0.106583
0.004589 0.000112 0.106583 0.046260
22.983136 1.247605 28.300766 2.109611
0.469668 0.097477 0.029152 0.004441
0.097477 0.044121 0.004155 0.000166
0.029152 0.004155 0.507397 0.105369
0.004441 0.000166 0.105369 0.045941
24.179902 1.366078 29.646403 2.167602
0.464032 0.096884 0.024029 0.003040
0.096884 0.044131 0.002760 -0.000041
0.024029 0.002760 0.511539 0.106135
0.003040 -0.000041 0.106135 0.046076
24.414942 1.275096 30.040471 2.026598
0.462773 0.097229 0.012307 0.000480
0.097229 0.044314 0.000215 -0.000462
0.012307 0.000215 0.511697 0.106040
0.000480 -0.000462 0.106040 0.046032
24.833665 1.228597 31.121846 2.041590
0.443278 0.093596 0.003604 -0.001074
0.093596 0.043610 -0.001429 -0.000643
0.003604 -0.001429 0.517561 0.107135
-0.001074 -0.000643 0.107135 0.046240
24.991305 1.130617 32.372604 2.090631
0.422554 0.089894 0.008158 0.000261
0.089894 0.042910 -0.000068 -0.000205
0.008158 -0.000068 0.518289 0.107031
0.000261 -0.000205 0.107031 0.046179
25.216753 1.057548 33.406667 2.089306
0.434647 0.093460 0.010327 0.000856
0.093460 0.043791 0.000572 0.000004
0.010327 0.000572 0.543045 0.111935
0.000856 0.000004 0.111935 0.047170
25.473889 0.998256 34.658437 2.132481
0.426456 0.092159 0.015442 0.002055
0.092159 0.043502 0.001838 0.000327
0.015442 0.001838 0.552240 0.113189
0.002055 0.000327 0.113189 0.047332
26.292810 1.068861 35.317695 2.048704
0.418817 0.091032 0.008446 0.000660
0.091032 0.043261 0.000356 0.000052
0.008446 0.000356 0.558272 0.113786
0.000660 0.000052 0.113786 0.047378
26.887188 1.081112 36.713420 2.123869
0.428843 0.093758 0.003438 -0.000234
0.093758 0.043856 -0.000581 -0.000099
0.003438 -0.000581 0.577942 0.117169
-0.000234 -0.000099 0.117169 0.048010
27.463142 1.088181 38.150106 2.199249
0.432229 0.094644 0.007312 0.000752
0.094644 0.043972 0.000509 0.000167
0.007312 0.000509 0.599550 0.120680
0.000752 0.000167 0.120680 0.048631
27.461186 0.970595 37.977503 1.946100
0.436176 0.095526 0.002148 -0.000185
0.095526 0.044078 -0.000461 -0.000011
0.002148 -0.000461 0.590343 0.117821
-0.000185 -0.000011 0.117821 0.047959
28.340399 1.056874 38.862470 1.928213
0.426657 0.093333 0.002421 0.000047
0.093333 0.043503 -0.000190 0.000069
0.002421 -0.000190 0.599277 0.118970
0.000047 0.000069 0.118970 0.048178
28.735184 1.027164 40.307495 2.023288
0.420952 0.092172 0.005865 0.000852
0.092172 0.043211 0.000711 0.000258
0.005865 0.000711 0.621954 0.122828
0.000852 0.000258 0.122828 0.048935
29.201652 1.017015 41.096208 1.979597
0.417761 0.091647 0.004894 0.000693
0.091647 0.043082 0.000565 0.000219
0.004894 0.000565 0.609313 0.119497
0.000693 0.000219 0.119497 0.048238
29.382769 0.946062 40.719549 1.712731
0.434095 0.095421 0.007000 0.001128
0.095421 0.043902 0.001099 0.000312
0.007000 0.001099 0.591297 0.115553
0.001128 0.000312 0.115553 0.047510
30.859182 1.166866 40.579788 1.517442
0.387755 0.085021 0.025145 0.004688
0.085021 0.041529 0.005074 0.001079
0.025145 0.005074 0.585633 0.114452
0.004688 0.001079 0.114452 0.047405
32.238820 1.341118 42.676983 1.778301
0.413873 0.091612 0.023317 0.003962
0.091612 0.043116 0.004236 0.000831
0.023317 0.004236 0.602699 0.117949
0.003962 0.000831 0.117949 0.048207
33.479172 1.463666 45.411085 2.137943
0.445063 0.098567 0.019967 0.003023
0.098567 0.044607 0.003186 0.000576
0.019967 0.003186 0.617990 0.120805
0.003023 0.000576 0.120805 0.048810
33.779939 1.369769 46.038854 2.052861
0.474218 0.104305 0.021677 0.003188
0.104305 0.045686 0.003477 0.000616
0.021677 0.003477 0.594270 0.115824
0.003188 0.000616 0.115824 0.047837
33.467548 1.155716 45.806872 1.809566
0.502393 0.109287 0.012077 0.001152
0.109287 0.046534 0.001319 0.000180
0.012077 0.001319 0.559666 0.109238
0.001152 0.000180 0.109238 0.046643
34.100313 1.168827 46.090228 1.687310
0.486324 0.104246 0.048505 0.008455
0.104246 0.045175 0.009336 0.001804
0.048505 0.009336 0.500555 0.098271
0.008455 0.001804 0.098271 0.044642
34.966127 1.225736 47.820799 1.863622
0.518331 0.110282 0.034634 0.005022
0.110282 0.046399 0.005638 0.000949
0.034634 0.005638 0.509462 0.101743
0.005022 0.000949 0.101743 0.045639
