5.351976 3.102931 -1.340473 -1.428248
1.939871 0.775965 -0.439519 -0.175811
0.775965 80.314459 -0.175811 -0.070326
-0.439519 -0.175811 4.589178 1.835711
-0.175811 -0.070326 1.835711 80.738367
5.839192 1.306545 1.272175 3.814080
3.143867 5.639302 -0.270443 -0.319748
5.639302 16.895386 -0.436202 -1.656256
-0.270443 -0.436202 1.428306 2.257215
-0.319748 -1.656256 2.257215 17.343231
8.148336 3.117935 1.791204 1.957137
2.664020 2.891302 -0.631513 -0.800345
2.891302 4.778346 -0.718542 -1.171812
-0.631513 -0.718542 2.466003 3.352964
-0.800345 -1.171812 3.352964 7.008695
7.707680 1.552757 2.945242 2.073313
1.695899 1.327626 -0.048848 -0.007489
1.327626 1.690020 -0.034620 -0.101659
-0.048848 -0.034620 1.976277 1.798699
-0.007489 -0.101659 1.798699 2.435837
6.948619 0.583204 4.207144 2.225115
0.666750 0.419186 0.219219 0.152316
0.419186 0.587267 0.128407 0.041840
0.219219 0.128407 1.701155 1.171493
0.152316 0.041840 1.171493 1.170289
7.721070 0.858118 5.629697 2.385207
0.755590 0.442936 -0.027696 -0.035946
0.442936 0.437769 -0.049740 -0.061985
-0.027696 -0.049740 1.576814 0.881355
-0.035946 -0.061985 0.881355 0.691440
8.349318 0.969779 6.051462 2.021821
0.800828 0.408148 -0.215313 -0.116786
0.408148 0.314495 -0.128792 -0.079158
-0.215313 -0.128792 1.405476 0.659532
-0.116786 -0.079158 0.659532 0.432339
8.799490 0.959376 6.147035 1.654313
0.924895 0.406942 -0.265963 -0.115887
0.406942 0.249235 -0.123930 -0.059744
-0.265963 -0.123930 1.388730 0.560677
-0.115887 -0.059744 0.560677 0.309844
9.964108 1.220671 7.894523 1.977085
0.837965 0.320163 -0.265031 -0.096124
0.320163 0.172994 -0.101643 -0.040680
-0.265031 -0.101643 1.175734 0.415840
-0.096124 -0.040680 0.415840 0.208437
9.715597 0.927716 8.707061 1.919546
0.820759 0.278493 -0.282203 -0.088024
0.278493 0.134032 -0.092624 -0.031607
-0.282203 -0.092624 1.055870 0.334713
-0.088024 -0.031607 0.334713 0.154244
10.463552 1.021762 10.730610 2.230288
0.792701 0.242688 -0.247213 -0.067137
0.242688 0.107203 -0.070553 -0.021219
-0.247213 -0.070553 0.913663 0.263987
-0.067137 -0.021219 0.263987 0.116144
11.181116 1.074309 11.113228 2.034188
0.752592 0.210593 -0.245222 -0.059822
0.210593 0.087795 -0.062711 -0.016976
-0.245222 -0.062711 0.823123 0.220242
-0.059822 -0.016976 0.220242 0.093457
12.806848 1.360339 12.152342 2.051700
0.675314 0.175451 -0.190987 -0.041225
0.175451 0.071989 -0.042949 -0.010664
-0.190987 -0.042949 0.739419 0.186114
-0.041225 -0.010664 0.186114 0.077855
13.113085 1.259237 12.380274 1.853736
0.624170 0.152611 -0.181367 -0.036361
0.152611 0.062225 -0.037684 -0.008827
-0.181367 -0.037684 0.676831 0.161851
-0.036361 -0.008827 0.161851 0.067359
13.352191 1.168788 13.472584 1.887072
0.596837 0.139137 -0.176510 -0.033132
0.139137 0.056471 -0.034381 -0.007645
-0.176510 -0.034381 0.625833 0.143674
-0.033132 -0.007645 0.143674 0.060068
14.110500 1.206489 14.261715 1.854627
0.551612 0.124197 -0.135902 -0.022612
0.124197 0.051517 -0.023565 -0.004986
-0.135902 -0.023565 0.572000 0.127774
-0.022612 -0.004986 0.127774 0.054575
14.724568 1.218217 15.881787 2.008866
0.528853 0.116206 -0.110825 -0.016565
0.116206 0.048842 -0.017555 -0.003630
-0.110825 -0.017555 0.528519 0.115851
-0.016565 -0.003630 0.115851 0.050707
14.993851 1.146968 17.107480 2.052341
0.541813 0.117090 -0.090335 -0.011679
0.117090 0.048519 -0.012685 -0.002535
-0.090335 -0.012685 0.528791 0.114775
-0.011679 -0.002535 0.114775 0.049729
15.387055 1.102917 17.697168 1.955166
0.540888 0.114960 -0.076011 -0.008893
0.114960 0.047648 -0.009780 -0.002018
-0.076011 -0.009780 0.524116 0.112582
-0.008893 -0.002018 0.112582 0.048647
15.920207 1.103875 19.101921 2.046547
0.527041 0.110517 -0.062273 -0.006643
0.110517 0.046457 -0.007496 -0.001688
-0.062273 -0.007496 0.500228 0.106490
-0.006643 -0.001688 0.106490 0.046898
16.457132 1.100185 20.070202 2.034648
0.519182 0.108107 -0.034626 -0.001477
0.108107 0.045901 -0.002291 -0.000704
-0.034626 -0.002291 0.490617 0.104239
-0.001477 -0.000704 0.104239 0.046218
17.275357 1.155189 21.011208 2.020935
0.517247 0.107114 -0.024070 -0.000286
0.107114 0.045688 -0.000950 -0.000579
-0.024070 -0.000950 0.493823 0.104704
-0.000286 -0.000579 0.104704 0.046156
17.951233 1.178732 22.532000 2.129673
0.503825 0.103917 -0.018173 -0.000140
0.103917 0.045056 -0.000690 -0.000664
-0.018173 -0.000690 0.480853 0.101644
-0.000140 -0.000664 0.101644 0.045362
18.327329 1.134293 23.504578 2.108958
0.496016 0.102277 -0.010344 0.000611
0.102277 0.044818 0.000128 -0.000564
-0.010344 0.000128 0.472201 0.099809
0.000611 -0.000564 0.099809 0.044919
19.118652 1.179547 24.243389 2.043039
0.473585 0.097862 0.014933 0.005079
0.097862 0.044035 0.004591 0.000327
0.014933 0.004591 0.454325 0.096240
0.005079 0.000327 0.096240 0.044163
20.101997 1.262001 25.870759 2.172588
0.471699 0.098019 0.009724 0.002895
0.098019 0.044231 0.002542 -0.000184
0.009724 0.002542 0.465695 0.099066
0.002895 -0.000184 0.099066 0.044798
20.646875 1.244018 26.938764 2.168670
0.470628 0.098290 0.019923 0.004374
0.098290 0.044407 0.004048 0.000150
0.019923 0.004048 0.471451 0.100378
0.004374 0.000150 0.100378 0.045043
21.497426 1.291494 28.315140 2.230547
0.473716 0.099377 0.009176 0.001385
0.099377 0.044719 0.001133 -0.000460
0.009176 0.001133 0.487187 0.103669
0.001385 -0.000460 0.103669 0.045688
22.289818 1.322910 29.162064 2.173393
0.461818 0.097110 0.023000 0.004061
0.097110 0.044269 0.003820 0.000204
0.023000 0.003820 0.484101 0.102597
0.004061 0.000204 0.102597 0.045347
22.886194 1.309185 30.238235 2.171343
0.457243 0.096626 0.008994 0.000663
0.096626 0.044234 0.000438 -0.000468
0.008994 0.000438 0.490948 0.103829
0.000663 -0.000468 0.103829 0.045556
23.265012 1.251672 30.975167 2.098580
0.459543 0.097515 0.015187 0.001935
0.097515 0.044457 0.001753 -0.000079
0.015187 0.001753 0.496509 0.104635
0.001935 -0.000079 0.104635 0.045656
23.810556 1.234112 32.174264 2.130286
0.447639 0.095250 0.015447 0.001924
0.095250 0.043977 0.001717 -0.000003
0.015447 0.001717 0.504930 0.106021
0.001924 -0.000003 0.106021 0.045890
24.237123 1.194284 32.952857 2.070934
0.432640 0.092492 0.010347 0.000846
0.092492 0.043421 0.000616 -0.000153
0.010347 0.000616 0.502995 0.105171
0.000846 -0.000153 0.105171 0.045655
24.198964 1.059221 33.409900 1.952138
0.439761 0.094673 0.001844 -0.000872
0.094673 0.043952 -0.001101 -0.000436
0.001844 -0.001101 0.505376 0.105375
-0.000872 -0.000436 0.105375 0.045681
25.050204 1.128710 34.378732 1.949899
0.405203 0.087568 -0.018732 -0.004820
0.087568 0.042410 -0.005246 -0.001183
-0.018732 -0.005246 0.504684 0.104992
-0.004820 -0.001183 0.104992 0.045601
25.768407 1.162658 34.975313 1.871222
0.412231 0.090029 -0.021910 -0.004890
0.090029 0.043044 -0.005262 -0.001047
-0.021910 -0.005262 0.508758 0.105636
-0.004890 -0.001047 0.105636 0.045741
26.019791 1.090161 35.902040 1.869232
0.421995 0.092710 -0.026166 -0.005231
0.092710 0.043630 -0.005581 -0.001014
-0.026166 -0.005581 0.523675 0.108503
-0.005231 -0.001014 0.108503 0.046337
26.711617 1.122631 36.948876 1.892628
0.424001 0.093319 -0.026220 -0.004742
0.093319 0.043687 -0.005007 -0.000826
-0.026220 -0.005007 0.536938 0.110794
-0.004742 -0.000826 0.110794 0.046771
27.550046 1.183181 37.668031 1.846646
0.418464 0.092130 -0.032169 -0.005599
0.092130 0.043336 -0.005877 -0.000979
-0.032169 -0.005877 0.541096 0.111042
-0.005599 -0.000979 0.111042 0.046762
28.985936 1.368863 38.382290 1.806674
0.399296 0.087998 -0.039620 -0.006790
0.087998 0.042364 -0.007056 -0.001208
-0.039620 -0.007056 0.546141 0.111522
-0.006790 -0.001208 0.111522 0.046822
29.387097 1.306627 39.444351 1.837776
0.398421 0.088279 -0.041476 -0.006731
0.088279 0.042449 -0.006926 -0.001154
-0.041476 -0.006926 0.557907 0.113425
-0.006731 -0.001154 0.113425 0.047191
31.593537 1.651255 40.012689 1.774661
0.304989 0.067898 -0.023045 -0.003114
0.067898 0.037918 -0.002435 -0.000346
-0.023045 -0.002435 0.554487 0.112248
-0.003114 -0.000346 0.112248 0.046939
32.236826 1.608354 40.724429 1.738275
0.329687 0.075862 -0.026999 -0.003777
0.075862 0.040091 -0.003479 -0.000584
-0.026999 -0.003479 0.553928 0.111727
-0.003777 -0.000584 0.111727 0.046839
33.026310 1.603907 41.393852 1.697963
0.365085 0.085252 -0.030386 -0.004252
0.085252 0.042303 -0.004332 -0.000758
-0.030386 -0.004332 0.548876 0.110427
-0.004252 -0.000758 0.110427 0.046606
34.146257 1.680603 42.705089 1.792671
0.374448 0.087426 -0.019066 -0.001900
0.087426 0.042591 -0.001616 -0.000240
-0.019066 -0.001616 0.554617 0.111557
-0.001900 -0.000240 0.111557 0.046905
34.997737 1.684302 43.839728 1.840626
0.398361 0.092638 -0.015788 -0.001339
0.092638 0.043559 -0.001167 -0.000205
-0.015788 -0.001167 0.544362 0.109355
-0.001339 -0.000205 0.109355 0.046500
35.829924 1.679727 44.191383 1.726196
0.431361 0.099312 -0.019531 -0.002214
0.099312 0.044786 -0.002455 -0.000509
-0.019531 -0.002455 0.510241 0.102562
-0.002214 -0.000509 0.102562 0.045202
36.806545 1.711875 45.361392 1.788860
0.470585 0.106668 -0.027228 -0.003791
0.106668 0.046085 -0.004340 -0.000899
-0.027228 -0.004340 0.503026 0.101785
-0.003791 -0.000899 0.101785 0.045209
37.442093 1.662244 46.088609 1.753934
0.501483 0.111407 -0.042919 -0.006892
0.111407 0.046724 -0.007798 -0.001585
-0.042919 -0.007798 0.485661 0.098903
-0.006892 -0.001585 0.098903 0.044745
37.716500 1.542463 47.346157 1.829848
0.529277 0.115086 -0.068109 -0.011697
0.115086 0.047144 -0.012814 -0.002546
-0.068109 -0.012814 0.493966 0.101406
-0.011697 -0.002546 0.101406 0.045379
