3.802639 2.483183 3.560142 0.532041
0.908964 0.363594 0.693839 0.277542
0.363594 80.149507 0.277542 0.111019
0.693839 0.277542 2.884058 1.153648
0.277542 0.111019 1.153648 80.465536
3.810493 0.247133 2.146403 -2.270671
3.376861 6.478570 -0.928599 -1.812534
6.478570 15.754786 -1.975469 -1.648942
-0.928599 -1.975469 3.246670 5.631934
-1.812534 -1.648942 5.631934 19.247905
4.733292 1.093327 1.151288 -2.052584
3.080725 3.190313 -1.089125 -1.003994
3.190313 4.099688 -1.041601 -0.488068
-1.089125 -1.041601 2.353204 2.582791
-1.003994 -0.488068 2.582791 5.027578
6.076517 1.789923 2.028351 -0.350904
2.269133 1.653324 -0.292940 -0.044206
1.653324 1.528369 -0.166217 0.143512
-0.292940 -0.166217 0.853049 0.703504
-0.044206 0.143512 0.703504 1.380824
5.221265 0.827204 2.354396 -0.097634
1.810039 1.023474 -0.040825 0.094830
1.023474 0.749954 0.032043 0.141368
-0.040825 0.032043 0.946806 0.704100
0.094830 0.141368 0.704100 0.874502
7.237699 1.618608 3.540122 0.724124
1.468696 0.675955 -0.081000 0.013894
0.675955 0.415999 -0.001617 0.046567
-0.081000 -0.001617 0.882819 0.534763
0.013894 0.046567 0.534763 0.502372
7.712961 1.534487 5.480031 1.520467
1.355406 0.530648 -0.131606 -0.025399
0.530648 0.279815 -0.022514 0.013023
-0.131606 -0.022514 0.973651 0.493707
-0.025399 0.013023 0.493707 0.355392
9.754028 1.975806 6.307402 1.580426
1.133569 0.387926 -0.144604 -0.035430
0.387926 0.186600 -0.025186 0.002172
-0.144604 -0.025186 1.052632 0.453861
-0.035430 0.002172 0.453861 0.264930
9.383432 1.555364 7.112941 1.559191
0.651323 0.197213 -0.236951 -0.076082
0.197213 0.102687 -0.053886 -0.014687
-0.236951 -0.053886 1.025811 0.380696
-0.076082 -0.014687 0.380696 0.191374
9.827209 1.479397 9.012896 1.924974
0.614298 0.174899 -0.243318 -0.068134
0.174899 0.085942 -0.053155 -0.013564
-0.243318 -0.053155 0.930359 0.304459
-0.068134 -0.013564 0.304459 0.139077
10.980068 1.600846 10.309946 2.034490
0.608287 0.165322 -0.180982 -0.041294
0.165322 0.076539 -0.033046 -0.006639
-0.180982 -0.033046 0.860078 0.254713
-0.041294 -0.006639 0.254713 0.108559
11.873253 1.617581 10.918701 1.923835
0.601290 0.154726 -0.196456 -0.042035
0.154726 0.068329 -0.036612 -0.007714
-0.196456 -0.036612 0.803090 0.217264
-0.042035 -0.007714 0.217264 0.088000
13.054559 1.702199 11.390860 1.805599
0.602228 0.147877 -0.193630 -0.037922
0.147877 0.062818 -0.034105 -0.006903
-0.193630 -0.034105 0.787865 0.198070
-0.037922 -0.006903 0.198070 0.076646
13.363454 1.566935 12.042960 1.735152
0.601433 0.141714 -0.181310 -0.032403
0.141714 0.058593 -0.030119 -0.005838
-0.181310 -0.030119 0.749952 0.177080
-0.032403 -0.005838 0.177080 0.067240
14.527200 1.656468 12.981073 1.758087
0.555315 0.126562 -0.134171 -0.020709
0.126562 0.053226 -0.019268 -0.003510
-0.134171 -0.019268 0.673766 0.151567
-0.020709 -0.003510 0.151567 0.058703
15.245048 1.637340 14.208206 1.832767
0.561130 0.124979 -0.100571 -0.012736
0.124979 0.051731 -0.011951 -0.002008
-0.100571 -0.011951 0.646597 0.140467
-0.012736 -0.002008 0.140467 0.054698
15.539556 1.525011 15.319813 1.866558
0.550622 0.119939 -0.075328 -0.007842
0.119939 0.049741 -0.007553 -0.001336
-0.075328 -0.007553 0.602428 0.127278
-0.007842 -0.001336 0.127278 0.050879
16.240166 1.512841 16.341417 1.884189
0.551309 0.117653 -0.080471 -0.009626
0.117653 0.048606 -0.009645 -0.002003
-0.080471 -0.009645 0.586626 0.121398
-0.009626 -0.002003 0.121398 0.049066
16.310375 1.376481 18.035936 2.030894
0.544951 0.114847 -0.043799 -0.002604
0.114847 0.047695 -0.002816 -0.000725
-0.043799 -0.002816 0.545118 0.111613
-0.002604 -0.000725 0.111613 0.046845
16.933063 1.359768 18.744124 1.967435
0.535840 0.111551 -0.038723 -0.002672
0.111551 0.046767 -0.002883 -0.000943
-0.038723 -0.002883 0.529641 0.107902
-0.002672 -0.000943 0.107902 0.046045
17.463569 1.327368 19.546426 1.929204
0.508851 0.105244 -0.011648 0.001769
0.105244 0.045402 0.001616 -0.000181
-0.011648 0.001616 0.494838 0.100869
0.001769 -0.000181 0.100869 0.044697
17.757158 1.252863 20.837039 1.993848
0.507077 0.104739 0.002784 0.003592
0.104739 0.045363 0.003435 0.000065
0.002784 0.003435 0.483665 0.099193
0.003592 0.000065 0.099193 0.044526
18.404814 1.258319 22.129679 2.054961
0.498913 0.102964 0.009679 0.003855
0.102964 0.045061 0.003726 0.000023
0.009679 0.003726 0.474776 0.098027
0.003855 0.000023 0.098027 0.044433
18.873336 1.224559 22.800730 1.980587
0.491162 0.101448 0.002922 0.001460
0.101448 0.044832 0.001368 -0.000514
0.002922 0.001368 0.468358 0.097368
0.001460 -0.000514 0.097368 0.044414
19.467106 1.221011 24.475011 2.123741
0.475416 0.098444 0.012538 0.002878
0.098444 0.044311 0.002787 -0.000177
0.012538 0.002787 0.459388 0.096160
0.002878 -0.000177 0.096160 0.044252
19.995565 1.203807 25.679091 2.153786
0.477923 0.099491 0.007412 0.001202
0.099491 0.044657 0.001137 -0.000489
0.007412 0.001137 0.467548 0.098569
0.001202 -0.000489 0.098569 0.044833
20.389190 1.161263 26.109357 2.017257
0.487309 0.101822 0.007277 0.000851
0.101822 0.045217 0.000800 -0.000479
0.007277 0.000800 0.475891 0.100686
0.000851 -0.000479 0.100686 0.045273
20.858625 1.138590 26.805687 1.951321
0.485062 0.101453 0.010494 0.001351
0.101453 0.045148 0.001287 -0.000282
0.010494 0.001287 0.481622 0.101974
0.001351 -0.000282 0.101974 0.045486
21.407002 1.134888 27.473477 1.886216
0.480625 0.100672 -0.000053 -0.001035
0.100672 0.044999 -0.001081 -0.000701
-0.000053 -0.001081 0.484926 0.102618
-0.001035 -0.000701 0.102618 0.045550
21.853484 1.108575 28.897496 1.988058
0.462532 0.097031 0.010286 0.001305
0.097031 0.044246 0.001217 -0.000089
0.010286 0.001217 0.485592 0.102585
0.001305 -0.000089 0.102585 0.045462
23.149002 1.264698 29.985255 2.006314
0.456390 0.096237 0.005604 0.000246
0.096237 0.044152 0.000147 -0.000256
0.005604 0.000147 0.493505 0.104116
0.000246 -0.000256 0.104116 0.045727
24.253750 1.364680 31.068958 2.022350
0.447765 0.094927 -0.004494 -0.001810
0.094927 0.043933 -0.001941 -0.000621
-0.004494 -0.001941 0.503048 0.105857
-0.001810 -0.000621 0.105857 0.046023
25.153468 1.411359 31.839495 1.971623
0.423488 0.090327 -0.027687 -0.006378
0.090327 0.043009 -0.006595 -0.001494
-0.027687 -0.006595 0.499592 0.104739
-0.006378 -0.001494 0.104739 0.045710
25.709688 1.379232 33.245262 2.059413
0.425532 0.091661 -0.021363 -0.004387
0.091661 0.043395 -0.004518 -0.000907
-0.021363 -0.004518 0.519673 0.108667
-0.004387 -0.000907 0.108667 0.046491
26.440190 1.388433 34.588478 2.124663
0.436016 0.094565 -0.016755 -0.003009
0.094565 0.044049 -0.003056 -0.000531
-0.016755 -0.003056 0.546341 0.113614
-0.003009 -0.000531 0.113614 0.047427
26.566943 1.262911 34.242772 1.833466
0.437880 0.095190 -0.023172 -0.004105
0.095190 0.044122 -0.004232 -0.000753
-0.023172 -0.004232 0.536891 0.110667
-0.004105 -0.000753 0.110667 0.046671
26.592562 1.130510 34.925542 1.784177
0.446967 0.097284 -0.016586 -0.002446
0.097284 0.044507 -0.002438 -0.000353
-0.016586 -0.002438 0.558516 0.114532
-0.002446 -0.000353 0.114532 0.047425
27.943173 1.303151 36.664054 1.958312
0.398513 0.086578 -0.026536 -0.004493
0.086578 0.042066 -0.004474 -0.000810
-0.026536 -0.004474 0.575756 0.117169
-0.004493 -0.000810 0.117169 0.047875
28.547761 1.292557 37.545831 1.938512
0.414194 0.090912 -0.022375 -0.003343
0.090912 0.043128 -0.003238 -0.000530
-0.022375 -0.003238 0.597688 0.120646
-0.003343 -0.000530 0.120646 0.048495
29.011202 1.254285 39.194196 2.073826
0.418736 0.092236 -0.020326 -0.002807
0.092236 0.043394 -0.002604 -0.000414
-0.020326 -0.002604 0.627924 0.125563
-0.002807 -0.000414 0.125563 0.049380
29.744877 1.273483 38.790512 1.789179
0.414337 0.091420 -0.006798 -0.000105
0.091420 0.043159 0.000344 0.000139
-0.006798 0.000344 0.615975 0.121826
-0.000105 0.000139 0.121826 0.048518
30.597466 1.324037 40.819475 2.012475
0.380976 0.084188 -0.008293 -0.000693
0.084188 0.041513 -0.000217 -0.000059
-0.008293 -0.000217 0.644439 0.126533
-0.000693 -0.000059 0.126533 0.049431
31.953036 1.480252 42.488092 2.142805
0.391258 0.087336 0.011057 0.002959
0.087336 0.042313 0.003895 0.000708
0.011057 0.003895 0.654676 0.127423
0.002959 0.000708 0.127423 0.049559
31.592962 1.232758 42.799462 1.995013
0.395838 0.088717 0.002412 0.000856
0.088717 0.042598 0.001303 0.000119
0.002412 0.001303 0.629009 0.121418
0.000856 0.000119 0.121418 0.048373
32.335890 1.261220 43.867274 2.008606
0.425053 0.095423 0.002890 0.000760
0.095423 0.044041 0.001104 0.000061
0.002890 0.001104 0.607789 0.116991
0.000760 0.000061 0.116991 0.047625
33.573057 1.396896 45.731549 2.174397
0.456359 0.101840 0.013392 0.002625
0.101840 0.045281 0.003214 0.000460
0.013392 0.003214 0.597631 0.115176
0.002625 0.000460 0.115176 0.047445
33.908010 1.317088 45.269581 1.875150
0.474463 0.104663 0.035591 0.006613
0.104663 0.045632 0.007721 0.001299
0.035591 0.007721 0.529693 0.102369
0.006613 0.001299 0.102369 0.045140
35.527676 1.525941 46.600587 1.950390
0.482471 0.105071 0.052955 0.009417
0.105071 0.045472 0.010772 0.001818
0.052955 0.010772 0.485960 0.095216
0.009417 0.001818 0.095216 0.044061
36.714671 1.615709 48.073229 2.048374
0.516704 0.111308 0.042231 0.006394
0.111308 0.046658 0.007502 0.001051
0.042231 0.007502 0.472059 0.094425
0.006394 0.001051 0.094425 0.044253
38.250730 1.766443 50.051090 2.239542
0.556645 0.118240 0.027001 0.002751
0.118240 0.047924 0.003750 0.000265
0.027001 0.003750 0.463232 0.094479
0.002751 0.000265 0.094479 0.044510
