2.198321 1.841442 3.445392 0.486140
2.057373 0.822967 -0.261218 -0.104489
0.822967 80.333261 -0.104489 -0.041797
-0.261218 -0.104489 3.629185 1.451705
-0.104489 -0.041797 1.451705 80.584761
3.391868 2.264125 0.713484 -4.431775
3.224441 5.728890 -1.287577 -2.061230
5.728890 17.337913 -2.216883 -4.266820
-1.287577 -2.216883 3.782705 6.232795
-2.061230 -4.266820 6.232795 21.771819
6.710291 4.753479 0.989145 -1.482669
2.669854 2.907876 -0.504333 -0.393950
2.907876 4.888950 -0.520952 -0.702906
-0.504333 -0.520952 0.857007 0.932447
-0.393950 -0.702906 0.932447 3.790944
7.998801 3.911407 2.043802 0.350145
1.332442 1.053297 0.254810 0.361108
1.053297 1.511819 0.208853 0.152726
0.254810 0.208853 0.867561 0.938404
0.361108 0.152726 0.938404 1.863754
8.294799 2.718362 4.313959 2.108005
0.624646 0.397500 0.398772 0.320728
0.397500 0.581352 0.220236 0.119782
0.398772 0.220236 1.027290 0.844072
0.320728 0.119782 0.844072 1.020386
9.114031 2.419085 4.794016 1.766554
0.751097 0.460105 0.234260 0.102591
0.460105 0.457807 0.054904 -0.012999
0.234260 0.054904 1.214300 0.785335
0.102591 -0.012999 0.785335 0.668272
7.898470 1.007240 7.886460 3.046084
0.307099 0.167941 -0.078393 -0.056458
0.167941 0.192339 -0.099839 -0.064603
-0.078393 -0.099839 1.077657 0.568931
-0.056458 -0.064603 0.568931 0.391599
8.531247 1.075655 9.255246 2.975456
0.455008 0.231245 -0.173593 -0.087400
0.231245 0.179893 -0.115061 -0.056276
-0.173593 -0.115061 1.081675 0.476537
-0.087400 -0.056276 0.476537 0.270237
9.168866 1.130804 9.640088 2.560722
0.589253 0.259825 -0.245675 -0.097932
0.259825 0.157285 -0.117252 -0.045929
-0.245675 -0.117252 0.952067 0.359580
-0.097932 -0.045929 0.359580 0.180027
9.973580 1.222771 10.072512 2.279026
0.673499 0.257429 -0.289558 -0.095986
0.257429 0.130836 -0.111176 -0.036308
-0.289558 -0.111176 0.874485 0.290501
-0.095986 -0.036308 0.290501 0.131752
10.708473 1.264077 11.122737 2.253044
0.715122 0.240465 -0.288836 -0.081803
0.240465 0.107729 -0.093063 -0.025993
-0.288836 -0.093063 0.827326 0.246824
-0.081803 -0.025993 0.246824 0.103650
10.242799 0.923346 11.557650 2.049591
0.691920 0.207681 -0.310181 -0.077993
0.207681 0.086144 -0.087906 -0.021959
-0.310181 -0.087906 0.685678 0.186056
-0.077993 -0.021959 0.186056 0.077371
11.443698 1.118035 11.732841 1.840057
0.692242 0.189615 -0.276811 -0.060935
0.189615 0.074144 -0.067588 -0.014811
-0.276811 -0.067588 0.695858 0.176956
-0.060935 -0.014811 0.176956 0.070040
13.030315 1.379370 12.341082 1.782194
0.657787 0.166936 -0.221225 -0.042375
0.166936 0.063794 -0.046376 -0.008884
-0.221225 -0.046376 0.679591 0.163454
-0.042375 -0.008884 0.163454 0.063249
13.860902 1.409696 12.995672 1.729431
0.630111 0.150154 -0.185063 -0.031422
0.150154 0.056929 -0.034136 -0.005921
-0.185063 -0.034136 0.652483 0.149428
-0.031422 -0.005921 0.149428 0.057548
14.891836 1.488661 14.083031 1.785591
0.615862 0.139485 -0.162044 -0.024868
0.139485 0.052776 -0.026899 -0.004387
-0.162044 -0.026899 0.634197 0.139504
-0.024868 -0.004387 0.139504 0.053748
14.924415 1.348633 16.057028 2.007487
0.602468 0.131309 -0.125180 -0.016224
0.131309 0.050025 -0.018273 -0.002689
-0.125180 -0.018273 0.582951 0.124347
-0.016224 -0.002689 0.124347 0.049544
15.535058 1.335762 17.110053 2.016854
0.567151 0.119884 -0.095506 -0.010545
0.119884 0.047075 -0.012164 -0.001753
-0.095506 -0.012164 0.541363 0.113252
-0.010545 -0.001753 0.113252 0.046787
15.846014 1.259744 18.019241 1.990440
0.568000 0.117455 -0.091912 -0.010273
0.117455 0.046405 -0.011665 -0.001895
-0.091912 -0.011665 0.536025 0.110774
-0.010273 -0.001895 0.110774 0.046127
16.859871 1.336009 18.815396 1.954783
0.539161 0.109996 -0.057045 -0.003935
0.109996 0.044950 -0.004972 -0.000778
-0.057045 -0.004972 0.515662 0.106095
-0.003935 -0.000778 0.106095 0.045221
17.978529 1.418990 19.026972 1.802465
0.494386 0.100300 -0.023541 0.001432
0.100300 0.043220 0.000682 0.000044
-0.023541 0.000682 0.482129 0.099205
0.001432 0.000044 0.099205 0.043948
19.166440 1.522422 20.604964 1.947327
0.483165 0.098188 -0.020472 0.000632
0.098188 0.043130 0.000041 -0.000345
-0.020472 0.000041 0.472511 0.097570
0.000632 -0.000345 0.097570 0.043796
19.349153 1.409597 22.369424 2.107173
0.483972 0.098913 -0.004571 0.002859
0.098913 0.043631 0.002290 -0.000015
-0.004571 0.002290 0.468399 0.097340
0.002859 -0.000015 0.097340 0.043955
19.655091 1.326680 23.201522 2.058705
0.478333 0.098208 0.002046 0.003059
0.098208 0.043752 0.002577 -0.000084
0.002046 0.002577 0.462146 0.096564
0.003059 -0.000084 0.096564 0.043941
19.619204 1.180890 23.676144 1.939791
0.467670 0.096492 -0.007140 0.000091
0.096492 0.043618 -0.000266 -0.000757
-0.007140 -0.000266 0.448528 0.094202
0.000091 -0.000757 0.094202 0.043557
20.346235 1.210017 25.108948 2.038057
0.476246 0.098935 -0.006207 -0.000253
0.098935 0.044335 -0.000537 -0.000780
-0.006207 -0.000537 0.465204 0.098434
-0.000253 -0.000780 0.098434 0.044579
20.920171 1.203194 25.727220 1.953026
0.469887 0.098001 0.001324 0.000920
0.098001 0.044258 0.000670 -0.000475
0.001324 0.000670 0.461558 0.097885
0.000920 -0.000475 0.097885 0.044473
22.009153 1.305301 26.596876 1.930528
0.449207 0.094110 -0.012818 -0.002525
0.094110 0.043544 -0.002675 -0.001147
-0.012818 -0.002675 0.451249 0.095914
-0.002525 -0.001147 0.095914 0.044060
23.120254 1.402126 27.577241 1.933960
0.449505 0.094935 0.002548 0.000749
0.094935 0.043857 0.000594 -0.000338
0.002548 0.000594 0.458929 0.097934
0.000749 -0.000338 0.097934 0.044525
23.717688 1.380121 28.505554 1.925715
0.461078 0.097984 -0.007414 -0.001659
0.097984 0.044580 -0.001777 -0.000805
-0.007414 -0.001777 0.475721 0.101644
-0.001659 -0.000805 0.101644 0.045294
24.145831 1.324344 29.461654 1.924308
0.457512 0.097432 0.003214 0.000627
0.097432 0.044449 0.000527 -0.000225
0.003214 0.000527 0.482872 0.102901
0.000627 -0.000225 0.102901 0.045469
24.528365 1.264615 30.491036 1.938721
0.448827 0.095805 -0.011389 -0.002639
0.095805 0.044093 -0.002744 -0.000883
-0.011389 -0.002744 0.488981 0.103838
-0.002639 -0.000883 0.103838 0.045577
24.825497 1.192843 31.381240 1.922014
0.445336 0.095385 -0.015220 -0.003264
0.095385 0.044013 -0.003360 -0.000918
-0.015220 -0.003360 0.496136 0.104931
-0.003264 -0.000918 0.104931 0.045724
25.528504 1.215874 32.707000 1.998857
0.453297 0.097403 -0.013278 -0.002609
0.097403 0.044450 -0.002674 -0.000686
-0.013278 -0.002674 0.517317 0.108917
-0.002609 -0.000686 0.108917 0.046487
25.955141 1.176945 33.784230 2.014988
0.430420 0.092532 -0.022572 -0.004403
0.092532 0.043354 -0.004493 -0.001015
-0.022572 -0.004493 0.519521 0.108582
-0.004403 -0.001015 0.108582 0.046296
26.138969 1.089648 34.926422 2.042406
0.423645 0.091568 -0.018245 -0.003191
0.091568 0.043191 -0.003203 -0.000675
-0.018245 -0.003203 0.529620 0.110035
-0.003191 -0.000675 0.110035 0.046530
27.826482 1.339075 36.505880 2.159724
0.374861 0.081424 -0.042711 -0.008155
0.081424 0.041010 -0.008327 -0.001722
-0.042711 -0.008327 0.539894 0.111422
-0.008155 -0.001722 0.111422 0.046745
28.510430 1.343594 37.989509 2.242673
0.392762 0.086783 -0.044011 -0.007746
0.086783 0.042386 -0.007896 -0.001511
-0.044011 -0.007896 0.560359 0.114909
-0.007746 -0.001511 0.114909 0.047410
29.383434 1.388958 39.218728 2.265531
0.380011 0.084601 -0.042925 -0.007091
0.084601 0.041898 -0.007102 -0.001302
-0.042925 -0.007102 0.567760 0.115499
-0.007091 -0.001302 0.115499 0.047452
29.791420 1.322809 40.032084 2.199430
0.386290 0.086728 -0.047672 -0.007660
0.086728 0.042379 -0.007818 -0.001419
-0.047672 -0.007818 0.565968 0.114271
-0.007660 -0.001419 0.114271 0.047150
30.350085 1.301130 41.396492 2.252120
0.396155 0.089340 -0.046976 -0.007119
0.089340 0.042901 -0.007232 -0.001275
-0.046976 -0.007232 0.575090 0.115519
-0.007119 -0.001275 0.115519 0.047410
31.338877 1.370699 41.423504 2.034078
0.397968 0.089860 -0.031137 -0.003708
0.089860 0.042909 -0.003641 -0.000569
-0.031137 -0.003641 0.536978 0.107384
-0.003708 -0.000569 0.107384 0.045806
31.417001 1.231679 42.147206 1.971505
0.398467 0.089857 -0.033530 -0.004316
0.089857 0.042774 -0.004348 -0.000791
-0.033530 -0.004348 0.533324 0.106871
-0.004316 -0.000791 0.106871 0.045852
32.768037 1.395692 42.808253 1.910480
0.380469 0.085832 -0.006255 0.000988
0.085832 0.041794 0.001635 0.000335
-0.006255 0.001635 0.516445 0.103931
0.000988 0.000335 0.103931 0.045427
33.170335 1.328212 43.635761 1.883308
0.402356 0.091014 -0.011877 -0.000600
0.091014 0.042944 -0.000338 -0.000174
-0.011877 -0.000338 0.512020 0.103554
-0.000600 -0.000174 0.103554 0.045494
33.944500 1.353528 44.708359 1.910340
0.422613 0.095281 -0.007816 -0.000054
0.095281 0.043784 0.000144 -0.000125
-0.007816 0.000144 0.504735 0.102627
-0.000054 -0.000125 0.102627 0.045427
35.037020 1.444755 45.047521 1.785529
0.407550 0.091307 0.033230 0.007934
0.091307 0.042741 0.008736 0.001569
0.033230 0.008736 0.440376 0.090149
0.007934 0.001569 0.090149 0.042997
35.633651 1.416750 46.247943 1.849658
0.435905 0.097379 0.019931 0.004132
0.097379 0.044043 0.004574 0.000539
0.019931 0.004574 0.444542 0.092651
0.004132 0.000539 0.092651 0.043778
36.323051 1.412666 47.056593 1.825154
0.469171 0.103936 0.004051 0.000205
0.103936 0.045345 0.000447 -0.000366
0.004051 0.000447 0.435894 0.092031
0.000205 -0.000366 0.092031 0.043767
36.685671 1.337087 48.318154 1.900208
0.497296 0.108743 -0.018364 -0.004681
0.108743 0.046172 -0.004564 -0.001368
-0.018364 -0.004564 0.440405 0.094082
-0.004681 -0.001368 0.094082 0.044272
