2.150108 1.822156 2.070465 -0.063843
1.871869 0.748764 -0.102569 -0.041029
0.748764 80.303579 -0.041029 -0.016412
-0.102569 -0.041029 3.794483 1.517826
-0.041029 -0.016412 1.517826 80.611210
4.343778 4.144818 3.359462 2.116631
3.080022 5.539212 -1.340328 -2.175187
5.539212 16.560287 -2.392924 -4.167069
-1.340328 -2.392924 2.645134 4.333090
-2.175187 -4.167069 4.333090 19.019914
5.760565 3.299559 2.311924 -0.538749
3.056595 3.318264 -0.987008 -0.859939
3.318264 5.173673 -0.914855 -1.003697
-0.987008 -0.914855 3.037919 3.609668
-0.859939 -1.003697 3.609668 6.872498
6.459861 2.580001 2.747255 0.008488
2.596718 2.003569 -0.592393 -0.351969
2.003569 2.170953 -0.399984 -0.366320
-0.592393 -0.399984 2.151549 1.809593
-0.351969 -0.366320 1.809593 2.446375
7.227387 2.262865 2.597930 -0.112549
1.951450 1.173580 -0.312503 -0.142842
1.173580 1.024612 -0.166690 -0.152494
-0.312503 -0.166690 1.772997 1.179662
-0.142842 -0.152494 1.179662 1.219818
9.214054 2.700176 6.082924 1.858921
1.314823 0.656281 -0.094980 -0.029101
0.656281 0.515431 -0.043934 -0.060881
-0.094980 -0.043934 1.207228 0.665210
-0.029101 -0.060881 0.665210 0.606383
9.250446 2.135888 5.530236 1.141718
0.718988 0.314664 -0.313088 -0.146384
0.314664 0.259299 -0.143060 -0.096889
-0.313088 -0.143060 1.300868 0.621954
-0.146384 -0.096889 0.621954 0.444271
9.558720 1.828367 6.664857 1.372503
0.708387 0.287230 -0.309000 -0.124870
0.287230 0.200099 -0.122817 -0.069137
-0.309000 -0.122817 1.278344 0.531171
-0.124870 -0.069137 0.531171 0.318696
10.045265 1.674164 8.336380 1.732103
0.695487 0.258423 -0.281321 -0.099408
0.258423 0.156790 -0.098688 -0.048310
-0.281321 -0.098688 1.124642 0.411646
-0.099408 -0.048310 0.411646 0.221107
11.431958 1.865719 9.595008 1.865130
0.714736 0.243554 -0.235382 -0.073386
0.243554 0.129721 -0.073133 -0.032467
-0.235382 -0.073133 1.028251 0.338203
-0.073386 -0.032467 0.338203 0.165225
11.962589 1.738207 10.405347 1.826010
0.736983 0.230323 -0.226775 -0.064002
0.230323 0.109930 -0.064283 -0.025375
-0.226775 -0.064283 0.966885 0.289746
-0.064002 -0.025375 0.289746 0.130541
12.514593 1.648681 11.660150 1.919034
0.727213 0.209476 -0.203540 -0.052243
0.209476 0.092751 -0.052755 -0.019105
-0.203540 -0.052755 0.875749 0.241910
-0.052243 -0.019105 0.241910 0.103940
13.066182 1.576773 12.853050 1.977902
0.715882 0.191887 -0.162744 -0.037848
0.191887 0.080336 -0.038237 -0.013259
-0.162744 -0.038237 0.805470 0.207912
-0.037848 -0.013259 0.207912 0.086465
14.212896 1.664856 13.458748 1.886159
0.655860 0.164864 -0.140404 -0.030494
0.164864 0.068128 -0.030764 -0.010211
-0.140404 -0.030764 0.727647 0.177391
-0.030494 -0.010211 0.177391 0.073177
15.475820 1.766212 14.081055 1.813647
0.621179 0.148553 -0.097110 -0.019000
0.148553 0.060838 -0.018972 -0.006566
-0.097110 -0.018972 0.690794 0.161149
-0.019000 -0.006566 0.161149 0.065616
15.274210 1.517803 15.241288 1.864891
0.574959 0.131856 -0.101177 -0.019690
0.131856 0.054712 -0.019893 -0.006296
-0.101177 -0.019893 0.609236 0.136791
-0.019690 -0.006296 0.136791 0.057461
16.227627 1.561180 16.154850 1.861851
0.562893 0.125299 -0.094124 -0.017489
0.125299 0.051882 -0.017664 -0.005314
-0.094124 -0.017664 0.590306 0.129402
-0.017489 -0.005314 0.129402 0.054266
16.719686 1.496106 16.734477 1.784217
0.565078 0.122896 -0.078328 -0.013481
0.122896 0.050461 -0.013619 -0.004046
-0.078328 -0.013619 0.586456 0.126194
-0.013481 -0.004046 0.126194 0.052483
17.644151 1.534485 17.738555 1.809064
0.565060 0.120433 -0.070552 -0.011579
0.120433 0.049294 -0.011704 -0.003384
-0.070552 -0.011704 0.581904 0.123174
-0.011579 -0.003384 0.123174 0.051026
17.592770 1.362763 18.711891 1.818643
0.537253 0.112650 -0.053883 -0.008115
0.112650 0.047242 -0.008291 -0.002514
-0.053883 -0.008291 0.537109 0.112171
-0.008115 -0.002514 0.112171 0.048147
17.987399 1.302842 19.579793 1.808416
0.547661 0.113815 -0.038847 -0.005038
0.113815 0.047329 -0.005210 -0.001742
-0.038847 -0.005210 0.542723 0.112837
-0.005038 -0.001742 0.112837 0.048034
18.720968 1.317594 20.008868 1.710430
0.541581 0.111605 -0.017021 -0.000883
0.111605 0.046759 -0.001024 -0.000827
-0.017021 -0.001024 0.539698 0.111673
-0.000883 -0.000827 0.111673 0.047586
19.070440 1.257547 21.828883 1.908133
0.533960 0.109391 -0.000220 0.001921
0.109391 0.046270 0.001753 -0.000269
-0.000220 0.001753 0.521742 0.107528
0.001921 -0.000269 0.107528 0.046582
20.259473 1.373036 23.336224 2.023320
0.520620 0.106251 -0.011275 -0.001156
0.106251 0.045646 -0.001253 -0.000922
-0.011275 -0.001253 0.516457 0.106326
-0.001156 -0.000922 0.106326 0.046274
20.795817 1.342125 24.157018 1.983775
0.526722 0.107484 -0.004462 -0.000093
0.107484 0.045987 -0.000184 -0.000642
-0.004462 -0.000184 0.524453 0.108006
-0.000093 -0.000642 0.108006 0.046600
21.860246 1.422353 25.188544 1.992272
0.509224 0.103823 0.002813 0.001024
0.103823 0.045299 0.000944 -0.000369
0.002813 0.000944 0.512584 0.105426
0.001024 -0.000369 0.105426 0.046022
22.760457 1.460995 25.998963 1.954060
0.498826 0.101972 0.006923 0.001486
0.101972 0.045035 0.001417 -0.000237
0.006923 0.001417 0.503355 0.103629
0.001486 -0.000237 0.103629 0.045657
22.766485 1.312389 26.776130 1.913224
0.489242 0.100452 -0.010308 -0.002405
0.100452 0.044846 -0.002447 -0.000995
-0.010308 -0.002447 0.501784 0.103565
-0.002405 -0.000995 0.103565 0.045677
23.447526 1.317465 27.853932 1.938280
0.471143 0.097255 -0.013582 -0.002980
0.097255 0.044299 -0.003017 -0.001000
-0.013582 -0.003017 0.495964 0.102582
-0.002980 -0.001000 0.102582 0.045491
23.574088 1.206734 29.049831 1.985298
0.448607 0.093339 -0.004749 -0.000977
0.093339 0.043616 -0.001000 -0.000479
-0.004749 -0.001000 0.489360 0.101489
-0.000977 -0.000479 0.101489 0.045288
23.996826 1.168737 29.785567 1.931840
0.464497 0.097722 -0.005097 -0.001058
0.097722 0.044687 -0.001078 -0.000445
-0.005097 -0.001078 0.505415 0.105164
-0.001058 -0.000445 0.105164 0.046081
24.521800 1.156153 30.130705 1.802744
0.465114 0.098335 -0.000005 0.000018
0.098335 0.044829 0.000020 -0.000172
-0.000005 0.000020 0.510741 0.106211
0.000018 -0.000172 0.106211 0.046248
25.670371 1.277147 31.402155 1.879522
0.445004 0.094405 0.006254 0.001251
0.094405 0.043975 0.001279 0.000110
0.006254 0.001279 0.507804 0.105434
0.001251 0.000110 0.105434 0.046026
25.409926 1.085177 32.238702 1.858532
0.437498 0.093443 -0.000878 -0.000388
0.093443 0.043807 -0.000418 -0.000242
-0.000878 -0.000418 0.519633 0.107807
-0.000388 -0.000242 0.107807 0.046485
26.937638 1.296556 34.240844 2.080075
0.417932 0.089865 -0.027052 -0.005775
0.089865 0.043062 -0.006027 -0.001366
-0.027052 -0.006027 0.538174 0.111352
-0.005775 -0.001366 0.111352 0.047153
27.020889 1.173040 34.199345 1.857032
0.432144 0.093798 -0.028267 -0.005489
0.093798 0.043970 -0.005714 -0.001175
-0.028267 -0.005714 0.539796 0.111085
-0.005489 -0.001175 0.111085 0.046989
28.297049 1.323696 35.348478 1.903433
0.399099 0.086884 -0.047322 -0.009012
0.086884 0.042396 -0.009370 -0.001856
-0.047322 -0.009370 0.546239 0.111868
-0.009012 -0.001856 0.111868 0.047073
29.405129 1.423012 36.590882 1.964300
0.401845 0.088373 -0.054092 -0.009675
0.088373 0.042778 -0.010027 -0.001872
-0.054092 -0.010027 0.562096 0.114575
-0.009675 -0.001872 0.114575 0.047566
29.888157 1.371532 37.419302 1.931953
0.416432 0.092232 -0.049545 -0.008010
0.092232 0.043621 -0.008214 -0.001406
-0.049545 -0.008214 0.575093 0.116552
-0.008010 -0.001406 0.116552 0.047897
29.992883 1.240466 38.054678 1.861888
0.436175 0.096754 -0.040835 -0.005730
0.096754 0.044517 -0.005736 -0.000871
-0.040835 -0.005736 0.591364 0.119110
-0.005730 -0.000871 0.119110 0.048345
30.801502 1.283125 39.150447 1.896011
0.436497 0.096396 -0.040350 -0.005512
0.096396 0.044238 -0.005387 -0.000854
-0.040350 -0.005387 0.612398 0.122422
-0.005512 -0.000854 0.122422 0.048920
30.831712 1.149948 40.378787 1.948079
0.427714 0.094114 -0.033786 -0.004196
0.094114 0.043594 -0.003799 -0.000605
-0.033786 -0.003799 0.629944 0.124871
-0.004196 -0.000605 0.124871 0.049312
32.035088 1.295444 42.644960 2.205749
0.450485 0.099018 -0.028085 -0.003021
0.099018 0.044608 -0.002623 -0.000415
-0.028085 -0.002623 0.642940 0.126318
-0.003021 -0.000415 0.126318 0.049509
32.251716 1.193704 42.275285 1.916479
0.426677 0.093306 -0.004945 0.001179
0.093306 0.043230 0.001892 0.000359
-0.004945 0.001892 0.588233 0.114664
0.001179 0.000359 0.114664 0.047189
32.966102 1.217697 42.795466 1.831456
0.414214 0.090666 0.017865 0.005050
0.090666 0.042667 0.006148 0.001058
0.017865 0.006148 0.572930 0.111848
0.005050 0.001058 0.111848 0.046806
33.187219 1.131800 43.317597 1.753685
0.449858 0.098749 0.024976 0.005703
0.098749 0.044486 0.006730 0.001042
0.024976 0.006730 0.592441 0.116050
0.005703 0.001042 0.116050 0.047802
34.544529 1.304852 44.870845 1.886266
0.465337 0.101560 0.040988 0.008081
0.101560 0.044974 0.009257 0.001433
0.040988 0.009257 0.581086 0.113824
0.008081 0.001433 0.113824 0.047440
33.607833 0.962137 44.499811 1.630994
0.471819 0.102203 0.022519 0.003587
0.102203 0.044978 0.004199 0.000340
0.022519 0.004199 0.556829 0.109314
0.003587 0.000340 0.109314 0.046659
34.041069 0.951433 45.526104 1.672751
0.502194 0.107995 0.019947 0.002673
0.107995 0.046119 0.003193 0.000153
0.019947 0.003193 0.559247 0.110410
0.002673 0.000153 0.110410 0.047024
34.856450 1.022051 47.060698 1.810259
0.526210 0.111901 0.020863 0.002619
0.111901 0.046779 0.003148 0.000187
0.020863 0.003148 0.547672 0.108569
0.002619 0.000187 0.108569 0.046747
