1.723650 1.651569 2.231014 0.000378
2.219711 0.887904 -0.397213 -0.158888
0.887904 80.359236 -0.158888 -0.063557
-0.397213 -0.158888 4.026858 1.610778
-0.158888 -0.063557 1.610778 80.648392
5.306845 6.545616 2.552485 0.610722
2.966390 5.208363 -1.429859 -2.230582
5.208363 16.778375 -2.432613 -4.852360
-1.429859 -2.432613 3.133723 5.050269
-2.230582 -4.852360 5.050269 20.606926
8.319198 6.255434 2.891074 0.623716
1.653824 1.852878 -0.019665 0.145047
1.852878 3.882740 0.094202 -0.157695
-0.019665 0.094202 2.160150 2.567218
0.145047 -0.157695 2.567218 5.891574
8.180868 3.489367 2.759490 0.220354
0.856725 0.724644 0.276707 0.248434
0.724644 1.283362 0.223253 0.018702
0.276707 0.223253 1.950450 1.735244
0.248434 0.018702 1.735244 2.536510
8.273014 2.261328 3.628450 0.844651
0.685358 0.488081 0.322733 0.188643
0.488081 0.649893 0.182841 0.032473
0.322733 0.182841 1.563364 1.079820
0.188643 0.032473 1.079820 1.193777
8.680608 1.808591 4.059039 0.901568
0.748350 0.462484 0.135584 0.025122
0.462484 0.442241 0.022562 -0.045086
0.135584 0.022562 1.475813 0.850614
0.025122 -0.045086 0.850614 0.729396
9.706310 1.810886 6.491952 1.862357
0.728031 0.380713 -0.032304 -0.054160
0.380713 0.290369 -0.057121 -0.056927
-0.032304 -0.057121 1.308023 0.639961
-0.054160 -0.056927 0.639961 0.456033
8.928954 1.070906 7.020916 1.750084
0.689362 0.310730 -0.225105 -0.117674
0.310730 0.199940 -0.123792 -0.065690
-0.225105 -0.123792 1.219527 0.519522
-0.117674 -0.065690 0.519522 0.315406
9.150226 0.948350 7.928837 1.767179
0.801413 0.314032 -0.248349 -0.104464
0.314032 0.166403 -0.106817 -0.045720
-0.248349 -0.106817 1.180819 0.440808
-0.104464 -0.045720 0.440808 0.231745
10.424762 1.222884 8.967250 1.813980
0.808323 0.278189 -0.216864 -0.076234
0.278189 0.129953 -0.077178 -0.027682
-0.216864 -0.077178 1.085296 0.360327
-0.076234 -0.027682 0.360327 0.171075
9.584298 0.775286 9.396432 1.670243
0.679441 0.208919 -0.307808 -0.092343
0.208919 0.093224 -0.093910 -0.028572
-0.307808 -0.093910 0.862334 0.258952
-0.092343 -0.028572 0.258952 0.119560
10.318316 0.867923 9.369971 1.431204
0.656400 0.184732 -0.303223 -0.079419
0.184732 0.077906 -0.080874 -0.021530
-0.303223 -0.080874 0.786489 0.218318
-0.079419 -0.021530 0.218318 0.096234
10.753281 0.876614 10.810606 1.623966
0.674593 0.176637 -0.269668 -0.061376
0.176637 0.070368 -0.063015 -0.014659
-0.269668 -0.063015 0.761562 0.198334
-0.061376 -0.014659 0.198334 0.083238
12.459217 1.191230 11.411560 1.593923
0.612835 0.150839 -0.192309 -0.037285
0.150839 0.060226 -0.038271 -0.007710
-0.192309 -0.038271 0.708808 0.175171
-0.037285 -0.007710 0.175171 0.072166
12.344146 1.041896 13.578337 1.909760
0.615927 0.144564 -0.146936 -0.023757
0.144564 0.056501 -0.025641 -0.004455
-0.146936 -0.025641 0.642802 0.151709
-0.023757 -0.004455 0.151709 0.062883
13.087955 1.104418 15.364476 2.106062
0.583012 0.131314 -0.103441 -0.013415
0.131314 0.051942 -0.015361 -0.002332
-0.103441 -0.015361 0.579129 0.132096
-0.013415 -0.002332 0.132096 0.056011
13.932451 1.173491 16.781380 2.192804
0.573400 0.125010 -0.086057 -0.009858
0.125010 0.049632 -0.011564 -0.001771
-0.086057 -0.011564 0.561448 0.124934
-0.009858 -0.001771 0.124934 0.052893
14.865644 1.237591 17.035592 2.012614
0.547737 0.116339 -0.075492 -0.008412
0.116339 0.047230 -0.009720 -0.001691
-0.075492 -0.009720 0.539255 0.117568
-0.008412 -0.001691 0.117568 0.050210
14.970647 1.124630 17.584187 1.906526
0.531962 0.110764 -0.094786 -0.013334
0.110764 0.045790 -0.014405 -0.002934
-0.094786 -0.014405 0.506428 0.108407
-0.013334 -0.002934 0.108407 0.047462
16.052776 1.236339 18.868225 1.984575
0.511322 0.105468 -0.077550 -0.009864
0.105468 0.044725 -0.010763 -0.002228
-0.077550 -0.010763 0.489208 0.104158
-0.009864 -0.002228 0.104158 0.046243
16.280896 1.157658 20.051367 2.020511
0.515008 0.105866 -0.065359 -0.007474
0.105866 0.044959 -0.008379 -0.001773
-0.065359 -0.008379 0.485280 0.103107
-0.007474 -0.001773 0.103107 0.045842
16.669885 1.119246 21.132706 2.033471
0.496279 0.102011 -0.024234 0.000616
0.102011 0.044363 -0.000434 -0.000209
-0.024234 -0.000434 0.461783 0.098294
0.000616 -0.000209 0.098294 0.044760
17.455705 1.164836 22.019463 2.007806
0.480342 0.098975 0.001860 0.004872
0.098975 0.043944 0.003880 0.000488
0.001860 0.003880 0.449690 0.096101
0.004872 0.000488 0.096101 0.044283
17.730406 1.100271 22.839437 1.966426
0.471699 0.097547 -0.000600 0.002869
0.097547 0.043836 0.002090 -0.000104
-0.000600 0.002090 0.439224 0.094143
0.002869 -0.000104 0.094143 0.043835
19.241297 1.300383 23.945511 1.996882
0.458588 0.095340 0.000155 0.001943
0.095340 0.043559 0.001374 -0.000353
0.000155 0.001374 0.442099 0.095201
0.001943 -0.000353 0.095201 0.044070
19.757607 1.272210 24.854467 1.977231
0.465642 0.097532 0.013904 0.004150
0.097532 0.044199 0.003601 0.000115
0.013904 0.003601 0.452646 0.097769
0.004150 0.000115 0.097769 0.044603
20.227480 1.237302 25.451539 1.892607
0.474332 0.099780 0.017772 0.004136
0.099780 0.044760 0.003666 0.000103
0.017772 0.003666 0.462490 0.099844
0.004136 0.000103 0.099844 0.044967
20.638444 1.193799 26.217936 1.854040
0.479654 0.101064 0.016546 0.003166
0.101064 0.045052 0.002784 -0.000080
0.016546 0.002784 0.471705 0.101557
0.003166 -0.000080 0.101557 0.045226
21.853197 1.322574 27.777157 1.988519
0.467918 0.098650 -0.002893 -0.001455
0.098650 0.044541 -0.001732 -0.000993
-0.002893 -0.001732 0.480238 0.102996
-0.001455 -0.000993 0.102996 0.045425
23.211151 1.469998 28.668350 1.965395
0.454076 0.095942 0.003428 -0.000007
0.095942 0.043995 -0.000259 -0.000530
0.003428 -0.000259 0.476689 0.101701
-0.000007 -0.000530 0.101701 0.045033
23.937493 1.467043 30.202152 2.082598
0.452151 0.096002 -0.003569 -0.001520
0.096002 0.044074 -0.001759 -0.000753
-0.003569 -0.001759 0.493895 0.105029
-0.001520 -0.000753 0.105029 0.045689
24.686114 1.469589 31.660542 2.170752
0.455436 0.097080 0.000061 -0.000602
0.097080 0.044338 -0.000815 -0.000444
0.000061 -0.000815 0.513354 0.108524
-0.000602 -0.000444 0.108524 0.046333
24.647389 1.304230 32.820426 2.187290
0.417134 0.089115 0.001334 -0.000212
0.089115 0.042632 -0.000415 -0.000277
0.001334 -0.000415 0.506829 0.106293
-0.000212 -0.000277 0.106293 0.045743
25.023556 1.244457 34.079114 2.222023
0.408893 0.088269 0.004383 0.000480
0.088269 0.042577 0.000320 -0.000070
0.004383 0.000320 0.516332 0.107740
0.000480 -0.000070 0.107740 0.046011
25.605265 1.235384 35.390434 2.263641
0.411976 0.089832 -0.003820 -0.001233
0.089832 0.043005 -0.001463 -0.000410
-0.003820 -0.001463 0.531572 0.110332
-0.001233 -0.000410 0.110332 0.046517
26.331760 1.259383 36.369404 2.232050
0.408533 0.089669 -0.013486 -0.003061
0.089669 0.042978 -0.003379 -0.000747
-0.013486 -0.003379 0.535904 0.110506
-0.003061 -0.000747 0.110506 0.046500
27.008169 1.269701 37.258228 2.185468
0.386789 0.085359 -0.028076 -0.005734
0.085359 0.042008 -0.006216 -0.001254
-0.028076 -0.006216 0.537814 0.110271
-0.005734 -0.001254 0.110271 0.046428
28.008201 1.351135 38.392031 2.194349
0.365520 0.081416 -0.034827 -0.006615
0.081416 0.041170 -0.007086 -0.001339
-0.034827 -0.007086 0.546722 0.111583
-0.006615 -0.001339 0.111583 0.046701
28.398011 1.286475 39.442149 2.183997
0.389715 0.087918 -0.038421 -0.006741
0.087918 0.042708 -0.007246 -0.001278
-0.038421 -0.007246 0.553649 0.112457
-0.006741 -0.001278 0.112457 0.046878
28.744019 1.217870 40.181221 2.111398
0.374099 0.084602 -0.034459 -0.005538
0.084602 0.041845 -0.005804 -0.000956
-0.034459 -0.005804 0.548631 0.110948
-0.005538 -0.000956 0.110948 0.046581
29.622130 1.278842 41.159622 2.097009
0.397749 0.090462 -0.029462 -0.004140
0.090462 0.043139 -0.004336 -0.000637
-0.029462 -0.004336 0.547571 0.110476
-0.004140 -0.000637 0.110476 0.046537
30.249883 1.275354 42.023412 2.059698
0.414368 0.093986 -0.029101 -0.003902
0.093986 0.043758 -0.004146 -0.000626
-0.029101 -0.004146 0.543740 0.109531
-0.003902 -0.000626 0.109531 0.046404
33.031642 1.752804 41.669931 1.791069
0.240647 0.054570 0.058899 0.013031
0.054570 0.034737 0.015557 0.003109
0.058899 0.015557 0.494315 0.099952
0.013031 0.003109 0.099952 0.044625
33.692372 1.701750 41.807503 1.636747
0.267029 0.064239 0.048461 0.009443
0.064239 0.037589 0.011114 0.001900
0.048461 0.011114 0.480592 0.097997
0.009443 0.001900 0.097997 0.044426
34.371099 1.658708 42.709387 1.654903
0.302779 0.074898 0.034786 0.005557
0.074898 0.040288 0.006446 0.000791
0.034786 0.006446 0.491314 0.101203
0.005557 0.000791 0.101203 0.045272
35.042270 1.619722 43.474313 1.642970
0.344825 0.085647 0.017116 0.001285
0.085647 0.042670 0.001508 -0.000245
0.017116 0.001508 0.495761 0.102738
0.001285 -0.000245 0.102738 0.045665
35.572615 1.548231 44.862539 1.762530
0.381574 0.093605 0.001228 -0.002056
0.093605 0.044101 -0.002318 -0.000927
0.001228 -0.002318 0.508837 0.105817
-0.002056 -0.000927 0.105817 0.046317
36.436953 1.570206 45.668280 1.746415
0.422797 0.101587 -0.004725 -0.002956
0.101587 0.045422 -0.003050 -0.000911
-0.004725 -0.003050 0.481007 0.099977
-0.002956 -0.000911 0.099977 0.045033
37.142530 1.552121 46.348882 1.706468
0.458183 0.107313 -0.015207 -0.004671
0.107313 0.046156 -0.004819 -0.001126
-0.015207 -0.004819 0.453981 0.094818
-0.004671 -0.001126 0.094818 0.043999
37.405773 1.435787 46.803805 1.623409
0.487386 0.111131 -0.033142 -0.007802
0.111131 0.046486 -0.008145 -0.001674
-0.033142 -0.008145 0.429987 0.090651
-0.007802 -0.001674 0.090651 0.043227
