3.780190 2.474203 5.426853 1.278741
1.769754 0.707917 -0.198512 -0.079406
0.707917 80.287240 -0.079406 -0.031763
-0.198512 -0.079406 3.349327 1.339760
-0.079406 -0.031763 1.339760 80.539982
3.019368 -1.231373 1.039448 -7.182177
3.406360 6.157900 -0.822700 -1.321181
6.157900 17.406618 -1.430671 -2.861107
-0.822700 -1.430671 3.521773 5.889903
-1.321181 -2.861107 5.889903 20.641152
3.943292 0.491552 1.504229 -2.583656
3.126205 3.329096 -1.191857 -1.219816
3.329096 5.079730 -1.248397 -1.478808
-1.191857 -1.248397 1.613037 1.762554
-1.219816 -1.478808 1.762554 4.521610
2.909621 -0.409027 2.509047 -0.519515
2.781245 2.120246 -0.828112 -0.536131
2.120246 2.236857 -0.592972 -0.491922
-0.828112 -0.592972 1.228318 1.091063
-0.536131 -0.491922 1.091063 1.871100
6.272779 1.731971 2.217711 -0.297096
1.884157 1.111584 -0.767681 -0.457087
1.111584 0.974740 -0.422437 -0.320383
-0.767681 -0.422437 1.509585 1.101842
-0.457087 -0.320383 1.101842 1.190116
5.623896 1.015237 4.087229 0.849554
1.047821 0.530346 0.159874 0.149551
0.530346 0.456957 0.096017 0.037043
0.159874 0.096017 0.703492 0.434305
0.149551 0.037043 0.434305 0.467865
7.478267 1.607988 5.614272 1.445781
0.999222 0.450575 0.031929 0.024580
0.450575 0.323793 0.002806 -0.024711
0.031929 0.002806 0.845718 0.449835
0.024580 -0.024711 0.449835 0.355003
9.179377 1.949044 7.371181 1.911946
0.994019 0.400426 -0.083637 -0.041666
0.400426 0.243954 -0.050732 -0.042618
-0.083637 -0.050732 0.936810 0.425670
-0.041666 -0.042618 0.425670 0.268069
8.478062 1.355108 7.906500 1.756284
0.740557 0.270040 -0.313172 -0.126726
0.270040 0.158927 -0.126206 -0.062455
-0.313172 -0.126206 0.923262 0.363408
-0.126726 -0.062455 0.363408 0.196025
9.112210 1.337269 9.501591 2.004485
0.803292 0.267967 -0.309802 -0.107519
0.267967 0.136223 -0.107284 -0.045067
-0.309802 -0.107284 0.940445 0.325659
-0.107519 -0.045067 0.325659 0.153579
11.666992 1.912695 9.790966 1.788231
0.682584 0.208257 -0.239312 -0.072469
0.208257 0.101852 -0.072438 -0.027601
-0.239312 -0.072438 0.815736 0.252436
-0.072469 -0.027601 0.252436 0.111804
12.569819 1.898186 10.863679 1.838647
0.675521 0.192038 -0.205465 -0.055245
0.192038 0.087453 -0.055262 -0.019122
-0.205465 -0.055262 0.785489 0.221871
-0.055245 -0.019122 0.221871 0.092063
13.178970 1.812357 12.645812 2.063290
0.654170 0.174365 -0.175432 -0.042457
0.174365 0.075788 -0.042610 -0.013635
-0.175432 -0.042610 0.717045 0.187280
-0.042457 -0.013635 0.187280 0.075692
13.604883 1.691248 13.779046 2.085331
0.655229 0.165076 -0.159668 -0.035266
0.165076 0.068601 -0.035485 -0.010501
-0.159668 -0.035485 0.688805 0.168849
-0.035266 -0.010501 0.168849 0.066595
14.176500 1.622825 14.533230 2.015922
0.630103 0.150925 -0.142625 -0.029059
0.150925 0.061698 -0.029265 -0.008157
-0.142625 -0.029265 0.647085 0.150490
-0.029059 -0.008157 0.150490 0.059289
13.989732 1.392093 15.585826 2.018525
0.629161 0.144485 -0.139649 -0.026704
0.144485 0.057828 -0.027120 -0.007045
-0.139649 -0.027120 0.613928 0.136940
-0.026704 -0.007045 0.136940 0.054348
14.511813 1.349953 16.235982 1.938812
0.616934 0.136806 -0.113899 -0.019770
0.136806 0.054470 -0.020019 -0.005040
-0.113899 -0.020019 0.596163 0.129031
-0.019770 -0.005040 0.129031 0.051513
14.809239 1.266480 17.032159 1.898770
0.598428 0.128781 -0.111014 -0.018597
0.128781 0.051584 -0.018923 -0.004577
-0.111014 -0.018923 0.563763 0.119053
-0.018597 -0.004577 0.119053 0.048673
16.158156 1.411751 17.290237 1.760172
0.559159 0.117752 -0.089123 -0.013730
0.117752 0.048579 -0.013792 -0.003359
-0.089123 -0.013792 0.542090 0.112866
-0.013730 -0.003359 0.112866 0.047074
16.450169 1.331320 18.830141 1.893544
0.545959 0.113507 -0.077655 -0.011271
0.113507 0.047385 -0.011453 -0.002789
-0.077655 -0.011453 0.513379 0.105946
-0.011271 -0.002789 0.105946 0.045525
17.266998 1.362980 19.811881 1.902120
0.527875 0.108937 -0.055456 -0.006837
0.108937 0.046320 -0.006964 -0.001830
-0.055456 -0.006964 0.497344 0.102546
-0.006837 -0.001830 0.102546 0.044897
17.628231 1.300784 21.230318 1.996395
0.506729 0.104169 -0.046238 -0.005470
0.104169 0.045318 -0.005632 -0.001601
-0.046238 -0.005632 0.470393 0.097125
-0.005470 -0.001601 0.097125 0.043880
18.457349 1.336830 22.117618 1.974597
0.484784 0.099727 -0.039714 -0.004690
0.099727 0.044481 -0.004804 -0.001472
-0.039714 -0.004804 0.452722 0.094098
-0.004690 -0.001472 0.094098 0.043426
18.805737 1.269067 22.890046 1.927263
0.494490 0.102289 -0.027414 -0.002446
0.102289 0.045164 -0.002574 -0.000989
-0.027414 -0.002574 0.462445 0.097064
-0.002446 -0.000989 0.097064 0.044241
20.063061 1.400371 24.219440 2.008034
0.475705 0.098605 -0.022624 -0.002095
0.098605 0.044458 -0.002141 -0.000948
-0.022624 -0.002141 0.456722 0.096342
-0.002095 -0.000948 0.096342 0.044156
20.707700 1.389125 25.297422 2.023469
0.474638 0.098872 -0.028545 -0.003844
0.098872 0.044611 -0.003829 -0.001314
-0.028545 -0.003829 0.462089 0.097919
-0.003844 -0.001314 0.097919 0.044535
21.450098 1.397705 25.960939 1.949603
0.483110 0.101094 -0.025958 -0.003493
0.101094 0.045146 -0.003481 -0.001190
-0.025958 -0.003481 0.472680 0.100432
-0.003493 -0.001190 0.100432 0.045072
22.339469 1.438947 27.278878 2.023269
0.482106 0.101025 -0.034079 -0.005437
0.101025 0.045128 -0.005356 -0.001552
-0.034079 -0.005356 0.484701 0.102921
-0.005437 -0.001552 0.102921 0.045539
22.439619 1.306728 27.733741 1.902890
0.473445 0.099325 -0.041996 -0.007122
0.099325 0.044764 -0.007034 -0.001839
-0.041996 -0.007034 0.478358 0.101264
-0.007122 -0.001839 0.101264 0.045091
23.014237 1.290607 28.798308 1.926524
0.466913 0.098281 -0.030280 -0.004455
0.098281 0.044578 -0.004347 -0.001178
-0.030280 -0.004347 0.483933 0.102393
-0.004455 -0.001178 0.102393 0.045304
23.407321 1.239840 30.386027 2.057513
0.464419 0.098123 -0.020823 -0.002510
0.098123 0.044578 -0.002334 -0.000725
-0.020823 -0.002334 0.503085 0.106272
-0.002510 -0.000725 0.106272 0.046082
24.260240 1.288579 31.230919 2.019683
0.473629 0.100373 -0.018443 -0.002184
0.100373 0.045066 -0.002034 -0.000662
-0.018443 -0.002034 0.513444 0.107902
-0.002184 -0.000662 0.107902 0.046319
25.546245 1.425682 32.551823 2.086688
0.450317 0.095399 -0.034874 -0.005893
0.095399 0.043956 -0.005738 -0.001456
-0.034874 -0.005738 0.517568 0.108069
-0.005893 -0.001456 0.108069 0.046242
26.323369 1.440361 33.866918 2.143415
0.434276 0.092443 -0.039437 -0.006707
0.092443 0.043373 -0.006523 -0.001558
-0.039437 -0.006523 0.525550 0.109144
-0.006707 -0.001558 0.109144 0.046397
27.106142 1.453228 34.798641 2.114705
0.439245 0.094184 -0.042933 -0.007150
0.094184 0.043821 -0.007019 -0.001583
-0.042933 -0.007019 0.532825 0.110049
-0.007150 -0.001583 0.110049 0.046528
27.631642 1.407553 35.371579 2.014110
0.436988 0.094142 -0.036244 -0.005507
0.094142 0.043825 -0.005352 -0.001181
-0.036244 -0.005352 0.526974 0.108293
-0.005507 -0.001181 0.108293 0.046133
28.416199 1.422363 35.826056 1.901099
0.428890 0.092690 -0.042998 -0.006835
0.092690 0.043489 -0.006775 -0.001465
-0.042998 -0.006775 0.521976 0.106906
-0.006835 -0.001465 0.106906 0.045855
28.507303 1.287137 36.720755 1.886491
0.418594 0.090845 -0.045222 -0.007136
0.090845 0.043087 -0.007021 -0.001492
-0.045222 -0.007021 0.529976 0.108401
-0.007136 -0.001492 0.108401 0.046208
29.257622 1.311838 37.895265 1.934397
0.413220 0.090167 -0.046474 -0.007211
0.090167 0.042954 -0.007022 -0.001470
-0.046474 -0.007022 0.544506 0.111137
-0.007211 -0.001470 0.111137 0.046789
29.962136 1.321669 38.722498 1.906157
0.422001 0.092574 -0.046855 -0.007047
0.092574 0.043488 -0.006923 -0.001421
-0.046855 -0.006923 0.549553 0.111731
-0.007047 -0.001421 0.111731 0.046893
30.645571 1.326677 39.679698 1.907134
0.421922 0.092709 -0.046076 -0.006751
0.092709 0.043456 -0.006592 -0.001351
-0.046076 -0.006592 0.556502 0.112733
-0.006751 -0.001351 0.112733 0.047087
31.816269 1.436018 40.234926 1.829742
0.416621 0.091693 -0.034776 -0.004411
0.091693 0.043182 -0.004111 -0.000863
-0.034776 -0.004111 0.546107 0.110265
-0.004411 -0.000863 0.110265 0.046591
32.434708 1.411113 40.679147 1.734065
0.403286 0.088894 -0.032723 -0.004214
0.088894 0.042522 -0.003893 -0.000884
-0.032723 -0.003893 0.540069 0.108915
-0.004214 -0.000884 0.108915 0.046363
33.175523 1.419118 41.577661 1.740623
0.417078 0.092309 -0.034757 -0.004686
0.092309 0.043285 -0.004509 -0.001026
-0.034757 -0.004509 0.546457 0.110217
-0.004686 -0.001026 0.110217 0.046689
34.126332 1.473432 42.595293 1.771664
0.440588 0.097491 -0.033576 -0.004411
0.097491 0.044362 -0.004365 -0.000989
-0.033576 -0.004365 0.547629 0.110387
-0.004411 -0.000989 0.110387 0.046762
34.382465 1.367930 43.559254 1.784976
0.463963 0.102009 -0.046156 -0.006945
0.102009 0.045181 -0.007259 -0.001570
-0.046156 -0.007259 0.548064 0.110349
-0.006945 -0.001570 0.110349 0.046774
34.763475 1.302297 44.546852 1.802542
0.472672 0.102978 -0.042966 -0.006137
0.102978 0.045196 -0.006463 -0.001373
-0.042966 -0.006463 0.533144 0.107328
-0.006137 -0.001373 0.107328 0.046203
35.176158 1.251901 45.667376 1.845581
0.494504 0.106742 -0.047683 -0.006941
0.106742 0.045848 -0.007446 -0.001543
-0.047683 -0.007446 0.522603 0.105432
-0.006941 -0.001543 0.105432 0.045894
36.321407 1.359381 45.940240 1.716577
0.483053 0.103401 0.002276 0.003227
0.103401 0.045022 0.002908 0.000559
0.002276 0.002908 0.429210 0.087170
0.003227 0.000559 0.087170 0.042334
36.957707 1.351685 47.196964 1.799182
0.510115 0.108392 -0.010658 -0.000196
0.108392 0.046017 -0.000613 -0.000305
-0.010658 -0.000613 0.430845 0.089467
-0.000196 -0.000305 0.089467 0.043140
