3.569214 2.389811 -0.057758 -0.915151
2.107782 0.843131 -0.490965 -0.196390
0.843131 80.341326 -0.196390 -0.078558
-0.490965 -0.196390 4.558993 1.823637
-0.196390 -0.078558 1.823637 80.733537
5.847177 4.373748 0.894889 1.367693
3.118743 5.526617 -0.772145 -1.106877
5.526617 17.078765 -1.302187 -3.141236
-0.772145 -1.302187 1.906311 2.999716
-1.106877 -3.141236 2.999716 18.421819
5.900836 2.052779 2.198460 2.023286
2.296145 2.508777 0.026867 0.199678
2.508777 4.501457 0.055385 -0.149609
0.026867 0.055385 1.714184 2.238373
0.199678 -0.149609 2.238373 5.620960
7.005787 2.122191 2.911686 1.742239
2.075473 1.672204 -0.250084 -0.230577
1.672204 2.030605 -0.242067 -0.367050
-0.250084 -0.242067 1.947541 1.834832
-0.230577 -0.367050 1.834832 2.594873
6.747331 1.264508 5.694166 3.095113
0.815180 0.510668 0.203803 0.143046
0.510668 0.656211 0.107753 0.012741
0.203803 0.107753 1.488742 1.052186
0.143046 0.012741 1.052186 1.127803
7.636640 1.455993 5.549786 2.112991
0.946144 0.539969 -0.039421 -0.049441
0.539969 0.495026 -0.063266 -0.080992
-0.039421 -0.063266 1.532172 0.883921
-0.049441 -0.080992 0.883921 0.715840
9.056084 1.802280 6.137015 1.873882
0.944421 0.465991 -0.255748 -0.142466
0.465991 0.343240 -0.151900 -0.097090
-0.255748 -0.151900 1.486466 0.715991
-0.142466 -0.097090 0.715991 0.470016
9.275879 1.506911 7.818663 2.185522
0.938844 0.400770 -0.269392 -0.120396
0.400770 0.246546 -0.125026 -0.063658
-0.269392 -0.125026 1.296314 0.532328
-0.120396 -0.063658 0.532328 0.302761
9.483586 1.303816 8.422113 2.012285
0.947982 0.355293 -0.286757 -0.106829
0.355293 0.187842 -0.109911 -0.046108
-0.286757 -0.109911 1.190408 0.428211
-0.106829 -0.046108 0.428211 0.215473
9.557265 1.110171 9.137582 1.918582
0.914801 0.305058 -0.299878 -0.095825
0.305058 0.144331 -0.098339 -0.035065
-0.299878 -0.098339 1.066491 0.342445
-0.095825 -0.035065 0.342445 0.157928
10.308811 1.175456 11.299381 2.271716
0.873456 0.263366 -0.232279 -0.064223
0.263366 0.114717 -0.065864 -0.020919
-0.232279 -0.065864 0.927543 0.270706
-0.064223 -0.020919 0.270706 0.118628
11.139244 1.236694 11.451760 2.006481
0.821086 0.226846 -0.197335 -0.048326
0.226846 0.093461 -0.049353 -0.014206
-0.197335 -0.049353 0.869237 0.234534
-0.048326 -0.014206 0.234534 0.097555
12.075955 1.321789 12.868464 2.113772
0.770795 0.197829 -0.155753 -0.033812
0.197829 0.078744 -0.034583 -0.009226
-0.155753 -0.034583 0.792580 0.199988
-0.033812 -0.009226 0.199988 0.081252
12.980411 1.375609 13.208497 1.943509
0.713287 0.171964 -0.146821 -0.029672
0.171964 0.067680 -0.030210 -0.007589
-0.146821 -0.030210 0.736135 0.175652
-0.029672 -0.007589 0.175652 0.070418
14.057768 1.461621 13.673578 1.830379
0.656635 0.150545 -0.141209 -0.026928
0.150545 0.059683 -0.027253 -0.006513
-0.141209 -0.027253 0.686643 0.156562
-0.026928 -0.006513 0.156562 0.062711
13.652967 1.210401 14.771313 1.860496
0.616855 0.136154 -0.135214 -0.024362
0.136154 0.054607 -0.024883 -0.005680
-0.135214 -0.024883 0.612562 0.134721
-0.024362 -0.005680 0.134721 0.055680
14.657194 1.298763 15.900558 1.907800
0.595713 0.127942 -0.122027 -0.020429
0.127942 0.051704 -0.020844 -0.004561
-0.122027 -0.020844 0.590537 0.127045
-0.020429 -0.004561 0.127045 0.052762
15.232499 1.282775 16.829006 1.901555
0.572989 0.120574 -0.108530 -0.016957
0.120574 0.049443 -0.017370 -0.003706
-0.108530 -0.017370 0.559945 0.118468
-0.016957 -0.003706 0.118468 0.050088
16.298147 1.373360 17.946956 1.941688
0.531803 0.110461 -0.083296 -0.011617
0.110461 0.046965 -0.011977 -0.002581
-0.083296 -0.011977 0.518257 0.108649
-0.011617 -0.002581 0.108649 0.047533
16.879672 1.354648 19.222295 2.004700
0.525534 0.108612 -0.072568 -0.009456
0.108612 0.046469 -0.009833 -0.002152
-0.072568 -0.009833 0.506007 0.105848
-0.009456 -0.002152 0.105848 0.046708
18.506770 1.542401 19.315734 1.823507
0.503788 0.103890 -0.052246 -0.005629
0.103890 0.045467 -0.005802 -0.001389
-0.052246 -0.005802 0.502424 0.105197
-0.005629 -0.001389 0.105197 0.046444
18.718230 1.425215 20.098246 1.790986
0.480135 0.098983 -0.059529 -0.007914
0.098983 0.044464 -0.008069 -0.001996
-0.059529 -0.008069 0.473360 0.098913
-0.007914 -0.001996 0.098913 0.044965
19.421412 1.424285 21.112001 1.815865
0.486180 0.100966 -0.037517 -0.003436
0.100966 0.045032 -0.003624 -0.001045
-0.037517 -0.003624 0.479624 0.100907
-0.003436 -0.001045 0.100907 0.045426
20.070622 1.414277 22.434297 1.902950
0.478333 0.099680 -0.027039 -0.001903
0.099680 0.044817 -0.002081 -0.000808
-0.027039 -0.002081 0.471444 0.099437
-0.001903 -0.000808 0.099437 0.045067
20.509499 1.355784 23.018302 1.823336
0.469447 0.098199 -0.023056 -0.001790
0.098199 0.044554 -0.001946 -0.000860
-0.023056 -0.001946 0.461700 0.097656
-0.001790 -0.000860 0.097656 0.044655
20.783337 1.273205 24.405675 1.922281
0.465312 0.097859 -0.006904 0.001042
0.097859 0.044549 0.000897 -0.000293
-0.006904 0.000897 0.460517 0.097859
0.001042 -0.000293 0.097859 0.044703
21.151521 1.216418 25.342380 1.916057
0.469375 0.099107 -0.012425 -0.000871
0.099107 0.044837 -0.000970 -0.000744
-0.012425 -0.000970 0.466907 0.099470
-0.000871 -0.000744 0.099470 0.045009
21.496943 1.161924 26.732703 2.007496
0.472422 0.100016 0.000862 0.001521
0.100016 0.045026 0.001444 -0.000214
0.000862 0.001444 0.478716 0.102084
0.001521 -0.000214 0.102084 0.045509
22.040949 1.153652 27.429860 1.942204
0.473425 0.100333 0.008558 0.002572
0.100333 0.045060 0.002505 -0.000003
0.008558 0.002505 0.481559 0.102474
0.002572 -0.000003 0.102474 0.045487
22.549693 1.139203 28.336535 1.928504
0.471591 0.099978 0.013953 0.003135
0.099978 0.044944 0.003082 0.000111
0.013953 0.003082 0.486783 0.103325
0.003135 0.000111 0.103325 0.045575
22.806223 1.072672 29.450929 1.960505
0.457573 0.097045 0.020347 0.003972
0.097045 0.044289 0.003920 0.000296
0.020347 0.003920 0.488507 0.103360
0.003972 0.000296 0.103360 0.045495
23.343720 1.073534 30.099109 1.890419
0.462806 0.098476 0.012394 0.001780
0.098476 0.044619 0.001723 -0.000159
0.012394 0.001723 0.493987 0.104234
0.001780 -0.000159 0.104234 0.045619
23.756088 1.048111 30.558402 1.788480
0.432287 0.092091 0.010404 0.001232
0.092091 0.043239 0.001155 -0.000196
0.010404 0.001155 0.475411 0.099981
0.001232 -0.000196 0.099981 0.044664
24.507371 1.095458 32.045809 1.912825
0.416121 0.089349 -0.004907 -0.002041
0.089349 0.042748 -0.002231 -0.000826
-0.004907 -0.002231 0.486270 0.102399
-0.002041 -0.000826 0.102399 0.045216
24.978901 1.079258 32.825567 1.875817
0.398489 0.086379 -0.006691 -0.002124
0.086379 0.042201 -0.002314 -0.000710
-0.006691 -0.002314 0.483124 0.101599
-0.002124 -0.000710 0.101599 0.045030
25.776530 1.135515 34.039806 1.933601
0.411088 0.090152 -0.013103 -0.003226
0.090152 0.043128 -0.003446 -0.000852
-0.013103 -0.003446 0.504800 0.106116
-0.003226 -0.000852 0.106116 0.045986
26.790379 1.233828 35.075820 1.947942
0.395516 0.087197 -0.031899 -0.006805
0.087197 0.042449 -0.007197 -0.001540
-0.031899 -0.007197 0.512502 0.107273
-0.006805 -0.001540 0.107273 0.046155
27.998171 1.365010 35.948648 1.927596
0.407593 0.090530 -0.037058 -0.007218
0.090530 0.043196 -0.007604 -0.001488
-0.037058 -0.007604 0.522919 0.108928
-0.007218 -0.001488 0.108928 0.046430
29.196204 1.479117 36.613163 1.866890
0.423061 0.094172 -0.037382 -0.006642
0.094172 0.043920 -0.006985 -0.001256
-0.037382 -0.006985 0.526621 0.109100
-0.006642 -0.001256 0.109100 0.046397
30.026499 1.500418 37.866073 1.933166
0.435734 0.096742 -0.040278 -0.006733
0.096742 0.044333 -0.007029 -0.001210
-0.040278 -0.007029 0.546359 0.112637
-0.006733 -0.001210 0.112637 0.047082
31.258151 1.606280 38.677383 1.903444
0.378513 0.083555 -0.045842 -0.007734
0.083555 0.041233 -0.007799 -0.001405
-0.045842 -0.007799 0.548834 0.112345
-0.007734 -0.001405 0.112345 0.046937
31.720528 1.529725 39.559705 1.887434
0.400139 0.089191 -0.051353 -0.008300
0.089191 0.042604 -0.008535 -0.001500
-0.051353 -0.008535 0.556847 0.113316
-0.008300 -0.001500 0.113316 0.047093
32.452240 1.525361 41.002170 1.988451
0.413144 0.092250 -0.051094 -0.007764
0.092250 0.043245 -0.007920 -0.001346
-0.051094 -0.007920 0.574401 0.116259
-0.007764 -0.001346 0.116259 0.047666
32.779415 1.426658 41.796569 1.945197
0.434679 0.096828 -0.054989 -0.008130
0.096828 0.044155 -0.008539 -0.001460
-0.054989 -0.008539 0.566597 0.113869
-0.008130 -0.001460 0.113869 0.047128
33.252506 1.374470 42.935845 1.976940
0.458366 0.101410 -0.057269 -0.008183
0.101410 0.044995 -0.008738 -0.001489
-0.057269 -0.008738 0.565633 0.113211
-0.008183 -0.001489 0.113211 0.047016
33.677683 1.316235 43.839839 1.958032
0.480080 0.105116 -0.059778 -0.008351
0.105116 0.045591 -0.009096 -0.001563
-0.059778 -0.009096 0.553688 0.110499
-0.008351 -0.001563 0.110499 0.046516
34.172585 1.280088 44.726615 1.938264
0.475929 0.103058 -0.042766 -0.004844
0.103058 0.044955 -0.005337 -0.000857
-0.042766 -0.005337 0.525442 0.104987
-0.004844 -0.000857 0.104987 0.045532
34.595189 1.234083 45.807434 1.959137
0.493868 0.105981 -0.044512 -0.005278
0.105981 0.045476 -0.005919 -0.001043
-0.044512 -0.005919 0.513323 0.103064
-0.005278 -0.001043 0.103064 0.045308
35.110783 1.208472 46.201977 1.839813
0.519142 0.110262 -0.050500 -0.006493
0.110262 0.046271 -0.007428 -0.001386
-0.050500 -0.007428 0.487648 0.098489
-0.006493 -0.001386 0.098489 0.044529
35.831669 1.233807 47.236264 1.864088
0.533865 0.112122 -0.041181 -0.004561
0.112122 0.046546 -0.005532 -0.001019
-0.041181 -0.005532 0.463113 0.094560
-0.004561 -0.001019 0.094560 0.043927
