2.247304 1.861035 1.830692 -0.159754
1.633332 0.653347 0.136104 0.054443
0.653347 80.265411 0.054443 0.021778
0.136104 0.054443 3.558025 1.423241
0.054443 0.021778 1.423241 80.573375
6.709206 8.294187 2.675838 1.334917
2.885279 5.282212 -1.485602 -2.500017
5.282212 15.514808 -2.729368 -4.205017
-1.485602 -2.729368 1.590757 2.658315
-2.500017 -4.205017 2.658315 15.771274
7.400075 4.454722 4.033412 1.527111
0.589289 0.705190 0.288866 0.549404
0.705190 2.178936 0.547171 0.656715
0.288866 0.547171 1.761784 2.589494
0.549404 0.656715 2.589494 5.569982
7.256962 2.133146 3.885923 0.753326
0.396976 0.389913 0.095207 0.075543
0.389913 0.812464 0.053822 -0.067281
0.095207 0.053822 2.045840 1.923929
0.075543 -0.067281 1.923929 2.351733
7.719653 1.640500 4.483753 0.938136
0.775221 0.627635 -0.055178 -0.081222
0.627635 0.682443 -0.083305 -0.128324
-0.055178 -0.083305 1.849012 1.264312
-0.081222 -0.128324 1.264312 1.110821
7.764648 1.160011 5.243413 1.120581
0.961029 0.593203 -0.169891 -0.124298
0.593203 0.455368 -0.125771 -0.103624
-0.169891 -0.125771 1.670807 0.900107
-0.124298 -0.103624 0.900107 0.622246
8.734984 1.344831 6.755776 1.533603
1.037700 0.511647 -0.244370 -0.129356
0.511647 0.307470 -0.130657 -0.076502
-0.244370 -0.130657 1.447655 0.645202
-0.129356 -0.076502 0.645202 0.375423
7.969486 0.757157 7.427661 1.513793
0.809064 0.332393 -0.420094 -0.168485
0.332393 0.175814 -0.176308 -0.075544
-0.420094 -0.176308 1.235774 0.473548
-0.168485 -0.075544 0.473548 0.243626
9.213800 1.064433 7.522118 1.290419
0.798930 0.284042 -0.398280 -0.134373
0.284042 0.131939 -0.139577 -0.050411
-0.398280 -0.139577 1.101734 0.371229
-0.134373 -0.050411 0.371229 0.172686
10.414966 1.277044 8.188702 1.301433
0.801246 0.252420 -0.342043 -0.098929
0.252420 0.105924 -0.102320 -0.032026
-0.342043 -0.102320 1.038611 0.314447
-0.098929 -0.032026 0.314447 0.134064
10.958628 1.251785 9.087166 1.369652
0.763671 0.217030 -0.278007 -0.069925
0.217030 0.085566 -0.072332 -0.020085
-0.278007 -0.072332 0.938948 0.259368
-0.069925 -0.020085 0.259368 0.105073
12.368420 1.452140 9.073062 1.197811
0.683362 0.178120 -0.222877 -0.049709
0.178120 0.068986 -0.050982 -0.012927
-0.222877 -0.050982 0.866677 0.221879
-0.049709 -0.012927 0.221879 0.086785
12.730549 1.380097 11.508062 1.639578
0.655614 0.159827 -0.170559 -0.033235
0.159827 0.060894 -0.034897 -0.008124
-0.170559 -0.034897 0.742077 0.178250
-0.033235 -0.008124 0.178250 0.070615
13.595208 1.421803 12.434527 1.666520
0.623891 0.143958 -0.136573 -0.023698
0.143958 0.054953 -0.025024 -0.005501
-0.136573 -0.025024 0.694114 0.159097
-0.023698 -0.005501 0.159097 0.062879
13.530860 1.247813 13.139024 1.628163
0.578298 0.127487 -0.142312 -0.024526
0.127487 0.049902 -0.025661 -0.005593
-0.142312 -0.025661 0.626681 0.137936
-0.024526 -0.005593 0.137936 0.055898
14.183080 1.256246 14.176546 1.677102
0.560856 0.120170 -0.109304 -0.016447
0.120170 0.047766 -0.017497 -0.003647
-0.109304 -0.017497 0.594425 0.127788
-0.016447 -0.003647 0.127788 0.052487
14.841686 1.266423 15.377668 1.754813
0.536508 0.112447 -0.096601 -0.013751
0.112447 0.045866 -0.014725 -0.003087
-0.096601 -0.014725 0.553918 0.116894
-0.013751 -0.003087 0.116894 0.049358
15.525225 1.281550 16.707564 1.850907
0.525171 0.108727 -0.074378 -0.009133
0.108727 0.045113 -0.010078 -0.002129
-0.074378 -0.010078 0.530007 0.110890
-0.009133 -0.002129 0.110890 0.047698
15.533487 1.154477 18.002938 1.921102
0.529988 0.108911 -0.058038 -0.005993
0.108911 0.045273 -0.007011 -0.001538
-0.058038 -0.007011 0.514869 0.107284
-0.005993 -0.001538 0.107284 0.046728
16.403503 1.214905 19.011235 1.934146
0.523665 0.106895 -0.050826 -0.005144
0.106895 0.044979 -0.005968 -0.001430
-0.050826 -0.005968 0.510595 0.106198
-0.005144 -0.001430 0.106198 0.046373
17.140981 1.240186 19.816921 1.901692
0.525422 0.106904 -0.042898 -0.004059
0.106904 0.045151 -0.004746 -0.001247
-0.042898 -0.004746 0.514846 0.106993
-0.004059 -0.001247 0.106993 0.046458
17.474819 1.183182 20.950640 1.937412
0.498718 0.101275 -0.030641 -0.002330
0.101275 0.044174 -0.002975 -0.000988
-0.030641 -0.002975 0.478514 0.099292
-0.002330 -0.000988 0.099292 0.044783
18.142971 1.197244 21.646282 1.880878
0.491682 0.100302 -0.009702 0.001338
0.100302 0.044236 0.000730 -0.000277
-0.009702 0.000730 0.473036 0.098778
0.001338 -0.000277 0.098778 0.044764
19.251471 1.301754 22.583644 1.882795
0.494401 0.101307 -0.010423 0.000297
0.101307 0.044649 -0.000161 -0.000547
-0.010423 -0.000161 0.483771 0.101486
0.000297 -0.000547 0.101486 0.045368
20.454367 1.415301 23.526234 1.885071
0.478582 0.098397 -0.014312 -0.001251
0.098397 0.044198 -0.001574 -0.000884
-0.014312 -0.001574 0.474429 0.099645
-0.001251 -0.000884 0.099645 0.044947
20.865685 1.354893 24.888099 1.972585
0.452921 0.093777 0.019572 0.005406
0.093777 0.043425 0.005045 0.000525
0.019572 0.005045 0.453554 0.095620
0.005406 0.000525 0.095620 0.044120
21.944998 1.439040 26.307700 2.064768
0.441748 0.092421 0.010769 0.002586
0.092421 0.043337 0.002327 -0.000124
0.010769 0.002327 0.452185 0.095920
0.002586 -0.000124 0.095920 0.044238
22.961255 1.501907 27.223747 2.039810
0.456786 0.096599 0.007792 0.001419
0.096599 0.044374 0.001208 -0.000340
0.007792 0.001208 0.468773 0.099933
0.001419 -0.000340 0.099933 0.045112
24.142597 1.592496 28.822199 2.162650
0.424061 0.090130 -0.006457 -0.001883
0.090130 0.043023 -0.002063 -0.000965
-0.006457 -0.002063 0.455997 0.097232
-0.001883 -0.000965 0.097232 0.044464
24.424852 1.483025 29.102803 1.992014
0.431979 0.092838 -0.017891 -0.004245
0.092838 0.043717 -0.004397 -0.001341
-0.017891 -0.004397 0.457816 0.097866
-0.004245 -0.001341 0.097866 0.044582
24.871406 1.419187 30.265167 2.027667
0.443167 0.095837 -0.021478 -0.004671
0.095837 0.044368 -0.004807 -0.001282
-0.021478 -0.004807 0.478658 0.102447
-0.004671 -0.001282 0.102447 0.045524
25.141430 1.323902 31.200906 2.010730
0.450233 0.097553 -0.006610 -0.001125
0.097553 0.044665 -0.001181 -0.000386
-0.006610 -0.001181 0.492534 0.105062
-0.001125 -0.000386 0.105062 0.045963
25.727958 1.307589 32.244829 2.018862
0.444430 0.096238 -0.017428 -0.003419
0.096238 0.044272 -0.003504 -0.000853
-0.017428 -0.003504 0.501186 0.106309
-0.003419 -0.000853 0.106309 0.046086
26.199943 1.268159 33.221706 2.011798
0.442120 0.095777 -0.025546 -0.004903
0.095777 0.044103 -0.005006 -0.001106
-0.025546 -0.005006 0.511040 0.107739
-0.004903 -0.001106 0.107739 0.046263
27.555620 1.425098 34.482206 2.066455
0.415558 0.090053 -0.038056 -0.007223
0.090053 0.042805 -0.007343 -0.001532
-0.038056 -0.007343 0.514409 0.107726
-0.007223 -0.001532 0.107726 0.046148
27.767106 1.312817 34.547830 1.863246
0.433974 0.094644 -0.042122 -0.007486
0.094644 0.043862 -0.007692 -0.001499
-0.042122 -0.007692 0.509333 0.106053
-0.007486 -0.001499 0.106053 0.045730
28.606305 1.353316 35.616396 1.892446
0.415094 0.090509 -0.054161 -0.009585
0.090509 0.042887 -0.009764 -0.001884
-0.054161 -0.009764 0.519211 0.107699
-0.009585 -0.001884 0.107699 0.046054
29.492799 1.398883 36.461614 1.872658
0.409365 0.089618 -0.062343 -0.010701
0.089618 0.042704 -0.010868 -0.002045
-0.062343 -0.010868 0.528061 0.109041
-0.010701 -0.002045 0.109041 0.046303
29.699463 1.289757 37.363723 1.862243
0.428003 0.094108 -0.070075 -0.011547
0.094108 0.043702 -0.011803 -0.002150
-0.070075 -0.011803 0.545405 0.112070
-0.011547 -0.002150 0.112070 0.046894
30.488476 1.319388 38.015228 1.806010
0.422638 0.092777 -0.075784 -0.012173
0.092777 0.043308 -0.012371 -0.002242
-0.075784 -0.012371 0.552212 0.112724
-0.012173 -0.002242 0.112724 0.046963
30.945067 1.277788 39.286299 1.879318
0.433173 0.095180 -0.069151 -0.010172
0.095180 0.043804 -0.010183 -0.001753
-0.069151 -0.010183 0.566611 0.115073
-0.010172 -0.001753 0.115073 0.047421
31.389741 1.235058 40.238899 1.880095
0.454566 0.099656 -0.067823 -0.009435
0.099656 0.044697 -0.009585 -0.001631
-0.067823 -0.009585 0.570817 0.115164
-0.009435 -0.001631 0.115164 0.047391
32.519137 1.346258 41.076790 1.864401
0.398857 0.087007 -0.042050 -0.004654
0.087007 0.041816 -0.003838 -0.000655
-0.042050 -0.003838 0.565789 0.113732
-0.004654 -0.000655 0.113732 0.047123
32.651970 1.229880 42.327853 1.923721
0.407252 0.089456 -0.043039 -0.005078
0.089456 0.042466 -0.004462 -0.000888
-0.043039 -0.004462 0.572172 0.114559
-0.005078 -0.000888 0.114559 0.047305
33.273260 1.225079 42.531340 1.772039
0.381708 0.084327 -0.014806 0.000111
0.084327 0.041406 0.001071 0.000086
-0.014806 0.001071 0.531088 0.106139
0.000111 0.000086 0.106139 0.045683
33.743608 1.192268 43.252434 1.738029
0.403073 0.089813 -0.016914 -0.000857
0.089813 0.042723 -0.000325 -0.000307
-0.016914 -0.000325 0.522915 0.104885
-0.000857 -0.000307 0.104885 0.045588
34.463011 1.222175 44.564233 1.827964
0.439691 0.098042 -0.022996 -0.002426
0.098042 0.044502 -0.002286 -0.000744
-0.022996 -0.002286 0.528519 0.106492
-0.002426 -0.000744 0.106492 0.046055
34.908183 1.185649 45.526265 1.836970
0.449070 0.099396 -0.015006 -0.001099
0.099396 0.044604 -0.000999 -0.000504
-0.015006 -0.000999 0.501531 0.101398
-0.001099 -0.000504 0.101398 0.045120
34.908650 1.054681 46.215550 1.788198
0.461970 0.101377 -0.024907 -0.003470
0.101377 0.044857 -0.003663 -0.001070
-0.024907 -0.003663 0.482572 0.098264
-0.003470 -0.001070 0.098264 0.044621
35.423801 1.049669 46.430918 1.648472
0.463212 0.100818 -0.002556 0.001012
0.100818 0.044599 0.000911 -0.000099
-0.002556 0.000911 0.422374 0.086918
0.001012 -0.000099 0.086918 0.042454
