1.643116 1.619355 1.432648 -0.318976
2.188590 0.875455 -0.390444 -0.156181
0.875455 80.354256 -0.156181 -0.062474
-0.390444 -0.156181 4.240784 1.696350
-0.156181 -0.062474 1.696350 80.682622
7.587043 10.659253 -0.911499 -3.678852
2.708561 4.763618 -1.325263 -2.050770
4.763618 15.919758 -2.253418 -4.516308
-1.325263 -2.253418 3.141965 5.020115
-2.050770 -4.516308 5.020115 20.998161
8.602354 5.932618 0.260012 -0.534108
1.209952 1.410493 0.773594 1.047944
1.410493 3.400667 0.935166 0.809205
0.773594 0.935166 1.130243 1.428172
1.047944 0.809205 1.428172 4.749036
9.167477 3.255913 1.880599 2.141559
1.044650 0.933523 0.611327 0.458912
0.933523 1.402733 0.412981 0.246539
0.611327 0.412981 1.184531 1.205237
0.458912 0.246539 1.205237 2.032168
8.860635 1.835060 2.633913 2.153409
0.950327 0.679405 0.336471 0.142356
0.679405 0.732475 0.112266 0.033259
0.336471 0.112266 1.372128 1.078791
0.142356 0.033259 1.078791 1.160343
7.538782 0.447441 4.853724 3.024203
0.431031 0.240739 0.260166 0.129255
0.240739 0.263103 0.081914 0.063289
0.260166 0.081914 1.312434 0.792311
0.129255 0.063289 0.792311 0.630966
7.660876 0.429724 5.437976 2.567341
0.539729 0.280524 0.088962 0.023262
0.280524 0.223687 -0.003762 0.008629
0.088962 -0.003762 1.312384 0.648326
0.023262 0.008629 0.648326 0.412493
8.185800 0.567741 6.812891 2.600177
0.598283 0.272399 -0.103237 -0.052660
0.272399 0.175532 -0.071938 -0.019502
-0.103237 -0.071938 1.161742 0.484264
-0.052660 -0.019502 0.484264 0.264462
8.683866 0.652252 8.084211 2.589578
0.660270 0.261625 -0.218888 -0.079626
0.261625 0.141386 -0.094815 -0.024131
-0.218888 -0.094815 1.017547 0.367172
-0.079626 -0.024131 0.367172 0.179120
9.893848 0.960806 9.589749 2.665736
0.703868 0.245194 -0.211121 -0.061494
0.245194 0.115612 -0.072289 -0.013805
-0.211121 -0.072289 0.968062 0.310058
-0.061494 -0.013805 0.310058 0.136722
10.303481 0.939877 11.102362 2.717266
0.730732 0.227340 -0.195172 -0.046686
0.227340 0.096709 -0.055089 -0.007850
-0.195172 -0.055089 0.884268 0.255673
-0.046686 -0.007850 0.255673 0.105790
11.256248 1.075057 12.248325 2.667971
0.721923 0.203528 -0.175280 -0.035317
0.203528 0.081005 -0.041746 -0.004409
-0.175280 -0.041746 0.820551 0.217864
-0.035317 -0.004409 0.217864 0.086305
12.427667 1.229518 12.589323 2.429873
0.703335 0.182548 -0.141809 -0.023389
0.182548 0.069764 -0.027771 -0.001437
-0.141809 -0.027771 0.805370 0.199560
-0.023389 -0.001437 0.199560 0.075820
14.086097 1.474201 12.965837 2.249975
0.619333 0.149939 -0.108585 -0.015018
0.149939 0.058106 -0.017796 -0.000090
-0.108585 -0.017796 0.715990 0.167014
-0.015018 -0.000090 0.167014 0.064063
14.618615 1.434954 14.751156 2.395145
0.606110 0.139410 -0.088320 -0.009774
0.139410 0.053708 -0.012351 0.000465
-0.088320 -0.012351 0.655884 0.146107
-0.009774 0.000465 0.146107 0.056959
14.591574 1.276899 16.554266 2.514904
0.613356 0.135538 -0.061052 -0.003552
0.135538 0.051678 -0.006049 0.001277
-0.061052 -0.006049 0.617650 0.133211
-0.003552 0.001277 0.133211 0.052794
15.064206 1.245734 18.199006 2.594489
0.581157 0.124033 -0.046438 -0.001475
0.124033 0.048426 -0.003659 0.001093
-0.046438 -0.003659 0.557227 0.117268
-0.001475 0.001093 0.117268 0.048589
15.061250 1.098310 17.880456 2.249090
0.541330 0.112421 -0.069357 -0.007507
0.112421 0.045613 -0.009372 -0.000692
-0.069357 -0.009372 0.497714 0.103017
-0.007507 -0.000692 0.103017 0.045196
15.525939 1.079753 18.895834 2.225232
0.537757 0.110256 -0.064223 -0.006600
0.110256 0.045221 -0.008129 -0.000692
-0.064223 -0.008129 0.492514 0.102002
-0.006600 -0.000692 0.102002 0.045021
16.387927 1.144636 19.914816 2.209599
0.536935 0.109275 -0.046364 -0.003138
0.109275 0.045185 -0.004348 -0.000132
-0.046364 -0.004348 0.502063 0.104320
-0.003138 -0.000132 0.104320 0.045588
18.066647 1.368358 20.920591 2.201143
0.494613 0.100264 -0.017502 0.001802
0.100264 0.043564 0.000893 0.000612
-0.017502 0.000893 0.476694 0.099215
0.001802 0.000612 0.099215 0.044565
18.503494 1.318929 22.143379 2.224484
0.500656 0.101943 0.001435 0.004806
0.101943 0.044238 0.003942 0.000994
0.001435 0.003942 0.481035 0.100640
0.004806 0.000994 0.100640 0.044964
19.453571 1.379396 23.474035 2.272161
0.484609 0.098996 0.023981 0.008208
0.098996 0.043885 0.007435 0.001449
0.023981 0.007435 0.470995 0.098854
0.008208 0.001449 0.098854 0.044636
20.070910 1.364338 24.531993 2.255464
0.458558 0.094156 0.019808 0.005836
0.094156 0.043125 0.005267 0.000738
0.019808 0.005267 0.448259 0.094365
0.005836 0.000738 0.094365 0.043723
20.529430 1.317845 25.481847 2.217441
0.479917 0.099548 0.024370 0.005839
0.099548 0.044511 0.005342 0.000651
0.024370 0.005342 0.471470 0.099985
0.005839 0.000651 0.099985 0.045014
21.155219 1.311059 26.481035 2.194208
0.493389 0.102736 0.017477 0.003519
0.102736 0.045283 0.003132 0.000121
0.017477 0.003132 0.488996 0.103770
0.003519 0.000121 0.103770 0.045777
21.530043 1.252803 27.452764 2.168062
0.484143 0.100818 0.035901 0.006936
0.100818 0.044898 0.006552 0.000867
0.035901 0.006552 0.488697 0.103358
0.006936 0.000867 0.103358 0.045577
22.263408 1.274907 28.612012 2.183644
0.478614 0.099902 0.031242 0.005249
0.099902 0.044762 0.004910 0.000498
0.031242 0.004910 0.496083 0.104669
0.005249 0.000498 0.104669 0.045784
22.922099 1.281230 29.241415 2.086235
0.480400 0.100613 0.017584 0.001932
0.100613 0.044972 0.001656 -0.000155
0.017584 0.001656 0.501313 0.105453
0.001932 -0.000155 0.105453 0.045881
23.443965 1.257897 29.886198 2.003155
0.493538 0.103531 0.020670 0.002502
0.103531 0.045599 0.002268 0.000067
0.020670 0.002268 0.516557 0.108232
0.002502 0.000067 0.108232 0.046389
23.921763 1.228764 30.245067 1.869726
0.497713 0.104246 0.028930 0.004172
0.104246 0.045699 0.003977 0.000504
0.028930 0.003977 0.524568 0.109255
0.004172 0.000504 0.109255 0.046500
23.366724 0.986356 30.611194 1.756485
0.485452 0.101475 0.034160 0.005148
0.101475 0.045072 0.004915 0.000753
0.034160 0.004915 0.533592 0.110477
0.005148 0.000753 0.110477 0.046671
24.198103 1.057466 31.436202 1.744049
0.470340 0.098467 0.020544 0.002198
0.098467 0.044472 0.001897 0.000169
0.020544 0.001897 0.533502 0.109866
0.002198 0.000169 0.109866 0.046493
24.614119 1.031997 32.724274 1.829858
0.463581 0.097395 0.023149 0.002863
0.097395 0.044305 0.002529 0.000382
0.023149 0.002529 0.551913 0.113128
0.002863 0.000382 0.113128 0.047134
25.240494 1.057320 33.145502 1.728793
0.465796 0.098310 0.015958 0.001435
0.098310 0.044563 0.001075 0.000134
0.015958 0.001075 0.563516 0.114803
0.001435 0.000134 0.114803 0.047423
26.153713 1.138750 34.011131 1.727713
0.437965 0.092749 -0.001299 -0.001777
0.092749 0.043415 -0.002331 -0.000469
-0.001299 -0.002331 0.565577 0.114517
-0.001777 -0.000469 0.114517 0.047323
26.669134 1.126899 35.001569 1.753334
0.438517 0.093615 -0.001956 -0.001456
0.093615 0.043697 -0.001960 -0.000293
-0.001956 -0.001960 0.585286 0.117867
-0.001456 -0.000293 0.117867 0.047979
27.556334 1.197189 35.457837 1.668752
0.433672 0.093155 -0.014621 -0.003606
0.093155 0.043642 -0.004198 -0.000674
-0.014621 -0.004198 0.580697 0.116152
-0.003606 -0.000674 0.116152 0.047592
27.746291 1.108981 36.240553 1.658635
0.446994 0.096536 -0.012468 -0.002667
0.096536 0.044389 -0.003116 -0.000384
-0.012468 -0.003116 0.602072 0.119875
-0.002667 -0.000384 0.119875 0.048346
29.034311 1.267571 37.675320 1.778680
0.436447 0.094344 -0.014672 -0.002746
0.094344 0.043847 -0.003144 -0.000361
-0.014672 -0.003144 0.611659 0.121005
-0.002746 -0.000361 0.121005 0.048540
29.694523 1.273046 38.196972 1.706403
0.435084 0.094304 -0.016901 -0.002878
0.094304 0.043815 -0.003236 -0.000367
-0.016901 -0.003236 0.620051 0.121913
-0.002878 -0.000367 0.121913 0.048700
30.691181 1.351688 39.370495 1.769611
0.432774 0.094004 -0.017594 -0.002753
0.094004 0.043719 -0.003017 -0.000325
-0.017594 -0.003017 0.649364 0.126948
-0.002753 -0.000325 0.126948 0.049680
31.978315 1.485203 40.523095 1.822776
0.438395 0.095419 -0.010754 -0.001212
0.095419 0.044000 -0.001288 -0.000002
-0.010754 -0.001288 0.641015 0.124322
-0.001212 -0.000002 0.124322 0.049113
31.942603 1.314148 40.479003 1.636802
0.455296 0.099087 -0.014396 -0.001856
0.099087 0.044736 -0.002026 -0.000184
-0.014396 -0.002026 0.650604 0.125531
-0.001856 -0.000184 0.125531 0.049364
32.509584 1.294179 41.059338 1.590893
0.450340 0.097648 -0.005175 -0.000041
0.097648 0.044306 0.000074 0.000184
-0.005175 0.000074 0.657849 0.126322
-0.000041 0.000184 0.126322 0.049540
33.689063 1.410515 42.568505 1.728309
0.466395 0.100929 0.007072 0.002209
0.100929 0.044956 0.002597 0.000612
0.007072 0.002597 0.667947 0.127699
0.002209 0.000612 0.127699 0.049834
33.314771 1.177286 42.637134 1.575653
0.474216 0.102094 0.001605 0.000865
0.102094 0.045096 0.001015 0.000226
0.001605 0.001015 0.652764 0.124218
0.000865 0.000226 0.124218 0.049190
34.490049 1.303342 44.058013 1.696430
0.479570 0.102695 0.026400 0.005411
0.102695 0.045133 0.006120 0.001155
0.026400 0.006120 0.646300 0.122833
0.005411 0.001155 0.122833 0.049019
35.249324 1.326210 45.097696 1.732791
0.501840 0.106888 0.033172 0.006153
0.106888 0.045953 0.006896 0.001199
0.033172 0.006896 0.616568 0.117185
0.006153 0.001199 0.117185 0.048049
35.887021 1.320656 46.107452 1.760208
0.523237 0.110539 0.033640 0.005678
0.110539 0.046606 0.006363 0.001012
0.033640 0.006363 0.581611 0.111037
0.005678 0.001012 0.111037 0.047049
