2.746808 2.060841 4.452030 0.888803
2.336651 0.934681 -0.696424 -0.278576
0.934681 80.377947 -0.278576 -0.111433
-0.696424 -0.278576 4.097002 1.638836
-0.278576 -0.111433 1.638836 80.659615
5.608948 5.081919 1.153043 -5.083603
2.681122 4.668121 -1.031226 -1.524846
4.668121 16.061765 -1.602149 -4.185754
-1.031226 -1.602149 3.890634 6.255608
-1.524846 -4.185754 6.255608 22.651274
6.304374 3.068169 1.105626 -2.361613
2.287825 2.579760 0.174249 0.289283
2.579760 4.774670 0.226357 -0.202683
0.174249 0.226357 1.183184 1.334202
0.289283 -0.202683 1.334202 4.592509
6.111430 1.554018 1.730810 -0.512097
1.849189 1.505668 0.310277 0.250086
1.505668 1.926061 0.207751 -0.011257
0.310277 0.207751 0.923486 0.908110
0.250086 -0.011257 0.908110 1.888444
7.402995 1.742952 3.762419 1.329145
1.609468 1.045007 0.086345 -0.010625
1.045007 1.014185 -0.003860 -0.107577
0.086345 -0.003860 0.937601 0.760912
-0.010625 -0.107577 0.760912 1.014467
7.800789 1.433776 5.700573 2.174309
0.649050 0.345563 0.036378 0.001723
0.345563 0.372016 -0.031193 -0.049490
0.036378 -0.031193 1.155709 0.751168
0.001723 -0.049490 0.751168 0.679849
8.593093 1.474935 6.643220 2.096368
0.771797 0.381109 -0.101675 -0.073267
0.381109 0.303573 -0.086486 -0.061667
-0.101675 -0.086486 1.259445 0.665041
-0.073267 -0.061667 0.665041 0.461388
8.802125 1.257480 7.005470 1.803402
0.848536 0.370196 -0.229139 -0.112694
0.370196 0.237772 -0.119010 -0.060036
-0.229139 -0.119010 1.267364 0.558735
-0.112694 -0.060036 0.558735 0.318275
8.587395 0.938117 7.469816 1.643670
0.883519 0.338959 -0.270915 -0.106949
0.338959 0.184747 -0.110692 -0.044752
-0.270915 -0.110692 1.194567 0.450941
-0.106949 -0.044752 0.450941 0.222181
9.242713 1.001625 8.402251 1.680301
0.912608 0.311076 -0.261114 -0.086376
0.311076 0.148331 -0.088883 -0.030133
-0.261114 -0.088883 1.128921 0.373736
-0.086376 -0.030133 0.373736 0.164431
10.245113 1.155322 9.096422 1.638684
0.843348 0.258352 -0.264071 -0.075503
0.258352 0.114027 -0.077550 -0.022736
-0.264071 -0.077550 1.005578 0.297621
-0.075503 -0.022736 0.297621 0.122145
10.944591 1.190216 9.997546 1.661649
0.796191 0.223159 -0.213807 -0.053020
0.223159 0.092895 -0.054344 -0.013940
-0.213807 -0.054344 0.908810 0.245329
-0.053020 -0.013940 0.245329 0.096249
12.797628 1.516756 10.485111 1.585156
0.743171 0.192999 -0.192655 -0.042638
0.192999 0.077658 -0.043309 -0.010022
-0.192655 -0.043309 0.872607 0.218251
-0.042638 -0.010022 0.218251 0.082131
13.549671 1.527822 12.642176 1.907519
0.672507 0.164308 -0.129996 -0.024653
0.164308 0.065946 -0.025224 -0.005184
-0.129996 -0.025224 0.731581 0.171696
-0.024653 -0.005184 0.171696 0.066339
14.051323 1.454663 12.369365 1.628397
0.614374 0.142664 -0.134181 -0.024513
0.142664 0.057885 -0.024931 -0.005057
-0.134181 -0.024931 0.681400 0.152440
-0.024513 -0.005057 0.152440 0.059257
14.130743 1.317142 14.052241 1.811029
0.596417 0.133722 -0.107555 -0.017365
0.133722 0.054136 -0.017949 -0.003383
-0.107555 -0.017949 0.617829 0.133484
-0.017365 -0.003383 0.133484 0.053500
14.362784 1.237652 16.305340 2.093318
0.580475 0.126760 -0.064913 -0.007754
0.126760 0.051508 -0.008428 -0.001365
-0.064913 -0.008428 0.554455 0.117300
-0.007754 -0.001365 0.117300 0.049217
14.534239 1.140518 17.225408 2.062376
0.560833 0.119768 -0.048421 -0.004745
0.119768 0.049256 -0.005368 -0.000908
-0.048421 -0.005368 0.518786 0.108574
-0.004745 -0.000908 0.108574 0.046983
15.415152 1.203008 17.910385 1.992656
0.540413 0.113388 -0.057576 -0.007340
0.113388 0.047441 -0.007813 -0.001605
-0.057576 -0.007813 0.502743 0.104669
-0.007340 -0.001605 0.104669 0.045972
15.758241 1.148764 18.862841 1.981329
0.535768 0.111391 -0.040356 -0.003963
0.111391 0.046852 -0.004391 -0.000947
-0.040356 -0.004391 0.493156 0.102743
-0.003963 -0.000947 0.102743 0.045539
17.490146 1.387702 19.780787 1.974769
0.508977 0.105009 -0.039570 -0.004473
0.105009 0.045428 -0.004662 -0.001137
-0.039570 -0.004662 0.487036 0.101565
-0.004473 -0.001137 0.101565 0.045268
17.835339 1.319089 21.287095 2.081093
0.507413 0.104693 -0.018978 -0.000518
0.104693 0.045442 -0.000769 -0.000368
-0.018978 -0.000769 0.479427 0.100296
-0.000518 -0.000368 0.100296 0.045030
18.428957 1.304459 22.133402 2.039947
0.488436 0.100776 -0.006834 0.001256
0.100776 0.044696 0.001019 -0.000108
-0.006834 0.001019 0.461211 0.096798
0.001256 -0.000108 0.096798 0.044317
18.900151 1.267002 23.160371 2.040697
0.478831 0.099158 0.004254 0.002819
0.099158 0.044481 0.002592 0.000135
0.004254 0.002592 0.453177 0.095689
0.002819 0.000135 0.095689 0.044147
20.427129 1.454190 24.798160 2.173948
0.468974 0.097559 0.001177 0.001365
0.097559 0.044259 0.001231 -0.000228
0.001177 0.001231 0.458914 0.097463
0.001365 -0.000228 0.097463 0.044567
21.069124 1.435929 25.461320 2.083550
0.470353 0.098438 0.026006 0.006139
0.098438 0.044557 0.005938 0.000770
0.026006 0.005938 0.462010 0.098460
0.006139 0.000770 0.098460 0.044772
21.290274 1.331186 26.895072 2.167527
0.439445 0.092345 0.035869 0.007386
0.092345 0.043330 0.007187 0.000973
0.035869 0.007187 0.446161 0.095215
0.007386 0.000973 0.095215 0.044034
22.063322 1.353371 28.209550 2.216740
0.424194 0.090070 0.021406 0.003469
0.090070 0.042990 0.003303 0.000102
0.021406 0.003303 0.444628 0.095333
0.003469 0.000102 0.095333 0.044079
22.652091 1.335386 29.065221 2.162642
0.437450 0.093936 0.017596 0.002270
0.093936 0.043937 0.002132 -0.000096
0.017596 0.002132 0.459514 0.098866
0.002270 -0.000096 0.098866 0.044830
23.363353 1.345487 29.966451 2.123742
0.446581 0.096423 0.007571 -0.000042
0.096423 0.044468 -0.000179 -0.000505
0.007571 -0.000179 0.472870 0.101684
-0.000042 -0.000505 0.101684 0.045354
23.848138 1.305159 30.934563 2.104284
0.456504 0.098727 0.000882 -0.001347
0.098727 0.044891 -0.001492 -0.000661
0.000882 -0.001492 0.489230 0.104830
-0.001347 -0.000661 0.104830 0.045905
24.574582 1.322877 31.346354 1.967729
0.456155 0.098511 -0.000079 -0.001247
0.098511 0.044726 -0.001361 -0.000498
-0.000079 -0.001361 0.487227 0.103750
-0.001247 -0.000498 0.103750 0.045520
25.166581 1.307984 32.291351 1.959635
0.443561 0.095690 -0.014722 -0.004042
0.095690 0.044031 -0.004226 -0.000998
-0.014722 -0.004226 0.493261 0.104576
-0.004042 -0.000998 0.104576 0.045612
25.810190 1.306191 32.813828 1.863163
0.451218 0.097469 -0.013461 -0.003257
0.097469 0.044389 -0.003396 -0.000698
-0.013461 -0.003396 0.498012 0.105074
-0.003257 -0.000698 0.105074 0.045641
26.215967 1.252778 33.982718 1.913022
0.450812 0.097304 -0.020016 -0.004239
0.097304 0.044293 -0.004391 -0.000831
-0.020016 -0.004391 0.516956 0.108572
-0.004239 -0.000831 0.108572 0.046320
26.380823 1.153327 35.084548 1.942956
0.456024 0.098355 -0.025193 -0.004877
0.098355 0.044473 -0.005026 -0.000896
-0.025193 -0.005026 0.535633 0.111724
-0.004877 -0.000896 0.111724 0.046885
27.758298 1.325743 36.014285 1.935676
0.440474 0.094815 -0.035480 -0.006595
0.094815 0.043649 -0.006767 -0.001209
-0.035480 -0.006767 0.540611 0.111808
-0.006595 -0.001209 0.111808 0.046791
28.470082 1.335587 36.717396 1.881407
0.441035 0.095103 -0.040134 -0.007016
0.095103 0.043731 -0.007196 -0.001237
-0.040134 -0.007196 0.543157 0.111515
-0.007016 -0.001237 0.111515 0.046666
28.965375 1.298938 37.834840 1.916874
0.405814 0.087581 -0.047520 -0.008168
0.087581 0.042104 -0.008230 -0.001438
-0.047520 -0.008230 0.552873 0.112821
-0.008168 -0.001438 0.112821 0.046906
29.453423 1.261287 38.301331 1.816057
0.405058 0.088211 -0.053599 -0.008878
0.088211 0.042370 -0.009029 -0.001562
-0.053599 -0.009029 0.550230 0.111594
-0.008878 -0.001562 0.111594 0.046635
29.714157 1.183384 39.798478 1.933156
0.402694 0.088331 -0.054511 -0.008574
0.088331 0.042465 -0.008562 -0.001447
-0.054511 -0.008562 0.572536 0.115675
-0.008574 -0.001447 0.115675 0.047490
30.321192 1.187574 40.881041 1.956627
0.402406 0.088826 -0.049741 -0.007229
0.088826 0.042607 -0.007094 -0.001158
-0.049741 -0.007094 0.576648 0.115816
-0.007229 -0.001158 0.115816 0.047498
31.241391 1.262067 42.116973 2.010627
0.429876 0.095359 -0.043524 -0.005595
0.095359 0.044057 -0.005552 -0.000849
-0.043524 -0.005552 0.576402 0.115193
-0.005595 -0.000849 0.115193 0.047380
31.503709 1.179400 42.991773 1.981952
0.440861 0.097435 -0.043895 -0.005621
0.097435 0.044358 -0.005756 -0.000956
-0.043895 -0.005756 0.564669 0.112391
-0.005621 -0.000956 0.112391 0.046845
32.876032 1.347017 43.269448 1.845191
0.387699 0.085521 0.007398 0.004179
0.085521 0.041645 0.005187 0.001075
0.007398 0.005187 0.515962 0.102924
0.004179 0.001075 0.102924 0.045110
33.904717 1.425523 44.107376 1.829823
0.409013 0.090922 0.011883 0.004276
0.090922 0.042938 0.005020 0.000856
0.011883 0.005020 0.503458 0.101191
0.004276 0.000856 0.101191 0.044978
34.283015 1.351291 45.060103 1.836628
0.423016 0.094036 0.005758 0.002252
0.094036 0.043573 0.002662 0.000241
0.005758 0.002662 0.493652 0.100047
0.002252 0.000241 0.100047 0.044929
35.141639 1.391988 46.079463 1.857521
0.445580 0.098731 0.008093 0.002228
0.098731 0.044509 0.002537 0.000167
0.008093 0.002537 0.474510 0.097014
0.002228 0.000167 0.097014 0.044461
36.276206 1.488186 46.548455 1.762616
0.447881 0.098507 0.037728 0.007908
0.098507 0.044294 0.008508 0.001378
0.037728 0.008508 0.399897 0.082651
0.007908 0.001378 0.082651 0.041642
36.867412 1.454799 47.405576 1.757816
0.479873 0.104909 0.013176 0.001737
0.104909 0.045591 0.002121 -0.000088
0.013176 0.002121 0.406170 0.086267
0.001737 -0.000088 0.086267 0.042736
