2.672881 2.031270 1.585499 -0.257834
1.044813 0.417934 0.688922 0.275575
0.417934 80.171244 0.275575 0.110232
0.688922 0.275575 3.165526 1.266238
0.275575 0.110232 1.266238 80.510573
4.016378 2.624195 1.863505 0.410606
3.185510 6.076241 -1.073932 -2.018221
6.076241 15.391099 -2.187491 -1.993882
-1.073932 -2.187491 2.578006 4.432479
-2.018221 -1.993882 4.432479 17.861162
6.458829 3.930452 3.584645 2.347094
2.383493 2.537807 -0.147109 0.076320
2.537807 3.588527 -0.097431 0.514972
-0.147109 -0.097431 0.922914 1.090491
0.076320 0.514972 1.090491 3.484046
6.793954 2.674045 4.091739 1.590546
2.274896 1.677695 -0.272301 -0.126035
1.677695 1.598623 -0.100748 0.093306
-0.272301 -0.100748 1.622246 1.577590
-0.126035 0.093306 1.577590 2.225700
7.264597 2.126680 3.635264 0.652448
0.974185 0.552919 -0.123906 -0.048608
0.552919 0.503247 0.004475 0.055129
-0.123906 0.004475 1.846917 1.325596
-0.048608 0.055129 1.325596 1.247666
9.571839 2.709692 3.025248 0.167197
1.018588 0.493947 -0.171006 -0.063209
0.493947 0.353706 -0.035076 0.007460
-0.171006 -0.035076 1.752068 0.977380
-0.063209 0.007460 0.977380 0.705311
9.104813 1.998923 5.925928 1.416502
0.393604 0.170437 0.197117 0.100736
0.170437 0.149689 0.108371 0.058909
0.197117 0.108371 1.197332 0.555818
0.100736 0.058909 0.555818 0.357687
9.848076 1.894912 6.688830 1.436456
0.413932 0.168781 0.061334 0.027329
0.168781 0.122514 0.030208 0.015520
0.061334 0.030208 1.068432 0.425770
0.027329 0.015520 0.425770 0.238497
10.844568 1.913717 7.611269 1.508354
0.487001 0.183410 0.007364 0.004234
0.183410 0.109428 0.004455 0.003586
0.007364 0.004455 1.014772 0.356478
0.004234 0.003586 0.356478 0.176726
11.762907 1.899920 7.930582 1.371239
0.555943 0.190552 -0.029574 -0.007680
0.190552 0.097671 -0.008787 -0.001294
-0.029574 -0.008787 0.993814 0.313008
-0.007680 -0.001294 0.313008 0.139759
12.250688 1.757857 9.796877 1.707715
0.590387 0.184099 -0.077271 -0.020140
0.184099 0.085003 -0.022491 -0.005222
-0.077271 -0.022491 0.883452 0.252673
-0.020140 -0.005222 0.252673 0.107081
12.137312 1.473545 10.667960 1.707675
0.607312 0.173662 -0.123758 -0.029944
0.173662 0.074450 -0.033001 -0.007564
-0.123758 -0.033001 0.813561 0.214774
-0.029944 -0.007564 0.214774 0.087513
13.055343 1.523300 11.839349 1.787703
0.630176 0.167061 -0.132813 -0.028812
0.167061 0.067480 -0.031603 -0.006576
-0.132813 -0.031603 0.781399 0.193105
-0.028812 -0.006576 0.193105 0.075993
12.985391 1.317759 13.021588 1.848754
0.575278 0.142469 -0.154028 -0.031542
0.142469 0.057629 -0.034332 -0.006928
-0.154028 -0.034332 0.656358 0.153071
-0.031542 -0.006928 0.153071 0.062357
14.088441 1.421266 13.702596 1.798232
0.543121 0.128102 -0.117948 -0.020967
0.128102 0.052194 -0.022850 -0.004010
-0.117948 -0.022850 0.606475 0.136515
-0.020967 -0.004010 0.136515 0.056380
14.442724 1.343580 15.004184 1.883034
0.564939 0.128313 -0.111029 -0.017804
0.128313 0.051030 -0.019582 -0.003168
-0.111029 -0.019582 0.598055 0.131025
-0.017804 -0.003168 0.131025 0.053711
14.454561 1.200895 16.277965 1.946663
0.566382 0.124401 -0.098271 -0.014166
0.124401 0.049292 -0.015869 -0.002406
-0.098271 -0.015869 0.565930 0.121234
-0.014166 -0.002406 0.121234 0.050576
14.475366 1.070009 16.682653 1.818157
0.543415 0.116064 -0.090633 -0.012439
0.116064 0.046953 -0.013965 -0.002177
-0.090633 -0.013965 0.521625 0.110008
-0.012439 -0.002177 0.110008 0.047566
15.084012 1.085081 17.546728 1.809566
0.552449 0.115836 -0.083147 -0.010553
0.115836 0.046715 -0.011796 -0.001806
-0.083147 -0.011796 0.530880 0.111368
-0.010553 -0.001806 0.111368 0.047590
15.404403 1.045799 19.096734 1.942431
0.554939 0.114788 -0.055035 -0.004664
0.114788 0.046454 -0.005870 -0.000690
-0.055035 -0.005870 0.520675 0.108764
-0.004664 -0.000690 0.108764 0.046863
15.668038 0.992907 20.098131 1.945838
0.553513 0.113176 -0.037923 -0.001730
0.113176 0.046135 -0.002825 -0.000273
-0.037923 -0.002825 0.513497 0.106923
-0.001730 -0.000273 0.106923 0.046355
17.140317 1.189034 20.821966 1.903329
0.508842 0.103323 -0.002177 0.004436
0.103323 0.044249 0.003553 0.000756
-0.002177 0.003553 0.484308 0.100863
0.004436 0.000756 0.100863 0.045065
17.568803 1.156440 21.965600 1.942245
0.518833 0.105386 -0.001537 0.003336
0.105386 0.044912 0.002599 0.000327
-0.001537 0.002599 0.493246 0.102986
0.003336 0.000327 0.102986 0.045532
18.454454 1.217847 22.688009 1.891838
0.503214 0.102191 0.008546 0.004304
0.102191 0.044455 0.003689 0.000386
0.008546 0.003689 0.483727 0.101075
0.004304 0.000386 0.101075 0.045120
19.090638 1.223642 23.745157 1.915200
0.497252 0.101304 0.017053 0.005062
0.101304 0.044494 0.004531 0.000449
0.017053 0.004531 0.482429 0.101023
0.005062 0.000449 0.101023 0.045128
19.961191 1.276735 25.089769 1.996651
0.492841 0.100816 0.018151 0.004356
0.100816 0.044588 0.003929 0.000249
0.018151 0.003929 0.489981 0.102777
0.004356 0.000249 0.102777 0.045501
20.718504 1.301745 25.456081 1.864066
0.495371 0.101785 0.021541 0.004348
0.101785 0.044948 0.003987 0.000242
0.021541 0.003987 0.492194 0.103215
0.004348 0.000242 0.103215 0.045559
21.100071 1.244255 27.369031 2.070097
0.484151 0.099787 0.032047 0.005976
0.099787 0.044641 0.005613 0.000597
0.032047 0.005613 0.501456 0.105065
0.005976 0.000597 0.105065 0.045908
21.300327 1.155526 28.798818 2.153864
0.480073 0.099381 0.050488 0.009213
0.099381 0.044660 0.008830 0.001275
0.050488 0.008830 0.515458 0.107695
0.009213 0.001275 0.107695 0.046386
22.228656 1.231792 29.207503 2.013011
0.477239 0.099311 0.043085 0.006865
0.099311 0.044742 0.006552 0.000772
0.043085 0.006552 0.513623 0.106876
0.006865 0.000772 0.106876 0.046133
23.259780 1.319498 30.084965 1.983972
0.483302 0.100995 0.045106 0.006797
0.100995 0.045149 0.006515 0.000801
0.045106 0.006515 0.525245 0.108936
0.006797 0.000801 0.108936 0.046509
23.170365 1.164859 30.646670 1.899388
0.469895 0.098375 0.046547 0.006829
0.098375 0.044599 0.006513 0.000876
0.046547 0.006513 0.527423 0.108884
0.006829 0.000876 0.108884 0.046429
23.551802 1.127319 30.868824 1.750660
0.470821 0.098969 0.048255 0.006904
0.098969 0.044759 0.006705 0.000974
0.048255 0.006705 0.521099 0.107145
0.006904 0.000974 0.107145 0.046028
24.795918 1.266535 32.415521 1.884197
0.424451 0.089701 0.012271 -0.000390
0.089701 0.042858 -0.001040 -0.000495
0.012271 -0.001040 0.516450 0.106235
-0.000390 -0.000495 0.106235 0.045899
25.492568 1.278308 33.662729 1.946582
0.427423 0.091446 0.008946 -0.000592
0.091446 0.043377 -0.001273 -0.000373
0.008946 -0.001273 0.541691 0.111347
-0.000592 -0.000373 0.111347 0.046973
25.854188 1.220029 34.295200 1.878096
0.426390 0.092028 0.000666 -0.001793
0.092028 0.043557 -0.002523 -0.000489
0.000666 -0.002523 0.559851 0.114559
-0.001793 -0.000489 0.114559 0.047573
26.697250 1.269725 35.495424 1.930434
0.415310 0.090235 -0.009710 -0.003314
0.090235 0.043170 -0.004127 -0.000686
-0.009710 -0.004127 0.573421 0.116592
-0.003314 -0.000686 0.116592 0.047901
27.690781 1.346929 37.050871 2.048929
0.411402 0.090030 -0.016101 -0.003975
0.090030 0.043131 -0.004778 -0.000707
-0.016101 -0.004778 0.590163 0.119143
-0.003975 -0.000707 0.119143 0.048330
28.364398 1.347042 37.977666 2.029369
0.423941 0.093317 -0.010790 -0.002320
0.093317 0.043831 -0.002869 -0.000247
-0.010790 -0.002869 0.609498 0.122063
-0.002320 -0.000247 0.122063 0.048825
29.176625 1.377608 38.927532 2.016561
0.425402 0.093736 -0.009528 -0.001710
0.093736 0.043819 -0.002124 -0.000084
-0.009528 -0.002124 0.617628 0.122604
-0.001710 -0.000084 0.122604 0.048838
29.551352 1.308480 40.104351 2.049457
0.433460 0.095510 -0.009986 -0.001553
0.095510 0.044107 -0.001897 -0.000051
-0.009986 -0.001897 0.632954 0.124658
-0.001553 -0.000051 0.124658 0.049187
30.372663 1.345167 41.072657 2.038652
0.416818 0.091644 -0.004325 -0.000296
0.091644 0.043134 -0.000423 0.000206
-0.004325 -0.000423 0.621760 0.121483
-0.000296 0.000206 0.121483 0.048519
32.199198 1.600123 42.929142 2.203049
0.377769 0.083226 0.016170 0.003660
0.083226 0.041258 0.004136 0.001030
0.016170 0.004136 0.618847 0.120386
0.003660 0.001030 0.120386 0.048349
32.303800 1.444977 42.824126 1.968696
0.404741 0.090179 0.010893 0.002312
0.090179 0.042932 0.002524 0.000610
0.010893 0.002524 0.597867 0.115962
0.002312 0.000610 0.115962 0.047559
33.224330 1.489080 44.132006 2.031517
0.436587 0.097394 0.016479 0.003202
0.097394 0.044474 0.003532 0.000746
0.016479 0.003532 0.600910 0.116677
0.003202 0.000746 0.116677 0.047838
33.378046 1.358905 44.108969 1.829986
0.426367 0.094467 0.031647 0.005902
0.094467 0.043618 0.006610 0.001288
0.031647 0.006610 0.550391 0.106942
0.005902 0.001288 0.106942 0.046054
34.544824 1.468741 43.817915 1.592527
0.383355 0.084548 0.092181 0.017397
0.084548 0.041309 0.019523 0.003753
0.092181 0.019523 0.475479 0.093108
0.017397 0.003753 0.093108 0.043558
35.200734 1.450809 44.674090 1.605131
0.424218 0.094404 0.089770 0.015243
0.094404 0.043639 0.017027 0.002953
0.089770 0.017027 0.497366 0.099649
0.015243 0.002953 0.099649 0.045262
36.883967 1.649000 47.284941 1.965906
0.450133 0.099853 0.082286 0.012504
0.099853 0.044742 0.013978 0.002197
0.082286 0.013978 0.503906 0.102313
0.012504 0.002197 0.102313 0.045961
38.746560 1.863970 49.765894 2.263642
0.490106 0.108037 0.056029 0.006128
0.108037 0.046398 0.007445 0.000792
0.056029 0.007445 0.494469 0.101459
0.006128 0.000792 0.101459 0.045865
