1.543424 1.579477 4.087765 0.743094
1.280939 0.512387 0.478306 0.191327
0.512387 80.209026 0.191327 0.076532
0.478306 0.191327 2.837851 1.135165
0.191327 0.076532 1.135165 80.458143
2.629047 2.200914 2.836029 -2.059466
2.400260 4.513676 -1.089481 -1.977115
4.513676 13.141067 -2.188688 -2.502561
-1.089481 -2.188688 3.698508 6.403526
-1.977115 -2.502561 6.403526 20.476816
4.004791 2.476590 1.231731 -2.674509
3.012647 3.267762 -1.252970 -1.100238
3.267762 4.613002 -1.259467 -0.845100
-1.252970 -1.259467 2.520342 2.693362
-1.100238 -0.845100 2.693362 5.094115
4.858989 2.349286 2.993501 -0.085833
2.203058 1.690308 -0.082829 0.142451
1.690308 1.718066 -0.043205 0.168451
-0.082829 -0.043205 0.378023 0.312298
0.142451 0.168451 0.312298 1.083270
6.751222 2.818726 4.191095 1.053174
1.807232 1.062604 -0.093010 0.008769
1.062604 0.842676 -0.030075 0.029962
-0.093010 -0.030075 0.666490 0.587741
0.008769 0.029962 0.587741 0.839513
7.855209 2.663304 4.343368 0.785694
1.324683 0.636545 -0.136388 -0.055432
0.636545 0.437405 -0.043351 -0.014395
-0.136388 -0.043351 1.051103 0.722015
-0.055432 -0.014395 0.722015 0.644147
8.426541 2.350450 4.915479 0.868191
1.041813 0.430088 -0.148576 -0.060412
0.430088 0.265589 -0.043843 -0.019007
-0.148576 -0.043843 1.228838 0.663451
-0.060412 -0.019007 0.663451 0.442115
7.806739 1.702097 6.465728 1.338538
0.541230 0.197691 -0.138599 -0.054015
0.197691 0.135872 -0.037622 -0.017085
-0.138599 -0.037622 1.204428 0.532347
-0.054015 -0.017085 0.532347 0.290569
9.486273 1.987636 6.897407 1.258183
0.570610 0.196519 -0.176997 -0.060370
0.196519 0.116374 -0.049209 -0.018998
-0.176997 -0.049209 1.148218 0.430080
-0.060370 -0.018998 0.430080 0.201982
10.418464 1.970987 7.828982 1.356843
0.646085 0.207755 -0.176366 -0.051589
0.207755 0.105879 -0.045125 -0.015010
-0.176366 -0.045125 1.092911 0.356921
-0.051589 -0.015010 0.356921 0.149603
11.867648 2.121273 9.540762 1.663044
0.655340 0.194747 -0.185190 -0.048411
0.194747 0.090787 -0.045097 -0.013396
-0.185190 -0.045097 0.978541 0.284493
-0.048411 -0.013396 0.284493 0.111283
12.779154 2.082457 10.635830 1.731856
0.609375 0.168302 -0.178679 -0.042308
0.168302 0.075489 -0.040762 -0.011086
-0.178679 -0.040762 0.848117 0.224018
-0.042308 -0.011086 0.224018 0.085180
13.027573 1.873871 11.514453 1.727864
0.605768 0.157188 -0.202682 -0.044560
0.157188 0.067317 -0.044447 -0.011078
-0.202682 -0.044447 0.786269 0.192158
-0.044560 -0.011078 0.192158 0.071534
13.124439 1.667420 12.678100 1.788918
0.604399 0.148955 -0.182244 -0.036162
0.148955 0.061690 -0.036558 -0.008399
-0.182244 -0.036558 0.717768 0.165012
-0.036162 -0.008399 0.165012 0.061759
13.917519 1.664528 14.082210 1.901677
0.594809 0.140170 -0.158302 -0.028465
0.140170 0.057068 -0.029020 -0.006252
-0.158302 -0.029020 0.660524 0.144949
-0.028465 -0.006252 0.144949 0.055299
14.600063 1.636550 15.504771 2.001231
0.585680 0.133113 -0.122986 -0.019446
0.133113 0.053757 -0.019869 -0.004054
-0.122986 -0.019869 0.614052 0.130448
-0.019446 -0.004054 0.130448 0.051120
14.925309 1.523887 16.290005 1.950215
0.570165 0.125430 -0.115698 -0.017529
0.125430 0.050832 -0.018154 -0.003692
-0.115698 -0.018154 0.571220 0.118468
-0.017529 -0.003692 0.118468 0.048029
15.954733 1.575394 16.763975 1.849672
0.550160 0.117973 -0.111656 -0.016547
0.117973 0.048463 -0.017057 -0.003490
-0.111656 -0.017057 0.548716 0.112252
-0.016547 -0.003490 0.112252 0.046546
16.871067 1.599157 17.407556 1.793423
0.527637 0.111671 -0.064317 -0.006792
0.111671 0.046841 -0.006863 -0.001423
-0.064317 -0.006863 0.525500 0.107242
-0.006792 -0.001423 0.107242 0.045615
17.170936 1.500087 18.834453 1.896585
0.525966 0.110162 -0.050844 -0.004648
0.110162 0.046361 -0.004824 -0.001147
-0.050844 -0.004824 0.506766 0.103289
-0.004648 -0.001147 0.103289 0.044907
17.285446 1.370146 20.039748 1.943187
0.524050 0.108876 -0.040019 -0.003165
0.108876 0.046018 -0.003393 -0.000983
-0.040019 -0.003393 0.492408 0.100623
-0.003165 -0.000983 0.100623 0.044517
17.728943 1.320765 21.086011 1.956573
0.510801 0.105445 -0.036255 -0.003259
0.105445 0.045289 -0.003473 -0.001126
-0.036255 -0.003473 0.475294 0.097571
-0.003259 -0.001126 0.097571 0.044051
18.308297 1.307190 22.502577 2.046858
0.498528 0.102757 -0.020502 -0.000718
0.102757 0.044824 -0.000898 -0.000664
-0.020502 -0.000898 0.463747 0.095993
-0.000718 -0.000664 0.095993 0.043921
18.811473 1.277920 23.844180 2.112488
0.499788 0.103067 -0.021030 -0.001591
0.103067 0.045001 -0.001714 -0.000896
-0.021030 -0.001714 0.468550 0.097773
-0.001591 -0.000896 0.097773 0.044441
19.082994 1.200609 24.580607 2.043671
0.492297 0.101596 -0.018031 -0.001567
0.101596 0.044794 -0.001671 -0.000907
-0.018031 -0.001671 0.461786 0.096893
-0.001567 -0.000907 0.096893 0.044329
20.008599 1.267809 25.567450 2.037452
0.497092 0.102820 -0.015817 -0.001553
0.102820 0.045155 -0.001614 -0.000880
-0.015817 -0.001614 0.475701 0.100375
-0.001553 -0.000880 0.100375 0.045123
20.385897 1.215614 26.939784 2.111467
0.491979 0.101900 -0.004523 0.000437
0.101900 0.045035 0.000374 -0.000437
-0.004523 0.000374 0.482797 0.102035
0.000437 -0.000437 0.102035 0.045447
21.279696 1.274354 27.641012 2.037113
0.475275 0.098650 0.007462 0.002449
0.098650 0.044432 0.002372 -0.000018
0.007462 0.002372 0.475206 0.100387
0.002449 -0.000018 0.100387 0.045040
21.709056 1.231086 28.808352 2.068441
0.479440 0.100003 0.006188 0.001597
0.100003 0.044819 0.001545 -0.000204
0.006188 0.001545 0.490404 0.103677
0.001597 -0.000204 0.103677 0.045710
22.596905 1.288018 29.986596 2.098754
0.457328 0.095685 -0.003792 -0.000900
0.095685 0.043966 -0.000931 -0.000699
-0.003792 -0.000931 0.489146 0.103157
-0.000900 -0.000699 0.103157 0.045517
24.021526 1.452656 30.618840 2.010640
0.439856 0.092679 -0.018247 -0.004014
0.092679 0.043439 -0.004044 -0.001270
-0.018247 -0.004044 0.480788 0.101214
-0.004014 -0.001270 0.101214 0.045055
24.949655 1.495541 31.468225 1.977849
0.447495 0.095168 -0.010845 -0.002195
0.095168 0.044084 -0.002203 -0.000753
-0.010845 -0.002203 0.491102 0.103396
-0.002195 -0.000753 0.103396 0.045509
25.170689 1.382902 32.397770 1.965172
0.448758 0.095939 -0.010821 -0.002104
0.095939 0.044269 -0.002106 -0.000662
-0.010821 -0.002106 0.503515 0.105804
-0.002104 -0.000662 0.105804 0.045971
25.602538 1.327089 33.189587 1.925094
0.457951 0.098251 -0.007007 -0.001216
0.098251 0.044749 -0.001195 -0.000414
-0.007007 -0.001195 0.514546 0.107710
-0.001216 -0.000414 0.107710 0.046297
27.629903 1.620508 35.265959 2.157848
0.373852 0.080217 -0.050898 -0.010398
0.080217 0.040801 -0.010614 -0.002355
-0.050898 -0.010614 0.515557 0.107362
-0.010398 -0.002355 0.107362 0.046138
27.829121 1.486611 36.445263 2.176987
0.377035 0.082652 -0.050654 -0.009466
0.082652 0.041588 -0.009606 -0.001955
-0.050654 -0.009606 0.528873 0.109699
-0.009466 -0.001955 0.109699 0.046578
28.376940 1.439619 36.789722 2.022296
0.392101 0.087264 -0.047716 -0.008114
0.087264 0.042709 -0.008278 -0.001556
-0.047716 -0.008278 0.521437 0.107586
-0.008114 -0.001556 0.107586 0.046079
28.941325 1.406247 38.076613 2.078301
0.408283 0.091441 -0.050189 -0.008087
0.091441 0.043574 -0.008235 -0.001489
-0.050189 -0.008235 0.542491 0.111602
-0.008087 -0.001489 0.111602 0.046902
29.615333 1.398514 38.927881 2.039576
0.422927 0.094736 -0.049454 -0.007484
0.094736 0.044145 -0.007650 -0.001341
-0.049454 -0.007650 0.547210 0.111944
-0.007484 -0.001341 0.111944 0.046914
30.402705 1.415157 39.489841 1.946708
0.413276 0.092205 -0.045744 -0.006562
0.092205 0.043370 -0.006585 -0.001160
-0.045744 -0.006585 0.542971 0.110533
-0.006562 -0.001160 0.110533 0.046593
30.497998 1.278388 40.476340 1.945161
0.422312 0.094054 -0.049679 -0.007197
0.094054 0.043656 -0.007294 -0.001332
-0.049679 -0.007294 0.551940 0.111976
-0.007197 -0.001332 0.111976 0.046891
30.653183 1.168938 41.217159 1.894732
0.441990 0.098054 -0.055505 -0.008116
0.098054 0.044403 -0.008449 -0.001566
-0.055505 -0.008449 0.552007 0.111532
-0.008116 -0.001566 0.111532 0.046792
31.407870 1.203149 41.697050 1.801444
0.454397 0.100138 -0.047819 -0.006309
0.100138 0.044697 -0.006617 -0.001195
-0.047819 -0.006617 0.539131 0.108687
-0.006309 -0.001195 0.108687 0.046251
31.571196 1.104089 42.185605 1.714873
0.445989 0.097481 -0.042582 -0.005357
0.097481 0.043952 -0.005524 -0.001045
-0.042582 -0.005524 0.529192 0.106731
-0.005357 -0.001045 0.106731 0.045936
32.068396 1.092948 43.161824 1.738560
0.437079 0.095130 -0.031032 -0.003212
0.095130 0.043393 -0.003104 -0.000629
-0.031032 -0.003104 0.529322 0.107055
-0.003212 -0.000629 0.107055 0.046112
33.643738 1.310520 43.013312 1.538516
0.349246 0.076252 0.037590 0.009842
0.076252 0.039381 0.011149 0.002063
0.037590 0.011149 0.474075 0.096453
0.009842 0.002063 0.096453 0.044112
35.129504 1.494550 43.355981 1.452482
0.309367 0.069112 0.082100 0.017506
0.069112 0.038142 0.019316 0.003473
0.082100 0.019316 0.441181 0.090878
0.017506 0.003473 0.090878 0.043187
35.864565 1.490922 44.263326 1.490638
0.338151 0.077941 0.069194 0.012742
0.077941 0.040513 0.014032 0.002058
0.069194 0.014032 0.446932 0.093631
0.012742 0.002058 0.093631 0.043997
36.552957 1.476791 45.100553 1.510754
0.365929 0.085406 0.057607 0.008899
0.085406 0.042259 0.010013 0.001112
0.057607 0.010013 0.435871 0.092368
0.008899 0.001112 0.092368 0.043817
37.169494 1.445500 46.135619 1.572348
0.397577 0.092871 0.039494 0.004163
0.092871 0.043814 0.005104 0.000097
0.039494 0.005104 0.429473 0.092101
0.004163 0.000097 0.092101 0.043828
