3.024246 2.171819 1.958200 -0.108750
2.154042 0.861635 -0.450164 -0.180069
0.861635 80.348728 -0.180069 -0.072029
-0.450164 -0.180069 4.104815 1.641962
-0.180069 -0.072029 1.641962 80.660866
2.303364 -1.075840 0.893071 -1.812176
3.789965 6.689037 -1.293912 -1.960183
6.689037 19.236438 -2.192207 -4.515526
-1.293912 -2.192207 2.973776 4.772954
-1.960183 -4.515526 4.772954 20.310532
4.954611 2.416246 2.017950 0.842188
2.544029 2.693163 -1.426872 -1.509102
2.693163 4.686053 -1.487169 -2.001538
-1.426872 -1.487169 1.569306 1.761689
-1.509102 -2.001538 1.761689 4.844724
7.817313 3.721614 1.619805 0.262468
2.055852 1.637117 -0.816635 -0.509229
1.637117 2.027866 -0.545914 -0.539168
-0.816635 -0.545914 1.709699 1.655027
-0.509229 -0.539168 1.655027 2.534113
8.240406 2.817227 2.358697 0.606295
1.409763 0.903737 -0.098524 0.041665
0.903737 0.935017 -0.015454 -0.074535
-0.098524 -0.015454 1.408061 1.064360
0.041665 -0.074535 1.064360 1.191063
8.099038 1.981686 2.288892 0.341627
1.068861 0.575979 0.086234 0.079849
0.575979 0.510996 0.048109 -0.034893
0.086234 0.048109 1.367493 0.823505
0.079849 -0.034893 0.823505 0.695006
9.948882 2.336589 5.720844 1.955054
0.938264 0.441418 0.025967 0.008770
0.441418 0.332263 -0.004100 -0.050419
0.025967 -0.004100 1.073819 0.532390
0.008770 -0.050419 0.532390 0.382932
8.277734 1.156110 6.621927 1.967365
0.355286 0.152457 -0.216003 -0.097652
0.152457 0.149023 -0.111910 -0.078400
-0.216003 -0.111910 1.044191 0.448331
-0.097652 -0.078400 0.448331 0.271285
8.797057 1.125698 8.548610 2.318078
0.445828 0.186252 -0.232256 -0.094821
0.186252 0.136319 -0.102622 -0.059605
-0.232256 -0.102622 0.989524 0.371355
-0.094821 -0.059605 0.371355 0.196183
8.909604 0.952834 9.138948 2.137590
0.528747 0.202795 -0.287171 -0.103080
0.202795 0.121042 -0.110014 -0.051377
-0.287171 -0.110014 0.821481 0.275520
-0.103080 -0.051377 0.275520 0.136460
10.018033 1.172329 9.891519 2.037128
0.602355 0.209218 -0.297523 -0.094581
0.209218 0.106871 -0.099241 -0.039930
-0.297523 -0.099241 0.839310 0.255871
-0.094581 -0.039930 0.255871 0.114268
11.194771 1.358859 10.706509 1.979105
0.604035 0.190581 -0.231361 -0.065798
0.190581 0.088945 -0.067064 -0.025237
-0.231361 -0.067064 0.773894 0.216237
-0.065798 -0.025237 0.216237 0.091838
12.543204 1.558461 12.120619 2.090124
0.611620 0.177009 -0.209410 -0.053957
0.177009 0.076829 -0.054584 -0.018758
-0.209410 -0.054584 0.729182 0.189519
-0.053957 -0.018758 0.189519 0.077637
13.392933 1.582052 13.641603 2.207200
0.625588 0.167920 -0.184876 -0.043414
0.167920 0.068798 -0.043616 -0.013916
-0.184876 -0.043616 0.694157 0.169852
-0.043414 -0.013916 0.169852 0.068033
14.028470 1.538532 14.308593 2.104304
0.633703 0.159180 -0.166368 -0.035895
0.159180 0.062677 -0.035860 -0.010686
-0.166368 -0.035860 0.678101 0.157858
-0.035895 -0.010686 0.157858 0.062045
14.354462 1.428297 14.913629 2.001252
0.622840 0.147665 -0.155714 -0.031288
0.147665 0.057210 -0.031359 -0.008736
-0.155714 -0.031359 0.642054 0.143291
-0.031288 -0.008736 0.143291 0.056583
14.644810 1.335298 16.317089 2.085972
0.620761 0.140490 -0.133380 -0.024659
0.140490 0.053857 -0.024748 -0.006607
-0.133380 -0.024748 0.610418 0.131968
-0.024659 -0.006607 0.131968 0.052763
14.942321 1.255155 17.479356 2.108473
0.617587 0.134550 -0.109700 -0.018541
0.134550 0.051455 -0.018611 -0.004863
-0.109700 -0.018611 0.589680 0.124605
-0.018541 -0.004863 0.124605 0.050391
16.195072 1.383368 18.010424 2.004062
0.561323 0.118690 -0.068790 -0.009907
0.118690 0.047451 -0.009794 -0.002853
-0.068790 -0.009794 0.541727 0.112730
-0.009907 -0.002853 0.112730 0.047466
17.072127 1.423456 19.194155 2.043124
0.550709 0.114378 -0.051347 -0.006573
0.114378 0.046384 -0.006470 -0.002084
-0.051347 -0.006470 0.530513 0.109663
-0.006573 -0.002084 0.109663 0.046683
18.038434 1.477033 20.394593 2.081715
0.525864 0.107846 -0.040612 -0.004937
0.107846 0.045034 -0.004862 -0.001740
-0.040612 -0.004862 0.506417 0.104266
-0.004937 -0.001740 0.104266 0.045511
18.532566 1.429466 21.839127 2.163676
0.525712 0.107223 -0.034959 -0.004221
0.107223 0.045059 -0.004186 -0.001560
-0.034959 -0.004186 0.503457 0.103758
-0.004221 -0.001560 0.103758 0.045458
19.492462 1.478587 22.764994 2.132647
0.522448 0.106200 -0.026930 -0.002993
0.106200 0.045021 -0.002963 -0.001268
-0.026930 -0.002963 0.505274 0.104296
-0.002993 -0.001268 0.104296 0.045623
20.167094 1.466669 24.129103 2.193953
0.504935 0.102472 -0.026453 -0.003402
0.102472 0.044437 -0.003358 -0.001331
-0.026453 -0.003358 0.492759 0.101776
-0.003402 -0.001331 0.101776 0.045128
20.223476 1.329113 25.313459 2.209679
0.492955 0.100361 -0.008518 -0.000024
0.100361 0.044242 -0.000043 -0.000596
-0.008518 -0.000043 0.483854 0.100292
-0.000024 -0.000596 0.100292 0.044897
20.273472 1.201893 25.810370 2.081627
0.484224 0.099076 -0.002589 0.000653
0.099076 0.044199 0.000612 -0.000459
-0.002589 0.000612 0.472590 0.098362
0.000653 -0.000459 0.098362 0.044565
21.498342 1.329975 26.600503 2.030068
0.470119 0.096750 -0.014601 -0.002378
0.096750 0.043910 -0.002356 -0.001069
-0.014601 -0.002356 0.467851 0.097883
-0.002378 -0.001069 0.097883 0.044536
22.099218 1.316489 27.460481 1.997375
0.480840 0.099771 0.007355 0.002139
0.099771 0.044729 0.002099 -0.000044
0.007355 0.002099 0.482057 0.101402
0.002139 -0.000044 0.101402 0.045336
22.507764 1.264478 28.529050 2.012036
0.455931 0.094992 0.008277 0.001839
0.094992 0.043813 0.001808 -0.000107
0.008277 0.001808 0.473604 0.099716
0.001839 -0.000107 0.099716 0.044945
23.229346 1.283494 29.142947 1.929234
0.447091 0.093942 0.008929 0.001614
0.093942 0.043726 0.001585 -0.000128
0.008929 0.001585 0.469585 0.099090
0.001614 -0.000128 0.099090 0.044807
23.306252 1.163629 30.236746 1.957247
0.447554 0.094849 0.002604 0.000007
0.094849 0.044022 -0.000034 -0.000430
0.002604 -0.000034 0.483656 0.102310
0.000007 -0.000430 0.102310 0.045486
24.123438 1.213998 31.083443 1.929059
0.436993 0.093192 0.003715 0.000207
0.093192 0.043707 0.000162 -0.000310
0.003715 0.000162 0.484157 0.102298
0.000207 -0.000310 0.102298 0.045414
24.674766 1.202105 32.001717 1.919374
0.437616 0.093987 -0.002536 -0.001145
0.093987 0.043918 -0.001217 -0.000537
-0.002536 -0.001217 0.494204 0.104309
-0.001145 -0.000537 0.104309 0.045783
25.332466 1.213925 33.339356 1.998847
0.430282 0.092875 -0.009478 -0.002473
0.092875 0.043670 -0.002592 -0.000743
-0.009478 -0.002592 0.509531 0.107236
-0.002473 -0.000743 0.107236 0.046320
25.844184 1.193822 33.233093 1.767411
0.413438 0.089699 -0.012890 -0.002924
0.089699 0.042973 -0.003043 -0.000745
-0.012890 -0.003043 0.487119 0.101991
-0.002924 -0.000745 0.101991 0.045112
26.780187 1.267998 34.381543 1.822887
0.422469 0.092357 -0.029198 -0.006059
0.092357 0.043583 -0.006303 -0.001353
-0.029198 -0.006303 0.508576 0.106484
-0.006059 -0.001353 0.106484 0.046067
27.854286 1.364670 35.368203 1.839180
0.426961 0.093637 -0.035923 -0.006914
0.093637 0.043807 -0.007168 -0.001422
-0.035923 -0.007168 0.521838 0.108828
-0.006914 -0.001422 0.108828 0.046490
28.335872 1.321543 36.674991 1.919051
0.447459 0.098221 -0.042702 -0.007714
0.098221 0.044727 -0.007983 -0.001491
-0.042702 -0.007983 0.548897 0.113848
-0.007714 -0.001491 0.113848 0.047446
28.735912 1.266242 38.132592 2.020670
0.435056 0.095090 -0.046522 -0.007998
0.095090 0.043873 -0.008144 -0.001468
-0.046522 -0.008144 0.569180 0.117041
-0.007998 -0.001468 0.117041 0.047963
30.358737 1.484400 39.485196 2.095029
0.341412 0.074519 -0.045435 -0.007705
0.074519 0.039303 -0.007323 -0.001351
-0.045435 -0.007323 0.581291 0.118379
-0.007705 -0.001351 0.118379 0.048093
30.271176 1.298952 40.696696 2.123524
0.341890 0.076530 -0.046204 -0.007422
0.076530 0.040065 -0.007111 -0.001278
-0.046204 -0.007111 0.585915 0.118201
-0.007422 -0.001278 0.118201 0.047948
30.457748 1.190789 41.410603 2.050779
0.362179 0.082574 -0.050370 -0.007799
0.082574 0.041577 -0.007864 -0.001398
-0.050370 -0.007864 0.575638 0.115179
-0.007799 -0.001398 0.115179 0.047282
30.974281 1.172523 42.423913 2.047812
0.380816 0.087464 -0.046642 -0.006644
0.087464 0.042636 -0.006752 -0.001156
-0.046642 -0.006752 0.569927 0.113553
-0.006644 -0.001156 0.113553 0.046997
31.945160 1.255334 42.646601 1.890859
0.399984 0.091909 -0.031402 -0.003365
0.091909 0.043490 -0.003375 -0.000499
-0.031402 -0.003375 0.534318 0.106299
-0.003365 -0.000499 0.106299 0.045644
31.937136 1.107999 43.311188 1.830382
0.395552 0.090325 -0.027673 -0.002890
0.090325 0.042871 -0.002835 -0.000506
-0.027673 -0.002835 0.523235 0.104554
-0.002890 -0.000506 0.104554 0.045481
32.929885 1.204919 43.732504 1.733650
0.410427 0.093403 -0.012217 0.000042
0.093403 0.043426 0.000261 0.000049
-0.012217 0.000261 0.499746 0.100513
0.000042 0.000049 0.100513 0.044858
33.835009 1.273923 44.720215 1.759675
0.413940 0.093585 0.005238 0.003084
0.093585 0.043293 0.003585 0.000608
0.005238 0.003585 0.488116 0.099143
0.003084 0.000608 0.099143 0.044787
34.388324 1.255203 45.617880 1.763071
0.441390 0.099078 -0.002053 0.000940
0.099078 0.044377 0.001093 -0.000019
-0.002053 0.001093 0.482052 0.098807
0.000940 -0.000019 0.098807 0.044864
35.294066 1.317704 46.843929 1.834873
0.469051 0.104113 0.000389 0.001054
0.104113 0.045292 0.001128 -0.000048
0.000389 0.001128 0.469441 0.097052
0.001054 -0.000048 0.097052 0.044605
36.260318 1.385137 47.878124 1.859613
0.498378 0.109070 -0.000647 0.000482
0.109070 0.046147 0.000460 -0.000206
-0.000647 0.000460 0.444370 0.092710
0.000482 -0.000206 0.092710 0.043785
