1.390570 1.518334 -0.498001 -1.091252
2.218440 0.887395 -0.349862 -0.139948
0.887395 80.359032 -0.139948 -0.055980
-0.349862 -0.139948 4.431679 1.772710
-0.139948 -0.055980 1.772710 80.713166
5.860765 8.128732 0.335694 1.213963
3.167798 5.570213 -1.464641 -2.252647
5.570213 17.429400 -2.532584 -4.807854
-1.464641 -2.532584 2.236849 3.532932
-2.252647 -4.807854 3.532932 19.005084
6.495185 4.374035 2.076960 2.183309
1.017218 1.187780 0.755488 1.144804
1.187780 3.200246 0.930296 0.907684
0.755488 0.930296 1.268875 1.778674
1.144804 0.907684 1.778674 5.119348
8.462418 3.835365 5.047968 4.294771
1.150731 1.137048 0.354652 0.151757
1.137048 1.694837 0.135781 -0.122781
0.354652 0.135781 1.409310 1.475875
0.151757 -0.122781 1.475875 2.275639
8.709889 2.876304 3.586106 1.680327
0.485435 0.401049 -0.490185 -0.425989
0.401049 0.562743 -0.491317 -0.400862
-0.490185 -0.491317 1.581599 1.267336
-0.425989 -0.400862 1.267336 1.293788
9.143594 2.208747 5.694970 2.440325
0.578314 0.385435 -0.362447 -0.214160
0.385435 0.369762 -0.237961 -0.128407
-0.362447 -0.237961 1.447467 0.875044
-0.214160 -0.128407 0.875044 0.671349
9.952980 2.039558 6.478975 2.217528
0.732670 0.397568 -0.352177 -0.154479
0.397568 0.281096 -0.170984 -0.068276
-0.352177 -0.170984 1.444239 0.702946
-0.154479 -0.068276 0.702946 0.428590
10.515180 1.825924 7.305132 2.088713
0.849833 0.382448 -0.330580 -0.114505
0.382448 0.215750 -0.127918 -0.040449
-0.330580 -0.127918 1.374174 0.559615
-0.114505 -0.040449 0.559615 0.287123
10.292671 1.373435 7.544588 1.775318
0.797161 0.303198 -0.374869 -0.115093
0.303198 0.148083 -0.125686 -0.036828
-0.374869 -0.125686 1.273550 0.445323
-0.115093 -0.036828 0.445323 0.200204
10.925579 1.353757 8.340141 1.745059
0.811312 0.270433 -0.323940 -0.083916
0.270433 0.117199 -0.092201 -0.022891
-0.323940 -0.092201 1.157789 0.357862
-0.083916 -0.022891 0.357862 0.146771
11.165787 1.237632 10.305966 2.046585
0.775787 0.230807 -0.272943 -0.061269
0.230807 0.092610 -0.068225 -0.014914
-0.272943 -0.068225 0.980422 0.272888
-0.061269 -0.014914 0.272888 0.107128
11.816978 1.238174 10.740566 1.893455
0.732611 0.197996 -0.240293 -0.048220
0.197996 0.075830 -0.053561 -0.010731
-0.240293 -0.053561 0.880461 0.225214
-0.048220 -0.010731 0.225214 0.085765
12.014235 1.129835 11.600184 1.864190
0.726182 0.181101 -0.238194 -0.044267
0.181101 0.066732 -0.049000 -0.009377
-0.238194 -0.049000 0.825064 0.196652
-0.044267 -0.009377 0.196652 0.073216
12.474058 1.108481 12.791266 1.921938
0.709795 0.165964 -0.197367 -0.032256
0.165964 0.060150 -0.036166 -0.006266
-0.197367 -0.036166 0.767428 0.173244
-0.032256 -0.006266 0.173244 0.064403
13.240327 1.157031 13.814165 1.939381
0.672287 0.148994 -0.163598 -0.023992
0.148994 0.054453 -0.027072 -0.004438
-0.163598 -0.027072 0.708332 0.153118
-0.023992 -0.004438 0.153118 0.057804
14.302489 1.260287 14.711146 1.932174
0.624610 0.132963 -0.122903 -0.015481
0.132963 0.050016 -0.017734 -0.002739
-0.122903 -0.017734 0.655221 0.137361
-0.015481 -0.002739 0.137361 0.053216
14.396050 1.156896 16.367732 2.067033
0.609698 0.126154 -0.098247 -0.010698
0.126154 0.048185 -0.012912 -0.001980
-0.098247 -0.012912 0.602616 0.123586
-0.010698 -0.001980 0.123586 0.049667
14.696319 1.096993 17.136762 2.008824
0.576866 0.116835 -0.081101 -0.008167
0.116835 0.046153 -0.010060 -0.001700
-0.081101 -0.010060 0.554074 0.112237
-0.008167 -0.001700 0.112237 0.047056
15.305780 1.106338 17.870111 1.954417
0.558992 0.111889 -0.065621 -0.005884
0.111889 0.045294 -0.007415 -0.001380
-0.065621 -0.007415 0.535845 0.108289
-0.005884 -0.001380 0.108289 0.046246
15.882967 1.111214 18.854774 1.956223
0.553344 0.110131 -0.052687 -0.004072
0.110131 0.045191 -0.005357 -0.001129
-0.052687 -0.005357 0.529648 0.107163
-0.004072 -0.001129 0.107163 0.046086
16.607362 1.142743 19.589684 1.908492
0.529226 0.105085 -0.036844 -0.001930
0.105085 0.044462 -0.002989 -0.000836
-0.036844 -0.002989 0.506777 0.102775
-0.001930 -0.000836 0.102775 0.045276
17.058707 1.116744 20.259115 1.849200
0.528540 0.105113 -0.046551 -0.004828
0.105113 0.044767 -0.005645 -0.001502
-0.046551 -0.005645 0.505511 0.102931
-0.004828 -0.001502 0.102931 0.045403
18.070686 1.210342 21.621706 1.942702
0.502776 0.100226 -0.054577 -0.007207
0.100226 0.044053 -0.007770 -0.002010
-0.054577 -0.007770 0.483477 0.098799
-0.007207 -0.002010 0.098799 0.044626
18.807119 1.236760 22.584930 1.942032
0.493926 0.099402 -0.031432 -0.002699
0.099402 0.044228 -0.003246 -0.001052
-0.031432 -0.003246 0.477898 0.098616
-0.002699 -0.001052 0.098616 0.044756
19.565697 1.268398 24.118820 2.060174
0.496939 0.100881 -0.026845 -0.002308
0.100881 0.044785 -0.002743 -0.000982
-0.026845 -0.002743 0.487377 0.101317
-0.002308 -0.000982 0.101317 0.045404
20.464784 1.322398 25.109826 2.053482
0.490989 0.100428 -0.001375 0.002442
0.100428 0.044880 0.002010 -0.000021
-0.001375 0.002010 0.487150 0.101755
0.002442 -0.000021 0.101755 0.045521
20.785169 1.251838 25.999228 2.023455
0.485352 0.099870 -0.006933 0.000363
0.099870 0.044884 0.000044 -0.000521
-0.006933 0.000044 0.484239 0.101354
0.000363 -0.000521 0.101354 0.045403
21.414004 1.253562 27.566640 2.140042
0.470966 0.097489 -0.010296 -0.000944
0.097489 0.044484 -0.001153 -0.000785
-0.010296 -0.001153 0.485188 0.101764
-0.000944 -0.000785 0.101764 0.045461
22.065297 1.258299 28.374933 2.085112
0.461515 0.096272 -0.006663 -0.000534
0.096272 0.044330 -0.000698 -0.000653
-0.006663 -0.000698 0.480946 0.101012
-0.000534 -0.000653 0.101012 0.045267
23.113664 1.346688 29.689920 2.142947
0.456085 0.095885 -0.008883 -0.001304
0.095885 0.044325 -0.001422 -0.000766
-0.008883 -0.001422 0.490142 0.103108
-0.001304 -0.000766 0.103108 0.045683
23.888583 1.368247 30.839669 2.159494
0.468921 0.099275 -0.015684 -0.002875
0.099275 0.045085 -0.002980 -0.001031
-0.015684 -0.002980 0.508771 0.106946
-0.002875 -0.001031 0.106946 0.046424
24.736940 1.402794 31.534886 2.079146
0.464231 0.098519 -0.019485 -0.003631
0.098519 0.044875 -0.003724 -0.001103
-0.019485 -0.003724 0.507151 0.106161
-0.003631 -0.001103 0.106161 0.046138
24.967515 1.302017 32.062427 1.971690
0.464487 0.098825 -0.018454 -0.003278
0.098825 0.044900 -0.003349 -0.000938
-0.018454 -0.003349 0.507422 0.105889
-0.003278 -0.000938 0.105889 0.046006
25.699127 1.319733 33.431716 2.051641
0.470092 0.100179 -0.017568 -0.002976
0.100179 0.045138 -0.003007 -0.000802
-0.017568 -0.003007 0.528821 0.110076
-0.002976 -0.000802 0.110076 0.046830
26.528327 1.356375 34.812231 2.125337
0.473589 0.100891 -0.026337 -0.004703
0.100891 0.045211 -0.004757 -0.001118
-0.026337 -0.004757 0.548751 0.113560
-0.004703 -0.001118 0.113560 0.047443
26.822360 1.273612 35.392437 2.025443
0.468476 0.099689 -0.027453 -0.004698
0.099689 0.044877 -0.004750 -0.001052
-0.027453 -0.004750 0.543712 0.111651
-0.004698 -0.001052 0.111651 0.046921
27.358925 1.251921 36.263346 1.996213
0.470496 0.100086 -0.039670 -0.006967
0.100086 0.044913 -0.007098 -0.001481
-0.039670 -0.007098 0.551798 0.112692
-0.006967 -0.001481 0.112692 0.047079
27.959796 1.245828 37.028339 1.948718
0.462295 0.098265 -0.046060 -0.007886
0.098265 0.044478 -0.008019 -0.001599
-0.046060 -0.008019 0.553859 0.112505
-0.007886 -0.001599 0.112505 0.046998
28.362699 1.198893 37.996252 1.946513
0.468615 0.099743 -0.041500 -0.006493
0.099743 0.044795 -0.006556 -0.001231
-0.041500 -0.006556 0.559054 0.113100
-0.006493 -0.001231 0.113100 0.047113
29.085377 1.226368 39.234200 2.000500
0.462954 0.098471 -0.043636 -0.006694
0.098471 0.044486 -0.006685 -0.001246
-0.043636 -0.006685 0.571845 0.115220
-0.006694 -0.001246 0.115220 0.047536
29.927931 1.276437 40.463068 2.047568
0.462794 0.098533 -0.036896 -0.005106
0.098533 0.044499 -0.004993 -0.000898
-0.036896 -0.004993 0.576035 0.115532
-0.005106 -0.000898 0.115532 0.047584
30.947199 1.359073 41.748779 2.101873
0.421781 0.089874 -0.025938 -0.003068
0.089874 0.042651 -0.002601 -0.000491
-0.025938 -0.002601 0.580562 0.115990
-0.003068 -0.000491 0.115990 0.047680
31.970993 1.433063 42.766749 2.096914
0.417867 0.089929 -0.014967 -0.001029
0.089929 0.042812 -0.000523 -0.000134
-0.014967 -0.000523 0.566904 0.112861
-0.001029 -0.000134 0.112861 0.047069
32.556429 1.402257 43.242475 1.982416
0.421148 0.091372 -0.013068 -0.000942
0.091372 0.043207 -0.000630 -0.000225
-0.013068 -0.000630 0.538720 0.107161
-0.000942 -0.000225 0.107161 0.046003
32.556886 1.247839 43.792025 1.891844
0.416449 0.090805 -0.017183 -0.002062
0.090805 0.043092 -0.001938 -0.000541
-0.017183 -0.001938 0.519788 0.103821
-0.002062 -0.000541 0.103821 0.045485
33.219919 1.256712 44.831143 1.910717
0.422701 0.092644 -0.008714 -0.000486
0.092644 0.043504 -0.000290 -0.000218
-0.008714 -0.000290 0.507873 0.102182
-0.000486 -0.000218 0.102182 0.045333
34.099878 1.312819 46.112762 1.977495
0.459403 0.100867 -0.013613 -0.001660
0.100867 0.045255 -0.001683 -0.000514
-0.013613 -0.001683 0.504150 0.102224
-0.001660 -0.000514 0.102224 0.045488
34.390014 1.232288 46.827697 1.920785
0.482842 0.105270 -0.026309 -0.004334
0.105270 0.046000 -0.004624 -0.001104
-0.026309 -0.004624 0.484880 0.098973
-0.004334 -0.001104 0.098973 0.044918
34.731946 1.171922 47.345980 1.828952
0.492603 0.106336 -0.023652 -0.003630
0.106336 0.045996 -0.003951 -0.000910
-0.023652 -0.003951 0.449296 0.092561
-0.003630 -0.000910 0.092561 0.043712
35.516129 1.214282 48.246270 1.826537
0.516790 0.110486 -0.019710 -0.002682
0.110486 0.046700 -0.003048 -0.000682
-0.019710 -0.003048 0.427175 0.089321
-0.002682 -0.000682 0.089321 0.043204
