2.983294 2.155438 2.135781 -0.037716
1.760157 0.704078 -0.071186 -0.028475
0.704078 80.285704 -0.028475 -0.011390
-0.071186 -0.028475 3.745447 1.498211
-0.028475 -0.011390 1.498211 80.603364
4.900930 3.671009 0.968280 -1.923445
3.229577 5.847295 -1.109009 -1.806220
5.847295 16.836545 -1.995697 -3.449193
-1.109009 -1.995697 2.426282 3.987203
-1.806220 -3.449193 3.987203 18.353472
3.999374 0.788616 2.081782 0.374166
2.962256 3.209363 -0.219852 0.003721
3.209363 4.982340 -0.178056 -0.117891
-0.219852 -0.178056 1.372881 1.667127
0.003721 -0.117891 1.667127 4.552653
6.625449 2.511734 3.629011 1.741320
2.397934 1.840543 -0.628526 -0.509994
1.840543 2.017122 -0.476304 -0.481594
-0.628526 -0.476304 1.342107 1.248506
-0.509994 -0.481594 1.248506 1.988509
5.962970 1.358373 4.949776 2.006258
0.871868 0.525538 -0.077569 -0.026301
0.525538 0.625869 -0.031322 -0.056550
-0.077569 -0.031322 1.461923 1.080561
-0.026301 -0.056550 1.080561 1.157263
6.095955 1.063032 5.867766 1.950637
0.941542 0.508203 -0.316454 -0.175894
0.508203 0.451499 -0.168118 -0.123662
-0.316454 -0.168118 1.483074 0.866851
-0.175894 -0.123662 0.866851 0.695395
6.771820 1.125002 5.823629 1.459048
0.980673 0.460537 -0.447199 -0.207808
0.460537 0.326908 -0.203857 -0.113394
-0.447199 -0.203857 1.212536 0.582340
-0.207808 -0.113394 0.582340 0.394426
7.817152 1.324670 6.461645 1.427098
1.032949 0.424522 -0.415359 -0.159899
0.424522 0.249680 -0.157868 -0.073162
-0.415359 -0.157868 1.234460 0.509303
-0.159899 -0.073162 0.509303 0.287583
8.436264 1.310970 7.345751 1.488710
1.012740 0.367586 -0.331775 -0.107944
0.367586 0.188596 -0.107196 -0.043706
-0.331775 -0.107196 1.149165 0.414606
-0.107944 -0.043706 0.414606 0.206336
9.075285 1.309666 8.445307 1.603749
0.999779 0.323987 -0.340333 -0.099011
0.323987 0.148305 -0.098965 -0.035532
-0.340333 -0.098965 1.097745 0.352229
-0.099011 -0.035532 0.352229 0.157578
9.857440 1.350716 9.540886 1.691303
0.911548 0.267624 -0.283961 -0.073453
0.267624 0.114642 -0.073618 -0.024308
-0.283961 -0.073618 0.974458 0.282843
-0.073453 -0.024308 0.282843 0.119204
10.561217 1.359596 10.492884 1.720297
0.885007 0.239149 -0.245281 -0.057031
0.239149 0.096166 -0.057267 -0.017517
-0.245281 -0.057267 0.925516 0.247227
-0.057031 -0.017517 0.247227 0.098467
11.750900 1.482838 10.729378 1.568711
0.825437 0.207422 -0.209609 -0.044548
0.207422 0.080807 -0.044413 -0.012884
-0.209609 -0.044413 0.888665 0.221056
-0.044548 -0.012884 0.221056 0.084430
12.613833 1.524901 12.911260 1.899551
0.761172 0.180027 -0.179326 -0.035287
0.180027 0.069467 -0.035605 -0.009923
-0.179326 -0.035605 0.770917 0.180228
-0.035287 -0.009923 0.180228 0.069687
13.657829 1.592230 14.227046 1.984558
0.710842 0.160326 -0.138044 -0.024654
0.160326 0.061952 -0.024901 -0.006899
-0.138044 -0.024901 0.711934 0.159132
-0.024654 -0.006899 0.159132 0.061945
14.351634 1.568938 15.112200 1.960391
0.666505 0.144690 -0.121780 -0.020713
0.144690 0.056550 -0.020948 -0.005703
-0.121780 -0.020948 0.660367 0.142474
-0.020713 -0.005703 0.142474 0.056385
15.068085 1.550910 15.662139 1.868685
0.639597 0.134968 -0.108353 -0.017572
0.134968 0.053263 -0.017724 -0.004746
-0.108353 -0.017724 0.636428 0.133894
-0.017572 -0.004746 0.133894 0.053382
15.488813 1.475276 16.362883 1.817245
0.614505 0.126967 -0.096704 -0.015040
0.126967 0.050843 -0.015206 -0.004025
-0.096704 -0.015206 0.605367 0.124960
-0.015040 -0.004025 0.124960 0.050762
16.928639 1.627481 18.332837 2.040627
0.572310 0.116575 -0.079129 -0.011611
0.116575 0.048296 -0.011787 -0.003210
-0.079129 -0.011787 0.557775 0.113778
-0.011611 -0.003210 0.113778 0.048049
17.654850 1.611104 19.539229 2.077965
0.551143 0.111564 -0.071834 -0.010351
0.111564 0.047132 -0.010527 -0.002863
-0.071834 -0.010527 0.532551 0.108263
-0.010351 -0.002863 0.108263 0.046780
17.476231 1.409449 20.327700 2.019158
0.531287 0.107351 -0.066339 -0.009482
0.107351 0.046256 -0.009706 -0.002626
-0.066339 -0.009706 0.502325 0.102229
-0.009482 -0.002626 0.102229 0.045524
18.226281 1.418857 21.363278 2.024854
0.522670 0.105972 -0.041515 -0.004554
0.105972 0.046065 -0.004774 -0.001537
-0.041515 -0.004774 0.496355 0.101817
-0.004554 -0.001537 0.101817 0.045546
19.412872 1.518527 22.749588 2.105388
0.513708 0.104426 -0.042076 -0.005248
0.104426 0.045802 -0.005362 -0.001674
-0.042076 -0.005362 0.496601 0.102423
-0.005248 -0.001674 0.102423 0.045703
20.297343 1.541511 23.354141 2.013117
0.506357 0.103447 -0.020621 -0.001196
0.103447 0.045691 -0.001326 -0.000815
-0.020621 -0.001326 0.493717 0.102370
-0.001196 -0.000815 0.102370 0.045719
21.229645 1.574153 24.245876 1.989986
0.505095 0.103599 -0.024799 -0.002730
0.103599 0.045769 -0.002798 -0.001152
-0.024799 -0.002798 0.497857 0.103546
-0.002730 -0.001152 0.103546 0.045938
21.385824 1.446168 25.756373 2.094929
0.498409 0.102641 -0.009626 0.000002
0.102641 0.045613 -0.000060 -0.000562
-0.009626 -0.000060 0.499079 0.104022
0.000002 -0.000562 0.104022 0.046001
22.204504 1.465645 26.698134 2.073153
0.496800 0.102745 0.007611 0.003018
0.102745 0.045669 0.002949 0.000055
0.007611 0.002949 0.502072 0.104760
0.003018 0.000055 0.104760 0.046105
23.022147 1.483489 27.933899 2.114810
0.490631 0.101798 0.022347 0.005329
0.101798 0.045480 0.005276 0.000500
0.022347 0.005276 0.510425 0.106482
0.005329 0.000500 0.106482 0.046399
22.986683 1.321768 28.757026 2.066296
0.503591 0.104838 0.026470 0.005341
0.104838 0.046118 0.005294 0.000459
0.026470 0.005294 0.530940 0.110532
0.005341 0.000459 0.110532 0.047152
23.275536 1.244879 29.444650 1.995342
0.497163 0.103518 0.013377 0.001939
0.103518 0.045787 0.001872 -0.000254
0.013377 0.001872 0.533332 0.110459
0.001939 -0.000254 0.110459 0.047000
23.959108 1.258887 29.861752 1.875510
0.483035 0.100672 0.011315 0.001288
0.100672 0.045162 0.001214 -0.000305
0.011315 0.001214 0.525735 0.108369
0.001288 -0.000305 0.108369 0.046468
24.765730 1.295707 30.898764 1.895497
0.479802 0.100336 0.006481 0.000178
0.100336 0.045110 0.000064 -0.000452
0.006481 0.000064 0.538171 0.110663
0.000178 -0.000452 0.110663 0.046906
25.046990 1.220439 31.136079 1.750839
0.468696 0.098356 -0.013958 -0.003950
0.098356 0.044710 -0.004155 -0.001210
-0.013958 -0.004155 0.532527 0.109105
-0.003950 -0.001210 0.109105 0.046537
24.871955 1.054806 32.126849 1.775516
0.451344 0.095113 -0.002025 -0.001047
0.095113 0.044047 -0.001176 -0.000440
-0.002025 -0.001176 0.543285 0.111037
-0.001047 -0.000440 0.111037 0.046916
25.182830 1.008605 33.254384 1.824587
0.463618 0.098377 0.001830 -0.000131
0.098377 0.044800 -0.000214 -0.000177
0.001830 -0.000214 0.567876 0.115659
-0.000131 -0.000177 0.115659 0.047823
26.174517 1.111959 34.522992 1.896227
0.424543 0.090336 -0.020863 -0.004626
0.090336 0.043062 -0.004968 -0.001091
-0.020863 -0.004968 0.569945 0.115353
-0.004626 -0.001091 0.115353 0.047674
26.739885 1.113975 35.438205 1.889604
0.441120 0.094853 -0.013313 -0.002639
0.094853 0.044135 -0.002810 -0.000549
-0.013313 -0.002810 0.582205 0.117204
-0.002639 -0.000549 0.117204 0.047997
27.283995 1.111312 36.588167 1.930656
0.423492 0.091413 -0.020428 -0.003838
0.091413 0.043358 -0.004065 -0.000761
-0.020428 -0.004065 0.603117 0.120693
-0.003838 -0.000761 0.120693 0.048641
28.648089 1.287547 37.968074 2.014037
0.396150 0.086073 -0.031743 -0.005807
0.086073 0.042211 -0.006156 -0.001136
-0.031743 -0.006156 0.611810 0.121506
-0.005807 -0.001136 0.121506 0.048721
29.181928 1.261616 38.181460 1.857166
0.406726 0.089423 -0.029317 -0.004857
0.089423 0.043033 -0.005130 -0.000865
-0.029317 -0.005130 0.600912 0.118521
-0.004857 -0.000865 0.118521 0.048081
30.354294 1.382056 39.312393 1.898557
0.361014 0.079807 -0.034376 -0.005693
0.079807 0.040865 -0.005848 -0.001017
-0.034376 -0.005848 0.619641 0.121743
-0.005693 -0.001017 0.121743 0.048740
30.769468 1.319295 40.080498 1.862070
0.377301 0.084836 -0.029330 -0.004315
0.084836 0.042123 -0.004347 -0.000687
-0.029330 -0.004347 0.621060 0.121399
-0.004315 -0.000687 0.121399 0.048668
31.036930 1.227688 40.334934 1.728630
0.388294 0.087961 -0.023286 -0.002950
0.087961 0.042779 -0.002826 -0.000402
-0.023286 -0.002826 0.621663 0.121036
-0.002950 -0.000402 0.121036 0.048619
31.499629 1.192904 41.083250 1.705494
0.394797 0.089610 -0.016967 -0.001714
0.089610 0.043018 -0.001414 -0.000172
-0.016967 -0.001414 0.626572 0.121635
-0.001714 -0.000172 0.121635 0.048776
31.563392 1.066562 40.397846 1.405683
0.408891 0.092723 -0.012626 -0.000962
0.092723 0.043563 -0.000721 -0.000093
-0.012626 -0.000721 0.600797 0.116305
-0.000962 -0.000093 0.116305 0.047782
32.488565 1.156738 41.645962 1.512674
0.428009 0.096591 -0.011654 -0.000919
0.096591 0.044237 -0.000714 -0.000143
-0.011654 -0.000714 0.613895 0.119036
-0.000919 -0.000143 0.119036 0.048436
32.964029 1.132933 42.117000 1.457081
0.445435 0.099701 -0.001105 0.000978
0.099701 0.044709 0.001437 0.000234
-0.001105 0.001437 0.623528 0.120893
0.000978 0.000234 0.120893 0.048863
34.221298 1.287852 43.802016 1.643586
0.428068 0.094879 0.034852 0.007566
0.094879 0.043428 0.008992 0.001620
0.034852 0.008992 0.634348 0.122884
0.007566 0.001620 0.122884 0.049289
34.671684 1.245205 44.783801 1.674515
0.453143 0.099958 0.034956 0.006723
0.099958 0.044482 0.007869 0.001248
0.034956 0.007869 0.616932 0.119207
0.006723 0.001248 0.119207 0.048575
35.896192 1.376790 45.676575 1.684309
0.447581 0.097795 0.089759 0.016659
0.097795 0.043860 0.019054 0.003331
0.089759 0.019054 0.529826 0.102337
0.016659 0.003331 0.102337 0.045358
