1.953567 1.743538 4.982309 1.100920
1.645393 0.658172 0.075098 0.030040
0.658172 80.267341 0.030040 0.012016
0.075098 0.030040 3.171801 1.268748
0.030040 0.012016 1.268748 80.511577
4.284548 4.408310 4.944481 0.097018
2.502396 4.568600 -0.825041 -1.410905
4.568600 14.226231 -1.526862 -2.392024
-0.825041 -1.526862 3.411416 5.771417
-1.410905 -2.392024 5.771417 20.093728
6.081380 3.857586 2.074375 -3.214120
2.701728 2.967055 -0.819389 -0.757546
2.967055 4.634966 -0.797304 -0.756381
-0.819389 -0.797304 3.265765 3.627074
-0.757546 -0.756381 3.627074 6.483448
6.517580 2.751875 2.791877 -1.385976
1.384051 1.095875 0.587242 0.545155
1.095875 1.410752 0.478850 0.396698
0.587242 0.478850 0.788537 0.671880
0.545155 0.396698 0.671880 1.505156
7.961247 2.685024 3.842221 0.064202
1.154665 0.741096 0.387910 0.219050
0.741096 0.742038 0.203262 0.097304
0.387910 0.203262 0.843197 0.669111
0.219050 0.097304 0.669111 0.925806
7.698468 1.767841 4.513712 0.615131
0.584463 0.310436 0.216243 0.103029
0.310436 0.314778 0.065428 0.030536
0.216243 0.065428 1.024609 0.676812
0.103029 0.030536 0.676812 0.634343
7.677627 1.335395 4.449644 0.458829
0.437081 0.213096 0.070490 0.016266
0.213096 0.196893 -0.010501 -0.006109
0.070490 -0.010501 1.180021 0.637549
0.016266 -0.006109 0.637549 0.450157
8.397156 1.338358 5.535242 0.841414
0.504296 0.226934 -0.012752 -0.019419
0.226934 0.163783 -0.033541 -0.012740
-0.012752 -0.033541 1.171155 0.525602
-0.019419 -0.012740 0.525602 0.304329
9.116308 1.339286 7.433231 1.406041
0.611928 0.246268 -0.085758 -0.040384
0.246268 0.143328 -0.048331 -0.015172
-0.085758 -0.048331 1.081236 0.414769
-0.040384 -0.015172 0.414769 0.208402
10.259447 1.506014 8.486157 1.521887
0.648645 0.231710 -0.142434 -0.050001
0.231710 0.117184 -0.056046 -0.014920
-0.142434 -0.056046 1.002088 0.336836
-0.050001 -0.014920 0.336836 0.151855
10.713240 1.410198 9.490840 1.594432
0.685142 0.219494 -0.150350 -0.043377
0.219494 0.099099 -0.047961 -0.010438
-0.150350 -0.047961 0.928083 0.278935
-0.043377 -0.010438 0.278935 0.116236
11.359131 1.387048 8.745594 1.170451
0.641587 0.186260 -0.200917 -0.051070
0.186260 0.079595 -0.055282 -0.011553
-0.200917 -0.055282 0.860588 0.235054
-0.051070 -0.011553 0.235054 0.092865
12.553104 1.528290 10.128555 1.378954
0.642878 0.172299 -0.193714 -0.042815
0.172299 0.069838 -0.046303 -0.008354
-0.193714 -0.046303 0.806849 0.203729
-0.042815 -0.008354 0.203729 0.077865
13.106093 1.484767 11.805181 1.612857
0.625703 0.156904 -0.148301 -0.027570
0.156904 0.061988 -0.030297 -0.004174
-0.148301 -0.030297 0.720152 0.170712
-0.027570 -0.004174 0.170712 0.065569
13.888533 1.490601 12.280505 1.537824
0.617664 0.146376 -0.131937 -0.021579
0.146376 0.056847 -0.023648 -0.002771
-0.131937 -0.023648 0.699735 0.157917
-0.021579 -0.002771 0.157917 0.059990
14.489219 1.461823 13.406009 1.613931
0.570051 0.129136 -0.092436 -0.012162
0.129136 0.051265 -0.013662 -0.000945
-0.092436 -0.013662 0.623930 0.135446
-0.012162 -0.000945 0.135446 0.053369
15.130491 1.441893 14.201100 1.610156
0.581564 0.127555 -0.069907 -0.006842
0.127555 0.050053 -0.008057 -0.000044
-0.069907 -0.008057 0.621534 0.131552
-0.006842 -0.000044 0.131552 0.051663
15.773914 1.428805 15.323777 1.675310
0.568405 0.121243 -0.047825 -0.002679
0.121243 0.048120 -0.003700 0.000451
-0.047825 -0.003700 0.590492 0.122371
-0.002679 0.000451 0.122371 0.049164
16.726733 1.485875 16.881497 1.825675
0.562924 0.117496 -0.041479 -0.002104
0.117496 0.047038 -0.003049 0.000208
-0.041479 -0.003049 0.569267 0.116259
-0.002104 0.000208 0.116259 0.047618
17.669909 1.529208 18.032846 1.876132
0.555210 0.114034 -0.036577 -0.001868
0.114034 0.046226 -0.002647 -0.000015
-0.036577 -0.002647 0.557466 0.112876
-0.001868 -0.000015 0.112876 0.046842
18.506197 1.544983 19.124173 1.907725
0.554153 0.112604 -0.028683 -0.000937
0.112604 0.045983 -0.001580 -0.000024
-0.028683 -0.001580 0.553378 0.111554
-0.000937 -0.000024 0.111554 0.046598
19.577316 1.605589 20.124397 1.919297
0.539262 0.108931 0.005760 0.005198
0.108931 0.045388 0.004716 0.001037
0.005760 0.004716 0.539790 0.108741
0.005198 0.001037 0.108741 0.046134
19.418383 1.418355 22.464882 2.192244
0.515864 0.103972 0.032253 0.009235
0.103972 0.044587 0.008787 0.001599
0.032253 0.008787 0.501131 0.101083
0.009235 0.001599 0.101083 0.044714
19.724951 1.336686 23.346995 2.147800
0.508818 0.102750 0.028655 0.007088
0.102750 0.044583 0.006728 0.000957
0.028655 0.006728 0.492493 0.100034
0.007088 0.000957 0.100034 0.044702
20.440853 1.346340 24.244547 2.111732
0.489829 0.099274 0.030707 0.006472
0.099274 0.044107 0.006184 0.000738
0.030707 0.006184 0.477045 0.097630
0.006472 0.000738 0.097630 0.044380
21.067224 1.336575 25.416298 2.135743
0.489075 0.099840 0.022025 0.003859
0.099840 0.044469 0.003637 0.000167
0.022025 0.003637 0.481682 0.099498
0.003859 0.000167 0.099498 0.044927
21.515706 1.290874 26.682589 2.177524
0.481951 0.099005 0.013915 0.001750
0.099005 0.044477 0.001568 -0.000223
0.013915 0.001568 0.483310 0.100467
0.001750 -0.000223 0.100467 0.045203
21.569675 1.170967 26.949285 2.007448
0.467000 0.096597 -0.004005 -0.002099
0.096597 0.044132 -0.002200 -0.000916
-0.004005 -0.002200 0.466067 0.097342
-0.002099 -0.000916 0.097342 0.044579
22.209251 1.181619 28.224198 2.064342
0.445699 0.092921 0.003536 -0.000199
0.092921 0.043499 -0.000328 -0.000369
0.003536 -0.000328 0.461362 0.096978
-0.000199 -0.000369 0.096978 0.044550
23.299838 1.286074 29.691243 2.155340
0.436685 0.092072 -0.007092 -0.002338
0.092072 0.043475 -0.002473 -0.000738
-0.007092 -0.002473 0.470917 0.099593
-0.002338 -0.000738 0.099593 0.045132
24.005669 1.298882 31.194108 2.245382
0.436532 0.093013 -0.012957 -0.003276
0.093013 0.043779 -0.003415 -0.000833
-0.012957 -0.003415 0.488976 0.103652
-0.003276 -0.000833 0.103652 0.045945
24.178699 1.196427 32.653324 2.316739
0.416804 0.089498 -0.001322 -0.000434
0.089498 0.043054 -0.000519 -0.000122
-0.001322 -0.000519 0.497077 0.105141
-0.000434 -0.000122 0.105141 0.046135
24.597802 1.157647 33.542059 2.259942
0.412615 0.089523 -0.003301 -0.000783
0.089523 0.043118 -0.000865 -0.000178
-0.003301 -0.000865 0.500547 0.105509
-0.000783 -0.000178 0.105509 0.046087
25.514861 1.231709 33.979824 2.114555
0.417979 0.091466 -0.012170 -0.002553
0.091466 0.043552 -0.002697 -0.000544
-0.012170 -0.002697 0.497525 0.104499
-0.002553 -0.000544 0.104499 0.045772
25.918724 1.185084 35.010273 2.108809
0.418265 0.091959 -0.013389 -0.002562
0.091959 0.043598 -0.002683 -0.000497
-0.013389 -0.002683 0.509781 0.106821
-0.002562 -0.000497 0.106821 0.046201
26.560129 1.195572 35.775689 2.048546
0.419108 0.092413 -0.020194 -0.003767
0.092413 0.043614 -0.003939 -0.000732
-0.020194 -0.003939 0.515757 0.107622
-0.003767 -0.000732 0.107622 0.046285
27.089240 1.179954 36.529668 1.992249
0.434825 0.096020 -0.026962 -0.004853
0.096020 0.044315 -0.005090 -0.000928
-0.026962 -0.005090 0.525450 0.109164
-0.004853 -0.000928 0.109164 0.046535
27.863217 1.219503 37.106167 1.905904
0.419284 0.092328 -0.025480 -0.004237
0.092328 0.043347 -0.004375 -0.000751
-0.025480 -0.004375 0.522763 0.108069
-0.004237 -0.000751 0.108069 0.046239
28.777343 1.286419 37.980953 1.890701
0.435813 0.096059 -0.026465 -0.004150
0.096059 0.044114 -0.004294 -0.000715
-0.026465 -0.004294 0.533045 0.109820
-0.004150 -0.000715 0.109820 0.046577
29.467622 1.295795 38.627637 1.829540
0.438188 0.096252 -0.030318 -0.004749
0.096252 0.044031 -0.004918 -0.000847
-0.030318 -0.004918 0.536122 0.109969
-0.004749 -0.000847 0.109969 0.046569
30.100296 1.292583 39.576603 1.836478
0.453636 0.099301 -0.035573 -0.005564
0.099301 0.044598 -0.005792 -0.001016
-0.035573 -0.005792 0.547740 0.111916
-0.005564 -0.001016 0.111916 0.046947
30.413065 1.220240 40.578038 1.852014
0.441000 0.095952 -0.037635 -0.005804
0.095952 0.043738 -0.005927 -0.001053
-0.037635 -0.005927 0.556752 0.113224
-0.005804 -0.001053 0.113224 0.047180
30.784037 1.164744 40.730691 1.694162
0.448890 0.097470 -0.038509 -0.005726
0.097470 0.044042 -0.005955 -0.001052
-0.038509 -0.005955 0.538669 0.109000
-0.005726 -0.001052 0.109000 0.046292
31.738487 1.244365 41.357765 1.651456
0.416672 0.090223 -0.027475 -0.003485
0.090223 0.042439 -0.003355 -0.000571
-0.027475 -0.003355 0.537804 0.108799
-0.003485 -0.000571 0.108799 0.046323
32.340452 1.242160 42.647593 1.745334
0.422393 0.091907 -0.025132 -0.003039
0.091907 0.042914 -0.002868 -0.000516
-0.025132 -0.002868 0.550026 0.111254
-0.003039 -0.000516 0.111254 0.046881
33.224476 1.300272 43.674072 1.777617
0.410689 0.089652 -0.006817 0.000502
0.089652 0.042481 0.000942 0.000192
-0.006817 0.000942 0.539228 0.108927
0.000502 0.000192 0.108927 0.046439
34.325977 1.398036 44.217436 1.709411
0.399567 0.087718 0.021982 0.005864
0.087718 0.042144 0.006606 0.001230
0.021982 0.006606 0.498469 0.100815
0.005864 0.001230 0.100815 0.044873
34.818805 1.352802 45.261914 1.747798
0.420140 0.092776 0.013373 0.003288
0.092776 0.043327 0.003696 0.000489
0.013373 0.003696 0.491764 0.100206
0.003288 0.000489 0.100206 0.044919
35.818956 1.424260 46.153187 1.751392
0.434817 0.095973 0.026292 0.005435
0.095973 0.043977 0.005946 0.000899
0.026292 0.005946 0.453156 0.093029
0.005435 0.000899 0.093029 0.043579
36.721203 1.466279 46.862095 1.716364
0.469825 0.103315 0.014241 0.002252
0.103315 0.045485 0.002598 0.000132
0.014241 0.002598 0.432923 0.090149
0.002252 0.000132 0.090149 0.043186
