1.786486 1.676704 0.836371 -0.557492
2.081215 0.832504 -0.254290 -0.101718
0.832504 80.337075 -0.101718 -0.040688
-0.254290 -0.101718 4.119481 1.647828
-0.101718 -0.040688 1.647828 80.663212
5.049518 6.044132 2.699173 2.959460
2.879795 5.109135 -1.269783 -1.996914
5.109135 16.295885 -2.223651 -4.178089
-1.269783 -2.223651 1.981946 3.182914
-1.996914 -4.178089 3.182914 17.813554
7.197059 4.959822 2.709926 0.884754
1.724421 1.921763 -0.247111 -0.073563
1.921763 3.844210 -0.112433 -0.282341
-0.247111 -0.112433 2.403596 3.147747
-0.073563 -0.282341 3.147747 6.561765
7.705017 3.305130 2.598781 0.323280
1.068679 0.895768 0.221746 0.234198
0.895768 1.390461 0.210290 0.035194
0.221746 0.210290 2.006861 1.805332
0.234198 0.035194 1.805332 2.438533
7.981333 2.351051 2.825124 0.402957
0.877746 0.601998 0.294338 0.179696
0.601998 0.710939 0.172938 0.022805
0.294338 0.172938 1.593521 1.086983
0.179696 0.022805 1.086983 1.113659
8.237228 1.789256 3.691497 0.820418
0.766749 0.442990 0.232708 0.095366
0.442990 0.415868 0.093121 -0.004548
0.232708 0.093121 1.350660 0.750104
0.095366 -0.004548 0.750104 0.618909
9.863979 2.162396 3.982330 0.728729
0.864276 0.434527 0.042257 -0.020847
0.434527 0.314750 -0.021345 -0.047747
0.042257 -0.021345 1.309619 0.622799
-0.020847 -0.047747 0.622799 0.420346
10.105610 1.780346 5.196091 1.106114
0.705613 0.304006 -0.005995 -0.027290
0.304006 0.194893 -0.031094 -0.031786
-0.005995 -0.031094 1.181257 0.483946
-0.027290 -0.031786 0.483946 0.281291
9.747937 1.299686 6.142361 1.280221
0.545517 0.208907 -0.102593 -0.051172
0.208907 0.126527 -0.058652 -0.030921
-0.102593 -0.058652 1.117372 0.404790
-0.051172 -0.030921 0.404790 0.206950
11.119708 1.540751 7.546779 1.513862
0.561099 0.195527 -0.160245 -0.061171
0.195527 0.104542 -0.066559 -0.027158
-0.160245 -0.066559 1.035815 0.336114
-0.061171 -0.027158 0.336114 0.156048
11.548970 1.431013 8.657356 1.620528
0.615114 0.195479 -0.156180 -0.051339
0.195479 0.092457 -0.054231 -0.019083
-0.156180 -0.054231 0.959899 0.282508
-0.051339 -0.019083 0.282508 0.121924
12.207000 1.413493 10.107186 1.793488
0.644005 0.187586 -0.169173 -0.048126
0.187586 0.081330 -0.050328 -0.015243
-0.169173 -0.050328 0.888153 0.240524
-0.048126 -0.015243 0.240524 0.098733
13.511480 1.573647 10.387419 1.638112
0.614923 0.165571 -0.162003 -0.040645
0.165571 0.069114 -0.042264 -0.011309
-0.162003 -0.042264 0.831495 0.209816
-0.040645 -0.011309 0.209816 0.083211
14.330069 1.587211 12.556001 1.960099
0.599581 0.151389 -0.125886 -0.027846
0.151389 0.061527 -0.028924 -0.006961
-0.125886 -0.028924 0.726278 0.172765
-0.027846 -0.006961 0.172765 0.069220
14.809229 1.513909 13.944217 2.051602
0.586393 0.140248 -0.121385 -0.024431
0.140248 0.056195 -0.025464 -0.005618
-0.121385 -0.025464 0.668059 0.151985
-0.024431 -0.005618 0.151985 0.061315
15.043815 1.394186 15.047288 2.064857
0.588152 0.134692 -0.102852 -0.018432
0.134692 0.053221 -0.019308 -0.003891
-0.102852 -0.019308 0.636427 0.140099
-0.018432 -0.003891 0.140099 0.056688
15.275693 1.294336 16.530114 2.158193
0.594804 0.131361 -0.086631 -0.013769
0.131361 0.051349 -0.014615 -0.002717
-0.086631 -0.014615 0.610419 0.131000
-0.013769 -0.002717 0.131000 0.053393
16.248136 1.362352 17.356547 2.107517
0.587934 0.125852 -0.081367 -0.012168
0.125852 0.049396 -0.012820 -0.002328
-0.081367 -0.012820 0.603334 0.126984
-0.012168 -0.002328 0.126984 0.051654
15.869599 1.138172 18.195496 2.053532
0.542491 0.113155 -0.094541 -0.014958
0.113155 0.046268 -0.015714 -0.003025
-0.094541 -0.015714 0.526182 0.108767
-0.014958 -0.003025 0.108767 0.047206
16.223900 1.090698 18.893348 1.982960
0.522617 0.107835 -0.067418 -0.008900
0.107835 0.045173 -0.009572 -0.001724
-0.067418 -0.009572 0.498944 0.103192
-0.008900 -0.001724 0.103192 0.045947
16.960724 1.132055 20.097781 2.029299
0.510509 0.104808 -0.046482 -0.004671
0.104808 0.044682 -0.005265 -0.000910
-0.046482 -0.005265 0.485882 0.100966
-0.004671 -0.000910 0.100966 0.045476
17.492596 1.123811 20.962760 1.997630
0.490235 0.100404 -0.040777 -0.004085
0.100404 0.043939 -0.004585 -0.000927
-0.040777 -0.004585 0.463534 0.096747
-0.004085 -0.000927 0.096747 0.044576
18.059903 1.127605 22.319198 2.073136
0.481667 0.098984 -0.025893 -0.001448
0.098984 0.043889 -0.001909 -0.000469
-0.025893 -0.001909 0.456469 0.096103
-0.001448 -0.000469 0.096103 0.044499
18.650738 1.133030 23.330280 2.067916
0.474696 0.098053 -0.007823 0.001704
0.098053 0.043925 0.001264 0.000083
-0.007823 0.001264 0.454059 0.096371
0.001704 0.000083 0.096371 0.044590
18.790872 1.046546 24.804758 2.159679
0.471513 0.097948 0.008832 0.004383
0.097948 0.044095 0.003951 0.000524
0.008832 0.003951 0.454537 0.097061
0.004383 0.000524 0.097061 0.044725
19.828908 1.153789 25.820517 2.147578
0.463337 0.096735 0.020853 0.005928
0.096735 0.043984 0.005554 0.000734
0.020853 0.005554 0.459901 0.098573
0.005928 0.000734 0.098573 0.044996
20.444311 1.161950 27.041785 2.179249
0.461389 0.096869 0.032152 0.007342
0.096869 0.044134 0.006996 0.000942
0.032152 0.006996 0.468842 0.100598
0.007342 0.000942 0.100598 0.045337
20.820802 1.119331 27.775282 2.103162
0.467672 0.098655 0.036455 0.007267
0.098655 0.044590 0.006968 0.000861
0.036455 0.006968 0.478800 0.102575
0.007267 0.000861 0.102575 0.045635
21.320859 1.108349 28.308075 1.992466
0.468234 0.099015 0.034617 0.006053
0.099015 0.044687 0.005803 0.000586
0.034617 0.005803 0.483406 0.103206
0.006053 0.000586 0.103206 0.045631
22.564836 1.252751 29.756509 2.085997
0.458578 0.097148 0.029182 0.004377
0.097148 0.044295 0.004095 0.000262
0.029182 0.004095 0.494612 0.105209
0.004377 0.000262 0.105209 0.045941
23.008806 1.213745 30.839607 2.095323
0.453734 0.096468 0.018289 0.001806
0.096468 0.044185 0.001468 -0.000212
0.018289 0.001468 0.511424 0.108252
0.001806 -0.000212 0.108252 0.046467
22.894831 1.061452 31.538588 2.025189
0.430313 0.091812 0.010756 0.000363
0.091812 0.043214 -0.000012 -0.000378
0.010756 -0.000012 0.506131 0.106372
0.000363 -0.000378 0.106372 0.045930
23.487242 1.074331 32.647095 2.045013
0.428780 0.092192 0.007569 -0.000099
0.092192 0.043381 -0.000505 -0.000353
0.007569 -0.000505 0.526044 0.110023
-0.000099 -0.000353 0.110023 0.046629
24.193389 1.110409 33.809994 2.073610
0.429828 0.092982 0.005104 -0.000367
0.092982 0.043589 -0.000790 -0.000302
0.005104 -0.000790 0.549526 0.114113
-0.000367 -0.000302 0.114113 0.047377
24.736391 1.109138 34.357753 1.973024
0.424128 0.092167 -0.008684 -0.002925
0.092167 0.043412 -0.003421 -0.000748
-0.008684 -0.003421 0.543341 0.111813
-0.002925 -0.000748 0.111813 0.046779
25.295836 1.112319 34.133626 1.725480
0.422967 0.092311 -0.016962 -0.004139
0.092311 0.043436 -0.004638 -0.000884
-0.016962 -0.004638 0.535898 0.109600
-0.004139 -0.000884 0.109600 0.046290
26.544749 1.263864 35.189175 1.764529
0.405938 0.088882 -0.033541 -0.006978
0.088882 0.042659 -0.007639 -0.001397
-0.033541 -0.007639 0.543777 0.110827
-0.006978 -0.001397 0.110827 0.046570
26.964935 1.217080 35.970531 1.743742
0.405898 0.089422 -0.038844 -0.007335
0.089422 0.042802 -0.007922 -0.001342
-0.038844 -0.007922 0.573487 0.116438
-0.007335 -0.001342 0.116438 0.047726
26.881035 1.063948 36.947085 1.762896
0.412996 0.091417 -0.029446 -0.004768
0.091417 0.043235 -0.005009 -0.000678
-0.029446 -0.005009 0.598650 0.120694
-0.004768 -0.000678 0.120694 0.048527
27.847372 1.159907 37.700658 1.738839
0.368318 0.081601 -0.034637 -0.005646
0.081601 0.040983 -0.005759 -0.000874
-0.034637 -0.005759 0.610772 0.121992
-0.005646 -0.000874 0.121992 0.048684
28.266379 1.129611 40.069859 2.035467
0.378268 0.084884 -0.030735 -0.004485
0.084884 0.041842 -0.004401 -0.000596
-0.030735 -0.004401 0.640070 0.126755
-0.004485 -0.000596 0.126755 0.049562
29.973077 1.390807 41.786957 2.177838
0.381581 0.086257 -0.009414 -0.000119
0.086257 0.042161 0.000593 0.000348
-0.009414 0.000593 0.644968 0.126485
-0.000119 0.000348 0.126485 0.049423
30.988479 1.462204 42.543579 2.114446
0.374945 0.085084 0.006648 0.002720
0.085084 0.041840 0.003732 0.000835
0.006648 0.003732 0.616543 0.119903
0.002720 0.000835 0.119903 0.048106
31.270835 1.357807 42.706599 1.939967
0.408112 0.092931 0.000276 0.001078
0.092931 0.043572 0.001533 0.000292
0.000276 0.001533 0.594143 0.115182
0.001078 0.000292 0.115182 0.047280
31.602946 1.277554 42.702455 1.750259
0.442313 0.100115 0.002172 0.001201
0.100115 0.044984 0.001550 0.000239
0.002172 0.001550 0.585225 0.113607
0.001201 0.000239 0.113607 0.047143
31.797328 1.178181 43.544941 1.743408
0.462369 0.103358 0.005753 0.001636
0.103358 0.045402 0.002016 0.000283
0.005753 0.002016 0.601712 0.117148
0.001636 0.000283 0.117148 0.048000
32.796088 1.268502 44.436352 1.747450
0.473700 0.104439 0.024797 0.005065
0.104439 0.045363 0.005847 0.000990
0.024797 0.005847 0.590734 0.115040
0.005065 0.000990 0.115040 0.047675
34.186646 1.432274 47.321869 2.139572
0.478738 0.104177 0.035259 0.006563
0.104177 0.045097 0.007430 0.001219
0.035259 0.007430 0.591018 0.115321
0.006563 0.001219 0.115321 0.047833
34.122622 1.266121 47.212655 1.910489
0.518495 0.111618 0.021931 0.003285
0.111618 0.046581 0.003855 0.000432
0.021931 0.003855 0.554244 0.108359
0.003285 0.000432 0.108359 0.046556
35.292998 1.378512 48.949879 2.063293
0.544276 0.115400 0.022478 0.003119
0.115400 0.047179 0.003701 0.000409
0.022478 0.003701 0.528987 0.104189
0.003119 0.000409 0.104189 0.045902
