0.544186 1.179774 1.322367 -0.363089
1.768018 0.707223 0.147679 0.059073
0.707223 80.286962 0.059073 0.023630
0.147679 0.059073 3.669692 1.467909
0.059073 0.023630 1.467909 80.591243
3.756489 5.927617 1.448343 0.112266
2.703354 4.924604 -2.113358 -3.524487
4.924604 15.242590 -3.864309 -6.029805
-2.113358 -3.864309 2.816521 4.678643
-3.524487 -6.029805 4.678643 19.381640
5.861731 5.239774 3.753259 2.863084
1.671194 2.034194 0.277620 0.834744
2.034194 3.806859 0.450578 0.786987
0.277620 0.450578 0.800308 1.141453
0.834744 0.786987 1.141453 3.851285
6.766133 3.816226 4.059294 1.659606
1.376896 1.177069 -0.000723 0.015001
1.177069 1.485398 -0.059532 -0.195063
-0.000723 -0.059532 1.544312 1.624342
0.015001 -0.195063 1.624342 2.323554
7.951978 3.354447 4.482124 1.364389
1.186406 0.782925 -0.163324 -0.133213
0.782925 0.744044 -0.160227 -0.186052
-0.163324 -0.160227 1.810404 1.346970
-0.133213 -0.186052 1.346970 1.258677
8.716291 2.855374 5.835524 1.755871
0.865439 0.465123 -0.196114 -0.120933
0.465123 0.378329 -0.134988 -0.111274
-0.196114 -0.134988 1.672919 0.952990
-0.120933 -0.111274 0.952990 0.680186
9.276870 2.468841 5.779890 1.333518
0.760899 0.351346 -0.324190 -0.157193
0.351346 0.243973 -0.164953 -0.096408
-0.324190 -0.164953 1.573205 0.729427
-0.157193 -0.096408 0.729427 0.424226
8.706327 1.741857 6.354594 1.307865
0.449797 0.182385 -0.348468 -0.138509
0.182385 0.131012 -0.145107 -0.068198
-0.348468 -0.145107 1.429470 0.559678
-0.138509 -0.068198 0.559678 0.279377
8.876546 1.490036 9.184039 2.047984
0.514345 0.193284 -0.285343 -0.097086
0.193284 0.115326 -0.100961 -0.041578
-0.285343 -0.100961 1.132267 0.385201
-0.097086 -0.041578 0.385201 0.177072
9.700152 1.512558 9.723511 1.900513
0.598298 0.205154 -0.281535 -0.083820
0.205154 0.104317 -0.087298 -0.031232
-0.281535 -0.087298 1.066758 0.324317
-0.083820 -0.031232 0.324317 0.136246
10.325279 1.471213 10.689099 1.904035
0.665367 0.207640 -0.268799 -0.070900
0.207640 0.093517 -0.074085 -0.023513
-0.268799 -0.074085 0.995163 0.274791
-0.070900 -0.023513 0.274791 0.108395
11.079829 1.466676 10.753116 1.676464
0.677274 0.193119 -0.257700 -0.061273
0.193119 0.080659 -0.064542 -0.018495
-0.257700 -0.064542 0.890179 0.226434
-0.061273 -0.018495 0.226434 0.086929
11.813123 1.472238 12.069856 1.791586
0.657582 0.173693 -0.199298 -0.042247
0.173693 0.069674 -0.044293 -0.011928
-0.199298 -0.044293 0.777210 0.185256
-0.042247 -0.011928 0.185256 0.071509
12.614318 1.492189 13.285403 1.865419
0.653192 0.161494 -0.178648 -0.034741
0.161494 0.062742 -0.036500 -0.009234
-0.178648 -0.036500 0.719154 0.162989
-0.034741 -0.009234 0.162989 0.063064
12.499066 1.300647 15.304537 2.096145
0.638407 0.149625 -0.125607 -0.021249
0.149625 0.057424 -0.022679 -0.005619
-0.125607 -0.022679 0.624587 0.136367
-0.021249 -0.005619 0.136367 0.055156
13.691274 1.421846 16.250173 2.079502
0.619753 0.138669 -0.112061 -0.017939
0.138669 0.053259 -0.018965 -0.004622
-0.112061 -0.018965 0.602929 0.128529
-0.017939 -0.004622 0.128529 0.052333
14.781356 1.501853 17.045223 2.031558
0.609850 0.131615 -0.096505 -0.014414
0.131615 0.050726 -0.015087 -0.003657
-0.096505 -0.015087 0.597451 0.125156
-0.014414 -0.003657 0.125156 0.050892
15.084462 1.402661 17.552189 1.921621
0.583196 0.122232 -0.093364 -0.013940
0.122232 0.048150 -0.014618 -0.003517
-0.093364 -0.014618 0.553748 0.114205
-0.013940 -0.003517 0.114205 0.048090
15.900306 1.425085 18.370972 1.893360
0.561061 0.115412 -0.074859 -0.010213
0.115412 0.046550 -0.010744 -0.002654
-0.074859 -0.010744 0.531266 0.109017
-0.010213 -0.002654 0.109017 0.046846
16.422760 1.382996 18.931425 1.812051
0.542749 0.110246 -0.075236 -0.010631
0.110246 0.045493 -0.011069 -0.002715
-0.075236 -0.011069 0.510357 0.104509
-0.010631 -0.002715 0.104509 0.045840
17.209048 1.405843 20.272798 1.902818
0.525616 0.106209 -0.060190 -0.007741
0.106209 0.044837 -0.008143 -0.002080
-0.060190 -0.008143 0.492419 0.101172
-0.007741 -0.002080 0.101172 0.045196
17.726538 1.366983 21.060785 1.867333
0.515000 0.104080 -0.038416 -0.003598
0.104080 0.044649 -0.004007 -0.001225
-0.038416 -0.004007 0.483519 0.100005
-0.003598 -0.001225 0.100005 0.045049
18.170149 1.320619 22.336105 1.936793
0.499227 0.101080 -0.029252 -0.002414
0.101080 0.044270 -0.002781 -0.001038
-0.029252 -0.002781 0.468290 0.097418
-0.002414 -0.001038 0.097418 0.044566
18.709977 1.296272 23.340075 1.943510
0.504110 0.102585 -0.021628 -0.001403
0.102585 0.044821 -0.001729 -0.000844
-0.021628 -0.001729 0.476881 0.099948
-0.001403 -0.000844 0.099948 0.045168
19.257683 1.275074 24.160801 1.911211
0.506727 0.103459 -0.019877 -0.001642
0.103459 0.045166 -0.001889 -0.000904
-0.019877 -0.001889 0.485836 0.102179
-0.001642 -0.000904 0.102179 0.045621
19.504492 1.193804 24.766911 1.836028
0.513269 0.105063 -0.016455 -0.001392
0.105063 0.045616 -0.001612 -0.000840
-0.016455 -0.001612 0.493308 0.103826
-0.001392 -0.000840 0.103826 0.045904
20.756321 1.329671 26.266758 1.960482
0.495697 0.101606 -0.001595 0.001244
0.101606 0.044984 0.001047 -0.000280
-0.001595 0.001047 0.494553 0.104005
0.001244 -0.000280 0.104005 0.045861
21.380242 1.321157 27.191791 1.948807
0.487747 0.100407 0.005872 0.002205
0.100407 0.044852 0.002037 -0.000092
0.005872 0.002037 0.498505 0.104693
0.002205 -0.000092 0.104693 0.045930
22.156380 1.344676 27.469459 1.802891
0.483686 0.100069 0.014258 0.003382
0.100069 0.044885 0.003223 0.000146
0.014258 0.003223 0.492210 0.103161
0.003382 0.000146 0.103161 0.045535
23.229491 1.427454 29.269914 1.991052
0.467223 0.097125 0.004542 0.000770
0.097125 0.044349 0.000644 -0.000399
0.004542 0.000644 0.504143 0.105602
0.000770 -0.000399 0.105602 0.046017
23.821700 1.401592 30.679623 2.077681
0.463998 0.097132 0.006226 0.000894
0.097132 0.044447 0.000774 -0.000310
0.006226 0.000774 0.519055 0.108424
0.000894 -0.000310 0.108424 0.046538
24.355008 1.366907 31.274399 1.985573
0.445437 0.093814 0.003472 0.000167
0.093814 0.043805 0.000045 -0.000396
0.003472 0.000045 0.515999 0.107267
0.000167 -0.000396 0.107267 0.046201
25.906023 1.550189 32.992509 2.134678
0.447891 0.095155 -0.004571 -0.001558
0.095155 0.044173 -0.001725 -0.000692
-0.004571 -0.001725 0.536943 0.111262
-0.001558 -0.000692 0.111262 0.046986
25.762833 1.355178 32.934978 1.903994
0.451136 0.096408 -0.010249 -0.002590
0.096408 0.044455 -0.002757 -0.000810
-0.010249 -0.002757 0.530292 0.109221
-0.002590 -0.000810 0.109221 0.046470
26.560513 1.380926 33.890153 1.904582
0.438658 0.094069 -0.020656 -0.004475
0.094069 0.043920 -0.004720 -0.001115
-0.020656 -0.004720 0.543819 0.111604
-0.004475 -0.001115 0.111604 0.046936
27.564223 1.448556 35.161198 1.969781
0.450400 0.097075 -0.029692 -0.005913
0.097075 0.044565 -0.006205 -0.001311
-0.029692 -0.006205 0.574861 0.117387
-0.005913 -0.001311 0.117387 0.048069
27.824150 1.347478 35.493166 1.836932
0.443555 0.095690 -0.032201 -0.005936
0.095690 0.044188 -0.006190 -0.001208
-0.032201 -0.006190 0.578437 0.117108
-0.005936 -0.001208 0.117108 0.047892
28.440341 1.333490 35.706928 1.695065
0.440277 0.095169 -0.028548 -0.004769
0.095169 0.044030 -0.004912 -0.000883
-0.028548 -0.004912 0.577590 0.116110
-0.004769 -0.000883 0.116110 0.047627
29.005877 1.311226 36.434445 1.670772
0.452412 0.097975 -0.028886 -0.004527
0.097975 0.044598 -0.004649 -0.000798
-0.028886 -0.004649 0.589163 0.117804
-0.004527 -0.000798 0.117804 0.047953
29.381918 1.251720 37.592325 1.734058
0.451597 0.097624 -0.038131 -0.006161
0.097624 0.044421 -0.006343 -0.001131
-0.038131 -0.006343 0.613456 0.121942
-0.006161 -0.001131 0.121942 0.048753
29.920809 1.232712 38.404101 1.722820
0.448190 0.096786 -0.034173 -0.005075
0.096786 0.044173 -0.005106 -0.000866
-0.034173 -0.005106 0.621244 0.122572
-0.005075 -0.000866 0.122572 0.048823
30.862252 1.307016 40.284241 1.923973
0.442764 0.095602 -0.026706 -0.003459
0.095602 0.043882 -0.003231 -0.000512
-0.026706 -0.003231 0.641888 0.125813
-0.003459 -0.000512 0.125813 0.049433
31.161917 1.229574 41.013478 1.877286
0.428949 0.092697 -0.021628 -0.002525
0.092697 0.043243 -0.002182 -0.000360
-0.021628 -0.002182 0.640708 0.124611
-0.002525 -0.000360 0.124611 0.049150
31.363005 1.141883 42.522910 1.986201
0.428120 0.092856 -0.017578 -0.001833
0.092856 0.043317 -0.001457 -0.000268
-0.017578 -0.001457 0.640903 0.123931
-0.001833 -0.000268 0.123931 0.049025
31.604287 1.069005 43.177991 1.920011
0.438457 0.095406 -0.004850 0.000506
0.095406 0.043895 0.001089 0.000181
-0.004850 0.001089 0.639755 0.123208
0.000506 0.000181 0.123208 0.048932
31.954324 1.025640 42.914449 1.684602
0.426240 0.092801 0.029068 0.006650
0.092801 0.043300 0.007958 0.001418
0.029068 0.007958 0.618017 0.118745
0.006650 0.001418 0.118745 0.048152
32.681677 1.072636 43.986054 1.728810
0.440340 0.096082 0.036849 0.007332
0.096082 0.044020 0.008577 0.001390
0.036849 0.008577 0.615686 0.118398
0.007332 0.001390 0.118398 0.048216
33.346219 1.100386 45.101251 1.776964
0.472369 0.102902 0.037430 0.006632
0.102902 0.045439 0.007694 0.001106
0.037430 0.007694 0.609138 0.117294
0.006632 0.001106 0.117294 0.048120
33.111171 0.932967 44.771163 1.543575
0.507931 0.109803 0.023452 0.003247
0.109803 0.046756 0.003921 0.000313
0.023452 0.003921 0.583513 0.112649
0.003247 0.000313 0.112649 0.047344
34.383826 1.102303 46.707553 1.767480
0.516088 0.110107 0.041000 0.006439
0.110107 0.046554 0.007367 0.001024
0.041000 0.007367 0.574286 0.111467
0.006439 0.001024 0.111467 0.047263
