-0.683266 0.688782 1.194794 -0.414119
2.664257 1.065726 -0.624102 -0.249646
1.065726 80.430366 -0.249646 -0.099861
-0.624102 -0.249646 4.488268 1.795346
-0.249646 -0.099861 1.795346 80.722221
3.078975 6.696259 2.720323 2.511189
2.302246 3.916431 -1.570538 -2.394907
3.916431 15.550645 -2.581638 -5.515601
-1.570538 -2.581638 2.965332 4.653841
-2.394907 -5.515601 4.653841 20.823904
7.149860 7.435728 2.580932 0.893200
2.571608 3.019993 -0.917860 -0.732680
3.019993 5.505983 -0.833605 -1.293161
-0.917860 -0.833605 2.868784 3.417407
-0.732680 -1.293161 3.417407 7.061103
8.721442 5.731035 6.442824 3.767461
1.269931 1.063556 0.057649 0.122890
1.063556 1.613050 0.093333 -0.180834
0.057649 0.093333 1.707981 1.501812
0.122890 -0.180834 1.501812 2.372259
8.680289 3.789290 6.026239 2.195675
0.625314 0.441275 -0.629983 -0.457901
0.441275 0.648822 -0.464495 -0.484007
-0.629983 -0.464495 1.586561 1.134947
-0.457901 -0.484007 1.134947 1.286810
10.225075 3.508717 5.158007 1.032678
0.684285 0.428317 -0.623815 -0.359572
0.428317 0.442904 -0.359433 -0.283456
-0.623815 -0.359433 1.720164 1.006503
-0.359572 -0.283456 1.006503 0.840166
10.703944 2.777106 4.968165 0.669171
0.629600 0.338631 -0.416824 -0.196288
0.338631 0.283075 -0.185866 -0.132814
-0.416824 -0.185866 1.579492 0.769828
-0.196288 -0.132814 0.769828 0.526196
10.620555 2.095153 6.201035 1.037166
0.548366 0.256163 -0.236382 -0.096006
0.256163 0.184367 -0.084265 -0.063729
-0.236382 -0.084265 1.323520 0.552175
-0.096006 -0.063729 0.552175 0.330520
10.341444 1.557648 7.808675 1.439945
0.597650 0.245971 -0.206143 -0.077213
0.245971 0.146855 -0.070295 -0.046643
-0.206143 -0.070295 1.150263 0.422059
-0.077213 -0.046643 0.422059 0.226688
10.877791 1.476118 9.434327 1.738671
0.665043 0.242170 -0.213641 -0.073774
0.242170 0.123265 -0.069895 -0.038426
-0.213641 -0.069895 1.035258 0.341121
-0.073774 -0.038426 0.341121 0.167333
11.477536 1.431552 10.423924 1.775352
0.700035 0.227683 -0.195204 -0.061908
0.227683 0.103146 -0.058888 -0.028996
-0.195204 -0.058888 0.949946 0.285272
-0.061908 -0.028996 0.285272 0.130050
12.467103 1.510010 10.608295 1.579883
0.716713 0.210795 -0.184779 -0.053894
0.210795 0.087656 -0.051476 -0.022666
-0.184779 -0.051476 0.926126 0.256706
-0.053894 -0.022666 0.256706 0.108748
13.022651 1.459295 12.738210 1.925445
0.685985 0.184794 -0.175631 -0.047118
0.184794 0.073506 -0.045560 -0.018028
-0.175631 -0.045560 0.793963 0.204912
-0.047118 -0.018028 0.204912 0.086040
14.060012 1.535845 13.389902 1.849280
0.660272 0.165399 -0.154280 -0.038293
0.165399 0.064137 -0.037059 -0.013699
-0.154280 -0.037059 0.748124 0.182608
-0.038293 -0.013699 0.182608 0.074786
14.505979 1.460106 14.485838 1.889049
0.661587 0.156126 -0.149321 -0.034492
0.156126 0.059088 -0.033579 -0.011311
-0.149321 -0.033579 0.716890 0.166987
-0.034492 -0.011311 0.166987 0.067146
14.740166 1.348295 15.362803 1.872923
0.652943 0.146547 -0.141373 -0.030445
0.146547 0.055028 -0.029796 -0.009272
-0.141373 -0.029796 0.682934 0.152953
-0.030445 -0.009272 0.152953 0.061203
15.576380 1.383110 16.236667 1.859845
0.599820 0.129341 -0.100075 -0.019753
0.129341 0.050143 -0.019348 -0.006144
-0.100075 -0.019348 0.618927 0.134400
-0.019753 -0.006144 0.134400 0.055282
16.229262 1.374349 17.010766 1.826436
0.570938 0.119843 -0.071866 -0.013005
0.119843 0.047645 -0.012785 -0.004235
-0.071866 -0.012785 0.583513 0.124219
-0.013005 -0.004235 0.124219 0.051985
16.313981 1.249596 17.848762 1.808077
0.562944 0.115995 -0.076796 -0.013810
0.115995 0.046675 -0.013665 -0.004095
-0.076796 -0.013665 0.561289 0.117845
-0.013810 -0.004095 0.117845 0.049913
16.750197 1.209777 18.438458 1.741559
0.554883 0.112892 -0.071983 -0.012412
0.112892 0.046041 -0.012326 -0.003519
-0.071983 -0.012326 0.550523 0.114600
-0.012412 -0.003519 0.114600 0.048780
17.271869 1.193780 19.490144 1.778679
0.533847 0.107847 -0.041806 -0.005913
0.107847 0.045145 -0.006014 -0.001995
-0.041806 -0.006014 0.523954 0.108544
-0.005913 -0.001995 0.108544 0.047244
17.448797 1.113101 21.343243 1.976467
0.495326 0.099951 -0.004727 0.001366
0.099951 0.043778 0.001033 -0.000478
-0.004727 0.001033 0.469177 0.097233
0.001366 -0.000478 0.097233 0.044783
17.725880 1.055373 21.947657 1.895325
0.491063 0.099644 -0.000908 0.001340
0.099644 0.044021 0.001044 -0.000499
-0.000908 0.001044 0.462750 0.096775
0.001340 -0.000499 0.096775 0.044743
18.837408 1.174207 22.642567 1.843069
0.474006 0.096753 0.000450 0.000927
0.096753 0.043683 0.000699 -0.000565
0.000450 0.000699 0.454882 0.095892
0.000927 -0.000565 0.095892 0.044577
19.277907 1.144139 23.912997 1.917066
0.472331 0.097246 0.003431 0.001058
0.097246 0.044030 0.000857 -0.000487
0.003431 0.000857 0.456660 0.096989
0.001058 -0.000487 0.096989 0.044811
20.453291 1.269165 25.111588 1.968202
0.472042 0.097911 0.002604 0.000478
0.097911 0.044343 0.000316 -0.000547
0.002604 0.000316 0.467522 0.099783
0.000478 -0.000547 0.099783 0.045359
21.418725 1.338219 26.081177 1.964870
0.463939 0.096804 0.009269 0.001655
0.096804 0.044223 0.001486 -0.000221
0.009269 0.001486 0.467134 0.099795
0.001655 -0.000221 0.099795 0.045248
21.796515 1.277379 26.839515 1.917358
0.461345 0.096903 -0.004465 -0.001567
0.096903 0.044342 -0.001658 -0.000839
-0.004465 -0.001658 0.468313 0.100104
-0.001567 -0.000839 0.100104 0.045215
22.925487 1.380724 27.944448 1.948054
0.459401 0.097011 0.001136 -0.000276
0.097011 0.044416 -0.000375 -0.000449
0.001136 -0.000375 0.476209 0.101747
-0.000276 -0.000449 0.101747 0.045467
23.911513 1.443167 29.133622 1.993585
0.462489 0.098090 0.010415 0.001692
0.098090 0.044667 0.001589 0.000044
0.010415 0.001589 0.489147 0.104274
0.001692 0.000044 0.104274 0.045890
24.395396 1.392547 30.170796 2.002509
0.462772 0.098423 0.002017 -0.000258
0.098423 0.044725 -0.000360 -0.000340
0.002017 -0.000360 0.499546 0.106033
-0.000258 -0.000340 0.106033 0.046131
24.744694 1.318479 31.272868 2.024256
0.461927 0.098436 -0.013657 -0.003504
0.098436 0.044701 -0.003635 -0.000964
-0.013657 -0.003635 0.511781 0.108048
-0.003504 -0.000964 0.108048 0.046427
25.266369 1.289072 32.378208 2.043881
0.446096 0.095189 -0.023640 -0.005209
0.095189 0.043974 -0.005362 -0.001210
-0.023640 -0.005362 0.514951 0.108000
-0.005209 -0.001210 0.108000 0.046288
25.791053 1.263246 33.095487 1.980286
0.454135 0.097307 -0.023927 -0.004759
0.097307 0.044449 -0.004884 -0.000995
-0.023927 -0.004884 0.520444 0.108520
-0.004759 -0.000995 0.108520 0.046310
26.155366 1.205906 34.106656 1.984288
0.427817 0.091788 -0.019741 -0.003518
0.091788 0.043229 -0.003555 -0.000655
-0.019741 -0.003555 0.518869 0.107611
-0.003518 -0.000655 0.107611 0.046061
27.105068 1.280266 34.795048 1.922166
0.393385 0.084938 -0.032609 -0.005999
0.084938 0.041804 -0.006105 -0.001170
-0.032609 -0.006105 0.508390 0.105003
-0.005999 -0.001170 0.105003 0.045500
27.992411 1.334614 35.814680 1.934997
0.380494 0.083270 -0.038765 -0.006870
0.083270 0.041583 -0.006976 -0.001300
-0.038765 -0.006976 0.514228 0.106088
-0.006870 -0.001300 0.106088 0.045767
28.303162 1.256067 36.956337 1.969442
0.379725 0.084225 -0.046183 -0.007949
0.084225 0.041894 -0.008083 -0.001482
-0.046183 -0.008083 0.530511 0.109248
-0.007949 -0.001482 0.109248 0.046438
29.099598 1.296264 38.386783 2.061981
0.381873 0.085568 -0.047287 -0.007688
0.085568 0.042213 -0.007718 -0.001366
-0.047287 -0.007718 0.551202 0.113076
-0.007688 -0.001366 0.113076 0.047200
30.162753 1.390989 39.550421 2.091641
0.388610 0.087644 -0.048575 -0.007542
0.087644 0.042629 -0.007556 -0.001318
-0.048575 -0.007556 0.564120 0.115000
-0.007542 -0.001318 0.115000 0.047519
30.870900 1.390858 40.144510 2.000005
0.379041 0.085707 -0.045822 -0.006767
0.085707 0.042079 -0.006686 -0.001171
-0.045822 -0.006686 0.558515 0.113096
-0.006767 -0.001171 0.113096 0.047064
31.442813 1.363424 41.245524 2.019562
0.404010 0.091713 -0.046520 -0.006576
0.091713 0.043374 -0.006670 -0.001164
-0.046520 -0.006670 0.563470 0.113595
-0.006576 -0.001164 0.113595 0.047160
31.726184 1.268363 41.592710 1.883299
0.410614 0.092877 -0.040410 -0.005220
0.092877 0.043447 -0.005346 -0.000935
-0.040410 -0.005346 0.540862 0.108631
-0.005220 -0.000935 0.108631 0.046174
32.367529 1.270754 42.646921 1.906030
0.421955 0.094979 -0.035225 -0.004174
0.094979 0.043748 -0.004218 -0.000758
-0.035225 -0.004218 0.542378 0.109048
-0.004174 -0.000758 0.109048 0.046364
32.798347 1.221408 43.054536 1.794758
0.433170 0.096841 -0.032097 -0.003656
0.096841 0.043990 -0.003819 -0.000739
-0.032097 -0.003819 0.522872 0.105194
-0.003656 -0.000739 0.105194 0.045668
33.415895 1.225646 44.407882 1.887072
0.444727 0.098661 -0.025916 -0.002564
0.098661 0.044238 -0.002621 -0.000551
-0.025916 -0.002621 0.526286 0.106347
-0.002564 -0.000551 0.106347 0.046037
34.193977 1.261607 45.270376 1.871515
0.459834 0.101169 -0.016440 -0.000872
0.101169 0.044655 -0.000953 -0.000268
-0.016440 -0.000953 0.503972 0.102158
-0.000872 -0.000268 0.102158 0.045274
34.543266 1.199762 46.097646 1.848117
0.483088 0.105198 -0.026204 -0.003198
0.105198 0.045383 -0.003556 -0.000859
-0.026204 -0.003556 0.491646 0.100241
-0.003198 -0.000859 0.100241 0.044997
35.160964 1.202107 46.651378 1.772038
0.501034 0.107839 -0.022577 -0.002556
0.107839 0.045798 -0.003007 -0.000747
-0.022577 -0.003007 0.460484 0.094599
-0.002556 -0.000747 0.094599 0.043957
36.339532 1.324893 47.510521 1.768665
0.535487 0.113875 -0.018192 -0.001726
0.113875 0.046948 -0.002283 -0.000588
-0.018192 -0.002283 0.437856 0.091078
-0.001726 -0.000588 0.091078 0.043393
