2.297056 1.880937 3.489673 0.503852
1.917081 0.766849 -0.202544 -0.081019
0.766849 80.310813 -0.081019 -0.032408
-0.202544 -0.081019 3.706741 1.482728
-0.081019 -0.032408 1.482728 80.597171
5.044626 5.077915 0.635487 -4.588048
2.732270 4.888882 -1.424141 -2.302521
4.888882 15.481479 -2.499705 -4.601947
-1.424141 -2.499705 3.620545 5.946721
-2.302521 -4.601947 5.946721 21.467194
6.579502 4.111256 1.395248 -1.175725
2.353203 2.642771 0.058866 0.296015
2.642771 4.539664 0.120241 0.084475
0.058866 0.120241 1.036801 1.197323
0.296015 0.084475 1.197323 4.151376
6.453377 2.343974 1.597635 -0.403449
1.641018 1.309492 0.347617 0.360997
1.309492 1.650481 0.255822 0.148305
0.347617 0.255822 1.100810 1.103493
0.360997 0.148305 1.103493 1.986113
8.276192 2.639892 4.255885 1.820306
1.281760 0.813870 0.266391 0.167604
0.813870 0.812634 0.133123 0.036590
0.266391 0.133123 0.891932 0.691463
0.167604 0.036590 0.691463 0.895927
9.113403 2.319581 6.551919 2.725251
1.221804 0.656772 0.048516 -0.014984
0.656772 0.520508 -0.018997 -0.051179
0.048516 -0.018997 1.043273 0.665713
-0.014984 -0.051179 0.665713 0.604588
8.040025 1.313258 7.391251 2.508457
0.709402 0.334262 -0.344368 -0.197259
0.334262 0.262514 -0.187646 -0.111110
-0.344368 -0.187646 1.055695 0.558861
-0.197259 -0.111110 0.558861 0.399613
8.217274 1.115178 8.001118 2.224883
0.777854 0.327467 -0.466550 -0.208516
0.327467 0.209028 -0.199272 -0.091289
-0.466550 -0.199272 0.994044 0.440889
-0.208516 -0.091289 0.440889 0.263414
9.238713 1.286306 8.654876 2.052811
0.805130 0.302020 -0.421625 -0.153267
0.302020 0.165185 -0.147931 -0.055335
-0.421625 -0.147931 0.989734 0.378792
-0.153267 -0.055335 0.378792 0.193993
10.669154 1.526173 7.986500 1.483990
0.757816 0.254187 -0.404280 -0.125438
0.254187 0.125705 -0.121859 -0.039217
-0.404280 -0.121859 0.939557 0.315923
-0.125438 -0.039217 0.315923 0.144570
10.295624 1.159972 8.428673 1.367402
0.648971 0.196651 -0.389971 -0.107435
0.196651 0.093075 -0.103127 -0.029856
-0.389971 -0.103127 0.912963 0.274985
-0.107435 -0.029856 0.274985 0.114856
10.958440 1.189568 9.315111 1.426874
0.628849 0.177880 -0.321711 -0.076611
0.177880 0.079501 -0.073964 -0.018898
-0.321711 -0.073964 0.841875 0.231409
-0.076611 -0.018898 0.231409 0.091905
11.508348 1.208316 11.255600 1.748128
0.626383 0.167184 -0.248976 -0.050659
0.167184 0.071036 -0.049760 -0.011275
-0.248976 -0.049760 0.755918 0.192699
-0.050659 -0.011275 0.192699 0.075171
12.122739 1.211799 12.163960 1.756798
0.606244 0.152553 -0.215810 -0.039647
0.152553 0.063041 -0.039649 -0.008541
-0.215810 -0.039649 0.688976 0.164806
-0.039647 -0.008541 0.164806 0.064115
12.550800 1.177474 13.465488 1.852018
0.601085 0.144128 -0.182596 -0.030041
0.144128 0.058182 -0.030581 -0.006289
-0.182596 -0.030581 0.641354 0.146162
-0.030041 -0.006289 0.146162 0.057256
13.786643 1.334169 14.600212 1.911697
0.560493 0.129167 -0.132905 -0.018798
0.129167 0.052823 -0.019074 -0.003891
-0.132905 -0.019074 0.584421 0.128703
-0.018798 -0.003891 0.128703 0.051903
14.930247 1.435261 15.178002 1.837697
0.544852 0.121798 -0.102522 -0.012606
0.121798 0.050028 -0.012543 -0.002669
-0.102522 -0.012543 0.570212 0.122675
-0.012606 -0.002669 0.122675 0.049793
16.396908 1.612344 16.809088 2.001611
0.517977 0.113046 -0.076625 -0.008147
0.113046 0.047396 -0.008099 -0.001991
-0.076625 -0.008099 0.532863 0.112536
-0.008147 -0.001991 0.112536 0.047139
17.065258 1.582844 17.832713 2.004529
0.512890 0.110091 -0.063129 -0.006270
0.110091 0.046397 -0.006300 -0.001785
-0.063129 -0.006300 0.517535 0.108153
-0.006270 -0.001785 0.108153 0.046027
17.502749 1.503740 18.533244 1.937335
0.521040 0.110383 -0.058322 -0.006086
0.110383 0.046260 -0.006164 -0.001852
-0.058322 -0.006164 0.519105 0.107789
-0.006086 -0.001852 0.107789 0.045893
17.395409 1.333767 20.559562 2.148312
0.512467 0.107577 -0.028461 -0.000760
0.107577 0.045600 -0.000987 -0.000858
-0.028461 -0.000987 0.486354 0.100701
-0.000760 -0.000858 0.100701 0.044460
17.866557 1.289933 21.257364 2.068554
0.509630 0.106182 -0.021624 -0.000500
0.106182 0.045296 -0.000699 -0.000909
-0.021624 -0.000699 0.480553 0.099711
-0.000500 -0.000909 0.099711 0.044380
18.013882 1.183234 21.710640 1.944563
0.488615 0.101209 -0.029518 -0.003251
0.101209 0.044292 -0.003436 -0.001556
-0.029518 -0.003436 0.453956 0.094397
-0.003251 -0.001556 0.094397 0.043376
18.584731 1.176969 22.275244 1.858864
0.480109 0.099519 -0.020192 -0.001882
0.099519 0.044097 -0.002041 -0.001223
-0.020192 -0.002041 0.447649 0.093890
-0.001882 -0.001223 0.093890 0.043464
20.031280 1.355436 23.218610 1.865090
0.473225 0.098356 -0.011031 -0.000526
0.098356 0.044018 -0.000639 -0.000890
-0.011031 -0.000639 0.453424 0.095887
-0.000526 -0.000890 0.095887 0.044032
21.008177 1.418079 24.239681 1.884699
0.461365 0.096220 -0.018060 -0.002616
0.096220 0.043716 -0.002659 -0.001292
-0.018060 -0.002659 0.449134 0.095415
-0.002616 -0.001292 0.095415 0.043982
21.643839 1.403250 25.467203 1.945427
0.469710 0.098520 -0.016285 -0.002465
0.098520 0.044351 -0.002494 -0.001164
-0.016285 -0.002494 0.464256 0.099087
-0.002465 -0.001164 0.099087 0.044805
21.682236 1.264123 26.696367 1.999019
0.464674 0.097776 0.005172 0.001924
0.097776 0.044274 0.001850 -0.000155
0.005172 0.001850 0.468950 0.100145
0.001924 -0.000155 0.100145 0.044989
21.977243 1.192991 27.737365 2.007664
0.479705 0.101268 0.001331 0.000575
0.101268 0.045074 0.000525 -0.000433
0.001331 0.000525 0.488830 0.104276
0.000575 -0.000433 0.104276 0.045805
22.800667 1.240847 29.000242 2.062649
0.476117 0.100464 -0.002153 -0.000471
0.100464 0.044885 -0.000508 -0.000605
-0.002153 -0.000508 0.498928 0.105917
-0.000471 -0.000605 0.105917 0.046026
23.570422 1.272190 30.523280 2.166387
0.453908 0.095806 0.000680 0.000002
0.095806 0.043901 -0.000036 -0.000433
0.000680 -0.000036 0.501632 0.105877
0.000002 -0.000433 0.105877 0.045896
23.970407 1.222080 31.661039 2.177985
0.452904 0.096061 -0.004990 -0.001316
0.096061 0.044035 -0.001364 -0.000653
-0.004990 -0.001364 0.511899 0.107503
-0.001316 -0.000653 0.107503 0.046157
24.636559 1.233688 33.008838 2.231996
0.446785 0.095139 -0.008882 -0.002083
0.095139 0.043884 -0.002147 -0.000736
-0.008882 -0.002147 0.523813 0.109377
-0.002083 -0.000736 0.109377 0.046468
25.046814 1.189413 34.619833 2.334737
0.428828 0.091711 -0.015006 -0.003215
0.091711 0.043191 -0.003312 -0.000895
-0.015006 -0.003312 0.538070 0.111632
-0.003215 -0.000895 0.111632 0.046857
26.213293 1.312198 34.609611 2.092351
0.407133 0.087712 -0.005946 -0.001112
0.087712 0.042409 -0.001110 -0.000357
-0.005946 -0.001110 0.506485 0.104317
-0.001112 -0.000357 0.104317 0.045268
27.292759 1.404541 35.980662 2.159407
0.388343 0.084568 -0.017607 -0.003487
0.084568 0.041833 -0.003611 -0.000844
-0.017607 -0.003611 0.517206 0.106506
-0.003487 -0.000844 0.106506 0.045799
27.790250 1.359121 36.844847 2.114890
0.385393 0.085019 -0.024112 -0.004572
0.085019 0.042040 -0.004761 -0.001016
-0.024112 -0.004761 0.521911 0.107283
-0.004572 -0.001016 0.107283 0.045993
28.971508 1.470935 37.864989 2.108150
0.392800 0.087545 -0.028719 -0.005177
0.087545 0.042637 -0.005405 -0.001079
-0.028719 -0.005405 0.531738 0.109082
-0.005177 -0.001079 0.109082 0.046386
29.251998 1.368310 38.696858 2.061468
0.412246 0.092362 -0.032527 -0.005567
0.092362 0.043656 -0.005860 -0.001109
-0.032527 -0.005860 0.537140 0.109851
-0.005567 -0.001109 0.109851 0.046541
30.477420 1.488304 39.355753 1.987406
0.416796 0.093263 -0.029450 -0.004605
0.093263 0.043694 -0.004802 -0.000855
-0.029450 -0.004802 0.534523 0.108989
-0.004605 -0.000855 0.108989 0.046366
30.945388 1.427373 40.556209 2.028485
0.414881 0.092570 -0.032133 -0.004980
0.092570 0.043379 -0.005131 -0.000925
-0.032133 -0.005131 0.548244 0.111575
-0.004980 -0.000925 0.111575 0.046915
31.476387 1.387722 41.835398 2.081522
0.437846 0.097481 -0.036755 -0.005643
0.097481 0.044358 -0.005911 -0.001064
-0.036755 -0.005911 0.558137 0.113173
-0.005643 -0.001064 0.113173 0.047222
32.706936 1.506420 42.841257 2.076897
0.443592 0.098129 -0.024267 -0.002896
0.098129 0.044328 -0.002937 -0.000458
-0.024267 -0.002937 0.548896 0.110891
-0.002896 -0.000458 0.110891 0.046748
33.270487 1.465951 44.173031 2.135292
0.465799 0.102305 -0.030418 -0.004132
0.102305 0.045093 -0.004373 -0.000785
-0.030418 -0.004373 0.548561 0.110605
-0.004132 -0.000785 0.110605 0.046715
34.028464 1.469882 44.881343 2.062939
0.463060 0.100769 -0.014482 -0.000918
0.100769 0.044593 -0.001004 -0.000136
-0.014482 -0.001004 0.510454 0.102873
-0.000918 -0.000136 0.102873 0.045209
34.160188 1.338793 45.719644 2.021499
0.446429 0.096477 -0.005270 0.000602
0.096477 0.043581 0.000599 0.000099
-0.005270 0.000599 0.477872 0.096913
0.000602 0.000099 0.096913 0.044167
34.663819 1.302714 46.613991 1.997141
0.462010 0.099624 -0.006974 -0.000094
0.099624 0.044288 -0.000212 -0.000135
-0.006974 -0.000212 0.458880 0.094113
-0.000094 -0.000135 0.094113 0.043804
35.379021 1.316550 47.670865 2.009405
0.492759 0.105749 -0.014991 -0.001975
0.105749 0.045577 -0.002218 -0.000578
-0.014991 -0.002218 0.449146 0.093304
-0.001975 -0.000578 0.093304 0.043821
36.499863 1.413361 47.918749 1.851231
0.510760 0.108648 0.001000 0.001350
0.108648 0.046088 0.001027 0.000118
0.001000 0.001027 0.389090 0.081852
0.001350 0.000118 0.081852 0.041548
37.187816 1.408549 48.168220 1.705416
0.533438 0.112313 -0.007781 -0.000892
0.112313 0.046741 -0.001173 -0.000399
-0.007781 -0.001173 0.362390 0.078126
-0.000892 -0.000399 0.078126 0.040992
