1.501246 1.562606 0.654635 -0.630188
1.758799 0.703535 0.090177 0.036072
0.703535 80.285487 0.036072 0.014429
0.090177 0.036072 3.806694 1.522711
0.036072 0.014429 1.522711 80.613164
4.176491 4.981030 2.302807 2.578313
2.909558 5.284138 -1.308608 -2.170065
5.284138 15.841634 -2.388246 -3.708925
-1.308608 -2.388246 2.133027 3.511312
-2.170065 -3.708925 3.511312 17.732339
6.059171 4.423960 5.127486 4.476440
3.036128 3.312241 -0.957910 -0.785172
3.312241 5.072353 -0.874475 -0.830695
-0.957910 -0.874475 2.463368 3.047663
-0.785172 -0.830695 3.047663 6.134573
7.461380 3.643839 3.324344 0.820539
1.563648 1.165804 -1.352093 -1.084780
1.165804 1.446737 -0.962401 -0.892677
-1.352093 -0.962401 2.396986 2.030178
-1.084780 -0.892677 2.030178 2.513743
8.749709 3.210858 2.484921 -0.098795
1.220916 0.772817 -0.608527 -0.313474
0.772817 0.779854 -0.286039 -0.211485
-0.608527 -0.286039 1.881329 1.256054
-0.313474 -0.211485 1.256054 1.212707
8.567564 2.354592 5.605050 1.570233
0.605466 0.337933 0.138982 0.109273
0.337933 0.351468 0.118882 0.029029
0.138982 0.118882 1.077442 0.606766
0.109273 0.029029 0.606766 0.546327
7.665665 1.317201 6.039352 1.404911
0.351451 0.174964 -0.137207 -0.067195
0.174964 0.186571 -0.066435 -0.066980
-0.137207 -0.066435 1.000038 0.484472
-0.067195 -0.066980 0.484472 0.359675
8.373534 1.342742 7.653514 1.787805
0.472389 0.222007 -0.177250 -0.081001
0.222007 0.169254 -0.080854 -0.058310
-0.177250 -0.080854 1.020517 0.431755
-0.081001 -0.058310 0.431755 0.266043
8.945171 1.301278 8.654091 1.828550
0.581832 0.243026 -0.213500 -0.086285
0.243026 0.147162 -0.086681 -0.048866
-0.213500 -0.086681 0.982293 0.366445
-0.086285 -0.048866 0.366445 0.196831
9.796917 1.380741 11.203032 2.368673
0.648501 0.239175 -0.214603 -0.076576
0.239175 0.123170 -0.076670 -0.036789
-0.214603 -0.076670 0.867696 0.289401
-0.076576 -0.036789 0.289401 0.142973
11.746700 1.792375 11.291371 2.031625
0.648146 0.213030 -0.210891 -0.066682
0.213030 0.098921 -0.066859 -0.027860
-0.210891 -0.066859 0.800293 0.242921
-0.066682 -0.027860 0.242921 0.111800
12.648697 1.794091 12.301956 2.030156
0.654871 0.194910 -0.199697 -0.056595
0.194910 0.083448 -0.056662 -0.021034
-0.199697 -0.056662 0.756834 0.211932
-0.056595 -0.021034 0.211932 0.092119
12.234829 1.432701 12.985048 1.941265
0.644629 0.175875 -0.230305 -0.059275
0.175875 0.071460 -0.060008 -0.019253
-0.230305 -0.060008 0.688787 0.179889
-0.059275 -0.019253 0.179889 0.076365
12.414773 1.296010 14.057685 1.963819
0.656094 0.166519 -0.226833 -0.052968
0.166519 0.064699 -0.053739 -0.015543
-0.226833 -0.053739 0.660446 0.163045
-0.052968 -0.015543 0.163045 0.067455
13.069407 1.301397 15.492242 2.071753
0.644197 0.153872 -0.187507 -0.039343
0.153872 0.058720 -0.039992 -0.010798
-0.187507 -0.039992 0.627744 0.148053
-0.039343 -0.010798 0.148053 0.060723
14.342688 1.438414 15.897843 1.933049
0.611248 0.138738 -0.165877 -0.032042
0.138738 0.053342 -0.032481 -0.008286
-0.165877 -0.032481 0.600439 0.136399
-0.032042 -0.008286 0.136399 0.055902
14.726597 1.362516 16.682130 1.888582
0.603693 0.131834 -0.148452 -0.026412
0.131834 0.050749 -0.026892 -0.006502
-0.148452 -0.026892 0.583193 0.128636
-0.026412 -0.006502 0.128636 0.052753
15.759880 1.434523 17.307633 1.823182
0.563507 0.119540 -0.107948 -0.016853
0.119540 0.047550 -0.017284 -0.004158
-0.107948 -0.017284 0.549159 0.118600
-0.016853 -0.004158 0.118600 0.049683
16.191558 1.371871 17.955928 1.763292
0.559097 0.116286 -0.096737 -0.014230
0.116286 0.046666 -0.014652 -0.003477
-0.096737 -0.014652 0.542292 0.115332
-0.014230 -0.003477 0.115332 0.048433
16.253361 1.247329 19.271699 1.848257
0.551934 0.113387 -0.061179 -0.006720
0.113387 0.046081 -0.007384 -0.001879
-0.061179 -0.007384 0.521285 0.109816
-0.006720 -0.001879 0.109816 0.046970
16.712475 1.219579 20.855383 1.985274
0.529304 0.107891 -0.020944 0.000899
0.107891 0.045073 0.000082 -0.000410
-0.020944 0.000082 0.491399 0.103102
0.000899 -0.000410 0.103102 0.045444
17.482845 1.256490 22.489854 2.121207
0.510024 0.103512 -0.014352 0.000924
0.103512 0.044354 0.000260 -0.000547
-0.014352 0.000260 0.475103 0.099594
0.000924 -0.000547 0.099594 0.044678
17.543970 1.134614 22.165131 1.826710
0.492313 0.099916 -0.024858 -0.002413
0.099916 0.043849 -0.002903 -0.001309
-0.024858 -0.002903 0.448244 0.094098
-0.002413 -0.001309 0.094098 0.043546
18.264348 1.164821 22.808877 1.770329
0.489176 0.099767 -0.019607 -0.001859
0.099767 0.044094 -0.002265 -0.001145
-0.019607 -0.002265 0.452321 0.095701
-0.001859 -0.001145 0.095701 0.044015
19.213061 1.239207 23.446314 1.718983
0.486319 0.099660 -0.025791 -0.003673
0.099660 0.044291 -0.003924 -0.001463
-0.025791 -0.003924 0.458893 0.097549
-0.003673 -0.001463 0.097549 0.044455
19.950155 1.262254 23.869189 1.626260
0.490195 0.100981 -0.017128 -0.002026
0.100981 0.044748 -0.002279 -0.001030
-0.017128 -0.002279 0.467755 0.099697
-0.002026 -0.001030 0.099697 0.044914
20.560956 1.259529 25.369612 1.772728
0.491516 0.101599 -0.018668 -0.002655
0.101599 0.044990 -0.002827 -0.001099
-0.018668 -0.002827 0.480477 0.102382
-0.002655 -0.001099 0.102382 0.045432
20.887794 1.197304 26.563128 1.837314
0.483204 0.100169 -0.005815 -0.000114
0.100169 0.044777 -0.000297 -0.000503
-0.005815 -0.000297 0.482707 0.102593
-0.000114 -0.000503 0.102593 0.045390
21.611969 1.223914 27.881430 1.922216
0.479513 0.099777 -0.007027 -0.000734
0.099777 0.044776 -0.000858 -0.000606
-0.007027 -0.000858 0.493333 0.104551
-0.000734 -0.000606 0.104551 0.045729
21.957312 1.168315 28.950090 1.944622
0.482412 0.100755 -0.007169 -0.000985
0.100755 0.045043 -0.001080 -0.000614
-0.007169 -0.001080 0.505189 0.106604
-0.000985 -0.000614 0.106604 0.046074
22.783507 1.218875 29.730631 1.904564
0.481236 0.100742 -0.009203 -0.001559
0.100742 0.045063 -0.001631 -0.000683
-0.009203 -0.001631 0.509297 0.106875
-0.001559 -0.000683 0.106875 0.046033
23.591139 1.260678 31.120562 1.996077
0.465536 0.097643 -0.020687 -0.004014
0.097643 0.044424 -0.004069 -0.001139
-0.020687 -0.004069 0.517340 0.108009
-0.004014 -0.001139 0.108009 0.046202
24.541057 1.328171 32.254867 2.024724
0.469097 0.098842 -0.029063 -0.005537
0.098842 0.044730 -0.005598 -0.001362
-0.029063 -0.005598 0.530660 0.110200
-0.005537 -0.001362 0.110200 0.046598
25.547680 1.401171 33.610611 2.096215
0.428873 0.090590 -0.044700 -0.008487
0.090590 0.042990 -0.008547 -0.001885
-0.044700 -0.008547 0.528852 0.109115
-0.008487 -0.001885 0.109115 0.046301
26.817526 1.523785 34.936250 2.155025
0.413842 0.088344 -0.056960 -0.010458
0.088344 0.042641 -0.010532 -0.002176
-0.056960 -0.010532 0.538619 0.110606
-0.010458 -0.002176 0.110606 0.046586
27.842059 1.581455 36.172910 2.188846
0.404353 0.087346 -0.060716 -0.010560
0.087346 0.042538 -0.010578 -0.002072
-0.060716 -0.010578 0.547299 0.111832
-0.010560 -0.002072 0.111832 0.046814
27.987406 1.439188 37.159531 2.162939
0.397098 0.086795 -0.053756 -0.008555
0.086795 0.042496 -0.008418 -0.001560
-0.053756 -0.008418 0.547427 0.111340
-0.008555 -0.001560 0.111340 0.046703
28.452123 1.381569 38.082048 2.128878
0.392707 0.086694 -0.053341 -0.008148
0.086694 0.042494 -0.007980 -0.001467
-0.053341 -0.007980 0.550412 0.111521
-0.008148 -0.001467 0.111521 0.046747
28.788041 1.300542 38.924093 2.081175
0.384938 0.085680 -0.051321 -0.007546
0.085680 0.042248 -0.007307 -0.001357
-0.051321 -0.007307 0.551064 0.111300
-0.007546 -0.001357 0.111300 0.046721
29.556383 1.327004 39.946561 2.078424
0.418381 0.093872 -0.051214 -0.007121
0.093872 0.044059 -0.007138 -0.001295
-0.051214 -0.007138 0.557197 0.112262
-0.007121 -0.001295 0.112262 0.046949
30.053244 1.285046 40.412809 1.961599
0.423622 0.094738 -0.051060 -0.007011
0.094738 0.044030 -0.007133 -0.001337
-0.051060 -0.007133 0.548132 0.110130
-0.007011 -0.001337 0.110130 0.046539
31.925667 1.556523 40.943910 1.880490
0.324328 0.072395 -0.016150 -0.000742
0.072395 0.038898 0.000642 0.000011
-0.016150 0.000642 0.540759 0.108866
-0.000742 0.000011 0.108866 0.046396
32.510930 1.514858 42.270550 1.957204
0.342891 0.078429 -0.017841 -0.001466
0.078429 0.040532 -0.000442 -0.000300
-0.017841 -0.000442 0.553325 0.111463
-0.001466 -0.000300 0.111463 0.046985
32.871821 1.423237 43.292917 1.964011
0.358180 0.082875 -0.018639 -0.001942
0.082875 0.041573 -0.001256 -0.000520
-0.018639 -0.001256 0.548343 0.110312
-0.001942 -0.000520 0.110312 0.046770
33.312878 1.359150 44.022330 1.912024
0.389593 0.090415 -0.025588 -0.003514
0.090415 0.043196 -0.003385 -0.000957
-0.025588 -0.003385 0.534099 0.107413
-0.003514 -0.000957 0.107413 0.046222
33.679218 1.285013 44.565009 1.827382
0.403917 0.093146 -0.021093 -0.002681
0.093146 0.043557 -0.002623 -0.000785
-0.021093 -0.002623 0.506990 0.102240
-0.002681 -0.000785 0.102240 0.045266
33.810838 1.168472 45.555396 1.841169
0.433580 0.099029 -0.033985 -0.005379
0.099029 0.044625 -0.005768 -0.001405
-0.033985 -0.005768 0.506001 0.102722
-0.005379 -0.001405 0.102722 0.045502
34.368068 1.160115 45.920856 1.727561
0.450675 0.101557 -0.025666 -0.003526
0.101557 0.044891 -0.003864 -0.000952
-0.025666 -0.003864 0.472001 0.096411
-0.003526 -0.000952 0.096411 0.044314
34.988536 1.168908 46.735299 1.717509
0.475450 0.105619 -0.022934 -0.002956
0.105619 0.045530 -0.003338 -0.000819
-0.022934 -0.003338 0.455747 0.094166
-0.002956 -0.000819 0.094166 0.044013
36.245796 1.315334 47.371801 1.673405
0.503544 0.110157 -0.007320 0.000283
0.110157 0.046281 -0.000100 -0.000125
-0.007320 -0.000100 0.420497 0.088006
0.000283 -0.000125 0.088006 0.042868
