1.355067 1.504133 1.238086 -0.396802
0.888554 0.355429 0.940480 0.376200
0.355429 80.146242 0.376200 0.150483
0.940480 0.376200 2.833232 1.133317
0.376200 0.150483 1.133317 80.457403
5.351560 7.714757 0.716521 -1.240342
2.979738 5.809085 -1.485998 -2.823259
5.809085 14.497090 -3.093878 -2.895852
-1.485998 -3.093878 2.967925 5.243994
-2.823259 -2.895852 5.243994 18.532070
8.141005 6.879669 3.984710 3.227640
1.218913 1.381929 0.682476 0.997554
1.381929 2.259623 0.816353 1.712865
0.682476 0.816353 0.890896 1.164349
0.997554 1.712865 1.164349 3.443750
8.220854 4.239264 4.061074 1.891685
0.236065 0.181125 0.007868 -0.010905
0.181125 0.407923 0.052130 0.206537
0.007868 0.052130 1.053432 1.101347
-0.010905 0.206537 1.101347 1.731470
8.656008 2.915558 2.832933 0.139978
0.235414 0.173645 -0.001213 0.013390
0.173645 0.252365 0.057767 0.119539
-0.001213 0.057767 1.576717 1.196120
0.013390 0.119539 1.196120 1.145822
9.739616 2.731487 5.015497 1.330305
0.344579 0.220382 0.080594 0.072815
0.220382 0.205366 0.083203 0.093567
0.080594 0.083203 1.279730 0.744526
0.072815 0.093567 0.744526 0.558962
10.578855 2.433335 4.215134 0.613719
0.467722 0.244497 0.047842 0.048406
0.244497 0.167423 0.046776 0.050108
0.047842 0.046776 1.345126 0.633547
0.048406 0.050108 0.633547 0.376289
10.066590 1.674116 3.919694 0.305258
0.456029 0.198924 0.047985 0.037583
0.198924 0.115218 0.035996 0.030625
0.047985 0.035996 1.260686 0.499707
0.037583 0.030625 0.499707 0.252203
11.842458 2.049117 6.537332 1.178043
0.504219 0.189446 0.009497 0.018920
0.189446 0.094203 0.012787 0.015318
0.009497 0.012787 1.013236 0.347058
0.018920 0.015318 0.347058 0.160322
13.000717 2.100486 8.049477 1.463223
0.560623 0.185465 -0.016871 0.008651
0.185465 0.081733 0.001571 0.008266
-0.016871 0.001571 0.929394 0.283388
0.008651 0.008266 0.283388 0.120578
13.707861 2.001033 9.127064 1.552335
0.532768 0.157597 -0.078731 -0.011104
0.157597 0.065800 -0.017489 0.000416
-0.078731 -0.017489 0.851969 0.234898
-0.011104 0.000416 0.234898 0.094554
14.050600 1.827148 10.608115 1.721201
0.533566 0.144391 -0.107744 -0.017881
0.144391 0.057869 -0.023698 -0.002098
-0.107744 -0.023698 0.779803 0.198169
-0.017881 -0.002098 0.198169 0.077545
14.006531 1.584883 11.525973 1.718175
0.526404 0.132537 -0.110779 -0.017449
0.132537 0.052233 -0.022376 -0.002265
-0.110779 -0.022376 0.714420 0.170225
-0.017449 -0.002265 0.170225 0.066191
14.377430 1.488261 12.879225 1.824305
0.533769 0.127062 -0.089433 -0.011364
0.127062 0.049437 -0.015592 -0.001012
-0.089433 -0.015592 0.662745 0.150495
-0.011364 -0.001012 0.150495 0.058910
14.739309 1.403428 14.072137 1.880096
0.531958 0.120936 -0.072057 -0.007296
0.120936 0.047148 -0.010892 -0.000383
-0.072057 -0.010892 0.617579 0.135167
-0.007296 -0.000383 0.135167 0.053822
15.048192 1.313400 14.617062 1.789411
0.539328 0.118165 -0.069448 -0.006837
0.118165 0.046081 -0.009915 -0.000545
-0.069448 -0.009915 0.605635 0.128952
-0.006837 -0.000545 0.128952 0.051454
15.775563 1.330214 15.708338 1.831657
0.530640 0.112964 -0.056794 -0.004585
0.112964 0.044802 -0.007140 -0.000313
-0.056794 -0.007140 0.577324 0.120418
-0.004585 -0.000313 0.120418 0.049034
16.390811 1.318316 16.445999 1.794170
0.518974 0.108221 -0.048050 -0.003416
0.108221 0.043874 -0.005505 -0.000299
-0.048050 -0.005505 0.554281 0.114067
-0.003416 -0.000299 0.114067 0.047406
16.636245 1.237653 17.962682 1.916590
0.511708 0.105364 -0.033774 -0.001142
0.105364 0.043518 -0.002992 -0.000047
-0.033774 -0.002992 0.520911 0.106472
-0.001142 -0.000047 0.106472 0.045757
17.038063 1.188681 18.247613 1.776512
0.491386 0.100344 -0.034484 -0.002232
0.100344 0.042777 -0.003714 -0.000466
-0.034484 -0.003714 0.494522 0.100968
-0.002232 -0.000466 0.100968 0.044676
17.655768 1.195076 19.399192 1.830885
0.493885 0.100779 -0.026877 -0.001216
0.100779 0.043248 -0.002471 -0.000356
-0.026877 -0.002471 0.491608 0.100896
-0.001216 -0.000356 0.100896 0.044819
18.182401 1.183057 20.775422 1.925520
0.496882 0.101401 -0.024582 -0.001341
0.101401 0.043702 -0.002404 -0.000473
-0.024582 -0.002404 0.488688 0.100745
-0.001341 -0.000473 0.100745 0.044902
18.620764 1.152286 21.854609 1.948670
0.501793 0.102487 -0.020315 -0.000976
0.102487 0.044205 -0.001872 -0.000456
-0.020315 -0.001872 0.491031 0.101672
-0.000976 -0.000456 0.101672 0.045184
19.419426 1.197233 22.685976 1.920160
0.490886 0.100305 -0.021554 -0.001818
0.100305 0.043982 -0.002519 -0.000681
-0.021554 -0.002519 0.482045 0.100080
-0.001818 -0.000681 0.100080 0.044894
19.740907 1.142867 24.370060 2.069923
0.483688 0.099208 -0.006982 0.000812
0.099208 0.043999 0.000208 -0.000155
-0.006982 0.000208 0.476946 0.099482
0.000812 -0.000155 0.099482 0.044839
19.814052 1.039905 25.294567 2.045029
0.477368 0.098375 0.000397 0.001768
0.098375 0.044039 0.001259 -0.000004
0.000397 0.001259 0.470359 0.098523
0.001768 -0.000004 0.098523 0.044684
20.280468 1.028629 26.192359 2.018667
0.478227 0.099066 -0.004495 0.000166
0.099066 0.044359 -0.000227 -0.000369
-0.004495 -0.000227 0.474506 0.099809
0.000166 -0.000369 0.099809 0.044988
20.826835 1.035268 27.170379 2.012116
0.480905 0.100040 -0.013204 -0.002004
0.100040 0.044686 -0.002294 -0.000802
-0.013204 -0.002294 0.483147 0.101856
-0.002004 -0.000802 0.101856 0.045410
21.505154 1.069395 28.822691 2.148621
0.455337 0.095001 -0.018204 -0.003166
0.095001 0.043710 -0.003354 -0.000983
-0.018204 -0.003354 0.481364 0.101472
-0.003166 -0.000983 0.101472 0.045276
22.454234 1.157632 30.792690 2.338202
0.402616 0.084665 -0.010803 -0.001619
0.084665 0.041679 -0.001705 -0.000587
-0.010803 -0.001705 0.468217 0.098730
-0.001619 -0.000587 0.098730 0.044663
23.073080 1.165350 31.253636 2.188522
0.414899 0.088912 -0.016436 -0.002847
0.088912 0.042854 -0.002949 -0.000815
-0.016436 -0.002949 0.471084 0.099586
-0.002847 -0.000815 0.099586 0.044857
23.494584 1.129460 31.714970 2.054228
0.435164 0.094294 -0.021019 -0.003705
0.094294 0.044104 -0.003832 -0.000945
-0.021019 -0.003832 0.480209 0.101645
-0.003705 -0.000945 0.101645 0.045278
23.898887 1.093920 32.404563 1.982488
0.450909 0.098021 -0.026321 -0.004637
0.098021 0.044846 -0.004778 -0.001086
-0.026321 -0.004778 0.493722 0.104402
-0.004637 -0.001086 0.104402 0.045806
24.419558 1.088192 33.388870 1.980958
0.457104 0.099237 -0.024694 -0.004049
0.099237 0.044970 -0.004129 -0.000891
-0.024694 -0.004129 0.509541 0.107389
-0.004049 -0.000891 0.107389 0.046346
24.638048 1.017849 34.451366 1.995150
0.424014 0.091813 -0.016659 -0.002308
0.091813 0.043226 -0.002217 -0.000484
-0.016659 -0.002217 0.512290 0.107385
-0.002308 -0.000484 0.107385 0.046229
24.979247 0.980706 35.211592 1.945172
0.426475 0.092791 -0.016165 -0.002221
0.092791 0.043463 -0.002132 -0.000475
-0.016165 -0.002132 0.519393 0.108334
-0.002221 -0.000475 0.108334 0.046344
25.769751 1.045363 35.850472 1.876674
0.434556 0.094820 -0.017319 -0.002470
0.094820 0.043889 -0.002420 -0.000540
-0.017319 -0.002420 0.524163 0.108768
-0.002470 -0.000540 0.108768 0.046364
26.529072 1.097578 37.002646 1.921454
0.431112 0.094069 -0.021679 -0.003386
0.094069 0.043660 -0.003347 -0.000736
-0.021679 -0.003347 0.540219 0.111560
-0.003386 -0.000736 0.111560 0.046892
27.744018 1.242254 37.643447 1.857535
0.387136 0.084528 -0.019658 -0.003007
0.084528 0.041535 -0.002851 -0.000645
-0.019658 -0.002851 0.533626 0.109517
-0.003007 -0.000645 0.109517 0.046403
28.948085 1.371526 38.734907 1.892418
0.377471 0.083336 -0.026032 -0.004290
0.083336 0.041403 -0.004206 -0.000920
-0.026032 -0.004206 0.546669 0.111765
-0.004290 -0.000920 0.111765 0.046858
29.930792 1.437984 39.711610 1.899548
0.358559 0.080035 -0.029576 -0.004910
0.080035 0.040759 -0.004825 -0.001031
-0.029576 -0.004825 0.555938 0.113107
-0.004910 -0.001031 0.113107 0.047106
30.576345 1.423590 41.268236 2.022247
0.363914 0.082350 -0.031402 -0.005062
0.082350 0.041384 -0.004980 -0.001027
-0.031402 -0.004980 0.576856 0.116772
-0.005062 -0.001027 0.116772 0.047824
31.572015 1.488962 42.401503 2.047950
0.361128 0.082442 -0.020728 -0.002744
0.082442 0.041403 -0.002389 -0.000489
-0.020728 -0.002389 0.573681 0.115368
-0.002744 -0.000489 0.115368 0.047489
31.991758 1.412619 43.001794 1.961887
0.378645 0.086992 -0.021887 -0.002966
0.086992 0.042401 -0.002869 -0.000601
-0.021887 -0.002869 0.551621 0.110386
-0.002966 -0.000601 0.110386 0.046486
32.842649 1.445839 43.981244 1.962113
0.408420 0.093778 -0.020795 -0.002681
0.093778 0.043802 -0.002724 -0.000569
-0.020795 -0.002724 0.539984 0.108050
-0.002681 -0.000569 0.108050 0.046116
33.599791 1.452649 44.688440 1.907275
0.413893 0.094281 -0.006471 0.000135
0.094281 0.043654 0.000359 0.000029
-0.006471 0.000359 0.508773 0.102074
0.000135 0.000029 0.102074 0.045050
34.287188 1.441963 44.979915 1.773290
0.432748 0.097765 -0.003368 0.000490
0.097765 0.044228 0.000596 0.000021
-0.003368 0.000596 0.475067 0.096043
0.000490 0.000021 0.096043 0.044024
35.093637 1.461508 46.075266 1.816206
0.475278 0.106188 -0.017505 -0.002640
0.106188 0.045881 -0.002895 -0.000726
-0.017505 -0.002895 0.479308 0.098134
-0.002640 -0.000726 0.098134 0.044682
35.641485 1.422258 47.437207 1.909648
0.499154 0.109664 -0.024924 -0.004121
0.109664 0.046326 -0.004485 -0.001023
-0.024924 -0.004485 0.472601 0.097647
-0.004121 -0.001023 0.097647 0.044702
36.693820 1.494702 47.848216 1.797089
0.512816 0.110798 -0.004885 0.000233
0.110798 0.046307 -0.000106 -0.000060
-0.004885 -0.000106 0.402267 0.083865
0.000233 -0.000060 0.083865 0.041919
