2.438820 1.937644 3.902435 0.668961
2.299814 0.919945 -0.578016 -0.231211
0.919945 80.372053 -0.231211 -0.092487
-0.578016 -0.231211 3.993222 1.597323
-0.231211 -0.092487 1.597323 80.643010
5.945311 6.329781 2.364812 -2.263932
2.215129 3.857866 -1.116089 -1.716003
3.857866 14.564122 -1.813642 -4.319057
-1.116089 -1.813642 3.374785 5.447067
-1.716003 -4.319057 5.447067 21.154094
7.841150 4.848897 1.191510 -2.403550
1.563993 1.836249 0.296606 0.456052
1.836249 3.925122 0.424681 0.091481
0.296606 0.424681 1.734448 2.026473
0.456052 0.091481 2.026473 5.289927
6.621256 1.611982 1.367437 -0.959921
1.395168 1.197966 0.555477 0.450118
1.197966 1.657587 0.438834 0.182083
0.555477 0.438834 1.222739 1.106687
0.450118 0.182083 1.106687 1.995144
7.752419 1.722825 2.527444 0.286205
1.433230 0.988930 0.179484 0.010002
0.988930 0.970537 0.048763 -0.098159
0.179484 0.048763 1.080142 0.823881
0.010002 -0.098159 0.823881 1.051351
9.260256 2.096873 2.374460 0.062636
1.385679 0.774342 -0.056502 -0.116017
0.774342 0.589440 -0.091584 -0.114754
-0.056502 -0.091584 1.265434 0.798249
-0.116017 -0.114754 0.798249 0.713697
8.013822 0.989482 4.158343 1.037485
0.446562 0.197037 0.329223 0.154046
0.197037 0.183872 0.124508 0.054432
0.329223 0.124508 0.996610 0.500205
0.154046 0.054432 0.500205 0.371343
8.331127 0.877561 5.468252 1.400154
0.438748 0.189082 0.195258 0.065482
0.189082 0.147637 0.048975 0.013515
0.195258 0.048975 0.950163 0.415222
0.065482 0.013515 0.415222 0.260502
9.029499 0.942000 7.390802 1.865542
0.510735 0.206530 0.088898 0.013577
0.206530 0.130722 0.005464 -0.003688
0.088898 0.005464 0.900871 0.347176
0.013577 -0.003688 0.347176 0.190207
9.888995 1.074648 8.727152 1.993231
0.579129 0.212634 0.001787 -0.016245
0.212634 0.114122 -0.021370 -0.010533
0.001787 -0.021370 0.886966 0.305433
-0.016245 -0.010533 0.305433 0.148459
10.150653 0.982977 9.770877 2.012990
0.593164 0.197152 -0.095237 -0.040619
0.197152 0.095080 -0.044357 -0.014629
-0.095237 -0.044357 0.790400 0.246342
-0.040619 -0.014629 0.246342 0.112182
11.186137 1.146473 10.771629 2.006146
0.632395 0.191012 -0.116461 -0.039115
0.191012 0.083491 -0.041864 -0.011319
-0.116461 -0.041864 0.796430 0.227160
-0.039115 -0.011319 0.227160 0.095379
12.227464 1.274576 12.177286 2.110498
0.626105 0.173533 -0.144223 -0.039970
0.173533 0.071757 -0.042217 -0.009726
-0.144223 -0.042217 0.733643 0.193414
-0.039970 -0.009726 0.193414 0.078617
12.673917 1.225110 13.049298 2.064782
0.633078 0.163028 -0.153906 -0.036826
0.163028 0.064486 -0.038698 -0.007747
-0.153906 -0.038698 0.701667 0.173306
-0.036826 -0.007747 0.173306 0.068622
12.526255 1.045376 15.081541 2.295512
0.658829 0.159427 -0.136311 -0.028137
0.159427 0.060536 -0.029801 -0.004963
-0.136311 -0.029801 0.662726 0.155131
-0.028137 -0.004963 0.155131 0.061053
13.468336 1.139528 15.886858 2.221673
0.607238 0.139083 -0.118171 -0.021598
0.139083 0.053652 -0.022939 -0.003288
-0.118171 -0.022939 0.587497 0.131730
-0.021598 -0.003288 0.131730 0.053664
14.402997 1.223601 17.347715 2.302436
0.601034 0.132191 -0.109280 -0.017846
0.132191 0.050954 -0.018927 -0.002404
-0.109280 -0.018927 0.576946 0.125798
-0.017846 -0.002404 0.125798 0.051236
15.902462 1.411157 18.206879 2.249748
0.557452 0.118814 -0.084010 -0.011689
0.118814 0.047424 -0.012415 -0.001203
-0.084010 -0.012415 0.543194 0.115978
-0.011689 -0.001203 0.115978 0.048422
15.995740 1.284193 19.500107 2.278224
0.540477 0.113105 -0.052845 -0.004808
0.113105 0.046053 -0.005620 0.000003
-0.052845 -0.005620 0.508986 0.107417
-0.004808 0.000003 0.107417 0.046289
17.522837 1.458386 19.730076 2.096467
0.512903 0.105930 -0.039712 -0.002644
0.105930 0.044558 -0.003136 0.000175
-0.039712 -0.003136 0.499015 0.104745
-0.002644 0.000175 0.104745 0.045608
17.788480 1.363743 20.869141 2.110845
0.505539 0.103808 -0.035329 -0.002302
0.103808 0.044277 -0.002772 -0.000027
-0.035329 -0.002772 0.485031 0.101466
-0.002302 -0.000027 0.101466 0.044872
18.585376 1.386785 21.854739 2.097238
0.501442 0.103001 0.001266 0.004814
0.103001 0.044366 0.004297 0.001240
0.001266 0.004297 0.483613 0.101479
0.004814 0.001240 0.101479 0.044970
18.635605 1.250594 22.216763 1.948889
0.501227 0.102806 -0.007973 0.001703
0.102806 0.044496 0.001308 0.000324
-0.007973 0.001308 0.480239 0.100680
0.001703 0.000324 0.100680 0.044799
19.119579 1.220850 23.033485 1.915050
0.511257 0.104949 0.005120 0.003737
0.104949 0.045122 0.003365 0.000610
0.005120 0.003365 0.492953 0.103489
0.003737 0.000610 0.103489 0.045435
19.376034 1.148166 23.953895 1.906037
0.500812 0.102676 -0.000193 0.001709
0.102676 0.044767 0.001442 0.000053
-0.000193 0.001442 0.484411 0.101486
0.001709 0.000053 0.101486 0.044986
20.034548 1.165210 24.758784 1.875193
0.496245 0.101882 -0.009921 -0.000915
0.101882 0.044746 -0.001078 -0.000538
-0.009921 -0.001078 0.484657 0.101542
-0.000915 -0.000538 0.101542 0.045015
21.579015 1.361973 24.889851 1.707921
0.468912 0.096562 0.018970 0.004847
0.096562 0.043797 0.004627 0.000660
0.018970 0.004627 0.465598 0.097630
0.004847 0.000660 0.097630 0.044227
22.355279 1.381748 26.125533 1.788307
0.480974 0.099816 0.018963 0.004119
0.099816 0.044668 0.003938 0.000440
0.018963 0.003938 0.485453 0.102203
0.004119 0.000440 0.102203 0.045271
22.788219 1.327588 27.401767 1.868922
0.472377 0.098406 0.015897 0.002929
0.098406 0.044462 0.002775 0.000171
0.015897 0.002775 0.492198 0.103542
0.002929 0.000171 0.103542 0.045528
23.246520 1.284620 28.304343 1.862555
0.468031 0.097976 0.008868 0.001113
0.097976 0.044459 0.000971 -0.000187
0.008868 0.000971 0.500743 0.105145
0.001113 -0.000187 0.105145 0.045825
23.031439 1.104418 29.165799 1.849490
0.465502 0.097891 0.010022 0.001256
0.097891 0.044502 0.001122 -0.000093
0.010022 0.001122 0.509078 0.106555
0.001256 -0.000093 0.106555 0.046061
23.417750 1.069074 30.241403 1.881271
0.462194 0.097605 0.000588 -0.000781
0.097605 0.044483 -0.000949 -0.000469
0.000588 -0.000949 0.523057 0.109064
-0.000781 -0.000469 0.109064 0.046526
24.949934 1.279545 31.757191 1.998905
0.458316 0.097159 -0.010436 -0.002913
0.097159 0.044413 -0.003122 -0.000832
-0.010436 -0.003122 0.532913 0.110523
-0.002913 -0.000832 0.110523 0.046748
25.419561 1.243317 32.796028 2.007178
0.470613 0.100105 -0.003694 -0.001187
0.100105 0.045048 -0.001318 -0.000356
-0.003694 -0.001318 0.551901 0.113774
-0.001187 -0.000356 0.113774 0.047340
26.358500 1.310248 34.684283 2.187982
0.457698 0.097353 -0.001144 -0.000497
0.097353 0.044405 -0.000599 -0.000157
-0.001144 -0.000599 0.567544 0.116109
-0.000497 -0.000157 0.116109 0.047719
27.001842 1.307792 35.653147 2.162598
0.431984 0.092114 -0.013582 -0.002927
0.092114 0.043289 -0.003146 -0.000646
-0.013582 -0.003146 0.565022 0.114648
-0.002927 -0.000646 0.114648 0.047329
28.065738 1.396001 37.371569 2.291216
0.442956 0.095163 -0.009449 -0.001795
0.095163 0.044026 -0.001913 -0.000338
-0.009449 -0.001913 0.594863 0.119987
-0.001795 -0.000338 0.119987 0.048381
28.554559 1.350743 38.169310 2.221541
0.456035 0.098274 -0.011517 -0.002043
0.098274 0.044683 -0.002169 -0.000366
-0.011517 -0.002169 0.612035 0.122368
-0.002043 -0.000366 0.122368 0.048770
29.741835 1.461278 39.635654 2.292440
0.466895 0.100552 -0.002926 -0.000174
0.100552 0.045094 -0.000135 0.000054
-0.002926 -0.000135 0.615637 0.121982
-0.000174 0.000054 0.121982 0.048616
29.713753 1.297707 39.884436 2.115340
0.445974 0.095752 -0.009375 -0.001492
0.095752 0.043953 -0.001569 -0.000255
-0.009375 -0.001569 0.604896 0.118959
-0.001492 -0.000255 0.118959 0.047994
30.648299 1.359657 41.489230 2.222781
0.455056 0.097890 -0.001126 0.000214
0.097890 0.044418 0.000334 0.000122
-0.001126 0.000334 0.638961 0.125155
0.000214 0.000122 0.125155 0.049264
31.526687 1.402069 42.227039 2.150301
0.429636 0.092375 0.016471 0.003533
0.092375 0.043192 0.003998 0.000800
0.016471 0.003998 0.621647 0.120876
0.003533 0.000800 0.120876 0.048402
32.169386 1.389464 43.270501 2.144163
0.452384 0.097753 0.017377 0.003345
0.097753 0.044417 0.003740 0.000674
0.017377 0.003740 0.618301 0.119827
0.003345 0.000674 0.119827 0.048267
32.034299 1.211697 42.229364 1.735895
0.441386 0.095244 0.034585 0.006378
0.095244 0.043811 0.007098 0.001277
0.034585 0.007098 0.580076 0.112206
0.006378 0.001277 0.112206 0.046879
32.875492 1.261396 43.754198 1.863166
0.444026 0.095933 0.035176 0.005964
0.095933 0.043956 0.006551 0.001090
0.035176 0.006551 0.586308 0.113941
0.005964 0.001090 0.113941 0.047418
34.892156 1.560375 44.996202 1.919641
0.422501 0.091169 0.084239 0.015189
0.091169 0.042874 0.016756 0.003058
0.084239 0.016756 0.542593 0.105619
0.015189 0.003058 0.105619 0.045898
36.112577 1.652880 46.571989 2.038646
0.438748 0.095188 0.084139 0.013921
0.095188 0.043820 0.015459 0.002615
0.084139 0.015459 0.510583 0.100376
0.013921 0.002615 0.100376 0.045098
36.589651 1.583480 46.722769 1.867267
0.469947 0.102145 0.066656 0.009293
0.102145 0.045326 0.010925 0.001583
0.066656 0.010925 0.455847 0.090963
0.009293 0.001583 0.090963 0.043480
38.407033 1.789915 49.455991 2.227024
0.501507 0.108453 0.047280 0.004756
0.108453 0.046555 0.006061 0.000594
0.047280 0.006061 0.465896 0.095297
0.004756 0.000594 0.095297 0.044698
37.094761 1.333699 48.578824 1.833200
0.524843 0.112504 0.010234 -0.002896
0.112504 0.047231 -0.001484 -0.000844
0.010234 -0.001484 0.423555 0.088196
-0.002896 -0.000844 0.088196 0.043374
