4.903471 2.923525 3.134147 0.361639
2.025954 0.810399 -0.585188 -0.234080
0.810399 80.328233 -0.234080 -0.093634
-0.585188 -0.234080 4.182535 1.673050
-0.234080 -0.093634 1.673050 80.673301
4.246379 -0.896482 2.718867 -0.701465
2.642832 4.728270 -0.028366 0.078786
4.728270 15.480704 0.057061 -1.256776
-0.028366 0.057061 2.286638 3.693463
0.078786 -1.256776 3.693463 18.781012
5.798813 1.330158 2.023688 -1.161410
2.569298 2.869924 -0.859918 -1.102284
2.869924 4.853865 -1.013804 -1.616909
-0.859918 -1.013804 2.418900 2.979952
-1.102284 -1.616909 2.979952 6.415461
2.965191 -1.457238 2.376263 -0.413325
1.889071 1.508704 0.343132 0.351400
1.508704 1.844611 0.276987 0.163890
0.343132 0.276987 0.738124 0.666444
0.351400 0.163890 0.666444 1.550393
5.734673 0.714301 3.481221 0.535234
0.973803 0.642581 -0.416458 -0.375983
0.642581 0.738273 -0.304973 -0.315560
-0.416458 -0.304973 0.797453 0.667981
-0.375983 -0.315560 0.667981 0.949860
7.347499 1.429411 4.797893 1.275139
1.064062 0.598794 -0.414376 -0.261221
0.598794 0.510602 -0.228461 -0.164134
-0.414376 -0.228461 1.018010 0.685518
-0.261221 -0.164134 0.685518 0.647723
7.662812 1.221903 4.475867 0.737495
0.979607 0.467659 -0.396437 -0.195155
0.467659 0.330242 -0.172344 -0.097199
-0.396437 -0.172344 1.286460 0.698830
-0.195155 -0.097199 0.698830 0.484574
8.016443 1.146950 6.950293 1.686144
0.839226 0.348559 -0.278313 -0.109585
0.348559 0.217116 -0.098441 -0.047317
-0.278313 -0.098441 1.177896 0.528028
-0.109585 -0.047317 0.528028 0.304545
9.503119 1.480102 7.237759 1.485650
0.805178 0.296245 -0.312010 -0.108171
0.296245 0.161885 -0.100661 -0.041499
-0.312010 -0.100661 1.125991 0.429583
-0.108171 -0.041499 0.429583 0.212739
10.448753 1.551843 8.167298 1.551344
0.794633 0.263390 -0.287088 -0.086372
0.263390 0.128723 -0.081891 -0.029684
-0.287088 -0.081891 1.066144 0.355861
-0.086372 -0.029684 0.355861 0.157128
11.144684 1.521712 8.514352 1.421349
0.769330 0.232097 -0.265793 -0.071005
0.232097 0.104425 -0.068094 -0.022197
-0.265793 -0.068094 1.011580 0.301467
-0.071005 -0.022197 0.301467 0.122072
12.112737 1.589980 10.006563 1.637250
0.691137 0.191727 -0.250436 -0.061009
0.191727 0.083216 -0.059383 -0.017794
-0.250436 -0.059383 0.891756 0.241095
-0.061009 -0.017794 0.241095 0.093766
13.124755 1.654525 11.389174 1.782293
0.658652 0.171496 -0.183388 -0.039251
0.171496 0.071951 -0.038145 -0.010855
-0.183388 -0.038145 0.797268 0.199719
-0.039251 -0.010855 0.199719 0.076453
15.053004 1.928327 12.232549 1.782271
0.593073 0.146079 -0.140886 -0.027370
0.146079 0.061552 -0.026240 -0.007381
-0.140886 -0.026240 0.724219 0.170613
-0.027370 -0.007381 0.170613 0.065337
15.637070 1.849240 14.127583 2.005650
0.591363 0.139832 -0.104931 -0.018027
0.139832 0.057568 -0.017380 -0.004912
-0.104931 -0.017380 0.663570 0.149063
-0.018027 -0.004912 0.149063 0.057918
16.263879 1.779238 14.968618 1.967790
0.573207 0.130611 -0.086385 -0.013824
0.130611 0.053630 -0.013314 -0.003833
-0.086385 -0.013314 0.627284 0.135958
-0.013824 -0.003833 0.135958 0.053536
17.094715 1.771870 16.567187 2.097668
0.568354 0.125781 -0.067710 -0.009877
0.125781 0.051366 -0.009527 -0.002883
-0.067710 -0.009527 0.596020 0.125852
-0.009877 -0.002883 0.125852 0.050498
17.106392 1.579949 17.320645 2.030114
0.532223 0.114611 -0.094098 -0.015862
0.114611 0.048066 -0.015988 -0.004193
-0.094098 -0.015988 0.543034 0.112319
-0.015862 -0.004193 0.112319 0.047138
17.646297 1.525375 18.199133 1.999990
0.527429 0.111943 -0.085924 -0.013761
0.111943 0.047130 -0.013877 -0.003536
-0.085924 -0.013877 0.529754 0.108846
-0.013761 -0.003536 0.108846 0.046322
18.449420 1.530607 18.815410 1.921245
0.499202 0.104832 -0.070720 -0.010584
0.104832 0.045430 -0.010631 -0.002757
-0.070720 -0.010631 0.499493 0.102360
-0.010584 -0.002757 0.102360 0.044995
19.391417 1.564352 19.376348 1.840088
0.486354 0.101757 -0.060701 -0.008606
0.101757 0.044773 -0.008598 -0.002271
-0.060701 -0.008598 0.488090 0.100363
-0.008606 -0.002271 0.100363 0.044702
19.518988 1.425593 20.143154 1.803096
0.478477 0.099991 -0.061991 -0.009068
0.099991 0.044443 -0.009106 -0.002343
-0.061991 -0.009106 0.475322 0.098144
-0.009068 -0.002343 0.098144 0.044350
20.191518 1.418181 21.173461 1.829659
0.487362 0.102032 -0.053559 -0.007281
0.102032 0.044961 -0.007309 -0.001895
-0.053559 -0.007309 0.482553 0.100329
-0.007281 -0.001895 0.100329 0.044938
21.212050 1.489563 22.855815 1.992802
0.489448 0.102386 -0.053147 -0.007372
0.102386 0.045058 -0.007387 -0.001892
-0.053147 -0.007387 0.485416 0.101258
-0.007372 -0.001892 0.101258 0.045172
21.537907 1.399550 23.567996 1.930060
0.482640 0.100952 -0.041282 -0.005078
0.100952 0.044792 -0.005096 -0.001400
-0.041282 -0.005096 0.477782 0.099937
-0.005078 -0.001400 0.099937 0.044918
21.970246 1.345327 24.812826 1.987092
0.490281 0.102723 -0.025323 -0.001992
0.102723 0.045227 -0.001991 -0.000749
-0.025323 -0.001991 0.488568 0.102590
-0.001992 -0.000749 0.102590 0.045515
22.387548 1.291864 25.816449 1.987768
0.483339 0.101147 -0.027166 -0.002981
0.101147 0.044892 -0.002956 -0.001016
-0.027166 -0.002956 0.485805 0.101972
-0.002981 -0.001016 0.101972 0.045335
22.528309 1.186515 26.928203 2.010091
0.475784 0.099715 -0.008848 0.000454
0.099715 0.044643 0.000501 -0.000305
-0.008848 0.000501 0.485712 0.102067
0.000454 -0.000305 0.102067 0.045346
22.772028 1.114085 28.213190 2.067697
0.459481 0.096514 -0.000257 0.001572
0.096514 0.044024 0.001655 -0.000125
-0.000257 0.001655 0.482782 0.101478
0.001572 -0.000125 0.101478 0.045198
23.425002 1.132731 28.519341 1.914882
0.455626 0.096150 -0.011830 -0.001500
0.096150 0.044030 -0.001453 -0.000817
-0.011830 -0.001453 0.474147 0.099680
-0.001500 -0.000817 0.099680 0.044798
24.232022 1.183720 29.449598 1.909555
0.465182 0.098635 -0.009475 -0.001221
0.098635 0.044624 -0.001173 -0.000706
-0.009475 -0.001173 0.487540 0.102708
-0.001221 -0.000706 0.102708 0.045454
24.439098 1.101344 29.901625 1.803276
0.464075 0.098540 -0.021902 -0.004038
0.098540 0.044596 -0.004021 -0.001261
-0.021902 -0.004021 0.487831 0.102638
-0.004038 -0.001261 0.102638 0.045391
25.429070 1.195402 31.203551 1.888089
0.461963 0.098214 -0.029974 -0.005618
0.098214 0.044517 -0.005599 -0.001495
-0.029974 -0.005599 0.502570 0.105623
-0.005618 -0.001495 0.105623 0.045982
26.526539 1.302859 32.613778 1.986796
0.441287 0.093932 -0.036872 -0.006824
0.093932 0.043596 -0.006778 -0.001642
-0.036872 -0.006778 0.508164 0.106406
-0.006824 -0.001642 0.106406 0.046066
27.147040 1.295355 33.309936 1.924643
0.433049 0.092662 -0.044186 -0.007990
0.092662 0.043384 -0.007973 -0.001790
-0.044186 -0.007973 0.507288 0.105796
-0.007990 -0.001790 0.105796 0.045867
27.766294 1.288711 34.142749 1.897556
0.432123 0.092997 -0.051052 -0.008965
0.092997 0.043507 -0.008969 -0.001898
-0.051052 -0.008969 0.514380 0.106950
-0.008965 -0.001898 0.106950 0.046070
28.597167 1.334504 36.151397 2.118621
0.382604 0.082636 -0.063423 -0.011282
0.082636 0.041268 -0.011077 -0.002304
-0.063423 -0.011077 0.529559 0.109680
-0.011282 -0.002304 0.109680 0.046586
29.497320 1.386623 37.319760 2.142702
0.369063 0.080978 -0.068037 -0.011657
0.080978 0.041079 -0.011392 -0.002285
-0.068037 -0.011392 0.540919 0.111438
-0.011657 -0.002285 0.111438 0.046878
29.692616 1.275883 38.519758 2.165188
0.377163 0.084179 -0.059423 -0.009207
0.084179 0.041936 -0.008833 -0.001672
-0.059423 -0.008833 0.549050 0.112532
-0.009207 -0.001672 0.112532 0.047050
29.903585 1.181912 39.917431 2.226013
0.392582 0.088407 -0.062037 -0.009330
0.088407 0.042865 -0.009058 -0.001701
-0.062037 -0.009058 0.567605 0.115639
-0.009330 -0.001701 0.115639 0.047622
29.653766 0.990988 41.029226 2.218283
0.393744 0.088852 -0.060640 -0.008817
0.088852 0.042828 -0.008554 -0.001624
-0.060640 -0.008554 0.570138 0.115311
-0.008817 -0.001624 0.115311 0.047475
30.957546 1.168436 41.472656 2.091117
0.350898 0.079459 -0.027798 -0.002448
0.079459 0.040621 -0.001235 -0.000271
-0.027798 -0.001235 0.547433 0.110319
-0.002448 -0.000271 0.110319 0.046484
31.627550 1.188975 42.621139 2.112531
0.370734 0.084935 -0.025337 -0.002245
0.084935 0.041927 -0.001341 -0.000389
-0.025337 -0.001341 0.550047 0.110703
-0.002245 -0.000389 0.110703 0.046626
32.757455 1.307801 43.057840 1.991299
0.382429 0.087926 -0.008007 0.000881
0.087926 0.042529 0.001820 0.000161
-0.008007 0.001820 0.521182 0.104865
0.000881 0.000161 0.104865 0.045528
33.761756 1.386889 43.806390 1.943032
0.382138 0.087760 0.011956 0.004241
0.087760 0.042343 0.005421 0.000764
0.011956 0.005421 0.499361 0.100980
0.004241 0.000764 0.100980 0.044905
34.255860 1.339913 44.353966 1.856207
0.402570 0.092216 0.008280 0.002662
0.092216 0.043221 0.003402 0.000232
0.008280 0.003402 0.481298 0.098045
0.002662 0.000232 0.098045 0.044475
34.796043 1.309272 44.564380 1.708491
0.405808 0.092304 0.018862 0.004232
0.092304 0.043045 0.004991 0.000515
0.018862 0.004991 0.444760 0.091488
0.004232 0.000515 0.091488 0.043297
34.828590 1.168688 45.513238 1.728803
0.426819 0.096445 0.000914 -0.000180
0.096445 0.043836 0.000136 -0.000537
0.000914 0.000136 0.453095 0.094681
-0.000180 -0.000537 0.094681 0.044184
35.493353 1.186864 46.036125 1.656637
0.447707 0.100162 0.003366 0.000201
0.100162 0.044484 0.000520 -0.000377
0.003366 0.000520 0.431154 0.090988
0.000201 -0.000377 0.090988 0.043478
36.182064 1.208244 46.504678 1.579632
0.454541 0.100460 0.018732 0.003382
0.100460 0.044354 0.003797 0.000395
0.018732 0.003797 0.388961 0.083087
0.003382 0.000395 0.083087 0.041872
