2.254947 1.864093 1.417384 -0.325081
1.324774 0.529921 0.442780 0.177116
0.529921 80.216040 0.177116 0.070848
0.442780 0.177116 3.351624 1.340678
0.177116 0.070848 1.340678 80.540350
6.407925 7.843440 1.224622 -0.501716
3.065394 5.745090 -1.422030 -2.504661
5.745090 15.570290 -2.701858 -3.452167
-1.422030 -2.701858 1.598760 2.736781
-2.504661 -3.452167 2.736781 15.456428
6.251881 3.322803 1.106461 -1.152770
1.100099 1.298838 0.607132 1.074892
1.298838 2.614772 0.842583 1.409743
0.607132 0.842583 1.355254 2.020125
1.074892 1.409743 2.020125 4.736653
6.566237 2.109207 2.014307 0.334780
1.323485 1.139201 0.504195 0.452257
1.139201 1.371545 0.412232 0.346423
0.504195 0.412232 0.995143 0.955438
0.452257 0.346423 0.955438 1.432124
6.443125 1.316324 2.387907 0.546557
1.298180 0.850061 0.348899 0.196534
0.850061 0.742935 0.188450 0.098169
0.348899 0.188450 1.057446 0.771935
0.196534 0.098169 0.771935 0.786005
7.400912 1.484715 2.366821 0.363091
1.296692 0.686603 0.077602 -0.002260
0.686603 0.470282 0.004903 -0.018376
0.077602 0.004903 1.165153 0.679695
-0.002260 -0.018376 0.679695 0.515138
6.896030 0.922370 3.277708 0.738258
0.909243 0.396003 0.212810 0.081082
0.396003 0.241956 0.075460 0.031353
0.212810 0.075460 0.969242 0.456872
0.081082 0.031353 0.456872 0.288685
8.032248 1.165236 4.644592 1.130819
0.903376 0.344825 0.059711 0.008034
0.344825 0.181875 0.008266 0.000850
0.059711 0.008266 0.939486 0.379952
0.008034 0.000850 0.379952 0.205031
9.313257 1.394691 5.858066 1.351421
0.858829 0.290733 -0.022413 -0.018272
0.290733 0.137667 -0.017231 -0.006547
-0.022413 -0.017231 0.922960 0.326435
-0.018272 -0.006547 0.326435 0.154771
9.532493 1.242532 7.628471 1.698708
0.709568 0.216648 -0.105282 -0.038114
0.216648 0.098879 -0.037251 -0.010784
-0.105282 -0.037251 0.861309 0.271322
-0.038114 -0.010784 0.271322 0.117873
10.113214 1.230383 8.987326 1.843950
0.681989 0.191714 -0.150875 -0.044423
0.191714 0.082647 -0.043581 -0.010892
-0.150875 -0.043581 0.812249 0.231728
-0.044423 -0.010892 0.231728 0.094447
11.563361 1.449686 9.981923 1.864954
0.643477 0.168448 -0.156566 -0.039664
0.168448 0.070395 -0.039049 -0.008421
-0.156566 -0.039049 0.769612 0.201883
-0.039664 -0.008421 0.201883 0.078890
12.869116 1.594612 11.029112 1.896505
0.606958 0.149794 -0.153504 -0.034220
0.149794 0.061770 -0.033802 -0.006415
-0.153504 -0.033802 0.723664 0.176974
-0.034220 -0.006415 0.176974 0.067822
13.710565 1.605980 12.079338 1.920626
0.601442 0.141692 -0.139264 -0.027283
0.141692 0.057296 -0.027076 -0.004446
-0.139264 -0.027076 0.696535 0.160992
-0.027283 -0.004446 0.160992 0.061000
13.909136 1.470375 13.293479 1.970927
0.585433 0.132459 -0.137977 -0.024696
0.132459 0.053393 -0.024862 -0.003861
-0.137977 -0.024862 0.647873 0.142866
-0.024696 -0.003861 0.142866 0.054942
14.513748 1.447416 14.786606 2.078828
0.569395 0.124834 -0.127238 -0.020684
0.124834 0.050567 -0.021101 -0.003056
-0.127238 -0.021101 0.601995 0.128277
-0.020684 -0.003056 0.128277 0.050675
15.378902 1.478235 15.838433 2.083285
0.572196 0.122526 -0.115135 -0.016847
0.122526 0.049386 -0.017212 -0.002288
-0.115135 -0.017212 0.596870 0.124404
-0.016847 -0.002288 0.124404 0.049320
16.799519 1.623451 16.916491 2.099995
0.536131 0.112902 -0.071292 -0.007563
0.112902 0.046977 -0.007629 -0.000544
-0.071292 -0.007629 0.560714 0.115229
-0.007563 -0.000544 0.115229 0.047190
17.425150 1.586071 18.096628 2.124319
0.549477 0.114484 -0.057708 -0.004879
0.114484 0.047158 -0.005009 -0.000244
-0.057708 -0.005009 0.562886 0.114662
-0.004879 -0.000244 0.114662 0.047018
17.811286 1.503949 19.346922 2.157886
0.544614 0.112415 -0.032446 -0.000357
0.112415 0.046640 -0.000523 0.000385
-0.032446 -0.000523 0.543981 0.110156
-0.000357 0.000385 0.110156 0.046125
18.610016 1.512937 20.362733 2.145563
0.523208 0.107251 -0.011499 0.002733
0.107251 0.045567 0.002612 0.000692
-0.011499 0.002612 0.517626 0.104633
0.002733 0.000692 0.104633 0.045115
19.221436 1.485625 21.750887 2.208399
0.511519 0.104639 0.003899 0.004640
0.104639 0.045129 0.004531 0.000811
0.003899 0.004531 0.500594 0.101502
0.004640 0.000811 0.101502 0.044667
19.350275 1.357848 22.426366 2.117843
0.499235 0.102131 0.005430 0.003710
0.102131 0.044739 0.003597 0.000401
0.005430 0.003597 0.482959 0.098434
0.003710 0.000401 0.098434 0.044229
19.769429 1.305457 23.760377 2.173485
0.490008 0.100544 0.012937 0.004275
0.100544 0.044570 0.004191 0.000398
0.012937 0.004191 0.476278 0.097865
0.004275 0.000398 0.097865 0.044315
19.775330 1.171092 24.074791 2.012622
0.468646 0.096566 0.007244 0.002200
0.096566 0.043899 0.002137 -0.000109
0.007244 0.002137 0.453817 0.093966
0.002200 -0.000109 0.093966 0.043658
20.131411 1.123520 25.454744 2.090766
0.475835 0.098836 0.010194 0.002283
0.098836 0.044551 0.002229 -0.000085
0.010194 0.002229 0.467224 0.097809
0.002283 -0.000085 0.097809 0.044631
20.716080 1.128381 26.388779 2.067311
0.477308 0.099619 0.022098 0.004346
0.099619 0.044803 0.004276 0.000369
0.022098 0.004276 0.475274 0.100037
0.004346 0.000369 0.100037 0.045138
21.584047 1.191399 27.762742 2.138593
0.471069 0.098673 0.017154 0.002770
0.098673 0.044652 0.002696 0.000041
0.017154 0.002696 0.483109 0.101941
0.002770 0.000041 0.101941 0.045516
22.747712 1.310794 28.869849 2.145197
0.460736 0.096883 0.018912 0.002875
0.096883 0.044315 0.002791 0.000118
0.018912 0.002791 0.482449 0.101802
0.002875 0.000118 0.101802 0.045418
23.272027 1.282834 30.023593 2.162710
0.467792 0.098841 0.029227 0.004803
0.098841 0.044774 0.004701 0.000572
0.029227 0.004701 0.502603 0.106018
0.004803 0.000572 0.106018 0.046244
24.135078 1.329850 31.098184 2.160488
0.470435 0.099683 0.016771 0.001829
0.099683 0.044953 0.001680 -0.000041
0.016771 0.001680 0.517905 0.108856
0.001829 -0.000041 0.108856 0.046728
24.160787 1.196565 31.508286 2.022679
0.466946 0.099070 0.009715 0.000376
0.099070 0.044792 0.000217 -0.000257
0.009715 0.000217 0.519112 0.108471
0.000376 -0.000257 0.108471 0.046507
24.941610 1.236027 32.307351 1.977963
0.466147 0.099033 0.007424 0.000075
0.099033 0.044760 -0.000084 -0.000218
0.007424 -0.000084 0.524788 0.109103
0.000075 -0.000218 0.109103 0.046544
25.058802 1.130362 32.980428 1.913956
0.459359 0.097709 -0.001164 -0.001482
0.097709 0.044456 -0.001701 -0.000462
-0.001164 -0.001701 0.533513 0.110386
-0.001482 -0.000462 0.110386 0.046740
25.108912 1.021244 33.611684 1.847941
0.456883 0.097394 -0.010540 -0.003071
0.097394 0.044388 -0.003361 -0.000710
-0.010540 -0.003361 0.553963 0.114023
-0.003071 -0.000710 0.114023 0.047424
25.749525 1.049091 34.454697 1.831269
0.457018 0.097607 -0.011031 -0.002721
0.097607 0.044426 -0.002971 -0.000534
-0.011031 -0.002971 0.565789 0.115597
-0.002721 -0.000534 0.115597 0.047646
26.638655 1.126816 36.051741 1.969345
0.436352 0.093315 -0.017096 -0.003580
0.093315 0.043492 -0.003859 -0.000652
-0.017096 -0.003859 0.582631 0.118146
-0.003580 -0.000652 0.118146 0.048079
27.370758 1.163175 37.221240 2.006617
0.441210 0.094863 -0.021609 -0.004091
0.094863 0.043880 -0.004372 -0.000702
-0.021609 -0.004372 0.601856 0.121038
-0.004091 -0.000702 0.121038 0.048574
28.587425 1.299862 37.980155 1.958761
0.432733 0.093315 -0.018739 -0.003147
0.093315 0.043546 -0.003300 -0.000452
-0.018739 -0.003300 0.614203 0.122413
-0.003147 -0.000452 0.122413 0.048759
29.590236 1.377163 39.482843 2.062843
0.434310 0.094023 -0.021730 -0.003495
0.094023 0.043713 -0.003654 -0.000519
-0.021730 -0.003654 0.627863 0.124057
-0.003495 -0.000519 0.124057 0.049018
30.563734 1.439247 40.618558 2.083936
0.442519 0.096051 -0.016771 -0.002278
0.096051 0.044139 -0.002301 -0.000251
-0.016771 -0.002301 0.636861 0.124798
-0.002278 -0.000251 0.124798 0.049117
31.648748 1.519798 42.209279 2.191573
0.422987 0.091819 -0.006448 -0.000241
0.091819 0.043163 0.000029 0.000161
-0.006448 0.000029 0.641440 0.124778
-0.000241 0.000161 0.124778 0.049098
31.844302 1.396971 43.402635 2.209258
0.427927 0.093289 0.003541 0.001578
0.093289 0.043510 0.002050 0.000492
0.003541 0.002050 0.650853 0.125840
0.001578 0.000492 0.125840 0.049319
32.629171 1.414603 43.622465 2.039312
0.431732 0.094312 0.023876 0.005215
0.094312 0.043715 0.006050 0.001181
0.023876 0.006050 0.600471 0.115454
0.005215 0.001181 0.115454 0.047347
34.278320 1.620444 44.958849 2.100474
0.427001 0.093306 0.057528 0.011137
0.093306 0.043448 0.012669 0.002341
0.057528 0.012669 0.563761 0.108685
0.011137 0.002341 0.108685 0.046238
34.724791 1.540658 46.061193 2.111521
0.442017 0.096723 0.041797 0.007037
0.096723 0.044177 0.007981 0.001249
0.041797 0.007981 0.536906 0.104409
0.007037 0.001249 0.104409 0.045675
36.518268 1.760439 48.226467 2.326192
0.491795 0.107338 0.038297 0.005656
0.107338 0.046404 0.006545 0.000892
0.038297 0.006545 0.532537 0.104776
0.005656 0.000892 0.104776 0.046009
35.830852 1.428702 47.725888 2.002158
0.510962 0.110333 0.000862 -0.002153
0.110333 0.046806 -0.001776 -0.000756
0.000862 -0.001776 0.481791 0.095900
-0.002153 -0.000756 0.095900 0.044452
37.897056 1.720790 47.471278 1.742923
0.516302 0.109857 0.052833 0.008854
0.109857 0.046411 0.010222 0.001842
0.052833 0.010222 0.325016 0.065656
0.008854 0.001842 0.065656 0.038528
37.229934 1.401687 47.740570 1.621956
0.504979 0.106445 0.018163 0.000920
0.106445 0.045580 0.002074 0.000049
0.018163 0.002074 0.333436 0.071904
0.000920 0.000049 0.071904 0.040500
