1.652974 1.623298 1.919553 -0.124209
2.184612 0.873864 -0.330865 -0.132349
0.873864 80.353620 -0.132349 -0.052941
-0.330865 -0.132349 3.966115 1.586480
-0.132349 -0.052941 1.586480 80.638673
3.891005 4.175348 2.665247 1.230836
2.990631 5.270617 -1.308642 -2.053661
5.270617 16.824837 -2.244401 -4.408319
-1.308642 -2.244401 2.892012 4.679958
-2.053661 -4.408319 4.679958 19.901147
5.589023 3.758011 3.625408 1.606934
2.739051 3.022164 -0.690992 -0.561986
3.022164 5.122453 -0.647549 -0.885346
-0.690992 -0.647549 2.421816 2.842594
-0.561986 -0.885346 2.842594 6.101191
4.775312 1.563945 1.648091 -0.961443
2.531660 2.007352 -0.562837 -0.376498
2.007352 2.289125 -0.403583 -0.448806
-0.562837 -0.403583 2.569812 2.231357
-0.376498 -0.448806 2.231357 2.917440
7.147096 2.559888 3.629895 0.728277
1.792340 1.106856 -0.144916 -0.057186
1.106856 1.032496 -0.084648 -0.129686
-0.144916 -0.084648 0.898327 0.600168
-0.057186 -0.129686 0.600168 0.858261
8.171939 2.419556 4.722144 1.164882
1.418506 0.729951 -0.132139 -0.067245
0.729951 0.577441 -0.081473 -0.096507
-0.132139 -0.081473 1.059962 0.637688
-0.067245 -0.096507 0.637688 0.626961
9.290940 2.378176 5.381569 1.204308
1.232506 0.549082 -0.186146 -0.094022
0.549082 0.373298 -0.100173 -0.081935
-0.186146 -0.100173 1.191228 0.611630
-0.094022 -0.081935 0.611630 0.456944
10.552945 2.413570 5.393881 0.945520
0.919782 0.362247 -0.216274 -0.095730
0.362247 0.231251 -0.099194 -0.063183
-0.216274 -0.099194 1.253254 0.549911
-0.095730 -0.063183 0.549911 0.334074
10.978770 2.124640 7.414749 1.535463
0.787967 0.281614 -0.183555 -0.070982
0.281614 0.165580 -0.073271 -0.041015
-0.183555 -0.073271 1.109676 0.422308
-0.070982 -0.041015 0.422308 0.226456
10.713565 1.686514 8.831289 1.756527
0.702904 0.231497 -0.226112 -0.077414
0.231497 0.126510 -0.078327 -0.035592
-0.226112 -0.078327 1.009229 0.341017
-0.077414 -0.035592 0.341017 0.165352
11.794288 1.759145 10.068410 1.866185
0.696434 0.213303 -0.225673 -0.068673
0.213303 0.106181 -0.069315 -0.027434
-0.225673 -0.069315 0.933993 0.285120
-0.068673 -0.027434 0.285120 0.127666
11.994238 1.564775 11.153315 1.907188
0.734933 0.210049 -0.215811 -0.058821
0.210049 0.094738 -0.059419 -0.020946
-0.215811 -0.059419 0.899335 0.251670
-0.058821 -0.020946 0.251670 0.105093
12.170471 1.400681 11.766708 1.816378
0.682870 0.182172 -0.219986 -0.054701
0.182172 0.079285 -0.055487 -0.017483
-0.219986 -0.055487 0.788185 0.204315
-0.054701 -0.017483 0.204315 0.083821
12.966622 1.426181 12.848030 1.859485
0.638355 0.161076 -0.167127 -0.037299
0.161076 0.068712 -0.037751 -0.011343
-0.167127 -0.037751 0.705287 0.172314
-0.037299 -0.011343 0.172314 0.070507
13.890282 1.479717 14.091805 1.934692
0.617480 0.148773 -0.140331 -0.028606
0.148773 0.062197 -0.028954 -0.008283
-0.140331 -0.028954 0.659233 0.153786
-0.028606 -0.008283 0.153786 0.062687
15.170799 1.610827 15.657445 2.074284
0.594281 0.137834 -0.102399 -0.018619
0.137834 0.057214 -0.018776 -0.005373
-0.102399 -0.018776 0.619626 0.139485
-0.018619 -0.005373 0.139485 0.057180
15.900109 1.591119 16.379576 2.004405
0.598690 0.134503 -0.088650 -0.014989
0.134503 0.054770 -0.015078 -0.004219
-0.088650 -0.015078 0.617941 0.135284
-0.014989 -0.004219 0.135284 0.054738
17.060749 1.670468 17.284305 1.986115
0.573777 0.125210 -0.086610 -0.014457
0.125210 0.051470 -0.014547 -0.003925
-0.086610 -0.014547 0.590108 0.126005
-0.014457 -0.003925 0.126005 0.051625
17.279120 1.536468 18.070512 1.938079
0.527826 0.112862 -0.065028 -0.009927
0.112862 0.048071 -0.010036 -0.002842
-0.065028 -0.010036 0.529267 0.111129
-0.009927 -0.002842 0.111129 0.047829
17.739026 1.470643 18.989425 1.925437
0.523139 0.110705 -0.053459 -0.007582
0.110705 0.047271 -0.007692 -0.002243
-0.053459 -0.007692 0.516874 0.107964
-0.007582 -0.002243 0.107964 0.046917
18.013466 1.376434 20.380778 2.012003
0.514373 0.108073 -0.030166 -0.002976
0.108073 0.046516 -0.003103 -0.001228
-0.030166 -0.003103 0.496581 0.103545
-0.002976 -0.001228 0.103545 0.045869
18.502497 1.335767 21.574642 2.050194
0.504043 0.105366 -0.018735 -0.001204
0.105366 0.045834 -0.001323 -0.000874
-0.018735 -0.001323 0.482317 0.100703
-0.001204 -0.000874 0.100703 0.045234
19.037942 1.309189 22.854266 2.102988
0.496643 0.103564 -0.011968 -0.000433
0.103564 0.045422 -0.000535 -0.000726
-0.011968 -0.000535 0.474795 0.099464
-0.000433 -0.000726 0.099464 0.044977
19.743907 1.320805 24.212442 2.167651
0.499513 0.104090 -0.009746 -0.000530
0.104090 0.045538 -0.000603 -0.000735
-0.009746 -0.000603 0.482481 0.101454
-0.000530 -0.000735 0.101454 0.045403
20.273445 1.293473 25.254488 2.158575
0.498416 0.103757 -0.007776 -0.000575
0.103757 0.045468 -0.000629 -0.000715
-0.007776 -0.000629 0.485109 0.102125
-0.000575 -0.000715 0.102125 0.045502
20.646866 1.236155 25.997122 2.087298
0.481742 0.100245 0.002931 0.001300
0.100245 0.044750 0.001235 -0.000286
0.002931 0.001235 0.472115 0.099418
0.001300 -0.000286 0.099418 0.044881
21.680800 1.322923 27.011469 2.081312
0.464203 0.096867 -0.001597 -0.000114
0.096867 0.044114 -0.000149 -0.000561
-0.001597 -0.000149 0.465943 0.098360
-0.000114 -0.000561 0.098360 0.044656
22.404667 1.336022 28.061167 2.083227
0.479438 0.100638 -0.008462 -0.001791
0.100638 0.045014 -0.001807 -0.000853
-0.008462 -0.001807 0.486146 0.102937
-0.001791 -0.000853 0.102937 0.045633
22.487760 1.213079 28.805497 2.020399
0.474327 0.099711 -0.002182 -0.000464
0.099711 0.044825 -0.000485 -0.000483
-0.002182 -0.000485 0.487457 0.103025
-0.000464 -0.000483 0.103025 0.045565
22.871291 1.166173 29.511065 1.956181
0.454263 0.095694 -0.004382 -0.001017
0.095694 0.043994 -0.001035 -0.000543
-0.004382 -0.001035 0.478698 0.100985
-0.001017 -0.000543 0.100985 0.045065
24.131080 1.309737 29.640429 1.776973
0.450632 0.095477 -0.002312 -0.000583
0.095477 0.044022 -0.000595 -0.000387
-0.002312 -0.000595 0.469060 0.098963
-0.000583 -0.000387 0.098963 0.044620
24.436162 1.235189 30.735375 1.820707
0.448430 0.095502 0.003233 0.000568
0.095502 0.044073 0.000564 -0.000096
0.003233 0.000564 0.483438 0.102195
0.000568 -0.000096 0.102195 0.045323
25.173198 1.260810 31.495866 1.789011
0.436452 0.093358 -0.006824 -0.001658
0.093358 0.043635 -0.001696 -0.000550
-0.006824 -0.001696 0.483541 0.102080
-0.001658 -0.000550 0.102080 0.045252
25.749281 1.249161 32.189973 1.746768
0.441087 0.094900 -0.007249 -0.001619
0.094900 0.044004 -0.001652 -0.000478
-0.007249 -0.001652 0.492137 0.103771
-0.001619 -0.000478 0.103771 0.045574
26.804506 1.342095 32.866680 1.705433
0.437710 0.094475 -0.015603 -0.003253
0.094475 0.043893 -0.003325 -0.000781
-0.015603 -0.003325 0.494517 0.104000
-0.003253 -0.000781 0.104000 0.045567
27.853338 1.424244 34.244635 1.815878
0.419443 0.090788 -0.031125 -0.006252
0.090788 0.043071 -0.006393 -0.001361
-0.031125 -0.006393 0.506538 0.106251
-0.006252 -0.001361 0.106251 0.045995
28.304960 1.368140 35.514005 1.890938
0.406238 0.088472 -0.037079 -0.006997
0.088472 0.042600 -0.007112 -0.001415
-0.037079 -0.007112 0.520753 0.108773
-0.006997 -0.001415 0.108773 0.046454
28.817654 1.329790 36.234679 1.843677
0.416569 0.091425 -0.041791 -0.007417
0.091425 0.043294 -0.007572 -0.001424
-0.041791 -0.007572 0.528745 0.109804
-0.007417 -0.001424 0.109804 0.046580
29.375264 1.306711 37.299173 1.872738
0.427586 0.094159 -0.037088 -0.005910
0.094159 0.043856 -0.005962 -0.001027
-0.037088 -0.005962 0.541418 0.111814
-0.005910 -0.001027 0.111814 0.046930
30.270017 1.360574 38.374977 1.902509
0.410745 0.090339 -0.047031 -0.007761
0.090339 0.042898 -0.007810 -0.001426
-0.047031 -0.007810 0.555217 0.113874
-0.007761 -0.001426 0.113874 0.047269
30.765293 1.320286 39.446194 1.925987
0.420468 0.092715 -0.058888 -0.009731
0.092715 0.043394 -0.009933 -0.001824
-0.058888 -0.009933 0.572487 0.116525
-0.009731 -0.001824 0.116525 0.047724
31.064206 1.241468 40.589748 1.960243
0.401736 0.088598 -0.053143 -0.008184
0.088598 0.042420 -0.008079 -0.001438
-0.053143 -0.008079 0.578521 0.116855
-0.008184 -0.001438 0.116855 0.047719
31.427248 1.186423 41.895502 2.023963
0.413481 0.091570 -0.054118 -0.008004
0.091570 0.043092 -0.007965 -0.001406
-0.054118 -0.007965 0.586826 0.117693
-0.008004 -0.001406 0.117693 0.047842
33.177852 1.437283 42.006563 1.852324
0.317819 0.070794 0.014525 0.005230
0.070794 0.038516 0.007124 0.001432
0.014525 0.007124 0.534429 0.106949
0.005230 0.001432 0.106949 0.045764
33.781560 1.409503 42.611654 1.787445
0.330294 0.075635 0.015287 0.004493
0.075635 0.039923 0.005908 0.000977
0.015287 0.005908 0.521163 0.104572
0.004493 0.000977 0.104572 0.045442
34.368553 1.380850 42.989994 1.683332
0.346769 0.080662 0.015743 0.003842
0.080662 0.041156 0.004898 0.000644
0.015743 0.004898 0.500512 0.100918
0.003842 0.000644 0.100918 0.044872
34.995619 1.366446 44.363445 1.791409
0.377384 0.088272 0.008596 0.001784
0.088272 0.042829 0.002408 0.000071
0.008596 0.002408 0.509646 0.103584
0.001784 0.000071 0.103584 0.045599
35.349442 1.289838 44.791631 1.696190
0.409633 0.095314 -0.005783 -0.001497
0.095314 0.044194 -0.001384 -0.000699
-0.005783 -0.001384 0.489496 0.099965
-0.001497 -0.000699 0.099965 0.044952
35.932789 1.275652 46.333093 1.838897
0.449696 0.103332 -0.021734 -0.004754
0.103332 0.045672 -0.005022 -0.001366
-0.021734 -0.005022 0.502351 0.103378
-0.004754 -0.001366 0.103378 0.045774
36.532588 1.266921 47.004997 1.787774
0.482900 0.108925 -0.028776 -0.005830
0.108925 0.046500 -0.006204 -0.001473
-0.028776 -0.006204 0.469615 0.096960
-0.005830 -0.001473 0.096960 0.044465
