1.639603 1.617950 -0.735128 -1.186105
2.321717 0.928707 -0.479840 -0.191940
0.928707 80.375558 -0.191940 -0.076778
-0.479840 -0.191940 4.602333 1.840973
-0.191940 -0.076778 1.840973 80.740472
6.157967 8.148981 -1.503280 -1.326292
2.999176 5.238694 -1.271002 -1.904818
5.238694 17.075279 -2.148342 -4.449570
-1.271002 -2.148342 2.472994 3.875477
-1.904818 -4.449570 3.875477 19.874098
6.346415 3.948782 0.826578 2.010998
1.394247 1.603431 0.868744 1.261630
1.603431 3.723625 1.009912 0.950447
0.868744 1.009912 0.759324 1.062085
1.261630 0.950447 1.062085 4.363733
7.523066 3.108120 1.830088 2.283874
1.453514 1.382750 0.497088 0.183833
1.382750 1.924641 0.181847 -0.128268
0.497088 0.181847 1.134081 1.393385
0.183833 -0.128268 1.393385 2.349637
6.833735 1.389587 3.693204 3.190465
0.676370 0.442909 0.442926 0.289211
0.442909 0.534730 0.174901 0.168397
0.442926 0.174901 1.300889 1.050500
0.289211 0.168397 1.050500 1.038593
7.167283 1.142052 5.713393 3.472350
0.635484 0.378478 0.099924 0.026741
0.378478 0.357090 -0.027015 0.010238
0.099924 -0.027015 1.302836 0.797935
0.026741 0.010238 0.797935 0.585866
8.858990 1.713410 7.417686 3.438614
0.760772 0.387803 -0.019769 -0.021990
0.387803 0.276362 -0.052975 -0.002114
-0.019769 -0.052975 1.303836 0.634811
-0.021990 -0.002114 0.634811 0.369201
9.820206 1.771576 8.228232 3.071498
0.856040 0.372278 -0.162918 -0.065611
0.372278 0.214888 -0.088453 -0.016058
-0.162918 -0.088453 1.261401 0.509569
-0.065611 -0.016058 0.509569 0.248508
10.571271 1.723080 9.061944 2.826351
0.908387 0.340852 -0.234016 -0.073433
0.340852 0.167396 -0.090985 -0.015365
-0.234016 -0.090985 1.198746 0.414561
-0.073433 -0.015365 0.414561 0.176877
11.048786 1.597893 10.897961 2.950964
0.862802 0.284441 -0.218118 -0.055507
0.284441 0.125774 -0.067774 -0.007756
-0.218118 -0.067774 1.006846 0.305911
-0.055507 -0.007756 0.305911 0.121386
11.610636 1.513032 10.808988 2.513666
0.839046 0.247829 -0.224352 -0.048880
0.247829 0.100893 -0.058183 -0.005620
-0.224352 -0.058183 0.947313 0.258965
-0.048880 -0.005620 0.258965 0.096377
12.391576 1.513615 11.569875 2.387859
0.802603 0.215913 -0.215720 -0.040914
0.215913 0.083284 -0.047939 -0.003755
-0.215720 -0.047939 0.882938 0.220974
-0.040914 -0.003755 0.220974 0.079312
12.941657 1.458159 12.536604 2.330152
0.771367 0.192234 -0.177439 -0.027890
0.192234 0.071715 -0.033042 -0.001001
-0.177439 -0.033042 0.820815 0.191457
-0.027890 -0.001001 0.191457 0.067880
13.072928 1.319701 13.904582 2.364490
0.728940 0.170183 -0.158893 -0.022054
0.170183 0.062815 -0.026418 -0.000503
-0.158893 -0.026418 0.732796 0.161102
-0.022054 -0.000503 0.161102 0.058324
14.405835 1.474560 15.308147 2.424450
0.669835 0.148360 -0.139867 -0.017557
0.148360 0.055661 -0.020776 -0.000251
-0.139867 -0.020776 0.667375 0.140525
-0.017557 -0.000251 0.140525 0.052477
14.932709 1.419021 15.910226 2.293564
0.622977 0.132617 -0.128837 -0.015269
0.132617 0.051017 -0.017828 -0.000442
-0.128837 -0.017828 0.610335 0.124639
-0.015269 -0.000442 0.124639 0.048494
14.795652 1.231992 16.532305 2.170584
0.575992 0.119337 -0.113396 -0.012502
0.119337 0.047645 -0.014714 -0.000503
-0.113396 -0.014714 0.544170 0.109156
-0.012502 -0.000503 0.109156 0.045171
15.908104 1.321004 16.808974 2.015217
0.535154 0.109164 -0.098662 -0.010158
0.109164 0.045401 -0.011633 -0.000478
-0.098662 -0.011633 0.515025 0.102989
-0.010158 -0.000478 0.102989 0.044113
16.615617 1.324202 17.435489 1.938400
0.514762 0.104412 -0.087801 -0.008514
0.104412 0.044535 -0.009605 -0.000539
-0.087801 -0.009605 0.497928 0.099886
-0.008514 -0.000539 0.099886 0.043765
16.941114 1.260733 18.747795 2.002737
0.507304 0.102942 -0.075230 -0.006494
0.102942 0.044442 -0.007501 -0.000492
-0.075230 -0.007501 0.482075 0.097379
-0.006494 -0.000492 0.097379 0.043555
17.130683 1.177388 20.211966 2.090871
0.498436 0.101821 -0.034847 0.001021
0.101821 0.044513 0.000045 0.000710
-0.034847 0.000045 0.464208 0.095105
0.001021 0.000710 0.095105 0.043468
17.700709 1.172102 21.145932 2.067451
0.499238 0.102258 -0.028657 0.000956
0.102258 0.044767 0.000173 0.000343
-0.028657 0.000173 0.466463 0.096527
0.000956 0.000343 0.096527 0.043982
18.374833 1.185405 21.726048 1.973620
0.470736 0.096775 -0.010586 0.003148
0.096775 0.043798 0.002509 0.000464
-0.010586 0.002509 0.440795 0.092034
0.003148 0.000464 0.092034 0.043207
18.895687 1.173130 23.042120 2.042571
0.473014 0.098019 -0.002859 0.003477
0.098019 0.044259 0.002952 0.000320
-0.002859 0.002952 0.445943 0.094200
0.003477 0.000320 0.094200 0.043837
19.830131 1.244032 23.771991 1.982673
0.459511 0.095736 -0.004852 0.001763
0.095736 0.043902 0.001395 -0.000202
-0.004852 0.001395 0.439149 0.093423
0.001763 -0.000202 0.093423 0.043730
19.616407 1.071020 25.426266 2.121227
0.433155 0.090995 0.018397 0.005757
0.090995 0.043051 0.005399 0.000561
0.018397 0.005399 0.419874 0.090048
0.005757 0.000561 0.090048 0.043071
20.315511 1.105737 26.446580 2.112753
0.429194 0.091209 0.014355 0.003763
0.091209 0.043255 0.003502 0.000055
0.014355 0.003502 0.423710 0.091737
0.003763 0.000055 0.091737 0.043500
21.133270 1.162783 27.195444 2.045702
0.437722 0.093935 0.013050 0.002735
0.093935 0.043931 0.002524 -0.000159
0.013050 0.002524 0.436376 0.095054
0.002735 -0.000159 0.095054 0.044213
22.249957 1.278596 28.036489 2.005295
0.430132 0.092783 0.016430 0.002985
0.092783 0.043672 0.002793 -0.000049
0.016430 0.002793 0.438941 0.095731
0.002985 -0.000049 0.095731 0.044265
22.806849 1.260287 29.204352 2.041535
0.443687 0.096215 0.020692 0.003475
0.096215 0.044407 0.003287 0.000110
0.020692 0.003287 0.462457 0.100849
0.003475 0.000110 0.100849 0.045279
23.454195 1.265472 29.784505 1.945846
0.454626 0.098684 0.013359 0.001497
0.098684 0.044856 0.001345 -0.000259
0.013359 0.001345 0.473044 0.102633
0.001497 -0.000259 0.102633 0.045487
23.803310 1.204574 30.591547 1.910984
0.442323 0.095831 0.003348 -0.000692
0.095831 0.044114 -0.000872 -0.000624
0.003348 -0.000872 0.475548 0.102531
-0.000692 -0.000624 0.102531 0.045298
24.517342 1.228172 31.763605 1.957099
0.448740 0.097290 -0.003148 -0.001916
0.097290 0.044381 -0.002116 -0.000763
-0.003148 -0.002116 0.495466 0.106219
-0.001916 -0.000763 0.106219 0.045968
25.236277 1.250287 33.011368 2.014112
0.456223 0.098800 -0.008615 -0.002780
0.098800 0.044633 -0.002992 -0.000823
-0.008615 -0.002992 0.516804 0.109884
-0.002780 -0.000823 0.109884 0.046596
26.546745 1.397585 34.521864 2.119173
0.442441 0.095576 -0.025911 -0.006021
0.095576 0.043852 -0.006327 -0.001404
-0.025911 -0.006327 0.533418 0.112284
-0.006021 -0.001404 0.112284 0.046939
26.563840 1.250247 35.209183 2.041605
0.418390 0.090435 -0.034159 -0.007090
0.090435 0.042732 -0.007398 -0.001482
-0.034159 -0.007398 0.529034 0.110175
-0.007090 -0.001482 0.110175 0.046352
27.257972 1.265293 36.252813 2.046432
0.422481 0.091856 -0.038908 -0.007389
0.091856 0.043121 -0.007676 -0.001419
-0.038908 -0.007676 0.540572 0.111726
-0.007389 -0.001419 0.111726 0.046622
27.706079 1.224654 37.156877 2.021436
0.430647 0.093935 -0.048543 -0.008731
0.093935 0.043591 -0.009082 -0.001622
-0.048543 -0.009082 0.550750 0.112951
-0.008731 -0.001622 0.112951 0.046829
28.606651 1.286641 37.907962 1.969689
0.396611 0.086563 -0.046005 -0.007712
0.086563 0.041946 -0.007827 -0.001329
-0.046005 -0.007827 0.547149 0.111417
-0.007712 -0.001329 0.111417 0.046492
29.737693 1.392792 38.599435 1.912685
0.400888 0.088256 -0.046181 -0.007259
0.088256 0.042420 -0.007374 -0.001210
-0.046181 -0.007374 0.547750 0.111003
-0.007259 -0.001210 0.111003 0.046439
30.471643 1.400414 39.434871 1.888435
0.410458 0.090834 -0.048212 -0.007276
0.090834 0.043010 -0.007434 -0.001220
-0.048212 -0.007434 0.553141 0.111691
-0.007276 -0.001220 0.111691 0.046628
30.801782 1.319547 40.598654 1.930303
0.415034 0.091995 -0.044989 -0.006334
0.091995 0.043219 -0.006373 -0.001026
-0.044989 -0.006373 0.561111 0.112955
-0.006334 -0.001026 0.112955 0.046935
31.746631 1.383300 41.621481 1.943846
0.431640 0.095701 -0.036876 -0.004476
0.095701 0.043977 -0.004466 -0.000670
-0.036876 -0.004466 0.558556 0.112096
-0.004476 -0.000670 0.112096 0.046807
32.363241 1.362956 42.010861 1.826449
0.453635 0.100112 -0.040690 -0.005202
0.100112 0.044807 -0.005519 -0.000937
-0.040690 -0.005519 0.542562 0.108617
-0.005202 -0.000937 0.108617 0.046159
32.879099 1.322573 42.281151 1.696201
0.462649 0.101268 -0.039650 -0.004997
0.101268 0.044874 -0.005402 -0.000964
-0.039650 -0.005402 0.524633 0.105160
-0.004997 -0.000964 0.105160 0.045580
33.642730 1.347655 43.588931 1.789614
0.461989 0.100333 -0.030752 -0.003299
0.100333 0.044532 -0.003436 -0.000624
-0.030752 -0.003436 0.531941 0.107159
-0.003299 -0.000624 0.107159 0.046146
34.069125 1.296001 44.808986 1.853966
0.480145 0.103579 -0.036290 -0.004561
0.103579 0.045144 -0.004851 -0.000965
-0.036290 -0.004851 0.532304 0.107452
-0.004561 -0.000965 0.107452 0.046280
34.832657 1.322242 46.010776 1.910296
0.501903 0.107394 -0.034002 -0.004098
0.107394 0.045860 -0.004502 -0.000908
-0.034002 -0.004502 0.517979 0.104776
-0.004098 -0.000908 0.104776 0.045800
35.512513 1.327040 47.128466 1.943469
0.518780 0.109890 -0.031071 -0.003576
0.109890 0.046265 -0.004101 -0.000849
-0.031071 -0.004101 0.491121 0.099767
-0.003576 -0.000849 0.099767 0.044872
36.075735 1.303743 47.623605 1.845177
0.550365 0.115270 -0.047098 -0.006910
0.115270 0.047262 -0.007665 -0.001588
-0.047098 -0.007665 0.469845 0.096169
-0.006910 -0.001588 0.096169 0.044260
