0.318619 1.089545 1.408387 -0.328680
1.350120 0.540060 0.549310 0.219729
0.540060 80.220095 0.219729 0.087893
0.549310 0.219729 3.258816 1.303555
0.219729 0.087893 1.303555 80.525500
2.874120 4.731183 3.019702 2.565090
2.408087 4.562299 -1.999574 -3.486300
4.562299 13.511489 -3.841193 -5.070163
-1.999574 -3.841193 2.745330 4.722891
-3.486300 -5.070163 4.722891 18.635254
10.578205 9.661323 -4.921997 -8.094241
3.822942 4.051724 -3.366785 -3.302662
4.051724 5.335520 -2.949108 -2.767184
-3.366785 -2.949108 6.812509 8.053025
-3.302662 -2.767184 8.053025 11.485421
8.658683 4.775793 -3.159560 -4.205056
1.224981 1.029872 0.854746 0.889907
1.029872 1.233670 0.724816 0.645121
0.854746 0.724816 0.679151 0.690105
0.889907 0.645121 0.690105 1.333494
12.915091 3.908276 2.804395 4.901792
0.991718 0.674831 0.583701 0.320555
0.674831 0.600637 0.395971 0.234587
0.583701 0.395971 0.347522 0.193516
0.320555 0.234587 0.193516 0.269534
10.911441 1.763263 3.119459 4.014709
0.272268 0.148061 0.145747 0.059216
0.148061 0.161311 0.055314 0.032210
0.145747 0.055314 0.134793 0.118490
0.059216 0.032210 0.118490 0.179406
10.110951 0.912941 4.424443 3.798532
0.216164 0.109416 0.089400 0.027036
0.109416 0.106646 0.013489 0.010138
0.089400 0.013489 0.226443 0.175345
0.027036 0.010138 0.175345 0.166126
10.451577 0.831353 6.623331 3.993682
0.281321 0.132902 0.064186 0.010135
0.132902 0.097801 0.001246 0.002770
0.064186 0.001246 0.367605 0.218085
0.010135 0.002770 0.218085 0.147984
10.515381 0.697262 8.275835 3.847334
0.329774 0.140103 -0.006893 -0.019884
0.140103 0.085754 -0.023863 -0.007691
-0.006893 -0.023863 0.478217 0.228195
-0.019884 -0.007691 0.228195 0.123533
10.467971 0.554509 9.968888 3.765906
0.421533 0.158505 -0.052455 -0.030638
0.158505 0.081257 -0.032499 -0.008968
-0.052455 -0.032499 0.586377 0.232137
-0.030638 -0.008968 0.232137 0.105435
9.612756 0.208077 8.839082 2.760590
0.412463 0.139132 -0.217215 -0.077426
0.139132 0.066300 -0.076188 -0.021585
-0.217215 -0.076188 0.410339 0.140641
-0.077426 -0.021585 0.140641 0.061772
10.691589 0.505996 9.744415 2.621191
0.457369 0.139697 -0.230787 -0.067855
0.139697 0.061000 -0.066660 -0.015562
-0.230787 -0.066660 0.472547 0.144176
-0.067855 -0.015562 0.144176 0.058093
11.539944 0.667551 10.519791 2.478983
0.501119 0.140557 -0.230555 -0.057204
0.140557 0.057428 -0.055818 -0.010783
-0.230555 -0.055818 0.531592 0.147222
-0.057204 -0.010783 0.147222 0.055656
11.407157 0.571076 12.959033 2.784863
0.537890 0.140343 -0.212518 -0.044739
0.140343 0.054680 -0.044234 -0.006944
-0.212518 -0.044234 0.534828 0.136262
-0.044739 -0.006944 0.136262 0.050495
12.301984 0.718638 14.081455 2.732012
0.542397 0.132850 -0.183695 -0.033085
0.132850 0.050922 -0.032417 -0.003987
-0.183695 -0.032417 0.540992 0.129175
-0.033085 -0.003987 0.129175 0.047560
12.962260 0.781360 15.082310 2.653696
0.553395 0.128527 -0.164920 -0.025896
0.128527 0.048711 -0.025287 -0.002564
-0.164920 -0.025287 0.548781 0.124223
-0.025896 -0.002564 0.124223 0.045777
13.220612 0.743790 16.118429 2.585978
0.555959 0.123492 -0.148666 -0.020786
0.123492 0.046847 -0.020689 -0.001934
-0.148666 -0.020689 0.531639 0.115162
-0.020786 -0.001934 0.115162 0.043521
14.199344 0.889443 17.916401 2.707841
0.539465 0.115871 -0.120204 -0.014314
0.115871 0.044916 -0.014253 -0.001032
-0.120204 -0.014253 0.510368 0.107404
-0.014314 -0.001032 0.107404 0.042050
14.783499 0.919923 19.300428 2.717015
0.534386 0.112181 -0.092285 -0.008581
0.112181 0.044197 -0.008586 -0.000286
-0.092285 -0.008586 0.499086 0.103242
-0.008581 -0.000286 0.103242 0.041609
16.278074 1.129366 20.319522 2.665818
0.500790 0.103176 -0.075184 -0.006300
0.103176 0.042485 -0.006159 -0.000354
-0.075184 -0.006159 0.473690 0.096851
-0.006300 -0.000354 0.096851 0.040754
17.274942 1.212636 21.316459 2.603792
0.497486 0.101894 -0.052750 -0.002522
0.101894 0.042643 -0.002309 0.000077
-0.052750 -0.002309 0.475130 0.097097
-0.002522 0.000077 0.097097 0.041412
17.725974 1.173519 22.152102 2.505687
0.505322 0.102996 -0.047753 -0.002488
0.102996 0.043234 -0.002367 -0.000254
-0.047753 -0.002367 0.479054 0.097792
-0.002488 -0.000254 0.097792 0.042041
18.411004 1.194526 23.475830 2.521464
0.476788 0.097105 -0.020238 0.001771
0.097105 0.042418 0.001835 0.000277
-0.020238 0.001835 0.451639 0.092483
0.001771 0.000277 0.092483 0.041432
18.702536 1.126486 24.209690 2.409643
0.463000 0.094710 -0.008093 0.002843
0.094710 0.042338 0.002838 0.000214
-0.008093 0.002838 0.434991 0.089780
0.002843 0.000214 0.089780 0.041345
19.103590 1.094711 25.633117 2.454105
0.464230 0.095667 0.003245 0.003971
0.095667 0.042924 0.003982 0.000278
0.003245 0.003982 0.441771 0.092200
0.003971 0.000278 0.092200 0.042283
19.854116 1.133584 26.185119 2.313116
0.456574 0.094627 0.001354 0.002345
0.094627 0.042994 0.002371 -0.000197
0.001354 0.002371 0.436583 0.091783
0.002345 -0.000197 0.091783 0.042481
20.438034 1.137287 27.387838 2.322939
0.458534 0.095737 0.015211 0.004421
0.095737 0.043484 0.004428 0.000203
0.015211 0.004428 0.448369 0.095019
0.004421 0.000203 0.095019 0.043408
21.312830 1.201524 28.511979 2.315182
0.447507 0.093940 0.007070 0.001769
0.093940 0.043279 0.001807 -0.000391
0.007070 0.001807 0.451804 0.096092
0.001769 -0.000391 0.096092 0.043752
22.095802 1.240336 28.984906 2.169127
0.456638 0.096527 0.006664 0.001178
0.096527 0.043987 0.001212 -0.000465
0.006664 0.001212 0.458259 0.097689
0.001178 -0.000465 0.097689 0.044163
22.509745 1.196801 29.883230 2.129659
0.463238 0.098264 0.013572 0.002315
0.098264 0.044423 0.002327 -0.000151
0.013572 0.002327 0.472602 0.100791
0.002315 -0.000151 0.100791 0.044846
23.501570 1.279860 31.228334 2.188524
0.447550 0.095087 0.004029 -0.000028
0.095087 0.043767 -0.000065 -0.000591
0.004029 -0.000065 0.482510 0.102673
-0.000028 -0.000591 0.102673 0.045213
24.336904 1.321545 32.330472 2.189793
0.454953 0.097087 0.002086 -0.000491
0.097087 0.044257 -0.000541 -0.000586
0.002086 -0.000541 0.499177 0.105816
-0.000491 -0.000586 0.105816 0.045823
24.596822 1.236652 32.991586 2.099162
0.449637 0.096130 -0.004060 -0.001721
0.096130 0.044057 -0.001794 -0.000741
-0.004060 -0.001794 0.501568 0.105694
-0.001721 -0.000741 0.105694 0.045708
25.915549 1.387130 33.765115 2.040243
0.428376 0.091809 -0.009574 -0.002647
0.091809 0.043143 -0.002758 -0.000825
-0.009574 -0.002758 0.497859 0.104385
-0.002647 -0.000825 0.104385 0.045381
26.579246 1.381352 33.930359 1.861616
0.417906 0.090152 -0.011841 -0.002829
0.090152 0.042863 -0.002932 -0.000754
-0.011841 -0.002932 0.485874 0.101548
-0.002829 -0.000754 0.101548 0.044785
26.888299 1.298414 34.890731 1.867861
0.431545 0.093787 -0.019750 -0.004203
0.093787 0.043724 -0.004350 -0.000968
-0.019750 -0.004350 0.506476 0.105848
-0.004203 -0.000968 0.105848 0.045743
27.194177 1.223459 35.603596 1.821589
0.454655 0.099027 -0.027543 -0.005425
0.099027 0.044830 -0.005622 -0.001145
-0.027543 -0.005622 0.521767 0.108640
-0.005425 -0.001145 0.108640 0.046300
27.161265 1.083959 36.804438 1.880641
0.409175 0.088793 -0.032180 -0.006006
0.088793 0.042469 -0.006119 -0.001184
-0.032180 -0.006119 0.532334 0.110239
-0.006006 -0.001184 0.110239 0.046576
28.347212 1.225761 38.083152 1.952060
0.368631 0.080553 -0.041995 -0.007681
0.080553 0.040744 -0.007749 -0.001479
-0.041995 -0.007749 0.547515 0.112697
-0.007681 -0.001479 0.112697 0.047024
29.396247 1.323302 39.167887 1.976055
0.361018 0.080208 -0.043826 -0.007533
0.080208 0.040856 -0.007545 -0.001373
-0.043826 -0.007545 0.558971 0.114265
-0.007533 -0.001373 0.114265 0.047279
30.068891 1.325874 40.173029 1.979591
0.377469 0.085093 -0.047136 -0.007668
0.085093 0.042062 -0.007796 -0.001370
-0.047136 -0.007796 0.566904 0.115062
-0.007668 -0.001370 0.115062 0.047382
31.186685 1.429148 41.131204 1.975896
0.364385 0.082666 -0.036662 -0.005250
0.082666 0.041463 -0.005006 -0.000814
-0.036662 -0.005006 0.567589 0.114514
-0.005250 -0.000814 0.114514 0.047248
32.017827 1.454922 41.965052 1.945614
0.388656 0.088847 -0.033742 -0.004419
0.088847 0.042849 -0.004344 -0.000695
-0.033742 -0.004344 0.558695 0.112159
-0.004419 -0.000695 0.112159 0.046779
32.930132 1.497224 42.942599 1.947668
0.386298 0.088240 -0.017719 -0.001249
0.088240 0.042548 -0.000797 -0.000053
-0.017719 -0.000797 0.546708 0.109584
-0.001249 -0.000053 0.109584 0.046340
33.320095 1.413559 43.571508 1.876618
0.396905 0.090529 -0.016335 -0.001244
0.090529 0.042927 -0.001005 -0.000193
-0.016335 -0.001005 0.526476 0.105559
-0.001244 -0.000193 0.105559 0.045632
33.970279 1.399341 44.206764 1.815322
0.402063 0.091367 -0.003678 0.001022
0.091367 0.042966 0.001396 0.000214
-0.003678 0.001396 0.499292 0.100563
0.001022 0.000214 0.100563 0.044788
34.646231 1.395396 45.537799 1.901251
0.427779 0.096722 -0.005065 0.000344
0.096722 0.044033 0.000519 -0.000042
-0.005065 0.000519 0.496549 0.100854
0.000344 -0.000042 0.100854 0.045042
35.670633 1.466348 45.616817 1.723671
0.413641 0.092726 0.042537 0.009688
0.092726 0.042954 0.010533 0.001947
0.042537 0.010533 0.399281 0.081806
0.009688 0.001947 0.081806 0.041302
35.964390 1.368262 46.513975 1.731589
0.435811 0.097239 0.023858 0.004571
0.097239 0.043894 0.005036 0.000601
0.023858 0.005036 0.403404 0.085082
0.004571 0.000601 0.085082 0.042379
36.808099 1.404092 47.133961 1.678250
0.465564 0.102997 0.020225 0.003216
0.102997 0.045038 0.003686 0.000289
0.020225 0.003686 0.379363 0.081666
0.003216 0.000289 0.081666 0.041814
