1.760512 1.666314 1.455068 -0.310008
1.213063 0.485236 0.585812 0.234330
0.485236 80.198165 0.234330 0.093734
0.585812 0.234330 3.240461 1.296212
0.234330 0.093734 1.296212 80.522563
4.799964 5.831738 0.468464 -1.828335
3.060424 5.785471 -1.295963 -2.346323
5.785471 15.340540 -2.586491 -2.916136
-1.295963 -2.586491 3.150972 5.382251
-2.346323 -2.916136 5.382251 19.652511
6.065533 4.150192 1.283766 0.005487
2.492294 2.695189 -0.053275 0.222102
2.695189 3.941560 0.029378 0.619191
-0.053275 0.029378 1.430552 1.666555
0.222102 0.619191 1.666555 4.281951
6.779260 3.146771 1.878926 0.473547
1.685708 1.283081 0.276760 0.340770
1.283081 1.389830 0.259050 0.368403
0.276760 0.259050 1.249715 1.152977
0.340770 0.368403 1.152977 1.857620
8.232609 3.099679 3.610187 1.553376
1.094569 0.654790 0.319533 0.244755
0.654790 0.604960 0.207737 0.181590
0.319533 0.207737 1.119734 0.814127
0.244755 0.181590 0.814127 0.941046
8.811856 2.610292 4.084914 1.381980
0.774852 0.390667 0.130269 0.070903
0.390667 0.323627 0.065961 0.048048
0.130269 0.065961 1.261245 0.749369
0.070903 0.048048 0.749369 0.629051
8.742554 1.997543 5.937362 1.962940
0.534239 0.237348 0.037678 0.014796
0.237348 0.188157 0.014733 0.013245
0.037678 0.014733 1.192967 0.586576
0.014796 0.013245 0.586576 0.399196
9.144837 1.755503 6.529070 1.801056
0.541361 0.219975 -0.089355 -0.038720
0.219975 0.147415 -0.037070 -0.010967
-0.089355 -0.037070 1.122341 0.470435
-0.038720 -0.010967 0.470435 0.271531
9.881104 1.699928 6.453092 1.443029
0.643205 0.237415 -0.142750 -0.049530
0.237415 0.131121 -0.048895 -0.013531
-0.142750 -0.048895 1.173090 0.428780
-0.049530 -0.013531 0.428780 0.211110
10.734208 1.706363 8.101644 1.743896
0.663066 0.220649 -0.158448 -0.046269
0.220649 0.108244 -0.046867 -0.011327
-0.158448 -0.046867 1.046505 0.338382
-0.046269 -0.011327 0.338382 0.152191
11.581819 1.706106 9.163597 1.799613
0.663840 0.200991 -0.164810 -0.041764
0.200991 0.090459 -0.042968 -0.009267
-0.164810 -0.042968 0.955172 0.278731
-0.041764 -0.009267 0.278731 0.117080
12.244641 1.655357 10.364090 1.878567
0.680424 0.189626 -0.163468 -0.036345
0.189626 0.079300 -0.037992 -0.007334
-0.163468 -0.037992 0.890516 0.238392
-0.036345 -0.007334 0.238392 0.095180
13.372778 1.737934 11.726334 1.988492
0.661761 0.171457 -0.139638 -0.027013
0.171457 0.069002 -0.028565 -0.004765
-0.139638 -0.028565 0.812359 0.202388
-0.027013 -0.004765 0.202388 0.079023
14.383159 1.774130 12.866686 2.024870
0.631923 0.153738 -0.139961 -0.025322
0.153738 0.060915 -0.026829 -0.004452
-0.139961 -0.026829 0.746066 0.175057
-0.025322 -0.004452 0.175057 0.067938
15.020735 1.714269 13.731973 1.988364
0.620128 0.143488 -0.131936 -0.021904
0.143488 0.056173 -0.023288 -0.003685
-0.131936 -0.023288 0.707586 0.158458
-0.021904 -0.003685 0.158458 0.061282
15.849837 1.707018 14.639021 1.968987
0.596556 0.132789 -0.093562 -0.012616
0.132789 0.052319 -0.013649 -0.001704
-0.093562 -0.013649 0.664341 0.143718
-0.012616 -0.001704 0.143718 0.056254
15.884277 1.533284 16.014116 2.041621
0.564229 0.121784 -0.071570 -0.008153
0.121784 0.049032 -0.009212 -0.001060
-0.071570 -0.009212 0.594303 0.125138
-0.008153 -0.001060 0.125138 0.051150
16.122588 1.420690 16.994183 2.026978
0.566677 0.119540 -0.078487 -0.009793
0.119540 0.048073 -0.010859 -0.001619
-0.078487 -0.010859 0.578427 0.119802
-0.009793 -0.001619 0.119802 0.049426
17.270372 1.517321 18.561898 2.146271
0.556205 0.115304 -0.070408 -0.008313
0.115304 0.046941 -0.009208 -0.001441
-0.070408 -0.009208 0.561194 0.115052
-0.008313 -0.001441 0.115052 0.048112
18.759314 1.662489 19.079620 2.040161
0.525628 0.107884 -0.036865 -0.001967
0.107884 0.045392 -0.002542 -0.000269
-0.036865 -0.002542 0.539333 0.110189
-0.001967 -0.000269 0.110189 0.047001
19.397619 1.622409 20.029414 2.024022
0.518045 0.105925 -0.020551 0.000543
0.105925 0.045109 0.000047 0.000051
-0.020551 0.000047 0.526451 0.107457
0.000543 0.000051 0.107457 0.046406
19.982216 1.575521 20.950357 2.003725
0.518974 0.105875 -0.022641 -0.000786
0.105875 0.045227 -0.001214 -0.000389
-0.022641 -0.001214 0.523709 0.106905
-0.000786 -0.000389 0.106905 0.046284
20.307966 1.480104 21.734499 1.956378
0.509450 0.103827 -0.019562 -0.000900
0.103827 0.044942 -0.001264 -0.000517
-0.019562 -0.001264 0.510124 0.104225
-0.000900 -0.000517 0.104225 0.045747
20.648417 1.397100 22.393199 1.888858
0.498180 0.101715 -0.008108 0.000810
0.101715 0.044674 0.000499 -0.000231
-0.008108 0.000499 0.496161 0.101736
0.000810 -0.000231 0.101736 0.045297
20.688516 1.261769 23.217859 1.861756
0.475468 0.097427 -0.007118 0.000277
0.097427 0.043960 0.000029 -0.000406
-0.007118 0.000029 0.471433 0.097148
0.000277 -0.000406 0.097148 0.044424
20.879121 1.171738 24.553797 1.944822
0.458239 0.094643 0.002318 0.001692
0.094643 0.043591 0.001490 -0.000129
0.002318 0.001490 0.456643 0.094962
0.001692 -0.000129 0.094962 0.044095
21.300968 1.137775 25.754196 1.992469
0.468466 0.097721 0.004435 0.001607
0.097721 0.044426 0.001441 -0.000154
0.004435 0.001441 0.470773 0.098881
0.001607 -0.000154 0.098881 0.045025
21.369904 1.032863 26.558403 1.951715
0.477883 0.100243 0.001011 0.000446
0.100243 0.045033 0.000313 -0.000386
0.001011 0.000313 0.480555 0.101381
0.000446 -0.000386 0.101381 0.045539
21.741604 1.002322 27.961380 2.041930
0.468403 0.098483 0.007526 0.001573
0.098483 0.044666 0.001458 -0.000103
0.007526 0.001458 0.484819 0.102396
0.001573 -0.000103 0.102396 0.045680
21.886509 0.927314 28.775024 1.998388
0.476521 0.100560 -0.000695 -0.000461
0.100560 0.045129 -0.000556 -0.000503
-0.000695 -0.000556 0.494479 0.104412
-0.000461 -0.000503 0.104412 0.046020
22.614244 0.982675 30.264245 2.101421
0.444080 0.093807 0.000347 -0.000253
0.093807 0.043672 -0.000349 -0.000384
0.000347 -0.000349 0.489825 0.103184
-0.000253 -0.000384 0.103184 0.045651
23.576321 1.082304 31.953844 2.235472
0.434875 0.092572 -0.018391 -0.004214
0.092572 0.043499 -0.004358 -0.001168
-0.018391 -0.004358 0.506776 0.106641
-0.004214 -0.001168 0.106641 0.046316
24.614263 1.188900 32.071437 2.025915
0.431314 0.092526 -0.008622 -0.001794
0.092526 0.043555 -0.001861 -0.000523
-0.008622 -0.001861 0.490056 0.102687
-0.001794 -0.000523 0.102687 0.045373
25.042420 1.153045 33.284136 2.067705
0.432156 0.093314 -0.013927 -0.002788
0.093314 0.043752 -0.002872 -0.000686
-0.013927 -0.002872 0.506358 0.106064
-0.002788 -0.000686 0.106064 0.046066
24.862182 0.989034 34.524774 2.110311
0.404787 0.087799 -0.015383 -0.002908
0.087799 0.042539 -0.002961 -0.000655
-0.015383 -0.002961 0.513171 0.107133
-0.002908 -0.000655 0.107133 0.046219
25.653880 1.053895 35.374022 2.067841
0.416059 0.091134 -0.015921 -0.002809
0.091134 0.043337 -0.002861 -0.000589
-0.015921 -0.002861 0.521259 0.108404
-0.002809 -0.000589 0.108404 0.046417
26.258110 1.070404 36.090082 2.002133
0.423096 0.093063 -0.024418 -0.004395
0.093063 0.043716 -0.004549 -0.000911
-0.024418 -0.004549 0.526761 0.109054
-0.004395 -0.000911 0.109054 0.046484
27.509333 1.230231 38.033881 2.198126
0.380943 0.083859 -0.036889 -0.006774
0.083859 0.041592 -0.006920 -0.001376
-0.036889 -0.006920 0.554685 0.114314
-0.006774 -0.001376 0.114314 0.047514
28.140814 1.231987 38.552163 2.079289
0.394042 0.087749 -0.034286 -0.005725
0.087749 0.042549 -0.005868 -0.001080
-0.034286 -0.005868 0.545311 0.111517
-0.005725 -0.001080 0.111517 0.046828
28.675207 1.212969 39.405580 2.041009
0.408809 0.091450 -0.038560 -0.006234
0.091450 0.043331 -0.006474 -0.001168
-0.038560 -0.006474 0.550010 0.111946
-0.006234 -0.001168 0.111946 0.046889
29.401424 1.239053 40.264624 2.008783
0.431615 0.096497 -0.039435 -0.006015
0.096497 0.044332 -0.006322 -0.001101
-0.039435 -0.006322 0.551768 0.111833
-0.006015 -0.001101 0.111833 0.046856
29.961450 1.224167 40.937542 1.941406
0.445395 0.098968 -0.039543 -0.005758
0.098968 0.044673 -0.006101 -0.001050
-0.039543 -0.006101 0.546669 0.110426
-0.005758 -0.001050 0.110426 0.046582
31.330710 1.389240 41.491690 1.861265
0.413710 0.091266 -0.021089 -0.002060
0.091266 0.042787 -0.001872 -0.000256
-0.021089 -0.001872 0.536366 0.108266
-0.002060 -0.000256 0.108266 0.046209
31.260749 1.218107 41.954277 1.762968
0.421173 0.092905 -0.030605 -0.004159
0.092905 0.043136 -0.004256 -0.000813
-0.030605 -0.004256 0.529533 0.106898
-0.004159 -0.000813 0.106898 0.046000
33.295970 1.530507 42.360751 1.673620
0.322879 0.071360 0.026590 0.006939
0.071360 0.038409 0.008261 0.001591
0.026590 0.008261 0.506811 0.102777
0.006939 0.001591 0.102777 0.045309
33.865766 1.485800 43.018894 1.636877
0.356037 0.080827 0.012046 0.003058
0.080827 0.040905 0.003719 0.000484
0.012046 0.003719 0.507469 0.103439
0.003058 0.000484 0.103439 0.045564
34.691985 1.505281 44.453504 1.763026
0.383070 0.087763 0.008888 0.001919
0.087763 0.042521 0.002366 0.000154
0.008888 0.002366 0.516848 0.105799
0.001919 0.000154 0.105799 0.046128
36.023228 1.637818 44.437280 1.578624
0.375777 0.085986 0.057120 0.011499
0.085986 0.041962 0.013012 0.002335
0.057120 0.013012 0.420027 0.086091
0.011499 0.002335 0.086091 0.042096
36.673217 1.597888 45.547898 1.646895
0.406772 0.093209 0.038528 0.006343
0.093209 0.043543 0.007285 0.000950
0.038528 0.007285 0.429310 0.090079
0.006343 0.000950 0.090079 0.043274
36.972483 1.482506 46.689230 1.717567
0.433591 0.098702 0.011603 0.000010
0.098702 0.044586 0.000465 -0.000507
0.011603 0.000465 0.440763 0.093985
0.000010 -0.000507 0.093985 0.044263
