2.586547 1.996736 3.963338 0.693323
0.920249 0.368108 0.738828 0.295538
0.368108 80.151313 0.295538 0.118218
0.738828 0.295538 2.652949 1.061202
0.295538 0.118218 1.061202 80.428557
2.395897 -0.137450 2.525049 -2.321911
3.316662 6.383034 -1.165475 -2.255161
6.383034 15.637754 -2.467568 -2.397518
-1.165475 -2.467568 3.619181 6.363940
-2.255161 -2.397518 6.363940 20.012408
3.062652 0.719767 3.065710 -0.361374
2.881031 2.975280 -1.547811 -1.483479
2.975280 3.866080 -1.530117 -0.962595
-1.547811 -1.530117 2.298328 2.433406
-1.483479 -0.962595 2.433406 4.633861
6.804034 3.318051 3.226468 0.411415
1.965787 1.402253 -1.095223 -0.695066
1.402253 1.316177 -0.691297 -0.283219
-1.095223 -0.691297 1.685544 1.338416
-0.695066 -0.283219 1.338416 1.796621
7.870616 3.021249 4.147824 0.844515
0.942143 0.552840 -0.130603 0.032438
0.552840 0.487915 0.024974 0.129221
-0.130603 0.024974 1.284334 0.901917
0.032438 0.129221 0.901917 0.961388
7.614809 2.191001 5.454832 1.201624
0.638977 0.316314 -0.007347 0.049877
0.316314 0.252807 0.063146 0.073307
-0.007347 0.063146 1.306403 0.747448
0.049877 0.073307 0.747448 0.597974
8.881512 2.258115 5.833148 1.105380
0.706850 0.303924 -0.080373 -0.000231
0.303924 0.194133 0.007637 0.022145
-0.080373 0.007637 1.327476 0.624612
-0.000231 0.022145 0.624612 0.397890
10.065994 2.295134 7.097860 1.394570
0.744475 0.281215 -0.111146 -0.017052
0.281215 0.152256 -0.015228 0.003946
-0.111146 -0.015228 1.214911 0.485767
-0.017052 0.003946 0.485767 0.265132
10.707053 2.118401 7.493163 1.274092
0.696106 0.233185 -0.165221 -0.038985
0.233185 0.114348 -0.037245 -0.007982
-0.165221 -0.037245 1.121706 0.390879
-0.038985 -0.007982 0.390879 0.188842
11.631040 2.075664 8.045657 1.244416
0.692170 0.210138 -0.183198 -0.042025
0.210138 0.094308 -0.041461 -0.009895
-0.183198 -0.041461 1.058769 0.329184
-0.042025 -0.009895 0.329184 0.144321
11.106898 1.636233 8.773451 1.244221
0.582745 0.161839 -0.208201 -0.048161
0.161839 0.072011 -0.047206 -0.012003
-0.208201 -0.047206 0.925654 0.260444
-0.048161 -0.012003 0.260444 0.108681
11.885442 1.629703 9.706966 1.325811
0.593909 0.155245 -0.180084 -0.036494
0.155245 0.065588 -0.036839 -0.008496
-0.180084 -0.036839 0.857810 0.223422
-0.036494 -0.008496 0.223422 0.089526
13.505169 1.825218 9.868353 1.215790
0.539185 0.133087 -0.166802 -0.031831
0.133087 0.056612 -0.032024 -0.007238
-0.166802 -0.032024 0.784365 0.191223
-0.031831 -0.007238 0.191223 0.075323
14.310649 1.806960 11.069554 1.353250
0.544164 0.129010 -0.146814 -0.025253
0.129010 0.053645 -0.026025 -0.005550
-0.146814 -0.026025 0.733782 0.169764
-0.025253 -0.005550 0.169764 0.066324
15.182555 1.813333 12.842402 1.599216
0.532287 0.122086 -0.104311 -0.014886
0.122086 0.050693 -0.015969 -0.003228
-0.104311 -0.015969 0.657392 0.146128
-0.014886 -0.003228 0.146128 0.058484
15.889363 1.768735 13.671377 1.602690
0.535055 0.119154 -0.099559 -0.013864
0.119154 0.049083 -0.014978 -0.003093
-0.099559 -0.014978 0.636899 0.137339
-0.013864 -0.003093 0.137339 0.054962
16.222112 1.654564 15.090027 1.726499
0.537551 0.117004 -0.076921 -0.009110
0.117004 0.048026 -0.010296 -0.002145
-0.076921 -0.010296 0.599763 0.126476
-0.009110 -0.002145 0.126476 0.051629
17.279934 1.700633 15.610114 1.657545
0.518030 0.110501 -0.067147 -0.007794
0.110501 0.046236 -0.008688 -0.001968
-0.067147 -0.008688 0.576780 0.119755
-0.007794 -0.001968 0.119755 0.049596
17.509465 1.576956 17.294278 1.827660
0.526137 0.110829 -0.057607 -0.006234
0.110829 0.046170 -0.007218 -0.001720
-0.057607 -0.007218 0.552411 0.113561
-0.006234 -0.001720 0.113561 0.047959
17.823519 1.483231 18.887780 1.962792
0.516636 0.107665 -0.044789 -0.004256
0.107665 0.045444 -0.005171 -0.001386
-0.044789 -0.005171 0.520781 0.106595
-0.004256 -0.001386 0.106595 0.046370
17.796104 1.326148 20.224486 2.029431
0.510350 0.105737 -0.022813 -0.000438
0.105737 0.045102 -0.001247 -0.000652
-0.022813 -0.001247 0.497525 0.102091
-0.000438 -0.000652 0.102091 0.045458
17.917456 1.217175 21.772789 2.136010
0.504451 0.104169 -0.004674 0.002372
0.104169 0.044880 0.001663 -0.000152
-0.004674 0.001663 0.480305 0.099132
0.002372 -0.000152 0.099132 0.044917
18.330056 1.172924 21.779663 1.914558
0.486111 0.100154 -0.016472 -0.001185
0.100154 0.044156 -0.001736 -0.000970
-0.016472 -0.001736 0.457776 0.095070
-0.001185 -0.000970 0.095070 0.044129
19.526953 1.299688 22.958968 1.963354
0.484933 0.100176 -0.016845 -0.001796
0.100176 0.044339 -0.002213 -0.001052
-0.016845 -0.002213 0.466182 0.097795
-0.001796 -0.001052 0.097795 0.044807
19.686647 1.198004 23.889119 1.951070
0.476774 0.098785 -0.008164 -0.000355
0.098785 0.044202 -0.000719 -0.000697
-0.008164 -0.000719 0.458613 0.096786
-0.000355 -0.000697 0.096786 0.044606
20.737666 1.292233 24.990520 1.978698
0.474279 0.098682 -0.004325 0.000036
0.098682 0.044323 -0.000260 -0.000573
-0.004325 -0.000260 0.465055 0.098714
0.000036 -0.000573 0.098714 0.045017
21.047128 1.221713 25.712455 1.921364
0.474531 0.099118 -0.019615 -0.003587
0.099118 0.044521 -0.003765 -0.001286
-0.019615 -0.003765 0.467592 0.099499
-0.003587 -0.001286 0.099499 0.045124
21.564251 1.202326 26.949710 1.980175
0.453564 0.095052 -0.010263 -0.001565
0.095052 0.043744 -0.001721 -0.000751
-0.010263 -0.001721 0.459528 0.097914
-0.001565 -0.000751 0.097914 0.044715
21.843634 1.134980 28.647412 2.130939
0.450554 0.095090 -0.002451 -0.000007
0.095090 0.043873 -0.000137 -0.000359
-0.002451 -0.000137 0.474757 0.101396
-0.000007 -0.000359 0.101396 0.045419
22.302579 1.111930 29.708689 2.129973
0.445734 0.094644 -0.002529 -0.000243
0.094644 0.043855 -0.000343 -0.000381
-0.002529 -0.000343 0.480550 0.102461
-0.000243 -0.000381 0.102461 0.045537
22.649929 1.067428 31.077771 2.194565
0.435854 0.093072 -0.003842 -0.000669
0.093072 0.043570 -0.000746 -0.000434
-0.003842 -0.000746 0.490507 0.104300
-0.000669 -0.000434 0.104300 0.045821
23.791483 1.198060 32.092878 2.177277
0.429493 0.092306 -0.001969 -0.000337
0.092306 0.043455 -0.000392 -0.000318
-0.001969 -0.000392 0.495390 0.104896
-0.000337 -0.000318 0.104896 0.045831
24.448436 1.210599 32.908543 2.119728
0.442222 0.095635 -0.005047 -0.001054
0.095635 0.044206 -0.001116 -0.000437
-0.005047 -0.001116 0.506057 0.106692
-0.001054 -0.000437 0.106692 0.046115
25.885393 1.390741 33.911287 2.107805
0.413090 0.089478 -0.022960 -0.004787
0.089478 0.042814 -0.004959 -0.001199
-0.022960 -0.004959 0.503735 0.105633
-0.004787 -0.001199 0.105633 0.045795
26.829383 1.444587 34.498766 2.010583
0.424582 0.092677 -0.029888 -0.005839
0.092677 0.043565 -0.006049 -0.001320
-0.029888 -0.006049 0.507730 0.106062
-0.005839 -0.001320 0.106062 0.045839
27.896739 1.520112 35.473259 2.004842
0.427846 0.093642 -0.038631 -0.007210
0.093642 0.043730 -0.007455 -0.001519
-0.038631 -0.007455 0.519632 0.108143
-0.007210 -0.001519 0.108143 0.046237
28.386412 1.461705 36.774749 2.066023
0.434964 0.095278 -0.048595 -0.008738
0.095278 0.044015 -0.009004 -0.001749
-0.048595 -0.009004 0.542898 0.112422
-0.008738 -0.001749 0.112422 0.047069
28.911008 1.414881 37.430179 1.987390
0.433348 0.094834 -0.045919 -0.007606
0.094834 0.043826 -0.007786 -0.001419
-0.045919 -0.007786 0.540778 0.111162
-0.007606 -0.001419 0.111162 0.046715
29.670011 1.425182 38.224403 1.946786
0.368975 0.080615 -0.052293 -0.008839
0.080615 0.040631 -0.008737 -0.001658
-0.052293 -0.008737 0.542623 0.110904
-0.008839 -0.001658 0.110904 0.046618
30.119228 1.365919 39.107611 1.926729
0.384104 0.085311 -0.048189 -0.007429
0.085311 0.041885 -0.007343 -0.001310
-0.048189 -0.007343 0.546317 0.111201
-0.007429 -0.001310 0.111201 0.046680
30.575889 1.315270 40.097519 1.930579
0.390396 0.087374 -0.046286 -0.006743
0.087374 0.042373 -0.006629 -0.001170
-0.046286 -0.006629 0.553344 0.112213
-0.006743 -0.001170 0.112213 0.046894
31.267704 1.323300 41.108766 1.940132
0.372828 0.083787 -0.036907 -0.004836
0.083787 0.041526 -0.004374 -0.000779
-0.036907 -0.004374 0.557858 0.112749
-0.004836 -0.000779 0.112749 0.047017
32.124934 1.368041 42.129776 1.951748
0.367494 0.083239 -0.024723 -0.002480
0.083239 0.041426 -0.001779 -0.000330
-0.024723 -0.001779 0.556467 0.112133
-0.002480 -0.000330 0.112133 0.046915
32.734005 1.349046 42.800902 1.889966
0.347509 0.079308 -0.005362 0.001011
0.079308 0.040539 0.002096 0.000327
-0.005362 0.002096 0.537399 0.108121
0.001011 0.000327 0.108121 0.046157
33.694179 1.413452 43.438514 1.829295
0.358482 0.082697 0.008533 0.003297
0.082697 0.041369 0.004407 0.000680
0.008533 0.004407 0.514356 0.103669
0.003297 0.000680 0.103669 0.045368
34.379539 1.410400 45.000546 1.960381
0.386573 0.089482 0.005259 0.002001
0.089482 0.042857 0.002739 0.000236
0.005259 0.002739 0.520472 0.105442
0.002001 0.000236 0.105442 0.045875
34.140127 1.192831 45.908074 1.944534
0.401131 0.092319 -0.011271 -0.001832
0.092319 0.043282 -0.001732 -0.000719
-0.011271 -0.001732 0.505849 0.102792
-0.001832 -0.000719 0.102792 0.045416
34.492823 1.136792 46.617453 1.890573
0.429859 0.098117 -0.018467 -0.003337
0.098117 0.044377 -0.003492 -0.001023
-0.018467 -0.003492 0.483087 0.098686
-0.003337 -0.001023 0.098686 0.044681
35.277132 1.185022 47.301767 1.837066
0.465142 0.104809 -0.016277 -0.002739
0.104809 0.045605 -0.002917 -0.000821
-0.016277 -0.002917 0.452726 0.093296
-0.002739 -0.000821 0.093296 0.043709
35.956593 1.203794 47.931937 1.776962
0.499070 0.110533 -0.022775 -0.003999
0.110533 0.046542 -0.004308 -0.001053
-0.022775 -0.004308 0.432518 0.090315
-0.003999 -0.001053 0.090315 0.043259
