0.100781 1.002408 -1.983852 -1.685605
1.246703 0.498692 0.781268 0.312514
0.498692 80.203548 0.312514 0.125008
0.781268 0.312514 3.560393 1.424188
0.312514 0.125008 1.424188 80.573754
6.327659 11.592515 -1.432970 0.239178
2.783772 5.295837 -1.464541 -2.626643
5.295837 14.540060 -2.866477 -2.842598
-1.464541 -2.866477 1.941070 3.328587
-2.626643 -2.842598 3.328587 16.951191
7.324859 6.409314 0.439606 1.539944
1.242566 1.490175 0.657294 1.172348
1.490175 2.733931 0.902013 1.712987
0.657294 0.902013 1.200794 1.778783
1.172348 1.712987 1.778783 4.513369
6.740527 3.242504 -1.640522 -1.203681
1.531862 1.283967 0.566850 0.526593
1.283967 1.423710 0.466460 0.465697
0.566850 0.466460 1.599496 1.577977
0.526593 0.465697 1.577977 2.108175
8.276417 3.138090 1.535356 1.517814
1.312296 0.827294 0.403456 0.253270
0.827294 0.692477 0.248323 0.174185
0.403456 0.248323 0.576835 0.403774
0.253270 0.174185 0.403774 0.522743
8.782525 2.583382 2.679518 1.802966
0.985908 0.501003 0.283982 0.136666
0.501003 0.355306 0.130910 0.074263
0.283982 0.130910 0.717985 0.437310
0.136666 0.074263 0.437310 0.392911
8.791297 1.995424 5.165594 2.666178
0.462946 0.198708 0.183912 0.079924
0.198708 0.152174 0.066146 0.037423
0.183912 0.066146 0.791467 0.403842
0.079924 0.037423 0.403842 0.281286
9.376612 1.841556 5.836745 2.387699
0.383825 0.153741 0.006967 -0.006587
0.153741 0.109812 -0.011452 -0.001532
0.006967 -0.011452 0.823746 0.359251
-0.006587 -0.001532 0.359251 0.207557
10.077608 1.760771 6.944057 2.357679
0.409511 0.152643 -0.070220 -0.031053
0.152643 0.093760 -0.033911 -0.009033
-0.070220 -0.033911 0.856727 0.322774
-0.031053 -0.009033 0.322774 0.159646
10.903489 1.740037 9.135735 2.692951
0.477360 0.163592 -0.106850 -0.036040
0.163592 0.086035 -0.038292 -0.008935
-0.106850 -0.038292 0.839236 0.277894
-0.036040 -0.008935 0.277894 0.122963
11.522924 1.660591 10.224070 2.615112
0.545108 0.170920 -0.124029 -0.034429
0.170920 0.079446 -0.036625 -0.007277
-0.124029 -0.036625 0.843516 0.250145
-0.034429 -0.007277 0.250145 0.101099
12.008719 1.560018 11.355694 2.564821
0.604608 0.174001 -0.131130 -0.030885
0.174001 0.073535 -0.033141 -0.005638
-0.131130 -0.033141 0.835114 0.225189
-0.030885 -0.005638 0.225189 0.085364
12.257164 1.418168 12.678457 2.569944
0.614789 0.163339 -0.143451 -0.030133
0.163339 0.065541 -0.032779 -0.005298
-0.143451 -0.032779 0.750886 0.186480
-0.030133 -0.005298 0.186480 0.069727
13.362498 1.509346 13.083250 2.367377
0.610714 0.151651 -0.132360 -0.024472
0.151651 0.059181 -0.026525 -0.003702
-0.132360 -0.026525 0.726614 0.169341
-0.024472 -0.003702 0.169341 0.062301
14.213842 1.531025 14.147337 2.341809
0.593615 0.139461 -0.107010 -0.016923
0.139461 0.054093 -0.018527 -0.002008
-0.107010 -0.018527 0.673630 0.149142
-0.016923 -0.002008 0.149142 0.055667
14.659350 1.457453 15.209661 2.314658
0.590050 0.132591 -0.091008 -0.012461
0.132591 0.051193 -0.013887 -0.001218
-0.091008 -0.013887 0.637364 0.135751
-0.012461 -0.001218 0.135751 0.051614
15.371531 1.447748 15.789394 2.193978
0.576366 0.124730 -0.096136 -0.013220
0.124730 0.048621 -0.014531 -0.001637
-0.096136 -0.014531 0.610499 0.126207
-0.013220 -0.001637 0.126207 0.048977
14.764287 1.161923 16.582203 2.115823
0.534904 0.112467 -0.099240 -0.013892
0.112467 0.045592 -0.015361 -0.002092
-0.099240 -0.015361 0.528360 0.106877
-0.013892 -0.002092 0.106877 0.044761
14.738797 1.036084 17.724122 2.125235
0.526064 0.109036 -0.083427 -0.010318
0.109036 0.044901 -0.011694 -0.001481
-0.083427 -0.011694 0.495214 0.099967
-0.010318 -0.001481 0.099967 0.043589
15.321970 1.053284 19.100543 2.190358
0.519968 0.106805 -0.068819 -0.007374
0.106805 0.044580 -0.008529 -0.001016
-0.068819 -0.008529 0.482235 0.097894
-0.007374 -0.001016 0.097894 0.043491
15.947643 1.073808 20.210044 2.194548
0.521888 0.106697 -0.051674 -0.004116
0.106697 0.044765 -0.005043 -0.000489
-0.051674 -0.005043 0.485524 0.099389
-0.004116 -0.000489 0.099389 0.044109
16.603160 1.097929 21.294416 2.193232
0.513131 0.104461 -0.045313 -0.003521
0.104461 0.044485 -0.004266 -0.000573
-0.045313 -0.004266 0.477752 0.098290
-0.003521 -0.000573 0.098290 0.044071
17.778118 1.223215 22.125921 2.144556
0.508190 0.103424 -0.032742 -0.001596
0.103424 0.044501 -0.002118 -0.000318
-0.032742 -0.002118 0.485787 0.100614
-0.001596 -0.000318 0.100614 0.044738
17.932679 1.127714 22.923483 2.083335
0.507758 0.103438 -0.025968 -0.000953
0.103438 0.044714 -0.001429 -0.000348
-0.025968 -0.001429 0.482145 0.100182
-0.000953 -0.000348 0.100182 0.044736
19.653556 1.363146 23.825788 2.062713
0.481152 0.098176 -0.017347 -0.000098
0.098176 0.043824 -0.000390 -0.000306
-0.017347 -0.000390 0.472746 0.098572
-0.000098 -0.000306 0.098572 0.044477
20.110590 1.318131 25.073147 2.106674
0.481148 0.098852 -0.011193 0.000466
0.098852 0.044206 0.000230 -0.000275
-0.011193 0.000230 0.477556 0.100028
0.000466 -0.000275 0.100028 0.044863
20.792050 1.321644 25.846345 2.047933
0.477300 0.098724 0.018299 0.005958
0.098724 0.044375 0.005701 0.000799
0.018299 0.005701 0.481401 0.101194
0.005958 0.000799 0.101194 0.045159
21.357137 1.301424 26.687352 2.009257
0.459329 0.095516 0.025451 0.006323
0.095516 0.043837 0.006113 0.000745
0.025451 0.006113 0.468678 0.098609
0.006323 0.000745 0.098609 0.044604
22.321678 1.367117 27.974240 2.068811
0.439620 0.092146 0.030022 0.006315
0.092146 0.043274 0.006140 0.000673
0.030022 0.006140 0.462931 0.097697
0.006315 0.000673 0.097697 0.044441
23.350318 1.439277 29.466106 2.165069
0.443812 0.094006 0.036259 0.006812
0.094006 0.043816 0.006640 0.000749
0.036259 0.006640 0.481455 0.101948
0.006812 0.000749 0.101948 0.045368
24.356054 1.499506 30.788803 2.214909
0.458005 0.097716 0.034538 0.005683
0.097716 0.044667 0.005509 0.000500
0.034538 0.005509 0.503784 0.106562
0.005683 0.000500 0.106562 0.046282
24.227965 1.313295 31.510578 2.137587
0.455439 0.097424 0.022979 0.002795
0.097424 0.044569 0.002557 -0.000068
0.022979 0.002557 0.513985 0.108201
0.002795 -0.000068 0.108201 0.046502
24.480283 1.224105 33.102272 2.248961
0.423258 0.090713 0.017762 0.001764
0.090713 0.043086 0.001327 -0.000178
0.017762 0.001327 0.529016 0.110705
0.001764 -0.000178 0.110705 0.046900
24.883309 1.181621 33.619417 2.123653
0.424452 0.091749 0.013521 0.000928
0.091749 0.043383 0.000489 -0.000238
0.013521 0.000489 0.542166 0.112630
0.000928 -0.000238 0.112630 0.047170
25.063099 1.096953 33.513532 1.884543
0.438898 0.095439 0.010178 0.000341
0.095439 0.044197 0.000014 -0.000234
0.010178 0.000014 0.540925 0.111486
0.000341 -0.000234 0.111486 0.046815
26.242770 1.234335 34.464921 1.884230
0.442661 0.096354 0.004309 -0.000647
0.096354 0.044316 -0.000974 -0.000335
0.004309 -0.000974 0.541928 0.111040
-0.000647 -0.000335 0.111040 0.046674
26.826032 1.226217 35.668863 1.937722
0.448568 0.097595 -0.000904 -0.001415
0.097595 0.044495 -0.001784 -0.000405
-0.000904 -0.001784 0.560322 0.114279
-0.001415 -0.000405 0.114279 0.047322
27.751256 1.293253 36.990335 2.008566
0.458574 0.099584 -0.009452 -0.002812
0.099584 0.044828 -0.003252 -0.000619
-0.009452 -0.003252 0.579794 0.117509
-0.002812 -0.000619 0.117509 0.047931
28.181451 1.245830 38.520165 2.114467
0.452175 0.097806 -0.007925 -0.002054
0.097806 0.044324 -0.002434 -0.000367
-0.007925 -0.002434 0.617337 0.124147
-0.002054 -0.000367 0.124147 0.049194
29.444948 1.384095 39.624456 2.123601
0.401641 0.086708 -0.002097 -0.000558
0.086708 0.041873 -0.000786 0.000010
-0.002097 -0.000786 0.623963 0.124090
-0.000558 0.000010 0.124090 0.049042
30.065765 1.368405 41.339362 2.252262
0.407545 0.088897 -0.009349 -0.001848
0.088897 0.042511 -0.002185 -0.000267
-0.009349 -0.002185 0.626281 0.123375
-0.001848 -0.000267 0.123375 0.048824
30.964091 1.415293 41.995338 2.160443
0.418208 0.091808 0.005525 0.001289
0.091808 0.043211 0.001370 0.000445
0.005525 0.001370 0.627817 0.122755
0.001289 0.000445 0.122755 0.048687
31.443193 1.364991 42.740310 2.095206
0.413701 0.091007 0.008446 0.001767
0.091007 0.043007 0.001905 0.000498
0.008446 0.001905 0.600803 0.116789
0.001767 0.000498 0.116789 0.047552
32.690404 1.489612 43.331448 2.006511
0.422531 0.093174 0.022807 0.004426
0.093174 0.043466 0.004920 0.001036
0.022807 0.004920 0.567914 0.110343
0.004426 0.001036 0.110343 0.046437
33.575083 1.521493 43.270878 1.798582
0.389063 0.085709 0.068135 0.012959
0.085709 0.041745 0.014499 0.002833
0.068135 0.014499 0.532647 0.103983
0.012959 0.002833 0.103983 0.045408
34.297564 1.513858 43.937832 1.752774
0.402337 0.089360 0.062449 0.010731
0.089360 0.042646 0.011937 0.002121
0.062449 0.011937 0.516494 0.101924
0.010731 0.002121 0.101924 0.045277
35.958128 1.706846 46.377287 2.060412
0.438421 0.097661 0.055217 0.008361
0.097661 0.044478 0.009317 0.001471
0.055217 0.009317 0.527646 0.105390
0.008361 0.001471 0.105390 0.046206
35.621085 1.452563 45.888636 1.762306
0.467977 0.103693 0.030485 0.002814
0.103693 0.045646 0.003450 0.000263
0.030485 0.003450 0.503577 0.101436
0.002814 0.000263 0.101436 0.045536
34.999245 1.166849 45.155972 1.442529
0.498214 0.109128 0.022810 0.001303
0.109128 0.046568 0.002011 0.000068
0.022810 0.002011 0.484807 0.098630
0.001303 0.000068 0.098630 0.045082
36.164038 1.286546 46.956673 1.661364
0.528217 0.113978 0.022243 0.001421
0.113978 0.047316 0.002095 0.000196
0.022243 0.002095 0.497226 0.102272
0.001421 0.000196 0.102272 0.045932
