1.516924 1.568877 2.972737 0.297074
2.345300 0.938140 -0.503025 -0.201214
0.938140 80.379331 -0.201214 -0.080487
-0.503025 -0.201214 4.010673 1.604304
-0.201214 -0.080487 1.604304 80.645802
6.113676 8.323482 4.194453 2.196801
2.565980 4.474028 -1.081437 -1.657369
4.474028 15.791498 -1.781875 -4.057900
-1.081437 -1.781875 3.041804 4.907836
-1.657369 -4.057900 4.907836 20.334786
7.135092 4.651944 3.097806 -0.620949
0.416520 0.464592 -0.249472 -0.263266
0.464592 2.371734 -0.161062 -0.634546
-0.249472 -0.161062 2.979832 3.492734
-0.263266 -0.634546 3.492734 6.942926
7.323940 2.263909 3.906448 0.406613
0.499161 0.575714 0.397498 0.317198
0.575714 1.185482 0.491545 0.226516
0.397498 0.491545 1.531103 1.279719
0.317198 0.226516 1.279719 2.105566
7.149298 1.165999 2.933182 -0.267923
0.778929 0.674756 0.256264 0.073969
0.674756 0.774840 0.153505 -0.033134
0.256264 0.153505 1.590924 1.134983
0.073969 -0.033134 1.134983 1.279462
8.058896 1.349927 3.696231 0.233997
1.061621 0.692889 -0.005706 -0.104922
0.692889 0.544144 -0.049915 -0.108756
-0.005706 -0.049915 1.420118 0.844619
-0.104922 -0.108756 0.844619 0.746424
7.842706 0.884421 4.383626 0.565545
1.002174 0.511795 -0.044268 -0.077403
0.511795 0.316376 -0.048275 -0.055876
-0.044268 -0.048275 1.311577 0.651335
-0.077403 -0.055876 0.651335 0.466005
7.878071 0.711227 4.846420 0.655636
1.013309 0.427379 -0.120973 -0.085627
0.427379 0.218758 -0.066100 -0.043322
-0.120973 -0.066100 1.252837 0.535084
-0.085627 -0.043322 0.535084 0.321785
9.146013 1.032071 6.075701 0.971470
0.969281 0.348921 -0.175292 -0.084625
0.348921 0.155815 -0.071030 -0.033290
-0.175292 -0.071030 1.148031 0.429286
-0.084625 -0.033290 0.429286 0.226962
9.672571 1.030097 8.160843 1.500930
0.898741 0.283413 -0.178248 -0.068754
0.283413 0.115197 -0.059406 -0.022363
-0.178248 -0.059406 1.002626 0.333907
-0.068754 -0.022363 0.333907 0.162041
10.983280 1.254256 10.338051 1.927460
0.804924 0.227441 -0.206914 -0.065826
0.227441 0.087760 -0.058806 -0.018318
-0.206914 -0.058806 0.886367 0.268006
-0.065826 -0.018318 0.268006 0.122328
12.001593 1.353618 10.510251 1.707104
0.747191 0.193130 -0.180579 -0.049383
0.193130 0.072237 -0.044639 -0.011916
-0.180579 -0.044639 0.854960 0.238341
-0.049383 -0.011916 0.238341 0.101667
12.132419 1.220253 11.030845 1.617668
0.719801 0.173007 -0.180977 -0.043600
0.173007 0.063401 -0.039990 -0.009436
-0.180977 -0.039990 0.817828 0.212171
-0.043600 -0.009436 0.212171 0.086338
12.738030 1.221753 12.240022 1.715936
0.687143 0.155727 -0.162264 -0.034581
0.155727 0.057021 -0.032199 -0.006749
-0.162264 -0.032199 0.762124 0.185894
-0.034581 -0.006749 0.185894 0.074084
13.904573 1.340586 12.794030 1.650174
0.637030 0.137798 -0.145607 -0.027964
0.137798 0.051694 -0.026183 -0.005009
-0.145607 -0.026183 0.721800 0.167364
-0.027964 -0.005009 0.167364 0.065894
14.977539 1.424488 13.491640 1.625937
0.592546 0.124016 -0.125370 -0.021695
0.124016 0.048134 -0.020454 -0.003605
-0.125370 -0.020454 0.678332 0.150955
-0.021695 -0.003605 0.150955 0.059626
14.625525 1.213948 15.287224 1.827215
0.569307 0.116770 -0.099492 -0.014962
0.116770 0.046474 -0.014700 -0.002343
-0.099492 -0.014700 0.604072 0.130250
-0.014962 -0.002343 0.130250 0.053464
15.319981 1.235658 16.582596 1.909716
0.551750 0.111679 -0.087201 -0.011979
0.111679 0.045479 -0.011990 -0.001870
-0.087201 -0.011990 0.573109 0.121229
-0.011979 -0.001870 0.121229 0.050619
15.789541 1.205371 17.510939 1.902360
0.538154 0.108210 -0.071525 -0.008629
0.108210 0.044962 -0.008849 -0.001340
-0.071525 -0.008849 0.549469 0.114862
-0.008629 -0.001340 0.114862 0.048736
17.229831 1.376517 18.680554 1.957582
0.498146 0.099951 -0.054236 -0.005624
0.099951 0.043545 -0.005850 -0.000940
-0.054236 -0.005850 0.511307 0.106185
-0.005624 -0.000940 0.106185 0.046615
17.569914 1.308230 19.904818 2.005112
0.504760 0.101895 -0.045979 -0.004236
0.101895 0.044288 -0.004565 -0.000798
-0.045979 -0.004565 0.508795 0.105691
-0.004236 -0.000798 0.105691 0.046406
18.227755 1.306570 20.622798 1.945813
0.496723 0.100684 -0.039941 -0.003578
0.100684 0.044293 -0.003891 -0.000810
-0.039941 -0.003891 0.498043 0.103461
-0.003578 -0.000810 0.103461 0.045853
18.360922 1.198363 21.341950 1.888435
0.489074 0.099652 -0.036766 -0.003517
0.099652 0.044305 -0.003842 -0.000922
-0.036766 -0.003842 0.482235 0.100328
-0.003517 -0.000922 0.100328 0.045158
19.053571 1.218264 22.388047 1.910480
0.484355 0.099363 -0.023716 -0.001302
0.099363 0.044455 -0.001613 -0.000538
-0.023716 -0.001613 0.477758 0.099883
-0.001302 -0.000538 0.099883 0.045094
20.685894 1.429361 23.289614 1.905642
0.470425 0.097110 -0.014820 -0.000153
0.097110 0.044148 -0.000376 -0.000384
-0.014820 -0.000376 0.472851 0.099269
-0.000153 -0.000384 0.099269 0.044973
20.722730 1.285444 23.602495 1.767378
0.468206 0.097332 -0.025559 -0.003080
0.097332 0.044328 -0.003251 -0.001063
-0.025559 -0.003251 0.466023 0.098128
-0.003080 -0.001063 0.098128 0.044715
21.113498 1.233310 24.646564 1.800221
0.464219 0.097173 -0.014695 -0.001079
0.097173 0.044401 -0.001232 -0.000627
-0.014695 -0.001232 0.464291 0.098207
-0.001079 -0.000627 0.098207 0.044746
21.609736 1.208686 25.779103 1.849146
0.461237 0.097115 -0.011547 -0.000836
0.097115 0.044451 -0.000948 -0.000582
-0.011547 -0.000948 0.466457 0.098992
-0.000836 -0.000582 0.098992 0.044899
21.977197 1.160458 27.477653 2.013098
0.456578 0.096649 0.003525 0.001990
0.096649 0.044391 0.001920 0.000025
0.003525 0.001920 0.475654 0.101163
0.001990 0.000025 0.101163 0.045329
23.535466 1.368175 28.289166 1.973102
0.438122 0.093171 0.006405 0.002010
0.093171 0.043666 0.001966 -0.000008
0.006405 0.001966 0.463790 0.098565
0.002010 -0.000008 0.098565 0.044695
24.170011 1.357601 29.414708 2.002665
0.427758 0.091642 -0.002937 -0.000451
0.091642 0.043393 -0.000496 -0.000541
-0.002937 -0.000496 0.465010 0.098972
-0.000451 -0.000541 0.098972 0.044758
24.744692 1.335118 30.445928 2.009025
0.432739 0.093443 -0.005990 -0.001249
0.093443 0.043827 -0.001294 -0.000655
-0.005990 -0.001294 0.477245 0.101654
-0.001249 -0.000655 0.101654 0.045297
25.394390 1.331240 31.629627 2.047114
0.437236 0.094845 -0.013065 -0.002775
0.094845 0.044106 -0.002844 -0.000915
-0.013065 -0.002844 0.492769 0.104748
-0.002775 -0.000915 0.104748 0.045874
26.537966 1.435029 32.312962 1.975282
0.438468 0.095309 -0.020093 -0.004111
0.095309 0.044141 -0.004206 -0.001114
-0.020093 -0.004206 0.493376 0.104384
-0.004111 -0.001114 0.104384 0.045679
26.415653 1.252379 33.420968 1.999879
0.436642 0.095005 -0.017863 -0.003362
0.095005 0.044001 -0.003406 -0.000849
-0.017863 -0.003406 0.509685 0.107420
-0.003362 -0.000849 0.107420 0.046243
27.339357 1.317188 34.426568 2.001454
0.409903 0.089250 -0.023456 -0.004379
0.089250 0.042683 -0.004430 -0.001013
-0.023456 -0.004430 0.506934 0.106193
-0.004379 -0.001013 0.106193 0.045878
27.971502 1.311446 35.457304 2.007665
0.402066 0.088102 -0.036419 -0.006827
0.088102 0.042473 -0.006970 -0.001483
-0.036419 -0.006970 0.516827 0.107788
-0.006827 -0.001483 0.107788 0.046159
28.032248 1.180764 36.708776 2.057323
0.389234 0.085870 -0.037999 -0.006724
0.085870 0.042015 -0.006778 -0.001363
-0.037999 -0.006778 0.530423 0.110082
-0.006724 -0.001363 0.110082 0.046584
29.307940 1.332225 37.420995 1.994648
0.373928 0.083155 -0.043217 -0.007458
0.083155 0.041450 -0.007526 -0.001475
-0.043217 -0.007526 0.530679 0.109453
-0.007458 -0.001475 0.109453 0.046384
30.079725 1.356142 38.441329 1.999903
0.373058 0.083779 -0.050476 -0.008540
0.083779 0.041639 -0.008664 -0.001663
-0.050476 -0.008664 0.544274 0.111709
-0.008540 -0.001663 0.111709 0.046818
30.524654 1.301190 39.107615 1.930222
0.386836 0.087554 -0.049297 -0.007770
0.087554 0.042493 -0.007929 -0.001452
-0.049297 -0.007929 0.543478 0.110925
-0.007770 -0.001452 0.110925 0.046621
31.278765 1.323068 39.821223 1.879639
0.403336 0.091429 -0.049299 -0.007368
0.091429 0.043264 -0.007589 -0.001358
-0.049299 -0.007589 0.545858 0.110951
-0.007368 -0.001358 0.110951 0.046627
31.823136 1.297428 40.892586 1.905544
0.406025 0.091720 -0.046633 -0.006620
0.091720 0.043154 -0.006686 -0.001196
-0.046633 -0.006686 0.555262 0.112501
-0.006620 -0.001196 0.112501 0.046961
32.441241 1.285406 41.124020 1.759330
0.420576 0.094654 -0.044781 -0.006066
0.094654 0.043669 -0.006295 -0.001138
-0.044781 -0.006295 0.538821 0.108736
-0.006066 -0.001138 0.108736 0.046202
33.061866 1.281466 42.147799 1.788334
0.422053 0.094389 -0.038362 -0.004769
0.094389 0.043446 -0.004785 -0.000883
-0.038362 -0.004785 0.544044 0.109812
-0.004769 -0.000883 0.109812 0.046505
33.607023 1.259267 42.908277 1.760666
0.430793 0.095818 -0.033589 -0.003888
0.095818 0.043652 -0.003914 -0.000762
-0.033589 -0.003914 0.536132 0.108149
-0.003888 -0.000762 0.108149 0.046225
34.569791 1.336077 44.280969 1.862336
0.465415 0.102860 -0.033418 -0.003859
0.102860 0.045103 -0.004067 -0.000816
-0.033418 -0.004067 0.540238 0.109070
-0.003859 -0.000816 0.109070 0.046486
34.859890 1.253130 45.164621 1.850551
0.490978 0.107146 -0.045913 -0.006464
0.107146 0.045819 -0.007041 -0.001448
-0.045913 -0.007041 0.529881 0.106922
-0.006464 -0.001448 0.106922 0.046084
35.059824 1.159887 45.878472 1.805195
0.490801 0.105675 -0.038004 -0.004838
0.105675 0.045303 -0.005398 -0.001117
-0.038004 -0.005398 0.494390 0.100009
-0.004838 -0.001117 0.100009 0.044772
35.231246 1.071980 46.649959 1.776055
0.501358 0.106772 -0.042836 -0.005892
0.106772 0.045432 -0.006535 -0.001366
-0.042836 -0.006535 0.478054 0.097489
-0.005892 -0.001366 0.097489 0.044421
