4.583120 2.795382 2.776978 0.218768
1.894729 0.757908 -0.364443 -0.145781
0.757908 80.307236 -0.145781 -0.058313
-0.364443 -0.145781 3.923019 1.569241
-0.145781 -0.058313 1.569241 80.631777
4.486031 0.067896 1.690174 -1.780165
3.075826 5.527115 -0.378792 -0.526446
5.527115 16.582007 -0.609096 -1.829842
-0.378792 -0.609096 2.430878 3.959642
-0.526446 -1.829842 3.959642 18.670169
3.608101 -0.921018 3.322639 1.241166
3.055914 3.312570 -0.618974 -0.685774
3.312570 5.198021 -0.671155 -1.008521
-0.618974 -0.671155 1.138212 1.359198
-0.685774 -1.008521 1.359198 4.308267
3.683972 -0.503643 4.472274 1.797778
2.328719 1.793986 -0.740420 -0.632258
1.793986 2.025833 -0.561015 -0.588058
-0.740420 -0.561015 1.813256 1.784835
-0.632258 -0.588058 1.784835 2.603555
6.194134 1.189408 5.967197 2.340793
1.617558 0.980815 -0.547201 -0.344847
0.980815 0.921923 -0.311569 -0.253729
-0.547201 -0.311569 1.876081 1.367268
-0.344847 -0.253729 1.367268 1.357549
8.362891 1.982907 5.860393 1.642091
1.325437 0.674658 -0.550026 -0.284674
0.674658 0.534032 -0.264158 -0.172258
-0.550026 -0.264158 1.508210 0.857861
-0.284674 -0.172258 0.857861 0.679827
7.769440 1.260525 5.865198 1.216383
0.694606 0.303120 -0.533237 -0.241119
0.303120 0.254430 -0.215989 -0.121470
-0.533237 -0.215989 1.514432 0.715574
-0.241119 -0.121470 0.715574 0.455528
8.791595 1.404202 5.576080 0.856767
0.758498 0.311286 -0.450964 -0.168479
0.311286 0.211358 -0.154943 -0.074128
-0.450964 -0.154943 1.434931 0.578915
-0.168479 -0.074128 0.578915 0.313402
9.278417 1.331837 6.440478 1.008798
0.699648 0.261876 -0.339525 -0.108848
0.261876 0.158238 -0.100079 -0.044064
-0.339525 -0.100079 1.254844 0.442564
-0.108848 -0.044064 0.442564 0.214912
9.816257 1.291216 7.148742 1.071913
0.754572 0.258603 -0.308518 -0.087690
0.258603 0.134673 -0.083292 -0.032873
-0.308518 -0.083292 1.164792 0.366515
-0.087690 -0.032873 0.366515 0.161697
10.315987 1.255952 8.304326 1.248866
0.738272 0.231168 -0.255433 -0.065300
0.231168 0.109671 -0.062955 -0.023356
-0.255433 -0.062955 1.018991 0.290829
-0.065300 -0.023356 0.290829 0.121656
10.783185 1.255989 11.977616 2.056908
0.729214 0.211002 -0.175875 -0.039808
0.211002 0.092870 -0.039241 -0.014679
-0.175875 -0.039241 0.795565 0.209584
-0.039808 -0.014679 0.209584 0.088950
12.058126 1.426395 12.600591 1.960629
0.701622 0.188332 -0.157575 -0.033847
0.188332 0.078953 -0.033390 -0.011938
-0.157575 -0.033390 0.748501 0.185945
-0.033847 -0.011938 0.185945 0.076709
12.227849 1.281880 12.955053 1.807975
0.688175 0.173060 -0.160354 -0.033324
0.173060 0.069797 -0.033398 -0.010912
-0.160354 -0.033398 0.702017 0.165845
-0.033324 -0.010912 0.165845 0.067554
12.906292 1.294078 14.199324 1.885980
0.676015 0.160752 -0.164474 -0.032885
0.160752 0.063216 -0.033249 -0.009968
-0.164474 -0.033249 0.664607 0.150702
-0.032885 -0.009968 0.150702 0.061133
13.676361 1.324136 15.346737 1.932176
0.641889 0.145865 -0.131984 -0.024391
0.145865 0.057401 -0.024593 -0.007307
-0.131984 -0.024593 0.617617 0.135776
-0.024391 -0.007307 0.135776 0.055883
14.191042 1.287002 15.787304 1.817279
0.624121 0.136814 -0.113754 -0.019784
0.136814 0.053862 -0.019893 -0.005801
-0.113754 -0.019893 0.597935 0.128548
-0.019784 -0.005801 0.128548 0.053064
14.853406 1.292293 16.845824 1.849294
0.604244 0.128848 -0.084172 -0.013196
0.128848 0.051192 -0.013269 -0.004057
-0.084172 -0.013269 0.574138 0.121423
-0.013196 -0.004057 0.121423 0.050715
15.778862 1.349491 17.591206 1.813700
0.562760 0.117487 -0.062936 -0.009113
0.117487 0.048230 -0.009151 -0.003045
-0.062936 -0.009151 0.537069 0.112273
-0.009113 -0.003045 0.112273 0.048254
15.987926 1.254026 18.632490 1.838689
0.561217 0.115693 -0.065082 -0.009885
0.115693 0.047615 -0.009977 -0.003079
-0.065082 -0.009977 0.525386 0.109225
-0.009885 -0.003079 0.109225 0.047327
16.441467 1.215523 19.074642 1.738288
0.549185 0.112203 -0.051955 -0.007349
0.112203 0.046791 -0.007447 -0.002412
-0.051955 -0.007447 0.515704 0.106994
-0.007349 -0.002412 0.106994 0.046703
17.026186 1.209209 19.654686 1.678064
0.525952 0.106862 -0.047935 -0.006912
0.106862 0.045692 -0.006992 -0.002241
-0.047935 -0.006992 0.494471 0.102500
-0.006912 -0.002241 0.102500 0.045665
17.687047 1.223057 20.952650 1.774021
0.492416 0.100107 -0.027846 -0.003112
0.100107 0.044436 -0.003269 -0.001400
-0.027846 -0.003269 0.460036 0.095727
-0.003112 -0.001400 0.095727 0.044261
18.294476 1.223793 22.202971 1.850381
0.485774 0.099392 -0.022155 -0.002417
0.099392 0.044490 -0.002555 -0.001214
-0.022155 -0.002555 0.457142 0.096003
-0.002417 -0.001214 0.096003 0.044410
18.908476 1.226137 23.673544 1.965859
0.473161 0.097485 -0.008003 0.000096
0.097485 0.044265 -0.000074 -0.000657
-0.008003 -0.000074 0.449538 0.095148
0.000096 -0.000657 0.095148 0.044275
19.623752 1.247123 24.553479 1.944169
0.478250 0.099317 0.000891 0.001427
0.099317 0.044794 0.001258 -0.000358
0.000891 0.001258 0.462370 0.098564
0.001427 -0.000358 0.098564 0.045022
20.660591 1.333503 25.642991 1.969808
0.478188 0.099811 0.012039 0.003213
0.099811 0.044964 0.003034 0.000028
0.012039 0.003034 0.472095 0.100866
0.003213 0.000028 0.100866 0.045441
21.491936 1.367946 26.816973 2.010172
0.477187 0.099978 0.012288 0.002614
0.099978 0.045027 0.002467 -0.000095
0.012288 0.002467 0.483364 0.103194
0.002614 -0.000095 0.103194 0.045820
22.421060 1.419209 28.048389 2.058100
0.465253 0.097758 0.023151 0.004466
0.097758 0.044564 0.004305 0.000332
0.023151 0.004305 0.484902 0.103183
0.004466 0.000332 0.103183 0.045674
22.695754 1.327302 29.099882 2.063795
0.452864 0.095571 0.033676 0.006178
0.095571 0.044128 0.006002 0.000712
0.033676 0.006002 0.488947 0.103704
0.006178 0.000712 0.103704 0.045669
22.935461 1.239104 29.585650 1.949673
0.449906 0.095571 0.021300 0.002965
0.095571 0.044184 0.002779 0.000034
0.021300 0.002779 0.495598 0.104809
0.002965 0.000034 0.104809 0.045818
23.460351 1.220145 30.233018 1.881007
0.459236 0.098076 0.013831 0.001172
0.098076 0.044739 0.000965 -0.000273
0.013831 0.000965 0.514093 0.108311
0.001172 -0.000273 0.108311 0.046471
23.933580 1.190778 31.195543 1.886116
0.461616 0.098808 -0.005478 -0.002827
0.098808 0.044856 -0.003143 -0.001021
-0.005478 -0.003143 0.532993 0.111628
-0.002827 -0.001021 0.111628 0.047052
25.158414 1.324010 32.695715 2.000117
0.461935 0.098901 -0.004638 -0.002196
0.098901 0.044804 -0.002501 -0.000719
-0.004638 -0.002501 0.554313 0.115112
-0.002196 -0.000719 0.115112 0.047628
26.111445 1.386254 33.723216 2.005209
0.469716 0.100565 -0.009076 -0.002754
0.100565 0.045097 -0.003051 -0.000716
-0.009076 -0.003051 0.569421 0.117086
-0.002754 -0.000716 0.117086 0.047881
26.028542 1.221331 33.958657 1.849899
0.479447 0.102460 -0.015000 -0.003578
0.102460 0.045418 -0.003874 -0.000787
-0.015000 -0.003874 0.576656 0.117398
-0.003578 -0.000787 0.117398 0.047817
26.589288 1.210912 34.258183 1.723706
0.460201 0.098002 -0.030882 -0.006350
0.098002 0.044368 -0.006769 -0.001284
-0.030882 -0.006769 0.572273 0.115488
-0.006350 -0.001284 0.115488 0.047356
27.527210 1.282449 35.830754 1.866649
0.455245 0.097026 -0.041556 -0.007871
0.097026 0.044162 -0.008304 -0.001489
-0.041556 -0.008304 0.607792 0.121908
-0.007871 -0.001489 0.121908 0.048641
28.267775 1.304668 37.212259 1.956001
0.454615 0.097056 -0.042763 -0.007431
0.097056 0.044186 -0.007769 -0.001289
-0.042763 -0.007769 0.619638 0.123110
-0.007431 -0.001289 0.123110 0.048799
28.777892 1.276036 38.752856 2.066441
0.464157 0.099239 -0.041177 -0.006538
0.099239 0.044661 -0.006767 -0.001037
-0.041177 -0.006767 0.634799 0.125020
-0.006538 -0.001037 0.125020 0.049123
29.710729 1.337623 39.404099 1.992967
0.448033 0.095726 -0.031714 -0.004373
0.095726 0.043876 -0.004296 -0.000563
-0.031714 -0.004296 0.640367 0.125063
-0.004373 -0.000563 0.125063 0.049097
30.833592 1.435432 40.505423 2.015252
0.438361 0.093956 -0.014432 -0.000930
0.093956 0.043541 -0.000414 0.000139
-0.014432 -0.000414 0.655214 0.127101
-0.000930 0.000139 0.127101 0.049501
31.805817 1.489803 41.397807 1.994010
0.451771 0.097229 -0.008102 0.000137
0.097229 0.044293 0.000627 0.000252
-0.008102 0.000627 0.650255 0.125225
0.000137 0.000252 0.125225 0.049135
32.427682 1.463048 42.305663 1.976543
0.436906 0.094034 -0.003939 0.000594
0.094034 0.043570 0.001080 0.000232
-0.003939 0.001080 0.632985 0.121309
0.000594 0.000232 0.121309 0.048437
32.653955 1.351317 42.200957 1.766121
0.463399 0.100040 -0.004937 0.000160
0.100040 0.044891 0.000420 0.000043
-0.004937 0.000420 0.614663 0.117647
0.000160 0.000043 0.117647 0.047860
33.367641 1.358876 42.761530 1.704337
0.470895 0.101335 0.004083 0.001660
0.101335 0.045074 0.002046 0.000309
0.004083 0.002046 0.604142 0.115885
0.001660 0.000309 0.115885 0.047695
33.635625 1.270800 43.681929 1.717008
0.483535 0.103609 0.002074 0.000943
0.103609 0.045463 0.001196 0.000092
0.002074 0.001196 0.603295 0.116132
0.000943 0.000092 0.116132 0.047910
34.571095 1.336110 46.329731 2.062762
0.496848 0.105849 0.007955 0.001850
0.105849 0.045832 0.002175 0.000258
0.007955 0.002175 0.619269 0.119603
0.001850 0.000258 0.119603 0.048713
35.494824 1.390453 48.419086 2.267216
0.535295 0.113244 0.009126 0.001798
0.113244 0.047285 0.002078 0.000213
0.009126 0.002078 0.608181 0.117522
0.001798 0.000213 0.117522 0.048363
35.205952 1.185064 47.755415 1.919533
0.554594 0.115938 0.010563 0.001837
0.115938 0.047644 0.002112 0.000208
0.010563 0.002112 0.509847 0.098730
0.001837 0.000208 0.098730 0.044799
