-0.941772 0.585377 1.325848 -0.361696
2.485626 0.994272 -0.403691 -0.161480
0.994272 80.401784 -0.161480 -0.064593
-0.403691 -0.161480 4.204049 1.681656
-0.161480 -0.064593 1.681656 80.676744
3.240240 7.373297 0.831610 -0.744604
2.355282 4.059137 -1.820591 -2.863151
4.059137 15.406949 -3.071661 -5.879981
-1.820591 -3.071661 3.497995 5.586478
-2.863151 -5.879981 5.586478 21.810814
3.402784 3.269410 1.998445 0.511597
2.218315 2.706084 0.167416 0.582112
2.706084 5.120227 0.314922 0.213001
0.167416 0.314922 1.036762 1.281307
0.582112 0.213001 1.281307 4.529843
5.826259 3.901795 3.196752 1.480541
2.142593 1.839090 -0.234249 -0.240545
1.839090 2.228188 -0.256237 -0.484000
-0.234249 -0.256237 1.296612 1.332824
-0.240545 -0.484000 1.332824 2.258181
6.365231 2.981749 4.155925 1.654626
0.906859 0.582088 0.120854 0.089599
0.582088 0.681914 0.029027 -0.068658
0.120854 0.029027 1.451246 1.117514
0.089599 -0.068658 1.117514 1.224337
6.554782 2.287241 3.958320 1.069896
0.655097 0.368175 -0.036260 -0.038892
0.368175 0.377708 -0.073992 -0.095671
-0.036260 -0.073992 1.597643 0.965088
-0.038892 -0.095671 0.965088 0.769610
8.258481 2.524374 6.268828 1.923657
0.673564 0.336863 -0.093984 -0.063855
0.336863 0.271692 -0.078798 -0.068744
-0.093984 -0.078798 1.384579 0.679847
-0.063855 -0.068744 0.679847 0.445597
10.005568 2.752255 6.183625 1.480401
0.705041 0.311227 -0.214557 -0.103605
0.311227 0.205633 -0.114145 -0.065715
-0.214557 -0.114145 1.329032 0.554184
-0.103605 -0.065715 0.554184 0.306077
11.450872 2.773147 7.650339 1.740356
0.755952 0.293755 -0.219007 -0.088850
0.293755 0.163263 -0.094158 -0.045098
-0.219007 -0.094158 1.192052 0.431019
-0.088850 -0.045098 0.431019 0.210801
11.670715 2.368513 9.380281 2.024103
0.773785 0.267008 -0.190543 -0.066980
0.267008 0.130362 -0.069270 -0.029083
-0.190543 -0.069270 1.038340 0.332998
-0.066980 -0.029083 0.332998 0.150108
11.612999 1.981784 11.866251 2.456212
0.789303 0.245071 -0.167587 -0.051844
0.245071 0.107913 -0.052816 -0.019735
-0.167587 -0.052816 0.888237 0.257973
-0.051844 -0.019735 0.257973 0.111153
11.572937 1.688637 11.342519 1.988568
0.671873 0.189916 -0.260282 -0.070648
0.189916 0.081675 -0.073095 -0.022367
-0.260282 -0.073095 0.695190 0.186524
-0.070648 -0.022367 0.186524 0.081816
11.938704 1.563352 12.606848 2.055120
0.672597 0.176895 -0.240422 -0.058032
0.176895 0.072209 -0.059838 -0.016402
-0.240422 -0.059838 0.669173 0.169593
-0.058032 -0.016402 0.169593 0.071854
12.715439 1.557654 13.146293 1.935742
0.644020 0.158927 -0.230062 -0.050342
0.158927 0.063525 -0.051737 -0.012924
-0.230062 -0.051737 0.632914 0.152624
-0.050342 -0.012924 0.152624 0.063762
13.171656 1.475689 13.692990 1.832228
0.626718 0.147095 -0.195612 -0.038284
0.147095 0.058058 -0.039306 -0.009028
-0.195612 -0.039306 0.612951 0.142261
-0.038284 -0.009028 0.142261 0.058726
14.586448 1.627486 14.373511 1.788065
0.597675 0.134693 -0.157957 -0.027538
0.134693 0.053500 -0.028073 -0.006039
-0.157957 -0.028073 0.601457 0.135366
-0.027538 -0.006039 0.135366 0.055362
15.270999 1.604736 15.691750 1.880510
0.586471 0.128199 -0.123707 -0.018794
0.128199 0.051021 -0.019382 -0.003947
-0.123707 -0.019382 0.579820 0.127145
-0.018794 -0.003947 0.127145 0.052272
15.769791 1.541077 16.764675 1.904975
0.555766 0.118553 -0.092641 -0.012130
0.118553 0.048289 -0.012731 -0.002597
-0.092641 -0.012731 0.541130 0.116289
-0.012130 -0.002597 0.116289 0.049084
16.772664 1.599817 18.489426 2.073466
0.550011 0.115344 -0.079223 -0.009589
0.115344 0.047287 -0.010166 -0.002154
-0.079223 -0.010166 0.530026 0.112439
-0.009589 -0.002154 0.112439 0.047788
17.357486 1.556226 19.635931 2.094074
0.533992 0.110680 -0.056379 -0.005385
0.110680 0.046185 -0.005952 -0.001396
-0.056379 -0.005952 0.510355 0.107394
-0.005385 -0.001396 0.107394 0.046459
17.937677 1.510414 20.185568 1.987266
0.503972 0.103400 -0.071130 -0.009560
0.103400 0.044621 -0.009947 -0.002429
-0.071130 -0.009947 0.479075 0.100062
-0.009560 -0.002429 0.100062 0.044727
18.984982 1.571906 21.305274 2.016862
0.498724 0.102475 -0.047495 -0.004852
0.102475 0.044624 -0.005208 -0.001428
-0.047495 -0.005208 0.479813 0.100647
-0.004852 -0.001428 0.100647 0.044934
19.544844 1.524060 22.174054 1.985357
0.502473 0.103474 -0.028682 -0.001469
0.103474 0.045001 -0.001830 -0.000770
-0.028682 -0.001830 0.485005 0.102001
-0.001469 -0.000770 0.102001 0.045256
19.756339 1.409800 23.068842 1.960661
0.478291 0.098609 -0.011350 0.001153
0.098609 0.044118 0.000803 -0.000347
-0.011350 0.000803 0.461170 0.097047
0.001153 -0.000347 0.097047 0.044206
20.196870 1.355477 24.147497 1.980017
0.497241 0.103054 -0.005848 0.001460
0.103054 0.045210 0.001157 -0.000338
-0.005848 0.001157 0.482497 0.101990
0.001460 -0.000338 0.101990 0.045316
20.312541 1.238161 24.907533 1.929368
0.494760 0.102660 0.016378 0.005292
0.102660 0.045194 0.004969 0.000413
0.016378 0.004969 0.481263 0.101696
0.005292 0.000413 0.101696 0.045219
20.910424 1.234018 26.095766 1.976521
0.492519 0.102300 0.027983 0.006664
0.102300 0.045169 0.006374 0.000629
0.027983 0.006374 0.487584 0.102960
0.006664 0.000629 0.102960 0.045452
22.271277 1.388395 27.489444 2.061572
0.462628 0.096222 0.011682 0.002213
0.096222 0.043951 0.002018 -0.000339
0.011682 0.002018 0.476018 0.100326
0.002213 -0.000339 0.100326 0.044846
22.669199 1.326277 28.547376 2.067739
0.466969 0.097802 0.017434 0.002982
0.097802 0.044414 0.002803 -0.000106
0.017434 0.002803 0.487797 0.102864
0.002982 -0.000106 0.102864 0.045386
23.346851 1.329627 29.464617 2.043146
0.473580 0.099672 0.006973 0.000363
0.099672 0.044877 0.000208 -0.000591
0.006973 0.000208 0.498377 0.104929
0.000363 -0.000591 0.104929 0.045785
24.103664 1.350221 30.026120 1.946380
0.472324 0.099616 0.006929 0.000303
0.099616 0.044867 0.000179 -0.000477
0.006929 0.000179 0.496954 0.104265
0.000303 -0.000477 0.104265 0.045579
24.750939 1.345798 30.422088 1.825621
0.462312 0.097697 -0.001631 -0.001459
0.097697 0.044461 -0.001580 -0.000733
-0.001631 -0.001580 0.488652 0.102290
-0.001459 -0.000733 0.102290 0.045138
25.582134 1.379367 31.330321 1.824350
0.435120 0.092264 -0.007688 -0.002468
0.092264 0.043332 -0.002619 -0.000817
-0.007688 -0.002619 0.480794 0.100621
-0.002468 -0.000817 0.100621 0.044806
26.243825 1.373104 32.449465 1.867753
0.450590 0.096375 -0.024684 -0.005749
0.096375 0.044315 -0.005955 -0.001406
-0.024684 -0.005955 0.504655 0.105774
-0.005749 -0.001406 0.105774 0.045933
26.208805 1.218327 33.591822 1.911301
0.437450 0.093827 -0.022311 -0.004661
0.093827 0.043748 -0.004813 -0.001021
-0.022311 -0.004813 0.515884 0.107756
-0.004661 -0.001021 0.107756 0.046289
26.689171 1.190152 34.083784 1.814758
0.436017 0.093972 -0.023540 -0.004488
0.093972 0.043795 -0.004620 -0.000896
-0.023540 -0.004620 0.513720 0.106804
-0.004488 -0.000896 0.106804 0.046019
27.104602 1.151829 35.323768 1.883401
0.450874 0.097534 -0.029839 -0.005408
0.097534 0.044556 -0.005555 -0.001031
-0.029839 -0.005555 0.538294 0.111542
-0.005408 -0.001031 0.111542 0.046971
27.949488 1.209987 36.251411 1.881180
0.445116 0.096227 -0.030621 -0.005190
0.096227 0.044184 -0.005289 -0.000932
-0.030621 -0.005289 0.543752 0.111932
-0.005190 -0.000932 0.111932 0.046958
28.722258 1.246824 37.358917 1.915891
0.418499 0.090495 -0.035120 -0.005878
0.090495 0.042889 -0.005905 -0.001054
-0.035120 -0.005905 0.550612 0.112656
-0.005878 -0.001054 0.112656 0.047041
29.395677 1.257592 38.282789 1.909143
0.442131 0.096205 -0.037674 -0.005972
0.096205 0.044190 -0.006091 -0.001050
-0.037674 -0.006091 0.558629 0.113645
-0.005972 -0.001050 0.113645 0.047198
30.252982 1.307239 39.209613 1.904523
0.460707 0.100184 -0.035389 -0.005150
0.100184 0.044978 -0.005280 -0.000864
-0.035389 -0.005280 0.561389 0.113590
-0.005150 -0.000864 0.113590 0.047158
31.528165 1.439659 39.655231 1.805210
0.395584 0.085620 -0.028130 -0.003842
0.085620 0.041685 -0.003583 -0.000612
-0.028130 -0.003583 0.550985 0.111006
-0.003842 -0.000612 0.111006 0.046637
31.975370 1.380622 40.714270 1.835437
0.374196 0.081875 -0.032874 -0.004874
0.081875 0.041018 -0.004590 -0.000874
-0.032874 -0.004590 0.564347 0.113478
-0.004874 -0.000874 0.113478 0.047184
32.675686 1.382950 41.652903 1.839684
0.387019 0.085925 -0.032795 -0.004691
0.085925 0.042081 -0.004524 -0.000859
-0.032795 -0.004524 0.564511 0.113149
-0.004691 -0.000859 0.113149 0.047135
33.545568 1.422374 42.464388 1.818873
0.414651 0.092733 -0.032221 -0.004385
0.092733 0.043615 -0.004426 -0.000831
-0.032221 -0.004426 0.554662 0.110918
-0.004385 -0.000831 0.110918 0.046722
34.167781 1.402544 43.386523 1.820974
0.439977 0.098196 -0.035429 -0.004910
0.098196 0.044679 -0.005182 -0.000987
-0.035429 -0.005182 0.546875 0.109342
-0.004910 -0.000987 0.109342 0.046477
34.827133 1.396013 44.847928 1.931264
0.472226 0.104572 -0.042513 -0.006153
0.104572 0.045855 -0.006666 -0.001272
-0.042513 -0.006666 0.550275 0.110158
-0.006153 -0.001272 0.110158 0.046725
35.118076 1.307967 46.037104 1.974005
0.489448 0.107013 -0.047471 -0.006956
0.107013 0.046090 -0.007641 -0.001454
-0.047471 -0.007641 0.532538 0.106672
-0.006956 -0.001454 0.106672 0.046083
35.068367 1.154051 46.714150 1.907546
0.502704 0.108419 -0.059640 -0.009188
0.108419 0.046129 -0.010120 -0.001937
-0.059640 -0.010120 0.508847 0.102250
-0.009188 -0.001937 0.102250 0.045285
35.884779 1.205880 47.776771 1.931217
0.532279 0.113410 -0.056547 -0.008054
0.113410 0.047011 -0.009104 -0.001658
-0.056547 -0.009104 0.485551 0.098324
-0.008054 -0.001658 0.098324 0.044645
