3.780851 2.474467 0.573424 -0.662673
2.301476 0.920610 -0.673446 -0.269384
0.920610 80.372319 -0.269384 -0.107756
-0.673446 -0.269384 4.569760 1.827944
-0.269384 -0.107756 1.827944 80.735260
3.446911 -0.212320 1.903298 1.895460
3.654333 6.409542 -0.792520 -1.068671
6.409542 19.073401 -1.302710 -3.477094
-0.792520 -1.302710 1.843670 2.888800
-1.068671 -3.477094 2.888800 18.227872
2.322378 -1.306605 3.319440 2.446068
3.216268 3.456594 -1.228438 -1.409917
3.456594 5.647106 -1.315218 -1.994132
-1.228438 -1.315218 2.632709 3.375550
-1.409917 -1.994132 3.375550 7.005607
5.356260 1.556254 3.001295 1.228619
1.806190 1.401760 -0.801976 -0.638967
1.401760 1.859115 -0.591892 -0.672101
-0.801976 -0.591892 2.636682 2.349520
-0.638967 -0.672101 2.349520 2.992793
6.106146 1.545455 4.084718 1.546098
1.778330 1.132659 -0.552314 -0.326012
1.132659 1.103493 -0.322978 -0.294535
-0.552314 -0.322978 2.016249 1.352727
-0.326012 -0.294535 1.352727 1.323303
6.985796 1.605113 5.153783 1.710111
1.700792 0.899435 -0.513731 -0.256148
0.899435 0.692494 -0.255899 -0.188818
-0.513731 -0.255899 1.818485 0.989883
-0.256148 -0.188818 0.989883 0.768846
7.713068 1.560468 4.272159 0.908939
1.547611 0.695591 -0.476837 -0.205280
0.695591 0.449541 -0.204329 -0.126701
-0.476837 -0.204329 1.773720 0.813070
-0.205280 -0.126701 0.813070 0.515948
8.190105 1.445996 5.728304 1.304139
1.373680 0.537630 -0.354303 -0.132211
0.537630 0.304422 -0.132595 -0.075457
-0.354303 -0.132595 1.428627 0.564116
-0.132211 -0.075457 0.564116 0.320348
10.018665 1.836143 8.166218 1.934876
1.134319 0.394328 -0.299276 -0.100756
0.394328 0.206232 -0.100949 -0.052228
-0.299276 -0.100949 1.182648 0.413831
-0.100756 -0.052228 0.413831 0.216239
11.022684 1.862659 8.830442 1.838813
0.948284 0.299104 -0.287361 -0.088651
0.299104 0.148231 -0.088548 -0.040546
-0.287361 -0.088548 1.064479 0.337284
-0.088651 -0.040546 0.337284 0.162297
12.205720 1.939173 10.803756 2.146914
0.886413 0.258388 -0.250052 -0.070388
0.258388 0.119410 -0.070422 -0.029679
-0.250052 -0.070422 0.954171 0.277574
-0.070388 -0.029679 0.277574 0.125961
12.985016 1.885163 11.230236 1.970777
0.813433 0.221073 -0.223798 -0.058137
0.221073 0.097702 -0.058100 -0.022622
-0.223798 -0.058100 0.891859 0.241262
-0.058137 -0.022622 0.241262 0.103769
14.608910 2.058196 11.677922 1.836230
0.709391 0.181547 -0.204026 -0.049424
0.181547 0.079743 -0.049262 -0.017812
-0.204026 -0.049262 0.818352 0.207779
-0.049424 -0.017812 0.207779 0.086771
14.928568 1.882837 12.390368 1.783341
0.656504 0.160457 -0.176933 -0.039892
0.160457 0.069546 -0.039734 -0.013628
-0.176933 -0.039734 0.756662 0.182244
-0.039892 -0.013628 0.182244 0.074879
15.447195 1.785594 13.781247 1.896867
0.609915 0.143743 -0.128930 -0.026726
0.143743 0.062169 -0.026580 -0.009273
-0.128930 -0.026580 0.677147 0.156294
-0.026726 -0.009273 0.156294 0.064999
16.166643 1.745503 14.693446 1.887809
0.601681 0.137707 -0.114951 -0.022611
0.137707 0.058395 -0.022506 -0.007521
-0.114951 -0.022506 0.655380 0.146548
-0.022611 -0.007521 0.146548 0.060279
16.877238 1.708273 15.488438 1.854374
0.606534 0.135242 -0.104331 -0.019511
0.135242 0.056064 -0.019423 -0.006204
-0.104331 -0.019423 0.651026 0.141754
-0.019511 -0.006204 0.141754 0.057406
17.124753 1.576532 16.555629 1.880935
0.598463 0.130250 -0.091552 -0.016263
0.130250 0.053611 -0.016249 -0.005052
-0.091552 -0.016249 0.623341 0.132568
-0.016263 -0.005052 0.132568 0.054086
17.446450 1.477923 17.709766 1.923181
0.565001 0.120609 -0.057317 -0.008911
0.120609 0.050600 -0.008868 -0.003182
-0.057317 -0.008868 0.572596 0.119776
-0.008911 -0.003182 0.119776 0.050523
17.009780 1.231668 19.044821 1.995042
0.536683 0.113068 -0.045912 -0.006913
0.113068 0.048420 -0.006980 -0.002626
-0.045912 -0.006980 0.519135 0.107673
-0.006913 -0.002626 0.107673 0.047515
17.896889 1.286820 19.672360 1.919285
0.523906 0.109596 -0.040208 -0.006065
0.109596 0.047368 -0.006091 -0.002295
-0.040208 -0.006091 0.510689 0.106033
-0.006065 -0.002295 0.106033 0.046983
18.618983 1.303660 20.737147 1.941491
0.522703 0.108893 -0.037989 -0.005850
0.108893 0.047025 -0.005871 -0.002111
-0.037989 -0.005871 0.509130 0.105871
-0.005850 -0.002111 0.105871 0.046802
18.367139 1.119337 22.668779 2.138440
0.500479 0.103985 -0.013125 -0.000914
0.103985 0.045879 -0.000985 -0.000981
-0.013125 -0.000985 0.475619 0.099066
-0.000914 -0.000981 0.099066 0.045269
18.655523 1.062633 23.631904 2.115486
0.507199 0.105469 -0.014455 -0.001716
0.105469 0.046155 -0.001770 -0.001101
-0.014455 -0.001770 0.482412 0.101137
-0.001716 -0.001101 0.101137 0.045693
19.466719 1.120683 24.623558 2.102118
0.504625 0.104890 0.002389 0.001471
0.104890 0.045986 0.001398 -0.000367
0.002389 0.001398 0.486366 0.102332
0.001471 -0.000367 0.102332 0.045882
19.848121 1.083465 25.626118 2.091757
0.496254 0.103123 0.004616 0.001373
0.103123 0.045581 0.001313 -0.000367
0.004616 0.001313 0.484679 0.102107
0.001373 -0.000367 0.102107 0.045739
20.497449 1.105896 26.379816 2.030140
0.491204 0.102199 0.009550 0.001976
0.102199 0.045387 0.001913 -0.000200
0.009550 0.001913 0.487751 0.102845
0.001976 -0.000200 0.102845 0.045808
21.687466 1.238791 27.298230 2.009198
0.478683 0.099779 0.007933 0.001247
0.099779 0.044891 0.001190 -0.000308
0.007933 0.001190 0.488034 0.102878
0.001247 -0.000308 0.102878 0.045724
22.935803 1.370601 28.166875 1.979680
0.471248 0.098599 0.011855 0.001844
0.098599 0.044685 0.001784 -0.000116
0.011855 0.001784 0.486587 0.102509
0.001844 -0.000116 0.102509 0.045565
23.469659 1.338902 29.086026 1.965074
0.461583 0.097017 0.003917 -0.000038
0.097017 0.044397 -0.000117 -0.000457
0.003917 -0.000117 0.495106 0.104275
-0.000038 -0.000457 0.104275 0.045878
23.332944 1.168179 30.268606 2.008601
0.450373 0.095151 0.009712 0.001212
0.095151 0.044045 0.001115 -0.000103
0.009712 0.001115 0.505861 0.106300
0.001212 -0.000103 0.106300 0.046217
23.763940 1.135626 31.270668 2.008438
0.434555 0.092378 0.018516 0.003010
0.092378 0.043502 0.002924 0.000338
0.018516 0.002924 0.508664 0.106467
0.003010 0.000338 0.106467 0.046148
25.001038 1.277592 32.918784 2.141147
0.425639 0.091246 0.016307 0.002358
0.091246 0.043329 0.002218 0.000215
0.016307 0.002218 0.523422 0.109174
0.002358 0.000215 0.109174 0.046640
25.723017 1.297088 33.420256 2.022816
0.439256 0.094970 0.007484 0.000385
0.094970 0.044184 0.000228 -0.000169
0.007484 0.000228 0.524965 0.108930
0.000385 -0.000169 0.108930 0.046496
26.834029 1.396606 34.753621 2.088228
0.454847 0.098627 0.002096 -0.000651
0.098627 0.044918 -0.000860 -0.000330
0.002096 -0.000860 0.552677 0.114174
-0.000651 -0.000330 0.114174 0.047520
27.073875 1.298018 35.452750 2.018396
0.453316 0.098135 -0.000176 -0.000898
0.098135 0.044679 -0.001110 -0.000301
-0.000176 -0.001110 0.560925 0.114958
-0.000898 -0.000301 0.114958 0.047555
27.091221 1.161431 36.481463 2.023255
0.459362 0.099317 -0.005154 -0.001695
0.099317 0.044836 -0.001950 -0.000410
-0.005154 -0.001950 0.581251 0.118239
-0.001695 -0.000410 0.118239 0.048133
27.514268 1.127616 37.284495 1.981326
0.472048 0.101796 -0.006085 -0.001618
0.101796 0.045266 -0.001851 -0.000331
-0.006085 -0.001851 0.610688 0.123139
-0.001618 -0.000331 0.123139 0.049016
27.485058 1.000677 37.498539 1.826634
0.458879 0.098491 -0.015743 -0.003303
0.098491 0.044432 -0.003637 -0.000645
-0.015743 -0.003637 0.601221 0.119923
-0.003303 -0.000645 0.119923 0.048237
28.112622 1.027660 37.311040 1.608657
0.428972 0.091961 -0.015306 -0.002872
0.091961 0.043001 -0.003125 -0.000491
-0.015306 -0.003125 0.589700 0.116789
-0.002872 -0.000491 0.116789 0.047592
28.992157 1.106931 38.617126 1.708034
0.437615 0.094341 -0.016651 -0.002859
0.094341 0.043610 -0.003074 -0.000452
-0.016651 -0.003074 0.615280 0.121407
-0.002859 -0.000452 0.121407 0.048561
29.383612 1.071963 39.508160 1.715060
0.456850 0.098726 -0.012036 -0.001700
0.098726 0.044576 -0.001783 -0.000181
-0.012036 -0.001783 0.636282 0.124791
-0.001700 -0.000181 0.124791 0.049219
31.500382 1.411928 39.751383 1.597953
0.311631 0.067199 0.004631 0.001397
0.067199 0.037709 0.001932 0.000472
0.004631 0.001932 0.652592 0.127079
0.001397 0.000472 0.127079 0.049634
32.095462 1.387759 41.351957 1.752740
0.338310 0.075986 0.000004 0.000343
0.075986 0.040165 0.000612 0.000160
0.000004 0.000612 0.665179 0.128538
0.000343 0.000160 0.128538 0.049878
32.910148 1.414996 41.605112 1.633284
0.353121 0.080916 0.013750 0.002906
0.080916 0.041409 0.003615 0.000708
0.013750 0.003615 0.654660 0.125590
0.002906 0.000708 0.125590 0.049291
33.629188 1.417664 42.458443 1.640292
0.362724 0.083887 0.024707 0.004701
0.083887 0.042019 0.005709 0.001042
0.024707 0.005709 0.646004 0.123406
0.004701 0.001042 0.123406 0.048926
35.377132 1.656546 45.566652 2.075463
0.395471 0.091740 0.035198 0.006253
0.091740 0.043674 0.007526 0.001306
0.035198 0.007526 0.650121 0.123950
0.006253 0.001306 0.123950 0.049125
35.817405 1.567709 46.311125 2.020517
0.433117 0.099812 0.009906 0.000867
0.099812 0.045228 0.001066 -0.000014
0.009906 0.001066 0.599752 0.114217
0.000867 -0.000014 0.114217 0.047368
35.425614 1.303732 45.762263 1.724364
0.463346 0.105229 0.001280 -0.000795
0.105229 0.046042 -0.000750 -0.000319
0.001280 -0.000750 0.536334 0.102781
-0.000795 -0.000319 0.102781 0.045402
36.867972 1.479685 46.878827 1.772481
0.494798 0.110324 0.036936 0.006307
0.110324 0.046751 0.007497 0.001352
0.036936 0.007497 0.480979 0.093585
0.006307 0.001352 0.093585 0.043935
