1.377133 1.512960 0.680340 -0.619905
1.239753 0.495912 0.614192 0.245682
0.495912 80.202436 0.245682 0.098275
0.614192 0.245682 3.300082 1.320061
0.245682 0.098275 1.320061 80.532103
5.577023 7.967863 -0.189112 -1.749516
3.159542 5.982159 -1.598031 -2.860890
5.982159 15.812854 -3.137252 -3.779265
-1.598031 -3.137252 2.846584 4.875476
-2.860890 -3.779265 4.875476 18.960107
7.562465 6.049825 2.179079 1.900848
1.802885 2.007997 0.374751 0.734390
2.007997 3.257395 0.503755 1.143982
0.374751 0.503755 1.104377 1.405305
0.734390 1.143982 1.405305 4.002857
7.258412 3.462780 3.626848 2.329571
0.463758 0.371236 0.424962 0.417271
0.371236 0.697416 0.363355 0.406151
0.424962 0.363355 1.446546 1.402601
0.417271 0.406151 1.402601 2.058777
7.893290 2.693311 3.404126 1.366453
0.365007 0.265578 0.191505 0.120910
0.265578 0.379281 0.087588 0.078112
0.191505 0.087588 1.583062 1.158464
0.120910 0.078112 1.158464 1.150334
8.785009 2.456909 1.882587 0.110574
0.514651 0.326367 0.114409 0.050586
0.326367 0.303406 0.031901 0.027428
0.114409 0.031901 1.666903 0.956319
0.050586 0.027428 0.956319 0.710326
10.718750 2.798497 3.964096 1.052444
0.655639 0.344062 0.012885 -0.002515
0.344062 0.238196 -0.011325 0.002468
0.012885 -0.011325 1.276066 0.598800
-0.002515 0.002468 0.598800 0.381089
11.932242 2.718189 4.321940 0.985576
0.682703 0.299446 -0.032776 -0.015677
0.299446 0.170973 -0.022440 -0.001877
-0.032776 -0.022440 1.226173 0.492082
-0.015677 -0.001877 0.492082 0.266374
12.001990 2.226327 7.899772 2.066199
0.513814 0.193500 -0.012803 -0.003620
0.193500 0.103386 -0.006796 0.003616
-0.012803 -0.006796 0.957287 0.335975
-0.003620 0.003616 0.335975 0.169419
12.776725 2.112497 8.701275 1.991387
0.579205 0.194562 -0.049034 -0.012653
0.194562 0.090949 -0.015937 -0.000096
-0.049034 -0.015937 0.943573 0.297810
-0.012653 -0.000096 0.297810 0.135158
12.725532 1.775489 9.107928 1.814193
0.587811 0.177806 -0.113226 -0.028504
0.177806 0.076676 -0.032035 -0.005156
-0.113226 -0.032035 0.902022 0.258791
-0.028504 -0.005156 0.258791 0.109013
13.026167 1.616388 10.855386 2.032035
0.583932 0.161579 -0.126884 -0.028221
0.161579 0.066189 -0.031452 -0.004842
-0.126884 -0.031452 0.804150 0.212556
-0.028221 -0.004842 0.212556 0.086929
13.489305 1.532574 12.670345 2.227327
0.576310 0.147956 -0.139010 -0.028058
0.147956 0.058816 -0.031118 -0.004705
-0.139010 -0.031118 0.718854 0.177682
-0.028058 -0.004705 0.177682 0.072110
13.878857 1.437778 13.430477 2.138336
0.570186 0.137570 -0.150731 -0.028155
0.137570 0.053841 -0.030925 -0.004650
-0.150731 -0.030925 0.671935 0.157531
-0.028155 -0.004650 0.157531 0.063498
14.623347 1.445409 14.659600 2.175283
0.554125 0.127482 -0.119032 -0.018769
0.127482 0.050081 -0.021091 -0.002454
-0.119032 -0.021091 0.623587 0.140704
-0.018769 -0.002454 0.140704 0.057288
15.711351 1.521850 15.285697 2.078671
0.547972 0.121330 -0.109395 -0.015615
0.121330 0.047879 -0.017457 -0.001888
-0.109395 -0.017457 0.613632 0.134387
-0.015615 -0.001888 0.134387 0.054325
16.378004 1.506927 16.792345 2.178244
0.537491 0.115720 -0.083310 -0.009519
0.115720 0.046277 -0.011236 -0.000825
-0.083310 -0.011236 0.577340 0.123542
-0.009519 -0.000825 0.123542 0.050946
17.097463 1.495182 17.491179 2.094826
0.538867 0.113628 -0.065016 -0.005699
0.113628 0.045708 -0.007149 -0.000268
-0.065016 -0.007149 0.573540 0.120855
-0.005699 -0.000268 0.120855 0.049763
17.948283 1.515434 18.420822 2.071605
0.527483 0.109490 -0.044605 -0.002085
0.109490 0.044863 -0.003312 0.000175
-0.044605 -0.003312 0.555311 0.115567
-0.002085 0.000175 0.115567 0.048241
18.041363 1.382338 19.858381 2.146817
0.520651 0.106884 -0.039663 -0.001961
0.106884 0.044448 -0.003131 -0.000121
-0.039663 -0.003131 0.528952 0.109056
-0.001961 -0.000121 0.109056 0.046639
18.079278 1.249544 21.029670 2.160165
0.504327 0.103028 -0.014882 0.002210
0.103028 0.043895 0.001129 0.000484
-0.014882 0.001129 0.497984 0.102544
0.002210 0.000484 0.102544 0.045274
18.407682 1.189501 22.179147 2.172036
0.498126 0.101625 -0.009638 0.002160
0.101625 0.043872 0.001241 0.000252
-0.009638 0.001241 0.485724 0.100307
0.002160 0.000252 0.100307 0.044872
19.081647 1.203980 22.922971 2.101523
0.502602 0.102623 -0.011020 0.000937
0.102623 0.044333 0.000193 -0.000134
-0.011020 0.000193 0.490945 0.101823
0.000937 -0.000134 0.101823 0.045262
19.986598 1.265422 23.842277 2.075675
0.493707 0.100897 -0.008691 0.000635
0.100897 0.044193 0.000048 -0.000275
-0.008691 0.000048 0.486074 0.101077
0.000635 -0.000275 0.101077 0.045138
20.122773 1.164657 25.261756 2.153443
0.489588 0.100386 0.000950 0.002019
0.100386 0.044306 0.001522 -0.000027
0.000950 0.001522 0.485438 0.101271
0.002019 -0.000027 0.101271 0.045215
20.578138 1.138939 26.598153 2.207434
0.475258 0.097807 -0.002367 0.000641
0.097807 0.043956 0.000274 -0.000348
-0.002367 0.000274 0.479708 0.100294
0.000641 -0.000348 0.100294 0.045019
20.974494 1.102244 26.727407 2.002856
0.473730 0.098109 0.006614 0.002105
0.098109 0.044210 0.001778 -0.000031
0.006614 0.001778 0.470424 0.098644
0.002105 -0.000031 0.098644 0.044694
21.879721 1.175997 27.168477 1.885068
0.456837 0.095129 0.002111 0.000672
0.095129 0.043726 0.000426 -0.000325
0.002111 0.000426 0.457948 0.096406
0.000672 -0.000325 0.096406 0.044255
22.224674 1.124987 28.096781 1.882072
0.460275 0.096617 -0.003789 -0.000832
0.096617 0.044188 -0.001026 -0.000597
-0.003789 -0.001026 0.468897 0.099262
-0.000832 -0.000597 0.099262 0.044911
22.515465 1.067518 29.278301 1.933122
0.451419 0.095280 -0.005525 -0.001250
0.095280 0.043979 -0.001410 -0.000610
-0.005525 -0.001410 0.476076 0.100969
-0.001250 -0.000610 0.100969 0.045245
23.214473 1.102614 30.233062 1.930599
0.440284 0.093498 -0.005636 -0.001250
0.093498 0.043665 -0.001381 -0.000537
-0.005636 -0.001381 0.478402 0.101439
-0.001250 -0.000537 0.101439 0.045283
23.990201 1.150694 30.820709 1.850584
0.440253 0.094154 -0.002269 -0.000494
0.094154 0.043869 -0.000594 -0.000312
-0.002269 -0.000594 0.480559 0.101810
-0.000494 -0.000312 0.101810 0.045300
24.665818 1.172217 31.904180 1.884046
0.444929 0.095656 -0.012048 -0.002581
0.095656 0.044208 -0.002698 -0.000723
-0.012048 -0.002698 0.497260 0.105218
-0.002581 -0.000723 0.105218 0.045964
25.413051 1.206830 32.329698 1.775271
0.427794 0.092219 -0.025355 -0.005195
0.092219 0.043432 -0.005350 -0.001215
-0.025355 -0.005350 0.488685 0.102960
-0.005195 -0.001215 0.102960 0.045382
25.857092 1.172876 33.708237 1.878334
0.415950 0.090177 -0.025663 -0.004847
0.090177 0.043009 -0.004938 -0.001034
-0.025663 -0.004938 0.504515 0.106104
-0.004847 -0.001034 0.106104 0.046008
26.777351 1.245386 34.448236 1.837312
0.410984 0.089700 -0.035493 -0.006568
0.089700 0.042932 -0.006710 -0.001345
-0.035493 -0.006710 0.508831 0.106526
-0.006568 -0.001345 0.106526 0.046012
27.360894 1.237345 35.548909 1.875176
0.416476 0.091453 -0.040621 -0.007158
0.091453 0.043323 -0.007291 -0.001393
-0.040621 -0.007291 0.526309 0.109715
-0.007158 -0.001393 0.109715 0.046616
27.802653 1.201171 37.187849 2.019968
0.413625 0.091094 -0.043159 -0.007246
0.091094 0.043191 -0.007263 -0.001339
-0.043159 -0.007263 0.553360 0.114638
-0.007246 -0.001339 0.114638 0.047544
28.327534 1.184839 38.285021 2.037529
0.434945 0.096044 -0.044949 -0.007118
0.096044 0.044234 -0.007206 -0.001277
-0.044949 -0.007206 0.565633 0.116106
-0.007118 -0.001277 0.116106 0.047704
29.446447 1.301603 39.414811 2.063007
0.451031 0.099278 -0.044671 -0.006669
0.099278 0.044797 -0.006774 -0.001167
-0.044671 -0.006774 0.574466 0.116866
-0.006669 -0.001167 0.116866 0.047748
30.215545 1.327661 40.467304 2.067924
0.436146 0.095411 -0.040162 -0.005639
0.095411 0.043774 -0.005552 -0.000959
-0.040162 -0.005552 0.575937 0.116225
-0.005639 -0.000959 0.116225 0.047547
31.117575 1.377505 41.102452 1.989180
0.422831 0.092343 -0.032894 -0.004177
0.092343 0.043051 -0.003972 -0.000696
-0.032894 -0.003972 0.563481 0.113003
-0.004177 -0.000696 0.113003 0.046885
31.464325 1.300886 41.793066 1.926414
0.439525 0.096079 -0.039988 -0.005575
0.096079 0.043872 -0.005678 -0.001073
-0.039988 -0.005678 0.556127 0.111147
-0.005575 -0.001073 0.111147 0.046562
32.901376 1.470032 42.268693 1.833263
0.394496 0.086165 -0.006459 0.000922
0.086165 0.041683 0.001570 0.000299
-0.006459 0.001570 0.531352 0.106288
0.000922 0.000299 0.106288 0.045721
33.377942 1.411280 42.771864 1.749132
0.352294 0.077677 0.014955 0.004510
0.077677 0.039963 0.005534 0.000934
0.014955 0.005534 0.510233 0.102522
0.004510 0.000934 0.102522 0.045138
34.079025 1.409065 43.138323 1.646355
0.346615 0.077876 0.027150 0.006191
0.077876 0.040244 0.007236 0.001141
0.027150 0.007236 0.486698 0.098492
0.006191 0.001141 0.098492 0.044508
34.594074 1.365839 44.311909 1.718099
0.363456 0.082930 0.023364 0.004593
0.082930 0.041521 0.005343 0.000646
0.023364 0.005343 0.491023 0.100387
0.004593 0.000646 0.100387 0.045090
34.841556 1.266034 45.044896 1.693038
0.392847 0.090202 0.004588 0.000126
0.090202 0.043144 0.000345 -0.000420
0.004588 0.000345 0.487652 0.100449
0.000126 -0.000420 0.100449 0.045211
35.220292 1.207833 45.922343 1.699994
0.419072 0.095846 -0.004755 -0.001886
0.095846 0.044219 -0.001839 -0.000792
-0.004755 -0.001839 0.477242 0.098920
-0.001886 -0.000792 0.098920 0.044954
35.415567 1.115477 46.620312 1.668944
0.428033 0.096927 -0.001151 -0.000940
0.096927 0.044172 -0.000781 -0.000452
-0.001151 -0.000781 0.442137 0.092245
-0.000940 -0.000452 0.092245 0.043609
