1.320926 1.490476 4.665442 0.974170
1.630065 0.652040 0.177799 0.071121
0.652040 80.264888 0.071121 0.028449
0.177799 0.071121 3.027158 1.210889
0.071121 0.028449 1.210889 80.488433
2.996988 3.198241 4.586596 -0.003608
2.660945 4.871689 -0.961377 -1.677932
4.871689 14.751170 -1.809022 -2.632563
-0.961377 -1.809022 3.467567 5.916685
-1.677932 -2.632563 5.916685 20.034491
5.709577 4.306827 1.629877 -3.245514
2.922091 3.176430 -1.201682 -1.145878
3.176430 4.821570 -1.181937 -1.083108
-1.201682 -1.181937 3.544112 3.897676
-1.145878 -1.083108 3.897676 6.645097
7.359605 3.954932 1.111835 -2.380510
2.151800 1.666583 -0.213953 -0.040671
1.666583 1.833137 -0.109222 -0.015878
-0.213953 -0.109222 1.589830 1.276376
-0.040671 -0.015878 1.276376 1.929429
8.329971 3.379531 1.834866 -1.128584
1.680937 1.018052 0.016075 0.069124
1.018052 0.892415 0.030993 0.029432
0.016075 0.030993 1.183381 0.796491
0.069124 0.029432 0.796491 0.966045
9.299639 3.028018 3.654818 0.234473
0.912808 0.458643 0.251152 0.157624
0.458643 0.392952 0.129702 0.063510
0.251152 0.129702 0.948837 0.550081
0.157624 0.063510 0.550081 0.551232
8.333002 1.903458 4.260871 0.515789
0.326380 0.144338 0.187338 0.090935
0.144338 0.168602 0.069806 0.023679
0.187338 0.069806 1.013839 0.512992
0.090935 0.023679 0.512992 0.397908
8.548563 1.558382 4.682488 0.615666
0.265626 0.119637 0.117385 0.042419
0.119637 0.124154 0.025332 0.002698
0.117385 0.025332 1.048752 0.461970
0.042419 0.002698 0.461970 0.293430
9.391449 1.578689 5.306108 0.736002
0.360732 0.160300 0.058291 0.009441
0.160300 0.119712 -0.000990 -0.007222
0.058291 -0.000990 1.036775 0.400601
0.009441 -0.007222 0.400601 0.218371
10.220494 1.583094 6.269928 0.939607
0.438151 0.176941 -0.003064 -0.012994
0.176941 0.107069 -0.020403 -0.011438
-0.003064 -0.020403 0.982580 0.337637
-0.012994 -0.011438 0.337637 0.164315
11.123823 1.604695 8.154980 1.374735
0.514761 0.186092 -0.046356 -0.023716
0.186092 0.095657 -0.028440 -0.011321
-0.046356 -0.028440 0.889364 0.275570
-0.023716 -0.011321 0.275570 0.124469
12.037817 1.627805 10.436624 1.824152
0.562325 0.182363 -0.059051 -0.022974
0.182363 0.083507 -0.025509 -0.008303
-0.059051 -0.025509 0.786015 0.222848
-0.022974 -0.008303 0.222848 0.096549
13.017232 1.676515 11.327432 1.817549
0.587049 0.172807 -0.084818 -0.025890
0.172807 0.073063 -0.028268 -0.007616
-0.084818 -0.028268 0.756055 0.199406
-0.025890 -0.007616 0.199406 0.082347
13.557995 1.595743 12.503468 1.884265
0.562264 0.152115 -0.102145 -0.026386
0.152115 0.062253 -0.028515 -0.006619
-0.102145 -0.028515 0.671741 0.166409
-0.026386 -0.006619 0.166409 0.068679
14.058117 1.520323 13.369027 1.865629
0.586399 0.148113 -0.113823 -0.025838
0.148113 0.058060 -0.027724 -0.005716
-0.113823 -0.027724 0.664050 0.156729
-0.025838 -0.005716 0.156729 0.062987
15.114207 1.589769 13.996014 1.797558
0.570892 0.135920 -0.101155 -0.020260
0.135920 0.052953 -0.021612 -0.003881
-0.101155 -0.021612 0.638168 0.144507
-0.020260 -0.003881 0.144507 0.057812
15.964105 1.605207 15.404685 1.910129
0.573043 0.130241 -0.083673 -0.014531
0.130241 0.050378 -0.015605 -0.002358
-0.083673 -0.015605 0.614454 0.134641
-0.014531 -0.002358 0.134641 0.054057
16.623907 1.573286 16.275735 1.890989
0.548392 0.119799 -0.099535 -0.017067
0.119799 0.047269 -0.018057 -0.002919
-0.099535 -0.018057 0.576961 0.123000
-0.017067 -0.002919 0.123000 0.050482
16.935098 1.471959 17.275009 1.897904
0.538406 0.114623 -0.075976 -0.011015
0.114623 0.045897 -0.011849 -0.001581
-0.075976 -0.011849 0.551642 0.115803
-0.011015 -0.001581 0.115803 0.048437
17.707851 1.473411 17.487982 1.744423
0.525216 0.109702 -0.063733 -0.008150
0.109702 0.044817 -0.008761 -0.001057
-0.063733 -0.008761 0.542182 0.112706
-0.008150 -0.001057 0.112706 0.047502
18.083033 1.400569 18.602141 1.791066
0.504650 0.104096 -0.056208 -0.006702
0.104096 0.043770 -0.007268 -0.000925
-0.056208 -0.007268 0.510467 0.105354
-0.006702 -0.000925 0.105354 0.045809
18.168966 1.277665 19.930556 1.874875
0.488454 0.100304 -0.040057 -0.003591
0.100304 0.043252 -0.004163 -0.000445
-0.040057 -0.004163 0.481068 0.099339
-0.003591 -0.000445 0.099339 0.044590
18.073148 1.135752 22.048737 2.114202
0.461940 0.095162 0.007085 0.005601
0.095162 0.042558 0.004926 0.001243
0.007085 0.004926 0.438300 0.091339
0.005601 0.001243 0.091339 0.043104
18.939981 1.199995 23.540350 2.207710
0.460496 0.095413 0.014642 0.005968
0.095413 0.042945 0.005424 0.001078
0.014642 0.005424 0.442102 0.093331
0.005968 0.001078 0.093331 0.043714
19.520099 1.196255 24.774579 2.235381
0.466777 0.097264 0.023720 0.006794
0.097264 0.043600 0.006323 0.001077
0.023720 0.006323 0.452587 0.096405
0.006794 0.001077 0.096405 0.044452
20.000665 1.171450 25.625373 2.178155
0.463578 0.096926 0.008481 0.002459
0.096926 0.043706 0.002156 0.000038
0.008481 0.002156 0.452279 0.096708
0.002459 0.000038 0.096708 0.044491
20.812161 1.218934 26.131925 2.053302
0.458022 0.096137 0.014578 0.003256
0.096137 0.043691 0.002987 0.000205
0.014578 0.002987 0.449543 0.096405
0.003256 0.000205 0.096405 0.044388
21.203813 1.172565 27.530175 2.133378
0.445660 0.093964 0.014863 0.002835
0.093964 0.043363 0.002604 0.000121
0.014863 0.002604 0.452001 0.097175
0.002835 0.000121 0.097175 0.044513
21.387558 1.087313 28.497647 2.112673
0.436821 0.092674 0.023297 0.004305
0.092674 0.043219 0.004077 0.000465
0.023297 0.004077 0.453553 0.097602
0.004305 0.000465 0.097602 0.044542
22.294611 1.164649 29.682258 2.139355
0.443609 0.094790 0.020918 0.003350
0.094790 0.043787 0.003138 0.000267
0.020918 0.003138 0.471344 0.101463
0.003350 0.000267 0.101463 0.045311
22.639081 1.115496 30.174671 2.016217
0.451409 0.096870 0.009467 0.000622
0.096870 0.044275 0.000458 -0.000271
0.009467 0.000458 0.476729 0.102276
0.000622 -0.000271 0.102276 0.045364
23.602600 1.201229 31.659369 2.116870
0.426648 0.091665 0.005659 -0.000039
0.091665 0.043133 -0.000268 -0.000314
0.005659 -0.000268 0.483375 0.103273
-0.000039 -0.000314 0.103273 0.045465
24.208986 1.202898 32.560081 2.083312
0.434923 0.094060 -0.006328 -0.002454
0.094060 0.043723 -0.002694 -0.000744
-0.006328 -0.002694 0.496523 0.105613
-0.002454 -0.000744 0.105613 0.045868
25.109798 1.268530 33.196191 1.997093
0.441398 0.095715 -0.005897 -0.001986
0.095715 0.044069 -0.002173 -0.000520
-0.005897 -0.002173 0.501227 0.105951
-0.001986 -0.000520 0.105951 0.045826
25.515607 1.219228 33.960927 1.948179
0.422379 0.091639 -0.015790 -0.003736
0.091639 0.043136 -0.003972 -0.000816
-0.015790 -0.003972 0.502112 0.105545
-0.003736 -0.000816 0.105545 0.045664
26.539611 1.309549 34.749594 1.909387
0.431673 0.094072 -0.022054 -0.004607
0.094072 0.043694 -0.004852 -0.000915
-0.022054 -0.004852 0.512172 0.107171
-0.004607 -0.000915 0.107171 0.045965
27.369236 1.347545 35.535172 1.874357
0.440785 0.096156 -0.026836 -0.005129
0.096156 0.044108 -0.005372 -0.000950
-0.026836 -0.005372 0.522048 0.108667
-0.005129 -0.000950 0.108667 0.046231
28.410041 1.428262 36.859697 1.955304
0.420494 0.091573 -0.039732 -0.007392
0.091573 0.043027 -0.007654 -0.001380
-0.039732 -0.007654 0.539557 0.111660
-0.007392 -0.001380 0.111660 0.046801
28.261573 1.238651 37.557199 1.894849
0.407818 0.089108 -0.039222 -0.006736
0.089108 0.042512 -0.006897 -0.001165
-0.039222 -0.006897 0.539566 0.110875
-0.006736 -0.001165 0.110875 0.046573
28.890009 1.238249 37.917903 1.774791
0.416885 0.091591 -0.040154 -0.006442
0.091591 0.043108 -0.006646 -0.001079
-0.040154 -0.006646 0.534296 0.109195
-0.006442 -0.001079 0.109195 0.046211
29.906985 1.327245 39.061858 1.829151
0.389105 0.085607 -0.044818 -0.007197
0.085607 0.041758 -0.007217 -0.001230
-0.044818 -0.007217 0.551009 0.112242
-0.007197 -0.001230 0.112242 0.046860
31.424865 1.516317 39.801461 1.798562
0.354806 0.078723 -0.038340 -0.005729
0.078723 0.040317 -0.005406 -0.000906
-0.038340 -0.005406 0.553705 0.112280
-0.005729 -0.000906 0.112280 0.046866
32.457201 1.577096 40.500670 1.759770
0.386719 0.087219 -0.036729 -0.005038
0.087219 0.042403 -0.004962 -0.000804
-0.036729 -0.004962 0.550119 0.111105
-0.005038 -0.000804 0.111105 0.046639
33.043922 1.533849 41.787480 1.840667
0.420930 0.095138 -0.044921 -0.006443
0.095138 0.044100 -0.006705 -0.001166
-0.044921 -0.006705 0.565441 0.113879
-0.006443 -0.001166 0.113879 0.047233
33.594487 1.484961 42.680023 1.833688
0.446488 0.100206 -0.050309 -0.007250
0.100206 0.044992 -0.007774 -0.001380
-0.050309 -0.007774 0.561997 0.112702
-0.007250 -0.001380 0.112702 0.046994
34.238416 1.460467 43.206666 1.754725
0.469801 0.104278 -0.051316 -0.007157
0.104278 0.045615 -0.007878 -0.001394
-0.051316 -0.007878 0.543102 0.108645
-0.007157 -0.001394 0.108645 0.046219
35.025649 1.470925 43.774423 1.692885
0.466022 0.102185 -0.030987 -0.003014
0.102185 0.044904 -0.003395 -0.000534
-0.030987 -0.003395 0.511604 0.102622
-0.003014 -0.000534 0.102622 0.045145
36.122735 1.550676 44.803782 1.732186
0.474973 0.103218 -0.011621 0.000651
0.103218 0.044999 0.000431 0.000152
-0.011621 0.000431 0.487018 0.098479
0.000651 0.000152 0.098479 0.044511
36.880333 1.549914 46.302884 1.861488
0.492279 0.105951 -0.011787 0.000081
0.105951 0.045470 -0.000243 -0.000108
-0.011787 -0.000243 0.475101 0.097055
0.000081 -0.000108 0.097055 0.044412
36.901260 1.388874 47.136820 1.838422
0.512451 0.109039 -0.040151 -0.006207
0.109039 0.045993 -0.006747 -0.001525
-0.040151 -0.006747 0.471632 0.097253
-0.006207 -0.001525 0.097253 0.044582
