3.779045 2.473745 5.419011 1.275604
1.769882 0.707968 -0.200310 -0.080126
0.707968 80.287260 -0.080126 -0.032051
-0.200310 -0.080126 3.366138 1.346484
-0.080126 -0.032051 1.346484 80.542672
3.016924 -1.234626 1.019422 -7.196828
3.409389 6.163223 -0.824090 -1.321915
6.163223 17.416263 -1.432482 -2.865916
-0.824090 -1.432482 3.534381 5.906291
-1.321915 -2.865916 5.906291 20.704226
3.939297 0.488211 1.495837 -2.577581
3.130204 3.333096 -1.193703 -1.221485
3.333096 5.083988 -1.250424 -1.481941
-1.193703 -1.250424 1.610291 1.759159
-1.221485 -1.481941 1.759159 4.529275
2.905157 -0.411302 2.507126 -0.507517
2.785554 2.123212 -0.830728 -0.537904
2.123212 2.239071 -0.594987 -0.493884
-0.830728 -0.594987 1.228103 1.091911
-0.537904 -0.493884 1.091911 1.875914
6.271290 1.731669 2.218015 -0.286406
1.884702 1.111731 -0.768756 -0.457931
1.111731 0.974865 -0.423078 -0.321194
-0.768756 -0.423078 1.510892 1.103976
-0.457931 -0.321194 1.103976 1.193408
5.622514 1.014991 4.091722 0.860335
1.050269 0.531501 0.159887 0.149969
0.531501 0.457599 0.095997 0.037056
0.159887 0.095997 0.704984 0.435615
0.149969 0.037056 0.435615 0.469219
7.484312 1.610932 5.625661 1.457837
1.002005 0.451704 0.031997 0.024772
0.451704 0.324320 0.002781 -0.024771
0.031997 0.002781 0.848062 0.451273
0.024772 -0.024771 0.451273 0.355997
9.178264 1.948534 7.379682 1.920127
0.997131 0.401523 -0.083293 -0.041455
0.401523 0.244392 -0.050651 -0.042633
-0.083293 -0.050651 0.939468 0.426938
-0.041455 -0.042633 0.426938 0.268741
8.473524 1.353862 7.911383 1.761418
0.743284 0.270924 -0.313843 -0.126986
0.270924 0.159257 -0.126463 -0.062605
-0.313843 -0.126463 0.925045 0.364106
-0.126986 -0.062605 0.364106 0.196342
9.099164 1.333420 9.498602 2.005990
0.806506 0.268892 -0.309753 -0.107503
0.268892 0.136524 -0.107283 -0.045101
-0.309753 -0.107283 0.943100 0.326557
-0.107503 -0.045101 0.326557 0.153913
11.674786 1.915442 9.803894 1.794449
0.684759 0.208789 -0.238586 -0.072257
0.208789 0.102012 -0.072242 -0.027569
-0.238586 -0.072242 0.818111 0.253134
-0.072257 -0.027569 0.253134 0.112031
12.558282 1.894934 10.860644 1.839354
0.678772 0.192840 -0.203594 -0.054739
0.192840 0.087680 -0.054769 -0.019006
-0.203594 -0.054769 0.788654 0.222717
-0.054739 -0.019006 0.222717 0.092308
13.166122 1.809115 12.641695 2.063544
0.657812 0.175203 -0.173286 -0.041942
0.175203 0.076007 -0.042101 -0.013525
-0.173286 -0.042101 0.720055 0.188002
-0.041942 -0.013525 0.188002 0.075880
13.604738 1.691848 13.786608 2.088590
0.659457 0.165993 -0.157036 -0.034686
0.165993 0.068826 -0.034901 -0.010379
-0.157036 -0.034901 0.692434 0.169660
-0.034686 -0.010379 0.169660 0.066790
14.116739 1.608637 14.473484 2.002798
0.633641 0.151605 -0.140445 -0.028642
0.151605 0.061852 -0.028845 -0.008081
-0.140445 -0.028845 0.650071 0.151082
-0.028642 -0.008081 0.151082 0.059419
13.892338 1.371050 15.500087 2.001071
0.633489 0.145314 -0.136723 -0.026144
0.145314 0.058012 -0.026543 -0.006934
-0.136723 -0.026543 0.617623 0.137662
-0.026144 -0.006934 0.137662 0.054503
14.475003 1.345616 16.216072 1.938320
0.622112 0.137779 -0.109814 -0.018996
0.137779 0.054678 -0.019217 -0.004883
-0.109814 -0.019217 0.601558 0.130078
-0.018996 -0.004883 0.130078 0.051732
14.791502 1.267206 17.036694 1.903914
0.604400 0.129881 -0.105844 -0.017636
0.129881 0.051814 -0.017926 -0.004382
-0.105844 -0.017926 0.570257 0.120276
-0.017636 -0.004382 0.120276 0.048921
16.141491 1.412478 17.285575 1.762896
0.564716 0.118707 -0.083699 -0.012779
0.118707 0.048771 -0.012814 -0.003176
-0.083699 -0.012814 0.548941 0.114079
-0.012779 -0.003176 0.114079 0.047308
16.414115 1.327599 18.805700 1.891516
0.552405 0.114607 -0.071573 -0.010235
0.114607 0.047603 -0.010387 -0.002591
-0.071573 -0.010387 0.520602 0.107179
-0.010235 -0.002591 0.107179 0.045759
17.222612 1.357724 19.778810 1.898330
0.534532 0.110025 -0.048990 -0.005782
0.110025 0.046530 -0.005883 -0.001634
-0.048990 -0.005883 0.505025 0.103806
-0.005782 -0.001634 0.103806 0.045131
17.644582 1.308913 21.260039 2.006226
0.513777 0.105301 -0.039511 -0.004399
0.105301 0.045537 -0.004535 -0.001401
-0.039511 -0.004535 0.478325 0.098397
-0.004399 -0.001401 0.098397 0.044117
18.461339 1.341374 22.129051 1.979465
0.492559 0.100985 -0.031779 -0.003394
0.100985 0.044727 -0.003487 -0.001222
-0.031779 -0.003487 0.462223 0.095664
-0.003394 -0.001222 0.095664 0.043727
18.934504 1.300180 23.037866 1.961436
0.504940 0.104043 -0.016277 -0.000549
0.104043 0.045507 -0.000659 -0.000620
-0.016277 -0.000659 0.475607 0.099317
-0.000549 -0.000620 0.099317 0.044679
20.333092 1.456908 24.536309 2.073266
0.486002 0.100256 -0.011298 -0.000245
0.100256 0.044774 -0.000288 -0.000599
-0.011298 -0.000288 0.470584 0.098624
-0.000245 -0.000599 0.098624 0.044590
21.044027 1.453683 25.701289 2.100216
0.486867 0.100875 -0.014552 -0.001498
0.100875 0.045000 -0.001497 -0.000864
-0.014552 -0.001497 0.479577 0.100866
-0.001498 -0.000864 0.100866 0.045104
21.881129 1.475948 26.479536 2.043235
0.496714 0.103281 -0.010426 -0.000956
0.103281 0.045563 -0.000960 -0.000713
-0.010426 -0.000960 0.491784 0.103548
-0.000956 -0.000713 0.103548 0.045659
22.699725 1.493123 27.721491 2.089706
0.493459 0.102665 -0.020902 -0.003492
0.102665 0.045430 -0.003450 -0.001207
-0.020902 -0.003450 0.501602 0.105417
-0.003492 -0.001207 0.105417 0.045985
22.842327 1.366350 28.243120 1.978991
0.484637 0.100938 -0.028655 -0.005148
0.100938 0.045074 -0.005099 -0.001471
-0.028655 -0.005099 0.495939 0.103878
-0.005148 -0.001471 0.103878 0.045581
23.279333 1.314700 29.132606 1.957542
0.477467 0.099730 -0.017290 -0.002609
0.099730 0.044859 -0.002546 -0.000836
-0.017290 -0.002546 0.501718 0.104954
-0.002609 -0.000836 0.104954 0.045782
23.728424 1.272446 30.810951 2.103185
0.475253 0.099625 -0.006519 -0.000421
0.099625 0.044877 -0.000312 -0.000329
-0.006519 -0.000312 0.524150 0.109417
-0.000421 -0.000329 0.109417 0.046679
24.388129 1.276641 31.377484 2.002537
0.486307 0.102252 -0.001792 0.000341
0.102252 0.045450 0.000446 -0.000169
-0.001792 0.000446 0.537415 0.111547
0.000341 -0.000169 0.111547 0.047018
25.788697 1.437439 32.902898 2.111305
0.463680 0.097479 -0.015663 -0.002801
0.097479 0.044402 -0.002743 -0.000835
-0.015663 -0.002743 0.547806 0.112928
-0.002801 -0.000835 0.112928 0.047196
26.267281 1.386478 33.747691 2.067877
0.446098 0.094193 -0.021523 -0.003941
0.094193 0.043755 -0.003904 -0.001015
-0.021523 -0.003904 0.555547 0.113733
-0.003941 -0.001015 0.113733 0.047272
26.933827 1.380365 34.501134 2.010772
0.452368 0.096205 -0.022115 -0.003860
0.096205 0.044263 -0.003823 -0.000926
-0.022115 -0.003823 0.568991 0.115731
-0.003860 -0.000926 0.115731 0.047616
27.459989 1.344603 35.120065 1.932407
0.449339 0.095954 -0.016352 -0.002527
0.095954 0.044219 -0.002438 -0.000593
-0.016352 -0.002438 0.562278 0.113577
-0.002527 -0.000593 0.113577 0.047121
28.232894 1.365112 35.541729 1.823037
0.440263 0.094331 -0.023515 -0.003943
0.094331 0.043861 -0.003956 -0.000884
-0.023515 -0.003956 0.559017 0.112421
-0.003943 -0.000884 0.112421 0.046895
27.962040 1.158275 35.787713 1.687436
0.428252 0.092159 -0.027942 -0.004689
0.092159 0.043401 -0.004723 -0.001003
-0.027942 -0.004723 0.565637 0.113450
-0.004689 -0.001003 0.113450 0.047145
28.718381 1.197427 36.906416 1.742937
0.420337 0.090988 -0.031649 -0.005232
0.090988 0.043174 -0.005250 -0.001071
-0.031649 -0.005250 0.583902 0.116782
-0.005232 -0.001071 0.116782 0.047844
29.180774 1.166085 37.280874 1.643486
0.428709 0.093382 -0.031986 -0.005031
0.093382 0.043719 -0.005040 -0.000987
-0.031986 -0.005040 0.595241 0.118495
-0.005031 -0.000987 0.118495 0.048172
30.296877 1.285987 39.035781 1.830340
0.428222 0.093516 -0.029571 -0.004366
0.093516 0.043700 -0.004240 -0.000811
-0.029571 -0.004240 0.618019 0.122413
-0.004366 -0.000811 0.122413 0.048930
31.338622 1.370999 39.332235 1.709988
0.424043 0.092807 -0.015309 -0.001473
0.092807 0.043500 -0.001047 -0.000189
-0.015309 -0.001047 0.616258 0.121261
-0.001473 -0.000189 0.121261 0.048653
31.791638 1.317344 39.392113 1.553539
0.406575 0.089128 -0.019603 -0.002541
0.089128 0.042643 -0.002268 -0.000495
-0.019603 -0.002268 0.609054 0.119208
-0.002541 -0.000495 0.119208 0.048239
33.006792 1.443337 41.190056 1.754628
0.421829 0.092977 -0.017933 -0.002225
0.092977 0.043516 -0.001932 -0.000437
-0.017933 -0.001932 0.633306 0.123612
-0.002225 -0.000437 0.123612 0.049147
33.776461 1.453467 41.913421 1.724859
0.451138 0.099485 -0.008093 -0.000316
0.099485 0.044883 0.000122 -0.000042
-0.008093 0.000122 0.641782 0.124637
-0.000316 -0.000042 0.124637 0.049336
34.772312 1.515802 44.158637 1.992677
0.482552 0.105710 -0.008976 -0.000664
0.105710 0.046055 -0.000371 -0.000172
-0.008976 -0.000371 0.654958 0.126550
-0.000664 -0.000172 0.126550 0.049696
34.930151 1.385056 44.776036 1.918766
0.500808 0.108481 0.000690 0.001036
0.108481 0.046400 0.001414 0.000149
0.000690 0.001414 0.624393 0.120003
0.001036 0.000149 0.120003 0.048425
35.434815 1.345281 46.031185 1.975383
0.528266 0.113021 -0.000699 0.000491
0.113021 0.047139 0.000707 -0.000025
-0.000699 0.000707 0.605459 0.116355
0.000491 -0.000025 0.116355 0.047830
36.601596 1.448773 46.262972 1.830055
0.532767 0.112426 0.049811 0.010008
0.112426 0.046788 0.010974 0.001937
0.049811 0.010974 0.478784 0.092327
0.010008 0.001937 0.092327 0.043355
37.711875 1.528172 48.056816 2.003503
0.561847 0.117185 0.034849 0.005994
0.117185 0.047646 0.006669 0.000925
0.034849 0.006669 0.473818 0.093796
0.005994 0.000925 0.093796 0.044113
