3.708702 2.445607 0.549944 -0.672065
2.065180 0.826090 -0.460612 -0.184249
0.826090 80.334510 -0.184249 -0.073701
-0.460612 -0.184249 4.428282 1.771351
-0.184249 -0.073701 1.771351 80.712623
5.873153 4.149423 0.834314 0.353736
3.057012 5.436282 -0.589762 -0.830842
5.436282 16.827460 -0.995374 -2.609281
-0.589762 -0.995374 1.576334 2.497493
-0.830842 -2.609281 2.497493 17.363216
8.264256 4.495025 1.044493 0.417462
2.252518 2.458337 -0.104840 -0.005933
2.458337 4.408972 -0.103621 -0.340070
-0.104840 -0.103621 1.728259 2.316430
-0.005933 -0.340070 2.316430 5.583059
10.146635 4.182697 2.629101 1.706660
1.650311 1.322516 0.035663 0.048793
1.322516 1.731128 0.005576 -0.108699
0.035663 0.005576 1.614978 1.517537
0.048793 -0.108699 1.517537 2.215912
8.814918 1.988706 3.123128 1.481773
0.679550 0.433398 0.182117 0.123586
0.433398 0.604491 0.084887 0.002508
0.182117 0.084887 1.656113 1.178389
0.123586 0.002508 1.178389 1.187729
8.943172 1.487638 3.528994 1.317474
0.719602 0.421183 0.094238 0.031734
0.421183 0.425505 0.014550 -0.028627
0.094238 0.014550 1.547901 0.877993
0.031734 -0.028627 0.877993 0.685956
8.537005 0.907664 3.830342 1.180771
0.558652 0.283989 0.069745 0.017417
0.283989 0.250935 0.004604 -0.016836
0.069745 0.004604 1.437462 0.676059
0.017417 -0.016836 0.676059 0.433354
9.507554 1.107308 6.457324 1.989285
0.629757 0.286759 -0.016556 -0.021871
0.286759 0.199972 -0.027967 -0.023582
-0.016556 -0.027967 1.175512 0.474266
-0.021871 -0.023582 0.474266 0.269903
10.602149 1.324081 7.449369 1.978937
0.664765 0.267514 -0.095891 -0.045618
0.267514 0.156842 -0.051593 -0.025683
-0.095891 -0.051593 1.088875 0.388139
-0.045618 -0.025683 0.388139 0.196202
11.154566 1.285151 8.422962 1.975060
0.708249 0.253253 -0.146013 -0.054070
0.253253 0.128353 -0.059190 -0.023006
-0.146013 -0.059190 1.027003 0.328456
-0.054070 -0.023006 0.328456 0.150535
11.651737 1.240849 8.635979 1.751335
0.665999 0.213696 -0.200852 -0.061680
0.213696 0.099748 -0.066992 -0.021387
-0.200852 -0.066992 0.945819 0.275177
-0.061680 -0.021387 0.275177 0.117895
12.904787 1.426531 9.777762 1.822813
0.677274 0.198194 -0.185310 -0.049564
0.198194 0.085258 -0.053168 -0.014825
-0.185310 -0.053168 0.892701 0.239343
-0.049564 -0.014825 0.239343 0.097149
13.404721 1.373677 11.948080 2.137697
0.674113 0.182032 -0.142249 -0.033190
0.182032 0.074094 -0.035454 -0.008745
-0.142249 -0.035454 0.785492 0.196437
-0.033190 -0.008745 0.196437 0.078984
13.969706 1.347358 13.854528 2.336099
0.651157 0.163910 -0.140245 -0.029669
0.163910 0.064871 -0.031681 -0.007127
-0.140245 -0.031681 0.705144 0.166815
-0.029669 -0.007127 0.166815 0.067304
14.324683 1.270353 14.898934 2.305497
0.634383 0.150712 -0.132366 -0.025494
0.150712 0.058721 -0.027166 -0.005632
-0.132366 -0.027166 0.658941 0.149449
-0.025494 -0.005632 0.149449 0.060429
14.443370 1.150046 15.743690 2.232739
0.582455 0.132094 -0.102726 -0.017550
0.132094 0.052576 -0.018842 -0.003605
-0.102726 -0.018842 0.578289 0.127066
-0.017550 -0.003605 0.127066 0.053608
15.051347 1.158377 16.981973 2.259559
0.581593 0.127649 -0.081226 -0.011962
0.127649 0.050584 -0.012987 -0.002253
-0.081226 -0.012987 0.569171 0.122914
-0.011962 -0.002253 0.122914 0.051680
14.911086 0.999888 17.639626 2.151495
0.573433 0.122273 -0.090742 -0.013794
0.122273 0.048729 -0.014776 -0.002708
-0.090742 -0.014776 0.541869 0.115046
-0.013794 -0.002708 0.115046 0.049194
15.054978 0.920543 18.217598 2.042304
0.554982 0.115799 -0.091204 -0.013646
0.115799 0.047000 -0.014515 -0.002694
-0.091204 -0.014515 0.511981 0.107616
-0.013646 -0.002694 0.107616 0.047154
16.022808 1.029040 19.578487 2.119648
0.542502 0.111754 -0.072944 -0.009537
0.111754 0.046086 -0.010215 -0.001813
-0.072944 -0.010215 0.507871 0.106597
-0.009537 -0.001813 0.106597 0.046748
16.822472 1.084022 20.262541 2.043464
0.528185 0.107963 -0.055547 -0.006071
0.107963 0.045360 -0.006629 -0.001166
-0.055547 -0.006629 0.500680 0.104973
-0.006071 -0.001166 0.104973 0.046260
17.938228 1.204420 21.633502 2.122649
0.504802 0.102925 -0.030130 -0.001329
0.102925 0.044486 -0.001840 -0.000323
-0.030130 -0.001840 0.484892 0.101738
-0.001329 -0.000323 0.101738 0.045502
18.660244 1.226550 22.379227 2.057202
0.504457 0.103031 -0.019203 0.000196
0.103031 0.044716 -0.000256 -0.000152
-0.019203 -0.000256 0.488176 0.102631
0.000196 -0.000152 0.102631 0.045651
19.114420 1.192013 23.080584 1.987254
0.506101 0.103565 -0.009510 0.001413
0.103565 0.044999 0.001002 -0.000027
-0.009510 0.001002 0.491825 0.103450
0.001413 -0.000027 0.103450 0.045765
19.688761 1.188057 24.183719 2.010164
0.503397 0.103199 0.004500 0.003495
0.103199 0.045066 0.003113 0.000298
0.004500 0.003113 0.494064 0.103879
0.003495 0.000298 0.103879 0.045793
20.554212 1.243129 24.942490 1.959336
0.495796 0.101856 0.017475 0.005264
0.101856 0.044911 0.004918 0.000564
0.017475 0.004918 0.492969 0.103532
0.005264 0.000564 0.103532 0.045656
21.244875 1.257119 25.633268 1.898839
0.503466 0.103749 0.014058 0.003596
0.103749 0.045415 0.003331 0.000144
0.014058 0.003331 0.506797 0.106305
0.003596 0.000144 0.106305 0.046186
21.672388 1.215490 27.001396 1.986355
0.517525 0.106772 0.017961 0.003753
0.106772 0.046096 0.003519 0.000169
0.017961 0.003519 0.531023 0.110991
0.003753 0.000169 0.110991 0.047077
22.004755 1.158325 28.318179 2.053814
0.517604 0.106619 0.026291 0.004925
0.106619 0.046056 0.004708 0.000423
0.026291 0.004708 0.542894 0.112670
0.004925 0.000423 0.112670 0.047279
22.394368 1.119797 29.125748 2.008999
0.526696 0.108355 0.034444 0.006025
0.108355 0.046413 0.005822 0.000655
0.034444 0.005822 0.562413 0.115834
0.006025 0.000655 0.115834 0.047800
22.968155 1.123735 29.786279 1.938678
0.527600 0.108304 0.028840 0.004320
0.108304 0.046384 0.004143 0.000318
0.028840 0.004143 0.565328 0.115421
0.004320 0.000318 0.115421 0.047583
23.961115 1.210562 31.192972 2.025895
0.516282 0.105811 0.016867 0.001632
0.105811 0.045871 0.001397 -0.000178
0.016867 0.001397 0.572345 0.116033
0.001632 -0.000178 0.116033 0.047638
24.650015 1.228181 32.072968 1.998827
0.510048 0.104583 0.015371 0.001366
0.104583 0.045658 0.001156 -0.000122
0.015371 0.001156 0.570502 0.114882
0.001366 -0.000122 0.114882 0.047356
25.463525 1.267529 33.562366 2.096415
0.507590 0.104284 0.002576 -0.001123
0.104284 0.045658 -0.001419 -0.000547
0.002576 -0.001419 0.586624 0.117598
-0.001123 -0.000547 0.117598 0.047911
26.191805 1.287526 34.408323 2.055864
0.497755 0.102423 0.007939 0.000282
0.102423 0.045314 0.000069 -0.000129
0.007939 0.000069 0.580298 0.115621
0.000282 -0.000129 0.115621 0.047489
26.476242 1.215052 34.704812 1.911431
0.489718 0.101125 -0.003942 -0.001893
0.101125 0.045115 -0.002177 -0.000505
-0.003942 -0.002177 0.580020 0.115187
-0.001893 -0.000505 0.115187 0.047445
26.893349 1.175673 35.600068 1.899750
0.452548 0.093850 -0.014511 -0.003578
0.093850 0.043673 -0.003952 -0.000758
-0.014511 -0.003952 0.573739 0.113678
-0.003578 -0.000758 0.113678 0.047201
27.208107 1.118796 35.984170 1.787882
0.437763 0.091789 -0.023281 -0.004846
0.091789 0.043402 -0.005255 -0.000927
-0.023281 -0.005255 0.569515 0.112770
-0.004846 -0.000927 0.112770 0.047102
27.618439 1.087043 36.626317 1.737900
0.441331 0.093634 -0.019869 -0.003651
0.093634 0.043924 -0.003932 -0.000587
-0.019869 -0.003932 0.577489 0.114399
-0.003651 -0.000587 0.114399 0.047512
29.382053 1.349374 38.578154 1.954045
0.380664 0.081385 -0.036330 -0.006658
0.081385 0.041335 -0.007021 -0.001191
-0.036330 -0.007021 0.609053 0.120550
-0.006658 -0.001191 0.120550 0.048775
29.874863 1.308548 39.145095 1.872702
0.407779 0.089098 -0.036841 -0.006128
0.089098 0.043231 -0.006496 -0.001009
-0.036841 -0.006496 0.613133 0.120761
-0.006128 -0.001009 0.120761 0.048766
30.703890 1.346736 39.973829 1.852225
0.439646 0.096908 -0.029291 -0.004116
0.096908 0.044918 -0.004290 -0.000533
-0.029291 -0.004290 0.629474 0.123471
-0.004116 -0.000533 0.123471 0.049275
31.215085 1.312710 41.354707 1.940368
0.448159 0.098612 -0.025641 -0.003222
0.098612 0.045077 -0.003232 -0.000362
-0.025641 -0.003232 0.648960 0.126601
-0.003222 -0.000362 0.126601 0.049836
32.325129 1.411363 42.090992 1.896810
0.457107 0.100247 -0.007587 0.000340
0.100247 0.045232 0.000707 0.000349
-0.007587 0.000707 0.636036 0.123302
0.000340 0.000349 0.123302 0.049137
32.959929 1.395698 42.973900 1.883925
0.447053 0.097538 0.006634 0.002744
0.097538 0.044443 0.003393 0.000747
0.006634 0.003393 0.625093 0.120778
0.002744 0.000747 0.120778 0.048669
33.502173 1.360646 43.352883 1.774962
0.468008 0.101837 0.008360 0.002631
0.101837 0.045271 0.003101 0.000577
0.008360 0.003101 0.602294 0.116229
0.002631 0.000577 0.116229 0.047854
34.075037 1.336819 43.769642 1.683769
0.484273 0.104706 0.024447 0.005329
0.104706 0.045731 0.006036 0.001063
0.024447 0.006036 0.589345 0.114038
0.005329 0.001063 0.114038 0.047563
34.549401 1.295221 44.696994 1.700391
0.502319 0.107701 0.023736 0.004574
0.107701 0.046203 0.005130 0.000785
0.023736 0.005130 0.581311 0.112957
0.004574 0.000785 0.112957 0.047489
35.189001 1.293109 46.038927 1.796430
0.535977 0.113798 0.017199 0.002795
0.113798 0.047329 0.003164 0.000344
0.017199 0.003164 0.584576 0.114143
0.002795 0.000344 0.114143 0.047841
36.073563 1.343264 46.721040 1.753722
0.557599 0.116810 0.034676 0.005949
0.116810 0.047734 0.006594 0.001016
0.034676 0.006594 0.525882 0.102997
0.005949 0.001016 0.102997 0.045720
