1.062695 1.387182 0.954274 -0.510330
2.477290 0.990937 -0.577446 -0.230983
0.990937 80.400450 -0.230983 -0.092395
-0.577446 -0.230983 4.412702 1.765119
-0.230983 -0.092395 1.765119 80.710130
3.521604 4.621746 3.977021 4.811871
2.998779 5.181681 -1.436500 -2.163850
5.181681 17.315956 -2.399170 -5.095490
-1.436500 -2.399170 2.546060 4.008492
-2.163850 -5.095490 4.008492 19.665537
8.020410 6.882367 2.875423 0.663295
2.527759 2.803827 -0.891583 -0.804279
2.803827 5.092210 -0.827762 -1.298288
-0.891583 -0.827762 2.966841 3.630798
-0.804279 -1.298288 3.630798 7.279952
8.856421 4.805273 5.549997 2.586491
0.941390 0.772161 0.146239 0.174586
0.772161 1.392402 0.159615 -0.091275
0.146239 0.159615 1.846394 1.624276
0.174586 -0.091275 1.624276 2.419153
8.866820 3.132245 5.123654 1.471690
0.621322 0.452910 -0.350372 -0.266866
0.452910 0.678902 -0.293356 -0.339225
-0.350372 -0.293356 1.842971 1.299195
-0.266866 -0.339225 1.299195 1.366062
8.395719 1.838154 4.690843 0.867107
0.435846 0.278129 -0.324937 -0.194828
0.278129 0.355246 -0.210847 -0.183327
-0.324937 -0.210847 1.824127 1.037143
-0.194828 -0.183327 1.037143 0.831057
9.184726 1.763869 5.186243 0.898921
0.572096 0.326448 -0.303770 -0.154838
0.326448 0.286405 -0.160090 -0.113658
-0.303770 -0.160090 1.638143 0.775897
-0.154838 -0.113658 0.775897 0.514789
10.815208 2.125012 5.031279 0.644040
0.698222 0.339402 -0.281529 -0.123697
0.339402 0.227838 -0.124559 -0.074466
-0.281529 -0.124559 1.480162 0.602073
-0.123697 -0.074466 0.602073 0.343796
11.012345 1.773293 6.740322 1.145304
0.723417 0.300904 -0.197941 -0.077026
0.300904 0.169247 -0.074132 -0.041880
-0.197941 -0.074132 1.200554 0.428830
-0.077026 -0.041880 0.428830 0.224822
11.336602 1.570599 7.699662 1.272940
0.697162 0.252563 -0.214170 -0.073185
0.252563 0.125533 -0.072581 -0.033801
-0.214170 -0.072581 1.090695 0.351140
-0.073185 -0.033801 0.351140 0.168301
12.386683 1.658026 8.741137 1.390862
0.706780 0.228065 -0.188454 -0.057730
0.228065 0.102009 -0.056890 -0.023933
-0.188454 -0.056890 0.988769 0.290768
-0.057730 -0.023933 0.290768 0.130418
11.917235 1.278748 9.660347 1.453390
0.659088 0.192211 -0.197018 -0.054424
0.192211 0.081270 -0.054411 -0.019891
-0.197018 -0.054411 0.885088 0.240922
-0.054424 -0.019891 0.240922 0.103773
13.532900 1.540062 9.914770 1.334010
0.624358 0.167671 -0.168248 -0.042170
0.167671 0.068450 -0.041897 -0.014240
-0.168248 -0.041897 0.835946 0.213337
-0.042170 -0.014240 0.213337 0.088181
14.294612 1.545461 12.221028 1.730628
0.612696 0.153811 -0.147926 -0.033937
0.153811 0.061080 -0.033934 -0.010740
-0.147926 -0.033934 0.735751 0.177578
-0.033937 -0.010740 0.177578 0.073604
15.582212 1.672568 13.942850 1.931866
0.550461 0.130643 -0.124146 -0.026332
0.130643 0.053039 -0.026382 -0.007988
-0.124146 -0.026382 0.638549 0.147724
-0.026332 -0.007988 0.147724 0.062893
16.000274 1.575125 14.635563 1.867635
0.564419 0.128809 -0.103101 -0.019939
0.128809 0.051311 -0.019998 -0.005819
-0.103101 -0.019998 0.636628 0.143251
-0.019939 -0.005819 0.143251 0.059555
16.607897 1.534109 15.370132 1.822601
0.557251 0.122808 -0.101030 -0.018641
0.122808 0.049049 -0.018745 -0.005115
-0.101030 -0.018745 0.618120 0.135444
-0.018641 -0.005115 0.135444 0.056032
17.173860 1.489168 16.025923 1.766099
0.531147 0.113978 -0.083951 -0.014351
0.113978 0.046632 -0.014471 -0.003887
-0.083951 -0.014471 0.582347 0.124951
-0.014351 -0.003887 0.124951 0.052509
16.998338 1.298727 17.598006 1.905782
0.492679 0.103978 -0.056365 -0.008369
0.103978 0.044361 -0.008655 -0.002491
-0.056365 -0.008655 0.511850 0.108358
-0.008369 -0.002491 0.108358 0.048196
17.625864 1.295138 18.714630 1.940350
0.494179 0.103542 -0.050957 -0.007332
0.103542 0.044359 -0.007619 -0.002175
-0.050957 -0.007619 0.505884 0.106921
-0.007332 -0.002175 0.106921 0.047532
17.541176 1.139468 19.227664 1.838690
0.483737 0.100761 -0.056612 -0.008756
0.100761 0.043880 -0.009032 -0.002419
-0.056612 -0.009032 0.483567 0.101990
-0.008756 -0.002419 0.101990 0.046190
18.399299 1.198397 19.936876 1.796068
0.464371 0.096595 -0.051546 -0.007772
0.096595 0.043185 -0.007997 -0.002129
-0.051546 -0.007997 0.463884 0.098079
-0.007772 -0.002129 0.098079 0.045210
19.322224 1.266905 20.954117 1.823727
0.477727 0.099764 -0.043072 -0.005887
0.099764 0.044084 -0.006094 -0.001632
-0.043072 -0.006094 0.480135 0.102100
-0.005887 -0.001632 0.102100 0.046000
20.029472 1.283881 22.127949 1.880060
0.481252 0.100634 -0.027160 -0.002649
0.100634 0.044411 -0.002881 -0.000920
-0.027160 -0.002881 0.483417 0.102887
-0.002649 -0.000920 0.102887 0.046024
20.961490 1.347398 23.628299 2.000927
0.469754 0.098211 -0.028201 -0.003382
0.098211 0.043992 -0.003547 -0.001108
-0.028201 -0.003547 0.474417 0.100810
-0.003382 -0.001108 0.100810 0.045417
21.403620 1.297754 24.393499 1.949714
0.467389 0.098017 -0.017461 -0.001407
0.098017 0.044084 -0.001574 -0.000686
-0.017461 -0.001574 0.471336 0.100225
-0.001407 -0.000686 0.100225 0.045206
21.839687 1.253745 25.581509 1.994229
0.463103 0.097392 -0.014589 -0.001243
0.097392 0.044053 -0.001367 -0.000665
-0.014589 -0.001367 0.471312 0.100263
-0.001243 -0.000665 0.100263 0.045139
22.709082 1.305032 26.612603 2.002242
0.459398 0.096952 -0.004187 0.000589
0.096952 0.044054 0.000485 -0.000276
-0.004187 0.000485 0.472331 0.100509
0.000589 -0.000276 0.100509 0.045129
23.254670 1.282766 27.808151 2.043363
0.451597 0.095638 0.002734 0.001569
0.095638 0.043848 0.001498 -0.000085
0.002734 0.001498 0.473716 0.100766
0.001569 -0.000085 0.100766 0.045121
23.419244 1.181028 28.481499 1.968804
0.437270 0.092996 -0.004784 -0.000528
0.092996 0.043356 -0.000580 -0.000547
-0.004784 -0.000580 0.464580 0.098725
-0.000528 -0.000547 0.098725 0.044625
24.495626 1.284865 29.148964 1.901710
0.443522 0.094942 -0.010433 -0.001922
0.094942 0.043863 -0.001973 -0.000799
-0.010433 -0.001973 0.469547 0.099877
-0.001922 -0.000799 0.099877 0.044857
25.389731 1.338405 29.167642 1.703641
0.451224 0.096937 -0.009582 -0.001747
0.096937 0.044312 -0.001795 -0.000690
-0.009582 -0.001795 0.464180 0.098703
-0.001747 -0.000690 0.098703 0.044572
25.369272 1.190681 31.007686 1.913500
0.439777 0.094565 -0.009143 -0.001662
0.094565 0.043769 -0.001679 -0.000608
-0.009143 -0.001679 0.486768 0.103583
-0.001662 -0.000608 0.103583 0.045602
25.744412 1.143185 31.964896 1.913453
0.444177 0.095810 0.002832 0.000892
0.095810 0.044049 0.000928 -0.000006
0.002832 0.000928 0.499146 0.105806
0.000892 -0.000006 0.105806 0.045977
25.926810 1.059152 33.014699 1.933004
0.438232 0.094639 -0.007213 -0.001441
0.094639 0.043770 -0.001461 -0.000513
-0.007213 -0.001461 0.510232 0.107563
-0.001441 -0.000513 0.107563 0.046237
25.916272 0.942381 34.370738 2.014467
0.437734 0.094728 -0.006474 -0.001240
0.094728 0.043782 -0.001245 -0.000420
-0.006474 -0.001245 0.531165 0.111275
-0.001240 -0.000420 0.111275 0.046910
26.410118 0.947284 35.356694 2.010054
0.432578 0.093753 -0.017918 -0.003583
0.093753 0.043554 -0.003686 -0.000891
-0.017918 -0.003686 0.538676 0.111898
-0.003583 -0.000891 0.111898 0.046907
27.013463 0.975747 36.678381 2.075445
0.439696 0.095507 -0.017869 -0.003307
0.095507 0.043933 -0.003380 -0.000755
-0.017869 -0.003380 0.555426 0.114486
-0.003307 -0.000755 0.114486 0.047348
26.849080 0.832991 36.912186 1.910298
0.423467 0.091973 -0.020678 -0.003692
0.091973 0.043122 -0.003787 -0.000795
-0.020678 -0.003787 0.539040 0.110156
-0.003692 -0.000795 0.110156 0.046368
28.387826 1.078203 38.156311 1.971105
0.388758 0.084719 -0.025527 -0.004517
0.084719 0.041566 -0.004583 -0.000928
-0.025527 -0.004583 0.549132 0.111768
-0.004517 -0.000928 0.111768 0.046721
29.287886 1.158384 39.371650 2.018563
0.374585 0.082560 -0.027855 -0.004747
0.082560 0.041230 -0.004780 -0.000932
-0.027855 -0.004780 0.560386 0.113553
-0.004747 -0.000932 0.113553 0.047093
30.075139 1.203933 40.075036 1.957468
0.363621 0.081162 -0.024144 -0.003772
0.081162 0.041038 -0.003703 -0.000691
-0.024144 -0.003703 0.554455 0.111806
-0.003772 -0.000691 0.111806 0.046742
30.750937 1.221126 41.199069 1.986957
0.381028 0.086099 -0.026504 -0.004055
0.086099 0.042230 -0.004094 -0.000757
-0.026504 -0.004094 0.561351 0.112883
-0.004055 -0.000757 0.112883 0.047004
31.312397 1.212391 42.852181 2.119154
0.408987 0.092768 -0.030865 -0.004705
0.092768 0.043664 -0.004899 -0.000900
-0.030865 -0.004899 0.576089 0.115497
-0.004705 -0.000900 0.115497 0.047560
31.978903 1.225587 43.800335 2.097124
0.418196 0.094451 -0.022489 -0.002849
0.094451 0.043836 -0.002900 -0.000494
-0.022489 -0.002900 0.556036 0.111032
-0.002849 -0.000494 0.111032 0.046675
32.552897 1.215489 44.484797 2.024217
0.435181 0.097683 -0.019868 -0.002312
0.097683 0.044360 -0.002451 -0.000431
-0.019868 -0.002451 0.529959 0.105827
-0.002312 -0.000431 0.105827 0.045724
33.006204 1.180415 45.302979 1.984728
0.453328 0.100850 -0.020691 -0.002521
0.100850 0.044849 -0.002785 -0.000528
-0.020691 -0.002785 0.510610 0.102436
-0.002521 -0.000528 0.102436 0.045203
33.705831 1.203369 45.958720 1.917020
0.450405 0.099185 -0.001553 0.001249
0.099185 0.044283 0.001265 0.000257
-0.001553 0.001265 0.473309 0.095729
0.001249 0.000257 0.095729 0.044036
34.828940 1.317607 47.047722 1.945096
0.479001 0.104658 0.004885 0.002218
0.104658 0.045370 0.002203 0.000377
0.004885 0.002203 0.456354 0.093567
0.002218 0.000377 0.093567 0.043825
35.145654 1.243672 47.980208 1.936242
0.501875 0.108366 -0.010310 -0.001376
0.108366 0.045996 -0.001563 -0.000476
-0.010310 -0.001563 0.444313 0.092377
-0.001376 -0.000476 0.092377 0.043755
