3.129315 2.213847 1.801899 -0.171272
1.579472 0.631802 0.090748 0.036300
0.631802 80.256793 0.036300 0.014520
0.090748 0.036300 3.666761 1.466736
0.036300 0.014520 1.466736 80.590774
6.817413 6.924873 3.299148 2.423634
3.132682 5.741346 -1.147631 -1.920082
5.741346 16.195544 -2.120375 -3.289329
-1.147631 -2.120375 2.628584 4.351212
-1.920082 -3.289329 4.351212 18.807305
7.137156 3.380436 1.806643 -1.159668
0.772850 0.839086 -0.004364 0.070518
0.839086 2.270934 0.130802 0.153509
-0.004364 0.130802 2.786590 3.374260
0.070518 0.153509 3.374260 6.595961
8.139960 2.785806 3.773112 1.005212
0.927955 0.844536 0.379855 0.338192
0.844536 1.253075 0.356969 0.264409
0.379855 0.356969 1.183043 1.016169
0.338192 0.264409 1.016169 1.771316
9.229913 2.602874 3.140732 0.185732
1.067880 0.760550 0.178581 0.073120
0.760550 0.759788 0.084717 0.005421
0.178581 0.084717 1.432552 1.045480
0.073120 0.005421 1.045480 1.166327
8.777082 1.589444 3.998912 0.706052
0.797679 0.449824 0.162138 0.065397
0.449824 0.372122 0.063234 0.017627
0.162138 0.063234 1.341803 0.788111
0.065397 0.017627 0.788111 0.673404
9.847149 1.701843 5.505166 1.266281
0.799431 0.381870 0.015752 -0.015824
0.381870 0.256528 -0.013402 -0.016954
0.015752 -0.013402 1.256114 0.618595
-0.015824 -0.016954 0.618595 0.430961
9.867154 1.351714 7.012399 1.649823
0.802888 0.330472 -0.089626 -0.052574
0.330472 0.187556 -0.048985 -0.025033
-0.089626 -0.048985 1.173796 0.496108
-0.052574 -0.025033 0.496108 0.293590
10.811235 1.449624 7.555546 1.543452
0.839245 0.302682 -0.149583 -0.062978
0.302682 0.148360 -0.059628 -0.023195
-0.149583 -0.059628 1.160183 0.429073
-0.062978 -0.023195 0.429073 0.219286
11.654209 1.487952 7.898307 1.402419
0.688637 0.220862 -0.211823 -0.071519
0.220862 0.102977 -0.069013 -0.022001
-0.211823 -0.069013 1.047514 0.344168
-0.071519 -0.022001 0.344168 0.160064
12.434443 1.497599 8.273680 1.305523
0.696928 0.203892 -0.181180 -0.051630
0.203892 0.087619 -0.050121 -0.013332
-0.181180 -0.050121 0.997029 0.296259
-0.051630 -0.013332 0.296259 0.126701
13.011011 1.457266 10.126456 1.632518
0.657402 0.177361 -0.153731 -0.037715
0.177361 0.073320 -0.037082 -0.008415
-0.153731 -0.037082 0.866586 0.235945
-0.037715 -0.008415 0.235945 0.097680
12.958466 1.264866 11.792857 1.842712
0.651020 0.164304 -0.132145 -0.028086
0.164304 0.065476 -0.028186 -0.005512
-0.132145 -0.028186 0.778314 0.197484
-0.028086 -0.005512 0.197484 0.080201
13.653060 1.281073 12.879557 1.883224
0.614185 0.146321 -0.124301 -0.023966
0.146321 0.058065 -0.024248 -0.004407
-0.124301 -0.024248 0.707953 0.169625
-0.023966 -0.004407 0.169625 0.068567
13.961031 1.204912 13.837440 1.883395
0.605935 0.137837 -0.135318 -0.024720
0.137837 0.054182 -0.025158 -0.004526
-0.135318 -0.025158 0.671369 0.153623
-0.024720 -0.004526 0.153623 0.061678
14.449864 1.176049 14.404271 1.798387
0.591279 0.129645 -0.128785 -0.021692
0.129645 0.051145 -0.022148 -0.003785
-0.128785 -0.022148 0.643979 0.142172
-0.021692 -0.003785 0.142172 0.057025
15.033944 1.178383 15.599329 1.862571
0.574739 0.122688 -0.100935 -0.014601
0.122688 0.048965 -0.015195 -0.002294
-0.100935 -0.015195 0.607937 0.130703
-0.014601 -0.002294 0.130703 0.053188
15.737758 1.205953 16.843287 1.930530
0.554951 0.115995 -0.090916 -0.012295
0.115995 0.047167 -0.012925 -0.001979
-0.090916 -0.012925 0.572773 0.120674
-0.012295 -0.001979 0.120674 0.050176
16.225519 1.187296 18.293399 2.030884
0.545983 0.112849 -0.055879 -0.004895
0.112849 0.046443 -0.005638 -0.000592
-0.055879 -0.005638 0.547920 0.114339
-0.004895 -0.000592 0.114339 0.048421
17.213539 1.269602 19.432795 2.061142
0.538581 0.110184 -0.055238 -0.005423
0.110184 0.045863 -0.006011 -0.000914
-0.055238 -0.006011 0.540992 0.112013
-0.005423 -0.000914 0.112013 0.047633
17.613142 1.218093 20.079559 1.979288
0.527365 0.107203 -0.054979 -0.005964
0.107203 0.045315 -0.006496 -0.001199
-0.054979 -0.006496 0.522400 0.107560
-0.005964 -0.001199 0.107560 0.046522
18.155991 1.201799 20.736908 1.909997
0.512370 0.104007 -0.040674 -0.003532
0.104007 0.044822 -0.004019 -0.000821
-0.040674 -0.004019 0.504073 0.103768
-0.003532 -0.000821 0.103768 0.045703
18.399484 1.133175 22.252353 2.022969
0.506957 0.103116 -0.028757 -0.001674
0.103116 0.044834 -0.002150 -0.000556
-0.028757 -0.002150 0.492250 0.101631
-0.001674 -0.000556 0.101631 0.045292
19.262007 1.191332 22.905431 1.950667
0.505470 0.103133 -0.016843 0.000117
0.103133 0.045018 -0.000286 -0.000281
-0.016843 -0.000286 0.494229 0.102498
0.000117 -0.000281 0.102498 0.045525
20.140925 1.251185 24.253176 2.029754
0.494482 0.101173 -0.010662 0.000582
0.101173 0.044756 0.000272 -0.000281
-0.010662 0.000272 0.489355 0.101753
0.000582 -0.000281 0.101753 0.045378
20.426711 1.184104 26.011627 2.183385
0.489164 0.100560 -0.000281 0.002028
0.100560 0.044779 0.001779 -0.000041
-0.000281 0.001779 0.492165 0.102646
0.002028 -0.000041 0.102646 0.045578
20.971946 1.174127 26.972347 2.155904
0.482402 0.099640 0.003525 0.002077
0.099640 0.044707 0.001879 -0.000084
0.003525 0.001879 0.489509 0.102233
0.002077 -0.000084 0.102233 0.045472
21.494255 1.160209 27.640360 2.070080
0.490204 0.101775 0.008428 0.002496
0.101775 0.045251 0.002324 -0.000014
0.008428 0.002324 0.495732 0.103681
0.002496 -0.000014 0.103681 0.045759
22.198284 1.186005 28.708039 2.076950
0.478804 0.099653 0.000966 0.000379
0.099653 0.044840 0.000251 -0.000456
0.000966 0.000251 0.495927 0.103691
0.000379 -0.000456 0.103691 0.045716
23.062729 1.242725 29.773346 2.082515
0.464322 0.097040 0.001084 0.000154
0.097040 0.044347 0.000048 -0.000447
0.001084 0.000048 0.495075 0.103473
0.000154 -0.000447 0.103473 0.045631
23.312321 1.164312 31.174155 2.157835
0.453296 0.095312 0.012137 0.002304
0.095312 0.044056 0.002220 0.000067
0.012137 0.002220 0.505654 0.105652
0.002304 0.000067 0.105652 0.046057
23.976807 1.182485 31.678642 2.037966
0.464289 0.098321 0.006950 0.000895
0.098321 0.044765 0.000821 -0.000208
0.006950 0.000821 0.507461 0.105799
0.000895 -0.000208 0.105799 0.046027
23.907011 1.042698 32.281400 1.952314
0.451703 0.095930 0.008474 0.001116
0.095930 0.044237 0.001049 -0.000101
0.008474 0.001049 0.504771 0.105009
0.001116 -0.000101 0.105009 0.045814
24.479041 1.053726 33.130045 1.925734
0.451432 0.096334 0.001239 -0.000482
0.096334 0.044339 -0.000589 -0.000394
0.001239 -0.000589 0.512322 0.106461
-0.000482 -0.000394 0.106461 0.046098
25.281377 1.113544 33.520335 1.806632
0.452188 0.096824 0.001162 -0.000409
0.096824 0.044429 -0.000489 -0.000299
0.001162 -0.000489 0.508483 0.105416
-0.000409 -0.000299 0.105416 0.045844
25.906813 1.128129 34.544784 1.831632
0.458506 0.098409 -0.012053 -0.003061
0.098409 0.044737 -0.003238 -0.000810
-0.012053 -0.003238 0.525448 0.108827
-0.003061 -0.000810 0.108827 0.046547
27.333863 1.313295 35.565332 1.852802
0.419176 0.089985 -0.034341 -0.007297
0.089985 0.042862 -0.007646 -0.001620
-0.034341 -0.007646 0.527940 0.108936
-0.007297 -0.001620 0.108936 0.046512
27.652791 1.240337 36.681136 1.891389
0.419977 0.090937 -0.039956 -0.007753
0.090937 0.043155 -0.008078 -0.001566
-0.039956 -0.008078 0.543528 0.111764
-0.007753 -0.001566 0.111764 0.047053
28.089743 1.200627 37.728324 1.911698
0.409140 0.089132 -0.044042 -0.007963
0.089132 0.042784 -0.008225 -0.001500
-0.044042 -0.008225 0.553502 0.113216
-0.007963 -0.001500 0.113216 0.047279
29.205721 1.313402 38.531555 1.882617
0.398240 0.087372 -0.044519 -0.007518
0.087372 0.042425 -0.007683 -0.001332
-0.044519 -0.007683 0.555858 0.113061
-0.007518 -0.001332 0.113061 0.047182
30.187008 1.387106 39.837389 1.958163
0.396877 0.087763 -0.043946 -0.006952
0.087763 0.042539 -0.006993 -0.001166
-0.043946 -0.006993 0.571145 0.115634
-0.006952 -0.001166 0.115634 0.047671
31.053125 1.424468 40.611364 1.917766
0.409543 0.091110 -0.043337 -0.006432
0.091110 0.043268 -0.006542 -0.001065
-0.043337 -0.006542 0.567791 0.114277
-0.006432 -0.001065 0.114277 0.047344
31.523867 1.371526 41.735248 1.949456
0.417823 0.093022 -0.045100 -0.006532
0.093022 0.043588 -0.006677 -0.001112
-0.045100 -0.006677 0.573278 0.114909
-0.006532 -0.001112 0.114909 0.047466
32.639904 1.464118 42.176483 1.845394
0.362921 0.080835 -0.009575 0.000390
0.080835 0.040788 0.001254 0.000363
-0.009575 0.001254 0.545167 0.109073
0.000390 0.000363 0.109073 0.046344
32.966476 1.373050 43.182914 1.860118
0.390541 0.088014 -0.020945 -0.002215
0.088014 0.042507 -0.001945 -0.000388
-0.020945 -0.001945 0.546628 0.109457
-0.002215 -0.000388 0.109457 0.046512
33.436775 1.326347 44.579170 1.952681
0.409640 0.092458 -0.021711 -0.002490
0.092458 0.043425 -0.002383 -0.000519
-0.021711 -0.002383 0.546273 0.109518
-0.002490 -0.000519 0.109518 0.046606
34.101302 1.323828 44.887026 1.818389
0.431762 0.097084 -0.017651 -0.001757
0.097084 0.044302 -0.001834 -0.000433
-0.017651 -0.001834 0.506134 0.101608
-0.001757 -0.000433 0.101608 0.045089
34.617131 1.288501 45.063972 1.669524
0.420465 0.093839 0.007067 0.002978
0.093839 0.043377 0.003261 0.000545
0.007067 0.003261 0.451041 0.091391
0.002978 0.000545 0.091391 0.043217
35.140668 1.262177 46.118556 1.714620
0.444006 0.098637 0.000630 0.001077
0.098637 0.044342 0.001150 0.000015
0.000630 0.001150 0.451245 0.093101
0.001077 0.000015 0.093101 0.043849
35.846592 1.279038 47.248003 1.771656
0.483242 0.106419 -0.014023 -0.002307
0.106419 0.045892 -0.002455 -0.000762
-0.014023 -0.002455 0.455624 0.095311
-0.002307 -0.000762 0.095311 0.044459
