1.398749 1.521606 1.201065 -0.411611
1.332644 0.533069 0.505057 0.202027
0.533069 80.217299 0.202027 0.080813
0.505057 0.202027 3.331645 1.332687
0.202027 0.080813 1.332687 80.537153
3.998875 4.922282 1.272106 -0.028929
3.097835 5.812812 -1.444592 -2.563617
5.812812 15.727970 -2.809734 -3.488515
-1.444592 -2.809734 2.893108 4.921717
-2.563617 -3.488515 4.921717 19.084216
3.881331 2.236612 3.095263 1.837394
2.214362 2.451118 0.411378 0.788781
2.451118 3.825830 0.502308 1.097720
0.411378 0.502308 0.721028 0.921415
0.788781 1.097720 0.921415 3.485688
6.381345 3.311439 4.598528 2.441034
1.859752 1.440402 -0.004621 -0.032843
1.440402 1.557108 0.006536 0.025845
-0.004621 0.006536 1.272111 1.358802
-0.032843 0.025845 1.358802 2.115568
7.307390 2.861172 4.471741 1.412475
1.663864 0.999110 -0.251572 -0.197551
0.999110 0.826036 -0.136900 -0.090053
-0.251572 -0.136900 1.742069 1.333579
-0.197551 -0.090053 1.333579 1.291574
8.556302 2.782503 6.222062 2.020636
1.166670 0.573734 -0.257654 -0.144264
0.573734 0.416917 -0.110016 -0.052454
-0.257654 -0.110016 1.626910 0.947781
-0.144264 -0.052454 0.947781 0.694542
8.264616 2.043480 5.607855 1.236098
0.779730 0.327690 -0.444739 -0.202870
0.327690 0.226758 -0.171287 -0.073405
-0.444739 -0.171287 1.524981 0.717027
-0.202870 -0.073405 0.717027 0.425242
8.482454 1.738467 6.691621 1.408261
0.596962 0.226067 -0.367692 -0.136620
0.226067 0.149034 -0.117130 -0.040910
-0.367692 -0.117130 1.353532 0.536588
-0.136620 -0.040910 0.536588 0.273847
8.896125 1.609996 8.982185 1.953619
0.656754 0.231750 -0.324559 -0.098616
0.231750 0.129591 -0.090824 -0.026138
-0.324559 -0.090824 1.159875 0.398919
-0.098616 -0.026138 0.398919 0.183545
9.830563 1.658409 10.173567 2.023722
0.680508 0.220243 -0.302661 -0.078786
0.220243 0.109287 -0.077898 -0.019816
-0.302661 -0.077898 0.971726 0.296777
-0.078786 -0.019816 0.296777 0.128290
10.827561 1.717858 11.519268 2.122803
0.716718 0.213650 -0.276994 -0.062494
0.213650 0.095664 -0.063501 -0.014323
-0.276994 -0.063501 0.913246 0.254091
-0.062494 -0.014323 0.254091 0.103067
11.601759 1.682257 12.061051 1.984085
0.735674 0.202887 -0.245459 -0.048594
0.202887 0.084175 -0.050013 -0.010190
-0.245459 -0.050013 0.873738 0.224785
-0.048594 -0.010190 0.224785 0.086905
12.298535 1.638908 12.790110 1.916519
0.704066 0.180545 -0.219635 -0.039766
0.180545 0.072186 -0.041762 -0.008237
-0.219635 -0.041762 0.776752 0.186512
-0.039766 -0.008237 0.186512 0.071788
13.393742 1.701345 13.455676 1.853605
0.630591 0.151823 -0.199947 -0.034529
0.151823 0.061057 -0.036522 -0.007319
-0.199947 -0.036522 0.666366 0.151410
-0.034529 -0.007319 0.151410 0.060137
14.589655 1.765601 13.477082 1.656706
0.590176 0.135966 -0.165112 -0.025910
0.135966 0.055080 -0.026961 -0.005252
-0.165112 -0.026961 0.632492 0.138992
-0.025910 -0.005252 0.138992 0.055542
14.910324 1.641682 14.516983 1.692587
0.564184 0.125609 -0.144054 -0.021109
0.125609 0.051319 -0.022100 -0.004335
-0.144054 -0.022100 0.586925 0.125493
-0.021109 -0.004335 0.125493 0.051396
15.546138 1.600736 15.360738 1.688773
0.561425 0.122047 -0.118714 -0.015495
0.122047 0.049722 -0.016280 -0.003163
-0.118714 -0.016280 0.574121 0.120836
-0.015495 -0.003163 0.120836 0.049766
16.480487 1.644461 17.126501 1.885192
0.545264 0.116319 -0.087253 -0.009416
0.116319 0.047971 -0.010170 -0.002066
-0.087253 -0.010170 0.539617 0.112308
-0.009416 -0.002066 0.112308 0.047586
17.421295 1.672191 18.249678 1.924671
0.538067 0.113080 -0.072743 -0.007267
0.113080 0.046980 -0.007867 -0.001789
-0.072743 -0.007867 0.529268 0.109515
-0.007267 -0.001789 0.109515 0.046816
17.768257 1.572601 19.434779 1.964597
0.529678 0.110288 -0.045892 -0.002654
0.110288 0.046287 -0.003210 -0.000993
-0.045892 -0.003210 0.511331 0.105631
-0.002654 -0.000993 0.105631 0.045958
18.442347 1.548856 20.370619 1.953755
0.528747 0.109291 -0.033793 -0.001310
0.109291 0.046042 -0.001764 -0.000864
-0.033793 -0.001764 0.509673 0.105311
-0.001310 -0.000864 0.105311 0.045888
18.607515 1.425976 21.664363 2.014104
0.527606 0.108460 -0.023706 -0.000348
0.108460 0.045884 -0.000774 -0.000786
-0.023706 -0.000774 0.502569 0.103867
-0.000348 -0.000786 0.103867 0.045591
19.391269 1.436765 22.074337 1.890887
0.514181 0.105275 -0.017978 -0.000291
0.105275 0.045276 -0.000623 -0.000856
-0.017978 -0.000623 0.492107 0.101824
-0.000291 -0.000856 0.101824 0.045190
19.992300 1.411954 22.848802 1.854797
0.491632 0.100619 -0.011152 0.000141
0.100619 0.044436 -0.000124 -0.000806
-0.011152 -0.000124 0.472602 0.098080
0.000141 -0.000806 0.098080 0.044465
20.587217 1.388957 23.722715 1.843239
0.484290 0.099548 -0.003621 0.000934
0.099548 0.044395 0.000710 -0.000634
-0.003621 0.000710 0.469019 0.097947
0.000934 -0.000634 0.097947 0.044537
21.430811 1.419933 24.741644 1.863981
0.465677 0.096206 -0.001624 0.000627
0.096206 0.043860 0.000459 -0.000676
-0.001624 0.000459 0.457673 0.096095
0.000627 -0.000676 0.096095 0.044210
22.203713 1.432843 25.381827 1.802374
0.452757 0.094290 -0.000152 0.000405
0.094290 0.043634 0.000271 -0.000668
-0.000152 0.000271 0.448877 0.094860
0.000405 -0.000668 0.094860 0.044014
22.801571 1.407857 26.836971 1.920222
0.442774 0.093060 0.011994 0.002605
0.093060 0.043527 0.002466 -0.000133
0.011994 0.002466 0.451611 0.096088
0.002605 -0.000133 0.096088 0.044327
23.153889 1.333409 27.667344 1.892853
0.452104 0.095915 0.009944 0.001663
0.095915 0.044251 0.001548 -0.000294
0.009944 0.001548 0.465069 0.099388
0.001663 -0.000294 0.099388 0.045029
23.433642 1.250502 28.828890 1.939492
0.465358 0.099206 0.016589 0.002767
0.099206 0.044966 0.002651 0.000007
0.016589 0.002651 0.487857 0.104272
0.002767 0.000007 0.104272 0.045990
23.819169 1.199774 29.618248 1.901656
0.478794 0.102158 0.013582 0.001779
0.102158 0.045533 0.001679 -0.000153
0.013582 0.001679 0.503042 0.107034
0.001779 -0.000153 0.107034 0.046420
24.575572 1.232834 30.669720 1.922533
0.487010 0.103704 -0.001584 -0.001589
0.103704 0.045757 -0.001712 -0.000796
-0.001584 -0.001712 0.518690 0.109673
-0.001589 -0.000796 0.109673 0.046815
24.580310 1.103349 31.504970 1.897390
0.461448 0.097898 -0.004739 -0.001964
0.097898 0.044407 -0.002112 -0.000733
-0.004739 -0.002112 0.513115 0.107621
-0.001964 -0.000733 0.107621 0.046214
25.200460 1.118962 31.783448 1.757493
0.465727 0.098993 -0.000148 -0.000748
0.098993 0.044652 -0.000834 -0.000356
-0.000148 -0.000834 0.507932 0.105943
-0.000748 -0.000356 0.105943 0.045781
25.663316 1.097818 33.130568 1.854981
0.466342 0.099182 -0.000226 -0.000623
0.099182 0.044677 -0.000718 -0.000266
-0.000226 -0.000718 0.528614 0.109892
-0.000623 -0.000266 0.109892 0.046583
26.307641 1.117986 34.189377 1.882024
0.467289 0.099413 -0.006007 -0.001692
0.099413 0.044709 -0.001814 -0.000442
-0.006007 -0.001814 0.540150 0.111621
-0.001692 -0.000442 0.111621 0.046870
26.803870 1.104414 35.536610 1.965455
0.460987 0.098067 -0.012397 -0.002782
0.098067 0.044402 -0.002940 -0.000615
-0.012397 -0.002940 0.556277 0.114212
-0.002782 -0.000615 0.114212 0.047334
27.810828 1.201275 36.706274 2.003590
0.444836 0.094739 -0.018397 -0.003709
0.094739 0.043699 -0.003889 -0.000748
-0.018397 -0.003889 0.561533 0.114429
-0.003709 -0.000748 0.114429 0.047301
28.380199 1.194407 37.472385 1.955843
0.447123 0.095630 -0.028343 -0.005375
0.095630 0.043947 -0.005635 -0.001044
-0.028343 -0.005635 0.561588 0.113688
-0.005375 -0.001044 0.113688 0.047108
28.557507 1.103880 38.198805 1.904415
0.426272 0.091413 -0.033155 -0.005930
0.091413 0.043059 -0.006171 -0.001095
-0.033155 -0.006171 0.558121 0.112424
-0.005930 -0.001095 0.112424 0.046854
29.821504 1.258474 39.416310 1.959699
0.385317 0.083178 -0.036279 -0.006230
0.083178 0.041357 -0.006329 -0.001102
-0.036279 -0.006329 0.569152 0.114293
-0.006230 -0.001102 0.114293 0.047271
30.574045 1.286412 40.631609 2.007320
0.400023 0.087716 -0.039652 -0.006441
0.087716 0.042538 -0.006608 -0.001113
-0.039652 -0.006608 0.578270 0.115674
-0.006441 -0.001113 0.115674 0.047564
30.980594 1.233253 41.463717 1.972013
0.419568 0.092707 -0.043617 -0.006792
0.092707 0.043657 -0.007133 -0.001187
-0.043617 -0.007133 0.571218 0.113776
-0.006792 -0.001187 0.113776 0.047192
31.727902 1.259653 41.946311 1.872416
0.423886 0.093759 -0.036382 -0.005022
0.093759 0.043788 -0.005255 -0.000810
-0.036382 -0.005255 0.551519 0.109676
-0.005022 -0.000810 0.109676 0.046438
32.168598 1.217717 42.870890 1.869057
0.417479 0.092276 -0.029291 -0.003557
0.092276 0.043347 -0.003586 -0.000531
-0.029291 -0.003586 0.545547 0.108729
-0.003557 -0.000531 0.108729 0.046375
32.835000 1.231454 43.997266 1.907759
0.428365 0.094738 -0.022785 -0.002274
0.094738 0.043824 -0.002250 -0.000320
-0.022785 -0.002250 0.539221 0.107792
-0.002274 -0.000320 0.107792 0.046305
33.490356 1.239427 44.787832 1.875162
0.426690 0.094186 -0.006975 0.000684
0.094186 0.043604 0.000895 0.000228
-0.006975 0.000895 0.511300 0.102626
0.000684 0.000228 0.102626 0.045384
34.566083 1.339926 45.731601 1.878160
0.438745 0.096711 0.010722 0.003850
0.096711 0.044093 0.004180 0.000791
0.010722 0.004180 0.482133 0.097588
0.003850 0.000791 0.097588 0.044532
35.243738 1.342163 46.920814 1.929395
0.465378 0.102097 0.002430 0.001508
0.102097 0.045157 0.001572 0.000137
0.002430 0.001572 0.472778 0.096814
0.001508 0.000137 0.096814 0.044552
35.709788 1.297202 47.595394 1.869058
0.489719 0.106457 -0.009913 -0.001421
0.106457 0.045920 -0.001561 -0.000551
-0.009913 -0.001561 0.448622 0.092881
-0.001421 -0.000551 0.092881 0.043863
