0.905582 1.324335 0.253687 -0.790570
2.738689 1.095499 -0.844102 -0.337648
1.095499 80.442276 -0.337648 -0.135062
-0.844102 -0.337648 4.848532 1.939455
-0.337648 -0.135062 1.939455 80.779865
3.427197 4.725728 2.832555 4.000486
2.993042 5.059989 -1.815491 -2.665091
5.059989 17.602688 -3.032584 -6.543357
-1.815491 -3.032584 1.684389 2.533067
-2.665091 -6.543357 2.533067 18.096985
7.587346 6.629016 3.160960 1.965859
2.165242 2.447830 -0.799572 -0.575362
2.447830 4.889608 -0.627180 -1.252322
-0.799572 -0.627180 2.465398 3.564162
-0.575362 -1.252322 3.564162 7.350597
7.592922 3.846599 4.811408 2.362533
0.333087 0.286781 0.200837 0.210761
0.286781 1.034196 0.221066 -0.190277
0.200837 0.221066 2.048944 1.930206
0.210761 -0.190277 1.930206 2.485821
8.605127 2.982050 6.235387 2.682398
0.519973 0.489301 -0.052495 -0.122070
0.489301 0.755803 -0.131291 -0.319392
-0.052495 -0.131291 1.720342 1.218115
-0.122070 -0.319392 1.218115 1.154373
8.876409 2.191684 4.973864 1.400481
0.530659 0.396422 -0.481303 -0.325387
0.396422 0.425448 -0.392983 -0.320075
-0.481303 -0.392983 1.462772 0.856751
-0.325387 -0.320075 0.856751 0.650144
9.513127 1.920731 6.062543 1.606864
0.724669 0.427019 -0.500715 -0.275003
0.427019 0.321674 -0.301375 -0.194070
-0.500715 -0.301375 1.447331 0.687327
-0.275003 -0.194070 0.687327 0.417091
9.835412 1.615422 7.003960 1.685461
0.749639 0.358381 -0.438975 -0.199139
0.358381 0.216431 -0.208686 -0.111711
-0.438975 -0.208686 1.318361 0.526011
-0.199139 -0.111711 0.526011 0.272060
9.437327 1.130399 8.606958 1.971760
0.821465 0.330893 -0.387077 -0.150774
0.330893 0.166434 -0.152409 -0.070471
-0.387077 -0.152409 1.170767 0.405412
-0.150774 -0.070471 0.405412 0.187305
10.012163 1.135969 10.109265 2.128207
0.827110 0.287758 -0.356668 -0.120152
0.287758 0.127092 -0.120422 -0.048236
-0.356668 -0.120422 1.014657 0.312833
-0.120152 -0.048236 0.312833 0.134502
10.743538 1.183703 10.606494 1.969741
0.840605 0.258541 -0.323051 -0.095930
0.258541 0.103243 -0.095127 -0.033823
-0.323051 -0.095127 0.971270 0.271836
-0.095930 -0.033823 0.271836 0.108767
11.738374 1.290043 10.502813 1.689110
0.784412 0.217119 -0.287264 -0.075986
0.217119 0.082157 -0.075169 -0.024088
-0.287264 -0.075169 0.890719 0.229509
-0.075986 -0.024088 0.229509 0.088510
13.121067 1.475481 10.805940 1.559273
0.726121 0.184392 -0.239022 -0.056991
0.184392 0.068139 -0.055915 -0.016610
-0.239022 -0.055915 0.835207 0.201022
-0.056991 -0.016610 0.201022 0.075710
13.202267 1.321318 11.980813 1.647333
0.707863 0.167882 -0.188140 -0.040575
0.167882 0.060922 -0.039602 -0.011162
-0.188140 -0.039602 0.765870 0.174323
-0.040575 -0.011162 0.174323 0.065761
13.084219 1.147881 13.132990 1.715402
0.674221 0.151155 -0.148802 -0.029231
0.151155 0.055106 -0.028547 -0.007760
-0.148802 -0.028547 0.692658 0.150958
-0.029231 -0.007760 0.150958 0.058253
13.118366 1.039571 15.104056 1.948697
0.629514 0.135148 -0.105798 -0.018689
0.135148 0.050534 -0.018410 -0.005051
-0.105798 -0.018410 0.598661 0.126554
-0.018689 -0.005051 0.126554 0.051701
13.745995 1.062542 16.137717 1.961803
0.620449 0.128969 -0.100905 -0.017070
0.128969 0.048729 -0.016852 -0.004410
-0.100905 -0.016852 0.588489 0.122428
-0.017070 -0.004410 0.122428 0.050197
14.505553 1.109990 17.241034 1.988695
0.598190 0.121464 -0.077478 -0.011842
0.121464 0.047026 -0.011715 -0.003123
-0.077478 -0.011715 0.568148 0.116880
-0.011842 -0.003123 0.116880 0.048657
15.238310 1.138542 17.198772 1.777314
0.559468 0.111779 -0.070139 -0.010515
0.111779 0.045134 -0.010385 -0.002769
-0.070139 -0.010385 0.537219 0.109700
-0.010515 -0.002769 0.109700 0.046958
15.897479 1.157392 18.225595 1.806238
0.557390 0.110706 -0.060578 -0.008532
0.110706 0.045194 -0.008462 -0.002264
-0.060578 -0.008462 0.537171 0.109604
-0.008532 -0.002264 0.109604 0.046897
16.350817 1.132188 19.080502 1.795533
0.552510 0.109342 -0.058796 -0.008303
0.109342 0.045196 -0.008261 -0.002161
-0.058796 -0.008261 0.531373 0.108288
-0.008303 -0.002161 0.108288 0.046585
16.958750 1.141567 20.151102 1.831153
0.528734 0.104463 -0.067128 -0.010239
0.104463 0.044493 -0.010160 -0.002518
-0.067128 -0.010160 0.505124 0.102854
-0.010239 -0.002518 0.102854 0.045449
17.991141 1.236657 21.534292 1.930498
0.512587 0.101814 -0.049606 -0.006599
0.101814 0.044315 -0.006591 -0.001709
-0.049606 -0.006591 0.496056 0.101604
-0.006599 -0.001709 0.101604 0.045299
18.788208 1.274056 22.738346 1.981042
0.500820 0.100337 -0.023615 -0.001482
0.100337 0.044359 -0.001603 -0.000671
-0.023615 -0.001603 0.487837 0.100615
-0.001482 -0.000671 0.100615 0.045198
19.580697 1.303974 23.442103 1.922377
0.491381 0.099367 -0.001241 0.002502
0.099367 0.044447 0.002307 0.000073
-0.001241 0.002307 0.482293 0.100127
0.002502 0.000073 0.100127 0.045170
19.856590 1.228008 24.612281 1.964549
0.479280 0.097829 0.022149 0.006445
0.097829 0.044360 0.006197 0.000782
0.022149 0.006197 0.474600 0.099103
0.006445 0.000782 0.099103 0.044998
20.545575 1.243424 25.571798 1.959879
0.481220 0.099129 0.018724 0.004600
0.099129 0.044800 0.004422 0.000297
0.018724 0.004422 0.484091 0.101590
0.004600 0.000297 0.101590 0.045534
21.125097 1.234619 26.673658 1.985522
0.490505 0.101733 0.024052 0.004931
0.101733 0.045434 0.004768 0.000344
0.024052 0.004768 0.499093 0.104922
0.004931 0.000344 0.104922 0.046185
21.680460 1.222094 27.457273 1.941717
0.482241 0.100366 0.018655 0.003132
0.100366 0.045163 0.002998 -0.000023
0.018655 0.002998 0.498206 0.104558
0.003132 -0.000023 0.104558 0.046002
22.418884 1.247381 28.959617 2.052830
0.477184 0.099697 0.026555 0.004417
0.099697 0.045038 0.004256 0.000302
0.026555 0.004256 0.512947 0.107469
0.004417 0.000302 0.107469 0.046525
23.176341 1.275144 30.083207 2.072692
0.474461 0.099522 0.027713 0.004257
0.099522 0.045012 0.004086 0.000313
0.027713 0.004086 0.523102 0.109154
0.004257 0.000313 0.109154 0.046759
23.688416 1.249104 31.015278 2.051500
0.465833 0.098063 0.023754 0.003163
0.098063 0.044703 0.002963 0.000143
0.023754 0.002963 0.527916 0.109616
0.003163 0.000143 0.109616 0.046741
23.893639 1.162413 31.540649 1.949711
0.461743 0.097563 0.034811 0.005339
0.097563 0.044595 0.005173 0.000682
0.034811 0.005173 0.538067 0.111132
0.005339 0.000682 0.111132 0.046955
24.167536 1.095594 32.847589 2.019420
0.463862 0.098425 0.029142 0.003884
0.098425 0.044784 0.003600 0.000392
0.029142 0.003600 0.564724 0.116033
0.003884 0.000392 0.116033 0.047885
25.040950 1.163508 34.164541 2.080585
0.466062 0.099189 0.014033 0.000712
0.099189 0.044928 0.000300 -0.000216
0.014033 0.000300 0.577276 0.117679
0.000712 -0.000216 0.117679 0.048098
25.676092 1.176417 34.831077 2.004796
0.438354 0.093441 -0.002047 -0.002180
0.093441 0.043660 -0.002797 -0.000702
-0.002047 -0.002797 0.576812 0.116641
-0.002180 -0.000702 0.116641 0.047783
26.281031 1.178796 36.232911 2.084977
0.430597 0.092373 -0.001714 -0.001601
0.092373 0.043477 -0.002127 -0.000426
-0.001714 -0.002127 0.580881 0.116679
-0.001601 -0.000426 0.116679 0.047739
26.617242 1.124557 37.079053 2.046271
0.451025 0.097377 0.002584 -0.000394
0.097377 0.044591 -0.000729 -0.000068
0.002584 -0.000729 0.591626 0.118161
-0.000394 -0.000068 0.118161 0.048014
28.025405 1.306346 38.633746 2.150583
0.455876 0.098459 -0.006799 -0.002023
0.098459 0.044742 -0.002461 -0.000372
-0.006799 -0.002461 0.599460 0.119055
-0.002023 -0.000372 0.119055 0.048179
28.853731 1.344502 39.303103 2.070275
0.463350 0.099949 -0.006379 -0.001591
0.099949 0.044968 -0.001943 -0.000217
-0.006379 -0.001943 0.612514 0.120993
-0.001591 -0.000217 0.120993 0.048556
29.343115 1.305211 40.219798 2.047042
0.467847 0.100643 -0.008737 -0.001789
0.100643 0.045012 -0.002118 -0.000227
-0.008737 -0.002118 0.619348 0.121635
-0.001789 -0.000227 0.121635 0.048669
29.569726 1.213727 39.778296 1.760678
0.464816 0.099668 0.000038 0.000166
0.099668 0.044709 0.000067 0.000214
0.000038 0.000067 0.607568 0.118700
0.000166 0.000214 0.118700 0.048097
30.591725 1.302651 41.180999 1.862671
0.446354 0.095513 -0.001964 -0.000203
0.095513 0.043769 -0.000312 0.000108
-0.001964 -0.000312 0.619883 0.120834
-0.000203 0.000108 0.120834 0.048582
30.874448 1.223565 41.993145 1.839325
0.446297 0.095714 -0.003386 -0.000434
0.095714 0.043851 -0.000550 0.000040
-0.003386 -0.000550 0.623844 0.121223
-0.000434 0.000040 0.121223 0.048694
31.624515 1.253149 42.598028 1.778410
0.438042 0.094116 0.016566 0.003476
0.094116 0.043530 0.003807 0.000865
0.016566 0.003807 0.624404 0.121010
0.003476 0.000865 0.121010 0.048695
32.851908 1.382551 43.942507 1.866420
0.416611 0.089785 0.047096 0.009077
0.089785 0.042635 0.010018 0.001985
0.047096 0.010018 0.622831 0.120461
0.009077 0.001985 0.120461 0.048637
33.278264 1.326758 43.919760 1.682098
0.438430 0.095181 0.054065 0.009624
0.095181 0.043903 0.010644 0.001947
0.054065 0.010644 0.593735 0.114689
0.009624 0.001947 0.114689 0.047579
34.230684 1.389291 44.868476 1.701965
0.464221 0.100820 0.059746 0.009929
0.100820 0.045083 0.011022 0.001894
0.059746 0.011022 0.580234 0.112462
0.009929 0.001894 0.112462 0.047286
34.746154 1.353339 45.115911 1.584969
0.494332 0.106795 0.063398 0.009870
0.106795 0.046228 0.011093 0.001814
0.063398 0.011093 0.556513 0.108397
0.009870 0.001814 0.108397 0.046634
35.479900 1.363340 46.293475 1.660507
0.536531 0.114891 0.045845 0.005646
0.114891 0.047768 0.006556 0.000844
0.045845 0.006556 0.562121 0.110504
0.005646 0.000844 0.110504 0.047240
