2.303027 1.883325 1.663279 -0.226721
2.248937 0.899594 -0.473781 -0.189517
0.899594 80.363912 -0.189517 -0.075808
-0.473781 -0.189517 4.182683 1.673109
-0.189517 -0.075808 1.673109 80.673325
4.967716 4.892905 0.533975 -1.802902
3.387271 5.936327 -1.470129 -2.247183
5.936327 18.114430 -2.481704 -5.039769
-1.470129 -2.481704 3.155909 5.042323
-2.247183 -5.039769 5.042323 20.887830
9.451375 7.131571 -0.362888 -1.607369
2.328255 2.542991 -0.343732 -0.191613
2.542991 4.646464 -0.298348 -0.607393
-0.343732 -0.298348 1.785971 2.092209
-0.191613 -0.607393 2.092209 5.387037
8.678357 3.630165 0.469552 -0.235367
1.154051 0.930444 0.542598 0.535101
0.930444 1.474688 0.436571 0.227022
0.542598 0.436571 1.257492 1.174261
0.535101 0.227022 1.174261 2.098420
8.184259 1.801214 2.729415 1.813460
0.745151 0.483937 0.631713 0.433378
0.483937 0.646740 0.378654 0.189710
0.631713 0.378654 0.951765 0.693053
0.433378 0.189710 0.693053 0.922630
7.953063 0.982257 3.808782 2.146095
0.641652 0.387785 0.403190 0.173345
0.387785 0.408906 0.134044 0.021814
0.403190 0.134044 0.971330 0.627531
0.173345 0.021814 0.627531 0.611386
8.071448 0.764017 4.921060 2.213854
0.765814 0.419505 0.203190 0.023213
0.419505 0.327702 0.009329 -0.034661
0.203190 0.009329 1.056167 0.579798
0.023213 -0.034661 0.579798 0.432961
7.754666 0.458484 5.639987 2.083970
0.529191 0.256190 -0.109313 -0.089479
0.256190 0.184553 -0.116332 -0.061215
-0.109313 -0.116332 1.052920 0.498556
-0.089479 -0.061215 0.498556 0.305605
7.949698 0.388338 8.393825 2.762665
0.655734 0.275507 -0.175055 -0.092959
0.275507 0.157650 -0.105022 -0.041946
-0.175055 -0.105022 1.007579 0.405068
-0.092959 -0.041946 0.405068 0.211662
7.947760 0.307974 10.375020 2.973495
0.765200 0.280013 -0.212508 -0.085726
0.280013 0.134799 -0.092538 -0.029162
-0.212508 -0.092538 0.995748 0.348176
-0.085726 -0.029162 0.348176 0.159435
9.353707 0.711571 11.650428 2.902573
0.756333 0.244226 -0.199260 -0.064968
0.244226 0.106017 -0.069064 -0.016934
-0.199260 -0.069064 0.887839 0.275262
-0.064968 -0.016934 0.275262 0.116722
9.760178 0.725646 12.396305 2.704231
0.775695 0.225331 -0.214462 -0.058321
0.225331 0.089762 -0.061588 -0.012639
-0.214462 -0.061588 0.816540 0.229183
-0.058321 -0.012639 0.229183 0.092025
11.722966 1.142836 12.089712 2.284106
0.694104 0.184019 -0.189730 -0.044226
0.184019 0.071565 -0.046477 -0.007711
-0.189730 -0.046477 0.720106 0.186175
-0.044226 -0.007711 0.186175 0.073661
12.337806 1.153127 13.176023 2.270920
0.677926 0.167144 -0.182072 -0.037057
0.167144 0.063246 -0.038895 -0.005510
-0.182072 -0.038895 0.686349 0.166307
-0.037057 -0.005510 0.166307 0.064571
13.641117 1.317155 13.730434 2.145309
0.612288 0.142393 -0.140534 -0.024363
0.142393 0.054880 -0.025490 -0.002532
-0.140534 -0.025490 0.630208 0.145168
-0.024363 -0.002532 0.145168 0.057022
14.593134 1.385623 14.973924 2.188137
0.578466 0.128847 -0.115913 -0.017249
0.128847 0.050475 -0.018154 -0.001242
-0.115913 -0.018154 0.589638 0.130677
-0.017249 -0.001242 0.130677 0.052210
14.968907 1.309209 15.562264 2.072766
0.528232 0.113683 -0.113881 -0.016525
0.113683 0.046403 -0.017324 -0.001582
-0.113881 -0.017324 0.528633 0.113575
-0.016525 -0.001582 0.113575 0.047529
16.062057 1.406816 16.835873 2.131103
0.516898 0.109398 -0.089981 -0.010735
0.109398 0.045348 -0.011366 -0.000609
-0.089981 -0.011366 0.518088 0.109934
-0.010735 -0.000609 0.109934 0.046475
16.467529 1.344842 17.967140 2.140185
0.515424 0.107772 -0.076894 -0.007888
0.107772 0.044995 -0.008544 -0.000364
-0.076894 -0.008544 0.507804 0.106702
-0.007888 -0.000364 0.106702 0.045633
17.052218 1.324110 18.872835 2.104144
0.522514 0.108419 -0.058195 -0.004126
0.108419 0.045223 -0.004711 0.000123
-0.058195 -0.004711 0.513883 0.107474
-0.004126 0.000123 0.107474 0.045782
17.308962 1.240347 19.938784 2.101353
0.523027 0.107878 -0.034059 0.000223
0.107878 0.045225 -0.000402 0.000668
-0.034059 -0.000402 0.506731 0.105549
0.000223 0.000668 0.105549 0.045388
19.037350 1.473718 21.488646 2.218418
0.503739 0.103316 -0.022260 0.001348
0.103316 0.044392 0.000962 0.000545
-0.022260 0.000962 0.499606 0.103730
0.001348 0.000545 0.103730 0.045035
19.820448 1.484839 22.779007 2.256479
0.500717 0.102571 -0.021440 0.000384
0.102571 0.044417 0.000074 0.000071
-0.021440 0.000074 0.496802 0.102948
0.000384 0.000071 0.102948 0.044925
20.062210 1.380032 23.625863 2.194188
0.498035 0.102121 -0.013253 0.001152
0.102121 0.044515 0.000860 0.000039
-0.013253 0.000860 0.490878 0.101723
0.001152 0.000039 0.101723 0.044758
20.497883 1.329597 25.048698 2.260264
0.489151 0.100435 -0.014105 0.000040
0.100435 0.044333 -0.000169 -0.000331
-0.014105 -0.000169 0.485835 0.100768
0.000040 -0.000331 0.100768 0.044648
21.228929 1.340151 25.465771 2.112276
0.491893 0.101370 -0.007739 0.000714
0.101370 0.044702 0.000515 -0.000261
-0.007739 0.000515 0.484935 0.100820
0.000714 -0.000261 0.100820 0.044760
21.533178 1.263821 26.288197 2.062318
0.491006 0.101466 -0.000022 0.001685
0.101466 0.044848 0.001519 -0.000105
-0.000022 0.001519 0.486575 0.101389
0.001685 -0.000105 0.101389 0.044958
22.091436 1.248608 27.342134 2.066911
0.488295 0.101178 0.015244 0.004238
0.101178 0.044889 0.004096 0.000391
0.015244 0.004096 0.491622 0.102613
0.004238 0.000391 0.102613 0.045268
22.636957 1.232294 28.503660 2.093596
0.494116 0.102645 0.015713 0.003577
0.102645 0.045272 0.003464 0.000205
0.015713 0.003464 0.505909 0.105609
0.003577 0.000205 0.105609 0.045908
23.500075 1.284115 28.904846 1.959013
0.477985 0.099384 0.027900 0.005546
0.099384 0.044625 0.005452 0.000613
0.027900 0.005452 0.490983 0.102230
0.005546 0.000613 0.102230 0.045163
24.354636 1.328915 29.684035 1.916834
0.469980 0.098121 0.022442 0.003767
0.098121 0.044444 0.003676 0.000227
0.022442 0.003676 0.489721 0.102064
0.003767 0.000227 0.102064 0.045163
24.746187 1.271745 30.602301 1.909203
0.457536 0.096010 0.010437 0.000921
0.096010 0.044082 0.000795 -0.000328
0.010437 0.000795 0.491533 0.102569
0.000921 -0.000328 0.102569 0.045302
25.076700 1.208348 31.173353 1.829973
0.471240 0.099515 0.006377 0.000010
0.099515 0.044905 -0.000094 -0.000424
0.006377 -0.000094 0.502203 0.104843
0.000010 -0.000424 0.104843 0.045789
25.308812 1.129515 32.128808 1.839366
0.460554 0.097492 -0.015145 -0.004343
0.097492 0.044473 -0.004542 -0.001241
-0.015145 -0.004542 0.509913 0.106324
-0.004343 -0.001241 0.106324 0.046075
26.206980 1.199325 33.710698 1.976540
0.448652 0.095306 -0.024123 -0.005666
0.095306 0.044023 -0.005910 -0.001359
-0.024123 -0.005910 0.527916 0.109776
-0.005666 -0.001359 0.109776 0.046745
26.444518 1.122061 34.498293 1.935093
0.432853 0.092410 -0.027631 -0.005784
0.092410 0.043438 -0.006005 -0.001234
-0.027631 -0.006005 0.526879 0.108976
-0.005784 -0.001234 0.108976 0.046487
26.249145 0.959329 35.442610 1.929501
0.418201 0.089926 -0.031799 -0.006107
0.089926 0.042964 -0.006301 -0.001195
-0.031799 -0.006301 0.532872 0.109770
-0.006107 -0.001195 0.109770 0.046604
26.791401 0.972461 36.196096 1.886269
0.437212 0.094853 -0.031864 -0.005566
0.094853 0.044101 -0.005749 -0.000998
-0.031864 -0.005749 0.539959 0.110779
-0.005566 -0.000998 0.110779 0.046773
27.097235 0.933618 37.277363 1.913963
0.430756 0.093622 -0.036708 -0.006192
0.093622 0.043762 -0.006346 -0.001093
-0.036708 -0.006346 0.552011 0.112756
-0.006192 -0.001093 0.112756 0.047140
27.939989 1.015064 38.075226 1.883034
0.429902 0.093687 -0.035242 -0.005516
0.093687 0.043733 -0.005609 -0.000921
-0.035242 -0.005609 0.553745 0.112535
-0.005516 -0.000921 0.112535 0.047049
29.045211 1.147985 39.535242 1.990720
0.402550 0.087869 -0.037381 -0.005815
0.087869 0.042407 -0.005721 -0.000977
-0.037381 -0.005721 0.573133 0.115981
-0.005815 -0.000977 0.115981 0.047728
29.918775 1.212296 40.170524 1.919641
0.390583 0.085934 -0.033661 -0.004882
0.085934 0.042039 -0.004715 -0.000794
-0.033661 -0.004715 0.565295 0.113712
-0.004882 -0.000794 0.113712 0.047218
30.575208 1.224874 41.407260 1.975489
0.393817 0.087410 -0.033228 -0.004666
0.087410 0.042418 -0.004495 -0.000776
-0.033228 -0.004495 0.574268 0.115118
-0.004666 -0.000776 0.115118 0.047513
31.602418 1.317630 42.397753 1.978184
0.423512 0.094548 -0.028581 -0.003525
0.094548 0.043999 -0.003479 -0.000575
-0.028581 -0.003479 0.565222 0.112885
-0.003525 -0.000575 0.112885 0.047074
33.189108 1.521288 42.768999 1.859414
0.365088 0.081427 0.018733 0.005549
0.081427 0.040949 0.006769 0.001349
0.018733 0.006769 0.525022 0.104924
0.005549 0.001349 0.104924 0.045581
33.843683 1.496510 43.383801 1.795895
0.391579 0.088319 0.009468 0.002891
0.088319 0.042594 0.003537 0.000527
0.009468 0.003537 0.512735 0.103010
0.002891 0.000527 0.103010 0.045360
34.485490 1.472329 44.179698 1.775131
0.429422 0.096943 -0.006605 -0.000844
0.096943 0.044444 -0.000755 -0.000411
-0.006605 -0.000755 0.509212 0.102991
-0.000844 -0.000411 0.102991 0.045511
35.327931 1.495470 44.502383 1.660254
0.416768 0.093333 0.022951 0.005042
0.093333 0.043388 0.005662 0.000913
0.022951 0.005662 0.453351 0.092292
0.005042 0.000913 0.092292 0.043453
35.455485 1.357032 45.575856 1.711115
0.434991 0.097023 0.002639 0.000206
0.097023 0.044096 0.000384 -0.000259
0.002639 0.000384 0.463047 0.095855
0.000206 -0.000259 0.095855 0.044438
36.397452 1.415350 46.448413 1.714417
0.479907 0.106262 -0.013777 -0.003344
0.106262 0.045986 -0.003359 -0.001001
-0.013777 -0.003359 0.463363 0.096943
-0.003344 -0.001001 0.096943 0.044760
