1.964995 1.748109 1.318052 -0.364815
1.876360 0.750560 -0.085482 -0.034194
0.750560 80.304297 -0.034194 -0.013678
-0.085482 -0.034194 3.891803 1.556755
-0.034194 -0.013678 1.556755 80.626782
5.750255 6.986031 0.114228 -2.014560
3.442720 6.190682 -1.711420 -2.774337
6.190682 17.744917 -3.062392 -5.199465
-1.711420 -3.062392 2.986286 4.871312
-2.774337 -5.199465 4.871312 20.107245
5.851875 3.417883 1.488005 0.441116
1.461934 1.659690 0.812459 1.183181
1.659690 3.461253 0.945552 1.088891
0.812459 0.945552 0.802351 1.085244
1.183181 1.088891 1.085244 4.103196
8.732160 4.233110 3.280636 2.131292
1.354225 1.215245 0.400699 0.172928
1.215245 1.640502 0.185161 -0.019841
0.400699 0.185161 1.024623 1.190208
0.172928 -0.019841 1.190208 2.039219
7.520961 1.993143 3.290567 1.604200
0.318077 0.210378 0.145654 0.087688
0.210378 0.384347 -0.022184 0.009361
0.145654 -0.022184 1.490524 1.227295
0.087688 0.009361 1.227295 1.231974
8.271889 1.813104 4.493842 1.856536
0.508038 0.333097 0.039724 0.009558
0.333097 0.343755 -0.039992 -0.002336
0.039724 -0.039992 1.465586 0.894682
0.009558 -0.002336 0.894682 0.658782
8.558555 1.446346 6.729720 2.493187
0.613518 0.336873 -0.078008 -0.039981
0.336873 0.256876 -0.071286 -0.016367
-0.078008 -0.071286 1.334897 0.648011
-0.039981 -0.016367 0.648011 0.383817
8.409434 1.068262 5.178506 1.353394
0.523194 0.243099 -0.403844 -0.159646
0.243099 0.160289 -0.193064 -0.064056
-0.403844 -0.193064 1.002890 0.403184
-0.159646 -0.064056 0.403184 0.210575
8.870504 1.049599 6.651695 1.639073
0.621005 0.250834 -0.385397 -0.120967
0.250834 0.136036 -0.144796 -0.037210
-0.385397 -0.144796 0.992061 0.347147
-0.120967 -0.037210 0.347147 0.158909
9.634697 1.138642 7.541514 1.669974
0.697480 0.247428 -0.356021 -0.091249
0.247428 0.115624 -0.109107 -0.022143
-0.356021 -0.109107 0.984941 0.306219
-0.091249 -0.022143 0.306219 0.126242
10.272082 1.166057 8.608503 1.739903
0.731618 0.231079 -0.306509 -0.065103
0.231079 0.097034 -0.078494 -0.012489
-0.306509 -0.078494 0.934817 0.262482
-0.065103 -0.012489 0.262482 0.100946
10.831486 1.156645 9.365676 1.709123
0.759900 0.216182 -0.291830 -0.054451
0.216182 0.083518 -0.065351 -0.009307
-0.291830 -0.065351 0.912243 0.234153
-0.054451 -0.009307 0.234153 0.085131
11.666348 1.237781 10.814527 1.862883
0.720922 0.188247 -0.213317 -0.032219
0.188247 0.070185 -0.039945 -0.003901
-0.213317 -0.039945 0.809478 0.193534
-0.032219 -0.003901 0.193534 0.070075
13.303252 1.493206 11.919405 1.929110
0.666090 0.161548 -0.170022 -0.022268
0.161548 0.059863 -0.027447 -0.002174
-0.170022 -0.027447 0.744307 0.167869
-0.022268 -0.002174 0.167869 0.061045
13.372151 1.324680 12.298044 1.784366
0.613715 0.139848 -0.167309 -0.022513
0.139848 0.052585 -0.026590 -0.002979
-0.167309 -0.026590 0.676206 0.144915
-0.022513 -0.002979 0.144915 0.054020
13.619593 1.243501 13.821972 1.909443
0.578927 0.126423 -0.139805 -0.016935
0.126423 0.048598 -0.020434 -0.002258
-0.139805 -0.020434 0.603209 0.125082
-0.016935 -0.002258 0.125082 0.048958
14.146620 1.224711 14.871213 1.927124
0.574525 0.121717 -0.121528 -0.013258
0.121717 0.047171 -0.016186 -0.001773
-0.121528 -0.016186 0.582983 0.118735
-0.013258 -0.001773 0.118735 0.047386
14.871999 1.247351 15.767581 1.915563
0.563248 0.116611 -0.102810 -0.010043
0.116611 0.045960 -0.012371 -0.001395
-0.102810 -0.012371 0.565816 0.113970
-0.010043 -0.001395 0.113970 0.046376
15.261596 1.201306 16.870264 1.940763
0.539276 0.109818 -0.087624 -0.008062
0.109818 0.044611 -0.010077 -0.001347
-0.087624 -0.010077 0.525850 0.105194
-0.008062 -0.001347 0.105194 0.044681
15.467185 1.131796 18.627052 2.093779
0.533699 0.107965 -0.062507 -0.003836
0.107965 0.044500 -0.005726 -0.000749
-0.062507 -0.005726 0.499277 0.100270
-0.003836 -0.000749 0.100270 0.043976
15.927060 1.114787 20.034456 2.165692
0.527105 0.106244 -0.041656 -0.000791
0.106244 0.044437 -0.002418 -0.000367
-0.041656 -0.002418 0.486034 0.098429
-0.000791 -0.000367 0.098429 0.043916
16.218149 1.061640 21.175778 2.174413
0.514673 0.103674 -0.020011 0.002214
0.103674 0.044217 0.000782 0.000007
-0.020011 0.000782 0.467155 0.095536
0.002214 0.000007 0.095536 0.043603
17.031192 1.117139 22.073902 2.138001
0.509206 0.102748 -0.009525 0.002918
0.102748 0.044321 0.001771 -0.000022
-0.009525 0.001771 0.468877 0.096921
0.002918 -0.000022 0.096921 0.044127
17.802071 1.161306 23.356938 2.184101
0.507671 0.102697 -0.011713 0.001146
0.102697 0.044563 0.000274 -0.000498
-0.011713 0.000274 0.474889 0.098874
0.001146 -0.000498 0.098874 0.044664
18.580017 1.200508 24.229594 2.139205
0.493676 0.100199 -0.008852 0.000708
0.100199 0.044278 0.000025 -0.000633
-0.008852 0.000025 0.467044 0.097707
0.000708 -0.000633 0.097707 0.044483
19.293328 1.224341 25.591520 2.201112
0.490917 0.100264 0.008831 0.003650
0.100264 0.044524 0.003016 -0.000022
0.008831 0.003016 0.474264 0.099800
0.003650 -0.000022 0.099800 0.044993
20.781742 1.404592 27.063161 2.280933
0.465444 0.095567 -0.009035 -0.001075
0.095567 0.043728 -0.001447 -0.001011
-0.009035 -0.001447 0.470422 0.099192
-0.001075 -0.001011 0.099192 0.044848
21.452985 1.397982 27.781334 2.191622
0.471320 0.097733 -0.002477 0.000011
0.097733 0.044385 -0.000321 -0.000690
-0.002477 -0.000321 0.476992 0.100836
0.000011 -0.000690 0.100836 0.045193
21.810866 1.326806 28.732298 2.160836
0.445871 0.093059 0.014990 0.003369
0.093059 0.043516 0.003065 0.000086
0.014990 0.003065 0.465823 0.098525
0.003369 0.000086 0.098525 0.044663
22.955600 1.428223 29.920000 2.183189
0.449718 0.094868 0.012907 0.002367
0.094868 0.044044 0.002108 -0.000108
0.012907 0.002108 0.480305 0.101834
0.002367 -0.000108 0.101834 0.045365
23.687067 1.432443 30.739506 2.125531
0.454452 0.096595 -0.005320 -0.001854
0.096595 0.044474 -0.002084 -0.000950
-0.005320 -0.002084 0.488691 0.103516
-0.001854 -0.000950 0.103516 0.045659
24.429955 1.438079 31.837579 2.132954
0.430509 0.091904 -0.013515 -0.003420
0.091904 0.043461 -0.003654 -0.001144
-0.013515 -0.003654 0.487713 0.103033
-0.003420 -0.001144 0.103033 0.045472
25.132492 1.434469 32.974088 2.147726
0.421076 0.090639 -0.011052 -0.002596
0.090639 0.043242 -0.002785 -0.000825
-0.011052 -0.002785 0.495386 0.104430
-0.002596 -0.000825 0.104430 0.045710
25.960749 1.458539 34.147337 2.168595
0.426778 0.092639 -0.018353 -0.003920
0.092639 0.043712 -0.004126 -0.001017
-0.018353 -0.004126 0.511486 0.107485
-0.003920 -0.001017 0.107485 0.046287
26.916205 1.507791 35.067901 2.134498
0.399096 0.087029 -0.023842 -0.004757
0.087029 0.042449 -0.004957 -0.001101
-0.023842 -0.004957 0.508438 0.106267
-0.004757 -0.001101 0.106267 0.045933
27.453133 1.459531 35.811564 2.066775
0.421306 0.092787 -0.031523 -0.005949
0.092787 0.043765 -0.006219 -0.001274
-0.031523 -0.006219 0.519705 0.108211
-0.005949 -0.001274 0.108211 0.046292
28.029041 1.425723 36.912515 2.080411
0.441581 0.097390 -0.043101 -0.007864
0.097390 0.044670 -0.008235 -0.001605
-0.043101 -0.008235 0.540156 0.111910
-0.007864 -0.001605 0.111910 0.046997
28.594442 1.393815 38.108943 2.112072
0.439161 0.096488 -0.044254 -0.007558
0.096488 0.044286 -0.007816 -0.001440
-0.044254 -0.007816 0.553601 0.113892
-0.007558 -0.001440 0.113892 0.047311
28.945155 1.317227 39.028284 2.082582
0.448941 0.098350 -0.046447 -0.007515
0.098350 0.044563 -0.007778 -0.001380
-0.046447 -0.007778 0.558089 0.113943
-0.007515 -0.001380 0.113943 0.047231
29.506549 1.296029 40.080049 2.084214
0.434129 0.094678 -0.042776 -0.006473
0.094678 0.043626 -0.006529 -0.001125
-0.042776 -0.006529 0.562584 0.114136
-0.006473 -0.001125 0.114136 0.047224
30.509671 1.370032 40.461555 1.952633
0.428306 0.093399 -0.033061 -0.004318
0.093399 0.043323 -0.004268 -0.000689
-0.033061 -0.004268 0.544979 0.109986
-0.004318 -0.000689 0.109986 0.046375
31.163308 1.361988 41.218053 1.908091
0.429263 0.093685 -0.029596 -0.003628
0.093685 0.043383 -0.003555 -0.000599
-0.029596 -0.003555 0.541386 0.109117
-0.003628 -0.000599 0.109117 0.046272
31.529316 1.293032 42.155081 1.903007
0.444242 0.096947 -0.035013 -0.004737
0.096947 0.044075 -0.004835 -0.000900
-0.035013 -0.004835 0.543946 0.109575
-0.004737 -0.000900 0.109575 0.046440
32.228525 1.300505 42.330085 1.746647
0.433462 0.094348 -0.023662 -0.002509
0.094348 0.043448 -0.002475 -0.000468
-0.023662 -0.002475 0.519301 0.104629
-0.002509 -0.000468 0.104629 0.045520
32.880310 1.301413 43.324538 1.771189
0.443518 0.096517 -0.022896 -0.002517
0.096517 0.043916 -0.002510 -0.000528
-0.022896 -0.002510 0.522604 0.105743
-0.002517 -0.000528 0.105743 0.045883
33.797650 1.355598 43.343238 1.596268
0.431386 0.093737 -0.002531 0.001369
0.093737 0.043287 0.001560 0.000239
-0.002531 0.001560 0.486554 0.098819
0.001369 0.000239 0.098819 0.044581
34.388946 1.338291 44.613953 1.692866
0.454702 0.098843 -0.010627 -0.000741
0.098843 0.044411 -0.000723 -0.000310
-0.010627 -0.000723 0.499178 0.102291
-0.000741 -0.000310 0.102291 0.045460
35.829385 1.503528 44.793931 1.557600
0.416122 0.090224 0.053376 0.012068
0.090224 0.042503 0.012639 0.002392
0.053376 0.012639 0.415942 0.085802
0.012068 0.002392 0.085802 0.042159
36.466728 1.478083 45.979820 1.643696
0.439858 0.095857 0.037299 0.007246
0.095857 0.043833 0.007613 0.001102
0.037299 0.007613 0.424485 0.089552
0.007246 0.001102 0.089552 0.043246
37.396001 1.522783 45.754605 1.418644
0.450077 0.097870 0.052288 0.009686
0.097870 0.044218 0.010349 0.001642
0.052288 0.010349 0.333458 0.071291
0.009686 0.001642 0.071291 0.039424
