1.540020 1.578116 3.735062 0.602010
2.472445 0.988999 -0.616927 -0.246776
0.988999 80.399675 -0.246776 -0.098713
-0.616927 -0.246776 3.974968 1.590022
-0.246776 -0.098713 1.590022 80.640089
3.826394 3.971188 -0.609199 -6.900553
2.900007 5.016726 -1.192507 -1.802947
5.016726 17.022604 -1.890968 -4.469369
-1.192507 -1.890968 4.005152 6.473534
-1.802947 -4.469369 6.473534 22.777028
7.748768 6.315787 1.008990 -1.141013
2.300830 2.586447 0.086453 0.211282
2.586447 4.881871 0.103966 -0.289076
0.086453 0.103966 0.205632 0.234062
0.211282 -0.289076 0.234062 3.296671
6.394109 2.543406 0.708433 -0.597339
0.798302 0.597646 0.434629 0.624564
0.597646 1.178481 0.253538 0.288161
0.434629 0.253538 0.733765 1.082820
0.624564 0.288161 1.082820 2.087787
6.846579 1.611310 2.369362 1.298508
0.974266 0.704375 0.410405 0.316700
0.704375 0.829038 0.225663 0.160765
0.410405 0.225663 0.654783 0.585504
0.316700 0.160765 0.585504 0.677423
8.191670 1.936717 3.178070 1.380030
1.039443 0.634589 0.237310 0.109371
0.634589 0.552552 0.056886 0.015324
0.237310 0.056886 0.868231 0.580312
0.109371 0.015324 0.580312 0.461498
8.286655 1.434627 4.667878 1.825911
0.857968 0.434148 0.116716 0.036077
0.434148 0.315877 -0.003303 -0.006261
0.116716 -0.003303 0.968340 0.505301
0.036077 -0.006261 0.505301 0.307587
8.352778 1.149827 5.593257 1.842256
0.926710 0.404886 -0.007651 -0.018976
0.404886 0.240230 -0.045869 -0.019913
-0.007651 -0.045869 1.032906 0.441391
-0.018976 -0.019913 0.441391 0.219929
8.996649 1.131622 8.256240 2.470410
0.943721 0.358490 -0.098723 -0.044227
0.358490 0.182091 -0.061452 -0.020418
-0.098723 -0.061452 0.953827 0.345215
-0.044227 -0.020418 0.345215 0.150203
8.883352 0.921030 8.442598 2.142741
0.862434 0.290729 -0.261297 -0.085540
0.290729 0.134255 -0.099720 -0.028646
-0.261297 -0.099720 0.875281 0.276582
-0.085540 -0.028646 0.276582 0.109671
10.427382 1.248628 9.220219 2.061716
0.827886 0.250530 -0.273421 -0.075747
0.250530 0.106434 -0.086227 -0.020984
-0.273421 -0.086227 0.864772 0.243845
-0.075747 -0.020984 0.243845 0.089618
10.965595 1.224372 10.076783 2.016213
0.791766 0.218434 -0.265136 -0.063713
0.218434 0.087544 -0.071328 -0.014947
-0.265136 -0.071328 0.823428 0.210963
-0.063713 -0.014947 0.210963 0.074376
11.257675 1.144787 11.470152 2.105626
0.736170 0.187938 -0.227117 -0.047705
0.187938 0.073283 -0.053012 -0.009456
-0.227117 -0.053012 0.736800 0.174518
-0.047705 -0.009456 0.174518 0.061643
12.592773 1.322279 11.824894 1.956460
0.668272 0.160165 -0.189112 -0.035074
0.160165 0.062554 -0.038359 -0.005829
-0.189112 -0.038359 0.686582 0.153196
-0.035074 -0.005829 0.153196 0.054760
13.020660 1.272896 13.153394 2.029187
0.663160 0.151406 -0.171831 -0.028392
0.151406 0.058122 -0.031040 -0.004162
-0.171831 -0.031040 0.657780 0.140111
-0.028392 -0.004162 0.140111 0.050857
13.174819 1.169254 14.421748 2.075355
0.620681 0.135940 -0.153575 -0.023217
0.135940 0.053042 -0.025478 -0.003220
-0.153575 -0.025478 0.589806 0.121206
-0.023217 -0.003220 0.121206 0.046423
14.049748 1.233787 15.569387 2.102397
0.601574 0.128271 -0.113384 -0.014012
0.128271 0.050565 -0.015380 -0.001363
-0.113384 -0.015380 0.571578 0.115584
-0.014012 -0.001363 0.115584 0.045415
14.772060 1.256314 16.637821 2.107491
0.590923 0.123452 -0.082080 -0.007625
0.123452 0.049067 -0.008478 -0.000305
-0.082080 -0.008478 0.559761 0.112072
-0.007625 -0.000305 0.112072 0.044961
14.580173 1.078533 17.149942 1.987227
0.549897 0.112522 -0.091965 -0.010643
0.112522 0.046419 -0.011720 -0.001445
-0.091965 -0.011720 0.498129 0.098601
-0.010643 -0.001445 0.098601 0.042459
15.535011 1.166857 18.350175 2.034743
0.539222 0.109499 -0.084078 -0.009353
0.109499 0.045809 -0.010125 -0.001365
-0.084078 -0.010125 0.492461 0.098107
-0.009353 -0.001365 0.098107 0.042856
16.757037 1.293979 19.127940 1.994895
0.518758 0.105204 -0.056374 -0.004317
0.105204 0.045082 -0.004713 -0.000519
-0.056374 -0.004713 0.485648 0.097758
-0.004317 -0.000519 0.097758 0.043262
17.610219 1.340870 20.506685 2.075294
0.509125 0.103412 -0.041431 -0.002146
0.103412 0.044891 -0.002449 -0.000321
-0.041431 -0.002449 0.477417 0.096951
-0.002146 -0.000321 0.096951 0.043456
18.413329 1.368983 21.636056 2.095575
0.514916 0.104952 -0.027425 -0.000111
0.104952 0.045387 -0.000329 -0.000090
-0.027425 -0.000329 0.487039 0.099833
-0.000111 -0.000090 0.099833 0.044348
19.361968 1.424809 22.889963 2.140439
0.502492 0.102547 -0.021555 -0.000030
0.102547 0.045002 -0.000166 -0.000279
-0.021555 -0.000166 0.480445 0.098971
-0.000030 -0.000279 0.098971 0.044337
20.074646 1.424023 23.840279 2.115576
0.497845 0.101990 -0.012624 0.000882
0.101990 0.045025 0.000777 -0.000225
-0.012624 0.000777 0.479308 0.099308
0.000882 -0.000225 0.099308 0.044558
20.696335 1.407167 25.226721 2.183538
0.481827 0.099125 -0.001712 0.002194
0.099125 0.044554 0.002126 -0.000062
-0.001712 0.002126 0.471393 0.098156
0.002194 -0.000062 0.098156 0.044426
21.053998 1.335118 26.190283 2.155495
0.490445 0.101511 -0.003693 0.000943
0.101511 0.045174 0.000901 -0.000386
-0.003693 0.000901 0.482430 0.100959
0.000943 -0.000386 0.100959 0.045097
21.590917 1.308728 27.605076 2.225867
0.474024 0.098457 0.011110 0.003390
0.098457 0.044596 0.003360 0.000110
0.011110 0.003360 0.480883 0.100846
0.003390 0.000110 0.100846 0.045090
22.425978 1.346204 28.303087 2.138846
0.480841 0.100453 0.022353 0.005022
0.100453 0.045095 0.004984 0.000425
0.022353 0.004984 0.487636 0.102430
0.005022 0.000425 0.102430 0.045426
23.203777 1.368037 29.489820 2.163393
0.478399 0.100247 0.015080 0.002737
0.100247 0.045067 0.002699 -0.000078
0.015080 0.002699 0.497310 0.104448
0.002737 -0.000078 0.104448 0.045819
23.351658 1.255162 30.686507 2.188434
0.461521 0.096981 0.006022 0.000458
0.096981 0.044386 0.000387 -0.000507
0.006022 0.000387 0.500711 0.104956
0.000458 -0.000507 0.104956 0.045865
24.141977 1.289702 31.700927 2.171427
0.446136 0.094277 -0.007490 -0.002441
0.094277 0.043867 -0.002556 -0.001018
-0.007490 -0.002556 0.500388 0.104663
-0.002441 -0.001018 0.104663 0.045751
24.814771 1.295392 32.966158 2.208859
0.445800 0.094913 -0.019246 -0.004673
0.094913 0.044070 -0.004835 -0.001355
-0.019246 -0.004835 0.515087 0.107548
-0.004673 -0.001355 0.107548 0.046320
25.071374 1.211710 34.005417 2.195515
0.424423 0.090852 -0.009891 -0.002280
0.090852 0.043215 -0.002363 -0.000686
-0.009891 -0.002363 0.514967 0.107071
-0.002280 -0.000686 0.107071 0.046144
25.327687 1.136214 35.196513 2.214896
0.397974 0.085952 -0.009349 -0.001980
0.085952 0.042221 -0.002045 -0.000546
-0.009349 -0.002045 0.518518 0.107462
-0.001980 -0.000546 0.107462 0.046184
25.828872 1.121539 36.216192 2.196745
0.420086 0.091939 -0.011625 -0.002298
0.091939 0.043637 -0.002379 -0.000562
-0.011625 -0.002379 0.531760 0.109865
-0.002298 -0.000562 0.109865 0.046652
25.942926 1.023137 36.976035 2.126844
0.399835 0.087863 -0.012286 -0.002281
0.087863 0.042672 -0.002344 -0.000514
-0.012286 -0.002344 0.529488 0.108894
-0.002281 -0.000514 0.108894 0.046397
26.660465 1.068497 37.787977 2.075480
0.414819 0.091852 -0.016093 -0.002899
0.091852 0.043553 -0.003021 -0.000618
-0.016093 -0.003021 0.534565 0.109591
-0.002899 -0.000618 0.109591 0.046527
27.031380 1.031846 38.531575 2.015129
0.416995 0.092475 -0.020956 -0.003706
0.092475 0.043582 -0.003887 -0.000763
-0.020956 -0.003887 0.537114 0.109760
-0.003706 -0.000763 0.109760 0.046550
27.799754 1.087016 39.096827 1.925441
0.409699 0.090871 -0.022205 -0.003742
0.090871 0.043114 -0.003900 -0.000735
-0.022205 -0.003900 0.534414 0.108906
-0.003742 -0.000735 0.108906 0.046377
28.706779 1.167361 39.871473 1.888025
0.368379 0.081817 -0.023602 -0.003922
0.081817 0.041033 -0.003962 -0.000749
-0.023602 -0.003962 0.539942 0.109861
-0.003922 -0.000749 0.109861 0.046597
29.513378 1.218431 41.138922 1.954394
0.366976 0.082479 -0.022421 -0.003490
0.082479 0.041289 -0.003450 -0.000630
-0.022421 -0.003450 0.554879 0.112685
-0.003490 -0.000630 0.112685 0.047185
30.339201 1.268899 42.528273 2.038519
0.376256 0.085345 -0.018452 -0.002535
0.085345 0.041974 -0.002405 -0.000416
-0.018452 -0.002405 0.564542 0.114224
-0.002535 -0.000416 0.114224 0.047471
31.112363 1.298358 42.867704 1.901943
0.382730 0.087157 -0.011642 -0.001136
0.087157 0.042326 -0.000957 -0.000147
-0.011642 -0.000957 0.538099 0.108413
-0.001136 -0.000147 0.108413 0.046270
32.678393 1.504854 42.945988 1.728491
0.330583 0.075441 0.032553 0.007500
0.075441 0.039575 0.008834 0.001747
0.032553 0.008834 0.497786 0.100507
0.007500 0.001747 0.100507 0.044780
33.250653 1.463126 43.872824 1.741233
0.358122 0.082985 0.022643 0.004606
0.082985 0.041447 0.005386 0.000867
0.022643 0.005386 0.499708 0.101717
0.004606 0.000867 0.101717 0.045215
34.419151 1.565965 43.497806 1.485395
0.323369 0.075058 0.067998 0.013453
0.075058 0.039490 0.015341 0.002862
0.067998 0.015341 0.430485 0.088093
0.013453 0.002862 0.088093 0.042524
35.094928 1.541781 44.031000 1.442107
0.345925 0.081353 0.059755 0.010376
0.081353 0.041046 0.011803 0.001911
0.059755 0.011803 0.428238 0.089478
0.010376 0.001911 0.089478 0.043119
35.819495 1.528018 45.110462 1.519039
0.383397 0.090444 0.041269 0.005401
0.090444 0.043094 0.006306 0.000647
0.041269 0.006306 0.444023 0.094431
0.005401 0.000647 0.094431 0.044359
36.836288 1.584544 46.202859 1.588322
0.423427 0.098952 0.029671 0.002500
0.098952 0.044773 0.003393 0.000081
0.029671 0.003393 0.439938 0.094357
0.002500 0.000081 0.094357 0.044333
