2.157649 1.825173 2.262405 0.012934
0.846201 0.338488 0.906559 0.362632
0.338488 80.139465 0.362632 0.145056
0.906559 0.362632 2.788956 1.115607
0.362632 0.145056 1.115607 80.450319
5.096873 5.858348 0.364712 -3.447243
2.978899 5.799324 -1.294031 -2.488692
5.799324 14.325194 -2.736181 -2.363378
-1.294031 -2.736181 3.094475 5.451873
-2.488692 -2.363378 5.451873 18.760100
7.575999 5.597787 1.875095 0.258798
2.047926 2.217092 0.259846 0.561233
2.217092 3.083787 0.342717 1.235577
0.259846 0.342717 0.924578 1.108644
0.561233 1.235577 1.108644 3.330829
8.446186 4.196255 2.129196 0.299006
1.338342 1.002056 0.309176 0.349487
1.002056 1.023721 0.324183 0.516138
0.309176 0.324183 1.313803 1.265599
0.349487 0.516138 1.265599 1.862155
10.299611 4.064282 2.439580 0.409383
1.254664 0.721635 0.148432 0.131563
0.721635 0.556682 0.150103 0.190517
0.148432 0.150103 1.418493 1.019501
0.131563 0.190517 1.019501 1.013113
8.912597 2.491235 3.477394 0.821516
0.414950 0.204666 0.321253 0.188729
0.204666 0.187165 0.192537 0.146958
0.321253 0.192537 1.294935 0.737504
0.188729 0.146958 0.737504 0.571011
9.987701 2.420818 4.290315 1.008835
0.453023 0.201812 0.226794 0.109709
0.201812 0.147467 0.113316 0.074630
0.226794 0.113316 1.193915 0.561535
0.109709 0.074630 0.561535 0.357898
10.354536 2.090184 5.780362 1.399130
0.424427 0.169279 0.121922 0.051285
0.169279 0.109271 0.053454 0.035065
0.121922 0.053454 1.053542 0.423006
0.051285 0.035065 0.423006 0.234592
11.699395 2.198986 6.627891 1.453315
0.440942 0.159504 0.046800 0.019598
0.159504 0.090381 0.020034 0.016673
0.046800 0.020034 0.992253 0.349421
0.019598 0.016673 0.349421 0.171648
11.953404 1.921573 7.775274 1.578041
0.485369 0.160084 -0.012718 0.000403
0.160084 0.080145 -0.000842 0.007064
-0.012718 -0.000842 0.925724 0.291205
0.000403 0.007064 0.291205 0.130676
12.785207 1.888959 9.884038 1.954537
0.529530 0.160015 -0.038561 -0.005368
0.160015 0.072573 -0.007621 0.003668
-0.038561 -0.007621 0.833011 0.238100
-0.005368 0.003668 0.238100 0.101305
13.313084 1.773920 11.086406 2.009358
0.576520 0.160721 -0.056128 -0.008226
0.160721 0.067253 -0.010891 0.001892
-0.056128 -0.010891 0.802765 0.211973
-0.008226 0.001892 0.211973 0.085584
13.493562 1.585543 11.378946 1.824631
0.527790 0.136320 -0.121191 -0.023814
0.136320 0.056737 -0.026718 -0.002961
-0.121191 -0.026718 0.706660 0.173633
-0.023814 -0.002961 0.173633 0.069981
14.546248 1.641737 11.417329 1.622051
0.528099 0.128996 -0.127817 -0.022815
0.128996 0.052660 -0.025182 -0.002763
-0.127817 -0.025182 0.702490 0.163967
-0.022815 -0.002763 0.163967 0.064185
14.337785 1.400517 12.376765 1.639819
0.501163 0.116777 -0.134999 -0.022838
0.116777 0.048289 -0.025045 -0.003030
-0.134999 -0.025045 0.637931 0.142180
-0.022838 -0.003030 0.142180 0.056740
14.355517 1.247849 13.469479 1.688124
0.519014 0.117167 -0.121770 -0.017918
0.117167 0.047651 -0.020143 -0.002046
-0.121770 -0.020143 0.614671 0.132908
-0.017918 -0.002046 0.132908 0.053309
15.146787 1.297665 15.251513 1.892235
0.525302 0.115399 -0.101087 -0.012473
0.115399 0.046772 -0.014613 -0.001111
-0.101087 -0.014613 0.583836 0.123450
-0.012473 -0.001111 0.123450 0.050408
15.537095 1.247569 16.638948 1.980851
0.496218 0.106700 -0.068466 -0.005923
0.106700 0.044642 -0.007813 -0.000132
-0.068466 -0.007813 0.519652 0.108393
-0.005923 -0.000132 0.108393 0.046778
15.844087 1.181263 17.734644 1.997866
0.501330 0.106387 -0.053125 -0.003132
0.106387 0.044580 -0.004840 0.000124
-0.053125 -0.004840 0.506817 0.105427
-0.003132 0.000124 0.105427 0.046035
16.949531 1.289440 18.700475 1.998314
0.493238 0.103734 -0.023954 0.002052
0.103734 0.044121 0.000761 0.000907
-0.023954 0.000761 0.499784 0.104160
0.002052 0.000907 0.104160 0.045769
17.453010 1.262582 19.980552 2.055296
0.501478 0.104631 -0.027056 0.000258
0.104631 0.044413 -0.000897 0.000202
-0.027056 -0.000897 0.498418 0.103733
0.000258 0.000202 0.103733 0.045615
17.864685 1.216712 20.977118 2.046659
0.498234 0.103361 -0.017757 0.001183
0.103361 0.044284 0.000189 0.000165
-0.017757 0.000189 0.487863 0.101581
0.001183 0.000165 0.101581 0.045156
18.699117 1.261778 21.728891 1.991726
0.491443 0.101571 -0.018853 -0.000072
0.101571 0.044066 -0.000851 -0.000267
-0.018853 -0.000851 0.483011 0.100723
-0.000072 -0.000267 0.100723 0.044990
19.491359 1.294764 22.652082 1.977547
0.471094 0.097339 -0.009149 0.001086
0.097339 0.043386 0.000455 -0.000141
-0.009149 0.000455 0.462346 0.096691
0.001086 -0.000141 0.096691 0.044186
20.061186 1.280835 24.221068 2.099293
0.462931 0.096013 -0.017777 -0.001516
0.096013 0.043340 -0.001982 -0.000756
-0.017777 -0.001982 0.457266 0.096157
-0.001516 -0.000756 0.096157 0.044148
20.939253 1.331336 25.562616 2.162025
0.480114 0.100129 -0.021101 -0.002548
0.100129 0.044414 -0.002905 -0.000946
-0.021101 -0.002905 0.482631 0.102068
-0.002548 -0.000946 0.102068 0.045460
21.468502 1.304291 27.171382 2.273147
0.451928 0.094401 -0.011788 -0.000914
0.094401 0.043322 -0.001158 -0.000579
-0.011788 -0.001158 0.471701 0.099705
-0.000914 -0.000579 0.099705 0.044897
21.732617 1.222290 28.152725 2.239209
0.459735 0.096746 -0.001570 0.000939
0.096746 0.043999 0.000739 -0.000173
-0.001570 0.000739 0.486463 0.102987
0.000939 -0.000173 0.102987 0.045580
22.007238 1.150994 29.133704 2.209319
0.451187 0.095351 0.011122 0.003157
0.095351 0.043794 0.003017 0.000282
0.011122 0.003017 0.491111 0.103777
0.003157 0.000282 0.103777 0.045672
22.375911 1.107023 30.027640 2.164806
0.460906 0.097895 0.009316 0.002202
0.097895 0.044418 0.002084 0.000045
0.009316 0.002084 0.512156 0.107932
0.002202 0.000045 0.107932 0.046472
23.342198 1.194871 31.086368 2.159718
0.451497 0.096076 -0.001833 -0.000525
0.096076 0.044041 -0.000666 -0.000527
-0.001833 -0.000666 0.521673 0.109285
-0.000525 -0.000527 0.109285 0.046627
24.300577 1.272188 31.735366 2.069869
0.451174 0.096324 0.000202 -0.000164
0.096324 0.044125 -0.000271 -0.000380
0.000202 -0.000271 0.527303 0.109758
-0.000164 -0.000380 0.109758 0.046612
24.976076 1.280816 32.482302 2.010255
0.460952 0.098660 0.004008 0.000556
0.098660 0.044634 0.000496 -0.000170
0.004008 0.000496 0.537842 0.111284
0.000556 -0.000170 0.111284 0.046846
25.462161 1.247184 34.218436 2.160680
0.461715 0.098799 0.005976 0.000863
0.098799 0.044621 0.000806 -0.000070
0.005976 0.000806 0.568603 0.116906
0.000863 -0.000070 0.116906 0.047929
26.415321 1.318024 34.943475 2.088004
0.453840 0.097069 0.004785 0.000534
0.097069 0.044212 0.000476 -0.000105
0.004785 0.000476 0.560267 0.114092
0.000534 -0.000105 0.114092 0.047221
26.516688 1.198939 35.664147 2.023144
0.437531 0.093698 -0.002711 -0.001003
0.093698 0.043490 -0.001160 -0.000398
-0.002711 -0.001160 0.565325 0.114420
-0.001003 -0.000398 0.114420 0.047258
26.764799 1.123237 36.846154 2.057723
0.433169 0.093167 0.004011 0.000473
0.093167 0.043428 0.000423 -0.000021
0.004011 0.000423 0.582826 0.117320
0.000473 -0.000021 0.117320 0.047832
27.485280 1.157300 38.204145 2.123416
0.429779 0.092843 -0.003231 -0.000988
0.092843 0.043399 -0.001166 -0.000318
-0.003231 -0.001166 0.606221 0.121235
-0.000988 -0.000318 0.121235 0.048583
27.850935 1.111426 38.629862 1.997385
0.437051 0.094793 -0.009682 -0.002147
0.094793 0.043845 -0.002409 -0.000522
-0.009682 -0.002409 0.613439 0.121674
-0.002147 -0.000522 0.121674 0.048605
28.767869 1.189799 40.787037 2.225483
0.444738 0.096579 -0.006794 -0.001360
0.096579 0.044201 -0.001514 -0.000294
-0.006794 -0.001514 0.641679 0.126353
-0.001360 -0.000294 0.126353 0.049495
29.695569 1.261998 41.872583 2.220245
0.438775 0.095196 0.004866 0.001039
0.095196 0.043835 0.001171 0.000254
0.004866 0.001171 0.640135 0.124903
0.001039 0.000254 0.124903 0.049140
30.188544 1.232046 42.627909 2.151488
0.439065 0.095296 0.011159 0.002160
0.095296 0.043828 0.002413 0.000470
0.011159 0.002413 0.627646 0.121635
0.002160 0.000470 0.121635 0.048503
31.249566 1.328876 43.107194 2.036102
0.442186 0.095977 0.027175 0.005067
0.095977 0.043947 0.005665 0.001062
0.027175 0.005665 0.602700 0.116397
0.005067 0.001062 0.116397 0.047564
31.756719 1.295472 43.552294 1.925492
0.424725 0.092107 0.037929 0.006758
0.092107 0.043066 0.007494 0.001350
0.037929 0.007494 0.583219 0.112759
0.006758 0.001350 0.112759 0.047017
32.440162 1.307517 42.754964 1.583306
0.383163 0.083271 0.074449 0.013462
0.083271 0.041164 0.014907 0.002743
0.074449 0.014907 0.539141 0.104593
0.013462 0.002743 0.104593 0.045602
33.141228 1.315697 43.976914 1.667812
0.399224 0.087946 0.073565 0.012181
0.087946 0.042383 0.013321 0.002260
0.073565 0.013321 0.556104 0.109141
0.012181 0.002260 0.109141 0.046775
32.777593 1.096412 43.659438 1.447317
0.434284 0.096347 0.059359 0.008352
0.096347 0.044293 0.009151 0.001318
0.059359 0.009151 0.562479 0.111191
0.008352 0.001318 0.111191 0.047330
33.787707 1.187693 45.812608 1.728249
0.475264 0.104997 0.057333 0.007368
0.104997 0.046035 0.008044 0.001092
0.057333 0.008044 0.596742 0.118430
0.007368 0.001092 0.118430 0.048822
36.167305 1.574183 47.294652 1.835783
0.474417 0.103182 0.100016 0.015820
0.103182 0.045245 0.017937 0.003173
0.100016 0.017937 0.506326 0.099777
0.015820 0.003173 0.099777 0.044947
38.223521 1.835562 49.709160 2.124357
0.522741 0.112902 0.083829 0.011287
0.112902 0.047227 0.013299 0.002069
0.083829 0.013299 0.501751 0.100436
0.011287 0.002069 0.100436 0.045354
