0.658752 1.225601 1.753795 -0.190514
2.984597 1.193865 -1.070193 -0.428086
1.193865 80.481623 -0.428086 -0.171238
-1.070193 -0.428086 4.834227 1.933733
-0.428086 -0.171238 1.933733 80.777576
6.637101 10.205187 -0.840919 -3.702928
2.556788 4.254463 -1.502165 -2.163510
4.254463 16.757487 -2.299333 -5.908276
-1.502165 -2.299333 3.427116 5.276782
-2.163510 -5.908276 5.276782 22.333016
7.482334 5.402933 0.734868 -0.048962
1.180752 1.446033 0.895671 1.176590
1.446033 3.978607 1.109795 0.558509
0.895671 1.109795 0.887927 1.139849
1.176590 0.558509 1.139849 4.791683
9.934364 4.576695 2.226229 2.164889
1.363970 1.422210 0.458701 0.045806
1.422210 2.088880 0.130500 -0.316388
0.458701 0.130500 1.136973 1.380520
0.045806 -0.316388 1.380520 2.412499
11.698213 4.091715 3.995304 2.831166
1.259394 0.954318 0.056415 -0.146443
0.954318 0.952273 -0.138687 -0.177202
0.056415 -0.138687 1.474405 1.248022
-0.146443 -0.177202 1.248022 1.280588
9.930180 1.817769 6.562460 3.783261
0.549467 0.322644 -0.066191 -0.075518
0.322644 0.306878 -0.110543 -0.035196
-0.066191 -0.110543 1.447923 0.899357
-0.075518 -0.035196 0.899357 0.663340
9.256122 1.085955 5.082665 2.151106
0.443914 0.230148 -0.472560 -0.236398
0.230148 0.190595 -0.255942 -0.094923
-0.472560 -0.255942 1.125699 0.556432
-0.236398 -0.094923 0.556432 0.339160
10.008405 1.168421 5.565253 1.904997
0.529701 0.242364 -0.460461 -0.171722
0.242364 0.158454 -0.185462 -0.048227
-0.460461 -0.185462 1.179628 0.487273
-0.171722 -0.048227 0.487273 0.246002
10.570671 1.167888 6.735974 1.985852
0.614105 0.248245 -0.391621 -0.110146
0.248245 0.134903 -0.122709 -0.020047
-0.391621 -0.122709 1.121709 0.398650
-0.110146 -0.020047 0.398650 0.176039
11.349570 1.279557 8.734088 2.327954
0.676250 0.241788 -0.316306 -0.067332
0.241788 0.113717 -0.079670 -0.006659
-0.316306 -0.079670 1.021180 0.319429
-0.067332 -0.006659 0.319429 0.128370
12.536371 1.471031 10.210381 2.445238
0.719273 0.228225 -0.285049 -0.050058
0.228225 0.095751 -0.061227 -0.003618
-0.285049 -0.061227 0.976433 0.273367
-0.050058 -0.003618 0.273367 0.101596
13.164775 1.420135 10.788785 2.269691
0.668841 0.190720 -0.240315 -0.037084
0.190720 0.075650 -0.045282 -0.002369
-0.240315 -0.045282 0.866029 0.220591
-0.037084 -0.002369 0.220591 0.079323
13.607795 1.350464 12.014982 2.282702
0.638060 0.166968 -0.199564 -0.026500
0.166968 0.064040 -0.033092 -0.001299
-0.199564 -0.033092 0.774890 0.182998
-0.026500 -0.001299 0.182998 0.065486
14.115037 1.305321 13.031674 2.248780
0.636222 0.155288 -0.169611 -0.019123
0.155288 0.058000 -0.024601 -0.000602
-0.169611 -0.024601 0.732661 0.163207
-0.019123 -0.000602 0.163207 0.058367
14.127021 1.152179 14.049465 2.207672
0.627309 0.144290 -0.150755 -0.015480
0.144290 0.053393 -0.020377 -0.000761
-0.150755 -0.020377 0.681153 0.144596
-0.015480 -0.000761 0.144596 0.052763
14.624502 1.135408 15.193325 2.214120
0.610590 0.134154 -0.119097 -0.009767
0.134154 0.050018 -0.013713 -0.000232
-0.119097 -0.013713 0.637611 0.131062
-0.009767 -0.000232 0.131062 0.049262
15.682132 1.228948 15.658941 2.093817
0.587873 0.124926 -0.076321 -0.002504
0.124926 0.047553 -0.005028 0.000777
-0.076321 -0.005028 0.621511 0.125448
-0.002504 0.000777 0.125448 0.047983
16.047950 1.187450 17.360165 2.220213
0.577812 0.119581 -0.058077 -0.000566
0.119581 0.046247 -0.002908 0.000542
-0.058077 -0.002908 0.581342 0.115421
-0.000566 0.000542 0.115421 0.045943
16.460681 1.146958 18.206062 2.164842
0.564658 0.114455 -0.057378 -0.002194
0.114455 0.045206 -0.004192 -0.000247
-0.057378 -0.004192 0.558328 0.109850
-0.002194 -0.000247 0.109850 0.045000
16.553966 1.051677 19.404431 2.181049
0.567150 0.113654 -0.040504 -0.000069
0.113654 0.045274 -0.001807 -0.000096
-0.040504 -0.001807 0.546914 0.107593
-0.000069 -0.000096 0.107593 0.044889
16.988728 1.029712 20.097102 2.101285
0.532138 0.105666 -0.033834 -0.000480
0.105666 0.043925 -0.001880 -0.000473
-0.033834 -0.001880 0.505453 0.099589
-0.000480 -0.000473 0.099589 0.043614
17.832544 1.094264 21.034836 2.081945
0.528580 0.104989 -0.021522 0.000830
0.104989 0.044187 -0.000255 -0.000333
-0.021522 -0.000255 0.509300 0.101416
0.000830 -0.000333 0.101416 0.044393
18.523598 1.119675 21.546604 1.976715
0.525412 0.104576 -0.010410 0.001938
0.104576 0.044465 0.001058 -0.000218
-0.010410 0.001058 0.509549 0.102304
0.001938 -0.000218 0.102304 0.044870
19.569844 1.219788 23.214916 2.116931
0.492748 0.098357 -0.007664 0.001248
0.098357 0.043533 0.000586 -0.000460
-0.007664 0.000586 0.481679 0.097330
0.001248 -0.000460 0.097330 0.044073
19.839923 1.150569 24.021691 2.064139
0.494294 0.099604 -0.001383 0.001703
0.099604 0.044148 0.001148 -0.000386
-0.001383 0.001148 0.484316 0.098954
0.001703 -0.000386 0.098954 0.044650
19.791648 1.023947 25.055981 2.063030
0.493383 0.100175 -0.009711 -0.000761
0.100175 0.044524 -0.001186 -0.000884
-0.009711 -0.001186 0.483785 0.099627
-0.000761 -0.000884 0.099627 0.044927
20.689359 1.102971 26.255776 2.098590
0.491642 0.100512 0.008996 0.002725
0.100512 0.044791 0.002334 -0.000103
0.008996 0.002334 0.490533 0.101706
0.002725 -0.000103 0.101706 0.045449
21.407142 1.137128 27.600724 2.160182
0.491137 0.100996 0.013503 0.003038
0.100996 0.045028 0.002708 -0.000025
0.013503 0.002708 0.504133 0.104899
0.003038 -0.000025 0.104899 0.046125
22.130800 1.169567 28.330145 2.087112
0.470296 0.097176 0.010238 0.001833
0.097176 0.044329 0.001567 -0.000243
0.010238 0.001567 0.495738 0.103153
0.001833 -0.000243 0.103153 0.045703
22.869489 1.201066 29.707429 2.156455
0.452938 0.094330 0.015140 0.002558
0.094330 0.043857 0.002312 -0.000028
0.015140 0.002312 0.500054 0.104186
0.002558 -0.000028 0.104186 0.045895
23.041814 1.111276 30.648264 2.128675
0.415865 0.087461 0.019008 0.003130
0.087461 0.042533 0.002891 0.000156
0.019008 0.002891 0.488197 0.101716
0.003130 0.000156 0.101716 0.045335
24.346938 1.269929 32.292785 2.247841
0.407201 0.087082 0.010974 0.001184
0.087082 0.042641 0.000893 -0.000215
0.010974 0.000893 0.500440 0.104517
0.001184 -0.000215 0.104517 0.045929
24.875448 1.249175 32.615418 2.080876
0.418451 0.090798 0.008735 0.000648
0.090798 0.043550 0.000419 -0.000239
0.008735 0.000419 0.503226 0.105021
0.000648 -0.000239 0.105021 0.045981
25.074009 1.154295 34.272714 2.210613
0.403703 0.088260 0.011889 0.001399
0.088260 0.042956 0.001166 0.000010
0.011889 0.001166 0.518730 0.108109
0.001399 0.000010 0.108109 0.046569
25.706805 1.168461 34.683719 2.066281
0.408534 0.090108 0.016145 0.002272
0.090108 0.043346 0.002134 0.000265
0.016145 0.002134 0.525657 0.109119
0.002272 0.000265 0.109119 0.046682
26.491383 1.212946 35.698097 2.061850
0.401772 0.089105 -0.000415 -0.001192
0.089105 0.043051 -0.001595 -0.000467
-0.000415 -0.001595 0.535185 0.110669
-0.001192 -0.000467 0.110669 0.046927
27.103756 1.217080 35.403841 1.789193
0.394353 0.087869 0.003063 -0.000178
0.087869 0.042697 -0.000416 -0.000128
0.003063 -0.000416 0.516564 0.106272
-0.000178 -0.000128 0.106272 0.045935
28.374211 1.363412 37.400999 2.014788
0.367655 0.082357 -0.013976 -0.003472
0.082357 0.041408 -0.004079 -0.000822
-0.013976 -0.004079 0.551492 0.113403
-0.003472 -0.000822 0.113403 0.047428
29.332703 1.426023 38.472880 2.027835
0.365683 0.082791 -0.027703 -0.005830
0.082791 0.041539 -0.006628 -0.001248
-0.027703 -0.006628 0.569204 0.116312
-0.005830 -0.001248 0.116312 0.047922
30.165741 1.454000 40.201588 2.172947
0.393278 0.089750 -0.028085 -0.005276
0.089750 0.043102 -0.005927 -0.000996
-0.028085 -0.005927 0.597876 0.121239
-0.005276 -0.000996 0.121239 0.048809
30.407066 1.341637 40.337366 1.980980
0.400593 0.091239 -0.021906 -0.003555
0.091239 0.043250 -0.003924 -0.000538
-0.021906 -0.003924 0.597351 0.119929
-0.003555 -0.000538 0.119929 0.048398
31.005923 1.324508 40.977102 1.910889
0.415584 0.094280 -0.017305 -0.002364
0.094280 0.043752 -0.002567 -0.000266
-0.017305 -0.002567 0.599181 0.119369
-0.002364 -0.000266 0.119369 0.048219
31.187737 1.214764 41.321849 1.788617
0.409228 0.092180 -0.015463 -0.001938
0.092180 0.043069 -0.002039 -0.000204
-0.015463 -0.002039 0.596936 0.118184
-0.001938 -0.000204 0.118184 0.047963
31.561422 1.161560 41.902142 1.726052
0.432876 0.097106 -0.006572 -0.000104
0.097106 0.044068 0.000013 0.000171
-0.006572 0.000013 0.605734 0.119429
-0.000104 0.000171 0.119429 0.048238
32.364422 1.210895 42.725789 1.718843
0.428689 0.095368 0.015721 0.004094
0.095368 0.043513 0.004806 0.001036
0.015721 0.004806 0.619084 0.121575
0.004094 0.001036 0.121575 0.048689
32.362614 1.075811 42.805585 1.565840
0.450726 0.099669 0.022891 0.004994
0.099669 0.044378 0.005732 0.001095
0.022891 0.005732 0.626576 0.122427
0.004994 0.001095 0.122427 0.048856
33.032492 1.104723 43.564210 1.561114
0.442732 0.096999 0.047643 0.009260
0.096999 0.043658 0.010462 0.001908
0.047643 0.010462 0.627944 0.122108
0.009260 0.001908 0.122108 0.048800
34.123231 1.221607 44.668551 1.622886
0.477955 0.104143 0.053612 0.009503
0.104143 0.045184 0.010697 0.001799
0.053612 0.010697 0.617358 0.119593
0.009503 0.001799 0.119593 0.048341
36.050833 1.502018 46.753577 1.865184
0.498619 0.107394 0.078401 0.013488
0.107394 0.045729 0.015168 0.002561
0.078401 0.015168 0.583937 0.112891
0.013488 0.002561 0.112891 0.047106
37.401133 1.629818 47.727174 1.869848
0.546777 0.116441 0.069869 0.010582
0.116441 0.047531 0.012298 0.001836
0.069869 0.012298 0.532700 0.103453
0.010582 0.001836 0.103453 0.045454
