1.264258 1.467808 2.141292 -0.035512
0.387274 0.154913 1.427254 0.570914
0.154913 80.066033 0.570914 0.228371
1.427254 0.570914 2.360746 0.944319
0.570914 0.228371 0.944319 80.381802
2.559424 2.533889 2.395984 0.366225
2.889716 5.930860 -1.673996 -3.379011
5.930860 13.244985 -3.731439 -2.669215
-1.673996 -3.731439 3.028075 5.601765
-3.379011 -2.669215 5.601765 18.055894
4.996016 4.702693 11.521753 11.330674
2.563504 2.441612 -3.341138 -3.511455
2.441612 2.278810 -5.173423 -4.770037
-3.341138 -5.173423 -15.404676 -19.146041
-3.511455 -4.770037 -19.146041 -22.256724
6.083011 3.608660 10.965014 6.647024
2.285768 1.578868 -0.417297 -0.061936
1.578868 1.136303 -0.283059 0.336090
-0.417297 -0.283059 0.227757 0.122128
-0.061936 0.336090 0.122128 0.591865
3.647073 -0.128136 10.222894 2.001941
1.587735 0.716722 -0.506756 -0.269474
0.716722 0.301242 -0.234420 0.008512
-0.506756 -0.234420 0.144899 0.069334
-0.269474 0.008512 0.069334 0.195462
6.208855 0.786749 10.367464 1.630042
1.062098 0.399173 -0.331795 -0.097157
0.399173 0.137945 -0.079445 0.066318
-0.331795 -0.079445 0.126340 0.113128
-0.097157 0.066318 0.113128 0.175290
6.350694 0.634350 11.090307 1.471740
1.058166 0.333397 -0.282298 -0.042000
0.333397 0.098380 -0.013740 0.067769
-0.282298 -0.013740 0.239073 0.184221
-0.042000 0.067769 0.184221 0.166810
7.099012 0.655184 11.346876 1.211753
0.984668 0.266297 -0.205893 -0.007008
0.266297 0.068196 0.030921 0.059494
-0.205893 0.030921 0.394967 0.233801
-0.007008 0.059494 0.233801 0.148798
7.443818 0.472178 10.788582 0.645493
0.875841 0.202788 -0.157766 -0.000941
0.202788 0.042619 0.030737 0.036319
-0.157766 0.030737 0.446087 0.203862
-0.000941 0.036319 0.203862 0.100249
7.986337 0.368788 9.638375 0.089816
0.770106 0.151341 -0.162677 -0.014436
0.151341 0.027519 0.016710 0.019032
-0.162677 0.016710 0.453356 0.166672
-0.014436 0.019032 0.166672 0.068645
9.751559 0.656550 9.468344 0.098554
0.660117 0.116945 -0.125958 -0.008283
0.116945 0.022529 0.021729 0.015063
-0.125958 0.021729 0.519672 0.164929
-0.008283 0.015063 0.164929 0.061178
10.580400 0.816838 10.539589 0.413449
0.601747 0.098961 -0.096027 -0.002679
0.098961 0.021608 0.021323 0.011514
-0.096027 0.021323 0.539847 0.151390
-0.002679 0.011514 0.151390 0.053038
10.794426 0.838212 11.665775 0.644160
0.580325 0.091166 -0.069191 0.002441
0.091166 0.022972 0.020520 0.009124
-0.069191 0.020520 0.550207 0.139708
0.002441 0.009124 0.139708 0.047824
12.404772 1.055542 12.611045 0.827337
0.522571 0.079207 -0.061808 0.000880
0.079207 0.023686 0.016716 0.006406
-0.061808 0.016716 0.549306 0.128407
0.000880 0.006406 0.128407 0.043997
12.604829 1.035822 13.793961 0.989737
0.496733 0.074778 -0.057210 -0.000042
0.074778 0.025657 0.012275 0.004263
-0.057210 0.012275 0.522546 0.114531
-0.000042 0.004263 0.114531 0.040651
13.666136 1.103096 13.769717 0.891685
0.453037 0.069330 -0.047192 -0.000059
0.069330 0.027451 0.010080 0.002918
-0.047192 0.010080 0.508745 0.106741
-0.000059 0.002918 0.106741 0.039383
14.158979 1.102367 14.515808 0.952223
0.433765 0.068248 -0.061266 -0.004461
0.068248 0.029648 0.004339 0.001140
-0.061266 0.004339 0.488404 0.099117
-0.004461 0.001140 0.099117 0.038409
15.324311 1.200173 14.770217 0.917635
0.416637 0.069078 -0.043127 -0.001817
0.069078 0.032088 0.005186 0.000944
-0.043127 0.005186 0.489762 0.098118
-0.001817 0.000944 0.098118 0.039114
16.109260 1.250459 16.044739 1.083196
0.409051 0.071471 -0.035334 -0.001358
0.071471 0.034419 0.003914 0.000387
-0.035334 0.003914 0.469481 0.093313
-0.001358 0.000387 0.093313 0.038997
16.892174 1.279907 16.601932 1.088121
0.413649 0.076019 -0.027030 -0.000651
0.076019 0.036836 0.003604 0.000127
-0.027030 0.003604 0.474508 0.094475
-0.000651 0.000127 0.094475 0.040090
17.068246 1.216688 18.904364 1.435948
0.411855 0.079218 -0.001552 0.003419
0.079218 0.038704 0.006123 0.000469
-0.001552 0.006123 0.433731 0.086819
0.003419 0.000469 0.086819 0.039330
18.110587 1.308755 20.149682 1.545540
0.410153 0.081678 0.001299 0.002700
0.081678 0.040076 0.004839 0.000054
0.001299 0.004839 0.427046 0.086668
0.002700 0.000054 0.086668 0.040050
18.735513 1.304405 21.153380 1.592991
0.415835 0.085299 0.011371 0.003733
0.085299 0.041459 0.005439 0.000113
0.011371 0.005439 0.426124 0.087781
0.003733 0.000113 0.087781 0.040901
19.522133 1.333356 22.145137 1.633859
0.418816 0.087798 0.020194 0.004585
0.087798 0.042381 0.005970 0.000194
0.020194 0.005970 0.425137 0.088739
0.004585 0.000194 0.088739 0.041574
20.196408 1.334996 22.980274 1.637694
0.442683 0.094278 0.021491 0.003934
0.094278 0.043982 0.005116 0.000015
0.021491 0.005116 0.447289 0.094436
0.003934 0.000015 0.094436 0.043124
21.325484 1.433371 24.483174 1.781511
0.446470 0.095682 0.019242 0.002797
0.095682 0.044303 0.003752 -0.000213
0.019242 0.003752 0.453801 0.096235
0.002797 -0.000213 0.096235 0.043668
21.646008 1.347168 25.826880 1.879347
0.439643 0.094574 0.012579 0.001018
0.094574 0.044033 0.001753 -0.000523
0.012579 0.001753 0.450706 0.095818
0.001018 -0.000523 0.095818 0.043676
22.103613 1.302279 26.107092 1.739588
0.452563 0.097742 0.010156 0.000346
0.097742 0.044692 0.000968 -0.000554
0.010156 0.000968 0.456819 0.097374
0.000346 -0.000554 0.097374 0.044086
22.865599 1.325928 27.079595 1.761071
0.460386 0.099439 0.001371 -0.001517
0.099439 0.044967 -0.001042 -0.000838
0.001371 -0.001042 0.468755 0.100030
-0.001517 -0.000838 0.100030 0.044688
23.108184 1.235842 27.750486 1.717821
0.448360 0.096588 0.019074 0.002564
0.096588 0.044226 0.002966 0.000194
0.019074 0.002966 0.462920 0.098541
0.002564 0.000194 0.098541 0.044330
23.668807 1.222701 28.880066 1.775677
0.451408 0.097301 0.021940 0.003050
0.097301 0.044340 0.003355 0.000338
0.021940 0.003355 0.476155 0.101337
0.003050 0.000338 0.101337 0.044937
24.134087 1.189213 30.379432 1.906143
0.433432 0.093406 0.018011 0.002170
0.093406 0.043454 0.002316 0.000186
0.018011 0.002316 0.482064 0.102337
0.002170 0.000186 0.102337 0.045115
24.946960 1.235200 31.707057 1.984627
0.417769 0.090395 0.003300 -0.000881
0.090395 0.042841 -0.000905 -0.000418
0.003300 -0.000905 0.486521 0.103006
-0.000881 -0.000418 0.103006 0.045227
25.383573 1.195789 32.700332 1.985379
0.427214 0.093035 -0.004352 -0.002215
0.093035 0.043483 -0.002295 -0.000606
-0.004352 -0.002295 0.501388 0.105817
-0.002215 -0.000606 0.105817 0.045788
25.981747 1.195027 34.146443 2.080555
0.435491 0.095076 -0.013816 -0.003801
0.095076 0.043912 -0.003969 -0.000851
-0.013816 -0.003969 0.525582 0.110352
-0.003801 -0.000851 0.110352 0.046675
26.711299 1.223788 35.258149 2.095307
0.411875 0.089901 -0.026580 -0.005911
0.089901 0.042720 -0.006196 -0.001200
-0.026580 -0.006196 0.528944 0.110155
-0.005911 -0.001200 0.110155 0.046516
27.004415 1.153851 36.318263 2.097697
0.417178 0.091517 -0.027533 -0.005451
0.091517 0.043115 -0.005685 -0.000982
-0.027533 -0.005685 0.539432 0.111560
-0.005451 -0.000982 0.111560 0.046738
27.624034 1.162419 36.895492 2.000874
0.413347 0.090895 -0.026820 -0.004787
0.090895 0.042962 -0.004967 -0.000775
-0.026820 -0.004967 0.533611 0.109587
-0.004787 -0.000775 0.109587 0.046277
29.526932 1.455103 38.321425 2.091400
0.336845 0.074199 -0.045138 -0.008353
0.074199 0.039255 -0.008553 -0.001533
-0.045138 -0.008553 0.547674 0.111943
-0.008353 -0.001533 0.111943 0.046760
30.128804 1.424588 38.883576 1.992354
0.342172 0.077225 -0.043796 -0.007398
0.077225 0.040224 -0.007578 -0.001257
-0.043796 -0.007578 0.541161 0.110026
-0.007398 -0.001257 0.110026 0.046361
31.099663 1.482663 39.627033 1.942483
0.339796 0.077946 -0.037776 -0.005733
0.077946 0.040490 -0.005711 -0.000868
-0.037776 -0.005711 0.539501 0.109403
-0.005733 -0.000868 0.109403 0.046283
31.708127 1.450352 40.372276 1.895799
0.357796 0.083035 -0.043123 -0.006492
0.083035 0.041667 -0.006713 -0.001087
-0.043123 -0.006713 0.545169 0.110322
-0.006492 -0.001087 0.110322 0.046520
32.069614 1.367693 41.660438 1.962214
0.381585 0.088796 -0.044177 -0.006336
0.088796 0.042861 -0.006632 -0.001072
-0.044177 -0.006632 0.556542 0.112396
-0.006336 -0.001072 0.112396 0.046981
32.802187 1.375856 42.180734 1.869532
0.394989 0.091482 -0.036342 -0.004540
0.091482 0.043234 -0.004747 -0.000725
-0.036342 -0.004747 0.539778 0.108710
-0.004540 -0.000725 0.108710 0.046259
34.489779 1.600933 42.337323 1.719241
0.317630 0.073377 0.034033 0.009049
0.073377 0.038905 0.011059 0.002259
0.034033 0.011059 0.486686 0.098512
0.009049 0.002259 0.098512 0.044372
34.923475 1.514611 43.050745 1.688421
0.346002 0.081095 0.020970 0.005198
0.081095 0.040847 0.006329 0.001028
0.020970 0.006329 0.488656 0.099825
0.005198 0.001028 0.099825 0.044842
35.290190 1.422951 43.920307 1.693497
0.378598 0.088871 0.004578 0.001079
0.088871 0.042580 0.001492 -0.000078
0.004578 0.001492 0.493484 0.101547
0.001079 -0.000078 0.101547 0.045324
35.584805 1.325862 44.525465 1.643691
0.399607 0.093035 -0.000997 -0.000347
0.093035 0.043302 -0.000159 -0.000405
-0.000997 -0.000159 0.475453 0.098308
-0.000347 -0.000405 0.098308 0.044711
36.204366 1.315858 45.639213 1.704509
0.433907 0.099836 -0.011655 -0.002658
0.099836 0.044598 -0.002723 -0.000888
-0.011655 -0.002723 0.477716 0.099501
-0.002658 -0.000888 0.099501 0.045044
36.905415 1.325729 47.011482 1.813357
0.467598 0.105800 -0.020074 -0.004247
0.105800 0.045618 -0.004439 -0.001152
-0.020074 -0.004439 0.471984 0.098801
-0.004247 -0.001152 0.098801 0.044921
