2.850110 2.102163 1.836524 -0.157422
2.258867 0.903566 -0.548577 -0.219435
0.903566 80.365501 -0.219435 -0.087776
-0.548577 -0.219435 4.267563 1.707062
-0.219435 -0.087776 1.707062 80.686906
2.096558 -0.993091 3.971712 3.327844
3.608049 6.328186 -1.202583 -1.779258
6.328186 18.825727 -2.055830 -4.480012
-1.202583 -2.055830 1.632300 2.575223
-1.779258 -4.480012 2.575223 17.084474
4.983348 2.585174 3.025373 0.160664
1.936510 2.077627 -0.678154 -0.692720
2.077627 4.129571 -0.634888 -1.135487
-0.678154 -0.634888 2.796903 3.756273
-0.692720 -1.135487 3.756273 7.391300
5.562378 2.006923 3.788131 0.743720
1.923113 1.584717 -0.274171 -0.171360
1.584717 2.036693 -0.194932 -0.332370
-0.274171 -0.194932 1.885884 1.676519
-0.171360 -0.332370 1.676519 2.270534
6.628470 2.048791 3.675091 0.413474
1.900245 1.232294 -0.424748 -0.275018
1.232294 1.152550 -0.280348 -0.287883
-0.424748 -0.280348 1.937810 1.318418
-0.275018 -0.287883 1.318418 1.256600
6.527401 1.450931 4.710170 0.864341
1.097731 0.579743 -0.021602 -0.010609
0.579743 0.506267 -0.017760 -0.067338
-0.021602 -0.017760 1.475896 0.805463
-0.010609 -0.067338 0.805463 0.638505
7.003325 1.330859 5.574427 1.066283
0.884549 0.410213 -0.144865 -0.076591
0.410213 0.315791 -0.082439 -0.076929
-0.144865 -0.082439 1.397153 0.645635
-0.076591 -0.076929 0.645635 0.422451
8.044258 1.478987 6.827621 1.347796
0.951718 0.394697 -0.206714 -0.094801
0.394697 0.248492 -0.097408 -0.065276
-0.206714 -0.097408 1.276707 0.510659
-0.094801 -0.065276 0.510659 0.288952
9.595601 1.775278 7.822205 1.451478
0.871982 0.322383 -0.262310 -0.101616
0.322383 0.180589 -0.104202 -0.054040
-0.262310 -0.104202 1.135616 0.401487
-0.101616 -0.054040 0.401487 0.204197
10.391066 1.745185 8.367733 1.395181
0.804905 0.268847 -0.290133 -0.097500
0.268847 0.137199 -0.099956 -0.043113
-0.290133 -0.099956 1.041939 0.331421
-0.097500 -0.043113 0.331421 0.154161
10.880170 1.628229 9.670358 1.571381
0.803239 0.245452 -0.248174 -0.074292
0.245452 0.113714 -0.075426 -0.029491
-0.248174 -0.075426 0.946669 0.274593
-0.074292 -0.029491 0.274593 0.119927
11.857357 1.674936 10.709373 1.639254
0.769676 0.216894 -0.210557 -0.056774
0.216894 0.094315 -0.057284 -0.020637
-0.210557 -0.057284 0.868617 0.233033
-0.056774 -0.020637 0.233033 0.097352
13.570337 1.908411 12.247361 1.821291
0.749887 0.196863 -0.203364 -0.050031
0.196863 0.081343 -0.050469 -0.016430
-0.203364 -0.050469 0.823046 0.206747
-0.050031 -0.016430 0.206747 0.083205
13.138554 1.562400 12.740514 1.717272
0.675669 0.166616 -0.208468 -0.047464
0.166616 0.068488 -0.048089 -0.014141
-0.208468 -0.048089 0.726483 0.172430
-0.047464 -0.014141 0.172430 0.069852
13.788727 1.535273 14.160024 1.845054
0.638317 0.150103 -0.184295 -0.038524
0.150103 0.061266 -0.039080 -0.010759
-0.184295 -0.039080 0.657692 0.149663
-0.038524 -0.010759 0.149663 0.061436
15.363290 1.715791 14.616245 1.747575
0.592319 0.134328 -0.134052 -0.025150
0.134328 0.055532 -0.025194 -0.006845
-0.134052 -0.025194 0.626259 0.138490
-0.025150 -0.006845 0.138490 0.056972
16.235245 1.729739 16.663907 2.003175
0.583555 0.128830 -0.106872 -0.018177
0.128830 0.052949 -0.018364 -0.004915
-0.106872 -0.018364 0.587023 0.126827
-0.018177 -0.004915 0.126827 0.053052
16.395181 1.578264 17.846225 2.035631
0.571427 0.123479 -0.070549 -0.010052
0.123479 0.050861 -0.010252 -0.002945
-0.070549 -0.010252 0.556713 0.118535
-0.010052 -0.002945 0.118535 0.050426
16.954824 1.528148 18.713367 2.001894
0.546113 0.115926 -0.049699 -0.006114
0.115926 0.048613 -0.006291 -0.002071
-0.049699 -0.006291 0.525797 0.110870
-0.006114 -0.002071 0.110870 0.048247
18.181860 1.622506 19.284200 1.914603
0.509585 0.106956 -0.030736 -0.002899
0.106956 0.046382 -0.002986 -0.001399
-0.030736 -0.002986 0.497384 0.104479
-0.002899 -0.001399 0.104479 0.046591
19.057176 1.637742 20.567260 1.983531
0.516753 0.108136 -0.008114 0.001222
0.108136 0.046539 0.001121 -0.000519
-0.008114 0.001121 0.503436 0.105916
0.001222 -0.000519 0.105916 0.046754
20.452754 1.756715 21.249751 1.920768
0.509771 0.106210 0.004895 0.002988
0.106210 0.046038 0.002912 -0.000190
0.004895 0.002912 0.503736 0.105855
0.002988 -0.000190 0.105855 0.046575
20.459316 1.574344 21.569613 1.784687
0.499797 0.103818 -0.014311 -0.002001
0.103818 0.045489 -0.002025 -0.001259
-0.014311 -0.002025 0.492925 0.103351
-0.002001 -0.001259 0.103351 0.045894
20.481197 1.415707 22.714460 1.836584
0.495488 0.102923 -0.001709 0.000334
0.102923 0.045323 0.000289 -0.000676
-0.001709 0.000289 0.488168 0.102398
0.000334 -0.000676 0.102398 0.045622
21.256414 1.429567 23.319217 1.770799
0.482795 0.100358 -0.004460 -0.000679
0.100358 0.044819 -0.000708 -0.000829
-0.004460 -0.000708 0.478400 0.100429
-0.000679 -0.000829 0.100429 0.045158
21.853313 1.404983 24.602737 1.854563
0.474663 0.098972 -0.010548 -0.002192
0.098972 0.044597 -0.002203 -0.001058
-0.010548 -0.002203 0.476857 0.100337
-0.002192 -0.001058 0.100337 0.045124
22.167009 1.323581 25.709142 1.892311
0.473918 0.099222 -0.000553 -0.000099
0.099222 0.044719 -0.000122 -0.000508
-0.000553 -0.000122 0.482782 0.101780
-0.000099 -0.000508 0.101780 0.045408
23.086712 1.377707 26.801364 1.923026
0.485321 0.101948 -0.001489 -0.000469
0.101948 0.045332 -0.000489 -0.000525
-0.001489 -0.000489 0.501121 0.105660
-0.000469 -0.000525 0.105660 0.046176
23.200386 1.256772 27.924018 1.957161
0.496297 0.104275 0.008258 0.001495
0.104275 0.045795 0.001473 -0.000047
0.008258 0.001473 0.521111 0.109481
0.001495 -0.000047 0.109481 0.046864
23.543942 1.196706 29.267661 2.033630
0.471550 0.098873 0.014802 0.002658
0.098873 0.044597 0.002629 0.000226
0.014802 0.002629 0.516851 0.107882
0.002658 0.000226 0.107882 0.046377
24.301008 1.230149 30.250259 2.026282
0.481711 0.101330 0.012979 0.001980
0.101330 0.045161 0.001945 0.000092
0.012979 0.001945 0.531895 0.110534
0.001980 0.000092 0.110534 0.046850
24.861225 1.218686 31.216221 2.016632
0.468584 0.098619 0.006725 0.000550
0.098619 0.044577 0.000471 -0.000175
0.006725 0.000471 0.533170 0.110144
0.000550 -0.000175 0.110144 0.046674
25.633698 1.253115 32.227295 2.016913
0.478328 0.100983 -0.007853 -0.002454
0.100983 0.045112 -0.002593 -0.000750
-0.007853 -0.002593 0.540217 0.111077
-0.002454 -0.000750 0.111077 0.046816
25.140593 1.016348 33.575128 2.087609
0.442256 0.093364 0.007176 0.000968
0.093364 0.043473 0.000910 0.000079
0.007176 0.000910 0.544931 0.111475
0.000968 0.000079 0.111475 0.046849
25.398415 0.963506 34.257001 2.014192
0.429930 0.091460 0.010568 0.001642
0.091460 0.043177 0.001596 0.000240
0.010568 0.001596 0.558227 0.113680
0.001642 0.000240 0.113680 0.047272
25.916776 0.972102 34.710521 1.902008
0.432598 0.092846 0.003782 0.000183
0.092846 0.043574 0.000059 -0.000066
0.003782 0.000059 0.564119 0.114265
0.000183 -0.000066 0.114265 0.047351
27.058809 1.112826 36.430266 2.056170
0.427037 0.092204 -0.004502 -0.001412
0.092204 0.043464 -0.001660 -0.000378
-0.004502 -0.001660 0.584091 0.117727
-0.001412 -0.000378 0.117727 0.048027
28.382593 1.279552 37.288747 2.021677
0.405588 0.088061 -0.005897 -0.001466
0.088061 0.042575 -0.001696 -0.000328
-0.005897 -0.001696 0.574058 0.114926
-0.001466 -0.000328 0.114926 0.047409
28.954216 1.264644 38.209526 2.003729
0.413967 0.090715 -0.010071 -0.002109
0.090715 0.043218 -0.002378 -0.000427
-0.010071 -0.002378 0.588146 0.117320
-0.002109 -0.000427 0.117320 0.047909
29.454634 1.235456 38.463391 1.855181
0.414097 0.091161 -0.012745 -0.002415
0.091161 0.043284 -0.002689 -0.000453
-0.012745 -0.002689 0.582628 0.115674
-0.002415 -0.000453 0.115674 0.047578
30.779063 1.392311 40.537775 2.082846
0.434546 0.095958 -0.011222 -0.001877
0.095958 0.044288 -0.002064 -0.000298
-0.011222 -0.002064 0.604722 0.119747
-0.001877 -0.000298 0.119747 0.048426
31.051691 1.299115 41.661102 2.098526
0.437165 0.096268 -0.011138 -0.001721
0.096268 0.044204 -0.001862 -0.000254
-0.011138 -0.001862 0.614558 0.121086
-0.001721 -0.000254 0.121086 0.048673
31.312928 1.213028 41.991622 1.957118
0.415038 0.091127 0.003543 0.001227
0.091127 0.042953 0.001487 0.000391
0.003543 0.001487 0.613812 0.120342
0.001227 0.000391 0.120342 0.048515
32.089254 1.250472 43.063371 1.975467
0.403194 0.088744 0.014423 0.003165
0.088744 0.042428 0.003644 0.000752
0.014423 0.003644 0.603373 0.117863
0.003165 0.000752 0.117863 0.048050
33.153501 1.347591 45.058401 2.172012
0.423924 0.093733 0.023264 0.004561
0.093733 0.043565 0.005175 0.000976
0.023264 0.005175 0.607665 0.118556
0.004561 0.000976 0.118556 0.048254
34.359807 1.466404 44.621668 1.874775
0.391480 0.086356 0.095073 0.018172
0.086356 0.041838 0.020597 0.003915
0.095073 0.020597 0.483002 0.094042
0.018172 0.003915 0.094042 0.043519
35.949818 1.650055 46.966676 2.151290
0.427858 0.095046 0.094851 0.016380
0.095046 0.043850 0.018453 0.003176
0.094851 0.018453 0.497885 0.099072
0.016380 0.003176 0.099072 0.044944
35.690422 1.416003 47.119734 1.973763
0.455768 0.101094 0.067479 0.009432
0.101094 0.045107 0.010905 0.001478
0.067479 0.010905 0.487391 0.098554
0.009432 0.001478 0.098554 0.045091
36.985365 1.544040 48.283301 2.004077
0.493197 0.108445 0.056893 0.006601
0.108445 0.046503 0.008300 0.000960
0.056893 0.008300 0.456227 0.093428
0.006601 0.000960 0.093428 0.044168
38.439822 1.683178 50.282803 2.205686
0.520653 0.113017 0.030915 0.001010
0.113017 0.047224 0.002609 -0.000123
0.030915 0.002609 0.438153 0.091380
0.001010 -0.000123 0.091380 0.043919
