0.407718 1.125185 -0.268768 -0.999557
2.260701 0.904300 -0.300177 -0.120074
0.904300 80.365794 -0.120074 -0.048030
-0.300177 -0.120074 4.353251 1.741338
-0.120074 -0.048030 1.741338 80.700617
7.633927 12.895347 -1.002791 -1.217767
2.582289 4.526879 -1.544691 -2.414749
4.526879 15.700864 -2.675547 -4.967773
-1.544691 -2.675547 2.296182 3.643639
-2.414749 -4.967773 3.643639 19.029554
8.604443 6.728910 0.814340 0.920748
0.706815 0.911019 0.826171 1.237996
0.911019 2.913560 1.090115 1.064742
0.826171 1.090115 1.215337 1.778823
1.237996 1.064742 1.778823 5.126450
9.897541 4.023578 1.256883 1.832752
0.765606 0.808449 0.621973 0.434425
0.808449 1.269148 0.359421 0.185180
0.621973 0.359421 1.460927 1.551026
0.434425 0.185180 1.551026 2.233355
8.665179 1.160703 3.522272 3.464687
0.392280 0.265682 0.498936 0.331303
0.265682 0.318775 0.245440 0.221790
0.498936 0.245440 1.395201 1.028706
0.331303 0.221790 1.028706 0.962131
9.139388 1.070973 5.504348 3.620289
0.447856 0.275853 0.287337 0.135930
0.275853 0.243883 0.092918 0.077507
0.287337 0.092918 1.281526 0.735568
0.135930 0.077507 0.735568 0.532050
7.995044 0.228526 6.147851 3.121087
0.327405 0.180487 -0.153194 -0.082478
0.180487 0.143496 -0.118745 -0.034032
-0.153194 -0.118745 0.872874 0.417055
-0.082478 -0.034032 0.417055 0.268283
8.825665 0.572918 6.392067 2.592163
0.453675 0.211171 -0.204669 -0.077202
0.211171 0.128677 -0.105461 -0.022237
-0.204669 -0.105461 1.016857 0.413724
-0.077202 -0.022237 0.413724 0.216759
8.857988 0.472187 7.849369 2.642730
0.579349 0.229953 -0.227626 -0.065175
0.229953 0.115122 -0.088198 -0.013394
-0.227626 -0.088198 1.033046 0.363523
-0.065175 -0.013394 0.363523 0.165175
9.245397 0.527968 9.555138 2.769494
0.662745 0.228394 -0.224422 -0.050851
0.228394 0.099356 -0.069764 -0.007273
-0.224422 -0.069764 0.984011 0.305636
-0.050851 -0.007273 0.305636 0.125806
9.866980 0.635267 10.677961 2.705250
0.688514 0.209860 -0.215504 -0.040999
0.209860 0.083129 -0.056499 -0.004522
-0.215504 -0.056499 0.879263 0.245289
-0.040999 -0.004522 0.245289 0.095562
10.810713 0.803250 11.542982 2.595127
0.677568 0.186444 -0.175420 -0.026586
0.186444 0.069950 -0.038147 -0.001012
-0.175420 -0.038147 0.811974 0.208366
-0.026586 -0.001012 0.208366 0.078450
11.668942 0.906217 11.852706 2.365839
0.666538 0.168243 -0.160572 -0.021293
0.168243 0.061147 -0.030201 -0.000413
-0.160572 -0.030201 0.776717 0.185637
-0.021293 -0.000413 0.185637 0.068148
12.312564 0.956364 13.366136 2.446760
0.661661 0.155546 -0.152141 -0.018363
0.155546 0.055600 -0.025855 -0.000487
-0.152141 -0.025855 0.727101 0.163624
-0.018363 -0.000487 0.163624 0.060022
12.647539 0.919323 14.257561 2.370463
0.629238 0.139471 -0.147047 -0.017395
0.139471 0.050480 -0.023685 -0.001025
-0.147047 -0.023685 0.648573 0.138962
-0.017395 -0.001025 0.138962 0.052769
14.098190 1.127181 15.061169 2.311843
0.584241 0.124395 -0.101108 -0.008208
0.124395 0.046696 -0.012572 0.000501
-0.101108 -0.012572 0.616747 0.128891
-0.008208 0.000501 0.128891 0.049969
15.149457 1.228345 16.165908 2.311478
0.555136 0.114741 -0.087173 -0.006417
0.114741 0.044575 -0.009844 0.000295
-0.087173 -0.009844 0.579862 0.118541
-0.006417 0.000295 0.118541 0.047407
15.834621 1.247713 17.671101 2.384321
0.552435 0.112372 -0.057614 -0.001077
0.112372 0.044346 -0.004009 0.000956
-0.057614 -0.004009 0.564466 0.114323
-0.001077 0.000956 0.114323 0.046541
16.234442 1.207443 19.263319 2.461495
0.539856 0.108634 -0.028664 0.003402
0.108634 0.043917 0.000819 0.001374
-0.028664 0.000819 0.532763 0.107372
0.003402 0.001374 0.107372 0.045238
16.720238 1.181863 20.303834 2.421410
0.531361 0.106205 -0.017109 0.004099
0.106205 0.043788 0.001929 0.001095
-0.017109 0.001929 0.516884 0.104118
0.004099 0.001095 0.104118 0.044762
17.162576 1.152238 21.516988 2.420201
0.526973 0.105007 -0.015159 0.002978
0.105007 0.043921 0.001169 0.000551
-0.015159 0.001169 0.506837 0.102304
0.002978 0.000551 0.102304 0.044598
17.679898 1.136941 22.176502 2.307923
0.529213 0.105411 -0.019233 0.000934
0.105411 0.044360 -0.000542 -0.000060
-0.019233 -0.000542 0.507683 0.102857
0.000934 -0.000060 0.102857 0.044910
17.755982 1.032608 22.160431 2.066009
0.517203 0.103107 -0.020108 -0.000266
0.103107 0.044220 -0.001492 -0.000438
-0.020108 -0.001492 0.485589 0.098738
-0.000266 -0.000438 0.098738 0.044235
18.582527 1.093413 22.875656 2.002701
0.515891 0.103315 -0.006134 0.001880
0.103315 0.044593 0.000845 -0.000055
-0.006134 0.000845 0.491386 0.100775
0.001880 -0.000055 0.100775 0.044873
19.859078 1.239750 23.718530 1.973314
0.498563 0.100296 0.004506 0.003173
0.100296 0.044254 0.002337 0.000139
0.004506 0.002337 0.485181 0.100048
0.003173 0.000139 0.100048 0.044846
20.164126 1.175021 24.100025 1.846999
0.468201 0.094872 0.005940 0.002559
0.094872 0.043418 0.001911 -0.000045
0.005940 0.001911 0.454963 0.094309
0.002559 -0.000045 0.094309 0.043748
21.011242 1.228430 25.417452 1.929880
0.458539 0.094075 0.010706 0.002902
0.094075 0.043544 0.002370 0.000021
0.010706 0.002370 0.454859 0.095285
0.002902 0.000021 0.095285 0.044110
21.234747 1.147225 26.479866 1.950398
0.448385 0.093100 0.021012 0.004512
0.093100 0.043560 0.004048 0.000369
0.021012 0.004048 0.452258 0.095504
0.004512 0.000369 0.095504 0.044235
21.850253 1.156334 27.300778 1.917541
0.455692 0.095744 0.014159 0.002433
0.095744 0.044280 0.002063 -0.000066
0.014159 0.002063 0.463137 0.098453
0.002433 -0.000066 0.098453 0.044897
22.545696 1.180192 28.645729 1.999627
0.451132 0.095502 0.002684 -0.000305
0.095502 0.044283 -0.000621 -0.000585
0.002684 -0.000621 0.473349 0.100889
-0.000305 -0.000585 0.100889 0.045370
23.018358 1.155742 29.400315 1.947608
0.448213 0.095481 0.001084 -0.000603
0.095481 0.044296 -0.000870 -0.000532
0.001084 -0.000870 0.476124 0.101421
-0.000603 -0.000532 0.101421 0.045385
23.628858 1.164089 29.696059 1.803310
0.456084 0.097658 0.000723 -0.000598
0.097658 0.044751 -0.000804 -0.000427
0.000723 -0.000804 0.477825 0.101646
-0.000598 -0.000427 0.101646 0.045339
24.075706 1.134873 30.723392 1.830192
0.463477 0.099424 0.003306 0.000052
0.099424 0.045060 -0.000128 -0.000207
0.003306 -0.000128 0.495712 0.105276
0.000052 -0.000207 0.105276 0.046029
25.048837 1.221486 31.891806 1.883216
0.437937 0.093934 -0.017233 -0.004200
0.093934 0.043790 -0.004441 -0.001060
-0.017233 -0.004441 0.496273 0.104914
-0.004200 -0.001060 0.104914 0.045829
26.298874 1.359307 32.716374 1.858415
0.419923 0.090509 -0.033369 -0.007131
0.090509 0.043065 -0.007408 -0.001566
-0.033369 -0.007408 0.493453 0.103899
-0.007131 -0.001566 0.103899 0.045528
26.426849 1.239693 33.863221 1.903389
0.426143 0.092561 -0.029650 -0.005652
0.092561 0.043563 -0.005833 -0.001099
-0.029650 -0.005833 0.512742 0.107675
-0.005652 -0.001099 0.107675 0.046280
27.086471 1.248345 34.802240 1.900835
0.446654 0.097396 -0.037463 -0.006774
0.097396 0.044591 -0.006999 -0.001271
-0.037463 -0.006999 0.530961 0.110863
-0.006774 -0.001271 0.110863 0.046848
27.850080 1.278229 35.595646 1.868723
0.428559 0.093249 -0.045658 -0.008040
0.093249 0.043554 -0.008240 -0.001489
-0.045658 -0.008240 0.532490 0.110332
-0.008040 -0.001489 0.110332 0.046616
28.829233 1.351975 36.399407 1.843301
0.406283 0.088552 -0.055293 -0.009585
0.088552 0.042491 -0.009753 -0.001772
-0.055293 -0.009753 0.534978 0.110141
-0.009585 -0.001772 0.110141 0.046506
29.744880 1.405128 37.384972 1.857840
0.421625 0.092547 -0.055714 -0.008974
0.092547 0.043425 -0.009134 -0.001571
-0.055714 -0.009134 0.547370 0.112142
-0.008974 -0.001571 0.112142 0.046891
30.324528 1.379395 38.523126 1.899773
0.408638 0.089774 -0.059366 -0.009367
0.089774 0.042750 -0.009374 -0.001634
-0.059366 -0.009374 0.561147 0.114291
-0.009367 -0.001634 0.114291 0.047285
31.296098 1.445453 39.954261 1.999680
0.417687 0.092099 -0.062343 -0.009498
0.092099 0.043257 -0.009464 -0.001640
-0.062343 -0.009464 0.583099 0.117989
-0.009498 -0.001640 0.117989 0.047985
31.817814 1.399485 40.781773 1.963308
0.400679 0.088432 -0.054263 -0.007675
0.088432 0.042392 -0.007388 -0.001273
-0.054263 -0.007388 0.577979 0.116061
-0.007675 -0.001273 0.116061 0.047529
32.457953 1.387677 41.941782 1.998567
0.413281 0.091630 -0.050600 -0.006723
0.091630 0.043118 -0.006506 -0.001128
-0.050600 -0.006506 0.579138 0.115673
-0.006723 -0.001128 0.115673 0.047451
33.761588 1.523006 42.887461 1.992817
0.403303 0.089610 -0.022286 -0.001175
0.089610 0.042644 -0.000447 -0.000007
-0.022286 -0.000447 0.557021 0.110984
-0.001175 -0.000007 0.110984 0.046580
34.645864 1.551184 44.001218 2.017065
0.424707 0.094547 -0.017684 -0.000638
0.094547 0.043715 -0.000195 -0.000076
-0.017684 -0.000195 0.542390 0.108093
-0.000638 -0.000076 0.108093 0.046111
35.669681 1.604175 44.642852 1.945057
0.420351 0.093379 0.015546 0.005445
0.093379 0.043364 0.006186 0.001073
0.015546 0.006186 0.478382 0.095773
0.005445 0.001073 0.095773 0.043819
36.202389 1.544611 45.639716 1.949181
0.445829 0.098715 0.000851 0.001524
0.098715 0.044451 0.001744 0.000009
0.000851 0.001744 0.471029 0.095625
0.001524 0.000009 0.095625 0.044074
36.759924 1.496841 46.335645 1.891471
0.469178 0.103077 -0.007194 -0.000622
0.103077 0.045247 -0.000665 -0.000522
-0.007194 -0.000665 0.440856 0.090667
-0.000622 -0.000522 0.090667 0.043260
36.878125 1.360199 47.532151 1.943092
0.488134 0.106083 -0.027838 -0.005169
0.106083 0.045703 -0.005395 -0.001486
-0.027838 -0.005395 0.441950 0.092430
-0.005169 -0.001486 0.092430 0.043836
