1.081958 1.394887 -1.753595 -1.593500
2.602460 1.041007 -0.709119 -0.283654
1.041007 80.420478 -0.283654 -0.113464
-0.709119 -0.283654 5.008005 2.003245
-0.283654 -0.113464 2.003245 80.805382
2.616897 3.028969 0.812953 3.698512
3.728688 6.400457 -1.607530 -2.311551
6.400457 19.683857 -2.688358 -5.615735
-1.607530 -2.688358 2.039569 3.097577
-2.311551 -5.615735 3.097577 19.370747
7.072704 6.116206 0.048456 0.592502
2.634382 2.840810 -1.007116 -0.954205
2.840810 5.202362 -0.961193 -1.567873
-1.007116 -0.961193 2.583568 3.377235
-0.954205 -1.567873 3.377235 7.159500
6.759794 3.399043 1.083255 1.059452
1.251921 1.025920 0.513443 0.548656
1.025920 1.672913 0.443574 0.163177
0.513443 0.443574 1.278971 1.204367
0.548656 0.163177 1.204367 2.032673
9.555612 4.065416 3.214700 2.214606
1.329865 0.950502 0.114199 0.001808
0.950502 1.061249 -0.016094 -0.192252
0.114199 -0.016094 1.266868 0.962113
0.001808 -0.192252 0.962113 1.114031
10.419033 3.384838 4.291509 2.255855
1.059078 0.619114 -0.018261 -0.065231
0.619114 0.561286 -0.091898 -0.135780
-0.018261 -0.091898 1.389375 0.844891
-0.065231 -0.135780 0.844891 0.707228
9.678387 2.173350 5.752851 2.512451
0.577580 0.288722 -0.107712 -0.075066
0.288722 0.262659 -0.107378 -0.086811
-0.107712 -0.107378 1.373565 0.684619
-0.075066 -0.086811 0.684619 0.454808
9.807057 1.736762 7.389716 2.698455
0.604935 0.275540 -0.234356 -0.114947
0.275540 0.202256 -0.135381 -0.076262
-0.234356 -0.135381 1.279111 0.540711
-0.114947 -0.076262 0.540711 0.304146
10.727068 1.764320 8.139385 2.480172
0.708439 0.287339 -0.279624 -0.113411
0.287339 0.170387 -0.126313 -0.057610
-0.279624 -0.126313 1.239276 0.454119
-0.113411 -0.057610 0.454119 0.221478
11.141493 1.598055 9.044498 2.376565
0.788897 0.283818 -0.302469 -0.104193
0.283818 0.142991 -0.112960 -0.043264
-0.302469 -0.112960 1.175851 0.380767
-0.104193 -0.043264 0.380767 0.166545
11.178785 1.352538 9.736968 2.234983
0.711323 0.228706 -0.300831 -0.089484
0.228706 0.106870 -0.096103 -0.031703
-0.300831 -0.096103 0.969830 0.282404
-0.089484 -0.031703 0.282404 0.118353
11.780829 1.329956 10.722218 2.199347
0.716931 0.210069 -0.297913 -0.078150
0.210069 0.090377 -0.083320 -0.024202
-0.297913 -0.083320 0.900507 0.240729
-0.078150 -0.024202 0.240729 0.096042
12.297028 1.290719 11.993755 2.241494
0.716118 0.193518 -0.270434 -0.063124
0.193518 0.078394 -0.066966 -0.017478
-0.270434 -0.066966 0.832899 0.207243
-0.063124 -0.017478 0.207243 0.080452
12.628126 1.219636 13.992601 2.447087
0.672470 0.169571 -0.214368 -0.044509
0.169571 0.067239 -0.047337 -0.011353
-0.214368 -0.047337 0.708675 0.166300
-0.044509 -0.011353 0.166300 0.066135
13.619961 1.309077 14.976540 2.396778
0.648717 0.154729 -0.166221 -0.030483
0.154729 0.060477 -0.032199 -0.007173
-0.166221 -0.032199 0.672534 0.151641
-0.030483 -0.007173 0.151641 0.060179
14.593374 1.378815 15.867899 2.332856
0.617337 0.140540 -0.135967 -0.022523
0.140540 0.055103 -0.023729 -0.005066
-0.135967 -0.023729 0.628893 0.137216
-0.022523 -0.005066 0.137216 0.055214
14.850798 1.287299 17.395095 2.405244
0.608997 0.133863 -0.102258 -0.014545
0.133863 0.052360 -0.015613 -0.003208
-0.102258 -0.015613 0.592676 0.126376
-0.014545 -0.003208 0.126376 0.051794
14.976218 1.156706 16.881131 2.036139
0.547997 0.116542 -0.113940 -0.017696
0.116542 0.047721 -0.018820 -0.004070
-0.113940 -0.018820 0.508110 0.106132
-0.017696 -0.004070 0.106132 0.046753
15.529729 1.151647 17.915978 2.039377
0.547362 0.114773 -0.088454 -0.011881
0.114773 0.047129 -0.012768 -0.002695
-0.088454 -0.012768 0.508086 0.106314
-0.011881 -0.002695 0.106314 0.046683
15.995435 1.125301 18.636969 1.975043
0.533135 0.110488 -0.068763 -0.008045
0.110488 0.046116 -0.008785 -0.001923
-0.068763 -0.008785 0.494150 0.103390
-0.008045 -0.001923 0.103390 0.045943
16.698317 1.156520 19.837968 2.021625
0.522076 0.107537 -0.043548 -0.003315
0.107537 0.045537 -0.003974 -0.001013
-0.043548 -0.003974 0.485651 0.101897
-0.003315 -0.001013 0.101897 0.045585
15.838572 0.856620 20.392180 1.911469
0.491842 0.100845 -0.040167 -0.003728
0.100845 0.044219 -0.004429 -0.001298
-0.040167 -0.004429 0.435240 0.091399
-0.003728 -0.001298 0.091399 0.043302
16.170004 0.836399 21.315138 1.903659
0.486971 0.100188 -0.026094 -0.001432
0.100188 0.044291 -0.002086 -0.000864
-0.026094 -0.002086 0.430972 0.091663
-0.001432 -0.000864 0.091663 0.043501
16.906615 0.900889 22.050214 1.859251
0.476496 0.098434 -0.011369 0.000877
0.098434 0.044109 0.000288 -0.000436
-0.011369 0.000288 0.428766 0.092158
0.000877 -0.000436 0.092158 0.043678
17.570070 0.945268 23.011303 1.867164
0.485085 0.100724 -0.005771 0.001247
0.100724 0.044748 0.000755 -0.000395
-0.005771 0.000755 0.445879 0.096561
0.001247 -0.000395 0.096561 0.044634
18.776067 1.098235 24.052565 1.893100
0.472901 0.098389 -0.018892 -0.002430
0.098389 0.044335 -0.002659 -0.001184
-0.018892 -0.002659 0.449162 0.097339
-0.002430 -0.001184 0.097339 0.044679
19.620006 1.160209 25.141229 1.924765
0.473281 0.098929 -0.012820 -0.001407
0.098929 0.044555 -0.001615 -0.000896
-0.012820 -0.001615 0.459637 0.099611
-0.001407 -0.000896 0.099611 0.045062
20.329509 1.187451 26.156999 1.936592
0.481869 0.101109 0.003454 0.001812
0.101109 0.045082 0.001550 -0.000162
0.003454 0.001550 0.475973 0.102904
0.001812 -0.000162 0.102904 0.045641
21.114227 1.228055 27.850156 2.092602
0.468369 0.098369 -0.001827 0.000108
0.098369 0.044509 -0.000057 -0.000519
-0.001827 -0.000057 0.482770 0.103767
0.000108 -0.000519 0.103767 0.045651
22.311410 1.350938 28.777344 2.067417
0.461334 0.097228 0.009251 0.002185
0.097228 0.044315 0.002023 -0.000030
0.009251 0.002023 0.485322 0.103696
0.002185 -0.000030 0.103696 0.045493
22.795599 1.310738 29.381958 1.976297
0.439835 0.093078 0.009280 0.001786
0.093078 0.043483 0.001655 -0.000093
0.009280 0.001655 0.472031 0.100323
0.001786 -0.000093 0.100323 0.044676
23.520251 1.325219 30.607363 2.026572
0.432321 0.092214 0.003185 0.000207
0.092214 0.043397 0.000076 -0.000393
0.003185 0.000076 0.480613 0.101991
0.000207 -0.000393 0.101991 0.045026
24.432346 1.378841 31.622879 2.026731
0.442580 0.095142 -0.008969 -0.002453
0.095142 0.044097 -0.002608 -0.000894
-0.008969 -0.002608 0.496135 0.105001
-0.002453 -0.000894 0.105001 0.045637
25.238528 1.403892 32.786246 2.058222
0.449892 0.097038 -0.019222 -0.004401
0.097038 0.044483 -0.004587 -0.001200
-0.019222 -0.004587 0.513646 0.108165
-0.004401 -0.001200 0.108165 0.046237
25.384672 1.283940 33.371434 1.965371
0.443860 0.095795 -0.024124 -0.005028
0.095795 0.044144 -0.005209 -0.001205
-0.024124 -0.005209 0.513099 0.107295
-0.005028 -0.001205 0.107295 0.045959
25.883686 1.253010 34.326967 1.959588
0.434641 0.093939 -0.028638 -0.005551
0.093939 0.043701 -0.005718 -0.001209
-0.028638 -0.005718 0.520141 0.108191
-0.005551 -0.001209 0.108191 0.046105
26.772057 1.309724 35.262339 1.950877
0.427984 0.092770 -0.029649 -0.005344
0.092770 0.043439 -0.005464 -0.001077
-0.029649 -0.005464 0.525967 0.108837
-0.005344 -0.001077 0.108837 0.046209
27.492369 1.324486 36.434018 1.991489
0.418207 0.090958 -0.035328 -0.006182
0.090958 0.043043 -0.006286 -0.001200
-0.035328 -0.006286 0.538468 0.110872
-0.006182 -0.001200 0.110872 0.046608
27.933060 1.276392 37.543686 2.014075
0.414271 0.090527 -0.038922 -0.006546
0.090527 0.042966 -0.006626 -0.001227
-0.038922 -0.006626 0.550027 0.112606
-0.006546 -0.001227 0.112606 0.046932
28.196698 1.193416 38.404109 1.982615
0.409009 0.089774 -0.038475 -0.006115
0.089774 0.042806 -0.006140 -0.001102
-0.038475 -0.006140 0.552261 0.112384
-0.006115 -0.001102 0.112384 0.046854
29.199123 1.283109 39.409575 1.987426
0.407381 0.089809 -0.038718 -0.005907
0.089809 0.042814 -0.005889 -0.001047
-0.038718 -0.005889 0.559566 0.113316
-0.005907 -0.001047 0.113316 0.047041
29.322603 1.169115 40.571573 2.018723
0.410010 0.090696 -0.040253 -0.006005
0.090696 0.042989 -0.005994 -0.001076
-0.040253 -0.005994 0.567542 0.114383
-0.006005 -0.001076 0.114383 0.047257
30.445188 1.287734 41.419051 1.989137
0.399501 0.088579 -0.028615 -0.003560
0.088579 0.042485 -0.003281 -0.000558
-0.028615 -0.003281 0.561518 0.112701
-0.003560 -0.000558 0.112701 0.046935
30.914605 1.248260 42.300777 1.965605
0.402619 0.089585 -0.028211 -0.003550
0.089585 0.042697 -0.003357 -0.000630
-0.028211 -0.003357 0.557076 0.111522
-0.003550 -0.000630 0.111522 0.046746
31.283012 1.187975 42.648121 1.837087
0.405693 0.090432 -0.024934 -0.002972
0.090432 0.042846 -0.002871 -0.000578
-0.024934 -0.002871 0.534643 0.106932
-0.002972 -0.000578 0.106932 0.045901
31.808115 1.174112 43.887021 1.901116
0.421231 0.093922 -0.023726 -0.002803
0.093922 0.043565 -0.002752 -0.000586
-0.023726 -0.002752 0.537979 0.107954
-0.002803 -0.000586 0.107954 0.046247
32.935539 1.291126 44.118320 1.758653
0.385129 0.085724 0.018473 0.005379
0.085724 0.041661 0.006253 0.001151
0.018473 0.006253 0.489622 0.098644
0.005379 0.001151 0.098644 0.044503
33.646394 1.306874 45.512765 1.863639
0.417285 0.093367 0.010537 0.002969
0.093367 0.043424 0.003461 0.000437
0.010537 0.003461 0.497508 0.101294
0.002969 0.000437 0.101294 0.045252
34.380957 1.325252 46.752783 1.926875
0.446028 0.099407 0.005413 0.001406
0.099407 0.044651 0.001678 0.000016
0.005413 0.001678 0.487962 0.100037
0.001406 0.000016 0.100037 0.045099
34.857216 1.284021 47.380398 1.857535
0.467304 0.103173 -0.005149 -0.001083
0.103173 0.045277 -0.001021 -0.000542
-0.005149 -0.001021 0.463270 0.095666
-0.001083 -0.000542 0.095666 0.044282
