-0.486154 0.767629 1.950198 -0.111951
2.866442 1.146602 -0.867903 -0.347169
1.146602 80.462717 -0.347169 -0.138871
-0.867903 -0.347169 4.650095 1.860078
-0.347169 -0.138871 1.860078 80.748114
0.925736 2.555827 2.228819 0.485044
2.755847 4.637183 -1.512982 -2.219448
4.637183 17.208123 -2.376798 -5.627894
-1.512982 -2.376798 3.438175 5.351507
-2.219448 -5.627894 5.351507 22.174335
5.640323 6.496469 1.764264 -0.017140
2.164386 2.400389 -1.807097 -1.926314
2.400389 4.842263 -1.936466 -2.833418
-1.807097 -1.936466 2.641084 2.947041
-1.926314 -2.833418 2.947041 6.528454
6.563118 4.538632 3.376366 1.166188
0.778674 0.733896 0.283423 0.395429
0.733896 1.485251 0.345627 0.060991
0.283423 0.345627 0.931260 0.937506
0.395429 0.060991 0.937506 2.072823
7.845726 3.832097 2.636153 0.117726
0.980783 0.779936 0.192882 0.089816
0.779936 0.947579 0.061656 -0.153282
0.192882 0.061656 1.364023 1.142765
0.089816 -0.153282 1.142765 1.396885
8.537929 2.907739 5.313230 1.904664
0.544246 0.327119 0.323768 0.173402
0.327119 0.354941 0.141235 0.011800
0.323768 0.141235 1.138611 0.718565
0.173402 0.011800 0.718565 0.659796
8.427842 2.080152 5.542729 1.647936
0.300488 0.172284 -0.080240 -0.068864
0.172284 0.189451 -0.106287 -0.096493
-0.080240 -0.106287 1.016269 0.554990
-0.068864 -0.096493 0.554990 0.419079
8.899341 1.782545 6.709073 1.835583
0.347881 0.181283 -0.186198 -0.104332
0.181283 0.149900 -0.130301 -0.080453
-0.186198 -0.130301 1.060183 0.488105
-0.104332 -0.080453 0.488105 0.298364
10.142138 1.941049 7.494136 1.772210
0.454066 0.205523 -0.219174 -0.100306
0.205523 0.130882 -0.115004 -0.057208
-0.219174 -0.115004 1.069832 0.421030
-0.100306 -0.057208 0.421030 0.217775
10.708638 1.784738 8.225279 1.727253
0.555342 0.217897 -0.225918 -0.087200
0.217897 0.114388 -0.095240 -0.039761
-0.225918 -0.095240 1.042944 0.358313
-0.087200 -0.039761 0.358313 0.163309
11.622964 1.791799 9.347929 1.805700
0.602276 0.207415 -0.222698 -0.073450
0.207415 0.095630 -0.078344 -0.027927
-0.222698 -0.078344 0.961863 0.294249
-0.073450 -0.027927 0.294249 0.123352
12.536798 1.796944 9.982771 1.731500
0.634457 0.195132 -0.217456 -0.062347
0.195132 0.081770 -0.065690 -0.020352
-0.217456 -0.065690 0.914840 0.253820
-0.062347 -0.020352 0.253820 0.099675
12.524237 1.541633 10.848593 1.730754
0.585237 0.163104 -0.243255 -0.061677
0.163104 0.066026 -0.065189 -0.017685
-0.243255 -0.065189 0.801562 0.204650
-0.061677 -0.017685 0.204650 0.079061
11.852638 1.171467 12.567740 1.928075
0.554853 0.143267 -0.201446 -0.045320
0.143267 0.057101 -0.047923 -0.011709
-0.201446 -0.047923 0.666571 0.159393
-0.045320 -0.011709 0.159393 0.063483
12.864086 1.275070 13.407246 1.903381
0.554385 0.134923 -0.161447 -0.031991
0.134923 0.052904 -0.033637 -0.007419
-0.161447 -0.033637 0.642101 0.146956
-0.031991 -0.007419 0.146956 0.058161
13.801743 1.344286 14.255077 1.883644
0.559531 0.129547 -0.146639 -0.026303
0.129547 0.050256 -0.027644 -0.005633
-0.146639 -0.027644 0.627362 0.138408
-0.026303 -0.005633 0.138408 0.054587
14.344364 1.319567 15.583394 1.965848
0.554520 0.123367 -0.119858 -0.019013
0.123367 0.048049 -0.020238 -0.003826
-0.119858 -0.020238 0.588491 0.126141
-0.019013 -0.003826 0.126141 0.050862
15.380298 1.405576 16.923249 2.046547
0.536361 0.115841 -0.078923 -0.009843
0.115841 0.046041 -0.010756 -0.001828
-0.078923 -0.010756 0.555287 0.116969
-0.009843 -0.001828 0.116969 0.048387
16.406039 1.471213 17.671324 1.992785
0.534428 0.112926 -0.055683 -0.005202
0.112926 0.045329 -0.005863 -0.000940
-0.055683 -0.005863 0.553478 0.115311
-0.005202 -0.000940 0.115311 0.047775
18.046605 1.659529 18.628730 1.994400
0.502618 0.104344 -0.047705 -0.004500
0.104344 0.043566 -0.004962 -0.001004
-0.047705 -0.004962 0.523978 0.108036
-0.004500 -0.001004 0.108036 0.046073
19.242508 1.735861 19.701399 2.013439
0.490522 0.101178 -0.027553 -0.001030
0.101178 0.043184 -0.001410 -0.000416
-0.027553 -0.001410 0.508453 0.104613
-0.001030 -0.000416 0.104613 0.045395
19.960790 1.704067 20.569417 1.983681
0.474325 0.097476 -0.036256 -0.003764
0.097476 0.042698 -0.004099 -0.001135
-0.036256 -0.004099 0.486238 0.099937
-0.003764 -0.001135 0.099937 0.044476
20.171811 1.571228 21.477536 1.961906
0.474636 0.097816 -0.026126 -0.002114
0.097816 0.043117 -0.002427 -0.000826
-0.026126 -0.002427 0.480759 0.099319
-0.002114 -0.000826 0.099319 0.044502
20.687136 1.518019 22.981342 2.069015
0.467590 0.096705 -0.010193 0.000620
0.096705 0.043184 0.000339 -0.000305
-0.010193 0.000339 0.470585 0.097767
0.000620 -0.000305 0.097767 0.044312
20.469835 1.315484 24.102645 2.082895
0.473491 0.098372 -0.003653 0.001305
0.098372 0.043787 0.001056 -0.000216
-0.003653 0.001056 0.473949 0.099062
0.001305 -0.000216 0.099062 0.044694
21.042853 1.298241 25.306463 2.116714
0.475534 0.099116 0.012911 0.004117
0.099116 0.044127 0.003898 0.000337
0.012911 0.003898 0.478741 0.100492
0.004117 0.000337 0.100492 0.045051
21.837593 1.328831 26.566182 2.159229
0.455718 0.095202 0.022324 0.005246
0.095202 0.043442 0.005070 0.000515
0.022324 0.005070 0.467164 0.098255
0.005246 0.000515 0.098255 0.044583
21.992525 1.221957 27.356633 2.098476
0.452460 0.095109 0.019355 0.003824
0.095109 0.043594 0.003683 0.000181
0.019355 0.003683 0.466175 0.098407
0.003824 0.000181 0.098407 0.044646
23.012232 1.307813 28.707551 2.161644
0.461506 0.097584 0.011351 0.001587
0.097584 0.044248 0.001456 -0.000274
0.011351 0.001456 0.484486 0.102586
0.001587 -0.000274 0.102586 0.045543
23.644316 1.303187 29.787525 2.161513
0.461127 0.097774 0.002669 -0.000452
0.097774 0.044336 -0.000582 -0.000625
0.002669 -0.000582 0.492597 0.104157
-0.000452 -0.000625 0.104157 0.045799
23.766131 1.190557 30.898058 2.168891
0.455965 0.096883 -0.000661 -0.001086
0.096883 0.044172 -0.001226 -0.000644
-0.000661 -0.001226 0.501124 0.105649
-0.001086 -0.000644 0.105649 0.046024
24.389053 1.196611 31.891757 2.149788
0.462402 0.098527 -0.011662 -0.003262
0.098527 0.044554 -0.003418 -0.000998
-0.011662 -0.003418 0.512660 0.107664
-0.003262 -0.000998 0.107664 0.046356
24.521584 1.097010 33.261930 2.211932
0.449315 0.095796 -0.013166 -0.003202
0.095796 0.043956 -0.003359 -0.000856
-0.013166 -0.003359 0.524905 0.109651
-0.003202 -0.000856 0.109651 0.046668
24.935818 1.068638 33.376998 2.006282
0.416791 0.089145 -0.025162 -0.005351
0.089145 0.042566 -0.005554 -0.001213
-0.025162 -0.005554 0.499829 0.103763
-0.005351 -0.001213 0.103763 0.045343
25.573552 1.090780 34.140308 1.956598
0.431770 0.093269 -0.025250 -0.004857
0.093269 0.043590 -0.005025 -0.000994
-0.025250 -0.005025 0.510158 0.105858
-0.004857 -0.000994 0.105858 0.045814
26.218494 1.112232 35.033882 1.939223
0.414120 0.089788 -0.034365 -0.006384
0.089788 0.042833 -0.006569 -0.001258
-0.034365 -0.006569 0.514651 0.106551
-0.006384 -0.001258 0.106551 0.045951
26.230595 0.994338 36.359571 2.011263
0.417524 0.091170 -0.031046 -0.005206
0.091170 0.043186 -0.005266 -0.000920
-0.031046 -0.005266 0.535048 0.110532
-0.005206 -0.000920 0.110532 0.046771
27.151224 1.087068 37.297449 1.998828
0.409719 0.089838 -0.032088 -0.005147
0.089838 0.042881 -0.005160 -0.000890
-0.032088 -0.005160 0.541276 0.111235
-0.005147 -0.000890 0.111235 0.046850
27.431021 1.028382 38.172902 1.972378
0.410516 0.090452 -0.030915 -0.004659
0.090452 0.043014 -0.004636 -0.000781
-0.030915 -0.004636 0.545907 0.111630
-0.004659 -0.000781 0.111630 0.046883
28.019752 1.045123 39.215107 1.984120
0.418559 0.092491 -0.036676 -0.005645
0.092491 0.043425 -0.005713 -0.001012
-0.036676 -0.005713 0.557475 0.113452
-0.005645 -0.001012 0.113452 0.047219
28.595762 1.057296 40.279070 1.998953
0.418521 0.092502 -0.035742 -0.005253
0.092502 0.043347 -0.005259 -0.000926
-0.035742 -0.005259 0.564131 0.114212
-0.005253 -0.000926 0.114212 0.047337
28.816023 0.984679 40.398044 1.819764
0.420520 0.092910 -0.038522 -0.005677
0.092910 0.043362 -0.005842 -0.001063
-0.038522 -0.005842 0.544734 0.109715
-0.005677 -0.001063 0.109715 0.046403
29.998850 1.138994 41.606929 1.883714
0.402247 0.088842 -0.027861 -0.003491
0.088842 0.042405 -0.003258 -0.000577
-0.027861 -0.003258 0.556153 0.112009
-0.003491 -0.000577 0.112009 0.046949
31.214817 1.282399 42.530488 1.883296
0.402582 0.089295 -0.012995 -0.000583
0.089295 0.042540 -0.000125 0.000000
-0.012995 -0.000125 0.549095 0.110422
-0.000583 0.000000 0.110422 0.046670
32.298771 1.382306 43.807719 1.952634
0.415277 0.092361 -0.003174 0.001097
0.092361 0.043219 0.001607 0.000267
-0.003174 0.001607 0.546201 0.109831
0.001097 0.000267 0.109831 0.046614
32.965928 1.377856 45.059646 2.008001
0.440726 0.097848 -0.008454 -0.000355
0.097848 0.044355 -0.000157 -0.000168
-0.008454 -0.000157 0.539458 0.108490
-0.000355 -0.000168 0.108490 0.046400
33.568187 1.357603 45.617472 1.917903
0.449614 0.099136 -0.003268 0.000424
0.099136 0.044475 0.000562 -0.000059
-0.003268 0.000562 0.501109 0.100949
0.000424 -0.000059 0.100949 0.044957
34.182095 1.342754 46.229736 1.847359
0.468076 0.102436 -0.005700 -0.000355
0.102436 0.045055 -0.000363 -0.000276
-0.005700 -0.000363 0.475130 0.096518
-0.000355 -0.000276 0.096518 0.044235
34.816193 1.334677 47.156866 1.848019
0.487738 0.105730 -0.010044 -0.001422
0.105730 0.045613 -0.001525 -0.000513
-0.010044 -0.001525 0.459895 0.094544
-0.001422 -0.000513 0.094544 0.044023
35.578717 1.355638 48.514532 1.938429
0.528201 0.113236 -0.027355 -0.005045
0.113236 0.047059 -0.005278 -0.001262
-0.027355 -0.005278 0.464632 0.096709
-0.005045 -0.001262 0.096709 0.044626
