1.739905 1.658072 1.297519 -0.373028
1.728572 0.691444 0.067709 0.027084
0.691444 80.280650 0.027084 0.010834
0.067709 0.027084 3.791988 1.516828
0.027084 0.010834 1.516828 80.610811
5.628223 7.222268 -0.617749 -3.230061
2.968212 5.396828 -1.372202 -2.270840
5.396828 15.962677 -2.508036 -3.961144
-1.372202 -2.508036 2.940040 4.837129
-2.270840 -3.961144 4.837129 19.874718
6.855420 4.813132 1.546983 1.035742
1.796272 2.022435 0.595830 0.930423
2.022435 3.719798 0.704348 0.939715
0.595830 0.704348 0.754483 0.978786
0.930423 0.939715 0.978786 3.890540
6.817580 2.836669 0.940295 -0.000714
1.593677 1.314831 0.410545 0.306999
1.314831 1.627333 0.244010 0.138055
0.410545 0.244010 1.270248 1.409983
0.306999 0.138055 1.409983 2.274952
8.008399 2.586326 3.042140 1.689760
1.175378 0.748127 0.396477 0.245804
0.748127 0.735170 0.213756 0.141672
0.396477 0.213756 0.930772 0.718674
0.245804 0.141672 0.718674 0.828015
8.599762 2.209183 3.797300 1.666253
1.147236 0.615349 0.175836 0.056725
0.615349 0.477383 0.051283 0.018741
0.175836 0.051283 1.101263 0.682623
0.056725 0.018741 0.682623 0.562043
8.520331 1.655009 5.151186 1.961942
0.552267 0.251453 0.047442 0.008609
0.251453 0.207817 -0.006426 0.001653
0.047442 -0.006426 1.161327 0.584776
0.008609 0.001653 0.584776 0.376803
9.548738 1.735580 6.364051 2.056963
0.665165 0.278253 -0.044905 -0.027590
0.278253 0.180534 -0.035378 -0.009862
-0.044905 -0.035378 1.176476 0.495961
-0.027590 -0.009862 0.495961 0.265033
10.419377 1.735288 7.609533 2.135487
0.709846 0.265777 -0.115787 -0.044763
0.265777 0.146765 -0.050184 -0.013018
-0.115787 -0.050184 1.112500 0.403096
-0.044763 -0.013018 0.403096 0.188061
11.022540 1.646532 8.414413 2.051137
0.686617 0.230830 -0.191348 -0.059792
0.230830 0.114944 -0.064785 -0.015800
-0.191348 -0.064785 1.023748 0.326275
-0.059792 -0.015800 0.326275 0.138137
11.429377 1.516095 8.895071 1.891603
0.665500 0.203460 -0.204207 -0.054238
0.203460 0.093568 -0.058345 -0.012257
-0.204207 -0.058345 0.942463 0.269683
-0.054238 -0.012257 0.269683 0.106727
11.892429 1.431502 9.750686 1.864771
0.660997 0.186122 -0.204804 -0.047245
0.186122 0.080105 -0.050826 -0.009328
-0.204804 -0.050826 0.876671 0.229226
-0.047245 -0.009328 0.229226 0.086775
12.842579 1.504874 11.689852 2.115087
0.648322 0.170277 -0.162177 -0.031603
0.170277 0.070171 -0.034411 -0.004876
-0.162177 -0.034411 0.778943 0.189303
-0.031603 -0.004876 0.189303 0.071259
13.483498 1.475834 12.652821 2.091606
0.632224 0.156291 -0.136765 -0.023020
0.156291 0.062740 -0.025216 -0.002870
-0.136765 -0.025216 0.722753 0.165813
-0.023020 -0.002870 0.165813 0.062404
13.728372 1.352778 13.233939 1.981615
0.620766 0.145407 -0.150857 -0.024672
0.145407 0.057409 -0.026976 -0.003557
-0.150857 -0.026976 0.682426 0.149164
-0.024672 -0.003557 0.149164 0.056515
14.251317 1.309734 13.637279 1.853454
0.605051 0.135808 -0.141708 -0.021378
0.135808 0.053479 -0.023241 -0.002963
-0.141708 -0.023241 0.654002 0.138034
-0.021378 -0.002963 0.138034 0.052882
15.121644 1.355352 14.436920 1.830212
0.571349 0.124207 -0.111165 -0.014473
0.124207 0.049891 -0.015731 -0.001691
-0.111165 -0.015731 0.609826 0.125647
-0.014473 -0.001691 0.125647 0.049641
15.025009 1.201359 16.221228 1.996977
0.542659 0.115250 -0.093930 -0.011094
0.115250 0.047397 -0.012506 -0.001386
-0.093930 -0.012506 0.539631 0.109371
-0.011094 -0.001386 0.109371 0.046011
15.867005 1.244262 16.638556 1.881666
0.523825 0.109677 -0.076178 -0.007836
0.109677 0.046005 -0.008799 -0.000937
-0.076178 -0.008799 0.523339 0.105926
-0.007836 -0.000937 0.105926 0.045403
16.802895 1.311494 17.699226 1.910552
0.506285 0.104998 -0.070976 -0.007437
0.104998 0.044966 -0.008217 -0.001127
-0.070976 -0.008217 0.502588 0.101764
-0.007437 -0.001127 0.101764 0.044667
17.669939 1.363181 19.270350 2.039717
0.504872 0.104409 -0.057896 -0.005212
0.104409 0.044937 -0.005885 -0.000854
-0.057896 -0.005885 0.494393 0.100686
-0.005212 -0.000854 0.100686 0.044644
18.277343 1.347868 20.297443 2.040314
0.509211 0.105132 -0.047133 -0.003579
0.105132 0.045190 -0.004138 -0.000683
-0.047133 -0.004138 0.496259 0.101706
-0.003579 -0.000683 0.101706 0.045021
19.108230 1.382093 21.493639 2.078369
0.495530 0.102204 -0.028798 -0.000685
0.102204 0.044686 -0.001123 -0.000274
-0.028798 -0.001123 0.482855 0.099498
-0.000685 -0.000274 0.099498 0.044688
19.467365 1.311915 22.348466 2.037160
0.482262 0.099612 -0.017848 0.000536
0.099612 0.044281 0.000166 -0.000208
-0.017848 0.000166 0.467753 0.096989
0.000536 -0.000208 0.096989 0.044278
20.346723 1.359298 23.527410 2.072240
0.486223 0.100842 -0.006700 0.001960
0.100842 0.044694 0.001671 -0.000025
-0.006700 0.001671 0.476307 0.099558
0.001960 -0.000025 0.099558 0.044935
20.391972 1.226896 24.451568 2.045591
0.496295 0.103190 0.002118 0.002910
0.103190 0.045280 0.002661 0.000080
0.002118 0.002661 0.487776 0.102378
0.002910 0.000080 0.102378 0.045554
20.659962 1.155044 25.461816 2.041873
0.501400 0.104284 0.017391 0.005224
0.104284 0.045548 0.005000 0.000491
0.017391 0.005000 0.496924 0.104391
0.005224 0.000491 0.104391 0.045939
21.710657 1.253888 27.088439 2.169433
0.485293 0.100830 0.006975 0.002032
0.100830 0.044836 0.001892 -0.000244
0.006975 0.001892 0.497746 0.104379
0.002032 -0.000244 0.104379 0.045854
22.621449 1.312981 28.382310 2.213249
0.485402 0.101098 0.013810 0.002934
0.101098 0.044962 0.002811 -0.000028
0.013810 0.002811 0.506138 0.105972
0.002934 -0.000028 0.105972 0.046126
23.613602 1.383688 28.896739 2.089286
0.478219 0.099785 0.026386 0.005060
0.099785 0.044733 0.004955 0.000446
0.026386 0.004955 0.503968 0.105202
0.005060 0.000446 0.105202 0.045886
23.789865 1.276311 29.681391 2.036212
0.468671 0.098074 0.032149 0.005680
0.098074 0.044428 0.005569 0.000583
0.032149 0.005569 0.509213 0.106079
0.005680 0.000583 0.106079 0.046025
23.846208 1.152184 31.207548 2.143819
0.456987 0.096063 0.025357 0.003761
0.096063 0.044076 0.003558 0.000188
0.025357 0.003558 0.526261 0.109383
0.003761 0.000188 0.109383 0.046673
23.887336 1.043476 31.110888 1.903972
0.449546 0.095102 0.009511 0.000247
0.095102 0.043958 0.000029 -0.000469
0.009511 0.000029 0.514148 0.106393
0.000247 -0.000469 0.106393 0.045978
24.150382 0.987451 32.334264 1.960952
0.459837 0.097858 0.007189 -0.000133
0.097858 0.044600 -0.000376 -0.000432
0.007189 -0.000376 0.539706 0.111479
-0.000133 -0.000432 0.111479 0.047022
25.359619 1.140962 33.027928 1.899837
0.434594 0.092723 -0.006539 -0.002680
0.092723 0.043489 -0.003024 -0.000843
-0.006539 -0.003024 0.527587 0.108392
-0.002680 -0.000843 0.108392 0.046309
26.809147 1.328557 34.555276 2.016307
0.406513 0.087368 -0.021388 -0.005239
0.087368 0.042404 -0.005745 -0.001255
-0.021388 -0.005745 0.538854 0.110462
-0.005239 -0.001255 0.110462 0.046737
27.510127 1.335964 36.392247 2.185531
0.406622 0.088442 -0.018759 -0.004083
0.088442 0.042754 -0.004471 -0.000853
-0.018759 -0.004471 0.564719 0.115329
-0.004083 -0.000853 0.115329 0.047702
28.195553 1.339731 37.277952 2.143539
0.399695 0.087704 -0.021071 -0.004111
0.087704 0.042627 -0.004455 -0.000773
-0.021071 -0.004455 0.572114 0.116035
-0.004111 -0.000773 0.116035 0.047754
29.012783 1.373158 39.057168 2.286327
0.420363 0.092998 -0.014208 -0.002314
0.092998 0.043808 -0.002455 -0.000315
-0.014208 -0.002455 0.595041 0.119919
-0.002314 -0.000315 0.119919 0.048475
29.511068 1.331027 39.902148 2.226408
0.406248 0.089927 -0.011453 -0.001623
0.089927 0.043003 -0.001628 -0.000161
-0.011453 -0.001628 0.612161 0.122359
-0.001623 -0.000161 0.122359 0.048869
30.327649 1.366187 42.008312 2.423454
0.421809 0.093686 -0.008869 -0.001012
0.093686 0.043786 -0.000942 -0.000043
-0.008869 -0.000942 0.636647 0.126151
-0.001012 -0.000043 0.126151 0.049532
30.777719 1.311420 41.259951 2.038456
0.375125 0.083222 0.017843 0.004142
0.083222 0.041342 0.004893 0.001049
0.017843 0.004893 0.594112 0.116604
0.004142 0.001049 0.116604 0.047563
31.233602 1.266140 41.247033 1.836181
0.360357 0.080774 0.026437 0.005359
0.080774 0.040881 0.006209 0.001192
0.026437 0.006209 0.590063 0.115594
0.005359 0.001192 0.115594 0.047462
32.140012 1.328013 42.337338 1.869658
0.374885 0.085021 0.033263 0.006171
0.085021 0.041923 0.007068 0.001259
0.033263 0.007068 0.598898 0.117261
0.006171 0.001259 0.117261 0.047896
32.888217 1.347301 43.224780 1.860196
0.363902 0.082832 0.057161 0.010362
0.082832 0.041353 0.011809 0.002119
0.057161 0.011809 0.606940 0.118626
0.010362 0.002119 0.118626 0.048225
33.871477 1.415015 45.005239 2.025078
0.401142 0.091898 0.049743 0.007950
0.091898 0.043416 0.009025 0.001424
0.049743 0.009025 0.605263 0.118114
0.007950 0.001424 0.118114 0.048181
34.063709 1.302196 45.041460 1.837158
0.420910 0.095873 0.046578 0.006776
0.095873 0.044091 0.007906 0.001172
0.046578 0.007906 0.551603 0.107522
0.006776 0.001172 0.107522 0.046171
34.265207 1.205886 45.002210 1.651297
0.443686 0.100039 0.055764 0.008198
0.100039 0.044757 0.009697 0.001529
0.055764 0.009697 0.519129 0.101914
0.008198 0.001529 0.101914 0.045267
35.480777 1.340990 46.104732 1.702105
0.479913 0.106799 0.067732 0.010036
0.106799 0.045979 0.011854 0.001929
0.067732 0.011854 0.508249 0.100929
0.010036 0.001929 0.100929 0.045297
35.502656 1.199529 46.799439 1.675922
0.512044 0.112282 0.041121 0.004036
0.112282 0.046911 0.005275 0.000561
0.041121 0.005275 0.509934 0.102715
0.004036 0.000561 0.102715 0.045886
