2.939412 2.137885 1.360362 -0.347891
1.958891 0.783573 -0.252067 -0.100829
0.783573 80.317503 -0.100829 -0.040332
-0.252067 -0.100829 4.026186 1.610509
-0.100829 -0.040332 1.610509 80.648284
2.479487 -0.561245 3.336171 3.115674
3.642753 6.515235 -1.027700 -1.595918
6.515235 18.511135 -1.823602 -3.516059
-1.027700 -1.823602 0.994736 1.596080
-1.595918 -3.516059 1.596080 15.039969
5.547979 2.930460 2.476073 -0.070549
1.589497 1.684661 -0.603002 -0.685698
1.684661 3.469838 -0.524984 -0.910884
-0.603002 -0.524984 2.489366 3.691135
-0.685698 -0.910884 3.691135 7.194720
6.841960 2.849579 4.703629 2.007032
1.220373 1.027798 0.301582 0.331560
1.027798 1.510361 0.281725 0.146910
0.301582 0.281725 1.083757 1.011902
0.331560 0.146910 1.011902 1.479687
7.194575 2.133104 5.111269 1.603377
0.642209 0.446270 -0.119005 -0.099244
0.446270 0.611946 -0.128968 -0.170904
-0.119005 -0.128968 1.308523 0.940219
-0.099244 -0.170904 0.940219 0.913257
7.340870 1.566141 6.559471 1.988556
0.690030 0.420713 -0.258412 -0.161680
0.420713 0.415854 -0.182471 -0.144981
-0.258412 -0.182471 1.376026 0.779047
-0.161680 -0.144981 0.779047 0.570012
8.884474 1.959789 7.358339 1.886513
0.824439 0.427419 -0.324862 -0.162652
0.427419 0.315889 -0.175712 -0.105281
-0.324862 -0.175712 1.314701 0.610388
-0.162652 -0.105281 0.610388 0.364454
7.479940 0.908490 8.081420 1.821141
0.639102 0.281485 -0.508221 -0.204500
0.281485 0.186374 -0.223505 -0.100721
-0.508221 -0.223505 1.046726 0.414134
-0.204500 -0.100721 0.414134 0.220730
8.196053 1.011336 8.852716 1.774230
0.682115 0.266655 -0.433256 -0.146876
0.266655 0.149481 -0.157697 -0.060816
-0.433256 -0.157697 0.939241 0.325841
-0.146876 -0.060816 0.325841 0.156490
9.223901 1.166018 8.202657 1.294192
0.700791 0.243647 -0.415215 -0.122283
0.243647 0.119990 -0.132746 -0.044586
-0.415215 -0.132746 0.776752 0.240572
-0.122283 -0.044586 0.240572 0.110024
9.851385 1.191983 9.308665 1.429885
0.668207 0.209588 -0.355485 -0.091997
0.209588 0.095251 -0.098170 -0.029652
-0.355485 -0.098170 0.724521 0.206284
-0.091997 -0.029652 0.206284 0.089395
10.569674 1.230406 10.095189 1.452108
0.692264 0.199300 -0.314263 -0.071762
0.199300 0.083482 -0.075705 -0.020654
-0.314263 -0.075705 0.726793 0.192976
-0.071762 -0.020654 0.192976 0.078860
11.220771 1.241307 10.863546 1.463745
0.699617 0.186518 -0.266661 -0.053994
0.186518 0.073810 -0.056453 -0.014209
-0.266661 -0.056453 0.717313 0.179020
-0.053994 -0.014209 0.179020 0.070387
12.531895 1.420047 11.686048 1.499379
0.681532 0.169474 -0.232175 -0.042881
0.169474 0.065095 -0.044258 -0.010616
-0.232175 -0.044258 0.702525 0.165901
-0.042881 -0.010616 0.165901 0.063719
13.452261 1.472888 12.549413 1.529501
0.611558 0.143603 -0.179125 -0.030019
0.143603 0.056112 -0.030641 -0.007352
-0.179125 -0.030641 0.632815 0.142708
-0.030019 -0.007352 0.142708 0.056063
13.886333 1.406938 13.507653 1.567302
0.616680 0.138601 -0.166503 -0.026376
0.138601 0.053366 -0.027018 -0.006322
-0.166503 -0.027018 0.623862 0.135834
-0.026376 -0.006322 0.135834 0.053151
14.713490 1.440989 14.698359 1.657109
0.605868 0.131600 -0.129301 -0.018061
0.131600 0.050847 -0.018543 -0.004379
-0.129301 -0.018543 0.603349 0.128042
-0.018061 -0.004379 0.128042 0.050655
16.168421 1.605928 16.059411 1.780105
0.568295 0.120125 -0.092909 -0.011188
0.120125 0.047829 -0.011423 -0.002980
-0.092909 -0.011423 0.568227 0.118319
-0.011188 -0.002980 0.118319 0.048142
16.718283 1.551396 16.828455 1.751718
0.551649 0.114349 -0.084138 -0.010294
0.114349 0.046386 -0.010502 -0.002882
-0.084138 -0.010502 0.548663 0.112724
-0.010294 -0.002882 0.112724 0.046760
17.487447 1.563697 18.896695 1.996772
0.513992 0.105642 -0.035031 -0.001253
0.105642 0.044665 -0.001572 -0.001133
-0.035031 -0.001572 0.494041 0.101159
-0.001253 -0.001133 0.101159 0.044440
18.061952 1.522178 20.011536 2.018870
0.521406 0.106706 -0.034649 -0.002391
0.106706 0.045039 -0.002670 -0.001448
-0.034649 -0.002670 0.499076 0.102476
-0.002391 -0.001448 0.102476 0.044872
18.552159 1.469003 21.333209 2.081292
0.508688 0.103692 -0.036554 -0.003859
0.103692 0.044561 -0.004096 -0.001786
-0.036554 -0.004096 0.483642 0.099458
-0.003859 -0.001786 0.099458 0.044361
19.400972 1.491415 22.208624 2.047759
0.511044 0.104206 -0.033162 -0.003809
0.104206 0.044865 -0.003987 -0.001716
-0.033162 -0.003987 0.490101 0.101294
-0.003809 -0.001716 0.101294 0.044894
19.423963 1.342194 22.893726 1.973846
0.486117 0.099166 -0.030073 -0.003827
0.099166 0.044001 -0.003981 -0.001680
-0.030073 -0.003981 0.463459 0.096055
-0.003827 -0.001680 0.096055 0.043892
19.614357 1.245468 24.390246 2.078385
0.484471 0.099415 -0.022269 -0.002606
0.099415 0.044285 -0.002746 -0.001343
-0.022269 -0.002746 0.465119 0.097179
-0.002606 -0.001343 0.097179 0.044285
19.679497 1.131164 25.679451 2.129050
0.471071 0.097188 -0.013318 -0.001188
0.097188 0.044004 -0.001314 -0.000989
-0.013318 -0.001314 0.457185 0.096093
-0.001188 -0.000989 0.096093 0.044144
20.516876 1.186851 26.388477 2.054535
0.464977 0.096628 -0.003444 0.000436
0.096628 0.044060 0.000311 -0.000600
-0.003444 0.000311 0.456568 0.096565
0.000436 -0.000600 0.096565 0.044317
21.318887 1.231023 27.847557 2.146589
0.448385 0.093820 -0.006225 -0.000681
0.093820 0.043600 -0.000747 -0.000798
-0.006225 -0.000747 0.457858 0.097281
-0.000681 -0.000798 0.097281 0.044493
22.142532 1.274893 28.800815 2.121170
0.440826 0.093071 -0.011981 -0.002202
0.093071 0.043574 -0.002236 -0.001050
-0.011981 -0.002236 0.460420 0.098126
-0.002202 -0.001050 0.098126 0.044664
22.740606 1.266528 29.897219 2.128791
0.456721 0.097263 -0.015201 -0.002943
0.097263 0.044560 -0.002967 -0.001106
-0.015201 -0.002967 0.482371 0.102972
-0.002943 -0.001106 0.102972 0.045664
23.526735 1.299304 31.136977 2.166220
0.464577 0.099232 -0.009085 -0.001583
0.099232 0.044956 -0.001590 -0.000712
-0.009085 -0.001590 0.501777 0.106762
-0.001583 -0.000712 0.106762 0.046348
23.814388 1.221763 31.907260 2.099861
0.458162 0.097894 -0.013142 -0.002496
0.097894 0.044599 -0.002506 -0.000846
-0.013142 -0.002506 0.504458 0.106642
-0.002496 -0.000846 0.106642 0.046159
24.241184 1.182191 32.711112 2.047994
0.441060 0.094367 -0.009404 -0.001655
0.094367 0.043807 -0.001638 -0.000594
-0.009404 -0.001638 0.503017 0.105741
-0.001655 -0.000594 0.105741 0.045855
25.449333 1.314798 33.703840 2.041891
0.429126 0.092228 -0.011671 -0.002135
0.092228 0.043370 -0.002122 -0.000651
-0.011671 -0.002122 0.507211 0.106173
-0.002135 -0.000651 0.106173 0.045884
25.866673 1.262572 34.381203 1.970046
0.439007 0.094921 -0.014173 -0.002584
0.094921 0.043993 -0.002595 -0.000699
-0.014173 -0.002595 0.514393 0.107245
-0.002584 -0.000699 0.107245 0.046063
26.779734 1.323798 35.505776 1.999322
0.415290 0.089974 -0.024262 -0.004593
0.089974 0.042881 -0.004660 -0.001085
-0.024262 -0.004660 0.521702 0.108293
-0.004593 -0.001085 0.108293 0.046238
27.373745 1.308374 36.170592 1.929984
0.430094 0.093826 -0.028991 -0.005250
0.093826 0.043769 -0.005373 -0.001153
-0.028991 -0.005373 0.527788 0.109057
-0.005250 -0.001153 0.109057 0.046358
27.820503 1.262908 37.092036 1.920518
0.404431 0.088344 -0.036354 -0.006506
0.088344 0.042510 -0.006621 -0.001360
-0.036354 -0.006621 0.533945 0.109828
-0.006506 -0.001360 0.109828 0.046486
28.369585 1.246149 38.460836 2.004008
0.419230 0.092216 -0.042493 -0.007312
0.092216 0.043404 -0.007467 -0.001457
-0.042493 -0.007467 0.557275 0.114120
-0.007312 -0.001457 0.114120 0.047344
29.235641 1.301477 39.862651 2.086466
0.411883 0.090721 -0.046083 -0.007658
0.090721 0.043010 -0.007732 -0.001465
-0.046083 -0.007732 0.576188 0.117171
-0.007658 -0.001465 0.117171 0.047890
30.258941 1.381706 40.454354 1.997061
0.422998 0.093468 -0.036327 -0.005240
0.093468 0.043596 -0.005246 -0.000914
-0.036327 -0.005246 0.560256 0.113050
-0.005240 -0.000914 0.113050 0.046981
31.771560 1.561635 41.099725 1.930191
0.366336 0.080946 -0.015115 -0.001156
0.080946 0.040756 -0.000496 -0.000049
-0.015115 -0.000496 0.550954 0.110846
-0.001156 -0.000049 0.110846 0.046580
32.574385 1.564369 41.579709 1.832774
0.382107 0.085596 -0.013745 -0.001072
0.085596 0.041949 -0.000652 -0.000150
-0.013745 -0.000652 0.535680 0.107619
-0.001072 -0.000150 0.107619 0.045999
33.333828 1.558703 42.358726 1.805030
0.382686 0.086223 -0.008907 -0.000353
0.086223 0.042084 0.000076 -0.000070
-0.008907 0.000076 0.530476 0.106775
-0.000353 -0.000070 0.106775 0.045949
33.596850 1.443023 43.607612 1.873391
0.402553 0.090997 -0.019428 -0.002712
0.090997 0.043113 -0.002658 -0.000667
-0.019428 -0.002658 0.539132 0.108761
-0.002712 -0.000667 0.108761 0.046454
34.244375 1.426517 44.604643 1.885365
0.417600 0.094168 -0.014424 -0.001710
0.094168 0.043687 -0.001644 -0.000452
-0.014424 -0.001644 0.522287 0.105458
-0.001710 -0.000452 0.105458 0.045846
35.130108 1.463625 44.979283 1.770649
0.437523 0.098102 -0.004413 0.000235
0.098102 0.044397 0.000335 -0.000054
-0.004413 0.000335 0.479669 0.097234
0.000235 -0.000054 0.097234 0.044284
35.746705 1.438273 45.982296 1.794556
0.466789 0.103675 -0.015522 -0.002280
0.103675 0.045420 -0.002456 -0.000655
-0.015522 -0.002456 0.475524 0.097463
-0.002280 -0.000655 0.097463 0.044530
35.844930 1.302082 46.859711 1.789239
0.483975 0.106062 -0.030895 -0.005457
0.106062 0.045683 -0.005839 -0.001330
-0.030895 -0.005839 0.465547 0.096320
-0.005457 -0.001330 0.096320 0.044420
36.127886 1.222328 47.716189 1.780294
0.506580 0.109516 -0.042894 -0.007632
0.109516 0.046213 -0.008113 -0.001721
-0.042894 -0.008113 0.454260 0.094858
-0.007632 -0.001721 0.094858 0.044205
