2.198830 1.841645 -0.036592 -0.906684
2.246440 0.898595 -0.445455 -0.178186
0.898595 80.363513 -0.178186 -0.071276
-0.445455 -0.178186 4.421321 1.768567
-0.178186 -0.071276 1.768567 80.711509
7.069713 8.761301 -2.431878 -3.872813
3.274066 5.740963 -1.451986 -2.206569
5.740963 17.773961 -2.463780 -4.901943
-1.451986 -2.463780 2.998398 4.742052
-2.206569 -4.901943 4.742052 20.891577
9.401928 6.751559 0.902141 2.301209
1.470394 1.657079 0.675555 0.974223
1.657079 3.720536 0.781849 0.636226
0.675555 0.781849 0.737075 0.964949
0.974223 0.636226 0.964949 4.244655
9.115233 3.528440 0.758760 1.448524
0.986348 0.848307 0.452993 0.359869
0.848307 1.371361 0.178878 0.042393
0.452993 0.178878 1.324940 1.557078
0.359869 0.042393 1.557078 2.534709
7.855301 1.115535 3.368510 3.314710
0.573565 0.367341 0.574838 0.415364
0.367341 0.504392 0.309967 0.252999
0.574838 0.309967 1.177002 0.912048
0.415364 0.252999 0.912048 0.957349
8.159450 0.994653 4.533802 3.024319
0.629725 0.388864 0.374180 0.182229
0.388864 0.384057 0.127832 0.077294
0.374180 0.127832 1.208584 0.735220
0.182229 0.077294 0.735220 0.576634
7.798446 0.525348 5.944893 3.016097
0.500324 0.277276 0.002548 -0.023603
0.277276 0.235563 -0.069552 -0.026448
0.002548 -0.069552 1.076275 0.542073
-0.023603 -0.026448 0.542073 0.350615
8.464376 0.762923 6.077979 2.430329
0.603103 0.289931 -0.162188 -0.079404
0.289931 0.191487 -0.113938 -0.037581
-0.162188 -0.113938 1.085672 0.459625
-0.079404 -0.037581 0.459625 0.247472
8.677442 0.695845 7.195295 2.394878
0.689269 0.283756 -0.226167 -0.082713
0.283756 0.154144 -0.107643 -0.028388
-0.226167 -0.107643 1.064937 0.387308
-0.082713 -0.028388 0.387308 0.180733
10.760597 1.317678 7.514027 2.127227
0.690867 0.247229 -0.237659 -0.070479
0.247229 0.118062 -0.087991 -0.018493
-0.237659 -0.087991 1.029304 0.329009
-0.070479 -0.018493 0.329009 0.137744
11.214159 1.252278 8.595744 2.129626
0.726064 0.230660 -0.237594 -0.058766
0.230660 0.098648 -0.072036 -0.012257
-0.237594 -0.072036 0.982307 0.281272
-0.058766 -0.012257 0.281272 0.108891
10.859806 0.974705 10.379556 2.303919
0.733989 0.210392 -0.210705 -0.043720
0.210392 0.083373 -0.053934 -0.007006
-0.210705 -0.053934 0.873515 0.227900
-0.043720 -0.007006 0.227900 0.085351
10.827279 0.832536 11.124331 2.194498
0.712236 0.186602 -0.216228 -0.040617
0.186602 0.070765 -0.049090 -0.006132
-0.216228 -0.049090 0.781935 0.188634
-0.040617 -0.006132 0.188634 0.069992
10.974079 0.769242 12.477794 2.248968
0.728186 0.177550 -0.187638 -0.029827
0.177550 0.064675 -0.036628 -0.003387
-0.187638 -0.036628 0.755745 0.172181
-0.029827 -0.003387 0.172181 0.063000
11.660245 0.845806 14.069654 2.358268
0.697440 0.159883 -0.151517 -0.020260
0.159883 0.057948 -0.025509 -0.001527
-0.151517 -0.025509 0.693887 0.150838
-0.020260 -0.001527 0.150838 0.056231
12.391548 0.910718 15.026216 2.316504
0.676837 0.147401 -0.143965 -0.018094
0.147401 0.053575 -0.022287 -0.001474
-0.143965 -0.022287 0.662618 0.138802
-0.018094 -0.001474 0.138802 0.052445
13.619226 1.072761 16.057836 2.304341
0.618179 0.129742 -0.098615 -0.009166
0.129742 0.049038 -0.012078 -0.000037
-0.098615 -0.012078 0.606535 0.124188
-0.009166 -0.000037 0.124188 0.048879
14.796560 1.197966 16.702686 2.211823
0.569822 0.116758 -0.063882 -0.003213
0.116758 0.046132 -0.005242 0.000694
-0.063882 -0.005242 0.564799 0.114206
-0.003213 0.000694 0.114206 0.046700
15.476454 1.210922 17.538239 2.158369
0.552779 0.111633 -0.054226 -0.002362
0.111633 0.045161 -0.004001 0.000416
-0.054226 -0.004001 0.544337 0.109318
-0.002362 0.000416 0.109318 0.045740
16.073312 1.213304 18.970983 2.229563
0.528736 0.106146 -0.026614 0.001986
0.106146 0.044309 0.000553 0.000885
-0.026614 0.000553 0.508005 0.102096
0.001986 0.000885 0.102096 0.044476
16.430587 1.162358 19.996161 2.208519
0.518702 0.103955 -0.020813 0.001817
0.103955 0.044165 0.000586 0.000505
-0.020813 0.000586 0.490424 0.099065
0.001817 0.000505 0.099065 0.044099
17.287005 1.216727 20.980652 2.186718
0.509827 0.102293 -0.021448 0.000485
0.102293 0.044131 -0.000469 -0.000000
-0.021448 -0.000469 0.485487 0.098803
0.000485 -0.000000 0.098803 0.044279
17.920894 1.219130 21.649816 2.099797
0.503884 0.101503 -0.016814 0.000496
0.101503 0.044272 -0.000286 -0.000152
-0.016814 -0.000286 0.479907 0.098431
0.000496 -0.000152 0.098431 0.044399
18.471397 1.211602 23.563384 2.278038
0.481948 0.097712 0.013887 0.005907
0.097712 0.043794 0.005167 0.000821
0.013887 0.005167 0.458001 0.094805
0.005907 0.000821 0.094805 0.043834
19.396064 1.275173 24.123994 2.158361
0.464103 0.094944 0.029606 0.007926
0.094944 0.043502 0.007290 0.001082
0.029606 0.007290 0.446642 0.093447
0.007926 0.001082 0.093447 0.043715
20.301264 1.330489 25.041985 2.124558
0.461109 0.095357 0.035023 0.007842
0.095357 0.043831 0.007307 0.000949
0.035023 0.007307 0.448656 0.094835
0.007842 0.000949 0.094835 0.044125
21.427949 1.425541 26.739899 2.259299
0.467272 0.097520 0.040622 0.007988
0.097520 0.044444 0.007500 0.000919
0.040622 0.007500 0.468848 0.099812
0.007988 0.000919 0.099812 0.045220
21.954067 1.386765 27.748489 2.234091
0.459348 0.096464 0.031419 0.005173
0.096464 0.044299 0.004763 0.000319
0.031419 0.004763 0.473859 0.101001
0.005173 0.000319 0.101001 0.045393
22.677208 1.390750 29.351028 2.337500
0.459894 0.097127 0.038327 0.006192
0.097127 0.044485 0.005766 0.000597
0.038327 0.005766 0.492111 0.104783
0.006192 0.000597 0.104783 0.046089
23.331414 1.381171 30.668517 2.369304
0.459782 0.097588 0.027856 0.003529
0.097588 0.044605 0.003073 0.000081
0.027856 0.003073 0.512220 0.108645
0.003529 0.000081 0.108645 0.046765
24.013799 1.382119 31.370155 2.267520
0.474152 0.100961 0.025404 0.002853
0.100961 0.045306 0.002491 0.000056
0.025404 0.002491 0.524006 0.110336
0.002853 0.000056 0.110336 0.046932
24.145112 1.267167 31.703904 2.103075
0.462582 0.098439 0.019116 0.001638
0.098439 0.044683 0.001319 -0.000060
0.019116 0.001319 0.513663 0.107320
0.001638 -0.000060 0.107320 0.046139
24.294164 1.166127 32.284913 2.007405
0.437651 0.093305 0.008301 -0.000317
0.093305 0.043566 -0.000744 -0.000349
0.008301 -0.000744 0.513293 0.106796
-0.000317 -0.000349 0.106796 0.045977
24.686477 1.125524 33.206895 1.991191
0.445757 0.095658 0.000358 -0.001639
0.095658 0.044133 -0.002102 -0.000515
0.000358 -0.002102 0.536324 0.111221
-0.001639 -0.000515 0.111221 0.046873
24.750869 1.020339 33.525633 1.853154
0.453160 0.097541 -0.008728 -0.003076
0.097541 0.044524 -0.003540 -0.000698
-0.008728 -0.003540 0.546507 0.112613
-0.003076 -0.000698 0.112613 0.047077
26.132010 1.206463 35.177767 2.000204
0.401557 0.086492 -0.027856 -0.006362
0.086492 0.042091 -0.007041 -0.001286
-0.027856 -0.007041 0.556658 0.113965
-0.006362 -0.001286 0.113965 0.047286
26.495341 1.154170 36.113019 1.986974
0.411565 0.089727 -0.028129 -0.005647
0.089727 0.042935 -0.006200 -0.000987
-0.028129 -0.006200 0.573050 0.116528
-0.005647 -0.000987 0.116528 0.047745
27.378522 1.221084 36.874025 1.940509
0.423335 0.092896 -0.025434 -0.004488
0.092896 0.043646 -0.004881 -0.000651
-0.025434 -0.004881 0.590058 0.119080
-0.004488 -0.000651 0.119080 0.048191
28.750575 1.390012 38.560646 2.085763
0.425721 0.093579 -0.026324 -0.004262
0.093579 0.043723 -0.004577 -0.000578
-0.026324 -0.004577 0.601915 0.120468
-0.004262 -0.000578 0.120468 0.048395
29.605212 1.423793 39.091018 1.984415
0.459719 0.101110 -0.020237 -0.002647
0.101110 0.045300 -0.002877 -0.000230
-0.020237 -0.002877 0.599877 0.119122
-0.002647 -0.000230 0.119122 0.048078
30.630186 1.490556 39.501168 1.870420
0.414856 0.090569 -0.019263 -0.002507
0.090569 0.042778 -0.002532 -0.000247
-0.019263 -0.002532 0.599404 0.118342
-0.002507 -0.000247 0.118342 0.047929
31.142136 1.440255 40.732496 1.927916
0.417806 0.091548 -0.024945 -0.003558
0.091548 0.043025 -0.003680 -0.000518
-0.024945 -0.003680 0.612367 0.120378
-0.003558 -0.000518 0.120378 0.048367
32.089292 1.490997 41.962784 1.980845
0.430413 0.094548 -0.015311 -0.001509
0.094548 0.043690 -0.001381 -0.000086
-0.015311 -0.001381 0.624651 0.122245
-0.001509 -0.000086 0.122245 0.048761
31.850347 1.271300 41.722806 1.738049
0.448035 0.098261 -0.020774 -0.002613
0.098261 0.044432 -0.002746 -0.000405
-0.020774 -0.002746 0.609939 0.118732
-0.002613 -0.000405 0.118732 0.048081
32.973827 1.378822 42.931789 1.805692
0.416298 0.090912 0.005528 0.002392
0.090912 0.042722 0.002988 0.000652
0.005528 0.002988 0.601470 0.116964
0.002392 0.000652 0.116964 0.047836
33.716246 1.390343 43.791770 1.797467
0.445293 0.097539 0.010829 0.003040
0.097539 0.044222 0.003578 0.000669
0.010829 0.003578 0.596218 0.115964
0.003040 0.000669 0.115964 0.047748
34.118718 1.326237 44.440040 1.748389
0.470787 0.102680 0.008869 0.002228
0.102680 0.045247 0.002571 0.000389
0.008869 0.002571 0.582098 0.113349
0.002228 0.000389 0.113349 0.047346
34.089528 1.176217 44.606379 1.609852
0.504340 0.109064 0.002013 0.000567
0.109064 0.046464 0.000686 -0.000024
0.002013 0.000686 0.575118 0.112365
0.000567 -0.000024 0.112365 0.047284
35.767324 1.409078 46.582795 1.839718
0.538972 0.115086 0.015728 0.003119
0.115086 0.047523 0.003449 0.000520
0.015728 0.003449 0.569595 0.111732
0.003119 0.000520 0.111732 0.047277
36.434482 1.401174 47.600057 1.858929
0.563955 0.118569 0.014995 0.002622
0.118569 0.047996 0.002909 0.000375
0.014995 0.002909 0.534256 0.105240
0.002622 0.000375 0.105240 0.046095
