5.606818 3.204870 0.600890 -0.651686
2.210512 0.884224 -0.763187 -0.305281
0.884224 80.357764 -0.305281 -0.122115
-0.763187 -0.305281 4.624100 1.849680
-0.305281 -0.122115 1.849680 80.743955
5.364244 -0.036175 0.814084 0.093760
2.840783 5.042516 0.049632 0.247434
5.042516 16.492488 0.184424 -1.387755
0.049632 0.184424 1.622841 2.577085
0.247434 -1.387755 2.577085 17.899515
2.869948 -2.838842 2.156557 1.884844
3.175587 3.532667 -0.387740 -0.604629
3.532667 5.699840 -0.494281 -1.092657
-0.387740 -0.494281 1.349245 1.803518
-0.604629 -1.092657 1.803518 4.989014
4.589747 -0.358861 1.882032 0.707225
1.487303 1.183121 -0.956199 -0.929262
1.183121 1.634287 -0.794223 -0.872713
-0.956199 -0.794223 2.178588 2.127061
-0.929262 -0.872713 2.127061 2.870215
5.153564 0.175857 3.789565 1.857391
1.531884 1.007378 -0.549200 -0.343872
1.007378 0.999008 -0.340497 -0.263453
-0.549200 -0.340497 1.015359 0.715423
-0.343872 -0.263453 0.715423 0.850411
8.021102 1.664610 3.262946 1.079660
1.399981 0.756413 -0.498248 -0.249492
0.756413 0.596925 -0.237718 -0.149500
-0.498248 -0.237718 1.299520 0.768700
-0.249492 -0.149500 0.768700 0.637773
9.894410 2.161221 4.329354 1.371068
1.257924 0.577192 -0.377027 -0.152930
0.577192 0.382677 -0.146453 -0.080076
-0.377027 -0.146453 1.287502 0.631225
-0.152930 -0.080076 0.631225 0.419457
8.161215 1.064188 7.271350 2.267316
0.274800 0.109749 -0.065123 -0.022118
0.109749 0.124451 -0.007745 -0.017543
-0.065123 -0.007745 1.101263 0.462742
-0.022118 -0.017543 0.462742 0.267884
8.955851 1.166249 7.724525 2.017940
0.359409 0.149511 -0.083393 -0.030514
0.149511 0.119453 -0.022537 -0.019753
-0.083393 -0.022537 1.071959 0.392888
-0.030514 -0.019753 0.392888 0.197729
10.309282 1.462151 7.993286 1.772969
0.449415 0.175247 -0.118612 -0.041102
0.175247 0.110591 -0.037501 -0.021207
-0.118612 -0.037501 1.081126 0.352092
-0.041102 -0.021207 0.352092 0.156930
10.969358 1.441827 9.607821 1.986356
0.529371 0.188024 -0.127023 -0.040370
0.188024 0.100038 -0.038689 -0.018187
-0.127023 -0.038689 0.964460 0.282877
-0.040370 -0.018187 0.282877 0.118299
11.709379 1.447076 10.443673 1.944085
0.608837 0.196135 -0.139710 -0.040400
0.196135 0.091124 -0.039649 -0.015798
-0.139710 -0.039649 0.936253 0.251683
-0.040400 -0.015798 0.251683 0.098700
12.765868 1.546770 11.715853 2.017684
0.634415 0.186119 -0.138691 -0.036497
0.186119 0.079446 -0.036238 -0.012806
-0.138691 -0.036238 0.853487 0.212716
-0.036497 -0.012806 0.212716 0.081385
13.746087 1.603476 12.841640 2.044766
0.641033 0.173192 -0.124927 -0.030137
0.173192 0.069896 -0.029756 -0.009714
-0.124927 -0.029756 0.786152 0.184177
-0.030137 -0.009714 0.184177 0.069871
14.495958 1.590663 13.919776 2.057194
0.597733 0.150372 -0.120571 -0.026827
0.150372 0.060027 -0.026924 -0.008006
-0.120571 -0.026924 0.681533 0.151974
-0.026827 -0.008006 0.151974 0.059621
15.279602 1.588253 15.016226 2.071826
0.597452 0.142049 -0.130878 -0.027134
0.142049 0.055585 -0.027618 -0.007366
-0.130878 -0.027618 0.648693 0.139848
-0.027134 -0.007366 0.139848 0.055301
16.456127 1.677372 16.326154 2.131141
0.566583 0.128784 -0.091637 -0.017109
0.128784 0.051017 -0.017016 -0.004518
-0.091637 -0.017016 0.597009 0.125601
-0.017109 -0.004518 0.125601 0.051251
17.163330 1.644769 16.856262 2.019150
0.547906 0.120257 -0.088258 -0.015669
0.120257 0.048259 -0.015638 -0.003935
-0.088258 -0.015638 0.569289 0.117949
-0.015669 -0.003935 0.117949 0.049089
17.688381 1.583114 18.189338 2.084126
0.540483 0.115774 -0.065317 -0.010297
0.115774 0.046889 -0.010192 -0.002581
-0.065317 -0.010192 0.544705 0.111962
-0.010297 -0.002581 0.111962 0.047577
18.611764 1.607583 18.745114 1.985004
0.492573 0.103560 -0.050023 -0.007278
0.103560 0.044133 -0.007152 -0.001916
-0.050023 -0.007152 0.495266 0.101465
-0.007278 -0.001916 0.101465 0.045302
19.145717 1.549843 19.550408 1.944687
0.500506 0.104561 -0.040700 -0.005370
0.104561 0.044478 -0.005256 -0.001462
-0.040700 -0.005256 0.499887 0.103034
-0.005370 -0.001462 0.103034 0.045705
19.489373 1.461712 20.795130 1.998679
0.508072 0.105577 -0.027332 -0.002772
0.105577 0.044821 -0.002698 -0.000908
-0.027332 -0.002698 0.501528 0.103779
-0.002772 -0.000908 0.103779 0.045884
20.737531 1.565914 21.230927 1.884231
0.504634 0.104410 -0.003108 0.001826
0.104410 0.044709 0.001902 0.000019
-0.003108 0.001902 0.503906 0.104587
0.001826 0.000019 0.104587 0.046054
20.976411 1.453767 22.195787 1.887120
0.507331 0.104669 0.006245 0.003008
0.104669 0.044897 0.003053 0.000178
0.006245 0.003053 0.505375 0.104992
0.003008 0.000178 0.104992 0.046100
21.100588 1.329993 23.274931 1.914163
0.497955 0.102515 0.016794 0.004416
0.102515 0.044579 0.004433 0.000398
0.016794 0.004433 0.496854 0.103245
0.004416 0.000398 0.103245 0.045691
20.760602 1.123017 24.225756 1.912568
0.490870 0.101101 0.019046 0.004106
0.101101 0.044440 0.004117 0.000283
0.019046 0.004117 0.491572 0.102294
0.004106 0.000283 0.102294 0.045479
21.424506 1.144334 24.981223 1.870587
0.489409 0.101015 0.025835 0.004904
0.101015 0.044576 0.004896 0.000440
0.025835 0.004896 0.492857 0.102758
0.004904 0.000440 0.102758 0.045573
21.810950 1.104749 26.461686 1.984853
0.477737 0.098857 0.019221 0.002968
0.098857 0.044261 0.002947 0.000043
0.019221 0.002947 0.493712 0.103071
0.002968 0.000043 0.103071 0.045623
22.059480 1.040947 27.681161 2.033156
0.459863 0.095522 0.041569 0.007399
0.095522 0.043694 0.007333 0.001030
0.041569 0.007333 0.485118 0.101270
0.007399 0.001030 0.101270 0.045205
22.464723 1.017870 28.435036 1.978595
0.474825 0.099408 0.035116 0.005353
0.099408 0.044677 0.005275 0.000572
0.035116 0.005275 0.506278 0.105940
0.005353 0.000572 0.105940 0.046196
22.491791 0.913921 29.974508 2.095947
0.471609 0.098951 0.046628 0.007459
0.098951 0.044612 0.007316 0.001055
0.046628 0.007316 0.522888 0.109083
0.007459 0.001055 0.109083 0.046755
23.226414 0.973444 30.853899 2.059291
0.467431 0.098419 0.034710 0.004566
0.098419 0.044550 0.004328 0.000461
0.034710 0.004328 0.534726 0.111068
0.004566 0.000461 0.111068 0.047063
24.003759 1.030487 32.663671 2.218954
0.432934 0.091496 0.018241 0.001279
0.091496 0.043129 0.000801 -0.000141
0.018241 0.000801 0.536486 0.110845
0.001279 -0.000141 0.110845 0.046912
24.282268 0.978876 33.976967 2.262094
0.429802 0.091707 0.019142 0.001731
0.091707 0.043298 0.001273 0.000087
0.019142 0.001273 0.549425 0.112915
0.001731 0.000087 0.112915 0.047253
24.333525 0.888790 34.191872 2.076844
0.435741 0.093768 0.010333 0.000108
0.093768 0.043819 -0.000364 -0.000161
0.010333 -0.000364 0.557359 0.113880
0.000108 -0.000161 0.113880 0.047373
24.994041 0.935014 35.363054 2.103000
0.430357 0.093039 0.006840 -0.000231
0.093039 0.043655 -0.000733 -0.000130
0.006840 -0.000733 0.572024 0.116183
-0.000231 -0.000130 0.116183 0.047776
26.386643 1.133267 37.274760 2.273826
0.396040 0.086038 -0.007292 -0.002636
0.086038 0.042130 -0.003389 -0.000564
-0.007292 -0.003389 0.582388 0.117518
-0.002636 -0.000564 0.117518 0.047981
27.173825 1.182778 37.867997 2.164511
0.398683 0.087624 -0.011294 -0.002930
0.087624 0.042575 -0.003609 -0.000517
-0.011294 -0.003609 0.583902 0.117027
-0.002930 -0.000517 0.117027 0.047824
28.109634 1.259255 38.716907 2.117818
0.395256 0.087544 -0.010790 -0.002357
0.087544 0.042565 -0.002897 -0.000312
-0.010790 -0.002897 0.590040 0.117617
-0.002357 -0.000312 0.117617 0.047926
28.677700 1.245586 38.953222 1.954623
0.403424 0.089920 -0.012273 -0.002301
0.089920 0.043072 -0.002772 -0.000263
-0.012273 -0.002772 0.581649 0.115376
-0.002301 -0.000263 0.115376 0.047480
29.847257 1.367464 39.470517 1.864135
0.409014 0.091374 -0.003222 -0.000223
0.091374 0.043308 -0.000384 0.000214
-0.003222 -0.000384 0.567896 0.112390
-0.000223 0.000214 0.112390 0.046946
30.171448 1.286570 39.591689 1.703160
0.421123 0.094061 -0.005343 -0.000587
0.094061 0.043792 -0.000779 0.000092
-0.005343 -0.000779 0.575243 0.113903
-0.000587 0.000092 0.113903 0.047349
30.901707 1.305846 40.344129 1.683643
0.430645 0.095858 -0.005578 -0.000575
0.095858 0.044040 -0.000734 0.000066
-0.005578 -0.000734 0.589629 0.116704
-0.000575 0.000066 0.116704 0.047970
31.166861 1.219882 41.095080 1.665202
0.439550 0.097334 -0.013267 -0.002060
0.097334 0.044211 -0.002371 -0.000292
-0.013267 -0.002371 0.604111 0.119291
-0.002060 -0.000292 0.119291 0.048495
31.616747 1.185036 42.241354 1.726675
0.449857 0.099015 -0.009186 -0.001106
0.099015 0.044442 -0.001257 -0.000078
-0.009186 -0.001257 0.620049 0.121994
-0.001106 -0.000078 0.121994 0.049012
31.887879 1.112818 41.582029 1.428041
0.458427 0.100218 0.006898 0.002078
0.100218 0.044579 0.002291 0.000589
0.006898 0.002291 0.606888 0.118835
0.002078 0.000589 0.118835 0.048355
32.601662 1.147377 42.808339 1.528301
0.472355 0.102523 0.012085 0.002833
0.102523 0.044971 0.003116 0.000672
0.012085 0.003116 0.624143 0.121972
0.002833 0.000672 0.121972 0.049000
33.171929 1.146502 42.971622 1.411325
0.451375 0.097170 0.040259 0.007995
0.097170 0.043711 0.008806 0.001704
0.040259 0.008806 0.610869 0.118936
0.007995 0.001704 0.118936 0.048398
34.557392 1.319541 44.947401 1.657452
0.467610 0.100440 0.050671 0.009271
0.100440 0.044447 0.010149 0.001824
0.050671 0.010149 0.617249 0.120045
0.009271 0.001824 0.120045 0.048661
35.863989 1.454761 47.017405 1.896958
0.496334 0.106116 0.052229 0.008746
0.106116 0.045641 0.009619 0.001595
0.052229 0.009619 0.596967 0.115920
0.008746 0.001595 0.115920 0.047889
