0.593332 1.199432 0.701539 -0.611426
2.742813 1.097149 -0.783817 -0.313534
1.097149 80.442936 -0.313534 -0.125416
-0.783817 -0.313534 4.648380 1.859392
-0.313534 -0.125416 1.859392 80.747840
3.122586 4.653618 2.431472 2.728034
2.910629 4.923167 -1.802170 -2.684088
4.923167 17.403192 -2.969569 -6.380972
-1.802170 -2.969569 2.450505 3.776802
-2.684088 -6.380972 3.776802 19.676612
9.347715 9.186443 3.531432 3.149920
2.235502 2.532812 -0.813971 -0.640822
2.532812 4.981286 -0.710775 -1.322234
-0.813971 -0.710775 2.401574 3.038220
-0.640822 -1.322234 3.038220 6.626436
10.004785 5.850942 4.238449 2.127438
1.384889 1.161221 -0.236624 -0.133629
1.161221 1.759628 -0.147151 -0.435476
-0.236624 -0.147151 2.292512 2.072880
-0.133629 -0.435476 2.072880 2.804550
9.168187 3.290067 4.104948 1.329775
0.481754 0.329790 -0.130506 -0.092414
0.329790 0.593640 -0.102912 -0.245401
-0.130506 -0.102912 2.110917 1.447849
-0.092414 -0.245401 1.447849 1.417373
10.140340 2.845442 5.469394 1.752190
0.712344 0.465090 -0.149661 -0.123956
0.465090 0.491628 -0.113564 -0.174493
-0.149661 -0.113564 1.700591 0.939058
-0.123956 -0.174493 0.939058 0.750349
10.021876 2.019448 5.080967 1.251552
0.589034 0.323922 -0.272727 -0.156024
0.323922 0.284713 -0.166380 -0.138429
-0.272727 -0.166380 1.632898 0.764483
-0.156024 -0.138429 0.764483 0.499306
10.842214 1.924202 6.729275 1.663111
0.734232 0.348135 -0.257102 -0.131516
0.348135 0.232735 -0.129194 -0.091533
-0.257102 -0.129194 1.369351 0.551293
-0.131516 -0.091533 0.551293 0.317196
11.892322 1.956579 8.411056 1.957574
0.757581 0.309042 -0.220593 -0.099590
0.309042 0.173667 -0.094399 -0.058727
-0.220593 -0.094399 1.160455 0.412031
-0.099590 -0.058727 0.412031 0.215375
11.965893 1.636068 8.720080 1.765602
0.741454 0.265276 -0.257282 -0.097291
0.265276 0.131550 -0.095244 -0.046869
-0.257282 -0.095244 1.077882 0.345996
-0.097291 -0.046869 0.345996 0.164428
12.228928 1.459312 9.410870 1.718019
0.749873 0.239586 -0.259575 -0.085948
0.239586 0.106924 -0.084291 -0.035578
-0.259575 -0.084291 1.009571 0.295986
-0.085948 -0.035578 0.295986 0.130289
12.649980 1.370017 10.563646 1.799554
0.741545 0.214678 -0.224959 -0.066822
0.214678 0.088877 -0.064930 -0.024915
-0.224959 -0.064930 0.916950 0.248093
-0.066822 -0.024915 0.248093 0.104290
12.038438 1.023911 11.020181 1.693801
0.643794 0.171145 -0.260953 -0.068660
0.171145 0.070118 -0.068366 -0.022237
-0.260953 -0.068366 0.786073 0.199192
-0.068660 -0.022237 0.199192 0.083475
12.733138 1.067976 11.473933 1.599268
0.628814 0.156789 -0.216698 -0.051498
0.156789 0.062536 -0.050972 -0.015424
-0.216698 -0.050972 0.747607 0.179914
-0.051498 -0.015424 0.179914 0.073502
13.177557 1.050203 12.828881 1.727471
0.635505 0.150241 -0.189148 -0.040844
0.150241 0.058342 -0.040496 -0.011394
-0.189148 -0.040496 0.712092 0.164051
-0.040844 -0.011394 0.164051 0.066112
13.729882 1.058873 14.015935 1.800054
0.604034 0.136563 -0.138443 -0.026808
0.136563 0.053445 -0.026581 -0.007308
-0.138443 -0.026581 0.650061 0.144594
-0.026808 -0.007308 0.144594 0.059211
13.688663 0.940930 15.857736 2.001092
0.596356 0.130212 -0.114175 -0.020193
0.130212 0.050977 -0.020350 -0.005423
-0.114175 -0.020350 0.594464 0.128850
-0.020193 -0.005423 0.128850 0.054121
13.605324 0.825834 17.257934 2.082224
0.595106 0.126455 -0.085763 -0.013383
0.126455 0.049536 -0.013763 -0.003684
-0.085763 -0.013763 0.564840 0.120560
-0.013383 -0.003684 0.120560 0.051342
14.843378 0.999969 18.556273 2.143634
0.562714 0.116803 -0.081024 -0.012558
0.116803 0.047114 -0.012820 -0.003387
-0.081024 -0.012820 0.537145 0.113356
-0.012558 -0.003387 0.113356 0.049120
15.232331 0.976051 19.483938 2.112301
0.555902 0.113896 -0.063950 -0.008912
0.113896 0.046451 -0.009250 -0.002505
-0.063950 -0.009250 0.524466 0.110143
-0.008912 -0.002505 0.110143 0.048040
16.065390 1.046082 20.504121 2.107432
0.537241 0.109048 -0.055310 -0.007436
0.109048 0.045498 -0.007731 -0.002151
-0.055310 -0.007731 0.508187 0.106375
-0.007436 -0.002151 0.106375 0.046958
16.550116 1.036059 21.209903 2.034110
0.518186 0.104811 -0.042671 -0.005174
0.104811 0.044793 -0.005512 -0.001666
-0.042671 -0.005512 0.485288 0.101565
-0.005174 -0.001666 0.101565 0.045781
17.485285 1.120658 22.222980 2.036025
0.522041 0.105688 -0.036925 -0.004328
0.105688 0.045184 -0.004585 -0.001445
-0.036925 -0.004585 0.499861 0.104974
-0.004328 -0.001445 0.104974 0.046429
18.251049 1.160248 22.832548 1.951355
0.517034 0.104719 -0.036590 -0.004681
0.104719 0.045152 -0.004869 -0.001498
-0.036590 -0.004869 0.498571 0.104600
-0.004681 -0.001498 0.104600 0.046209
19.136164 1.219988 23.326510 1.851805
0.486050 0.098740 -0.008878 0.000695
0.098740 0.044123 0.000390 -0.000393
-0.008878 0.000390 0.471099 0.098880
0.000695 -0.000393 0.098880 0.044926
19.959501 1.265637 24.848152 1.978220
0.474076 0.097030 -0.011129 -0.000536
0.097030 0.043997 -0.000733 -0.000684
-0.011129 -0.000733 0.468217 0.098673
-0.000536 -0.000684 0.098673 0.044879
20.252620 1.194761 25.538308 1.914012
0.465663 0.096168 -0.001755 0.000945
0.096168 0.044021 0.000745 -0.000367
-0.001755 0.000745 0.460884 0.097502
0.000945 -0.000367 0.097502 0.044624
21.095232 1.246162 26.724246 1.963056
0.462354 0.096311 -0.010738 -0.001495
0.096311 0.044202 -0.001605 -0.000867
-0.010738 -0.001605 0.467791 0.099346
-0.001495 -0.000867 0.099346 0.045007
21.364300 1.172361 28.207851 2.069397
0.449222 0.094302 0.007344 0.002139
0.094302 0.043883 0.002018 -0.000036
0.007344 0.002018 0.470499 0.100088
0.002139 -0.000036 0.100088 0.045118
21.968780 1.176235 29.192361 2.058722
0.441056 0.093387 -0.001483 -0.000222
0.093387 0.043779 -0.000308 -0.000532
-0.001483 -0.000308 0.471972 0.100423
-0.000222 -0.000532 0.100423 0.045123
22.653286 1.196768 30.372334 2.090741
0.437868 0.093481 0.004290 0.000842
0.093481 0.043858 0.000773 -0.000242
0.004290 0.000773 0.482022 0.102523
0.000842 -0.000242 0.102523 0.045505
23.415603 1.231768 31.748229 2.160765
0.442439 0.095104 0.001199 -0.000029
0.095104 0.044225 -0.000104 -0.000389
0.001199 -0.000104 0.501571 0.106421
-0.000029 -0.000389 0.106421 0.046239
24.187257 1.265562 32.613081 2.115171
0.433224 0.093479 0.003685 0.000429
0.093479 0.043833 0.000372 -0.000227
0.003685 0.000372 0.502354 0.105976
0.000429 -0.000227 0.105976 0.046004
24.729013 1.246138 33.358200 2.049653
0.435476 0.094410 -0.003454 -0.001155
0.094410 0.044014 -0.001252 -0.000522
-0.003454 -0.001252 0.507368 0.106534
-0.001155 -0.000522 0.106534 0.046030
25.711271 1.324410 34.125083 1.995468
0.409816 0.089098 -0.021989 -0.004910
0.089098 0.042807 -0.005159 -0.001263
-0.021989 -0.005159 0.503240 0.105193
-0.004910 -0.001263 0.105193 0.045681
26.296876 1.307471 34.645606 1.895972
0.411015 0.090056 -0.020856 -0.004221
0.090056 0.043053 -0.004408 -0.000981
-0.020856 -0.004408 0.502735 0.104786
-0.004221 -0.000981 0.104786 0.045575
27.072745 1.334541 35.735491 1.925632
0.430994 0.094927 -0.027970 -0.005334
0.094927 0.044107 -0.005569 -0.001141
-0.027970 -0.005569 0.524165 0.109021
-0.005334 -0.001141 0.109021 0.046455
27.666303 1.317446 36.261625 1.835087
0.418720 0.092120 -0.029790 -0.005330
0.092120 0.043360 -0.005523 -0.001065
-0.029790 -0.005523 0.521159 0.107825
-0.005330 -0.001065 0.107825 0.046141
28.153731 1.280342 37.423638 1.885050
0.438416 0.096608 -0.030628 -0.005095
0.096608 0.044295 -0.005260 -0.000953
-0.030628 -0.005260 0.541405 0.111623
-0.005095 -0.000953 0.111623 0.046909
28.920397 1.307500 38.169555 1.845142
0.431342 0.094714 -0.028772 -0.004464
0.094714 0.043740 -0.004540 -0.000792
-0.028772 -0.004540 0.542727 0.111234
-0.004464 -0.000792 0.111234 0.046765
28.887287 1.158915 39.692932 1.965284
0.417732 0.091572 -0.032073 -0.005014
0.091572 0.042976 -0.004992 -0.000899
-0.032073 -0.004992 0.565825 0.115406
-0.005014 -0.000899 0.115406 0.047587
29.613211 1.191980 40.890175 2.009380
0.406605 0.089299 -0.030150 -0.004473
0.089299 0.042480 -0.004344 -0.000778
-0.030150 -0.004344 0.574274 0.116299
-0.004473 -0.000778 0.116299 0.047695
30.332079 1.221731 42.520936 2.135967
0.421524 0.092943 -0.031137 -0.004494
0.092943 0.043320 -0.004414 -0.000793
-0.031137 -0.004414 0.588209 0.118314
-0.004494 -0.000793 0.118314 0.048049
31.226737 1.283987 43.503336 2.120079
0.427591 0.094272 -0.019286 -0.002013
0.094272 0.043571 -0.001819 -0.000288
-0.019286 -0.001819 0.567599 0.113399
-0.002013 -0.000288 0.113399 0.047025
32.133474 1.338808 43.679805 1.944896
0.437496 0.096287 -0.009666 -0.000216
0.096287 0.043950 -0.000065 0.000008
-0.009666 -0.000065 0.525624 0.104792
-0.000216 0.000008 0.104792 0.045378
33.264882 1.438984 44.305471 1.876850
0.420202 0.092188 0.015320 0.004423
0.092188 0.042975 0.004972 0.000930
0.015320 0.004972 0.495865 0.099475
0.004423 0.000930 0.099475 0.044526
33.785159 1.395814 45.578415 1.944326
0.443316 0.097291 0.003627 0.001400
0.097291 0.044099 0.001611 0.000128
0.003627 0.001611 0.498056 0.100913
0.001400 0.000128 0.100913 0.045049
34.671775 1.436675 46.149876 1.862649
0.461642 0.100844 0.007018 0.001775
0.100844 0.044786 0.001950 0.000170
0.007018 0.001950 0.465281 0.095008
0.001775 0.000170 0.095008 0.043989
35.056034 1.364198 46.868233 1.818590
0.479492 0.103970 -0.006199 -0.001270
0.103970 0.045336 -0.001265 -0.000514
-0.006199 -0.001265 0.451136 0.093313
-0.001270 -0.000514 0.093313 0.043830
35.674678 1.350568 47.800081 1.823310
0.499245 0.107268 -0.010847 -0.002219
0.107268 0.045906 -0.002245 -0.000667
-0.010847 -0.002245 0.433516 0.090847
-0.002219 -0.000667 0.090847 0.043459
