2.098642 1.801570 0.925136 -0.521985
1.964490 0.785813 -0.176171 -0.070470
0.785813 80.318399 -0.070470 -0.028189
-0.176171 -0.070470 4.040620 1.616283
-0.070470 -0.028189 1.616283 80.650594
7.492555 9.868443 1.201920 0.416140
2.761886 4.936238 -1.230498 -1.959408
4.936238 15.703412 -2.184803 -3.956858
-1.230498 -2.184803 1.553873 2.506727
-1.959408 -3.956858 2.506727 16.561794
8.984785 5.944768 1.060626 -0.703577
1.403569 1.604652 0.197686 0.534504
1.604652 3.437882 0.377655 0.412465
0.197686 0.377655 1.824054 2.609345
0.534504 0.412465 2.609345 5.841743
8.483328 2.934543 2.120725 0.591905
0.755949 0.643822 0.661043 0.625773
0.643822 1.132674 0.552958 0.361829
0.661043 0.552958 1.442719 1.357762
0.625773 0.361829 1.357762 1.933324
9.317423 2.517963 1.537519 0.003825
0.898440 0.679561 0.399066 0.190112
0.679561 0.769617 0.169414 0.000013
0.399066 0.169414 1.447397 1.049076
0.190112 0.000013 1.049076 1.046313
10.544039 2.312177 4.204520 1.574279
0.964153 0.589861 0.176319 0.021845
0.589861 0.487205 0.029959 -0.041624
0.176319 0.029959 1.151167 0.662188
0.021845 -0.041624 0.662188 0.529545
10.493795 1.705405 4.988504 1.638595
0.882655 0.443403 0.014857 -0.041007
0.443403 0.297807 -0.045950 -0.046842
0.014857 -0.045950 1.190218 0.573260
-0.041007 -0.046842 0.573260 0.365638
10.304510 1.253624 6.203179 1.835390
0.743703 0.317331 -0.100586 -0.066463
0.317331 0.186164 -0.075258 -0.039777
-0.100586 -0.075258 1.160450 0.476274
-0.066463 -0.039777 0.476274 0.256191
10.717516 1.144542 8.941297 2.483851
0.789602 0.293866 -0.159234 -0.072142
0.293866 0.147398 -0.075895 -0.030608
-0.159234 -0.075895 1.033897 0.369045
-0.072142 -0.030608 0.369045 0.177192
10.731484 0.966933 9.586798 2.301534
0.813304 0.268062 -0.223613 -0.078842
0.268062 0.119346 -0.081707 -0.026582
-0.223613 -0.081707 0.998762 0.317185
-0.078842 -0.026582 0.317185 0.137426
11.294850 0.992001 10.134795 2.128942
0.782838 0.231707 -0.228979 -0.067826
0.231707 0.095561 -0.069884 -0.019109
-0.228979 -0.069884 0.928730 0.266242
-0.067826 -0.019109 0.266242 0.107782
11.563795 0.931039 11.458040 2.196611
0.767877 0.207530 -0.213983 -0.054642
0.207530 0.080782 -0.056191 -0.013150
-0.213983 -0.056191 0.855507 0.224930
-0.054642 -0.013150 0.224930 0.087420
11.864783 0.887472 12.147512 2.094968
0.750564 0.187709 -0.216259 -0.048783
0.187709 0.070384 -0.050134 -0.010405
-0.216259 -0.050134 0.807401 0.197514
-0.048783 -0.010405 0.197514 0.074673
12.382524 0.909108 13.712700 2.216199
0.726439 0.170525 -0.172528 -0.033720
0.170525 0.062857 -0.034845 -0.006110
-0.172528 -0.034845 0.750764 0.173316
-0.033720 -0.006110 0.173316 0.065231
12.926293 0.922144 14.080933 2.052483
0.649282 0.144313 -0.167206 -0.030392
0.144313 0.054685 -0.031487 -0.005301
-0.167206 -0.031487 0.642146 0.141149
-0.030392 -0.005301 0.141149 0.055603
13.077080 0.855697 15.181817 2.064746
0.627986 0.134385 -0.159630 -0.026674
0.134385 0.051403 -0.027777 -0.004408
-0.159630 -0.027777 0.598322 0.127549
-0.026674 -0.004408 0.127549 0.051447
13.315256 0.811721 15.915992 1.998607
0.593621 0.123413 -0.148591 -0.023109
0.123413 0.048470 -0.024191 -0.003719
-0.148591 -0.024191 0.547090 0.114236
-0.023109 -0.003719 0.114236 0.047961
14.269189 0.920619 16.583761 1.937328
0.563138 0.115227 -0.113539 -0.015024
0.115227 0.046632 -0.015772 -0.002084
-0.113539 -0.015772 0.530793 0.110241
-0.015024 -0.002084 0.110241 0.046950
14.779627 0.929090 17.430710 1.912596
0.554918 0.112527 -0.092472 -0.010484
0.112527 0.046119 -0.011146 -0.001333
-0.092472 -0.011146 0.524382 0.108535
-0.010484 -0.001333 0.108535 0.046494
14.799323 0.840256 18.507855 1.930960
0.544933 0.109817 -0.078807 -0.008045
0.109817 0.045661 -0.008832 -0.001127
-0.078807 -0.008832 0.501091 0.103384
-0.008045 -0.001127 0.103384 0.045353
15.451181 0.896179 20.135436 2.072466
0.541262 0.108913 -0.057116 -0.004078
0.108913 0.045660 -0.004807 -0.000532
-0.057116 -0.004807 0.499919 0.103482
-0.004078 -0.000532 0.103482 0.045447
16.003864 0.913248 20.833617 2.003336
0.528319 0.106167 -0.046632 -0.002925
0.106167 0.045259 -0.003562 -0.000562
-0.046632 -0.003562 0.487678 0.101069
-0.002925 -0.000562 0.101069 0.044964
16.538917 0.928710 21.798467 1.996527
0.523138 0.105377 -0.030951 -0.000603
0.105377 0.045302 -0.001171 -0.000280
-0.030951 -0.001171 0.487335 0.101406
-0.000603 -0.000280 0.101406 0.045109
17.607523 1.049944 22.676217 1.976930
0.503221 0.101765 -0.006848 0.003226
0.101765 0.044770 0.002732 0.000310
-0.006848 0.002732 0.480432 0.100359
0.003226 0.000310 0.100359 0.044951
18.395781 1.101702 23.373485 1.917710
0.512027 0.104252 0.016070 0.006834
0.104252 0.045489 0.006340 0.000890
0.016070 0.006340 0.497431 0.104315
0.006834 0.000890 0.104315 0.045833
19.019671 1.117307 24.535445 1.960496
0.506283 0.103402 0.024943 0.007228
0.103402 0.045419 0.006801 0.000795
0.024943 0.006801 0.495996 0.103878
0.007228 0.000795 0.103878 0.045685
20.041490 1.212411 25.723023 2.004525
0.483931 0.099162 0.010179 0.002830
0.099162 0.044637 0.002570 -0.000214
0.010179 0.002570 0.486290 0.101710
0.002830 -0.000214 0.101710 0.045186
20.225888 1.125416 26.519998 1.961521
0.484813 0.100054 0.023381 0.004926
0.100054 0.044956 0.004674 0.000248
0.023381 0.004674 0.493552 0.103328
0.004926 0.000248 0.103328 0.045533
20.835647 1.134195 28.066021 2.079752
0.498490 0.103438 0.024467 0.004401
0.103438 0.045734 0.004172 0.000146
0.024467 0.004172 0.518788 0.108538
0.004401 0.000146 0.108538 0.046598
21.762242 1.210023 28.712590 1.996952
0.488130 0.101456 0.017995 0.002537
0.101456 0.045312 0.002330 -0.000188
0.017995 0.002330 0.518190 0.107872
0.002537 -0.000188 0.107872 0.046352
23.161019 1.373672 30.317894 2.120475
0.462728 0.096529 -0.003922 -0.002187
0.096529 0.044313 -0.002457 -0.001076
-0.003922 -0.002457 0.518936 0.107658
-0.002187 -0.001076 0.107658 0.046254
23.958546 1.398038 30.942723 2.030190
0.451739 0.094916 -0.000955 -0.001288
0.094916 0.044052 -0.001509 -0.000708
-0.000955 -0.001509 0.513581 0.106181
-0.001288 -0.000708 0.106181 0.045906
24.633651 1.392212 32.320057 2.105007
0.446801 0.094627 -0.003295 -0.001577
0.094627 0.044062 -0.001797 -0.000647
-0.003295 -0.001797 0.523056 0.107970
-0.001577 -0.000647 0.107970 0.046279
24.870154 1.295921 32.291286 1.883148
0.448536 0.095667 -0.009243 -0.002586
0.095667 0.044320 -0.002806 -0.000755
-0.009243 -0.002806 0.524496 0.107971
-0.002586 -0.000755 0.107971 0.046260
25.634812 1.321350 32.764805 1.786931
0.438971 0.094063 -0.009074 -0.002237
0.094063 0.043960 -0.002426 -0.000578
-0.009074 -0.002426 0.530779 0.109006
-0.002237 -0.000578 0.109006 0.046466
26.408434 1.345719 33.553372 1.765416
0.433217 0.093333 -0.015436 -0.003289
0.093333 0.043798 -0.003512 -0.000734
-0.015436 -0.003512 0.536986 0.109974
-0.003289 -0.000734 0.109974 0.046650
26.990364 1.326102 34.641749 1.807369
0.426346 0.092321 -0.019967 -0.003896
0.092321 0.043566 -0.004125 -0.000795
-0.019967 -0.004125 0.546153 0.111500
-0.003896 -0.000795 0.111500 0.046944
27.351951 1.260733 35.782254 1.855188
0.416277 0.090598 -0.026372 -0.004874
0.090598 0.043176 -0.005110 -0.000943
-0.026372 -0.005110 0.570407 0.116000
-0.004874 -0.000943 0.116000 0.047830
28.101390 1.287576 37.104984 1.935287
0.410921 0.089963 -0.029771 -0.005191
0.089963 0.043034 -0.005399 -0.000954
-0.029771 -0.005399 0.585169 0.118207
-0.005191 -0.000954 0.118207 0.048190
28.512732 1.233383 36.952395 1.709843
0.411719 0.090652 -0.023963 -0.003670
0.090652 0.043175 -0.003721 -0.000582
-0.023963 -0.003721 0.586313 0.117591
-0.003670 -0.000582 0.117591 0.047986
28.684188 1.133751 37.413783 1.629950
0.416157 0.091955 -0.024495 -0.003602
0.091955 0.043414 -0.003626 -0.000572
-0.024495 -0.003626 0.600417 0.119720
-0.003602 -0.000572 0.119720 0.048376
29.852627 1.269893 39.148903 1.814358
0.422779 0.093524 -0.027773 -0.004111
0.093524 0.043677 -0.004145 -0.000688
-0.027773 -0.004145 0.626840 0.124182
-0.004111 -0.000688 0.124182 0.049216
30.822016 1.345392 40.500159 1.902837
0.433257 0.095774 -0.020213 -0.002455
0.095774 0.044075 -0.002271 -0.000325
-0.020213 -0.002271 0.644767 0.126691
-0.002455 -0.000325 0.126691 0.049633
31.856250 1.424575 41.294944 1.873516
0.435950 0.096084 -0.003844 0.000701
0.096084 0.044023 0.001285 0.000323
-0.003844 0.001285 0.653097 0.127256
0.000701 0.000323 0.127256 0.049674
32.421453 1.392479 42.311601 1.888585
0.461104 0.101254 -0.004990 0.000222
0.101254 0.045047 0.000600 0.000113
-0.004990 0.000600 0.654492 0.126523
0.000222 0.000113 0.126523 0.049487
33.190545 1.411263 44.660801 2.158678
0.445763 0.097118 0.010459 0.002905
0.097118 0.043974 0.003651 0.000632
0.010459 0.003651 0.661615 0.127147
0.002905 0.000632 0.127147 0.049618
33.820425 1.393587 44.702074 1.960214
0.445126 0.096685 0.039131 0.007932
0.096685 0.043841 0.009181 0.001604
0.039131 0.009181 0.578455 0.110590
0.007932 0.001604 0.110590 0.046478
34.143370 1.313104 44.822611 1.794903
0.453172 0.098191 0.030496 0.005440
0.098191 0.044149 0.006280 0.000911
0.030496 0.006280 0.527007 0.101545
0.005440 0.000911 0.101545 0.045018
36.152105 1.601744 47.619752 2.163905
0.491437 0.106078 0.046104 0.007921
0.106078 0.045810 0.008977 0.001385
0.046104 0.008977 0.538662 0.105392
0.007921 0.001385 0.105392 0.046114
36.743926 1.557648 48.499553 2.124649
0.515889 0.110290 0.034653 0.004951
0.110290 0.046554 0.005853 0.000703
0.034653 0.005853 0.493162 0.097529
0.004951 0.000703 0.097529 0.044757
