4.592595 2.799172 6.127999 1.559205
2.010625 0.804267 -0.467931 -0.187176
0.804267 80.325781 -0.187176 -0.074872
-0.467931 -0.187176 3.409919 1.363997
-0.187176 -0.074872 1.363997 80.549677
6.825587 4.133632 2.906478 -5.100107
3.134657 5.575301 -0.940644 -1.449749
5.575301 16.910432 -1.533271 -3.658609
-0.940644 -1.533271 3.828343 6.366098
-1.449749 -3.658609 6.366098 21.508186
5.552461 0.519729 1.682723 -3.742034
1.458961 1.605044 0.874357 1.015383
1.605044 3.458492 0.971892 0.730120
0.874357 0.971892 1.073739 1.216835
1.015383 0.730120 1.216835 4.054675
5.608177 0.334281 -0.227680 -3.737873
1.556054 1.424158 0.241300 -0.098277
1.424158 1.895100 0.039164 -0.280722
0.241300 0.039164 1.042726 1.120750
-0.098277 -0.280722 1.120750 2.011318
7.042706 0.952696 1.337100 -1.108945
1.597815 1.102561 -0.001066 -0.163834
1.102561 1.018668 -0.035939 -0.098721
-0.001066 -0.035939 0.472050 0.379292
-0.163834 -0.098721 0.379292 0.604277
6.528732 0.385658 2.405109 0.029749
1.291323 0.702317 0.094834 0.007962
0.702317 0.525023 0.042725 0.027292
0.094834 0.042725 0.534900 0.357108
0.007962 0.027292 0.357108 0.379808
6.659945 0.356025 3.588481 0.683497
1.272102 0.578346 0.002776 -0.027953
0.578346 0.353822 0.000334 0.005002
0.002776 0.000334 0.669364 0.373611
-0.027953 0.005002 0.373611 0.288458
7.875220 0.773299 6.046232 1.656779
1.165504 0.454166 -0.087149 -0.053107
0.454166 0.240679 -0.029585 -0.006823
-0.087149 -0.029585 0.740186 0.345308
-0.053107 -0.006823 0.345308 0.212905
9.408648 1.177007 7.830875 2.033485
1.018566 0.348430 -0.136359 -0.057082
0.348430 0.167546 -0.038542 -0.008379
-0.136359 -0.038542 0.805756 0.320557
-0.057082 -0.008379 0.320557 0.165276
10.026982 1.178895 8.271272 1.833776
0.867439 0.265641 -0.205298 -0.069135
0.265641 0.120522 -0.052804 -0.012263
-0.205298 -0.052804 0.839226 0.290421
-0.069135 -0.012263 0.290421 0.130733
11.216239 1.354012 9.474238 1.926118
0.765777 0.214843 -0.207032 -0.058725
0.214843 0.093739 -0.046549 -0.009198
-0.207032 -0.046549 0.812122 0.249246
-0.058725 -0.009198 0.249246 0.102577
12.254560 1.454123 10.665821 1.993686
0.720063 0.188747 -0.173756 -0.041465
0.188747 0.079291 -0.032889 -0.004827
-0.173756 -0.032889 0.781797 0.217110
-0.041465 -0.004827 0.217110 0.084093
12.266803 1.286899 12.362740 2.165753
0.681103 0.168367 -0.154834 -0.031990
0.168367 0.069056 -0.026388 -0.003241
-0.154834 -0.026388 0.709457 0.180978
-0.031990 -0.003241 0.180978 0.068768
12.733656 1.237040 13.019161 2.060695
0.646911 0.151763 -0.167725 -0.032268
0.151763 0.061520 -0.028244 -0.003959
-0.167725 -0.028244 0.665527 0.158353
-0.032268 -0.003959 0.158353 0.059737
13.606229 1.297392 14.150675 2.087403
0.635384 0.143531 -0.146297 -0.024673
0.143531 0.057418 -0.021586 -0.002541
-0.146297 -0.021586 0.651373 0.147172
-0.024673 -0.002541 0.147172 0.055181
15.026930 1.454753 14.411369 1.926565
0.595170 0.130276 -0.117805 -0.017320
0.130276 0.052955 -0.014536 -0.001334
-0.117805 -0.014536 0.633332 0.137368
-0.017320 -0.001334 0.137368 0.051820
15.906655 1.486426 15.296453 1.912125
0.584447 0.125176 -0.092798 -0.011418
0.125176 0.050938 -0.009182 -0.000521
-0.092798 -0.009182 0.618459 0.129959
-0.011418 -0.000521 0.129959 0.049576
16.318134 1.417908 16.372877 1.932574
0.566884 0.119171 -0.078708 -0.008694
0.119171 0.049022 -0.007138 -0.000482
-0.078708 -0.007138 0.584175 0.119721
-0.008694 -0.000482 0.119721 0.047116
16.639155 1.344753 17.873150 2.036321
0.558142 0.116026 -0.052357 -0.003694
0.116026 0.048044 -0.002630 0.000123
-0.052357 -0.002630 0.553407 0.111877
-0.003694 0.000123 0.111877 0.045542
16.639467 1.200846 18.520133 1.954093
0.545872 0.112181 -0.056053 -0.005294
0.112181 0.046993 -0.004650 -0.000617
-0.056053 -0.004650 0.527785 0.105791
-0.005294 -0.000617 0.105791 0.044453
17.796861 1.312632 19.276259 1.915194
0.529746 0.108359 -0.037298 -0.002202
0.108359 0.046166 -0.001537 -0.000214
-0.037298 -0.001537 0.519287 0.104175
-0.002202 -0.000214 0.104175 0.044436
17.915144 1.203105 20.295968 1.923081
0.528323 0.107972 -0.018976 0.000723
0.107972 0.046134 0.001226 0.000152
-0.018976 0.001226 0.508253 0.102274
0.000723 0.000152 0.102274 0.044349
18.640783 1.228634 21.279768 1.928432
0.522587 0.106689 -0.009108 0.001731
0.106689 0.045911 0.002161 0.000150
-0.009108 0.002161 0.503128 0.101708
0.001731 0.000150 0.101708 0.044502
19.603455 1.300775 22.411270 1.964192
0.523463 0.106893 -0.000993 0.002455
0.106893 0.046013 0.002840 0.000151
-0.000993 0.002840 0.508171 0.103253
0.002455 0.000151 0.103253 0.045044
19.922029 1.233851 23.594110 2.003985
0.495262 0.101192 0.016299 0.005008
0.101192 0.044906 0.005308 0.000537
0.016299 0.005308 0.480111 0.097926
0.005008 0.000537 0.097926 0.044121
20.587117 1.243660 24.554681 1.995534
0.495918 0.101867 0.023699 0.005555
0.101867 0.045179 0.005804 0.000552
0.023699 0.005804 0.483628 0.099474
0.005555 0.000552 0.099474 0.044646
20.878668 1.175537 25.859131 2.059148
0.484934 0.100016 0.023295 0.004600
0.100016 0.044880 0.004799 0.000299
0.023295 0.004799 0.479659 0.099248
0.004600 0.000299 0.099248 0.044722
21.077478 1.094545 27.099640 2.103765
0.484499 0.100451 0.031463 0.005661
0.100451 0.045055 0.005805 0.000520
0.031463 0.005805 0.486986 0.101306
0.005661 0.000520 0.101306 0.045234
21.062418 0.977702 28.030677 2.080297
0.475123 0.098961 0.018450 0.002361
0.098961 0.044800 0.002463 -0.000153
0.018450 0.002463 0.483805 0.100966
0.002361 -0.000153 0.100966 0.045191
21.781402 1.027199 28.680119 1.997680
0.446317 0.093491 -0.001770 -0.001952
0.093491 0.043715 -0.001910 -0.000950
-0.001770 -0.001910 0.464924 0.097347
-0.001952 -0.000950 0.097347 0.044456
22.191859 1.006110 29.409340 1.941211
0.450264 0.095277 -0.011545 -0.003736
0.095277 0.044208 -0.003719 -0.001169
-0.011545 -0.003719 0.472007 0.099414
-0.003736 -0.001169 0.099414 0.044951
22.377546 0.939178 29.999371 1.861445
0.460572 0.098094 -0.013924 -0.003795
0.098094 0.044834 -0.003782 -0.001020
-0.013924 -0.003782 0.481565 0.101704
-0.003795 -0.001020 0.101704 0.045424
23.108108 0.994735 31.134845 1.904447
0.458464 0.097888 -0.018147 -0.004243
0.097888 0.044738 -0.004254 -0.000991
-0.018147 -0.004254 0.496022 0.104757
-0.004243 -0.000991 0.104757 0.046009
24.281245 1.139350 32.338661 1.957459
0.436231 0.093325 -0.027611 -0.005791
0.093325 0.043708 -0.005830 -0.001220
-0.027611 -0.005830 0.501464 0.105589
-0.005791 -0.001220 0.105589 0.046077
25.532940 1.286945 33.868954 2.074081
0.420604 0.090514 -0.042017 -0.008292
0.090514 0.043125 -0.008359 -0.001655
-0.042017 -0.008359 0.518157 0.108704
-0.008292 -0.001655 0.108704 0.046631
26.424368 1.340808 34.904255 2.074420
0.425511 0.092311 -0.045714 -0.008341
0.092311 0.043562 -0.008405 -0.001552
-0.045714 -0.008405 0.530029 0.110543
-0.008341 -0.001552 0.110543 0.046888
27.223997 1.368201 35.741660 2.033487
0.445130 0.097037 -0.044297 -0.007352
0.097037 0.044571 -0.007431 -0.001264
-0.044297 -0.007431 0.539077 0.111696
-0.007352 -0.001264 0.111696 0.047009
27.990704 1.387170 36.948863 2.073171
0.457229 0.099526 -0.049984 -0.008045
0.099526 0.044978 -0.008146 -0.001385
-0.049984 -0.008146 0.557274 0.114670
-0.008045 -0.001385 0.114670 0.047517
28.635077 1.378270 38.304053 2.138086
0.432548 0.093744 -0.054613 -0.008726
0.093744 0.043560 -0.008641 -0.001512
-0.054613 -0.008641 0.572331 0.116802
-0.008726 -0.001512 0.116802 0.047836
29.182497 1.344120 38.862803 2.033610
0.424275 0.092136 -0.053693 -0.008182
0.092136 0.043198 -0.008105 -0.001408
-0.053693 -0.008105 0.563253 0.113973
-0.008182 -0.001408 0.113973 0.047163
30.389538 1.461926 39.991721 2.059978
0.412485 0.089875 -0.051182 -0.007464
0.089875 0.042716 -0.007214 -0.001260
-0.051182 -0.007214 0.572596 0.115285
-0.007464 -0.001260 0.115285 0.047422
31.444098 1.533071 41.019569 2.061896
0.404584 0.088658 -0.042907 -0.005684
0.088658 0.042496 -0.005270 -0.000916
-0.042907 -0.005270 0.572518 0.114718
-0.005684 -0.000916 0.114718 0.047311
31.653125 1.406704 41.619662 1.971717
0.400789 0.088332 -0.040155 -0.005186
0.088332 0.042455 -0.004877 -0.000908
-0.040155 -0.004877 0.557435 0.111259
-0.005186 -0.000908 0.111259 0.046642
32.166223 1.361129 42.132911 1.875893
0.411084 0.091087 -0.035879 -0.004346
0.091087 0.043081 -0.004195 -0.000817
-0.035879 -0.004195 0.540219 0.107788
-0.004346 -0.000817 0.107788 0.046043
33.323713 1.464937 42.733174 1.811286
0.377017 0.083802 -0.004119 0.001625
0.083802 0.041441 0.002519 0.000416
-0.004119 0.002519 0.518858 0.104008
0.001625 0.000416 0.104008 0.045460
33.709691 1.384806 43.155203 1.712115
0.400584 0.089787 -0.013322 -0.000797
0.089787 0.042840 -0.000459 -0.000302
-0.013322 -0.000459 0.507562 0.102303
-0.000797 -0.000302 0.102303 0.045267
34.357320 1.376940 44.545001 1.820342
0.435836 0.097690 -0.022713 -0.002961
0.097690 0.044517 -0.002972 -0.000838
-0.022713 -0.002972 0.520301 0.105582
-0.002961 -0.000838 0.105582 0.046075
35.330481 1.440204 45.431657 1.816541
0.467046 0.103857 -0.019981 -0.002448
0.103857 0.045661 -0.002589 -0.000734
-0.019981 -0.002589 0.499921 0.101792
-0.002448 -0.000734 0.101792 0.045357
36.086972 1.448584 46.456894 1.840639
0.497766 0.109261 -0.026123 -0.003788
0.109261 0.046554 -0.004139 -0.001036
-0.026123 -0.004139 0.484207 0.099205
-0.003788 -0.001036 0.099205 0.044917
36.259336 1.327241 46.758449 1.710975
0.517427 0.111764 -0.042662 -0.007175
0.111764 0.046781 -0.007756 -0.001747
-0.042662 -0.007756 0.459043 0.094757
-0.007175 -0.001747 0.094757 0.044088
