1.682879 1.635260 1.548211 -0.272749
2.574593 1.029860 -0.745997 -0.298405
1.029860 80.416019 -0.298405 -0.119365
-0.745997 -0.298405 4.507161 1.802903
-0.298405 -0.119365 1.802903 80.725244
1.706292 0.338462 2.929928 2.101734
3.369924 5.784883 -1.496328 -2.192666
5.784883 18.540758 -2.450965 -5.480597
-1.496328 -2.450965 2.724305 4.257094
-2.192666 -5.480597 4.257094 20.197105
2.534564 1.084175 4.289985 2.556999
2.780119 3.025884 -1.247757 -1.244775
3.025884 5.383576 -1.240402 -1.890731
-1.247757 -1.240402 3.065229 3.665858
-1.244775 -1.890731 3.665858 7.343871
5.124074 2.680811 3.101251 0.511350
1.928325 1.545663 -0.647082 -0.457486
1.545663 2.051674 -0.457039 -0.612951
-0.647082 -0.457039 2.683314 2.314530
-0.457486 -0.612951 2.314530 3.044500
7.451428 3.326296 4.016355 0.973358
1.563915 1.011043 -0.274501 -0.152915
1.011043 1.049983 -0.162057 -0.240685
-0.274501 -0.162057 1.771947 1.183061
-0.152915 -0.240685 1.183061 1.280865
7.603752 2.509615 4.414190 0.923366
0.524686 0.283778 -0.000852 -0.000302
0.283778 0.375675 -0.008658 -0.088591
-0.000852 -0.008658 1.655683 0.922404
-0.000302 -0.088591 0.922404 0.783249
7.912495 2.009386 5.242873 1.130323
0.456857 0.239658 -0.040281 -0.035064
0.239658 0.258467 -0.041625 -0.075067
-0.040281 -0.041625 1.477592 0.701410
-0.035064 -0.075067 0.701410 0.497098
8.771087 1.913539 7.614954 1.879392
0.576889 0.280824 -0.105033 -0.067843
0.280824 0.220058 -0.067897 -0.066618
-0.105033 -0.067897 1.226452 0.508683
-0.067843 -0.066618 0.508683 0.319973
9.533923 1.837181 7.974757 1.674306
0.682440 0.293343 -0.168961 -0.085568
0.293343 0.182697 -0.084867 -0.057199
-0.168961 -0.084867 1.139255 0.422122
-0.085568 -0.057199 0.422122 0.233898
10.277512 1.774139 8.465915 1.564782
0.731962 0.276716 -0.226800 -0.093136
0.276716 0.146512 -0.093473 -0.047862
-0.226800 -0.093473 1.063186 0.355824
-0.093136 -0.047862 0.355824 0.177613
10.717610 1.624655 9.242504 1.570368
0.736749 0.247494 -0.244454 -0.085636
0.247494 0.116680 -0.085968 -0.036702
-0.244454 -0.085968 0.971386 0.296278
-0.085636 -0.036702 0.296278 0.137085
11.405662 1.587192 9.928118 1.543773
0.743784 0.225255 -0.222745 -0.068967
0.225255 0.096884 -0.068528 -0.025970
-0.222745 -0.068528 0.910892 0.255901
-0.068967 -0.025970 0.255901 0.111060
12.471147 1.662728 10.978917 1.615276
0.706351 0.195466 -0.186616 -0.051687
0.195466 0.079898 -0.050983 -0.017670
-0.186616 -0.050983 0.825577 0.215940
-0.051687 -0.017670 0.215940 0.090720
14.142290 1.879823 12.231617 1.724221
0.653678 0.167783 -0.159214 -0.039799
0.167783 0.067226 -0.039171 -0.012522
-0.159214 -0.039171 0.751579 0.185341
-0.039799 -0.012522 0.185341 0.076676
14.442630 1.721614 12.247400 1.523761
0.632457 0.152693 -0.185750 -0.042636
0.152693 0.060124 -0.042358 -0.011886
-0.185750 -0.042358 0.731738 0.172018
-0.042636 -0.011886 0.172018 0.069220
14.623263 1.568935 13.849978 1.711152
0.608785 0.140100 -0.143986 -0.029720
0.140100 0.055067 -0.029591 -0.007855
-0.143986 -0.029591 0.659941 0.148982
-0.029720 -0.007855 0.148982 0.060953
15.539387 1.599069 14.821202 1.737539
0.586181 0.129896 -0.111255 -0.020632
0.129896 0.051466 -0.020529 -0.005249
-0.111255 -0.020529 0.626081 0.137354
-0.020632 -0.005249 0.137354 0.056477
16.287527 1.589852 15.951781 1.793637
0.551191 0.118602 -0.094320 -0.016216
0.118602 0.048232 -0.016210 -0.004038
-0.094320 -0.016210 0.577360 0.123854
-0.016216 -0.004038 0.123854 0.052256
16.893169 1.554474 17.478446 1.926180
0.540991 0.114319 -0.067098 -0.009915
0.114319 0.047001 -0.010060 -0.002539
-0.067098 -0.010060 0.548855 0.116289
-0.009915 -0.002539 0.116289 0.049885
17.659517 1.552350 18.462620 1.930544
0.539545 0.112397 -0.065266 -0.009556
0.112397 0.046433 -0.009697 -0.002403
-0.065266 -0.009697 0.544163 0.114328
-0.009556 -0.002403 0.114328 0.048956
18.127902 1.491949 19.895381 2.026155
0.530989 0.109542 -0.047697 -0.005947
0.109542 0.045813 -0.006175 -0.001621
-0.047697 -0.006175 0.525009 0.109646
-0.005947 -0.001621 0.109646 0.047621
18.671985 1.449005 20.680213 1.977091
0.527997 0.108272 -0.033230 -0.003255
0.108272 0.045611 -0.003493 -0.001070
-0.033230 -0.003493 0.520683 0.108483
-0.003255 -0.001070 0.108483 0.047170
19.249737 1.419899 21.833681 2.010549
0.521878 0.106634 -0.015716 -0.000142
0.106634 0.045377 -0.000403 -0.000469
-0.015716 -0.000403 0.513373 0.106794
-0.000142 -0.000469 0.106794 0.046669
19.895178 1.404705 22.354047 1.909430
0.514609 0.104972 -0.006586 0.001020
0.104972 0.045159 0.000782 -0.000293
-0.006586 0.000782 0.507295 0.105443
0.001020 -0.000293 0.105443 0.046283
20.104888 1.304412 23.389540 1.924605
0.513411 0.104761 -0.001194 0.001436
0.104761 0.045255 0.001224 -0.000249
-0.001194 0.001224 0.506322 0.105238
0.001436 -0.000249 0.105238 0.046173
20.511644 1.255638 25.129113 2.085626
0.502439 0.102649 0.023378 0.005892
0.102649 0.044955 0.005647 0.000642
0.023378 0.005647 0.501801 0.104328
0.005892 0.000642 0.104328 0.045936
20.503703 1.125363 26.156750 2.082349
0.488682 0.100135 0.027364 0.005784
0.100135 0.044578 0.005577 0.000556
0.027364 0.005577 0.493288 0.102601
0.005784 0.000556 0.102601 0.045539
20.911909 1.093051 27.493032 2.144081
0.465894 0.095980 0.020611 0.003633
0.095980 0.043875 0.003461 0.000096
0.020611 0.003461 0.486194 0.101314
0.003633 0.000096 0.101314 0.045268
21.474019 1.095505 28.875182 2.208864
0.461109 0.095861 0.016541 0.002353
0.095861 0.044031 0.002181 -0.000125
0.016541 0.002181 0.496489 0.103738
0.002353 -0.000125 0.103738 0.045785
22.538560 1.203564 30.081471 2.228668
0.451385 0.094600 0.016178 0.002083
0.094600 0.043889 0.001913 -0.000098
0.016178 0.001913 0.497624 0.103964
0.002083 -0.000098 0.103964 0.045787
22.695338 1.112709 30.189582 2.019847
0.444094 0.093880 0.006383 -0.000067
0.093880 0.043839 -0.000227 -0.000459
0.006383 -0.000227 0.490029 0.102358
-0.000067 -0.000459 0.102358 0.045414
23.086165 1.077992 31.008478 1.980377
0.440483 0.093846 0.007268 0.000256
0.093846 0.043893 0.000076 -0.000281
0.007268 0.000076 0.505293 0.105639
0.000256 -0.000281 0.105639 0.046089
23.724786 1.099165 32.073500 1.995731
0.431802 0.092614 0.004349 -0.000217
0.092614 0.043654 -0.000428 -0.000293
0.004349 -0.000428 0.515697 0.107581
-0.000217 -0.000293 0.107581 0.046426
24.846539 1.223452 32.750681 1.927807
0.439884 0.094983 0.006285 0.000333
0.094983 0.044180 0.000188 -0.000089
0.006285 0.000188 0.519768 0.108025
0.000333 -0.000089 0.108025 0.046432
26.232407 1.389584 34.495547 2.088036
0.429345 0.093000 -0.001208 -0.001085
0.093000 0.043698 -0.001332 -0.000345
-0.001208 -0.001332 0.539582 0.111747
-0.001085 -0.000345 0.111747 0.047139
26.700201 1.340355 35.435296 2.066892
0.442375 0.096247 -0.011030 -0.002886
0.096247 0.044382 -0.003221 -0.000671
-0.011030 -0.003221 0.567587 0.116832
-0.002886 -0.000671 0.116832 0.048080
27.787261 1.431033 36.488156 2.070612
0.439000 0.095514 -0.017627 -0.003846
0.095514 0.044123 -0.004210 -0.000790
-0.017627 -0.004210 0.573942 0.117057
-0.003846 -0.000790 0.117057 0.047968
28.788224 1.493123 37.345636 2.034732
0.415604 0.090453 -0.021596 -0.004232
0.090453 0.042948 -0.004576 -0.000794
-0.021596 -0.004576 0.578684 0.117060
-0.004232 -0.000794 0.117060 0.047864
29.597024 1.507198 38.784138 2.119421
0.431397 0.094401 -0.019536 -0.003396
0.094401 0.043840 -0.003638 -0.000549
-0.019536 -0.003638 0.593860 0.119292
-0.003396 -0.000549 0.119292 0.048255
29.770494 1.380051 39.760268 2.101722
0.413842 0.090563 -0.026555 -0.004560
0.090563 0.042925 -0.004853 -0.000784
-0.026555 -0.004853 0.598532 0.119316
-0.004560 -0.000784 0.119316 0.048197
29.702215 1.211355 39.947028 1.928578
0.429225 0.094310 -0.025529 -0.003992
0.094310 0.043758 -0.004239 -0.000632
-0.025529 -0.004239 0.600307 0.118913
-0.003992 -0.000632 0.118913 0.048095
30.136752 1.175963 41.722213 2.088001
0.413304 0.090756 -0.018401 -0.002416
0.090756 0.042901 -0.002356 -0.000277
-0.018401 -0.002356 0.619475 0.122119
-0.002416 -0.000277 0.122119 0.048744
31.221173 1.284971 42.632442 2.063262
0.423787 0.093378 0.001767 0.001607
0.093378 0.043490 0.002093 0.000563
0.001767 0.002093 0.611361 0.119816
0.001607 0.000563 0.119816 0.048284
32.334415 1.388473 43.588003 2.049438
0.455541 0.100326 0.007482 0.002456
0.100326 0.044957 0.002869 0.000624
0.007482 0.002869 0.587134 0.114654
0.002456 0.000624 0.114654 0.047319
33.720531 1.539102 44.157443 1.961379
0.402392 0.088039 0.069330 0.014085
0.088039 0.042102 0.015861 0.003054
0.069330 0.015861 0.544100 0.106430
0.014085 0.003054 0.106430 0.045859
33.745783 1.375004 45.155500 1.966570
0.425568 0.093702 0.050294 0.008925
0.093702 0.043450 0.009951 0.001625
0.050294 0.009951 0.551738 0.108837
0.008925 0.001625 0.108837 0.046575
33.765468 1.229024 45.823553 1.906728
0.436070 0.095923 0.043198 0.006766
0.095923 0.043889 0.007548 0.001073
0.043198 0.007548 0.532854 0.105676
0.006766 0.001073 0.105676 0.046085
35.027605 1.369299 47.200342 1.988126
0.458510 0.100453 0.055296 0.008680
0.100453 0.044782 0.009799 0.001513
0.055296 0.009799 0.502986 0.100416
0.008680 0.001513 0.100416 0.045161
34.737527 1.163049 47.103823 1.773443
0.476417 0.103719 0.036640 0.004320
0.103719 0.045368 0.005262 0.000573
0.036640 0.005262 0.465983 0.094206
0.004320 0.000573 0.094206 0.044106
36.787508 1.471649 49.441212 2.062535
0.528575 0.113967 0.041985 0.005115
0.113967 0.047406 0.006227 0.000805
0.041985 0.006227 0.473506 0.097287
0.005115 0.000805 0.097287 0.044936
