1.214229 1.447796 0.163009 -0.826842
2.449357 0.979764 -0.592929 -0.237177
0.979764 80.395981 -0.237177 -0.094873
-0.592929 -0.237177 4.614927 1.846011
-0.237177 -0.094873 1.846011 80.742487
4.090527 5.276160 1.019985 1.285608
3.377730 5.844412 -1.601108 -2.385547
5.844412 18.392438 -2.674236 -5.490380
-1.601108 -2.674236 2.873875 4.484676
-2.385547 -5.490380 4.484676 20.812933
5.639611 4.071478 1.742661 1.251543
2.521097 2.785600 -0.245244 0.004105
2.785600 5.078212 -0.174561 -0.489113
-0.245244 -0.174561 1.776550 2.171204
0.004105 -0.489113 2.171204 5.683508
7.409580 3.837983 4.245195 3.001272
1.412134 1.139831 0.284427 0.305687
1.139831 1.689755 0.217428 -0.009902
0.284427 0.217428 1.293634 1.219114
0.305687 -0.009902 1.219114 2.150538
6.845748 2.170937 5.479452 2.892421
0.503403 0.350273 -0.186886 -0.160810
0.350273 0.608770 -0.203772 -0.264389
-0.186886 -0.203772 1.516724 1.158479
-0.160810 -0.264389 1.158479 1.309603
7.601189 2.007700 4.273659 1.312708
0.650386 0.427322 -0.464129 -0.298988
0.427322 0.466429 -0.326202 -0.251264
-0.464129 -0.326202 1.476291 0.899983
-0.298988 -0.251264 0.899983 0.766407
8.757313 2.091463 4.735403 1.214923
0.796661 0.442118 -0.435344 -0.221103
0.442118 0.350178 -0.233292 -0.141202
-0.435344 -0.233292 1.482713 0.741269
-0.221103 -0.141202 0.741269 0.499628
8.098593 1.306982 7.169642 1.983367
0.442740 0.206603 -0.212463 -0.088705
0.206603 0.163198 -0.086870 -0.050483
-0.212463 -0.086870 1.238696 0.523643
-0.088705 -0.050483 0.523643 0.306831
8.938307 1.384242 8.005875 1.926401
0.550753 0.231028 -0.233725 -0.085044
0.231028 0.143701 -0.086363 -0.041109
-0.233725 -0.086363 1.141125 0.420705
-0.085044 -0.041109 0.420705 0.216805
9.760520 1.432958 8.950444 1.920722
0.650593 0.242119 -0.236817 -0.075632
0.242119 0.125696 -0.077516 -0.031655
-0.236817 -0.077516 1.092692 0.358465
-0.075632 -0.031655 0.358465 0.165390
10.713894 1.516241 10.337909 2.048733
0.673677 0.223280 -0.217867 -0.061810
0.223280 0.103233 -0.063917 -0.023271
-0.217867 -0.063917 0.946481 0.280416
-0.061810 -0.023271 0.280416 0.122362
11.739608 1.601458 11.874370 2.190391
0.682617 0.204221 -0.207949 -0.053231
0.204221 0.086699 -0.055408 -0.018146
-0.207949 -0.055408 0.846214 0.230557
-0.053231 -0.018146 0.230557 0.096727
13.157191 1.765561 12.219251 2.002392
0.648960 0.177624 -0.194082 -0.045403
0.177624 0.072179 -0.047156 -0.014180
-0.194082 -0.047156 0.771196 0.196132
-0.045403 -0.014180 0.196132 0.080327
13.615642 1.657245 13.298747 2.018042
0.625053 0.159072 -0.172075 -0.036807
0.159072 0.062960 -0.038252 -0.010742
-0.172075 -0.038252 0.699103 0.168119
-0.036807 -0.010742 0.168119 0.068620
14.070882 1.565518 14.151215 1.978334
0.607969 0.145753 -0.156452 -0.030921
0.145753 0.056917 -0.032151 -0.008488
-0.156452 -0.032151 0.651856 0.150057
-0.030921 -0.008488 0.150057 0.061262
14.228709 1.415536 14.496244 1.827369
0.574635 0.131101 -0.155429 -0.029278
0.131101 0.051742 -0.030408 -0.007579
-0.155429 -0.030408 0.596787 0.132629
-0.029278 -0.007579 0.132629 0.055235
15.065363 1.449764 15.960329 1.949916
0.571470 0.125909 -0.132041 -0.022604
0.125909 0.049654 -0.023586 -0.005609
-0.132041 -0.023586 0.578328 0.125748
-0.022604 -0.005609 0.125748 0.052488
16.247604 1.546083 16.684941 1.901233
0.544447 0.116762 -0.096012 -0.014293
0.116762 0.047154 -0.014981 -0.003561
-0.096012 -0.014981 0.555957 0.119021
-0.014293 -0.003561 0.119021 0.050224
16.615007 1.462072 17.830447 1.938139
0.528520 0.111193 -0.080700 -0.011157
0.111193 0.045762 -0.011843 -0.002860
-0.080700 -0.011843 0.526112 0.111234
-0.011157 -0.002860 0.111234 0.048000
17.610568 1.520515 19.132104 2.011389
0.529953 0.110026 -0.079732 -0.011118
0.110026 0.045489 -0.011685 -0.002799
-0.079732 -0.011685 0.526383 0.110520
-0.011118 -0.002799 0.110520 0.047522
19.020104 1.651921 19.815659 1.950426
0.507093 0.104449 -0.051915 -0.005632
0.104449 0.044434 -0.006080 -0.001634
-0.051915 -0.006080 0.511491 0.106995
-0.005632 -0.001634 0.106995 0.046594
19.260612 1.532820 20.980911 1.984841
0.495478 0.101915 -0.022344 -0.000118
0.101915 0.044127 -0.000624 -0.000559
-0.022344 -0.000624 0.493000 0.103060
-0.000118 -0.000559 0.103060 0.045686
19.660040 1.457875 22.072996 2.003069
0.509719 0.104868 -0.014821 0.000570
0.104868 0.044941 0.000108 -0.000494
-0.014821 0.000108 0.505108 0.105683
0.000570 -0.000494 0.105683 0.046197
20.003950 1.379465 23.224734 2.032376
0.507529 0.104224 -0.009472 0.000756
0.104224 0.044937 0.000359 -0.000522
-0.009472 0.000359 0.501751 0.104778
0.000756 -0.000522 0.104778 0.045923
20.422157 1.322989 24.007594 1.982658
0.493600 0.101301 -0.007648 0.000291
0.101301 0.044468 -0.000029 -0.000650
-0.007648 -0.000029 0.487554 0.101690
0.000291 -0.000650 0.101690 0.045227
20.607654 1.225270 25.115796 2.005847
0.479970 0.098796 0.010315 0.003398
0.098796 0.044127 0.003097 0.000004
0.010315 0.003097 0.477045 0.099706
0.003398 0.000004 0.099706 0.044835
21.337619 1.249542 26.115839 2.005353
0.474690 0.098209 0.011263 0.002809
0.098209 0.044182 0.002567 -0.000130
0.011263 0.002567 0.477289 0.100080
0.002809 -0.000130 0.100080 0.044951
21.835262 1.222908 27.401515 2.064878
0.464709 0.096666 0.003929 0.000681
0.096666 0.044007 0.000498 -0.000544
0.003929 0.000498 0.478070 0.100487
0.000681 -0.000544 0.100487 0.045050
21.790829 1.086002 28.077992 1.990523
0.452812 0.094795 0.008024 0.001284
0.094795 0.043746 0.001129 -0.000331
0.008024 0.001129 0.470367 0.099022
0.001284 -0.000331 0.099022 0.044735
22.578101 1.138026 28.781091 1.928489
0.451393 0.095204 0.020729 0.003719
0.095204 0.043949 0.003587 0.000256
0.020729 0.003587 0.472566 0.099733
0.003719 0.000256 0.099733 0.044895
22.858437 1.076246 29.935510 1.969391
0.444148 0.094268 0.018150 0.002786
0.094268 0.043821 0.002640 0.000086
0.018150 0.002640 0.480446 0.101559
0.002786 0.000086 0.101559 0.045273
23.076470 1.007274 31.109627 2.010354
0.443391 0.094712 0.013967 0.001673
0.094712 0.043970 0.001503 -0.000098
0.013967 0.001503 0.494121 0.104408
0.001673 -0.000098 0.104408 0.045829
24.199676 1.141453 31.744532 1.930475
0.435353 0.093480 0.000492 -0.001202
0.093480 0.043725 -0.001407 -0.000628
0.000492 -0.001407 0.490848 0.103426
-0.001202 -0.000628 0.103426 0.045539
24.756747 1.138285 32.798085 1.949079
0.440507 0.095070 0.002830 -0.000475
0.095070 0.044077 -0.000650 -0.000350
0.002830 -0.000650 0.505734 0.106337
-0.000475 -0.000350 0.106337 0.046098
25.745713 1.230166 33.272962 1.843623
0.420419 0.090986 -0.007310 -0.002381
0.090986 0.043158 -0.002610 -0.000669
-0.007310 -0.002610 0.494792 0.103602
-0.002381 -0.000669 0.103602 0.045442
26.351350 1.227513 34.664694 1.941875
0.435242 0.094797 -0.015553 -0.003776
0.094797 0.044018 -0.004049 -0.000877
-0.015553 -0.004049 0.523047 0.109366
-0.003776 -0.000877 0.109366 0.046636
26.918774 1.217387 35.717292 1.958855
0.406219 0.088572 -0.025499 -0.005392
0.088572 0.042590 -0.005719 -0.001126
-0.025499 -0.005719 0.526919 0.109503
-0.005392 -0.001126 0.109503 0.046560
28.298608 1.387231 37.136679 2.050610
0.387184 0.085040 -0.034506 -0.006733
0.085040 0.041860 -0.007078 -0.001317
-0.034506 -0.007078 0.542069 0.112031
-0.006733 -0.001317 0.112031 0.047010
29.130939 1.417867 38.084809 2.035094
0.390529 0.086660 -0.039427 -0.007143
0.086660 0.042293 -0.007492 -0.001317
-0.039427 -0.007492 0.549276 0.112755
-0.007143 -0.001317 0.112755 0.047074
29.300998 1.298864 39.544747 2.123456
0.391253 0.087389 -0.042094 -0.007145
0.087389 0.042448 -0.007412 -0.001247
-0.042094 -0.007412 0.568004 0.115865
-0.007145 -0.001247 0.115865 0.047648
30.519566 1.423554 39.882113 1.979252
0.352080 0.079002 -0.033607 -0.005156
0.079002 0.040523 -0.005060 -0.000789
-0.033607 -0.005060 0.554283 0.112238
-0.005156 -0.000789 0.112238 0.046841
31.064361 1.387930 41.358993 2.076822
0.380639 0.086611 -0.037912 -0.005668
0.086611 0.042351 -0.005769 -0.000925
-0.037912 -0.005769 0.571002 0.115165
-0.005668 -0.000925 0.115165 0.047447
31.700371 1.375019 42.458228 2.088722
0.397324 0.090582 -0.037087 -0.005223
0.090582 0.043139 -0.005386 -0.000859
-0.037087 -0.005386 0.568968 0.114152
-0.005223 -0.000859 0.114152 0.047229
31.829522 1.246957 43.335892 2.052113
0.401800 0.091290 -0.034783 -0.004647
0.091290 0.043110 -0.004824 -0.000788
-0.034783 -0.004824 0.554077 0.110769
-0.004647 -0.000788 0.110769 0.046577
32.978591 1.361345 43.511051 1.884772
0.364062 0.082593 0.011284 0.004361
0.082593 0.041028 0.005357 0.001148
0.011284 0.005357 0.500441 0.100268
0.004361 0.001148 0.100268 0.044616
33.669508 1.363218 44.323350 1.858512
0.371621 0.084821 0.019492 0.005251
0.084821 0.041574 0.006178 0.001129
0.019492 0.006178 0.485944 0.098299
0.005251 0.001129 0.098299 0.044457
34.186765 1.324983 44.821693 1.770243
0.386505 0.088391 0.020602 0.004712
0.088391 0.042350 0.005422 0.000835
0.020602 0.005422 0.463161 0.094672
0.004712 0.000835 0.094672 0.043916
34.487314 1.242438 45.681234 1.765116
0.415571 0.094778 0.004518 0.000739
0.094778 0.043693 0.000979 -0.000164
0.004518 0.000979 0.464436 0.096187
0.000739 -0.000164 0.096187 0.044426
34.845919 1.182934 46.869796 1.829343
0.438503 0.099083 -0.003558 -0.001130
0.099083 0.044448 -0.001053 -0.000555
-0.003558 -0.001053 0.461773 0.096575
-0.001130 -0.000555 0.096575 0.044601
35.634066 1.226770 47.916859 1.857105
0.469178 0.104717 -0.006180 -0.001643
0.104717 0.045466 -0.001584 -0.000596
-0.006180 -0.001584 0.445770 0.093960
-0.001643 -0.000596 0.093960 0.044087
