1.823623 1.691559 1.870261 -0.143926
1.114771 0.445918 0.673865 0.269552
0.445918 80.182438 0.269552 0.107823
0.673865 0.269552 3.033406 1.213389
0.269552 0.107823 1.213389 80.489433
5.425880 6.938659 0.696754 -2.190304
3.003073 5.744406 -1.653399 -3.001764
5.744406 15.032215 -3.270698 -3.874248
-1.653399 -3.270698 2.665205 4.642538
-3.001764 -3.874248 4.642538 17.973306
6.389417 4.260795 0.545239 -1.461491
2.164143 2.400858 0.082398 0.484297
2.400858 3.563180 0.233582 0.961867
0.082398 0.233582 1.451190 1.815629
0.484297 0.961867 1.815629 4.272188
6.029130 2.434770 1.360340 -0.227551
1.724107 1.332343 0.444604 0.511641
1.332343 1.382960 0.383352 0.480117
0.444604 0.383352 0.996346 0.926974
0.511641 0.480117 0.926974 1.519471
7.248065 2.455669 3.148499 1.163248
1.376624 0.818673 0.349585 0.260318
0.818673 0.669450 0.215307 0.177586
0.349585 0.215307 0.794156 0.581918
0.260318 0.177586 0.581918 0.714003
7.866149 2.154277 4.606404 1.708135
0.865813 0.423149 0.203013 0.110517
0.423149 0.317065 0.096265 0.062026
0.203013 0.096265 0.936305 0.568872
0.110517 0.062026 0.568872 0.495882
8.186315 1.834042 4.938857 1.456336
0.584704 0.249890 0.002688 -0.007636
0.249890 0.180561 -0.005557 0.000060
0.002688 -0.005557 1.060021 0.535324
-0.007636 0.000060 0.535324 0.360378
8.704241 1.677256 6.496865 1.811838
0.617776 0.239766 -0.054935 -0.027532
0.239766 0.146173 -0.023800 -0.007021
-0.054935 -0.023800 1.045439 0.444837
-0.027532 -0.007021 0.444837 0.249904
9.151895 1.538155 5.698808 1.185766
0.490304 0.171973 -0.234041 -0.086457
0.171973 0.101195 -0.081181 -0.026703
-0.234041 -0.081181 0.984236 0.362021
-0.086457 -0.026703 0.362021 0.178113
8.726338 1.146607 6.529583 1.252492
0.375836 0.121756 -0.234680 -0.073309
0.121756 0.072792 -0.068682 -0.019193
-0.234680 -0.068682 0.969810 0.315240
-0.073309 -0.019193 0.315240 0.138490
9.496525 1.230066 8.497226 1.653490
0.430765 0.133749 -0.212009 -0.055232
0.133749 0.070014 -0.053605 -0.012334
-0.212009 -0.053605 0.891646 0.260502
-0.055232 -0.012334 0.260502 0.106865
10.247210 1.280204 9.849623 1.799202
0.472599 0.138424 -0.192012 -0.042567
0.138424 0.065834 -0.043007 -0.008420
-0.192012 -0.043007 0.816565 0.218132
-0.042567 -0.008420 0.218132 0.085858
11.155255 1.354601 10.688492 1.789450
0.510536 0.140652 -0.175326 -0.033658
0.140652 0.062058 -0.034969 -0.005990
-0.175326 -0.034969 0.780589 0.193786
-0.033658 -0.005990 0.193786 0.073799
11.641934 1.320998 12.517073 2.007679
0.533438 0.138614 -0.150290 -0.024899
0.138614 0.058161 -0.027221 -0.004133
-0.150290 -0.027221 0.696112 0.162504
-0.024899 -0.004133 0.162504 0.062524
13.157938 1.536083 13.572177 2.035847
0.525135 0.129410 -0.119795 -0.017029
0.129410 0.053443 -0.018830 -0.002524
-0.119795 -0.018830 0.645547 0.144147
-0.017029 -0.002524 0.144147 0.056175
13.250214 1.385499 15.260970 2.170529
0.539666 0.127319 -0.097158 -0.011583
0.127319 0.051366 -0.013723 -0.001670
-0.097158 -0.013723 0.588746 0.127088
-0.011583 -0.001670 0.127088 0.051143
14.906192 1.611130 16.681307 2.257850
0.526582 0.119631 -0.070152 -0.006371
0.119631 0.048532 -0.007794 -0.000791
-0.070152 -0.007794 0.564159 0.119349
-0.006371 -0.000791 0.119349 0.048860
16.072143 1.688246 17.590567 2.216925
0.524553 0.115799 -0.044404 -0.001766
0.115799 0.047092 -0.002720 -0.000066
-0.044404 -0.002720 0.552279 0.115303
-0.001766 -0.000066 0.115303 0.047692
17.000698 1.699849 18.082455 2.090115
0.524118 0.112913 -0.038568 -0.001671
0.112913 0.046110 -0.002458 -0.000339
-0.038568 -0.002458 0.545003 0.112525
-0.001671 -0.000339 0.112525 0.046914
17.968875 1.720435 18.627445 1.988522
0.518522 0.109611 -0.035190 -0.002016
0.109611 0.045257 -0.002662 -0.000624
-0.035190 -0.002662 0.535110 0.109631
-0.002016 -0.000624 0.109631 0.046239
18.320487 1.617381 20.060405 2.073973
0.519247 0.108475 -0.010752 0.002166
0.108475 0.045061 0.001626 0.000107
-0.010752 0.001626 0.518673 0.105993
0.002166 0.000107 0.105993 0.045549
19.460821 1.688751 21.596032 2.177965
0.507814 0.105042 -0.006043 0.001961
0.105042 0.044430 0.001527 -0.000096
-0.006043 0.001527 0.504143 0.102992
0.001961 -0.000096 0.102992 0.045024
20.045407 1.634915 22.590895 2.157519
0.506611 0.104201 -0.021125 -0.002057
0.104201 0.044411 -0.002436 -0.001006
-0.021125 -0.002436 0.499680 0.102273
-0.002057 -0.001006 0.102273 0.044991
20.792180 1.619984 23.533729 2.129324
0.491594 0.100845 -0.016567 -0.001592
0.100845 0.043912 -0.001892 -0.000890
-0.016567 -0.001892 0.484764 0.099564
-0.001592 -0.000890 0.099564 0.044558
20.684528 1.430744 24.335079 2.072182
0.468691 0.096287 -0.014781 -0.001663
0.096287 0.043207 -0.001898 -0.000882
-0.014781 -0.001898 0.461267 0.095283
-0.001663 -0.000882 0.095283 0.043812
21.130903 1.374895 25.264211 2.049216
0.462603 0.095687 0.004002 0.001956
0.095687 0.043364 0.001740 -0.000088
0.004002 0.001740 0.457764 0.095509
0.001956 -0.000088 0.095509 0.044038
21.884992 1.388521 25.992501 1.986973
0.456964 0.095163 -0.005139 -0.000530
0.095163 0.043477 -0.000682 -0.000616
-0.005139 -0.000682 0.455150 0.095724
-0.000530 -0.000616 0.095724 0.044186
21.983807 1.263996 27.775904 2.153798
0.443137 0.092934 0.007678 0.001949
0.092934 0.043190 0.001812 -0.000041
0.007678 0.001812 0.459584 0.097319
0.001949 -0.000041 0.097319 0.044583
22.949247 1.334642 28.597116 2.099374
0.441583 0.093416 0.013219 0.002728
0.093416 0.043458 0.002611 0.000137
0.013219 0.002611 0.462306 0.098289
0.002728 0.000137 0.098289 0.044784
23.171809 1.239758 29.729958 2.117582
0.431526 0.091948 0.010158 0.001694
0.091948 0.043250 0.001582 -0.000070
0.010158 0.001582 0.467046 0.099526
0.001694 -0.000070 0.099526 0.045010
23.364444 1.148356 30.576408 2.072985
0.436727 0.093795 0.002387 -0.000188
0.093795 0.043737 -0.000299 -0.000430
0.002387 -0.000299 0.477576 0.101831
-0.000188 -0.000430 0.101831 0.045439
24.222505 1.209991 31.375389 2.022005
0.435913 0.094069 -0.008697 -0.002523
0.094069 0.043811 -0.002655 -0.000851
-0.008697 -0.002655 0.483008 0.102797
-0.002523 -0.000851 0.102797 0.045548
24.524585 1.144572 32.216584 1.986257
0.444764 0.096311 -0.011203 -0.002795
0.096311 0.044283 -0.002917 -0.000796
-0.011203 -0.002917 0.496556 0.105378
-0.002795 -0.000796 0.105378 0.045997
25.466081 1.224417 33.572928 2.062832
0.423334 0.091713 -0.025060 -0.005431
0.091713 0.043221 -0.005615 -0.001273
-0.025060 -0.005615 0.506625 0.106988
-0.005431 -0.001273 0.106988 0.046218
25.977547 1.202108 34.117207 1.960454
0.427567 0.093082 -0.029084 -0.005765
0.093082 0.043541 -0.005945 -0.001226
-0.029084 -0.005945 0.508560 0.106774
-0.005765 -0.001226 0.106774 0.046057
26.834274 1.258329 35.310610 2.005490
0.414755 0.090523 -0.027661 -0.005011
0.090523 0.042958 -0.005098 -0.000968
-0.027661 -0.005098 0.519056 0.108447
-0.005011 -0.000968 0.108447 0.046335
27.759459 1.323443 36.371068 2.018266
0.408426 0.089539 -0.036743 -0.006565
0.089539 0.042751 -0.006694 -0.001261
-0.036743 -0.006694 0.530650 0.110224
-0.006565 -0.001261 0.110224 0.046625
28.102628 1.252650 37.236684 1.987458
0.411446 0.090666 -0.032180 -0.005169
0.090666 0.043015 -0.005202 -0.000900
-0.032180 -0.005202 0.535503 0.110556
-0.005169 -0.000900 0.110556 0.046625
28.153058 1.124086 37.950375 1.927535
0.393172 0.086881 -0.028845 -0.004315
0.086881 0.042148 -0.004219 -0.000715
-0.028845 -0.004219 0.534126 0.109666
-0.004315 -0.000715 0.109666 0.046399
28.692472 1.118596 38.810045 1.906125
0.397810 0.088473 -0.027972 -0.003990
0.088473 0.042534 -0.003893 -0.000665
-0.027972 -0.003893 0.540003 0.110430
-0.003990 -0.000665 0.110430 0.046553
29.146858 1.093631 39.420617 1.835813
0.405872 0.090571 -0.027796 -0.003857
0.090571 0.042973 -0.003818 -0.000673
-0.027796 -0.003818 0.538648 0.109721
-0.003857 -0.000673 0.109721 0.046408
29.810408 1.118225 40.003836 1.768263
0.413634 0.092319 -0.028756 -0.003995
0.092319 0.043282 -0.004021 -0.000740
-0.028756 -0.004021 0.538045 0.109305
-0.003995 -0.000740 0.109305 0.046351
30.459113 1.140340 41.363069 1.865133
0.413622 0.092134 -0.027441 -0.003712
0.092134 0.043139 -0.003626 -0.000688
-0.027441 -0.003626 0.556109 0.112792
-0.003712 -0.000688 0.112792 0.047102
31.005777 1.134639 42.189373 1.843542
0.387668 0.086231 -0.017297 -0.001796
0.086231 0.041755 -0.001424 -0.000300
-0.017297 -0.001424 0.552126 0.111575
-0.001796 -0.000300 0.111575 0.046851
31.822891 1.190907 43.210099 1.864473
0.400129 0.089457 -0.011881 -0.000842
0.089457 0.042532 -0.000490 -0.000154
-0.011881 -0.000490 0.548158 0.110525
-0.000842 -0.000154 0.110525 0.046666
32.535818 1.215956 43.774019 1.790642
0.402277 0.090003 -0.001515 0.000994
0.090003 0.042623 0.001419 0.000175
-0.001515 0.001419 0.524400 0.105653
0.000994 0.000175 0.105653 0.045737
33.132960 1.212987 44.445781 1.745421
0.429183 0.095962 -0.006741 -0.000396
0.095962 0.043905 -0.000261 -0.000220
-0.006741 -0.000261 0.511115 0.103316
-0.000396 -0.000220 0.103316 0.045386
34.066504 1.286945 45.996004 1.883697
0.459214 0.101990 -0.006416 -0.000497
0.101990 0.045091 -0.000431 -0.000262
-0.006416 -0.000431 0.513446 0.104344
-0.000497 -0.000262 0.104344 0.045728
34.496416 1.239835 46.796536 1.854570
0.480968 0.105593 -0.011841 -0.001754
0.105593 0.045655 -0.001858 -0.000554
-0.011841 -0.001858 0.485500 0.099043
-0.001754 -0.000554 0.099043 0.044725
35.408572 1.302453 47.220955 1.751484
0.502219 0.108840 -0.004436 -0.000237
0.108840 0.046143 -0.000329 -0.000211
-0.004436 -0.000329 0.441919 0.090932
-0.000237 -0.000211 0.090932 0.043199
