2.399152 1.921776 1.253368 -0.390689
2.086369 0.834566 -0.348231 -0.139296
0.834566 80.337900 -0.139296 -0.055719
-0.348231 -0.139296 4.185275 1.674146
-0.139296 -0.055719 1.674146 80.673740
4.638691 4.188415 0.586755 -1.115906
3.539622 6.269561 -1.485620 -2.299884
6.269561 18.343556 -2.580726 -4.922865
-1.485620 -2.580726 2.438168 3.895270
-2.299884 -4.922865 3.895270 19.073979
7.510473 5.213433 3.358909 3.199701
1.871331 2.063479 0.388927 0.723327
2.063479 4.033307 0.450463 0.389383
0.388927 0.450463 0.489190 0.667793
0.723327 0.389383 0.667793 3.578088
8.390892 3.944760 3.401682 1.410900
1.405565 1.185952 0.112381 0.021661
1.185952 1.659129 -0.068598 -0.254102
0.112381 -0.068598 1.243175 1.534364
0.021661 -0.254102 1.534364 2.511181
9.389206 3.208159 5.431832 2.537867
1.040955 0.699923 -0.018403 -0.058781
0.699923 0.774675 -0.107874 -0.126864
-0.018403 -0.107874 1.529543 1.254797
-0.058781 -0.126864 1.254797 1.254572
9.131308 2.197109 5.660677 1.946279
0.788880 0.450871 -0.281926 -0.187913
0.450871 0.423513 -0.208889 -0.136090
-0.281926 -0.208889 1.633819 0.997609
-0.187913 -0.136090 0.997609 0.723405
8.383227 1.304679 5.275987 1.301443
0.520663 0.258848 -0.429962 -0.210508
0.258848 0.229665 -0.225112 -0.108762
-0.429962 -0.225112 1.632767 0.790555
-0.210508 -0.108762 0.790555 0.453017
8.597392 1.115795 6.921217 1.699033
0.590222 0.265619 -0.358253 -0.139260
0.265619 0.186216 -0.147885 -0.056617
-0.358253 -0.147885 1.387128 0.556873
-0.139260 -0.056617 0.556873 0.272827
9.064502 1.075742 7.598573 1.637785
0.668233 0.266588 -0.373490 -0.121093
0.266588 0.153834 -0.131259 -0.042226
-0.373490 -0.131259 1.240418 0.427300
-0.121093 -0.042226 0.427300 0.185307
10.224384 1.299517 8.272641 1.602847
0.715971 0.254666 -0.315652 -0.086193
0.254666 0.127175 -0.092954 -0.025299
-0.315652 -0.092954 1.127809 0.343172
-0.086193 -0.025299 0.343172 0.136232
10.999827 1.347447 9.435688 1.705457
0.736696 0.235271 -0.272882 -0.064416
0.235271 0.105361 -0.069859 -0.016669
-0.272882 -0.069859 1.006716 0.275906
-0.064416 -0.016669 0.275906 0.103745
10.723800 1.081838 11.137414 1.907852
0.741894 0.215488 -0.219243 -0.044739
0.215488 0.089079 -0.049284 -0.010405
-0.219243 -0.049284 0.862852 0.217005
-0.044739 -0.010405 0.217005 0.080565
12.112538 1.300472 11.417511 1.759421
0.712093 0.189486 -0.216379 -0.041302
0.189486 0.074766 -0.045207 -0.009230
-0.216379 -0.045207 0.804648 0.188762
-0.041302 -0.009230 0.188762 0.069050
12.596398 1.257108 12.211614 1.737700
0.674076 0.166822 -0.203818 -0.036337
0.166822 0.064460 -0.039735 -0.007833
-0.203818 -0.039735 0.726626 0.161141
-0.036337 -0.007833 0.161141 0.059873
13.029877 1.220968 13.726941 1.875066
0.636438 0.149354 -0.138521 -0.020669
0.149354 0.057661 -0.022735 -0.004047
-0.138521 -0.022735 0.642571 0.137351
-0.020669 -0.004047 0.137351 0.053235
13.643581 1.218495 14.450092 1.829865
0.606886 0.136098 -0.116599 -0.016015
0.136098 0.052926 -0.017529 -0.003134
-0.116599 -0.017529 0.599046 0.124780
-0.016015 -0.003134 0.124780 0.049795
15.349752 1.449284 14.690760 1.704901
0.554914 0.120534 -0.070101 -0.007030
0.120534 0.048613 -0.007329 -0.001280
-0.070101 -0.007329 0.574819 0.118232
-0.007030 -0.001280 0.118232 0.048159
16.314510 1.501916 15.650975 1.729841
0.543384 0.115281 -0.069346 -0.007708
0.115281 0.047029 -0.007997 -0.001654
-0.069346 -0.007997 0.558742 0.113602
-0.007708 -0.001654 0.113602 0.047023
17.259594 1.546589 16.873108 1.804581
0.532160 0.111102 -0.060870 -0.006629
0.111102 0.045971 -0.006890 -0.001573
-0.060870 -0.006890 0.539625 0.109080
-0.006629 -0.001573 0.109080 0.046088
17.920473 1.526764 18.135341 1.876513
0.523004 0.108175 -0.040085 -0.003035
0.108175 0.045376 -0.003242 -0.000938
-0.040085 -0.003242 0.520740 0.105261
-0.003035 -0.000938 0.105261 0.045427
18.533436 1.496822 19.201371 1.901228
0.526078 0.108175 -0.026434 -0.001013
0.108175 0.045464 -0.001180 -0.000622
-0.026434 -0.001180 0.518934 0.105219
-0.001013 -0.000622 0.105219 0.045570
18.949404 1.431262 20.538470 1.977673
0.519454 0.106277 -0.020162 -0.000638
0.106277 0.045167 -0.000809 -0.000656
-0.020162 -0.000809 0.505384 0.102728
-0.000638 -0.000656 0.102728 0.045176
19.971628 1.492376 21.230023 1.918520
0.510498 0.104260 -0.004972 0.001656
0.104260 0.044900 0.001540 -0.000244
-0.004972 0.001540 0.500707 0.102306
0.001656 -0.000244 0.102306 0.045231
20.108979 1.368470 22.327833 1.944784
0.503833 0.102963 0.008927 0.003633
0.102963 0.044801 0.003519 0.000098
0.008927 0.003519 0.491749 0.100971
0.003633 0.000098 0.100971 0.045066
20.565477 1.323470 24.275461 2.145641
0.496900 0.101755 0.022369 0.005497
0.101755 0.044715 0.005390 0.000430
0.022369 0.005390 0.488160 0.100782
0.005497 0.000430 0.100782 0.045122
20.854301 1.246999 24.711060 2.013504
0.490866 0.100837 0.025673 0.005262
0.100837 0.044677 0.005169 0.000342
0.025673 0.005169 0.479972 0.099562
0.005262 0.000342 0.099562 0.044930
21.473956 1.245991 25.838603 2.038709
0.495344 0.102156 0.028864 0.005177
0.102156 0.045082 0.005084 0.000327
0.028864 0.005084 0.490275 0.102230
0.005177 0.000327 0.102230 0.045540
21.732907 1.169612 27.211150 2.113622
0.487407 0.100759 0.030936 0.005040
0.100759 0.044871 0.004926 0.000334
0.030936 0.004926 0.494283 0.103255
0.005040 0.000334 0.103255 0.045733
22.318431 1.169196 28.412285 2.143818
0.477004 0.098934 0.037061 0.005905
0.098934 0.044570 0.005757 0.000571
0.037061 0.005757 0.496012 0.103644
0.005905 0.000571 0.103644 0.045765
22.540832 1.092942 29.613712 2.172661
0.448443 0.093462 0.036947 0.005583
0.093462 0.043516 0.005371 0.000570
0.036947 0.005371 0.486948 0.101735
0.005583 0.000570 0.101735 0.045318
23.505593 1.183048 30.363858 2.099869
0.458795 0.096623 0.030160 0.003788
0.096623 0.044340 0.003627 0.000254
0.030160 0.003627 0.494086 0.103418
0.003788 0.000254 0.103418 0.045670
23.869731 1.137267 30.981098 2.010474
0.470920 0.099763 0.019788 0.001493
0.099763 0.045053 0.001360 -0.000133
0.019788 0.001360 0.502111 0.105112
0.001493 -0.000133 0.105112 0.045991
24.726627 1.196378 32.391006 2.093608
0.472691 0.100302 0.011732 0.000016
0.100302 0.045127 -0.000207 -0.000327
0.011732 -0.000207 0.521369 0.108962
0.000016 -0.000327 0.108962 0.046733
24.767320 1.076159 33.853544 2.182515
0.440518 0.093453 0.021992 0.002652
0.093453 0.043603 0.002342 0.000371
0.021992 0.002342 0.529567 0.110057
0.002652 0.000371 0.110057 0.046829
25.176885 1.048875 34.897589 2.173278
0.444360 0.094984 0.009681 0.000171
0.094984 0.044012 -0.000185 -0.000102
0.009681 -0.000185 0.538712 0.111400
0.000171 -0.000102 0.111400 0.047015
26.082786 1.131275 35.845779 2.143517
0.429592 0.092268 -0.004505 -0.002380
0.092268 0.043444 -0.002846 -0.000550
-0.004505 -0.002846 0.539041 0.110862
-0.002380 -0.000550 0.110862 0.046822
26.982864 1.202883 37.203858 2.201389
0.426989 0.092313 -0.013007 -0.003600
0.092313 0.043491 -0.004109 -0.000702
-0.013007 -0.004109 0.553337 0.113289
-0.003600 -0.000702 0.113289 0.047273
27.538903 1.192929 38.383929 2.217585
0.435635 0.094680 -0.020395 -0.004548
0.094680 0.044010 -0.005060 -0.000806
-0.020395 -0.005060 0.562876 0.114574
-0.004548 -0.000806 0.114574 0.047470
28.517413 1.276095 39.420454 2.203095
0.386344 0.084106 -0.020623 -0.004038
0.084106 0.041645 -0.004435 -0.000610
-0.020623 -0.004435 0.562800 0.113875
-0.004038 -0.000610 0.113875 0.047274
29.149852 1.274590 40.285836 2.155506
0.399411 0.088112 -0.025552 -0.004570
0.088112 0.042658 -0.005005 -0.000689
-0.025552 -0.005005 0.559910 0.112771
-0.004570 -0.000689 0.112771 0.047037
29.903718 1.300276 41.264068 2.135792
0.389984 0.086586 -0.019601 -0.002987
0.086586 0.042308 -0.003194 -0.000315
-0.019601 -0.003194 0.556300 0.111734
-0.002987 -0.000315 0.111734 0.046856
30.540332 1.296493 42.035626 2.076291
0.400756 0.089580 -0.020595 -0.002962
0.089580 0.042967 -0.003205 -0.000342
-0.020595 -0.003205 0.547402 0.109779
-0.002962 -0.000342 0.109779 0.046513
32.039778 1.485006 42.305615 1.924847
0.342679 0.076838 0.015470 0.004226
0.076838 0.040042 0.004975 0.001219
0.015470 0.004975 0.517659 0.103983
0.004226 0.001219 0.103983 0.045453
32.617727 1.446841 42.843777 1.838888
0.345344 0.078803 0.015622 0.003733
0.078803 0.040636 0.004312 0.000930
0.015622 0.004312 0.506566 0.102332
0.003733 0.000930 0.102332 0.045275
33.069614 1.384282 44.192582 1.926105
0.361996 0.083578 0.010999 0.002367
0.083578 0.041758 0.002695 0.000500
0.010999 0.002695 0.514889 0.104712
0.002367 0.000500 0.104712 0.045901
33.865931 1.408547 44.756451 1.844574
0.387302 0.089697 0.011725 0.002249
0.089697 0.043050 0.002547 0.000425
0.011725 0.002547 0.490541 0.100138
0.002249 0.000425 0.100138 0.045027
34.694987 1.438014 44.849486 1.673863
0.403557 0.092968 0.021175 0.003971
0.092968 0.043555 0.004493 0.000800
0.021175 0.004493 0.447873 0.092116
0.003971 0.000800 0.092116 0.043486
35.480583 1.453177 45.716556 1.680030
0.435866 0.099574 0.012731 0.001820
0.099574 0.044807 0.002135 0.000256
0.012731 0.002135 0.445057 0.092945
0.001820 0.000256 0.092945 0.043861
36.072703 1.422210 46.902172 1.753390
0.466569 0.105127 -0.003248 -0.001690
0.105127 0.045737 -0.001606 -0.000523
-0.003248 -0.001606 0.450736 0.095307
-0.001690 -0.000523 0.095307 0.044467
36.576566 1.376035 47.983748 1.797350
0.499638 0.110686 -0.022198 -0.005483
0.110686 0.046631 -0.005522 -0.001274
-0.022198 -0.005522 0.447998 0.095473
-0.005483 -0.001274 0.095473 0.044505
