-1.592542 0.325064 2.694312 0.185701
41.876945 16.751141 -56.661822 -22.665220
16.751141 86.704668 -22.665220 -9.066284
-56.661822 -22.665220 81.500470 32.600894
-22.665220 -9.066284 32.600894 93.044707
1.313793 4.881031 4.022721 3.060376
72.229850 45.494884 -87.162331 -37.485487
45.494884 50.245156 -53.401938 -42.927322
-87.162331 -53.401938 107.591026 47.512820
-37.485487 -42.927322 47.512820 56.764018
4.553664 4.749582 2.356836 0.493277
120.399085 65.116556 -133.046461 -55.033789
65.116556 46.652196 -71.337818 -42.842132
-133.046461 -71.337818 149.561440 63.231995
-55.033789 -42.842132 63.231995 47.042161
3.217762 3.084334 6.402909 1.848048
74.361944 33.494364 -62.100196 -14.731325
33.494364 22.072234 -27.958027 -15.229166
-62.100196 -27.958027 53.385839 13.651520
-14.731325 -15.229166 13.651520 15.752861
3.249856 2.551246 8.312479 1.945814
30.804368 14.388929 -30.440306 -13.692472
14.388929 11.064615 -14.807185 -12.040830
-30.440306 -14.807185 31.810818 15.488958
-13.692472 -12.040830 15.488958 14.753278
4.053417 2.373176 9.691789 2.081824
24.812094 11.569900 -29.099587 -14.264066
11.569900 8.046730 -14.084389 -10.045857
-29.099587 -14.084389 35.931794 18.387415
-14.264066 -10.045857 18.387415 13.382848
8.533351 3.652159 7.157594 0.666415
25.320464 10.828842 -33.463247 -14.937041
10.828842 6.310212 -14.589760 -8.442641
-33.463247 -14.589760 45.896441 20.874879
-14.937041 -8.442641 20.874879 11.869034
11.175811 3.960653 6.301692 0.203455
11.741527 4.156557 -12.332201 -4.346893
4.156557 2.597647 -4.435327 -2.839982
-12.332201 -4.435327 14.138016 5.140033
-4.346893 -2.839982 5.140033 3.427708
13.168987 3.974569 6.229437 0.128272
7.895562 2.488695 -6.414181 -1.912599
2.488695 1.584545 -2.074897 -1.517604
-6.414181 -2.074897 6.091580 1.941919
-1.912599 -1.517604 1.941919 1.713735
15.148410 3.992488 6.133285 0.050378
7.106030 2.019798 -4.613324 -1.196244
2.019798 1.155716 -1.398609 -1.010275
-4.613324 -1.398609 3.711711 1.119886
-1.196244 -1.010275 1.119886 1.124368
17.227764 4.016346 6.099184 0.032780
6.701224 1.673473 -3.447633 -0.715008
1.673473 0.844912 -0.976443 -0.673255
-3.447633 -0.976443 2.388873 0.692719
-0.715008 -0.673255 0.692719 0.768976
19.566561 4.115668 5.864300 -0.051947
6.226832 1.331249 -2.423974 -0.310915
1.331249 0.600966 -0.650259 -0.432058
-2.423974 -0.650259 1.508716 0.435557
-0.310915 -0.432058 0.435557 0.539657
19.531148 3.503955 7.322014 0.460527
5.193765 0.885405 -1.180049 0.116481
0.885405 0.383346 -0.319978 -0.239917
-1.180049 -0.319978 0.738047 0.234315
0.116481 -0.239917 0.234315 0.378107
19.016100 2.523362 10.250726 1.667047
5.647182 0.871903 -0.796243 0.232177
0.871903 0.303728 -0.211844 -0.139682
-0.796243 -0.211844 0.447668 0.150518
0.232177 -0.139682 0.150518 0.261188
20.845461 2.462326 11.557679 1.974104
6.379714 1.036485 -0.958157 0.068679
1.036485 0.302927 -0.255470 -0.124509
-0.958157 -0.255470 0.507709 0.185655
0.068679 -0.124509 0.185655 0.205510
22.418609 2.615256 12.097209 1.777891
7.148270 1.086375 -0.838404 0.102162
1.086375 0.275256 -0.236884 -0.092028
-0.838404 -0.236884 0.540088 0.206069
0.102162 -0.092028 0.206069 0.176160
21.944728 2.270957 13.568827 1.934278
6.167290 0.773245 -0.045936 0.324548
0.773245 0.183946 -0.092905 -0.033830
-0.045936 -0.092905 0.410647 0.177828
0.324548 -0.033830 0.177828 0.144514
22.046210 2.074895 14.887584 2.032364
6.605921 0.776040 0.287673 0.382268
0.776040 0.164523 -0.040376 -0.009847
0.287673 -0.040376 0.406932 0.173675
0.382268 -0.009847 0.173675 0.121619
23.107312 2.121624 15.643652 1.938270
7.244194 0.830089 0.496871 0.387077
0.830089 0.161284 -0.018404 -0.000886
0.496871 -0.018404 0.482042 0.189754
0.387077 -0.000886 0.189754 0.110144
23.190298 1.985998 16.704127 1.949327
6.424423 0.651957 1.010952 0.462947
0.651957 0.125371 0.038100 0.012911
1.010952 0.038100 0.593598 0.217302
0.462947 0.012911 0.217302 0.107085
23.081424 1.860422 17.590830 1.909810
5.925830 0.545213 1.436348 0.508829
0.545213 0.105314 0.072425 0.019553
1.436348 0.072425 0.790293 0.259334
0.508829 0.019553 0.259334 0.108606
23.335746 1.722145 18.969081 2.029054
5.813102 0.506735 1.781800 0.530660
0.506735 0.095642 0.106470 0.026211
1.781800 0.106470 0.934279 0.274040
0.530660 0.026211 0.274040 0.101924
24.720506 1.756383 20.253239 2.100024
5.448699 0.455980 1.985275 0.514909
0.455980 0.088803 0.111855 0.024586
1.985275 0.111855 1.169665 0.309243
0.514909 0.024586 0.309243 0.102427
26.547770 1.834851 21.688198 2.188533
2.851417 0.221571 1.278279 0.297259
0.221571 0.068248 0.031159 0.003772
1.278279 0.031159 1.158253 0.283913
0.297259 0.003772 0.283913 0.089966
24.775986 1.615633 21.486745 1.918670
0.202012 0.022684 0.040799 0.006660
0.022684 0.053995 -0.078405 -0.019394
0.040799 -0.078405 0.762984 0.183066
0.006660 -0.019394 0.183066 0.064133
25.608559 1.613366 22.528562 1.936896
0.217963 0.045796 0.008025 -0.000986
0.045796 0.057635 -0.085221 -0.018681
0.008025 -0.085221 0.949558 0.213371
-0.000986 -0.018681 0.213371 0.068430
26.304473 1.577067 23.598884 1.959125
0.237123 0.066640 -0.062840 -0.014897
0.066640 0.060540 -0.099088 -0.019569
-0.062840 -0.099088 1.159039 0.244489
-0.014897 -0.019569 0.244489 0.072547
27.008885 1.557652 24.485824 1.940741
0.285098 0.091407 -0.184686 -0.036579
0.091407 0.064159 -0.119772 -0.021732
-0.184686 -0.119772 1.298811 0.257555
-0.036579 -0.021732 0.257555 0.072694
27.603319 1.506656 25.351449 1.919461
0.357364 0.116443 -0.335998 -0.060518
0.116443 0.067206 -0.145786 -0.024659
-0.335998 -0.145786 1.427059 0.266677
-0.060518 -0.024659 0.266677 0.072212
27.710670 1.331760 25.385773 1.740425
0.444513 0.139098 -0.536613 -0.090225
0.139098 0.068993 -0.181186 -0.029058
-0.536613 -0.181186 1.478251 0.259965
-0.090225 -0.029058 0.259965 0.068908
28.344952 1.322878 26.450542 1.774437
0.585391 0.170141 -0.705267 -0.109818
0.170141 0.072601 -0.203361 -0.030565
-0.705267 -0.203361 1.692838 0.283624
-0.109818 -0.030565 0.283624 0.071601
29.041185 1.326592 26.907865 1.699660
0.766005 0.205095 -0.889911 -0.129013
0.205095 0.076737 -0.227317 -0.032196
-0.889911 -0.227317 1.795398 0.284636
-0.129013 -0.032196 0.284636 0.070079
29.811179 1.356896 27.805568 1.712818
0.973396 0.239456 -1.098137 -0.149749
0.239456 0.080101 -0.251689 -0.033884
-1.098137 -0.251689 2.004212 0.303467
-0.149749 -0.033884 0.303467 0.071804
30.471896 1.349259 28.563965 1.694850
1.210171 0.273636 -1.343046 -0.174067
0.273636 0.082864 -0.281095 -0.036410
-1.343046 -0.281095 2.223344 0.320940
-0.174067 -0.036410 0.320940 0.073007
31.111277 1.346809 29.585422 1.723113
1.473697 0.307508 -1.608913 -0.199027
0.307508 0.085312 -0.309397 -0.038639
-1.608913 -0.309397 2.484088 0.343437
-0.199027 -0.038639 0.343437 0.074995
31.514818 1.256568 29.792873 1.594716
1.777534 0.343704 -1.914812 -0.227064
0.343704 0.087846 -0.344612 -0.041826
-1.914812 -0.344612 2.699084 0.354304
-0.227064 -0.041826 0.354304 0.074684
32.388740 1.317491 30.700778 1.629321
2.113014 0.381021 -2.230790 -0.253312
0.381021 0.090730 -0.372784 -0.043578
-2.230790 -0.372784 3.010747 0.380967
-0.253312 -0.043578 0.380967 0.077282
33.241928 1.354619 31.403042 1.622771
2.472961 0.416875 -2.577469 -0.281966
0.416875 0.092963 -0.403137 -0.045774
-2.577469 -0.403137 3.336967 0.406461
-0.281966 -0.045774 0.406461 0.079335
33.997088 1.381751 32.425184 1.664566
2.838062 0.447788 -2.949653 -0.313213
0.447788 0.094126 -0.431781 -0.047932
-2.949653 -0.431781 3.725885 0.439591
-0.313213 -0.047932 0.439591 0.082412
34.876466 1.428992 33.424778 1.706800
3.254451 0.483635 -3.356844 -0.345037
0.483635 0.096177 -0.463527 -0.050160
-3.356844 -0.463527 4.127039 0.470199
-0.345037 -0.050160 0.470199 0.084813
34.863381 1.298026 34.501350 1.691735
3.665015 0.512474 -3.797186 -0.381275
0.512474 0.096695 -0.496694 -0.053043
-3.797186 -0.496694 4.556118 0.501404
-0.381275 -0.053043 0.501404 0.086867
35.532079 1.357904 36.318360 1.859188
4.187932 0.560199 -4.234768 -0.406363
0.560199 0.100991 -0.529178 -0.054204
-4.234768 -0.529178 4.927637 0.521220
-0.406363 -0.054204 0.521220 0.087726
35.908972 1.370448 38.408907 2.033297
4.735749 0.610528 -4.620274 -0.420108
0.610528 0.105658 -0.557432 -0.054509
-4.620274 -0.557432 5.150513 0.519194
-0.420108 -0.054509 0.519194 0.085741
36.569145 1.358588 39.304856 2.010893
5.219674 0.656062 -4.804221 -0.405425
0.656062 0.110080 -0.568627 -0.052457
-4.804221 -0.568627 5.002963 0.471589
-0.405425 -0.052457 0.471589 0.078485
37.883473 1.404771 39.248778 1.880751
5.799795 0.707762 -5.082912 -0.402214
0.707762 0.114710 -0.587769 -0.051616
-5.082912 -0.587769 4.978959 0.441898
-0.402214 -0.051616 0.441898 0.073876
38.593794 1.403973 40.155222 1.875528
6.470322 0.753748 -5.610114 -0.436854
0.753748 0.117073 -0.620957 -0.053939
-5.610114 -0.620957 5.375912 0.467428
-0.436854 -0.053939 0.467428 0.075952
38.835594 1.350531 41.455285 1.900028
7.152369 0.795733 -6.164924 -0.474638
0.795733 0.118757 -0.653019 -0.056350
-6.164924 -0.653019 5.816661 0.497497
-0.474638 -0.056350 0.497497 0.078421
39.571386 1.348300 42.223861 1.873044
7.948664 0.852233 -6.732167 -0.503494
0.852233 0.122553 -0.689074 -0.058111
-6.732167 -0.689074 6.190428 0.513325
-0.503494 -0.058111 0.513325 0.078981
40.507324 1.388284 43.130530 1.891032
8.784001 0.906688 -7.348427 -0.537808
0.906688 0.125780 -0.725084 -0.060082
-7.348427 -0.725084 6.635197 0.537625
-0.537808 -0.060082 0.537625 0.080556
41.190900 1.388502 44.102983 1.894957
9.616508 0.953748 -8.000747 -0.578519
0.953748 0.127772 -0.759751 -0.062468
-8.000747 -0.759751 7.140256 0.568995
-0.578519 -0.062468 0.568995 0.082748
