-0.234162 0.868428 4.327127 0.838841
41.753121 16.701610 -56.712102 -22.685332
16.701610 86.684855 -22.685332 -9.074329
-56.712102 -22.685332 81.306424 32.523274
-22.685332 -9.074329 32.523274 93.013658
2.612691 2.393722 1.839515 -0.407552
70.623961 42.813713 -88.005022 -39.255563
42.813713 47.427076 -51.420576 -42.993468
-88.005022 -51.420576 112.722311 51.829710
-39.255563 -42.993468 51.829710 59.518985
-0.033426 1.349093 9.860646 4.706635
79.434955 46.823065 -73.602573 -23.353550
46.823065 38.868271 -42.998305 -27.239082
-73.602573 -42.998305 69.676620 22.901624
-23.353550 -27.239082 22.901624 27.995793
-1.489058 0.335585 13.902850 5.169704
7.012047 4.341078 -9.275771 -6.289880
4.341078 9.144385 -6.530654 -12.501014
-9.275771 -6.530654 15.185138 12.058227
-6.289880 -12.501014 12.058227 20.669390
-0.856387 0.614801 16.173753 5.000257
3.123418 2.187182 -6.245527 -4.399511
2.187182 4.845653 -4.740283 -7.291297
-6.245527 -4.740283 17.364143 12.641276
-4.399511 -7.291297 12.641276 14.352291
-0.099248 0.923646 17.651334 4.375325
2.147637 1.431964 -5.593756 -3.314436
1.431964 2.539920 -3.270516 -3.855210
-5.593756 -3.270516 22.183699 12.169992
-3.314436 -3.855210 12.169992 9.227255
1.027942 1.365382 18.467239 3.608708
1.631876 0.936841 -5.151257 -2.474166
0.936841 1.336116 -1.997160 -1.966549
-5.151257 -1.997160 27.966743 11.701171
-2.474166 -1.966549 11.701171 6.250175
1.037185 0.907869 20.875983 4.075216
1.513679 0.745074 -5.437894 -2.167510
0.745074 0.806043 -1.488917 -1.172923
-5.437894 -1.488917 36.641594 12.478822
-2.167510 -1.172923 12.478822 5.034928
2.597487 1.377565 18.636498 2.625562
0.690170 0.345825 -1.682547 -0.667071
0.345825 0.445453 0.574452 -0.229970
-1.682547 0.574452 30.550837 7.993027
-0.667071 -0.229970 7.993027 2.561434
3.364450 1.388495 19.073652 2.405412
0.824386 0.350410 -2.874350 -0.913933
0.350410 0.300149 -0.318246 -0.328202
-2.874350 -0.318246 34.453483 8.594315
-0.913933 -0.328202 8.594315 2.460198
3.774253 1.230159 19.535244 2.337378
0.964353 0.350356 -4.044291 -1.091353
0.350356 0.223953 -0.768849 -0.342652
-4.044291 -0.768849 41.594402 9.543539
-1.091353 -0.342652 9.543539 2.412127
7.020242 2.249539 16.566278 0.940823
0.830127 0.244732 -4.605653 -1.048528
0.244732 0.139217 -0.807949 -0.265523
-4.605653 -0.807949 49.145753 10.163167
-1.048528 -0.265523 10.163167 2.257237
7.951508 2.270312 21.691616 1.767235
0.947669 0.306871 -2.962873 -0.701807
0.306871 0.143140 -0.828658 -0.244764
-2.962873 -0.828658 15.611121 3.264874
-0.701807 -0.244764 3.264874 0.805881
9.164728 2.289396 22.157499 1.687766
0.626102 0.185314 -1.782860 -0.391116
0.185314 0.091268 -0.365489 -0.118305
-1.782860 -0.365489 12.960367 2.352198
-0.391116 -0.118305 2.352198 0.527204
10.270590 2.282555 23.311169 1.739488
0.475364 0.135121 -1.096830 -0.234108
0.135121 0.070003 -0.130919 -0.060173
-1.096830 -0.130919 12.017507 1.944601
-0.234108 -0.060173 1.944601 0.400035
11.898286 2.392325 21.820755 1.344097
0.341592 0.103754 -0.074560 -0.055204
0.103754 0.059017 0.123965 -0.011269
-0.074560 0.123965 8.719015 1.235160
-0.055204 -0.011269 1.235160 0.249678
14.181446 2.694677 21.232389 1.043598
0.268654 0.079507 0.054119 -0.024769
0.079507 0.048183 0.141229 -0.001597
0.054119 0.141229 9.589630 1.291787
-0.024769 -0.001597 1.291787 0.240965
15.019704 2.531308 20.043340 0.877327
0.324912 0.093359 -0.011000 -0.037614
0.093359 0.049470 0.099238 -0.005686
-0.011000 0.099238 10.353295 1.350480
-0.037614 -0.005686 1.350480 0.239091
16.332919 2.537957 19.644193 0.767697
0.366621 0.097857 -0.454261 -0.093252
0.097857 0.047278 -0.064667 -0.023723
-0.454261 -0.064667 7.852745 1.028394
-0.093252 -0.023723 1.028394 0.193870
17.552960 2.509116 17.914161 0.515764
0.464588 0.118377 -0.691956 -0.122607
0.118377 0.050661 -0.137352 -0.030725
-0.691956 -0.137352 6.234105 0.812828
-0.122607 -0.030725 0.812828 0.162331
18.690289 2.495180 20.098226 0.751853
0.577650 0.142712 -0.534414 -0.101758
0.142712 0.055331 -0.123382 -0.027099
-0.534414 -0.123382 1.540553 0.218131
-0.101758 -0.027099 0.218131 0.084671
19.956638 2.500189 20.504973 0.755216
0.718695 0.167285 -0.686949 -0.119096
0.167285 0.059133 -0.146970 -0.028263
-0.686949 -0.146970 1.636615 0.243934
-0.119096 -0.028263 0.243934 0.087458
21.283466 2.519992 20.974316 0.767497
0.871689 0.191833 -0.788162 -0.127145
0.191833 0.062730 -0.156739 -0.027539
-0.788162 -0.156739 1.635903 0.249475
-0.127145 -0.027539 0.249475 0.086626
22.677691 2.542669 21.006013 0.713008
1.000836 0.209433 -0.807129 -0.120982
0.209433 0.064864 -0.145972 -0.023773
-0.807129 -0.145972 1.683863 0.259685
-0.120982 -0.023773 0.259685 0.086348
23.333406 2.431374 22.282111 0.852243
0.683404 0.142836 -0.218798 -0.023671
0.142836 0.051343 -0.024353 -0.003751
-0.218798 -0.024353 0.959083 0.152670
-0.023671 -0.003751 0.152670 0.068556
24.739016 2.469458 22.638367 0.843950
0.734633 0.148153 -0.231675 -0.025494
0.148153 0.051885 -0.024070 -0.003796
-0.231675 -0.024070 1.112803 0.185610
-0.025494 -0.003796 0.185610 0.073115
25.524418 2.375746 22.894013 0.806467
0.566051 0.108583 -0.273180 -0.036477
0.108583 0.043375 -0.029571 -0.005705
-0.273180 -0.029571 1.295354 0.219342
-0.036477 -0.005705 0.219342 0.077234
26.051150 2.249130 23.602094 0.845817
0.405692 0.076548 -0.247346 -0.034574
0.076548 0.037584 -0.020914 -0.004827
-0.247346 -0.020914 1.504768 0.255300
-0.034574 -0.004827 0.255300 0.081654
26.981998 2.211318 24.145081 0.862302
0.399592 0.076730 -0.314340 -0.045344
0.076730 0.038308 -0.032052 -0.006716
-0.314340 -0.032052 1.736135 0.288986
-0.045344 -0.006716 0.288986 0.085056
27.726575 2.123331 24.039025 0.765378
0.406926 0.078301 -0.446921 -0.065705
0.078301 0.038828 -0.057887 -0.010850
-0.446921 -0.057887 1.909199 0.307943
-0.065705 -0.010850 0.307943 0.085571
28.779917 2.121073 24.404083 0.762303
0.435850 0.085133 -0.535623 -0.076526
0.085133 0.040598 -0.069581 -0.012209
-0.535623 -0.069581 2.200725 0.345163
-0.076526 -0.012209 0.345163 0.089329
29.126642 1.960605 24.925379 0.765115
0.415603 0.079473 -0.634264 -0.089365
0.079473 0.039201 -0.081436 -0.013863
-0.634264 -0.081436 2.545982 0.386868
-0.089365 -0.013863 0.386868 0.093478
30.208135 1.985631 25.334918 0.772385
0.479320 0.093091 -0.758216 -0.102515
0.093091 0.042146 -0.099575 -0.015817
-0.758216 -0.099575 2.859183 0.418719
-0.102515 -0.015817 0.418719 0.095793
31.127289 1.968430 25.746037 0.773687
0.540809 0.103749 -0.904085 -0.117982
0.103749 0.043900 -0.120239 -0.018122
-0.904085 -0.120239 3.213366 0.453141
-0.117982 -0.018122 0.453141 0.098328
32.225954 2.011157 26.568899 0.841549
0.619026 0.116814 -1.059257 -0.132969
0.116814 0.046083 -0.138995 -0.019901
-1.059257 -0.138995 3.633467 0.493942
-0.132969 -0.019901 0.493942 0.101711
33.279567 2.012296 26.684957 0.800001
0.719919 0.132132 -1.262233 -0.152772
0.132132 0.048131 -0.170713 -0.023329
-1.262233 -0.170713 3.963735 0.516797
-0.152772 -0.023329 0.516797 0.102186
34.439286 2.062311 27.436087 0.854755
0.816403 0.144573 -1.463190 -0.170958
0.144573 0.049638 -0.192591 -0.025252
-1.463190 -0.192591 4.448240 0.559745
-0.170958 -0.025252 0.559745 0.105626
35.822300 2.163701 28.322088 0.931268
0.938774 0.160672 -1.693659 -0.190757
0.160672 0.051737 -0.218944 -0.027519
-1.693659 -0.218944 4.939351 0.599148
-0.190757 -0.027519 0.599148 0.108347
36.336971 1.993274 27.821748 0.779533
1.055545 0.171141 -1.988544 -0.217937
0.171141 0.051771 -0.260123 -0.031850
-1.988544 -0.260123 5.361292 0.623989
-0.217937 -0.031850 0.623989 0.108736
37.682142 2.078235 28.295181 0.806454
1.172200 0.182240 -2.239588 -0.237510
0.182240 0.052938 -0.278044 -0.032847
-2.239588 -0.278044 5.987343 0.676098
-0.237510 -0.032847 0.676098 0.113112
38.569401 2.057468 29.035822 0.842220
1.265052 0.186532 -2.494697 -0.257538
0.186532 0.052564 -0.293102 -0.033808
-2.494697 -0.293102 6.665096 0.730975
-0.257538 -0.033808 0.730975 0.117562
39.679852 2.085915 29.673071 0.873466
1.402201 0.198514 -2.801953 -0.280571
0.198514 0.053620 -0.318105 -0.035611
-2.801953 -0.318105 7.365490 0.782243
-0.280571 -0.035611 0.782243 0.121153
41.251773 2.235884 30.738112 0.978536
1.569884 0.215177 -3.135753 -0.303862
0.215177 0.055617 -0.344486 -0.037263
-3.135753 -0.344486 8.119161 0.835432
-0.303862 -0.037263 0.835432 0.124802
42.315973 2.204177 30.810592 0.925354
1.754863 0.231624 -3.523450 -0.331418
0.231624 0.056809 -0.383479 -0.040396
-3.523450 -0.383479 8.813528 0.875340
-0.331418 -0.040396 0.875340 0.126459
43.647952 2.248393 31.119522 0.919812
1.931424 0.244566 -3.912740 -0.358059
0.244566 0.057675 -0.411503 -0.042251
-3.912740 -0.411503 9.660177 0.931399
-0.358059 -0.042251 0.931399 0.130102
44.635993 2.236301 31.946888 0.955052
2.077488 0.250451 -4.285467 -0.383013
0.250451 0.057407 -0.429779 -0.043301
-4.285467 -0.429779 10.580329 0.993819
-0.383013 -0.043301 0.993819 0.134429
45.641340 2.200057 32.208410 0.923526
2.273759 0.263797 -4.726823 -0.411493
0.263797 0.058188 -0.461505 -0.045437
-4.726823 -0.461505 11.516808 1.050333
-0.411493 -0.045437 1.050333 0.137650
46.925248 2.258637 33.001764 0.972355
2.469671 0.275871 -5.171042 -0.438807
0.275871 0.059018 -0.486073 -0.046752
-5.171042 -0.486073 12.551856 1.114928
-0.438807 -0.046752 1.114928 0.141749
47.571683 2.163218 33.707835 0.967187
2.680829 0.288067 -5.659820 -0.468756
0.288067 0.059459 -0.517355 -0.048784
-5.659820 -0.517355 13.617266 1.176581
-0.468756 -0.048784 1.176581 0.145169
48.394914 2.087395 33.865338 0.914777
2.941094 0.307833 -6.193940 -0.499066
0.307833 0.061018 -0.558590 -0.051356
-6.193940 -0.558590 14.644782 1.228042
-0.499066 -0.051356 1.228042 0.147320
