3.483299 2.355444 0.178669 -0.820578
2.542436 1.016996 -0.320471 -0.128191
1.016996 80.410874 -0.128191 -0.051278
-0.320471 -0.128191 2.587846 1.035161
-0.128191 -0.051278 1.035161 80.418140
5.391140 3.631808 -0.085749 -0.546925
2.231120 3.879594 -0.311546 -0.480560
3.879594 15.328121 -0.477704 -1.638033
-0.311546 -0.477704 2.379466 4.128872
-0.480560 -1.638033 4.128872 15.875895
9.016410 5.757228 2.046510 2.241545
2.011770 2.336818 -0.139086 -0.143349
2.336818 4.642113 -0.141653 -0.384262
-0.139086 -0.141653 2.134339 2.459185
-0.143349 -0.384262 2.459185 4.814014
7.619016 2.147731 0.859736 0.319021
1.665982 1.409116 -0.227263 -0.196348
1.409116 1.898965 -0.196681 -0.258275
-0.227263 -0.196681 1.814881 1.524111
-0.196348 -0.258275 1.524111 2.012271
8.428036 1.971337 2.147189 1.062262
1.513860 1.006257 -0.197729 -0.131870
1.006257 1.004232 -0.131939 -0.129113
-0.197729 -0.131939 1.609721 1.060508
-0.131870 -0.129113 1.060508 1.048148
8.436344 1.439392 4.644976 2.125915
1.315845 0.716720 -0.127817 -0.069462
0.716720 0.577361 -0.069326 -0.060140
-0.127817 -0.069326 1.360699 0.735780
-0.069462 -0.060140 0.735780 0.593481
8.178950 0.987488 6.086951 2.301213
1.178906 0.545044 -0.106571 -0.050048
0.545044 0.368942 -0.049951 -0.036992
-0.106571 -0.049951 1.203089 0.553923
-0.050048 -0.036992 0.553923 0.377545
8.732382 1.011979 6.726232 2.095779
1.068322 0.429755 -0.098578 -0.040737
0.429755 0.252854 -0.040683 -0.025518
-0.098578 -0.040683 1.092041 0.438716
-0.040737 -0.025518 0.438716 0.259922
9.937909 1.262249 7.076513 1.846080
0.943021 0.336594 -0.082180 -0.030240
0.336594 0.179027 -0.030216 -0.017016
-0.082180 -0.030216 0.972923 0.347388
-0.030240 -0.017016 0.347388 0.185459
10.114075 1.115400 8.146582 1.893913
0.871534 0.281129 -0.057537 -0.019290
0.281129 0.136850 -0.019274 -0.010617
-0.057537 -0.019274 0.892193 0.288030
-0.019290 -0.010617 0.288030 0.140949
10.904902 1.183630 9.793419 2.100738
0.818871 0.241939 -0.045303 -0.014152
0.241939 0.109681 -0.014139 -0.007428
-0.045303 -0.014139 0.831915 0.246139
-0.014152 -0.007428 0.246139 0.112329
12.319999 1.408975 10.837285 2.098159
0.756759 0.207166 -0.036977 -0.010873
0.207166 0.089805 -0.010869 -0.005425
-0.036977 -0.010869 0.771238 0.211563
-0.010873 -0.005425 0.211563 0.092092
13.193582 1.453699 10.487473 1.738194
0.699002 0.179435 -0.029554 -0.008260
0.179435 0.075836 -0.008265 -0.003988
-0.029554 -0.008265 0.718323 0.184786
-0.008260 -0.003988 0.184786 0.078035
13.484376 1.347595 11.297549 1.724190
0.659479 0.160569 -0.024284 -0.006502
0.160569 0.066705 -0.006504 -0.003021
-0.024284 -0.006504 0.674826 0.164532
-0.006502 -0.003021 0.164532 0.068278
14.100610 1.333846 12.586954 1.823924
0.631091 0.147132 -0.023230 -0.005912
0.147132 0.060505 -0.005911 -0.002493
-0.023230 -0.005911 0.642080 0.149811
-0.005912 -0.002493 0.149811 0.061586
14.297786 1.227766 14.157744 1.972515
0.603176 0.135740 -0.017621 -0.004315
0.135740 0.055851 -0.004311 -0.001827
-0.017621 -0.004311 0.608296 0.136955
-0.004315 -0.001827 0.136955 0.056476
14.842004 1.212377 15.468230 2.043568
0.578366 0.126622 -0.024512 -0.005618
0.126622 0.052468 -0.005613 -0.001896
-0.024512 -0.005613 0.580854 0.127248
-0.005618 -0.001896 0.127248 0.052890
15.144396 1.147223 17.436509 2.246760
0.558941 0.119880 -0.013338 -0.002860
0.119880 0.050127 -0.002859 -0.001101
-0.013338 -0.002859 0.557229 0.119626
-0.002860 -0.001101 0.119626 0.050308
15.625679 1.127685 18.311837 2.194241
0.544325 0.115034 -0.008312 -0.001700
0.115034 0.048542 -0.001700 -0.000743
-0.008312 -0.001700 0.542042 0.114742
-0.001700 -0.000743 0.114742 0.048685
16.031908 1.094702 19.285297 2.168299
0.525359 0.109899 -0.005114 -0.001020
0.109899 0.047130 -0.001022 -0.000526
-0.005114 -0.001022 0.522222 0.109485
-0.001020 -0.000526 0.109485 0.047218
16.593178 1.097593 20.172788 2.127270
0.512419 0.106617 -0.002862 -0.000578
0.106617 0.046284 -0.000580 -0.000380
-0.002862 -0.000580 0.509168 0.106229
-0.000578 -0.000380 0.106229 0.046352
16.896106 1.046565 20.929721 2.063413
0.503596 0.104553 -0.005397 -0.001149
0.104553 0.045791 -0.001149 -0.000458
-0.005397 -0.001149 0.499937 0.104111
-0.001149 -0.000458 0.104111 0.045824
17.391153 1.040705 22.078291 2.087751
0.500348 0.103859 -0.005814 -0.001203
0.103859 0.045635 -0.001203 -0.000421
-0.005814 -0.001203 0.496781 0.103461
-0.001203 -0.000421 0.103461 0.045657
18.347314 1.131216 23.210780 2.106265
0.495634 0.102925 -0.001120 -0.000177
0.102925 0.045443 -0.000180 -0.000167
-0.001120 -0.000180 0.493103 0.102750
-0.000177 -0.000167 0.102750 0.045492
19.239088 1.199021 23.907216 2.031873
0.496321 0.103192 0.001431 0.000314
0.103192 0.045515 0.000310 -0.000048
0.001431 0.000310 0.494448 0.103135
0.000314 -0.000048 0.103135 0.045567
19.946037 1.221426 24.517275 1.947162
0.487090 0.101352 0.001453 0.000246
0.101352 0.045137 0.000243 -0.000054
0.001453 0.000243 0.485581 0.101331
0.000246 -0.000054 0.101331 0.045175
21.125317 1.339856 26.176038 2.090304
0.481909 0.100511 0.000050 -0.000096
0.100511 0.044993 -0.000099 -0.000115
0.000050 -0.000099 0.482207 0.100827
-0.000096 -0.000115 0.100827 0.045085
21.363200 1.249434 27.458521 2.140136
0.473301 0.098994 0.002882 0.000494
0.098994 0.044709 0.000491 0.000027
0.002882 0.000491 0.474842 0.099499
0.000494 0.000027 0.099499 0.044821
22.066176 1.265801 28.715732 2.179443
0.472301 0.099170 -0.002312 -0.000650
0.099170 0.044790 -0.000652 -0.000208
-0.002312 -0.000652 0.475240 0.099889
-0.000650 -0.000208 0.099889 0.044931
22.799865 1.287107 29.430609 2.100462
0.471936 0.099405 -0.005700 -0.001297
0.099405 0.044860 -0.001299 -0.000318
-0.005700 -0.001299 0.475166 0.100094
-0.001297 -0.000318 0.100094 0.044978
23.683721 1.337808 29.919054 1.981947
0.470832 0.099408 -0.002358 -0.000467
0.099408 0.044861 -0.000468 -0.000110
-0.002358 -0.000468 0.473926 0.099993
-0.000467 -0.000110 0.099993 0.044948
24.095001 1.283276 30.656398 1.928325
0.469116 0.099237 0.004191 0.000950
0.099237 0.044815 0.000951 0.000198
0.004191 0.000951 0.473255 0.099988
0.000950 0.000198 0.099988 0.044935
24.341498 1.199513 32.007265 2.010147
0.466697 0.098892 0.003264 0.000651
0.098892 0.044729 0.000651 0.000116
0.003264 0.000651 0.474041 0.100260
0.000651 0.000116 0.100260 0.044976
24.938867 1.199128 32.456001 1.892417
0.466463 0.099006 0.000929 0.000095
0.099006 0.044741 0.000094 -0.000010
0.000929 0.000094 0.473701 0.100243
0.000095 -0.000010 0.100243 0.044949
25.236558 1.135138 32.679922 1.739579
0.468272 0.099507 0.000797 0.000066
0.099507 0.044829 0.000065 -0.000009
0.000797 0.000065 0.474984 0.100551
0.000066 -0.000009 0.100551 0.044992
26.041689 1.185614 33.673460 1.765725
0.472380 0.100421 -0.002304 -0.000586
0.100421 0.044992 -0.000590 -0.000142
-0.002304 -0.000590 0.480931 0.101803
-0.000586 -0.000142 0.101803 0.045231
26.781414 1.216820 34.648073 1.785111
0.473756 0.100647 -0.006614 -0.001429
0.100647 0.044996 -0.001437 -0.000305
-0.006614 -0.001437 0.484415 0.102406
-0.001429 -0.000305 0.102406 0.045313
27.895658 1.324218 35.678370 1.814293
0.472957 0.100387 -0.004371 -0.000815
0.100387 0.044900 -0.000818 -0.000148
-0.004371 -0.000818 0.485586 0.102471
-0.000815 -0.000148 0.102471 0.045282
28.105360 1.228005 35.899582 1.669617
0.467410 0.099145 -0.011344 -0.002221
0.099145 0.044609 -0.002233 -0.000439
-0.011344 -0.002233 0.480491 0.101225
-0.002221 -0.000439 0.101225 0.044986
28.394043 1.158974 36.760875 1.674947
0.466032 0.098910 -0.009584 -0.001663
0.098910 0.044560 -0.001668 -0.000292
-0.009584 -0.001668 0.481988 0.101510
-0.001663 -0.000292 0.101510 0.045046
29.257310 1.219986 38.339234 1.831198
0.467164 0.099217 -0.011139 -0.001880
0.099217 0.044627 -0.001881 -0.000329
-0.011139 -0.001881 0.488027 0.102727
-0.001880 -0.000329 0.102727 0.045297
29.814122 1.208619 39.199266 1.819453
0.461478 0.098033 -0.013455 -0.002262
0.098033 0.044369 -0.002265 -0.000406
-0.013455 -0.002265 0.485091 0.101947
-0.002262 -0.000406 0.101947 0.045110
30.806722 1.291944 40.583552 1.919728
0.463725 0.098636 -0.017582 -0.002996
0.098636 0.044510 -0.003004 -0.000553
-0.017582 -0.003004 0.490922 0.103101
-0.002996 -0.000553 0.103101 0.045351
31.484907 1.299205 41.759555 1.965125
0.459087 0.097702 -0.018587 -0.003040
0.097702 0.044308 -0.003042 -0.000548
-0.018587 -0.003042 0.490392 0.102828
-0.003040 -0.000548 0.102828 0.045275
32.279874 1.331244 43.221091 2.065808
0.457627 0.097514 -0.021918 -0.003589
0.097514 0.044278 -0.003592 -0.000658
-0.021918 -0.003592 0.494003 0.103466
-0.003589 -0.000658 0.103466 0.045403
33.141198 1.374362 44.776366 2.175617
0.457672 0.097648 -0.023495 -0.003742
0.097648 0.044314 -0.003738 -0.000679
-0.023495 -0.003738 0.499181 0.104394
-0.003742 -0.000679 0.104394 0.045586
33.929530 1.394636 45.399840 2.078940
0.454591 0.097083 -0.023260 -0.003541
0.097083 0.044192 -0.003537 -0.000636
-0.023260 -0.003537 0.495965 0.103509
-0.003541 -0.000636 0.103509 0.045381
34.632923 1.393687 45.721009 1.929086
0.456273 0.097570 -0.023657 -0.003505
0.097570 0.044301 -0.003512 -0.000636
-0.023657 -0.003512 0.495044 0.103216
-0.003505 -0.000636 0.103216 0.045326
35.298776 1.385562 46.236276 1.835284
0.461694 0.098781 -0.026169 -0.003926
0.098781 0.044549 -0.003950 -0.000735
-0.026169 -0.003950 0.499047 0.103992
-0.003926 -0.000735 0.103992 0.045500
35.298318 1.236723 47.015261 1.803950
0.461956 0.098777 -0.022682 -0.003096
0.098777 0.044518 -0.003083 -0.000561
-0.022682 -0.003083 0.502988 0.104717
-0.003096 -0.000561 0.104717 0.045655
