-1.099124 0.522435 5.827217 1.438890
41.875404 16.750525 -56.743852 -22.698033
16.750525 86.704422 -22.698033 -9.079410
-56.743852 -22.698033 81.112926 32.445874
-22.698033 -9.079410 32.445874 92.982697
1.623694 3.775126 6.272722 2.733509
58.956159 28.514328 -84.688119 -43.573207
28.514328 35.358485 -38.922951 -40.203709
-84.688119 -38.922951 124.872882 65.666697
-43.573207 -40.203709 65.666697 69.991933
6.651407 4.638834 1.544955 -0.457098
82.767722 43.119438 -108.023494 -48.787711
43.119438 33.727324 -55.098840 -38.449864
-108.023494 -55.098840 144.031175 65.718539
-48.787711 -38.449864 65.718539 50.809261
9.558259 4.880043 0.449258 -0.833506
21.668674 11.544575 -16.261738 -3.991585
11.544575 12.901092 -8.410054 -10.928854
-16.261738 -8.410054 13.711793 3.944193
-3.991585 -10.928854 3.944193 14.400179
12.216752 5.054722 -0.297529 -1.105161
26.936253 11.700418 -14.328740 -1.830772
11.700418 8.721489 -6.639731 -5.834132
-14.328740 -6.639731 8.736275 2.311967
-1.830772 -5.834132 2.311967 8.149135
14.171522 4.432896 0.202258 -0.079247
33.053584 11.102159 -12.507341 0.764358
11.102159 5.515418 -4.673670 -2.210787
-12.507341 -4.673670 5.652402 0.854343
0.764358 -2.210787 0.854343 3.994617
13.327929 2.835056 2.580360 1.454700
42.715965 12.153905 -12.290122 1.605477
12.153905 4.360395 -3.862401 -0.745948
-12.290122 -3.862401 4.308804 0.366926
1.605477 -0.745948 0.366926 2.006959
15.366737 2.906126 3.376263 1.664624
38.263240 11.197570 -12.782102 -2.266724
11.197570 3.798629 -4.063474 -1.343154
-12.782102 -4.063474 5.074832 1.476486
-2.266724 -1.343154 1.476486 1.268327
15.604337 2.726427 4.166801 1.421614
48.964979 12.590020 -15.393332 -2.548659
12.590020 3.555956 -4.201848 -1.046861
-15.393332 -4.201848 5.617531 1.363565
-2.548659 -1.046861 1.363565 0.800845
14.658243 1.791458 7.192701 2.501694
59.889324 13.805237 -18.347234 -3.003733
13.805237 3.386380 -4.374561 -0.911850
-18.347234 -4.374561 6.200832 1.268153
-3.003733 -0.911850 1.268153 0.516826
10.487354 0.832504 9.510541 2.504198
36.638182 8.107847 -13.253784 -2.904867
8.107847 1.949207 -3.070267 -0.802092
-13.253784 -3.070267 5.442418 1.388547
-2.904867 -0.802092 1.388547 0.509858
13.622766 1.349537 9.942452 2.381321
6.809793 1.599160 -3.817817 -1.103169
1.599160 0.496187 -1.011607 -0.372713
-3.817817 -1.011607 2.807274 0.919227
-1.103169 -0.372713 0.919227 0.387771
15.456252 1.550326 10.842603 2.356206
7.825002 1.750448 -4.979745 -1.347956
1.750448 0.486751 -1.192934 -0.378223
-4.979745 -1.192934 3.773171 1.093704
-1.347956 -0.378223 1.093704 0.380251
15.834353 1.481329 12.146351 2.372935
9.405048 1.916121 -5.954906 -1.422342
1.916121 0.469492 -1.266792 -0.343802
-5.954906 -1.266792 4.336786 1.095664
-1.422342 -0.343802 1.095664 0.327676
16.178018 1.436305 13.139068 2.288719
11.226171 2.109901 -7.214930 -1.554321
2.109901 0.465370 -1.393552 -0.332373
-7.214930 -1.393552 5.206509 1.175538
-1.554321 -0.332373 1.175538 0.308683
16.695438 1.326765 16.169395 2.810816
13.177913 2.299626 -8.679507 -1.709902
2.299626 0.462661 -1.530747 -0.326673
-8.679507 -1.530747 6.096104 1.233532
-1.709902 -0.326673 1.233532 0.286677
15.018270 0.949999 18.936601 3.039487
10.354323 1.687692 -7.266208 -1.343476
1.687692 0.331532 -1.191778 -0.241239
-7.266208 -1.191778 5.540053 1.060634
-1.343476 -0.241239 1.060634 0.237446
12.353537 0.469483 22.614383 3.401696
3.224770 0.492708 -2.431433 -0.425984
0.492708 0.128113 -0.369356 -0.082384
-2.431433 -0.369356 2.392584 0.461612
-0.425984 -0.082384 0.461612 0.121314
14.394892 0.736405 22.840345 3.152736
0.521465 0.079634 -0.287829 -0.039563
0.079634 0.062228 -0.030964 -0.019027
-0.287829 -0.030964 0.850722 0.183891
-0.039563 -0.019027 0.183891 0.069604
15.579471 0.877770 23.668812 3.018459
0.323775 0.060875 -0.074624 -0.004250
0.060875 0.058315 0.003587 -0.011230
-0.074624 0.003587 0.830379 0.180485
-0.004250 -0.011230 0.180485 0.067586
17.832377 1.265308 23.099378 2.609803
0.182062 0.044752 0.168513 0.038508
0.044752 0.053360 0.050311 -0.000955
0.168513 0.050311 0.728356 0.156334
0.038508 -0.000955 0.156334 0.060895
18.617748 1.321090 24.063049 2.530707
0.226823 0.067873 0.232908 0.042876
0.067873 0.056669 0.057317 0.000829
0.232908 0.057317 0.850378 0.176524
0.042876 0.000829 0.176524 0.063238
19.427740 1.386919 24.999203 2.450689
0.302645 0.094262 0.304618 0.048314
0.094262 0.060026 0.070628 0.003809
0.304618 0.070628 0.909732 0.179253
0.048314 0.003809 0.179253 0.061417
20.155566 1.462133 24.943745 2.175119
0.404840 0.124314 0.336750 0.044685
0.124314 0.064049 0.083792 0.006292
0.336750 0.083792 0.677307 0.121912
0.044685 0.006292 0.121912 0.047736
20.650529 1.413844 25.507959 2.078601
0.517631 0.152911 0.322371 0.032445
0.152911 0.068223 0.074278 0.003882
0.322371 0.074278 0.568205 0.100000
0.032445 0.003882 0.100000 0.043639
20.966280 1.347731 25.612002 1.900228
0.641980 0.180509 0.266346 0.013330
0.180509 0.071835 0.058984 0.000634
0.266346 0.058984 0.390720 0.067250
0.013330 0.000634 0.067250 0.037832
21.572374 1.375126 25.691022 1.704491
0.820869 0.213896 0.269160 0.007276
0.213896 0.075833 0.058378 0.000674
0.269160 0.058378 0.309784 0.053310
0.007276 0.000674 0.053310 0.035415
22.289391 1.382954 26.536064 1.700866
1.022631 0.246885 0.264468 0.000357
0.246885 0.079592 0.051938 -0.000599
0.264468 0.051938 0.314627 0.060484
0.000357 -0.000599 0.060484 0.037983
22.891249 1.364404 27.331064 1.691960
1.190185 0.268447 0.201203 -0.016822
0.268447 0.080775 0.034368 -0.003853
0.201203 0.034368 0.300615 0.064482
-0.016822 -0.003853 0.064482 0.039840
23.760556 1.401127 28.279514 1.708996
1.386782 0.292867 0.130127 -0.034377
0.292867 0.082564 0.017896 -0.006727
0.130127 0.017896 0.303794 0.071201
-0.034377 -0.006727 0.071201 0.041913
23.715601 1.263479 28.695561 1.627336
1.415823 0.282950 -0.053514 -0.070517
0.282950 0.077904 -0.017280 -0.012718
-0.053514 -0.017280 0.272925 0.071630
-0.070517 -0.012718 0.071630 0.042686
24.160324 1.229306 29.446821 1.616884
1.630086 0.307478 -0.168108 -0.091564
0.307478 0.080129 -0.035499 -0.015294
-0.168108 -0.035499 0.297816 0.081395
-0.091564 -0.015294 0.081395 0.044832
25.097023 1.285738 30.498887 1.673101
1.912767 0.340878 -0.273873 -0.108184
0.340878 0.083745 -0.049836 -0.016856
-0.273873 -0.049836 0.349463 0.095192
-0.108184 -0.016856 0.095192 0.047474
25.960605 1.324074 31.516254 1.716541
2.168686 0.365656 -0.420068 -0.131406
0.365656 0.085579 -0.069161 -0.019417
-0.420068 -0.069161 0.413414 0.109834
-0.131406 -0.019417 0.109834 0.050013
26.723456 1.339796 32.318614 1.702174
2.424117 0.387248 -0.601728 -0.159746
0.387248 0.086762 -0.091969 -0.022607
-0.601728 -0.091969 0.484545 0.123474
-0.159746 -0.022607 0.123474 0.051929
27.689237 1.389868 33.346098 1.746678
2.691878 0.408355 -0.795370 -0.186854
0.408355 0.087851 -0.113709 -0.025261
-0.795370 -0.113709 0.588359 0.142325
-0.186854 -0.025261 0.142325 0.054813
28.835945 1.465091 34.447928 1.806569
2.967409 0.428201 -1.010931 -0.215325
0.428201 0.088714 -0.136091 -0.027877
-1.010931 -0.136091 0.717513 0.163778
-0.215325 -0.027877 0.163778 0.057909
29.980823 1.527528 35.371449 1.817940
3.236845 0.444625 -1.255992 -0.246975
0.444625 0.089012 -0.160274 -0.030776
-1.255992 -0.160274 0.868326 0.186369
-0.246975 -0.030776 0.186369 0.060818
30.515996 1.486704 36.093147 1.769316
3.455323 0.451260 -1.531348 -0.282674
0.451260 0.087853 -0.185939 -0.034018
-1.531348 -0.185939 1.048352 0.211522
-0.282674 -0.034018 0.211522 0.063862
31.075627 1.464664 37.087033 1.789376
3.743720 0.467315 -1.818462 -0.315010
0.467315 0.088260 -0.210235 -0.036502
-1.818462 -0.210235 1.258455 0.239378
-0.315010 -0.036502 0.239378 0.067212
31.069046 1.339953 37.656157 1.690768
4.095720 0.489864 -2.142573 -0.349753
0.489864 0.089424 -0.238219 -0.039475
-2.142573 -0.238219 1.474414 0.263257
-0.349753 -0.039475 0.263257 0.069168
31.780111 1.359717 38.738008 1.745696
4.572293 0.529132 -2.470385 -0.376315
0.529132 0.093060 -0.264496 -0.041213
-2.470385 -0.264496 1.703414 0.286430
-0.376315 -0.041213 0.286430 0.071045
32.798884 1.409835 39.614665 1.761554
5.102730 0.572594 -2.817276 -0.401517
0.572594 0.096977 -0.292162 -0.042977
-2.817276 -0.292162 1.934130 0.306028
-0.401517 -0.042977 0.306028 0.072016
33.373131 1.396593 40.583455 1.774597
5.632784 0.610247 -3.208000 -0.433520
0.610247 0.099659 -0.321757 -0.045339
-3.208000 -0.321757 2.210331 0.331093
-0.433520 -0.045339 0.331093 0.073831
34.308901 1.417166 41.271060 1.743577
6.229031 0.654176 -3.616874 -0.462526
0.654176 0.103030 -0.352702 -0.047500
-3.616874 -0.352702 2.484309 0.351775
-0.462526 -0.047500 0.351775 0.074718
35.172016 1.419014 41.862540 1.692069
6.837205 0.694075 -4.068798 -0.497147
0.694075 0.105541 -0.384899 -0.050008
-4.068798 -0.384899 2.804331 0.377743
-0.497147 -0.050008 0.377743 0.076422
36.330550 1.504986 42.985722 1.776422
7.444654 0.730083 -4.543644 -0.533167
0.730083 0.107563 -0.414829 -0.052083
-4.543644 -0.414829 3.177351 0.410855
-0.533167 -0.052083 0.410855 0.079448
37.383373 1.555108 43.964546 1.813143
8.052828 0.761962 -5.053171 -0.572767
0.761962 0.108854 -0.445867 -0.054499
-5.053171 -0.445867 3.585746 0.445758
-0.572767 -0.054499 0.445758 0.082378
37.864775 1.517179 44.924825 1.805987
8.648168 0.788610 -5.593250 -0.615436
0.788610 0.109393 -0.477224 -0.057121
-5.593250 -0.477224 4.031484 0.482839
-0.615436 -0.057121 0.482839 0.085335
38.866394 1.549130 45.796445 1.815031
9.377823 0.830396 -6.176718 -0.654102
0.830396 0.111797 -0.513016 -0.059477
-6.176718 -0.513016 4.486887 0.515375
-0.654102 -0.059477 0.515375 0.087397
