3.752057 2.462950 2.024751 -0.082129
2.401194 0.960498 -0.300017 -0.120009
0.960498 80.388274 -0.120009 -0.048005
-0.300017 -0.120009 2.391039 0.956436
-0.120009 -0.048005 0.956436 80.386649
4.677396 2.001173 4.863813 4.966579
2.305530 4.037783 -0.307859 -0.480124
4.037783 15.247982 -0.480032 -1.610273
-0.307859 -0.480032 2.298635 4.027720
-0.480124 -1.610273 4.027720 15.204337
5.467246 1.716284 2.151045 -1.007453
1.948924 2.237988 -0.251880 -0.273563
2.237988 4.428335 -0.273095 -0.524122
-0.251880 -0.273095 1.998349 2.294826
-0.273563 -0.524122 2.294826 4.486529
5.916819 1.378397 3.529287 0.569616
1.751167 1.473167 -0.163425 -0.132187
1.473167 1.926608 -0.131923 -0.194245
-0.163425 -0.131923 1.775573 1.488527
-0.132187 -0.194245 1.488527 1.934262
6.980720 1.624427 4.335021 0.910653
1.480643 0.973859 -0.181405 -0.120421
0.973859 0.968839 -0.120426 -0.121546
-0.181405 -0.120426 1.514117 0.992564
-0.120421 -0.121546 0.992564 0.979395
8.405139 1.956018 4.142429 0.560952
1.283411 0.694472 -0.090926 -0.050024
0.694472 0.559815 -0.049898 -0.050171
-0.090926 -0.049898 1.333908 0.719024
-0.050024 -0.050171 0.719024 0.572246
8.356626 1.482396 4.914535 0.788481
1.131502 0.521203 -0.108824 -0.052427
0.521203 0.355535 -0.052415 -0.038797
-0.108824 -0.052415 1.168540 0.535488
-0.052427 -0.038797 0.535488 0.361499
8.366086 1.187575 5.776331 0.976778
0.999572 0.401799 -0.103348 -0.043315
0.401799 0.240582 -0.043313 -0.026806
-0.103348 -0.043313 1.025586 0.409994
-0.043315 -0.026806 0.409994 0.243579
8.631980 1.069291 7.037975 1.252492
0.932647 0.333838 -0.074401 -0.027841
0.333838 0.177734 -0.027783 -0.016231
-0.074401 -0.027783 0.945460 0.336640
-0.027841 -0.016231 0.336640 0.178631
9.707206 1.244140 7.553050 1.215993
0.844170 0.272904 -0.053966 -0.018499
0.272904 0.133892 -0.018448 -0.010413
-0.053966 -0.018448 0.860215 0.276875
-0.018499 -0.010413 0.276875 0.135234
10.810919 1.387310 7.774348 1.101230
0.787843 0.233497 -0.060916 -0.019044
0.233497 0.107006 -0.019028 -0.008902
-0.060916 -0.019028 0.808020 0.238519
-0.019044 -0.008902 0.238519 0.108588
11.572344 1.405625 8.699881 1.203781
0.728119 0.200166 -0.051870 -0.014893
0.200166 0.087789 -0.014876 -0.006463
-0.051870 -0.014876 0.744981 0.203953
-0.014893 -0.006463 0.203953 0.088916
12.511176 1.466142 10.090534 1.406293
0.679709 0.175396 -0.049651 -0.013156
0.175396 0.074748 -0.013143 -0.005146
-0.049651 -0.013143 0.691957 0.177808
-0.013156 -0.005146 0.177808 0.075453
13.390094 1.501819 11.711636 1.630102
0.637552 0.156082 -0.037685 -0.009264
0.156082 0.065564 -0.009245 -0.003562
-0.037685 -0.009245 0.644871 0.157244
-0.009264 -0.003562 0.157244 0.065934
13.679596 1.393562 12.471614 1.617149
0.617554 0.144868 -0.030616 -0.007053
0.144868 0.059950 -0.007034 -0.002636
-0.030616 -0.007034 0.622592 0.145544
-0.007053 -0.002636 0.145544 0.060200
13.641462 1.227498 14.078685 1.797155
0.591953 0.134017 -0.020576 -0.004432
0.134017 0.055425 -0.004415 -0.001762
-0.020576 -0.004415 0.590903 0.133396
-0.004432 -0.001762 0.133396 0.055381
14.195001 1.214206 14.892465 1.778493
0.574537 0.126492 -0.029731 -0.006319
0.126492 0.052391 -0.006309 -0.001999
-0.029731 -0.006309 0.573071 0.125958
-0.006319 -0.001999 0.125958 0.052384
15.215593 1.303214 15.670492 1.754863
0.560930 0.120848 -0.023459 -0.004619
0.120848 0.050263 -0.004610 -0.001443
-0.023459 -0.004610 0.560661 0.120707
-0.004619 -0.001443 0.120707 0.050347
16.249537 1.384663 16.958258 1.842202
0.545221 0.115543 -0.019467 -0.003588
0.115543 0.048549 -0.003581 -0.001103
-0.019467 -0.003581 0.544675 0.115414
-0.003588 -0.001103 0.115414 0.048627
16.896558 1.374714 17.474559 1.757298
0.527655 0.110560 -0.008378 -0.001168
0.110560 0.047159 -0.001163 -0.000515
-0.008378 -0.001163 0.527446 0.110554
-0.001168 -0.000515 0.110554 0.047253
17.719393 1.402809 18.235308 1.732863
0.516101 0.107437 0.000079 0.000484
0.107437 0.046342 0.000487 -0.000143
0.000079 0.000487 0.516142 0.107509
0.000484 -0.000143 0.107509 0.046439
18.011674 1.318014 19.284740 1.770662
0.511778 0.106179 -0.003394 -0.000461
0.106179 0.046014 -0.000458 -0.000337
-0.003394 -0.000458 0.510861 0.106062
-0.000461 -0.000337 0.106062 0.046058
18.374101 1.256684 20.457608 1.830172
0.505497 0.104680 0.000662 0.000287
0.104680 0.045681 0.000289 -0.000155
0.000662 0.000289 0.503860 0.104435
0.000287 -0.000155 0.104435 0.045688
19.510303 1.361845 22.012000 1.962692
0.496332 0.102752 -0.003433 -0.000695
0.102752 0.045294 -0.000693 -0.000343
-0.003433 -0.000693 0.495106 0.102616
-0.000695 -0.000343 0.102616 0.045318
20.092961 1.341476 23.304378 2.027260
0.491534 0.101915 -0.001604 -0.000326
0.101915 0.045166 -0.000325 -0.000231
-0.001604 -0.000325 0.490456 0.101818
-0.000326 -0.000231 0.101818 0.045188
20.325422 1.250391 24.621876 2.090502
0.485709 0.100927 0.000940 0.000173
0.100927 0.045008 0.000173 -0.000102
0.000940 0.000173 0.484894 0.100884
0.000173 -0.000102 0.100884 0.045033
21.275520 1.318046 25.960961 2.151749
0.484598 0.100986 -0.001542 -0.000407
0.100986 0.045070 -0.000406 -0.000208
-0.001542 -0.000406 0.484783 0.101144
-0.000407 -0.000208 0.101144 0.045129
21.536691 1.234982 26.722942 2.086179
0.482605 0.100817 0.001796 0.000300
0.100817 0.045066 0.000300 -0.000035
0.001796 0.000300 0.482935 0.100977
0.000300 -0.000035 0.100977 0.045115
21.966754 1.195642 28.141438 2.164879
0.476485 0.099764 0.003846 0.000682
0.099764 0.044866 0.000681 0.000055
0.003846 0.000681 0.478481 0.100245
0.000682 0.000055 0.100245 0.044973
22.795521 1.244153 29.187013 2.157041
0.473691 0.099470 -0.001743 -0.000563
0.099470 0.044832 -0.000564 -0.000202
-0.001743 -0.000564 0.476776 0.100126
-0.000563 -0.000202 0.100126 0.044964
23.500301 1.261576 30.236929 2.150998
0.480733 0.101226 -0.001034 -0.000356
0.101226 0.045218 -0.000357 -0.000131
-0.001034 -0.000357 0.484680 0.101997
-0.000356 -0.000131 0.101997 0.045363
23.700434 1.170807 31.472723 2.184817
0.479373 0.101000 0.002450 0.000417
0.101000 0.045143 0.000417 0.000050
0.002450 0.000417 0.485625 0.102189
0.000417 0.000050 0.102189 0.045368
24.623631 1.242021 32.564599 2.184612
0.476411 0.100437 0.004671 0.000851
0.100437 0.045002 0.000851 0.000143
0.004671 0.000851 0.484374 0.101890
0.000851 0.000143 0.101890 0.045270
25.375451 1.269773 33.303685 2.110264
0.477021 0.100660 0.006258 0.001117
0.100660 0.045037 0.001118 0.000194
0.006258 0.001118 0.485390 0.102090
0.001117 0.000194 0.102090 0.045288
26.021682 1.272356 34.040334 2.043295
0.473459 0.099958 0.007767 0.001354
0.099958 0.044871 0.001356 0.000238
0.007767 0.001356 0.482947 0.101537
0.001354 0.000238 0.101537 0.045148
26.493280 1.237506 35.146594 2.061216
0.468702 0.099059 0.002030 0.000060
0.099059 0.044676 0.000053 -0.000042
0.002030 0.000053 0.481359 0.101220
0.000060 -0.000042 0.101220 0.045073
27.021232 1.218403 36.002730 2.024577
0.468568 0.099195 0.001357 -0.000036
0.099195 0.044711 -0.000044 -0.000042
0.001357 -0.000044 0.482867 0.101574
-0.000036 -0.000042 0.101574 0.045144
28.186146 1.336056 37.253852 2.074497
0.461883 0.097904 -0.005078 -0.001332
0.097904 0.044435 -0.001351 -0.000298
-0.005078 -0.001351 0.479627 0.100891
-0.001332 -0.000298 0.100891 0.044990
28.893434 1.344346 38.536318 2.126099
0.461690 0.098084 -0.011412 -0.002495
0.098084 0.044488 -0.002523 -0.000509
-0.011412 -0.002523 0.483053 0.101669
-0.002495 -0.000509 0.101669 0.045156
29.312453 1.290423 39.462975 2.097307
0.460153 0.097924 -0.007941 -0.001504
0.097924 0.044454 -0.001517 -0.000252
-0.007941 -0.001517 0.484021 0.101846
-0.001504 -0.000252 0.101846 0.045180
29.721341 1.240004 40.436789 2.081411
0.459484 0.097930 -0.008755 -0.001542
0.097930 0.044452 -0.001553 -0.000248
-0.008755 -0.001553 0.486210 0.102262
-0.001542 -0.000248 0.102262 0.045253
30.169526 1.203537 41.701382 2.128312
0.455923 0.097287 -0.010107 -0.001714
0.097287 0.044305 -0.001723 -0.000280
-0.010107 -0.001723 0.487698 0.102493
-0.001714 -0.000280 0.102493 0.045283
31.041222 1.260936 42.502622 2.073411
0.458589 0.098005 -0.013971 -0.002411
0.098005 0.044455 -0.002432 -0.000425
-0.013971 -0.002432 0.490718 0.103029
-0.002411 -0.000425 0.103029 0.045378
32.469213 1.431127 43.280393 2.020280
0.453770 0.097018 -0.021601 -0.003862
0.097018 0.044221 -0.003909 -0.000726
-0.021601 -0.003909 0.486889 0.102083
-0.003862 -0.000726 0.102083 0.045157
33.040381 1.398944 43.675520 1.891012
0.457584 0.097967 -0.021474 -0.003561
0.097967 0.044422 -0.003601 -0.000632
-0.021474 -0.003601 0.489327 0.102570
-0.003561 -0.000632 0.102570 0.045264
33.724258 1.395709 44.664083 1.899997
0.456819 0.097814 -0.022276 -0.003535
0.097814 0.044364 -0.003562 -0.000616
-0.022276 -0.003562 0.492018 0.103066
-0.003535 -0.000616 0.103066 0.045363
34.281598 1.364672 45.283042 1.830282
0.459158 0.098329 -0.023076 -0.003537
0.098329 0.044454 -0.003561 -0.000616
-0.023076 -0.003561 0.495072 0.103602
-0.003537 -0.000616 0.103602 0.045465
35.177167 1.410878 46.371469 1.867180
0.453662 0.097099 -0.025742 -0.003984
0.097099 0.044161 -0.004001 -0.000720
-0.025742 -0.004001 0.494526 0.103343
-0.003984 -0.000720 0.103343 0.045395
35.653450 1.359609 46.668793 1.733446
0.452583 0.096919 -0.031758 -0.005101
0.096919 0.044118 -0.005147 -0.000964
-0.031758 -0.005147 0.493436 0.103003
-0.005101 -0.000964 0.103003 0.045317
36.595376 1.416454 47.691040 1.766951
0.455334 0.097567 -0.036598 -0.005882
0.097567 0.044254 -0.005936 -0.001116
-0.036598 -0.005936 0.498987 0.104101
-0.005882 -0.001116 0.104101 0.045551
