-2.322103 0.033233 7.973550 2.297442
42.129791 16.852281 -56.899716 -22.760379
16.852281 86.745125 -22.760379 -9.104349
-56.899716 -22.760379 80.992870 32.397850
-22.760379 -9.104349 32.397850 92.963487
-0.410775 3.594511 10.583897 4.898168
38.899881 10.195309 -69.238866 -41.635270
10.195309 24.696651 -15.458070 -29.471938
-69.238866 -15.458070 127.481168 78.168632
-41.635270 -29.471938 78.168632 83.206262
-4.743216 -3.311396 15.538908 6.805117
45.127057 13.545658 -95.961136 -50.821398
13.545658 15.323260 -24.934614 -25.922330
-95.961136 -24.934614 212.100626 111.886439
-50.821398 -25.922330 111.886439 78.818909
-1.551153 -1.851350 7.512740 1.703945
2.491390 -0.660015 -10.036063 -3.798327
-0.660015 7.306623 9.423872 -4.108102
-10.036063 9.423872 60.394760 20.945087
-3.798327 -4.108102 20.945087 18.831265
-2.629258 -0.708102 14.763726 3.488843
3.598738 3.294205 -6.451284 -5.333278
3.294205 5.086385 -5.103613 -7.589954
-6.451284 -5.103613 15.393566 10.535100
-5.333278 -7.589954 10.535100 13.257877
0.732711 2.135881 11.890957 -0.201249
2.561508 1.618056 -6.038496 -3.395046
1.618056 1.911640 -3.234017 -3.273462
-6.038496 -3.234017 19.076662 9.446899
-3.395046 -3.273462 9.446899 7.392334
1.263418 2.069778 15.467589 1.040804
4.507448 2.559897 -9.106054 -4.674557
2.559897 1.903793 -4.885507 -3.269697
-9.106054 -4.885507 21.498450 10.263388
-4.674557 -3.269697 10.263388 6.456297
3.199172 2.527608 14.784797 0.427348
4.696996 2.085228 -10.628523 -4.301759
2.085228 1.192236 -4.482446 -2.264241
-10.628523 -4.482446 27.457003 10.597087
-4.301759 -2.264241 10.597087 5.039877
5.083059 2.858509 15.285980 0.333500
6.735071 2.519723 -15.375591 -5.295722
2.519723 1.116671 -5.580736 -2.214312
-15.375591 -5.580736 38.055287 12.772606
-5.295722 -2.214312 12.772606 4.929248
7.334663 3.075902 12.665654 -0.419832
9.181992 2.957787 -20.728721 -6.198402
2.957787 1.076490 -6.531779 -2.157457
-20.728721 -6.531779 49.646776 14.600316
-6.198402 -2.157457 14.600316 4.758612
8.489775 2.967498 13.297020 -0.197558
5.354752 1.621542 -9.448400 -2.647941
1.621542 0.582679 -2.776895 -0.926908
-9.448400 -2.776895 18.527782 5.041322
-2.647941 -0.926908 5.041322 1.724608
10.363340 3.068123 12.408063 -0.390396
5.997644 1.645644 -9.521596 -2.435929
1.645644 0.523481 -2.557925 -0.766251
-9.521596 -2.557925 16.593891 4.164894
-2.435929 -0.766251 4.164894 1.320767
10.996940 2.861058 14.101065 0.035002
4.992787 1.261883 -6.616198 -1.554803
1.261883 0.378088 -1.641393 -0.472506
-6.616198 -1.641393 9.810427 2.277939
-1.554803 -0.472506 2.277939 0.749880
12.911413 2.961810 13.007879 -0.209180
6.185521 1.418110 -7.951310 -1.707239
1.418110 0.375936 -1.802322 -0.455964
-7.951310 -1.802322 11.208980 2.418232
-1.707239 -0.455964 2.418232 0.702734
13.223939 2.721245 14.608928 0.135489
5.103522 1.080056 -5.592692 -1.065710
1.080056 0.273776 -1.171449 -0.279319
-5.592692 -1.171449 6.898864 1.350194
-1.065710 -0.279319 1.350194 0.415405
13.630224 2.557032 17.862813 0.861864
6.056157 1.182039 -6.361519 -1.115410
1.182039 0.272093 -1.236169 -0.263340
-6.361519 -1.236169 7.223907 1.308221
-1.115410 -0.263340 1.308221 0.364393
15.048697 2.582365 18.156668 0.840309
4.263933 0.767426 -4.790263 -0.824018
0.767426 0.176983 -0.857681 -0.186619
-4.790263 -0.857681 6.014145 1.098086
-0.824018 -0.186619 1.098086 0.309896
16.002309 2.526120 19.036204 0.923555
4.274922 0.719677 -5.019948 -0.837338
0.719677 0.158381 -0.838541 -0.173013
-5.019948 -0.838541 6.601507 1.175426
-0.837338 -0.173013 1.175426 0.303327
15.520347 2.241135 20.982199 1.096647
4.474520 0.709238 -5.381532 -0.856955
0.709238 0.148631 -0.841018 -0.162234
-5.381532 -0.841018 7.350511 1.260879
-0.856955 -0.162234 1.260879 0.298921
17.984226 2.442286 19.874373 0.844753
1.075538 0.159357 -1.421824 -0.225323
0.159357 0.059272 -0.190750 -0.054753
-1.421824 -0.190750 3.003884 0.575292
-0.225323 -0.054753 0.575292 0.180741
19.207803 2.437889 20.075330 0.794373
1.219145 0.184833 -1.634609 -0.253705
0.184833 0.063231 -0.220982 -0.055938
-1.634609 -0.220982 3.420044 0.620988
-0.253705 -0.055938 0.620988 0.175143
20.621692 2.451780 19.583810 0.621935
1.369180 0.211341 -1.760532 -0.259310
0.211341 0.067357 -0.236534 -0.053833
-1.760532 -0.236534 3.650674 0.628008
-0.259310 -0.053833 0.628008 0.164641
21.531257 2.413041 20.661259 0.751225
1.044191 0.175627 -0.784659 -0.080613
0.175627 0.063281 -0.107803 -0.028038
-0.784659 -0.107803 1.473213 0.235812
-0.080613 -0.028038 0.235812 0.090054
22.275777 2.339827 21.555600 0.823239
0.908618 0.159245 -0.414304 -0.023294
0.159245 0.060856 -0.051266 -0.017383
-0.414304 -0.051266 1.036667 0.176198
-0.023294 -0.017383 0.176198 0.078896
23.555968 2.357755 21.843960 0.804966
0.975940 0.172738 -0.371502 -0.021157
0.172738 0.062777 -0.045920 -0.015598
-0.371502 -0.045920 1.154616 0.206029
-0.021157 -0.015598 0.206029 0.082344
24.206265 2.264927 22.457028 0.822920
0.688963 0.122291 -0.187173 -0.006597
0.122291 0.053260 -0.015576 -0.011806
-0.187173 -0.015576 1.239172 0.230501
-0.006597 -0.011806 0.230501 0.084844
25.082495 2.219403 23.037470 0.846821
0.569794 0.103529 -0.157053 -0.012033
0.103529 0.049733 -0.013687 -0.011773
-0.157053 -0.013687 1.457137 0.269106
-0.012033 -0.011773 0.269106 0.088906
25.875521 2.158945 23.459082 0.840248
0.479261 0.089694 -0.232426 -0.032839
0.089694 0.047016 -0.031426 -0.014717
-0.232426 -0.031426 1.686072 0.302205
-0.032839 -0.014717 0.302205 0.091318
26.695104 2.107384 23.948705 0.849389
0.440632 0.085838 -0.330330 -0.052708
0.085838 0.046187 -0.051649 -0.017304
-0.330330 -0.051649 1.954714 0.338442
-0.052708 -0.017304 0.338442 0.094304
27.655423 2.082138 23.776625 0.748446
0.467175 0.094142 -0.493229 -0.079728
0.094142 0.047572 -0.084749 -0.021522
-0.493229 -0.084749 2.104169 0.350323
-0.079728 -0.021522 0.350323 0.093040
29.197818 2.193587 24.190853 0.758163
0.529333 0.109253 -0.590223 -0.092294
0.109253 0.050346 -0.097790 -0.021956
-0.590223 -0.097790 2.462731 0.395529
-0.092294 -0.021956 0.395529 0.097613
30.108192 2.152904 24.653105 0.769823
0.522701 0.106553 -0.694321 -0.104754
0.106553 0.048756 -0.110102 -0.022373
-0.694321 -0.110102 2.850578 0.440481
-0.104754 -0.022373 0.440481 0.101804
31.427877 2.211052 25.144424 0.788025
0.570312 0.115259 -0.829299 -0.119886
0.115259 0.049746 -0.126924 -0.023373
-0.829299 -0.126924 3.287527 0.488007
-0.119886 -0.023373 0.488007 0.106072
32.531286 2.212725 25.635638 0.802139
0.608591 0.119819 -0.986825 -0.136695
0.119819 0.049553 -0.146169 -0.024715
-0.986825 -0.146169 3.758986 0.535651
-0.136695 -0.024715 0.535651 0.110049
33.385175 2.144948 25.699528 0.751125
0.653236 0.123863 -1.186522 -0.157628
0.123863 0.049034 -0.172590 -0.027005
-1.186522 -0.172590 4.249785 0.580948
-0.157628 -0.027005 0.580948 0.113383
34.424557 2.145165 26.361663 0.789657
0.701977 0.128765 -1.357178 -0.172563
0.128765 0.049051 -0.186659 -0.027462
-1.357178 -0.186659 4.829275 0.634785
-0.172563 -0.027462 0.634785 0.117796
35.470696 2.145127 26.960478 0.816135
0.775884 0.137349 -1.575950 -0.192055
0.137349 0.049639 -0.209762 -0.029081
-1.575950 -0.209762 5.441227 0.687236
-0.192055 -0.029081 0.687236 0.121649
36.232945 2.069610 27.342338 0.804827
0.860302 0.146032 -1.831286 -0.214361
0.146032 0.049968 -0.239003 -0.031422
-1.831286 -0.239003 6.058359 0.735081
-0.214361 -0.031422 0.735081 0.124614
37.307834 2.101317 28.359936 0.883513
0.969396 0.159071 -2.098055 -0.235608
0.159071 0.051413 -0.264992 -0.033108
-2.098055 -0.264992 6.755427 0.788918
-0.235608 -0.033108 0.788918 0.128226
38.149974 2.025673 28.128593 0.793773
1.110776 0.176201 -2.419348 -0.260906
0.176201 0.053040 -0.308177 -0.036710
-2.419348 -0.308177 7.271624 0.814646
-0.260906 -0.036710 0.814646 0.128059
39.324506 2.062950 28.484488 0.794884
1.245570 0.189731 -2.737425 -0.284274
0.189731 0.054262 -0.335241 -0.038298
-2.737425 -0.335241 8.047973 0.870458
-0.284274 -0.038298 0.870458 0.131726
40.504750 2.108447 29.116017 0.828837
1.377355 0.200642 -3.062598 -0.307085
0.200642 0.054927 -0.357971 -0.039444
-3.062598 -0.357971 8.900038 0.931182
-0.307085 -0.039444 0.931182 0.135816
41.232842 2.049934 29.963790 0.864966
1.511822 0.209699 -3.418386 -0.331924
0.209699 0.054980 -0.384102 -0.041062
-3.418386 -0.384102 9.791681 0.991124
-0.331924 -0.041062 0.991124 0.139514
42.461627 2.097628 30.387378 0.873546
1.707157 0.229887 -3.826947 -0.358417
0.229887 0.057100 -0.423710 -0.043652
-3.826947 -0.423710 10.606303 1.035948
-0.358417 -0.043652 1.035948 0.141231
43.594955 2.133478 31.169276 0.916716
1.903572 0.246997 -4.259436 -0.386086
0.246997 0.058514 -0.458784 -0.045779
-4.259436 -0.458784 11.546842 1.091490
-0.386086 -0.045779 1.091490 0.144097
44.173613 2.029639 31.821966 0.912850
2.116658 0.264196 -4.734295 -0.416090
0.264196 0.059546 -0.500139 -0.048528
-4.734295 -0.500139 12.487286 1.141795
-0.416090 -0.048528 1.141795 0.146168
45.307408 2.078127 32.703833 0.966178
2.375513 0.289221 -5.229539 -0.444239
0.289221 0.062176 -0.544357 -0.051052
-5.229539 -0.544357 13.379235 1.183218
-0.444239 -0.051052 1.183218 0.147336
46.266402 2.029093 32.583452 0.895893
2.661609 0.316295 -5.754198 -0.472780
0.316295 0.064663 -0.595580 -0.054152
-5.754198 -0.595580 14.173875 1.210782
-0.472780 -0.054152 1.210782 0.147009
47.334564 2.044765 33.097286 0.906276
2.929107 0.334603 -6.309385 -0.504634
0.334603 0.065789 -0.630215 -0.055897
-6.309385 -0.630215 15.310517 1.273042
-0.504634 -0.055897 1.273042 0.150367
48.304689 2.050112 33.867257 0.937012
3.204120 0.351552 -6.888912 -0.537228
0.351552 0.066629 -0.663150 -0.057523
-6.888912 -0.663150 16.521747 1.338867
-0.537228 -0.057523 1.338867 0.153933
