-0.562635 0.737036 3.502606 0.509025
41.731364 16.692907 -56.627928 -22.651662
16.692907 86.681374 -22.651662 -9.060861
-56.627928 -22.651662 81.318905 32.528267
-22.651662 -9.060861 32.528267 93.015655
1.211617 3.018397 4.282215 1.889934
73.188473 46.409049 -87.976299 -37.624767
46.409049 50.861891 -54.119972 -43.196310
-87.976299 -54.119972 108.406845 47.748321
-37.624767 -43.196310 47.748321 56.750330
-1.430985 0.460287 8.450423 2.522118
120.955753 64.635479 -136.730033 -58.332125
64.635479 45.882792 -72.480746 -44.295666
-136.730033 -72.480746 157.090524 68.296509
-58.332125 -44.295666 68.296509 49.968258
2.164443 1.948390 5.642554 0.778757
18.050893 7.879452 -27.679684 -14.399817
7.879452 10.404676 -12.029318 -14.877387
-27.679684 -12.029318 45.484634 24.702523
-14.399817 -14.877387 24.702523 25.500537
-0.419479 0.596200 13.516918 4.435999
19.022805 9.523119 -24.239609 -11.884525
9.523119 9.071780 -11.876200 -11.168215
-24.239609 -11.876200 32.665280 16.007986
-11.884525 -11.168215 16.007986 15.028081
3.869363 2.450031 11.062781 2.336965
3.186175 1.326161 -5.449083 -2.440069
1.326161 3.207375 -2.038215 -4.241983
-5.449083 -2.038215 11.885663 5.314135
-2.440069 -4.241983 5.314135 6.855192
4.642712 2.334670 13.881055 2.972585
5.249090 2.886454 -8.698596 -4.520634
2.886454 3.133419 -4.453896 -4.304418
-8.698596 -4.453896 16.647276 8.102271
-4.520634 -4.304418 8.102271 6.668383
4.068930 1.411722 17.777831 4.195766
6.556268 3.090041 -11.771975 -5.178869
3.090041 2.349054 -5.179661 -3.444215
-11.771975 -5.179661 23.714821 9.846798
-5.178869 -3.444215 9.846798 5.725311
2.890862 0.580472 22.803803 5.404631
2.285228 0.877111 -4.553214 -1.641892
0.877111 0.909149 -1.250973 -1.202484
-4.553214 -1.250973 12.862566 3.935781
-1.641892 -1.202484 3.935781 2.250357
3.323870 0.642730 25.296141 5.318912
0.679086 0.326689 -0.722315 -0.364029
0.326689 0.540537 0.217145 -0.505169
-0.722315 0.217145 5.874891 1.194340
-0.364029 -0.505169 1.194340 0.952615
4.873218 1.164250 25.174102 4.335446
0.539689 0.338594 0.380625 -0.145522
0.338594 0.433415 0.525276 -0.302138
0.380625 0.525276 4.466645 0.648201
-0.145522 -0.302138 0.648201 0.588084
6.116425 1.513635 26.441581 3.868490
0.670175 0.388018 0.870546 -0.084949
0.388018 0.348769 0.573403 -0.189697
0.870546 0.573403 4.787774 0.686250
-0.084949 -0.189697 0.686250 0.450336
7.311288 1.739374 27.771412 3.561635
0.911114 0.442792 1.383096 -0.017295
0.442792 0.291523 0.641626 -0.105901
1.383096 0.641626 5.116038 0.683177
-0.017295 -0.105901 0.683177 0.340261
9.030254 2.155588 28.003504 2.914549
1.257350 0.506499 1.980988 0.059757
0.506499 0.255593 0.744630 -0.041466
1.980988 0.744630 5.200443 0.589315
0.059757 -0.041466 0.589315 0.239501
11.265421 2.695630 27.185946 2.039876
1.675747 0.567752 2.581173 0.132490
0.567752 0.230088 0.826200 0.002399
2.581173 0.826200 5.301114 0.519656
0.132490 0.002399 0.519656 0.172209
12.414488 2.622965 28.237075 2.099088
2.183300 0.639951 3.099276 0.173582
0.639951 0.218462 0.845288 0.018162
3.099276 0.845288 5.772645 0.575147
0.173582 0.018162 0.575147 0.159195
13.662892 2.660643 28.064222 1.831713
2.818083 0.734011 3.553011 0.182375
0.734011 0.217237 0.874805 0.026577
3.553011 0.874805 5.548975 0.476298
0.182375 0.026577 0.476298 0.122862
15.007363 2.736986 27.477837 1.493918
3.532967 0.825619 4.024926 0.196205
0.825619 0.216271 0.902620 0.033441
4.024926 0.902620 5.374658 0.399525
0.196205 0.033441 0.399525 0.096657
16.709413 2.875474 27.204523 1.210384
4.293591 0.906621 4.520478 0.220721
0.906621 0.213593 0.923411 0.039426
4.520478 0.923411 5.386472 0.369875
0.220721 0.039426 0.369875 0.082888
18.075351 2.857247 27.824833 1.225574
4.881624 0.953170 4.537948 0.179230
0.953170 0.208231 0.853925 0.030193
4.537948 0.853925 4.843860 0.302800
0.179230 0.030193 0.302800 0.074127
17.961872 2.622599 26.269358 0.994389
4.085521 0.767597 2.860396 -0.004797
0.767597 0.166128 0.515949 -0.001437
2.860396 0.515949 2.426908 0.087447
-0.004797 -0.001437 0.087447 0.054907
21.552960 3.074942 27.094462 0.745436
3.911033 0.666238 2.780630 0.059504
0.666238 0.135808 0.457788 0.012095
2.780630 0.457788 2.297998 0.112735
0.059504 0.012095 0.112735 0.050006
20.622020 2.691834 25.633100 0.663088
0.871755 0.158782 0.188461 -0.076456
0.158782 0.051898 0.024029 -0.009754
0.188461 0.024029 0.242133 0.029750
-0.076456 -0.009754 0.029750 0.049413
21.850278 2.678414 25.736049 0.617092
1.027703 0.183449 0.147317 -0.082691
0.183449 0.056452 0.018608 -0.009598
0.147317 0.018608 0.235803 0.044384
-0.082691 -0.009598 0.044384 0.051607
23.119059 2.666091 26.042442 0.623335
1.145111 0.199842 0.060839 -0.094267
0.199842 0.059325 0.005504 -0.010658
0.060839 0.005504 0.252832 0.065077
-0.094267 -0.010658 0.065077 0.055480
24.278941 2.637851 26.177979 0.586086
1.175084 0.199960 -0.081625 -0.112825
0.199960 0.059202 -0.015664 -0.012849
-0.081625 -0.015664 0.277786 0.085752
-0.112825 -0.012849 0.085752 0.059106
24.349492 2.428158 26.272695 0.598137
0.893894 0.147257 -0.252196 -0.121397
0.147257 0.050137 -0.039480 -0.013220
-0.252196 -0.039480 0.352621 0.114767
-0.121397 -0.013220 0.114767 0.063713
24.002894 2.145994 26.041607 0.495556
0.798604 0.127503 -0.417821 -0.143404
0.127503 0.046818 -0.061312 -0.016126
-0.417821 -0.061312 0.438881 0.137648
-0.143404 -0.016126 0.137648 0.066281
25.173345 2.172167 26.434192 0.537759
0.932996 0.151075 -0.525873 -0.151956
0.151075 0.051554 -0.070442 -0.016438
-0.525873 -0.070442 0.579113 0.167849
-0.151956 -0.016438 0.167849 0.070062
26.327806 2.180791 26.625115 0.517013
1.061478 0.170002 -0.655137 -0.164830
0.170002 0.054654 -0.082926 -0.017804
-0.655137 -0.082926 0.742322 0.197464
-0.164830 -0.017804 0.197464 0.073083
27.458727 2.193830 26.950729 0.536412
1.144797 0.178037 -0.783117 -0.176729
0.178037 0.055432 -0.092234 -0.018544
-0.783117 -0.092234 0.951752 0.233448
-0.176729 -0.018544 0.233448 0.077502
28.464915 2.177658 27.252201 0.541554
1.189807 0.177224 -0.916788 -0.190044
0.177224 0.054380 -0.100843 -0.019473
-0.916788 -0.100843 1.198752 0.272058
-0.190044 -0.019473 0.272058 0.081998
30.126785 2.293503 27.501362 0.559618
1.282150 0.185621 -1.064077 -0.203068
0.185621 0.055297 -0.110262 -0.020210
-1.064077 -0.110262 1.487570 0.313433
-0.203068 -0.020210 0.313433 0.086655
32.102492 2.448516 27.592173 0.551892
1.331098 0.185652 -1.200552 -0.213824
0.185652 0.054758 -0.115780 -0.020389
-1.200552 -0.115780 1.815439 0.357351
-0.213824 -0.020389 0.357351 0.091480
33.381445 2.457428 27.837637 0.547775
1.223386 0.159664 -1.265608 -0.214856
0.159664 0.050034 -0.107676 -0.018830
-1.265608 -0.107676 2.155542 0.400211
-0.214856 -0.018830 0.400211 0.095995
33.591104 2.276629 28.475432 0.577069
1.076343 0.129013 -1.320615 -0.215710
0.129013 0.044867 -0.097803 -0.017399
-1.320615 -0.097803 2.534501 0.445077
-0.215710 -0.017399 0.445077 0.100488
34.908375 2.307767 28.677424 0.568494
1.125080 0.133132 -1.491311 -0.230053
0.133132 0.045645 -0.109416 -0.018762
-1.491311 -0.109416 2.990927 0.493529
-0.230053 -0.018762 0.493529 0.104685
36.032245 2.313055 29.137676 0.598165
1.151563 0.133184 -1.652347 -0.242054
0.133184 0.045717 -0.116964 -0.019448
-1.652347 -0.116964 3.496156 0.545067
-0.242054 -0.019448 0.545067 0.109214
37.302720 2.343408 29.527624 0.618042
1.206301 0.137416 -1.844989 -0.256917
0.137416 0.046277 -0.129484 -0.020742
-1.844989 -0.129484 4.053291 0.597974
-0.256917 -0.020742 0.597974 0.113509
38.076215 2.287509 30.308049 0.676180
1.244916 0.137695 -2.043867 -0.271936
0.137695 0.045967 -0.140933 -0.021907
-2.043867 -0.140933 4.665131 0.653597
-0.271936 -0.021907 0.653597 0.117940
39.270258 2.305042 30.745394 0.693203
1.348899 0.149242 -2.296107 -0.290838
0.149242 0.047276 -0.165624 -0.024498
-2.296107 -0.165624 5.274011 0.700916
-0.290838 -0.024498 0.700916 0.120670
40.405556 2.291593 30.943047 0.671014
1.462651 0.160703 -2.573417 -0.311238
0.160703 0.048295 -0.193119 -0.027247
-2.573417 -0.193119 5.917822 0.748093
-0.311238 -0.027247 0.748093 0.123258
41.393996 2.249813 31.180293 0.650885
1.572571 0.169694 -2.865816 -0.332109
0.169694 0.048875 -0.217974 -0.029482
-2.865816 -0.217974 6.639614 0.801616
-0.332109 -0.029482 0.801616 0.126661
42.328503 2.222971 31.759843 0.676828
1.683573 0.177920 -3.167807 -0.352470
0.177920 0.049429 -0.240174 -0.031214
-3.167807 -0.240174 7.426635 0.859135
-0.352470 -0.031214 0.859135 0.130481
43.449105 2.244111 32.393311 0.715332
1.826798 0.190944 -3.504406 -0.374308
0.190944 0.050666 -0.268271 -0.033383
-3.504406 -0.268271 8.240277 0.914088
-0.374308 -0.033383 0.914088 0.133723
44.346067 2.161333 32.265982 0.644789
1.988947 0.205141 -3.877521 -0.398273
0.205141 0.051580 -0.304373 -0.036354
-3.877521 -0.304373 9.041455 0.961931
-0.398273 -0.036354 0.961931 0.135869
45.816072 2.261453 32.754047 0.682551
2.148310 0.217683 -4.252316 -0.420870
0.217683 0.052839 -0.328910 -0.037783
-4.252316 -0.328910 9.990584 1.024719
-0.420870 -0.037783 1.024719 0.139890
46.911210 2.239934 32.888384 0.656372
2.301631 0.226575 -4.650864 -0.445050
0.226575 0.053089 -0.354776 -0.039478
-4.650864 -0.354776 10.993112 1.088430
-0.445050 -0.039478 1.088430 0.143758
47.844714 2.210053 33.414034 0.670373
2.436653 0.231440 -5.043108 -0.467747
0.231440 0.052921 -0.373366 -0.040431
-5.043108 -0.373366 12.073590 1.157267
-0.467747 -0.040431 1.157267 0.148122
48.910296 2.211167 33.905969 0.686157
2.605389 0.241228 -5.481155 -0.492497
0.241228 0.053451 -0.399383 -0.041955
-5.481155 -0.399383 13.204615 1.225030
-0.492497 -0.041955 1.225030 0.152050
