3.712685 2.447201 2.087648 -0.056970
2.466719 0.986709 -0.042672 -0.017069
0.986709 80.398759 -0.017069 -0.006828
-0.042672 -0.017069 2.482459 0.993005
-0.017069 -0.006828 0.993005 80.401277
5.113020 2.758955 2.791920 1.224042
2.291228 4.006331 -0.078900 -0.129411
4.006331 15.385720 -0.129441 -0.334368
-0.078900 -0.129441 2.312079 4.039646
-0.129411 -0.334368 4.039646 15.483838
6.176968 2.397781 4.115167 2.042617
2.025872 2.336526 -0.081535 -0.086017
2.336526 4.590257 -0.086043 -0.128457
-0.081535 -0.086043 2.041399 2.352759
-0.086017 -0.128457 2.352759 4.619830
5.554641 0.859180 2.875276 0.136191
1.721132 1.447014 -0.076337 -0.058669
1.447014 1.916613 -0.058659 -0.061624
-0.076337 -0.058659 1.740854 1.463000
-0.058669 -0.061624 1.463000 1.934643
8.125050 2.271045 2.653454 -0.049297
1.438569 0.949143 -0.039887 -0.022476
0.949143 0.960098 -0.022416 -0.021283
-0.039887 -0.022416 1.472389 0.970847
-0.022476 -0.021283 0.970847 0.976560
8.846577 2.047156 3.666327 0.513889
1.286890 0.700395 -0.053837 -0.027469
0.700395 0.567732 -0.027467 -0.019257
-0.053837 -0.027467 1.310803 0.712179
-0.027469 -0.019257 0.712179 0.575018
9.524143 1.888537 5.115722 1.064267
1.143430 0.529146 -0.036872 -0.015592
0.529146 0.361548 -0.015587 -0.009897
-0.036872 -0.015587 1.159416 0.535508
-0.015592 -0.009897 0.535508 0.365055
10.871811 2.051541 5.980705 1.198642
1.033498 0.416820 -0.020134 -0.007181
0.416820 0.247841 -0.007169 -0.004778
-0.020134 -0.007169 1.048761 0.422241
-0.007181 -0.004778 0.422241 0.250469
10.737398 1.635718 6.283709 1.092168
0.937427 0.335867 -0.037201 -0.012920
0.335867 0.178985 -0.012923 -0.006067
-0.037201 -0.012923 0.950579 0.340014
-0.012920 -0.006067 0.340014 0.180810
11.720145 1.690122 8.689767 1.693172
0.863383 0.279365 -0.027837 -0.008515
0.279365 0.136342 -0.008518 -0.003745
-0.027837 -0.008518 0.869845 0.281011
-0.008515 -0.003745 0.281011 0.137140
11.652559 1.419613 9.354773 1.638933
0.794663 0.235442 -0.014555 -0.003870
0.235442 0.107763 -0.003869 -0.001878
-0.014555 -0.003869 0.799508 0.236596
-0.003870 -0.001878 0.236596 0.108337
11.146495 1.085790 10.968224 1.856493
0.737474 0.202648 -0.007745 -0.001863
0.202648 0.088603 -0.001862 -0.001100
-0.007745 -0.001862 0.737810 0.202569
-0.001863 -0.001100 0.202569 0.088780
12.091073 1.189248 11.160774 1.666924
0.694954 0.179172 -0.007984 -0.001961
0.179172 0.075806 -0.001960 -0.000994
-0.007984 -0.001960 0.697150 0.179689
-0.001961 -0.000994 0.179689 0.076119
12.895897 1.240640 12.762376 1.854620
0.659547 0.161160 -0.013265 -0.003217
0.161160 0.066838 -0.003216 -0.001181
-0.013265 -0.003216 0.660373 0.161355
-0.003217 -0.001181 0.161355 0.067034
13.834704 1.314996 13.060223 1.707503
0.624122 0.145878 -0.010390 -0.002344
0.145878 0.060163 -0.002343 -0.000846
-0.010390 -0.002343 0.625985 0.146346
-0.002344 -0.000846 0.146346 0.060398
14.833861 1.392150 14.274570 1.788947
0.596923 0.134674 -0.008587 -0.001820
0.134674 0.055566 -0.001820 -0.000641
-0.008587 -0.001820 0.598428 0.135048
-0.001820 -0.000641 0.135048 0.055751
15.089021 1.295363 15.103260 1.774399
0.577405 0.126726 -0.005659 -0.001104
0.126726 0.052450 -0.001104 -0.000422
-0.005659 -0.001104 0.578257 0.126947
-0.001104 -0.000422 0.126947 0.052579
16.185292 1.391821 16.299656 1.840958
0.556517 0.119577 -0.003324 -0.000589
0.119577 0.050011 -0.000589 -0.000274
-0.003324 -0.000589 0.557274 0.119777
-0.000589 -0.000274 0.119777 0.050118
16.721051 1.357983 17.569386 1.914874
0.542450 0.114812 -0.002627 -0.000464
0.114812 0.048445 -0.000464 -0.000224
-0.002627 -0.000464 0.542620 0.114884
-0.000464 -0.000224 0.114884 0.048512
17.199103 1.315929 18.787284 1.969422
0.527117 0.110402 -0.002571 -0.000473
0.110402 0.047186 -0.000473 -0.000206
-0.002571 -0.000473 0.526842 0.110385
-0.000473 -0.000206 0.110385 0.047226
18.133683 1.373447 19.193877 1.849058
0.513910 0.106973 -0.000204 0.000012
0.106973 0.046301 0.000011 -0.000086
-0.000204 0.000011 0.513913 0.107022
0.000012 -0.000086 0.107022 0.046348
18.216411 1.248076 20.528453 1.934202
0.506481 0.105137 -0.000360 -0.000064
0.105137 0.045855 -0.000065 -0.000094
-0.000360 -0.000065 0.505998 0.105084
-0.000064 -0.000094 0.105084 0.045873
18.883847 1.257071 21.705687 1.977805
0.495994 0.102870 0.002341 0.000471
0.102870 0.045370 0.000471 0.000028
0.002341 0.000471 0.495476 0.102815
0.000471 0.000028 0.102815 0.045383
19.650539 1.285676 23.211083 2.085099
0.490557 0.101871 0.002332 0.000404
0.101871 0.045193 0.000403 0.000015
0.002332 0.000403 0.490142 0.101841
0.000404 0.000015 0.101841 0.045206
20.076952 1.240581 24.474951 2.131236
0.486054 0.101144 0.002380 0.000368
0.101144 0.045079 0.000367 0.000012
0.002380 0.000367 0.485734 0.101133
0.000368 0.000012 0.101133 0.045092
20.870711 1.276935 25.043436 2.027417
0.481236 0.100390 0.004668 0.000813
0.100390 0.044959 0.000813 0.000112
0.004668 0.000813 0.480951 0.100382
0.000813 0.000112 0.100382 0.044969
21.640775 1.304338 26.326418 2.083716
0.480889 0.100606 0.004657 0.000745
0.100606 0.045039 0.000744 0.000097
0.004657 0.000744 0.480968 0.100669
0.000745 0.000097 0.100669 0.045061
22.028349 1.248791 27.480792 2.107471
0.477064 0.100031 0.003131 0.000380
0.100031 0.044935 0.000379 0.000025
0.003131 0.000379 0.477523 0.100162
0.000380 0.000025 0.100162 0.044967
22.213440 1.156575 28.326192 2.063932
0.473750 0.099577 0.003708 0.000500
0.099577 0.044854 0.000499 0.000062
0.003708 0.000499 0.474456 0.099743
0.000500 0.000062 0.099743 0.044889
23.181970 1.238853 29.276728 2.046534
0.475994 0.100297 0.000475 -0.000192
0.100297 0.045017 -0.000193 -0.000077
0.000475 -0.000193 0.477009 0.100509
-0.000192 -0.000077 0.100509 0.045058
23.583719 1.192848 30.457761 2.079920
0.474718 0.100161 0.001496 0.000085
0.100161 0.044976 0.000084 0.000002
0.001496 0.000084 0.476429 0.100499
0.000085 0.000002 0.100499 0.045040
23.810682 1.114791 31.527001 2.086258
0.474657 0.100265 0.001199 0.000052
0.100265 0.044983 0.000051 0.000004
0.001199 0.000051 0.477039 0.100715
0.000052 0.000004 0.100715 0.045067
24.176482 1.074176 32.878472 2.151454
0.476394 0.100712 0.001284 0.000101
0.100712 0.045059 0.000100 0.000023
0.001284 0.000100 0.479793 0.101340
0.000101 0.000023 0.101340 0.045176
24.135788 0.952227 33.258117 2.004655
0.476837 0.100821 -0.000395 -0.000230
0.100821 0.045054 -0.000232 -0.000043
-0.000395 -0.000232 0.480130 0.101379
-0.000230 -0.000043 0.101379 0.045151
24.435770 0.914994 34.234245 1.999160
0.477536 0.100961 -0.001063 -0.000319
0.100961 0.045057 -0.000321 -0.000052
-0.001063 -0.000321 0.481613 0.101650
-0.000319 -0.000052 0.101650 0.045179
25.301584 1.001306 35.118062 1.974709
0.476976 0.100813 -0.001795 -0.000420
0.100813 0.045000 -0.000421 -0.000066
-0.001795 -0.000421 0.481653 0.101588
-0.000420 -0.000066 0.101588 0.045138
25.889643 1.019768 35.821828 1.914934
0.474752 0.100324 -0.002169 -0.000443
0.100324 0.044877 -0.000444 -0.000064
-0.002169 -0.000444 0.479951 0.101168
-0.000443 -0.000064 0.101168 0.045029
26.445743 1.029462 36.219300 1.796919
0.476410 0.100698 -0.000547 -0.000051
0.100698 0.044950 -0.000051 0.000022
-0.000547 -0.000051 0.481503 0.101478
-0.000051 0.000022 0.101478 0.045086
27.218696 1.083972 36.694409 1.707775
0.477318 0.100872 0.002322 0.000558
0.100872 0.044973 0.000560 0.000145
0.002322 0.000560 0.482478 0.101638
0.000558 0.000145 0.101638 0.045107
28.420144 1.223282 37.413360 1.679383
0.478654 0.101118 0.002244 0.000486
0.101118 0.045010 0.000487 0.000114
0.002244 0.000487 0.484096 0.101921
0.000486 0.000114 0.101921 0.045155
28.756131 1.165040 38.912492 1.818134
0.476138 0.100528 0.002070 0.000405
0.100528 0.044870 0.000406 0.000086
0.002070 0.000406 0.484187 0.101863
0.000405 0.000086 0.101863 0.045130
29.407449 1.179579 39.723638 1.797537
0.476394 0.100586 0.001183 0.000187
0.100586 0.044881 0.000186 0.000034
0.001183 0.000186 0.485184 0.102011
0.000187 0.000034 0.102011 0.045154
30.465344 1.278370 40.906432 1.857147
0.476559 0.100618 -0.001865 -0.000461
0.100618 0.044886 -0.000465 -0.000103
-0.001865 -0.000465 0.486570 0.102237
-0.000461 -0.000103 0.102237 0.045195
31.269250 1.313138 42.072827 1.907074
0.475518 0.100392 -0.002069 -0.000449
0.100392 0.044837 -0.000452 -0.000089
-0.002069 -0.000452 0.487006 0.102251
-0.000449 -0.000089 0.102251 0.045191
31.670357 1.259205 43.155616 1.934177
0.477842 0.100898 -0.001650 -0.000314
0.100898 0.044946 -0.000316 -0.000052
-0.001650 -0.000316 0.490781 0.102976
-0.000314 -0.000052 0.102976 0.045340
32.085677 1.213991 44.261897 1.963320
0.476124 0.100500 -0.005818 -0.001159
0.100500 0.044854 -0.001167 -0.000228
-0.005818 -0.001167 0.490878 0.102873
-0.001159 -0.000228 0.102873 0.045305
32.798195 1.236391 45.610236 2.040131
0.474658 0.100197 -0.008371 -0.001591
0.100197 0.044792 -0.001601 -0.000303
-0.008371 -0.001601 0.491508 0.102909
-0.001591 -0.000303 0.102909 0.045308
33.579181 1.270797 46.677096 2.050021
0.471473 0.099559 -0.008933 -0.001581
0.099559 0.044664 -0.001589 -0.000284
-0.008933 -0.001589 0.489715 0.102451
-0.001581 -0.000284 0.102451 0.045211
34.238564 1.275559 47.335642 1.973387
0.470366 0.099415 -0.010074 -0.001710
0.099415 0.044649 -0.001719 -0.000301
-0.010074 -0.001719 0.488828 0.102240
-0.001710 -0.000301 0.102240 0.045177
35.211980 1.346479 48.234874 1.955450
0.468835 0.099182 -0.011154 -0.001832
0.099182 0.044612 -0.001841 -0.000321
-0.011154 -0.001841 0.488011 0.102072
-0.001832 -0.000321 0.102072 0.045156
