4.426143 2.732590 -0.456381 -1.074603
2.464367 0.985768 -0.075218 -0.030088
0.985768 80.398382 -0.030088 -0.012035
-0.075218 -0.030088 2.511999 1.004821
-0.030088 -0.012035 1.004821 80.406004
6.792335 4.488123 0.055322 0.762181
2.256168 3.944989 -0.127703 -0.208168
3.944989 15.270998 -0.208274 -0.554192
-0.127703 -0.208274 2.320798 4.048480
-0.208168 -0.554192 4.048480 15.572395
7.731842 2.992118 2.442873 3.068695
1.980683 2.289525 -0.098145 -0.100946
2.289525 4.534413 -0.101016 -0.168381
-0.098145 -0.101016 2.022737 2.332763
-0.100946 -0.168381 2.332763 4.617196
7.155895 1.244464 4.038726 3.113571
1.699471 1.433364 -0.071750 -0.054759
1.433364 1.904049 -0.054809 -0.068983
-0.071750 -0.054809 1.723347 1.452012
-0.054759 -0.068983 1.452012 1.933937
7.473151 1.039337 3.417940 1.672694
1.464402 0.968346 -0.055537 -0.034360
0.968346 0.971195 -0.034369 -0.034949
-0.055537 -0.034369 1.492052 0.986847
-0.034360 -0.034949 0.986847 0.990896
6.810149 0.395979 3.965705 1.514886
1.286760 0.699747 -0.039839 -0.020794
0.699747 0.565384 -0.020804 -0.018578
-0.039839 -0.020804 1.305338 0.710126
-0.020794 -0.018578 0.710126 0.575148
8.573992 1.119775 6.170888 2.184621
1.131628 0.523039 -0.043990 -0.020288
0.523039 0.357471 -0.020290 -0.014068
-0.043990 -0.020290 1.145469 0.529834
-0.020288 -0.014068 0.529834 0.363159
9.571104 1.295978 7.932179 2.454516
1.035295 0.417230 -0.028580 -0.011513
0.417230 0.247294 -0.011519 -0.007697
-0.028580 -0.011519 1.044671 0.421452
-0.011513 -0.007697 0.421452 0.250676
10.275716 1.316550 7.730701 1.942480
0.942960 0.337479 -0.017044 -0.006296
0.337479 0.179051 -0.006305 -0.004408
-0.017044 -0.006305 0.954487 0.342069
-0.006296 -0.004408 0.342069 0.181859
10.386477 1.139765 8.504437 1.878838
0.854559 0.276072 -0.012773 -0.004514
0.276072 0.134886 -0.004519 -0.003050
-0.012773 -0.004519 0.863130 0.279202
-0.004514 -0.003050 0.279202 0.136704
11.340135 1.252836 10.317155 2.137422
0.797348 0.236011 -0.012291 -0.004114
0.236011 0.107695 -0.004116 -0.002414
-0.012291 -0.004116 0.802797 0.237924
-0.004114 -0.002414 0.237924 0.108843
12.342929 1.356037 11.535798 2.178394
0.748951 0.205551 -0.014761 -0.004513
0.205551 0.089214 -0.004513 -0.002139
-0.014761 -0.004513 0.753540 0.207084
-0.004513 -0.002139 0.207084 0.090069
12.733361 1.281914 12.906709 2.251103
0.704282 0.181190 -0.014890 -0.004182
0.181190 0.076149 -0.004180 -0.001743
-0.014890 -0.004180 0.706775 0.182068
-0.004182 -0.001743 0.182068 0.076702
12.687980 1.114526 14.470928 2.358363
0.668426 0.162881 -0.007382 -0.002018
0.162881 0.067105 -0.002018 -0.000985
-0.007382 -0.002018 0.668376 0.163089
-0.002018 -0.000985 0.163089 0.067407
12.644386 0.974727 15.049674 2.218443
0.634111 0.147736 -0.009987 -0.002524
0.147736 0.060468 -0.002523 -0.000972
-0.009987 -0.002523 0.633192 0.147749
-0.002524 -0.000972 0.147749 0.060672
13.621466 1.084841 15.902026 2.160525
0.602582 0.135436 -0.006579 -0.001586
0.135436 0.055627 -0.001587 -0.000644
-0.006579 -0.001587 0.602125 0.135566
-0.001586 -0.000644 0.135566 0.055817
14.722539 1.207060 16.384540 2.029538
0.582551 0.127374 -0.000186 -0.000106
0.127374 0.052509 -0.000109 -0.000246
-0.000186 -0.000109 0.582968 0.127687
-0.000106 -0.000246 0.127687 0.052705
15.286603 1.198692 17.022066 1.948660
0.562303 0.120377 0.000321 -0.000050
0.120377 0.050123 -0.000052 -0.000200
0.000321 -0.000052 0.562606 0.120631
-0.000050 -0.000200 0.120631 0.050273
15.635254 1.145997 17.404536 1.823751
0.544088 0.114734 -0.004604 -0.001126
0.114734 0.048385 -0.001126 -0.000397
-0.004604 -0.001126 0.544225 0.114922
-0.001126 -0.000397 0.114922 0.048496
16.698347 1.248341 18.243574 1.808447
0.526580 0.109951 -0.001017 -0.000295
0.109951 0.047074 -0.000297 -0.000177
-0.001017 -0.000297 0.526921 0.110155
-0.000295 -0.000177 0.110155 0.047169
17.321499 1.248063 19.566015 1.895397
0.514562 0.106874 -0.001688 -0.000432
0.106874 0.046287 -0.000432 -0.000182
-0.001688 -0.000432 0.514513 0.106970
-0.000432 -0.000182 0.106970 0.046343
18.182164 1.297087 20.638392 1.921229
0.505308 0.104717 -0.002718 -0.000622
0.104717 0.045785 -0.000623 -0.000200
-0.002718 -0.000623 0.505232 0.104791
-0.000622 -0.000200 0.104791 0.045826
18.522962 1.233318 21.666407 1.935214
0.496922 0.102966 -0.003617 -0.000766
0.102966 0.045419 -0.000766 -0.000208
-0.003617 -0.000766 0.496604 0.102974
-0.000766 -0.000208 0.102974 0.045439
19.187571 1.243287 22.865194 1.983221
0.487852 0.101234 -0.003806 -0.000749
0.101234 0.045088 -0.000749 -0.000185
-0.003806 -0.000749 0.487527 0.101232
-0.000749 -0.000185 0.101232 0.045100
19.585376 1.196565 23.138852 1.833678
0.483155 0.100551 -0.000103 0.000072
0.100551 0.044994 0.000072 0.000000
-0.000103 0.000072 0.482678 0.100509
0.000072 0.000000 0.100509 0.044994
20.451532 1.252515 24.244750 1.873205
0.480208 0.100254 -0.002138 -0.000383
0.100254 0.044974 -0.000383 -0.000098
-0.002138 -0.000383 0.479949 0.100254
-0.000383 -0.000098 0.100254 0.044980
20.952714 1.226356 25.373483 1.913434
0.478218 0.100140 0.000204 0.000124
0.100140 0.044980 0.000124 0.000015
0.000204 0.000124 0.478154 0.100172
0.000124 0.000015 0.100172 0.044990
20.962454 1.099688 26.609653 1.972065
0.475819 0.099903 -0.000021 0.000046
0.099903 0.044946 0.000045 -0.000006
-0.000021 0.000045 0.476034 0.099983
0.000046 -0.000006 0.099983 0.044963
21.912482 1.183921 27.684172 1.990719
0.477651 0.100532 -0.002088 -0.000409
0.100532 0.045085 -0.000409 -0.000103
-0.002088 -0.000409 0.478232 0.100675
-0.000409 -0.000103 0.100675 0.045113
22.276072 1.135797 28.749762 2.005493
0.476876 0.100509 -0.003914 -0.000767
0.100509 0.045065 -0.000767 -0.000170
-0.003914 -0.000767 0.477863 0.100719
-0.000767 -0.000170 0.100719 0.045104
23.147896 1.199904 29.669183 1.987990
0.478163 0.100891 -0.003553 -0.000632
0.100891 0.045128 -0.000632 -0.000129
-0.003553 -0.000632 0.479464 0.101145
-0.000632 -0.000129 0.101145 0.045173
23.456428 1.138280 30.338020 1.919284
0.477331 0.100763 -0.000415 0.000068
0.100763 0.045074 0.000069 0.000024
-0.000415 0.000069 0.478848 0.101040
0.000068 0.000024 0.101040 0.045121
23.982160 1.129198 31.627688 1.988923
0.475140 0.100341 0.001841 0.000511
0.100341 0.044962 0.000512 0.000109
0.001841 0.000512 0.477610 0.100797
0.000511 0.000109 0.100797 0.045045
24.743572 1.170760 32.360184 1.933642
0.471288 0.099591 0.000942 0.000250
0.099591 0.044789 0.000250 0.000040
0.000942 0.000250 0.474095 0.100084
0.000250 0.000040 0.100084 0.044876
25.386203 1.182871 33.281819 1.924097
0.470703 0.099584 0.001677 0.000367
0.099584 0.044785 0.000367 0.000060
0.001677 0.000367 0.474105 0.100170
0.000367 0.000060 0.100170 0.044889
26.602257 1.315131 34.444416 1.966452
0.472212 0.099999 -0.000664 -0.000172
0.099999 0.044866 -0.000172 -0.000059
-0.000664 -0.000172 0.476305 0.100693
-0.000172 -0.000059 0.100693 0.044991
27.168193 1.295727 35.239328 1.926648
0.472716 0.100140 -0.000184 -0.000056
0.100140 0.044879 -0.000056 -0.000028
-0.000184 -0.000056 0.477308 0.100899
-0.000056 -0.000028 0.100899 0.045015
28.137343 1.363784 36.524142 1.994577
0.474418 0.100510 0.001468 0.000296
0.100510 0.044938 0.000296 0.000051
0.001468 0.000296 0.480072 0.101451
0.000296 0.000051 0.101451 0.045111
28.508561 1.297966 37.763661 2.045752
0.475735 0.100754 -0.001155 -0.000288
0.100754 0.044967 -0.000289 -0.000076
-0.001155 -0.000289 0.482852 0.101954
-0.000288 -0.000076 0.101954 0.045191
29.498979 1.370228 38.984130 2.087412
0.474112 0.100351 -0.005725 -0.001221
0.100351 0.044858 -0.001226 -0.000265
-0.005725 -0.001226 0.482346 0.101721
-0.001221 -0.000265 0.101721 0.045113
30.446636 1.425962 40.845212 2.259692
0.473947 0.100297 -0.006114 -0.001188
0.100297 0.044836 -0.001191 -0.000235
-0.006114 -0.001191 0.484605 0.102107
-0.001188 -0.000235 0.102107 0.045178
30.939855 1.379207 41.364736 2.131147
0.471798 0.099829 -0.004196 -0.000686
0.099829 0.044729 -0.000687 -0.000114
-0.004196 -0.000687 0.482429 0.101534
-0.000686 -0.000114 0.101534 0.045040
31.760850 1.406845 42.083489 2.058250
0.472048 0.099910 -0.007687 -0.001383
0.099910 0.044748 -0.001388 -0.000261
-0.007687 -0.001388 0.482803 0.101565
-0.001383 -0.000261 0.101565 0.045046
32.623053 1.440644 43.377481 2.114061
0.468985 0.099278 -0.008323 -0.001422
0.099278 0.044613 -0.001426 -0.000259
-0.008323 -0.001426 0.481537 0.101258
-0.001422 -0.000259 0.101258 0.044982
33.249970 1.420625 44.173004 2.058986
0.471004 0.099778 -0.010638 -0.001821
0.099778 0.044728 -0.001828 -0.000336
-0.010638 -0.001828 0.484009 0.101773
-0.001821 -0.000336 0.101773 0.045098
33.757148 1.377389 45.029872 2.022476
0.471484 0.099898 -0.008139 -0.001186
0.099898 0.044750 -0.001186 -0.000192
-0.008139 -0.001186 0.485435 0.102027
-0.001186 -0.000192 0.102027 0.045150
34.450813 1.377943 45.616263 1.933237
0.468732 0.099311 -0.010901 -0.001738
0.099311 0.044619 -0.001742 -0.000317
-0.010901 -0.001742 0.483059 0.101460
-0.001738 -0.000317 0.101460 0.045025
35.205941 1.392041 46.636601 1.944610
0.468000 0.099205 -0.013783 -0.002269
0.099205 0.044601 -0.002276 -0.000428
-0.013783 -0.002276 0.483732 0.101597
-0.002269 -0.000428 0.101597 0.045062
35.312900 1.267315 47.759948 1.975409
0.464419 0.098499 -0.014673 -0.002350
0.098499 0.044456 -0.002354 -0.000437
-0.014673 -0.002354 0.483019 0.101436
-0.002350 -0.000437 0.101436 0.045033
35.613786 1.196412 48.621839 1.948381
0.464495 0.098626 -0.015828 -0.002492
0.098626 0.044496 -0.002495 -0.000463
-0.015828 -0.002495 0.484506 0.101755
-0.002492 -0.000463 0.101755 0.045107
