2.437363 1.937061 -0.408721 -1.055539
2.489197 0.995700 -0.072024 -0.028810
0.995700 80.402355 -0.028810 -0.011524
-0.072024 -0.028810 2.500541 1.000238
-0.028810 -0.011524 1.000238 80.404171
4.214551 3.357838 0.391822 1.268419
2.303567 4.023907 0.022896 0.054278
4.023907 15.473686 0.054419 -0.087054
0.022896 0.054419 2.322562 4.054815
0.054278 -0.087054 4.054815 15.556318
3.513274 0.619723 -0.450348 -0.420968
2.018848 2.329304 -0.076665 -0.098905
2.329304 4.597861 -0.098988 -0.164494
-0.076665 -0.098988 2.039089 2.350836
-0.098905 -0.164494 2.350836 4.630491
5.643307 2.152928 1.788594 1.640071
1.752155 1.475362 -0.058383 -0.048739
1.475362 1.947011 -0.048758 -0.053723
-0.058383 -0.048758 1.765653 1.485392
-0.048739 -0.053723 1.485392 1.958625
8.333334 3.215954 1.367706 0.823757
1.482421 0.977798 -0.019817 -0.011518
0.977798 0.980922 -0.011501 -0.012992
-0.019817 -0.011501 1.504912 0.991991
-0.011518 -0.012992 0.991991 0.992081
10.427683 3.480512 3.242780 1.617644
1.292948 0.702177 -0.018753 -0.009819
0.702177 0.569197 -0.009812 -0.008762
-0.018753 -0.009812 1.310009 0.710648
-0.009819 -0.008762 0.710648 0.574690
9.967773 2.463700 5.812823 2.430622
1.153667 0.533180 -0.007184 -0.003317
0.533180 0.363985 -0.003308 -0.003737
-0.007184 -0.003308 1.161273 0.536042
-0.003317 -0.003737 0.536042 0.365877
10.280811 2.093580 6.879354 2.371034
1.033324 0.416302 -0.001137 -0.000797
0.416302 0.248072 -0.000790 -0.001873
-0.001137 -0.000790 1.039180 0.418313
-0.000797 -0.001873 0.418313 0.249342
10.534995 1.809981 7.548895 2.186778
0.936244 0.335344 -0.002930 -0.001591
0.335344 0.179200 -0.001587 -0.001703
-0.002930 -0.001587 0.941235 0.336954
-0.001591 -0.001703 0.336954 0.180138
11.162199 1.720224 8.404515 2.110025
0.857626 0.277579 -0.005955 -0.002476
0.277579 0.136100 -0.002473 -0.001620
-0.005955 -0.002473 0.861970 0.278898
-0.002476 -0.001620 0.278898 0.136807
11.614748 1.599282 9.590226 2.149011
0.797083 0.236388 -0.004307 -0.001731
0.236388 0.108332 -0.001728 -0.001096
-0.004307 -0.001728 0.800175 0.237265
-0.001731 -0.001096 0.237265 0.108808
12.252633 1.554698 10.854451 2.201271
0.745619 0.205073 -0.007740 -0.002510
0.205073 0.089478 -0.002508 -0.001115
-0.007740 -0.002508 0.747817 0.205671
-0.002510 -0.001115 0.205671 0.089813
12.720531 1.474788 12.241698 2.275306
0.700359 0.180624 -0.009001 -0.002575
0.180624 0.076312 -0.002573 -0.000963
-0.009001 -0.002573 0.701584 0.180957
-0.002575 -0.000963 0.180957 0.076534
13.676682 1.528074 14.273903 2.493894
0.658854 0.160989 -0.005060 -0.001360
0.160989 0.066885 -0.001359 -0.000537
-0.005060 -0.001359 0.659198 0.161109
-0.001360 -0.000537 0.161109 0.067025
14.174707 1.465944 14.976236 2.366549
0.626962 0.146580 -0.002521 -0.000661
0.146580 0.060406 -0.000661 -0.000305
-0.002521 -0.000661 0.627208 0.146692
-0.000661 -0.000305 0.146692 0.060523
14.352059 1.340618 15.793363 2.283953
0.602352 0.135907 -0.002872 -0.000708
0.135907 0.055901 -0.000708 -0.000277
-0.002872 -0.000708 0.602266 0.135951
-0.000708 -0.000277 0.135951 0.055985
14.960408 1.327041 16.694348 2.231063
0.577972 0.126788 -0.004409 -0.001003
0.126788 0.052495 -0.001002 -0.000309
-0.004409 -0.001002 0.577802 0.126821
-0.001003 -0.000309 0.126821 0.052562
15.772269 1.358881 17.072158 2.072515
0.559013 0.120072 -0.001853 -0.000381
0.120072 0.050146 -0.000381 -0.000143
-0.001853 -0.000381 0.559067 0.120155
-0.000381 -0.000143 0.120155 0.050213
16.166571 1.298582 18.627205 2.182313
0.542379 0.114736 -0.000009 0.000020
0.114736 0.048449 0.000020 -0.000045
-0.000009 0.000020 0.542050 0.114732
0.000020 -0.000045 0.114732 0.048486
16.450113 1.222001 19.996419 2.240568
0.529173 0.110799 0.001098 0.000228
0.110799 0.047291 0.000228 0.000004
0.001098 0.000228 0.528591 0.110742
0.000228 0.000004 0.110742 0.047309
16.848149 1.177745 20.383359 2.087914
0.517958 0.107762 0.002397 0.000462
0.107762 0.046479 0.000462 0.000054
0.002397 0.000462 0.517356 0.107704
0.000462 0.000054 0.107704 0.046492
17.537800 1.198580 21.807500 2.166787
0.509644 0.105685 0.001893 0.000307
0.105685 0.045970 0.000307 0.000021
0.001893 0.000307 0.509068 0.105633
0.000307 0.000021 0.105633 0.045980
18.699178 1.315084 22.541603 2.094267
0.501394 0.103853 0.003595 0.000634
0.103853 0.045571 0.000633 0.000092
0.003595 0.000633 0.501023 0.103843
0.000634 0.000092 0.103843 0.045584
18.967712 1.234558 23.284542 2.031311
0.497007 0.103008 0.004267 0.000722
0.103008 0.045414 0.000722 0.000109
0.004267 0.000722 0.496607 0.102984
0.000722 0.000109 0.102984 0.045421
19.484604 1.213837 24.040577 1.977445
0.494091 0.102540 0.003239 0.000459
0.102540 0.045345 0.000458 0.000053
0.003239 0.000458 0.493735 0.102521
0.000459 0.000053 0.102521 0.045349
20.255226 1.247774 25.224059 2.017872
0.490475 0.101953 0.002477 0.000284
0.101953 0.045251 0.000284 0.000023
0.002477 0.000284 0.490293 0.101964
0.000284 0.000023 0.101964 0.045258
21.379848 1.351735 26.940888 2.165133
0.485041 0.101020 0.002931 0.000385
0.101020 0.045083 0.000385 0.000053
0.002931 0.000385 0.485227 0.101099
0.000385 0.000053 0.101099 0.045102
21.772764 1.292628 28.075298 2.176095
0.482189 0.100683 0.001345 0.000052
0.100683 0.045045 0.000052 -0.000010
0.001345 0.000052 0.482564 0.100787
0.000052 -0.000010 0.100787 0.045066
22.418954 1.292600 29.169370 2.177356
0.480199 0.100519 0.000682 -0.000055
0.100519 0.045035 -0.000055 -0.000022
0.000682 -0.000055 0.480790 0.100653
-0.000055 -0.000022 0.100653 0.045059
23.260042 1.333587 29.897024 2.101552
0.476682 0.100010 -0.000193 -0.000198
0.100010 0.044942 -0.000199 -0.000042
-0.000193 -0.000199 0.477359 0.100146
-0.000198 -0.000042 0.100146 0.044964
24.045760 1.358668 30.640257 2.036860
0.476114 0.100129 -0.001586 -0.000442
0.100129 0.044978 -0.000443 -0.000083
-0.001586 -0.000443 0.476894 0.100273
-0.000442 -0.000083 0.100273 0.045001
24.832851 1.381379 31.571791 2.018548
0.475077 0.100096 -0.002452 -0.000559
0.100096 0.044970 -0.000559 -0.000097
-0.002452 -0.000559 0.476105 0.100280
-0.000559 -0.000097 0.100280 0.045000
25.657671 1.409678 32.489240 1.999188
0.475598 0.100359 -0.003001 -0.000606
0.100359 0.045017 -0.000607 -0.000098
-0.003001 -0.000607 0.476863 0.100578
-0.000606 -0.000098 0.100578 0.045054
26.077737 1.349519 33.437868 1.988376
0.476032 0.100546 -0.002170 -0.000368
0.100546 0.045038 -0.000368 -0.000042
-0.002170 -0.000368 0.477673 0.100830
-0.000368 -0.000042 0.100830 0.045088
26.616055 1.320626 34.202764 1.939924
0.473489 0.100062 -0.002174 -0.000339
0.100062 0.044913 -0.000339 -0.000037
-0.002174 -0.000339 0.475409 0.100387
-0.000339 -0.000037 0.100387 0.044970
26.742089 1.207555 34.934391 1.889406
0.472768 0.099990 -0.001899 -0.000259
0.099990 0.044884 -0.000259 -0.000024
-0.001899 -0.000259 0.475061 0.100374
-0.000259 -0.000024 0.100374 0.044952
27.279177 1.193464 35.952938 1.904994
0.474047 0.100328 -0.001710 -0.000210
0.100328 0.044941 -0.000210 -0.000018
-0.001710 -0.000210 0.476808 0.100789
-0.000210 -0.000018 0.100789 0.045025
27.687559 1.153467 36.505993 1.820506
0.474642 0.100471 -0.000213 0.000107
0.100471 0.044950 0.000107 0.000043
-0.000213 0.000107 0.477531 0.100934
0.000107 0.000043 0.100934 0.045033
28.049181 1.108028 37.777390 1.896763
0.472780 0.100069 0.000825 0.000294
0.100069 0.044844 0.000295 0.000072
0.000825 0.000295 0.476581 0.100705
0.000294 0.000072 0.100705 0.044963
28.758117 1.140779 38.417004 1.831548
0.473597 0.100266 -0.000415 -0.000015
0.100266 0.044874 -0.000015 -0.000004
-0.000415 -0.000015 0.477490 0.100887
-0.000015 -0.000004 0.100887 0.044987
29.798986 1.240384 39.342294 1.833618
0.472326 0.099994 -0.000485 -0.000043
0.099994 0.044801 -0.000043 -0.000013
-0.000485 -0.000043 0.476569 0.100663
-0.000043 -0.000013 0.100663 0.044924
30.153727 1.184210 40.570569 1.899373
0.473476 0.100255 -0.001814 -0.000332
0.100255 0.044849 -0.000333 -0.000075
-0.001814 -0.000333 0.478665 0.101097
-0.000332 -0.000075 0.101097 0.045008
31.130688 1.265651 41.258775 1.844232
0.473924 0.100336 -0.005424 -0.001074
0.100336 0.044854 -0.001077 -0.000228
-0.005424 -0.001077 0.479145 0.101147
-0.001074 -0.000228 0.101147 0.045004
31.483898 1.206511 42.320327 1.873559
0.473591 0.100243 -0.005946 -0.001097
0.100243 0.044822 -0.001099 -0.000217
-0.005946 -0.001099 0.479695 0.101212
-0.001097 -0.000217 0.101212 0.045006
31.569930 1.097132 43.431928 1.910169
0.473646 0.100242 -0.003867 -0.000579
0.100242 0.044815 -0.000579 -0.000096
-0.003867 -0.000579 0.480834 0.101401
-0.000579 -0.000096 0.101401 0.045037
32.082034 1.089683 44.884562 2.015013
0.472544 0.099994 -0.005758 -0.000959
0.099994 0.044756 -0.000960 -0.000179
-0.005758 -0.000960 0.481067 0.101386
-0.000959 -0.000179 0.101386 0.045024
32.877493 1.142528 45.589267 1.951389
0.471824 0.099851 -0.006954 -0.001162
0.099851 0.044725 -0.001163 -0.000218
-0.006954 -0.001163 0.480446 0.101201
-0.001162 -0.000218 0.101201 0.044980
33.897082 1.237337 46.442555 1.925957
0.473089 0.100139 -0.007708 -0.001258
0.100139 0.044788 -0.001260 -0.000234
-0.007708 -0.001260 0.481845 0.101468
-0.001258 -0.000234 0.101468 0.045036
34.493603 1.232810 47.584688 1.963649
0.469784 0.099429 -0.008739 -0.001418
0.099429 0.044633 -0.001420 -0.000264
-0.008739 -0.001420 0.479682 0.100965
-0.001418 -0.000264 0.100965 0.044927
35.374029 1.288124 47.984108 1.841316
0.469828 0.099499 -0.006612 -0.000905
0.099499 0.044657 -0.000904 -0.000152
-0.006612 -0.000904 0.479318 0.100898
-0.000905 -0.000152 0.100898 0.044922
