3.176484 2.232716 -1.367166 -1.438925
2.382431 0.952993 -0.076845 -0.030739
0.952993 80.385272 -0.030739 -0.012296
-0.076845 -0.030739 2.414354 0.965763
-0.030739 -0.012296 0.965763 80.390380
4.829161 3.191050 0.380162 2.889562
2.265969 3.978366 -0.111515 -0.180319
3.978366 15.120211 -0.180358 -0.513069
-0.111515 -0.180358 2.306468 4.043059
-0.180319 -0.513069 4.043059 15.315412
6.982237 3.831949 1.604219 2.638336
1.944543 2.238445 -0.071037 -0.072716
2.238445 4.418237 -0.072627 -0.137105
-0.071037 -0.072627 1.992007 2.290155
-0.072716 -0.137105 2.290155 4.499990
7.878787 2.976007 4.036245 3.571411
1.712498 1.440727 -0.066152 -0.052898
1.440727 1.892485 -0.052903 -0.067637
-0.066152 -0.052903 1.738248 1.459805
-0.052898 -0.067637 1.459805 1.916979
7.465482 1.723097 4.716103 2.842417
1.469122 0.967408 -0.064659 -0.041433
0.967408 0.961876 -0.041442 -0.038918
-0.064659 -0.041442 1.487373 0.978525
-0.041433 -0.038918 0.978525 0.973936
7.436817 1.240560 5.336382 2.408271
1.290468 0.698687 -0.045694 -0.023864
0.698687 0.560325 -0.023869 -0.019379
-0.045694 -0.023869 1.303880 0.705763
-0.023864 -0.019379 0.705763 0.567040
8.191029 1.302522 7.556775 2.876134
1.147796 0.528230 -0.050491 -0.022867
0.528230 0.357366 -0.022870 -0.014607
-0.050491 -0.022870 1.153359 0.530915
-0.022867 -0.014607 0.530915 0.360465
8.657170 1.227856 7.946654 2.455300
1.044285 0.418814 -0.031348 -0.012144
0.418814 0.246325 -0.012151 -0.007494
-0.031348 -0.012151 1.050228 0.421562
-0.012144 -0.007494 0.421562 0.248728
10.213772 1.563737 9.782685 2.672435
0.950468 0.338549 -0.026852 -0.009396
0.338549 0.178421 -0.009401 -0.005216
-0.026852 -0.009401 0.955231 0.340644
-0.009396 -0.005216 0.340644 0.180077
10.221147 1.314636 10.462797 2.461101
0.859595 0.276434 -0.029978 -0.009596
0.276434 0.134355 -0.009597 -0.004449
-0.029978 -0.009597 0.862170 0.277638
-0.009596 -0.004449 0.277638 0.135391
10.809808 1.294319 11.141940 2.298313
0.798025 0.235214 -0.027097 -0.007869
0.235214 0.107037 -0.007870 -0.003301
-0.027097 -0.007870 0.800326 0.236254
-0.007869 -0.003301 0.236254 0.107822
11.000945 1.169594 12.225989 2.280358
0.740875 0.202601 -0.021144 -0.005593
0.202601 0.088142 -0.005596 -0.002249
-0.021144 -0.005596 0.741252 0.203029
-0.005593 -0.002249 0.203029 0.088613
11.619737 1.178286 13.251421 2.250865
0.699685 0.179588 -0.013559 -0.003268
0.179588 0.075603 -0.003273 -0.001384
-0.013559 -0.003273 0.699558 0.179864
-0.003268 -0.001384 0.179864 0.075945
11.965721 1.119155 14.520855 2.285904
0.664388 0.161656 -0.008271 -0.001848
0.161656 0.066738 -0.001854 -0.000884
-0.008271 -0.001854 0.663027 0.161613
-0.001848 -0.000884 0.161613 0.066936
13.149750 1.264502 15.517680 2.251913
0.624764 0.145439 -0.005372 -0.001162
0.145439 0.059904 -0.001168 -0.000628
-0.005372 -0.001168 0.624001 0.145536
-0.001162 -0.000628 0.145536 0.060089
13.941174 1.300275 16.065378 2.121656
0.594174 0.133600 -0.005790 -0.001281
0.133600 0.055226 -0.001284 -0.000585
-0.005790 -0.001284 0.593722 0.133747
-0.001281 -0.000585 0.133747 0.055384
14.469259 1.273550 16.799441 2.049982
0.572199 0.125285 -0.006747 -0.001472
0.125285 0.052086 -0.001475 -0.000563
-0.006747 -0.001475 0.571580 0.125368
-0.001472 -0.000563 0.125368 0.052198
14.635338 1.172508 17.444038 1.968180
0.554891 0.119091 -0.005179 -0.001079
0.119091 0.049899 -0.001082 -0.000420
-0.005179 -0.001082 0.553823 0.119055
-0.001079 -0.000420 0.119055 0.049962
15.152753 1.157976 18.789326 2.044696
0.536632 0.113511 -0.004840 -0.000979
0.113511 0.048177 -0.000981 -0.000357
-0.004840 -0.000981 0.535117 0.113366
-0.000979 -0.000357 0.113366 0.048199
16.147672 1.245085 19.390811 1.956419
0.520462 0.109064 -0.001597 -0.000271
0.109064 0.046936 -0.000273 -0.000175
-0.001597 -0.000273 0.519382 0.109005
-0.000271 -0.000175 0.109005 0.046964
16.932906 1.279003 20.354282 1.953352
0.513678 0.107095 -0.000596 -0.000091
0.107095 0.046372 -0.000094 -0.000121
-0.000596 -0.000094 0.512726 0.107050
-0.000091 -0.000121 0.107050 0.046392
17.722074 1.310114 21.205817 1.927306
0.504177 0.104799 -0.001654 -0.000346
0.104799 0.045815 -0.000348 -0.000161
-0.001654 -0.000348 0.503352 0.104764
-0.000346 -0.000161 0.104764 0.045828
18.039111 1.239900 22.756172 2.049313
0.496820 0.103195 0.000897 0.000185
0.103195 0.045464 0.000183 -0.000034
0.000897 0.000183 0.495843 0.103112
0.000185 -0.000034 0.103112 0.045460
18.846228 1.278841 23.420851 1.974386
0.491732 0.102219 -0.002371 -0.000538
0.102219 0.045276 -0.000539 -0.000178
-0.002371 -0.000539 0.490915 0.102157
-0.000538 -0.000178 0.102157 0.045271
20.191312 1.425769 24.097091 1.909570
0.487075 0.101411 -0.001925 -0.000410
0.101411 0.045134 -0.000411 -0.000133
-0.001925 -0.000411 0.486632 0.101415
-0.000410 -0.000133 0.101415 0.045139
20.340602 1.308183 25.308081 1.963051
0.484591 0.101109 -0.004146 -0.000851
0.101109 0.045102 -0.000851 -0.000211
-0.004146 -0.000851 0.484321 0.101132
-0.000851 -0.000211 0.101132 0.045106
20.683575 1.243163 26.487354 2.004372
0.480847 0.100542 -0.004575 -0.000877
0.100542 0.045007 -0.000877 -0.000199
-0.004575 -0.000877 0.480873 0.100608
-0.000877 -0.000199 0.100608 0.045016
21.231882 1.227871 27.709361 2.050441
0.479719 0.100541 -0.004810 -0.000865
0.100541 0.045028 -0.000865 -0.000183
-0.004810 -0.000865 0.480184 0.100680
-0.000865 -0.000183 0.100680 0.045050
21.708803 1.198893 28.239246 1.946344
0.481597 0.101135 -0.003571 -0.000551
0.101135 0.045162 -0.000551 -0.000107
-0.003571 -0.000551 0.482019 0.101241
-0.000551 -0.000107 0.101241 0.045174
21.815223 1.095140 28.980524 1.897371
0.479614 0.100828 -0.002197 -0.000246
0.100828 0.045088 -0.000245 -0.000042
-0.002197 -0.000245 0.480300 0.100972
-0.000246 -0.000042 0.100972 0.045106
22.374385 1.097628 30.042572 1.921230
0.477182 0.100429 -0.001511 -0.000117
0.100429 0.044996 -0.000117 -0.000021
-0.001511 -0.000117 0.478511 0.100691
-0.000117 -0.000021 0.100691 0.045039
23.332583 1.183944 31.131350 1.948377
0.475206 0.100140 0.000872 0.000358
0.100140 0.044931 0.000359 0.000073
0.000872 0.000359 0.477246 0.100526
0.000358 0.000073 0.100526 0.044997
24.243129 1.251184 32.201127 1.968601
0.476255 0.100489 -0.001358 -0.000180
0.100489 0.045001 -0.000179 -0.000054
-0.001358 -0.000179 0.478943 0.100978
-0.000180 -0.000054 0.100978 0.045085
25.838432 1.455913 33.082647 1.947123
0.478151 0.100959 0.001295 0.000371
0.100959 0.045085 0.000372 0.000063
0.001295 0.000372 0.481038 0.101452
0.000371 0.000063 0.101452 0.045167
25.935851 1.322772 34.089447 1.954080
0.478161 0.100967 -0.003059 -0.000606
0.100967 0.045063 -0.000607 -0.000152
-0.003059 -0.000607 0.482098 0.101649
-0.000606 -0.000152 0.101649 0.045184
25.900703 1.175728 35.240196 1.990573
0.475612 0.100425 -0.003453 -0.000648
0.100425 0.044927 -0.000649 -0.000149
-0.003453 -0.000649 0.480976 0.101364
-0.000648 -0.000149 0.101364 0.045099
26.114711 1.096664 35.871738 1.913836
0.478482 0.101071 -0.003804 -0.000680
0.101071 0.045054 -0.000680 -0.000145
-0.003804 -0.000680 0.484085 0.101997
-0.000680 -0.000145 0.101997 0.045218
26.793860 1.124278 36.795576 1.906915
0.476735 0.100671 -0.001774 -0.000213
0.100671 0.044949 -0.000212 -0.000040
-0.001774 -0.000212 0.483147 0.101718
-0.000213 -0.000040 0.101718 0.045136
27.104433 1.071266 38.105241 1.981793
0.473120 0.099912 -0.000504 0.000044
0.099912 0.044779 0.000047 0.000011
-0.000504 0.000047 0.481404 0.101303
0.000044 0.000011 0.101303 0.045037
28.328483 1.216780 39.222472 2.008548
0.472661 0.099886 -0.002594 -0.000428
0.099886 0.044778 -0.000427 -0.000096
-0.002594 -0.000427 0.481768 0.101374
-0.000428 -0.000096 0.101374 0.045050
29.025665 1.235551 40.209908 2.005031
0.474688 0.100376 -0.002331 -0.000356
0.100376 0.044883 -0.000356 -0.000077
-0.002331 -0.000356 0.484569 0.101952
-0.000356 -0.000077 0.101952 0.045170
29.756922 1.259486 41.001305 1.960673
0.471890 0.099788 -0.004031 -0.000707
0.099788 0.044748 -0.000709 -0.000150
-0.004031 -0.000709 0.482469 0.101446
-0.000707 -0.000150 0.101446 0.045051
30.548933 1.293850 42.061427 1.977510
0.471031 0.099662 -0.003644 -0.000587
0.099662 0.044723 -0.000587 -0.000118
-0.003644 -0.000587 0.482804 0.101508
-0.000587 -0.000118 0.101508 0.045066
31.710367 1.402642 42.740197 1.912564
0.473102 0.100156 -0.007131 -0.001296
0.100156 0.044829 -0.001302 -0.000266
-0.007131 -0.001302 0.484624 0.101877
-0.001296 -0.000266 0.101877 0.045143
33.021630 1.531917 43.931613 1.962345
0.469639 0.099424 -0.006282 -0.001034
0.099424 0.044664 -0.001036 -0.000197
-0.006282 -0.001036 0.482495 0.101385
-0.001034 -0.000197 0.101385 0.045034
33.009271 1.367486 45.551890 2.096098
0.467383 0.099012 -0.005094 -0.000736
0.099012 0.044581 -0.000733 -0.000130
-0.005094 -0.000733 0.484178 0.101748
-0.000736 -0.000130 0.101748 0.045116
33.577351 1.342757 46.328924 2.039072
0.466762 0.098973 -0.007123 -0.001149
0.098973 0.044581 -0.001150 -0.000221
-0.007123 -0.001150 0.484235 0.101732
-0.001149 -0.000221 0.101732 0.045111
34.338298 1.361338 46.843978 1.933176
0.469267 0.099587 -0.007294 -0.001134
0.099587 0.044715 -0.001136 -0.000214
-0.007294 -0.001136 0.486193 0.102123
-0.001134 -0.000214 0.102123 0.045192
34.908276 1.337704 47.660630 1.901594
0.468820 0.099502 -0.006457 -0.000920
0.099502 0.044687 -0.000918 -0.000168
-0.006457 -0.000918 0.486790 0.102196
-0.000920 -0.000168 0.102196 0.045201
35.743829 1.372776 48.280142 1.832234
0.470673 0.099905 -0.009089 -0.001459
0.099905 0.044763 -0.001464 -0.000287
-0.009089 -0.001464 0.488567 0.102514
-0.001459 -0.000287 0.102514 0.045263
