0.532284 1.175013 4.302033 0.828803
41.624278 16.650072 -56.651934 -22.661265
16.650072 86.664240 -22.661265 -9.064702
-56.651934 -22.661265 81.227141 32.491560
-22.661265 -9.064702 32.491560 93.000972
0.901692 0.281589 3.786661 -0.196243
72.856652 46.798422 -86.776131 -36.637263
46.798422 51.409413 -53.793023 -42.788311
-86.776131 -53.793023 106.428374 46.568690
-36.637263 -42.788311 46.568690 56.095013
1.113022 1.100168 7.223989 3.048605
118.451247 63.488851 -133.682845 -57.436568
63.488851 45.240582 -71.224019 -44.051037
-133.682845 -71.224019 152.858628 66.623324
-57.436568 -44.051037 66.623324 49.169414
3.996196 2.147647 5.816997 1.712011
38.478627 17.335516 -51.444847 -24.912301
17.335516 14.684549 -23.223199 -19.808163
-51.444847 -23.223199 71.165958 35.514278
-24.912301 -19.808163 35.514278 29.804639
-1.436661 -0.515380 16.228840 5.994213
37.085992 15.714977 -43.350828 -17.425530
15.714977 11.101452 -18.291374 -12.858969
-43.350828 -18.291374 52.295671 21.387873
-17.425530 -12.858969 21.387873 16.172371
0.731945 0.412052 16.458501 4.979755
1.547298 0.602734 -2.267808 -0.947786
0.602734 3.203168 -0.948344 -4.097752
-2.267808 -0.948344 6.216535 3.119433
-0.947786 -4.097752 3.119433 6.463392
0.224683 -0.131565 19.674610 5.578254
1.397084 1.024940 -2.549314 -1.646860
1.024940 2.311276 -1.713158 -3.072582
-2.549314 -1.713158 9.097663 4.877544
-1.646860 -3.072582 4.877544 5.293469
2.406481 1.487815 18.446464 3.106470
0.710701 0.517889 -1.164622 -0.747911
0.517889 1.106931 -0.465286 -1.303203
-1.164622 -0.465286 8.857929 3.440940
-0.747911 -1.303203 3.440940 2.705771
3.257134 1.559332 19.730373 2.973103
0.878215 0.601882 -1.855591 -0.995283
0.601882 0.758723 -0.938623 -1.000783
-1.855591 -0.938623 12.807093 4.618114
-0.995283 -1.000783 4.618114 2.444312
4.448696 1.798791 20.363742 2.580444
0.822927 0.470477 -1.971348 -0.851057
0.470477 0.454198 -0.776962 -0.612113
-1.971348 -0.776962 16.486167 4.973919
-0.851057 -0.612113 4.973919 1.951478
5.123794 1.667571 21.287650 2.578283
0.764535 0.371954 -1.918952 -0.700728
0.371954 0.292889 -0.568849 -0.380986
-1.918952 -0.568849 20.155203 5.187695
-0.700728 -0.380986 5.187695 1.623643
5.736888 1.570738 22.951012 2.718714
0.632862 0.273089 -1.315310 -0.451866
0.273089 0.192488 -0.194522 -0.194308
-1.315310 -0.194522 22.413924 4.934137
-0.451866 -0.194308 4.934137 1.283783
7.808616 2.020464 18.659336 1.348561
0.440274 0.189529 0.485048 -0.017514
0.189529 0.133641 0.466445 -0.008413
0.485048 0.466445 18.040169 3.247422
-0.017514 -0.008413 3.247422 0.723601
9.012041 2.101699 20.228813 1.463142
0.458921 0.167680 -0.665377 -0.217546
0.167680 0.099118 -0.143503 -0.094910
-0.665377 -0.143503 11.961176 2.244323
-0.217546 -0.094910 2.244323 0.531988
10.004620 2.079964 20.749506 1.439571
0.503743 0.165687 -1.087912 -0.272897
0.165687 0.085271 -0.270895 -0.098068
-1.087912 -0.270895 13.743334 2.455099
-0.272897 -0.098068 2.455099 0.529226
11.115649 2.097705 20.810628 1.327409
0.511602 0.152848 -1.334209 -0.285691
0.152848 0.072333 -0.306635 -0.087008
-1.334209 -0.306635 15.972439 2.658060
-0.285691 -0.087008 2.658060 0.518829
11.920857 2.024571 21.359031 1.343548
0.551899 0.151374 -1.654199 -0.311898
0.151374 0.065762 -0.354726 -0.082446
-1.654199 -0.354726 18.228191 2.842464
-0.311898 -0.082446 2.842464 0.510544
13.478914 2.181949 22.667026 1.368440
0.477148 0.120293 -1.667360 -0.279624
0.120293 0.053205 -0.311582 -0.063681
-1.667360 -0.311582 19.809761 2.872428
-0.279624 -0.063681 2.872428 0.476575
15.226706 2.334512 20.424310 0.931035
0.302843 0.078639 -0.351453 -0.073617
0.078639 0.042494 0.018398 -0.010711
-0.351453 0.018398 13.601424 1.778234
-0.073617 -0.010711 1.778234 0.288049
16.387858 2.325170 19.843936 0.803463
0.359176 0.089978 -0.696605 -0.114792
0.089978 0.043684 -0.102636 -0.023960
-0.696605 -0.102636 11.080834 1.414083
-0.114792 -0.023960 1.414083 0.233608
17.606402 2.329205 18.870912 0.637916
0.451386 0.109996 -0.905526 -0.137237
0.109996 0.047421 -0.176000 -0.030973
-0.905526 -0.176000 7.689866 0.966308
-0.137237 -0.030973 0.966308 0.172750
18.798207 2.335154 19.088965 0.624918
0.554240 0.132718 -0.774433 -0.117816
0.132718 0.052104 -0.164035 -0.027707
-0.774433 -0.164035 3.466012 0.438093
-0.117816 -0.027707 0.438093 0.105279
19.734418 2.293339 20.620080 0.775614
0.652821 0.152225 -0.605088 -0.092869
0.152225 0.055790 -0.128930 -0.021703
-0.605088 -0.128930 1.567483 0.204146
-0.092869 -0.021703 0.204146 0.075217
20.811101 2.275138 20.912078 0.763811
0.807746 0.178803 -0.710321 -0.102136
0.178803 0.060186 -0.139643 -0.021657
-0.710321 -0.139643 1.646568 0.223945
-0.102136 -0.021657 0.223945 0.077698
21.938000 2.284155 21.839698 0.841459
0.954253 0.201586 -0.727274 -0.097687
0.201586 0.063557 -0.135379 -0.019560
-0.727274 -0.135379 1.425051 0.198456
-0.097687 -0.019560 0.198456 0.073452
23.243471 2.316134 22.111922 0.821818
1.118036 0.224241 -0.790505 -0.099571
0.224241 0.066564 -0.134202 -0.018077
-0.790505 -0.134202 1.571431 0.226664
-0.099571 -0.018077 0.226664 0.077103
25.105917 2.450330 22.054502 0.766213
1.249345 0.237846 -0.837672 -0.099749
0.237846 0.067578 -0.129261 -0.016415
-0.837672 -0.129261 1.761935 0.259562
-0.099749 -0.016415 0.259562 0.081241
26.542968 2.491932 22.429296 0.771519
0.885628 0.161912 -0.511993 -0.055284
0.161912 0.052673 -0.058033 -0.007007
-0.511993 -0.058033 1.714010 0.262116
-0.055284 -0.007007 0.262116 0.081514
28.028131 2.532131 22.580972 0.741257
0.702224 0.124050 -0.434262 -0.048059
0.124050 0.045730 -0.037071 -0.005109
-0.434262 -0.037071 1.930175 0.297618
-0.048059 -0.005109 0.297618 0.085801
28.016615 2.297992 23.315549 0.760664
0.381777 0.065418 -0.309088 -0.037506
0.065418 0.035705 -0.009871 -0.002874
-0.309088 -0.009871 2.147748 0.330692
-0.037506 -0.002874 0.330692 0.089439
28.981618 2.263572 23.814316 0.773896
0.358436 0.064525 -0.343900 -0.043233
0.064525 0.036618 -0.013950 -0.003828
-0.343900 -0.013950 2.476776 0.372607
-0.043233 -0.003828 0.372607 0.093697
29.468677 2.118408 23.866366 0.707771
0.326556 0.060042 -0.436620 -0.057232
0.060042 0.036136 -0.031451 -0.006758
-0.436620 -0.031451 2.779113 0.405053
-0.057232 -0.006758 0.405053 0.096054
30.528957 2.119450 24.253927 0.712686
0.347618 0.067632 -0.509320 -0.065641
0.067632 0.038275 -0.042159 -0.008102
-0.509320 -0.042159 3.157031 0.446206
-0.065641 -0.008102 0.446206 0.099754
31.542362 2.109587 24.660660 0.718705
0.373832 0.074768 -0.603049 -0.076195
0.074768 0.039834 -0.056970 -0.009922
-0.603049 -0.056970 3.559550 0.486750
-0.076195 -0.009922 0.486750 0.103116
32.802922 2.156218 24.861090 0.701720
0.421664 0.085375 -0.726046 -0.089350
0.085375 0.041820 -0.078188 -0.012376
-0.726046 -0.078188 3.955562 0.522405
-0.089350 -0.012376 0.522405 0.105593
34.330638 2.276700 25.543982 0.755856
0.476207 0.096381 -0.842883 -0.100450
0.096381 0.043818 -0.093101 -0.013783
-0.842883 -0.093101 4.456119 0.569338
-0.100450 -0.013783 0.569338 0.109541
35.392100 2.255544 25.840616 0.743681
0.518591 0.101578 -1.011298 -0.117575
0.101578 0.043854 -0.119828 -0.016736
-1.011298 -0.119828 4.940538 0.609360
-0.117575 -0.016736 0.609360 0.112258
36.226718 2.180783 26.116237 0.724679
0.558554 0.105167 -1.194066 -0.135143
0.105167 0.043566 -0.145419 -0.019348
-1.194066 -0.145419 5.486604 0.653886
-0.135143 -0.019348 0.653886 0.115438
37.187891 2.147866 26.438445 0.716485
0.612808 0.111521 -1.387850 -0.152317
0.111521 0.044050 -0.169740 -0.021552
-1.387850 -0.169740 6.075023 0.700123
-0.152317 -0.021552 0.700123 0.118702
38.429621 2.200226 27.172672 0.765610
0.682553 0.120644 -1.590684 -0.168885
0.120644 0.045251 -0.191373 -0.023231
-1.590684 -0.191373 6.740767 0.752087
-0.168885 -0.023231 0.752087 0.122520
39.716517 2.250125 27.694648 0.787261
0.772093 0.132250 -1.835479 -0.188573
0.132250 0.046671 -0.221960 -0.025787
-1.835479 -0.221960 7.374238 0.795570
-0.188573 -0.025787 0.795570 0.125083
41.080826 2.315482 28.320750 0.821181
0.873044 0.144475 -2.105336 -0.209421
0.144475 0.048090 -0.253297 -0.028265
-2.105336 -0.253297 8.064609 0.842049
-0.209421 -0.028265 0.842049 0.127874
42.057564 2.271600 28.717242 0.813385
0.976390 0.154734 -2.410087 -0.232731
0.154734 0.048788 -0.288510 -0.031114
-2.410087 -0.288510 8.782239 0.887619
-0.232731 -0.031114 0.887619 0.130390
43.453258 2.348570 29.558152 0.870246
1.100686 0.168407 -2.727825 -0.255253
0.168407 0.050385 -0.319951 -0.033286
-2.727825 -0.319951 9.583555 0.939263
-0.255253 -0.033286 0.939263 0.133522
44.219546 2.237587 29.590953 0.810955
1.233810 0.180897 -3.094070 -0.281340
0.180897 0.051207 -0.361023 -0.036453
-3.094070 -0.361023 10.339594 0.981274
-0.281340 -0.036453 0.981274 0.135367
45.453377 2.262055 29.924797 0.808383
1.375197 0.193882 -3.461632 -0.305788
0.193882 0.052454 -0.391826 -0.038383
-3.461632 -0.391826 11.255491 1.038072
-0.305788 -0.038383 1.038072 0.138816
46.377313 2.210603 30.261998 0.791759
1.508053 0.203009 -3.839777 -0.330508
0.203009 0.052830 -0.418592 -0.040027
-3.839777 -0.418592 12.255010 1.100124
-0.330508 -0.040027 1.100124 0.142660
47.839579 2.294047 30.643470 0.807948
1.660879 0.215132 -4.236845 -0.354971
0.215132 0.053941 -0.444151 -0.041369
-4.236845 -0.444151 13.328572 1.165620
-0.354971 -0.041369 1.165620 0.146709
48.447005 2.180028 31.337830 0.809579
1.784551 0.219442 -4.628371 -0.379243
0.219442 0.053397 -0.463395 -0.042461
-4.628371 -0.463395 14.464557 1.234376
-0.379243 -0.042461 1.234376 0.150927
49.288339 2.125729 31.832167 0.805155
1.959069 0.232406 -5.087839 -0.406418
0.232406 0.054355 -0.496502 -0.044467
-5.087839 -0.496502 15.615439 1.297353
-0.406418 -0.044467 1.297353 0.154223
