4.709750 2.846035 -0.982628 -1.285107
2.401376 0.960571 -0.114939 -0.045977
0.960571 80.388304 -0.045977 -0.018391
-0.114939 -0.045977 2.449559 0.979845
-0.045977 -0.018391 0.979845 80.396013
4.601953 0.196840 2.025162 5.088515
2.286064 4.009957 -0.075096 -0.108583
4.009957 15.223187 -0.108741 -0.483481
-0.075096 -0.108741 2.301785 4.027892
-0.108583 -0.483481 4.027892 15.377472
6.355935 2.101593 3.130594 3.431509
1.962339 2.257706 -0.039693 -0.045614
2.257706 4.453478 -0.045668 -0.132907
-0.039693 -0.045668 1.992917 2.295234
-0.045614 -0.132907 2.295234 4.530459
6.152617 1.048763 4.059596 2.772421
1.700322 1.429954 -0.038324 -0.036170
1.429954 1.888614 -0.036167 -0.061946
-0.038324 -0.036167 1.719381 1.446794
-0.036170 -0.061946 1.446794 1.914358
6.938428 1.223337 4.412089 2.089828
1.439196 0.948942 -0.044285 -0.032325
0.948942 0.953018 -0.032324 -0.035896
-0.044285 -0.032324 1.458442 0.962351
-0.032325 -0.035896 0.962351 0.967300
7.321517 1.098380 6.032327 2.402794
1.280205 0.695309 -0.035026 -0.020869
0.695309 0.560768 -0.020860 -0.018865
-0.035026 -0.020860 1.290180 0.701151
-0.020869 -0.018865 0.701151 0.566818
8.036100 1.175582 6.449474 2.040258
1.161822 0.536368 -0.027652 -0.014038
0.536368 0.362366 -0.014037 -0.010875
-0.027652 -0.014037 1.172386 0.541721
-0.014038 -0.010875 0.541721 0.366612
8.016762 0.931725 7.425070 2.022902
1.035015 0.415806 -0.018569 -0.008403
0.415806 0.245636 -0.008401 -0.006149
-0.018569 -0.008401 1.040598 0.418426
-0.008403 -0.006149 0.418426 0.247820
8.077693 0.788210 7.266360 1.605175
0.932109 0.332680 -0.022896 -0.008977
0.332680 0.176688 -0.008974 -0.005078
-0.022896 -0.008974 0.937982 0.335140
-0.008977 -0.005078 0.335140 0.178345
9.674333 1.175738 8.499704 1.743490
0.861766 0.277920 -0.021888 -0.007604
0.277920 0.135134 -0.007602 -0.003725
-0.021888 -0.007602 0.868275 0.280326
-0.007604 -0.003725 0.280326 0.136454
10.459145 1.233793 9.656613 1.827719
0.797232 0.235482 -0.019211 -0.006000
0.235482 0.107272 -0.005999 -0.002656
-0.019211 -0.005999 0.801974 0.237110
-0.006000 -0.002656 0.237110 0.108135
10.987989 1.209668 10.585638 1.831897
0.742170 0.203312 -0.011382 -0.003285
0.203312 0.088423 -0.003285 -0.001528
-0.011382 -0.003285 0.745516 0.204408
-0.003285 -0.001528 0.204408 0.089001
11.744330 1.248492 12.104107 1.986840
0.695800 0.178819 -0.014222 -0.003786
0.178819 0.075445 -0.003785 -0.001448
-0.014222 -0.003785 0.697344 0.179363
-0.003786 -0.001448 0.179363 0.075792
13.227652 1.457789 13.364608 2.051939
0.661975 0.161285 -0.014079 -0.003456
0.161285 0.066678 -0.003455 -0.001189
-0.014079 -0.003455 0.663911 0.161896
-0.003456 -0.001189 0.161896 0.066987
14.362112 1.552315 14.333047 2.038572
0.633544 0.147671 -0.014291 -0.003251
0.147671 0.060442 -0.003250 -0.001009
-0.014291 -0.003250 0.635531 0.148250
-0.003251 -0.001009 0.148250 0.060699
13.804334 1.252513 15.785500 2.135617
0.609386 0.137017 -0.010505 -0.002174
0.137017 0.055971 -0.002175 -0.000666
-0.010505 -0.002175 0.608859 0.136987
-0.002174 -0.000666 0.136987 0.056056
14.017942 1.162471 17.190883 2.209280
0.587939 0.128474 -0.014424 -0.002921
0.128474 0.052715 -0.002921 -0.000772
-0.014424 -0.002921 0.586295 0.128215
-0.002921 -0.000772 0.128215 0.052734
15.216014 1.294031 17.746374 2.092119
0.564744 0.120748 -0.011746 -0.002168
0.120748 0.050161 -0.002169 -0.000550
-0.011746 -0.002169 0.563896 0.120688
-0.002168 -0.000550 0.120688 0.050213
16.284859 1.382907 18.847930 2.104132
0.544356 0.114634 -0.005273 -0.000707
0.114634 0.048329 -0.000708 -0.000208
-0.005273 -0.000708 0.543693 0.114615
-0.000707 -0.000208 0.114615 0.048377
17.025760 1.393032 19.617046 2.045089
0.530341 0.110611 -0.003005 -0.000273
0.110611 0.047190 -0.000275 -0.000115
-0.003005 -0.000275 0.529723 0.110596
-0.000273 -0.000115 0.110596 0.047227
17.965726 1.443652 20.882100 2.095565
0.518681 0.107569 0.001964 0.000690
0.107569 0.046407 0.000688 0.000081
0.001964 0.000688 0.518118 0.107558
0.000690 0.000081 0.107558 0.046436
18.824571 1.472044 22.116164 2.134169
0.508609 0.105203 0.001364 0.000424
0.105203 0.045859 0.000422 0.000010
0.001364 0.000422 0.508112 0.105196
0.000424 0.000010 0.105196 0.045881
19.463380 1.451926 23.009923 2.098290
0.500101 0.103412 -0.001728 -0.000311
0.103412 0.045489 -0.000312 -0.000145
-0.001728 -0.000312 0.499622 0.103398
-0.000311 -0.000145 0.103398 0.045503
20.414687 1.498593 24.137752 2.114611
0.493741 0.102236 -0.000476 -0.000061
0.102236 0.045277 -0.000062 -0.000080
-0.000476 -0.000062 0.493473 0.102256
-0.000061 -0.000080 0.102256 0.045292
20.582615 1.377932 25.000250 2.074142
0.485517 0.100764 0.000337 0.000082
0.100764 0.045014 0.000081 -0.000043
0.000337 0.000081 0.485270 0.100776
0.000082 -0.000043 0.100776 0.045023
20.963966 1.313889 25.635855 1.990508
0.483070 0.100597 -0.000301 -0.000083
0.100597 0.045032 -0.000083 -0.000072
-0.000301 -0.000083 0.482823 0.100598
-0.000083 -0.000072 0.100598 0.045035
21.044581 1.193507 26.468942 1.956651
0.481695 0.100623 0.000326 0.000040
0.100623 0.045073 0.000040 -0.000037
0.000326 0.000040 0.481579 0.100642
0.000040 -0.000037 0.100642 0.045077
22.058879 1.281011 26.865882 1.834806
0.483573 0.101281 -0.001251 -0.000305
0.101281 0.045229 -0.000305 -0.000103
-0.001251 -0.000305 0.483448 0.101288
-0.000305 -0.000103 0.101288 0.045228
23.066502 1.358028 27.649056 1.806626
0.484761 0.101689 -0.000023 -0.000025
0.101689 0.045308 -0.000025 -0.000033
-0.000023 -0.000025 0.484890 0.101742
-0.000025 -0.000033 0.101742 0.045316
23.464162 1.298940 28.880157 1.875471
0.482961 0.101400 -0.000677 -0.000166
0.101400 0.045229 -0.000166 -0.000058
-0.000677 -0.000166 0.483794 0.101589
-0.000166 -0.000058 0.101589 0.045264
24.242274 1.325973 29.804841 1.872725
0.479329 0.100729 -0.001447 -0.000316
0.100729 0.045073 -0.000316 -0.000083
-0.001447 -0.000316 0.480604 0.100989
-0.000316 -0.000083 0.100989 0.045119
24.941837 1.333675 30.892233 1.904495
0.476786 0.100326 -0.002061 -0.000419
0.100326 0.044983 -0.000419 -0.000096
-0.002061 -0.000419 0.478703 0.100695
-0.000419 -0.000096 0.100695 0.045049
25.652578 1.342947 32.049707 1.947717
0.474017 0.099885 -0.003700 -0.000731
0.099885 0.044887 -0.000731 -0.000154
-0.003700 -0.000731 0.476703 0.100385
-0.000731 -0.000154 0.100385 0.044977
26.512447 1.382766 33.274411 2.000645
0.474417 0.100126 -0.003907 -0.000715
0.100126 0.044937 -0.000715 -0.000140
-0.003907 -0.000715 0.477870 0.100747
-0.000715 -0.000140 0.100747 0.045049
27.303916 1.403849 34.089602 1.961625
0.471610 0.099637 -0.002381 -0.000343
0.099637 0.044823 -0.000343 -0.000055
-0.002381 -0.000343 0.475416 0.100288
-0.000343 -0.000055 0.100288 0.044937
28.426703 1.492925 35.203150 1.989799
0.471110 0.099656 -0.005344 -0.000961
0.099656 0.044822 -0.000961 -0.000188
-0.005344 -0.000961 0.475496 0.100389
-0.000961 -0.000188 0.100389 0.044951
29.095356 1.476475 36.252329 2.001227
0.473447 0.100248 -0.007366 -0.001323
0.100248 0.044937 -0.001324 -0.000256
-0.007366 -0.001324 0.478573 0.101095
-0.001323 -0.000256 0.101095 0.045087
29.250477 1.353144 37.500776 2.053174
0.474001 0.100385 -0.008406 -0.001453
0.100385 0.044942 -0.001453 -0.000273
-0.008406 -0.001453 0.480757 0.101530
-0.001453 -0.000273 0.101530 0.045154
29.741263 1.313778 38.505666 2.048434
0.473684 0.100312 -0.008726 -0.001433
0.100312 0.044903 -0.001433 -0.000260
-0.008726 -0.001433 0.481360 0.101587
-0.001433 -0.000260 0.101587 0.045137
30.364870 1.306905 39.703269 2.084969
0.472744 0.100110 -0.005941 -0.000774
0.100110 0.044842 -0.000770 -0.000117
-0.005941 -0.000770 0.481689 0.101586
-0.000774 -0.000117 0.101586 0.045114
30.940236 1.290020 40.400638 2.012151
0.473131 0.100199 -0.005237 -0.000627
0.100199 0.044848 -0.000623 -0.000097
-0.005237 -0.000623 0.482295 0.101646
-0.000627 -0.000097 0.101646 0.045110
31.173962 1.202852 41.334947 1.996639
0.471651 0.099880 -0.003476 -0.000277
0.099880 0.044767 -0.000271 -0.000036
-0.003476 -0.000271 0.482139 0.101548
-0.000277 -0.000036 0.101548 0.045075
31.420967 1.127609 42.131220 1.953802
0.471272 0.099817 -0.004672 -0.000583
0.099817 0.044748 -0.000578 -0.000117
-0.004672 -0.000578 0.482720 0.101619
-0.000583 -0.000117 0.101619 0.045082
31.741865 1.075761 42.629341 1.852862
0.466142 0.098749 -0.005703 -0.000824
0.098749 0.044516 -0.000822 -0.000176
-0.005703 -0.000822 0.478176 0.100612
-0.000824 -0.000176 0.100612 0.044864
32.107347 1.039589 44.036294 1.953884
0.464071 0.098426 -0.004373 -0.000541
0.098426 0.044462 -0.000535 -0.000117
-0.004373 -0.000535 0.478721 0.100780
-0.000541 -0.000117 0.100780 0.044914
33.062433 1.132109 45.109240 1.974436
0.459161 0.097511 -0.006477 -0.001011
0.097511 0.044280 -0.001009 -0.000223
-0.006477 -0.001009 0.475200 0.100069
-0.001011 -0.000223 0.100069 0.044771
34.347312 1.285394 46.478546 2.055569
0.460436 0.097976 -0.008652 -0.001445
0.097976 0.044402 -0.001447 -0.000310
-0.008652 -0.001447 0.477756 0.100701
-0.001445 -0.000310 0.100701 0.044922
34.580653 1.197923 47.246984 2.000495
0.463678 0.098791 -0.006350 -0.000895
0.098791 0.044579 -0.000891 -0.000182
-0.006350 -0.000891 0.481743 0.101568
-0.000895 -0.000182 0.101568 0.045106
35.935691 1.358936 48.120457 1.974505
0.464406 0.098965 -0.010167 -0.001698
0.098965 0.044599 -0.001703 -0.000357
-0.010167 -0.001703 0.482422 0.101645
-0.001698 -0.000357 0.101645 0.045106
36.677354 1.371861 48.812692 1.912446
0.466143 0.099329 -0.011272 -0.001853
0.099329 0.044658 -0.001860 -0.000378
-0.011272 -0.001860 0.484366 0.101990
-0.001853 -0.000378 0.101990 0.045166
