5.391183 3.118614 1.752491 -0.191036
2.520219 1.008110 -0.270666 -0.108269
1.008110 80.407319 -0.108269 -0.043308
-0.270666 -0.108269 2.611002 1.044423
-0.108269 -0.043308 1.044423 80.421845
5.036197 -0.190707 2.954906 2.018739
2.156788 3.757170 -0.225101 -0.341005
3.757170 15.068076 -0.341131 -1.277081
-0.225101 -0.341131 2.226829 3.862065
-0.341005 -1.277081 3.862065 15.479879
5.919109 0.949585 3.732426 1.753809
2.002450 2.335312 -0.250346 -0.280936
2.335312 4.624739 -0.281064 -0.511372
-0.250346 -0.281064 2.057835 2.397155
-0.280936 -0.511372 2.397155 4.758484
7.109738 1.550323 3.211843 0.573222
1.733678 1.467065 -0.167535 -0.135059
1.467065 1.937549 -0.134999 -0.183666
-0.167535 -0.134999 1.810180 1.532211
-0.135059 -0.183666 1.532211 2.016811
9.194624 2.415965 2.927879 0.197379
1.434590 0.948620 -0.147159 -0.095926
0.948620 0.958281 -0.095874 -0.098496
-0.147159 -0.095874 1.533249 1.013068
-0.095926 -0.098496 1.013068 1.011669
9.356315 1.846427 4.872541 1.199646
1.256859 0.684688 -0.115957 -0.062880
0.684688 0.557806 -0.062840 -0.053867
-0.115957 -0.062840 1.314200 0.713584
-0.062880 -0.053867 0.713584 0.578719
8.436257 0.992059 5.366684 1.151658
1.132711 0.525067 -0.097128 -0.045404
0.525067 0.358947 -0.045369 -0.033145
-0.097128 -0.045369 1.171052 0.541197
-0.045404 -0.033145 0.541197 0.369744
9.323357 1.149781 6.228407 1.266561
1.038245 0.419220 -0.074263 -0.030646
0.419220 0.248230 -0.030610 -0.020322
-0.074263 -0.030610 1.070671 0.431389
-0.030646 -0.020322 0.431389 0.255502
9.932033 1.161680 7.093124 1.349313
0.954050 0.341836 -0.075295 -0.027856
0.341836 0.180588 -0.027834 -0.015498
-0.075295 -0.027834 0.980272 0.350716
-0.027856 -0.015498 0.350716 0.185489
11.225143 1.391903 7.561378 1.282137
0.886951 0.286545 -0.069328 -0.023080
0.286545 0.138150 -0.023070 -0.011343
-0.069328 -0.023070 0.916033 0.295670
-0.023080 -0.011343 0.295670 0.142382
11.734540 1.336852 8.134007 1.262049
0.799573 0.236126 -0.067985 -0.020490
0.236126 0.107493 -0.020484 -0.008842
-0.067985 -0.020484 0.826009 0.243699
-0.020490 -0.008842 0.243699 0.110678
11.618623 1.121998 9.532244 1.471983
0.743640 0.203661 -0.052160 -0.014342
0.203661 0.088540 -0.014333 -0.005941
-0.052160 -0.014333 0.758644 0.207516
-0.014342 -0.005941 0.207516 0.090301
12.858713 1.296503 10.392174 1.503897
0.695863 0.178788 -0.035961 -0.009131
0.178788 0.075454 -0.009122 -0.003851
-0.035961 -0.009122 0.711288 0.182590
-0.009131 -0.003851 0.182590 0.076992
13.590260 1.316880 11.601926 1.615334
0.667467 0.162599 -0.027050 -0.006471
0.162599 0.067016 -0.006463 -0.002744
-0.027050 -0.006463 0.678866 0.165222
-0.006471 -0.002744 0.165222 0.068092
14.641413 1.408488 13.226025 1.805416
0.629836 0.146716 -0.018822 -0.004293
0.146716 0.060220 -0.004287 -0.001926
-0.018822 -0.004287 0.637521 0.148382
-0.004293 -0.001926 0.148382 0.060958
15.212680 1.378561 13.725481 1.714796
0.603861 0.135770 -0.015747 -0.003504
0.135770 0.055708 -0.003498 -0.001535
-0.015747 -0.003498 0.611348 0.137371
-0.003504 -0.001535 0.137371 0.056354
15.587325 1.309762 14.672706 1.734420
0.577722 0.126333 -0.013824 -0.003006
0.126333 0.052280 -0.003002 -0.001259
-0.013824 -0.003002 0.582969 0.127404
-0.003006 -0.001259 0.127404 0.052745
16.260178 1.313628 15.811034 1.792476
0.558822 0.119719 -0.010042 -0.002123
0.119719 0.049995 -0.002120 -0.000937
-0.010042 -0.002120 0.562422 0.120433
-0.002123 -0.000937 0.120433 0.050337
16.881941 1.306244 17.084563 1.872097
0.539240 0.113834 -0.006736 -0.001402
0.113834 0.048212 -0.001399 -0.000687
-0.006736 -0.001399 0.541106 0.114193
-0.001402 -0.000687 0.114193 0.048445
17.299550 1.256985 18.559106 1.984718
0.521951 0.109160 -0.001217 -0.000261
0.109160 0.046932 -0.000259 -0.000377
-0.001217 -0.000259 0.521809 0.109128
-0.000261 -0.000377 0.109128 0.047059
17.616373 1.192129 19.504286 1.974954
0.509154 0.105964 0.002913 0.000510
0.105964 0.046123 0.000511 -0.000172
0.002913 0.000511 0.508097 0.105793
0.000510 -0.000172 0.105793 0.046205
18.381166 1.227086 20.713026 2.020890
0.502034 0.104302 -0.001709 -0.000579
0.104302 0.045727 -0.000577 -0.000369
-0.001709 -0.000577 0.500849 0.104152
-0.000579 -0.000369 0.104152 0.045800
19.574629 1.347583 21.649641 2.005283
0.496845 0.103209 -0.002157 -0.000664
0.103209 0.045491 -0.000663 -0.000337
-0.002157 -0.000663 0.496345 0.103235
-0.000664 -0.000337 0.103235 0.045586
20.402938 1.379592 22.964572 2.070236
0.493788 0.102660 -0.001145 -0.000422
0.102660 0.045388 -0.000422 -0.000243
-0.001145 -0.000422 0.493470 0.102728
-0.000422 -0.000243 0.102728 0.045475
20.618578 1.280705 24.557650 2.186685
0.490366 0.102073 0.000583 -0.000044
0.102073 0.045281 -0.000043 -0.000130
0.000583 -0.000043 0.490288 0.102185
-0.000044 -0.000130 0.102185 0.045362
21.172602 1.262774 25.461920 2.147252
0.483699 0.100845 0.002473 0.000344
0.100845 0.045044 0.000344 -0.000027
0.002473 0.000344 0.483798 0.100979
0.000344 -0.000027 0.100979 0.045115
21.495497 1.198330 26.455737 2.130688
0.479316 0.100185 -0.004970 -0.001247
0.100185 0.044938 -0.001245 -0.000346
-0.004970 -0.001245 0.479847 0.100391
-0.001247 -0.000346 0.100391 0.045012
22.636464 1.311988 26.922174 2.004985
0.474839 0.099525 -0.002984 -0.000704
0.099525 0.044828 -0.000704 -0.000192
-0.002984 -0.000704 0.475276 0.099684
-0.000704 -0.000192 0.099684 0.044881
23.240378 1.301035 28.111763 2.044337
0.474647 0.099783 -0.000954 -0.000212
0.099783 0.044908 -0.000212 -0.000068
-0.000954 -0.000212 0.476332 0.100184
-0.000212 -0.000068 0.100184 0.045004
24.083405 1.341597 29.122958 2.042025
0.471450 0.099335 -0.000959 -0.000200
0.099335 0.044819 -0.000200 -0.000058
-0.000959 -0.000200 0.474178 0.099913
-0.000200 -0.000058 0.099913 0.044942
25.135578 1.422124 29.736894 1.956115
0.470111 0.099280 0.001780 0.000391
0.099280 0.044811 0.000391 0.000072
0.001780 0.000391 0.472751 0.099785
0.000391 0.000072 0.099785 0.044908
25.551886 1.359754 30.758172 1.965270
0.468511 0.099132 0.001855 0.000363
0.099132 0.044774 0.000363 0.000060
0.001855 0.000363 0.472926 0.099971
0.000363 0.000060 0.099971 0.044937
26.239702 1.361443 31.697207 1.956043
0.468563 0.099309 -0.002859 -0.000669
0.099309 0.044802 -0.000671 -0.000162
-0.002859 -0.000671 0.474209 0.100343
-0.000669 -0.000162 0.100343 0.044997
26.943265 1.366289 32.622580 1.944898
0.472790 0.100320 -0.002544 -0.000534
0.100320 0.044998 -0.000535 -0.000117
-0.002544 -0.000535 0.479450 0.101490
-0.000534 -0.000117 0.101490 0.045213
27.411322 1.320671 33.742457 1.976055
0.472887 0.100330 -0.005651 -0.001143
0.100330 0.044962 -0.001145 -0.000236
-0.005651 -0.001145 0.482014 0.101945
-0.001143 -0.000236 0.101945 0.045263
27.629157 1.226903 35.025583 2.038248
0.477938 0.101377 -0.008617 -0.001667
0.101377 0.045150 -0.001671 -0.000329
-0.008617 -0.001671 0.490308 0.103566
-0.001667 -0.000329 0.103566 0.045561
27.865869 1.147059 35.992988 2.027127
0.477544 0.101164 -0.007938 -0.001388
0.101164 0.045058 -0.001388 -0.000249
-0.007938 -0.001388 0.492232 0.103697
-0.001388 -0.000249 0.103697 0.045526
28.528811 1.166085 37.138188 2.054861
0.475957 0.100724 -0.008798 -0.001477
0.100724 0.044932 -0.001477 -0.000261
-0.008798 -0.001477 0.493262 0.103655
-0.001477 -0.000261 0.103655 0.045471
28.529122 1.042877 38.225903 2.066948
0.468368 0.099066 -0.008506 -0.001337
0.099066 0.044565 -0.001333 -0.000227
-0.008506 -0.001333 0.490125 0.102775
-0.001337 -0.000227 0.102775 0.045257
29.207301 1.075792 39.002116 2.013223
0.467168 0.098920 -0.008161 -0.001207
0.098920 0.044551 -0.001202 -0.000202
-0.008161 -0.001202 0.489683 0.102575
-0.001207 -0.000202 0.102575 0.045213
29.478826 1.019099 39.813912 1.972132
0.461186 0.097755 -0.011348 -0.001846
0.097755 0.044316 -0.001847 -0.000344
-0.011348 -0.001847 0.486518 0.101839
-0.001846 -0.000344 0.101839 0.045064
29.811161 0.981176 40.593224 1.928605
0.460404 0.097793 -0.010245 -0.001530
0.097793 0.044352 -0.001525 -0.000272
-0.010245 -0.001525 0.487554 0.102072
-0.001530 -0.000272 0.102072 0.045134
30.838088 1.095342 41.578659 1.933795
0.462138 0.098328 -0.012497 -0.001957
0.098328 0.044480 -0.001958 -0.000367
-0.012497 -0.001958 0.490685 0.102722
-0.001957 -0.000367 0.102722 0.045282
31.851202 1.194272 42.410879 1.906348
0.458996 0.097743 -0.016708 -0.002771
0.097743 0.044351 -0.002785 -0.000539
-0.016708 -0.002785 0.489159 0.102338
-0.002771 -0.000539 0.102338 0.045202
32.393851 1.182842 43.466269 1.927635
0.455005 0.097012 -0.021237 -0.003591
0.097012 0.044198 -0.003613 -0.000701
-0.021237 -0.003613 0.489584 0.102408
-0.003591 -0.000701 0.102408 0.045224
33.035903 1.192470 43.909649 1.818849
0.456941 0.097594 -0.024111 -0.003997
0.097594 0.044332 -0.004029 -0.000767
-0.024111 -0.004029 0.490692 0.102622
-0.003997 -0.000767 0.102622 0.045276
34.154888 1.304661 44.952656 1.848222
0.464185 0.099218 -0.029930 -0.004996
0.099218 0.044669 -0.005046 -0.000959
-0.029930 -0.005046 0.499000 0.104318
-0.004996 -0.000959 0.104318 0.045631
34.469979 1.233452 46.149074 1.904005
0.462568 0.098763 -0.037547 -0.006335
0.098763 0.044527 -0.006391 -0.001218
-0.037547 -0.006391 0.503810 0.105120
-0.006335 -0.001218 0.105120 0.045769
34.690094 1.149510 47.311681 1.946340
0.458962 0.097943 -0.040025 -0.006523
0.097943 0.044327 -0.006555 -0.001222
-0.040025 -0.006555 0.506717 0.105488
-0.006523 -0.001222 0.105488 0.045815
34.830927 1.056749 48.295235 1.946501
0.458424 0.097865 -0.040190 -0.006251
0.097865 0.044307 -0.006258 -0.001141
-0.040190 -0.006258 0.510521 0.106047
-0.006251 -0.001141 0.106047 0.045909
