0.149220 1.021784 5.510863 1.312346
41.627795 16.651479 -56.598444 -22.639868
16.651479 86.664803 -22.639868 -9.056143
-56.598444 -22.639868 80.956107 32.383144
-22.639868 -9.056143 32.383144 92.957605
0.873683 0.323627 4.598240 -0.052607
66.838396 37.516848 -88.023786 -41.733975
37.516848 42.533335 -47.195854 -42.489335
-88.023786 -47.195854 119.406497 58.293193
-41.733975 -42.489335 58.293193 64.031593
-2.172232 -0.249544 12.088434 4.399729
103.486268 54.288505 -124.221935 -53.180920
54.288505 39.732906 -64.519241 -41.307554
-124.221935 -64.519241 151.250471 65.472088
-53.180920 -41.307554 65.472088 48.999688
0.159455 0.852336 11.727919 3.539343
4.831887 1.957934 -8.670640 -4.642392
1.957934 7.734476 -3.290306 -10.638128
-8.670640 -3.290306 19.430354 11.472873
-4.642392 -10.638128 11.472873 19.590446
0.583960 0.771840 13.056820 3.353355
6.996848 4.247161 -14.648384 -8.997311
4.247161 6.282974 -8.085695 -9.785691
-14.648384 -8.085695 35.172299 20.744170
-8.997311 -9.785691 20.744170 18.988019
2.010869 1.476360 13.192739 2.366696
8.941296 4.527410 -21.153750 -10.545629
4.527410 4.154467 -9.761667 -7.339291
-21.153750 -9.761667 54.981265 26.239756
-10.545629 -7.339291 26.239756 16.071606
2.989571 1.578918 13.786666 2.123462
13.750486 6.081215 -32.444992 -13.668680
6.081215 3.690706 -13.552342 -7.074877
-32.444992 -13.552342 81.129059 33.117300
-13.668680 -7.074877 33.117300 15.557901
2.789286 1.626972 20.000407 3.396290
18.956140 7.089774 -44.697217 -15.875286
7.089774 3.226561 -16.162994 -6.538320
-44.697217 -16.162994 109.127251 38.021045
-15.875286 -6.538320 38.021045 14.489563
6.280698 2.482338 15.382974 1.473837
1.103710 0.327246 -2.797736 -0.818809
0.327246 0.505701 -0.061709 -0.576963
-2.797736 -0.061709 13.004045 2.879014
-0.818809 -0.576963 2.879014 1.451701
7.384800 2.012012 12.325518 1.018804
1.547064 0.566511 -3.464657 -1.113935
0.566511 0.461605 -0.743208 -0.623828
-3.464657 -0.743208 12.888985 3.187251
-1.113935 -0.623828 3.187251 1.402925
8.547893 2.022104 11.940009 0.839516
2.083544 0.806989 -3.496933 -1.229009
0.806989 0.464205 -1.139710 -0.638466
-3.496933 -1.139710 8.539774 2.429214
-1.229009 -0.638466 2.429214 1.136693
9.571069 2.018923 12.222034 0.815976
2.850656 1.016410 -4.105799 -1.397008
1.016410 0.464925 -1.356297 -0.616762
-4.105799 -1.356297 7.638867 2.264562
-1.397008 -0.616762 2.264562 0.992013
10.590315 2.032797 12.841928 0.847969
3.833840 1.218748 -5.097377 -1.588786
1.218748 0.462973 -1.559829 -0.593641
-5.097377 -1.559829 8.043499 2.315343
-1.588786 -0.593641 2.315343 0.901980
12.098896 2.147758 11.986873 0.557422
5.029303 1.419647 -6.437871 -1.799790
1.419647 0.460449 -1.776288 -0.575265
-6.437871 -1.776288 9.350063 2.499390
-1.799790 -0.575265 2.499390 0.848356
12.787928 2.067143 13.301620 0.783081
5.297563 1.354407 -6.014892 -1.544506
1.354407 0.395935 -1.513155 -0.448253
-6.014892 -1.513155 7.659985 1.910953
-1.544506 -0.448253 1.910953 0.619800
12.741984 1.841513 15.890536 1.267564
6.233462 1.442959 -6.704791 -1.557587
1.442959 0.377229 -1.536646 -0.403690
-6.704791 -1.536646 7.870297 1.811829
-1.557587 -0.403690 1.811829 0.534086
12.936062 1.685231 17.123299 1.391022
6.229752 1.301915 -7.052549 -1.490849
1.301915 0.311180 -1.459757 -0.346123
-7.052549 -1.459757 8.698304 1.848844
-1.490849 -0.346123 1.848844 0.491224
14.620618 1.849683 17.017708 1.242019
4.444202 0.842059 -5.520790 -1.084855
0.842059 0.196039 -1.030412 -0.233376
-5.520790 -1.030412 7.634953 1.527003
-1.084855 -0.233376 1.527003 0.389651
15.936011 1.926535 17.489014 1.230524
4.923645 0.863938 -6.322849 -1.153933
0.863938 0.186434 -1.091051 -0.225096
-6.322849 -1.091051 8.897532 1.658805
-1.153933 -0.225096 1.658805 0.382780
17.519405 2.033322 17.480240 1.134286
5.581272 0.915547 -7.219674 -1.221185
0.915547 0.184002 -1.162301 -0.218850
-7.219674 -1.162301 10.113532 1.751178
-1.221185 -0.218850 1.751178 0.368641
18.895184 2.100967 17.950044 1.140018
5.101977 0.803826 -6.085777 -0.926975
0.803826 0.159764 -0.935824 -0.162010
-6.085777 -0.935824 7.947398 1.253271
-0.926975 -0.162010 1.253271 0.256988
19.794868 2.078682 18.703242 1.166464
3.670368 0.567780 -3.786611 -0.502485
0.567780 0.120541 -0.561393 -0.091654
-3.786611 -0.561393 4.551690 0.653923
-0.502485 -0.091654 0.653923 0.149178
19.681268 1.933809 21.092343 1.446211
2.748643 0.427128 -2.242425 -0.238083
0.427128 0.098580 -0.329852 -0.050769
-2.242425 -0.329852 2.299090 0.291872
-0.238083 -0.050769 0.291872 0.088889
20.446862 1.902345 21.939128 1.455057
2.404895 0.356800 -1.960576 -0.209293
0.356800 0.085215 -0.267637 -0.042596
-1.960576 -0.267637 2.186791 0.296832
-0.209293 -0.042596 0.296832 0.089910
21.886845 1.975805 22.358582 1.431570
1.668826 0.240406 -1.320005 -0.137224
0.240406 0.067156 -0.161499 -0.029274
-1.320005 -0.161499 1.783960 0.265874
-0.137224 -0.029274 0.265874 0.086528
22.830824 1.974897 23.252861 1.464921
1.881087 0.269158 -1.431035 -0.146039
0.269158 0.071327 -0.170445 -0.028582
-1.431035 -0.170445 2.014466 0.302162
-0.146039 -0.028582 0.302162 0.090293
23.947463 2.004351 24.212030 1.519084
2.119568 0.299042 -1.563967 -0.157418
0.299042 0.075204 -0.183301 -0.028803
-1.563967 -0.183301 2.225476 0.328291
-0.157418 -0.028803 0.328291 0.091489
25.074866 2.029109 25.107947 1.553045
2.325213 0.318476 -1.777309 -0.185904
0.318476 0.076697 -0.208728 -0.032151
-1.777309 -0.208728 2.417494 0.342734
-0.185904 -0.032151 0.342734 0.089408
26.229169 2.053829 25.966072 1.576296
2.505882 0.331260 -2.042402 -0.222301
0.331260 0.077024 -0.238267 -0.036212
-2.042402 -0.238267 2.657477 0.362221
-0.222301 -0.036212 0.362221 0.088365
26.842576 1.988941 26.743086 1.550739
2.575175 0.325639 -2.325577 -0.264224
0.325639 0.074609 -0.266532 -0.040597
-2.325577 -0.266532 2.940920 0.387247
-0.264224 -0.040597 0.387247 0.088399
27.809553 1.969778 27.110466 1.478418
2.817305 0.346972 -2.631408 -0.295629
0.346972 0.076490 -0.298174 -0.043547
-2.631408 -0.298174 3.169796 0.399599
-0.295629 -0.043547 0.399599 0.087025
27.767144 1.823241 28.277274 1.491084
2.836101 0.334403 -2.853242 -0.323245
0.334403 0.073593 -0.309505 -0.044840
-2.853242 -0.309505 3.512404 0.435825
-0.323245 -0.044840 0.435825 0.090207
28.401332 1.808863 29.663660 1.583802
3.148081 0.368406 -3.124087 -0.338510
0.368406 0.077837 -0.333633 -0.045389
-3.124087 -0.333633 3.746212 0.447057
-0.338510 -0.045389 0.447057 0.089617
28.963035 1.782826 31.036887 1.660781
3.456439 0.404213 -3.305059 -0.337959
0.404213 0.082326 -0.352170 -0.044965
-3.305059 -0.352170 3.780476 0.429456
-0.337959 -0.044965 0.429456 0.085243
30.071583 1.796763 31.478125 1.609028
3.710660 0.437351 -3.326540 -0.314825
0.437351 0.086692 -0.358672 -0.042864
-3.326540 -0.358672 3.539634 0.377766
-0.314825 -0.042864 0.377766 0.077004
31.324622 1.844775 32.080656 1.599566
4.123866 0.479053 -3.594737 -0.325855
0.479053 0.090999 -0.383192 -0.043608
-3.594737 -0.383192 3.674540 0.377752
-0.325855 -0.043608 0.377752 0.075865
31.925052 1.781297 32.749924 1.552662
4.527440 0.508207 -3.972144 -0.357126
0.508207 0.092536 -0.412047 -0.046157
-3.972144 -0.412047 3.995983 0.402788
-0.357126 -0.046157 0.402788 0.077681
32.499192 1.717122 33.373990 1.501063
4.962708 0.539021 -4.373306 -0.388604
0.539021 0.094287 -0.441158 -0.048525
-4.373306 -0.441158 4.343669 0.429212
-0.388604 -0.048525 0.429212 0.079607
32.805029 1.641828 34.375117 1.501242
5.423317 0.569727 -4.805791 -0.422129
0.569727 0.095983 -0.469825 -0.050744
-4.805791 -0.469825 4.744887 0.461169
-0.422129 -0.050744 0.461169 0.082228
33.828882 1.665460 34.985186 1.492819
5.976473 0.614914 -5.226439 -0.444064
0.614914 0.099851 -0.501231 -0.052170
-5.226439 -0.501231 5.060368 0.476653
-0.444064 -0.052170 0.476653 0.082668
34.657303 1.678351 35.910420 1.524789
6.518704 0.650537 -5.702129 -0.476681
0.650537 0.101997 -0.530826 -0.054128
-5.702129 -0.530826 5.490107 0.507792
-0.476681 -0.054128 0.507792 0.085043
35.431988 1.674291 36.757624 1.534549
7.111238 0.688288 -6.228641 -0.512624
0.688288 0.104155 -0.563872 -0.056453
-6.228641 -0.563872 5.961619 0.540312
-0.512624 -0.056453 0.540312 0.087250
36.512300 1.699120 37.337137 1.521865
7.738626 0.727594 -6.779097 -0.548073
0.727594 0.106436 -0.597806 -0.058693
-6.779097 -0.597806 6.446872 0.571463
-0.548073 -0.058693 0.571463 0.089158
37.414404 1.699205 37.991985 1.507475
8.273315 0.750325 -7.322146 -0.588603
0.750325 0.106607 -0.623896 -0.060874
-7.322146 -0.623896 6.991618 0.612337
-0.588603 -0.060874 0.612337 0.092298
37.318875 1.571302 39.023420 1.474116
8.724442 0.760065 -7.856066 -0.632033
0.760065 0.105257 -0.644754 -0.063094
-7.856066 -0.644754 7.573174 0.657756
-0.632033 -0.063094 0.657756 0.095810
38.418824 1.616540 39.705346 1.492121
9.459829 0.808902 -8.472148 -0.661391
0.808902 0.108899 -0.683214 -0.064760
-8.472148 -0.683214 8.095833 0.682107
-0.661391 -0.064760 0.682107 0.096622
39.504013 1.682141 40.720039 1.563798
10.180483 0.848058 -9.140379 -0.700494
0.848058 0.111094 -0.718093 -0.066665
-9.140379 -0.718093 8.733398 0.721341
-0.700494 -0.066665 0.721341 0.099215
40.626753 1.741041 41.683162 1.620229
10.920140 0.885096 -9.847986 -0.742742
0.885096 0.112841 -0.753536 -0.068782
-9.847986 -0.753536 9.419994 0.763410
-0.742742 -0.068782 0.763410 0.101898
41.286638 1.687864 42.245812 1.559106
11.632149 0.914789 -10.575176 -0.788409
0.914789 0.113516 -0.787960 -0.071261
-10.575176 -0.787960 10.138260 0.806779
-0.788409 -0.071261 0.806779 0.104385
41.331352 1.600109 43.442139 1.559225
12.323939 0.940052 -11.310143 -0.834276
0.940052 0.113868 -0.818963 -0.073378
-11.310143 -0.818963 10.897004 0.853818
-0.834276 -0.073378 0.853818 0.107385
