5.329152 3.093801 0.375053 -0.742023
2.473749 0.989521 -0.057323 -0.022930
0.989521 80.399884 -0.022930 -0.009172
-0.057323 -0.022930 2.501686 1.000696
-0.022930 -0.009172 1.000696 80.404354
4.748430 -0.612221 2.677866 3.915058
2.228705 3.895643 -0.062139 -0.097447
3.895643 15.209831 -0.097550 -0.315947
-0.062139 -0.097550 2.238100 3.906670
-0.097447 -0.315947 3.906670 15.300069
5.014383 0.045608 2.257441 1.159516
1.969242 2.281592 -0.045773 -0.048857
2.281592 4.532137 -0.048866 -0.096074
-0.045773 -0.048866 1.983466 2.299335
-0.048857 -0.096074 2.299335 4.571986
7.009995 1.713273 4.316821 2.411453
1.724540 1.456989 -0.019100 -0.015056
1.456989 1.924937 -0.015068 -0.028854
-0.019100 -0.015068 1.736049 1.467430
-0.015056 -0.028854 1.467430 1.940494
7.650120 1.570645 4.757949 1.906084
1.480970 0.978680 -0.056019 -0.037896
0.978680 0.977029 -0.037889 -0.033566
-0.056019 -0.037889 1.491391 0.986029
-0.037896 -0.033566 0.986029 0.984951
8.378969 1.539908 5.490779 1.786440
1.292294 0.701723 -0.020300 -0.010600
0.701723 0.565705 -0.010603 -0.009880
-0.020300 -0.010603 1.301070 0.706768
-0.010600 -0.009880 0.706768 0.570060
9.028273 1.484210 6.560794 1.868077
1.140106 0.526226 -0.016571 -0.007722
0.526226 0.358573 -0.007723 -0.006241
-0.016571 -0.007723 1.146659 0.529433
-0.007722 -0.006241 0.529433 0.361000
10.131488 1.629757 6.533098 1.480859
1.031922 0.415237 -0.004191 -0.001943
0.415237 0.246263 -0.001946 -0.002587
-0.004191 -0.001946 1.039837 0.418569
-0.001943 -0.002587 0.418569 0.248212
10.880919 1.605919 8.088278 1.772278
0.942012 0.336835 -0.010427 -0.004235
0.336835 0.178756 -0.004235 -0.002834
-0.010427 -0.004235 0.947239 0.338773
-0.004235 -0.002834 0.338773 0.179842
11.000509 1.385413 8.726046 1.692429
0.863949 0.278941 -0.007221 -0.002781
0.278941 0.135802 -0.002781 -0.001830
-0.007221 -0.002781 0.867979 0.280294
-0.002781 -0.001830 0.280294 0.136515
10.959847 1.168653 9.417431 1.647017
0.806138 0.238361 -0.009593 -0.003250
0.238361 0.108357 -0.003249 -0.001642
-0.009593 -0.003249 0.808929 0.239231
-0.003250 -0.001642 0.239231 0.108816
12.339600 1.386328 11.007221 1.856738
0.744744 0.204100 -0.005815 -0.001898
0.204100 0.088777 -0.001898 -0.001010
-0.005815 -0.001898 0.746975 0.204756
-0.001898 -0.001010 0.204756 0.089109
12.559436 1.264692 11.813861 1.825610
0.699243 0.179760 -0.007780 -0.002256
0.179760 0.075787 -0.002255 -0.000946
-0.007780 -0.002255 0.700776 0.180196
-0.002256 -0.000946 0.180196 0.076016
13.227315 1.273611 11.683501 1.571352
0.660073 0.160839 -0.007310 -0.001947
0.160839 0.066638 -0.001947 -0.000741
-0.007310 -0.001947 0.662182 0.161394
-0.001947 -0.000741 0.161394 0.066865
14.344069 1.385508 12.616843 1.605726
0.626536 0.146100 -0.007041 -0.001729
0.146100 0.060140 -0.001728 -0.000597
-0.007041 -0.001728 0.628552 0.146596
-0.001729 -0.000597 0.146596 0.060324
14.746954 1.320246 13.619671 1.650753
0.596894 0.134377 -0.009097 -0.002063
0.134377 0.055450 -0.002062 -0.000604
-0.009097 -0.002062 0.598315 0.134706
-0.002063 -0.000604 0.134706 0.055575
15.318884 1.300952 14.638216 1.693064
0.577112 0.126448 -0.003835 -0.000752
0.126448 0.052365 -0.000752 -0.000256
-0.003835 -0.000752 0.578133 0.126672
-0.000752 -0.000256 0.126672 0.052453
15.882127 1.282348 16.193620 1.845169
0.558940 0.119946 -0.005747 -0.001141
0.119946 0.050082 -0.001141 -0.000318
-0.005747 -0.001141 0.559355 0.120033
-0.001141 -0.000318 0.120033 0.050132
16.633750 1.305695 17.118263 1.845632
0.539938 0.114132 -0.005464 -0.001020
0.114132 0.048296 -0.001020 -0.000267
-0.005464 -0.001020 0.540242 0.114198
-0.001020 -0.000267 0.114198 0.048336
16.834043 1.210941 17.977646 1.832205
0.526375 0.110186 -0.003517 -0.000564
0.110186 0.047153 -0.000564 -0.000153
-0.003517 -0.000564 0.526414 0.110199
-0.000564 -0.000153 0.110199 0.047178
16.734958 1.064337 18.953816 1.844471
0.516559 0.107500 -0.001596 -0.000160
0.107500 0.046428 -0.000160 -0.000062
-0.001596 -0.000160 0.516251 0.107446
-0.000160 -0.000062 0.107446 0.046435
16.814039 0.970242 19.532857 1.773131
0.506486 0.105077 -0.003059 -0.000494
0.105077 0.045850 -0.000494 -0.000132
-0.003059 -0.000494 0.506016 0.104999
-0.000494 -0.000132 0.104999 0.045850
17.887068 1.092130 20.425615 1.774589
0.501152 0.103899 -0.002152 -0.000299
0.103899 0.045594 -0.000299 -0.000086
-0.002152 -0.000299 0.500859 0.103867
-0.000299 -0.000086 0.103867 0.045602
18.950091 1.199493 21.813992 1.878696
0.496288 0.102936 -0.001340 -0.000140
0.102936 0.045407 -0.000140 -0.000051
-0.001340 -0.000140 0.496084 0.102926
-0.000140 -0.000051 0.102926 0.045417
19.536690 1.196712 22.538180 1.833995
0.488787 0.101510 -0.001124 -0.000118
0.101510 0.045136 -0.000118 -0.000047
-0.001124 -0.000118 0.488586 0.101499
-0.000118 -0.000047 0.101499 0.045143
20.246982 1.220143 24.095914 1.967449
0.484761 0.100921 -0.001490 -0.000214
0.100921 0.045054 -0.000214 -0.000067
-0.001490 -0.000214 0.484652 0.100928
-0.000214 -0.000067 0.100928 0.045064
19.719931 0.982889 25.716099 2.100131
0.482453 0.100712 0.000553 0.000206
0.100712 0.045047 0.000206 0.000023
0.000553 0.000206 0.482398 0.100726
0.000206 0.000023 0.100726 0.045056
20.928918 1.133100 27.266630 2.204957
0.481563 0.100779 0.001317 0.000322
0.100779 0.045086 0.000322 0.000043
0.001317 0.000322 0.481856 0.100862
0.000322 0.000043 0.100862 0.045107
21.427934 1.118941 27.696827 2.063960
0.479836 0.100625 0.003034 0.000634
0.100625 0.045064 0.000634 0.000104
0.003034 0.000634 0.480035 0.100677
0.000634 0.000104 0.100677 0.045076
21.771760 1.073609 28.901303 2.100235
0.479074 0.100651 0.006846 0.001366
0.100651 0.045073 0.001366 0.000250
0.006846 0.001366 0.479536 0.100752
0.001366 0.000250 0.100752 0.045094
22.825505 1.182384 29.942699 2.098182
0.479532 0.100898 0.004715 0.000789
0.100898 0.045121 0.000789 0.000113
0.004715 0.000789 0.480229 0.101038
0.000789 0.000113 0.101038 0.045147
23.773399 1.257190 31.586352 2.223189
0.477917 0.100655 0.003861 0.000555
0.100655 0.045055 0.000555 0.000064
0.003861 0.000555 0.479208 0.100907
0.000555 0.000064 0.100907 0.045103
24.304535 1.236923 32.222980 2.123157
0.478720 0.100920 0.002895 0.000329
0.100920 0.045098 0.000329 0.000024
0.002895 0.000329 0.480031 0.101155
0.000329 0.000024 0.101155 0.045140
25.045603 1.262676 33.471025 2.162392
0.479095 0.101048 0.001737 0.000091
0.101048 0.045106 0.000090 -0.000015
0.001737 0.000090 0.480875 0.101364
0.000091 -0.000015 0.101364 0.045163
26.097063 1.351348 34.464007 2.143584
0.477457 0.100721 0.002350 0.000252
0.100721 0.045015 0.000252 0.000033
0.002350 0.000252 0.479519 0.101076
0.000252 0.000033 0.101076 0.045079
26.754219 1.347783 34.817474 1.992154
0.477467 0.100763 0.001072 -0.000002
0.100763 0.045010 -0.000003 -0.000013
0.001072 -0.000003 0.479378 0.101063
-0.000002 -0.000013 0.101063 0.045061
27.170248 1.293310 35.920415 2.014787
0.478030 0.100904 0.001588 0.000146
0.100904 0.045026 0.000145 0.000029
0.001588 0.000145 0.480556 0.101320
0.000146 0.000029 0.101320 0.045101
27.865208 1.303342 37.395679 2.113395
0.475208 0.100308 0.001204 0.000087
0.100308 0.044884 0.000086 0.000022
0.001204 0.000086 0.478685 0.100904
0.000087 0.000022 0.100904 0.044996
28.561724 1.312792 38.521546 2.127965
0.476114 0.100550 -0.000252 -0.000195
0.100550 0.044932 -0.000197 -0.000033
-0.000252 -0.000197 0.480129 0.101225
-0.000195 -0.000033 0.101225 0.045057
29.573453 1.387812 39.765796 2.165893
0.476086 0.100561 -0.000031 -0.000100
0.100561 0.044925 -0.000101 -0.000005
-0.000031 -0.000101 0.480687 0.101322
-0.000100 -0.000005 0.101322 0.045066
30.409250 1.417773 40.945788 2.186325
0.475508 0.100448 -0.000663 -0.000200
0.100448 0.044892 -0.000201 -0.000022
-0.000663 -0.000201 0.480739 0.101303
-0.000200 -0.000022 0.101303 0.045050
31.040436 1.401366 41.840681 2.144559
0.476470 0.100666 -0.000624 -0.000154
0.100666 0.044931 -0.000155 -0.000009
-0.000624 -0.000155 0.482063 0.101555
-0.000154 -0.000009 0.101555 0.045094
31.630512 1.377996 42.368998 2.030018
0.476466 0.100654 -0.001191 -0.000246
0.100654 0.044919 -0.000248 -0.000028
-0.001191 -0.000248 0.482062 0.101506
-0.000246 -0.000028 0.101506 0.045073
32.585718 1.434227 43.399050 2.033204
0.472308 0.099764 -0.002876 -0.000570
0.099764 0.044723 -0.000572 -0.000095
-0.002876 -0.000572 0.478581 0.100735
-0.000570 -0.000095 0.100735 0.044904
33.080749 1.387247 44.226652 1.993363
0.473176 0.100020 -0.002771 -0.000492
0.100020 0.044786 -0.000493 -0.000073
-0.002771 -0.000493 0.479951 0.101062
-0.000492 -0.000073 0.101062 0.044982
34.024597 1.440131 45.120132 1.971701
0.474549 0.100347 -0.003488 -0.000602
0.100347 0.044856 -0.000604 -0.000095
-0.003488 -0.000604 0.481620 0.101418
-0.000602 -0.000095 0.101418 0.045058
34.723903 1.435765 46.171567 1.985500
0.473716 0.100170 -0.004553 -0.000784
0.100170 0.044811 -0.000786 -0.000132
-0.004553 -0.000786 0.481617 0.101386
-0.000784 -0.000132 0.101386 0.045045
35.545494 1.457409 46.558752 1.858097
0.473027 0.100037 -0.006113 -0.001060
0.100037 0.044780 -0.001063 -0.000188
-0.006113 -0.001063 0.480673 0.101163
-0.001060 -0.000188 0.101163 0.044995
36.217494 1.445401 47.467019 1.853688
0.473021 0.100059 -0.005670 -0.000897
0.100059 0.044784 -0.000899 -0.000149
-0.005670 -0.000899 0.481359 0.101309
-0.000897 -0.000149 0.101309 0.045027
36.492139 1.350376 48.073869 1.786026
0.472704 0.100007 -0.006226 -0.000972
0.100007 0.044771 -0.000974 -0.000166
-0.006226 -0.000974 0.481620 0.101351
-0.000972 -0.000166 0.101351 0.045035
