1.769699 1.669989 1.764294 -0.186314
0.885871 0.354356 0.903336 0.361342
0.354356 80.145812 0.361342 0.144540
0.903336 0.361342 2.829014 1.131630
0.361342 0.144540 1.131630 80.456728
4.914778 6.014379 2.342075 0.773230
2.876963 5.582882 -1.194320 -2.301674
5.582882 14.010581 -2.518410 -1.980994
-1.194320 -2.518410 2.859699 5.027522
-2.301674 -1.980994 5.027522 18.106007
4.329738 2.077604 1.821655 -0.753867
1.832963 1.995307 0.278794 0.562685
1.995307 2.889978 0.440695 1.309905
0.278794 0.440695 1.917915 2.292329
0.562685 1.309905 2.292329 4.732919
6.173607 2.763917 3.181639 0.773740
1.856580 1.378272 -0.057816 0.062590
1.378272 1.305160 0.005127 0.256970
-0.057816 0.005127 0.956745 0.811258
0.062590 0.256970 0.811258 1.390822
7.136403 2.581020 4.639766 1.517058
0.912216 0.530272 0.197606 0.182236
0.530272 0.456000 0.168877 0.213587
0.197606 0.168877 1.075685 0.774594
0.182236 0.213587 0.774594 0.873499
7.148689 1.939985 4.543552 0.986841
0.523750 0.249713 -0.023857 0.000069
0.249713 0.208668 0.031234 0.058123
-0.023857 0.031234 1.231983 0.714628
0.000069 0.058123 0.714628 0.581711
7.265732 1.568532 4.863835 0.876619
0.444973 0.189808 -0.054135 -0.011988
0.189808 0.141213 0.012690 0.029997
-0.054135 0.012690 1.306981 0.626987
-0.011988 0.029997 0.626987 0.402743
8.227930 1.671771 6.790984 1.490476
0.507773 0.196845 -0.093402 -0.021550
0.196845 0.119974 -0.009740 0.012593
-0.093402 -0.009740 1.192673 0.484034
-0.021550 0.012593 0.484034 0.265808
9.083822 1.701922 8.718009 1.912289
0.549192 0.191603 -0.142072 -0.033832
0.191603 0.100916 -0.030530 0.000905
-0.142072 -0.030530 1.011914 0.356310
-0.033832 0.000905 0.356310 0.176903
10.059367 1.736831 9.392638 1.826022
0.573407 0.181056 -0.183402 -0.041958
0.181056 0.085661 -0.042772 -0.004949
-0.183402 -0.042772 0.884695 0.277125
-0.041958 -0.004949 0.277125 0.127740
10.513618 1.622120 10.722711 1.936129
0.633275 0.183803 -0.177293 -0.033943
0.183803 0.078609 -0.036724 -0.003624
-0.177293 -0.036724 0.856721 0.245127
-0.033943 -0.003624 0.245127 0.104682
11.319204 1.615836 11.415366 1.861722
0.637269 0.170448 -0.182158 -0.032506
0.170448 0.068967 -0.035897 -0.004318
-0.182158 -0.035897 0.788915 0.207983
-0.032506 -0.004318 0.207983 0.085300
11.949858 1.561491 11.797990 1.718940
0.629374 0.156900 -0.184729 -0.031212
0.156900 0.061497 -0.034495 -0.004627
-0.184729 -0.034495 0.737487 0.181692
-0.031212 -0.004627 0.181692 0.072660
12.368325 1.477391 12.829222 1.751542
0.598054 0.140747 -0.169292 -0.026479
0.140747 0.055057 -0.029633 -0.004040
-0.169292 -0.029633 0.657391 0.153340
-0.026479 -0.004040 0.153340 0.062048
12.812534 1.425389 14.633934 1.958495
0.586590 0.132271 -0.142243 -0.019377
0.132271 0.051657 -0.022599 -0.002805
-0.142243 -0.022599 0.598705 0.134463
-0.019377 -0.002805 0.134463 0.055491
13.580295 1.440011 15.761469 1.992819
0.585558 0.127732 -0.113113 -0.012598
0.127732 0.049801 -0.015380 -0.001563
-0.113113 -0.015380 0.587642 0.128850
-0.012598 -0.001563 0.128850 0.052936
14.350440 1.449038 16.644895 1.969194
0.574641 0.121722 -0.104294 -0.011329
0.121722 0.047937 -0.013683 -0.001660
-0.104294 -0.013683 0.567118 0.121505
-0.011329 -0.001660 0.121505 0.050336
15.326590 1.499483 17.467698 1.939174
0.559452 0.116026 -0.089691 -0.008993
0.116026 0.046507 -0.010889 -0.001448
-0.089691 -0.010889 0.551989 0.116422
-0.008993 -0.001448 0.116422 0.048657
16.101806 1.503125 18.315425 1.913890
0.519334 0.106157 -0.075154 -0.007260
0.106157 0.044451 -0.008844 -0.001433
-0.075154 -0.008844 0.503033 0.104871
-0.007260 -0.001433 0.104871 0.045865
16.682914 1.469293 19.364705 1.930736
0.526932 0.107266 -0.066197 -0.005983
0.107266 0.044891 -0.007370 -0.001309
-0.066197 -0.007370 0.507647 0.105737
-0.005983 -0.001309 0.105737 0.045993
18.015022 1.588734 20.107570 1.892176
0.514863 0.104612 -0.039391 -0.001319
0.104612 0.044576 -0.002437 -0.000494
-0.039391 -0.002437 0.506725 0.105603
-0.001319 -0.000494 0.105603 0.045958
17.759523 1.377235 21.307925 1.933480
0.484086 0.098280 -0.034776 -0.001832
0.098280 0.043491 -0.002832 -0.000859
-0.034776 -0.002832 0.461788 0.095999
-0.001832 -0.000859 0.095999 0.043893
18.604203 1.408856 22.231011 1.925778
0.490740 0.100318 -0.022255 -0.000064
0.100318 0.044218 -0.000918 -0.000564
-0.022255 -0.000918 0.472721 0.099078
-0.000064 -0.000564 0.099078 0.044688
18.890455 1.323940 23.362944 1.958268
0.495348 0.101734 -0.009134 0.001754
0.101734 0.044722 0.000984 -0.000267
-0.009134 0.000984 0.476483 0.100264
0.001754 -0.000267 0.100264 0.044985
19.391076 1.290607 24.318730 1.952479
0.501984 0.103393 -0.001773 0.002324
0.103393 0.045203 0.001667 -0.000213
-0.001773 0.001667 0.485488 0.102341
0.002324 -0.000213 0.102341 0.045422
20.243526 1.333087 25.203182 1.933877
0.486923 0.100460 0.022378 0.006436
0.100460 0.044691 0.005829 0.000591
0.022378 0.005829 0.477307 0.100620
0.006436 0.000591 0.100620 0.045027
20.904667 1.331750 25.494229 1.791321
0.477732 0.098944 0.020112 0.004790
0.098944 0.044490 0.004316 0.000181
0.020112 0.004316 0.468178 0.098765
0.004790 0.000181 0.098765 0.044621
21.735153 1.365680 26.659180 1.848172
0.484548 0.100872 0.011126 0.002069
0.100872 0.045003 0.001699 -0.000379
0.011126 0.001699 0.484097 0.102367
0.002069 -0.000379 0.102367 0.045402
22.580965 1.400660 27.100508 1.745990
0.498885 0.104127 0.010781 0.001568
0.104127 0.045725 0.001267 -0.000401
0.010781 0.001267 0.495933 0.104717
0.001568 -0.000401 0.104717 0.045841
23.402830 1.425654 28.124624 1.777562
0.489329 0.102041 0.016859 0.002610
0.102041 0.045256 0.002330 -0.000085
0.016859 0.002330 0.498703 0.104924
0.002610 -0.000085 0.104924 0.045795
24.248536 1.451788 29.585540 1.897258
0.477621 0.099755 0.003038 -0.000537
0.099755 0.044800 -0.000804 -0.000669
0.003038 -0.000804 0.507263 0.106407
-0.000537 -0.000669 0.106407 0.046048
23.765866 1.199034 30.348059 1.861111
0.450860 0.094474 -0.002192 -0.001477
0.094474 0.043740 -0.001736 -0.000728
-0.002192 -0.001736 0.499305 0.104308
-0.001477 -0.000728 0.104308 0.045541
24.228658 1.170001 31.353911 1.877060
0.467008 0.098665 -0.010354 -0.003007
0.098665 0.044744 -0.003249 -0.000934
-0.010354 -0.003249 0.518884 0.108212
-0.003007 -0.000934 0.108212 0.046348
24.785754 1.164378 32.065470 1.829991
0.467356 0.098990 -0.002052 -0.000934
0.098990 0.044806 -0.001096 -0.000365
-0.002052 -0.001096 0.521279 0.108174
-0.000934 -0.000365 0.108174 0.046269
25.615918 1.217675 32.265516 1.682044
0.453957 0.096327 -0.000530 -0.000474
0.096327 0.044221 -0.000591 -0.000201
-0.000530 -0.000591 0.504744 0.104309
-0.000474 -0.000201 0.104309 0.045431
26.470441 1.269502 33.814179 1.828103
0.436823 0.093081 -0.016943 -0.003769
0.093081 0.043555 -0.003991 -0.000867
-0.016943 -0.003991 0.520475 0.107549
-0.003769 -0.000867 0.107549 0.046150
26.808929 1.205964 34.891295 1.861633
0.431121 0.092490 -0.024499 -0.004942
0.092490 0.043488 -0.005182 -0.001029
-0.024499 -0.005182 0.531996 0.109622
-0.004942 -0.001029 0.109622 0.046565
27.425655 1.209446 36.273741 1.954364
0.438735 0.094719 -0.027420 -0.005084
0.094719 0.044004 -0.005293 -0.000972
-0.027420 -0.005293 0.552987 0.113487
-0.005084 -0.000972 0.113487 0.047323
28.157414 1.238054 37.802642 2.067184
0.435323 0.094238 -0.033351 -0.005899
0.094238 0.043862 -0.006095 -0.001086
-0.033351 -0.006095 0.573230 0.116876
-0.005899 -0.001086 0.116876 0.047931
28.368307 1.149274 38.798979 2.058452
0.432839 0.093932 -0.039551 -0.006744
0.093932 0.043758 -0.006976 -0.001223
-0.039551 -0.006976 0.576642 0.116613
-0.006744 -0.001223 0.116613 0.047773
29.424688 1.254194 39.820302 2.058690
0.413054 0.089841 -0.039006 -0.006279
0.089841 0.042833 -0.006372 -0.001082
-0.039006 -0.006372 0.578902 0.116292
-0.006279 -0.001082 0.116292 0.047656
30.046402 1.255941 41.520905 2.192984
0.403336 0.088282 -0.035729 -0.005340
0.088282 0.042528 -0.005239 -0.000855
-0.035729 -0.005239 0.594975 0.118893
-0.005340 -0.000855 0.118893 0.048165
30.997591 1.327867 42.735323 2.217996
0.403316 0.088930 -0.026137 -0.003247
0.088930 0.042713 -0.002998 -0.000430
-0.026137 -0.002998 0.585942 0.116384
-0.003247 -0.000430 0.116384 0.047641
31.819483 1.362438 43.741641 2.198392
0.404609 0.089705 -0.013526 -0.000786
0.089705 0.042882 -0.000404 0.000024
-0.013526 -0.000404 0.562109 0.111306
-0.000786 0.000024 0.111306 0.046681
33.062181 1.488117 45.030792 2.238315
0.405767 0.090315 0.010099 0.003629
0.090315 0.042989 0.004393 0.000884
0.010099 0.004393 0.535133 0.106171
0.003629 0.000884 0.106171 0.045803
33.665929 1.457244 46.305611 2.269030
0.436600 0.097279 -0.001385 0.000768
0.097279 0.044463 0.000998 0.000081
-0.001385 0.000998 0.519934 0.103708
0.000768 0.000081 0.103708 0.045486
34.136223 1.399085 46.906404 2.161339
0.455165 0.100768 -0.006575 -0.000566
0.100768 0.045033 -0.000591 -0.000279
-0.006575 -0.000591 0.479584 0.096371
-0.000566 -0.000279 0.096371 0.044187
34.333048 1.287520 47.121256 1.984194
0.458124 0.100512 -0.006648 -0.000736
0.100512 0.044762 -0.000829 -0.000332
-0.006648 -0.000829 0.433410 0.088326
-0.000736 -0.000332 0.088326 0.042790
35.114967 1.317252 47.824733 1.924242
0.487998 0.106236 -0.008491 -0.001201
0.106236 0.045863 -0.001349 -0.000426
-0.008491 -0.001349 0.414963 0.086417
-0.001201 -0.000426 0.086417 0.042676
35.971181 1.359524 48.562687 1.876779
0.523227 0.112571 -0.018133 -0.003266
0.112571 0.047021 -0.003456 -0.000849
-0.018133 -0.003456 0.406625 0.086480
-0.003266 -0.000849 0.086480 0.042882
