2.997431 2.161093 2.510501 0.112175
2.453439 0.981397 -0.080098 -0.032040
0.981397 80.396634 -0.032040 -0.012816
-0.080098 -0.032040 2.453279 0.981333
-0.032040 -0.012816 0.981333 80.396608
6.360306 6.155723 2.694864 0.352485
2.238478 3.916746 -0.037597 -0.050250
3.916746 15.194644 -0.050117 -0.291937
-0.037597 -0.050117 2.257609 3.950255
-0.050250 -0.291937 3.950255 15.252868
5.733317 1.871776 1.056727 -1.739753
2.023579 2.340925 -0.044495 -0.053537
2.340925 4.586543 -0.053536 -0.117584
-0.044495 -0.053536 2.045085 2.362720
-0.053537 -0.117584 2.362720 4.611437
6.635148 1.838610 5.062928 2.354658
1.744298 1.467009 -0.022050 -0.020202
1.467009 1.926739 -0.020161 -0.037129
-0.022050 -0.020161 1.742927 1.463534
-0.020202 -0.037129 1.463534 1.924182
8.142902 2.227100 5.409555 1.807245
1.473657 0.970203 -0.013942 -0.011117
0.970203 0.969571 -0.011109 -0.017030
-0.013942 -0.011109 1.479513 0.973600
-0.011117 -0.017030 0.973600 0.972830
8.441314 1.788409 4.060809 0.587939
1.292651 0.700662 -0.024842 -0.015264
0.700662 0.565036 -0.015270 -0.013617
-0.024842 -0.015270 1.303115 0.706126
-0.015264 -0.013617 0.706126 0.568653
7.818123 1.088106 5.070176 0.919064
1.154738 0.532442 -0.022826 -0.011612
0.532442 0.361626 -0.011611 -0.008365
-0.022826 -0.011611 1.160139 0.534669
-0.011612 -0.008365 0.534669 0.363020
8.125291 0.992427 6.312244 1.233548
1.039857 0.417877 -0.025475 -0.010889
0.417877 0.247424 -0.010888 -0.006208
-0.025475 -0.010888 1.042855 0.418918
-0.010889 -0.006208 0.418918 0.248109
9.092435 1.160639 6.820078 1.194511
0.942786 0.336694 -0.013982 -0.005274
0.336694 0.178803 -0.005274 -0.003033
-0.013982 -0.005274 0.946594 0.337979
-0.005274 -0.003033 0.337979 0.179469
10.679910 1.485413 8.029405 1.391686
0.864153 0.278796 -0.013497 -0.004572
0.278796 0.135877 -0.004572 -0.002280
-0.013497 -0.004572 0.868055 0.280003
-0.004572 -0.002280 0.280003 0.136419
11.400756 1.478909 8.975099 1.465522
0.804423 0.237762 -0.007840 -0.002456
0.237762 0.108299 -0.002456 -0.001299
-0.007840 -0.002456 0.807571 0.238644
-0.002456 -0.001299 0.238644 0.108671
12.488559 1.574362 9.801014 1.490983
0.749424 0.205392 -0.009090 -0.002628
0.205392 0.089244 -0.002627 -0.001152
-0.009090 -0.002627 0.752514 0.206195
-0.002628 -0.001152 0.206195 0.089549
12.983363 1.499106 11.419672 1.715395
0.703537 0.180834 -0.007939 -0.002125
0.180834 0.076141 -0.002125 -0.000866
-0.007939 -0.002125 0.705130 0.181197
-0.002125 -0.000866 0.181197 0.076299
13.608093 1.468717 12.033069 1.655907
0.663555 0.161630 -0.007790 -0.001937
0.161630 0.066886 -0.001937 -0.000711
-0.007790 -0.001937 0.665077 0.161968
-0.001937 -0.000711 0.161968 0.067021
13.880624 1.361087 13.370566 1.774638
0.629597 0.146742 -0.007785 -0.001803
0.146742 0.060330 -0.001803 -0.000598
-0.007785 -0.001803 0.630219 0.146860
-0.001803 -0.000598 0.146860 0.060400
14.751172 1.403860 14.467728 1.821868
0.600390 0.135083 -0.003847 -0.000798
0.135083 0.055638 -0.000798 -0.000310
-0.003847 -0.000798 0.600856 0.135175
-0.000798 -0.000310 0.135175 0.055696
14.700716 1.239207 15.988843 1.955370
0.574373 0.125746 -0.004215 -0.000861
0.125746 0.052230 -0.000861 -0.000294
-0.004215 -0.000861 0.573988 0.125659
-0.000861 -0.000294 0.125659 0.052242
15.015659 1.173833 16.934368 1.948427
0.555818 0.119259 -0.001918 -0.000336
0.119259 0.049967 -0.000336 -0.000154
-0.001918 -0.000336 0.555215 0.119144
-0.000336 -0.000154 0.119144 0.049971
15.965070 1.250534 18.307773 2.032907
0.538911 0.113967 -0.001790 -0.000322
0.113967 0.048300 -0.000322 -0.000138
-0.001790 -0.000322 0.538312 0.113870
-0.000322 -0.000138 0.113870 0.048306
16.708579 1.275294 19.254361 2.018278
0.524821 0.109928 -0.002134 -0.000401
0.109928 0.047134 -0.000401 -0.000143
-0.002134 -0.000401 0.524268 0.109853
-0.000401 -0.000143 0.109853 0.047141
17.717256 1.352513 19.668729 1.894383
0.515311 0.107327 -0.004017 -0.000787
0.107327 0.046423 -0.000786 -0.000211
-0.004017 -0.000786 0.514988 0.107307
-0.000787 -0.000211 0.107307 0.046439
18.644044 1.404537 20.613018 1.893826
0.506468 0.105170 -0.000608 -0.000033
0.105170 0.045896 -0.000033 -0.000037
-0.000608 -0.000033 0.506231 0.105167
-0.000033 -0.000037 0.105167 0.045911
19.826501 1.504161 21.527672 1.887194
0.500840 0.103913 0.001213 0.000319
0.103913 0.045615 0.000318 0.000036
0.001213 0.000318 0.500734 0.103934
0.000319 0.000036 0.103934 0.045631
20.441940 1.475806 22.685812 1.931735
0.495131 0.102765 0.001010 0.000223
0.102765 0.045383 0.000223 0.000012
0.001010 0.000223 0.495037 0.102782
0.000223 0.000012 0.102782 0.045395
20.581336 1.351399 24.044901 2.013511
0.491016 0.102049 0.000652 0.000113
0.102049 0.045259 0.000113 -0.000011
0.000652 0.000113 0.490944 0.102065
0.000113 -0.000011 0.102065 0.045267
20.750202 1.245855 25.216509 2.047888
0.484444 0.100869 0.002094 0.000395
0.100869 0.045041 0.000395 0.000051
0.002094 0.000395 0.484429 0.100891
0.000395 0.000051 0.100891 0.045049
21.324532 1.235665 26.496497 2.101363
0.481008 0.100424 0.004049 0.000763
0.100424 0.044985 0.000763 0.000127
0.004049 0.000763 0.481153 0.100474
0.000763 0.000127 0.100474 0.044997
21.204760 1.081177 27.753601 2.144818
0.479285 0.100340 0.003020 0.000481
0.100340 0.044997 0.000481 0.000062
0.003020 0.000481 0.479610 0.100420
0.000481 0.000062 0.100420 0.045013
22.452409 1.229570 28.808466 2.140865
0.479202 0.100566 0.002164 0.000271
0.100566 0.045061 0.000270 0.000020
0.002164 0.000270 0.479729 0.100678
0.000271 0.000020 0.100678 0.045082
22.900156 1.194666 29.333137 2.026200
0.476699 0.100221 0.002884 0.000419
0.100221 0.044988 0.000419 0.000059
0.002884 0.000419 0.477213 0.100319
0.000419 0.000059 0.100319 0.045005
24.098896 1.321389 30.215305 1.998374
0.473673 0.099764 -0.000222 -0.000248
0.099764 0.044891 -0.000248 -0.000078
-0.000222 -0.000248 0.474363 0.099890
-0.000248 -0.000078 0.099890 0.044913
24.378328 1.240903 31.321683 2.021105
0.474294 0.100083 0.000715 0.000002
0.100083 0.044958 0.000002 -0.000009
0.000715 0.000002 0.475366 0.100280
0.000002 -0.000009 0.100280 0.044994
24.922059 1.224645 32.518125 2.060381
0.473990 0.100141 0.000074 -0.000109
0.100141 0.044957 -0.000109 -0.000026
0.000074 -0.000109 0.475503 0.100416
-0.000109 -0.000026 0.100416 0.045008
25.426332 1.201850 33.276774 2.003019
0.475185 0.100481 0.001082 0.000137
0.100481 0.045012 0.000137 0.000034
0.001082 0.000137 0.476861 0.100771
0.000137 0.000034 0.100771 0.045063
25.943110 1.184045 34.306692 2.009039
0.476285 0.100747 -0.000176 -0.000123
0.100747 0.045043 -0.000123 -0.000021
-0.000176 -0.000123 0.478363 0.101103
-0.000123 -0.000021 0.101103 0.045107
26.108630 1.093885 34.888474 1.919768
0.471671 0.099764 0.000313 0.000011
0.099764 0.044807 0.000011 0.000013
0.000313 0.000011 0.474019 0.100156
0.000011 0.000013 0.100156 0.044878
26.522150 1.065630 35.984396 1.948539
0.473936 0.100320 -0.001450 -0.000349
0.100320 0.044918 -0.000349 -0.000063
-0.001450 -0.000349 0.476818 0.100803
-0.000349 -0.000063 0.100803 0.045007
27.402679 1.139237 36.947170 1.946112
0.476149 0.100796 0.000097 0.000023
0.100796 0.045000 0.000023 0.000022
0.000097 0.000023 0.479340 0.101317
0.000023 0.000022 0.101317 0.045094
27.955999 1.135790 38.024928 1.968226
0.475411 0.100593 -0.000113 -0.000017
0.100593 0.044932 -0.000018 0.000011
-0.000113 -0.000018 0.479225 0.101221
-0.000017 0.000011 0.101221 0.045048
29.169370 1.272324 38.753206 1.914238
0.474429 0.100358 -0.001591 -0.000324
0.100358 0.044865 -0.000325 -0.000055
-0.001591 -0.000325 0.478295 0.100966
-0.000324 -0.000055 0.100966 0.044975
29.802750 1.271773 40.105466 1.997625
0.473664 0.100190 -0.001105 -0.000188
0.100190 0.044820 -0.000188 -0.000023
-0.001105 -0.000188 0.478506 0.100980
-0.000188 -0.000023 0.100980 0.044969
30.098174 1.199760 41.163541 2.010084
0.472003 0.099846 -0.002206 -0.000405
0.099846 0.044743 -0.000406 -0.000070
-0.002206 -0.000406 0.477689 0.100779
-0.000405 -0.000070 0.100779 0.044919
30.739442 1.208427 41.702605 1.911791
0.471686 0.099816 -0.003085 -0.000558
0.099816 0.044737 -0.000559 -0.000099
-0.003085 -0.000559 0.477386 0.100707
-0.000558 -0.000099 0.100707 0.044902
31.337251 1.206994 42.385140 1.854122
0.470849 0.099672 -0.003342 -0.000571
0.099672 0.044707 -0.000572 -0.000098
-0.003342 -0.000572 0.476849 0.100594
-0.000571 -0.000098 0.100594 0.044879
32.025997 1.225271 43.932837 1.985095
0.469094 0.099340 -0.004968 -0.000878
0.099340 0.044638 -0.000880 -0.000162
-0.004968 -0.000880 0.476517 0.100534
-0.000878 -0.000162 0.100534 0.044868
32.650982 1.227912 44.974031 1.995366
0.470079 0.099615 -0.002606 -0.000320
0.099615 0.044702 -0.000319 -0.000037
-0.002606 -0.000319 0.478158 0.100897
-0.000320 -0.000037 0.100897 0.044947
33.625247 1.304287 45.969311 1.995033
0.469975 0.099620 -0.005047 -0.000838
0.099620 0.044700 -0.000840 -0.000155
-0.005047 -0.000840 0.478509 0.100949
-0.000838 -0.000155 0.100949 0.044953
33.951261 1.235033 46.778530 1.955130
0.469118 0.099460 -0.004343 -0.000647
0.099460 0.044663 -0.000646 -0.000111
-0.004343 -0.000646 0.478334 0.100889
-0.000647 -0.000111 0.100889 0.044936
34.583151 1.237865 47.402642 1.880598
0.468717 0.099406 -0.004609 -0.000684
0.099406 0.044650 -0.000684 -0.000122
-0.004609 -0.000684 0.478125 0.100829
-0.000684 -0.000122 0.100829 0.044921
35.125673 1.221401 47.953659 1.798459
0.470245 0.099759 -0.006456 -0.001055
0.099759 0.044723 -0.001058 -0.000203
-0.006456 -0.001058 0.479754 0.101164
-0.001055 -0.000203 0.101164 0.044992
