0.489001 1.157699 2.233994 0.001570
1.628073 0.651243 0.281762 0.112707
0.651243 80.264570 0.112707 0.045084
0.281762 0.112707 3.343258 1.337332
0.112707 0.045084 1.337332 80.539011
5.000871 8.392923 -0.023240 -3.881267
2.571761 4.733192 -1.564827 -2.687086
4.733192 14.528876 -2.945179 -4.241426
-1.564827 -2.945179 3.624270 6.116367
-2.687086 -4.241426 6.116367 21.090455
6.564020 5.663856 1.522509 -0.200030
1.634524 1.902437 0.675962 1.008323
1.902437 3.520940 0.817656 1.194706
0.675962 0.817656 0.700459 0.905092
1.008323 1.194706 0.905092 3.621229
9.260147 5.540703 1.483415 -0.107683
1.534853 1.297898 0.374955 0.223252
1.297898 1.578900 0.227008 0.123882
0.374955 0.227008 1.110556 1.268453
0.223252 0.123882 1.268453 2.101836
8.721584 3.378532 1.275440 0.001200
0.780718 0.493044 0.434968 0.298874
0.493044 0.540715 0.228348 0.187558
0.434968 0.228348 1.322250 1.045840
0.298874 0.187558 1.045840 1.067868
10.283513 3.203189 4.101148 1.738157
0.745821 0.408288 0.295412 0.147073
0.408288 0.352610 0.127063 0.084249
0.295412 0.127063 1.060404 0.636344
0.147073 0.084249 0.636344 0.505169
8.662192 1.671093 4.265698 1.481112
0.205932 0.097945 0.043162 0.015506
0.097945 0.127594 -0.008734 0.010040
0.043162 -0.008734 1.096130 0.541653
0.015506 0.010040 0.541653 0.342506
9.234074 1.518445 6.517227 2.106901
0.251686 0.122644 -0.002130 -0.000731
0.122644 0.113165 -0.017854 0.004158
-0.002130 -0.017854 1.049794 0.434895
-0.000731 0.004158 0.434895 0.231804
9.826473 1.448839 6.868260 1.853448
0.348751 0.156497 -0.054736 -0.015206
0.156497 0.107549 -0.032126 -0.001995
-0.054736 -0.032126 1.057563 0.377758
-0.015206 -0.001995 0.377758 0.174227
10.838401 1.561487 9.023790 2.246427
0.421449 0.167407 -0.073850 -0.016428
0.167407 0.095032 -0.030428 -0.001866
-0.073850 -0.030428 0.911897 0.286923
-0.016428 -0.001866 0.286923 0.122602
11.077921 1.367494 9.005486 1.911191
0.452256 0.159261 -0.157430 -0.037168
0.159261 0.079883 -0.053563 -0.009184
-0.157430 -0.053563 0.788063 0.222298
-0.037168 -0.009184 0.222298 0.090950
11.980662 1.442079 10.606461 2.086007
0.507039 0.160921 -0.153604 -0.030612
0.160921 0.072354 -0.043741 -0.006153
-0.153604 -0.043741 0.748032 0.194610
-0.030612 -0.006153 0.194610 0.076509
12.711974 1.441916 11.321643 2.005125
0.548683 0.158577 -0.149529 -0.025891
0.158577 0.065854 -0.036563 -0.004421
-0.149529 -0.036563 0.731338 0.177878
-0.025891 -0.004421 0.177878 0.067757
13.644671 1.497957 12.241698 1.990051
0.554847 0.147664 -0.141833 -0.022114
0.147664 0.058817 -0.030624 -0.003413
-0.141833 -0.030624 0.687466 0.157902
-0.022114 -0.003413 0.157902 0.059993
14.482110 1.520415 13.256364 1.996164
0.562480 0.139985 -0.114191 -0.014576
0.139985 0.054319 -0.020955 -0.001617
-0.114191 -0.020955 0.656376 0.144518
-0.014576 -0.001617 0.144518 0.055195
15.193029 1.507700 14.167874 1.976588
0.579697 0.136384 -0.095702 -0.009991
0.136384 0.051804 -0.015057 -0.000758
-0.095702 -0.015057 0.646740 0.137726
-0.009991 -0.000758 0.137726 0.052608
15.944812 1.505621 15.014032 1.946789
0.537233 0.120454 -0.078903 -0.007439
0.120454 0.047121 -0.011201 -0.000600
-0.078903 -0.011201 0.583700 0.120896
-0.007439 -0.000600 0.120896 0.048363
16.760425 1.520411 16.087043 1.968288
0.535811 0.116258 -0.064503 -0.004917
0.116258 0.045828 -0.007917 -0.000315
-0.064503 -0.007917 0.567390 0.115863
-0.004917 -0.000315 0.115863 0.047132
17.385705 1.492351 17.132815 1.978935
0.540949 0.114315 -0.067196 -0.006039
0.114315 0.045273 -0.008635 -0.000798
-0.067196 -0.008635 0.559810 0.113098
-0.006039 -0.000798 0.113098 0.046499
18.042283 1.478239 18.599350 2.074284
0.526975 0.109282 -0.049231 -0.003101
0.109282 0.044287 -0.005192 -0.000397
-0.049231 -0.005192 0.530826 0.106749
-0.003101 -0.000397 0.106749 0.045302
18.646293 1.448197 19.373029 2.019454
0.515375 0.105462 -0.054164 -0.004974
0.105462 0.043682 -0.006692 -0.000976
-0.054164 -0.006692 0.514893 0.103466
-0.004974 -0.000976 0.103466 0.044787
18.462662 1.263057 20.401287 2.013513
0.492908 0.100329 -0.035219 -0.001876
0.100329 0.042952 -0.003283 -0.000487
-0.035219 -0.003283 0.480824 0.097131
-0.001876 -0.000487 0.097131 0.043746
18.387534 1.118739 21.390580 2.003343
0.486630 0.099019 -0.038856 -0.003410
0.099019 0.043040 -0.004597 -0.000931
-0.038856 -0.004597 0.466340 0.095078
-0.003410 -0.000931 0.095078 0.043581
18.476104 1.022710 22.432844 2.007765
0.502017 0.102398 -0.043062 -0.004670
0.102398 0.044070 -0.005676 -0.001221
-0.043062 -0.005676 0.477982 0.098518
-0.004670 -0.001221 0.098518 0.044520
19.613750 1.155238 24.148340 2.160801
0.487914 0.099630 -0.029360 -0.002290
0.099630 0.043760 -0.003059 -0.000754
-0.029360 -0.003059 0.475713 0.098795
-0.002290 -0.000754 0.098795 0.044707
19.834387 1.081595 25.161280 2.144259
0.477303 0.097914 -0.011268 0.000890
0.097914 0.043680 0.000218 -0.000158
-0.011268 0.000218 0.466825 0.097587
0.000890 -0.000158 0.097587 0.044540
20.864519 1.182123 26.121817 2.123347
0.478480 0.098683 -0.014918 -0.000631
0.098683 0.044069 -0.001132 -0.000542
-0.014918 -0.001132 0.475521 0.099956
-0.000631 -0.000542 0.099956 0.045083
21.542472 1.200362 27.253450 2.138462
0.471421 0.097681 -0.014435 -0.001075
0.097681 0.044034 -0.001445 -0.000653
-0.014435 -0.001445 0.477961 0.100726
-0.001075 -0.000653 0.100726 0.045228
22.026799 1.175425 28.017889 2.073728
0.473739 0.098709 -0.009342 -0.000384
0.098709 0.044402 -0.000693 -0.000500
-0.009342 -0.000693 0.482968 0.101929
-0.000384 -0.000500 0.101929 0.045447
23.434153 1.347899 29.565811 2.183661
0.450617 0.094224 -0.028820 -0.004942
0.094224 0.043549 -0.005094 -0.001446
-0.028820 -0.005094 0.485093 0.102306
-0.004942 -0.001446 0.102306 0.045456
23.970197 1.318314 30.447052 2.138859
0.452723 0.095434 -0.032325 -0.005558
0.095434 0.043947 -0.005671 -0.001476
-0.032325 -0.005671 0.492176 0.103720
-0.005558 -0.001476 0.103720 0.045697
24.828039 1.360083 31.374371 2.109571
0.453880 0.096243 -0.032716 -0.005453
0.096243 0.044192 -0.005529 -0.001362
-0.032716 -0.005529 0.499500 0.105051
-0.005453 -0.001362 0.105051 0.045907
25.438098 1.346416 32.813550 2.190009
0.451801 0.096212 -0.030375 -0.004801
0.096212 0.044213 -0.004791 -0.001146
-0.030375 -0.004791 0.517139 0.108439
-0.004801 -0.001146 0.108439 0.046543
24.663883 1.038648 34.449411 2.297654
0.408792 0.087399 -0.015971 -0.001852
0.087399 0.042344 -0.001588 -0.000474
-0.015971 -0.001588 0.524801 0.109481
-0.001852 -0.000474 0.109481 0.046655
25.512252 1.108969 35.292407 2.235239
0.383570 0.083027 -0.021796 -0.003308
0.083027 0.041536 -0.003091 -0.000821
-0.021796 -0.003091 0.518532 0.107522
-0.003308 -0.000821 0.107522 0.046145
25.973425 1.089449 36.730160 2.301143
0.373190 0.082093 -0.026832 -0.004382
0.082093 0.041479 -0.004195 -0.001037
-0.026832 -0.004195 0.533985 0.110330
-0.004382 -0.001037 0.110330 0.046694
26.749689 1.139822 37.484678 2.220441
0.362727 0.080982 -0.030586 -0.005082
0.080982 0.041314 -0.004971 -0.001167
-0.030586 -0.004971 0.532373 0.109415
-0.005082 -0.001167 0.109415 0.046445
27.652030 1.212711 37.968554 2.093291
0.371510 0.084108 -0.029943 -0.004752
0.084108 0.042060 -0.004707 -0.001063
-0.029943 -0.004707 0.526377 0.107787
-0.004752 -0.001063 0.107787 0.046098
28.306630 1.223575 38.979243 2.086125
0.377556 0.086074 -0.033120 -0.005268
0.086074 0.042421 -0.005285 -0.001154
-0.033120 -0.005285 0.537211 0.109808
-0.005268 -0.001154 0.109808 0.046539
28.883679 1.216000 40.105980 2.103051
0.407025 0.093055 -0.036672 -0.005726
0.093055 0.043875 -0.005902 -0.001229
-0.036672 -0.005902 0.548935 0.111861
-0.005726 -0.001229 0.111861 0.046955
29.366317 1.188499 41.374587 2.146597
0.433845 0.098593 -0.038010 -0.005726
0.098593 0.044860 -0.005978 -0.001201
-0.038010 -0.005978 0.557996 0.113245
-0.005726 -0.001201 0.113245 0.047213
30.124846 1.222498 41.841215 2.024613
0.444519 0.099918 -0.032561 -0.004456
0.099918 0.044836 -0.004671 -0.000922
-0.032561 -0.004671 0.540368 0.109199
-0.004456 -0.000922 0.109199 0.046373
30.445836 1.155906 42.440233 1.939642
0.437372 0.097211 -0.028421 -0.003673
0.097211 0.043972 -0.003779 -0.000773
-0.028421 -0.003779 0.529546 0.106973
-0.003673 -0.000773 0.106973 0.045986
30.390286 1.015480 43.300847 1.914628
0.423017 0.093313 -0.026122 -0.003361
0.093313 0.042983 -0.003353 -0.000733
-0.026122 -0.003353 0.526210 0.106484
-0.003361 -0.000733 0.106484 0.045979
31.106202 1.059308 43.794285 1.821368
0.429356 0.094494 -0.017198 -0.001624
0.094494 0.043243 -0.001563 -0.000389
-0.017198 -0.001563 0.509706 0.103393
-0.001624 -0.000389 0.103393 0.045440
32.727810 1.295713 43.853435 1.651858
0.372756 0.081942 0.034192 0.008390
0.081942 0.040511 0.009295 0.001731
0.034192 0.009295 0.468429 0.095660
0.008390 0.001731 0.095660 0.044013
33.195250 1.255637 44.708545 1.657780
0.387789 0.086218 0.027701 0.005952
0.086218 0.041678 0.006565 0.000978
0.027701 0.006565 0.470233 0.097159
0.005952 0.000978 0.097159 0.044517
34.001427 1.295149 45.874386 1.727784
0.405658 0.090618 0.029399 0.005552
0.090618 0.042726 0.006093 0.000803
0.029399 0.006093 0.468104 0.097564
0.005552 0.000803 0.097564 0.044701
34.978508 1.367381 47.292483 1.843243
0.440450 0.098314 0.023300 0.003603
0.098314 0.044401 0.004058 0.000334
0.023300 0.004058 0.466834 0.098002
0.003603 0.000334 0.098002 0.044842
35.632198 1.361226 48.057934 1.810362
0.468350 0.103673 0.010788 0.000595
0.103673 0.045405 0.001007 -0.000280
0.010788 0.001007 0.442361 0.093405
0.000595 -0.000280 0.093405 0.043882
