2.799728 2.082010 -0.318833 -1.019583
2.484687 0.993896 -0.153464 -0.061387
0.993896 80.401634 -0.061387 -0.024555
-0.153464 -0.061387 2.505371 1.002170
-0.061387 -0.024555 1.002170 80.404943
8.022884 9.409584 0.709124 1.719839
2.260601 3.947424 -0.180509 -0.285152
3.947424 15.321703 -0.284538 -0.885593
-0.180509 -0.284538 2.331335 4.066854
-0.285152 -0.885593 4.066854 15.582575
8.518770 4.547896 2.735703 3.037743
1.975667 2.284963 -0.106464 -0.110197
2.284963 4.543107 -0.109950 -0.233069
-0.106464 -0.109950 2.025806 2.333992
-0.110197 -0.233069 2.333992 4.613818
7.577668 1.832782 4.500848 3.242331
1.754568 1.481805 -0.065695 -0.053803
1.481805 1.950390 -0.053677 -0.090218
-0.065695 -0.053677 1.776153 1.495425
-0.053803 -0.090218 1.495425 1.969493
7.158496 0.952807 5.021517 2.518866
1.493188 0.985515 -0.019315 -0.014865
0.985515 0.983286 -0.014780 -0.032743
-0.019315 -0.014780 1.507560 0.993710
-0.014865 -0.032743 0.993710 0.993773
6.625742 0.405681 6.166038 2.459602
1.273739 0.691060 -0.018727 -0.014028
0.691060 0.561098 -0.013969 -0.021030
-0.018727 -0.013969 1.279006 0.693812
-0.014028 -0.021030 0.693812 0.565853
6.858563 0.424188 5.976207 1.803047
1.134956 0.524435 -0.026282 -0.015915
0.524435 0.358898 -0.015890 -0.015570
-0.026282 -0.015890 1.142590 0.528435
-0.015915 -0.015570 0.528435 0.362945
8.466714 0.985262 7.391024 2.006080
1.023236 0.412391 -0.021465 -0.011649
0.412391 0.245898 -0.011639 -0.009859
-0.021465 -0.011639 1.031364 0.416209
-0.011649 -0.009859 0.416209 0.248901
10.034432 1.369935 8.586590 2.072413
0.943277 0.337989 -0.020349 -0.009704
0.337989 0.179730 -0.009700 -0.006888
-0.020349 -0.009700 0.951789 0.341525
-0.009704 -0.006888 0.341525 0.181992
11.472858 1.614169 9.361122 1.986048
0.867791 0.280676 -0.012698 -0.005982
0.280676 0.136712 -0.005985 -0.004250
-0.012698 -0.005985 0.876913 0.284011
-0.005982 -0.004250 0.284011 0.138477
11.844973 1.485536 10.280065 1.964921
0.805204 0.238410 -0.015560 -0.006147
0.238410 0.108589 -0.006144 -0.003454
-0.015560 -0.006144 0.811851 0.240648
-0.006147 -0.003454 0.240648 0.109730
12.737978 1.526550 11.397270 2.001695
0.742924 0.203878 -0.017863 -0.006068
0.203878 0.088870 -0.006064 -0.002817
-0.017863 -0.006064 0.748199 0.205528
-0.006068 -0.002817 0.205528 0.089669
13.572934 1.545660 11.829610 1.855151
0.692479 0.178258 -0.010766 -0.003581
0.178258 0.075511 -0.003580 -0.001731
-0.010766 -0.003580 0.697811 0.179784
-0.003581 -0.001731 0.179784 0.076160
13.499965 1.339020 12.958128 1.905025
0.662580 0.161745 -0.015493 -0.004407
0.161745 0.066960 -0.004403 -0.001669
-0.015493 -0.004403 0.665563 0.162575
-0.004407 -0.001669 0.162575 0.067350
14.530518 1.423459 13.661500 1.846612
0.630092 0.147118 -0.014905 -0.003853
0.147118 0.060435 -0.003850 -0.001315
-0.014905 -0.003850 0.633195 0.147926
-0.003853 -0.001315 0.147926 0.060769
15.767251 1.541697 14.702794 1.873064
0.602289 0.135680 -0.007146 -0.001770
0.135680 0.055769 -0.001768 -0.000687
-0.007146 -0.001768 0.605226 0.136399
-0.001770 -0.000687 0.136399 0.056041
16.795223 1.598020 15.672235 1.880233
0.578242 0.126677 -0.004401 -0.001058
0.126677 0.052414 -0.001057 -0.000449
-0.004401 -0.001057 0.580836 0.127275
-0.001058 -0.000449 0.127275 0.052628
17.375989 1.551102 17.415096 2.052490
0.558034 0.119721 -0.004685 -0.001073
0.119721 0.050031 -0.001072 -0.000400
-0.004685 -0.001072 0.559325 0.120004
-0.001073 -0.000400 0.120004 0.050154
18.105969 1.541473 18.355827 2.034416
0.541515 0.114458 -0.000979 -0.000234
0.114458 0.048367 -0.000234 -0.000179
-0.000979 -0.000234 0.542486 0.114667
-0.000234 -0.000179 0.114667 0.048461
18.380595 1.437704 18.809541 1.916537
0.525479 0.109966 -0.001031 -0.000263
0.109966 0.047105 -0.000263 -0.000164
-0.001031 -0.000263 0.526166 0.110113
-0.000263 -0.000164 0.110113 0.047175
18.287460 1.268747 19.672266 1.896739
0.515570 0.107285 0.003028 0.000576
0.107285 0.046386 0.000577 0.000031
0.003028 0.000577 0.515716 0.107320
0.000576 0.000031 0.107320 0.046425
19.131201 1.312118 20.906070 1.955919
0.506242 0.105039 0.003861 0.000675
0.105039 0.045848 0.000676 0.000055
0.003861 0.000676 0.506267 0.105056
0.000675 0.000055 0.105056 0.045879
19.261955 1.203107 22.106591 2.002279
0.498748 0.103417 0.001809 0.000182
0.103417 0.045499 0.000183 -0.000043
0.001809 0.000183 0.498484 0.103380
0.000182 -0.000043 0.103380 0.045515
20.005057 1.232473 23.133159 2.007500
0.491272 0.101954 0.005837 0.001011
0.101954 0.045214 0.001012 0.000144
0.005837 0.001012 0.491045 0.101933
0.001011 0.000144 0.101933 0.045231
20.778121 1.265143 24.044100 1.988101
0.487904 0.101471 0.003538 0.000455
0.101471 0.045153 0.000455 0.000027
0.003538 0.000455 0.487753 0.101470
0.000455 0.000027 0.101470 0.045170
20.801090 1.138190 24.835910 1.946301
0.485393 0.101182 0.002606 0.000248
0.101182 0.045126 0.000248 -0.000004
0.002606 0.000248 0.485212 0.101176
0.000248 -0.000004 0.101176 0.045138
21.433936 1.151272 26.214626 2.031024
0.482760 0.100861 0.002796 0.000302
0.100861 0.045083 0.000302 0.000022
0.002796 0.000302 0.482935 0.100928
0.000302 0.000022 0.100928 0.045109
21.615931 1.069097 26.786258 1.938280
0.479486 0.100402 0.000178 -0.000234
0.100402 0.045006 -0.000234 -0.000079
0.000178 -0.000234 0.479637 0.100456
-0.000234 -0.000079 0.100456 0.045024
22.263847 1.092596 28.431590 2.080171
0.476928 0.100097 -0.000206 -0.000251
0.100097 0.044956 -0.000252 -0.000064
-0.000206 -0.000252 0.477850 0.100306
-0.000251 -0.000064 0.100306 0.045005
22.548236 1.037469 29.588298 2.104782
0.474293 0.099763 0.003906 0.000674
0.099763 0.044895 0.000673 0.000145
0.003906 0.000673 0.475754 0.100065
0.000674 0.000145 0.100065 0.044958
23.157683 1.056731 30.277386 2.028190
0.474413 0.100003 0.003875 0.000633
0.100003 0.044950 0.000633 0.000130
0.003875 0.000633 0.475979 0.100299
0.000633 0.000130 0.100299 0.045007
24.172460 1.159447 31.233458 2.015731
0.473709 0.100007 0.002465 0.000310
0.100007 0.044943 0.000309 0.000059
0.002465 0.000309 0.475709 0.100372
0.000310 0.000059 0.100372 0.045011
24.759104 1.160946 32.157055 1.997932
0.472344 0.099838 0.003899 0.000622
0.099838 0.044893 0.000621 0.000129
0.003899 0.000621 0.474891 0.100292
0.000622 0.000129 0.100292 0.044977
25.183916 1.128033 33.103328 1.986868
0.472134 0.099902 0.003095 0.000431
0.099902 0.044892 0.000430 0.000086
0.003095 0.000430 0.475349 0.100466
0.000431 0.000086 0.100466 0.044996
25.409391 1.056332 34.119884 1.991917
0.469565 0.099436 0.000057 -0.000210
0.099436 0.044776 -0.000212 -0.000048
0.000057 -0.000212 0.473761 0.100171
-0.000210 -0.000048 0.100171 0.044913
25.614874 0.988048 34.779053 1.920781
0.469900 0.099607 -0.003031 -0.000802
0.099607 0.044802 -0.000805 -0.000160
-0.003031 -0.000805 0.474502 0.100381
-0.000802 -0.000160 0.100381 0.044943
26.576983 1.087368 35.386027 1.845953
0.469539 0.099590 -0.002289 -0.000535
0.099590 0.044782 -0.000537 -0.000084
-0.002289 -0.000537 0.474256 0.100345
-0.000535 -0.000084 0.100345 0.044916
28.079370 1.290806 36.416965 1.868841
0.467955 0.099298 -0.000368 -0.000057
0.099298 0.044703 -0.000058 0.000025
-0.000368 -0.000058 0.473279 0.100149
-0.000057 0.000025 0.100149 0.044858
28.468966 1.236503 37.483782 1.896843
0.468137 0.099394 -0.003245 -0.000651
0.099394 0.044713 -0.000653 -0.000105
-0.003245 -0.000653 0.474764 0.100484
-0.000651 -0.000105 0.100484 0.044917
29.761920 1.379859 38.688784 1.951285
0.467924 0.099382 -0.005477 -0.001057
0.099382 0.044696 -0.001060 -0.000185
-0.005477 -0.001060 0.475476 0.100615
-0.001057 -0.000185 0.100615 0.044928
30.205037 1.327586 40.048722 2.032476
0.465591 0.098909 -0.007199 -0.001328
0.098909 0.044582 -0.001331 -0.000233
-0.007199 -0.001331 0.475209 0.100523
-0.001328 -0.000233 0.100523 0.044892
30.917278 1.337990 41.227703 2.066926
0.467250 0.099320 -0.008256 -0.001444
0.099320 0.044665 -0.001448 -0.000248
-0.008256 -0.001448 0.478083 0.101106
-0.001444 -0.000248 0.101106 0.045003
31.404980 1.299091 41.842801 1.978358
0.469679 0.099845 -0.005928 -0.000851
0.099845 0.044764 -0.000850 -0.000115
-0.005928 -0.000850 0.480616 0.101563
-0.000851 -0.000115 0.101563 0.045081
31.986629 1.284513 42.665994 1.943258
0.469895 0.099839 -0.008471 -0.001361
0.099839 0.044741 -0.001363 -0.000233
-0.008471 -0.001363 0.481614 0.101657
-0.001361 -0.000233 0.101657 0.045079
32.434616 1.243369 43.749325 1.966609
0.466951 0.099166 -0.009439 -0.001501
0.099166 0.044581 -0.001503 -0.000263
-0.009439 -0.001503 0.480523 0.101316
-0.001501 -0.000263 0.101316 0.044990
32.932305 1.216843 44.576582 1.933576
0.469659 0.099762 -0.008371 -0.001206
0.099762 0.044708 -0.001205 -0.000200
-0.008371 -0.001205 0.483912 0.101969
-0.001206 -0.000200 0.101969 0.045124
33.897639 1.292958 45.805947 1.989293
0.466858 0.099124 -0.010463 -0.001624
0.099124 0.044559 -0.001624 -0.000297
-0.010463 -0.001624 0.482865 0.101633
-0.001624 -0.000297 0.101633 0.045041
34.579588 1.301228 47.342046 2.103248
0.464922 0.098735 -0.011477 -0.001782
0.098735 0.044479 -0.001780 -0.000331
-0.011477 -0.001780 0.483790 0.101761
-0.001782 -0.000331 0.101761 0.045067
35.367182 1.329210 47.635002 1.943948
0.466143 0.099049 -0.012590 -0.001952
0.099049 0.044554 -0.001955 -0.000368
-0.012590 -0.001955 0.483805 0.101698
-0.001952 -0.000368 0.101698 0.045053
36.202513 1.365027 48.315620 1.882997
0.464606 0.098736 -0.015901 -0.002585
0.098736 0.044485 -0.002594 -0.000502
-0.015901 -0.002594 0.482714 0.101417
-0.002585 -0.000502 0.101417 0.044997
