5.185453 3.036320 1.401876 -0.331285
2.491631 0.996674 -0.057736 -0.023095
0.996674 80.402745 -0.023095 -0.009238
-0.057736 -0.023095 2.514268 1.005729
-0.023095 -0.009238 1.005729 80.406367
1.447032 -6.150517 0.022254 -2.475320
2.214277 3.866934 -0.075826 -0.121271
3.866934 15.205029 -0.121357 -0.358294
-0.075826 -0.121357 2.226796 3.884455
-0.121271 -0.358294 3.884455 15.293065
3.982052 0.374731 2.806649 2.212170
2.001468 2.323001 -0.066858 -0.071048
2.323001 4.592519 -0.071065 -0.121953
-0.066858 -0.071065 2.011773 2.335190
-0.071048 -0.121953 2.335190 4.622229
7.098717 2.845144 2.409416 0.947910
1.701726 1.436738 -0.007727 -0.003352
1.436738 1.909724 -0.003348 -0.019197
-0.007727 -0.003348 1.723543 1.455718
-0.003352 -0.019197 1.455718 1.931593
8.252932 2.667532 2.951884 0.993412
1.464946 0.969343 -0.027470 -0.019162
0.969343 0.972822 -0.019164 -0.022346
-0.027470 -0.019164 1.482663 0.980783
-0.019162 -0.022346 0.980783 0.982743
8.418252 2.030921 4.709616 1.679964
1.290377 0.702062 -0.011351 -0.007107
0.702062 0.567065 -0.007100 -0.009163
-0.011351 -0.007100 1.299786 0.706791
-0.007107 -0.009163 0.706791 0.570865
9.260274 1.949279 7.053175 2.374989
1.169521 0.540671 -0.007932 -0.004817
0.540671 0.365795 -0.004809 -0.005548
-0.007932 -0.004809 1.173562 0.542350
-0.004817 -0.005548 0.542350 0.367379
9.670152 1.722104 8.262341 2.384303
1.044617 0.420160 -0.005575 -0.003348
0.420160 0.248254 -0.003342 -0.003520
-0.005575 -0.003342 1.047230 0.421218
-0.003348 -0.003520 0.421218 0.249268
9.576527 1.382002 8.590635 2.076651
0.948193 0.338697 -0.007961 -0.003842
0.338697 0.179371 -0.003837 -0.002850
-0.007961 -0.003837 0.950325 0.339560
-0.003842 -0.002850 0.339560 0.180112
10.892129 1.584908 8.029315 1.559937
0.869444 0.280407 -0.010509 -0.004193
0.280407 0.136244 -0.004193 -0.002368
-0.010509 -0.004193 0.874322 0.282116
-0.004193 -0.002368 0.282116 0.137116
10.527298 1.242583 9.561124 1.782902
0.802113 0.236896 -0.010302 -0.003625
0.236896 0.107905 -0.003623 -0.001768
-0.010302 -0.003623 0.804070 0.237565
-0.003625 -0.001768 0.237565 0.108328
11.176771 1.250068 10.890821 1.902978
0.744205 0.203844 -0.007699 -0.002509
0.203844 0.088731 -0.002507 -0.001172
-0.007699 -0.002507 0.745301 0.204236
-0.002509 -0.001172 0.204236 0.089009
12.124979 1.333076 11.958251 1.932659
0.696171 0.178916 -0.002614 -0.000956
0.178916 0.075601 -0.000955 -0.000594
-0.002614 -0.000955 0.697164 0.179265
-0.000956 -0.000594 0.179265 0.075822
11.935307 1.124608 12.436275 1.813925
0.654079 0.159399 -0.003516 -0.001110
0.159399 0.066328 -0.001110 -0.000536
-0.003516 -0.001110 0.654480 0.159584
-0.001110 -0.000536 0.159584 0.066475
12.770364 1.188218 13.476410 1.844935
0.626436 0.146195 -0.002588 -0.000806
0.146195 0.060215 -0.000805 -0.000387
-0.002588 -0.000805 0.626757 0.146355
-0.000806 -0.000387 0.146355 0.060332
13.146841 1.139099 14.730273 1.919697
0.599020 0.134953 -0.000377 -0.000247
0.134953 0.055617 -0.000246 -0.000206
-0.000377 -0.000246 0.598773 0.134976
-0.000247 -0.000206 0.134976 0.055685
14.156454 1.235633 15.389462 1.853639
0.575530 0.126145 -0.000367 -0.000236
0.126145 0.052318 -0.000235 -0.000171
-0.000367 -0.000235 0.575586 0.126236
-0.000236 -0.000171 0.126236 0.052388
15.573622 1.407208 16.526691 1.898638
0.552719 0.118674 -0.001799 -0.000528
0.118674 0.049829 -0.000527 -0.000207
-0.001799 -0.000527 0.552987 0.118802
-0.000528 -0.000207 0.118802 0.049895
16.789921 1.515665 17.823239 1.972078
0.535418 0.113332 -0.001142 -0.000341
0.113332 0.048160 -0.000341 -0.000139
-0.001142 -0.000341 0.535666 0.113441
-0.000341 -0.000139 0.113441 0.048211
17.123351 1.426664 18.809543 1.972193
0.522845 0.109646 0.000232 -0.000024
0.109646 0.047075 -0.000024 -0.000054
0.000232 -0.000024 0.522851 0.109693
-0.000024 -0.000054 0.109693 0.047105
17.889925 1.437768 19.786755 1.970332
0.511964 0.106759 -0.000921 -0.000265
0.106759 0.046304 -0.000265 -0.000095
-0.000921 -0.000265 0.511918 0.106789
-0.000265 -0.000095 0.106789 0.046326
18.030222 1.317442 20.819537 1.980293
0.502966 0.104594 0.000137 -0.000020
0.104594 0.045779 -0.000020 -0.000031
0.000137 -0.000020 0.502719 0.104577
-0.000020 -0.000031 0.104577 0.045787
18.646637 1.308638 21.935511 2.006456
0.496188 0.103123 -0.000234 -0.000095
0.103123 0.045456 -0.000095 -0.000041
-0.000234 -0.000095 0.495911 0.103098
-0.000095 -0.000041 0.103098 0.045460
19.296586 1.307726 22.985221 2.016127
0.489053 0.101718 0.001605 0.000297
0.101718 0.045177 0.000297 0.000047
0.001605 0.000297 0.488792 0.101696
0.000297 0.000047 0.101696 0.045179
20.094189 1.337628 24.400842 2.101069
0.486281 0.101340 0.003630 0.000693
0.101340 0.045130 0.000693 0.000127
0.003630 0.000693 0.486134 0.101340
0.000693 0.000127 0.101340 0.045135
20.866597 1.359206 25.670509 2.146816
0.482569 0.100775 0.001345 0.000158
0.100775 0.045039 0.000158 0.000008
0.001345 0.000158 0.482563 0.100800
0.000158 0.000008 0.100800 0.045048
21.469492 1.343075 27.037156 2.208226
0.478850 0.100228 0.001849 0.000264
0.100228 0.044949 0.000264 0.000036
0.001849 0.000264 0.479049 0.100290
0.000264 0.000036 0.100290 0.044964
22.358629 1.388718 28.197618 2.219991
0.478458 0.100395 -0.000860 -0.000313
0.100395 0.045006 -0.000313 -0.000082
-0.000860 -0.000313 0.478845 0.100487
-0.000313 -0.000082 0.100487 0.045025
23.159265 1.411116 28.993313 2.153896
0.478063 0.100506 0.000194 -0.000042
0.100506 0.045036 -0.000043 -0.000013
0.000194 -0.000043 0.478517 0.100601
-0.000042 -0.000013 0.100601 0.045053
23.869856 1.412211 29.813892 2.099923
0.476303 0.100284 0.000424 0.000025
0.100284 0.044985 0.000025 0.000006
0.000424 0.000025 0.476887 0.100396
0.000025 0.000006 0.100396 0.045005
24.699435 1.438269 30.644258 2.053619
0.476117 0.100384 0.001628 0.000289
0.100384 0.045000 0.000289 0.000064
0.001628 0.000289 0.476839 0.100516
0.000289 0.000064 0.100516 0.045023
25.010033 1.352145 31.001357 1.912379
0.475032 0.100257 0.000194 -0.000030
0.100257 0.044961 -0.000030 -0.000007
0.000194 -0.000030 0.475749 0.100377
-0.000030 -0.000007 0.100377 0.044980
25.020960 1.211644 31.916628 1.903815
0.475892 0.100528 0.001378 0.000237
0.100528 0.045005 0.000237 0.000053
0.001378 0.000237 0.477021 0.100728
0.000237 0.000053 0.100728 0.045041
25.767071 1.241299 32.813223 1.892113
0.474699 0.100318 -0.000095 -0.000085
0.100318 0.044941 -0.000085 -0.000017
-0.000095 -0.000085 0.476116 0.100565
-0.000085 -0.000017 0.100565 0.044986
26.179317 1.197240 33.724175 1.884715
0.475557 0.100547 -0.000994 -0.000255
0.100547 0.044974 -0.000255 -0.000049
-0.000994 -0.000255 0.477341 0.100855
-0.000255 -0.000049 0.100855 0.045031
26.750478 1.191422 35.195283 1.996423
0.475157 0.100473 -0.001385 -0.000303
0.100473 0.044940 -0.000303 -0.000054
-0.001385 -0.000303 0.477734 0.100930
-0.000303 -0.000054 0.100930 0.045026
27.114639 1.142426 35.601169 1.871299
0.477077 0.100888 -0.001932 -0.000384
0.100888 0.045011 -0.000384 -0.000066
-0.001932 -0.000384 0.479584 0.101299
-0.000384 -0.000066 0.101299 0.045085
27.967590 1.202001 36.676866 1.900899
0.475332 0.100481 -0.001545 -0.000265
0.100481 0.044904 -0.000266 -0.000037
-0.001545 -0.000266 0.478342 0.100978
-0.000265 -0.000037 0.100978 0.044994
28.443744 1.175660 37.925793 1.963870
0.472966 0.099980 -0.003436 -0.000645
0.099980 0.044787 -0.000645 -0.000118
-0.003436 -0.000645 0.476807 0.100628
-0.000645 -0.000118 0.100628 0.044909
29.650366 1.306454 38.654848 1.910670
0.473640 0.100166 -0.003416 -0.000588
0.100166 0.044826 -0.000588 -0.000100
-0.003416 -0.000588 0.477439 0.100769
-0.000588 -0.000100 0.100769 0.044935
29.666113 1.171471 39.219424 1.827970
0.474064 0.100274 -0.002396 -0.000334
0.100274 0.044844 -0.000333 -0.000044
-0.002396 -0.000333 0.478228 0.100928
-0.000334 -0.000044 0.100928 0.044963
30.261499 1.173639 40.464756 1.897888
0.474094 0.100282 -0.003699 -0.000600
0.100282 0.044838 -0.000601 -0.000105
-0.003699 -0.000601 0.479123 0.101093
-0.000600 -0.000105 0.101093 0.044991
30.640149 1.129728 41.689034 1.955869
0.474901 0.100451 -0.002690 -0.000357
0.100451 0.044868 -0.000356 -0.000052
-0.002690 -0.000356 0.480863 0.101423
-0.000357 -0.000052 0.101423 0.045052
31.162513 1.120724 42.631718 1.948420
0.475786 0.100618 -0.003154 -0.000453
0.100618 0.044894 -0.000452 -0.000078
-0.003154 -0.000452 0.482261 0.101653
-0.000453 -0.000078 0.101653 0.045089
31.448322 1.062686 43.615643 1.950339
0.475222 0.100464 -0.002581 -0.000324
0.100464 0.044852 -0.000322 -0.000053
-0.002581 -0.000322 0.482481 0.101622
-0.000324 -0.000053 0.101622 0.045071
32.725177 1.220205 44.455801 1.922255
0.475143 0.100430 -0.003466 -0.000516
0.100430 0.044840 -0.000516 -0.000099
-0.003466 -0.000516 0.482428 0.101546
-0.000516 -0.000099 0.101546 0.045048
33.749125 1.307855 45.808382 2.004810
0.473278 0.100023 -0.005429 -0.000919
0.100023 0.044751 -0.000920 -0.000185
-0.005429 -0.000920 0.481574 0.101317
-0.000919 -0.000185 0.101317 0.044998
34.597936 1.348977 46.676653 1.976705
0.474437 0.100295 -0.006097 -0.001012
0.100295 0.044814 -0.001013 -0.000198
-0.006097 -0.001013 0.483000 0.101600
-0.001012 -0.000198 0.101600 0.045061
35.678775 1.434786 47.523197 1.947159
0.473330 0.100060 -0.005181 -0.000771
0.100060 0.044764 -0.000771 -0.000143
-0.005181 -0.000771 0.482108 0.101373
-0.000771 -0.000143 0.101373 0.045014
36.553633 1.468201 48.664183 1.982469
0.472009 0.099801 -0.005399 -0.000799
0.099801 0.044712 -0.000799 -0.000151
-0.005399 -0.000799 0.481678 0.101272
-0.000799 -0.000151 0.101272 0.044997
