-0.181915 0.889327 2.870419 0.256145
41.806403 16.722923 -56.795741 -22.718788
16.722923 86.693381 -22.718788 -9.087712
-56.795741 -22.718788 81.656868 32.663455
-22.718788 -9.087712 32.663455 93.069732
0.855216 3.055155 5.139344 2.658516
75.161761 50.892246 -85.257643 -33.717873
50.892246 55.788719 -56.214949 -42.308361
-85.257643 -56.214949 99.121762 40.534940
-33.717873 -42.308361 40.534940 52.350048
5.372146 4.712269 3.312046 1.331532
79.979642 42.378877 -96.118753 -47.573472
42.378877 33.666104 -50.516229 -38.140979
-96.118753 -50.516229 117.984212 59.728636
-47.573472 -38.140979 59.728636 49.864544
9.471865 5.468394 1.393176 0.019351
41.289241 19.473615 -36.653691 -11.150857
19.473615 16.022483 -17.177731 -13.507984
-36.653691 -17.177731 34.254295 11.291142
-11.150857 -13.507984 11.291142 15.320557
12.323689 5.502173 1.374122 0.055529
26.592767 9.741218 -15.583557 -0.779202
9.741218 7.775876 -5.969419 -5.532837
-15.583557 -5.969419 10.259176 1.567552
-0.779202 -5.532837 1.567552 7.579787
13.452810 4.249630 3.581004 1.776970
29.353204 8.574521 -11.933879 1.652068
8.574521 4.887864 -3.916819 -2.521021
-11.933879 -3.916819 5.692448 0.331018
1.652068 -2.521021 0.331018 4.400826
15.835086 5.038719 3.115199 0.332533
37.868514 11.118005 -14.057953 -0.548155
11.118005 4.629101 -4.697593 -1.931572
-14.057953 -4.697593 6.224740 1.354946
-0.548155 -1.931572 1.354946 2.672114
17.715605 4.768339 3.721225 0.554359
40.131879 9.266064 -10.427099 1.820142
9.266064 2.863848 -2.780347 -0.471501
-10.427099 -2.780347 3.539857 0.288058
1.820142 -0.471501 0.288058 1.419460
21.851044 5.307072 3.175635 0.274307
43.587964 8.504511 -7.462447 3.008678
8.504511 2.106215 -1.752810 0.057473
-7.462447 -1.752810 2.065314 0.088829
3.008678 0.057473 0.088829 1.011879
19.882033 4.291208 4.465076 0.366800
24.213541 3.317063 0.258366 3.604247
3.317063 0.736860 -0.159861 0.187748
0.258366 -0.159861 0.615965 0.436800
3.604247 0.187748 0.436800 0.993896
24.125181 4.405457 5.368028 0.972829
24.099210 3.575969 0.490929 2.482773
3.575969 0.732087 -0.091141 0.163144
0.490929 -0.091141 0.573417 0.375174
2.482773 0.163144 0.375174 0.565423
24.133580 3.970338 6.200218 1.015934
20.052936 2.436971 2.796877 2.635963
2.436971 0.444704 0.203399 0.180328
2.796877 0.203399 0.918280 0.636309
2.635963 0.180328 0.636309 0.563146
25.175565 3.541002 7.895081 1.521807
21.672378 2.457132 4.489766 2.797179
2.457132 0.391212 0.403306 0.223033
4.489766 0.403306 1.383424 0.785292
2.797179 0.223033 0.785292 0.509865
27.133413 3.500387 8.988200 1.661490
22.651862 2.372412 6.253354 2.928341
2.372412 0.341519 0.554449 0.234942
6.253354 0.554449 2.194245 1.001024
2.928341 0.234942 1.001024 0.498521
27.303379 3.281148 9.614502 1.582447
17.747171 1.583930 6.788740 2.561237
1.583930 0.220385 0.511216 0.173324
6.788740 0.511216 3.081165 1.160139
2.561237 0.173324 1.160139 0.468591
20.936291 2.191388 9.120504 1.223613
15.710081 1.198044 7.761439 2.477470
1.198044 0.155771 0.528833 0.154685
7.761439 0.528833 4.185974 1.342939
2.477470 0.154685 1.342939 0.457360
26.111195 2.449037 12.252924 1.927886
3.096375 0.367120 0.943445 0.226624
0.367120 0.100924 0.057214 0.001813
0.943445 0.057214 0.596400 0.167149
0.226624 0.001813 0.167149 0.070849
27.049184 2.351531 13.515503 2.025442
3.228250 0.362266 1.159776 0.257021
0.362266 0.093271 0.076544 0.008923
1.159776 0.076544 0.746035 0.191064
0.257021 0.008923 0.191064 0.071197
25.975202 1.980350 14.476150 2.081483
2.740230 0.265619 1.310765 0.283878
0.265619 0.074245 0.078858 0.012861
1.310765 0.078858 0.949371 0.226801
0.283878 0.012861 0.226801 0.075179
24.907741 1.466394 16.655533 2.461189
2.764003 0.247625 1.578046 0.321938
0.247625 0.065877 0.111490 0.021927
1.578046 0.111490 1.110703 0.239960
0.321938 0.021927 0.239960 0.072152
25.303949 1.406365 17.876041 2.474663
2.912865 0.264109 1.777559 0.332421
0.264109 0.067565 0.122978 0.022915
1.777559 0.122978 1.338151 0.270150
0.332421 0.022915 0.270150 0.075280
23.274012 1.078312 17.876349 2.304247
1.824558 0.136283 1.380661 0.255815
0.136283 0.052804 0.062156 0.013126
1.380661 0.062156 1.319590 0.263937
0.255815 0.013126 0.263937 0.073447
24.892651 1.059268 20.597755 2.624971
1.579925 0.162099 1.028124 0.159508
0.162099 0.057528 0.068110 0.013084
1.028124 0.068110 0.918640 0.164768
0.159508 0.013084 0.164768 0.050913
23.869528 0.866580 21.056475 2.515877
0.659753 0.062302 0.498195 0.078558
0.062302 0.047066 -0.001204 0.002898
0.498195 -0.001204 0.710118 0.138721
0.078558 0.002898 0.138721 0.048661
24.240487 0.864899 22.226708 2.499578
0.608862 0.072841 0.441186 0.065303
0.072841 0.050405 -0.010395 0.001299
0.441186 -0.010395 0.784972 0.152472
0.065303 0.001299 0.152472 0.051818
24.606749 0.850692 23.471034 2.501648
0.513125 0.078776 0.301463 0.039144
0.078776 0.053041 -0.028285 -0.001648
0.301463 -0.028285 0.793134 0.154226
0.039144 -0.001648 0.154226 0.052716
25.055038 0.842910 24.848170 2.526221
0.468941 0.092213 0.143119 0.010683
0.092213 0.056498 -0.045866 -0.004471
0.143119 -0.045866 0.761960 0.148050
0.010683 -0.004471 0.148050 0.051977
25.509544 0.849600 26.122013 2.527401
0.497519 0.115114 -0.012130 -0.015848
0.115114 0.060907 -0.059210 -0.006441
-0.012130 -0.059210 0.679933 0.131883
-0.015848 -0.006441 0.131883 0.049238
25.531058 0.823729 26.306867 2.327963
0.559396 0.139742 -0.192332 -0.044907
0.139742 0.065034 -0.074544 -0.008643
-0.192332 -0.074544 0.497008 0.097479
-0.044907 -0.008643 0.097479 0.043145
25.527905 0.745921 26.937127 2.220628
0.669591 0.164891 -0.315091 -0.061468
0.164891 0.068403 -0.089490 -0.010780
-0.315091 -0.089490 0.503845 0.099858
-0.061468 -0.010780 0.099858 0.044041
25.902478 0.745757 28.144560 2.241327
0.842715 0.198277 -0.410362 -0.070679
0.198277 0.072943 -0.098585 -0.011609
-0.410362 -0.098585 0.566220 0.112384
-0.070679 -0.011609 0.112384 0.046679
26.107751 0.701817 28.879400 2.150656
1.050376 0.233524 -0.522396 -0.082198
0.233524 0.077276 -0.111344 -0.013226
-0.522396 -0.111344 0.596892 0.115446
-0.082198 -0.013226 0.115446 0.046736
26.501789 0.711714 29.962998 2.154316
1.297894 0.271902 -0.630106 -0.090791
0.271902 0.081823 -0.121854 -0.014179
-0.630106 -0.121854 0.650209 0.122783
-0.090791 -0.014179 0.122783 0.047704
26.910914 0.734845 31.339662 2.226284
1.584458 0.312411 -0.748044 -0.100041
0.312411 0.086306 -0.133080 -0.015215
-0.748044 -0.133080 0.723704 0.133210
-0.100041 -0.015215 0.133210 0.049199
27.270711 0.726870 32.305957 2.191916
1.910695 0.354784 -0.876443 -0.109907
0.354784 0.090612 -0.147027 -0.016782
-0.876443 -0.147027 0.762212 0.133800
-0.109907 -0.016782 0.133800 0.048241
27.584931 0.717714 33.412315 2.191852
2.279685 0.398988 -1.022352 -0.121800
0.398988 0.094836 -0.162203 -0.018466
-1.022352 -0.162203 0.818337 0.137695
-0.121800 -0.018466 0.137695 0.048108
28.035231 0.736015 34.534564 2.202549
2.693721 0.445769 -1.173040 -0.132429
0.445769 0.099225 -0.176853 -0.019806
-1.173040 -0.176853 0.871230 0.140455
-0.132429 -0.019806 0.140455 0.047859
28.417245 0.758055 36.040516 2.295669
3.152757 0.493818 -1.347010 -0.146227
0.493818 0.103431 -0.192871 -0.021347
-1.347010 -0.192871 0.950282 0.148050
-0.146227 -0.021347 0.148050 0.048644
28.690115 0.731340 37.004724 2.248734
3.659073 0.543951 -1.532472 -0.159994
0.543951 0.107608 -0.210744 -0.023119
-1.532472 -0.210744 0.997950 0.147540
-0.159994 -0.023119 0.147540 0.047588
29.150270 0.764600 38.506836 2.338732
4.217580 0.596820 -1.726336 -0.172821
0.596820 0.112039 -0.226835 -0.024253
-1.726336 -0.226835 1.072076 0.153120
-0.172821 -0.024253 0.153120 0.048136
29.504325 0.765211 39.781308 2.360851
4.828735 0.651594 -1.939154 -0.187223
0.651594 0.116382 -0.244762 -0.025681
-1.939154 -0.244762 1.137268 0.155576
-0.187223 -0.025681 0.155576 0.047893
29.782824 0.734771 40.638297 2.283139
5.490026 0.707872 -2.166772 -0.202247
0.707872 0.120634 -0.263632 -0.027193
-2.166772 -0.263632 1.192487 0.155282
-0.202247 -0.027193 0.155282 0.047078
30.062574 0.727508 41.890122 2.303346
6.205881 0.765864 -2.414602 -0.218841
0.765864 0.124889 -0.282355 -0.028531
-2.414602 -0.282355 1.274605 0.160466
-0.218841 -0.028531 0.160466 0.047516
30.454340 0.745360 43.343135 2.372840
6.984726 0.827086 -2.670850 -0.233758
0.827086 0.129373 -0.300461 -0.029529
-2.670850 -0.300461 1.360570 0.165962
-0.233758 -0.029529 0.165962 0.048077
30.668281 0.730307 44.654280 2.392596
7.819040 0.889728 -2.944127 -0.249607
0.889728 0.133744 -0.319480 -0.030666
-2.944127 -0.319480 1.443722 0.169777
-0.249607 -0.030666 0.169777 0.048164
31.176923 0.731949 45.492614 2.319123
8.712900 0.955213 -3.211914 -0.260996
0.955213 0.138297 -0.337251 -0.031361
-3.211914 -0.337251 1.506190 0.169262
-0.260996 -0.031361 0.169262 0.047514
31.562486 0.722077 46.386512 2.259560
9.662591 1.020201 -3.528633 -0.281100
1.020201 0.142398 -0.358054 -0.032823
-3.528633 -0.358054 1.602699 0.174331
-0.281100 -0.032823 0.174331 0.047725
32.065591 0.726994 47.259031 2.208221
10.666854 1.085692 -3.873539 -0.304304
1.085692 0.146322 -0.379875 -0.034449
-3.873539 -0.379875 1.716570 0.181763
-0.304304 -0.034449 0.181763 0.048286
32.766034 0.766919 48.387211 2.232548
11.711624 1.149767 -4.253409 -0.332617
1.149767 0.149863 -0.402849 -0.036355
-4.253409 -0.402849 1.859678 0.193695
-0.332617 -0.036355 0.193695 0.049553
33.922273 0.845300 49.330918 2.235862
12.775135 1.210265 -4.668177 -0.366569
1.210265 0.152814 -0.427245 -0.038679
-4.668177 -0.427245 2.024324 0.207878
-0.366569 -0.038679 0.207878 0.050919
