1.846656 1.700773 4.452031 0.888804
41.409243 16.564056 -56.558643 -22.623947
16.564056 86.629833 -22.623947 -9.049775
-56.558643 -22.623947 81.073549 32.430122
-22.623947 -9.049775 32.430122 92.976397
3.131848 0.270662 1.697332 -1.895523
75.172447 51.876510 -84.175486 -32.606307
51.876510 56.912899 -56.120307 -41.882595
-84.175486 -56.120307 97.343699 39.465744
-32.606307 -41.882595 39.465744 51.740739
-0.665753 -1.531935 7.456101 2.362349
120.044781 69.889150 -107.467723 -35.111156
69.889150 51.660902 -62.321933 -33.570759
-107.467723 -62.321933 97.810256 32.995194
-35.111156 -33.570759 32.995194 30.904333
-1.851238 -1.677595 8.796625 2.240317
11.259906 6.783536 -14.223721 -9.327935
6.783536 10.378143 -9.303903 -13.799532
-14.223721 -9.303903 20.510819 15.005585
-9.327935 -13.799532 15.005585 21.404803
4.229301 2.101077 3.278538 -1.259230
10.123402 6.256129 -17.152616 -11.111666
6.256129 7.272921 -10.843442 -11.008554
-17.152616 -10.843442 31.550748 20.830737
-11.111666 -11.008554 20.830737 18.846218
2.077765 0.449186 9.026029 2.078622
6.112690 3.674191 -6.654063 -3.948024
3.674191 4.076867 -3.880943 -4.490041
-6.654063 -3.880943 8.501017 4.849948
-3.948024 -4.490041 4.849948 5.568724
4.237503 1.488145 8.565881 1.234859
7.033055 3.684060 -8.913485 -4.613063
3.684060 2.989977 -4.632386 -3.640376
-8.913485 -4.632386 12.679045 6.463636
-4.613063 -3.640376 6.463636 4.908185
5.277057 1.637363 9.266341 1.239839
11.247058 5.073078 -14.424857 -6.405910
5.073078 2.941561 -6.461553 -3.634251
-14.424857 -6.461553 19.801964 8.703980
-6.405910 -3.634251 8.703980 4.830128
6.286594 1.816341 12.394329 2.038224
16.492701 6.323644 -21.186878 -7.996317
6.323644 2.858215 -8.083494 -3.555777
-21.186878 -8.083494 28.257897 10.609024
-7.996317 -3.555777 10.609024 4.654009
6.314003 1.532336 14.689292 2.446822
14.810370 4.824692 -20.282639 -6.533816
4.824692 1.879223 -6.559821 -2.467727
-20.282639 -6.559821 28.912506 9.274660
-6.533816 -2.467727 9.274660 3.452409
6.376683 1.326309 16.784964 2.696451
6.901261 1.929118 -10.446856 -2.924366
1.929118 0.769521 -2.854970 -1.060628
-10.446856 -2.854970 17.154192 4.763962
-2.924366 -1.060628 4.763962 1.680193
8.994891 1.836448 15.335620 1.980321
2.660464 0.647763 -4.621962 -1.151116
0.647763 0.337555 -1.032628 -0.457082
-4.621962 -1.032628 9.656674 2.352367
-1.151116 -0.457082 2.352367 0.850793
9.290086 1.630842 16.541665 2.075571
3.268208 0.775318 -5.804554 -1.364220
0.775318 0.327426 -1.263583 -0.453759
-5.804554 -1.263583 12.057056 2.746371
-1.364220 -0.453759 2.746371 0.848383
10.228907 1.652394 17.265677 2.012032
3.346122 0.728883 -6.365279 -1.372250
0.728883 0.274861 -1.259173 -0.395024
-6.365279 -1.259173 13.998084 2.919624
-1.372250 -0.395024 2.919624 0.790491
11.183618 1.667803 17.862609 1.938673
3.297894 0.656452 -6.686808 -1.322104
0.656452 0.226794 -1.189891 -0.334102
-6.686808 -1.189891 15.618635 2.983684
-1.322104 -0.334102 2.983684 0.721163
10.529507 1.306420 20.705346 2.342741
3.494260 0.647701 -7.342782 -1.344358
0.647701 0.202001 -1.199006 -0.300247
-7.342782 -1.199006 17.804179 3.144008
-1.344358 -0.300247 3.144008 0.684262
12.849449 1.601170 18.371440 1.742259
0.868867 0.148104 -1.911471 -0.323587
0.148104 0.097923 -0.123519 -0.088449
-1.911471 -0.123519 7.273729 1.096701
-0.323587 -0.088449 1.096701 0.276422
13.755308 1.675516 19.913195 1.811229
0.992816 0.178753 -2.222896 -0.370479
0.178753 0.092710 -0.233409 -0.094224
-2.222896 -0.233409 7.706469 1.155507
-0.370479 -0.094224 1.155507 0.272071
15.063130 1.853896 21.362158 1.824859
0.940973 0.159804 -2.324880 -0.365427
0.159804 0.079593 -0.233962 -0.081943
-2.324880 -0.233962 8.526928 1.223109
-0.365427 -0.081943 1.223109 0.263626
16.626164 1.968716 20.789307 1.595996
0.559770 0.099255 -1.339231 -0.204977
0.099255 0.065974 -0.042736 -0.045948
-1.339231 -0.042736 6.703977 0.879310
-0.204977 -0.045948 0.879310 0.195428
18.019791 2.100011 21.682684 1.565618
0.542523 0.097532 -1.371757 -0.203462
0.097532 0.060205 -0.059073 -0.041643
-1.371757 -0.059073 7.140607 0.914445
-0.203462 -0.041643 0.914445 0.191036
20.130640 2.332411 20.520766 1.256661
0.296438 0.061939 -0.606997 -0.093139
0.061939 0.051321 0.059394 -0.020372
-0.606997 0.059394 5.186166 0.612837
-0.093139 -0.020372 0.612837 0.140932
21.151293 2.333892 22.262551 1.389779
0.344625 0.093006 -0.329637 -0.068719
0.093006 0.055091 -0.010998 -0.027209
-0.329637 -0.010998 2.178682 0.264827
-0.068719 -0.027209 0.264827 0.097722
22.388980 2.348554 22.774888 1.362754
0.431397 0.118228 -0.305095 -0.072406
0.118228 0.059354 -0.015272 -0.025832
-0.305095 -0.015272 2.132394 0.270334
-0.072406 -0.025832 0.270334 0.096760
23.444237 2.304593 23.110424 1.329894
0.531686 0.139337 -0.369876 -0.084582
0.139337 0.061008 -0.047300 -0.027405
-0.369876 -0.047300 1.923293 0.260146
-0.084582 -0.027405 0.260146 0.094476
24.691725 2.330738 23.808691 1.328352
0.655074 0.161658 -0.482952 -0.101500
0.161658 0.063070 -0.077832 -0.028978
-0.482952 -0.077832 1.968566 0.280599
-0.101500 -0.028978 0.280599 0.096094
25.918777 2.340876 24.244797 1.295096
0.773990 0.177380 -0.682448 -0.126918
0.177380 0.063088 -0.123821 -0.032382
-0.682448 -0.123821 2.016949 0.300470
-0.126918 -0.032382 0.300470 0.097682
26.864095 2.276508 24.394745 1.232862
0.839916 0.177794 -0.915089 -0.152969
0.177794 0.059832 -0.167061 -0.035146
-0.915089 -0.167061 2.181197 0.331225
-0.152969 -0.035146 0.331225 0.100298
27.509673 2.170777 25.282056 1.278416
0.835004 0.164614 -1.049354 -0.163042
0.164614 0.054878 -0.177918 -0.033614
-1.049354 -0.177918 2.490788 0.375339
-0.163042 -0.033614 0.375339 0.104144
27.922351 2.018122 25.868814 1.267584
0.904707 0.167740 -1.265836 -0.185972
0.167740 0.053816 -0.206020 -0.035422
-1.265836 -0.206020 2.791362 0.413307
-0.185972 -0.035422 0.413307 0.106813
28.698742 1.973291 26.731653 1.297894
1.046361 0.186378 -1.485822 -0.206916
0.186378 0.056410 -0.231446 -0.036829
-1.485822 -0.231446 3.103135 0.447696
-0.206916 -0.036829 0.447696 0.108602
29.593736 1.976296 27.999584 1.392516
1.231915 0.211952 -1.725163 -0.227632
0.211952 0.060224 -0.257978 -0.038258
-1.725163 -0.257978 3.430853 0.479480
-0.227632 -0.038258 0.479480 0.109753
30.465978 1.958640 28.892814 1.418496
1.447654 0.241801 -1.951268 -0.243117
0.241801 0.064489 -0.286617 -0.039850
-1.951268 -0.286617 3.570318 0.478035
-0.243117 -0.039850 0.478035 0.105721
31.445846 1.948170 29.366767 1.380550
1.693895 0.274334 -2.188295 -0.257623
0.274334 0.068853 -0.315953 -0.041424
-2.188295 -0.315953 3.681262 0.470696
-0.257623 -0.041424 0.470696 0.101109
32.123553 1.836454 29.067701 1.200069
1.959457 0.303665 -2.498624 -0.282180
0.303665 0.071705 -0.352779 -0.044460
-2.498624 -0.352779 3.902022 0.476668
-0.282180 -0.044460 0.476668 0.098382
33.089566 1.844562 29.626991 1.196769
2.218551 0.326809 -2.836113 -0.310478
0.326809 0.073508 -0.378895 -0.046125
-2.836113 -0.378895 4.366027 0.520187
-0.310478 -0.046125 0.520187 0.101787
33.318361 1.719130 30.608211 1.206476
2.423506 0.336848 -3.160039 -0.339169
0.336848 0.072805 -0.398097 -0.047673
-3.160039 -0.398097 4.858691 0.565922
-0.339169 -0.047673 0.565922 0.105272
34.540161 1.774488 30.861382 1.177802
2.757877 0.370837 -3.527688 -0.362587
0.370837 0.076544 -0.430330 -0.049380
-3.527688 -0.430330 5.262269 0.589242
-0.362587 -0.049380 0.589242 0.105193
34.659159 1.612468 31.392108 1.103057
3.015724 0.383895 -3.922021 -0.396101
0.383895 0.076029 -0.455943 -0.051775
-3.922021 -0.455943 5.813876 0.633624
-0.396101 -0.051775 0.633624 0.107873
35.555535 1.655433 32.329852 1.174633
3.376172 0.414181 -4.364176 -0.426247
0.414181 0.078850 -0.487203 -0.053443
-4.364176 -0.487203 6.400524 0.676262
-0.426247 -0.053443 0.676262 0.110432
36.340927 1.632003 32.688036 1.133659
3.774760 0.447225 -4.840761 -0.457151
0.447225 0.081599 -0.524864 -0.055890
-4.840761 -0.524864 6.956644 0.708059
-0.457151 -0.055890 0.708059 0.111053
37.488373 1.731372 33.757027 1.243347
4.188543 0.478238 -5.349269 -0.490428
0.478238 0.084098 -0.557379 -0.057593
-5.349269 -0.557379 7.634695 0.755189
-0.490428 -0.057593 0.755189 0.114037
38.698733 1.815481 34.627915 1.312569
4.644978 0.512426 -5.897352 -0.524526
0.512426 0.086721 -0.595058 -0.059784
-5.897352 -0.595058 8.314936 0.796251
-0.524526 -0.059784 0.796251 0.115867
39.823065 1.887345 35.733109 1.400501
5.111826 0.543569 -6.479220 -0.561334
0.543569 0.088665 -0.631931 -0.062019
-6.479220 -0.631931 9.057415 0.841981
-0.561334 -0.062019 0.841981 0.118195
40.948198 1.940359 36.710058 1.457828
5.624077 0.578597 -7.097095 -0.597789
0.578597 0.090983 -0.673122 -0.064458
-7.097095 -0.673122 9.795389 0.881543
-0.597789 -0.064458 0.881543 0.119583
41.670364 1.887644 37.342364 1.422523
6.155119 0.612195 -7.748703 -0.635985
0.612195 0.092796 -0.716210 -0.067184
-7.748703 -0.716210 10.549061 0.919006
-0.635985 -0.067184 0.919006 0.120566
42.762879 1.891198 37.713320 1.384938
6.733290 0.649350 -8.439768 -0.674189
0.649350 0.095146 -0.760023 -0.069580
-8.439768 -0.760023 11.347947 0.958477
-0.674189 -0.069580 0.958477 0.121923
43.387731 1.855472 38.726608 1.404449
7.244540 0.671558 -9.130772 -0.716499
0.671558 0.095485 -0.791816 -0.071418
-9.130772 -0.791816 12.268098 1.014278
-0.716499 -0.071418 1.014278 0.125341
44.055484 1.847511 39.964990 1.459875
7.867508 0.708089 -9.891182 -0.756827
0.708089 0.097698 -0.834435 -0.073501
-9.891182 -0.834435 13.191704 1.061411
-0.756827 -0.073501 1.061411 0.127502
45.303582 1.835163 39.749257 1.351720
8.555640 0.756536 -10.619008 -0.785053
0.756536 0.101382 -0.884624 -0.075585
-10.619008 -0.884624 13.899676 1.078266
-0.785053 -0.075585 1.078266 0.126297
