4.090593 2.598367 1.223131 -0.402784
2.461122 0.984470 -0.046235 -0.018494
0.984470 80.397863 -0.018494 -0.007398
-0.046235 -0.018494 2.475871 0.990370
-0.018494 -0.007398 0.990370 80.400223
10.026798 10.712428 1.808130 0.990287
2.248603 3.933014 -0.040796 -0.062313
3.933014 15.243445 -0.062203 -0.226332
-0.040796 -0.062203 2.289156 4.001026
-0.062313 -0.226332 4.001026 15.399841
7.134437 1.173214 2.002234 0.635667
1.971436 2.279798 -0.042257 -0.047040
2.279798 4.521255 -0.047043 -0.086359
-0.042257 -0.047043 2.002648 2.311045
-0.047040 -0.086359 2.311045 4.567442
7.031754 0.592766 4.324473 2.323759
1.723063 1.454045 -0.027216 -0.021905
1.454045 1.920700 -0.021901 -0.030637
-0.027216 -0.021901 1.733375 1.460170
-0.021905 -0.030637 1.460170 1.930862
5.916022 -0.339982 3.546608 1.043298
1.471270 0.971666 -0.044720 -0.029416
0.971666 0.972055 -0.029423 -0.025591
-0.044720 -0.029423 1.480064 0.976939
-0.029416 -0.025591 0.976939 0.978822
6.817464 0.242280 4.701170 1.387673
1.289559 0.700365 -0.010716 -0.005085
0.700365 0.565086 -0.005089 -0.005857
-0.010716 -0.005089 1.296858 0.704376
-0.005085 -0.005857 0.704376 0.569302
7.048950 0.293241 4.664499 1.050258
1.151666 0.531720 -0.017799 -0.008242
0.531720 0.361197 -0.008243 -0.005953
-0.017799 -0.008243 1.159129 0.535388
-0.008242 -0.005953 0.535388 0.364195
6.839999 0.150192 5.606363 1.217993
1.035339 0.416428 -0.019914 -0.008095
0.416428 0.246683 -0.008095 -0.004672
-0.019914 -0.008095 1.039565 0.418354
-0.008095 -0.004672 0.418354 0.248312
7.592696 0.392353 6.015614 1.146557
0.951002 0.339868 -0.014277 -0.005104
0.339868 0.179796 -0.005104 -0.002768
-0.014277 -0.005104 0.955784 0.341826
-0.005104 -0.002768 0.341826 0.181092
8.750391 0.702498 6.757696 1.201042
0.869196 0.280368 -0.015044 -0.004861
0.280368 0.136203 -0.004861 -0.002242
-0.015044 -0.004861 0.874212 0.282199
-0.004861 -0.002242 0.282199 0.137212
9.750442 0.894208 8.825324 1.634704
0.803301 0.237265 -0.022135 -0.006497
0.237265 0.107988 -0.006495 -0.002400
-0.022135 -0.006495 0.806014 0.238228
-0.006497 -0.002400 0.238228 0.108569
11.162352 1.158683 10.389081 1.839571
0.747547 0.204746 -0.018082 -0.004736
0.204746 0.088951 -0.004735 -0.001614
-0.018082 -0.004735 0.749846 0.205521
-0.004736 -0.001614 0.205521 0.089384
11.644470 1.133603 11.075563 1.779547
0.697892 0.179296 -0.011869 -0.002746
0.179296 0.075666 -0.002746 -0.000927
-0.011869 -0.002746 0.699792 0.179908
-0.002746 -0.000927 0.179908 0.075989
12.482336 1.199762 12.251324 1.849381
0.662919 0.161478 -0.008277 -0.001714
0.161478 0.066806 -0.001715 -0.000588
-0.008277 -0.001715 0.664374 0.161938
-0.001714 -0.000588 0.161938 0.067043
12.565059 1.078837 12.247023 1.632508
0.626168 0.145937 -0.014122 -0.003029
0.145937 0.060106 -0.003028 -0.000847
-0.014122 -0.003028 0.627547 0.146347
-0.003029 -0.000847 0.146347 0.060297
12.755370 1.000229 13.001901 1.618485
0.600196 0.135078 -0.010049 -0.001914
0.135078 0.055618 -0.001915 -0.000526
-0.010049 -0.001915 0.601057 0.135342
-0.001914 -0.000526 0.135342 0.055750
13.689530 1.095778 14.612290 1.794273
0.576407 0.126216 -0.006061 -0.000964
0.126216 0.052315 -0.000966 -0.000284
-0.006061 -0.000966 0.576780 0.126357
-0.000964 -0.000284 0.126357 0.052401
14.322122 1.113718 15.109694 1.708530
0.557402 0.119576 -0.004601 -0.000663
0.119576 0.050011 -0.000664 -0.000209
-0.004601 -0.000664 0.557826 0.119720
-0.000663 -0.000209 0.119720 0.050086
14.630755 1.061235 15.942800 1.703927
0.541214 0.114403 -0.002804 -0.000313
0.114403 0.048368 -0.000314 -0.000129
-0.002804 -0.000314 0.541330 0.114473
-0.000313 -0.000129 0.114473 0.048416
15.289313 1.088313 17.507930 1.853302
0.527340 0.110370 -0.004430 -0.000705
0.110370 0.047200 -0.000706 -0.000210
-0.004430 -0.000706 0.527089 0.110359
-0.000705 -0.000210 0.110359 0.047224
16.349721 1.195849 18.738804 1.916838
0.515603 0.107274 -0.003380 -0.000489
0.107274 0.046386 -0.000490 -0.000155
-0.003380 -0.000490 0.515395 0.107274
-0.000489 -0.000155 0.107274 0.046407
16.979168 1.202569 20.166152 2.014176
0.506013 0.104980 -0.002014 -0.000223
0.104980 0.045839 -0.000224 -0.000094
-0.002014 -0.000224 0.505650 0.104946
-0.000223 -0.000094 0.104946 0.045849
17.536390 1.193497 21.377349 2.056501
0.499025 0.103470 -0.002620 -0.000384
0.103470 0.045514 -0.000385 -0.000125
-0.002620 -0.000385 0.498592 0.103424
-0.000384 -0.000125 0.103424 0.045519
18.563098 1.282817 22.719569 2.121813
0.493909 0.102496 -0.001317 -0.000126
0.102496 0.045330 -0.000126 -0.000066
-0.001317 -0.000126 0.493601 0.102476
-0.000126 -0.000066 0.102476 0.045337
19.024594 1.245431 23.827542 2.131557
0.491805 0.102227 -0.001137 -0.000120
0.102227 0.045303 -0.000120 -0.000064
-0.001137 -0.000120 0.491502 0.102206
-0.000120 -0.000064 0.102206 0.045307
20.229890 1.366757 25.032942 2.160748
0.486767 0.101350 -0.000233 0.000043
0.101350 0.045144 0.000042 -0.000028
-0.000233 0.000042 0.486672 0.101369
0.000043 -0.000028 0.101369 0.045154
21.259029 1.438890 25.930879 2.122705
0.481602 0.100502 -0.000335 -0.000014
0.100502 0.044996 -0.000014 -0.000040
-0.000335 -0.000014 0.481617 0.100537
-0.000014 -0.000040 0.100537 0.045007
21.536987 1.346527 27.286852 2.184340
0.478069 0.100039 0.000239 0.000083
0.100039 0.044930 0.000083 -0.000017
0.000239 0.000083 0.478301 0.100111
0.000083 -0.000017 0.100111 0.044946
21.889782 1.279280 28.361731 2.180707
0.477249 0.100145 -0.001053 -0.000214
0.100145 0.044976 -0.000215 -0.000078
-0.001053 -0.000215 0.477645 0.100241
-0.000214 -0.000078 0.100241 0.044995
22.524463 1.278230 29.224400 2.132822
0.475426 0.099986 -0.001539 -0.000310
0.099986 0.044950 -0.000310 -0.000090
-0.001539 -0.000310 0.475952 0.100097
-0.000310 -0.000090 0.100097 0.044970
23.313623 1.309907 31.167574 2.317570
0.475511 0.100203 -0.002354 -0.000464
0.100203 0.044996 -0.000464 -0.000115
-0.002354 -0.000464 0.476718 0.100446
-0.000464 -0.000115 0.100446 0.045042
23.748090 1.263360 32.181507 2.286983
0.475945 0.100436 -0.002486 -0.000460
0.100436 0.045034 -0.000461 -0.000105
-0.002486 -0.000461 0.477394 0.100707
-0.000460 -0.000105 0.100707 0.045083
24.621823 1.314408 32.934240 2.204544
0.477188 0.100787 -0.000688 -0.000053
0.100787 0.045088 -0.000052 -0.000013
-0.000688 -0.000052 0.478691 0.101047
-0.000053 -0.000013 0.101047 0.045133
25.413411 1.342735 33.648560 2.122663
0.477581 0.100900 -0.002030 -0.000349
0.100900 0.045085 -0.000349 -0.000078
-0.002030 -0.000349 0.479182 0.101164
-0.000349 -0.000078 0.101164 0.045129
26.093300 1.344605 35.055388 2.195598
0.477183 0.100820 -0.005885 -0.001147
0.100820 0.045041 -0.001147 -0.000243
-0.005885 -0.001147 0.479498 0.101220
-0.001147 -0.000243 0.101220 0.045114
26.911231 1.375334 36.048232 2.173504
0.477821 0.100957 -0.004564 -0.000778
0.100957 0.045048 -0.000778 -0.000148
-0.004564 -0.000778 0.480473 0.101402
-0.000778 -0.000148 0.101402 0.045128
27.865770 1.431619 36.944373 2.133421
0.474817 0.100302 -0.005885 -0.001014
0.100302 0.044887 -0.001014 -0.000194
-0.005885 -0.001014 0.477795 0.100792
-0.001014 -0.000194 0.100792 0.044975
27.905313 1.288343 37.413834 2.007001
0.476433 0.100683 -0.002943 -0.000333
0.100683 0.044961 -0.000332 -0.000044
-0.002943 -0.000332 0.479566 0.101180
-0.000333 -0.000044 0.101180 0.045049
27.862978 1.143342 38.533345 2.031076
0.475159 0.100406 -0.002692 -0.000295
0.100406 0.044888 -0.000294 -0.000045
-0.002692 -0.000294 0.479243 0.101082
-0.000295 -0.000045 0.101082 0.045014
28.805447 1.221561 39.276383 1.973810
0.475824 0.100562 0.000101 0.000276
0.100562 0.044914 0.000279 0.000068
0.000101 0.000279 0.480035 0.101230
0.000276 0.000068 0.101230 0.045036
29.313743 1.199970 40.435671 2.010110
0.475548 0.100497 -0.001867 -0.000210
0.100497 0.044890 -0.000209 -0.000051
-0.001867 -0.000209 0.480594 0.101314
-0.000210 -0.000051 0.101314 0.045043
29.748249 1.164850 41.010698 1.919434
0.475035 0.100386 -0.002454 -0.000352
0.100386 0.044859 -0.000351 -0.000084
-0.002454 -0.000351 0.480287 0.101209
-0.000352 -0.000084 0.101209 0.045011
30.316048 1.161772 42.007141 1.927166
0.474695 0.100320 -0.002661 -0.000398
0.100320 0.044841 -0.000397 -0.000093
-0.002661 -0.000397 0.480642 0.101259
-0.000398 -0.000093 0.101259 0.045017
31.467078 1.282277 42.973623 1.927975
0.474409 0.100269 -0.002887 -0.000442
0.100269 0.044827 -0.000442 -0.000101
-0.002887 -0.000442 0.480734 0.101252
-0.000442 -0.000101 0.101252 0.045011
32.904898 1.450718 44.036594 1.949109
0.473210 0.100026 -0.005275 -0.000938
0.100026 0.044773 -0.000940 -0.000204
-0.005275 -0.000940 0.479921 0.101057
-0.000938 -0.000204 0.101057 0.044968
33.616295 1.447635 44.737195 1.891415
0.473562 0.100132 -0.005625 -0.000959
0.100132 0.044798 -0.000960 -0.000198
-0.005625 -0.000960 0.480540 0.101187
-0.000959 -0.000198 0.101187 0.044998
34.014018 1.378664 45.671235 1.888769
0.474278 0.100299 -0.006831 -0.001164
0.100299 0.044832 -0.001165 -0.000234
-0.006831 -0.001165 0.482087 0.101500
-0.001164 -0.000234 0.101500 0.045063
34.823111 1.404162 46.858146 1.939899
0.473485 0.100127 -0.008413 -0.001436
0.100127 0.044790 -0.001438 -0.000284
-0.008413 -0.001438 0.482270 0.101498
-0.001436 -0.000284 0.101498 0.045057
35.461275 1.390269 47.397712 1.849288
0.473303 0.100101 -0.008070 -0.001286
0.100101 0.044784 -0.001287 -0.000243
-0.008070 -0.001287 0.482156 0.101441
-0.001286 -0.000243 0.101441 0.045042
36.439951 1.449905 47.972539 1.775979
0.472972 0.100041 -0.009580 -0.001551
0.100041 0.044770 -0.001554 -0.000297
-0.009580 -0.001554 0.481754 0.101332
-0.001551 -0.000297 0.101332 0.045019
