1.492124 1.558957 -1.115804 -1.338379
2.459709 0.983905 -0.426794 -0.170721
0.983905 80.397637 -0.170721 -0.068290
-0.426794 -0.170721 2.418260 0.967325
-0.170721 -0.068290 0.967325 80.391005
5.523334 7.379402 1.697123 4.889294
2.203074 3.846050 -0.266056 -0.384928
3.846050 15.045649 -0.380558 -1.760971
-0.266056 -0.380558 2.295097 4.015380
-0.384928 -1.760971 4.015380 15.236262
6.271759 3.970474 2.421725 2.916093
1.996237 2.313483 -0.216511 -0.251639
2.313483 4.554712 -0.250698 -0.587062
-0.216511 -0.250698 2.089885 2.402697
-0.251639 -0.587062 2.402697 4.627273
5.521245 1.666101 3.927930 2.972596
1.714899 1.445246 -0.189883 -0.168660
1.445246 1.907552 -0.168225 -0.254569
-0.189883 -0.168225 1.754603 1.465084
-0.168660 -0.254569 1.465084 1.916308
8.115208 2.826933 5.457036 2.991118
1.499511 0.989147 -0.099862 -0.073486
0.989147 0.981108 -0.073063 -0.101292
-0.099862 -0.073063 1.544622 1.011952
-0.073486 -0.101292 1.011952 0.995183
9.082335 2.589438 6.254183 2.618201
1.253696 0.679067 -0.100071 -0.061798
0.679067 0.551777 -0.061669 -0.062823
-0.100071 -0.061669 1.292668 0.696100
-0.061798 -0.062823 0.696100 0.561477
8.934815 1.930414 6.388103 2.087198
1.109306 0.512158 -0.096682 -0.050661
0.512158 0.351744 -0.050600 -0.040810
-0.096682 -0.050600 1.141445 0.524266
-0.050661 -0.040810 0.524266 0.358013
9.087406 1.602291 7.630217 2.170543
1.009197 0.406669 -0.053729 -0.026214
0.406669 0.242734 -0.026063 -0.021484
-0.053729 -0.026063 1.026355 0.411691
-0.026214 -0.021484 0.411691 0.245416
10.515383 1.827535 8.532945 2.102621
0.905375 0.324467 -0.056177 -0.024055
0.324467 0.174330 -0.023988 -0.016004
-0.056177 -0.023988 0.924293 0.330121
-0.024055 -0.016004 0.330121 0.177007
10.280123 1.456128 9.379454 2.040865
0.853506 0.276686 -0.068841 -0.025492
0.276686 0.135195 -0.025434 -0.013366
-0.068841 -0.025434 0.863624 0.279180
-0.025492 -0.013366 0.279180 0.136543
11.126493 1.492022 10.096822 1.950843
0.787653 0.233740 -0.068512 -0.022493
0.233740 0.107020 -0.022458 -0.010193
-0.068512 -0.022458 0.797451 0.236190
-0.022493 -0.010193 0.236190 0.108219
12.018402 1.533382 10.354138 1.753388
0.733730 0.201863 -0.057268 -0.017058
0.201863 0.088178 -0.017037 -0.007148
-0.057268 -0.017037 0.745923 0.204934
-0.017058 -0.007148 0.204934 0.089416
12.391987 1.432037 11.176705 1.739866
0.689298 0.177855 -0.053579 -0.014542
0.177855 0.075284 -0.014523 -0.005505
-0.053579 -0.014523 0.698259 0.179931
-0.014542 -0.005505 0.179931 0.076129
12.854273 1.369959 12.171127 1.770362
0.650502 0.159063 -0.041750 -0.010434
0.159063 0.066178 -0.010417 -0.003809
-0.041750 -0.010417 0.656320 0.160301
-0.010434 -0.003809 0.160301 0.066731
13.219972 1.295305 13.497405 1.873457
0.628098 0.146971 -0.037233 -0.008642
0.146971 0.060314 -0.008629 -0.002950
-0.037233 -0.008629 0.629747 0.147230
-0.008642 -0.002950 0.147230 0.060583
14.335583 1.400884 14.390808 1.863918
0.602113 0.135863 -0.023177 -0.004926
0.135863 0.055722 -0.004915 -0.001801
-0.023177 -0.004915 0.604616 0.136388
-0.004926 -0.001801 0.136388 0.056024
15.723130 1.551231 14.742154 1.736985
0.573595 0.125788 -0.011995 -0.002300
0.125788 0.052130 -0.002289 -0.001050
-0.011995 -0.002289 0.578931 0.126954
-0.002300 -0.001050 0.126954 0.052540
15.890544 1.420525 15.449222 1.702067
0.560449 0.120373 -0.014453 -0.002868
0.120373 0.050100 -0.002861 -0.001074
-0.014453 -0.002861 0.563983 0.121094
-0.002868 -0.001074 0.121094 0.050372
17.124396 1.531625 17.168668 1.885839
0.541962 0.114583 -0.006448 -0.001119
0.114583 0.048316 -0.001113 -0.000606
-0.006448 -0.001113 0.543873 0.114943
-0.001119 -0.000606 0.114943 0.048486
17.345158 1.417531 17.958810 1.853723
0.525626 0.109982 -0.007964 -0.001515
0.109982 0.047037 -0.001511 -0.000634
-0.007964 -0.001511 0.526277 0.110088
-0.001515 -0.000634 0.110088 0.047138
18.210464 1.450183 19.210116 1.921253
0.514964 0.107122 -0.007255 -0.001372
0.107122 0.046290 -0.001369 -0.000546
-0.007255 -0.001369 0.515032 0.107131
-0.001372 -0.000546 0.107131 0.046360
18.747315 1.411264 20.622932 2.015012
0.501778 0.104077 -0.006461 -0.001204
0.104077 0.045598 -0.001202 -0.000462
-0.006461 -0.001202 0.500923 0.103918
-0.001204 -0.000462 0.103918 0.045626
18.937368 1.304249 21.413019 1.969738
0.494546 0.102586 -0.003951 -0.000676
0.102586 0.045301 -0.000675 -0.000312
-0.003951 -0.000675 0.493095 0.102337
-0.000676 -0.000312 0.102337 0.045304
19.240782 1.231804 22.381103 1.966165
0.489505 0.101689 -0.005096 -0.000942
0.101689 0.045149 -0.000941 -0.000341
-0.005096 -0.000941 0.487752 0.101409
-0.000942 -0.000341 0.101409 0.045141
19.693544 1.197948 23.760138 2.048645
0.488858 0.101773 -0.002466 -0.000381
0.101773 0.045207 -0.000381 -0.000195
-0.002466 -0.000381 0.487295 0.101561
-0.000381 -0.000195 0.101561 0.045208
20.127487 1.163521 24.745290 2.040430
0.485114 0.101175 -0.005080 -0.000960
0.101175 0.045107 -0.000959 -0.000301
-0.005080 -0.000959 0.483814 0.101032
-0.000960 -0.000301 0.101032 0.045116
20.589909 1.138588 25.800739 2.047770
0.481437 0.100619 -0.009750 -0.001904
0.100619 0.045016 -0.001902 -0.000473
-0.009750 -0.001902 0.480725 0.100601
-0.001904 -0.000473 0.100601 0.045044
21.277102 1.163242 26.742056 2.030517
0.475231 0.099557 -0.004762 -0.000736
0.099557 0.044817 -0.000735 -0.000193
-0.004762 -0.000735 0.475328 0.099695
-0.000736 -0.000193 0.099695 0.044868
22.095685 1.213062 27.807853 2.041281
0.473989 0.099592 -0.007853 -0.001382
0.099592 0.044853 -0.001380 -0.000321
-0.007853 -0.001380 0.475204 0.099938
-0.001382 -0.000321 0.099938 0.044938
22.626023 1.197114 28.970030 2.071054
0.470511 0.099110 -0.004428 -0.000595
0.099110 0.044764 -0.000593 -0.000139
-0.004428 -0.000593 0.473250 0.099732
-0.000595 -0.000139 0.099732 0.044897
23.828301 1.324302 29.562102 1.977844
0.471897 0.099654 -0.003578 -0.000428
0.099654 0.044889 -0.000426 -0.000105
-0.003578 -0.000426 0.474623 0.100206
-0.000428 -0.000105 0.100206 0.044993
24.288137 1.281919 31.192161 2.113220
0.471728 0.099773 -0.004568 -0.000665
0.099773 0.044902 -0.000662 -0.000159
-0.004568 -0.000662 0.477711 0.100961
-0.000665 -0.000159 0.100961 0.045134
24.928118 1.281821 32.420750 2.149569
0.472290 0.100000 -0.008227 -0.001440
0.100000 0.044931 -0.001437 -0.000321
-0.008227 -0.001437 0.480412 0.101535
-0.001440 -0.000321 0.101535 0.045221
25.253678 1.215009 33.499952 2.150255
0.469301 0.099430 -0.005014 -0.000691
0.099430 0.044786 -0.000685 -0.000147
-0.005014 -0.000685 0.479742 0.101334
-0.000691 -0.000147 0.101334 0.045139
26.140219 1.273834 34.120425 2.054475
0.471129 0.099910 -0.007678 -0.001258
0.099910 0.044874 -0.001256 -0.000270
-0.007678 -0.001256 0.481328 0.101621
-0.001258 -0.000270 0.101621 0.045170
26.811019 1.280944 35.059030 2.035804
0.469850 0.099666 -0.004771 -0.000598
0.099666 0.044798 -0.000592 -0.000122
-0.004771 -0.000592 0.481852 0.101659
-0.000598 -0.000122 0.101659 0.045150
27.468996 1.284636 36.049393 2.030013
0.471647 0.100082 -0.004941 -0.000654
0.100082 0.044868 -0.000647 -0.000140
-0.004941 -0.000647 0.485520 0.102357
-0.000654 -0.000140 0.102357 0.045274
27.881415 1.235744 36.919708 1.999366
0.470268 0.099768 -0.009039 -0.001531
0.099768 0.044776 -0.001531 -0.000330
-0.009039 -0.001531 0.486371 0.102399
-0.001531 -0.000330 0.102399 0.045253
28.523546 1.240854 37.879721 1.991046
0.463310 0.098297 -0.011086 -0.001898
0.098297 0.044448 -0.001899 -0.000397
-0.011086 -0.001899 0.482514 0.101462
-0.001898 -0.000397 0.101462 0.045034
29.483516 1.313129 38.984968 2.014505
0.464157 0.098615 -0.011475 -0.001883
0.098615 0.044528 -0.001882 -0.000378
-0.011475 -0.001882 0.485620 0.102096
-0.001883 -0.000378 0.102096 0.045170
29.943427 1.271351 40.026801 2.021512
0.463269 0.098517 -0.008702 -0.001220
0.098517 0.044507 -0.001207 -0.000227
-0.008702 -0.001207 0.487936 0.102511
-0.001220 -0.000227 0.102511 0.045251
30.416042 1.236538 40.958583 2.004719
0.457138 0.097287 -0.011486 -0.001805
0.097287 0.044242 -0.001799 -0.000360
-0.011486 -0.001799 0.485395 0.101872
-0.001805 -0.000360 0.101872 0.045104
30.938295 1.215945 41.880404 1.987678
0.460468 0.098169 -0.017067 -0.002913
0.098169 0.044445 -0.002924 -0.000591
-0.017067 -0.002924 0.490674 0.102945
-0.002913 -0.000591 0.102945 0.045333
31.381988 1.181257 43.082086 2.030955
0.457393 0.097573 -0.020877 -0.003564
0.097573 0.044308 -0.003579 -0.000709
-0.020877 -0.003579 0.492702 0.103243
-0.003564 -0.000709 0.103243 0.045382
32.123933 1.212581 43.637146 1.934886
0.464184 0.099131 -0.021592 -0.003507
0.099131 0.044641 -0.003525 -0.000672
-0.021592 -0.003525 0.497693 0.104156
-0.003507 -0.000672 0.104156 0.045561
32.575083 1.178052 44.045551 1.817662
0.470400 0.100396 -0.022178 -0.003457
0.100396 0.044879 -0.003478 -0.000648
-0.022178 -0.003478 0.502294 0.104921
-0.003457 -0.000648 0.104921 0.045700
33.528343 1.254590 44.551903 1.734735
0.470653 0.100271 -0.020832 -0.003051
0.100271 0.044804 -0.003063 -0.000559
-0.020832 -0.003063 0.502015 0.104628
-0.003051 -0.000559 0.104628 0.045615
34.135891 1.250452 45.441929 1.739395
0.469674 0.099901 -0.023733 -0.003593
0.099901 0.044690 -0.003606 -0.000683
-0.023733 -0.003606 0.504660 0.104994
-0.003593 -0.000683 0.104994 0.045682
34.728346 1.242088 45.855586 1.644512
0.468769 0.099615 -0.021178 -0.002964
0.099615 0.044615 -0.002962 -0.000551
-0.021178 -0.002962 0.503830 0.104650
-0.002964 -0.000551 0.104650 0.045607
34.902361 1.148086 46.999788 1.709962
0.464372 0.098607 -0.025310 -0.003812
0.098607 0.044393 -0.003807 -0.000746
-0.025310 -0.003807 0.507153 0.105210
-0.003812 -0.000746 0.105210 0.045728
