1.854113 1.703756 -0.416378 -1.058602
2.489813 0.995947 -0.049504 -0.019802
0.995947 80.402454 -0.019802 -0.007921
-0.049504 -0.019802 2.497676 0.999092
-0.019802 -0.007921 0.999092 80.403712
3.765575 3.567497 2.094396 4.253918
2.203008 3.847727 -0.055752 -0.087937
3.847727 15.167220 -0.087943 -0.279449
-0.055752 -0.087943 2.210497 3.859309
-0.087937 -0.279449 3.859309 15.207441
7.097131 5.361932 2.568869 2.338039
1.980369 2.300176 -0.053251 -0.057748
2.300176 4.564874 -0.057722 -0.100962
-0.053251 -0.057722 2.000717 2.323377
-0.057748 -0.100962 2.323377 4.597212
7.246821 3.220635 2.718273 1.473641
1.709588 1.445279 -0.036431 -0.028616
1.445279 1.916543 -0.028602 -0.037683
-0.036431 -0.028602 1.726528 1.458249
-0.028616 -0.037683 1.458249 1.929039
6.890160 1.919892 5.011981 2.501736
1.486657 0.983688 -0.019608 -0.012241
0.983688 0.981233 -0.012232 -0.015097
-0.019608 -0.012232 1.491365 0.985729
-0.012241 -0.015097 0.985729 0.983398
7.221247 1.578179 6.738209 2.759941
1.286597 0.698967 -0.015876 -0.008833
0.698967 0.564338 -0.008828 -0.009022
-0.015876 -0.008828 1.287689 0.699165
-0.008833 -0.009022 0.699165 0.565153
7.781063 1.473107 6.157964 1.854800
1.146622 0.529570 -0.018131 -0.008854
0.529570 0.360205 -0.008853 -0.006760
-0.018131 -0.008853 1.150634 0.531377
-0.008854 -0.006760 0.531377 0.361593
8.025105 1.274880 7.181253 1.893581
1.031284 0.414998 -0.012492 -0.005433
0.414998 0.246121 -0.005432 -0.003907
-0.012492 -0.005432 1.033474 0.415891
-0.005433 -0.003907 0.415891 0.246859
8.993297 1.392772 9.035745 2.218068
0.940620 0.336343 -0.009680 -0.003853
0.336343 0.178545 -0.003851 -0.002559
-0.009680 -0.003851 0.941203 0.336610
-0.003853 -0.002559 0.336610 0.178914
10.477911 1.647566 9.461283 1.996970
0.867169 0.279999 -0.006249 -0.002382
0.279999 0.136123 -0.002382 -0.001609
-0.006249 -0.002382 0.869463 0.280836
-0.002382 -0.001609 0.280836 0.136600
11.620855 1.741944 10.394543 1.977543
0.804137 0.237718 -0.001355 -0.000751
0.237718 0.108133 -0.000752 -0.000840
-0.001355 -0.000752 0.806432 0.238475
-0.000751 -0.000840 0.238475 0.108505
12.130288 1.643348 10.425632 1.715208
0.749774 0.205473 -0.007970 -0.002561
0.205473 0.089138 -0.002561 -0.001177
-0.007970 -0.002561 0.752356 0.206237
-0.002561 -0.001177 0.206237 0.089455
12.780126 1.599088 11.565708 1.787867
0.701207 0.180179 -0.001484 -0.000645
0.180179 0.075864 -0.000645 -0.000507
-0.001484 -0.000645 0.702984 0.180666
-0.000645 -0.000507 0.180666 0.076066
12.955795 1.447366 11.921913 1.657144
0.663155 0.161496 -0.001246 -0.000560
0.161496 0.066773 -0.000560 -0.000402
-0.001246 -0.000560 0.664638 0.161875
-0.000560 -0.000402 0.161875 0.066922
13.718079 1.456270 12.990376 1.713027
0.622932 0.145144 -0.000179 -0.000276
0.145144 0.059892 -0.000276 -0.000270
-0.000179 -0.000276 0.624008 0.145403
-0.000276 -0.000270 0.145403 0.059995
14.200599 1.400924 14.017072 1.751425
0.598080 0.134615 -0.002931 -0.000884
0.134615 0.055501 -0.000884 -0.000361
-0.002931 -0.000884 0.598692 0.134756
-0.000884 -0.000361 0.134756 0.055566
14.653888 1.346676 15.285769 1.837573
0.574196 0.125768 -0.002087 -0.000618
0.125768 0.052211 -0.000617 -0.000252
-0.002087 -0.000617 0.574282 0.125791
-0.000618 -0.000252 0.125791 0.052243
15.698712 1.426430 16.093287 1.813611
0.553177 0.118728 -0.004083 -0.000993
0.118728 0.049829 -0.000992 -0.000298
-0.004083 -0.000992 0.553392 0.118785
-0.000993 -0.000298 0.118785 0.049864
16.470811 1.438850 17.523025 1.924265
0.538225 0.113883 -0.001937 -0.000451
0.113883 0.048268 -0.000450 -0.000150
-0.001937 -0.000450 0.538166 0.113882
-0.000451 -0.000150 0.113882 0.048286
17.393536 1.481458 18.275585 1.880337
0.523917 0.109788 -0.001949 -0.000422
0.109788 0.047090 -0.000422 -0.000127
-0.001949 -0.000422 0.523925 0.109806
-0.000422 -0.000127 0.109806 0.047110
17.382241 1.324749 18.725810 1.778216
0.512906 0.106873 -0.002341 -0.000476
0.106873 0.046316 -0.000476 -0.000126
-0.002341 -0.000476 0.512753 0.106857
-0.000476 -0.000126 0.106857 0.046326
17.881774 1.290970 20.323882 1.925550
0.505653 0.105073 -0.001218 -0.000211
0.105073 0.045870 -0.000211 -0.000060
-0.001218 -0.000211 0.505285 0.105016
-0.000211 -0.000060 0.105016 0.045869
18.574488 1.300791 21.449413 1.959352
0.500138 0.103832 -0.001067 -0.000174
0.103832 0.045592 -0.000174 -0.000049
-0.001067 -0.000174 0.499772 0.103781
-0.000174 -0.000049 0.103781 0.045591
19.247584 1.305519 22.571736 1.988985
0.493898 0.102566 0.001259 0.000311
0.102566 0.045335 0.000311 0.000055
0.001259 0.000311 0.493563 0.102525
0.000311 0.000055 0.102525 0.045335
20.116064 1.350379 23.469543 1.968876
0.487837 0.101450 -0.000744 -0.000148
0.101450 0.045129 -0.000148 -0.000047
-0.000744 -0.000148 0.487587 0.101428
-0.000148 -0.000047 0.101428 0.045132
20.734134 1.338482 24.741708 2.028863
0.483707 0.100820 -0.000912 -0.000176
0.100820 0.045034 -0.000176 -0.000049
-0.000912 -0.000176 0.483567 0.100819
-0.000176 -0.000049 0.100819 0.045039
21.606070 1.380861 26.195486 2.120705
0.482669 0.100862 -0.001167 -0.000220
0.100862 0.045076 -0.000220 -0.000054
-0.001167 -0.000220 0.482739 0.100902
-0.000220 -0.000054 0.100902 0.045088
22.061733 1.331717 27.531417 2.178409
0.481072 0.100746 -0.000186 -0.000001
0.100746 0.045070 -0.000001 -0.000004
-0.000186 -0.000001 0.481364 0.100825
-0.000001 -0.000004 0.100825 0.045088
23.075199 1.404614 27.969427 2.041783
0.479557 0.100623 0.000899 0.000218
0.100623 0.045054 0.000218 0.000041
0.000899 0.000218 0.479772 0.100676
0.000218 0.000041 0.100676 0.045064
23.178918 1.278800 29.142707 2.073812
0.478107 0.100491 0.000504 0.000107
0.100491 0.045029 0.000107 0.000013
0.000504 0.000107 0.478644 0.100604
0.000107 0.000013 0.100604 0.045050
24.004640 1.318012 30.541220 2.149919
0.479780 0.100996 -0.001775 -0.000386
0.100996 0.045132 -0.000386 -0.000092
-0.001775 -0.000386 0.480699 0.101178
-0.000386 -0.000092 0.101178 0.045167
24.697325 1.325124 31.975806 2.225659
0.477526 0.100597 0.000033 0.000029
0.100597 0.045031 0.000029 0.000005
0.000033 0.000029 0.478945 0.100868
0.000029 0.000005 0.100868 0.045082
25.295815 1.311604 32.749259 2.154133
0.478970 0.100994 -0.001089 -0.000215
0.100994 0.045104 -0.000215 -0.000048
-0.001089 -0.000215 0.480471 0.101260
-0.000215 -0.000048 0.101260 0.045151
25.842992 1.288646 33.122887 2.005854
0.476948 0.100601 -0.001204 -0.000223
0.100601 0.045000 -0.000223 -0.000046
-0.001204 -0.000223 0.478358 0.100829
-0.000223 -0.000046 0.100829 0.045038
25.889968 1.162580 34.141471 2.009098
0.476903 0.100648 -0.002511 -0.000483
0.100648 0.044998 -0.000483 -0.000099
-0.002511 -0.000483 0.478853 0.100978
-0.000483 -0.000099 0.100978 0.045057
26.649333 1.200104 34.737416 1.922950
0.477346 0.100778 -0.002185 -0.000376
0.100778 0.045012 -0.000376 -0.000070
-0.002185 -0.000376 0.479334 0.101097
-0.000376 -0.000070 0.101097 0.045067
27.316374 1.214196 35.466616 1.873977
0.477096 0.100738 -0.003880 -0.000711
0.100738 0.044987 -0.000711 -0.000139
-0.003880 -0.000711 0.479313 0.101090
-0.000711 -0.000139 0.101090 0.045049
27.807342 1.189869 36.994597 1.998574
0.475432 0.100394 -0.005040 -0.000905
0.100394 0.044900 -0.000906 -0.000173
-0.005040 -0.000906 0.478688 0.100950
-0.000905 -0.000173 0.100950 0.045006
29.105639 1.338271 37.611590 1.918274
0.475484 0.100439 -0.005987 -0.001043
0.100439 0.044903 -0.001044 -0.000195
-0.005987 -0.001044 0.478605 0.100935
-0.001043 -0.000195 0.100935 0.044993
29.946411 1.374786 38.988020 2.006384
0.475236 0.100409 -0.004043 -0.000568
0.100409 0.044890 -0.000567 -0.000088
-0.004043 -0.000567 0.479189 0.101059
-0.000568 -0.000088 0.101059 0.045012
30.604815 1.368401 39.574905 1.918579
0.473708 0.100103 -0.003423 -0.000427
0.100103 0.044818 -0.000426 -0.000064
-0.003423 -0.000426 0.477775 0.100746
-0.000427 -0.000064 0.100746 0.044936
31.185647 1.346610 40.635979 1.939983
0.472052 0.099792 -0.004117 -0.000581
0.099792 0.044750 -0.000580 -0.000104
-0.004117 -0.000580 0.476851 0.100565
-0.000581 -0.000104 0.100565 0.044896
31.422229 1.253748 40.836783 1.777445
0.474613 0.100395 -0.003988 -0.000546
0.100395 0.044880 -0.000545 -0.000100
-0.003988 -0.000545 0.479200 0.101088
-0.000546 -0.000100 0.101088 0.045007
32.034650 1.250835 41.956474 1.826148
0.474856 0.100440 -0.003681 -0.000480
0.100440 0.044879 -0.000479 -0.000090
-0.003681 -0.000479 0.480262 0.101286
-0.000480 -0.000090 0.101286 0.045039
32.587958 1.235650 42.977022 1.848760
0.473730 0.100190 -0.001984 -0.000131
0.100190 0.044816 -0.000128 -0.000021
-0.001984 -0.000128 0.479912 0.101169
-0.000131 -0.000021 0.101169 0.045004
33.195109 1.233706 44.502498 1.975436
0.472917 0.100026 -0.001861 -0.000146
0.100026 0.044778 -0.000143 -0.000035
-0.001861 -0.000143 0.480494 0.101264
-0.000146 -0.000035 0.101264 0.045018
33.782443 1.227411 45.377908 1.951762
0.473939 0.100264 -0.002179 -0.000247
0.100264 0.044827 -0.000245 -0.000063
-0.002179 -0.000245 0.481929 0.101532
-0.000247 -0.000063 0.101532 0.045069
34.346640 1.217076 46.698197 2.024263
0.473563 0.100179 -0.002249 -0.000283
0.100179 0.044803 -0.000281 -0.000074
-0.002249 -0.000281 0.482728 0.101645
-0.000283 -0.000074 0.101645 0.045085
35.063837 1.240140 47.919006 2.068218
0.472602 0.099976 -0.004543 -0.000781
0.099976 0.044756 -0.000782 -0.000180
-0.004543 -0.000782 0.482712 0.101583
-0.000781 -0.000180 0.101583 0.045064
36.215061 1.352397 48.660865 2.006976
0.474057 0.100304 -0.003423 -0.000511
0.100304 0.044826 -0.000510 -0.000114
-0.003423 -0.000510 0.483882 0.101786
-0.000511 -0.000114 0.101786 0.045105
