-3.245172 -0.336002 4.822469 1.036982
42.114720 16.846253 -56.736569 -22.695119
16.846253 86.742714 -22.695119 -9.078244
-56.736569 -22.695119 81.261462 32.505289
-22.695119 -9.078244 32.505289 93.006464
-2.297033 3.037994 8.291312 4.528249
57.719474 26.450165 -85.217814 -44.840381
26.450165 34.124887 -37.051005 -39.404788
-85.217814 -37.051005 129.030058 69.248640
-44.840381 -39.404788 69.248640 72.799262
5.141390 6.243384 2.888166 1.065911
43.325111 13.565112 -79.717991 -40.620651
13.565112 15.675607 -23.296502 -25.341372
-79.717991 -23.296502 150.647391 77.309922
-40.620651 -25.341372 77.309922 60.525076
8.173213 6.046884 3.179312 1.021800
9.385431 7.204620 -8.365603 -5.317717
7.204620 11.747103 -5.722870 -12.104015
-8.365603 -5.722870 9.220989 5.260751
-5.317717 -12.104015 5.260751 15.768405
12.688027 7.199488 1.100561 -0.980266
15.623684 10.143892 -10.820617 -6.729449
10.143892 9.543174 -7.182566 -8.604348
-10.820617 -7.182566 8.821317 5.819864
-6.729449 -8.604348 5.819864 10.182738
13.519431 5.525624 3.258943 0.798422
12.675912 5.530559 -5.028146 -0.994636
5.530559 3.853859 -2.441599 -2.509941
-5.028146 -2.441599 2.818893 1.224808
-0.994636 -2.509941 1.224808 3.653132
16.059270 5.610379 3.304352 0.371304
18.643650 7.007813 -6.540675 -1.537644
7.007813 3.402555 -2.803293 -1.714733
-6.540675 -2.803293 3.178269 1.450650
-1.537644 -1.714733 1.450650 2.205019
19.087647 5.677913 3.431007 0.366449
22.121847 6.608303 -5.583440 -0.256139
6.608303 2.389970 -1.926550 -0.664892
-5.583440 -1.926550 2.208138 0.745358
-0.256139 -0.664892 0.745358 1.103819
22.505499 5.828048 3.493791 0.365200
20.700911 4.888203 -2.516195 1.227789
4.888203 1.406670 -0.787873 -0.044376
-2.516195 -0.787873 1.027706 0.363718
1.227789 -0.044376 0.363718 0.709167
24.259847 5.487618 4.173992 0.550417
16.137133 3.000980 0.650616 2.014426
3.000980 0.725502 -0.023750 0.172081
0.650616 -0.023750 0.657737 0.464028
2.014426 0.172081 0.464028 0.640471
24.790310 4.900220 5.243625 0.833835
15.577633 2.450092 2.649185 2.376504
2.450092 0.505139 0.305338 0.243968
2.649185 0.305338 0.995307 0.693141
2.376504 0.243968 0.693141 0.613681
25.620485 4.504247 6.123586 1.000795
17.300089 2.482445 4.362644 2.618386
2.482445 0.448439 0.530945 0.285859
4.362644 0.530945 1.606827 0.899889
2.618386 0.285859 0.899889 0.574607
23.653479 3.501855 7.835563 1.469205
18.701436 2.460584 6.141037 2.804580
2.460584 0.394997 0.743049 0.312534
6.141037 0.743049 2.393607 1.080820
2.804580 0.312534 1.080820 0.534439
25.294728 3.468166 8.648936 1.500891
16.188181 2.162674 5.257364 1.930183
2.162674 0.350974 0.633889 0.212568
5.257364 0.633889 2.118865 0.787867
1.930183 0.212568 0.787867 0.327838
25.128113 2.995051 10.243262 1.833122
17.780598 2.249367 6.399881 1.978961
2.249367 0.337254 0.755895 0.219675
6.399881 0.755895 2.656444 0.837885
1.978961 0.219675 0.837885 0.292824
25.373628 2.799071 10.991068 1.807886
19.530413 2.357174 7.537525 2.009190
2.357174 0.332666 0.856468 0.218128
7.537525 0.856468 3.282205 0.898335
2.009190 0.218128 0.898335 0.271030
27.664020 2.854604 12.615564 2.001805
20.874359 2.412211 8.472214 1.981393
2.412211 0.323445 0.929058 0.210249
8.472214 0.929058 3.817000 0.919458
1.981393 0.210249 0.919458 0.244732
23.972599 2.233549 11.895336 1.676636
9.988902 0.985068 5.210798 1.159854
0.985068 0.139296 0.468660 0.100484
5.210798 0.468660 3.087305 0.709719
1.159854 0.100484 0.709719 0.184691
29.426397 2.543418 16.013470 2.392344
6.363805 0.701502 2.727717 0.494308
0.701502 0.117100 0.266639 0.046201
2.727717 0.266639 1.456750 0.288548
0.494308 0.046201 0.288548 0.078645
24.402132 1.846644 14.626690 1.981081
0.699969 0.043567 0.583575 0.122244
0.043567 0.041514 0.005381 0.001924
0.583575 0.005381 0.757093 0.171765
0.122244 0.001924 0.171765 0.059062
25.789175 1.813368 16.586231 2.199246
0.674530 0.070219 0.489502 0.087756
0.070219 0.046180 0.016053 0.004110
0.489502 0.016053 0.625943 0.131240
0.087756 0.004110 0.131240 0.048075
26.525360 1.697344 18.289699 2.354717
0.742930 0.089713 0.556502 0.093970
0.089713 0.048561 0.030070 0.007270
0.556502 0.030070 0.701481 0.139268
0.093970 0.007270 0.139268 0.048671
26.781922 1.577568 19.337903 2.357867
0.697016 0.086215 0.580610 0.096659
0.086215 0.047735 0.027014 0.007340
0.580610 0.027014 0.834143 0.162600
0.096659 0.007340 0.162600 0.053196
25.502634 1.180531 19.726477 2.294687
0.444691 0.046103 0.492628 0.085687
0.046103 0.040492 0.003453 0.004833
0.492628 0.003453 0.937023 0.182357
0.085687 0.004833 0.182357 0.057191
25.094733 0.933932 20.734899 2.316639
0.393034 0.043119 0.504378 0.086476
0.043119 0.039536 0.001701 0.005211
0.504378 0.001701 1.094049 0.205482
0.086476 0.005211 0.205482 0.060853
25.649897 0.940495 22.054029 2.344663
0.414984 0.057846 0.526140 0.085823
0.057846 0.043169 0.000517 0.004746
0.526140 0.000517 1.289435 0.233117
0.085823 0.004746 0.233117 0.065197
24.935443 0.781866 21.464875 2.060130
0.184014 0.040668 0.122901 0.015855
0.040668 0.042670 -0.055275 -0.004614
0.122901 -0.055275 0.857144 0.156341
0.015855 -0.004614 0.156341 0.052247
25.336714 0.784403 22.502153 2.061219
0.216197 0.058063 0.092876 0.012298
0.058063 0.046211 -0.059060 -0.004774
0.092876 -0.059060 1.011665 0.181137
0.012298 -0.004774 0.181137 0.056807
25.886958 0.817353 23.754882 2.098960
0.265651 0.078261 0.037428 0.004656
0.078261 0.050323 -0.066976 -0.005711
0.037428 -0.066976 1.150695 0.201085
0.004656 -0.005711 0.201085 0.060146
26.483895 0.845260 25.330845 2.188964
0.329598 0.099536 -0.050670 -0.007710
0.099536 0.054340 -0.079937 -0.007443
-0.050670 -0.079937 1.248018 0.211992
-0.007710 -0.007443 0.211992 0.061650
27.018118 0.862629 26.788087 2.250350
0.417331 0.124005 -0.181945 -0.025910
0.124005 0.058708 -0.096067 -0.009544
-0.181945 -0.096067 1.173802 0.193032
-0.025910 -0.009544 0.193032 0.058026
27.478959 0.866592 28.065540 2.275947
0.539067 0.151776 -0.315263 -0.042505
0.151776 0.063225 -0.111450 -0.011341
-0.315263 -0.111450 1.068648 0.170502
-0.042505 -0.011341 0.170502 0.054124
27.993392 0.879780 29.750068 2.368974
0.697775 0.182803 -0.433614 -0.054824
0.182803 0.067855 -0.124151 -0.012558
-0.433614 -0.124151 1.050241 0.164077
-0.054824 -0.012558 0.164077 0.053175
28.427507 0.878476 30.904554 2.363700
0.891867 0.216597 -0.555267 -0.066222
0.216597 0.072539 -0.136685 -0.013663
-0.555267 -0.136685 0.974020 0.147885
-0.066222 -0.013663 0.147885 0.050540
28.864639 0.877517 32.019726 2.351891
1.121870 0.252783 -0.681453 -0.076999
0.252783 0.077189 -0.149752 -0.014811
-0.681453 -0.149752 0.946808 0.140497
-0.076999 -0.014811 0.140497 0.049425
29.319992 0.881549 33.220036 2.357111
1.388345 0.291021 -0.816240 -0.087928
0.291021 0.081737 -0.163321 -0.016015
-0.816240 -0.163321 0.959332 0.139803
-0.087928 -0.016015 0.139803 0.049369
29.769072 0.887138 34.559642 2.388427
1.693151 0.331232 -0.963793 -0.099730
0.331232 0.086182 -0.177823 -0.017357
-0.963793 -0.177823 0.997124 0.142817
-0.099730 -0.017357 0.142817 0.049781
30.242146 0.890880 35.682232 2.375781
2.039447 0.373747 -1.121816 -0.111755
0.373747 0.090620 -0.193071 -0.018765
-1.121816 -0.193071 1.033339 0.144355
-0.111755 -0.018765 0.144355 0.049699
30.696749 0.895225 36.944219 2.391567
2.425632 0.417613 -1.297883 -0.125661
0.417613 0.094863 -0.209384 -0.020349
-1.297883 -0.209384 1.096044 0.149899
-0.125661 -0.020349 0.149899 0.050204
30.970174 0.853670 37.888185 2.327783
2.852114 0.462558 -1.495007 -0.141941
0.462558 0.098857 -0.227910 -0.022340
-1.495007 -0.227910 1.158909 0.153641
-0.141941 -0.022340 0.153641 0.050058
31.432297 0.853088 38.891251 2.295249
3.327110 0.510326 -1.701961 -0.157469
0.510326 0.103067 -0.245776 -0.023972
-1.701961 -0.245776 1.234481 0.159208
-0.157469 -0.023972 0.159208 0.050305
31.823545 0.839562 39.867552 2.255258
3.843845 0.558723 -1.933699 -0.176046
0.558723 0.106997 -0.265292 -0.025913
-1.933699 -0.265292 1.328189 0.166772
-0.176046 -0.025913 0.166772 0.050732
32.448696 0.851057 40.528722 2.164854
4.410194 0.609323 -2.182480 -0.195116
0.609323 0.110988 -0.285627 -0.027832
-2.182480 -0.285627 1.423911 0.173202
-0.195116 -0.027832 0.173202 0.050829
32.959082 0.861746 41.559678 2.158947
4.992021 0.655740 -2.465340 -0.220765
0.655740 0.114019 -0.307242 -0.030258
-2.465340 -0.307242 1.564428 0.187167
-0.220765 -0.030258 0.187167 0.052182
33.702568 0.911231 42.695495 2.192796
5.619337 0.703756 -2.771005 -0.247478
0.703756 0.117135 -0.329566 -0.032577
-2.771005 -0.329566 1.722284 0.202531
-0.247478 -0.032577 0.202531 0.053690
33.545269 0.823243 43.801458 2.153578
6.230988 0.743800 -3.111520 -0.281890
0.743800 0.118878 -0.353904 -0.035730
-3.111520 -0.353904 1.904242 0.219896
-0.281890 -0.035730 0.219896 0.055044
34.143236 0.859274 45.072010 2.209873
6.977906 0.799974 -3.452628 -0.304804
0.799974 0.122955 -0.377442 -0.037314
-3.452628 -0.377442 2.066691 0.231561
-0.304804 -0.037314 0.231561 0.055847
34.738418 0.885492 46.248179 2.237050
7.776501 0.857248 -3.822829 -0.330091
0.857248 0.126876 -0.402568 -0.039133
-3.822829 -0.402568 2.240148 0.243152
-0.330091 -0.039133 0.243152 0.056458
35.345201 0.933035 47.854445 2.356794
8.622652 0.914930 -4.223374 -0.358023
0.914930 0.130617 -0.428413 -0.041005
-4.223374 -0.428413 2.440318 0.258167
-0.358023 -0.041005 0.258167 0.057670
35.763050 0.926600 49.029470 2.352777
9.529643 0.975080 -4.648060 -0.385969
0.975080 0.134415 -0.455981 -0.042997
-4.648060 -0.455981 2.632470 0.268967
-0.385969 -0.042997 0.268967 0.057909
