0.427952 1.133279 2.704538 0.189791
2.562922 1.025191 -0.605511 -0.242210
1.025191 80.414152 -0.242210 -0.096886
-0.605511 -0.242210 4.158304 1.663358
-0.242210 -0.096886 1.663358 80.669424
5.413321 8.688535 -0.220953 -4.487138
1.641847 2.767501 -1.963695 -3.098873
2.767501 13.267054 -3.235511 -6.678582
-1.963695 -3.235511 3.924833 6.256000
-3.098873 -6.678582 6.256000 22.723268
7.228986 5.752374 0.579042 -1.390243
1.387901 1.966071 0.388039 0.791421
1.966071 4.344064 0.672927 0.368086
0.388039 0.672927 0.824208 1.087411
0.791421 0.368086 1.087411 4.398778
8.605807 4.057644 2.390414 1.567050
1.112366 1.011693 0.551622 0.523844
1.011693 1.389618 0.433456 0.166077
0.551622 0.433456 0.943487 1.014918
0.523844 0.166077 1.014918 1.881298
7.785367 1.905977 3.545248 2.252797
0.416401 0.267332 0.359012 0.256099
0.267332 0.372687 0.126866 0.014982
0.359012 0.126866 1.218370 1.004380
0.256099 0.014982 1.004380 1.110143
8.006029 1.279726 6.339764 3.432480
0.399518 0.245360 0.156949 0.052081
0.245360 0.254253 -0.006349 -0.050398
0.156949 -0.006349 1.200098 0.762701
0.052081 -0.050398 0.762701 0.621464
8.264923 1.072267 8.080733 3.476918
0.518426 0.283304 -0.050881 -0.069324
0.283304 0.213588 -0.087862 -0.071803
-0.050881 -0.087862 1.048077 0.542781
-0.069324 -0.071803 0.542781 0.361165
8.447302 0.935850 9.133323 3.201848
0.671764 0.309769 -0.188875 -0.113813
0.309769 0.181601 -0.119388 -0.065899
-0.188875 -0.119388 1.002558 0.437015
-0.113813 -0.065899 0.437015 0.243907
9.418453 1.145760 9.882910 2.875197
0.746110 0.291826 -0.234143 -0.106706
0.291826 0.143396 -0.108146 -0.046615
-0.234143 -0.108146 0.951512 0.355975
-0.106706 -0.046615 0.355975 0.172780
10.657360 1.381318 10.093773 2.467478
0.759970 0.257940 -0.236064 -0.087491
0.257940 0.112041 -0.088075 -0.031007
-0.236064 -0.088075 0.926799 0.304213
-0.087491 -0.031007 0.304213 0.131922
11.434187 1.408840 10.808070 2.315182
0.747478 0.225187 -0.239371 -0.074303
0.225187 0.089920 -0.074637 -0.022026
-0.239371 -0.074637 0.871018 0.255928
-0.074303 -0.022026 0.255928 0.103004
11.438847 1.217605 11.834559 2.279948
0.749759 0.204391 -0.239109 -0.063879
0.204391 0.076654 -0.064188 -0.016292
-0.239109 -0.064188 0.819799 0.219452
-0.063879 -0.016292 0.219452 0.084118
12.586080 1.354741 13.268511 2.355649
0.687805 0.172425 -0.197178 -0.045937
0.172425 0.063746 -0.046208 -0.010115
-0.197178 -0.046208 0.725961 0.179899
-0.045937 -0.010115 0.179899 0.068600
12.904169 1.266665 14.033124 2.255568
0.659423 0.154712 -0.173339 -0.035642
0.154712 0.056833 -0.036002 -0.006920
-0.173339 -0.036002 0.671967 0.156823
-0.035642 -0.006920 0.156823 0.059920
13.717083 1.301544 14.577378 2.125936
0.648693 0.144388 -0.157727 -0.028952
0.144388 0.052937 -0.029184 -0.005010
-0.157727 -0.029184 0.666279 0.148494
-0.028952 -0.005010 0.148494 0.056116
14.080334 1.233724 15.103389 2.006053
0.630505 0.134575 -0.140964 -0.023282
0.134575 0.049923 -0.023563 -0.003682
-0.140964 -0.023563 0.639459 0.137161
-0.023282 -0.003682 0.137161 0.052390
14.460548 1.195846 17.107343 2.214231
0.591840 0.122618 -0.099813 -0.013639
0.122618 0.047070 -0.014290 -0.001815
-0.099813 -0.014290 0.567537 0.118470
-0.013639 -0.001815 0.118470 0.047801
15.916033 1.369654 18.066662 2.194366
0.565262 0.114731 -0.083364 -0.010174
0.114731 0.045437 -0.010527 -0.001258
-0.083364 -0.010527 0.557707 0.114792
-0.010174 -0.001258 0.114792 0.046868
16.298875 1.310224 19.302469 2.219126
0.534665 0.107359 -0.058822 -0.005504
0.107359 0.044163 -0.006010 -0.000587
-0.058822 -0.006010 0.512943 0.104642
-0.005504 -0.000587 0.104642 0.044778
17.029949 1.322213 20.104160 2.156863
0.506705 0.101413 -0.042998 -0.003021
0.101413 0.043307 -0.003491 -0.000345
-0.042998 -0.003491 0.483217 0.098595
-0.003021 -0.000345 0.098595 0.043723
17.424679 1.267292 21.050358 2.126893
0.517084 0.103848 -0.032350 -0.001361
0.103848 0.044202 -0.001812 -0.000173
-0.032350 -0.001812 0.492111 0.101036
-0.001361 -0.000173 0.101036 0.044483
18.326451 1.318645 21.784725 2.061321
0.511033 0.102868 -0.017636 0.000858
0.102868 0.044317 0.000471 0.000102
-0.017636 0.000471 0.491738 0.101355
0.000858 0.000102 0.101355 0.044720
18.996759 1.321944 22.980732 2.095602
0.506758 0.102357 -0.008257 0.001869
0.102357 0.044489 0.001531 0.000141
-0.008257 0.001531 0.490170 0.101337
0.001869 0.000141 0.101337 0.044839
19.396066 1.268947 24.043981 2.097417
0.491881 0.099808 0.008750 0.004423
0.099808 0.044219 0.004085 0.000518
0.008750 0.004085 0.476589 0.098853
0.004423 0.000518 0.098853 0.044430
19.736334 1.207132 24.473236 1.967424
0.495891 0.101211 -0.007315 0.000076
0.101211 0.044724 -0.000139 -0.000487
-0.007315 -0.000139 0.477862 0.099524
0.000076 -0.000487 0.099524 0.044667
20.691993 1.278616 25.084541 1.890378
0.485928 0.099616 -0.021915 -0.003468
0.099616 0.044548 -0.003571 -0.001211
-0.021915 -0.003571 0.473535 0.098943
-0.003468 -0.001211 0.098943 0.044608
21.362755 1.284038 25.479735 1.775040
0.473302 0.097627 -0.011279 -0.001315
0.097627 0.044290 -0.001427 -0.000691
-0.011279 -0.001427 0.463302 0.097192
-0.001315 -0.000691 0.097192 0.044304
21.722429 1.225536 26.480840 1.798486
0.446435 0.092763 -0.011865 -0.001702
0.092763 0.043417 -0.001768 -0.000740
-0.011865 -0.001768 0.447688 0.094385
-0.001702 -0.000740 0.094385 0.043777
22.316691 1.222222 27.800036 1.887652
0.444147 0.093389 0.002594 0.001241
0.093389 0.043726 0.001175 -0.000071
0.002594 0.001175 0.458253 0.097333
0.001241 -0.000071 0.097333 0.044494
22.701269 1.173949 28.419466 1.818374
0.449454 0.095402 0.010484 0.002561
0.095402 0.044248 0.002501 0.000203
0.010484 0.002501 0.465676 0.099221
0.002561 0.000203 0.099221 0.044891
23.389002 1.195529 29.119645 1.773790
0.444751 0.094954 0.006327 0.001250
0.094954 0.044163 0.001200 -0.000090
0.006327 0.001200 0.467503 0.099672
0.001250 -0.000090 0.099672 0.044936
23.940181 1.185450 30.107819 1.795415
0.448061 0.096155 0.011253 0.002074
0.096155 0.044412 0.002032 0.000113
0.011253 0.002032 0.481141 0.102562
0.002074 0.000113 0.102562 0.045495
24.914858 1.266832 31.642414 1.930306
0.439582 0.094630 -0.004146 -0.001438
0.094630 0.044040 -0.001545 -0.000628
-0.004146 -0.001545 0.496808 0.105606
-0.001438 -0.000628 0.105606 0.046046
25.550039 1.267165 32.656864 1.940726
0.445354 0.096228 -0.001527 -0.000753
0.096228 0.044356 -0.000834 -0.000390
-0.001527 -0.000834 0.510233 0.107866
-0.000753 -0.000390 0.107866 0.046391
25.593695 1.139405 33.797384 1.976925
0.413054 0.089364 -0.005532 -0.001491
0.089364 0.042803 -0.001608 -0.000488
-0.005532 -0.001608 0.511156 0.107335
-0.001491 -0.000488 0.107335 0.046147
26.210752 1.149747 34.756709 1.970819
0.408698 0.089152 -0.015235 -0.003365
0.089152 0.042817 -0.003554 -0.000833
-0.015235 -0.003554 0.518451 0.108275
-0.003365 -0.000833 0.108275 0.046265
26.746240 1.141169 36.003513 2.025100
0.409645 0.089988 -0.023668 -0.004799
0.089988 0.043022 -0.005046 -0.001063
-0.023668 -0.005046 0.535442 0.111207
-0.004799 -0.001063 0.111207 0.046809
27.039811 1.080311 37.269810 2.077108
0.418212 0.092308 -0.025931 -0.004840
0.092308 0.043510 -0.005060 -0.000981
-0.025931 -0.005060 0.552417 0.113926
-0.004840 -0.000981 0.113926 0.047285
27.613971 1.088321 38.558875 2.128446
0.429953 0.095003 -0.030715 -0.005429
0.095003 0.044019 -0.005677 -0.001047
-0.030715 -0.005677 0.567583 0.116102
-0.005429 -0.001047 0.116102 0.047635
28.209911 1.099200 39.418464 2.087053
0.429983 0.094810 -0.027217 -0.004353
0.094810 0.043848 -0.004499 -0.000766
-0.027217 -0.004499 0.563710 0.114342
-0.004353 -0.000766 0.114342 0.047194
28.805179 1.108909 40.348895 2.064375
0.421506 0.092747 -0.026675 -0.004055
0.092747 0.043293 -0.004138 -0.000695
-0.026675 -0.004138 0.563177 0.113560
-0.004055 -0.000695 0.113560 0.047025
29.727784 1.191879 41.936547 2.177262
0.439249 0.096664 -0.025973 -0.003702
0.096664 0.044114 -0.003769 -0.000617
-0.025973 -0.003769 0.576838 0.115820
-0.003702 -0.000617 0.115820 0.047506
30.756460 1.285907 42.767907 2.127379
0.418217 0.091705 -0.011387 -0.000779
0.091705 0.042926 -0.000535 -0.000010
-0.011387 -0.000535 0.559566 0.111824
-0.000779 -0.000010 0.111824 0.046720
32.025307 1.422331 43.488706 2.060862
0.382196 0.084004 0.017222 0.004628
0.084004 0.041264 0.005423 0.001086
0.017222 0.005423 0.532306 0.106339
0.004628 0.001086 0.106339 0.045728
32.928856 1.464759 44.337366 2.024682
0.407979 0.090570 0.014142 0.003397
0.090570 0.042861 0.003907 0.000652
0.014142 0.003907 0.515860 0.103448
0.003397 0.000652 0.103448 0.045311
33.754406 1.485654 45.852129 2.126092
0.443504 0.098541 0.002636 0.000618
0.098541 0.044592 0.000785 -0.000046
0.002636 0.000785 0.517899 0.104515
0.000618 -0.000046 0.104515 0.045701
34.423879 1.469454 46.417718 2.025226
0.457607 0.100916 0.003308 0.000605
0.100916 0.044923 0.000751 -0.000046
0.003308 0.000751 0.475672 0.096458
0.000605 -0.000046 0.096458 0.044180
35.053501 1.446456 47.533091 2.046364
0.485361 0.106092 -0.008425 -0.001928
0.106092 0.045872 -0.001953 -0.000588
-0.008425 -0.001953 0.463364 0.095123
-0.001928 -0.000588 0.095123 0.044116
34.983464 1.275169 48.652364 2.066381
0.499864 0.107935 -0.030038 -0.006273
0.107935 0.046047 -0.006468 -0.001464
-0.030038 -0.006468 0.455981 0.094753
-0.006273 -0.001464 0.094753 0.044196
35.485947 1.246321 49.670182 2.062993
0.529722 0.112996 -0.041439 -0.008090
0.112996 0.046946 -0.008334 -0.001725
-0.041439 -0.008334 0.441451 0.092721
-0.008090 -0.001725 0.092721 0.043861
