-0.640899 0.705729 5.710821 1.392331
41.747053 16.699183 -56.634362 -22.654236
16.699183 86.683885 -22.654236 -9.061891
-56.634362 -22.654236 80.978266 32.392008
-22.654236 -9.061891 32.392008 92.961151
0.038416 1.795411 7.409319 2.556595
62.409110 32.103485 -86.694042 -43.307826
32.103485 38.056231 -42.485863 -41.368888
-86.694042 -42.485863 123.761180 63.343496
-43.307826 -41.368888 63.343496 67.921257
3.935562 2.470149 2.394024 -0.888021
76.589454 32.945369 -116.305471 -56.517882
32.945369 25.572961 -48.729862 -37.279333
-116.305471 -48.729862 180.287838 88.425313
-56.517882 -37.279333 88.425313 64.159834
4.079260 2.016769 3.545358 -0.218779
21.236346 11.797066 -20.266008 -8.032347
11.797066 13.408369 -10.778243 -13.235394
-20.266008 -10.778243 21.077977 8.470068
-8.032347 -13.235394 8.470068 16.560134
5.184794 1.827892 4.794171 1.065387
35.621748 18.138102 -32.434324 -14.476699
18.138102 13.173269 -16.733028 -12.784338
-32.434324 -16.733028 30.854793 14.391540
-14.476699 -12.784338 14.391540 14.479917
7.804650 2.254283 4.765674 1.424277
52.899759 23.488075 -49.249383 -21.115605
23.488075 12.722222 -22.263074 -12.584201
-49.249383 -22.263074 47.078787 20.901726
-21.115605 -12.584201 20.901726 13.610676
8.698141 2.192698 5.613091 1.429855
57.880300 20.382614 -49.689868 -16.111924
20.382614 8.577398 -17.852974 -7.604984
-49.689868 -17.852974 43.777529 14.850895
-16.111924 -7.604984 14.850895 7.594142
13.943362 3.511388 2.637706 0.278530
70.980145 21.156958 -58.458311 -15.890174
21.156958 7.228376 -17.740054 -5.987615
-58.458311 -17.740054 49.196597 13.942590
-15.890174 -5.987615 13.942590 5.564829
9.229342 1.799648 8.084927 1.594155
10.695674 1.925009 -5.461500 0.214563
1.925009 0.962288 -1.160830 -0.744234
-5.461500 -1.160830 3.440163 0.360170
0.214563 -0.744234 0.360170 1.183450
11.414043 1.939443 8.578374 1.806755
7.395015 1.761601 -4.672878 -0.946378
1.761601 0.890297 -1.359773 -0.835836
-4.672878 -1.359773 3.706635 1.157215
-0.946378 -0.835836 1.157215 1.071031
13.128009 1.900388 9.752456 2.188269
8.789197 2.210595 -6.150351 -1.602061
2.210595 0.888129 -1.752147 -0.818432
-6.150351 -1.752147 5.021863 1.590260
-1.602061 -0.818432 1.590260 0.942885
14.148601 2.071309 10.145005 1.806414
11.073380 2.627448 -7.954092 -2.000799
2.627448 0.868793 -2.066691 -0.771201
-7.954092 -2.066691 6.470705 1.866542
-2.000799 -0.771201 1.866542 0.838892
14.558470 1.979369 11.268011 1.796618
12.988195 2.760078 -8.989345 -1.975497
2.760078 0.771472 -2.045447 -0.628105
-8.989345 -2.045447 6.924105 1.712954
-1.975497 -0.628105 1.712954 0.638732
15.037168 1.867057 12.595982 1.901420
15.446991 3.018631 -10.616712 -2.133928
3.018631 0.736377 -2.176762 -0.569173
-10.616712 -2.176762 7.939731 1.746958
-2.133928 -0.569173 1.746958 0.543900
15.382402 1.804400 13.616311 1.845198
17.880578 3.266490 -12.520652 -2.373326
3.266490 0.718541 -2.371437 -0.551161
-12.520652 -2.371437 9.409979 1.913987
-2.373326 -0.551161 1.913987 0.513662
15.939509 1.799056 14.277146 1.708746
19.685578 3.388152 -14.255506 -2.580525
3.388152 0.687642 -2.523377 -0.537367
-14.255506 -2.523377 10.984137 2.103384
-2.580525 -0.537367 2.103384 0.502893
17.771655 1.953903 14.390173 1.574545
20.957170 3.390530 -15.576250 -2.666305
3.390530 0.639993 -2.571311 -0.504724
-15.576250 -2.571311 12.200846 2.183030
-2.666305 -0.504724 2.183030 0.472649
18.938943 1.980069 15.079009 1.564862
15.474067 2.274398 -10.427494 -1.505175
2.274398 0.416187 -1.565935 -0.279298
-10.427494 -1.565935 7.575574 1.176791
-1.505175 -0.279298 1.176791 0.253903
15.111827 1.276225 19.861975 2.218315
7.488868 0.987107 -3.821581 -0.349011
0.987107 0.204971 -0.517743 -0.091596
-3.821581 -0.517743 2.264020 0.265392
-0.349011 -0.091596 0.265392 0.093288
16.505711 1.373951 20.565835 2.175919
1.293795 0.168468 -0.723056 -0.080850
0.168468 0.092360 -0.110244 -0.051555
-0.723056 -0.110244 0.805542 0.158794
-0.080850 -0.051555 0.158794 0.084602
16.835760 1.323683 21.798821 2.186537
0.916460 0.133933 -0.538990 -0.072925
0.133933 0.085558 -0.093873 -0.046693
-0.538990 -0.093873 0.834371 0.184687
-0.072925 -0.046693 0.184687 0.087513
19.098300 1.590713 21.870514 2.023374
0.292887 0.047873 -0.132005 -0.015617
0.047873 0.068839 -0.033224 -0.033181
-0.132005 -0.033224 0.707480 0.175030
-0.015617 -0.033181 0.175030 0.083465
20.429347 1.721062 22.238791 1.877762
0.246968 0.056696 -0.050136 -0.006642
0.056696 0.067369 -0.022082 -0.026991
-0.050136 -0.022082 0.777018 0.189528
-0.006642 -0.026991 0.189528 0.082061
21.275160 1.715083 23.294237 1.905193
0.306058 0.087204 -0.056335 -0.016489
0.087204 0.071047 -0.030895 -0.025847
-0.056335 -0.030895 0.957066 0.224532
-0.016489 -0.025847 0.224532 0.085319
22.128977 1.714866 24.187194 1.892089
0.403400 0.121101 -0.054498 -0.022132
0.121101 0.074988 -0.030410 -0.022808
-0.054498 -0.030410 0.945086 0.210494
-0.022132 -0.022808 0.210494 0.077314
22.935217 1.708884 24.498670 1.759648
0.538324 0.158520 -0.103038 -0.036881
0.158520 0.079566 -0.039278 -0.022236
-0.103038 -0.039278 0.653018 0.140672
-0.036881 -0.022236 0.140672 0.059258
23.873588 1.729430 25.589578 1.801424
0.709148 0.197589 -0.166410 -0.051901
0.197589 0.084073 -0.054323 -0.023003
-0.166410 -0.054323 0.685838 0.146477
-0.051901 -0.023003 0.146477 0.059147
24.724931 1.730804 25.971896 1.695810
0.900470 0.234380 -0.293258 -0.076767
0.234380 0.087542 -0.080965 -0.025973
-0.293258 -0.080965 0.594469 0.126898
-0.076767 -0.025973 0.126898 0.054104
24.715955 1.523209 26.253816 1.588271
0.986802 0.238994 -0.497835 -0.112547
0.238994 0.082957 -0.122096 -0.031352
-0.497835 -0.122096 0.619484 0.132582
-0.112547 -0.031352 0.132582 0.054683
25.385798 1.500199 26.746033 1.523466
1.217434 0.274805 -0.646163 -0.133282
0.274805 0.086333 -0.143588 -0.032620
-0.646163 -0.143588 0.688920 0.144597
-0.133282 -0.032620 0.144597 0.056125
25.489687 1.354054 27.251818 1.456091
1.418380 0.297502 -0.833135 -0.160120
0.297502 0.086406 -0.169415 -0.035087
-0.833135 -0.169415 0.808952 0.164616
-0.160120 -0.035087 0.164616 0.058896
26.220320 1.369262 28.118833 1.489346
1.715941 0.337101 -1.013402 -0.179849
0.337101 0.090307 -0.189403 -0.035788
-1.013402 -0.189403 0.951737 0.186691
-0.179849 -0.035788 0.186691 0.061866
26.967841 1.382866 28.884319 1.496528
2.050348 0.377545 -1.227124 -0.203351
0.377545 0.093891 -0.212947 -0.037313
-1.227124 -0.212947 1.110341 0.208009
-0.203351 -0.037313 0.208009 0.064157
27.746628 1.401438 29.666652 1.508167
2.404353 0.415327 -1.471363 -0.230215
0.415327 0.096569 -0.238366 -0.039318
-1.471363 -0.238366 1.297405 0.231610
-0.230215 -0.039318 0.231610 0.066572
28.838730 1.486652 30.670754 1.583505
2.786784 0.453016 -1.737012 -0.257509
0.453016 0.099099 -0.263092 -0.041034
-1.737012 -0.263092 1.523620 0.260038
-0.257509 -0.041034 0.260038 0.069825
29.980089 1.559458 31.464449 1.604091
3.161882 0.483700 -2.035273 -0.289365
0.483700 0.100132 -0.289945 -0.043452
-2.035273 -0.289945 1.773903 0.288695
-0.289365 -0.043452 0.288695 0.072593
31.275952 1.655910 32.377485 1.655108
3.486761 0.502200 -2.341906 -0.322079
0.502200 0.099258 -0.313375 -0.045541
-2.341906 -0.313375 2.068231 0.323132
-0.322079 -0.045541 0.323132 0.076346
32.089432 1.651928 33.175159 1.648052
3.728467 0.504466 -2.664710 -0.358916
0.504466 0.095962 -0.335571 -0.048039
-2.664710 -0.335571 2.400819 0.360785
-0.358916 -0.048039 0.360785 0.080216
32.797857 1.636283 34.075931 1.657241
4.007949 0.512163 -3.018066 -0.395646
0.512163 0.094014 -0.359185 -0.050274
-3.018066 -0.359185 2.771081 0.400216
-0.395646 -0.050274 0.400216 0.084111
32.941393 1.535855 35.105772 1.658478
4.329116 0.524690 -3.410006 -0.433663
0.524690 0.093008 -0.385821 -0.052651
-3.410006 -0.385821 3.171974 0.439235
-0.433663 -0.052651 0.439235 0.087502
33.815126 1.576957 36.324662 1.741894
4.840772 0.565301 -3.850809 -0.465760
0.565301 0.096404 -0.419158 -0.054472
-3.850809 -0.419158 3.566622 0.469934
-0.465760 -0.054472 0.469934 0.089325
34.886404 1.612703 37.029706 1.727547
5.398573 0.609478 -4.307299 -0.495096
0.609478 0.100021 -0.454498 -0.056376
-4.307299 -0.454498 3.933621 0.491438
-0.495096 -0.056376 0.491438 0.089457
36.040443 1.669865 37.901985 1.751859
5.971805 0.649329 -4.816665 -0.531222
0.649329 0.102673 -0.490009 -0.058521
-4.816665 -0.490009 4.388274 0.524692
-0.531222 -0.058521 0.524692 0.091506
36.746374 1.632433 38.539754 1.698299
6.519970 0.680268 -5.357529 -0.571975
0.680268 0.103782 -0.524915 -0.061039
-5.357529 -0.524915 4.891437 0.562197
-0.571975 -0.061039 0.562197 0.093944
37.544822 1.647082 39.629791 1.742001
7.100937 0.712643 -5.928496 -0.612580
0.712643 0.105198 -0.558737 -0.063098
-5.928496 -0.558737 5.448199 0.604441
-0.612580 -0.063098 0.604441 0.097128
37.850705 1.549794 40.312016 1.670225
7.736652 0.749016 -6.541135 -0.653597
0.749016 0.106871 -0.597224 -0.065626
-6.541135 -0.597224 6.009084 0.640870
-0.653597 -0.065626 0.640870 0.098984
38.176962 1.512090 41.585093 1.717274
8.455917 0.794383 -7.185349 -0.691047
0.794383 0.109815 -0.637190 -0.067622
-7.185349 -0.637190 6.588707 0.675619
-0.691047 -0.067622 0.675619 0.100714
38.760552 1.510049 42.760407 1.761698
9.217260 0.848670 -7.768762 -0.711753
0.848670 0.114102 -0.676120 -0.068694
-7.768762 -0.676120 7.032993 0.687977
-0.711753 -0.068694 0.687977 0.099582
39.297399 1.521763 44.204089 1.846225
10.009843 0.905620 -8.332224 -0.726079
0.905620 0.118642 -0.713439 -0.069334
-8.332224 -0.713439 7.425448 0.692638
-0.726079 -0.069334 0.692638 0.097774
39.776534 1.517034 45.601825 1.908968
10.789652 0.963121 -8.812141 -0.727003
0.963121 0.123331 -0.746036 -0.069205
-8.812141 -0.746036 7.682807 0.680689
-0.727003 -0.069205 0.680689 0.094322
