4.431611 2.734777 1.160901 -0.427677
2.413921 0.965589 -0.043380 -0.017352
0.965589 80.390311 -0.017352 -0.006941
-0.043380 -0.017352 2.429619 0.971869
-0.017352 -0.006941 0.971869 80.392823
6.252442 3.529518 0.877745 -0.547403
2.281855 4.000525 -0.044115 -0.068672
4.000525 15.241317 -0.068631 -0.230959
-0.044115 -0.068631 2.308857 4.044713
-0.068672 -0.230959 4.044713 15.358796
7.874432 3.362994 -1.162480 -2.579564
1.951707 2.247400 -0.057050 -0.063307
2.247400 4.450736 -0.063302 -0.103122
-0.057050 -0.063302 1.993913 2.293485
-0.063307 -0.103122 2.293485 4.514668
6.717684 0.982166 3.940320 2.788840
1.689380 1.422829 -0.041047 -0.031969
1.422829 1.885979 -0.032004 -0.038050
-0.041047 -0.032004 1.692234 1.422179
-0.031969 -0.038050 1.422179 1.889273
5.777719 0.036554 4.852032 2.468771
1.491185 0.984817 -0.044108 -0.027663
0.984817 0.978087 -0.027680 -0.023985
-0.044108 -0.027680 1.492490 0.985262
-0.027663 -0.023985 0.985262 0.981403
6.366135 0.345967 6.421725 2.651178
1.297108 0.703213 -0.027276 -0.013588
0.703213 0.564620 -0.013599 -0.010561
-0.027276 -0.013599 1.297930 0.703995
-0.013588 -0.010561 0.703995 0.567020
8.675390 1.329735 6.939136 2.279669
1.149339 0.529506 -0.017024 -0.007209
0.529506 0.358958 -0.007215 -0.005437
-0.017024 -0.007215 1.155543 0.532885
-0.007209 -0.005437 0.532885 0.361796
8.685452 1.066682 7.280756 1.958761
1.053239 0.422864 -0.017333 -0.006752
0.422864 0.248581 -0.006755 -0.004218
-0.017333 -0.006755 1.058175 0.425241
-0.006752 -0.004218 0.425241 0.250339
9.104953 1.026087 7.930048 1.840999
0.963685 0.343472 -0.014164 -0.004985
0.343472 0.180540 -0.004988 -0.002850
-0.014164 -0.004988 0.967708 0.345215
-0.004985 -0.002850 0.345215 0.181693
9.514890 0.992933 8.713122 1.796770
0.876155 0.281747 -0.011740 -0.003790
0.281747 0.136261 -0.003792 -0.002004
-0.011740 -0.003792 0.879174 0.282958
-0.003790 -0.002004 0.282958 0.137015
10.482502 1.131639 10.172745 1.962148
0.804678 0.236957 -0.013010 -0.003879
0.236957 0.107641 -0.003880 -0.001728
-0.013010 -0.003880 0.806726 0.237754
-0.003879 -0.001728 0.237754 0.108134
10.874573 1.084171 11.404486 2.030683
0.751763 0.205373 -0.011955 -0.003274
0.205373 0.088968 -0.003275 -0.001326
-0.011955 -0.003275 0.752722 0.205798
-0.003274 -0.001326 0.205798 0.089273
11.978999 1.228237 11.374532 1.762603
0.702379 0.180009 -0.008014 -0.002017
0.180009 0.075746 -0.002018 -0.000837
-0.008014 -0.002018 0.704390 0.180671
-0.002017 -0.000837 0.180671 0.076059
13.364425 1.415747 13.530255 2.072559
0.661897 0.160848 -0.007894 -0.001879
0.160848 0.066583 -0.001880 -0.000706
-0.007894 -0.001880 0.662989 0.161223
-0.001879 -0.000706 0.161223 0.066778
14.411539 1.494574 13.538923 1.833362
0.630838 0.146771 -0.006535 -0.001458
0.146771 0.060271 -0.001459 -0.000530
-0.006535 -0.001459 0.632524 0.147253
-0.001458 -0.000530 0.147253 0.060461
15.135304 1.489273 14.323606 1.803694
0.600435 0.134878 -0.007560 -0.001621
0.134878 0.055549 -0.001621 -0.000513
-0.007560 -0.001621 0.601882 0.135264
-0.001621 -0.000513 0.135264 0.055692
15.050515 1.308154 16.350835 2.049657
0.575946 0.125931 -0.002798 -0.000490
0.125931 0.052247 -0.000491 -0.000218
-0.002798 -0.000491 0.576087 0.125999
-0.000490 -0.000218 0.125999 0.052302
14.773986 1.108648 16.934491 1.954929
0.555317 0.119008 -0.001475 -0.000225
0.119008 0.049897 -0.000226 -0.000143
-0.001475 -0.000226 0.554984 0.118973
-0.000225 -0.000143 0.118973 0.049922
15.262686 1.094849 18.570498 2.094122
0.540389 0.114182 -0.002022 -0.000372
0.114182 0.048342 -0.000372 -0.000162
-0.002022 -0.000372 0.539688 0.114077
-0.000372 -0.000162 0.114077 0.048347
16.027782 1.140411 19.718760 2.115330
0.528044 0.110507 -0.004067 -0.000807
0.110507 0.047253 -0.000807 -0.000239
-0.004067 -0.000807 0.527361 0.110416
-0.000807 -0.000239 0.110416 0.047257
15.955106 1.006658 20.698351 2.098979
0.514026 0.106934 -0.002497 -0.000440
0.106934 0.046334 -0.000440 -0.000142
-0.002497 -0.000440 0.513055 0.106789
-0.000440 -0.000142 0.106789 0.046324
17.146464 1.149410 21.579125 2.064061
0.505545 0.104910 -0.002752 -0.000487
0.104910 0.045847 -0.000487 -0.000141
-0.002752 -0.000487 0.504877 0.104837
-0.000487 -0.000141 0.104837 0.045850
18.002396 1.207728 22.540852 2.049525
0.497839 0.103261 -0.002578 -0.000437
0.103261 0.045491 -0.000437 -0.000121
-0.002578 -0.000437 0.497301 0.103215
-0.000437 -0.000121 0.103215 0.045495
18.818098 1.251594 23.024504 1.937150
0.489755 0.101690 -0.001906 -0.000288
0.101690 0.045183 -0.000289 -0.000084
-0.001906 -0.000289 0.489302 0.101657
-0.000288 -0.000084 0.101657 0.045186
18.864268 1.130962 24.004091 1.939317
0.486813 0.101317 -0.000837 -0.000068
0.101317 0.045143 -0.000069 -0.000034
-0.000837 -0.000069 0.486339 0.101275
-0.000068 -0.000034 0.101275 0.045142
20.064453 1.263402 25.121217 1.970209
0.482805 0.100725 0.000246 0.000136
0.100725 0.045050 0.000136 0.000008
0.000246 0.000136 0.482599 0.100734
0.000136 0.000008 0.100734 0.045056
20.737214 1.272044 26.641528 2.082210
0.476932 0.099759 -0.003584 -0.000702
0.099759 0.044875 -0.000702 -0.000171
-0.003584 -0.000702 0.477000 0.099816
-0.000702 -0.000171 0.099816 0.044888
21.548187 1.308758 27.704018 2.086735
0.474551 0.099573 -0.004367 -0.000819
0.099573 0.044866 -0.000819 -0.000182
-0.004367 -0.000819 0.474817 0.099659
-0.000819 -0.000182 0.099659 0.044882
22.265448 1.321910 28.501769 2.035063
0.474694 0.099886 -0.003214 -0.000522
0.099886 0.044948 -0.000522 -0.000108
-0.003214 -0.000522 0.475064 0.099979
-0.000522 -0.000108 0.099979 0.044964
23.010189 1.339493 29.293694 1.987523
0.473191 0.099775 -0.002020 -0.000250
0.099775 0.044922 -0.000250 -0.000048
-0.002020 -0.000250 0.473702 0.099885
-0.000250 -0.000048 0.099885 0.044940
23.798158 1.364470 30.300068 1.990228
0.474611 0.100252 0.000606 0.000296
0.100252 0.045015 0.000297 0.000064
0.000606 0.000297 0.475365 0.100400
0.000296 0.000064 0.100400 0.045039
24.632688 1.396543 30.745599 1.874096
0.474899 0.100406 -0.000557 -0.000009
0.100406 0.045024 -0.000009 -0.000013
-0.000557 -0.000009 0.475612 0.100531
-0.000009 -0.000013 0.100531 0.045043
25.302587 1.390555 31.758604 1.890153
0.474518 0.100379 -0.000272 0.000027
0.100379 0.044992 0.000027 -0.000008
-0.000272 0.000027 0.475585 0.100569
0.000027 -0.000008 0.100569 0.045024
25.734512 1.334827 32.714227 1.892350
0.474233 0.100355 0.001265 0.000329
0.100355 0.044962 0.000329 0.000054
0.001265 0.000329 0.475687 0.100612
0.000329 0.000054 0.100612 0.045007
26.588651 1.374364 34.189288 2.004224
0.472699 0.100052 0.002711 0.000586
0.100052 0.044875 0.000586 0.000102
0.002711 0.000586 0.474834 0.100436
0.000586 0.000102 0.100436 0.044946
27.115867 1.340518 34.960381 1.955372
0.473392 0.100238 0.002363 0.000446
0.100238 0.044899 0.000447 0.000064
0.002363 0.000447 0.475745 0.100640
0.000446 0.000064 0.100640 0.044970
27.671191 1.316218 35.747693 1.915130
0.471470 0.099838 0.001990 0.000325
0.099838 0.044795 0.000325 0.000036
0.001990 0.000325 0.474123 0.100280
0.000325 0.000036 0.100280 0.044874
28.262356 1.302070 36.574099 1.887402
0.471129 0.099803 0.002606 0.000431
0.099803 0.044779 0.000431 0.000061
0.002606 0.000431 0.474102 0.100289
0.000431 0.000061 0.100289 0.044865
29.036049 1.328021 37.646064 1.914497
0.472144 0.100050 -0.000343 -0.000222
0.100050 0.044822 -0.000223 -0.000076
-0.000343 -0.000223 0.475589 0.100610
-0.000222 -0.000076 0.100610 0.044923
29.420754 1.268810 38.717090 1.938625
0.473788 0.100396 -0.000728 -0.000265
0.100396 0.044881 -0.000266 -0.000072
-0.000728 -0.000266 0.477877 0.101065
-0.000265 -0.000072 0.101065 0.045005
29.831078 1.221259 40.272302 2.062480
0.473967 0.100394 -0.002044 -0.000502
0.100394 0.044863 -0.000504 -0.000111
-0.002044 -0.000504 0.479254 0.101284
-0.000502 -0.000111 0.101284 0.045031
30.523526 1.238593 40.914361 1.980300
0.473388 0.100233 -0.001882 -0.000409
0.100233 0.044815 -0.000410 -0.000079
-0.001882 -0.000410 0.478722 0.101085
-0.000409 -0.000079 0.101085 0.044971
31.139678 1.237941 42.109417 2.023542
0.472865 0.100101 -0.004467 -0.000911
0.100101 0.044779 -0.000914 -0.000179
-0.004467 -0.000914 0.479007 0.101088
-0.000911 -0.000179 0.101088 0.044963
31.796222 1.245972 43.436232 2.090005
0.473253 0.100176 -0.003866 -0.000699
0.100176 0.044791 -0.000700 -0.000121
-0.003866 -0.000700 0.480332 0.101317
-0.000699 -0.000121 0.101317 0.045005
32.881081 1.343510 43.877995 1.963007
0.473937 0.100306 -0.003720 -0.000614
0.100306 0.044814 -0.000616 -0.000098
-0.003720 -0.000616 0.480517 0.101292
-0.000614 -0.000098 0.101292 0.044993
33.333592 1.297100 44.814977 1.953531
0.472374 0.099949 -0.004400 -0.000721
0.099949 0.044733 -0.000723 -0.000121
-0.004400 -0.000723 0.479738 0.101075
-0.000721 -0.000121 0.101075 0.044944
34.032987 1.307708 45.498835 1.891858
0.471351 0.099742 -0.007014 -0.001233
0.099742 0.044691 -0.001236 -0.000229
-0.007014 -0.001236 0.478976 0.100890
-0.001233 -0.000229 0.100890 0.044908
34.992236 1.372203 46.224422 1.845655
0.471036 0.099703 -0.010665 -0.001921
0.099703 0.044687 -0.001927 -0.000367
-0.010665 -0.001927 0.478823 0.100855
-0.001921 -0.000367 0.100855 0.044907
35.255650 1.282348 46.786719 1.769292
0.471976 0.099932 -0.010166 -0.001682
0.099932 0.044740 -0.001686 -0.000300
-0.010166 -0.001686 0.480168 0.101145
-0.001682 -0.000300 0.101145 0.044975
35.226182 1.140551 47.861024 1.808458
0.470954 0.099718 -0.010590 -0.001682
0.099718 0.044693 -0.001684 -0.000296
-0.010590 -0.001684 0.480678 0.101232
-0.001682 -0.000296 0.101232 0.044994
