2.092651 1.799173 2.393628 0.065425
0.913981 0.365600 0.835813 0.334333
0.365600 80.150310 0.334333 0.133736
0.835813 0.334333 2.861164 1.144490
0.334333 0.133736 1.144490 80.461873
4.542572 4.670447 3.407175 1.630411
3.134880 6.069123 -1.380604 -2.618894
6.069123 15.049406 -2.863359 -2.789249
-1.380604 -2.863359 3.042756 5.339274
-2.618894 -2.789249 5.339274 18.746036
6.156678 3.786812 2.679593 -0.269295
2.586487 2.732837 -0.662878 -0.450769
2.732837 3.645238 -0.513469 0.230081
-0.662878 -0.513469 2.822950 3.225891
-0.450769 0.230081 3.225891 5.732843
6.861225 2.895965 2.358307 -0.531393
1.561926 1.164822 0.142757 0.259564
1.164822 1.170253 0.202117 0.419933
0.142757 0.202117 1.770914 1.478425
0.259564 0.419933 1.478425 1.972541
7.233090 2.358617 4.285448 0.842612
0.936182 0.554733 0.470604 0.355716
0.554733 0.484570 0.308867 0.290248
0.470604 0.308867 1.054522 0.712259
0.355716 0.290248 0.712259 0.827907
8.324036 2.320138 5.042115 1.033972
0.906610 0.445603 0.257728 0.147747
0.445603 0.313305 0.140573 0.111103
0.257728 0.140573 1.085057 0.619525
0.147747 0.111103 0.619525 0.542732
8.235625 1.792658 5.077160 0.804611
0.376760 0.157600 -0.035936 -0.018850
0.157600 0.129654 -0.005523 0.014852
-0.035936 -0.005523 1.094859 0.531741
-0.018850 0.014852 0.531741 0.373567
9.772397 2.047587 5.638347 0.879231
0.465864 0.183327 -0.071014 -0.023844
0.183327 0.118512 -0.015267 0.007153
-0.071014 -0.015267 1.131876 0.473019
-0.023844 0.007153 0.473019 0.275093
10.467412 1.921046 5.419425 0.631994
0.485062 0.173612 -0.105910 -0.030050
0.173612 0.098039 -0.024367 0.001240
-0.105910 -0.024367 1.138610 0.415298
-0.030050 0.001240 0.415298 0.207908
10.983169 1.788932 6.906096 1.004298
0.472007 0.154346 -0.110763 -0.026529
0.154346 0.080097 -0.023734 -0.000162
-0.110763 -0.023734 1.025191 0.331674
-0.026529 -0.000162 0.331674 0.151464
11.465881 1.676092 8.419547 1.293991
0.518236 0.156656 -0.116941 -0.023688
0.156656 0.073199 -0.023911 -0.001003
-0.116941 -0.023911 0.929836 0.271811
-0.023688 -0.001003 0.271811 0.116163
12.775282 1.818384 9.774652 1.495659
0.549517 0.154167 -0.106242 -0.017683
0.154167 0.066849 -0.019234 -0.000416
-0.106242 -0.019234 0.861024 0.231444
-0.017683 -0.000416 0.231444 0.094247
13.812752 1.853659 10.638044 1.527297
0.545310 0.142787 -0.100671 -0.015116
0.142787 0.059716 -0.016982 -0.000666
-0.100671 -0.016982 0.793238 0.198584
-0.015116 -0.000666 0.198584 0.078768
14.355429 1.764795 11.988450 1.660418
0.548702 0.135446 -0.108004 -0.016063
0.135446 0.055124 -0.018400 -0.001604
-0.108004 -0.018400 0.729265 0.171976
-0.016063 -0.001604 0.171976 0.067724
15.104245 1.749143 14.207799 1.974538
0.554796 0.130768 -0.076048 -0.007987
0.130768 0.052278 -0.010474 -0.000180
-0.076048 -0.010474 0.655488 0.148003
-0.007987 -0.000180 0.148003 0.059417
16.142225 1.794508 15.951499 2.143586
0.548468 0.124117 -0.064275 -0.005749
0.124117 0.049560 -0.008024 -0.000142
-0.064275 -0.008024 0.610648 0.133463
-0.005749 -0.000142 0.133463 0.054435
16.516680 1.673866 16.465722 2.016540
0.540565 0.118329 -0.065325 -0.006561
0.118329 0.047552 -0.008537 -0.000677
-0.065325 -0.008537 0.584534 0.124707
-0.006561 -0.000677 0.124707 0.051426
17.230661 1.645920 17.308242 1.979971
0.529462 0.113194 -0.045786 -0.002944
0.113194 0.046120 -0.004546 -0.000146
-0.045786 -0.004546 0.561035 0.117911
-0.002944 -0.000146 0.117911 0.049346
17.733062 1.582302 18.763959 2.073600
0.511902 0.107727 -0.015180 0.002564
0.107727 0.044895 0.001203 0.000736
-0.015180 0.001203 0.522717 0.108945
0.002564 0.000736 0.108945 0.047126
18.590739 1.595557 19.710417 2.055412
0.517002 0.107649 -0.008735 0.002818
0.107649 0.044943 0.001690 0.000548
-0.008735 0.001690 0.525225 0.109130
0.002818 0.000548 0.109130 0.047004
19.291370 1.574320 20.506080 2.006672
0.508090 0.104882 -0.008416 0.001775
0.104882 0.044467 0.000858 0.000135
-0.008416 0.000858 0.512632 0.106132
0.001775 0.000135 0.106132 0.046247
19.836574 1.525547 21.766956 2.058694
0.518092 0.106497 -0.004850 0.001738
0.106497 0.044971 0.000959 0.000026
-0.004850 0.000959 0.518706 0.107329
0.001738 0.000026 0.107329 0.046449
20.337666 1.470743 22.328282 1.960989
0.516534 0.105728 -0.002734 0.001443
0.105728 0.044955 0.000802 -0.000104
-0.002734 0.000802 0.514654 0.106312
0.001443 -0.000104 0.106312 0.046182
20.550709 1.363568 23.013793 1.898670
0.506846 0.103494 -0.008206 -0.000312
0.103494 0.044650 -0.000815 -0.000498
-0.008206 -0.000815 0.502518 0.103714
-0.000312 -0.000498 0.103714 0.045616
21.255400 1.368469 24.144360 1.936189
0.490258 0.100160 -0.013896 -0.001866
0.100160 0.044150 -0.002244 -0.000797
-0.013896 -0.002244 0.489001 0.101078
-0.001866 -0.000797 0.101078 0.045094
21.743201 1.328623 25.525678 2.021604
0.472049 0.096851 -0.011080 -0.001446
0.096851 0.043686 -0.001741 -0.000658
-0.011080 -0.001741 0.477446 0.099080
-0.001446 -0.000658 0.099080 0.044741
21.376550 1.115596 26.648623 2.043399
0.455774 0.094220 -0.005250 -0.000386
0.094220 0.043369 -0.000620 -0.000396
-0.005250 -0.000620 0.467822 0.097609
-0.000386 -0.000396 0.097609 0.044508
21.793603 1.086389 27.917480 2.095121
0.454822 0.094941 -0.000789 0.000357
0.094941 0.043733 0.000168 -0.000214
-0.000789 0.000168 0.475592 0.099836
0.000357 -0.000214 0.099836 0.045043
22.783847 1.180357 28.671987 2.033718
0.435486 0.091630 0.010950 0.002594
0.091630 0.043173 0.002448 0.000271
0.010950 0.002448 0.463175 0.097523
0.002594 0.000271 0.097523 0.044552
22.892428 1.078067 29.455340 1.984443
0.422884 0.089925 0.000619 0.000025
0.089925 0.042956 -0.000105 -0.000292
0.000619 -0.000105 0.458909 0.097076
0.000025 -0.000292 0.097076 0.044482
23.717404 1.139530 30.471154 1.989331
0.413004 0.088796 0.000855 0.000002
0.088796 0.042827 -0.000109 -0.000251
0.000855 -0.000109 0.461119 0.097962
0.000002 -0.000251 0.097962 0.044679
23.829584 1.040473 30.920953 1.873525
0.416511 0.090512 -0.005056 -0.001305
0.090512 0.043276 -0.001420 -0.000492
-0.005056 -0.001420 0.464015 0.098838
-0.001305 -0.000492 0.098838 0.044842
24.758380 1.130040 31.435213 1.783304
0.430582 0.094214 -0.001667 -0.000485
0.094214 0.044077 -0.000558 -0.000250
-0.001667 -0.000558 0.472876 0.100840
-0.000485 -0.000250 0.100840 0.045221
25.366382 1.139434 32.404062 1.799737
0.431544 0.094563 -0.000889 -0.000295
0.094563 0.044050 -0.000352 -0.000174
-0.000889 -0.000352 0.486232 0.103569
-0.000295 -0.000174 0.103569 0.045720
25.920681 1.136055 33.298026 1.798487
0.442150 0.096929 -0.007786 -0.001747
0.096929 0.044467 -0.001844 -0.000468
-0.007786 -0.001844 0.503096 0.106766
-0.001747 -0.000468 0.106766 0.046282
26.473017 1.132623 34.193012 1.797587
0.454422 0.099377 -0.006473 -0.001312
0.099377 0.044867 -0.001379 -0.000323
-0.006473 -0.001379 0.518983 0.109462
-0.001312 -0.000323 0.109462 0.046706
26.694298 1.057723 35.787491 1.943087
0.419267 0.091246 -0.015751 -0.003163
0.091246 0.042942 -0.003279 -0.000697
-0.015751 -0.003279 0.536521 0.112291
-0.003163 -0.000697 0.112291 0.047148
27.460374 1.109645 36.867108 1.965717
0.412174 0.090042 -0.021251 -0.004045
0.090042 0.042714 -0.004184 -0.000833
-0.021251 -0.004184 0.546119 0.113277
-0.004045 -0.000833 0.113277 0.047202
27.898968 1.083622 37.513630 1.896343
0.415187 0.091102 -0.029305 -0.005382
0.091102 0.042982 -0.005607 -0.001074
-0.029305 -0.005607 0.547170 0.112521
-0.005382 -0.001074 0.112521 0.046933
28.424118 1.080297 38.608003 1.926186
0.417503 0.091839 -0.034714 -0.006088
0.091839 0.043137 -0.006329 -0.001165
-0.034714 -0.006329 0.559774 0.114332
-0.006088 -0.001165 0.114332 0.047251
29.651817 1.232143 39.643772 1.943182
0.379895 0.083665 -0.034133 -0.005691
0.083665 0.041307 -0.005729 -0.001026
-0.034133 -0.005729 0.567040 0.115011
-0.005691 -0.001026 0.115011 0.047341
30.228219 1.223865 40.760523 1.972314
0.366106 0.081476 -0.033620 -0.005327
0.081476 0.040940 -0.005262 -0.000924
-0.033620 -0.005262 0.574782 0.115841
-0.005327 -0.000924 0.115841 0.047484
30.920903 1.239985 41.272550 1.877563
0.365070 0.082235 -0.026675 -0.003707
0.082235 0.041221 -0.003548 -0.000582
-0.026675 -0.003548 0.558645 0.111949
-0.003707 -0.000582 0.111949 0.046699
31.190092 1.162429 42.714402 1.976681
0.385671 0.087623 -0.031946 -0.004629
0.087623 0.042469 -0.004686 -0.000827
-0.031946 -0.004686 0.570831 0.114146
-0.004629 -0.000827 0.114146 0.047211
31.737467 1.157183 44.224993 2.080773
0.414315 0.094188 -0.031964 -0.004409
0.094188 0.043847 -0.004590 -0.000801
-0.031964 -0.004590 0.571096 0.113852
-0.004409 -0.000801 0.113852 0.047193
32.489452 1.194563 44.880497 2.004937
0.433905 0.097992 -0.022291 -0.002359
0.097992 0.044479 -0.002504 -0.000399
-0.022291 -0.002504 0.535838 0.106632
-0.002359 -0.000399 0.106632 0.045817
33.640821 1.317579 45.663180 1.963424
0.433066 0.096930 0.007883 0.003496
0.096930 0.044015 0.003910 0.000816
0.007883 0.003910 0.492614 0.098582
0.003496 0.000816 0.098582 0.044401
34.067059 1.266049 46.673025 1.968467
0.450592 0.100002 0.001257 0.001517
0.100002 0.044527 0.001628 0.000215
0.001257 0.001628 0.477889 0.096736
0.001517 0.000215 0.096736 0.044274
35.646971 1.471373 46.210132 1.673632
0.423925 0.093271 0.068863 0.014892
0.093271 0.042909 0.015800 0.003041
0.068863 0.015800 0.356228 0.073132
0.014892 0.003041 0.073132 0.039668
36.353455 1.465518 46.864572 1.634532
0.455946 0.100158 0.049789 0.009104
0.100158 0.044452 0.009828 0.001486
0.049789 0.009828 0.360349 0.077284
0.009104 0.001486 0.077284 0.041054
