-0.758907 0.658525 3.566428 0.534555
41.787117 16.715209 -56.671144 -22.668949
16.715209 86.690295 -22.668949 -9.067776
-56.671144 -22.668949 81.373187 32.549980
-22.668949 -9.067776 32.549980 93.024341
-0.770025 1.578044 6.053328 2.428345
72.268522 45.191726 -87.827650 -38.066126
45.191726 49.770207 -53.191639 -43.064120
-87.827650 -53.191639 109.495192 48.880504
-38.066126 -43.064120 48.880504 57.563510
0.637084 2.208610 7.801649 3.254084
60.414160 28.508785 -83.841122 -42.958926
28.508785 24.843955 -38.865300 -33.348989
-83.841122 -38.865300 119.220935 62.224695
-42.958926 -33.348989 62.224695 52.693046
-2.438023 0.424219 15.343195 5.915166
71.530455 29.092264 -108.307795 -49.868164
29.092264 18.841434 -43.444783 -28.655896
-108.307795 -43.444783 166.955120 77.315800
-49.868164 -28.655896 77.315800 48.045147
-2.074120 0.498060 18.149065 5.853419
2.652787 0.633451 -5.586434 -2.181259
0.633451 4.870236 -0.027369 -5.779651
-5.586434 -0.027369 17.601187 6.785259
-2.181259 -5.779651 6.785259 10.592142
0.622069 2.158797 16.622243 3.090367
0.984407 0.548350 -2.353676 -1.244644
0.548350 3.065404 1.208207 -3.042456
-2.353676 1.208207 17.458804 5.778405
-1.244644 -3.042456 5.778405 6.432977
1.855240 2.237816 17.466830 2.780632
1.476087 1.086764 -4.048494 -2.293154
1.086764 1.861605 -1.462777 -2.481693
-4.048494 -1.462777 23.481775 9.434298
-2.293154 -2.481693 9.434298 6.144320
1.805168 1.226826 18.550052 3.465006
2.040973 1.201022 -6.361142 -2.848989
1.201022 1.186428 -2.587227 -1.923483
-6.361142 -2.587227 33.960430 12.269240
-2.848989 -1.923483 12.269240 5.647937
3.954168 2.134591 18.292180 2.286297
1.517663 0.656168 -6.007742 -2.054000
0.656168 0.547314 -1.579373 -0.940507
-6.007742 -1.579373 40.851329 11.886628
-2.054000 -0.940507 11.886628 4.099674
5.742243 2.542160 19.432707 2.001563
1.883217 0.680757 -8.237626 -2.391183
0.680757 0.400086 -2.277633 -0.887436
-8.237626 -2.277633 51.035866 13.462084
-2.391183 -0.887436 13.462084 3.957014
6.776078 2.410938 20.049021 2.009282
1.940539 0.590573 -9.185430 -2.305498
0.590573 0.285640 -2.126802 -0.683925
-9.185430 -2.126802 60.556880 14.018769
-2.305498 -0.683925 14.018769 3.529967
8.399358 2.490399 18.038205 1.390704
1.553009 0.398105 -8.115179 -1.782002
0.398105 0.181377 -1.402434 -0.413519
-8.115179 -1.402434 62.812721 12.724246
-1.782002 -0.413519 12.724246 2.786313
10.053052 2.580376 16.366005 0.927944
1.792752 0.484738 -7.235401 -1.541582
0.484738 0.183205 -1.648794 -0.418420
-7.235401 -1.648794 40.000417 7.896545
-1.541582 -0.418420 7.896545 1.721685
11.873541 2.666221 13.021596 0.271747
1.675156 0.468535 -4.434162 -0.970983
0.468535 0.169713 -1.107051 -0.288150
-4.434162 -1.107051 16.862675 3.313680
-0.970983 -0.288150 3.313680 0.784270
12.952241 2.612743 14.251352 0.464006
1.357810 0.382203 -1.910452 -0.478822
0.382203 0.138809 -0.495802 -0.155901
-1.910452 -0.495802 4.390833 0.910975
-0.478822 -0.155901 0.910975 0.300036
13.716808 2.516355 17.002420 0.894225
1.662370 0.431721 -1.958131 -0.473929
0.431721 0.139772 -0.487213 -0.140838
-1.958131 -0.487213 3.211190 0.690884
-0.473929 -0.140838 0.690884 0.241280
15.483255 2.641677 17.076128 0.800262
1.967906 0.460613 -2.454075 -0.530859
0.460613 0.133697 -0.553603 -0.137502
-2.454075 -0.553603 3.912912 0.803254
-0.530859 -0.137502 0.803254 0.243851
16.811876 2.658210 18.015040 0.897019
2.382173 0.513302 -2.865272 -0.568082
0.513302 0.135539 -0.597815 -0.132747
-2.865272 -0.597815 4.168921 0.813282
-0.568082 -0.132747 0.813282 0.227799
18.488604 2.726830 18.035084 0.818764
2.835669 0.564512 -3.340500 -0.608454
0.564512 0.137003 -0.642902 -0.128867
-3.340500 -0.642902 4.653749 0.855696
-0.608454 -0.128867 0.855696 0.219079
19.601357 2.685406 18.879069 0.896613
2.522195 0.479953 -2.518475 -0.410063
0.479953 0.115878 -0.458126 -0.084633
-2.518475 -0.458126 3.135055 0.534303
-0.410063 -0.084633 0.534303 0.147184
20.672736 2.642967 19.755065 0.970940
2.321453 0.424559 -1.952088 -0.278317
0.424559 0.102352 -0.336598 -0.056757
-1.952088 -0.336598 2.208538 0.352817
-0.278317 -0.056757 0.352817 0.108282
22.472568 2.716549 19.607649 0.865964
2.322097 0.405367 -1.744865 -0.222329
0.405367 0.095939 -0.281136 -0.043402
-1.744865 -0.281136 1.957667 0.306981
-0.222329 -0.043402 0.306981 0.097017
22.932546 2.575610 20.909569 0.991910
0.935264 0.169135 -0.262700 0.007963
0.169135 0.056075 -0.028962 -0.003867
-0.262700 -0.028962 0.605392 0.112939
0.007963 -0.003867 0.112939 0.066677
23.925230 2.523096 21.471238 0.988847
0.771534 0.138892 -0.111335 0.021490
0.138892 0.050863 -0.003261 -0.001279
-0.111335 -0.003261 0.648655 0.137955
0.021490 -0.001279 0.137955 0.070470
24.262436 2.362032 22.322949 1.024723
0.462614 0.084733 0.047053 0.032373
0.084733 0.041679 0.022000 0.000667
0.047053 0.022000 0.737720 0.166606
0.032373 0.000667 0.166606 0.074270
25.106477 2.297657 22.803232 1.007799
0.397629 0.075942 0.035531 0.019461
0.075942 0.040739 0.014718 -0.001911
0.035531 0.014718 0.898282 0.198354
0.019461 -0.001911 0.198354 0.077424
25.521749 2.148930 22.916027 0.913361
0.291428 0.058474 -0.053492 -0.006919
0.058474 0.037812 -0.007755 -0.007087
-0.053492 -0.007755 1.025970 0.217458
-0.006919 -0.007087 0.217458 0.077597
26.219780 2.066299 23.249373 0.885754
0.273041 0.059570 -0.102356 -0.019138
0.059570 0.038623 -0.020073 -0.009001
-0.102356 -0.020073 1.225209 0.249485
-0.019138 -0.009001 0.249485 0.080903
27.229853 2.061532 23.904704 0.927116
0.293394 0.068489 -0.144221 -0.027619
0.068489 0.040873 -0.029328 -0.009947
-0.144221 -0.029328 1.478116 0.287798
-0.027619 -0.009947 0.287798 0.085236
28.270819 2.064149 24.394539 0.931989
0.326275 0.078614 -0.230750 -0.042889
0.078614 0.042982 -0.048281 -0.012537
-0.230750 -0.048281 1.702633 0.315911
-0.042889 -0.012537 0.315911 0.087316
29.338340 2.074310 25.045756 0.964777
0.367375 0.088860 -0.333971 -0.058832
0.088860 0.044774 -0.068644 -0.015039
-0.333971 -0.068644 1.965553 0.347473
-0.058832 -0.015039 0.347473 0.089949
30.192767 2.023559 25.019013 0.878079
0.413124 0.097929 -0.492382 -0.081905
0.097929 0.045892 -0.100704 -0.019237
-0.492382 -0.100704 2.151992 0.362294
-0.081905 -0.019237 0.362294 0.089587
31.255820 2.032838 25.213935 0.838745
0.473979 0.109165 -0.638849 -0.100129
0.109165 0.047458 -0.123926 -0.021559
-0.638849 -0.123926 2.466214 0.396377
-0.100129 -0.021559 0.396377 0.092568
32.564481 2.110635 25.907580 0.885889
0.540617 0.120213 -0.772098 -0.114147
0.120213 0.048912 -0.138976 -0.022421
-0.772098 -0.138976 2.868295 0.440885
-0.114147 -0.022421 0.440885 0.097048
33.360255 2.046476 26.331757 0.878351
0.591628 0.124868 -0.948147 -0.133508
0.124868 0.048489 -0.161899 -0.024582
-0.948147 -0.161899 3.290595 0.483288
-0.133508 -0.024582 0.483288 0.100780
33.952276 1.935678 26.544237 0.835085
0.650573 0.130069 -1.148575 -0.154457
0.130069 0.048215 -0.187246 -0.026970
-1.148575 -0.187246 3.731319 0.523815
-0.154457 -0.026970 0.523815 0.103944
35.285081 2.034587 27.306990 0.894927
0.748961 0.144111 -1.345251 -0.171927
0.144111 0.050296 -0.206282 -0.028086
-1.345251 -0.206282 4.250224 0.572004
-0.171927 -0.028086 0.572004 0.108109
36.324039 2.040356 27.771659 0.898027
0.850814 0.155861 -1.583179 -0.193585
0.155861 0.051373 -0.232659 -0.030280
-1.583179 -0.232659 4.778097 0.615971
-0.193585 -0.030280 0.615971 0.111281
37.233182 2.006465 28.003446 0.864469
0.958432 0.166592 -1.848308 -0.216987
0.166592 0.052051 -0.261050 -0.032667
-1.848308 -0.261050 5.344609 0.660689
-0.216987 -0.032667 0.660689 0.114327
38.460826 2.066425 28.618438 0.897741
1.076893 0.178563 -2.114301 -0.238280
0.178563 0.053201 -0.283279 -0.034062
-2.114301 -0.283279 5.995147 0.713143
-0.238280 -0.034062 0.713143 0.118337
39.660042 2.102392 28.987771 0.894542
1.207398 0.190705 -2.414177 -0.261945
0.190705 0.054142 -0.309756 -0.035966
-2.414177 -0.309756 6.679916 0.764656
-0.261945 -0.035966 0.764656 0.121893
40.808405 2.124005 29.409797 0.895781
1.334170 0.200223 -2.725234 -0.285558
0.200223 0.054539 -0.333230 -0.037526
-2.725234 -0.333230 7.433238 0.820739
-0.285558 -0.037526 0.820739 0.125858
41.473218 2.040874 30.062198 0.902069
1.447619 0.205320 -3.046763 -0.309534
0.205320 0.054028 -0.354267 -0.038940
-3.046763 -0.354267 8.247269 0.879978
-0.309534 -0.038940 0.879978 0.129991
42.658942 2.090669 30.775845 0.942531
1.613592 0.220134 -3.414644 -0.334915
0.220134 0.055511 -0.383099 -0.040767
-3.414644 -0.383099 9.085746 0.935805
-0.334915 -0.040767 0.935805 0.133418
43.487357 2.037212 31.167203 0.921499
1.793462 0.234810 -3.823075 -0.362879
0.234810 0.056568 -0.417666 -0.043222
-3.823075 -0.417666 9.943161 0.988262
-0.362879 -0.043222 0.988262 0.136162
44.778260 2.108475 31.813846 0.958378
1.997385 0.252533 -4.253455 -0.390442
0.252533 0.058327 -0.450464 -0.045189
-4.253455 -0.450464 10.872736 1.045018
-0.390442 -0.045189 1.045018 0.139354
45.711946 2.101351 32.702288 0.998854
2.205658 0.268125 -4.712060 -0.419515
0.268125 0.059420 -0.483804 -0.047276
-4.712060 -0.483804 11.859671 1.103621
-0.419515 -0.047276 1.103621 0.142560
46.754361 2.081622 32.852552 0.958629
2.458495 0.290213 -5.213676 -0.449285
0.290213 0.061372 -0.527731 -0.050105
-5.213676 -0.527731 12.771564 1.147990
-0.449285 -0.050105 1.147990 0.143995
47.955890 2.139937 33.749104 1.015247
2.703374 0.307624 -5.728631 -0.479606
0.307624 0.062696 -0.560314 -0.051832
-5.728631 -0.560314 13.872889 1.211060
-0.479606 -0.051832 1.211060 0.147532
48.908254 2.078415 33.608408 0.936077
2.980410 0.328169 -6.290630 -0.511650
0.328169 0.064062 -0.603367 -0.054481
-6.290630 -0.603367 14.925404 1.262562
-0.511650 -0.054481 1.262562 0.149545
