1.596609 1.600752 2.054575 -0.070200
1.501114 0.600459 0.326631 0.130655
0.600459 80.244255 0.130655 0.052263
0.326631 0.130655 3.296976 1.318819
0.130655 0.052263 1.318819 80.531606
6.256020 8.683775 2.374825 0.416729
2.495689 4.628672 -1.448251 -2.505649
4.628672 13.986407 -2.733772 -3.774088
-1.448251 -2.733772 2.510138 4.260559
-2.505649 -3.774088 4.260559 17.874829
7.102879 4.680173 2.392648 -0.444076
1.485145 1.705753 0.127223 0.423773
1.705753 3.166183 0.341168 0.681825
0.127223 0.341168 2.016049 2.550095
0.423773 0.681825 2.550095 5.386436
5.983153 1.829613 1.939664 -0.790860
0.812508 0.682836 0.700595 0.651640
0.682836 1.025110 0.607493 0.508226
0.700595 0.607493 1.506137 1.357641
0.651640 0.508226 1.357641 1.957822
6.469508 1.460904 2.406746 -0.110596
0.925694 0.654150 0.419038 0.218959
0.654150 0.669436 0.252633 0.111051
0.419038 0.252633 0.886361 0.614540
0.218959 0.111051 0.614540 0.755453
9.041716 2.390155 5.139983 1.466929
0.964659 0.558272 0.164024 0.019049
0.558272 0.434719 0.049872 -0.012568
0.164024 0.049872 0.844207 0.511474
0.019049 -0.012568 0.511474 0.482332
9.122697 1.864306 5.608151 1.389907
0.801779 0.385909 -0.028888 -0.058366
0.385909 0.255125 -0.047871 -0.038747
-0.028888 -0.047871 1.000294 0.519409
-0.058366 -0.038747 0.519409 0.369794
9.741093 1.734534 6.367874 1.427603
0.745483 0.308067 -0.139198 -0.083161
0.308067 0.175612 -0.076804 -0.036677
-0.139198 -0.076804 1.074034 0.472286
-0.083161 -0.036677 0.472286 0.273294
10.985075 1.872416 6.801350 1.316877
0.797629 0.288719 -0.190850 -0.083117
0.288719 0.141441 -0.077659 -0.028558
-0.190850 -0.077659 1.117466 0.422657
-0.083117 -0.028558 0.422657 0.207562
11.379095 1.698029 7.662220 1.386388
0.788455 0.253422 -0.186616 -0.065465
0.253422 0.111955 -0.061612 -0.018020
-0.186616 -0.061612 1.054653 0.349494
-0.065465 -0.018020 0.349494 0.153509
12.437340 1.760873 9.193527 1.635034
0.700517 0.203327 -0.165960 -0.048532
0.203327 0.085803 -0.046057 -0.010840
-0.165960 -0.046057 0.926115 0.274377
-0.048532 -0.010840 0.274377 0.113143
12.068182 1.424085 9.789452 1.568740
0.592569 0.158001 -0.216571 -0.055773
0.158001 0.066759 -0.053773 -0.011907
-0.216571 -0.053773 0.827532 0.223292
-0.055773 -0.011907 0.223292 0.088606
12.366857 1.332046 11.973012 1.918628
0.595126 0.149558 -0.188566 -0.041755
0.149558 0.060981 -0.041041 -0.007610
-0.188566 -0.041041 0.739412 0.185200
-0.041755 -0.007610 0.185200 0.072642
13.127650 1.354374 12.880884 1.907553
0.584313 0.139572 -0.157517 -0.030064
0.139572 0.056060 -0.029836 -0.004563
-0.157517 -0.029836 0.693390 0.163940
-0.030064 -0.004563 0.163940 0.063760
13.388030 1.265772 14.444746 2.040997
0.604693 0.138676 -0.125707 -0.019912
0.138676 0.054214 -0.020270 -0.002294
-0.125707 -0.020270 0.667441 0.150818
-0.019912 -0.002294 0.150818 0.058363
14.061338 1.274158 15.418215 2.031241
0.589252 0.129959 -0.114036 -0.016419
0.129959 0.051000 -0.017005 -0.001869
-0.114036 -0.017005 0.625506 0.135997
-0.016419 -0.001869 0.135997 0.053471
13.999120 1.118220 16.091346 1.947711
0.586978 0.125508 -0.111765 -0.015320
0.125508 0.049272 -0.016197 -0.001953
-0.111765 -0.016197 0.592435 0.125139
-0.015320 -0.001953 0.125139 0.050189
14.801496 1.173340 17.343771 2.009733
0.574124 0.119873 -0.099749 -0.012567
0.119873 0.047668 -0.013390 -0.001619
-0.099749 -0.013390 0.568592 0.117901
-0.012567 -0.001619 0.117901 0.048194
15.965272 1.296242 18.593299 2.068668
0.537419 0.110187 -0.093982 -0.011816
0.110187 0.045480 -0.012535 -0.001769
-0.093982 -0.012535 0.524851 0.107437
-0.011816 -0.001769 0.107437 0.045794
17.543304 1.487108 19.601766 2.076473
0.511331 0.104333 -0.061168 -0.005407
0.104333 0.044443 -0.005852 -0.000628
-0.061168 -0.005852 0.509737 0.104454
-0.005407 -0.000628 0.104454 0.045292
18.186133 1.464148 20.449253 2.035794
0.483959 0.098857 -0.031888 -0.000332
0.098857 0.043572 -0.000783 0.000109
-0.031888 -0.000783 0.476270 0.097907
-0.000332 0.000109 0.097907 0.044077
18.401801 1.361893 21.859296 2.111580
0.478093 0.097967 -0.037887 -0.002673
0.097967 0.043626 -0.003106 -0.000644
-0.037887 -0.003106 0.462143 0.095510
-0.002673 -0.000644 0.095510 0.043720
19.406718 1.425220 22.505016 2.028884
0.465181 0.095920 -0.024634 -0.000743
0.095920 0.043457 -0.001094 -0.000394
-0.024634 -0.001094 0.451896 0.094282
-0.000743 -0.000394 0.094282 0.043651
19.876256 1.375858 23.686174 2.062140
0.475985 0.098911 -0.016219 0.000296
0.098911 0.044308 -0.000010 -0.000280
-0.016219 -0.000010 0.463595 0.097628
0.000296 -0.000280 0.097628 0.044500
20.428090 1.346962 24.630523 2.042956
0.478050 0.099768 -0.004055 0.002055
0.099768 0.044613 0.001784 -0.000008
-0.004055 0.001784 0.467895 0.099006
0.002055 -0.000008 0.099006 0.044830
20.886485 1.302515 25.797794 2.072958
0.465884 0.097536 0.012291 0.004586
0.097536 0.044226 0.004353 0.000428
0.012291 0.004353 0.462495 0.098127
0.004586 0.000428 0.098127 0.044636
20.307262 1.044651 27.305096 2.170465
0.450009 0.094656 0.024519 0.006163
0.094656 0.043711 0.005973 0.000672
0.024519 0.005973 0.458597 0.097558
0.006163 0.000672 0.097558 0.044507
20.673044 1.011613 28.056444 2.099279
0.451019 0.095526 0.023136 0.004886
0.095526 0.044002 0.004733 0.000338
0.023136 0.004733 0.461501 0.098415
0.004886 0.000338 0.098415 0.044677
21.465818 1.073292 28.804459 2.034385
0.438695 0.093394 0.018454 0.003209
0.093394 0.043600 0.003076 -0.000010
0.018454 0.003076 0.457401 0.097652
0.003209 -0.000010 0.097652 0.044480
22.220476 1.120940 29.491549 1.963206
0.431843 0.092520 0.023606 0.003925
0.092520 0.043468 0.003802 0.000209
0.023606 0.003802 0.457633 0.097830
0.003925 0.000209 0.097830 0.044491
23.273664 1.228342 30.176599 1.897985
0.448486 0.096699 0.025897 0.003985
0.096699 0.044410 0.003893 0.000272
0.025897 0.003893 0.473049 0.101212
0.003985 0.000272 0.101212 0.045184
23.963986 1.243319 31.481043 1.973607
0.438718 0.094709 0.018791 0.002227
0.094709 0.043921 0.002043 -0.000049
0.018791 0.002043 0.485890 0.103719
0.002227 -0.000049 0.103719 0.045634
24.875386 1.305655 32.568640 1.993843
0.435384 0.094313 -0.002688 -0.002365
0.094313 0.043827 -0.002659 -0.000946
-0.002688 -0.002659 0.497435 0.105772
-0.002365 -0.000946 0.105772 0.045973
25.145385 1.222305 33.642068 2.011206
0.429316 0.093216 -0.005406 -0.002483
0.093216 0.043559 -0.002790 -0.000798
-0.005406 -0.002790 0.509476 0.107684
-0.002483 -0.000798 0.107684 0.046254
25.994488 1.273849 34.766145 2.035558
0.430477 0.093745 -0.009661 -0.002956
0.093745 0.043661 -0.003263 -0.000765
-0.009661 -0.003263 0.522985 0.109784
-0.002956 -0.000765 0.109784 0.046579
26.526465 1.250770 35.932214 2.066569
0.444355 0.096936 -0.014615 -0.003574
0.096936 0.044323 -0.003875 -0.000789
-0.014615 -0.003875 0.541344 0.112771
-0.003574 -0.000789 0.112771 0.047090
27.412391 1.307622 36.590774 1.989139
0.411582 0.089608 -0.019000 -0.004028
0.089608 0.042631 -0.004323 -0.000792
-0.019000 -0.004323 0.533353 0.110117
-0.004028 -0.000792 0.110117 0.046423
28.255968 1.349236 37.675457 2.007782
0.408233 0.089391 -0.021855 -0.004189
0.089391 0.042642 -0.004456 -0.000755
-0.021855 -0.004456 0.542931 0.111467
-0.004189 -0.000755 0.111467 0.046678
28.560295 1.267211 38.337633 1.937407
0.394591 0.086833 -0.029969 -0.005485
0.086833 0.042108 -0.005807 -0.000994
-0.029969 -0.005807 0.542815 0.110796
-0.005485 -0.000994 0.110796 0.046518
28.794284 1.177685 38.953686 1.864609
0.396877 0.087953 -0.036051 -0.006275
0.087953 0.042407 -0.006649 -0.001121
-0.036051 -0.006649 0.543323 0.110421
-0.006275 -0.001121 0.110421 0.046455
29.205918 1.137294 39.634508 1.812934
0.375810 0.083667 -0.035717 -0.005847
0.083667 0.041450 -0.006057 -0.000986
-0.035717 -0.006057 0.544422 0.110308
-0.005847 -0.000986 0.110308 0.046471
29.885916 1.163303 40.761080 1.858002
0.388241 0.087214 -0.035265 -0.005368
0.087214 0.042307 -0.005532 -0.000864
-0.035265 -0.005532 0.556043 0.112408
-0.005368 -0.000864 0.112408 0.046943
30.916105 1.265345 41.853349 1.893215
0.392158 0.088405 -0.025788 -0.003221
0.088405 0.042532 -0.003132 -0.000400
-0.025788 -0.003132 0.558861 0.112640
-0.003221 -0.000400 0.112640 0.047015
31.686620 1.294319 42.342146 1.801793
0.401483 0.090602 -0.020149 -0.002072
0.090602 0.042948 -0.001989 -0.000230
-0.020149 -0.001989 0.541751 0.108890
-0.002072 -0.000230 0.108890 0.046286
32.649565 1.365796 43.312014 1.817113
0.406348 0.091545 -0.009360 -0.000036
0.091545 0.043049 0.000241 0.000143
-0.009360 0.000241 0.535558 0.107763
-0.000036 0.000143 0.107763 0.046159
33.305990 1.357536 43.584714 1.688803
0.422769 0.094937 -0.008124 -0.000065
0.094937 0.043694 0.000029 0.000013
-0.008124 0.000029 0.509547 0.102712
-0.000065 0.000013 0.102712 0.045234
33.705116 1.294997 44.383126 1.678630
0.450002 0.100361 -0.019836 -0.002669
0.100361 0.044742 -0.002920 -0.000639
-0.019836 -0.002920 0.507737 0.102958
-0.002669 -0.000639 0.102958 0.045434
34.421600 1.311588 45.696392 1.775526
0.481578 0.106226 -0.026533 -0.003990
0.106226 0.045819 -0.004384 -0.000925
-0.026533 -0.004384 0.511942 0.104365
-0.003990 -0.000925 0.104365 0.045828
35.232902 1.344126 46.152359 1.687601
0.494646 0.107579 -0.015808 -0.001682
0.107579 0.045865 -0.002026 -0.000419
-0.015808 -0.002026 0.470409 0.096271
-0.001682 -0.000419 0.096271 0.044232
35.637040 1.287233 47.220666 1.733298
0.526633 0.112937 -0.035846 -0.005889
0.112937 0.046813 -0.006400 -0.001336
-0.035846 -0.006400 0.474116 0.098047
-0.005889 -0.001336 0.098047 0.044751
