4.609595 2.805972 0.409010 -0.728440
2.432387 0.972976 0.004894 0.001958
0.972976 80.393265 0.001958 0.000783
0.004894 0.001958 2.455049 0.982041
0.001958 0.000783 0.982041 80.396892
3.083745 -2.324689 0.932803 0.826542
2.306187 4.039660 -0.084805 -0.149361
4.039660 15.357605 -0.149532 -0.249191
-0.084805 -0.149532 2.316949 4.053954
-0.149361 -0.249191 4.053954 15.440226
5.556673 1.861177 1.711239 1.270936
1.991717 2.291400 -0.101710 -0.103899
2.291400 4.513624 -0.103841 -0.115563
-0.101710 -0.103841 2.012590 2.316008
-0.103899 -0.115563 2.316008 4.557794
5.205514 0.783167 2.320771 1.240733
1.706002 1.434134 -0.072271 -0.049587
1.434134 1.899624 -0.049600 -0.041788
-0.072271 -0.049600 1.718911 1.444726
-0.049587 -0.041788 1.444726 1.913918
5.670933 0.835597 3.744020 1.770864
1.467811 0.968519 -0.016471 -0.004037
0.968519 0.970079 -0.004059 -0.004543
-0.016471 -0.004059 1.475140 0.973305
-0.004037 -0.004543 0.973305 0.975876
7.998567 1.871846 4.233342 1.559614
1.290235 0.700540 -0.030888 -0.014151
0.700540 0.565493 -0.014148 -0.010324
-0.030888 -0.014148 1.301940 0.707050
-0.014151 -0.010324 0.707050 0.570562
8.107020 1.490747 5.769505 1.907801
1.147416 0.529720 -0.029998 -0.012412
0.529720 0.360514 -0.012416 -0.007711
-0.029998 -0.012416 1.153759 0.532674
-0.012412 -0.007711 0.532674 0.362761
8.650808 1.410196 7.359219 2.163495
1.027670 0.413489 -0.019711 -0.007016
0.413489 0.245721 -0.007021 -0.004254
-0.019711 -0.007021 1.031139 0.414949
-0.007016 -0.004254 0.414949 0.246896
9.408204 1.428813 8.270585 2.102558
0.941264 0.336672 -0.019806 -0.006585
0.336672 0.178852 -0.006588 -0.003445
-0.019806 -0.006588 0.944254 0.337855
-0.006585 -0.003445 0.337855 0.179693
10.623008 1.590591 9.715321 2.229892
0.867251 0.280121 -0.017951 -0.005473
0.280121 0.136298 -0.005475 -0.002585
-0.017951 -0.005475 0.869644 0.281016
-0.005473 -0.002585 0.281016 0.136890
11.262466 1.544232 9.916451 1.959456
0.795898 0.235376 -0.014815 -0.004143
0.235376 0.107542 -0.004145 -0.001843
-0.014815 -0.004145 0.798621 0.236300
-0.004143 -0.001843 0.236300 0.108037
11.339434 1.353549 10.972938 1.980349
0.742393 0.203660 -0.009356 -0.002382
0.203660 0.088748 -0.002384 -0.001128
-0.009356 -0.002384 0.743828 0.204150
-0.002382 -0.001128 0.204150 0.089045
12.446429 1.464305 12.215093 2.045295
0.699108 0.179916 -0.004368 -0.001017
0.179916 0.075896 -0.001019 -0.000642
-0.004368 -0.001019 0.700334 0.180321
-0.001017 -0.000642 0.180321 0.076124
12.865186 1.387875 13.524273 2.115206
0.660306 0.161042 -0.005288 -0.001279
0.161042 0.066733 -0.001280 -0.000629
-0.005288 -0.001280 0.660719 0.161222
-0.001279 -0.000629 0.161222 0.066871
13.071560 1.274120 13.884078 1.952298
0.627019 0.146320 -0.005983 -0.001414
0.146320 0.060219 -0.001415 -0.000586
-0.005983 -0.001415 0.627281 0.146458
-0.001414 -0.000586 0.146458 0.060326
14.024121 1.345185 15.017629 1.987769
0.602350 0.135679 -0.006047 -0.001368
0.135679 0.055759 -0.001369 -0.000509
-0.006047 -0.001369 0.602552 0.135797
-0.001368 -0.000509 0.135797 0.055844
14.978320 1.406883 16.331574 2.057926
0.581384 0.127351 -0.005713 -0.001228
0.127351 0.052554 -0.001229 -0.000424
-0.005713 -0.001229 0.581440 0.127430
-0.001228 -0.000424 0.127430 0.052617
15.802048 1.432617 16.761376 1.929397
0.560526 0.120192 -0.003534 -0.000703
0.120192 0.050116 -0.000703 -0.000269
-0.003534 -0.000703 0.560739 0.120298
-0.000703 -0.000269 0.120298 0.050174
16.812541 1.494709 17.351048 1.850188
0.543782 0.114845 -0.004692 -0.000935
0.114845 0.048431 -0.000935 -0.000293
-0.004692 -0.000935 0.544140 0.114971
-0.000935 -0.000293 0.114971 0.048484
18.305556 1.650658 18.643891 1.927220
0.530808 0.110970 -0.003341 -0.000611
0.110970 0.047297 -0.000611 -0.000199
-0.003341 -0.000611 0.531223 0.111096
-0.000611 -0.000199 0.111096 0.047343
18.897297 1.602061 19.223975 1.847481
0.518364 0.107687 -0.003940 -0.000723
0.107687 0.046442 -0.000723 -0.000207
-0.003940 -0.000723 0.518711 0.107786
-0.000723 -0.000207 0.107786 0.046476
19.202066 1.499374 20.571470 1.935147
0.509453 0.105517 -0.007440 -0.001421
0.105517 0.045924 -0.001421 -0.000337
-0.007440 -0.001421 0.509568 0.105558
-0.001421 -0.000337 0.105558 0.045942
19.334784 1.371679 21.511607 1.929210
0.501732 0.103833 -0.004300 -0.000680
0.103833 0.045565 -0.000681 -0.000159
-0.004300 -0.000681 0.501694 0.103839
-0.000680 -0.000159 0.103839 0.045573
19.431608 1.249614 22.321726 1.896943
0.493660 0.102243 -0.004171 -0.000640
0.102243 0.045259 -0.000640 -0.000146
-0.004171 -0.000640 0.493503 0.102223
-0.000640 -0.000146 0.102223 0.045259
19.620871 1.159102 23.048856 1.850783
0.487917 0.101274 -0.002342 -0.000251
0.101274 0.045101 -0.000251 -0.000062
-0.002342 -0.000251 0.487687 0.101240
-0.000251 -0.000062 0.101240 0.045098
19.873871 1.091107 23.921573 1.839675
0.484676 0.100887 0.000053 0.000222
0.100887 0.045066 0.000221 0.000032
0.000053 0.000221 0.484431 0.100852
0.000222 0.000032 0.100852 0.045063
20.616937 1.132536 25.510146 1.979352
0.482590 0.100737 -0.000194 0.000104
0.100737 0.045071 0.000104 -0.000003
-0.000194 0.000104 0.482541 0.100744
0.000104 -0.000003 0.100744 0.045075
21.163557 1.128437 26.563028 1.992577
0.479890 0.100430 0.000043 0.000107
0.100430 0.045029 0.000107 -0.000007
0.000043 0.000107 0.479967 0.100461
0.000107 -0.000007 0.100461 0.045037
22.016482 1.189010 27.604376 2.002066
0.478804 0.100448 -0.000901 -0.000130
0.100448 0.045047 -0.000130 -0.000059
-0.000901 -0.000130 0.479057 0.100511
-0.000130 -0.000059 0.100511 0.045061
23.190681 1.310968 29.578740 2.206737
0.476638 0.100196 0.000383 0.000129
0.100196 0.044996 0.000129 -0.000001
0.000383 0.000129 0.477452 0.100369
0.000129 -0.000001 0.100369 0.045032
23.560115 1.250718 30.530309 2.174761
0.476791 0.100417 -0.000200 -0.000025
0.100417 0.045041 -0.000025 -0.000034
-0.000200 -0.000025 0.477778 0.100609
-0.000025 -0.000034 0.100609 0.045078
23.638192 1.135303 31.533122 2.156926
0.477515 0.100701 0.001358 0.000292
0.100701 0.045088 0.000292 0.000036
0.001358 0.000292 0.478777 0.100935
0.000292 0.000036 0.100935 0.045131
23.654007 1.018850 32.478591 2.128910
0.475160 0.100280 -0.000392 -0.000115
0.100280 0.044978 -0.000115 -0.000052
-0.000392 -0.000115 0.476746 0.100564
-0.000115 -0.000052 0.100564 0.045029
24.574070 1.105607 33.278912 2.073132
0.475952 0.100540 -0.001387 -0.000318
0.100540 0.045018 -0.000318 -0.000088
-0.001387 -0.000318 0.477665 0.100830
-0.000318 -0.000088 0.100830 0.045069
25.752334 1.237788 34.443879 2.100247
0.476633 0.100729 -0.000593 -0.000123
0.100729 0.045037 -0.000123 -0.000038
-0.000593 -0.000123 0.478731 0.101083
-0.000123 -0.000038 0.101083 0.045101
26.844431 1.337808 35.746335 2.153530
0.476845 0.100785 0.000719 0.000161
0.100785 0.045025 0.000161 0.000026
0.000719 0.000161 0.479469 0.101229
0.000161 0.000026 0.101229 0.045107
27.732200 1.384064 36.849658 2.159131
0.476491 0.100705 0.001987 0.000409
0.100705 0.044986 0.000409 0.000076
0.001987 0.000409 0.479551 0.101216
0.000409 0.000076 0.101216 0.045080
28.351720 1.368734 37.981032 2.170070
0.476835 0.100773 0.000852 0.000129
0.100773 0.044983 0.000129 0.000011
0.000852 0.000129 0.480466 0.101377
0.000129 0.000011 0.101377 0.045094
28.806456 1.320208 39.097675 2.176764
0.474614 0.100287 -0.001356 -0.000345
0.100287 0.044864 -0.000346 -0.000087
-0.001356 -0.000346 0.478968 0.101013
-0.000345 -0.000087 0.101013 0.044999
29.293090 1.283527 40.591234 2.262212
0.472697 0.099909 -0.003477 -0.000753
0.099909 0.044778 -0.000755 -0.000163
-0.003477 -0.000755 0.478194 0.100838
-0.000753 -0.000163 0.100838 0.044954
29.479761 1.187260 41.502749 2.215853
0.473751 0.100187 -0.002347 -0.000441
0.100187 0.044838 -0.000442 -0.000082
-0.002347 -0.000442 0.479765 0.101174
-0.000441 -0.000082 0.101174 0.045021
30.550918 1.288185 42.180751 2.125305
0.475077 0.100486 -0.003639 -0.000678
0.100486 0.044895 -0.000680 -0.000128
-0.003639 -0.000680 0.480948 0.101393
-0.000678 -0.000128 0.101393 0.045058
31.137303 1.275889 42.934473 2.060190
0.475161 0.100488 -0.004319 -0.000769
0.100488 0.044884 -0.000771 -0.000141
-0.004319 -0.000771 0.481353 0.101430
-0.000769 -0.000141 0.101430 0.045055
31.633470 1.245877 43.884242 2.043213
0.475302 0.100501 -0.003819 -0.000610
0.100501 0.044877 -0.000611 -0.000102
-0.003819 -0.000611 0.482173 0.101557
-0.000610 -0.000102 0.101557 0.045074
31.914954 1.173557 44.623209 1.983552
0.476311 0.100696 -0.003291 -0.000469
0.100696 0.044910 -0.000468 -0.000072
-0.003291 -0.000468 0.483681 0.101822
-0.000469 -0.000072 0.101822 0.045122
32.700730 1.215452 45.289745 1.915228
0.477905 0.100997 -0.003373 -0.000474
0.100997 0.044964 -0.000474 -0.000078
-0.003373 -0.000474 0.485374 0.102108
-0.000474 -0.000078 0.102108 0.045173
33.507846 1.257553 46.224035 1.910426
0.477568 0.100864 -0.003652 -0.000525
0.100864 0.044924 -0.000525 -0.000092
-0.003652 -0.000525 0.485668 0.102083
-0.000525 -0.000092 0.102083 0.045157
34.163493 1.263083 46.907024 1.853261
0.475682 0.100424 -0.003741 -0.000535
0.100424 0.044825 -0.000535 -0.000097
-0.003741 -0.000535 0.484235 0.101710
-0.000535 -0.000097 0.101710 0.045074
34.897208 1.284575 47.686118 1.822334
0.474364 0.100151 -0.005666 -0.000932
0.100151 0.044771 -0.000934 -0.000184
-0.005666 -0.000934 0.483468 0.101523
-0.000932 -0.000184 0.101523 0.045039
35.972243 1.375632 48.059421 1.709661
0.473063 0.099907 -0.007090 -0.001189
0.099907 0.044727 -0.001192 -0.000234
-0.007090 -0.001192 0.481840 0.101179
-0.001189 -0.000234 0.101179 0.044976
