4.932894 2.935295 0.986944 -0.497261
2.488997 0.995620 -0.203431 -0.081374
0.995620 80.402323 -0.081374 -0.032550
-0.203431 -0.081374 2.584146 1.033681
-0.081374 -0.032550 1.033681 80.417548
4.743296 0.030534 0.187280 -1.484325
2.213627 3.861474 -0.323454 -0.523778
3.861474 15.174375 -0.523996 -1.425640
-0.323454 -0.523996 2.352451 4.084787
-0.523778 -1.425640 4.084787 15.803324
5.001411 0.389707 4.379446 4.222363
2.108858 2.447882 -0.178076 -0.172767
2.447882 4.734878 -0.174342 -0.338737
-0.178076 -0.174342 2.089746 2.412447
-0.172767 -0.338737 2.412447 4.758334
5.329354 0.490907 3.832457 1.983853
1.777552 1.490939 -0.241182 -0.195297
1.490939 1.949275 -0.195314 -0.228445
-0.241182 -0.195314 1.799703 1.514905
-0.195297 -0.228445 1.514905 2.002809
7.895946 2.014329 4.278146 1.633297
1.460102 0.959057 -0.149709 -0.092475
0.959057 0.964151 -0.092466 -0.091697
-0.149709 -0.092466 1.520749 1.003573
-0.092475 -0.091697 1.003573 1.008996
8.391285 1.738422 5.943325 2.093540
1.245029 0.674995 -0.106113 -0.054973
0.674995 0.553145 -0.055025 -0.048089
-0.106113 -0.055025 1.283724 0.697753
-0.054973 -0.048089 0.697753 0.572913
8.235542 1.263699 6.367829 1.804316
1.132018 0.523923 -0.087754 -0.039995
0.523923 0.359646 -0.040035 -0.030252
-0.087754 -0.040035 1.160710 0.538248
-0.039995 -0.030252 0.538248 0.370534
8.752335 1.217691 5.776871 1.200487
1.022699 0.412880 -0.082650 -0.033654
0.412880 0.246715 -0.033677 -0.021498
-0.082650 -0.033677 1.058899 0.428265
-0.033654 -0.021498 0.428265 0.255617
9.410236 1.234758 7.473470 1.594256
0.951778 0.341569 -0.064359 -0.023558
0.341569 0.181401 -0.023570 -0.013917
-0.064359 -0.023570 0.972268 0.349252
-0.023558 -0.013917 0.349252 0.185872
10.461922 1.375255 8.391325 1.633081
0.863585 0.279567 -0.048958 -0.016444
0.279567 0.136558 -0.016456 -0.009253
-0.048958 -0.016456 0.882979 0.286127
-0.016444 -0.009253 0.286127 0.139892
11.758994 1.555547 9.600841 1.749132
0.784802 0.232620 -0.032166 -0.010196
0.232620 0.107029 -0.010207 -0.005930
-0.032166 -0.010207 0.802346 0.238011
-0.010196 -0.005930 0.238011 0.109494
11.962151 1.397109 10.838309 1.849607
0.744442 0.204809 -0.033148 -0.009902
0.204809 0.089312 -0.009902 -0.004944
-0.033148 -0.009902 0.754528 0.207686
-0.009902 -0.004944 0.207686 0.090734
12.592230 1.379049 12.177565 1.956623
0.707032 0.182368 -0.029897 -0.008403
0.182368 0.076681 -0.008400 -0.003852
-0.029897 -0.008400 0.712779 0.183962
-0.008403 -0.003852 0.183962 0.077578
13.431573 1.415293 13.569298 2.057526
0.675427 0.164927 -0.027788 -0.007336
0.164927 0.067755 -0.007332 -0.003074
-0.027788 -0.007332 0.678590 0.165843
-0.007336 -0.003074 0.165843 0.068365
14.081713 1.401861 14.634371 2.066037
0.639115 0.149065 -0.020270 -0.005100
0.149065 0.060861 -0.005098 -0.002164
-0.020270 -0.005098 0.640693 0.149607
-0.005100 -0.002164 0.149607 0.061298
15.607880 1.587656 15.112302 1.940691
0.611007 0.137387 -0.010383 -0.002603
0.137387 0.056110 -0.002606 -0.001341
-0.010383 -0.002606 0.616051 0.138720
-0.002603 -0.001341 0.138720 0.056663
15.645328 1.422396 16.051208 1.934170
0.588140 0.128516 -0.007130 -0.001836
0.128516 0.052768 -0.001838 -0.001008
-0.007130 -0.001838 0.590345 0.129140
-0.001836 -0.001008 0.129140 0.053096
15.943787 1.333954 17.393687 2.014729
0.569317 0.121735 -0.005856 -0.001540
0.121735 0.050409 -0.001540 -0.000819
-0.005856 -0.001540 0.568894 0.121773
-0.001540 -0.000819 0.121773 0.050568
16.627761 1.337326 18.814792 2.101912
0.548926 0.115537 -0.009692 -0.002313
0.115537 0.048537 -0.002312 -0.000879
-0.009692 -0.002312 0.547310 0.115345
-0.002313 -0.000879 0.115345 0.048622
17.707790 1.422961 20.096344 2.149909
0.531855 0.110810 -0.006121 -0.001436
0.110810 0.047235 -0.001436 -0.000596
-0.006121 -0.001436 0.530501 0.110703
-0.001436 -0.000596 0.110703 0.047319
18.719800 1.485294 20.836209 2.080305
0.519126 0.107551 -0.008634 -0.001899
0.107551 0.046408 -0.001898 -0.000624
-0.008634 -0.001898 0.518259 0.107557
-0.001899 -0.000624 0.107557 0.046497
18.921531 1.373498 21.632059 2.029726
0.505534 0.104483 -0.009243 -0.001912
0.104483 0.045720 -0.001911 -0.000562
-0.009243 -0.001911 0.504101 0.104364
-0.001912 -0.000562 0.104364 0.045764
19.818699 1.416886 22.107698 1.918076
0.500142 0.103424 -0.004138 -0.000739
0.103424 0.045515 -0.000740 -0.000267
-0.004138 -0.000740 0.499049 0.103376
-0.000739 -0.000267 0.103376 0.045561
20.082503 1.324888 23.397195 1.986512
0.497213 0.102964 -0.007378 -0.001407
0.102964 0.045448 -0.001407 -0.000384
-0.007378 -0.001407 0.496115 0.102905
-0.001407 -0.000384 0.102905 0.045478
21.381413 1.457061 24.759426 2.063424
0.491300 0.101910 -0.007942 -0.001452
0.101910 0.045257 -0.001452 -0.000364
-0.007942 -0.001452 0.491231 0.102052
-0.001452 -0.000364 0.102052 0.045317
21.880881 1.409430 25.793142 2.063712
0.485755 0.101010 -0.000370 0.000196
0.101010 0.045105 0.000195 0.000003
-0.000370 0.000195 0.486160 0.101218
0.000196 0.000003 0.101218 0.045167
21.939078 1.274487 26.548798 2.005806
0.476738 0.099425 -0.004431 -0.000738
0.099425 0.044810 -0.000738 -0.000202
-0.004431 -0.000738 0.477471 0.099664
-0.000738 -0.000202 0.099664 0.044867
21.973374 1.148166 27.405813 1.974981
0.473094 0.099064 -0.004725 -0.000785
0.099064 0.044781 -0.000785 -0.000201
-0.004725 -0.000785 0.474382 0.099383
-0.000785 -0.000201 0.099383 0.044847
22.441168 1.125871 28.489942 1.995245
0.472116 0.099237 -0.001927 -0.000176
0.099237 0.044849 -0.000175 -0.000063
-0.001927 -0.000175 0.474515 0.099750
-0.000176 -0.000063 0.099750 0.044948
23.219171 1.171144 29.314034 1.958763
0.471044 0.099312 -0.000580 0.000071
0.099312 0.044873 0.000072 -0.000014
-0.000580 0.000072 0.474133 0.099917
0.000071 -0.000014 0.099917 0.044983
24.050864 1.223200 30.430617 1.987803
0.471840 0.099718 -0.002291 -0.000344
0.099718 0.044953 -0.000343 -0.000107
-0.002291 -0.000343 0.476407 0.100581
-0.000344 -0.000107 0.100581 0.045111
24.762625 1.244529 31.877898 2.083629
0.468859 0.099239 -0.004820 -0.000886
0.099239 0.044829 -0.000886 -0.000217
-0.004820 -0.000886 0.476285 0.100636
-0.000886 -0.000217 0.100636 0.045093
25.203070 1.206009 32.993332 2.099123
0.467456 0.099103 -0.004004 -0.000667
0.099103 0.044784 -0.000665 -0.000157
-0.004004 -0.000665 0.477008 0.100840
-0.000667 -0.000157 0.100840 0.045105
25.811093 1.207032 33.943264 2.078060
0.463018 0.098297 -0.006456 -0.001164
0.098297 0.044593 -0.001164 -0.000256
-0.006456 -0.001164 0.474371 0.100292
-0.001164 -0.000256 0.100292 0.044956
26.048931 1.129372 35.184841 2.120693
0.465225 0.098948 -0.003849 -0.000544
0.098948 0.044724 -0.000539 -0.000110
-0.003849 -0.000539 0.479575 0.101443
-0.000544 -0.000110 0.101443 0.045181
26.388414 1.081435 36.246690 2.120879
0.461001 0.098128 -0.006299 -0.001063
0.098128 0.044523 -0.001061 -0.000223
-0.006299 -0.001061 0.478298 0.101095
-0.001063 -0.000223 0.101095 0.045068
26.905997 1.076427 37.195929 2.097369
0.463191 0.098728 -0.007886 -0.001348
0.098728 0.044639 -0.001348 -0.000276
-0.007886 -0.001348 0.482125 0.101859
-0.001348 -0.000276 0.101859 0.045204
27.612192 1.112412 38.437199 2.138152
0.459831 0.098055 -0.011739 -0.002094
0.098055 0.044468 -0.002100 -0.000426
-0.011739 -0.002100 0.482557 0.101831
-0.002094 -0.000426 0.101831 0.045164
28.184133 1.115693 39.436316 2.123420
0.460744 0.098344 -0.009950 -0.001586
0.098344 0.044518 -0.001584 -0.000298
-0.009950 -0.001584 0.485640 0.102379
-0.001586 -0.000298 0.102379 0.045256
28.992714 1.168552 39.944753 2.007245
0.459421 0.098100 -0.012958 -0.002157
0.098100 0.044444 -0.002164 -0.000418
-0.012958 -0.002164 0.484101 0.101907
-0.002157 -0.000418 0.101907 0.045129
29.845066 1.225475 40.703824 1.956191
0.464402 0.099213 -0.014390 -0.002345
0.099213 0.044667 -0.002355 -0.000447
-0.014390 -0.002355 0.489339 0.102924
-0.002345 -0.000447 0.102924 0.045333
30.423931 1.217904 41.481796 1.914100
0.464338 0.099130 -0.012920 -0.001930
0.099130 0.044614 -0.001929 -0.000351
-0.012920 -0.001929 0.491232 0.103158
-0.001930 -0.000351 0.103158 0.045359
31.459411 1.308361 42.122949 1.848615
0.462398 0.098648 -0.016101 -0.002550
0.098648 0.044483 -0.002560 -0.000489
-0.016101 -0.002560 0.490089 0.102747
-0.002550 -0.000489 0.102747 0.045254
32.467758 1.384170 43.166633 1.874330
0.458369 0.097764 -0.020868 -0.003460
0.097764 0.044281 -0.003479 -0.000679
-0.020868 -0.003479 0.489900 0.102597
-0.003460 -0.000679 0.102597 0.045219
32.929384 1.335064 44.149421 1.883342
0.460710 0.098330 -0.022038 -0.003533
0.098330 0.044408 -0.003545 -0.000675
-0.022038 -0.003545 0.495560 0.103711
-0.003533 -0.000675 0.103711 0.045457
33.597505 1.334997 45.018212 1.868106
0.461222 0.098435 -0.025164 -0.004039
0.098435 0.044420 -0.004056 -0.000773
-0.025164 -0.004056 0.498571 0.104173
-0.004039 -0.000773 0.104173 0.045540
34.496312 1.384208 45.889378 1.855672
0.458951 0.097942 -0.024542 -0.003747
0.097942 0.044307 -0.003751 -0.000701
-0.024542 -0.003751 0.498658 0.104017
-0.003747 -0.000701 0.104017 0.045495
35.089178 1.363956 47.112013 1.916813
0.453427 0.096786 -0.027965 -0.004365
0.096786 0.044059 -0.004364 -0.000835
-0.027965 -0.004364 0.499714 0.104092
-0.004365 -0.000835 0.104092 0.045507
35.886615 1.388813 48.113089 1.926110
0.456102 0.097500 -0.027301 -0.004066
0.097500 0.044233 -0.004055 -0.000764
-0.027301 -0.004055 0.504298 0.104934
-0.004066 -0.000764 0.104934 0.045686
36.398106 1.348317 48.718891 1.851139
0.454413 0.097178 -0.030183 -0.004577
0.097178 0.044161 -0.004580 -0.000882
-0.030183 -0.004580 0.504077 0.104704
-0.004577 -0.000882 0.104704 0.045628
