0.715976 1.248491 6.395817 1.666335
41.679896 16.672320 -56.756917 -22.703259
16.672320 86.673139 -22.703259 -9.081500
-56.756917 -22.703259 81.044781 32.418615
-22.703259 -9.081500 32.418615 92.971793
-2.775239 -5.172348 6.219263 -1.935022
64.915630 34.987329 -87.712747 -42.646533
34.987329 40.575687 -44.424607 -41.573714
-87.712747 -44.424607 122.970753 61.898184
-42.646533 -41.573714 61.898184 66.804160
12.457748 5.835488 -11.005449 -7.472217
65.370641 26.879801 -103.469846 -51.385511
26.879801 22.256437 -41.842773 -34.549465
-103.469846 -41.842773 166.056035 82.951757
-51.385511 -34.549465 82.951757 62.102664
8.463846 3.312564 -3.082006 -2.455763
3.570602 3.109381 -1.096072 -0.762582
3.109381 9.336536 -0.749663 -9.407138
-1.096072 -0.749663 0.895288 0.441519
-0.762582 -9.407138 0.441519 13.190236
10.230499 0.638931 -0.305143 4.285695
8.980451 7.735131 -4.167053 -5.410183
7.735131 8.387150 -4.090038 -7.126730
-4.167053 -4.090038 2.667253 3.741891
-5.410183 -7.126730 3.741891 7.672762
10.066287 -0.232548 3.570979 6.126034
18.624838 11.835914 -10.656880 -8.955560
11.835914 8.141411 -7.106494 -6.537207
-10.656880 -7.106494 6.960481 6.076599
-8.955560 -6.537207 6.076599 6.021485
5.826123 -1.871801 7.582392 6.393525
26.751712 13.506840 -18.496364 -11.454184
13.506840 7.139674 -9.598102 -6.204461
-18.496364 -9.598102 13.902898 8.796892
-11.454184 -6.204461 8.796892 5.886294
8.167895 -0.559722 8.528536 5.337935
7.321598 3.268333 -7.351498 -3.743572
3.268333 1.652175 -3.463092 -1.903167
-7.351498 -3.463092 8.630995 4.503788
-3.743572 -1.903167 4.503788 2.520548
6.699359 -0.936975 11.661768 5.483331
9.723017 3.684809 -10.877281 -4.513535
3.684809 1.524822 -4.231077 -1.842052
-10.877281 -4.231077 13.454860 5.653324
-4.513535 -1.842052 5.653324 2.484057
8.197939 -0.301793 12.149169 4.703002
5.527130 1.836634 -7.464746 -2.627907
1.836634 0.704154 -2.544991 -0.954583
-7.464746 -2.544991 11.487263 4.090349
-2.627907 -0.954583 4.090349 1.533591
8.708925 -0.112945 13.790144 4.492768
6.100668 1.784879 -9.066087 -2.751982
1.784879 0.595152 -2.677098 -0.854922
-9.066087 -2.677098 14.874017 4.542890
-2.751982 -0.854922 4.542890 1.446995
8.869658 -0.057170 15.539612 4.358776
5.656247 1.464430 -9.204212 -2.449835
1.464430 0.438915 -2.378198 -0.664985
-9.204212 -2.378198 16.477545 4.403829
-2.449835 -0.664985 4.403829 1.225981
7.806596 -0.303825 19.095345 4.681313
4.167207 0.959729 -7.427054 -1.758502
0.959729 0.272145 -1.679292 -0.422649
-7.427054 -1.679292 14.970687 3.556995
-1.758502 -0.422649 3.556995 0.887641
9.956270 0.184823 17.433192 3.829462
0.959804 0.198648 -1.854580 -0.395502
0.198648 0.086580 -0.321872 -0.088771
-1.854580 -0.321872 5.823572 1.250872
-0.395502 -0.088771 1.250872 0.307092
11.115853 0.430339 18.122170 3.587822
0.892013 0.174291 -1.982235 -0.389897
0.174291 0.075077 -0.307330 -0.077136
-1.982235 -0.307330 6.881507 1.352398
-0.389897 -0.077136 1.352398 0.301587
11.380562 0.437843 19.746859 3.557173
0.911050 0.171326 -2.182100 -0.397144
0.171326 0.070013 -0.307626 -0.069988
-2.182100 -0.307626 8.093507 1.464539
-0.397144 -0.069988 1.464539 0.299220
12.092801 0.539868 20.620841 3.402971
0.681111 0.122966 -1.727765 -0.291938
0.122966 0.057875 -0.177763 -0.041938
-1.727765 -0.177763 7.971997 1.333021
-0.291938 -0.041938 1.333021 0.256222
13.963596 0.831981 18.268523 2.761094
0.356681 0.067052 -0.849868 -0.134826
0.067052 0.046736 0.007698 -0.009196
-0.849868 0.007698 6.565052 1.018136
-0.134826 -0.009196 1.018136 0.190847
14.442272 0.862705 20.028862 2.814699
0.425496 0.085948 -0.997471 -0.151015
0.085948 0.047547 -0.071938 -0.019902
-0.997471 -0.071938 6.116174 0.898041
-0.151015 -0.019902 0.898041 0.164833
15.487941 1.015373 20.814038 2.719259
0.394876 0.078313 -1.002601 -0.143564
0.078313 0.044052 -0.060334 -0.016400
-1.002601 -0.060334 6.757282 0.939064
-0.143564 -0.016400 0.939064 0.163716
16.343189 1.100423 21.765528 2.660632
0.354847 0.072417 -0.874263 -0.119234
0.072417 0.042322 -0.021301 -0.009795
-0.874263 -0.021301 7.141173 0.940944
-0.119234 -0.009795 0.940944 0.157645
18.008787 1.347684 20.887038 2.369654
0.202248 0.047998 -0.292953 -0.039435
0.047998 0.037813 0.096168 0.006092
-0.292953 0.096168 6.057734 0.755111
-0.039435 0.006092 0.755111 0.128385
19.063816 1.482979 23.072260 2.481422
0.207061 0.051174 -0.329906 -0.043321
0.051174 0.036535 0.044831 -0.000056
-0.329906 0.044831 5.470273 0.658046
-0.043321 -0.000056 0.658046 0.114161
19.979526 1.509037 23.228106 2.352855
0.218498 0.065598 0.077287 0.004497
0.065598 0.040878 0.081117 0.004233
0.077287 0.081117 2.557054 0.293183
0.004497 0.004233 0.293183 0.069415
20.763430 1.516633 24.350748 2.345885
0.288194 0.086291 0.174406 0.012946
0.086291 0.045573 0.082218 0.004140
0.174406 0.082218 1.890817 0.214616
0.012946 0.004140 0.214616 0.060991
21.358866 1.457275 24.187389 2.191348
0.375957 0.106276 0.110773 0.001934
0.106276 0.048957 0.037519 -0.001318
0.110773 0.037519 0.633000 0.072195
0.001934 -0.001318 0.072195 0.045605
21.948186 1.418118 24.609014 2.101450
0.484536 0.129121 0.088345 -0.004244
0.129121 0.053152 0.024839 -0.002908
0.088345 0.024839 0.430229 0.057399
-0.004244 -0.002908 0.057399 0.045337
22.691145 1.427064 25.461758 2.066624
0.619437 0.155005 0.079110 -0.008610
0.155005 0.057676 0.018951 -0.003592
0.079110 0.018951 0.378841 0.061518
-0.008610 -0.003592 0.061518 0.047078
23.565675 1.463193 26.812933 2.123763
0.768214 0.180308 0.052575 -0.015758
0.180308 0.061589 0.010195 -0.004800
0.052575 0.010195 0.400424 0.077088
-0.015758 -0.004800 0.077088 0.050444
23.882285 1.373694 27.537558 2.063864
0.859023 0.189834 -0.069672 -0.040353
0.189834 0.061774 -0.017451 -0.009537
-0.069672 -0.017451 0.350737 0.077138
-0.040353 -0.009537 0.077138 0.050446
24.489783 1.358092 28.231031 1.987549
1.030177 0.214935 -0.158430 -0.057647
0.214935 0.065340 -0.033891 -0.012080
-0.158430 -0.033891 0.332151 0.079747
-0.057647 -0.012080 0.079747 0.050208
25.516314 1.427696 29.617185 2.079994
1.237050 0.243890 -0.233208 -0.069792
0.243890 0.069347 -0.045144 -0.013305
-0.233208 -0.045144 0.392600 0.098472
-0.069792 -0.013305 0.098472 0.053404
26.657884 1.510386 30.982460 2.160141
1.452800 0.270881 -0.337584 -0.087207
0.270881 0.072608 -0.060316 -0.015409
-0.337584 -0.060316 0.458065 0.114861
-0.087207 -0.015409 0.114861 0.055545
27.153202 1.460517 31.780502 2.088875
1.625831 0.286532 -0.502556 -0.117155
0.286532 0.073486 -0.084555 -0.019618
-0.502556 -0.084555 0.512829 0.124995
-0.117155 -0.019618 0.124995 0.055750
27.785360 1.443166 32.805109 2.082754
1.846966 0.308905 -0.668077 -0.142809
0.308905 0.075585 -0.105607 -0.022597
-0.668077 -0.105607 0.600674 0.140621
-0.142809 -0.022597 0.140621 0.057209
28.541284 1.452566 34.002508 2.121791
2.109568 0.335779 -0.846068 -0.167216
0.335779 0.078323 -0.126071 -0.025086
-0.846068 -0.126071 0.710409 0.158328
-0.167216 -0.025086 0.158328 0.058968
29.431438 1.477132 34.981790 2.106152
2.418629 0.367208 -1.044308 -0.191940
0.367208 0.081582 -0.147824 -0.027549
-1.044308 -0.147824 0.822745 0.173077
-0.191940 -0.027549 0.173077 0.059781
29.513802 1.353263 35.498118 1.957710
2.715579 0.392372 -1.286402 -0.224125
0.392372 0.083436 -0.174235 -0.031087
-1.286402 -0.174235 0.948834 0.187309
-0.224125 -0.031087 0.187309 0.060174
30.326722 1.381734 36.644144 2.002434
3.098163 0.429315 -1.520118 -0.247169
0.429315 0.087223 -0.196051 -0.032799
-1.520118 -0.196051 1.102158 0.205916
-0.247169 -0.032799 0.205916 0.061874
30.976183 1.370818 37.549208 1.978174
3.511711 0.466625 -1.784825 -0.273322
0.466625 0.090664 -0.220648 -0.035033
-1.784825 -0.220648 1.264614 0.222744
-0.273322 -0.035033 0.222744 0.062869
31.568149 1.367114 38.748691 2.022625
3.959256 0.505022 -2.073638 -0.300402
0.505022 0.094017 -0.245715 -0.037151
-2.073638 -0.245715 1.455325 0.242784
-0.300402 -0.037151 0.242784 0.064510
32.232059 1.361649 39.714680 2.011350
4.458223 0.547421 -2.379822 -0.325860
0.547421 0.097708 -0.271941 -0.039178
-2.379822 -0.271941 1.641024 0.258364
-0.325860 -0.039178 0.258364 0.065094
32.818936 1.336268 40.525550 1.962820
4.998232 0.591185 -2.714500 -0.352933
0.591185 0.101277 -0.299828 -0.041365
-2.714500 -0.299828 1.840178 0.273797
-0.352933 -0.041365 0.273797 0.065589
33.227261 1.294852 41.457557 1.937852
5.576598 0.635650 -3.079425 -0.381949
0.635650 0.104676 -0.328738 -0.043590
-3.079425 -0.328738 2.064440 0.291610
-0.381949 -0.043590 0.291610 0.066541
33.776519 1.259979 42.105810 1.861947
6.208675 0.684154 -3.456360 -0.407793
0.684154 0.108456 -0.357998 -0.045515
-3.456360 -0.357998 2.280962 0.305309
-0.407793 -0.045515 0.305309 0.066744
34.352509 1.257147 43.110815 1.874887
6.887125 0.733720 -3.867460 -0.436175
0.733720 0.112138 -0.387743 -0.047385
-3.867460 -0.387743 2.535072 0.324062
-0.436175 -0.047385 0.324062 0.067956
35.210654 1.287890 44.021063 1.883023
7.618677 0.786225 -4.297988 -0.463188
0.786225 0.115997 -0.418058 -0.049109
-4.297988 -0.418058 2.794328 0.341127
-0.463188 -0.049109 0.341127 0.068831
35.655352 1.254261 44.881081 1.853096
8.372009 0.834912 -4.777011 -0.497238
0.834912 0.118968 -0.450423 -0.051442
-4.777011 -0.450423 3.094146 0.362546
-0.497238 -0.051442 0.362546 0.070188
36.308100 1.283159 46.159653 1.929486
9.191086 0.888161 -5.279483 -0.529270
0.888161 0.122457 -0.482788 -0.053335
-5.279483 -0.482788 3.412673 0.384714
-0.529270 -0.053335 0.384714 0.071772
37.153781 1.261242 46.444832 1.799981
10.065992 0.944674 -5.798094 -0.558686
0.944674 0.126071 -0.517314 -0.055379
-5.798094 -0.517314 3.706823 0.398995
-0.558686 -0.055379 0.398995 0.071785
