3.553306 2.383448 -2.992966 -2.089260
2.404781 0.961933 -0.341815 -0.136729
0.961933 80.388848 -0.136729 -0.054693
-0.341815 -0.136729 2.477935 0.991195
-0.136729 -0.054693 0.991195 80.400553
3.554672 0.479396 2.182764 8.750583
2.356113 4.126679 -0.253571 -0.373388
4.126679 15.410450 -0.375522 -1.523535
-0.253571 -0.375522 2.338484 4.080890
-0.373388 -1.523535 4.080890 15.516013
4.940029 1.785980 3.552238 5.296962
2.128096 2.436361 -0.224182 -0.252642
2.436361 4.657303 -0.252922 -0.529321
-0.224182 -0.252922 2.165639 2.489727
-0.252642 -0.529321 2.489727 4.771097
7.791338 3.419723 3.522176 3.060846
1.707189 1.420340 -0.228585 -0.193349
1.420340 1.878806 -0.193428 -0.253620
-0.228585 -0.193428 1.788855 1.491616
-0.193349 -0.253620 1.491616 1.953807
8.299720 2.632339 2.824279 1.601687
1.458422 0.957111 -0.212785 -0.140283
0.957111 0.962499 -0.140343 -0.134917
-0.212785 -0.140343 1.551052 1.016297
-0.140283 -0.134917 1.016297 1.006459
8.306370 1.922887 4.093797 1.854054
1.285996 0.696907 -0.158169 -0.084873
0.696907 0.565033 -0.084839 -0.068846
-0.158169 -0.084839 1.348019 0.727132
-0.084873 -0.068846 0.727132 0.583371
9.402573 1.985781 6.763215 2.654190
1.147144 0.529511 -0.124501 -0.057060
0.529511 0.361786 -0.057011 -0.040304
-0.124501 -0.057011 1.178322 0.541085
-0.057060 -0.040304 0.541085 0.368423
9.605196 1.667597 8.018414 2.625534
1.052002 0.423567 -0.118823 -0.047871
0.423567 0.250794 -0.047850 -0.028488
-0.118823 -0.047850 1.070934 0.429424
-0.047871 -0.028488 0.429424 0.254284
9.652133 1.386192 8.503128 2.330347
0.947030 0.338646 -0.109533 -0.039143
0.338646 0.180140 -0.039133 -0.020281
-0.109533 -0.039133 0.961408 0.342820
-0.039143 -0.020281 0.342820 0.182621
10.241225 1.352503 9.352041 2.228344
0.857543 0.277001 -0.075114 -0.024034
0.277001 0.135733 -0.024013 -0.012169
-0.075114 -0.024013 0.868931 0.280177
-0.024034 -0.012169 0.280177 0.137580
11.719228 1.589796 9.573192 1.964246
0.778999 0.230669 -0.056075 -0.016516
0.230669 0.106548 -0.016497 -0.008157
-0.056075 -0.016497 0.796912 0.235737
-0.016516 -0.008157 0.235737 0.108715
12.023505 1.454836 10.467010 1.940023
0.736632 0.202641 -0.054924 -0.015156
0.202641 0.088839 -0.015143 -0.006657
-0.054924 -0.015143 0.749812 0.206041
-0.015156 -0.006657 0.206041 0.090275
12.283502 1.334174 11.492809 1.954402
0.702022 0.181224 -0.049325 -0.012709
0.181224 0.076521 -0.012699 -0.005169
-0.049325 -0.012699 0.710359 0.183191
-0.012709 -0.005169 0.183191 0.077420
12.860009 1.312081 12.723656 2.016361
0.663764 0.162293 -0.041430 -0.009992
0.162293 0.067232 -0.009984 -0.003886
-0.041430 -0.009984 0.668529 0.163342
-0.009992 -0.003886 0.163342 0.067807
13.736430 1.363552 13.576228 1.980068
0.624262 0.145956 -0.027629 -0.006228
0.145956 0.060262 -0.006221 -0.002571
-0.027629 -0.006221 0.628713 0.146955
-0.006228 -0.002571 0.146955 0.060761
14.545522 1.392352 14.741366 2.019635
0.596618 0.134663 -0.019808 -0.004264
0.134663 0.055631 -0.004259 -0.001853
-0.019808 -0.004259 0.599561 0.135319
-0.004264 -0.001853 0.135319 0.055997
15.107076 1.362859 16.009171 2.076263
0.581769 0.127751 -0.018906 -0.003998
0.127751 0.052730 -0.003995 -0.001601
-0.018906 -0.003995 0.582628 0.127962
-0.003998 -0.001601 0.127962 0.052957
15.204522 1.237366 16.996334 2.065135
0.557449 0.119773 -0.010685 -0.002134
0.119773 0.050083 -0.002133 -0.001039
-0.010685 -0.002133 0.555936 0.119511
-0.002134 -0.001039 0.119511 0.050180
15.337294 1.134562 18.238883 2.109542
0.536408 0.113526 -0.003546 -0.000660
0.113526 0.048197 -0.000662 -0.000623
-0.003546 -0.000662 0.532606 0.112843
-0.000660 -0.000623 0.112843 0.048187
16.194780 1.195421 19.101663 2.069192
0.523614 0.109777 -0.000306 -0.000108
0.109777 0.047097 -0.000110 -0.000439
-0.000306 -0.000110 0.520448 0.109313
-0.000108 -0.000439 0.109313 0.047122
16.955206 1.229233 20.447139 2.134089
0.512003 0.106731 -0.000855 -0.000351
0.106731 0.046292 -0.000353 -0.000435
-0.000855 -0.000353 0.508740 0.106291
-0.000351 -0.000435 0.106291 0.046307
18.066737 1.332906 20.742374 1.972985
0.503595 0.104695 0.002850 0.000359
0.104695 0.045797 0.000355 -0.000229
0.002850 0.000355 0.501557 0.104541
0.000359 -0.000229 0.104541 0.045855
18.773640 1.341377 21.628718 1.952098
0.495188 0.102884 -0.003581 -0.001075
0.102884 0.045404 -0.001074 -0.000486
-0.003581 -0.001074 0.493372 0.102768
-0.001075 -0.000486 0.102768 0.045451
19.217256 1.294040 22.812537 1.995534
0.489031 0.101711 -0.006100 -0.001530
0.101711 0.045179 -0.001528 -0.000517
-0.006100 -0.001528 0.487225 0.101582
-0.001530 -0.000517 0.101582 0.045205
19.952919 1.312579 23.577096 1.946799
0.486981 0.101486 -0.004991 -0.001178
0.101486 0.045164 -0.001177 -0.000383
-0.004991 -0.001177 0.485522 0.101413
-0.001178 -0.000383 0.101413 0.045188
21.080743 1.411023 24.676350 1.973086
0.484586 0.101182 -0.001591 -0.000380
0.101182 0.045124 -0.000381 -0.000174
-0.001591 -0.000381 0.484015 0.101271
-0.000380 -0.000174 0.101271 0.045169
21.612694 1.374689 25.970272 2.037513
0.481984 0.100835 -0.002618 -0.000585
0.100835 0.045070 -0.000585 -0.000197
-0.002618 -0.000585 0.482292 0.101069
-0.000585 -0.000197 0.101069 0.045132
22.681769 1.454708 26.884198 2.015512
0.478638 0.100332 -0.001535 -0.000323
0.100332 0.044979 -0.000323 -0.000121
-0.001535 -0.000323 0.479561 0.100645
-0.000323 -0.000121 0.100645 0.045045
23.315236 1.434992 28.206343 2.081596
0.476493 0.100095 -0.000126 -0.000015
0.100095 0.044942 -0.000016 -0.000044
-0.000126 -0.000016 0.478870 0.100661
-0.000015 -0.000044 0.100661 0.045051
23.862183 1.399094 29.244657 2.081075
0.475481 0.100082 0.000038 0.000004
0.100082 0.044946 0.000003 -0.000035
0.000038 0.000003 0.478923 0.100803
0.000004 -0.000035 0.100803 0.045077
24.251212 1.333632 30.138355 2.050152
0.473310 0.099790 -0.000762 -0.000177
0.099790 0.044883 -0.000178 -0.000069
-0.000762 -0.000178 0.477776 0.100652
-0.000177 -0.000069 0.100652 0.045033
24.327262 1.208889 30.508854 1.912149
0.470443 0.099345 -0.001426 -0.000309
0.099345 0.044786 -0.000309 -0.000089
-0.001426 -0.000309 0.474897 0.100128
-0.000309 -0.000089 0.100128 0.044912
25.103419 1.245216 31.575429 1.935479
0.468451 0.099095 -0.006412 -0.001339
0.099095 0.044732 -0.001342 -0.000298
-0.006412 -0.001342 0.474613 0.100181
-0.001339 -0.000298 0.100181 0.044919
25.966451 1.296039 32.124504 1.847099
0.470223 0.099634 -0.001432 -0.000168
0.099634 0.044842 -0.000167 -0.000025
-0.001432 -0.000167 0.476167 0.100596
-0.000168 -0.000025 0.100596 0.044998
26.859171 1.347970 33.202100 1.879719
0.467992 0.099238 -0.002246 -0.000347
0.099238 0.044739 -0.000346 -0.000067
-0.002246 -0.000346 0.475923 0.100570
-0.000347 -0.000067 0.100570 0.044974
27.613052 1.364828 33.803510 1.808210
0.468855 0.099515 -0.002775 -0.000448
0.099515 0.044784 -0.000448 -0.000088
-0.002775 -0.000448 0.477019 0.100819
-0.000448 -0.000088 0.100819 0.045010
28.340470 1.374394 34.734981 1.814008
0.473880 0.100627 -0.002084 -0.000282
0.100627 0.045000 -0.000281 -0.000051
-0.002084 -0.000281 0.483408 0.102153
-0.000282 -0.000051 0.102153 0.045272
29.261958 1.424223 35.992536 1.888058
0.470327 0.099793 -0.010615 -0.002084
0.099793 0.044783 -0.002092 -0.000436
-0.010615 -0.002092 0.483030 0.101924
-0.002084 -0.000436 0.101924 0.045183
29.075511 1.233734 37.206660 1.944377
0.466858 0.099061 -0.008598 -0.001493
0.099061 0.044612 -0.001492 -0.000280
-0.008598 -0.001492 0.484927 0.102214
-0.001493 -0.000280 0.102214 0.045219
29.640984 1.222647 37.979749 1.902414
0.468910 0.099562 -0.009247 -0.001536
0.099562 0.044716 -0.001536 -0.000280
-0.009247 -0.001536 0.487804 0.102693
-0.001536 -0.000280 0.102693 0.045296
30.391303 1.252361 39.120575 1.942421
0.473103 0.100457 -0.008876 -0.001372
0.100457 0.044893 -0.001369 -0.000239
-0.008876 -0.001369 0.494129 0.103866
-0.001372 -0.000239 0.103866 0.045519
31.151933 1.280984 40.175186 1.960066
0.464153 0.098465 -0.015622 -0.002745
0.098465 0.044441 -0.002755 -0.000534
-0.015622 -0.002755 0.488833 0.102502
-0.002745 -0.000534 0.102502 0.045197
32.476868 1.427464 41.876294 2.112210
0.459747 0.097631 -0.020440 -0.003590
0.097631 0.044278 -0.003604 -0.000693
-0.020440 -0.003604 0.489654 0.102583
-0.003590 -0.000693 0.102583 0.045215
33.171250 1.423282 42.900612 2.105514
0.457581 0.097335 -0.025000 -0.004324
0.097335 0.044236 -0.004345 -0.000823
-0.025000 -0.004345 0.490054 0.102584
-0.004324 -0.000823 0.102584 0.045218
34.054433 1.458583 43.452170 2.001031
0.455167 0.096996 -0.025324 -0.004137
0.096996 0.044182 -0.004157 -0.000758
-0.025324 -0.004157 0.486885 0.101861
-0.004137 -0.000758 0.101861 0.045073
34.408590 1.376333 43.753432 1.853471
0.452439 0.096596 -0.024684 -0.003808
0.096596 0.044112 -0.003823 -0.000680
-0.024684 -0.003823 0.483794 0.101238
-0.003808 -0.000680 0.101238 0.044964
35.234134 1.404126 44.191104 1.751420
0.444555 0.095076 -0.030513 -0.004920
0.095076 0.043794 -0.004954 -0.000928
-0.030513 -0.004954 0.476797 0.099834
-0.004920 -0.000928 0.099834 0.044693
35.979136 1.412562 44.860500 1.708245
0.450192 0.096578 -0.033479 -0.005307
0.096578 0.044145 -0.005349 -0.000997
-0.033479 -0.005349 0.482471 0.101224
-0.005307 -0.000997 0.101224 0.045028
36.822164 1.442331 45.797603 1.726278
0.445392 0.095647 -0.035541 -0.005553
0.095647 0.043929 -0.005581 -0.001045
-0.035541 -0.005581 0.481187 0.101001
-0.005553 -0.001045 0.101001 0.044987
37.430795 1.419009 46.857252 1.767086
0.439348 0.094496 -0.040001 -0.006325
0.094496 0.043677 -0.006345 -0.001212
-0.040001 -0.006345 0.480592 0.100922
-0.006325 -0.001212 0.100922 0.044973
