2.786908 2.076882 0.291862 -0.775300
2.428327 0.971352 -0.352069 -0.140830
0.971352 80.392616 -0.140830 -0.056333
-0.352069 -0.140830 2.414053 0.965642
-0.140830 -0.056333 0.965642 80.390332
5.891741 5.737375 1.170478 1.508940
2.227543 3.895647 -0.276633 -0.416916
3.895647 15.062774 -0.412907 -1.626520
-0.276633 -0.412907 2.347131 4.108161
-0.416916 -1.626520 4.108161 15.398797
6.724003 3.383341 1.985316 1.572256
2.048140 2.366910 -0.219061 -0.245175
2.366910 4.596156 -0.244196 -0.527147
-0.219061 -0.244196 2.149788 2.463438
-0.245175 -0.527147 2.463438 4.695047
7.062160 2.248504 2.792374 1.592989
1.726684 1.448020 -0.233525 -0.198372
1.448020 1.902500 -0.198436 -0.262083
-0.233525 -0.198436 1.808120 1.503564
-0.198372 -0.262083 1.503564 1.948990
7.381884 1.719691 3.387773 1.462874
1.470259 0.966715 -0.134010 -0.089394
0.966715 0.964684 -0.089085 -0.103336
-0.134010 -0.089085 1.533152 1.000387
-0.089394 -0.103336 1.000387 0.988840
9.110252 2.189425 4.285827 1.550149
1.186660 0.642567 -0.133653 -0.075023
0.642567 0.532353 -0.075014 -0.065838
-0.133653 -0.075014 1.252957 0.674053
-0.075023 -0.065838 0.674053 0.551684
8.106437 1.215387 5.923950 1.952014
1.098995 0.509549 -0.134757 -0.064444
0.509549 0.351697 -0.064423 -0.044930
-0.134757 -0.064423 1.131478 0.521099
-0.064444 -0.044930 0.521099 0.358644
9.101023 1.372791 6.015897 1.595686
1.010896 0.409050 -0.115210 -0.047691
0.409050 0.244362 -0.047666 -0.028781
-0.115210 -0.047666 1.046356 0.421296
-0.047691 -0.028781 0.421296 0.250746
9.304599 1.198644 7.862047 1.971218
0.942701 0.338827 -0.092063 -0.033719
0.338827 0.179752 -0.033669 -0.018464
-0.092063 -0.033669 0.958625 0.343119
-0.033719 -0.018464 0.343119 0.182435
9.604257 1.101145 9.686405 2.242429
0.862589 0.279497 -0.064075 -0.021240
0.279497 0.135996 -0.021185 -0.011353
-0.064075 -0.021185 0.866010 0.279874
-0.021240 -0.011353 0.279874 0.137106
10.641218 1.245697 10.176400 2.055161
0.790559 0.234341 -0.058731 -0.017943
0.234341 0.107084 -0.017909 -0.008622
-0.058731 -0.017909 0.797672 0.236263
-0.017943 -0.008622 0.236263 0.108513
11.309933 1.258395 11.025500 2.006084
0.733691 0.201625 -0.040972 -0.011675
0.201625 0.088033 -0.011651 -0.005668
-0.040972 -0.011651 0.739593 0.203285
-0.011675 -0.005668 0.203285 0.089189
12.288932 1.348532 12.072184 2.017136
0.689098 0.177631 -0.024224 -0.006655
0.177631 0.075176 -0.006642 -0.003604
-0.024224 -0.006642 0.694556 0.179191
-0.006655 -0.003604 0.179191 0.076142
13.381969 1.451049 12.810012 1.950586
0.652234 0.159369 -0.028222 -0.007408
0.159369 0.066225 -0.007397 -0.003304
-0.028222 -0.007397 0.658921 0.161202
-0.007408 -0.003304 0.161202 0.067123
13.854642 1.391943 13.774802 1.948288
0.616069 0.144041 -0.019683 -0.005000
0.144041 0.059606 -0.004992 -0.002323
-0.019683 -0.004992 0.620367 0.145221
-0.005000 -0.002323 0.145221 0.060231
14.411556 1.360943 14.059683 1.792550
0.576439 0.130158 -0.012848 -0.003240
0.130158 0.054458 -0.003236 -0.001637
-0.012848 -0.003236 0.581047 0.131363
-0.003240 -0.001637 0.131363 0.055006
15.236480 1.392566 15.255356 1.858439
0.557961 0.122827 -0.010860 -0.002721
0.122827 0.051575 -0.002718 -0.001321
-0.010860 -0.002718 0.561153 0.123660
-0.002721 -0.001321 0.123660 0.051972
16.193795 1.448324 17.300651 2.099486
0.537459 0.116043 -0.008684 -0.002167
0.116043 0.049272 -0.002164 -0.001041
-0.008684 -0.002164 0.537752 0.116215
-0.002167 -0.001041 0.116215 0.049477
16.616596 1.384240 18.113075 2.049017
0.529177 0.112731 -0.009525 -0.002284
0.112731 0.048052 -0.002281 -0.000941
-0.009525 -0.002281 0.528714 0.112763
-0.002284 -0.000941 0.112763 0.048198
16.714901 1.259130 18.738642 1.964955
0.518522 0.109364 -0.016493 -0.003651
0.109364 0.047012 -0.003646 -0.001120
-0.016493 -0.003646 0.516999 0.109192
-0.003651 -0.001120 0.109192 0.047090
17.382654 1.267144 19.825073 1.986778
0.507305 0.106304 -0.007753 -0.001567
0.106304 0.046183 -0.001566 -0.000570
-0.007753 -0.001566 0.505477 0.106093
-0.001567 -0.000570 0.106093 0.046236
17.948110 1.253083 21.639110 2.158467
0.495580 0.103498 -0.008009 -0.001575
0.103498 0.045513 -0.001574 -0.000517
-0.008009 -0.001574 0.493020 0.103152
-0.001575 -0.000517 0.103152 0.045522
18.082666 1.150177 22.052422 2.019020
0.491156 0.102515 -0.012016 -0.002354
0.102515 0.045297 -0.002352 -0.000634
-0.012016 -0.002352 0.487983 0.102065
-0.002354 -0.000634 0.102065 0.045272
18.705425 1.160053 22.932558 1.991969
0.495847 0.103537 -0.009889 -0.001767
0.103537 0.045521 -0.001766 -0.000459
-0.009889 -0.001766 0.493069 0.103199
-0.001767 -0.000459 0.103199 0.045511
19.633432 1.232880 24.194792 2.047937
0.490243 0.102311 -0.006365 -0.000958
0.102311 0.045255 -0.000958 -0.000261
-0.006365 -0.000958 0.488475 0.102190
-0.000958 -0.000261 0.102190 0.045278
20.672604 1.321557 25.745229 2.158449
0.487548 0.101813 -0.003636 -0.000391
0.101813 0.045165 -0.000392 -0.000134
-0.003636 -0.000392 0.487242 0.101978
-0.000391 -0.000134 0.101978 0.045234
21.192701 1.292094 26.739609 2.140589
0.482373 0.100834 -0.001902 -0.000084
0.100834 0.044978 -0.000084 -0.000071
-0.001902 -0.000084 0.482728 0.101090
-0.000084 -0.000071 0.101090 0.045050
21.893041 1.303505 27.891243 2.157672
0.479728 0.100461 -0.001839 -0.000143
0.100461 0.044929 -0.000143 -0.000088
-0.001839 -0.000143 0.481234 0.100906
-0.000143 -0.000088 0.100906 0.045026
22.343698 1.261151 28.560415 2.071585
0.481917 0.101112 -0.005064 -0.000873
0.101112 0.045089 -0.000872 -0.000241
-0.005064 -0.000872 0.483544 0.101517
-0.000873 -0.000241 0.101517 0.045165
23.017424 1.270158 29.470832 2.045268
0.482446 0.101327 -0.002314 -0.000270
0.101327 0.045137 -0.000270 -0.000100
-0.002314 -0.000270 0.485023 0.101879
-0.000270 -0.000100 0.101879 0.045236
23.308633 1.197898 30.515994 2.049869
0.481513 0.101196 -0.001746 -0.000183
0.101196 0.045104 -0.000181 -0.000080
-0.001746 -0.000181 0.485762 0.102039
-0.000183 -0.000080 0.102039 0.045256
23.459824 1.103539 30.909382 1.917088
0.475424 0.099977 -0.003708 -0.000630
0.099977 0.044842 -0.000629 -0.000174
-0.003708 -0.000629 0.479912 0.100793
-0.000630 -0.000174 0.100793 0.044979
24.043929 1.110382 31.959418 1.936333
0.474189 0.099880 -0.004888 -0.000862
0.099880 0.044836 -0.000862 -0.000213
-0.004888 -0.000862 0.480722 0.101061
-0.000862 -0.000213 0.101061 0.045044
24.321241 1.051728 32.844472 1.918731
0.475144 0.100229 -0.001537 -0.000119
0.100229 0.044917 -0.000116 -0.000043
-0.001537 -0.000116 0.483328 0.101668
-0.000119 -0.000043 0.101668 0.045172
25.345013 1.156905 33.950448 1.949745
0.471656 0.099580 -0.003554 -0.000579
0.099580 0.044774 -0.000577 -0.000145
-0.003554 -0.000577 0.482292 0.101439
-0.000579 -0.000145 0.101439 0.045110
25.853997 1.142171 34.802321 1.923846
0.465962 0.098508 -0.001678 -0.000173
0.098508 0.044551 -0.000168 -0.000053
-0.001678 -0.000168 0.478764 0.100706
-0.000173 -0.000053 0.100706 0.044949
26.219614 1.098681 35.881599 1.948480
0.466526 0.098836 -0.000499 0.000051
0.098836 0.044636 0.000057 -0.000008
-0.000499 0.000057 0.482144 0.101491
0.000051 -0.000008 0.101491 0.045120
26.420914 1.024925 37.197180 2.020238
0.463802 0.098402 0.002065 0.000548
0.098402 0.044544 0.000559 0.000093
0.002065 0.000559 0.484019 0.101873
0.000548 0.000093 0.101873 0.045189
26.974431 1.033623 37.854943 1.946116
0.466134 0.099053 -0.001740 -0.000334
0.099053 0.044684 -0.000334 -0.000106
-0.001740 -0.000334 0.486679 0.102382
-0.000334 -0.000106 0.102382 0.045280
28.564856 1.261895 38.611065 1.900622
0.469855 0.099910 -0.005190 -0.001047
0.099910 0.044849 -0.001055 -0.000249
-0.005190 -0.001055 0.489798 0.102942
-0.001047 -0.000249 0.102942 0.045377
29.091786 1.239579 38.787042 1.738065
0.465116 0.098867 -0.009310 -0.001833
0.098867 0.044595 -0.001851 -0.000396
-0.009310 -0.001851 0.484589 0.101711
-0.001833 -0.000396 0.101711 0.045094
30.590956 1.426950 40.219348 1.856798
0.459853 0.097803 -0.015807 -0.003054
0.097803 0.044359 -0.003083 -0.000627
-0.015807 -0.003083 0.484038 0.101587
-0.003054 -0.000627 0.101587 0.045072
32.047412 1.585704 41.574427 1.947192
0.456614 0.097256 -0.018575 -0.003395
0.097256 0.044252 -0.003424 -0.000659
-0.018575 -0.003424 0.484507 0.101693
-0.003395 -0.000659 0.101693 0.045101
32.463810 1.505929 42.901060 2.020697
0.458621 0.097855 -0.019868 -0.003421
0.097855 0.044391 -0.003440 -0.000631
-0.019868 -0.003440 0.491625 0.103186
-0.003421 -0.000631 0.103186 0.045418
32.859731 1.430419 44.283881 2.098058
0.456365 0.097454 -0.022804 -0.003832
0.097454 0.044296 -0.003846 -0.000699
-0.022804 -0.003846 0.495623 0.103879
-0.003832 -0.000699 0.103879 0.045539
33.128318 1.334715 45.264918 2.082693
0.456081 0.097501 -0.021643 -0.003375
0.097501 0.044303 -0.003373 -0.000586
-0.021643 -0.003373 0.498665 0.104333
-0.003375 -0.000586 0.104333 0.045608
33.761867 1.325699 45.670873 1.949841
0.456555 0.097680 -0.021555 -0.003220
0.097680 0.044333 -0.003221 -0.000559
-0.021555 -0.003221 0.497626 0.103912
-0.003220 -0.000559 0.103912 0.045496
34.171318 1.272072 46.862165 1.994231
0.452455 0.096832 -0.025354 -0.003931
0.096832 0.044135 -0.003935 -0.000722
-0.025354 -0.003935 0.499681 0.104193
-0.003931 -0.000722 0.104193 0.045545
34.741274 1.255377 47.090832 1.833861
0.455234 0.097544 -0.023849 -0.003469
0.097544 0.044290 -0.003473 -0.000625
-0.023849 -0.003473 0.499358 0.103992
-0.003469 -0.000625 0.103992 0.045500
35.435087 1.270056 48.152400 1.864205
0.454725 0.097443 -0.027309 -0.004124
0.097443 0.044249 -0.004134 -0.000779
-0.027309 -0.004134 0.503028 0.104648
-0.004124 -0.000779 0.104648 0.045638
