4.111647 2.606789 1.085759 -0.457734
2.400737 0.960316 -0.035539 -0.014216
0.960316 80.388201 -0.014216 -0.005686
-0.035539 -0.014216 2.414273 0.965730
-0.014216 -0.005686 0.965730 80.390367
4.904861 1.709323 0.081669 -1.818458
2.264793 3.973034 -0.109192 -0.184424
3.973034 15.159159 -0.184473 -0.414376
-0.109192 -0.184473 2.290688 4.015762
-0.184424 -0.414376 4.015762 15.268714
5.006380 0.857553 1.647348 1.025522
1.953110 2.250295 -0.076269 -0.075007
2.250295 4.444654 -0.075040 -0.110818
-0.076269 -0.075040 1.968012 2.264914
-0.075007 -0.110818 2.264914 4.470871
5.788950 1.149854 0.693402 -0.207193
1.690992 1.423381 -0.058529 -0.042822
1.423381 1.881855 -0.042799 -0.048657
-0.058529 -0.042799 1.711645 1.439923
-0.042822 -0.048657 1.439923 1.900168
6.368140 1.157173 2.692906 1.179507
1.471935 0.971210 -0.035674 -0.020366
0.971210 0.966866 -0.020364 -0.020814
-0.035674 -0.020364 1.482681 0.977537
-0.020366 -0.020814 0.977537 0.973124
6.211492 0.758352 3.083229 1.070762
1.285613 0.697026 -0.031817 -0.016086
0.697026 0.560425 -0.016086 -0.013538
-0.031817 -0.016086 1.294377 0.701467
-0.016086 -0.013538 0.701467 0.564146
8.383288 1.585231 5.557934 1.965007
1.139742 0.525270 -0.015332 -0.006648
0.525270 0.356555 -0.006647 -0.006236
-0.015332 -0.006647 1.146263 0.528162
-0.006648 -0.006236 0.528162 0.358750
9.562924 1.740685 6.586109 1.983283
1.024550 0.411555 -0.014106 -0.005848
0.411555 0.243761 -0.005847 -0.004611
-0.014106 -0.005847 1.030756 0.414040
-0.005848 -0.004611 0.414040 0.245355
10.716037 1.841287 8.465432 2.300140
0.938571 0.335126 -0.009508 -0.003782
0.335126 0.177505 -0.003781 -0.002967
-0.009508 -0.003781 0.942685 0.336618
-0.003782 -0.002967 0.336618 0.178455
11.559628 1.816464 9.577299 2.287863
0.862651 0.278150 -0.010417 -0.003844
0.278150 0.135115 -0.003843 -0.002426
-0.010417 -0.003843 0.866062 0.279304
-0.003844 -0.002426 0.279304 0.135793
11.807141 1.621518 10.457637 2.210383
0.800587 0.236402 -0.012683 -0.004200
0.236402 0.107470 -0.004198 -0.002110
-0.012683 -0.004198 0.803055 0.237195
-0.004200 -0.002110 0.237195 0.107932
12.422963 1.568240 11.361015 2.155201
0.744389 0.203805 -0.009910 -0.003055
0.203805 0.088490 -0.003054 -0.001468
-0.009910 -0.003054 0.746399 0.204425
-0.003055 -0.001468 0.204425 0.088834
12.913630 1.492735 12.819644 2.253200
0.698956 0.179503 -0.009654 -0.002742
0.179503 0.075565 -0.002741 -0.001173
-0.009654 -0.002741 0.699957 0.179828
-0.002742 -0.001173 0.179828 0.075782
14.331038 1.656113 13.817155 2.221585
0.662371 0.161235 -0.009006 -0.002369
0.161235 0.066617 -0.002369 -0.000924
-0.009006 -0.002369 0.663677 0.161625
-0.002369 -0.000924 0.161625 0.066817
15.183881 1.661950 14.504255 2.122863
0.632505 0.147310 -0.004477 -0.001139
0.147310 0.060325 -0.001139 -0.000523
-0.004477 -0.001139 0.633810 0.147676
-0.001139 -0.000523 0.147676 0.060491
15.041705 1.443271 15.521807 2.113131
0.602111 0.135306 -0.005020 -0.001210
0.135306 0.055569 -0.001210 -0.000474
-0.005020 -0.001210 0.602675 0.135482
-0.001210 -0.000474 0.135482 0.055670
15.323337 1.347058 16.841132 2.170630
0.577032 0.126149 -0.004728 -0.001079
0.126149 0.052219 -0.001079 -0.000391
-0.004728 -0.001079 0.577045 0.126198
-0.001079 -0.000391 0.126198 0.052279
15.907962 1.328024 17.184023 2.011538
0.555536 0.118997 -0.001627 -0.000356
0.118997 0.049827 -0.000356 -0.000193
-0.001627 -0.000356 0.555607 0.119060
-0.000356 -0.000193 0.119060 0.049880
16.381515 1.287791 18.577968 2.093549
0.543228 0.114714 -0.002059 -0.000453
0.114714 0.048397 -0.000453 -0.000192
-0.002059 -0.000453 0.543001 0.114713
-0.000453 -0.000192 0.114713 0.048429
17.219238 1.328316 19.433278 2.053501
0.530050 0.110810 -0.002815 -0.000600
0.110810 0.047261 -0.000600 -0.000202
-0.002815 -0.000600 0.529869 0.110819
-0.000600 -0.000202 0.110819 0.047289
17.620407 1.273691 20.982007 2.161989
0.516375 0.107285 0.000256 0.000068
0.107285 0.046359 0.000068 -0.000043
0.000256 0.000068 0.515988 0.107251
0.000068 -0.000043 0.107251 0.046373
18.428008 1.309076 21.962332 2.141115
0.506156 0.104879 0.000228 0.000033
0.104879 0.045799 0.000033 -0.000045
0.000228 0.000033 0.505819 0.104856
0.000033 -0.000045 0.104856 0.045811
19.066055 1.305703 22.392024 2.008308
0.496503 0.102846 -0.001083 -0.000258
0.102846 0.045375 -0.000258 -0.000099
-0.001083 -0.000258 0.496170 0.102823
-0.000258 -0.000099 0.102823 0.045383
19.394851 1.238494 22.845516 1.894029
0.491572 0.101984 -0.002507 -0.000539
0.101984 0.045230 -0.000539 -0.000146
-0.002507 -0.000539 0.491206 0.101952
-0.000539 -0.000146 0.101952 0.045233
19.918173 1.218528 23.335905 1.799044
0.486485 0.101150 -0.002775 -0.000554
0.101150 0.045095 -0.000554 -0.000135
-0.002775 -0.000554 0.486145 0.101120
-0.000554 -0.000135 0.101120 0.045096
20.224439 1.155444 24.874023 1.932190
0.481374 0.100357 -0.000282 0.000005
0.100357 0.044968 0.000005 -0.000008
-0.000282 0.000005 0.481163 0.100352
0.000005 -0.000008 0.100352 0.044973
20.733618 1.141158 26.328284 2.034304
0.479912 0.100360 -0.000268 -0.000008
0.100360 0.045006 -0.000008 -0.000012
-0.000268 -0.000008 0.479918 0.100396
-0.000008 -0.000012 0.100396 0.045016
21.870120 1.259835 27.592530 2.086169
0.478902 0.100412 0.001780 0.000409
0.100412 0.045036 0.000409 0.000075
0.001780 0.000409 0.479183 0.100497
0.000409 0.000075 0.100497 0.045055
22.468559 1.253216 28.786858 2.117953
0.475537 0.099921 0.001189 0.000236
0.099921 0.044939 0.000236 0.000031
0.001189 0.000236 0.476080 0.100048
0.000236 0.000031 0.100048 0.044964
23.146821 1.264147 29.228109 1.987864
0.475078 0.100047 0.002081 0.000398
0.100047 0.044970 0.000398 0.000064
0.002081 0.000398 0.475557 0.100146
0.000398 0.000064 0.100146 0.044987
23.584444 1.223064 30.604560 2.068578
0.474678 0.100134 0.000423 0.000011
0.100134 0.044982 0.000011 -0.000020
0.000423 0.000011 0.475613 0.100318
0.000011 -0.000020 0.100318 0.045015
24.906864 1.373245 31.461419 2.031004
0.475897 0.100519 -0.001808 -0.000454
0.100519 0.045049 -0.000455 -0.000113
-0.001808 -0.000455 0.476932 0.100708
-0.000454 -0.000113 0.100708 0.045081
25.546480 1.363322 32.219793 1.976687
0.475139 0.100420 -0.001585 -0.000357
0.100420 0.045003 -0.000357 -0.000079
-0.001585 -0.000357 0.476345 0.100630
-0.000357 -0.000079 0.100630 0.045039
25.992284 1.313463 33.653179 2.070730
0.475608 0.100569 -0.001421 -0.000285
0.100569 0.045012 -0.000286 -0.000057
-0.001421 -0.000286 0.477496 0.100909
-0.000285 -0.000057 0.100909 0.045074
26.757661 1.336412 34.352167 1.999657
0.475839 0.100636 -0.004769 -0.000968
0.100636 0.045002 -0.000968 -0.000197
-0.004769 -0.000968 0.477812 0.100970
-0.000968 -0.000197 0.100970 0.045061
26.838239 1.212161 35.459344 2.022181
0.474962 0.100451 -0.004534 -0.000832
0.100451 0.044940 -0.000832 -0.000154
-0.004534 -0.000832 0.477607 0.100906
-0.000832 -0.000154 0.100906 0.045023
27.666141 1.258962 36.174376 1.959730
0.474047 0.100266 -0.005026 -0.000873
0.100266 0.044883 -0.000874 -0.000156
-0.005026 -0.000874 0.476813 0.100719
-0.000873 -0.000156 0.100719 0.044964
28.301683 1.260099 36.873690 1.900473
0.474476 0.100376 -0.003884 -0.000575
0.100376 0.044895 -0.000575 -0.000088
-0.003884 -0.000575 0.477419 0.100843
-0.000575 -0.000088 0.100843 0.044978
28.659988 1.202439 37.517957 1.835704
0.474063 0.100290 -0.001848 -0.000126
0.100290 0.044864 -0.000125 0.000003
-0.001848 -0.000125 0.477294 0.100798
-0.000126 0.000003 0.100798 0.044955
29.022837 1.152087 38.592639 1.868700
0.475457 0.100587 -0.003359 -0.000472
0.100587 0.044916 -0.000472 -0.000082
-0.003359 -0.000472 0.479388 0.101222
-0.000472 -0.000082 0.101222 0.045034
29.813847 1.197832 40.074492 1.984350
0.474218 0.100295 -0.004457 -0.000699
0.100295 0.044840 -0.000699 -0.000134
-0.004457 -0.000699 0.479176 0.101119
-0.000699 -0.000134 0.101119 0.044997
30.021445 1.115322 41.519891 2.079735
0.476325 0.100740 -0.004223 -0.000624
0.100740 0.044928 -0.000623 -0.000117
-0.004223 -0.000623 0.482456 0.101769
-0.000624 -0.000117 0.101769 0.045124
30.779546 1.157799 42.734902 2.116762
0.475679 0.100557 -0.006280 -0.001044
0.100557 0.044876 -0.001044 -0.000207
-0.006280 -0.001044 0.482537 0.101685
-0.001044 -0.000207 0.101685 0.045088
31.432507 1.173104 43.287753 2.010361
0.475809 0.100561 -0.005494 -0.000829
0.100561 0.044870 -0.000828 -0.000156
-0.005494 -0.000828 0.482572 0.101614
-0.000829 -0.000156 0.101614 0.045063
32.064613 1.182884 44.503322 2.054670
0.475543 0.100483 -0.005513 -0.000811
0.100483 0.044849 -0.000810 -0.000153
-0.005513 -0.000810 0.483217 0.101689
-0.000811 -0.000153 0.101689 0.045074
32.584933 1.167726 45.358964 2.018504
0.477236 0.100828 -0.005699 -0.000833
0.100828 0.044920 -0.000832 -0.000160
-0.005699 -0.000832 0.485304 0.102070
-0.000833 -0.000160 0.102070 0.045151
33.549172 1.247484 45.644036 1.866614
0.476373 0.100602 -0.006195 -0.000924
0.100602 0.044865 -0.000924 -0.000181
-0.006195 -0.000924 0.483908 0.101692
-0.000924 -0.000181 0.101692 0.045065
34.012034 1.213498 46.560623 1.862968
0.475339 0.100369 -0.004044 -0.000453
0.100369 0.044815 -0.000451 -0.000083
-0.004044 -0.000451 0.483731 0.101621
-0.000453 -0.000083 0.101621 0.045054
34.874248 1.267333 47.345186 1.832306
0.475013 0.100309 -0.004210 -0.000517
0.100309 0.044806 -0.000515 -0.000106
-0.004210 -0.000515 0.483752 0.101605
-0.000517 -0.000106 0.101605 0.045056
35.879608 1.346068 48.577289 1.898931
0.475024 0.100323 -0.006195 -0.000955
0.100323 0.044814 -0.000954 -0.000204
-0.006195 -0.000954 0.484717 0.101793
-0.000955 -0.000204 0.101793 0.045102
