0.690299 1.238220 3.553083 0.529217
41.455679 16.582631 -56.435320 -22.574617
16.582631 86.637263 -22.574617 -9.030042
-56.435320 -22.574617 81.043608 32.418146
-22.574617 -9.030042 32.418146 92.971606
0.056364 1.995419 7.786307 3.518313
74.238397 50.847452 -83.542468 -32.703861
50.847452 55.943057 -55.698438 -41.998321
-83.542468 -55.698438 96.422453 39.098024
-32.703861 -41.998321 39.098024 51.513963
-1.600154 0.506238 12.284340 4.648230
28.632703 14.295117 -41.300989 -24.472228
14.295117 18.242381 -20.100346 -24.963926
-41.300989 -20.100346 63.025402 38.905925
-24.472228 -24.963926 38.905925 43.477201
-6.565095 -2.192971 21.591534 8.279093
8.739455 3.353795 -18.077961 -10.057480
3.353795 7.854890 -5.807780 -11.050283
-18.077961 -5.807780 43.573618 24.653700
-10.057480 -11.050283 24.653700 24.768321
-3.109416 0.040270 15.870284 3.053022
0.623662 0.625193 0.036150 -0.256411
0.625193 4.557707 2.930726 -3.459531
0.036150 2.930726 12.579134 4.152170
-0.256411 -3.459531 4.152170 7.281692
-1.553101 1.971162 19.702032 2.657050
0.969321 1.113602 -1.862666 -1.727739
1.113602 2.300922 -1.795618 -3.134874
-1.862666 -1.795618 14.479551 8.176247
-1.727739 -3.134874 8.176247 7.217476
1.578458 3.818420 18.289231 0.298316
0.866629 0.720383 -2.224938 -1.364633
0.720383 0.973861 -1.484899 -1.471935
-2.224938 -1.484899 21.624775 9.369335
-1.364633 -1.471935 9.369335 5.118681
2.928779 3.396945 16.805614 0.047277
1.520262 0.975955 -4.835439 -2.212121
0.975955 0.804389 -2.848993 -1.560368
-4.835439 -2.848993 29.263023 11.368463
-2.212121 -1.560368 11.368463 5.000048
4.521237 3.295797 14.403578 -0.569483
2.646911 1.347107 -7.976900 -3.034618
1.347107 0.786494 -3.907639 -1.624410
-7.976900 -3.907639 32.886509 11.524638
-3.034618 -1.624410 11.524638 4.388557
5.672212 3.113385 16.923921 0.218371
3.480379 1.483163 -7.700761 -2.686491
1.483163 0.697366 -3.217906 -1.204454
-7.700761 -3.217906 20.744595 6.822569
-2.686491 -1.204454 6.822569 2.471493
7.941352 3.372492 15.786369 -0.178594
4.324479 1.526003 -10.142328 -2.968126
1.526003 0.586401 -3.518465 -1.084487
-10.142328 -3.518465 27.120119 7.684326
-2.968126 -1.084487 7.684326 2.338168
10.229498 3.529814 13.039093 -0.789239
5.436961 1.666269 -11.570716 -3.019809
1.666269 0.548869 -3.493037 -0.950779
-11.570716 -3.493037 27.315645 6.966712
-3.019809 -0.950779 6.966712 1.901339
11.144413 3.306765 14.646378 -0.334731
3.115876 0.875076 -4.609414 -1.149299
0.875076 0.277926 -1.264644 -0.344114
-4.609414 -1.264644 8.239010 1.969137
-1.149299 -0.344114 1.969137 0.571563
12.731795 3.296956 14.878967 -0.255689
3.805358 0.959004 -5.186104 -1.172906
0.959004 0.270447 -1.282524 -0.312097
-5.186104 -1.282524 8.178471 1.808780
-1.172906 -0.312097 1.808780 0.484402
15.112425 3.446553 13.080860 -0.589124
4.395040 1.004927 -5.543976 -1.139368
1.004927 0.256667 -1.243651 -0.273100
-5.543976 -1.243651 7.998721 1.630621
-1.139368 -0.273100 1.630621 0.405157
16.658943 3.409983 13.011346 -0.546883
2.977673 0.639896 -2.862487 -0.530386
0.639896 0.163290 -0.596473 -0.124850
-2.862487 -0.596473 3.478939 0.651764
-0.530386 -0.124850 0.651764 0.186433
17.437628 3.238627 14.053875 -0.306787
2.460871 0.500853 -1.767890 -0.284888
0.500853 0.127166 -0.346173 -0.067850
-1.767890 -0.346173 1.786778 0.310200
-0.284888 -0.067850 0.310200 0.111911
18.970952 3.223206 13.992951 -0.290542
2.631217 0.503367 -1.604186 -0.226883
0.503367 0.121450 -0.295157 -0.052124
-1.604186 -0.295157 1.434452 0.238972
-0.226883 -0.052124 0.238972 0.093022
18.999273 2.958846 15.540758 0.012727
2.346617 0.428431 -1.011126 -0.098092
0.428431 0.103549 -0.176490 -0.026293
-1.011126 -0.176490 0.767732 0.120145
-0.098092 -0.026293 0.120145 0.068127
20.416673 2.949970 15.659005 0.037233
2.710389 0.467407 -1.040751 -0.088029
0.467407 0.106366 -0.172661 -0.022879
-1.040751 -0.172661 0.729554 0.118061
-0.088029 -0.022879 0.118061 0.065098
21.255602 2.858933 16.631356 0.249167
2.788922 0.458175 -0.791238 -0.024416
0.458175 0.101615 -0.125352 -0.011464
-0.791238 -0.125352 0.490870 0.078019
-0.024416 -0.011464 0.078019 0.055418
20.494841 2.527682 18.156306 0.499294
2.304682 0.363060 -0.308986 0.063841
0.363060 0.084242 -0.046226 0.002749
-0.308986 -0.046226 0.238143 0.046684
0.063841 0.002749 0.046684 0.049628
21.817397 2.536764 18.533636 0.541351
2.590325 0.391445 -0.314194 0.055031
0.391445 0.086970 -0.047135 0.001189
-0.314194 -0.047135 0.259835 0.060448
0.055031 0.001189 0.060448 0.050314
23.362286 2.577657 18.629979 0.501663
2.753984 0.399537 -0.215460 0.072110
0.399537 0.086598 -0.032662 0.003613
-0.215460 -0.032662 0.292478 0.079062
0.072110 0.003613 0.079062 0.053747
21.892333 2.186237 19.631598 0.611422
1.228230 0.168428 0.269441 0.131741
0.168428 0.052576 0.034987 0.011835
0.269441 0.034987 0.262083 0.089624
0.131741 0.011835 0.089624 0.055900
23.234586 2.205884 20.485088 0.783310
1.288580 0.180096 0.291609 0.115600
0.180096 0.055451 0.034326 0.009503
0.291609 0.034326 0.274240 0.089533
0.115600 0.009503 0.089533 0.051527
23.507398 2.079791 20.869953 0.776576
1.057141 0.144834 0.355716 0.113937
0.144834 0.050755 0.037178 0.008564
0.355716 0.037178 0.374525 0.115699
0.113937 0.008564 0.115699 0.056234
25.013266 2.151384 21.320676 0.791412
1.136014 0.159496 0.419584 0.114751
0.159496 0.053939 0.039467 0.008069
0.419584 0.039467 0.500502 0.143936
0.114751 0.008069 0.143936 0.060928
26.630952 2.231517 21.881939 0.829243
1.002406 0.142147 0.407926 0.098187
0.142147 0.052170 0.030118 0.005037
0.407926 0.030118 0.631704 0.169133
0.098187 0.005037 0.169133 0.064428
27.759935 2.233014 22.309438 0.832327
0.694013 0.100968 0.293981 0.063020
0.100968 0.047046 0.006268 -0.000498
0.293981 0.006268 0.746068 0.187522
0.063020 -0.000498 0.187522 0.066235
28.635131 2.194806 22.638533 0.816238
0.484782 0.076069 0.187380 0.035316
0.076069 0.044382 -0.015540 -0.004684
0.187380 -0.015540 0.885436 0.209065
0.035316 -0.004684 0.209065 0.068704
30.093470 2.252434 23.273326 0.860039
0.441686 0.077413 0.138805 0.022650
0.077413 0.045641 -0.027458 -0.006405
0.138805 -0.027458 1.084741 0.239641
0.022650 -0.006405 0.239641 0.072776
30.875342 2.192495 23.479525 0.819044
0.351678 0.069833 0.028720 0.000278
0.069833 0.045043 -0.049184 -0.009746
0.028720 -0.049184 1.275402 0.264933
0.000278 -0.009746 0.264933 0.075518
32.010445 2.202764 23.835571 0.808178
0.334739 0.074301 -0.055000 -0.014546
0.074301 0.046252 -0.065029 -0.011664
-0.055000 -0.065029 1.521924 0.297243
-0.014546 -0.011664 0.297243 0.079326
33.233725 2.229257 24.290024 0.816713
0.337251 0.080672 -0.139952 -0.027645
0.080672 0.047378 -0.079799 -0.013200
-0.139952 -0.079799 1.812686 0.333496
-0.027645 -0.013200 0.333496 0.083513
34.308355 2.216398 24.882637 0.848721
0.340927 0.085110 -0.233177 -0.040527
0.085110 0.047667 -0.094611 -0.014625
-0.233177 -0.094611 2.147138 0.372972
-0.040527 -0.014625 0.372972 0.087900
35.752404 2.296084 25.508449 0.883848
0.374540 0.095093 -0.346791 -0.055193
0.095093 0.049095 -0.111884 -0.016353
-0.346791 -0.111884 2.508249 0.412281
-0.055193 -0.016353 0.412281 0.091887
36.810462 2.274198 25.878866 0.871622
0.399938 0.100818 -0.491900 -0.073304
0.100818 0.049204 -0.134017 -0.018766
-0.491900 -0.134017 2.892544 0.450766
-0.073304 -0.018766 0.450766 0.095409
37.906438 2.263911 26.281625 0.865979
0.436778 0.107511 -0.646876 -0.090941
0.107511 0.049418 -0.155065 -0.020831
-0.646876 -0.155065 3.328658 0.493104
-0.090941 -0.020831 0.493104 0.099279
38.867335 2.220897 26.674819 0.856668
0.477758 0.113366 -0.815732 -0.108904
0.113366 0.049320 -0.175880 -0.022758
-0.815732 -0.175880 3.813155 0.538231
-0.108904 -0.022758 0.538231 0.103285
39.843024 2.186307 27.033905 0.843540
0.529876 0.120303 -1.000300 -0.127275
0.120303 0.049453 -0.196796 -0.024576
-1.000300 -0.196796 4.344881 0.585601
-0.127275 -0.024576 0.585601 0.107332
40.862395 2.169912 27.578817 0.858133
0.589827 0.127538 -1.194485 -0.145255
0.127538 0.049646 -0.216039 -0.026074
-1.194485 -0.216039 4.931214 0.636143
-0.145255 -0.026074 0.636143 0.111569
41.681912 2.108733 28.251714 0.881552
0.655445 0.134354 -1.411234 -0.164670
0.134354 0.049676 -0.237110 -0.027772
-1.411234 -0.237110 5.563996 0.688018
-0.164670 -0.027772 0.688018 0.115677
42.449410 2.035816 28.624715 0.862419
0.741095 0.143983 -1.667491 -0.187008
0.143983 0.050255 -0.264741 -0.030134
-1.667491 -0.264741 6.210312 0.736229
-0.187008 -0.030134 0.736229 0.118974
43.650066 2.079300 28.991405 0.861597
0.849335 0.157155 -1.942622 -0.209223
0.157155 0.051650 -0.292073 -0.032191
-1.942622 -0.292073 6.905995 0.786472
-0.209223 -0.032191 0.786472 0.122378
44.530586 2.020917 28.781576 0.776698
0.954484 0.166930 -2.242835 -0.233154
0.166930 0.052030 -0.320443 -0.034422
-2.242835 -0.320443 7.654559 0.838743
-0.233154 -0.034422 0.838743 0.125806
45.220282 1.940544 29.108429 0.754866
1.032664 0.169928 -2.507161 -0.252467
0.169928 0.051239 -0.333504 -0.035024
-2.507161 -0.333504 8.494750 0.900219
-0.252467 -0.035024 0.900219 0.130391
46.414551 1.997377 29.551728 0.773206
1.132280 0.177040 -2.792710 -0.272062
0.177040 0.051536 -0.348044 -0.035616
-2.792710 -0.348044 9.400535 0.964232
-0.272062 -0.035616 0.964232 0.135008
47.328474 1.975988 29.913773 0.766242
1.230326 0.182189 -3.100129 -0.293087
0.182189 0.051309 -0.364338 -0.036518
-3.100129 -0.364338 10.364624 1.029640
-0.293087 -0.036518 1.029640 0.139469
48.730547 2.074778 30.281172 0.785338
1.346787 0.190405 -3.431036 -0.314550
0.190405 0.051837 -0.382229 -0.037418
-3.431036 -0.382229 11.396059 1.097241
-0.314550 -0.037418 1.097241 0.143931
