3.881330 2.514660 -0.942442 -1.269032
2.425036 0.970036 -0.378810 -0.151527
0.970036 80.392089 -0.151527 -0.060612
-0.378810 -0.151527 2.466184 0.986495
-0.151527 -0.060612 0.986495 80.398673
5.822325 3.805391 1.228088 3.660810
2.314643 4.047908 -0.297249 -0.443923
4.047908 15.316392 -0.441730 -1.735818
-0.297249 -0.441730 2.413639 4.212832
-0.443923 -1.735818 4.212832 15.709456
6.531201 2.423985 0.494214 0.724042
1.944073 2.232771 -0.313348 -0.352493
2.232771 4.437691 -0.352256 -0.669609
-0.313348 -0.352256 2.090499 2.390244
-0.352493 -0.669609 2.390244 4.646637
6.574138 1.444332 2.926831 2.452639
1.573640 1.325667 -0.164751 -0.135012
1.325667 1.808873 -0.134426 -0.213058
-0.164751 -0.134426 1.657359 1.384930
-0.135012 -0.213058 1.384930 1.869484
6.323917 0.796139 4.755426 2.853158
1.432352 0.953521 -0.161491 -0.110327
0.953521 0.963240 -0.110072 -0.123348
-0.161491 -0.110072 1.469259 0.971533
-0.110327 -0.123348 0.971533 0.982256
7.044847 0.973540 5.779188 2.632912
1.264291 0.691221 -0.128224 -0.073318
0.691221 0.560781 -0.073157 -0.067602
-0.128224 -0.073157 1.291080 0.703408
-0.073318 -0.067602 0.703408 0.572854
7.860698 1.125792 7.243284 2.700369
1.146859 0.532243 -0.103784 -0.051341
0.532243 0.361253 -0.051226 -0.040531
-0.103784 -0.051226 1.163560 0.539304
-0.051341 -0.040531 0.539304 0.368411
8.078129 0.985983 8.778776 2.776094
1.058118 0.426943 -0.097833 -0.042434
0.426943 0.250372 -0.042334 -0.027963
-0.097833 -0.042334 1.061655 0.428569
-0.042434 -0.027963 0.428569 0.253840
9.529492 1.330385 9.317183 2.469614
0.954485 0.341124 -0.061592 -0.024340
0.341124 0.179470 -0.024321 -0.016000
-0.061592 -0.024321 0.966387 0.346125
-0.024340 -0.016000 0.346125 0.183361
10.432730 1.407618 10.324885 2.395682
0.874915 0.281939 -0.055884 -0.020201
0.281939 0.136072 -0.020186 -0.011711
-0.055884 -0.020186 0.884808 0.285899
-0.020201 -0.011711 0.285899 0.138867
11.169172 1.419132 10.693685 2.150573
0.812451 0.239512 -0.044715 -0.015061
0.239512 0.108128 -0.015062 -0.008212
-0.044715 -0.015062 0.823535 0.243509
-0.015061 -0.008212 0.243509 0.110421
11.786930 1.394434 11.593290 2.102660
0.762231 0.208166 -0.030913 -0.010044
0.208166 0.089449 -0.010050 -0.005536
-0.030913 -0.010050 0.770650 0.211077
-0.010044 -0.005536 0.211077 0.091063
12.843074 1.486238 12.650195 2.103385
0.718451 0.183834 -0.026473 -0.008202
0.183834 0.076455 -0.008207 -0.004215
-0.026473 -0.008207 0.726118 0.186313
-0.008202 -0.004215 0.186313 0.077701
13.457170 1.454696 13.866912 2.143681
0.672203 0.162845 -0.027672 -0.007910
0.162845 0.066807 -0.007907 -0.003523
-0.027672 -0.007907 0.676413 0.164278
-0.007910 -0.003523 0.164278 0.067611
14.423576 1.510400 14.717826 2.092031
0.631629 0.146392 -0.030407 -0.007954
0.146392 0.059963 -0.007949 -0.003052
-0.030407 -0.007949 0.635665 0.147683
-0.007954 -0.003052 0.147683 0.060612
14.914132 1.450852 16.113150 2.170619
0.613836 0.137413 -0.024287 -0.005993
0.137413 0.055960 -0.005989 -0.002234
-0.024287 -0.005989 0.614961 0.137963
-0.005993 -0.002234 0.137963 0.056350
15.294581 1.375748 17.252711 2.182624
0.589915 0.128392 -0.019816 -0.004618
0.128392 0.052634 -0.004616 -0.001672
-0.019816 -0.004616 0.588990 0.128466
-0.004618 -0.001672 0.128466 0.052860
15.805511 1.338077 18.187220 2.149171
0.563847 0.120151 -0.017136 -0.003773
0.120151 0.050004 -0.003772 -0.001306
-0.017136 -0.003772 0.561940 0.120019
-0.003773 -0.001306 0.120019 0.050144
16.063449 1.251693 18.825966 2.057359
0.548161 0.115154 -0.021047 -0.004396
0.115154 0.048439 -0.004393 -0.001301
-0.021047 -0.004393 0.545429 0.114861
-0.004396 -0.001301 0.114861 0.048515
17.107396 1.338355 19.135036 1.907423
0.533993 0.111112 -0.014039 -0.002669
0.111112 0.047299 -0.002670 -0.000820
-0.014039 -0.002670 0.532698 0.111136
-0.002669 -0.000820 0.111136 0.047417
17.836516 1.350627 19.883184 1.864819
0.509973 0.105519 -0.011925 -0.002141
0.105519 0.045990 -0.002142 -0.000646
-0.011925 -0.002142 0.508696 0.105518
-0.002141 -0.000646 0.105518 0.046075
18.211126 1.288408 20.789115 1.859096
0.502467 0.103927 -0.006390 -0.000935
0.103927 0.045647 -0.000939 -0.000349
-0.006390 -0.000939 0.500778 0.103819
-0.000935 -0.000349 0.103819 0.045688
18.689937 1.254525 22.248921 1.969017
0.499907 0.103505 -0.004539 -0.000595
0.103505 0.045576 -0.000600 -0.000260
-0.004539 -0.000600 0.497976 0.103333
-0.000595 -0.000260 0.103333 0.045588
19.263535 1.243550 23.497093 2.023764
0.499824 0.103618 -0.007173 -0.001201
0.103618 0.045615 -0.001204 -0.000372
-0.007173 -0.001204 0.498167 0.103493
-0.001201 -0.000372 0.103493 0.045626
19.290694 1.119789 23.900073 1.896794
0.492323 0.102158 -0.015617 -0.002949
0.102158 0.045319 -0.002947 -0.000711
-0.015617 -0.002947 0.490064 0.101889
-0.002949 -0.000711 0.101889 0.045288
19.767570 1.102547 24.873792 1.901989
0.488629 0.101612 -0.015920 -0.002833
0.101612 0.045233 -0.002831 -0.000637
-0.015920 -0.002831 0.486872 0.101442
-0.002833 -0.000637 0.101442 0.045216
20.481980 1.136794 26.001879 1.939193
0.483395 0.100769 -0.010455 -0.001542
0.100769 0.045083 -0.001542 -0.000334
-0.010455 -0.001542 0.482705 0.100805
-0.001542 -0.000334 0.100805 0.045102
21.838022 1.301587 27.056883 1.958160
0.474391 0.099180 -0.002250 0.000182
0.099180 0.044780 0.000182 0.000027
-0.002250 0.000182 0.475205 0.099495
0.000182 0.000027 0.099495 0.044847
22.736914 1.353747 28.117861 1.975630
0.468381 0.098304 -0.002239 0.000032
0.098304 0.044634 0.000034 -0.000034
-0.002239 0.000034 0.470418 0.098819
0.000032 -0.000034 0.098819 0.044731
23.695704 1.413040 28.957262 1.944581
0.469241 0.098895 -0.001984 -0.000027
0.098895 0.044791 -0.000025 -0.000062
-0.001984 -0.000025 0.471883 0.099468
-0.000027 -0.000062 0.099468 0.044890
24.188586 1.368254 30.509716 2.067012
0.468957 0.099123 0.000130 0.000327
0.099123 0.044842 0.000330 0.000005
0.000130 0.000330 0.474338 0.100210
0.000327 0.000005 0.100210 0.045041
24.438373 1.276411 31.940140 2.150782
0.471327 0.099837 -0.000902 -0.000002
0.099837 0.044979 0.000002 -0.000074
-0.000902 0.000002 0.479468 0.101402
-0.000002 -0.000074 0.101402 0.045266
25.313683 1.326654 32.903399 2.127139
0.467918 0.099213 0.000227 0.000173
0.099213 0.044813 0.000177 -0.000036
0.000227 0.000177 0.477299 0.100908
0.000173 -0.000036 0.100908 0.045112
25.703762 1.268615 33.748866 2.080994
0.465100 0.098741 0.001236 0.000319
0.098741 0.044691 0.000323 -0.000004
0.001236 0.000323 0.475940 0.100621
0.000319 -0.000004 0.100621 0.045019
26.501637 1.303389 34.814349 2.086274
0.463145 0.098465 -0.003043 -0.000653
0.098465 0.044616 -0.000655 -0.000210
-0.003043 -0.000655 0.475982 0.100646
-0.000653 -0.000210 0.100646 0.045000
26.189039 1.098082 35.531501 2.017286
0.465756 0.099154 -0.002347 -0.000468
0.099154 0.044747 -0.000468 -0.000150
-0.002347 -0.000468 0.480375 0.101576
-0.000468 -0.000150 0.101576 0.045175
26.663054 1.082026 35.819651 1.865070
0.467022 0.099460 0.000643 0.000184
0.099460 0.044781 0.000189 0.000003
0.000643 0.000189 0.480629 0.101535
0.000184 0.000003 0.101535 0.045131
27.474339 1.139567 36.263116 1.761844
0.466531 0.099344 -0.003846 -0.000804
0.099344 0.044723 -0.000808 -0.000209
-0.003846 -0.000808 0.480030 0.101323
-0.000804 -0.000209 0.101323 0.045059
28.199476 1.172634 37.071920 1.746653
0.466458 0.099319 -0.001045 -0.000152
0.099319 0.044690 -0.000150 -0.000051
-0.001045 -0.000150 0.481788 0.101635
-0.000152 -0.000051 0.101635 0.045108
29.352266 1.293278 38.302223 1.821973
0.459844 0.097894 -0.007435 -0.001506
0.097894 0.044363 -0.001517 -0.000337
-0.007435 -0.001517 0.479195 0.101004
-0.001506 -0.000337 0.101004 0.044958
30.428635 1.384845 39.148315 1.808469
0.457188 0.097440 -0.012967 -0.002549
0.097440 0.044272 -0.002571 -0.000533
-0.012967 -0.002571 0.478167 0.100771
-0.002549 -0.000533 0.100771 0.044907
31.515391 1.469554 40.680208 1.941110
0.453334 0.096751 -0.017935 -0.003392
0.096751 0.044133 -0.003418 -0.000676
-0.017935 -0.003418 0.479616 0.101083
-0.003392 -0.000676 0.101083 0.044976
31.679342 1.347794 41.879052 1.988410
0.452566 0.096766 -0.018466 -0.003245
0.096766 0.044150 -0.003260 -0.000605
-0.018466 -0.003260 0.484023 0.101991
-0.003245 -0.000605 0.101991 0.045165
32.312952 1.338339 42.433841 1.895804
0.454561 0.097339 -0.019914 -0.003336
0.097339 0.044276 -0.003354 -0.000604
-0.019914 -0.003354 0.485723 0.102243
-0.003336 -0.000604 0.102243 0.045200
32.819284 1.304488 43.847489 1.993405
0.455093 0.097504 -0.026379 -0.004510
0.097504 0.044296 -0.004537 -0.000842
-0.026379 -0.004537 0.492121 0.103460
-0.004510 -0.000842 0.103460 0.045437
33.463921 1.301959 44.526523 1.926687
0.458899 0.098357 -0.025371 -0.004024
0.098357 0.044463 -0.004042 -0.000714
-0.025371 -0.004042 0.495732 0.104009
-0.004024 -0.000714 0.104009 0.045522
34.419013 1.365921 45.102539 1.846515
0.461588 0.098856 -0.029919 -0.004794
0.098856 0.044535 -0.004833 -0.000879
-0.029919 -0.004833 0.497523 0.104133
-0.004794 -0.000879 0.104133 0.045517
34.836302 1.308710 45.938514 1.827301
0.460454 0.098500 -0.030990 -0.004809
0.098500 0.044423 -0.004834 -0.000874
-0.030990 -0.004834 0.499612 0.104353
-0.004809 -0.000874 0.104353 0.045544
35.072281 1.220030 47.071537 1.871419
0.454308 0.097122 -0.029805 -0.004410
0.097122 0.044110 -0.004397 -0.000790
-0.029805 -0.004397 0.500267 0.104293
-0.004410 -0.000790 0.104293 0.045522
35.777690 1.240537 48.024756 1.875469
0.450827 0.096433 -0.032657 -0.004911
0.096433 0.043970 -0.004901 -0.000914
-0.032657 -0.004901 0.500574 0.104182
-0.004911 -0.000914 0.104182 0.045494
