1.385587 1.516341 2.554086 0.129609
1.674797 0.669933 0.155925 0.062372
0.669933 80.272046 0.062372 0.024949
0.155925 0.062372 3.427565 1.371056
0.062372 0.024949 1.371056 80.552501
6.841248 10.094763 0.740345 -3.070967
2.103293 3.847749 -1.347040 -2.278078
3.847749 13.015083 -2.491347 -3.766255
-1.347040 -2.491347 2.884786 4.836386
-2.278078 -3.766255 4.836386 19.103092
7.149283 4.717159 1.089420 -1.560908
0.894132 1.121482 0.870154 1.201303
1.121482 2.700212 1.118943 1.384468
0.870154 1.118943 1.162423 1.551767
1.201303 1.384468 1.551767 4.419289
10.265104 5.085058 2.492704 0.812365
1.047070 1.054846 0.496383 0.216530
1.054846 1.456862 0.306548 0.080044
0.496383 0.306548 1.129396 1.188758
0.216530 0.080044 1.188758 1.916531
8.544832 1.899181 2.755629 1.341933
0.277093 0.178442 0.347428 0.239445
0.178442 0.274180 0.143256 0.158607
0.347428 0.143256 1.385463 1.069583
0.239445 0.158607 1.069583 1.050401
9.685257 1.949890 4.696023 2.091465
0.382390 0.243620 0.213916 0.108068
0.243620 0.239714 0.064403 0.067795
0.213916 0.064403 1.298931 0.765981
0.108068 0.067795 0.765981 0.569771
9.954871 1.599313 4.704365 1.605038
0.490809 0.265816 0.079909 0.031237
0.265816 0.193990 -0.001333 0.021523
0.079909 -0.001333 1.322785 0.631947
0.031237 0.021523 0.631947 0.375258
10.396971 1.450142 4.757071 1.303922
0.561156 0.255074 -0.013095 -0.003954
0.255074 0.150165 -0.028598 0.006042
-0.013095 -0.028598 1.285830 0.514936
-0.003954 0.006042 0.514936 0.257645
10.937922 1.368570 6.695084 1.746879
0.575683 0.223717 -0.064892 -0.016580
0.223717 0.113478 -0.033980 0.002039
-0.064892 -0.033980 1.113730 0.384568
-0.016580 0.002039 0.384568 0.172402
11.140254 1.204025 7.999860 1.872330
0.610812 0.207829 -0.104494 -0.023254
0.207829 0.093368 -0.037141 -0.000312
-0.104494 -0.037141 1.005312 0.307106
-0.023254 -0.000312 0.307106 0.126665
12.005784 1.283454 8.682744 1.806289
0.627797 0.190520 -0.132168 -0.026271
0.190520 0.078530 -0.037591 -0.001484
-0.132168 -0.037591 0.948024 0.261462
-0.026271 -0.001484 0.261462 0.100960
12.198252 1.159273 9.609540 1.804259
0.647184 0.178240 -0.145858 -0.025689
0.178240 0.068939 -0.035212 -0.001635
-0.145858 -0.035212 0.885965 0.224150
-0.025689 -0.001635 0.224150 0.083193
12.759722 1.163672 11.633408 2.071919
0.633197 0.160808 -0.118808 -0.016583
0.160808 0.060456 -0.024146 0.000214
-0.118808 -0.024146 0.770141 0.181783
-0.016583 0.000214 0.181783 0.068019
13.342782 1.166663 12.952702 2.136138
0.623489 0.147988 -0.118338 -0.015225
0.147988 0.054886 -0.021520 -0.000039
-0.118338 -0.021520 0.712022 0.159126
-0.015225 -0.000039 0.159126 0.059920
13.492774 1.062773 13.493350 2.013406
0.593955 0.133480 -0.112483 -0.013509
0.133480 0.050121 -0.018576 -0.000191
-0.112483 -0.018576 0.649235 0.139159
-0.013509 -0.000191 0.139159 0.053819
14.423404 1.147066 14.269799 1.972035
0.568240 0.122867 -0.079054 -0.006291
0.122867 0.047178 -0.010039 0.000957
-0.079054 -0.010039 0.617137 0.129073
-0.006291 0.000957 0.129073 0.050864
14.936849 1.126688 14.596083 1.834358
0.545704 0.114496 -0.076857 -0.006450
0.114496 0.045158 -0.009407 0.000412
-0.076857 -0.009407 0.588499 0.120548
-0.006450 0.000412 0.120548 0.048562
14.620948 0.960992 16.946572 2.112805
0.534850 0.110339 -0.047583 -0.000919
0.110339 0.044417 -0.003843 0.001047
-0.047583 -0.003843 0.520084 0.105505
-0.000919 0.001047 0.105505 0.045357
15.414246 1.025047 18.009501 2.118785
0.529065 0.107674 -0.050965 -0.002549
0.107674 0.044057 -0.004906 0.000334
-0.050965 -0.004906 0.513668 0.104155
-0.002549 0.000334 0.104155 0.045162
16.540124 1.146017 18.724479 2.056672
0.512917 0.103687 -0.037252 -0.000666
0.103687 0.043548 -0.002454 0.000432
-0.037252 -0.002454 0.506812 0.103128
-0.000666 0.000432 0.103128 0.045103
16.908693 1.100822 19.327664 1.967110
0.506495 0.102061 -0.047807 -0.003762
0.102061 0.043533 -0.005221 -0.000473
-0.047807 -0.005221 0.494787 0.100827
-0.003762 -0.000473 0.100827 0.044714
18.030001 1.220547 20.795928 2.073155
0.494049 0.099730 -0.037265 -0.002258
0.099730 0.043418 -0.003424 -0.000332
-0.037265 -0.003424 0.485360 0.099514
-0.002258 -0.000332 0.099514 0.044603
19.449589 1.380360 21.219443 1.954142
0.471818 0.095808 -0.013740 0.001753
0.095808 0.042987 0.000825 0.000320
-0.013740 0.000825 0.471269 0.097414
0.001753 0.000320 0.097414 0.044334
19.789190 1.307642 22.054014 1.921721
0.481926 0.098704 -0.011503 0.001342
0.098704 0.043916 0.000551 0.000076
-0.011503 0.000551 0.479352 0.099821
0.001342 0.000076 0.099821 0.044950
19.979455 1.215731 23.782192 2.079449
0.470033 0.096820 -0.002106 0.002405
0.096820 0.043753 0.001744 0.000165
-0.002106 0.001744 0.466109 0.097505
0.002405 0.000165 0.097505 0.044508
20.549591 1.207346 24.645985 2.042272
0.463746 0.096168 -0.010554 -0.000227
0.096168 0.043812 -0.000728 -0.000474
-0.010554 -0.000728 0.460922 0.096929
-0.000227 -0.000474 0.096929 0.044430
21.327261 1.244633 26.057534 2.125427
0.444970 0.092913 -0.020386 -0.002836
0.092913 0.043289 -0.003177 -0.001030
-0.020386 -0.003177 0.451521 0.095436
-0.002836 -0.001030 0.095436 0.044143
21.529814 1.156208 27.181995 2.137282
0.449186 0.094745 -0.013457 -0.001488
0.094745 0.043849 -0.001769 -0.000685
-0.013457 -0.001769 0.460601 0.097975
-0.001488 -0.000685 0.097975 0.044727
22.352866 1.207748 28.004176 2.085336
0.463018 0.098334 -0.006309 -0.000159
0.098334 0.044693 -0.000398 -0.000370
-0.006309 -0.000398 0.475201 0.101352
-0.000159 -0.000370 0.101352 0.045414
23.160724 1.250510 28.588980 1.988188
0.460542 0.098017 -0.000978 0.000659
0.098017 0.044605 0.000468 -0.000191
-0.000978 0.000468 0.474200 0.101010
0.000659 -0.000191 0.101010 0.045240
24.163017 1.330958 29.647380 2.002308
0.445577 0.095008 -0.004232 -0.000383
0.095008 0.043940 -0.000523 -0.000412
-0.004232 -0.000523 0.473327 0.100703
-0.000383 -0.000412 0.100703 0.045095
24.396438 1.238500 30.815834 2.037535
0.433395 0.092825 -0.008519 -0.001474
0.092825 0.043499 -0.001582 -0.000613
-0.008519 -0.001582 0.480051 0.102036
-0.001474 -0.000613 0.102036 0.045319
25.073849 1.250909 31.597123 1.987207
0.442821 0.095419 -0.009873 -0.001779
0.095419 0.044102 -0.001872 -0.000624
-0.009873 -0.001872 0.490405 0.104008
-0.001779 -0.000624 0.104008 0.045666
25.478554 1.203258 32.638542 1.997144
0.443761 0.095845 -0.006205 -0.000977
0.095845 0.044161 -0.001028 -0.000397
-0.006205 -0.001028 0.503319 0.106347
-0.000977 -0.000397 0.106347 0.046072
25.937550 1.172455 33.715410 2.013506
0.425649 0.092046 -0.018880 -0.003690
0.092046 0.043292 -0.003793 -0.000954
-0.018880 -0.003793 0.509081 0.106978
-0.003690 -0.000954 0.106978 0.046099
26.326080 1.129076 34.354971 1.936504
0.412804 0.089709 -0.014747 -0.002605
0.089709 0.042810 -0.002643 -0.000643
-0.014747 -0.002643 0.505397 0.105653
-0.002605 -0.000643 0.105653 0.045743
26.880221 1.126498 35.106018 1.891228
0.417391 0.091305 -0.018078 -0.003177
0.091305 0.043201 -0.003239 -0.000730
-0.018078 -0.003239 0.512422 0.106752
-0.003177 -0.000730 0.106752 0.045946
27.324168 1.100958 36.428935 1.969347
0.426124 0.093557 -0.020708 -0.003549
0.093557 0.043677 -0.003606 -0.000767
-0.020708 -0.003606 0.535086 0.111048
-0.003549 -0.000767 0.111048 0.046809
28.079145 1.145801 37.367141 1.960193
0.412283 0.090537 -0.031651 -0.005661
0.090537 0.042936 -0.005809 -0.001197
-0.031651 -0.005809 0.542996 0.111918
-0.005661 -0.001197 0.111918 0.046900
28.967361 1.215911 38.544397 2.001503
0.406270 0.089495 -0.039463 -0.006931
0.089495 0.042693 -0.007111 -0.001409
-0.039463 -0.007111 0.558049 0.114270
-0.006931 -0.001409 0.114270 0.047317
29.580453 1.218182 39.848462 2.063267
0.405093 0.089572 -0.041443 -0.006919
0.089572 0.042708 -0.007040 -0.001335
-0.041443 -0.007040 0.572336 0.116353
-0.006919 -0.001335 0.116353 0.047674
30.100487 1.197177 40.607867 2.007858
0.401459 0.089029 -0.041693 -0.006627
0.089029 0.042568 -0.006731 -0.001242
-0.041693 -0.006731 0.568274 0.114646
-0.006627 -0.001242 0.114646 0.047264
30.885442 1.237526 41.374139 1.961016
0.396486 0.088213 -0.034576 -0.004943
0.088213 0.042376 -0.004882 -0.000863
-0.034576 -0.004882 0.561142 0.112654
-0.004943 -0.000863 0.112654 0.046872
32.001839 1.349744 42.533563 1.999490
0.397231 0.088718 -0.022400 -0.002419
0.088718 0.042487 -0.002098 -0.000333
-0.022400 -0.002098 0.560041 0.112186
-0.002419 -0.000333 0.112186 0.046843
34.028309 1.648249 42.642562 1.827641
0.318915 0.071672 0.048363 0.011199
0.071672 0.038704 0.013229 0.002580
0.048363 0.013229 0.499987 0.100304
0.011199 0.002580 0.100304 0.044593
34.531527 1.574131 43.197883 1.755005
0.346350 0.079748 0.032879 0.006739
0.079748 0.040816 0.007911 0.001239
0.032879 0.007911 0.491805 0.099546
0.006739 0.001239 0.099546 0.044672
35.086195 1.520358 43.924021 1.724562
0.378337 0.087876 0.017355 0.002749
0.087876 0.042680 0.003317 0.000202
0.017355 0.003317 0.488410 0.099776
0.002749 0.000202 0.099776 0.044909
35.776927 1.503805 45.002894 1.769369
0.411374 0.095234 0.005972 0.000058
0.095234 0.044160 0.000317 -0.000393
0.005972 0.000317 0.486849 0.100253
0.000058 -0.000393 0.100253 0.045133
36.048237 1.392974 46.279804 1.851940
0.442259 0.101261 -0.016395 -0.004588
0.101261 0.045210 -0.004796 -0.001365
-0.016395 -0.004796 0.493213 0.102249
-0.004588 -0.001365 0.102249 0.045623
36.289982 1.290149 47.554712 1.925165
0.471527 0.106273 -0.037005 -0.008386
0.106273 0.045969 -0.008865 -0.002042
-0.037005 -0.008865 0.492457 0.102456
-0.008386 -0.002042 0.102456 0.045667
