2.100639 1.802368 2.449656 0.087836
1.044440 0.417785 0.702253 0.280907
0.417785 80.171184 0.280907 0.112365
0.702253 0.280907 2.959059 1.183649
0.280907 0.112365 1.183649 80.477537
5.166041 6.044060 0.039156 -4.249345
2.932832 5.610273 -1.196787 -2.236375
5.610273 14.529895 -2.475022 -2.437480
-1.196787 -2.475022 3.356419 5.816985
-2.236375 -2.437480 5.816985 19.761350
7.818288 5.860932 1.770720 0.122152
2.519480 2.705441 -0.125407 0.126711
2.705441 3.787256 -0.064361 0.623553
-0.125407 -0.064361 1.267321 1.436241
0.126711 0.623553 1.436241 3.835363
8.292788 3.992365 1.115568 -0.685204
1.724240 1.291099 0.125618 0.221672
1.291099 1.323851 0.179310 0.356389
0.125618 0.179310 1.558817 1.434041
0.221672 0.356389 1.434041 2.069171
10.067378 3.945779 3.235220 1.030372
1.354500 0.789641 0.128890 0.134440
0.789641 0.645566 0.116457 0.149677
0.128890 0.116457 1.254492 0.881967
0.134440 0.149677 0.881967 0.954454
9.767600 2.856480 3.848135 1.043882
0.648929 0.314296 0.123461 0.082484
0.314296 0.264451 0.087854 0.075816
0.123461 0.087854 1.325689 0.758491
0.082484 0.075816 0.758491 0.613733
9.866691 2.284852 4.593086 1.134144
0.476546 0.206870 0.076897 0.042203
0.206870 0.164410 0.048929 0.036437
0.076897 0.048929 1.281579 0.610146
0.042203 0.036437 0.610146 0.400814
10.684282 2.157132 5.424109 1.238439
0.551900 0.220486 0.026478 0.016020
0.220486 0.141183 0.019323 0.016316
0.026478 0.019323 1.192226 0.485289
0.016020 0.016316 0.485289 0.272555
10.610442 1.745605 6.904422 1.535419
0.409094 0.147447 -0.069710 -0.021312
0.147447 0.093554 -0.019123 -0.001549
-0.069710 -0.019123 1.054432 0.375257
-0.021312 -0.001549 0.375257 0.188918
11.375705 1.716172 8.632992 1.841166
0.476079 0.160191 -0.096890 -0.025403
0.160191 0.086588 -0.025767 -0.003836
-0.096890 -0.025767 0.970195 0.308854
-0.025403 -0.003836 0.308854 0.142083
12.387005 1.765572 9.736336 1.896367
0.511893 0.159044 -0.113987 -0.026486
0.159044 0.077304 -0.028213 -0.004587
-0.113987 -0.028213 0.894765 0.258953
-0.026486 -0.004587 0.258953 0.111527
13.092626 1.709155 10.131832 1.745258
0.535040 0.153856 -0.138656 -0.029901
0.153856 0.069213 -0.032433 -0.005728
-0.138656 -0.032433 0.849797 0.226660
-0.029901 -0.005728 0.226660 0.092490
14.044011 1.729093 10.381114 1.589896
0.516859 0.138664 -0.135433 -0.026523
0.138664 0.060448 -0.028783 -0.004835
-0.135433 -0.028783 0.783789 0.195150
-0.026523 -0.004835 0.195150 0.077711
14.679366 1.678274 11.900598 1.758888
0.540351 0.137200 -0.113974 -0.018943
0.137200 0.057118 -0.021248 -0.002964
-0.113974 -0.021248 0.729250 0.171860
-0.018943 -0.002964 0.171860 0.067772
14.724433 1.488990 13.143369 1.829803
0.549781 0.132536 -0.116421 -0.018350
0.132536 0.053748 -0.020872 -0.003052
-0.116421 -0.020872 0.679922 0.152988
-0.018350 -0.003052 0.152988 0.060514
15.149714 1.414730 14.067881 1.827242
0.545928 0.125778 -0.126036 -0.019711
0.125778 0.050623 -0.022216 -0.003523
-0.126036 -0.022216 0.640224 0.138881
-0.019711 -0.003523 0.138881 0.055490
15.895280 1.429196 15.482656 1.935249
0.538156 0.119744 -0.114218 -0.016446
0.119744 0.048352 -0.018679 -0.002874
-0.114218 -0.018679 0.599200 0.126748
-0.016446 -0.002874 0.126748 0.051748
16.121588 1.324037 16.594628 1.958360
0.538739 0.116672 -0.105435 -0.014152
0.116672 0.047160 -0.016199 -0.002475
-0.105435 -0.016199 0.572346 0.119081
-0.014152 -0.002475 0.119081 0.049469
16.674164 1.304453 17.892130 2.023123
0.549022 0.116519 -0.087024 -0.010013
0.116519 0.046878 -0.011784 -0.001667
-0.087024 -0.011784 0.566014 0.116752
-0.010013 -0.001667 0.116752 0.048644
16.943888 1.225556 19.028787 2.043627
0.543209 0.113374 -0.062823 -0.005387
0.113374 0.046098 -0.006920 -0.000879
-0.062823 -0.006920 0.542860 0.111308
-0.005387 -0.000879 0.111308 0.047311
17.234281 1.150502 19.255098 1.875934
0.522421 0.107424 -0.069483 -0.007723
0.107424 0.044818 -0.009033 -0.001603
-0.069483 -0.009033 0.511949 0.104436
-0.007723 -0.001603 0.104436 0.045750
17.653242 1.116530 20.007767 1.835888
0.514447 0.105157 -0.059729 -0.006211
0.105157 0.044514 -0.007307 -0.001390
-0.059729 -0.007307 0.499430 0.102232
-0.006211 -0.001390 0.102232 0.045351
18.201133 1.123366 21.892026 2.035664
0.509200 0.103964 -0.036630 -0.001994
0.103964 0.044501 -0.002966 -0.000619
-0.036630 -0.002966 0.489325 0.100819
-0.001994 -0.000619 0.100819 0.045163
18.448188 1.058644 22.863145 2.023013
0.514875 0.105055 -0.032365 -0.001899
0.105055 0.044922 -0.002727 -0.000715
-0.032365 -0.002727 0.492619 0.102025
-0.001899 -0.000715 0.102025 0.045467
19.239482 1.115496 24.377443 2.129791
0.492215 0.100528 -0.000812 0.003729
0.100528 0.044195 0.003011 0.000331
-0.000812 0.003011 0.477506 0.099431
0.003729 0.000331 0.099431 0.044980
20.071099 1.171198 25.343753 2.110678
0.479267 0.098231 -0.004425 0.001725
0.098231 0.043929 0.001203 -0.000224
-0.004425 0.001203 0.471153 0.098558
0.001725 -0.000224 0.098558 0.044818
20.718608 1.183596 26.273191 2.084443
0.494361 0.101957 0.000136 0.001915
0.101957 0.044911 0.001470 -0.000219
0.000136 0.001470 0.489344 0.102888
0.001915 -0.000219 0.102888 0.045755
21.581003 1.239215 27.126521 2.045366
0.480557 0.099314 -0.007356 -0.000414
0.099314 0.044461 -0.000725 -0.000719
-0.007356 -0.000725 0.483782 0.101699
-0.000414 -0.000719 0.101699 0.045427
22.090817 1.215643 27.377558 1.882821
0.470775 0.097739 -0.016146 -0.002656
0.097739 0.044257 -0.002879 -0.001136
-0.016146 -0.002879 0.472486 0.099396
-0.002656 -0.001136 0.099396 0.044897
22.872114 1.252083 28.535910 1.928843
0.466628 0.097447 -0.011189 -0.001696
0.097447 0.044315 -0.001873 -0.000838
-0.011189 -0.001873 0.481403 0.101559
-0.001696 -0.000838 0.101559 0.045355
23.421741 1.236115 29.598193 1.949406
0.470604 0.098821 -0.003060 -0.000100
0.098821 0.044689 -0.000246 -0.000432
-0.003060 -0.000246 0.495221 0.104502
-0.000100 -0.000432 0.104502 0.045929
24.066649 1.241560 30.036469 1.836530
0.456281 0.096135 -0.003055 -0.000339
0.096135 0.044152 -0.000451 -0.000447
-0.003055 -0.000451 0.485053 0.102080
-0.000339 -0.000447 0.102080 0.045323
25.119219 1.333032 30.900526 1.825269
0.451160 0.095580 -0.017700 -0.003574
0.095580 0.044092 -0.003685 -0.001088
-0.017700 -0.003685 0.489503 0.102976
-0.003574 -0.001088 0.102976 0.045480
26.145450 1.409513 31.591014 1.778858
0.447347 0.095271 -0.018887 -0.003631
0.095271 0.044065 -0.003721 -0.000999
-0.018887 -0.003721 0.490196 0.102997
-0.003631 -0.000999 0.102997 0.045444
26.762558 1.390742 32.468960 1.776343
0.462986 0.099047 -0.038423 -0.007516
0.099047 0.044886 -0.007665 -0.001745
-0.038423 -0.007665 0.510557 0.107131
-0.007516 -0.001745 0.107131 0.046275
27.476690 1.395231 33.567986 1.820463
0.473753 0.101365 -0.037159 -0.006677
0.101365 0.045313 -0.006773 -0.001426
-0.037159 -0.006773 0.529388 0.110577
-0.006677 -0.001426 0.110577 0.046902
28.232291 1.407199 34.338221 1.791570
0.467581 0.099835 -0.026824 -0.004138
0.099835 0.044888 -0.004135 -0.000808
-0.026824 -0.004135 0.529049 0.109777
-0.004138 -0.000808 0.109777 0.046616
28.542955 1.322031 34.841321 1.709179
0.473597 0.101018 -0.029699 -0.004585
0.101018 0.045081 -0.004613 -0.000897
-0.029699 -0.004613 0.531969 0.109777
-0.004585 -0.000897 0.109777 0.046544
29.269730 1.336405 35.799013 1.730608
0.455080 0.096786 -0.052050 -0.009099
0.096786 0.044096 -0.009187 -0.001844
-0.052050 -0.009187 0.542354 0.111324
-0.009099 -0.001844 0.111324 0.046806
30.134112 1.382927 37.664044 1.936116
0.461798 0.098400 -0.060324 -0.010217
0.098400 0.044462 -0.010226 -0.001968
-0.060324 -0.010226 0.578607 0.118139
-0.010217 -0.001968 0.118139 0.048154
30.626255 1.338543 38.319704 1.871625
0.467374 0.099578 -0.068067 -0.011184
0.099578 0.044691 -0.011309 -0.002113
-0.068067 -0.011309 0.578427 0.116955
-0.011184 -0.002113 0.116955 0.047776
31.067984 1.292368 39.628318 1.945238
0.488699 0.104027 -0.070280 -0.010911
0.104027 0.045606 -0.011087 -0.001983
-0.070280 -0.011087 0.592565 0.118946
-0.010911 -0.001983 0.118946 0.048121
31.735415 1.294062 40.216606 1.868492
0.429774 0.091049 -0.058560 -0.008547
0.091049 0.042752 -0.008181 -0.001476
-0.058560 -0.008181 0.582067 0.116036
-0.008547 -0.001476 0.116036 0.047499
32.482344 1.313790 40.929968 1.825252
0.386170 0.082596 -0.039859 -0.004948
0.082596 0.041117 -0.004116 -0.000760
-0.039859 -0.004116 0.570751 0.113422
-0.004948 -0.000760 0.113422 0.047030
33.137140 1.318039 42.467731 1.949588
0.403090 0.087755 -0.040092 -0.004999
0.087755 0.042481 -0.004359 -0.000856
-0.040092 -0.004359 0.584278 0.115928
-0.004999 -0.000856 0.115928 0.047605
33.529916 1.259857 43.508451 1.960808
0.428135 0.094001 -0.044575 -0.005859
0.094001 0.043896 -0.005698 -0.001149
-0.044575 -0.005698 0.573219 0.113359
-0.005859 -0.001149 0.113359 0.047124
35.702866 1.587618 42.741201 1.624808
0.302642 0.067381 0.099990 0.021865
0.067381 0.038137 0.024903 0.004694
0.099990 0.024903 0.410911 0.082127
0.021865 0.004694 0.082127 0.041206
36.539795 1.596541 43.886084 1.693603
0.326313 0.075364 0.091605 0.017607
0.075364 0.040301 0.019886 0.003219
0.091605 0.019886 0.418991 0.086535
0.017607 0.003219 0.086535 0.042615
37.354733 1.597495 45.050379 1.761216
0.360081 0.084780 0.071241 0.011264
0.084780 0.042538 0.012857 0.001506
0.071241 0.012857 0.428309 0.090678
0.011264 0.001506 0.090678 0.043770
37.819839 1.513516 46.331696 1.852534
0.390610 0.092285 0.041682 0.003792
0.092285 0.044077 0.004709 -0.000222
0.041682 0.004709 0.439477 0.094684
0.003792 -0.000222 0.094684 0.044735
