3.030620 2.174369 3.491270 0.504491
2.053736 0.821512 -0.386121 -0.154452
0.821512 80.332679 -0.154452 -0.061782
-0.386121 -0.154452 3.843358 1.537376
-0.154452 -0.061782 1.537376 80.619031
7.485483 8.146782 2.397234 -1.596188
2.855055 5.063550 -1.133445 -1.767953
5.063550 16.116367 -1.918295 -4.039337
-1.133445 -1.918295 3.355636 5.465660
-1.767953 -4.039337 5.465660 20.925450
7.721561 3.835924 0.099905 -3.583714
1.552331 1.734354 0.330821 0.486255
1.734354 3.633001 0.442979 0.240886
0.330821 0.442979 2.189929 2.546703
0.486255 0.240886 2.546703 5.792722
7.311906 1.759710 1.770071 -0.435576
1.245959 1.042278 0.726116 0.597984
1.042278 1.498272 0.600888 0.364215
0.726116 0.600888 0.666779 0.564136
0.597984 0.364215 0.564136 1.478189
7.077368 0.661869 2.687172 1.051638
1.000931 0.666581 0.568004 0.330551
0.666581 0.722494 0.297253 0.153243
0.568004 0.297253 0.724855 0.610139
0.330551 0.153243 0.610139 0.873633
7.775868 0.795157 3.960704 1.568376
0.984870 0.570349 0.315491 0.082065
0.570349 0.479630 0.086078 0.006335
0.315491 0.086078 0.866043 0.616579
0.082065 0.006335 0.616579 0.598844
8.462312 0.886220 5.528498 2.000032
0.703843 0.347814 0.066601 -0.023672
0.347814 0.261133 -0.036529 -0.025875
0.066601 -0.036529 1.022422 0.590782
-0.023672 -0.025875 0.590782 0.422989
8.824163 0.905722 5.027576 1.301082
0.787356 0.341359 -0.072057 -0.069436
0.341359 0.207552 -0.074470 -0.031310
-0.072057 -0.074470 1.197994 0.564085
-0.069436 -0.031310 0.564085 0.317387
10.083512 1.195805 6.395047 1.564090
0.766538 0.290163 -0.122956 -0.064778
0.290163 0.153440 -0.066391 -0.018626
-0.122956 -0.066391 1.124578 0.442729
-0.064778 -0.018626 0.442729 0.211871
10.911436 1.264444 8.411042 1.979777
0.770036 0.259093 -0.183414 -0.068190
0.259093 0.121879 -0.068497 -0.015320
-0.183414 -0.068497 1.042133 0.354076
-0.068190 -0.015320 0.354076 0.150560
11.202970 1.160859 9.142582 1.901877
0.760696 0.230524 -0.222257 -0.066099
0.230524 0.099359 -0.066470 -0.012489
-0.222257 -0.066470 0.990466 0.297325
-0.066099 -0.012489 0.297325 0.115534
11.524417 1.091793 10.573223 2.030608
0.761216 0.210798 -0.214673 -0.053157
0.210798 0.084786 -0.053887 -0.007854
-0.214673 -0.053887 0.913243 0.246994
-0.053157 -0.007854 0.246994 0.090914
12.166674 1.120979 12.002813 2.135471
0.754788 0.193392 -0.194331 -0.040633
0.193392 0.074149 -0.041570 -0.004435
-0.194331 -0.041570 0.852904 0.211685
-0.040633 -0.004435 0.211685 0.075535
12.378816 1.044156 13.684287 2.274650
0.717303 0.172250 -0.144342 -0.024501
0.172250 0.064947 -0.025630 -0.000955
-0.144342 -0.025630 0.748195 0.173302
-0.024501 -0.000955 0.173302 0.062651
13.009077 1.068158 14.758607 2.262172
0.658807 0.149847 -0.115650 -0.016453
0.149847 0.057163 -0.017550 0.000159
-0.115650 -0.017550 0.657171 0.144350
-0.016453 0.000159 0.144350 0.054104
13.170065 0.984866 15.820083 2.241823
0.635615 0.138765 -0.098410 -0.011791
0.138765 0.053205 -0.012955 0.000529
-0.098410 -0.012955 0.605798 0.128263
-0.011791 0.000529 0.128263 0.049667
13.809079 1.009618 16.494147 2.150662
0.606300 0.128327 -0.075213 -0.006798
0.128327 0.050105 -0.007647 0.001019
-0.075213 -0.007647 0.574604 0.118888
-0.006798 0.001019 0.118888 0.047332
14.788480 1.117243 18.185603 2.283947
0.581238 0.120244 -0.062527 -0.004608
0.120244 0.047964 -0.005320 0.000906
-0.062527 -0.005320 0.544791 0.111021
-0.004608 0.000906 0.111021 0.045622
15.958941 1.248020 19.725961 2.373269
0.560693 0.114411 -0.041363 -0.000928
0.114411 0.046641 -0.001389 0.001199
-0.041363 -0.001389 0.530495 0.107496
-0.000928 0.001199 0.107496 0.045046
16.190096 1.173229 21.326142 2.452443
0.542981 0.109847 -0.030892 0.000241
0.109847 0.045733 -0.000303 0.000948
-0.030892 -0.000303 0.498302 0.100703
0.000241 0.000948 0.100703 0.043853
16.610356 1.132259 21.847005 2.307175
0.532135 0.107080 -0.040817 -0.002734
0.107080 0.045267 -0.003212 -0.000022
-0.040817 -0.003212 0.482375 0.097726
-0.002734 -0.000022 0.097726 0.043495
16.938379 1.075101 22.042271 2.108592
0.524670 0.105615 -0.029286 -0.000980
0.105615 0.045168 -0.001433 0.000103
-0.029286 -0.001433 0.471507 0.096305
-0.000980 0.000103 0.096305 0.043510
17.406794 1.059149 22.855774 2.058300
0.519429 0.104790 -0.017977 0.000626
0.104790 0.045199 0.000241 0.000232
-0.017977 0.000241 0.469851 0.096857
0.000626 0.000232 0.096857 0.043888
18.233195 1.116816 23.524243 1.985366
0.510155 0.103219 -0.010661 0.001295
0.103219 0.045057 0.001007 0.000192
-0.010661 0.001007 0.469503 0.097524
0.001295 0.000192 0.097524 0.044209
19.517232 1.268144 25.250952 2.142718
0.477724 0.097020 -0.015395 -0.000644
0.097020 0.043954 -0.000734 -0.000354
-0.015395 -0.000734 0.457972 0.095652
-0.000644 -0.000354 0.095652 0.043924
19.908004 1.217365 26.125696 2.100259
0.465036 0.095453 -0.000638 0.001916
0.095453 0.043876 0.001792 0.000106
-0.000638 0.001792 0.451079 0.094948
0.001916 0.000106 0.094948 0.043902
20.485461 1.210877 27.172099 2.099376
0.470761 0.097656 -0.002072 0.000965
0.097656 0.044520 0.000892 -0.000159
-0.002072 0.000892 0.464308 0.098404
0.000965 -0.000159 0.098404 0.044714
20.879473 1.166932 28.344665 2.125068
0.462824 0.096686 -0.004542 -0.000058
0.096686 0.044404 -0.000082 -0.000397
-0.004542 -0.000082 0.469414 0.099720
-0.000058 -0.000397 0.099720 0.044976
21.431927 1.160053 29.118377 2.063630
0.471929 0.099292 -0.001676 0.000260
0.099292 0.045018 0.000236 -0.000314
-0.001676 0.000236 0.481375 0.102328
0.000260 -0.000314 0.102328 0.045485
22.232873 1.206562 29.956731 2.022751
0.474082 0.100085 0.005206 0.001448
0.100085 0.045171 0.001427 -0.000045
0.005206 0.001427 0.491116 0.104184
0.001448 -0.000045 0.104184 0.045790
23.066280 1.255236 30.870793 2.002192
0.473885 0.100233 -0.014010 -0.002942
0.100233 0.045161 -0.002962 -0.000969
-0.014010 -0.002962 0.501433 0.105981
-0.002942 -0.000969 0.105981 0.046067
24.131413 1.347743 31.395282 1.902089
0.477253 0.101070 -0.014234 -0.002837
0.101070 0.045292 -0.002854 -0.000852
-0.014234 -0.002854 0.504162 0.106038
-0.002837 -0.000852 0.106038 0.045971
24.621429 1.308770 32.293654 1.890946
0.463855 0.098236 -0.014973 -0.002854
0.098236 0.044630 -0.002858 -0.000780
-0.014973 -0.002858 0.509037 0.106595
-0.002854 -0.000780 0.106595 0.046013
25.287939 1.311190 33.071337 1.855967
0.463657 0.098436 -0.023590 -0.004503
0.098436 0.044667 -0.004532 -0.001068
-0.023590 -0.004532 0.517043 0.107801
-0.004503 -0.001068 0.107801 0.046205
26.379404 1.404375 34.290083 1.916974
0.444747 0.094588 -0.028119 -0.005176
0.094588 0.043830 -0.005181 -0.001133
-0.028119 -0.005181 0.525994 0.109149
-0.005176 -0.001133 0.109149 0.046429
27.064079 1.400214 35.062185 1.878434
0.441139 0.094295 -0.039968 -0.007300
0.094295 0.043808 -0.007370 -0.001519
-0.039968 -0.007370 0.531905 0.109790
-0.007300 -0.001519 0.109790 0.046504
27.846302 1.416822 35.677489 1.812082
0.433115 0.093027 -0.038579 -0.006550
0.093027 0.043560 -0.006576 -0.001278
-0.038579 -0.006576 0.529384 0.108747
-0.006550 -0.001278 0.108747 0.046256
28.848181 1.478406 36.114823 1.717138
0.452470 0.097712 -0.037128 -0.005817
0.097712 0.044598 -0.005899 -0.001081
-0.037128 -0.005899 0.529094 0.108344
-0.005817 -0.001081 0.108344 0.046180
29.675925 1.498242 37.127790 1.749123
0.416958 0.089943 -0.046114 -0.007585
0.089943 0.042822 -0.007565 -0.001450
-0.046114 -0.007565 0.536337 0.109537
-0.007585 -0.001450 0.109537 0.046438
30.561525 1.526062 37.639958 1.675869
0.427325 0.092918 -0.039111 -0.005737
0.092918 0.043545 -0.005701 -0.001025
-0.039111 -0.005701 0.532109 0.108408
-0.005737 -0.001025 0.108408 0.046227
31.360621 1.534193 38.522305 1.685123
0.439789 0.095883 -0.045060 -0.006752
0.095883 0.044158 -0.006807 -0.001257
-0.045060 -0.006807 0.545137 0.110886
-0.006752 -0.001257 0.110886 0.046762
31.807614 1.465369 39.550909 1.721058
0.454393 0.098974 -0.048735 -0.007232
0.098974 0.044737 -0.007338 -0.001356
-0.048735 -0.007338 0.558518 0.113254
-0.007232 -0.001356 0.113254 0.047237
32.120667 1.371394 39.983427 1.631810
0.413689 0.089725 -0.048043 -0.007163
0.089725 0.042591 -0.007007 -0.001356
-0.048043 -0.007007 0.555026 0.112065
-0.007163 -0.001356 0.112065 0.046967
32.728519 1.355388 40.957296 1.663200
0.429915 0.093798 -0.049163 -0.007120
0.093798 0.043551 -0.007068 -0.001352
-0.049163 -0.007068 0.562980 0.113361
-0.007120 -0.001352 0.113361 0.047239
33.167932 1.307120 42.370567 1.778690
0.454057 0.099092 -0.055957 -0.008212
0.099092 0.044663 -0.008338 -0.001591
-0.055957 -0.008338 0.579968 0.116373
-0.008212 -0.001591 0.116373 0.047836
33.776768 1.299413 43.552107 1.836919
0.467553 0.101573 -0.052210 -0.007197
0.101573 0.045075 -0.007361 -0.001383
-0.052210 -0.007361 0.575039 0.114845
-0.007197 -0.001383 0.114845 0.047500
34.753721 1.367321 44.046963 1.754592
0.443839 0.096039 -0.010993 0.000910
0.096039 0.043790 0.001236 0.000268
-0.010993 0.001236 0.517709 0.103339
0.000910 0.000268 0.103339 0.045269
35.691194 1.421618 44.814982 1.734005
0.450530 0.097483 0.005380 0.003555
0.097483 0.044109 0.003839 0.000645
0.005380 0.003839 0.483554 0.097291
0.003555 0.000645 0.097291 0.044262
36.463719 1.433228 45.214487 1.639009
0.456653 0.098630 0.017892 0.005273
0.098630 0.044332 0.005448 0.000828
0.017892 0.005448 0.433350 0.088324
0.005273 0.000828 0.088324 0.042679
36.594204 1.307160 46.104129 1.652775
0.474531 0.102143 -0.005845 -0.000543
0.102143 0.045037 -0.000587 -0.000542
-0.005845 -0.000587 0.440615 0.091695
-0.000543 -0.000542 0.091695 0.043670
