1.278562 1.473530 1.345613 -0.353790
1.301859 0.520755 0.546038 0.218420
0.520755 80.212373 0.218420 0.087370
0.546038 0.218420 3.240544 1.296245
0.218420 0.087370 1.296245 80.522576
6.217663 9.378306 -0.741243 -3.778886
2.869758 5.416474 -1.681337 -2.974767
5.416474 14.932307 -3.263529 -4.145530
-1.681337 -3.263529 2.838272 4.867898
-2.974767 -4.145530 4.867898 18.813699
7.679036 5.994328 -0.273835 -1.448571
1.673590 1.917594 0.474310 0.886534
1.917594 3.244645 0.634561 1.256808
0.474310 0.634561 1.082376 1.421877
0.886534 1.256808 1.421877 4.011742
9.460003 5.034899 1.834893 1.320560
1.538028 1.236167 0.388535 0.380046
1.236167 1.394949 0.317894 0.332615
0.388535 0.317894 1.073829 1.049750
0.380046 0.332615 1.049750 1.690801
9.044761 3.209932 2.513415 1.400700
1.038441 0.643034 0.299105 0.201392
0.643034 0.599362 0.172853 0.127756
0.299105 0.172853 1.277370 0.953744
0.201392 0.127756 0.953744 0.994784
9.238112 2.476550 3.270422 1.465395
0.761515 0.392556 0.206416 0.104968
0.392556 0.320077 0.090078 0.053409
0.206416 0.090078 1.313497 0.770671
0.104968 0.053409 0.770671 0.600977
9.870608 2.194641 4.700972 1.812466
0.780803 0.351677 0.084450 0.027220
0.351677 0.234868 0.023526 0.011928
0.084450 0.023526 1.231252 0.592395
0.027220 0.011928 0.592395 0.376264
11.788570 2.509142 6.880826 2.323508
0.799112 0.316188 -0.020468 -0.016982
0.316188 0.179263 -0.016971 -0.005373
-0.020468 -0.016971 1.125964 0.459848
-0.016982 -0.005373 0.459848 0.250392
11.724228 2.048365 7.584110 2.167222
0.805069 0.282614 -0.088826 -0.035654
0.282614 0.140681 -0.035178 -0.010259
-0.088826 -0.035178 1.097545 0.390587
-0.035654 -0.010259 0.390587 0.185906
9.904420 1.151763 8.019558 1.964436
0.518379 0.163509 -0.280595 -0.088945
0.163509 0.085563 -0.088679 -0.025408
-0.280595 -0.088679 0.971612 0.306986
-0.088945 -0.025408 0.306986 0.134794
10.433552 1.135871 8.778866 1.899560
0.559312 0.165149 -0.276141 -0.074285
0.165149 0.078094 -0.074772 -0.018135
-0.276141 -0.074772 0.933354 0.266991
-0.074285 -0.018135 0.266991 0.108669
11.061148 1.149500 9.488624 1.836355
0.591444 0.163561 -0.257702 -0.059675
0.163561 0.071576 -0.060776 -0.012623
-0.257702 -0.060776 0.894574 0.235020
-0.059675 -0.012623 0.235020 0.090643
11.638170 1.159128 10.974550 1.977974
0.585018 0.151866 -0.235882 -0.048169
0.151866 0.063882 -0.050140 -0.009284
-0.235882 -0.050140 0.793055 0.193467
-0.048169 -0.009284 0.193467 0.073992
12.531276 1.232499 11.636747 1.907062
0.576924 0.142165 -0.195621 -0.034670
0.142165 0.058382 -0.036334 -0.005785
-0.195621 -0.036334 0.738796 0.170573
-0.034670 -0.005785 0.170573 0.064915
12.971191 1.201440 13.219742 2.045552
0.583510 0.137652 -0.159856 -0.024213
0.137652 0.055200 -0.026112 -0.003535
-0.159856 -0.026112 0.683390 0.150997
-0.024213 -0.003535 0.150997 0.058160
13.194475 1.119825 14.554879 2.106140
0.579929 0.131370 -0.142963 -0.019695
0.131370 0.052194 -0.021918 -0.002930
-0.142963 -0.021918 0.626189 0.133569
-0.019695 -0.002930 0.133569 0.052882
13.751402 1.116566 15.456915 2.073979
0.573504 0.125908 -0.111814 -0.012842
0.125908 0.050031 -0.014656 -0.001700
-0.111814 -0.014656 0.597734 0.124925
-0.012842 -0.001700 0.124925 0.050317
13.782739 1.009479 16.929943 2.155673
0.559149 0.119639 -0.086990 -0.008263
0.119639 0.048074 -0.010186 -0.001165
-0.086990 -0.010186 0.540513 0.111289
-0.008263 -0.001165 0.111289 0.047054
14.394333 1.026312 17.610002 2.074951
0.555911 0.116676 -0.069323 -0.005396
0.116676 0.047150 -0.006906 -0.000821
-0.069323 -0.006906 0.533972 0.109557
-0.005396 -0.000821 0.109557 0.046615
14.694216 0.982873 18.720057 2.086866
0.554011 0.114451 -0.063281 -0.005121
0.114451 0.046532 -0.006514 -0.001042
-0.063281 -0.006514 0.517360 0.105785
-0.005121 -0.001042 0.105785 0.045783
16.071872 1.173069 20.485447 2.246843
0.533281 0.108747 -0.067945 -0.007221
0.108747 0.045312 -0.008233 -0.001673
-0.067945 -0.008233 0.503916 0.102940
-0.007221 -0.001673 0.102940 0.045204
17.113073 1.264061 21.435224 2.216319
0.495601 0.100756 -0.038843 -0.002220
0.100756 0.043864 -0.003052 -0.000804
-0.038843 -0.003052 0.466842 0.095908
-0.002220 -0.000804 0.095908 0.043897
17.327272 1.180489 22.757441 2.256718
0.491117 0.100256 -0.022206 0.000270
0.100256 0.044047 -0.000508 -0.000427
-0.022206 -0.000508 0.456666 0.094845
0.000270 -0.000427 0.094845 0.043875
18.364701 1.269097 23.429471 2.164424
0.478288 0.098032 -0.015171 0.000597
0.098032 0.043820 -0.000009 -0.000479
-0.015171 -0.000009 0.450249 0.094434
0.000597 -0.000479 0.094434 0.043924
18.677952 1.199739 23.914048 2.035958
0.478339 0.098578 -0.024505 -0.002313
0.098578 0.044141 -0.002763 -0.001147
-0.024505 -0.002763 0.447967 0.094698
-0.002313 -0.001147 0.094698 0.044049
19.466812 1.238319 24.786551 2.005893
0.478775 0.099253 -0.007969 0.000693
0.099253 0.044460 0.000263 -0.000493
-0.007969 0.000263 0.455383 0.097029
0.000693 -0.000493 0.097029 0.044603
20.206412 1.263073 25.675570 1.981953
0.476914 0.099294 -0.002120 0.001225
0.099294 0.044582 0.000868 -0.000393
-0.002120 0.000868 0.461075 0.098593
0.001225 -0.000393 0.098593 0.044904
20.847910 1.265074 26.616281 1.971215
0.480358 0.100398 0.005638 0.002252
0.100398 0.044895 0.001935 -0.000172
0.005638 0.001935 0.472040 0.101059
0.002252 -0.000172 0.101059 0.045360
21.358775 1.239804 28.133980 2.084814
0.459048 0.096160 0.001482 0.000722
0.096160 0.044042 0.000503 -0.000484
0.001482 0.000503 0.471365 0.100731
0.000722 -0.000484 0.100731 0.045175
21.913203 1.226002 29.185270 2.086703
0.451402 0.095144 -0.000087 0.000029
0.095144 0.043923 -0.000145 -0.000573
-0.000087 -0.000145 0.475866 0.101537
0.000029 -0.000573 0.101537 0.045261
22.637914 1.249804 30.060118 2.050792
0.454442 0.096403 -0.004747 -0.001171
0.096403 0.044267 -0.001312 -0.000753
-0.004747 -0.001312 0.485291 0.103312
-0.001171 -0.000753 0.103312 0.045555
23.184793 1.233037 31.323586 2.101316
0.459482 0.097879 -0.007054 -0.001690
0.097879 0.044601 -0.001816 -0.000771
-0.007054 -0.001816 0.504389 0.106976
-0.001690 -0.000771 0.106976 0.046236
24.114514 1.299713 32.752117 2.180838
0.453883 0.096879 -0.017083 -0.003742
0.096879 0.044362 -0.003880 -0.001117
-0.017083 -0.003880 0.521156 0.109816
-0.003742 -0.001117 0.109816 0.046701
24.674562 1.280509 33.929359 2.198966
0.432844 0.092618 -0.007459 -0.001463
0.092618 0.043437 -0.001521 -0.000513
-0.007459 -0.001521 0.524032 0.109538
-0.001463 -0.000513 0.109538 0.046501
25.756795 1.375393 33.947462 1.974588
0.431773 0.092982 -0.008273 -0.001584
0.092982 0.043569 -0.001643 -0.000492
-0.008273 -0.001643 0.505228 0.104892
-0.001584 -0.000492 0.104892 0.045450
26.798558 1.452061 35.017437 1.991882
0.411378 0.089026 -0.021174 -0.004201
0.089026 0.042726 -0.004355 -0.001015
-0.021174 -0.004355 0.510862 0.105853
-0.004201 -0.001015 0.105853 0.045680
27.543215 1.455803 35.741232 1.935630
0.430526 0.093959 -0.026490 -0.004967
0.093959 0.043866 -0.005162 -0.001098
-0.026490 -0.005162 0.520470 0.107592
-0.004967 -0.001098 0.107592 0.046058
28.037002 1.405317 37.077194 2.011066
0.427389 0.093416 -0.031880 -0.005738
0.093416 0.043676 -0.005917 -0.001187
-0.031880 -0.005917 0.540602 0.111382
-0.005738 -0.001187 0.111382 0.046833
28.675052 1.391668 38.268493 2.048973
0.441005 0.096540 -0.035577 -0.006084
0.096540 0.044302 -0.006274 -0.001193
-0.035577 -0.006274 0.556024 0.113896
-0.006084 -0.001193 0.113896 0.047292
28.929016 1.295427 39.411405 2.071576
0.436659 0.095357 -0.043420 -0.007344
0.095357 0.043923 -0.007559 -0.001418
-0.043420 -0.007559 0.567947 0.115526
-0.007344 -0.001418 0.115526 0.047551
29.353723 1.245518 40.171158 2.014781
0.423031 0.092306 -0.039018 -0.006095
0.092306 0.043191 -0.006164 -0.001104
-0.039018 -0.006164 0.561680 0.113473
-0.006095 -0.001104 0.113473 0.047081
30.412641 1.340916 41.144074 2.009910
0.393265 0.086027 -0.028699 -0.003912
0.086027 0.041825 -0.003640 -0.000623
-0.028699 -0.003640 0.562466 0.113184
-0.003912 -0.000623 0.113184 0.047042
31.254835 1.375934 41.528527 1.886134
0.375957 0.083018 -0.017420 -0.001711
0.083018 0.041273 -0.001274 -0.000205
-0.017420 -0.001274 0.543248 0.108997
-0.001711 -0.000205 0.108997 0.046239
31.889548 1.364587 42.600724 1.911851
0.362566 0.080996 -0.009705 -0.000409
0.080996 0.040936 0.000181 0.000007
-0.009705 0.000181 0.545529 0.109560
-0.000409 0.000007 0.109560 0.046462
32.665751 1.384070 43.068240 1.814017
0.365209 0.082616 0.000141 0.001289
0.082616 0.041396 0.001917 0.000285
0.000141 0.001917 0.522783 0.105067
0.001289 0.000285 0.105067 0.045645
33.303492 1.372059 44.118458 1.842801
0.400888 0.091380 -0.009170 -0.000920
0.091380 0.043383 -0.000744 -0.000311
-0.009170 -0.000744 0.523330 0.105626
-0.000920 -0.000311 0.105626 0.045893
34.057132 1.386892 44.799613 1.794255
0.414543 0.094134 -0.000727 0.000648
0.094134 0.043802 0.000913 0.000017
-0.000727 0.000913 0.497475 0.100792
0.000648 0.000017 0.100792 0.045014
34.498898 1.329183 45.060669 1.664057
0.430902 0.097177 -0.002454 0.000034
0.097177 0.044266 0.000144 -0.000166
-0.002454 0.000144 0.467872 0.095536
0.000034 -0.000166 0.095536 0.044089
35.217191 1.341379 46.081467 1.703124
0.438851 0.098068 0.008641 0.002151
0.098068 0.044243 0.002398 0.000298
0.008641 0.002398 0.449316 0.092890
0.002151 0.000298 0.092890 0.043728
36.231340 1.417444 46.978768 1.712707
0.484359 0.107256 -0.003103 -0.000653
0.107256 0.046102 -0.000596 -0.000360
-0.003103 -0.000596 0.444518 0.093154
-0.000653 -0.000360 0.093154 0.043940
