4.016497 2.568728 0.565491 -0.665846
2.442946 0.977200 -0.246551 -0.098623
0.977200 80.394955 -0.098623 -0.039450
-0.246551 -0.098623 2.491901 0.996782
-0.098623 -0.039450 0.996782 80.402788
5.327897 2.612258 0.053979 -0.977232
2.212099 3.868526 -0.233052 -0.359900
3.868526 15.067672 -0.357848 -1.253846
-0.233052 -0.357848 2.354521 4.107940
-0.359900 -1.253846 4.107940 15.610684
5.753876 1.621250 4.198902 4.346102
1.924196 2.228036 -0.196245 -0.215056
2.228036 4.447200 -0.215241 -0.419541
-0.196245 -0.215241 1.957645 2.250048
-0.215056 -0.419541 2.250048 4.506582
8.241537 3.036228 4.611435 2.862757
1.651495 1.396891 -0.166993 -0.137521
1.396891 1.867287 -0.137492 -0.183216
-0.166993 -0.137492 1.716507 1.449392
-0.137521 -0.183216 1.449392 1.931801
8.074362 1.916057 3.556956 1.215054
1.471840 0.976209 -0.155578 -0.101835
0.976209 0.973177 -0.101817 -0.100026
-0.155578 -0.101817 1.545128 1.023177
-0.101835 -0.100026 1.023177 1.014110
7.088992 0.859272 4.729604 1.520722
1.281299 0.696899 -0.133745 -0.071909
0.696899 0.560925 -0.071914 -0.057059
-0.133745 -0.071914 1.320929 0.716796
-0.071909 -0.057059 0.716796 0.577023
9.284549 1.674957 5.452485 1.504270
1.141874 0.527395 -0.102507 -0.046742
0.527395 0.357529 -0.046726 -0.032495
-0.102507 -0.046726 1.190878 0.549261
-0.046742 -0.032495 0.549261 0.371114
10.312832 1.751843 7.087913 1.858934
1.043327 0.419573 -0.098364 -0.039379
0.419573 0.246775 -0.039375 -0.023051
-0.098364 -0.039375 1.076872 0.432354
-0.039379 -0.023051 0.432354 0.254175
10.118549 1.369917 8.038412 1.866259
0.951932 0.339701 -0.102189 -0.036271
0.339701 0.178794 -0.036275 -0.017871
-0.102189 -0.036275 0.973845 0.347081
-0.036271 -0.017871 0.347081 0.183043
10.651791 1.321974 10.501540 2.358527
0.880637 0.283524 -0.068817 -0.021626
0.283524 0.136531 -0.021633 -0.010370
-0.068817 -0.021633 0.885520 0.284921
-0.021626 -0.010370 0.284921 0.138199
11.764348 1.454449 10.578535 2.033841
0.807810 0.237915 -0.058286 -0.016767
0.237915 0.107625 -0.016770 -0.007467
-0.058286 -0.016770 0.818996 0.241386
-0.016767 -0.007467 0.241386 0.109635
12.142728 1.358794 10.734283 1.798245
0.754748 0.206074 -0.047000 -0.012477
0.206074 0.088898 -0.012481 -0.005317
-0.047000 -0.012481 0.766603 0.209549
-0.012477 -0.005317 0.209549 0.090607
12.055967 1.162968 12.416346 1.998585
0.705466 0.180609 -0.031939 -0.007864
0.180609 0.075681 -0.007873 -0.003487
-0.031939 -0.007873 0.707760 0.181406
-0.007864 -0.003487 0.181406 0.076464
12.513061 1.132509 12.436019 1.760405
0.672883 0.163277 -0.027023 -0.006360
0.163277 0.066990 -0.006368 -0.002715
-0.027023 -0.006368 0.677356 0.164653
-0.006360 -0.002715 0.164653 0.067794
12.945591 1.101385 12.883529 1.659770
0.637152 0.147858 -0.021501 -0.004847
0.147858 0.060349 -0.004855 -0.002059
-0.021501 -0.004855 0.641445 0.149134
-0.004847 -0.002059 0.149134 0.061015
13.679614 1.142376 13.295688 1.566081
0.606750 0.135888 -0.019685 -0.004302
0.135888 0.055631 -0.004308 -0.001714
-0.019685 -0.004308 0.612058 0.137323
-0.004302 -0.001714 0.137323 0.056240
13.877845 1.061101 14.079079 1.566073
0.578372 0.126036 -0.016590 -0.003491
0.126036 0.052150 -0.003496 -0.001358
-0.016590 -0.003496 0.581301 0.126855
-0.003491 -0.001358 0.126855 0.052546
14.618486 1.105986 14.865019 1.566753
0.558194 0.119251 -0.012711 -0.002564
0.119251 0.049863 -0.002570 -0.001024
-0.012711 -0.002570 0.560861 0.119972
-0.002564 -0.001024 0.119972 0.050187
15.564760 1.188840 15.643761 1.565889
0.542209 0.114229 -0.011342 -0.002235
0.114229 0.048289 -0.002240 -0.000856
-0.011342 -0.002240 0.545188 0.114976
-0.002235 -0.000856 0.114976 0.048578
16.927700 1.349452 17.049672 1.696265
0.527395 0.110082 -0.010769 -0.002077
0.110082 0.047123 -0.002081 -0.000743
-0.010769 -0.002081 0.530037 0.110711
-0.002077 -0.000743 0.110711 0.047352
17.608991 1.350801 17.859645 1.688341
0.513441 0.106607 -0.010782 -0.002035
0.106607 0.046250 -0.002038 -0.000668
-0.010782 -0.002038 0.515478 0.107071
-0.002035 -0.000668 0.107071 0.046419
18.485774 1.392884 19.394243 1.831559
0.506194 0.104905 -0.008620 -0.001529
0.104905 0.045846 -0.001532 -0.000507
-0.008620 -0.001532 0.507071 0.105104
-0.001529 -0.000507 0.105104 0.045941
19.557016 1.470972 21.085405 1.992454
0.499102 0.103408 -0.014239 -0.002672
0.103408 0.045527 -0.002675 -0.000706
-0.014239 -0.002675 0.499438 0.103493
-0.002672 -0.000706 0.103493 0.045588
20.057986 1.422607 22.419384 2.062335
0.498044 0.103308 -0.011444 -0.001952
0.103308 0.045525 -0.001955 -0.000504
-0.011444 -0.001955 0.497956 0.103309
-0.001952 -0.000504 0.103309 0.045562
20.863475 1.442750 24.045743 2.186067
0.484848 0.100674 -0.014958 -0.002629
0.100674 0.044991 -0.002630 -0.000618
-0.014958 -0.002630 0.484979 0.100730
-0.002629 -0.000618 0.100730 0.045034
21.290381 1.380933 24.779277 2.110757
0.484160 0.100873 -0.013194 -0.002134
0.100873 0.045085 -0.002135 -0.000480
-0.013194 -0.002135 0.484047 0.100878
-0.002134 -0.000480 0.100878 0.045112
21.873483 1.359010 26.192658 2.185434
0.480077 0.100300 -0.009800 -0.001360
0.100300 0.044996 -0.001361 -0.000303
-0.009800 -0.001361 0.480783 0.100480
-0.001360 -0.000303 0.100480 0.045054
21.868128 1.215651 27.394754 2.207383
0.483590 0.101324 -0.009322 -0.001265
0.101324 0.045234 -0.001264 -0.000284
-0.009322 -0.001264 0.485008 0.101638
-0.001265 -0.000284 0.101638 0.045313
22.209708 1.159030 27.958686 2.093756
0.485080 0.101788 -0.005009 -0.000377
0.101788 0.045324 -0.000377 -0.000100
-0.005009 -0.000377 0.486179 0.102007
-0.000377 -0.000100 0.102007 0.045376
22.683667 1.136946 29.075336 2.108279
0.483353 0.101500 -0.001799 0.000195
0.101500 0.045243 0.000197 0.000002
-0.001799 0.000197 0.485766 0.101979
0.000195 0.000002 0.101979 0.045345
22.730535 1.027500 30.320384 2.147907
0.478967 0.100656 -0.000166 0.000393
0.100656 0.045049 0.000396 0.000022
-0.000166 0.000396 0.483497 0.101541
0.000393 0.000022 0.101541 0.045229
23.303626 1.039830 31.133033 2.093031
0.479383 0.100881 0.003110 0.000941
0.100881 0.045094 0.000945 0.000121
0.003110 0.000945 0.484593 0.101836
0.000941 0.000121 0.101836 0.045277
23.939857 1.064383 32.404489 2.140337
0.479408 0.100974 0.007582 0.001709
0.100974 0.045102 0.001715 0.000264
0.007582 0.001715 0.487016 0.102364
0.001709 0.000264 0.102364 0.045367
24.274646 1.022821 33.288253 2.101215
0.474501 0.099998 0.006265 0.001216
0.099998 0.044880 0.001220 0.000138
0.006265 0.001220 0.483889 0.101664
0.001216 0.000138 0.101664 0.045192
25.210486 1.112620 33.873162 2.003137
0.472168 0.099640 0.001028 -0.000022
0.099640 0.044806 -0.000024 -0.000126
0.001028 -0.000024 0.481744 0.101236
-0.000022 -0.000126 0.101236 0.045091
25.672409 1.092618 34.987838 2.026965
0.473099 0.099978 0.001551 0.000091
0.099978 0.044879 0.000089 -0.000078
0.001551 0.000089 0.485347 0.102046
0.000091 -0.000078 0.102046 0.045258
25.863201 1.017215 36.431912 2.117644
0.470650 0.099542 0.003272 0.000456
0.099542 0.044776 0.000454 0.000019
0.003272 0.000454 0.487828 0.102532
0.000456 0.000019 0.102532 0.045341
26.855861 1.119748 37.403889 2.099140
0.472202 0.099975 0.003924 0.000566
0.099975 0.044863 0.000565 0.000053
0.003924 0.000565 0.490676 0.103049
0.000566 0.000053 0.103049 0.045426
27.296265 1.094473 38.402746 2.088574
0.469359 0.099416 0.000853 -0.000104
0.099416 0.044729 -0.000113 -0.000080
0.000853 -0.000113 0.490823 0.102959
-0.000104 -0.000080 0.102959 0.045381
28.460172 1.225529 38.793568 1.951317
0.468740 0.099365 0.002371 0.000258
0.099365 0.044712 0.000255 0.000018
0.002371 0.000255 0.488620 0.102395
0.000258 0.000018 0.102395 0.045246
29.134645 1.238655 39.696811 1.936117
0.465646 0.098779 -0.001875 -0.000621
0.098779 0.044580 -0.000636 -0.000159
-0.001875 -0.000636 0.488365 0.102309
-0.000621 -0.000159 0.102309 0.045227
30.525570 1.402385 41.104053 2.027878
0.464671 0.098682 -0.009545 -0.002135
0.098682 0.044561 -0.002170 -0.000457
-0.009545 -0.002170 0.491375 0.102921
-0.002135 -0.000457 0.102921 0.045357
30.682864 1.286752 42.057760 2.015168
0.465709 0.098998 -0.012283 -0.002483
0.098998 0.044626 -0.002519 -0.000486
-0.012283 -0.002519 0.495964 0.103807
-0.002483 -0.000486 0.103807 0.045534
31.577523 1.339981 42.738268 1.946970
0.460226 0.097877 -0.015521 -0.002933
0.097877 0.044376 -0.002973 -0.000547
-0.015521 -0.002973 0.492056 0.102842
-0.002933 -0.000547 0.102842 0.045312
32.452700 1.383669 43.695054 1.943726
0.457596 0.097456 -0.016829 -0.002969
0.097456 0.044294 -0.003003 -0.000525
-0.016829 -0.003003 0.492241 0.102844
-0.002969 -0.000525 0.102844 0.045317
33.523255 1.465013 44.994794 2.012856
0.457423 0.097568 -0.020830 -0.003596
0.097568 0.044325 -0.003634 -0.000640
-0.020830 -0.003634 0.496152 0.103627
-0.003596 -0.000640 0.103627 0.045485
33.740140 1.354456 45.816932 1.973272
0.460855 0.098424 -0.018803 -0.002933
0.098424 0.044508 -0.002949 -0.000479
-0.018803 -0.002949 0.501631 0.104681
-0.002933 -0.000479 0.104681 0.045698
34.075209 1.280590 46.491184 1.907336
0.454548 0.097083 -0.021006 -0.003275
0.097083 0.044198 -0.003292 -0.000561
-0.021006 -0.003292 0.498784 0.103904
-0.003275 -0.000561 0.103904 0.045513
34.825691 1.303610 47.237659 1.864484
0.455695 0.097442 -0.027135 -0.004411
0.097442 0.044276 -0.004456 -0.000808
-0.027135 -0.004456 0.501244 0.104319
-0.004411 -0.000808 0.104319 0.045598
35.890690 1.391507 47.979262 1.826129
0.454715 0.097281 -0.034499 -0.005732
0.097281 0.044230 -0.005809 -0.001080
-0.034499 -0.005809 0.501663 0.104280
-0.005732 -0.001080 0.104280 0.045583
