0.705464 1.244286 3.815974 0.634376
2.545931 1.018394 -0.582029 -0.232817
1.018394 80.411433 -0.232817 -0.093129
-0.582029 -0.232817 3.888260 1.555338
-0.232817 -0.093129 1.555338 80.626215
4.789440 7.072528 -0.359400 -6.560175
1.058606 1.797727 -1.038328 -1.650881
1.797727 11.612975 -1.623547 -4.113765
-1.038328 -1.623547 4.045378 6.574390
-1.650881 -4.113765 6.574390 22.789126
7.120210 5.804506 0.862956 -1.615545
1.664012 2.315105 0.288088 0.447831
2.315105 4.695855 0.449732 0.106102
0.288088 0.449732 0.613172 0.707536
0.447831 0.106102 0.707536 3.800884
5.536231 1.634918 0.643630 -0.579841
0.982655 0.840437 0.706922 0.754863
0.840437 1.184516 0.572858 0.482075
0.706922 0.572858 0.872795 0.970869
0.754863 0.482075 0.970869 1.862011
7.244018 2.010310 2.446953 1.237916
1.014646 0.744025 0.341456 0.121426
0.744025 0.748386 0.162982 0.000014
0.341456 0.162982 0.679892 0.579885
0.121426 0.000014 0.579885 0.780685
8.341969 1.975498 4.110908 1.964176
0.854222 0.491493 0.210726 0.052197
0.491493 0.388407 0.050498 -0.008450
0.210726 0.050498 0.871800 0.590852
0.052197 -0.008450 0.590852 0.525153
8.772950 1.705344 5.095495 2.001863
0.782391 0.378035 0.028358 -0.035536
0.378035 0.247841 -0.038701 -0.034754
0.028358 -0.038701 1.047937 0.571058
-0.035536 -0.034754 0.571058 0.380545
9.524568 1.638421 6.986163 2.400989
0.845045 0.350153 -0.096269 -0.073989
0.350153 0.190331 -0.070533 -0.035525
-0.096269 -0.070533 1.085273 0.485845
-0.073989 -0.035525 0.485845 0.263343
10.606488 1.750640 6.977859 1.941522
0.742261 0.268659 -0.239206 -0.104857
0.268659 0.132019 -0.101960 -0.037068
-0.239206 -0.101960 1.086286 0.412963
-0.104857 -0.037068 0.412963 0.191284
11.500207 1.751904 8.852330 2.237539
0.747808 0.240481 -0.241141 -0.084807
0.240481 0.106291 -0.082338 -0.023826
-0.241141 -0.082338 1.014571 0.334354
-0.084807 -0.023826 0.334354 0.138472
13.071039 1.952955 9.195971 2.010801
0.696878 0.202379 -0.242268 -0.070863
0.202379 0.084419 -0.069117 -0.016474
-0.242268 -0.069117 0.968771 0.283388
-0.070863 -0.016474 0.283388 0.107944
12.360196 1.496354 9.776679 1.888581
0.607425 0.161684 -0.289684 -0.073719
0.161684 0.066804 -0.072484 -0.015640
-0.289684 -0.072484 0.899134 0.237568
-0.073719 -0.015640 0.237568 0.086098
13.102629 1.501327 11.285292 2.027844
0.618701 0.154812 -0.261340 -0.057445
0.154812 0.061479 -0.057080 -0.010382
-0.261340 -0.057080 0.839023 0.204160
-0.057445 -0.010382 0.204160 0.072188
13.559682 1.423755 11.871272 1.924119
0.598552 0.142008 -0.219861 -0.041996
0.142008 0.055908 -0.041978 -0.006348
-0.219861 -0.041978 0.770539 0.175482
-0.041996 -0.006348 0.175482 0.062179
14.231618 1.410029 12.568930 1.865067
0.570346 0.129639 -0.181551 -0.030269
0.129639 0.051484 -0.030409 -0.003808
-0.181551 -0.030409 0.705190 0.152545
-0.030269 -0.003808 0.152545 0.055234
15.144076 1.471219 14.315846 2.041938
0.543471 0.119823 -0.135315 -0.018806
0.119823 0.048439 -0.019198 -0.001695
-0.135315 -0.019198 0.629765 0.131360
-0.018806 -0.001695 0.131360 0.049841
15.658570 1.430463 15.766197 2.126845
0.548599 0.118483 -0.095365 -0.009687
0.118483 0.047743 -0.010135 -0.000134
-0.095365 -0.010135 0.600931 0.122761
-0.009687 -0.000134 0.122761 0.047820
16.129468 1.375081 16.644223 2.084936
0.518829 0.109743 -0.075432 -0.006434
0.109743 0.045552 -0.006982 -0.000061
-0.075432 -0.006982 0.546647 0.109903
-0.006434 -0.000061 0.109903 0.045144
17.536378 1.520619 17.287796 2.015722
0.499366 0.104553 -0.048531 -0.001902
0.104553 0.044468 -0.002044 0.000481
-0.048531 -0.002044 0.530717 0.106467
-0.001902 0.000481 0.106467 0.044708
17.363511 1.329718 18.612287 2.066663
0.511021 0.106398 -0.035342 -0.000071
0.106398 0.044961 -0.000422 0.000461
-0.035342 -0.000422 0.517727 0.103864
-0.000071 0.000461 0.103864 0.044448
18.065947 1.339337 19.806523 2.099568
0.510446 0.105377 -0.047565 -0.003661
0.105377 0.044781 -0.004109 -0.000617
-0.047565 -0.004109 0.508779 0.102108
-0.003661 -0.000617 0.102108 0.044313
18.873946 1.371041 21.170245 2.164577
0.500070 0.102839 -0.040036 -0.002942
0.102839 0.044387 -0.003324 -0.000666
-0.040036 -0.003324 0.493173 0.099466
-0.002942 -0.000666 0.099466 0.044048
19.695248 1.400101 22.374855 2.190739
0.500228 0.102900 -0.025169 -0.000605
0.102900 0.044591 -0.000887 -0.000313
-0.025169 -0.000887 0.492457 0.100154
-0.000605 -0.000313 0.100154 0.044468
20.734994 1.471836 23.716240 2.243688
0.479625 0.098723 -0.011626 0.001180
0.098723 0.043895 0.000992 -0.000102
-0.011626 0.000992 0.474687 0.097210
0.001180 -0.000102 0.097210 0.044065
21.255926 1.425701 24.526800 2.178150
0.481171 0.099460 -0.011523 0.000321
0.099460 0.044245 0.000163 -0.000389
-0.011523 0.000163 0.475111 0.098122
0.000321 -0.000389 0.098122 0.044438
21.562234 1.339872 25.249085 2.100140
0.482058 0.100040 -0.000013 0.002027
0.100040 0.044523 0.001892 -0.000085
-0.000013 0.001892 0.475537 0.098919
0.002027 -0.000085 0.098919 0.044730
22.181026 1.329113 26.252597 2.090269
0.470529 0.097973 0.020038 0.005444
0.097973 0.044208 0.005333 0.000575
0.020038 0.005333 0.470261 0.098373
0.005444 0.000575 0.098373 0.044687
22.316869 1.218609 27.488840 2.130111
0.460226 0.096280 0.025400 0.005622
0.096280 0.043969 0.005534 0.000542
0.025400 0.005534 0.471500 0.099115
0.005622 0.000542 0.099115 0.044885
23.224367 1.281526 28.441966 2.106143
0.472959 0.099547 0.013755 0.002343
0.099547 0.044770 0.002274 -0.000180
0.013755 0.002274 0.486134 0.102549
0.002343 -0.000180 0.102549 0.045615
23.651150 1.236557 29.410542 2.088737
0.478506 0.100915 0.010754 0.001346
0.100915 0.045075 0.001278 -0.000328
0.010754 0.001278 0.497910 0.104981
0.001346 -0.000328 0.104981 0.046056
24.211887 1.223436 30.880351 2.178329
0.464716 0.098046 0.005939 0.000197
0.098046 0.044452 0.000086 -0.000484
0.005939 0.000086 0.507156 0.106632
0.000197 -0.000484 0.106632 0.046300
24.737029 1.207285 31.010632 1.977723
0.450975 0.095421 0.007686 0.000594
0.095421 0.043927 0.000521 -0.000283
0.007686 0.000521 0.488150 0.102207
0.000594 -0.000283 0.102207 0.045262
25.518553 1.245416 31.870352 1.950272
0.449452 0.095614 -0.003107 -0.001665
0.095614 0.044035 -0.001776 -0.000683
-0.003107 -0.001776 0.494070 0.103489
-0.001665 -0.000683 0.103489 0.045534
25.728983 1.158455 32.203265 1.816611
0.445779 0.095216 0.004073 0.000083
0.095216 0.043976 0.000026 -0.000193
0.004073 0.000026 0.489964 0.102509
0.000083 -0.000193 0.102509 0.045300
25.883757 1.067230 33.241133 1.844385
0.453825 0.097314 0.004260 0.000179
0.097314 0.044442 0.000115 -0.000121
0.004260 0.000115 0.510043 0.106706
0.000179 -0.000121 0.106706 0.046177
26.280648 1.037855 34.180260 1.848108
0.444248 0.095366 0.002561 -0.000093
0.095366 0.043986 -0.000179 -0.000134
0.002561 -0.000179 0.517621 0.107891
-0.000093 -0.000134 0.107891 0.046352
26.377246 0.947349 34.766137 1.778421
0.430867 0.092753 -0.005450 -0.001645
0.092753 0.043422 -0.001790 -0.000424
-0.005450 -0.001790 0.516989 0.107310
-0.001645 -0.000424 0.107310 0.046163
27.531054 1.094295 35.926842 1.834144
0.403862 0.087379 -0.021343 -0.004681
0.087379 0.042294 -0.004970 -0.001019
-0.021343 -0.004970 0.524660 0.108562
-0.004681 -0.001019 0.108562 0.046390
28.715525 1.233762 37.165714 1.900811
0.382482 0.083594 -0.037647 -0.007566
0.083594 0.041570 -0.007982 -0.001549
-0.037647 -0.007982 0.538666 0.111031
-0.007566 -0.001549 0.111031 0.046858
29.820857 1.343075 38.600109 2.001215
0.351857 0.077908 -0.046887 -0.008839
0.077908 0.040423 -0.009217 -0.001705
-0.046887 -0.009217 0.557193 0.114236
-0.008839 -0.001705 0.114236 0.047450
29.793707 1.184357 39.426855 1.962901
0.357625 0.080692 -0.050996 -0.008939
0.080692 0.041201 -0.009343 -0.001633
-0.050996 -0.009343 0.560375 0.114079
-0.008939 -0.001633 0.114079 0.047328
30.162534 1.132497 40.280375 1.935686
0.373713 0.085346 -0.049709 -0.007981
0.085346 0.042271 -0.008357 -0.001364
-0.049709 -0.008357 0.560765 0.113501
-0.007981 -0.001364 0.113501 0.047165
30.785795 1.145802 41.278592 1.942200
0.391337 0.089712 -0.045424 -0.006597
0.089712 0.043141 -0.006884 -0.001047
-0.045424 -0.006884 0.562230 0.113312
-0.006597 -0.001047 0.113312 0.047123
31.981604 1.287704 42.108884 1.918194
0.390901 0.089448 -0.028996 -0.003110
0.089448 0.042877 -0.002935 -0.000308
-0.028996 -0.002935 0.553579 0.111271
-0.003110 -0.000308 0.111271 0.046744
32.598239 1.279926 42.819827 1.868126
0.417001 0.095119 -0.030861 -0.003499
0.095119 0.043984 -0.003643 -0.000530
-0.030861 -0.003643 0.543668 0.109104
-0.003499 -0.000530 0.109104 0.046356
33.344751 1.305021 43.917447 1.901680
0.425519 0.096244 -0.021029 -0.001638
0.096244 0.043989 -0.001600 -0.000200
-0.021029 -0.001600 0.536200 0.107747
-0.001638 -0.000200 0.107747 0.046181
34.031605 1.310846 44.504856 1.828608
0.439349 0.098490 -0.013034 -0.000289
0.098490 0.044286 -0.000298 -0.000029
-0.013034 -0.000298 0.507964 0.102318
-0.000289 -0.000029 0.102318 0.045189
34.561968 1.285277 45.934007 1.932539
0.469976 0.104230 -0.022512 -0.002513
0.104230 0.045356 -0.002818 -0.000615
-0.022512 -0.002818 0.511905 0.103782
-0.002513 -0.000615 0.103782 0.045637
35.521097 1.352216 46.294815 1.810349
0.470476 0.103008 0.007733 0.003459
0.103008 0.044876 0.003394 0.000614
0.007733 0.003394 0.441327 0.090019
0.003459 0.000614 0.090019 0.042949
35.678948 1.240192 47.274081 1.824490
0.485396 0.105064 -0.007401 -0.000364
0.105064 0.045184 -0.000597 -0.000332
-0.007401 -0.000597 0.435534 0.090474
-0.000364 -0.000332 0.090474 0.043312
