5.617704 3.209225 -2.970169 -2.080141
2.397457 0.959004 -0.166367 -0.066548
0.959004 80.387676 -0.066548 -0.026620
-0.166367 -0.066548 2.470765 0.988327
-0.066548 -0.026620 0.988327 80.399406
4.275658 -1.891141 0.869377 6.409109
2.172864 3.811591 -0.098763 -0.141275
3.811591 14.861842 -0.141416 -0.674034
-0.098763 -0.141416 2.206630 3.856791
-0.141275 -0.674034 3.856791 15.128925
7.906296 3.414513 1.176970 3.046364
1.942964 2.252092 -0.042330 -0.049959
2.252092 4.444474 -0.050046 -0.173119
-0.042330 -0.050046 2.011809 2.333897
-0.049959 -0.173119 2.333897 4.590139
6.194468 0.530300 2.925256 3.250391
1.678306 1.415595 -0.070509 -0.066452
1.415595 1.868716 -0.066390 -0.101125
-0.070509 -0.066390 1.711577 1.442686
-0.066452 -0.101125 1.442686 1.908629
5.657953 0.005873 2.819713 2.109962
1.464510 0.966863 -0.079084 -0.056292
0.966863 0.959819 -0.056255 -0.057196
-0.079084 -0.056255 1.489958 0.983915
-0.056292 -0.057196 0.983915 0.979693
8.312965 1.441497 4.985513 2.708736
1.286037 0.696978 -0.054821 -0.031524
0.696978 0.557755 -0.031516 -0.027221
-0.054821 -0.031516 1.309885 0.710511
-0.031524 -0.027221 0.710511 0.569981
8.441745 1.168882 6.506020 2.785897
1.150714 0.529651 -0.055315 -0.026688
0.529651 0.356804 -0.026674 -0.018252
-0.055315 -0.026674 1.164907 0.536740
-0.026688 -0.018252 0.536740 0.363031
8.448199 0.937856 6.967039 2.412270
1.041538 0.417384 -0.047737 -0.019791
0.417384 0.244819 -0.019783 -0.011646
-0.047737 -0.019783 1.052606 0.422436
-0.019791 -0.011646 0.422436 0.248808
9.562486 1.167574 7.905064 2.316491
0.928809 0.330488 -0.033507 -0.012254
0.330488 0.174897 -0.012255 -0.006817
-0.033507 -0.012255 0.939134 0.334745
-0.012254 -0.006817 0.334745 0.177761
10.406218 1.251295 8.646799 2.182229
0.853007 0.274325 -0.021257 -0.007091
0.274325 0.133309 -0.007097 -0.004016
-0.021257 -0.007097 0.862514 0.277886
-0.007091 -0.004016 0.277886 0.135402
11.657482 1.435421 10.436350 2.388213
0.793779 0.233968 -0.020602 -0.006378
0.233968 0.106399 -0.006381 -0.003172
-0.020602 -0.006381 0.800774 0.236440
-0.006378 -0.003172 0.236440 0.107806
12.373033 1.435305 10.274821 2.016912
0.740829 0.202574 -0.017781 -0.005121
0.202574 0.087925 -0.005124 -0.002364
-0.017781 -0.005124 0.748870 0.205118
-0.005121 -0.002364 0.205118 0.089120
13.522499 1.546030 11.488425 2.069497
0.693624 0.177953 -0.006660 -0.001902
0.177953 0.075008 -0.001908 -0.001215
-0.006660 -0.001908 0.700511 0.179971
-0.001902 -0.001215 0.179971 0.075889
13.473743 1.345780 13.342863 2.269454
0.663801 0.161495 -0.007921 -0.002190
0.161495 0.066576 -0.002192 -0.001114
-0.007921 -0.002192 0.666967 0.162442
-0.002190 -0.001114 0.162442 0.067074
13.536142 1.203796 14.258622 2.218679
0.631594 0.146984 -0.006969 -0.001868
0.146984 0.060161 -0.001870 -0.000890
-0.006969 -0.001870 0.633318 0.147542
-0.001868 -0.000890 0.147542 0.060499
13.745146 1.115627 15.196124 2.180186
0.604766 0.135811 -0.007258 -0.001842
0.135811 0.055616 -0.001843 -0.000770
-0.007258 -0.001843 0.605466 0.136117
-0.001842 -0.000770 0.136117 0.055849
14.215748 1.096762 15.591671 2.028348
0.577917 0.126217 -0.008596 -0.002029
0.126217 0.052174 -0.002029 -0.000716
-0.008596 -0.002029 0.578549 0.126500
-0.002029 -0.000716 0.126500 0.052367
14.343431 1.006675 17.229203 2.161929
0.557682 0.119335 -0.008223 -0.001818
0.119335 0.049852 -0.001818 -0.000591
-0.008223 -0.001818 0.556866 0.119295
-0.001818 -0.000591 0.119295 0.049947
14.648936 0.964933 18.014291 2.099434
0.536367 0.113129 -0.009060 -0.001883
0.113129 0.048022 -0.001883 -0.000544
-0.009060 -0.001883 0.535135 0.113011
-0.001883 -0.000544 0.113011 0.048082
15.748942 1.094058 19.106572 2.108498
0.525393 0.109847 -0.005726 -0.001068
0.109847 0.047055 -0.001069 -0.000324
-0.005726 -0.001069 0.524577 0.109828
-0.001068 -0.000324 0.109828 0.047120
16.070604 1.047240 20.311076 2.139715
0.514453 0.106975 -0.006158 -0.001122
0.106975 0.046305 -0.001123 -0.000310
-0.006158 -0.001123 0.513248 0.106870
-0.001122 -0.000310 0.106870 0.046338
16.764158 1.082430 21.235231 2.109520
0.509747 0.105727 -0.005330 -0.000905
0.105727 0.045985 -0.000906 -0.000243
-0.005330 -0.000906 0.508660 0.105648
-0.000905 -0.000243 0.105648 0.046013
17.526767 1.128403 22.534818 2.160407
0.499744 0.103527 -0.004571 -0.000725
0.103527 0.045507 -0.000726 -0.000192
-0.004571 -0.000726 0.498783 0.103467
-0.000725 -0.000192 0.103467 0.045529
18.436237 1.200121 23.887945 2.217231
0.493900 0.102409 -0.001672 -0.000116
0.102409 0.045299 -0.000117 -0.000057
-0.001672 -0.000117 0.493252 0.102404
-0.000116 -0.000057 0.102404 0.045323
19.144750 1.222586 24.825938 2.181789
0.489187 0.101619 0.002427 0.000690
0.101619 0.045170 0.000688 0.000107
0.002427 0.000688 0.488690 0.101629
0.000690 0.000107 0.101629 0.045189
20.206515 1.316416 26.159444 2.232419
0.488000 0.101610 0.000926 0.000265
0.101610 0.045205 0.000264 0.000004
0.000926 0.000264 0.487993 0.101706
0.000265 0.000004 0.101706 0.045235
20.586126 1.258281 26.965601 2.167674
0.486336 0.101470 0.000605 0.000141
0.101470 0.045200 0.000140 -0.000023
0.000605 0.000140 0.486390 0.101555
0.000141 -0.000023 0.101555 0.045221
21.018416 1.217133 28.042466 2.166224
0.483694 0.101108 0.000484 0.000080
0.101108 0.045139 0.000080 -0.000032
0.000484 0.000080 0.484104 0.101246
0.000080 -0.000032 0.101246 0.045166
21.569851 1.205193 28.837953 2.105974
0.481580 0.100859 -0.000756 -0.000200
0.100859 0.045098 -0.000201 -0.000086
-0.000756 -0.000201 0.482215 0.101021
-0.000200 -0.000086 0.101021 0.045126
22.084746 1.186786 29.974285 2.123468
0.479283 0.100561 0.000198 0.000011
0.100561 0.045042 0.000010 -0.000031
0.000198 0.000010 0.480543 0.100831
0.000011 -0.000031 0.100831 0.045089
22.613233 1.173217 30.121166 1.931227
0.480107 0.100914 0.000936 0.000159
0.100914 0.045120 0.000158 0.000005
0.000936 0.000158 0.480971 0.101071
0.000159 0.000005 0.101071 0.045139
22.963632 1.123594 30.387352 1.784134
0.480343 0.101077 0.000716 0.000095
0.101077 0.045144 0.000094 -0.000006
0.000716 0.000094 0.481127 0.101202
0.000095 -0.000006 0.101202 0.045157
23.699428 1.160168 31.779561 1.889379
0.480792 0.101245 -0.001062 -0.000287
0.101245 0.045163 -0.000288 -0.000083
-0.001062 -0.000288 0.482777 0.101614
-0.000287 -0.000083 0.101614 0.045228
24.089570 1.120125 33.173430 1.983941
0.478786 0.100859 0.002184 0.000427
0.100859 0.045061 0.000427 0.000078
0.002184 0.000427 0.482167 0.101493
0.000427 0.000078 0.101493 0.045179
24.604198 1.110508 34.438711 2.041482
0.479412 0.101050 0.002897 0.000539
0.101050 0.045089 0.000539 0.000097
0.002897 0.000539 0.483958 0.101878
0.000539 0.000097 0.101878 0.045242
25.337985 1.148044 35.899089 2.133956
0.476692 0.100504 -0.002593 -0.000659
0.100504 0.044957 -0.000661 -0.000160
-0.002593 -0.000661 0.482825 0.101605
-0.000659 -0.000160 0.101605 0.045162
25.683385 1.099812 36.958807 2.132447
0.476435 0.100515 -0.001066 -0.000261
0.100515 0.044954 -0.000263 -0.000057
-0.001066 -0.000263 0.483564 0.101749
-0.000261 -0.000057 0.101749 0.045177
26.694633 1.197195 37.745701 2.073682
0.472280 0.099688 -0.005622 -0.001189
0.099688 0.044771 -0.001193 -0.000247
-0.005622 -0.001193 0.479902 0.100950
-0.001189 -0.000247 0.100950 0.044995
27.425887 1.225200 38.657245 2.047343
0.468098 0.098919 -0.008905 -0.001766
0.098919 0.044614 -0.001772 -0.000348
-0.008905 -0.001772 0.476675 0.100318
-0.001766 -0.000348 0.100318 0.044864
28.412867 1.304378 39.547150 2.019374
0.470457 0.099587 -0.008622 -0.001551
0.099587 0.044768 -0.001555 -0.000279
-0.008622 -0.001555 0.479459 0.101003
-0.001551 -0.000279 0.101003 0.045019
29.090304 1.309299 40.023988 1.907116
0.468704 0.099296 -0.004782 -0.000630
0.099296 0.044700 -0.000629 -0.000074
-0.004782 -0.000629 0.477782 0.100671
-0.000630 -0.000074 0.100671 0.044944
30.087147 1.381656 40.729769 1.855165
0.470369 0.099737 -0.004303 -0.000519
0.099737 0.044790 -0.000518 -0.000061
-0.004303 -0.000518 0.479662 0.101112
-0.000519 -0.000061 0.101112 0.045036
30.665652 1.357468 41.205567 1.759842
0.470861 0.099869 -0.004115 -0.000487
0.099869 0.044802 -0.000486 -0.000067
-0.004115 -0.000486 0.480372 0.101255
-0.000487 -0.000067 0.101255 0.045056
31.221628 1.331603 42.309288 1.806911
0.469017 0.099484 -0.001035 0.000146
0.099484 0.044705 0.000153 0.000056
-0.001035 0.000153 0.480452 0.101252
0.000146 0.000056 0.101252 0.045045
32.122444 1.381592 43.412511 1.849147
0.470233 0.099774 -0.002827 -0.000306
0.099774 0.044758 -0.000302 -0.000060
-0.002827 -0.000302 0.482977 0.101761
-0.000306 -0.000060 0.101761 0.045143
32.840998 1.387144 43.736616 1.722730
0.469384 0.099590 -0.003966 -0.000572
0.099590 0.044705 -0.000571 -0.000124
-0.003966 -0.000571 0.481820 0.101448
-0.000572 -0.000124 0.101448 0.045061
33.663095 1.414435 44.630218 1.729588
0.466599 0.099006 -0.009314 -0.001697
0.099006 0.044572 -0.001705 -0.000363
-0.009314 -0.001705 0.480362 0.101106
-0.001697 -0.000363 0.101106 0.044983
33.874797 1.309140 45.393168 1.707755
0.465762 0.098889 -0.009537 -0.001637
0.098889 0.044550 -0.001642 -0.000331
-0.009537 -0.001642 0.481074 0.101261
-0.001637 -0.000331 0.101261 0.045018
34.730009 1.351859 46.337426 1.726977
0.463575 0.098484 -0.011301 -0.001922
0.098484 0.044466 -0.001928 -0.000380
-0.011301 -0.001928 0.480195 0.101064
-0.001922 -0.000380 0.101064 0.044976
35.263234 1.321677 47.338644 1.755798
0.465338 0.098946 -0.012248 -0.002017
0.098946 0.044570 -0.002022 -0.000387
-0.012248 -0.002022 0.483469 0.101762
-0.002017 -0.000387 0.101762 0.045126
