1.978490 1.753508 3.101085 0.348414
2.298159 0.919284 -0.510760 -0.204308
0.919284 80.371788 -0.204308 -0.081725
-0.510760 -0.204308 4.011400 1.604595
-0.204308 -0.081725 1.604595 80.645918
1.903724 0.131452 4.673142 2.584843
3.199306 5.591540 -1.328583 -2.031884
5.591540 17.623348 -2.216135 -4.740294
-1.328583 -2.216135 3.144196 5.063570
-2.031884 -4.740294 5.063570 20.572166
4.482039 2.859222 4.720643 1.320478
1.795749 1.965063 -0.507198 -0.453129
1.965063 4.041563 -0.445022 -0.862027
-0.507198 -0.445022 2.853804 3.320100
-0.453129 -0.862027 3.320100 6.725976
6.249389 3.118118 3.586409 -0.204677
2.035834 1.698973 -0.657003 -0.511436
1.698973 2.131916 -0.514267 -0.609077
-0.657003 -0.514267 2.709930 2.299611
-0.511436 -0.609077 2.299611 2.993200
7.566557 2.987522 7.237878 2.279635
1.704707 1.106202 -0.331621 -0.195719
1.106202 1.061816 -0.203947 -0.225020
-0.331621 -0.203947 1.645272 1.085676
-0.195719 -0.225020 1.085676 1.209796
7.730970 2.282129 6.570859 1.260983
1.316218 0.701326 -0.626843 -0.341695
0.701326 0.568091 -0.335440 -0.241801
-0.626843 -0.335440 1.495792 0.831918
-0.341695 -0.241801 0.831918 0.733947
8.997097 2.339099 7.116349 1.221799
0.993369 0.453499 -0.512231 -0.232332
0.453499 0.329429 -0.227332 -0.139340
-0.512231 -0.227332 1.341371 0.641521
-0.232332 -0.139340 0.641521 0.472051
10.029642 2.286888 8.113759 1.383550
0.975058 0.395724 -0.412686 -0.157427
0.395724 0.244099 -0.156407 -0.083708
-0.412686 -0.156407 1.247887 0.522778
-0.157427 -0.083708 0.522778 0.328399
9.920858 1.832111 9.221433 1.519979
0.886691 0.321079 -0.391092 -0.132974
0.321079 0.177213 -0.132246 -0.062040
-0.391092 -0.132246 1.130918 0.419502
-0.132974 -0.062040 0.419502 0.233289
10.543533 1.740135 10.539683 1.704821
0.833954 0.273830 -0.337412 -0.101866
0.273830 0.137248 -0.102376 -0.043456
-0.337412 -0.102376 0.985489 0.329007
-0.101866 -0.043456 0.329007 0.168580
12.102549 1.939085 10.260111 1.363442
0.765304 0.230215 -0.303063 -0.083213
0.230215 0.108066 -0.083533 -0.032472
-0.303063 -0.083533 0.910506 0.278124
-0.083213 -0.032472 0.278124 0.131837
12.423955 1.759690 11.346318 1.470779
0.761274 0.212696 -0.269761 -0.067163
0.212696 0.092784 -0.067932 -0.024317
-0.269761 -0.067932 0.864500 0.244401
-0.067163 -0.024317 0.244401 0.108325
12.799063 1.626668 12.116351 1.473684
0.717801 0.187500 -0.228292 -0.052046
0.187500 0.078796 -0.052894 -0.017956
-0.228292 -0.052894 0.793150 0.209398
-0.052046 -0.017956 0.209398 0.089470
12.899309 1.446005 12.533829 1.384637
0.687461 0.169572 -0.202049 -0.042846
0.169572 0.069356 -0.043683 -0.014060
-0.202049 -0.043683 0.742020 0.184870
-0.042846 -0.014060 0.184870 0.076890
13.899240 1.516336 13.744349 1.512256
0.657254 0.154586 -0.165656 -0.032357
0.154586 0.062422 -0.033194 -0.010428
-0.165656 -0.033194 0.694410 0.164941
-0.032357 -0.010428 0.164941 0.067765
15.321219 1.666837 14.400560 1.496265
0.601643 0.136113 -0.125167 -0.022476
0.136113 0.055939 -0.023064 -0.007430
-0.125167 -0.023064 0.645981 0.147663
-0.022476 -0.007430 0.147663 0.060837
15.543097 1.532200 15.243474 1.511526
0.580283 0.127548 -0.116115 -0.020329
0.127548 0.052621 -0.020910 -0.006484
-0.116115 -0.020910 0.608111 0.134721
-0.020329 -0.006484 0.134721 0.055929
16.615111 1.597916 15.932871 1.499852
0.560843 0.120721 -0.090075 -0.014510
0.120721 0.050247 -0.014977 -0.004798
-0.090075 -0.014977 0.590532 0.128010
-0.014510 -0.004798 0.128010 0.053174
17.252667 1.564278 16.784280 1.520229
0.544297 0.115380 -0.068223 -0.010070
0.115380 0.048545 -0.010509 -0.003592
-0.068223 -0.010509 0.566071 0.120592
-0.010070 -0.003592 0.120592 0.050685
17.634920 1.484218 18.189418 1.653520
0.531685 0.111417 -0.067022 -0.010275
0.111417 0.047352 -0.010727 -0.003474
-0.067022 -0.010727 0.536184 0.112735
-0.010275 -0.003474 0.112735 0.048422
18.584246 1.530787 19.577973 1.772747
0.521105 0.108536 -0.041477 -0.005177
0.108536 0.046588 -0.005590 -0.002220
-0.041477 -0.005590 0.520364 0.108857
-0.005177 -0.002220 0.108857 0.047315
19.815811 1.625276 19.984283 1.675070
0.506790 0.105160 -0.025400 -0.002448
0.105160 0.045807 -0.002761 -0.001555
-0.025400 -0.002761 0.512213 0.106882
-0.002448 -0.001555 0.106882 0.046719
20.109858 1.518419 21.018100 1.713757
0.507806 0.105298 -0.014217 -0.000771
0.105298 0.045834 -0.001055 -0.001141
-0.014217 -0.001055 0.508355 0.105939
-0.000771 -0.001141 0.105939 0.046402
20.416916 1.424262 21.689329 1.673741
0.489971 0.101499 -0.011589 -0.000948
0.101499 0.045040 -0.001179 -0.001131
-0.011589 -0.001179 0.487875 0.101571
-0.000948 -0.001131 0.101571 0.045401
20.714690 1.338586 22.779671 1.725856
0.471053 0.097870 0.012883 0.003618
0.097870 0.044357 0.003408 -0.000109
0.012883 0.003408 0.467333 0.097615
0.003618 -0.000109 0.097615 0.044584
21.685375 1.401557 23.775734 1.753898
0.474791 0.099224 0.003457 0.000827
0.099224 0.044744 0.000667 -0.000678
0.003457 0.000667 0.473647 0.099537
0.000827 -0.000678 0.099537 0.045040
22.073586 1.336167 24.449495 1.711252
0.470633 0.098726 0.002170 0.000166
0.098726 0.044684 0.000039 -0.000724
0.002170 0.000039 0.470214 0.099137
0.000166 -0.000724 0.099137 0.044944
22.119983 1.205102 25.431250 1.738607
0.445709 0.093863 -0.012836 -0.003204
0.093863 0.043697 -0.003295 -0.001322
-0.012836 -0.003295 0.450755 0.095332
-0.003204 -0.001322 0.095332 0.044127
22.612773 1.181385 26.794063 1.843692
0.448049 0.095121 -0.011503 -0.002750
0.095121 0.044060 -0.002832 -0.001068
-0.011503 -0.002832 0.461598 0.098228
-0.002750 -0.001068 0.098228 0.044781
22.961185 1.129705 27.625524 1.824495
0.460967 0.098412 -0.013648 -0.003059
0.098412 0.044792 -0.003128 -0.001011
-0.013648 -0.003128 0.476566 0.101636
-0.003059 -0.001011 0.101636 0.045466
23.843013 1.197462 28.749190 1.869540
0.454354 0.097125 -0.030882 -0.006532
0.097125 0.044463 -0.006602 -0.001645
-0.030882 -0.006602 0.481125 0.102439
-0.006532 -0.001645 0.102439 0.045531
24.555263 1.221964 29.835342 1.901845
0.461682 0.098905 -0.026444 -0.005053
0.098905 0.044815 -0.005094 -0.001176
-0.026444 -0.005094 0.495640 0.105280
-0.005053 -0.001176 0.105280 0.046034
25.551632 1.305615 31.360824 2.024087
0.447339 0.095785 -0.041696 -0.007969
0.095785 0.044072 -0.008000 -0.001717
-0.041696 -0.008000 0.504886 0.106696
-0.007969 -0.001717 0.106696 0.046197
26.579020 1.384546 31.851503 1.915546
0.458153 0.098366 -0.043389 -0.007712
0.098366 0.044624 -0.007775 -0.001553
-0.043389 -0.007775 0.505964 0.106325
-0.007712 -0.001553 0.106325 0.045999
27.209949 1.372788 33.163027 1.989415
0.462025 0.099143 -0.046819 -0.007934
0.099143 0.044728 -0.007941 -0.001518
-0.046819 -0.007941 0.525139 0.109837
-0.007934 -0.001518 0.109837 0.046657
27.506243 1.290258 34.417014 2.041488
0.449151 0.096204 -0.055492 -0.009368
0.096204 0.044022 -0.009308 -0.001774
-0.055492 -0.009308 0.537675 0.111646
-0.009368 -0.001774 0.111646 0.046914
28.702428 1.406521 35.034424 1.961319
0.430352 0.092274 -0.061541 -0.010218
0.092274 0.043169 -0.010160 -0.001924
-0.061541 -0.010160 0.529665 0.109130
-0.010218 -0.001924 0.109130 0.046287
29.311832 1.386090 36.000035 1.957571
0.434611 0.093713 -0.058779 -0.009100
0.093713 0.043550 -0.008998 -0.001635
-0.058779 -0.008998 0.537631 0.110314
-0.009100 -0.001635 0.110314 0.046521
29.885957 1.356905 36.538289 1.866336
0.450498 0.097452 -0.057537 -0.008397
0.097452 0.044370 -0.008418 -0.001494
-0.057537 -0.008418 0.537865 0.109862
-0.008397 -0.001494 0.109862 0.046414
30.491082 1.343329 37.766414 1.926042
0.449631 0.097074 -0.063632 -0.009461
0.097074 0.044200 -0.009398 -0.001729
-0.063632 -0.009398 0.556843 0.113308
-0.009461 -0.001729 0.113308 0.047117
31.169536 1.346743 38.962954 1.973574
0.451533 0.097403 -0.061116 -0.008691
0.097403 0.044223 -0.008524 -0.001566
-0.061116 -0.008524 0.568622 0.115098
-0.008691 -0.001566 0.115098 0.047451
31.930296 1.368067 40.234074 2.031770
0.453299 0.097682 -0.056937 -0.007708
0.097682 0.044240 -0.007447 -0.001384
-0.056937 -0.007447 0.578332 0.116403
-0.007708 -0.001384 0.116403 0.047682
32.295079 1.299328 41.283122 2.035804
0.459527 0.098853 -0.058475 -0.007965
0.098853 0.044444 -0.007819 -0.001502
-0.058475 -0.007819 0.579591 0.115940
-0.007965 -0.001502 0.115940 0.047553
33.197234 1.355405 42.500308 2.077695
0.461463 0.099105 -0.047148 -0.005679
0.099105 0.044463 -0.005436 -0.001064
-0.047148 -0.005436 0.575165 0.114602
-0.005679 -0.001064 0.114602 0.047307
34.003196 1.382262 43.446299 2.060163
0.458618 0.098350 -0.032189 -0.002931
0.098350 0.044278 -0.002651 -0.000587
-0.032189 -0.002651 0.553012 0.109969
-0.002931 -0.000587 0.109969 0.046445
34.541626 1.352217 44.876287 2.138935
0.471009 0.100857 -0.031113 -0.003073
0.100857 0.044797 -0.002969 -0.000731
-0.031113 -0.002969 0.544798 0.108489
-0.003073 -0.000731 0.108489 0.046268
35.193349 1.343958 45.439041 2.037433
0.473928 0.101202 -0.015589 -0.000335
0.101202 0.044834 -0.000381 -0.000277
-0.015589 -0.000381 0.490783 0.098080
-0.000335 -0.000277 0.098080 0.044327
35.368297 1.236547 46.131455 1.969013
0.482447 0.102629 -0.021927 -0.002163
0.102629 0.045089 -0.002426 -0.000768
-0.021927 -0.002426 0.465819 0.094222
-0.002163 -0.000768 0.094222 0.043796
36.035687 1.246175 46.926420 1.930250
0.510284 0.108070 -0.028861 -0.003820
0.108070 0.046192 -0.004253 -0.001141
-0.028861 -0.004253 0.450746 0.092546
-0.003820 -0.001141 0.092546 0.043688
36.745479 1.266668 48.473347 2.052044
0.543694 0.114167 -0.041592 -0.006494
0.114167 0.047346 -0.006978 -0.001664
-0.041592 -0.006978 0.455154 0.094841
-0.006494 -0.001664 0.094841 0.044338
