3.194766 2.240029 1.090346 -0.455899
2.486879 0.994773 -0.114083 -0.045634
0.994773 80.401985 -0.045634 -0.018254
-0.114083 -0.045634 2.495187 0.998096
-0.045634 -0.018254 0.998096 80.403314
7.059692 7.044516 1.791033 1.192777
2.257696 3.943966 -0.022274 -0.016674
3.943966 15.326455 -0.016425 -0.317985
-0.022274 -0.016425 2.284633 3.989387
-0.016674 -0.317985 3.989387 15.426839
5.170359 0.785079 2.061565 0.837369
1.986298 2.298330 -0.099684 -0.122872
2.298330 4.560372 -0.122948 -0.221200
-0.099684 -0.122948 2.004448 2.315945
-0.122872 -0.221200 2.315945 4.586398
6.403586 1.495090 4.131571 2.229993
1.724404 1.455708 -0.040886 -0.034203
1.455708 1.928127 -0.034183 -0.053582
-0.040886 -0.034183 1.732990 1.461352
-0.034203 -0.053582 1.461352 1.935974
6.505963 1.069129 4.513252 1.745944
1.489697 0.984731 -0.055566 -0.037745
0.984731 0.983720 -0.037743 -0.037237
-0.055566 -0.037743 1.496484 0.988756
-0.037745 -0.037237 0.988756 0.988348
7.729435 1.443475 4.691904 1.368698
1.293198 0.702422 -0.034932 -0.019271
0.702422 0.567534 -0.019270 -0.016913
-0.034932 -0.019270 1.302082 0.707170
-0.019271 -0.016913 0.707170 0.571345
8.397849 1.419042 4.810661 1.107514
1.169591 0.540196 -0.026577 -0.012680
0.540196 0.365966 -0.012680 -0.009809
-0.026577 -0.012680 1.178401 0.544220
-0.012680 -0.009809 0.544220 0.368579
9.175482 1.445758 6.856642 1.707388
1.043931 0.419748 -0.029116 -0.012178
0.419748 0.248460 -0.012177 -0.007497
-0.029116 -0.012177 1.048490 0.421528
-0.012178 -0.007497 0.421528 0.249661
9.181561 1.189963 6.891177 1.414990
0.942521 0.336705 -0.016686 -0.006273
0.336705 0.178965 -0.006272 -0.003979
-0.016686 -0.006272 0.946894 0.338273
-0.006273 -0.003979 0.338273 0.179875
9.647227 1.147958 8.274608 1.633208
0.868044 0.280158 -0.018900 -0.006449
0.280158 0.136432 -0.006447 -0.003334
-0.018900 -0.006447 0.870547 0.280986
-0.006449 -0.003334 0.280986 0.136953
10.102403 1.112702 9.525610 1.761678
0.795085 0.235033 -0.013327 -0.004192
0.235033 0.107557 -0.004191 -0.002138
-0.013327 -0.004191 0.796426 0.235473
-0.004192 -0.002138 0.235473 0.107880
10.410011 1.044585 10.012991 1.653789
0.740590 0.203152 -0.016650 -0.004784
0.203152 0.088717 -0.004783 -0.001982
-0.016650 -0.004783 0.741767 0.203539
-0.004784 -0.001982 0.203539 0.088974
11.604392 1.217623 10.643768 1.603196
0.695896 0.179141 -0.009136 -0.002445
0.179141 0.075795 -0.002445 -0.001115
-0.009136 -0.002445 0.697684 0.179670
-0.002445 -0.001115 0.179670 0.076048
11.766308 1.108575 11.265703 1.559386
0.657833 0.160551 -0.004979 -0.001294
0.160551 0.066704 -0.001295 -0.000691
-0.004979 -0.001295 0.659085 0.160911
-0.001294 -0.000691 0.160911 0.066880
12.472210 1.143984 12.080525 1.567570
0.623993 0.145754 -0.007622 -0.001881
0.145754 0.060165 -0.001881 -0.000740
-0.007622 -0.001881 0.625073 0.146053
-0.001881 -0.000740 0.146053 0.060303
13.641080 1.278513 13.865256 1.793323
0.594935 0.134175 -0.004694 -0.001108
0.134175 0.055487 -0.001109 -0.000479
-0.004694 -0.001109 0.595467 0.134332
-0.001108 -0.000479 0.134332 0.055575
14.547802 1.337215 14.826810 1.807554
0.571348 0.125405 -0.004253 -0.000970
0.125405 0.052199 -0.000970 -0.000393
-0.004253 -0.000970 0.571827 0.125544
-0.000970 -0.000393 0.125544 0.052270
15.126866 1.317951 15.897115 1.843382
0.551320 0.118578 -0.004198 -0.000920
0.118578 0.049848 -0.000920 -0.000339
-0.004198 -0.000920 0.551513 0.118650
-0.000920 -0.000339 0.118650 0.049895
15.527371 1.263166 17.444177 1.975992
0.536071 0.113650 -0.005137 -0.001079
0.113650 0.048254 -0.001079 -0.000337
-0.005137 -0.001079 0.535769 0.113614
-0.001079 -0.000337 0.113614 0.048272
16.022566 1.234573 18.797950 2.052795
0.522542 0.109706 -0.002184 -0.000399
0.109706 0.047098 -0.000399 -0.000163
-0.002184 -0.000399 0.521995 0.109626
-0.000399 -0.000163 0.109626 0.047103
16.411512 1.186962 20.281627 2.148250
0.510459 0.106541 -0.002773 -0.000525
0.106541 0.046262 -0.000526 -0.000175
-0.002773 -0.000526 0.509694 0.106423
-0.000525 -0.000175 0.106423 0.046256
17.272095 1.242541 21.214036 2.118773
0.503458 0.104794 -0.004254 -0.000819
0.104794 0.045823 -0.000819 -0.000221
-0.004254 -0.000819 0.502811 0.104710
-0.000819 -0.000221 0.104710 0.045822
17.853636 1.234256 22.168885 2.097014
0.497821 0.103523 -0.002259 -0.000360
0.103523 0.045534 -0.000360 -0.000108
-0.002259 -0.000360 0.497203 0.103449
-0.000360 -0.000108 0.103449 0.045533
18.389120 1.217171 22.756589 2.001092
0.492736 0.102494 -0.001897 -0.000285
0.102494 0.045325 -0.000285 -0.000087
-0.001897 -0.000285 0.492144 0.102427
-0.000285 -0.000087 0.102427 0.045322
19.186372 1.256482 23.851912 2.020881
0.488062 0.101642 -0.000484 0.000004
0.101642 0.045167 0.000004 -0.000023
-0.000484 0.000004 0.487617 0.101604
0.000004 -0.000023 0.101604 0.045168
19.733981 1.239703 25.142007 2.079244
0.484585 0.101101 -0.000684 -0.000067
0.101101 0.045082 -0.000067 -0.000039
-0.000684 -0.000067 0.484291 0.101091
-0.000067 -0.000039 0.101091 0.045086
20.638823 1.299268 26.036766 2.048978
0.483935 0.101176 -0.001504 -0.000256
0.101176 0.045124 -0.000256 -0.000078
-0.001504 -0.000256 0.483794 0.101191
-0.000256 -0.000078 0.101191 0.045130
21.967730 1.441516 26.985650 2.033228
0.482487 0.101046 -0.001133 -0.000174
0.101046 0.045110 -0.000174 -0.000056
-0.001133 -0.000174 0.482554 0.101096
-0.000174 -0.000056 0.101096 0.045121
22.200678 1.339223 28.207931 2.076316
0.480701 0.100828 -0.003762 -0.000729
0.100828 0.045071 -0.000728 -0.000169
-0.003762 -0.000728 0.481042 0.100924
-0.000729 -0.000169 0.100924 0.045090
23.123982 1.392582 29.533058 2.136665
0.476702 0.100139 -0.002484 -0.000410
0.100139 0.044929 -0.000410 -0.000090
-0.002484 -0.000410 0.477403 0.100296
-0.000410 -0.000090 0.100296 0.044959
24.348499 1.503578 29.952147 2.000178
0.475342 0.100040 -0.002550 -0.000408
0.100040 0.044918 -0.000408 -0.000087
-0.002550 -0.000408 0.475929 0.100156
-0.000408 -0.000087 0.100156 0.044935
24.899288 1.461074 30.513061 1.907554
0.476165 0.100379 -0.001016 -0.000071
0.100379 0.044991 -0.000071 -0.000013
-0.001016 -0.000071 0.476807 0.100494
-0.000071 -0.000013 0.100494 0.045008
25.492377 1.432044 31.369998 1.887090
0.476389 0.100529 0.000433 0.000215
0.100529 0.045012 0.000215 0.000042
0.000433 0.000215 0.477282 0.100687
0.000215 0.000042 0.100687 0.045038
25.659792 1.316199 32.299091 1.883949
0.477023 0.100727 -0.000640 -0.000057
0.100727 0.045038 -0.000056 -0.000023
-0.000640 -0.000056 0.478322 0.100959
-0.000057 -0.000023 0.100959 0.045078
26.683322 1.393372 33.153566 1.865528
0.477396 0.100833 -0.000980 -0.000142
0.100833 0.045040 -0.000142 -0.000042
-0.000980 -0.000142 0.478860 0.101083
-0.000142 -0.000042 0.101083 0.045083
26.851360 1.281668 33.777334 1.800241
0.477920 0.100949 0.001526 0.000383
0.100949 0.045044 0.000384 0.000070
0.001526 0.000384 0.479640 0.101237
0.000383 0.000070 0.101237 0.045094
27.283571 1.237609 34.740601 1.813561
0.476707 0.100678 0.000053 0.000021
0.100678 0.044966 0.000021 -0.000014
0.000053 0.000021 0.478900 0.101050
0.000021 -0.000014 0.101050 0.045033
27.754286 1.206331 36.145193 1.918585
0.477161 0.100781 -0.000384 -0.000082
0.100781 0.044975 -0.000082 -0.000034
-0.000384 -0.000082 0.480163 0.101301
-0.000082 -0.000034 0.101301 0.045072
28.706635 1.280075 37.181939 1.934920
0.476766 0.100688 -0.001519 -0.000320
0.100688 0.044942 -0.000320 -0.000081
-0.001519 -0.000320 0.480107 0.101248
-0.000320 -0.000081 0.101248 0.045045
29.218347 1.252996 38.537613 2.016754
0.476762 0.100684 -0.000674 -0.000116
0.100684 0.044932 -0.000116 -0.000031
-0.000674 -0.000116 0.480946 0.101391
-0.000116 -0.000031 0.101391 0.045063
29.556199 1.192044 39.584614 2.024875
0.474925 0.100290 -0.002923 -0.000587
0.100290 0.044841 -0.000587 -0.000128
-0.002923 -0.000587 0.479774 0.101098
-0.000587 -0.000128 0.101098 0.044990
30.672536 1.301929 40.451798 1.994356
0.473235 0.099963 -0.001818 -0.000306
0.099963 0.044771 -0.000306 -0.000059
-0.001818 -0.000306 0.478206 0.100755
-0.000306 -0.000059 0.100755 0.044915
31.249419 1.286225 41.213218 1.944658
0.473837 0.100145 -0.003176 -0.000576
0.100145 0.044814 -0.000577 -0.000115
-0.003176 -0.000577 0.479054 0.100954
-0.000576 -0.000115 0.100954 0.044961
31.556214 1.215240 42.602693 2.032472
0.472439 0.099878 -0.004052 -0.000722
0.099878 0.044757 -0.000723 -0.000140
-0.004052 -0.000723 0.478927 0.100926
-0.000722 -0.000140 0.100926 0.044954
32.977192 1.387227 43.486233 2.004816
0.473780 0.100209 -0.007340 -0.001367
0.100209 0.044829 -0.001371 -0.000271
-0.007340 -0.001371 0.480160 0.101187
-0.001367 -0.000271 0.101187 0.045008
33.421078 1.334457 44.584260 2.024815
0.473442 0.100148 -0.003961 -0.000554
0.100148 0.044810 -0.000554 -0.000084
-0.003961 -0.000554 0.480711 0.101282
-0.000554 -0.000084 0.101282 0.045024
34.422218 1.404996 45.428401 1.989577
0.472628 0.099985 -0.004812 -0.000724
0.099985 0.044772 -0.000724 -0.000126
-0.004812 -0.000724 0.480089 0.101120
-0.000724 -0.000126 0.101120 0.044985
35.615520 1.508495 45.881733 1.875863
0.472995 0.100083 -0.007565 -0.001281
0.100083 0.044790 -0.001284 -0.000246
-0.007565 -0.001284 0.479936 0.101076
-0.001281 -0.000246 0.101076 0.044975
35.918565 1.412695 46.430706 1.793582
0.476131 0.100756 -0.006376 -0.000958
0.100756 0.044929 -0.000959 -0.000170
-0.006376 -0.000959 0.483347 0.101791
-0.000958 -0.000170 0.101791 0.045126
36.628123 1.412689 46.534563 1.626704
0.475540 0.100572 -0.007495 -0.001166
0.100572 0.044874 -0.001168 -0.000217
-0.007495 -0.001168 0.482241 0.101486
-0.001166 -0.000217 0.101486 0.045050
