2.278546 1.873533 1.402935 -0.330861
2.040144 0.816075 -0.290558 -0.116226
0.816075 80.330504 -0.116226 -0.046491
-0.290558 -0.116226 4.103282 1.641348
-0.116226 -0.046491 1.641348 80.660620
2.873539 1.263236 1.256737 -0.307720
3.463211 6.156208 -1.386265 -2.164892
6.156208 18.047381 -2.418390 -4.556580
-1.386265 -2.418390 2.507519 4.030433
-2.164892 -4.556580 4.030433 19.139252
4.258675 2.181488 3.048634 2.205273
3.168865 3.395631 -1.253604 -1.212864
3.395631 5.361637 -1.286720 -1.609333
-1.253604 -1.286720 1.641897 1.910529
-1.212864 -1.609333 1.910529 4.907631
5.189752 2.050716 4.001200 2.042194
2.564933 1.975507 -0.850153 -0.564159
1.975507 2.212611 -0.589155 -0.567870
-0.850153 -0.589155 1.990426 1.855269
-0.564159 -0.567870 1.855269 2.612281
8.787107 3.591612 3.401565 1.015314
1.784402 1.080052 -0.545680 -0.294298
1.080052 1.004594 -0.294553 -0.262077
-0.545680 -0.294553 2.045574 1.447303
-0.294298 -0.262077 1.447303 1.409005
8.673473 2.622863 4.634894 1.372669
1.068675 0.544804 -0.135827 -0.046867
0.544804 0.482344 -0.053562 -0.080558
-0.135827 -0.053562 1.638206 0.924240
-0.046867 -0.080558 0.924240 0.728520
10.370235 2.797820 4.568658 1.020930
0.992531 0.450486 -0.193501 -0.085382
0.450486 0.334512 -0.087973 -0.079705
-0.193501 -0.087973 1.573428 0.738858
-0.085382 -0.079705 0.738858 0.474456
10.256156 2.182565 6.132143 1.448490
0.723929 0.293426 -0.135796 -0.056770
0.293426 0.207530 -0.058442 -0.050836
-0.135796 -0.058442 1.331096 0.534983
-0.056770 -0.050836 0.534983 0.301597
10.856863 2.001534 6.492796 1.324533
0.809028 0.301397 -0.165920 -0.065701
0.301397 0.176386 -0.066362 -0.043803
-0.165920 -0.066362 1.255766 0.444572
-0.065701 -0.043803 0.444572 0.220898
11.466777 1.868637 7.414151 1.409982
0.770703 0.260839 -0.169743 -0.060872
0.260839 0.137394 -0.061283 -0.034056
-0.169743 -0.061283 1.115426 0.353499
-0.060872 -0.034056 0.353499 0.161675
11.669762 1.636945 10.009946 1.959218
0.750278 0.232773 -0.177281 -0.057362
0.232773 0.111992 -0.057506 -0.027239
-0.177281 -0.057506 0.938882 0.271125
-0.057362 -0.027239 0.271125 0.119273
12.615598 1.674602 10.240209 1.758740
0.721647 0.206935 -0.182370 -0.053321
0.206935 0.093173 -0.053628 -0.022032
-0.182370 -0.053628 0.887830 0.237733
-0.053321 -0.022032 0.237733 0.099040
12.659723 1.462452 10.548578 1.619459
0.658367 0.176139 -0.213993 -0.056254
0.176139 0.077137 -0.057302 -0.019864
-0.213993 -0.057302 0.810556 0.203402
-0.056254 -0.019864 0.203402 0.082745
12.920702 1.343453 11.467178 1.645702
0.678845 0.171678 -0.198148 -0.047616
0.171678 0.070955 -0.048213 -0.015311
-0.198148 -0.048213 0.782830 0.186063
-0.047616 -0.015311 0.186063 0.073491
13.649588 1.360226 12.959714 1.798020
0.633718 0.152071 -0.174529 -0.038555
0.152071 0.062442 -0.038991 -0.011574
-0.174529 -0.038991 0.696240 0.157947
-0.038555 -0.011574 0.157947 0.063493
13.414129 1.148059 13.870189 1.796776
0.565765 0.130218 -0.151919 -0.031149
0.130218 0.054930 -0.031602 -0.008894
-0.151919 -0.031602 0.589279 0.129238
-0.031149 -0.008894 0.129238 0.054949
14.287253 1.214963 14.686006 1.780820
0.565812 0.126811 -0.125568 -0.023528
0.126811 0.052773 -0.023676 -0.006418
-0.125568 -0.023676 0.586432 0.126586
-0.023528 -0.006418 0.126586 0.053212
14.734793 1.187316 16.446984 1.965990
0.551126 0.120693 -0.098703 -0.016805
0.120693 0.050415 -0.017022 -0.004572
-0.098703 -0.017022 0.541659 0.115217
-0.016805 -0.004572 0.115217 0.049890
15.539211 1.235402 17.708899 2.027051
0.551521 0.118574 -0.086176 -0.013705
0.118574 0.049279 -0.013875 -0.003656
-0.086176 -0.013875 0.536616 0.113361
-0.013705 -0.003656 0.113361 0.048972
16.107066 1.229209 19.229674 2.133762
0.544538 0.115369 -0.061694 -0.008426
0.115369 0.048148 -0.008617 -0.002405
-0.061694 -0.008617 0.518453 0.108977
-0.008426 -0.002405 0.108977 0.047670
17.226008 1.336781 20.501293 2.180797
0.515760 0.107964 -0.049327 -0.006335
0.107964 0.046299 -0.006480 -0.001959
-0.049327 -0.006480 0.491170 0.102963
-0.006335 -0.001959 0.102963 0.046152
17.898378 1.334545 21.157563 2.089363
0.498227 0.103804 -0.034457 -0.003708
0.103804 0.045360 -0.003856 -0.001404
-0.034457 -0.003856 0.472683 0.099339
-0.003708 -0.001404 0.099339 0.045289
18.483636 1.316529 22.048611 2.056367
0.485758 0.101253 -0.003288 0.002274
0.101253 0.044879 0.002066 -0.000164
-0.003288 0.002066 0.460496 0.097378
0.002274 -0.000164 0.097378 0.044862
19.383961 1.367638 23.227068 2.089298
0.474227 0.098936 -0.010812 -0.000367
0.098936 0.044441 -0.000481 -0.000794
-0.010812 -0.000481 0.454512 0.096575
-0.000367 -0.000794 0.096575 0.044646
19.711335 1.292401 24.051096 2.041152
0.466939 0.097789 0.003230 0.002030
0.097789 0.044293 0.001885 -0.000275
0.003230 0.001885 0.448320 0.095767
0.002030 -0.000275 0.095767 0.044447
20.340236 1.289346 25.554320 2.144703
0.447568 0.094149 0.020580 0.005033
0.094149 0.043611 0.004858 0.000356
0.020580 0.004858 0.439117 0.094261
0.005033 0.000356 0.094261 0.044091
20.746175 1.238854 26.473897 2.111871
0.454299 0.096281 0.018581 0.003750
0.096281 0.044177 0.003614 0.000061
0.018581 0.003614 0.449579 0.097008
0.003750 0.000061 0.097008 0.044657
21.394315 1.245507 27.255710 2.052576
0.462298 0.098400 0.013689 0.002107
0.098400 0.044663 0.002007 -0.000254
0.013689 0.002007 0.461064 0.099617
0.002107 -0.000254 0.099617 0.045129
22.409290 1.329290 28.222065 2.038686
0.467585 0.099692 0.002549 -0.000596
0.099692 0.044917 -0.000670 -0.000750
0.002549 -0.000670 0.474384 0.102325
-0.000596 -0.000750 0.102325 0.045582
22.477429 1.202469 29.103167 2.010386
0.440299 0.093833 0.009353 0.000988
0.093833 0.043609 0.000879 -0.000268
0.009353 0.000879 0.464314 0.099678
0.000988 -0.000268 0.099678 0.044847
23.271371 1.244752 29.719015 1.926463
0.437728 0.093799 0.009659 0.000997
0.093799 0.043660 0.000900 -0.000178
0.009659 0.000900 0.465791 0.099812
0.000997 -0.000178 0.099812 0.044801
23.548365 1.169759 30.924435 1.979136
0.430367 0.092645 0.013920 0.001907
0.092645 0.043439 0.001786 0.000091
0.013920 0.001786 0.477795 0.102184
0.001907 0.000091 0.102184 0.045246
24.256224 1.196312 31.939613 1.984268
0.430155 0.093093 0.008420 0.000657
0.093093 0.043567 0.000512 -0.000131
0.008420 0.000512 0.488972 0.104183
0.000657 -0.000131 0.104183 0.045588
25.111878 1.252467 32.848779 1.966049
0.433556 0.094237 -0.013480 -0.003920
0.094237 0.043822 -0.004172 -0.001056
-0.013480 -0.004172 0.500273 0.106087
-0.003920 -0.001056 0.106087 0.045906
26.601986 1.439889 34.310682 2.065827
0.397281 0.086541 -0.040413 -0.009031
0.086541 0.042111 -0.009476 -0.002022
-0.040413 -0.009476 0.506982 0.106874
-0.009031 -0.002022 0.106874 0.045978
26.953803 1.358855 35.327281 2.062055
0.357533 0.078647 -0.045823 -0.009262
0.078647 0.040466 -0.009639 -0.001874
-0.045823 -0.009639 0.502864 0.105357
-0.009262 -0.001874 0.105357 0.045580
27.988949 1.437090 35.834967 1.953839
0.336913 0.075503 -0.046959 -0.008720
0.075503 0.039941 -0.008998 -0.001624
-0.046959 -0.008998 0.494009 0.103088
-0.008720 -0.001624 0.103088 0.045087
28.592942 1.411787 37.004833 1.993546
0.349762 0.079963 -0.056066 -0.009881
0.079963 0.041093 -0.010239 -0.001801
-0.056066 -0.010239 0.517080 0.107725
-0.009881 -0.001801 0.107725 0.046083
29.144166 1.377462 38.233540 2.040724
0.368628 0.085181 -0.054489 -0.008767
0.085181 0.042260 -0.009015 -0.001475
-0.054489 -0.009015 0.536227 0.111188
-0.008767 -0.001475 0.111188 0.046764
30.329880 1.493955 39.378591 2.070424
0.389358 0.090105 -0.053345 -0.007950
0.090105 0.043214 -0.008164 -0.001284
-0.053345 -0.008164 0.551493 0.113572
-0.007950 -0.001284 0.113572 0.047177
31.074071 1.495482 40.682818 2.125581
0.391528 0.090122 -0.050859 -0.007186
0.090122 0.042946 -0.007186 -0.001141
-0.050859 -0.007186 0.566674 0.115814
-0.007186 -0.001141 0.115814 0.047554
31.600819 1.445334 41.827831 2.140463
0.393867 0.090202 -0.045176 -0.005906
0.090202 0.042756 -0.005756 -0.000923
-0.045176 -0.005756 0.569015 0.115366
-0.005906 -0.000923 0.115366 0.047388
32.101336 1.393848 42.811192 2.121129
0.413462 0.094211 -0.042818 -0.005324
0.094211 0.043505 -0.005370 -0.000902
-0.042818 -0.005370 0.560180 0.112812
-0.005324 -0.000902 0.112812 0.046841
32.677111 1.363756 43.519419 2.049311
0.424336 0.095874 -0.035000 -0.003803
0.095874 0.043685 -0.003883 -0.000675
-0.035000 -0.003883 0.539132 0.108211
-0.003803 -0.000675 0.108211 0.045967
33.240625 1.337158 44.537210 2.047102
0.442750 0.099097 -0.031892 -0.003327
0.099097 0.044232 -0.003530 -0.000675
-0.031892 -0.003530 0.527283 0.105927
-0.003327 -0.000675 0.105927 0.045634
34.151072 1.385721 44.744420 1.883830
0.396364 0.088036 0.024857 0.007525
0.088036 0.041675 0.008319 0.001568
0.024857 0.008319 0.452671 0.091541
0.007525 0.001568 0.091541 0.042942
34.804473 1.376855 45.654558 1.877180
0.404536 0.089970 0.031902 0.007775
0.089970 0.042195 0.008448 0.001372
0.031902 0.008448 0.435641 0.089648
0.007775 0.001372 0.089648 0.042881
34.935805 1.253042 46.472366 1.851874
0.428254 0.095153 0.012343 0.002593
0.095153 0.043380 0.002878 0.000062
0.012343 0.002878 0.434811 0.091058
0.002593 0.000062 0.091058 0.043424
35.369548 1.210216 47.705615 1.917326
0.458385 0.101257 -0.003190 -0.001175
0.101257 0.044664 -0.001053 -0.000761
-0.003190 -0.001053 0.440284 0.093477
-0.001175 -0.000761 0.093477 0.044067
35.837999 1.180677 48.270445 1.833127
0.496109 0.108437 -0.021736 -0.005169
0.108437 0.046083 -0.005106 -0.001530
-0.021736 -0.005106 0.430168 0.092145
-0.005169 -0.001530 0.092145 0.043799
