1.106587 1.404739 5.445925 1.286370
41.575534 16.630574 -56.678344 -22.671829
16.630574 86.656440 -22.671829 -9.068928
-56.678344 -22.671829 81.080645 32.432961
-22.671829 -9.068928 32.432961 92.977532
1.239885 -1.407171 2.935480 -2.098521
70.571699 42.932290 -87.851543 -39.116261
42.932290 47.500996 -51.121084 -42.853603
-87.851543 -51.121084 113.001579 52.180819
-39.116261 -42.853603 52.180819 59.756332
-0.696609 -0.278868 10.424738 4.339660
112.313293 61.710779 -120.816660 -47.761487
61.710779 45.075217 -65.992718 -39.750333
-120.816660 -65.992718 131.522544 52.655675
-47.761487 -39.750333 52.655675 41.488988
-1.962510 -0.778181 13.629707 4.636975
6.997702 3.574072 -10.302861 -6.025136
3.574072 8.575666 -5.627450 -11.869561
-10.302861 -5.627450 18.164026 12.102264
-6.025136 -11.869561 12.102264 20.180067
-1.596026 -0.298333 15.153566 4.143322
3.474641 2.070801 -7.312583 -4.604491
2.070801 4.950084 -4.177840 -7.260323
-7.312583 -4.177840 20.244154 12.787950
-4.604491 -7.260323 12.787950 14.313822
1.528788 2.096996 12.247712 0.734596
2.684453 1.519689 -7.507027 -4.047425
1.519689 2.716971 -3.384120 -4.173676
-7.507027 -3.384120 27.667602 13.758732
-4.047425 -4.173676 13.758732 10.024548
2.328894 2.060466 14.058086 1.256641
4.543823 2.889829 -9.840868 -5.304298
2.889829 2.700755 -5.700929 -4.239011
-9.840868 -5.700929 25.470064 12.553785
-5.304298 -4.239011 12.553785 7.927095
3.434032 2.061708 14.193760 1.113011
7.259584 3.649760 -16.008940 -6.937353
3.649760 2.286208 -7.613311 -3.915098
-16.008940 -7.613311 39.216504 16.159385
-6.937353 -3.915098 16.159385 7.624231
4.406776 2.156408 16.148571 1.407579
10.776895 4.412608 -23.711189 -8.532444
4.412608 2.072378 -9.402889 -3.744406
-23.711189 -9.402889 55.446447 19.414186
-8.532444 -3.744406 19.414186 7.389003
3.844376 1.608709 20.628040 2.541114
9.579496 3.156896 -22.552110 -6.708194
3.156896 1.218133 -7.150402 -2.363892
-22.552110 -7.150402 56.556534 16.405169
-6.708194 -2.363892 16.405169 5.158779
5.925100 1.967405 18.816919 1.746558
1.161952 0.326253 -2.809417 -0.723973
0.326253 0.226333 -0.436780 -0.288375
-2.809417 -0.436780 11.664950 2.536549
-0.723973 -0.288375 2.536549 0.840343
6.953504 1.969424 19.414295 1.694696
1.125930 0.290515 -3.023551 -0.708841
0.290515 0.177194 -0.429948 -0.232225
-3.023551 -0.429948 13.856065 2.776543
-0.708841 -0.232225 2.776543 0.782541
9.327575 2.450998 19.075099 1.238765
0.960891 0.216595 -3.040162 -0.634392
0.216595 0.128037 -0.356519 -0.171341
-3.040162 -0.356519 15.884219 2.907836
-0.634392 -0.171341 2.907836 0.710849
10.557924 2.452356 19.685036 1.236542
1.121859 0.245649 -3.654417 -0.713179
0.245649 0.116508 -0.508444 -0.173248
-3.654417 -0.508444 18.154559 3.168949
-0.713179 -0.173248 3.168949 0.701576
11.558096 2.354145 19.841150 1.217093
1.243611 0.257146 -4.179219 -0.756115
0.257146 0.105571 -0.576375 -0.162374
-4.179219 -0.576375 20.873734 3.417836
-0.756115 -0.162374 3.417836 0.685620
12.712392 2.327402 19.944424 1.158663
1.350332 0.260196 -4.708373 -0.787897
0.260196 0.094662 -0.638932 -0.152147
-4.708373 -0.638932 23.435610 3.608146
-0.787897 -0.152147 3.608146 0.664065
14.394353 2.543801 22.154044 1.280163
1.423489 0.254739 -5.156245 -0.799626
0.254739 0.082637 -0.727888 -0.146333
-5.156245 -0.727888 24.204100 3.546624
-0.799626 -0.146333 3.546624 0.613894
14.826688 2.394068 25.654199 1.701996
0.809676 0.148781 -2.630663 -0.392369
0.148781 0.062751 -0.248375 -0.066419
-2.630663 -0.248375 15.394892 2.050174
-0.392369 -0.066419 2.050174 0.358483
16.746402 2.483067 22.876058 1.229289
0.326186 0.099481 0.223169 -0.008645
0.099481 0.057353 0.120129 -0.013898
0.223169 0.120129 1.786547 0.173794
-0.008645 -0.013898 0.173794 0.094822
17.717413 2.410185 23.692666 1.286425
0.399079 0.117830 0.281626 -0.010024
0.117830 0.059106 0.114666 -0.012370
0.281626 0.114666 1.969650 0.219842
-0.010024 -0.012370 0.219842 0.098843
19.008703 2.434382 24.404309 1.285871
0.475555 0.133796 0.415543 0.002254
0.133796 0.060208 0.130049 -0.007617
0.415543 0.130049 2.006101 0.231454
0.002254 -0.007617 0.231454 0.096222
20.209449 2.429778 25.881099 1.411976
0.620911 0.164112 0.494144 0.001040
0.164112 0.064932 0.130138 -0.006915
0.494144 0.130138 1.932754 0.230100
0.001040 -0.006915 0.230100 0.093366
21.118133 2.359508 25.510089 1.278524
0.738806 0.183844 0.264595 -0.041062
0.183844 0.066818 0.062000 -0.015420
0.264595 0.062000 0.721770 0.082827
-0.041062 -0.015420 0.082827 0.072302
21.764560 2.248614 24.881986 1.105429
0.861440 0.202111 0.093978 -0.072588
0.202111 0.068375 0.018300 -0.020206
0.093978 0.018300 0.328721 0.049506
-0.072588 -0.020206 0.049506 0.067025
22.652151 2.207378 24.635823 0.945182
1.022342 0.225378 0.005034 -0.090325
0.225378 0.070834 -0.002226 -0.021484
0.005034 -0.002226 0.243027 0.054741
-0.090325 -0.021484 0.054741 0.066002
23.821858 2.220600 25.147908 0.951333
1.170524 0.242750 -0.084375 -0.104702
0.242750 0.071928 -0.020545 -0.022201
-0.084375 -0.020545 0.293406 0.085831
-0.104702 -0.022201 0.085831 0.070395
24.483773 2.133800 25.486288 0.934200
1.093709 0.214436 -0.234276 -0.122440
0.214436 0.064222 -0.047441 -0.023474
-0.234276 -0.047441 0.366844 0.117602
-0.122440 -0.023474 0.117602 0.074378
25.424362 2.110337 26.027472 0.959515
1.096759 0.204820 -0.360018 -0.137496
0.204820 0.061116 -0.065780 -0.024104
-0.360018 -0.065780 0.494670 0.154535
-0.137496 -0.024104 0.154535 0.079040
25.934907 2.007841 26.320840 0.914052
1.075226 0.191343 -0.528781 -0.163611
0.191343 0.057643 -0.089317 -0.026750
-0.528781 -0.089317 0.649570 0.190515
-0.163611 -0.026750 0.190515 0.082873
26.643027 1.952272 26.732581 0.900827
1.131331 0.193097 -0.690497 -0.185222
0.193097 0.057296 -0.108250 -0.028350
-0.690497 -0.108250 0.848312 0.229594
-0.185222 -0.028350 0.229594 0.086864
27.023145 1.829987 26.838958 0.801209
1.190783 0.193858 -0.889131 -0.213511
0.193858 0.056560 -0.131667 -0.031237
-0.889131 -0.131667 1.072665 0.266392
-0.213511 -0.031237 0.266392 0.089573
28.126838 1.870384 27.333524 0.830384
1.331929 0.210190 -1.075126 -0.232494
0.210190 0.058955 -0.148747 -0.031989
-1.075126 -0.148747 1.352980 0.310025
-0.232494 -0.031989 0.310025 0.093870
28.986372 1.858224 27.801512 0.840274
1.437470 0.217502 -1.273198 -0.252781
0.217502 0.059345 -0.165313 -0.032991
-1.273198 -0.165313 1.673348 0.354977
-0.252781 -0.032991 0.354977 0.097934
30.585621 1.996957 28.331794 0.893717
1.609981 0.236254 -1.494920 -0.272833
0.236254 0.061859 -0.183198 -0.033822
-1.494920 -0.183198 2.043911 0.402883
-0.272833 -0.033822 0.402883 0.102257
31.254863 1.929773 28.740807 0.870862
1.663083 0.229962 -1.716900 -0.295512
0.229962 0.059378 -0.198077 -0.035103
-1.716900 -0.198077 2.458316 0.452794
-0.295512 -0.035103 0.452794 0.106468
32.652086 2.017540 29.206277 0.897343
1.803710 0.240240 -1.970204 -0.317523
0.240240 0.060243 -0.216074 -0.036166
-1.970204 -0.216074 2.923228 0.504339
-0.317523 -0.036166 0.504339 0.110658
33.839393 2.062276 29.803698 0.934786
1.897724 0.241152 -2.217731 -0.337934
0.241152 0.059456 -0.229625 -0.036760
-2.217731 -0.229625 3.437701 0.558809
-0.337934 -0.036760 0.558809 0.115137
34.213163 1.954715 30.647547 0.971798
1.960225 0.235140 -2.483221 -0.360776
0.235140 0.057339 -0.243752 -0.037793
-2.483221 -0.243752 4.006116 0.615370
-0.360776 -0.037793 0.615370 0.119502
35.472568 2.044452 31.637815 1.074576
2.169051 0.255179 -2.819322 -0.386023
0.255179 0.059789 -0.271179 -0.039788
-2.819322 -0.271179 4.596294 0.665399
-0.386023 -0.039788 0.665399 0.122256
36.734189 2.127322 32.694929 1.174065
2.410249 0.278300 -3.189257 -0.412683
0.278300 0.062317 -0.303860 -0.042344
-3.189257 -0.303860 5.195405 0.709844
-0.412683 -0.042344 0.709844 0.123900
37.437692 2.048200 33.189839 1.140670
2.667669 0.300779 -3.594962 -0.441691
0.300779 0.064020 -0.344301 -0.045960
-3.594962 -0.344301 5.759667 0.742637
-0.441691 -0.045960 0.742637 0.123598
38.290991 2.005967 33.650819 1.114553
2.957248 0.326828 -4.022710 -0.469764
0.326828 0.066395 -0.384221 -0.048983
-4.022710 -0.384221 6.355049 0.776621
-0.469764 -0.048983 0.776621 0.123798
39.266270 2.037951 34.743468 1.194228
3.271337 0.353786 -4.481919 -0.498930
0.353786 0.068982 -0.421244 -0.051298
-4.481919 -0.421244 7.042921 0.820446
-0.498930 -0.051298 0.820446 0.125608
40.306825 2.063870 35.640274 1.239799
3.627156 0.386505 -4.952396 -0.525113
0.386505 0.072180 -0.463390 -0.053911
-4.952396 -0.463390 7.658353 0.849602
-0.525113 -0.053911 0.849602 0.125415
41.514612 2.078516 35.969426 1.208100
4.015510 0.421734 -5.442629 -0.550518
0.421734 0.075444 -0.508237 -0.056628
-5.442629 -0.508237 8.245619 0.871996
-0.550518 -0.056628 0.871996 0.124486
42.641727 2.114120 36.812675 1.247606
4.414680 0.450764 -6.005610 -0.584181
0.450764 0.077555 -0.548266 -0.058910
-6.005610 -0.548266 9.044564 0.919384
-0.584181 -0.058910 0.919384 0.126861
43.772343 2.104376 37.109719 1.206398
4.842992 0.481014 -6.603078 -0.618651
0.481014 0.079539 -0.591552 -0.061477
-6.603078 -0.591552 9.856664 0.963427
-0.618651 -0.061477 0.963427 0.128642
45.196164 2.198450 37.965857 1.266136
5.257703 0.504694 -7.222579 -0.654990
0.504694 0.080783 -0.625815 -0.063114
-7.222579 -0.625815 10.804033 1.022307
-0.654990 -0.063114 1.022307 0.132342
46.020835 2.150751 38.691216 1.260095
5.667930 0.523816 -7.872785 -0.693564
0.523816 0.081054 -0.660375 -0.065060
-7.872785 -0.660375 11.805524 1.082687
-0.693564 -0.065060 1.082687 0.135899
46.761055 2.056343 38.966887 1.188539
6.128873 0.548514 -8.571853 -0.732743
0.548514 0.081996 -0.701345 -0.067402
-8.571853 -0.701345 12.829578 1.138862
-0.732743 -0.067402 1.138862 0.138666
