2.772808 2.071242 2.315889 0.034328
2.422125 0.968871 -0.172563 -0.069027
0.968871 80.391623 -0.069027 -0.027611
-0.172563 -0.069027 2.414279 0.965733
-0.069027 -0.027611 0.965733 80.390368
4.731595 3.670251 1.066883 -2.171881
2.263595 3.965975 -0.094647 -0.131947
3.965975 15.195628 -0.131316 -0.671459
-0.094647 -0.131316 2.301261 4.033564
-0.131947 -0.671459 4.033564 15.294067
5.487974 2.425339 0.778208 -1.253571
2.041315 2.354001 -0.090850 -0.107410
2.354001 4.578719 -0.107329 -0.244547
-0.090850 -0.107329 2.077869 2.389416
-0.107410 -0.244547 2.389416 4.613434
6.911696 2.598838 1.720612 0.057098
1.705951 1.430081 -0.060014 -0.054140
1.430081 1.888877 -0.054078 -0.090357
-0.060014 -0.054078 1.737694 1.452102
-0.054140 -0.090357 1.452102 1.906371
6.900850 1.735219 2.196500 0.354133
1.484414 0.977251 -0.050707 -0.037226
0.977251 0.973138 -0.037190 -0.045905
-0.050707 -0.037190 1.508447 0.989984
-0.037226 -0.045905 0.989984 0.981658
5.096237 0.288358 2.358675 0.352522
1.286691 0.696858 -0.073615 -0.042847
0.696858 0.562144 -0.042858 -0.034724
-0.073615 -0.042858 1.300679 0.702507
-0.042847 -0.034724 0.702507 0.565678
6.265341 0.758820 4.094888 1.068622
1.139107 0.524988 -0.046024 -0.022589
0.524988 0.357795 -0.022573 -0.016843
-0.046024 -0.022573 1.148071 0.528025
-0.022589 -0.016843 0.528025 0.359746
8.267991 1.409148 6.872478 1.967453
1.033620 0.415546 -0.047960 -0.020302
0.415546 0.246374 -0.020292 -0.012253
-0.047960 -0.020292 1.037870 0.416662
-0.020302 -0.012253 0.416662 0.247328
8.927429 1.393179 7.601167 1.876427
0.932855 0.333329 -0.037279 -0.013905
0.333329 0.177529 -0.013898 -0.007651
-0.037279 -0.013898 0.937209 0.334632
-0.013905 -0.007651 0.334632 0.178435
10.584099 1.702937 9.118681 2.062987
0.859495 0.277544 -0.022505 -0.007653
0.277544 0.135446 -0.007647 -0.004332
-0.022505 -0.007647 0.864030 0.278913
-0.007653 -0.004332 0.278913 0.136243
11.173140 1.625470 9.811837 1.963040
0.797744 0.235997 -0.014686 -0.004738
0.235997 0.107749 -0.004734 -0.002775
-0.014686 -0.004734 0.801813 0.237176
-0.004738 -0.002775 0.237176 0.108375
11.584696 1.515796 10.104972 1.774406
0.740227 0.203087 -0.011700 -0.003633
0.203087 0.088595 -0.003631 -0.002041
-0.011700 -0.003631 0.744372 0.204230
-0.003633 -0.002041 0.204230 0.089125
12.956485 1.673401 11.696013 1.955223
0.700766 0.180388 -0.007644 -0.002386
0.180388 0.076027 -0.002383 -0.001417
-0.007644 -0.002383 0.703975 0.181223
-0.002386 -0.001417 0.181223 0.076408
14.403258 1.822002 12.982742 2.030240
0.657718 0.160417 -0.006035 -0.001882
0.160417 0.066579 -0.001881 -0.001085
-0.006035 -0.001881 0.660806 0.161182
-0.001882 -0.001085 0.161182 0.066896
14.663078 1.669648 14.581441 2.166863
0.623526 0.145547 -0.005466 -0.001659
0.145547 0.060045 -0.001657 -0.000875
-0.005466 -0.001657 0.624609 0.145804
-0.001659 -0.000875 0.145804 0.060206
14.984386 1.554120 15.286187 2.081789
0.596442 0.134432 -0.004719 -0.001400
0.134432 0.055492 -0.001397 -0.000694
-0.004719 -0.001397 0.597040 0.134587
-0.001400 -0.000694 0.134587 0.055610
16.035487 1.614204 16.362465 2.089416
0.574117 0.125914 -0.004629 -0.001298
0.125914 0.052264 -0.001296 -0.000578
-0.004629 -0.001296 0.574698 0.126074
-0.001298 -0.000578 0.126074 0.052368
17.080264 1.665152 17.699113 2.152063
0.553277 0.118870 -0.005314 -0.001361
0.118870 0.049868 -0.001359 -0.000515
-0.005314 -0.001359 0.553617 0.118980
-0.001361 -0.000515 0.118980 0.049948
17.407165 1.558137 18.546594 2.103783
0.538084 0.113938 -0.004948 -0.001188
0.113938 0.048279 -0.001186 -0.000416
-0.004948 -0.001186 0.538061 0.113973
-0.001188 -0.000416 0.113973 0.048332
17.843118 1.486213 19.470745 2.077034
0.524439 0.109959 -0.003949 -0.000897
0.109959 0.047121 -0.000896 -0.000308
-0.003949 -0.000896 0.524155 0.109944
-0.000897 -0.000308 0.109944 0.047156
18.612506 1.491674 20.963659 2.171787
0.515502 0.107446 -0.001589 -0.000351
0.107446 0.046426 -0.000350 -0.000161
-0.001589 -0.000350 0.515060 0.107404
-0.000351 -0.000161 0.107404 0.046449
19.133333 1.444924 22.244713 2.212357
0.505877 0.105091 -0.000442 -0.000108
0.105091 0.045855 -0.000107 -0.000093
-0.000442 -0.000107 0.505337 0.105034
-0.000108 -0.000093 0.105034 0.045869
19.957467 1.466025 23.354637 2.213129
0.497047 0.103159 -0.004342 -0.000930
0.103159 0.045436 -0.000929 -0.000252
-0.004342 -0.000929 0.496620 0.103129
-0.000930 -0.000252 0.103129 0.045452
20.705056 1.469027 24.160571 2.150645
0.491613 0.102123 -0.005244 -0.001047
0.102123 0.045242 -0.001047 -0.000253
-0.005244 -0.001047 0.491255 0.102106
-0.001047 -0.000253 0.102106 0.045256
21.464677 1.474208 25.057936 2.113599
0.488698 0.101697 -0.001457 -0.000183
0.101697 0.045186 -0.000183 -0.000053
-0.001457 -0.000183 0.488472 0.101704
-0.000183 -0.000053 0.101704 0.045201
22.373833 1.510128 26.323606 2.157208
0.484825 0.101087 0.000364 0.000185
0.101087 0.045088 0.000185 0.000024
0.000364 0.000185 0.484949 0.101160
0.000185 0.000024 0.101160 0.045112
22.693134 1.419039 27.197265 2.114307
0.483564 0.101050 0.000910 0.000256
0.101050 0.045108 0.000256 0.000033
0.000910 0.000256 0.483881 0.101152
0.000256 0.000033 0.101152 0.045134
22.542898 1.239026 28.286347 2.120955
0.482701 0.101067 0.001918 0.000423
0.101067 0.045127 0.000423 0.000064
0.001918 0.000423 0.483478 0.101251
0.000423 0.000064 0.101251 0.045167
23.129181 1.232074 29.091445 2.067399
0.483247 0.101346 0.001547 0.000293
0.101346 0.045192 0.000293 0.000031
0.001547 0.000293 0.484189 0.101544
0.000293 0.000031 0.101544 0.045230
23.030697 1.082092 29.904588 2.021199
0.483909 0.101594 0.002864 0.000537
0.101594 0.045237 0.000537 0.000082
0.002864 0.000537 0.485200 0.101845
0.000537 0.000082 0.101845 0.045284
23.109182 0.985000 30.570488 1.948924
0.486124 0.102123 0.001737 0.000250
0.102123 0.045334 0.000250 0.000019
0.001737 0.000250 0.487591 0.102389
0.000250 0.000019 0.102389 0.045381
23.635748 0.992131 31.642858 1.969470
0.484439 0.101765 0.002904 0.000482
0.101765 0.045235 0.000482 0.000072
0.002904 0.000482 0.486638 0.102164
0.000482 0.000072 0.102164 0.045308
24.558428 1.081733 32.733085 1.991475
0.481877 0.101248 0.002136 0.000290
0.101248 0.045111 0.000289 0.000032
0.002136 0.000289 0.484836 0.101778
0.000290 0.000032 0.101778 0.045209
25.262588 1.116025 33.842195 2.015224
0.480462 0.101012 0.000290 -0.000105
0.101012 0.045057 -0.000106 -0.000046
0.000290 -0.000106 0.484269 0.101683
-0.000105 -0.000046 0.101683 0.045180
25.539561 1.056889 34.885576 2.022814
0.477979 0.100560 -0.000170 -0.000168
0.100560 0.044959 -0.000169 -0.000048
-0.000170 -0.000169 0.482800 0.101399
-0.000168 -0.000048 0.101399 0.045114
25.806731 1.001963 35.417177 1.922052
0.473512 0.099717 -0.000890 -0.000282
0.099717 0.044785 -0.000283 -0.000062
-0.000890 -0.000283 0.478665 0.100575
-0.000282 -0.000062 0.100575 0.044938
26.227649 0.985108 36.079214 1.859169
0.474450 0.100075 -0.000381 -0.000131
0.100075 0.044873 -0.000132 -0.000021
-0.000381 -0.000132 0.479963 0.100960
-0.000131 -0.000021 0.100960 0.045030
26.576596 0.954796 36.847357 1.825198
0.474427 0.100170 -0.001912 -0.000429
0.100170 0.044892 -0.000431 -0.000080
-0.001912 -0.000431 0.480655 0.101164
-0.000429 -0.000080 0.101164 0.045071
27.837356 1.120312 37.750561 1.823258
0.475179 0.100401 -0.003067 -0.000623
0.100401 0.044934 -0.000625 -0.000114
-0.003067 -0.000625 0.481910 0.101456
-0.000623 -0.000114 0.101456 0.045125
28.121255 1.061885 38.448426 1.778209
0.471567 0.099671 -0.002134 -0.000366
0.099671 0.044767 -0.000367 -0.000052
-0.002134 -0.000367 0.479263 0.100891
-0.000366 -0.000052 0.100891 0.044993
28.806535 1.094592 39.576532 1.828579
0.468756 0.099168 -0.003551 -0.000638
0.099168 0.044661 -0.000639 -0.000109
-0.003551 -0.000639 0.477993 0.100666
-0.000638 -0.000109 0.100666 0.044945
29.214594 1.065080 40.435790 1.816936
0.466740 0.098863 -0.003529 -0.000586
0.098863 0.044601 -0.000587 -0.000095
-0.003529 -0.000587 0.477134 0.100540
-0.000586 -0.000095 0.100540 0.044919
29.950254 1.108069 41.122062 1.770173
0.467673 0.099189 -0.004766 -0.000811
0.099189 0.044676 -0.000813 -0.000142
-0.004766 -0.000813 0.478424 0.100868
-0.000811 -0.000142 0.100868 0.044990
31.024857 1.218435 41.759299 1.718180
0.467549 0.099238 -0.005309 -0.000876
0.099238 0.044679 -0.000878 -0.000153
-0.005309 -0.000878 0.478379 0.100874
-0.000876 -0.000153 0.100874 0.044984
31.481839 1.186382 43.065750 1.812430
0.463368 0.098402 -0.009097 -0.001630
0.098402 0.044491 -0.001636 -0.000312
-0.009097 -0.001636 0.476785 0.100544
-0.001630 -0.000312 0.100544 0.044907
31.812758 1.130719 44.094759 1.838110
0.463629 0.098577 -0.009268 -0.001556
0.098577 0.044533 -0.001559 -0.000283
-0.009268 -0.001559 0.478718 0.100989
-0.001556 -0.000283 0.100989 0.045000
32.432309 1.142187 44.951927 1.825112
0.466728 0.099315 -0.011253 -0.001885
0.099315 0.044685 -0.001890 -0.000347
-0.011253 -0.001890 0.482514 0.101774
-0.001885 -0.000347 0.101774 0.045156
32.994238 1.140263 45.884920 1.829408
0.467903 0.099559 -0.011221 -0.001774
0.099559 0.044717 -0.001777 -0.000316
-0.011221 -0.001777 0.484853 0.102179
-0.001774 -0.000316 0.102179 0.045219
34.493256 1.338698 47.385467 1.954064
0.466941 0.099317 -0.012573 -0.001985
0.099317 0.044643 -0.001988 -0.000361
-0.012573 -0.001988 0.485775 0.102254
-0.001985 -0.000361 0.102254 0.045211
35.832303 1.481362 48.496967 1.983405
0.467728 0.099466 -0.015762 -0.002574
0.099466 0.044660 -0.002583 -0.000485
-0.015762 -0.002583 0.487269 0.102452
-0.002574 -0.000485 0.102452 0.045235
