4.958454 2.945519 0.670064 -0.624016
2.417180 0.966893 -0.058902 -0.023561
0.966893 80.390832 -0.023561 -0.009425
-0.058902 -0.023561 2.438592 0.975458
-0.023561 -0.009425 0.975458 80.394258
7.008947 3.966736 2.009450 2.270740
2.262428 3.965948 -0.011842 -0.009151
3.965948 15.188992 -0.009056 -0.166268
-0.011842 -0.009056 2.285188 4.001591
-0.009151 -0.166268 4.001591 15.306083
7.672791 2.448561 1.414240 0.278962
1.962130 2.262779 -0.071158 -0.085969
2.262779 4.470899 -0.086012 -0.140375
-0.071158 -0.086012 1.990311 2.293918
-0.085969 -0.140375 2.293918 4.521686
10.374980 3.695089 3.358187 1.798779
1.701743 1.433083 -0.047601 -0.038269
1.433083 1.893640 -0.038273 -0.044363
-0.047601 -0.038273 1.724184 1.450671
-0.038269 -0.044363 1.450671 1.913991
9.561885 1.939687 4.544476 1.985373
1.480929 0.977195 -0.028553 -0.017398
0.977195 0.972250 -0.017397 -0.017328
-0.028553 -0.017397 1.495230 0.985810
-0.017398 -0.017328 0.985810 0.980747
9.426830 1.340484 5.048245 1.719964
1.290125 0.699385 -0.039806 -0.021004
0.699385 0.562430 -0.021008 -0.014925
-0.039806 -0.021008 1.301623 0.705279
-0.021004 -0.014925 0.705279 0.567351
10.071922 1.329101 6.257832 1.881033
1.140779 0.525725 -0.033566 -0.014784
0.525725 0.357226 -0.014787 -0.008893
-0.033566 -0.014787 1.149596 0.529666
-0.014784 -0.008893 0.529666 0.360162
9.286304 0.746473 7.235407 1.895023
1.031769 0.414525 -0.033429 -0.012791
0.414525 0.245287 -0.012795 -0.006486
-0.033429 -0.012795 1.036815 0.416545
-0.012791 -0.006486 0.416545 0.246863
9.148632 0.563606 7.538051 1.664351
0.934713 0.333732 -0.018381 -0.005912
0.333732 0.177209 -0.005916 -0.003014
-0.018381 -0.005916 0.938871 0.335306
-0.005912 -0.003014 0.335306 0.178325
10.778906 0.998759 8.700180 1.771518
0.855902 0.276090 -0.011518 -0.003284
0.276090 0.134632 -0.003287 -0.001754
-0.011518 -0.003287 0.860487 0.277695
-0.003284 -0.001754 0.277695 0.135556
12.237750 1.282670 10.674757 2.093788
0.796935 0.235550 -0.013849 -0.003859
0.235550 0.107383 -0.003860 -0.001697
-0.013849 -0.003860 0.800257 0.236648
-0.003859 -0.001697 0.236648 0.108005
12.453176 1.165714 10.884005 1.863945
0.737830 0.202250 -0.012211 -0.003164
0.202250 0.088195 -0.003165 -0.001295
-0.012211 -0.003165 0.740893 0.203197
-0.003164 -0.001295 0.203197 0.088677
13.387329 1.255715 10.253149 1.461811
0.693685 0.178438 -0.009790 -0.002355
0.178438 0.075405 -0.002355 -0.000937
-0.009790 -0.002355 0.697967 0.179630
-0.002355 -0.000937 0.179630 0.075879
13.671159 1.171958 11.646056 1.623233
0.658494 0.160592 -0.009940 -0.002279
0.160592 0.066553 -0.002280 -0.000817
-0.009940 -0.002280 0.661316 0.161328
-0.002279 -0.000817 0.161328 0.066854
13.590628 1.016478 12.684919 1.676104
0.622951 0.145370 -0.005068 -0.001025
0.145370 0.059944 -0.001026 -0.000441
-0.005068 -0.001026 0.624692 0.145806
-0.001025 -0.000441 0.145806 0.060138
14.106671 1.018505 14.917687 1.990427
0.598755 0.134914 -0.005472 -0.001117
0.134914 0.055553 -0.001118 -0.000420
-0.005472 -0.001118 0.599162 0.135029
-0.001117 -0.000420 0.135029 0.055651
14.615541 1.018373 15.654025 1.933671
0.576776 0.126418 -0.004450 -0.000867
0.126418 0.052329 -0.000868 -0.000327
-0.004450 -0.000868 0.577068 0.126516
-0.000867 -0.000327 0.126516 0.052410
15.616873 1.123908 16.058664 1.813048
0.553589 0.118824 -0.002406 -0.000417
0.118824 0.049815 -0.000418 -0.000201
-0.002406 -0.000418 0.554168 0.118987
-0.000417 -0.000201 0.118987 0.049899
16.525654 1.197271 16.860891 1.791022
0.535667 0.113328 0.000766 0.000233
0.113328 0.048118 0.000232 -0.000047
0.000766 0.000232 0.536256 0.113487
0.000233 -0.000047 0.113487 0.048190
17.167805 1.206393 18.155276 1.874646
0.522618 0.109540 0.001993 0.000420
0.109540 0.047019 0.000419 -0.000003
0.001993 0.000419 0.522933 0.109633
0.000420 -0.000003 0.109633 0.047069
17.549844 1.160279 19.220088 1.901254
0.515125 0.107369 0.003730 0.000710
0.107369 0.046406 0.000710 0.000062
0.003730 0.000710 0.515221 0.107413
0.000710 0.000062 0.107413 0.046439
18.735700 1.286066 20.355417 1.939459
0.504283 0.104767 0.001884 0.000245
0.104767 0.045785 0.000244 -0.000033
0.001884 0.000244 0.504429 0.104821
0.000245 -0.000033 0.104821 0.045815
19.879945 1.390083 21.447498 1.964695
0.496922 0.103168 0.000502 -0.000066
0.103168 0.045441 -0.000066 -0.000086
0.000502 -0.000066 0.497093 0.103224
-0.000066 -0.000086 0.103224 0.045467
20.513933 1.377334 22.627453 2.005781
0.490984 0.102021 -0.001396 -0.000446
0.102021 0.045222 -0.000446 -0.000148
-0.001396 -0.000446 0.491102 0.102062
-0.000446 -0.000148 0.102062 0.045242
20.756304 1.284225 24.599075 2.207557
0.485042 0.100968 -0.002290 -0.000580
0.100968 0.045036 -0.000580 -0.000155
-0.002290 -0.000580 0.485178 0.101010
-0.000580 -0.000155 0.101010 0.045053
21.494187 1.304198 25.868124 2.242044
0.481675 0.100525 -0.002897 -0.000645
0.100525 0.044983 -0.000646 -0.000150
-0.002897 -0.000646 0.481891 0.100580
-0.000645 -0.000150 0.100580 0.045001
21.770867 1.225637 26.899763 2.223322
0.480375 0.100519 -0.001421 -0.000274
0.100519 0.045014 -0.000274 -0.000058
-0.001421 -0.000274 0.480642 0.100580
-0.000274 -0.000058 0.100580 0.045031
22.077417 1.161439 28.382121 2.301038
0.478461 0.100346 -0.001648 -0.000301
0.100346 0.044995 -0.000301 -0.000060
-0.001648 -0.000301 0.478993 0.100457
-0.000301 -0.000060 0.100457 0.045021
22.292962 1.084755 29.978770 2.394736
0.475135 0.099854 -0.001411 -0.000231
0.099854 0.044901 -0.000231 -0.000042
-0.001411 -0.000231 0.476077 0.100042
-0.000231 -0.000042 0.100042 0.044941
23.030984 1.125889 30.731146 2.301070
0.475933 0.100240 -0.000596 -0.000047
0.100240 0.044991 -0.000047 -0.000003
-0.000596 -0.000047 0.476875 0.100412
-0.000047 -0.000003 0.100412 0.045024
23.405016 1.085973 31.403348 2.200192
0.474870 0.100159 0.001160 0.000315
0.100159 0.044965 0.000315 0.000070
0.001160 0.000315 0.475870 0.100331
0.000315 0.000070 0.100331 0.044997
23.661008 1.025342 32.057234 2.105995
0.475213 0.100351 0.002459 0.000547
0.100351 0.044994 0.000547 0.000111
0.002459 0.000547 0.476316 0.100535
0.000547 0.000111 0.100535 0.045027
24.303516 1.052776 33.165226 2.117601
0.476818 0.100765 0.002534 0.000504
0.100765 0.045063 0.000504 0.000091
0.002534 0.000504 0.478325 0.101024
0.000504 0.000091 0.101024 0.045112
24.955152 1.079277 34.052914 2.081441
0.477551 0.100935 0.001102 0.000154
0.100935 0.045073 0.000154 0.000012
0.001102 0.000154 0.479348 0.101240
0.000154 0.000012 0.101240 0.045130
25.615749 1.104938 34.539747 1.964473
0.478755 0.101176 0.002799 0.000505
0.101176 0.045097 0.000506 0.000089
0.002799 0.000506 0.480546 0.101461
0.000505 0.000089 0.101461 0.045148
26.302355 1.133353 35.214244 1.899498
0.478190 0.101013 0.001421 0.000177
0.101013 0.045035 0.000177 0.000016
0.001421 0.000177 0.480216 0.101336
0.000177 0.000016 0.101336 0.045094
26.802406 1.119327 35.995446 1.863964
0.479161 0.101189 0.000038 -0.000116
0.101189 0.045053 -0.000117 -0.000041
0.000038 -0.000117 0.481557 0.101576
-0.000116 -0.000041 0.101576 0.045125
27.712792 1.193298 37.223301 1.926263
0.477303 0.100749 -0.001849 -0.000485
0.100749 0.044942 -0.000486 -0.000110
-0.001849 -0.000486 0.480437 0.101275
-0.000485 -0.000110 0.101275 0.045042
28.553947 1.244905 38.207477 1.930680
0.477454 0.100777 -0.000777 -0.000198
0.100777 0.044941 -0.000198 -0.000036
-0.000777 -0.000198 0.481054 0.101373
-0.000198 -0.000036 0.101373 0.045054
29.243915 1.259153 39.294659 1.956345
0.476105 0.100484 -0.001095 -0.000238
0.100484 0.044873 -0.000238 -0.000040
-0.001095 -0.000238 0.480389 0.101195
-0.000238 -0.000040 0.101195 0.045008
29.552028 1.191300 40.422964 1.987952
0.473960 0.100050 -0.001341 -0.000262
0.100050 0.044781 -0.000263 -0.000042
-0.001341 -0.000263 0.479178 0.100923
-0.000262 -0.000042 0.100923 0.044947
30.144836 1.190729 41.719275 2.051635
0.473423 0.099992 -0.003397 -0.000670
0.099992 0.044776 -0.000671 -0.000126
-0.003397 -0.000671 0.479588 0.101020
-0.000670 -0.000126 0.101020 0.044971
30.971326 1.239486 42.360963 1.970773
0.473603 0.100084 -0.004444 -0.000830
0.100084 0.044800 -0.000832 -0.000152
-0.004444 -0.000832 0.479775 0.101059
-0.000830 -0.000152 0.101059 0.044979
31.723604 1.267536 43.432727 1.989016
0.474432 0.100295 -0.005369 -0.000958
0.100295 0.044845 -0.000960 -0.000172
-0.005369 -0.000960 0.481230 0.101363
-0.000958 -0.000172 0.101363 0.045043
32.244169 1.243243 43.718886 1.839799
0.476104 0.100658 -0.005302 -0.000875
0.100658 0.044916 -0.000877 -0.000148
-0.005302 -0.000877 0.482586 0.101617
-0.000875 -0.000148 0.101617 0.045091
32.566845 1.180045 44.620683 1.835807
0.475365 0.100473 -0.006027 -0.000978
0.100473 0.044866 -0.000980 -0.000168
-0.006027 -0.000980 0.482703 0.101590
-0.000978 -0.000168 0.101590 0.045077
32.795118 1.103146 44.916342 1.704639
0.475201 0.100430 -0.004070 -0.000516
0.100430 0.044852 -0.000516 -0.000070
-0.004070 -0.000516 0.482570 0.101521
-0.000516 -0.000070 0.101521 0.045058
33.392435 1.112926 45.927725 1.738126
0.474607 0.100298 -0.005190 -0.000755
0.100298 0.044820 -0.000755 -0.000130
-0.005190 -0.000755 0.482887 0.101558
-0.000755 -0.000130 0.101558 0.045064
34.294830 1.186241 47.068510 1.795517
0.474611 0.100304 -0.006722 -0.001060
0.100304 0.044821 -0.001061 -0.000198
-0.006722 -0.001061 0.483753 0.101711
-0.001060 -0.000198 0.101711 0.045096
35.175577 1.247090 48.034207 1.810036
0.475697 0.100538 -0.007237 -0.001126
0.100538 0.044870 -0.001127 -0.000211
-0.007237 -0.001127 0.485369 0.102013
-0.001126 -0.000211 0.102013 0.045157
