5.047625 2.981188 1.028496 -0.480640
1.956547 0.782636 -0.477042 -0.190821
0.782636 80.317128 -0.190821 -0.076330
-0.477042 -0.190821 4.332960 1.733222
-0.190821 -0.076330 1.733222 80.697370
3.972271 -1.558377 2.546720 2.243128
2.512448 4.532569 0.568296 1.008119
4.532569 15.001123 1.047371 0.578316
0.568296 1.047371 0.707005 1.156298
1.008119 0.578316 1.156298 15.073437
1.929091 -3.000621 3.758957 2.558143
2.609435 3.005768 -0.438392 -1.048630
3.005768 5.010484 -0.729722 -1.474681
-0.438392 -0.729722 2.065538 3.334460
-1.048630 -1.474681 3.334460 6.897884
3.796803 -0.307576 4.842996 2.284696
0.893483 0.719259 -0.358593 -0.362812
0.719259 1.169405 -0.324678 -0.267443
-0.358593 -0.324678 2.428281 2.306526
-0.362812 -0.267443 2.306526 2.629171
5.116942 0.709197 5.923351 2.259506
1.119422 0.767598 -0.390198 -0.250165
0.767598 0.806168 -0.240644 -0.126857
-0.390198 -0.240644 2.133825 1.432409
-0.250165 -0.126857 1.432409 1.162354
5.670695 0.790803 5.428101 1.409230
1.308870 0.734947 -0.383816 -0.178464
0.734947 0.565627 -0.184688 -0.071875
-0.383816 -0.184688 1.710714 0.892037
-0.178464 -0.071875 0.892037 0.579810
7.212270 1.326524 5.894495 1.326199
1.306546 0.607601 -0.426926 -0.162132
0.607601 0.377641 -0.170103 -0.057267
-0.426926 -0.170103 1.574969 0.676446
-0.162132 -0.057267 0.676446 0.365646
7.122962 1.053185 8.081924 1.879753
1.229989 0.488723 -0.353978 -0.110150
0.488723 0.259734 -0.117413 -0.032421
-0.353978 -0.117413 1.284900 0.471494
-0.110150 -0.032421 0.471494 0.227431
7.592036 1.026294 8.669711 1.763418
1.157323 0.400938 -0.370025 -0.102069
0.400938 0.188025 -0.110135 -0.028354
-0.370025 -0.110135 1.078767 0.347383
-0.102069 -0.028354 0.347383 0.154487
9.234292 1.382273 9.583776 1.791899
1.044967 0.322853 -0.318189 -0.076752
0.322853 0.139287 -0.081060 -0.018444
-0.318189 -0.081060 1.006857 0.292888
-0.076752 -0.018444 0.292888 0.120759
10.234554 1.457159 9.748881 1.598595
0.919461 0.258217 -0.253255 -0.053629
0.258217 0.106176 -0.055600 -0.011258
-0.253255 -0.055600 0.910074 0.242875
-0.053629 -0.011258 0.242875 0.095985
12.143438 1.768273 10.519650 1.610139
0.821069 0.212847 -0.222331 -0.043057
0.212847 0.085162 -0.043653 -0.008407
-0.222331 -0.043653 0.851803 0.211381
-0.043057 -0.008407 0.211381 0.080873
12.266820 1.577649 11.185431 1.565346
0.746694 0.181256 -0.207392 -0.037695
0.181256 0.071664 -0.038092 -0.007254
-0.207392 -0.038092 0.778802 0.181616
-0.037695 -0.007254 0.181616 0.069064
12.877420 1.546669 12.620490 1.710143
0.687969 0.158700 -0.181840 -0.030538
0.158700 0.062821 -0.031073 -0.005764
-0.181840 -0.031073 0.697603 0.154967
-0.030538 -0.005764 0.154967 0.060111
13.122140 1.417417 12.883306 1.572616
0.617881 0.136338 -0.195702 -0.033191
0.136338 0.055393 -0.033828 -0.006587
-0.195702 -0.033828 0.625473 0.133584
-0.033191 -0.006587 0.133584 0.053607
14.212397 1.493662 13.228411 1.484556
0.588232 0.126787 -0.161496 -0.024668
0.126787 0.052127 -0.024767 -0.004590
-0.161496 -0.024767 0.608075 0.127511
-0.024668 -0.004590 0.127511 0.051497
14.687242 1.457696 15.242789 1.747812
0.558666 0.118690 -0.115279 -0.014695
0.118690 0.049687 -0.015128 -0.002684
-0.115279 -0.015128 0.545614 0.112936
-0.014695 -0.002684 0.112936 0.047952
15.804069 1.540674 16.136746 1.758373
0.552443 0.115934 -0.102011 -0.012265
0.115934 0.048610 -0.012475 -0.002322
-0.102011 -0.012475 0.544467 0.112184
-0.012265 -0.002322 0.112184 0.047581
16.310166 1.487716 17.183836 1.789200
0.552170 0.114843 -0.086175 -0.009423
0.114843 0.048065 -0.009668 -0.001907
-0.086175 -0.009668 0.536494 0.110144
-0.009423 -0.001907 0.110144 0.047016
16.749007 1.434765 18.818416 1.937964
0.522975 0.107955 -0.067052 -0.006541
0.107955 0.046418 -0.006919 -0.001592
-0.067052 -0.006919 0.493122 0.101044
-0.006541 -0.001592 0.101044 0.045068
17.459124 1.429449 19.486545 1.875424
0.507851 0.104447 -0.069930 -0.008148
0.104447 0.045609 -0.008436 -0.002092
-0.069930 -0.008436 0.479276 0.098608
-0.008148 -0.002092 0.098608 0.044615
18.266676 1.444293 20.044969 1.797305
0.485309 0.099976 -0.056565 -0.006175
0.099976 0.044730 -0.006376 -0.001775
-0.056565 -0.006376 0.460917 0.095584
-0.006175 -0.001775 0.095584 0.044100
18.988754 1.441418 20.668726 1.739441
0.495081 0.102494 -0.054214 -0.006221
0.102494 0.045347 -0.006351 -0.001804
-0.054214 -0.006351 0.474152 0.099237
-0.006221 -0.001804 0.099237 0.044973
20.551513 1.615338 21.370507 1.711920
0.482747 0.100276 -0.035351 -0.002911
0.100276 0.044939 -0.002969 -0.001146
-0.035351 -0.002969 0.472284 0.099402
-0.002911 -0.001146 0.099402 0.045035
21.451640 1.634707 22.232153 1.713852
0.473253 0.098610 -0.039560 -0.004648
0.098610 0.044625 -0.004657 -0.001582
-0.039560 -0.004657 0.465936 0.098308
-0.004648 -0.001582 0.098308 0.044764
21.178696 1.413571 24.227146 1.947919
0.452955 0.094976 -0.016035 -0.000274
0.094976 0.043951 -0.000308 -0.000679
-0.016035 -0.000308 0.449651 0.095346
-0.000274 -0.000679 0.095346 0.044154
21.936604 1.424526 25.229286 1.954199
0.443509 0.093754 -0.007163 0.000776
0.093754 0.043788 0.000755 -0.000506
-0.007163 0.000755 0.444530 0.094835
0.000776 -0.000506 0.094835 0.044073
21.713558 1.225062 26.166835 1.942438
0.448652 0.095589 -0.007569 -0.000051
0.095589 0.044245 -0.000056 -0.000701
-0.007569 -0.000056 0.453428 0.097232
-0.000051 -0.000701 0.097232 0.044591
22.796557 1.326151 27.299387 1.978179
0.453834 0.097147 -0.007842 -0.000645
0.097147 0.044574 -0.000632 -0.000799
-0.007842 -0.000632 0.465882 0.100078
-0.000645 -0.000799 0.100078 0.045143
23.130470 1.255042 27.951650 1.905449
0.466151 0.100022 0.004311 0.001602
0.100022 0.045144 0.001613 -0.000262
0.004311 0.001613 0.478010 0.102542
0.001602 -0.000262 0.102542 0.045565
22.737244 1.036599 29.708910 2.076969
0.425665 0.091235 0.032877 0.007187
0.091235 0.043158 0.007227 0.000953
0.032877 0.007227 0.472593 0.100994
0.007187 0.000953 0.100994 0.045102
22.777565 0.932895 30.981166 2.127692
0.411731 0.088910 0.042249 0.008282
0.088910 0.042721 0.008304 0.001126
0.042249 0.008304 0.478506 0.102012
0.008282 0.001126 0.102012 0.045240
23.626165 1.016218 32.071720 2.131903
0.424821 0.092620 0.031263 0.005016
0.092620 0.043610 0.004966 0.000368
0.031263 0.004966 0.494322 0.105111
0.005016 0.000368 0.105111 0.045833
23.515040 0.881306 32.974329 2.100238
0.423749 0.092737 0.021468 0.002546
0.092737 0.043597 0.002390 -0.000108
0.021468 0.002390 0.502711 0.106352
0.002546 -0.000108 0.106352 0.045991
24.366774 0.974281 33.447621 1.976840
0.433624 0.095142 0.016074 0.001296
0.095142 0.044070 0.001170 -0.000254
0.016074 0.001170 0.502884 0.105777
0.001296 -0.000254 0.105777 0.045772
25.098829 1.028745 34.269056 1.940751
0.442754 0.097126 0.000203 -0.001960
0.097126 0.044411 -0.002223 -0.000842
0.000203 -0.002223 0.513582 0.107588
-0.001960 -0.000842 0.107588 0.046109
26.061526 1.126936 35.194183 1.929745
0.447750 0.097940 -0.008916 -0.003435
0.097940 0.044464 -0.003761 -0.000995
-0.008916 -0.003761 0.524770 0.109347
-0.003435 -0.000995 0.109347 0.046417
27.417486 1.300266 35.860162 1.866027
0.453073 0.098737 -0.014814 -0.004116
0.098737 0.044523 -0.004433 -0.000978
-0.014814 -0.004433 0.527287 0.109203
-0.004116 -0.000978 0.109203 0.046323
28.214201 1.331876 36.965033 1.901269
0.434278 0.094255 -0.029263 -0.006508
0.094255 0.043451 -0.006955 -0.001366
-0.029263 -0.006955 0.540063 0.111290
-0.006508 -0.001366 0.111290 0.046726
29.137839 1.388063 38.481016 2.017211
0.389009 0.084475 -0.039149 -0.007838
0.084475 0.041337 -0.008289 -0.001515
-0.039149 -0.008289 0.558650 0.114431
-0.007838 -0.001515 0.114431 0.047327
29.738106 1.367855 39.688799 2.057529
0.407223 0.089467 -0.042760 -0.007786
0.089467 0.042616 -0.008222 -0.001385
-0.042760 -0.008222 0.570273 0.115944
-0.007786 -0.001385 0.115944 0.047567
30.614253 1.408765 40.258093 1.965376
0.407655 0.089946 -0.039042 -0.006404
0.089946 0.042745 -0.006723 -0.001023
-0.039042 -0.006723 0.559141 0.112853
-0.006404 -0.001023 0.112853 0.046891
31.258715 1.396905 41.572655 2.031930
0.414939 0.091805 -0.040834 -0.006331
0.091805 0.043145 -0.006604 -0.000990
-0.040834 -0.006604 0.571132 0.114818
-0.006331 -0.000990 0.114818 0.047317
32.008720 1.409552 42.834883 2.081570
0.442264 0.097872 -0.041856 -0.006080
0.097872 0.044432 -0.006464 -0.000951
-0.041856 -0.006464 0.571049 0.114266
-0.006080 -0.000951 0.114266 0.047216
32.607907 1.385878 43.800559 2.065965
0.474319 0.104290 -0.048373 -0.006993
0.104290 0.045671 -0.007677 -0.001194
-0.048373 -0.007677 0.559478 0.111534
-0.006993 -0.001194 0.111534 0.046700
33.786814 1.488868 44.323690 1.967066
0.428406 0.093400 0.003612 0.003333
0.093400 0.043116 0.003677 0.000980
0.003612 0.003677 0.501985 0.100312
0.003333 0.000980 0.100312 0.044610
34.221806 1.421471 45.319455 1.968176
0.440833 0.096080 -0.001752 0.001581
0.096080 0.043718 0.001670 0.000388
-0.001752 0.001670 0.491354 0.099113
0.001581 0.000388 0.099113 0.044607
34.708027 1.371802 46.026625 1.911024
0.458069 0.099563 -0.006165 0.000232
0.099563 0.044446 0.000117 -0.000031
-0.006165 0.000117 0.469169 0.095575
0.000232 -0.000031 0.095575 0.044082
35.278353 1.345571 46.469515 1.804962
0.486840 0.105206 -0.019323 -0.002744
0.105206 0.045584 -0.003076 -0.000733
-0.019323 -0.003076 0.453897 0.093601
-0.002744 -0.000733 0.093601 0.043861
36.343729 1.429414 47.280796 1.786920
0.528008 0.112995 -0.027252 -0.004319
0.112995 0.047100 -0.004756 -0.001050
-0.027252 -0.004756 0.444440 0.092844
-0.004319 -0.001050 0.092844 0.043854
