2.711040 2.046534 0.238663 -0.796580
2.487032 0.994834 -0.024901 -0.009961
0.994834 80.402009 -0.009961 -0.003984
-0.024901 -0.009961 2.498305 0.999344
-0.009961 -0.003984 0.999344 80.403813
4.891183 4.069016 0.546388 0.438567
2.219641 3.877413 -0.053716 -0.089018
3.877413 15.212472 -0.089019 -0.218696
-0.053716 -0.089019 2.243129 3.916264
-0.089018 -0.218696 3.916264 15.308948
7.502330 4.735028 -0.191546 -0.668848
1.969697 2.284850 -0.052717 -0.055042
2.284850 4.545091 -0.055005 -0.080807
-0.052717 -0.055005 2.004838 2.322965
-0.055042 -0.080807 2.322965 4.596986
6.573137 1.956286 3.340864 2.587109
1.674753 1.416076 -0.056031 -0.043395
1.416076 1.892789 -0.043449 -0.044262
-0.056031 -0.043449 1.684930 1.421958
-0.043395 -0.044262 1.421958 1.900661
7.168669 1.699560 3.252604 1.670679
1.468752 0.974032 -0.024484 -0.013049
0.974032 0.976253 -0.013048 -0.012458
-0.024484 -0.013048 1.480811 0.981146
-0.013049 -0.012458 0.981146 0.983162
8.781755 2.117005 5.753872 2.578232
1.280267 0.697193 -0.023810 -0.011604
0.697193 0.563989 -0.011607 -0.009095
-0.023810 -0.011607 1.287660 0.700832
-0.011604 -0.009095 0.700832 0.567357
8.626047 1.554997 6.776960 2.454418
1.141699 0.528285 -0.016841 -0.007098
0.528285 0.359771 -0.007101 -0.005180
-0.016841 -0.007101 1.146264 0.530305
-0.007098 -0.005180 0.530305 0.361647
9.517679 1.600671 6.813688 1.974602
1.035037 0.417121 -0.016656 -0.006430
0.417121 0.246974 -0.006431 -0.003946
-0.016656 -0.006431 1.041067 0.419619
-0.006430 -0.003946 0.419619 0.248646
9.874897 1.442097 7.687162 1.933799
0.941172 0.336773 -0.015386 -0.005374
0.336773 0.178590 -0.005375 -0.002891
-0.015386 -0.005375 0.945777 0.338503
-0.005374 -0.002891 0.338503 0.179670
10.872001 1.531253 8.570457 1.906812
0.865552 0.279564 -0.013550 -0.004299
0.279564 0.135867 -0.004299 -0.002090
-0.013550 -0.004299 0.869861 0.281045
-0.004299 -0.002090 0.281045 0.136677
11.458037 1.478184 9.951232 2.033202
0.802190 0.237187 -0.009671 -0.002799
0.237187 0.107882 -0.002800 -0.001346
-0.009671 -0.002800 0.805022 0.238102
-0.002799 -0.001346 0.238102 0.108393
12.186565 1.475288 10.951156 2.028630
0.746955 0.204725 -0.003160 -0.000839
0.204725 0.088858 -0.000840 -0.000627
-0.003160 -0.000840 0.749262 0.205433
-0.000839 -0.000627 0.205433 0.089234
12.720766 1.422977 12.251921 2.102295
0.697391 0.179234 -0.005616 -0.001504
0.179234 0.075567 -0.001504 -0.000711
-0.005616 -0.001504 0.698790 0.179663
-0.001504 -0.000711 0.179663 0.075815
12.467337 1.187941 12.899152 2.003938
0.661459 0.161145 -0.008915 -0.002233
0.161145 0.066651 -0.002233 -0.000797
-0.008915 -0.002233 0.662079 0.161365
-0.002233 -0.000797 0.161365 0.066812
13.204133 1.221233 13.972561 2.020601
0.627781 0.146329 -0.005858 -0.001355
0.146329 0.060138 -0.001355 -0.000500
-0.005858 -0.001355 0.628173 0.146491
-0.001355 -0.000500 0.146491 0.060262
14.044144 1.272869 15.370345 2.107842
0.600747 0.135166 -0.002698 -0.000572
0.135166 0.055580 -0.000572 -0.000270
-0.002698 -0.000572 0.600835 0.135256
-0.000572 -0.000270 0.135256 0.055668
14.869576 1.314252 16.960715 2.225328
0.574947 0.125841 -0.003981 -0.000853
0.125841 0.052183 -0.000854 -0.000304
-0.003981 -0.000854 0.574706 0.125858
-0.000853 -0.000304 0.125858 0.052241
16.023969 1.420891 17.945951 2.198017
0.554175 0.118852 -0.001007 -0.000179
0.118852 0.049820 -0.000179 -0.000129
-0.001007 -0.000179 0.554101 0.118907
-0.000179 -0.000129 0.118907 0.049876
16.333305 1.336080 18.639235 2.112181
0.538086 0.113762 -0.002295 -0.000474
0.113762 0.048213 -0.000474 -0.000178
-0.002295 -0.000474 0.537851 0.113778
-0.000474 -0.000178 0.113778 0.048251
16.634567 1.259259 19.384003 2.046933
0.527405 0.110447 -0.001015 -0.000191
0.110447 0.047209 -0.000192 -0.000101
-0.001015 -0.000192 0.527039 0.110432
-0.000191 -0.000101 0.110432 0.047233
16.604962 1.122060 20.845346 2.138106
0.517602 0.107730 -0.002215 -0.000450
0.107730 0.046470 -0.000450 -0.000145
-0.002215 -0.000450 0.516907 0.107646
-0.000450 -0.000145 0.107646 0.046474
17.878743 1.269902 21.725329 2.098905
0.506772 0.105125 -0.001438 -0.000268
0.105125 0.045851 -0.000268 -0.000094
-0.001438 -0.000268 0.506346 0.105099
-0.000268 -0.000094 0.105099 0.045863
18.346310 1.235196 22.644088 2.071787
0.502890 0.104242 0.001279 0.000300
0.104242 0.045657 0.000300 0.000032
0.001279 0.000300 0.502456 0.104212
0.000300 0.000032 0.104212 0.045664
19.252717 1.295074 23.528019 2.040260
0.494386 0.102494 0.000079 0.000006
0.102494 0.045302 0.000006 -0.000032
0.000079 0.000006 0.494070 0.102483
0.000006 -0.000032 0.102483 0.045310
19.799475 1.274143 24.583895 2.047691
0.489143 0.101582 0.001112 0.000210
0.101582 0.045149 0.000210 0.000015
0.001112 0.000210 0.488905 0.101582
0.000210 0.000015 0.101582 0.045156
20.643211 1.317190 25.343786 1.992701
0.485127 0.100988 0.002108 0.000392
0.100988 0.045066 0.000391 0.000053
0.002108 0.000391 0.484982 0.101000
0.000392 0.000053 0.101000 0.045072
21.082580 1.271384 26.616675 2.050478
0.481477 0.100492 0.004754 0.000907
0.100492 0.044999 0.000907 0.000160
0.004754 0.000907 0.481528 0.100537
0.000907 0.000160 0.100537 0.045009
21.756769 1.279350 27.905989 2.105747
0.480497 0.100564 0.003028 0.000467
0.100564 0.045043 0.000466 0.000059
0.003028 0.000466 0.480804 0.100652
0.000467 0.000059 0.100652 0.045061
22.187111 1.235528 28.739145 2.059737
0.479345 0.100550 0.002164 0.000260
0.100550 0.045054 0.000260 0.000019
0.002164 0.000260 0.479768 0.100649
0.000260 0.000019 0.100649 0.045071
23.120898 1.301846 30.010219 2.110300
0.476748 0.100194 0.001624 0.000147
0.100194 0.044982 0.000147 0.000003
0.001624 0.000147 0.477529 0.100356
0.000147 0.000003 0.100356 0.045011
24.314938 1.416292 30.835474 2.061696
0.477122 0.100461 0.003081 0.000467
0.100461 0.045039 0.000467 0.000079
0.003081 0.000467 0.478000 0.100627
0.000467 0.000079 0.100627 0.045067
24.634980 1.334392 32.051602 2.100907
0.475096 0.100162 0.002861 0.000405
0.100162 0.044965 0.000405 0.000068
0.002861 0.000405 0.476464 0.100417
0.000405 0.000068 0.100417 0.045010
25.174904 1.307695 32.709368 2.018112
0.476089 0.100500 0.001034 0.000012
0.100500 0.045027 0.000012 -0.000012
0.001034 0.000012 0.477534 0.100751
0.000012 -0.000012 0.100751 0.045069
25.228856 1.181090 33.398026 1.950698
0.477147 0.100792 0.001604 0.000165
0.100792 0.045068 0.000165 0.000030
0.001604 0.000165 0.478837 0.101076
0.000165 0.000030 0.101076 0.045117
26.290435 1.280722 34.035990 1.879322
0.478032 0.100999 0.001214 0.000098
0.100999 0.045087 0.000098 0.000020
0.001214 0.000098 0.479744 0.101271
0.000098 0.000020 0.101271 0.045132
27.448453 1.390061 35.043796 1.893555
0.474342 0.100208 -0.001332 -0.000417
0.100208 0.044894 -0.000418 -0.000084
-0.001332 -0.000418 0.476438 0.100549
-0.000417 -0.000084 0.100549 0.044954
28.335974 1.430710 36.250597 1.948424
0.472958 0.099971 -0.004489 -0.001016
0.099971 0.044835 -0.001018 -0.000198
-0.004489 -0.001018 0.475646 0.100420
-0.001016 -0.000198 0.100420 0.044917
28.848206 1.387775 37.501402 2.006822
0.472937 0.100030 -0.004637 -0.000932
0.100030 0.044841 -0.000934 -0.000162
-0.004637 -0.000934 0.476385 0.100616
-0.000932 -0.000162 0.100616 0.044951
29.653414 1.411349 38.566681 2.019923
0.475402 0.100595 -0.005584 -0.001040
0.100595 0.044952 -0.001041 -0.000174
-0.005584 -0.001041 0.479257 0.101233
-0.001040 -0.000174 0.101233 0.045070
30.039197 1.343465 39.142534 1.928120
0.477471 0.101013 -0.003449 -0.000500
0.101013 0.045021 -0.000500 -0.000052
-0.003449 -0.000500 0.481437 0.101640
-0.000500 -0.000052 0.101640 0.045135
30.571797 1.314049 40.107565 1.928252
0.476191 0.100679 -0.002563 -0.000291
0.100679 0.044927 -0.000290 -0.000015
-0.002563 -0.000290 0.480762 0.101409
-0.000291 -0.000015 0.101409 0.045062
31.359557 1.341760 41.222842 1.960184
0.474453 0.100283 -0.002204 -0.000220
0.100283 0.044831 -0.000219 -0.000011
-0.002204 -0.000219 0.479696 0.101124
-0.000220 -0.000011 0.101124 0.044989
31.707304 1.273452 42.198888 1.959174
0.473141 0.100015 -0.003518 -0.000511
0.100015 0.044772 -0.000510 -0.000083
-0.003518 -0.000510 0.479141 0.100980
-0.000511 -0.000083 0.100980 0.044954
32.036429 1.208206 42.788143 1.876758
0.474966 0.100433 -0.003893 -0.000576
0.100433 0.044862 -0.000576 -0.000100
-0.003893 -0.000576 0.481135 0.101391
-0.000576 -0.000100 0.101391 0.045041
32.571047 1.193870 44.376671 2.013668
0.472735 0.099948 -0.004447 -0.000678
0.099948 0.044753 -0.000678 -0.000124
-0.004447 -0.000678 0.480458 0.101202
-0.000678 -0.000124 0.101202 0.044994
33.140217 1.187985 45.362140 2.009152
0.469961 0.099394 -0.005230 -0.000824
0.099394 0.044638 -0.000824 -0.000156
-0.005230 -0.000824 0.478410 0.100748
-0.000824 -0.000156 0.100748 0.044897
34.118579 1.269266 46.245911 1.983958
0.469730 0.099426 -0.004992 -0.000743
0.099426 0.044656 -0.000742 -0.000138
-0.004992 -0.000742 0.478402 0.100771
-0.000743 -0.000138 0.100771 0.044910
35.001120 1.321923 47.448043 2.028407
0.468871 0.099309 -0.005635 -0.000861
0.099309 0.044637 -0.000861 -0.000165
-0.005635 -0.000861 0.478384 0.100788
-0.000861 -0.000165 0.100788 0.044919
35.823072 1.355634 47.911505 1.912471
0.470390 0.099695 -0.009809 -0.001715
0.099695 0.044723 -0.001720 -0.000346
-0.009809 -0.001720 0.479552 0.101048
-0.001715 -0.000346 0.101048 0.044977
36.595738 1.375084 48.182289 1.768128
0.473540 0.100381 -0.010773 -0.001815
0.100381 0.044863 -0.001821 -0.000353
-0.010773 -0.001821 0.482076 0.101570
-0.001815 -0.000353 0.101570 0.045085
