3.936666 2.536795 2.669979 0.175968
2.300829 0.920352 -0.675091 -0.270042
0.920352 80.372215 -0.270042 -0.108019
-0.675091 -0.270042 4.179355 1.671778
-0.270042 -0.108019 1.671778 80.672792
4.406019 0.957931 -0.386282 -4.949519
3.643011 6.369249 -1.161186 -1.682165
6.369249 18.967444 -1.864838 -4.457378
-1.161186 -1.864838 3.459960 5.530965
-1.682165 -4.457378 5.530965 21.636976
6.546117 2.837534 1.572657 0.231192
2.607390 2.812346 -0.166880 -0.060385
2.812346 4.965109 -0.174854 -0.610035
-0.166880 -0.174854 0.276362 0.309291
-0.060385 -0.610035 0.309291 3.394975
6.304075 1.469686 2.300782 1.032832
1.577261 1.231529 0.135093 0.250096
1.231529 1.715202 0.034618 -0.037378
0.135093 0.034618 0.763999 1.083090
0.250096 -0.037378 1.083090 2.118106
6.959717 1.309259 4.448378 2.504532
1.613809 1.055193 -0.066517 -0.065208
1.055193 1.055430 -0.122527 -0.158937
-0.066517 -0.122527 1.187026 1.070999
-0.065208 -0.158937 1.070999 1.156685
8.111927 1.554453 6.301582 2.891074
1.482948 0.804795 -0.206585 -0.141397
0.804795 0.640036 -0.162659 -0.129454
-0.206585 -0.162659 1.392517 0.902708
-0.141397 -0.129454 0.902708 0.677419
8.502068 1.383273 7.462114 2.749030
1.091453 0.507121 -0.431748 -0.221524
0.507121 0.362215 -0.222883 -0.124846
-0.431748 -0.222883 1.296453 0.654430
-0.221524 -0.124846 0.654430 0.386284
9.626982 1.565786 6.891598 1.942827
1.046696 0.427145 -0.425630 -0.176391
0.427145 0.260155 -0.177308 -0.080089
-0.425630 -0.177308 1.294908 0.536727
-0.176391 -0.080089 0.536727 0.261924
10.009090 1.426022 9.118408 2.385418
0.893068 0.323956 -0.372480 -0.129569
0.323956 0.180030 -0.130160 -0.049817
-0.372480 -0.130160 1.114992 0.393054
-0.129569 -0.049817 0.393054 0.169658
9.070986 0.865376 9.328917 2.073704
0.780186 0.255053 -0.464129 -0.140770
0.255053 0.131762 -0.145189 -0.047420
-0.464129 -0.145189 0.891678 0.274774
-0.140770 -0.047420 0.274774 0.111296
10.095445 1.061453 10.856204 2.218179
0.755068 0.228842 -0.381325 -0.100380
0.228842 0.108885 -0.102287 -0.029506
-0.381325 -0.102287 0.819363 0.227898
-0.100380 -0.029506 0.227898 0.087588
11.825253 1.387330 10.927995 1.962595
0.709345 0.200291 -0.313160 -0.072784
0.200291 0.090280 -0.072567 -0.018962
-0.313160 -0.072567 0.772671 0.197690
-0.072784 -0.018962 0.197690 0.073484
11.976379 1.216868 11.089579 1.755269
0.647960 0.170831 -0.292949 -0.062417
0.170831 0.074899 -0.062653 -0.015287
-0.292949 -0.062653 0.698678 0.166236
-0.062417 -0.015287 0.166236 0.061832
12.942070 1.307917 11.877754 1.740164
0.632478 0.158486 -0.258913 -0.050034
0.158486 0.067102 -0.049645 -0.011305
-0.258913 -0.049645 0.672241 0.151666
-0.050034 -0.011305 0.151666 0.056320
13.035739 1.170063 12.820023 1.746811
0.627241 0.150486 -0.224319 -0.039330
0.150486 0.061864 -0.038814 -0.008360
-0.224319 -0.038814 0.640856 0.138642
-0.039330 -0.008360 0.138642 0.052165
13.081131 1.053720 14.179836 1.842175
0.609436 0.140942 -0.177967 -0.027842
0.140942 0.057304 -0.027348 -0.005709
-0.177967 -0.027348 0.588843 0.123580
-0.027842 -0.005709 0.123580 0.048316
14.258916 1.197707 14.868094 1.804127
0.589142 0.131873 -0.145872 -0.020795
0.131873 0.053600 -0.019741 -0.004163
-0.145872 -0.019741 0.575340 0.118555
-0.020795 -0.004163 0.118555 0.047082
15.064085 1.243958 15.785156 1.810512
0.567211 0.123712 -0.116731 -0.015112
0.123712 0.050710 -0.014023 -0.003126
-0.116731 -0.014023 0.548714 0.111607
-0.015112 -0.003126 0.111607 0.045642
15.898591 1.305455 17.477791 1.974859
0.546256 0.116907 -0.088380 -0.010051
0.116907 0.048579 -0.009166 -0.002304
-0.088380 -0.009166 0.514610 0.104066
-0.010051 -0.002304 0.104066 0.044267
16.552045 1.311517 18.812932 2.045913
0.535065 0.113059 -0.062539 -0.005702
0.113059 0.047403 -0.004899 -0.001585
-0.062539 -0.004899 0.496817 0.100682
-0.005702 -0.001585 0.100682 0.043871
17.507885 1.376138 19.939033 2.070422
0.532578 0.111314 -0.053989 -0.005025
0.111314 0.046805 -0.004279 -0.001598
-0.053989 -0.004279 0.497498 0.101228
-0.005025 -0.001598 0.101228 0.044253
18.061428 1.348226 20.983764 2.071086
0.533390 0.110620 -0.042294 -0.003564
0.110620 0.046550 -0.002925 -0.001399
-0.042294 -0.002925 0.497375 0.101620
-0.003564 -0.001399 0.101620 0.044560
19.473136 1.499885 21.938547 2.060296
0.511001 0.105533 -0.007591 0.002466
0.105533 0.045495 0.003099 -0.000251
-0.007591 0.003099 0.486423 0.099935
0.002466 -0.000251 0.099935 0.044430
20.117941 1.481968 23.534246 2.176487
0.499389 0.102903 -0.010912 0.000407
0.102903 0.044991 0.000934 -0.000814
-0.010912 0.000934 0.478513 0.098725
0.000407 -0.000814 0.098725 0.044326
20.907700 1.490479 24.281340 2.105864
0.490945 0.101312 0.000140 0.001762
0.101312 0.044770 0.002185 -0.000559
0.000140 0.002185 0.473284 0.098216
0.001762 -0.000559 0.098216 0.044368
21.909855 1.543571 25.308917 2.101029
0.486615 0.100681 -0.000412 0.000777
0.100681 0.044747 0.001136 -0.000763
-0.000412 0.001136 0.475410 0.099195
0.000777 -0.000763 0.099195 0.044681
22.426627 1.490821 26.514059 2.133281
0.504840 0.104781 -0.000930 0.000077
0.104781 0.045694 0.000387 -0.000850
-0.000930 0.000387 0.499119 0.104546
0.000077 -0.000850 0.104546 0.045860
22.521138 1.355751 27.222524 2.058543
0.495866 0.102834 0.006550 0.001244
0.102834 0.045294 0.001480 -0.000526
0.006550 0.001480 0.495498 0.103619
0.001244 -0.000526 0.103619 0.045609
23.067832 1.328431 28.380931 2.085670
0.486615 0.101027 0.001226 -0.000258
0.101027 0.044958 -0.000071 -0.000768
0.001226 -0.000071 0.498717 0.104228
-0.000258 -0.000768 0.104228 0.045711
23.445754 1.269014 29.248807 2.049542
0.484702 0.100881 0.019777 0.003462
0.100881 0.044984 0.003596 0.000110
0.019777 0.003596 0.503638 0.105105
0.003462 0.000110 0.105105 0.045856
24.123620 1.277999 30.306861 2.056380
0.480436 0.100243 0.021902 0.003482
0.100243 0.044895 0.003570 0.000148
0.021902 0.003570 0.510181 0.106270
0.003482 0.000148 0.106270 0.046061
24.428618 1.209842 30.676186 1.920398
0.472529 0.098928 0.000401 -0.001302
0.098928 0.044672 -0.001264 -0.000798
0.000401 -0.001264 0.501816 0.104314
-0.001302 -0.000798 0.104314 0.045621
25.080888 1.219497 31.762767 1.946532
0.431934 0.090785 -0.010656 -0.003308
0.090785 0.043008 -0.003379 -0.001074
-0.010656 -0.003379 0.490440 0.101910
-0.003308 -0.001074 0.101910 0.045127
25.709957 1.223076 33.098766 2.021984
0.433117 0.092128 -0.024984 -0.005910
0.092128 0.043459 -0.006056 -0.001485
-0.024984 -0.006056 0.509269 0.106018
-0.005910 -0.001485 0.106018 0.046030
26.078228 1.170931 33.736926 1.944610
0.434773 0.093278 -0.028402 -0.006015
0.093278 0.043776 -0.006154 -0.001345
-0.028402 -0.006154 0.511700 0.106290
-0.006015 -0.001345 0.106290 0.046046
26.749641 1.189124 34.378655 1.876158
0.444914 0.096018 -0.031803 -0.006155
0.096018 0.044373 -0.006298 -0.001256
-0.031803 -0.006298 0.517474 0.107253
-0.006155 -0.001256 0.107253 0.046214
26.695025 1.048603 35.292591 1.869816
0.435179 0.094094 -0.032451 -0.005808
0.094094 0.043887 -0.005889 -0.001094
-0.032451 -0.005889 0.526104 0.108749
-0.005808 -0.001094 0.108749 0.046488
26.874479 0.975019 36.660479 1.958055
0.437560 0.094913 -0.033989 -0.005714
0.094913 0.044031 -0.005737 -0.001016
-0.033989 -0.005737 0.548244 0.112920
-0.005714 -0.001016 0.112920 0.047300
27.863627 1.083387 37.429911 1.916928
0.436002 0.094726 -0.034372 -0.005465
0.094726 0.043932 -0.005476 -0.000943
-0.034372 -0.005476 0.549885 0.112534
-0.005465 -0.000943 0.112534 0.047122
28.542365 1.112587 38.229387 1.885085
0.454263 0.098806 -0.038514 -0.005980
0.098806 0.044762 -0.006098 -0.001053
-0.038514 -0.006098 0.555573 0.113086
-0.005980 -0.001053 0.113086 0.047177
29.253063 1.145239 38.978549 1.846560
0.440766 0.095569 -0.035174 -0.005118
0.095569 0.043934 -0.005108 -0.000868
-0.035174 -0.005108 0.554376 0.112307
-0.005118 -0.000868 0.112307 0.046987
29.696219 1.117924 40.069992 1.879935
0.444697 0.096390 -0.043514 -0.006656
0.096390 0.044063 -0.006728 -0.001216
-0.043514 -0.006728 0.567871 0.114599
-0.006656 -0.001216 0.114599 0.047442
30.050856 1.071016 40.520660 1.780378
0.424110 0.091859 -0.038652 -0.005552
0.091859 0.043036 -0.005488 -0.000990
-0.038652 -0.005488 0.555777 0.111661
-0.005552 -0.000990 0.111661 0.046834
30.761673 1.111407 41.813490 1.862254
0.430904 0.093712 -0.034088 -0.004496
0.093712 0.043487 -0.004350 -0.000776
-0.034088 -0.004350 0.565785 0.113519
-0.004496 -0.000776 0.113519 0.047258
31.765607 1.207887 42.500873 1.815803
0.425719 0.092775 -0.018561 -0.001438
0.092775 0.043286 -0.001107 -0.000176
-0.018561 -0.001107 0.549137 0.109965
-0.001438 -0.000176 0.109965 0.046578
32.470192 1.228742 43.166233 1.767631
0.430966 0.094112 -0.014160 -0.000838
0.094112 0.043578 -0.000583 -0.000154
-0.014160 -0.000583 0.535377 0.107300
-0.000838 -0.000154 0.107300 0.046126
32.698528 1.145207 44.256653 1.807688
0.439829 0.096035 -0.018907 -0.002094
0.096035 0.043958 -0.002012 -0.000508
-0.018907 -0.002012 0.533931 0.107321
-0.002094 -0.000508 0.107321 0.046235
33.281888 1.147491 45.143153 1.804226
0.458407 0.099896 -0.018456 -0.002127
0.099896 0.044735 -0.002172 -0.000556
-0.018456 -0.002172 0.518910 0.104604
-0.002127 -0.000556 0.104604 0.045773
33.852909 1.148856 46.652035 1.927225
0.483533 0.104776 -0.023259 -0.003187
0.104776 0.045669 -0.003373 -0.000802
-0.023259 -0.003373 0.518324 0.105004
-0.003187 -0.000802 0.105004 0.045958
34.550735 1.176077 47.843978 1.974088
0.498965 0.107152 -0.017063 -0.001932
0.107152 0.046010 -0.002147 -0.000538
-0.017063 -0.002147 0.489397 0.099574
-0.001932 -0.000538 0.099574 0.044926
