3.388833 2.317657 -1.989684 -1.687938
2.411853 0.964762 -0.064773 -0.025910
0.964762 80.389980 -0.025910 -0.010364
-0.064773 -0.025910 2.434544 0.973839
-0.025910 -0.010364 0.973839 80.393611
4.418533 2.108986 0.316605 3.828951
2.239450 3.926352 -0.075238 -0.119159
3.926352 15.105198 -0.119197 -0.374491
-0.075238 -0.119197 2.258930 3.956049
-0.119159 -0.374491 3.956049 15.215265
5.967959 2.683680 3.448155 5.235181
1.988916 2.296522 -0.055502 -0.058849
2.296522 4.506148 -0.058865 -0.112802
-0.055502 -0.058865 2.000502 2.309136
-0.058849 -0.112802 2.309136 4.536478
7.544148 2.878414 3.326057 2.931205
1.685516 1.417219 -0.040013 -0.032205
1.417219 1.876333 -0.032205 -0.045635
-0.040013 -0.032205 1.702228 1.431601
-0.032205 -0.045635 1.431601 1.894788
6.919954 1.517179 5.081318 3.122215
1.483943 0.978970 -0.044107 -0.029037
0.978970 0.972475 -0.029037 -0.028549
-0.044107 -0.029037 1.491136 0.983737
-0.029037 -0.028549 0.983737 0.978479
7.413613 1.373631 6.665056 3.134461
1.303985 0.706550 -0.026505 -0.014268
0.706550 0.565728 -0.014271 -0.012865
-0.026505 -0.014271 1.307779 0.708834
-0.014268 -0.012865 0.708834 0.568626
8.092182 1.370062 7.162495 2.641782
1.151141 0.529828 -0.019412 -0.009176
0.529828 0.358621 -0.009179 -0.007463
-0.019412 -0.009179 1.155205 0.532020
-0.009176 -0.007463 0.532020 0.360682
9.631235 1.712884 7.796628 2.365794
1.030921 0.413514 -0.012959 -0.005599
0.413514 0.244540 -0.005603 -0.004415
-0.012959 -0.005603 1.036321 0.415976
-0.005599 -0.004415 0.415976 0.246211
10.119769 1.582423 7.589896 1.870139
0.938379 0.334623 -0.007401 -0.003133
0.334623 0.177359 -0.003137 -0.002642
-0.007401 -0.003137 0.944263 0.336936
-0.003133 -0.002642 0.336936 0.178632
10.136913 1.332690 9.070128 2.046357
0.864495 0.278525 -0.012372 -0.004542
0.278525 0.135313 -0.004542 -0.002575
-0.012372 -0.004542 0.867476 0.279620
-0.004542 -0.002575 0.279620 0.135966
10.429343 1.222902 9.077719 1.746706
0.798285 0.235584 -0.005836 -0.002161
0.235584 0.107304 -0.002162 -0.001431
-0.005836 -0.002162 0.801389 0.236616
-0.002161 -0.001431 0.236616 0.107826
12.121795 1.518326 10.857577 1.994371
0.744673 0.203860 -0.006821 -0.002281
0.203860 0.088590 -0.002281 -0.001219
-0.006821 -0.002281 0.747256 0.204654
-0.002281 -0.001219 0.204654 0.088965
12.276507 1.363225 11.576464 1.923167
0.699046 0.179535 -0.009109 -0.002681
0.179535 0.075646 -0.002681 -0.001131
-0.009109 -0.002681 0.700854 0.180065
-0.002681 -0.001131 0.180065 0.075898
13.111361 1.400509 12.609180 1.940438
0.663951 0.161647 -0.007286 -0.002001
0.161647 0.066777 -0.002001 -0.000809
-0.007286 -0.002001 0.665419 0.162057
-0.002001 -0.000809 0.162057 0.066965
13.993906 1.442896 13.889000 2.012528
0.629655 0.146660 -0.002629 -0.000758
0.146660 0.060218 -0.000758 -0.000413
-0.002629 -0.000758 0.630675 0.146939
-0.000758 -0.000413 0.146939 0.060350
14.944827 1.494380 15.374822 2.120323
0.599736 0.134840 -0.005255 -0.001318
0.134840 0.055510 -0.001318 -0.000483
-0.005255 -0.001318 0.600325 0.135008
-0.001318 -0.000483 0.135008 0.055600
15.286229 1.405599 16.423133 2.117781
0.576416 0.126114 -0.003011 -0.000732
0.126114 0.052255 -0.000732 -0.000297
-0.003011 -0.000732 0.576588 0.126184
-0.000732 -0.000297 0.126184 0.052311
16.484046 1.511739 17.220668 2.061696
0.554642 0.118899 -0.002127 -0.000504
0.118899 0.049839 -0.000504 -0.000213
-0.002127 -0.000504 0.554981 0.119005
-0.000504 -0.000213 0.119005 0.049895
17.890430 1.649191 18.702116 2.156910
0.539076 0.113929 -0.002872 -0.000641
0.113929 0.048258 -0.000641 -0.000218
-0.002872 -0.000641 0.539395 0.114026
-0.000641 -0.000218 0.114026 0.048305
18.664282 1.638569 19.650928 2.129765
0.525569 0.110019 -0.001496 -0.000316
0.110019 0.047127 -0.000316 -0.000127
-0.001496 -0.000316 0.525795 0.110090
-0.000316 -0.000127 0.110090 0.047162
18.619487 1.458713 20.177161 2.017622
0.515381 0.107273 -0.000241 -0.000046
0.107273 0.046391 -0.000047 -0.000058
-0.000241 -0.000047 0.515421 0.107301
-0.000046 -0.000058 0.107301 0.046412
18.829703 1.350982 20.654362 1.907282
0.504702 0.104745 -0.001678 -0.000358
0.104745 0.045793 -0.000358 -0.000116
-0.001678 -0.000358 0.504627 0.104749
-0.000358 -0.000116 0.104749 0.045806
18.991499 1.244415 21.603827 1.906406
0.497105 0.103125 -0.000533 -0.000101
0.103125 0.045447 -0.000101 -0.000051
-0.000533 -0.000101 0.496905 0.103103
-0.000101 -0.000051 0.103103 0.045453
19.084443 1.134504 22.823771 1.961806
0.490379 0.101839 0.000517 0.000114
0.101839 0.045202 0.000114 -0.000001
0.000517 0.000114 0.490082 0.101799
0.000114 -0.000001 0.101799 0.045202
19.518534 1.106797 23.602626 1.919750
0.485660 0.101075 -0.000465 -0.000111
0.101075 0.045079 -0.000111 -0.000047
-0.000465 -0.000111 0.485359 0.101036
-0.000111 -0.000047 0.101036 0.045078
20.567845 1.210272 24.549449 1.917016
0.482676 0.100713 -0.000618 -0.000139
0.100713 0.045040 -0.000139 -0.000048
-0.000618 -0.000139 0.482520 0.100706
-0.000139 -0.000048 0.100706 0.045044
21.311175 1.239180 25.948223 2.009137
0.481586 0.100744 -0.001952 -0.000410
0.100744 0.045074 -0.000410 -0.000099
-0.001952 -0.000410 0.481621 0.100775
-0.000410 -0.000099 0.100775 0.045084
22.000318 1.253789 27.354990 2.093474
0.479096 0.100439 -0.001036 -0.000184
0.100439 0.045023 -0.000184 -0.000043
-0.001036 -0.000184 0.479380 0.100516
-0.000184 -0.000043 0.100516 0.045041
22.108368 1.144768 28.152597 2.041087
0.478266 0.100474 -0.000323 -0.000025
0.100474 0.045038 -0.000025 -0.000007
-0.000323 -0.000025 0.478627 0.100557
-0.000025 -0.000007 0.100557 0.045056
23.060890 1.224712 28.516545 1.902949
0.478025 0.100592 -0.000000 0.000036
0.100592 0.045062 0.000036 0.000004
-0.000000 0.000036 0.478303 0.100649
0.000036 0.000004 0.100649 0.045072
23.698217 1.230014 30.258278 2.069441
0.476055 0.100303 0.002742 0.000602
0.100303 0.044990 0.000602 0.000122
0.002742 0.000602 0.476919 0.100477
0.000602 0.000122 0.100477 0.045024
24.408324 1.250071 31.356974 2.082926
0.476035 0.100423 0.000982 0.000168
0.100423 0.045006 0.000168 0.000019
0.000982 0.000168 0.477190 0.100643
0.000168 0.000019 0.100643 0.045048
24.634591 1.165897 32.208886 2.042966
0.476484 0.100604 0.000485 0.000049
0.100604 0.045029 0.000049 -0.000005
0.000485 0.000049 0.477881 0.100857
0.000049 -0.000005 0.100857 0.045075
25.427036 1.210113 33.565948 2.113787
0.475539 0.100452 0.001600 0.000284
0.100452 0.044977 0.000284 0.000048
0.001600 0.000284 0.477479 0.100801
0.000284 0.000048 0.100801 0.045042
25.803879 1.161852 34.824821 2.156472
0.476741 0.100751 0.001558 0.000254
0.100751 0.045024 0.000254 0.000040
0.001558 0.000254 0.479243 0.101194
0.000254 0.000040 0.101194 0.045105
25.934180 1.066688 35.527391 2.077254
0.474670 0.100316 0.002918 0.000527
0.100316 0.044910 0.000527 0.000098
0.002918 0.000527 0.477434 0.100785
0.000527 0.000098 0.100785 0.044994
26.823331 1.142025 36.134535 1.986067
0.475976 0.100627 0.003964 0.000710
0.100627 0.044964 0.000710 0.000133
0.003964 0.000710 0.478699 0.101059
0.000710 0.000133 0.101059 0.045039
26.856905 1.028461 36.985918 1.956369
0.474606 0.100332 0.002868 0.000430
0.100332 0.044885 0.000430 0.000068
0.002868 0.000430 0.477889 0.100864
0.000430 0.000068 0.100864 0.044981
27.737295 1.105628 38.597432 2.089884
0.472464 0.099898 0.000896 -0.000001
0.099898 0.044784 -0.000002 -0.000020
0.000896 -0.000002 0.476821 0.100631
-0.000001 -0.000020 0.100631 0.044922
29.360657 1.332221 39.293815 2.015949
0.473047 0.100073 0.000974 0.000045
0.100073 0.044819 0.000044 -0.000001
0.000974 0.000044 0.477192 0.100722
0.000045 -0.000001 0.100722 0.044936
30.062154 1.339586 40.721987 2.104630
0.471081 0.099682 -0.000229 -0.000186
0.099682 0.044730 -0.000187 -0.000042
-0.000229 -0.000187 0.476302 0.100534
-0.000186 -0.000042 0.100534 0.044890
30.591310 1.309801 41.822290 2.114789
0.472185 0.099971 -0.001282 -0.000365
0.099971 0.044791 -0.000367 -0.000071
-0.001282 -0.000367 0.478094 0.100927
-0.000365 -0.000071 0.100927 0.044971
31.299311 1.321055 42.772853 2.092238
0.473460 0.100258 -0.002483 -0.000564
0.100258 0.044845 -0.000567 -0.000104
-0.002483 -0.000567 0.479794 0.101260
-0.000564 -0.000104 0.101260 0.045032
32.060024 1.342277 44.015303 2.133656
0.475536 0.100681 -0.002679 -0.000539
0.100681 0.044923 -0.000541 -0.000089
-0.002679 -0.000541 0.482646 0.101806
-0.000539 -0.000089 0.101806 0.045134
31.967048 1.180523 44.692100 2.051337
0.473149 0.100119 -0.001792 -0.000297
0.100119 0.044787 -0.000298 -0.000032
-0.001792 -0.000298 0.480996 0.101357
-0.000297 -0.000032 0.101357 0.045021
32.496361 1.167444 44.885901 1.876109
0.473224 0.100135 -0.002036 -0.000325
0.100135 0.044787 -0.000326 -0.000040
-0.002036 -0.000326 0.480645 0.101237
-0.000325 -0.000040 0.101237 0.044991
33.113816 1.174616 45.950714 1.902810
0.475092 0.100528 -0.004093 -0.000736
0.100528 0.044867 -0.000739 -0.000129
-0.004093 -0.000739 0.483316 0.101771
-0.000736 -0.000129 0.101771 0.045103
33.748696 1.184719 47.012886 1.926135
0.475054 0.100479 -0.004882 -0.000847
0.100479 0.044847 -0.000850 -0.000148
-0.004882 -0.000850 0.484172 0.101877
-0.000847 -0.000148 0.101877 0.045117
34.557676 1.230412 47.749662 1.878660
0.474215 0.100270 -0.005958 -0.001017
0.100270 0.044797 -0.001021 -0.000180
-0.005958 -0.001021 0.483657 0.101696
-0.001017 -0.000180 0.101696 0.045073
34.540494 1.096519 48.396755 1.816839
0.474368 0.100295 -0.005315 -0.000819
0.100295 0.044803 -0.000820 -0.000134
-0.005315 -0.000820 0.484576 0.101846
-0.000819 -0.000134 0.101846 0.045105
