5.548649 3.181602 2.540500 0.124175
2.444779 0.977933 -0.103530 -0.041413
0.977933 80.395248 -0.041413 -0.016566
-0.103530 -0.041413 2.477215 0.990907
-0.041413 -0.016566 0.990907 80.400438
5.354239 0.029114 -0.436832 -5.204183
2.233027 3.907892 -0.145541 -0.234360
3.907892 15.154627 -0.234229 -0.673216
-0.145541 -0.234229 2.293288 4.006945
-0.234360 -0.673216 4.006945 15.410408
2.897030 -2.813628 -0.267293 -2.021064
2.005063 2.319314 -0.115504 -0.120856
2.319314 4.555243 -0.120961 -0.210913
-0.115504 -0.120961 2.031436 2.343550
-0.120856 -0.210913 2.343550 4.605443
3.000543 -1.532257 1.988567 0.730877
1.735324 1.460536 -0.065032 -0.049336
1.460536 1.919622 -0.049399 -0.071719
-0.065032 -0.049399 1.739771 1.463074
-0.049336 -0.071719 1.463074 1.932635
4.859373 0.197643 3.745987 1.650178
1.466666 0.966127 -0.060390 -0.038998
0.966127 0.965863 -0.039015 -0.042042
-0.060390 -0.039015 1.476663 0.973634
-0.038998 -0.042042 0.973634 0.976954
6.588702 1.081827 4.124299 1.407373
1.283595 0.696012 -0.045369 -0.024798
0.696012 0.561854 -0.024813 -0.022820
-0.045369 -0.024813 1.300945 0.706413
-0.024798 -0.022820 0.706413 0.570930
6.925446 0.988123 3.990576 1.020776
1.135436 0.523776 -0.032812 -0.015777
0.523776 0.357230 -0.015790 -0.013134
-0.032812 -0.015790 1.152583 0.532271
-0.015777 -0.013134 0.532271 0.363099
8.678538 1.493074 6.361213 1.768654
1.011203 0.406828 -0.024089 -0.010541
0.406828 0.242812 -0.010547 -0.008132
-0.024089 -0.010547 1.022192 0.411550
-0.010541 -0.008132 0.411550 0.245893
8.830718 1.279720 7.859210 1.989052
0.923894 0.330716 -0.017195 -0.007080
0.330716 0.176657 -0.007079 -0.005235
-0.017195 -0.007079 0.929168 0.332829
-0.007080 -0.005235 0.332829 0.178204
10.942815 1.755572 9.214056 2.104109
0.858656 0.277782 -0.018920 -0.007060
0.277782 0.135554 -0.007062 -0.004227
-0.018920 -0.007062 0.865730 0.280316
-0.007060 -0.004227 0.280316 0.136946
11.003448 1.514268 9.514604 1.882138
0.788575 0.233601 -0.020533 -0.006867
0.233601 0.107019 -0.006867 -0.003431
-0.020533 -0.006867 0.794450 0.235531
-0.006867 -0.003431 0.235531 0.107998
11.635744 1.479744 10.741987 1.960964
0.743038 0.204181 -0.012884 -0.004118
0.204181 0.088885 -0.004118 -0.002138
-0.012884 -0.004118 0.746966 0.205407
-0.004118 -0.002138 0.205407 0.089519
12.483401 1.507831 11.258730 1.841335
0.692734 0.178475 -0.010861 -0.003276
0.178475 0.075489 -0.003276 -0.001596
-0.010861 -0.003276 0.696885 0.179669
-0.003276 -0.001596 0.179669 0.076021
13.603975 1.597073 12.684884 1.964629
0.656612 0.160349 -0.006430 -0.001956
0.160349 0.066539 -0.001956 -0.001045
-0.006430 -0.001956 0.659742 0.161204
-0.001956 -0.001045 0.161204 0.066915
14.363443 1.588129 13.330377 1.885918
0.621877 0.145300 -0.001110 -0.000601
0.145300 0.059956 -0.000601 -0.000579
-0.001110 -0.000601 0.624837 0.146058
-0.000601 -0.000579 0.146058 0.060261
14.850016 1.519260 13.454507 1.701343
0.593475 0.133868 0.003681 0.000473
0.133868 0.055333 0.000472 -0.000246
0.003681 0.000472 0.596614 0.134617
0.000473 -0.000246 0.134617 0.055598
15.414093 1.476027 14.722794 1.793166
0.572651 0.125704 -0.001586 -0.000771
0.125704 0.052194 -0.000771 -0.000465
-0.001586 -0.000771 0.574629 0.126149
-0.000771 -0.000465 0.126149 0.052363
16.546830 1.561089 15.327623 1.730174
0.558991 0.120192 -0.003484 -0.001120
0.120192 0.050129 -0.001120 -0.000468
-0.003484 -0.001120 0.561265 0.120680
-0.001120 -0.000468 0.120680 0.050289
16.445040 1.374161 16.515076 1.798850
0.537856 0.113849 -0.000588 -0.000400
0.113849 0.048216 -0.000399 -0.000249
-0.000588 -0.000399 0.538842 0.114038
-0.000400 -0.000249 0.114038 0.048297
16.854249 1.315908 17.442222 1.804787
0.524598 0.109952 -0.001511 -0.000557
0.109952 0.047084 -0.000556 -0.000242
-0.001511 -0.000556 0.525078 0.110036
-0.000557 -0.000242 0.110036 0.047136
17.822651 1.380334 19.046769 1.950952
0.514107 0.107112 -0.002152 -0.000635
0.107112 0.046327 -0.000634 -0.000223
-0.002152 -0.000634 0.514185 0.107120
-0.000635 -0.000223 0.107120 0.046358
18.514960 1.380649 20.551090 2.060800
0.504419 0.104773 -0.002072 -0.000555
0.104773 0.045770 -0.000554 -0.000177
-0.002072 -0.000554 0.504175 0.104725
-0.000555 -0.000177 0.104725 0.045786
18.844883 1.305901 21.176880 1.976856
0.496717 0.103100 -0.000049 -0.000081
0.103100 0.045414 -0.000081 -0.000057
-0.000049 -0.000081 0.496295 0.103028
-0.000081 -0.000057 0.103028 0.045422
19.343064 1.273717 22.397330 2.025092
0.487984 0.101379 -0.003149 -0.000718
0.101379 0.045079 -0.000717 -0.000180
-0.003149 -0.000717 0.487480 0.101302
-0.000718 -0.000180 0.101302 0.045084
20.081068 1.294791 24.252242 2.200581
0.482710 0.100524 -0.003394 -0.000701
0.100524 0.044947 -0.000701 -0.000158
-0.003394 -0.000701 0.482396 0.100496
-0.000701 -0.000158 0.100496 0.044959
20.183376 1.180995 25.714583 2.276151
0.478811 0.100004 -0.004234 -0.000817
0.100004 0.044883 -0.000817 -0.000169
-0.004234 -0.000817 0.478661 0.100012
-0.000817 -0.000169 0.100012 0.044900
20.467437 1.116915 27.271235 2.363787
0.478355 0.100213 -0.001905 -0.000265
0.100213 0.044964 -0.000265 -0.000042
-0.001905 -0.000265 0.478611 0.100303
-0.000265 -0.000042 0.100303 0.044994
20.751260 1.059169 28.197337 2.309979
0.479672 0.100729 -0.001900 -0.000259
0.100729 0.045089 -0.000259 -0.000043
-0.001900 -0.000259 0.480033 0.100830
-0.000259 -0.000043 0.100830 0.045117
21.728517 1.153332 29.392885 2.318642
0.478535 0.100642 -0.000621 0.000011
0.100642 0.045066 0.000011 0.000011
-0.000621 0.000011 0.479486 0.100855
0.000011 0.000011 0.100855 0.045115
22.433422 1.180208 30.025314 2.207728
0.478608 0.100786 -0.003555 -0.000632
0.100786 0.045088 -0.000631 -0.000131
-0.003555 -0.000631 0.479608 0.100988
-0.000632 -0.000131 0.100988 0.045129
23.008203 1.176969 31.102080 2.202013
0.476120 0.100350 -0.002108 -0.000289
0.100350 0.044981 -0.000289 -0.000053
-0.002108 -0.000289 0.477799 0.100678
-0.000289 -0.000053 0.100678 0.045046
23.960287 1.253612 31.977144 2.154486
0.477297 0.100706 -0.001349 -0.000128
0.100706 0.045047 -0.000128 -0.000021
-0.001349 -0.000128 0.479358 0.101086
-0.000128 -0.000021 0.101086 0.045119
24.652475 1.267304 32.680386 2.075619
0.475917 0.100464 -0.001995 -0.000281
0.100464 0.044978 -0.000280 -0.000058
-0.001995 -0.000280 0.478312 0.100887
-0.000281 -0.000058 0.100887 0.045055
25.374754 1.285943 33.445557 2.018124
0.474753 0.100274 -0.002560 -0.000400
0.100274 0.044924 -0.000400 -0.000084
-0.002560 -0.000400 0.477621 0.100769
-0.000400 -0.000084 0.100769 0.045013
25.663572 1.211082 34.409380 2.008463
0.473784 0.100127 -0.004585 -0.000817
0.100127 0.044881 -0.000817 -0.000171
-0.004585 -0.000817 0.477636 0.100799
-0.000817 -0.000171 0.100799 0.045006
26.253396 1.207709 35.295274 1.983479
0.474601 0.100357 -0.005867 -0.001038
0.100357 0.044920 -0.001038 -0.000210
-0.005867 -0.001038 0.479154 0.101133
-0.001038 -0.000210 0.101133 0.045063
27.185413 1.277081 36.221073 1.969746
0.475705 0.100611 -0.006818 -0.001175
0.100611 0.044959 -0.001175 -0.000229
-0.006818 -0.001175 0.480886 0.101474
-0.001175 -0.000229 0.101474 0.045116
28.338098 1.385316 36.489649 1.819034
0.473259 0.100081 -0.007423 -0.001237
0.100081 0.044829 -0.001238 -0.000235
-0.007423 -0.001238 0.477956 0.100797
-0.001237 -0.000235 0.100797 0.044952
28.928293 1.363922 37.740486 1.890942
0.470589 0.099548 -0.009996 -0.001719
0.099548 0.044709 -0.001719 -0.000332
-0.009996 -0.001719 0.477037 0.100610
-0.001719 -0.000332 0.100610 0.044908
29.944455 1.434789 38.791830 1.913625
0.471486 0.099813 -0.010027 -0.001626
0.099813 0.044768 -0.001625 -0.000301
-0.010027 -0.001625 0.478789 0.101002
-0.001626 -0.000301 0.101002 0.044990
30.657180 1.434346 40.204539 2.009787
0.468730 0.099267 -0.009324 -0.001406
0.099267 0.044647 -0.001403 -0.000252
-0.009324 -0.001403 0.478068 0.100833
-0.001406 -0.000252 0.100833 0.044946
31.066805 1.368677 40.838314 1.931109
0.465550 0.098675 -0.006768 -0.000830
0.098675 0.044526 -0.000823 -0.000134
-0.006768 -0.000823 0.475557 0.100304
-0.000830 -0.000134 0.100304 0.044831
31.234744 1.258940 41.689985 1.906436
0.464547 0.098584 -0.006636 -0.000825
0.098584 0.044516 -0.000818 -0.000148
-0.006636 -0.000818 0.475894 0.100421
-0.000825 -0.000148 0.100421 0.044862
31.795095 1.245036 43.300153 2.045031
0.462327 0.098222 -0.006837 -0.000894
0.098222 0.044444 -0.000885 -0.000175
-0.006837 -0.000885 0.476455 0.100568
-0.000894 -0.000175 0.100568 0.044894
31.888466 1.132041 43.954676 1.966734
0.461705 0.098213 -0.007937 -0.001143
0.098213 0.044449 -0.001138 -0.000237
-0.007937 -0.001138 0.476657 0.100619
-0.001143 -0.000237 0.100619 0.044902
32.749260 1.194172 44.386690 1.850678
0.465538 0.099134 -0.008339 -0.001217
0.099134 0.044646 -0.001214 -0.000254
-0.008339 -0.001214 0.479612 0.101244
-0.001217 -0.000254 0.101244 0.045030
33.297269 1.183060 44.758281 1.733781
0.466934 0.099427 -0.009401 -0.001428
0.099427 0.044688 -0.001428 -0.000300
-0.009401 -0.001428 0.480721 0.101419
-0.001428 -0.000300 0.101419 0.045053
33.875278 1.179861 45.369187 1.679789
0.470244 0.100095 -0.008573 -0.001221
0.100095 0.044808 -0.001219 -0.000253
-0.008573 -0.001219 0.484296 0.102105
-0.001221 -0.000253 0.102105 0.045184
34.661152 1.221571 46.240533 1.686658
0.465760 0.099029 -0.017225 -0.003045
0.099029 0.044549 -0.003059 -0.000645
-0.017225 -0.003059 0.481413 0.101361
-0.003045 -0.000645 0.101361 0.045005
35.741242 1.321201 46.967099 1.662838
0.464755 0.098827 -0.015701 -0.002551
0.098827 0.044503 -0.002559 -0.000510
-0.015701 -0.002559 0.480762 0.101189
-0.002551 -0.000510 0.101189 0.044969
