2.165129 1.828165 -0.537455 -1.107034
2.398153 0.959282 -0.291720 -0.116691
0.959282 80.387788 -0.116691 -0.046677
-0.291720 -0.116691 2.384698 0.953900
-0.116691 -0.046677 0.953900 80.385635
4.861618 5.053792 2.729111 5.647446
2.272198 3.981783 -0.239942 -0.363493
3.981783 15.146030 -0.362215 -1.384229
-0.239942 -0.362215 2.311291 4.053110
-0.363493 -1.384229 4.053110 15.236764
5.950345 3.377551 0.056614 -0.664895
1.874621 2.157062 -0.293267 -0.330339
2.157062 4.333152 -0.330171 -0.584356
-0.293267 -0.330171 1.993338 2.286620
-0.330339 -0.584356 2.286620 4.472474
6.582205 2.501917 3.230597 2.271107
1.679990 1.420651 -0.201243 -0.161245
1.420651 1.882848 -0.161053 -0.210501
-0.201243 -0.161053 1.725391 1.446132
-0.161245 -0.210501 1.446132 1.898135
6.217382 1.429218 2.998176 1.368936
1.428634 0.945291 -0.161843 -0.103861
0.945291 0.949575 -0.103717 -0.106132
-0.161843 -0.103717 1.479260 0.972176
-0.103861 -0.106132 0.972176 0.967108
8.173752 2.104108 2.479352 0.718553
1.252948 0.681889 -0.111025 -0.059522
0.681889 0.552178 -0.059324 -0.053729
-0.111025 -0.059324 1.329135 0.718941
-0.059522 -0.053729 0.718941 0.572911
8.561059 1.795620 4.726495 1.586116
1.135245 0.525224 -0.087499 -0.041246
0.525224 0.356379 -0.041080 -0.032607
-0.087499 -0.041080 1.173573 0.539006
-0.041246 -0.032607 0.539006 0.363121
9.053273 1.631560 6.128751 1.830478
1.033220 0.416065 -0.095466 -0.039855
0.416065 0.245176 -0.039786 -0.025102
-0.095466 -0.039786 1.059017 0.423811
-0.039855 -0.025102 0.423811 0.248876
10.246545 1.766410 7.038507 1.828006
0.939318 0.335624 -0.080067 -0.029758
0.335624 0.177180 -0.029706 -0.016776
-0.080067 -0.029706 0.965107 0.343138
-0.029758 -0.016776 0.343138 0.180498
11.557352 1.903473 8.715677 2.072442
0.854929 0.275628 -0.068078 -0.022860
0.275628 0.133870 -0.022816 -0.011696
-0.068078 -0.022816 0.874698 0.280818
-0.022860 -0.011696 0.280818 0.136111
11.663143 1.653782 9.716771 2.062911
0.792986 0.234134 -0.059552 -0.018269
0.234134 0.106484 -0.018232 -0.008523
-0.059552 -0.018232 0.806463 0.237283
-0.018269 -0.008523 0.237283 0.107908
12.440322 1.639951 11.138222 2.169418
0.730874 0.200108 -0.050073 -0.014162
0.200108 0.087248 -0.014130 -0.006180
-0.050073 -0.014130 0.739858 0.202023
-0.014162 -0.006180 0.202023 0.088205
12.782323 1.517116 12.230607 2.171579
0.682278 0.175349 -0.042996 -0.011303
0.175349 0.074351 -0.011277 -0.004628
-0.042996 -0.011277 0.687475 0.176350
-0.011303 -0.004628 0.176350 0.074985
13.603439 1.532331 13.811073 2.292069
0.644764 0.157231 -0.031044 -0.007644
0.157231 0.065562 -0.007622 -0.003167
-0.031044 -0.007622 0.646729 0.157540
-0.007644 -0.003167 0.157540 0.065965
13.803340 1.400061 15.102499 2.326029
0.606130 0.141584 -0.024196 -0.005658
0.141584 0.058958 -0.005642 -0.002334
-0.024196 -0.005642 0.604475 0.141165
-0.005658 -0.002334 0.141165 0.059147
15.277305 1.574854 16.002784 2.266693
0.578710 0.130716 -0.021535 -0.004827
0.130716 0.054562 -0.004815 -0.001886
-0.021535 -0.004815 0.579335 0.130959
-0.004827 -0.001886 0.130959 0.054872
15.255704 1.396718 16.874299 2.208832
0.561833 0.123667 -0.018868 -0.004048
0.123667 0.051731 -0.004039 -0.001514
-0.018868 -0.004039 0.560333 0.123483
-0.004048 -0.001514 0.123483 0.051903
15.797882 1.362791 17.283430 2.058504
0.541317 0.116794 -0.016281 -0.003342
0.116794 0.049398 -0.003336 -0.001210
-0.016281 -0.003336 0.540045 0.116718
-0.003342 -0.001210 0.116718 0.049562
15.830289 1.224501 17.873844 1.964649
0.526597 0.112047 -0.009107 -0.001705
0.112047 0.047867 -0.001704 -0.000747
-0.009107 -0.001704 0.524209 0.111762
-0.001705 -0.000747 0.111762 0.047956
16.169498 1.166817 18.513185 1.892079
0.512785 0.108091 -0.005499 -0.000969
0.108091 0.046725 -0.000970 -0.000524
-0.005499 -0.000970 0.510001 0.107755
-0.000969 -0.000524 0.107755 0.046780
17.433604 1.309520 19.426859 1.885444
0.499608 0.104743 -0.008490 -0.001661
0.104743 0.045863 -0.001660 -0.000620
-0.008490 -0.001660 0.498109 0.104699
-0.001661 -0.000620 0.104699 0.045958
18.228748 1.338799 20.065243 1.821655
0.495964 0.103764 -0.002650 -0.000403
0.103764 0.045599 -0.000404 -0.000300
-0.002650 -0.000404 0.494927 0.103806
-0.000403 -0.000300 0.103806 0.045689
19.081241 1.377229 21.980010 2.031989
0.486811 0.101744 -0.002210 -0.000381
0.101744 0.045151 -0.000383 -0.000268
-0.002210 -0.000383 0.485476 0.101696
-0.000381 -0.000268 0.101696 0.045200
19.604490 1.342644 23.112175 2.056330
0.485021 0.101462 -0.003529 -0.000706
0.101462 0.045108 -0.000707 -0.000310
-0.003529 -0.000707 0.483750 0.101409
-0.000706 -0.000310 0.101409 0.045140
19.674276 1.216663 23.986306 2.023967
0.486014 0.101778 0.002200 0.000497
0.101778 0.045189 0.000494 -0.000027
0.002200 0.000494 0.484519 0.101659
0.000497 -0.000027 0.101659 0.045195
20.183092 1.195780 25.216690 2.069826
0.480504 0.100687 0.001658 0.000283
0.100687 0.044964 0.000281 -0.000066
0.001658 0.000281 0.479629 0.100681
0.000283 -0.000066 0.100681 0.044984
20.432054 1.122539 26.301055 2.080310
0.478527 0.100426 0.003656 0.000644
0.100426 0.044928 0.000642 0.000023
0.003656 0.000642 0.478192 0.100508
0.000644 0.000023 0.100508 0.044957
21.175977 1.161020 27.133175 2.036453
0.478135 0.100503 -0.002726 -0.000776
0.100503 0.044961 -0.000777 -0.000268
-0.002726 -0.000777 0.478405 0.100680
-0.000776 -0.000268 0.100680 0.045000
21.820131 1.174399 28.210396 2.048862
0.476217 0.100224 -0.002481 -0.000650
0.100224 0.044908 -0.000651 -0.000207
-0.002481 -0.000651 0.477702 0.100618
-0.000650 -0.000207 0.100618 0.044985
21.941899 1.076188 30.148416 2.241499
0.474242 0.099937 0.002281 0.000414
0.099937 0.044852 0.000413 0.000043
0.002281 0.000413 0.479076 0.100982
0.000414 0.000043 0.100982 0.045057
22.365493 1.051950 31.604676 2.312263
0.470040 0.099184 0.002618 0.000444
0.099184 0.044697 0.000442 0.000050
0.002618 0.000442 0.477581 0.100692
0.000444 0.000050 0.100692 0.044982
22.584270 0.986927 33.025841 2.368261
0.468322 0.099003 0.000392 -0.000062
0.099003 0.044670 -0.000065 -0.000055
0.000392 -0.000065 0.478700 0.100971
-0.000062 -0.000055 0.100971 0.045034
23.455033 1.066886 33.975057 2.318607
0.464077 0.098270 0.006485 0.001243
0.098270 0.044520 0.001245 0.000234
0.006485 0.001245 0.475975 0.100400
0.001243 0.000234 0.100400 0.044899
24.589360 1.194595 34.734057 2.233824
0.461840 0.098004 0.002008 0.000196
0.098004 0.044475 0.000192 -0.000001
0.002008 0.000192 0.474423 0.100128
0.000196 -0.000001 0.100128 0.044841
25.383705 1.236726 35.357894 2.129595
0.463741 0.098604 0.004293 0.000687
0.098604 0.044608 0.000688 0.000114
0.004293 0.000688 0.476398 0.100612
0.000687 0.000114 0.100612 0.044944
25.898537 1.214765 36.283001 2.100146
0.464767 0.098928 0.000584 -0.000130
0.098928 0.044664 -0.000138 -0.000059
0.000584 -0.000138 0.479523 0.101284
-0.000130 -0.000059 0.101284 0.045075
26.751945 1.267234 37.160276 2.063562
0.464920 0.099010 -0.002350 -0.000700
0.099010 0.044660 -0.000712 -0.000164
-0.002350 -0.000712 0.481452 0.101633
-0.000700 -0.000164 0.101633 0.045128
27.435844 1.277997 37.959841 2.014574
0.463007 0.098625 -0.002380 -0.000605
0.098625 0.044555 -0.000615 -0.000121
-0.002380 -0.000615 0.481578 0.101570
-0.000605 -0.000121 0.101570 0.045092
28.302046 1.326406 39.159523 2.055111
0.462462 0.098556 -0.006773 -0.001451
0.098556 0.044527 -0.001470 -0.000287
-0.006773 -0.001470 0.484766 0.102168
-0.001451 -0.000287 0.102168 0.045203
29.144327 1.364496 39.847114 1.983593
0.458510 0.097751 -0.014621 -0.002955
0.097751 0.044342 -0.002990 -0.000584
-0.014621 -0.002990 0.482539 0.101575
-0.002955 -0.000584 0.101575 0.045057
30.430390 1.492946 40.327964 1.876595
0.461944 0.098587 -0.014735 -0.002705
0.098587 0.044521 -0.002735 -0.000488
-0.014735 -0.002735 0.484423 0.101921
-0.002705 -0.000488 0.101921 0.045126
31.154888 1.487874 40.972072 1.814704
0.465637 0.099379 -0.015603 -0.002673
0.099379 0.044672 -0.002699 -0.000459
-0.015603 -0.002699 0.488811 0.102767
-0.002673 -0.000459 0.102767 0.045297
32.113428 1.533809 41.974405 1.835008
0.461773 0.098478 -0.014010 -0.002171
0.098478 0.044450 -0.002181 -0.000342
-0.014010 -0.002181 0.488490 0.102559
-0.002171 -0.000342 0.102559 0.045236
32.921764 1.541820 42.446361 1.741613
0.463149 0.098776 -0.017383 -0.002779
0.098776 0.044504 -0.002799 -0.000480
-0.017383 -0.002799 0.489696 0.102702
-0.002779 -0.000480 0.102702 0.045258
33.475182 1.494925 43.081046 1.691654
0.462309 0.098566 -0.021152 -0.003439
0.098566 0.044446 -0.003464 -0.000620
-0.021152 -0.003464 0.490979 0.102863
-0.003439 -0.000620 0.102863 0.045286
34.112067 1.472813 44.519681 1.815520
0.458893 0.097830 -0.023089 -0.003684
0.097830 0.044282 -0.003694 -0.000664
-0.023089 -0.003694 0.494752 0.103551
-0.003684 -0.000664 0.103551 0.045426
34.147219 1.323655 45.618253 1.853428
0.457403 0.097577 -0.023394 -0.003589
0.097577 0.044236 -0.003581 -0.000638
-0.023394 -0.003581 0.499343 0.104366
-0.003589 -0.000638 0.104366 0.045586
34.694705 1.300802 47.056502 1.959858
0.457877 0.097738 -0.029734 -0.004787
0.097738 0.044275 -0.004792 -0.000896
-0.029734 -0.004792 0.506302 0.105601
-0.004787 -0.000896 0.105601 0.045822
34.950976 1.217395 48.280962 2.009385
0.454661 0.097083 -0.035553 -0.005799
0.097083 0.044132 -0.005812 -0.001100
-0.035553 -0.005812 0.509669 0.105999
-0.005799 -0.001100 0.105999 0.045872
36.120204 1.335239 48.755640 1.901578
0.450186 0.096221 -0.037878 -0.006031
0.096221 0.043958 -0.006060 -0.001136
-0.037878 -0.006060 0.504229 0.104584
-0.006031 -0.001136 0.104584 0.045556
