-1.487846 0.366943 5.387519 1.263007
41.860426 16.744533 -56.661936 -22.665265
16.744533 86.702025 -22.665265 -9.066303
-56.661936 -22.665265 81.065594 32.426940
-22.665265 -9.066303 32.426940 92.975124
0.781252 2.023133 4.050047 0.700070
61.011142 30.201117 -86.578786 -44.081888
30.201117 36.722762 -40.654711 -40.712542
-86.578786 -40.654711 126.359077 65.888338
-44.081888 -40.712542 65.888338 69.935836
0.370442 2.036089 8.258633 2.901531
73.674835 41.363742 -86.685351 -36.766374
41.363742 34.431594 -47.838031 -33.909894
-86.685351 -47.838031 104.228941 44.785211
-36.766374 -33.909894 44.785211 40.079255
0.216039 1.540730 12.128435 4.327744
29.068368 13.300137 -41.070342 -19.823383
13.300137 12.757397 -18.652440 -17.688741
-41.070342 -18.652440 60.610100 30.130469
-19.823383 -17.688741 30.130469 27.814272
-1.155253 0.578054 16.873443 5.408592
9.055603 3.612353 -16.550916 -7.826991
3.612353 5.689284 -6.294370 -8.518069
-16.550916 -6.294370 34.038805 16.494323
-7.826991 -8.518069 16.494323 15.899106
0.466800 1.260683 17.573427 4.401443
1.872169 0.680065 -4.490518 -1.944241
0.680065 2.960766 -0.509931 -3.723884
-4.490518 -0.509931 17.512954 6.795009
-1.944241 -3.723884 6.795009 7.482477
0.708425 1.006589 20.565991 4.852321
1.519528 0.814726 -4.238205 -2.018098
0.814726 1.939713 -0.559707 -2.369874
-4.238205 -0.559707 22.783026 8.080284
-2.018098 -2.369874 8.080284 5.678512
2.445447 1.708047 19.601788 3.301948
0.719019 0.496717 -1.192174 -0.739855
0.496717 1.151529 1.260906 -0.862070
-1.192174 1.260906 20.561189 5.108613
-0.739855 -0.862070 5.108613 2.787994
4.122062 2.369814 21.777455 2.915137
0.705311 0.444286 -1.453799 -0.750659
0.444286 0.658602 0.559110 -0.537309
-1.453799 0.559110 25.799372 6.566116
-0.750659 -0.537309 6.566116 2.550093
4.679147 2.063752 25.577132 3.727828
0.673199 0.419271 -0.321250 -0.407309
0.419271 0.465709 1.026485 -0.202161
-0.321250 1.026485 29.644959 6.444054
-0.407309 -0.202161 6.444054 1.950367
6.123798 2.186532 23.597097 2.781439
0.932322 0.565711 2.316176 0.086026
0.565711 0.442217 1.649649 -0.019795
2.316176 1.649649 15.068954 2.096954
0.086026 -0.019795 2.096954 0.635370
7.746828 2.435875 24.681677 2.528992
1.062431 0.527013 2.987116 0.232419
0.527013 0.322516 1.546135 0.054456
2.987116 1.546135 16.999009 2.417698
0.232419 0.054456 2.417698 0.584791
9.459734 2.645312 25.430068 2.271268
1.421252 0.584089 4.140881 0.387615
0.584089 0.282909 1.681664 0.109026
4.140881 1.681664 18.602777 2.440542
0.387615 0.109026 2.440542 0.495611
10.595899 2.583354 25.780703 2.169753
2.019295 0.704322 5.294673 0.475701
0.704322 0.278819 1.797263 0.127076
5.294673 1.797263 18.626294 2.170023
0.475701 0.127076 2.170023 0.390326
12.604833 2.853578 25.153820 1.673505
2.684070 0.807874 6.458341 0.564975
0.807874 0.270639 1.898748 0.143220
6.458341 1.898748 18.395392 1.897055
0.564975 0.143220 1.897055 0.300710
13.916215 2.826762 25.567498 1.620889
3.388326 0.894749 7.541649 0.640761
0.894749 0.260855 1.935194 0.147800
7.541649 1.935194 19.343686 1.900040
0.640761 0.147800 1.900040 0.277244
15.602676 2.860894 28.107056 1.876938
4.100045 0.974102 8.113437 0.629458
0.974102 0.254446 1.866005 0.132644
8.113437 1.866005 18.437357 1.674674
0.629458 0.132644 1.674674 0.233744
15.707119 2.590942 26.098221 1.606466
2.276242 0.532242 2.592026 0.035330
0.532242 0.145747 0.578261 0.001291
2.592026 0.578261 3.948724 0.213584
0.035330 0.001291 0.213584 0.084690
17.028747 2.611838 26.443985 1.519995
2.673234 0.565181 2.866197 0.059333
0.565181 0.140631 0.579271 0.008359
2.866197 0.579271 3.916964 0.214921
0.059333 0.008359 0.214921 0.078141
18.509959 2.674511 26.553584 1.371924
3.066072 0.598764 2.914661 0.046474
0.598764 0.138223 0.547048 0.007729
2.914661 0.547048 3.406974 0.161555
0.046474 0.007729 0.161555 0.068588
19.341298 2.594885 26.487920 1.304821
3.044189 0.563522 2.302847 -0.024369
0.563522 0.126130 0.406445 -0.003882
2.302847 0.406445 2.263975 0.082232
-0.024369 -0.003882 0.082232 0.062931
19.783660 2.481691 25.674342 1.132261
2.954507 0.522858 1.684675 -0.090179
0.522858 0.114903 0.284327 -0.012924
1.684675 0.284327 1.314985 0.020532
-0.090179 -0.012924 0.020532 0.058105
21.269581 2.537877 25.957435 1.034796
3.253956 0.541207 1.610222 -0.098633
0.541207 0.113289 0.255334 -0.012272
1.610222 0.255334 1.124027 0.024057
-0.098633 -0.012272 0.024057 0.057422
20.281231 2.197410 25.107542 1.007801
1.797322 0.295732 0.393041 -0.144495
0.295732 0.072868 0.055949 -0.018165
0.393041 0.055949 0.332184 0.027156
-0.144495 -0.018165 0.027156 0.061279
21.435722 2.208670 25.516020 0.976193
2.001655 0.314910 0.374540 -0.132856
0.314910 0.074742 0.052537 -0.014529
0.374540 0.052537 0.342324 0.046905
-0.132856 -0.014529 0.046905 0.060681
21.940253 2.121722 25.632236 0.933352
2.124400 0.323007 0.192189 -0.157290
0.323007 0.075328 0.025572 -0.016922
0.192189 0.025572 0.290166 0.060703
-0.157290 -0.016922 0.060703 0.062491
22.757314 2.086252 25.951650 0.911745
2.285383 0.335519 0.025609 -0.178163
0.335519 0.076482 0.003108 -0.018716
0.025609 0.003108 0.292707 0.080174
-0.178163 -0.018716 0.080174 0.064838
22.405457 1.882919 25.813016 0.833655
1.915241 0.270086 -0.281267 -0.201560
0.270086 0.066299 -0.037651 -0.020843
-0.281267 -0.037651 0.284654 0.098065
-0.201560 -0.020843 0.098065 0.066296
23.629331 1.918126 26.023296 0.762066
2.166514 0.299924 -0.383844 -0.204040
0.299924 0.070683 -0.046610 -0.020225
-0.383844 -0.046610 0.330729 0.111672
-0.204040 -0.020225 0.111672 0.064976
25.271120 2.021595 26.563012 0.789214
2.364021 0.318579 -0.533347 -0.216397
0.318579 0.073009 -0.059693 -0.020595
-0.533347 -0.059693 0.452633 0.144081
-0.216397 -0.020595 0.144081 0.069656
27.536219 2.202431 26.998956 0.782491
2.322847 0.302199 -0.679207 -0.221948
0.302199 0.070261 -0.070464 -0.019941
-0.679207 -0.070464 0.612408 0.179605
-0.221948 -0.019941 0.179605 0.074433
27.619452 2.057902 27.410558 0.792771
1.506891 0.180937 -0.730040 -0.199954
0.180937 0.053376 -0.066765 -0.015574
-0.730040 -0.066765 0.796752 0.213818
-0.199954 -0.015574 0.213818 0.078156
28.180737 1.987124 27.798729 0.787741
1.369139 0.158762 -0.869422 -0.210381
0.158762 0.050808 -0.075112 -0.016032
-0.869422 -0.075112 1.026094 0.253016
-0.210381 -0.016032 0.253016 0.082855
29.544728 2.054353 28.313166 0.823059
1.416033 0.164901 -1.021927 -0.221906
0.164901 0.052420 -0.084414 -0.016690
-1.021927 -0.084414 1.294469 0.294206
-0.221906 -0.016690 0.294206 0.087437
31.038123 2.137906 28.787332 0.848876
1.461172 0.169269 -1.185312 -0.234922
0.169269 0.053395 -0.094167 -0.017582
-1.185312 -0.094167 1.605311 0.337736
-0.234922 -0.017582 0.337736 0.091993
32.735484 2.251151 29.236020 0.873039
1.501177 0.171902 -1.353181 -0.247785
0.171902 0.053887 -0.103162 -0.018388
-1.353181 -0.103162 1.960827 0.383795
-0.247785 -0.018388 0.383795 0.096614
34.413612 2.357406 29.741833 0.905896
1.508011 0.168669 -1.513780 -0.259038
0.168669 0.053345 -0.109260 -0.018815
-1.513780 -0.109260 2.362529 0.432645
-0.259038 -0.018815 0.432645 0.101399
35.383715 2.307281 30.044323 0.869189
1.481802 0.158135 -1.690357 -0.273636
0.158135 0.051199 -0.117208 -0.019928
-1.690357 -0.117208 2.809025 0.482732
-0.273636 -0.019928 0.482732 0.105850
36.396518 2.265738 30.286812 0.828418
1.501873 0.155353 -1.891746 -0.289638
0.155353 0.050340 -0.128121 -0.021249
-1.891746 -0.128121 3.308273 0.534964
-0.289638 -0.021249 0.534964 0.110259
36.913150 2.147143 30.785295 0.817993
1.513335 0.150889 -2.093763 -0.304541
0.150889 0.049167 -0.137601 -0.022311
-2.093763 -0.137601 3.853438 0.588730
-0.304541 -0.022311 0.588730 0.114627
37.263070 2.008085 31.369230 0.816241
1.578735 0.154597 -2.339513 -0.323087
0.154597 0.049031 -0.155044 -0.024307
-2.339513 -0.155044 4.441427 0.641498
-0.323087 -0.024307 0.641498 0.118343
38.558694 2.121579 32.420726 0.932064
1.723147 0.173336 -2.610976 -0.340466
0.173336 0.051609 -0.178676 -0.026455
-2.610976 -0.178676 5.038939 0.688921
-0.340466 -0.026455 0.688921 0.121033
39.790545 2.208153 33.517545 1.036301
1.895199 0.194889 -2.906553 -0.358851
0.194889 0.053952 -0.210535 -0.029554
-2.906553 -0.210535 5.601523 0.725339
-0.358851 -0.029554 0.725339 0.121922
40.807852 2.214891 34.376856 1.082437
2.092811 0.218751 -3.223348 -0.377768
0.218751 0.056071 -0.250423 -0.033441
-3.223348 -0.250423 6.100097 0.748584
-0.377768 -0.033441 0.748584 0.121011
41.882868 2.218712 35.064194 1.101644
2.317794 0.245428 -3.556333 -0.396362
0.245428 0.058529 -0.293239 -0.037262
-3.556333 -0.293239 6.563684 0.765098
-0.396362 -0.037262 0.765098 0.119510
42.908210 2.224220 35.936600 1.141907
2.567293 0.272432 -3.925073 -0.417533
0.272432 0.060998 -0.335401 -0.040671
-3.925073 -0.335401 7.087114 0.787946
-0.417533 -0.040671 0.787946 0.119133
43.943666 2.156286 35.818697 1.045434
2.845594 0.301619 -4.317363 -0.439117
0.301619 0.063468 -0.382261 -0.044366
-4.317363 -0.382261 7.564822 0.802689
-0.439117 -0.044366 0.802689 0.117873
44.840212 2.118689 36.366936 1.039278
3.122522 0.323237 -4.772018 -0.467804
0.323237 0.064895 -0.419193 -0.046915
-4.772018 -0.419193 8.295550 0.847667
-0.467804 -0.046915 0.847667 0.120518
45.848975 2.114089 36.971130 1.047525
3.423652 0.346366 -5.256348 -0.497209
0.346366 0.066569 -0.456497 -0.049310
-5.256348 -0.456497 9.073174 0.894422
-0.497209 -0.049310 0.894422 0.123262
46.929843 2.101341 37.258022 1.018321
3.748327 0.370348 -5.774955 -0.527916
0.370348 0.068216 -0.495515 -0.051778
-5.774955 -0.495515 9.892330 0.941840
-0.527916 -0.051778 0.941840 0.125913
