6.892897 3.719313 -1.818390 -1.619419
2.312163 0.924885 -0.226664 -0.090667
0.924885 80.374029 -0.090667 -0.036268
-0.226664 -0.090667 2.492283 0.996935
-0.090667 -0.036268 0.996935 80.402849
8.556458 3.421503 -0.210730 2.599205
2.275405 4.005969 -0.218038 -0.335862
4.005969 14.975101 -0.335658 -1.166255
-0.218038 -0.335658 2.458985 4.290883
-0.335862 -1.166255 4.290883 15.933627
5.834564 -1.658056 2.027161 3.650473
1.978788 2.268422 -0.240451 -0.265469
2.268422 4.401080 -0.265861 -0.463388
-0.240451 -0.265861 2.096697 2.394285
-0.265469 -0.463388 2.394285 4.671625
5.426152 -1.307694 3.497352 3.355294
1.726108 1.443041 -0.146263 -0.114890
1.443041 1.875842 -0.115179 -0.156611
-0.146263 -0.115179 1.788033 1.495066
-0.114890 -0.156611 1.495066 1.971112
5.988513 -0.511482 5.002049 3.243046
1.537575 1.006689 -0.116598 -0.074827
1.006689 0.980265 -0.074987 -0.080345
-0.116598 -0.074987 1.581890 1.039668
-0.074827 -0.080345 1.039668 1.028264
6.224745 -0.246782 5.627682 2.705031
1.347895 0.723826 -0.134038 -0.072742
0.723826 0.569510 -0.072714 -0.057220
-0.134038 -0.072714 1.381485 0.746187
-0.072742 -0.057220 0.746187 0.596379
7.651423 0.460203 6.191191 2.342845
1.128688 0.514687 -0.108646 -0.049807
0.514687 0.348722 -0.049806 -0.033600
-0.108646 -0.049806 1.165120 0.534995
-0.049807 -0.033600 0.534995 0.366910
7.696624 0.386455 7.669270 2.465950
1.016329 0.405303 -0.080132 -0.031946
0.405303 0.240068 -0.031995 -0.019766
-0.080132 -0.031995 1.034843 0.415555
-0.031946 -0.019766 0.415555 0.249779
9.048075 0.798211 7.610271 2.003517
0.933130 0.331548 -0.078178 -0.027942
0.331548 0.175769 -0.027962 -0.014794
-0.078178 -0.027962 0.962632 0.344589
-0.027942 -0.014794 0.344589 0.184222
9.830877 0.921489 9.209504 2.196878
0.867307 0.278725 -0.075928 -0.024436
0.278725 0.135149 -0.024443 -0.011283
-0.075928 -0.024443 0.887129 0.287006
-0.024436 -0.011283 0.287006 0.140388
10.787443 1.067375 9.785890 2.042373
0.801603 0.236057 -0.049646 -0.014371
0.236057 0.107319 -0.014414 -0.006687
-0.049646 -0.014414 0.821694 0.243497
-0.014371 -0.006687 0.243497 0.111327
11.720656 1.176565 10.929074 2.076020
0.741673 0.202651 -0.035060 -0.009397
0.202651 0.088189 -0.009443 -0.004430
-0.035060 -0.009443 0.757953 0.208243
-0.009397 -0.004430 0.208243 0.091006
12.917064 1.332560 11.990999 2.082271
0.691128 0.177285 -0.022092 -0.005595
0.177285 0.075050 -0.005642 -0.002890
-0.022092 -0.005642 0.706003 0.181965
-0.005595 -0.002890 0.181965 0.077183
13.486344 1.308879 13.412089 2.175128
0.649288 0.158049 -0.010182 -0.002555
0.158049 0.065929 -0.002598 -0.001787
-0.010182 -0.002598 0.658620 0.160943
-0.002555 -0.001787 0.160943 0.067310
14.373680 1.363029 14.853727 2.257892
0.610599 0.142432 -0.013728 -0.003478
0.142432 0.059305 -0.003506 -0.001769
-0.013728 -0.003506 0.616724 0.144341
-0.003478 -0.001769 0.144341 0.060256
14.499518 1.237308 16.669390 2.413542
0.587972 0.132654 -0.009904 -0.002521
0.132654 0.055127 -0.002541 -0.001331
-0.009904 -0.002541 0.588562 0.133180
-0.002521 -0.001331 0.133180 0.055629
14.895702 1.188601 17.554036 2.342655
0.573504 0.126021 -0.012177 -0.002975
0.126021 0.052338 -0.002988 -0.001265
-0.012177 -0.002988 0.572791 0.126257
-0.002975 -0.001265 0.126257 0.052697
15.732910 1.241084 18.203841 2.229974
0.552125 0.118815 -0.012704 -0.002949
0.118815 0.049887 -0.002959 -0.001109
-0.012704 -0.002959 0.551669 0.119103
-0.002949 -0.001109 0.119103 0.050194
16.145695 1.197200 18.447216 2.044596
0.538458 0.114181 -0.007763 -0.001741
0.114181 0.048350 -0.001751 -0.000729
-0.007763 -0.001751 0.537835 0.114412
-0.001741 -0.000729 0.114412 0.048591
16.476304 1.140980 19.243387 1.997017
0.525520 0.110301 -0.011840 -0.002544
0.110301 0.047199 -0.002550 -0.000817
-0.011840 -0.002550 0.524016 0.110317
-0.002544 -0.000817 0.110317 0.047352
16.937626 1.118272 20.694643 2.091701
0.515878 0.107589 -0.005920 -0.001159
0.107589 0.046451 -0.001167 -0.000447
-0.005920 -0.001167 0.513449 0.107396
-0.001159 -0.000447 0.107396 0.046527
17.892724 1.200547 21.668047 2.076674
0.508003 0.105570 -0.001513 -0.000222
0.105570 0.045945 -0.000231 -0.000210
-0.001513 -0.000231 0.506210 0.105507
-0.000222 -0.000210 0.105507 0.046024
18.866650 1.278085 22.728411 2.081285
0.500214 0.103800 -0.006444 -0.001304
0.103800 0.045551 -0.001309 -0.000414
-0.006444 -0.001309 0.499001 0.103833
-0.001304 -0.000414 0.103833 0.045628
19.632910 1.304407 23.314823 1.986793
0.499017 0.103581 -0.007356 -0.001431
0.103581 0.045519 -0.001434 -0.000402
-0.007356 -0.001434 0.497952 0.103613
-0.001431 -0.000402 0.103613 0.045574
19.671668 1.176936 24.089575 1.941073
0.493992 0.102587 -0.006045 -0.001083
0.102587 0.045327 -0.001086 -0.000297
-0.006045 -0.001086 0.492645 0.102525
-0.001083 -0.000297 0.102525 0.045346
20.108994 1.145449 24.930216 1.913942
0.488752 0.101635 -0.004262 -0.000671
0.101635 0.045156 -0.000675 -0.000191
-0.004262 -0.000675 0.487660 0.101601
-0.000671 -0.000191 0.101601 0.045169
20.540678 1.116371 26.586698 2.059884
0.486645 0.101406 -0.004752 -0.000771
0.101406 0.045143 -0.000773 -0.000203
-0.004752 -0.000773 0.486920 0.101631
-0.000771 -0.000203 0.101631 0.045200
21.385243 1.176344 27.980787 2.136148
0.483800 0.101015 -0.008196 -0.001477
0.101015 0.045087 -0.001477 -0.000341
-0.008196 -0.001477 0.485741 0.101538
-0.001477 -0.000341 0.101538 0.045195
22.259705 1.236000 28.671303 2.057300
0.483530 0.101168 -0.011706 -0.002130
0.101168 0.045140 -0.002129 -0.000457
-0.011706 -0.002129 0.485712 0.101670
-0.002130 -0.000457 0.101670 0.045230
23.278645 1.320314 29.996306 2.119784
0.482330 0.101081 -0.012459 -0.002154
0.101081 0.045130 -0.002152 -0.000437
-0.012459 -0.002152 0.486463 0.101931
-0.002154 -0.000437 0.101931 0.045284
24.045806 1.342700 30.994747 2.107026
0.480366 0.100819 -0.008622 -0.001231
0.100819 0.045077 -0.001227 -0.000226
-0.008622 -0.001227 0.485731 0.101842
-0.001231 -0.000226 0.101842 0.045257
24.369397 1.268688 31.310320 1.951777
0.479145 0.100703 -0.009566 -0.001413
0.100703 0.045052 -0.001411 -0.000270
-0.009566 -0.001411 0.483988 0.101528
-0.001413 -0.000270 0.101528 0.045181
24.324814 1.125514 32.066215 1.904708
0.474506 0.099858 -0.005158 -0.000465
0.099858 0.044872 -0.000458 -0.000074
-0.005158 -0.000458 0.481134 0.101003
-0.000465 -0.000074 0.101003 0.045067
24.829281 1.113259 33.048183 1.910863
0.473689 0.099869 -0.002462 0.000035
0.099869 0.044881 0.000044 0.000012
-0.002462 0.000044 0.482300 0.101354
0.000035 0.000012 0.101354 0.045143
25.434788 1.123539 33.961193 1.901990
0.469710 0.099180 0.002295 0.000923
0.099180 0.044734 0.000937 0.000175
0.002295 0.000937 0.480365 0.101002
0.000923 0.000175 0.101002 0.045062
26.027715 1.130091 34.842403 1.887324
0.472883 0.100033 0.001331 0.000543
0.100033 0.044919 0.000554 0.000064
0.001331 0.000554 0.484933 0.102034
0.000543 0.000064 0.102034 0.045275
26.933384 1.202118 35.537177 1.835080
0.468466 0.099164 -0.006804 -0.001289
0.099164 0.044715 -0.001292 -0.000339
-0.006804 -0.001292 0.481692 0.101309
-0.001289 -0.000339 0.101309 0.045098
27.340689 1.160986 36.318050 1.806240
0.472044 0.100054 -0.006230 -0.001097
0.100054 0.044900 -0.001097 -0.000272
-0.006230 -0.001097 0.486719 0.102393
-0.001097 -0.000272 0.102393 0.045319
28.078447 1.194388 37.329513 1.829102
0.472554 0.100178 -0.013677 -0.002615
0.100178 0.044901 -0.002627 -0.000578
-0.013677 -0.002627 0.489776 0.102948
-0.002615 -0.000578 0.102948 0.045409
28.484268 1.154214 38.668017 1.917935
0.465102 0.098597 -0.010427 -0.001753
0.098597 0.044542 -0.001751 -0.000357
-0.010427 -0.001751 0.487981 0.102446
-0.001753 -0.000357 0.102446 0.045275
29.257403 1.196564 40.278986 2.054958
0.463170 0.098322 -0.012324 -0.002068
0.098322 0.044490 -0.002065 -0.000412
-0.012324 -0.002065 0.491770 0.103171
-0.002068 -0.000412 0.103171 0.045415
29.854918 1.195303 40.484060 1.882607
0.467312 0.099347 -0.008873 -0.001237
0.099347 0.044714 -0.001228 -0.000224
-0.008873 -0.001228 0.492873 0.103279
-0.001237 -0.000224 0.103279 0.045418
31.042446 1.321401 41.913583 1.985596
0.458218 0.097420 -0.015824 -0.002696
0.097420 0.044282 -0.002704 -0.000543
-0.015824 -0.002704 0.489642 0.102471
-0.002696 -0.000543 0.102471 0.045232
31.983931 1.380455 42.438515 1.888147
0.459320 0.097847 -0.014745 -0.002327
0.097847 0.044390 -0.002331 -0.000446
-0.014745 -0.002331 0.489587 0.102434
-0.002327 -0.000446 0.102434 0.045231
32.799985 1.407167 43.311125 1.873425
0.462549 0.098650 -0.016517 -0.002605
0.098650 0.044559 -0.002614 -0.000501
-0.016517 -0.002614 0.494039 0.103345
-0.002605 -0.000501 0.103345 0.045428
33.972616 1.507502 44.368196 1.899544
0.460463 0.098216 -0.020535 -0.003353
0.098216 0.044445 -0.003372 -0.000656
-0.020535 -0.003372 0.494635 0.103365
-0.003353 -0.000656 0.103365 0.045421
34.267899 1.409862 45.422980 1.920399
0.460548 0.098269 -0.026289 -0.004405
0.098269 0.044443 -0.004435 -0.000865
-0.026289 -0.004435 0.499498 0.104284
-0.004405 -0.000865 0.104284 0.045606
35.100793 1.435097 45.639855 1.765692
0.463211 0.098872 -0.025368 -0.003981
0.098872 0.044560 -0.004010 -0.000751
-0.025368 -0.004010 0.498767 0.103979
-0.003981 -0.000751 0.103979 0.045527
35.546181 1.377876 46.808989 1.824506
0.466160 0.099458 -0.027295 -0.004224
0.099458 0.044661 -0.004242 -0.000793
-0.027295 -0.004242 0.506475 0.105475
-0.004224 -0.000793 0.105475 0.045834
36.325984 1.398510 48.086432 1.900774
0.461719 0.098392 -0.034336 -0.005559
0.098392 0.044400 -0.005589 -0.001075
-0.034336 -0.005589 0.508585 0.105664
-0.005559 -0.001075 0.105664 0.045844
