5.325960 3.092524 -0.866831 -1.238787
2.375312 0.950145 -0.038877 -0.015551
0.950145 80.384133 -0.015551 -0.006221
-0.038877 -0.015551 2.405404 0.962182
-0.015551 -0.006221 0.962182 80.388948
4.911586 -0.350038 -1.029596 -0.444517
2.284602 4.012966 -0.069887 -0.114824
4.012966 15.164221 -0.114901 -0.301108
-0.069887 -0.114901 2.316012 4.062055
-0.114824 -0.301108 4.062055 15.327394
6.433330 1.614824 3.163992 4.633241
1.990929 2.288451 -0.026850 -0.024270
2.288451 4.470767 -0.024305 -0.054834
-0.026850 -0.024305 2.002374 2.299891
-0.024270 -0.054834 2.299891 4.504959
6.387913 0.898355 2.443686 2.085510
1.703374 1.428050 -0.032067 -0.026044
1.428050 1.879306 -0.026047 -0.034850
-0.032067 -0.026047 1.719364 1.442147
-0.026044 -0.034850 1.442147 1.900140
6.685730 0.798913 4.341693 2.648328
1.479086 0.972851 -0.023981 -0.015573
0.972851 0.966037 -0.015576 -0.016689
-0.023981 -0.015576 1.488029 0.979265
-0.015573 -0.016689 0.979265 0.974461
8.243809 1.425643 5.368978 2.487511
1.296023 0.701024 -0.025950 -0.014166
0.701024 0.562063 -0.014166 -0.011339
-0.025950 -0.014166 1.305900 0.706935
-0.014166 -0.011339 0.706935 0.567605
9.339522 1.601785 5.510371 1.980097
1.161247 0.534083 -0.014320 -0.006627
0.534083 0.360455 -0.006631 -0.005247
-0.014320 -0.006631 1.172058 0.539482
-0.006627 -0.005247 0.539482 0.364323
9.552574 1.366093 7.343562 2.318245
1.045744 0.419011 -0.016551 -0.006827
0.419011 0.246633 -0.006827 -0.004220
-0.016551 -0.006827 1.051697 0.421659
-0.006827 -0.004220 0.421659 0.248549
9.187245 0.992955 7.868451 2.092454
0.947643 0.337379 -0.024036 -0.008707
0.337379 0.178223 -0.008705 -0.004106
-0.024036 -0.008705 0.951742 0.339069
-0.008707 -0.004106 0.339069 0.179407
10.826181 1.360295 7.760303 1.721004
0.860219 0.276656 -0.020338 -0.006476
0.276656 0.134633 -0.006475 -0.002740
-0.020338 -0.006475 0.866563 0.278907
-0.006476 -0.002740 0.278907 0.135770
11.330602 1.308458 8.492968 1.683253
0.794114 0.234123 -0.015354 -0.004349
0.234123 0.106879 -0.004349 -0.001734
-0.015354 -0.004349 0.799420 0.235824
-0.004349 -0.001734 0.235824 0.107666
12.689454 1.501473 10.001596 1.866063
0.748009 0.204701 -0.010809 -0.002749
0.204701 0.088861 -0.002749 -0.001082
-0.010809 -0.002749 0.752340 0.205973
-0.002749 -0.001082 0.205973 0.089414
13.090304 1.411606 10.759741 1.821060
0.701271 0.180024 -0.009539 -0.002262
0.180024 0.075800 -0.002262 -0.000837
-0.009539 -0.002262 0.704809 0.180986
-0.002262 -0.000837 0.180986 0.076196
13.825848 1.419159 12.851646 2.108611
0.661564 0.160990 -0.009634 -0.002166
0.160990 0.066641 -0.002167 -0.000728
-0.009634 -0.002167 0.663443 0.161477
-0.002166 -0.000728 0.161477 0.066871
14.178549 1.335959 13.656578 2.050406
0.627957 0.146259 -0.007126 -0.001465
0.146259 0.060158 -0.001466 -0.000495
-0.007126 -0.001466 0.629366 0.146616
-0.001465 -0.000495 0.146616 0.060329
14.850017 1.336924 15.259526 2.180363
0.600266 0.134993 -0.007114 -0.001412
0.134993 0.055579 -0.001412 -0.000441
-0.007114 -0.001412 0.600981 0.135180
-0.001412 -0.000441 0.135180 0.055690
15.081006 1.241076 16.023222 2.108747
0.575994 0.126048 -0.005083 -0.000914
0.126048 0.052266 -0.000915 -0.000297
-0.005083 -0.000915 0.576364 0.126160
-0.000914 -0.000297 0.126160 0.052347
15.709776 1.242823 17.023498 2.097146
0.556625 0.119358 -0.004675 -0.000816
0.119358 0.049960 -0.000817 -0.000255
-0.004675 -0.000817 0.556816 0.119434
-0.000816 -0.000255 0.119434 0.050022
15.696331 1.108460 17.493121 1.974539
0.541329 0.114402 -0.007761 -0.001459
0.114402 0.048369 -0.001460 -0.000375
-0.007761 -0.001460 0.541265 0.114425
-0.001459 -0.000375 0.114425 0.048412
16.705244 1.203645 18.559127 1.991228
0.529387 0.110780 -0.006515 -0.001124
0.110780 0.047289 -0.001124 -0.000278
-0.006515 -0.001124 0.529384 0.110820
-0.001124 -0.000278 0.110820 0.047328
17.011392 1.142260 19.756824 2.033115
0.517686 0.107659 -0.004686 -0.000705
0.107659 0.046463 -0.000705 -0.000177
-0.004686 -0.000705 0.517440 0.107647
-0.000705 -0.000177 0.107647 0.046485
17.444006 1.113668 21.012382 2.082612
0.507183 0.105150 -0.002183 -0.000187
0.105150 0.045867 -0.000187 -0.000065
-0.002183 -0.000187 0.506802 0.105112
-0.000187 -0.000065 0.105112 0.045880
18.467475 1.210431 22.233349 2.120059
0.500131 0.103623 -0.003064 -0.000415
0.103623 0.045540 -0.000415 -0.000117
-0.003064 -0.000415 0.499868 0.103612
-0.000415 -0.000117 0.103612 0.045555
18.861385 1.166847 23.858183 2.237140
0.496093 0.102872 -0.000922 0.000014
0.102872 0.045404 0.000013 -0.000026
-0.000922 0.000013 0.495831 0.102860
0.000014 -0.000026 0.102860 0.045414
19.837086 1.248276 24.877005 2.216541
0.489450 0.101638 -0.000665 0.000015
0.101638 0.045174 0.000014 -0.000031
-0.000665 0.000014 0.489316 0.101650
0.000015 -0.000031 0.101650 0.045186
20.388063 1.233109 26.262750 2.274302
0.485078 0.100971 -0.000111 0.000087
0.100971 0.045073 0.000086 -0.000019
-0.000111 0.000086 0.485105 0.101011
0.000087 -0.000019 0.101011 0.045088
21.122490 1.257729 27.528458 2.301158
0.480354 0.100259 0.000050 0.000078
0.100259 0.044960 0.000077 -0.000022
0.000050 0.000077 0.480594 0.100335
0.000078 -0.000022 0.100335 0.044980
21.857425 1.279931 28.622893 2.289410
0.478889 0.100253 0.001129 0.000270
0.100253 0.044991 0.000269 0.000019
0.001129 0.000269 0.479310 0.100357
0.000270 0.000019 0.100357 0.045014
21.998022 1.175119 29.931132 2.323747
0.478234 0.100372 0.001590 0.000321
0.100372 0.045032 0.000321 0.000028
0.001590 0.000321 0.478975 0.100530
0.000321 0.000028 0.100530 0.045064
22.713967 1.202117 31.110339 2.327377
0.477302 0.100378 0.001872 0.000339
0.100378 0.045035 0.000338 0.000032
0.001872 0.000338 0.478353 0.100586
0.000339 0.000032 0.100586 0.045075
23.124950 1.162181 31.733675 2.213626
0.474569 0.099967 -0.000514 -0.000199
0.099967 0.044942 -0.000199 -0.000080
-0.000514 -0.000199 0.475677 0.100168
-0.000199 -0.000080 0.100168 0.044978
24.033804 1.231370 32.636897 2.170641
0.474869 0.100199 -0.001197 -0.000321
0.100199 0.044986 -0.000321 -0.000094
-0.001197 -0.000321 0.476206 0.100433
-0.000321 -0.000094 0.100433 0.045027
24.603020 1.221596 33.133445 2.046350
0.475569 0.100460 -0.001206 -0.000289
0.100460 0.045026 -0.000289 -0.000076
-0.001206 -0.000289 0.476914 0.100680
-0.000289 -0.000076 0.100680 0.045062
25.633259 1.310257 33.828893 1.977126
0.475635 0.100535 0.000808 0.000165
0.100535 0.045019 0.000165 0.000029
0.000808 0.000165 0.477125 0.100774
0.000165 0.000029 0.100774 0.045059
26.715907 1.400655 34.784937 1.970236
0.474542 0.100338 0.000590 0.000102
0.100338 0.044953 0.000102 0.000013
0.000590 0.000102 0.476401 0.100643
0.000102 0.000013 0.100643 0.045008
27.209652 1.356964 35.681693 1.951578
0.474191 0.100302 -0.000425 -0.000121
0.100302 0.044927 -0.000121 -0.000034
-0.000425 -0.000121 0.476527 0.100692
-0.000121 -0.000034 0.100692 0.044999
27.673976 1.311646 36.844654 1.991138
0.473689 0.100223 0.000257 0.000038
0.100223 0.044893 0.000038 0.000004
0.000257 0.000038 0.476765 0.100749
0.000038 0.000004 0.100749 0.044992
28.318387 1.309227 37.940329 2.012291
0.473391 0.100183 0.000320 0.000049
0.100183 0.044870 0.000049 0.000007
0.000320 0.000049 0.477083 0.100809
0.000049 0.000007 0.100809 0.044988
28.832363 1.279460 38.930815 2.008989
0.474573 0.100450 -0.002249 -0.000496
0.100450 0.044913 -0.000497 -0.000108
-0.002249 -0.000497 0.478800 0.101154
-0.000496 -0.000108 0.101154 0.045044
29.548211 1.295535 39.386427 1.893094
0.475014 0.100527 -0.001086 -0.000200
0.100527 0.044912 -0.000201 -0.000035
-0.001086 -0.000201 0.479148 0.101175
-0.000200 -0.000035 0.101175 0.045029
30.514374 1.362903 40.365665 1.900023
0.473710 0.100225 -0.001377 -0.000246
0.100225 0.044833 -0.000246 -0.000044
-0.001377 -0.000246 0.478329 0.100950
-0.000246 -0.000044 0.100950 0.044966
31.347504 1.394940 40.895886 1.811471
0.473663 0.100216 -0.003602 -0.000698
0.100216 0.044824 -0.000699 -0.000138
-0.003602 -0.000699 0.478280 0.100913
-0.000698 -0.000138 0.100913 0.044951
31.500543 1.279741 41.765013 1.803611
0.473026 0.100081 -0.003270 -0.000570
0.100081 0.044789 -0.000571 -0.000102
-0.003270 -0.000571 0.478493 0.100937
-0.000570 -0.000102 0.100937 0.044951
32.319679 1.317747 42.888883 1.850505
0.474657 0.100436 -0.004785 -0.000852
0.100436 0.044861 -0.000853 -0.000159
-0.004785 -0.000853 0.480805 0.101404
-0.000852 -0.000159 0.101404 0.045045
32.697217 1.257995 43.290481 1.740002
0.473945 0.100258 -0.005256 -0.000893
0.100258 0.044814 -0.000895 -0.000161
-0.005256 -0.000895 0.480192 0.101212
-0.000893 -0.000161 0.101212 0.044994
33.524871 1.300145 44.387661 1.787982
0.474631 0.100393 -0.008047 -0.001428
0.100393 0.044838 -0.001431 -0.000271
-0.008047 -0.001431 0.481607 0.101473
-0.001428 -0.000271 0.101473 0.045045
33.664368 1.191935 44.980176 1.724104
0.473050 0.100038 -0.008864 -0.001507
0.100038 0.044757 -0.001509 -0.000277
-0.008864 -0.001509 0.480613 0.101207
-0.001507 -0.000277 0.101207 0.044983
34.119245 1.161712 45.441445 1.639585
0.472971 0.100034 -0.010316 -0.001724
0.100034 0.044758 -0.001728 -0.000316
-0.010316 -0.001728 0.480662 0.101195
-0.001724 -0.000316 0.101195 0.044981
34.989303 1.222939 46.300551 1.648192
0.473660 0.100193 -0.010192 -0.001603
0.100193 0.044793 -0.001606 -0.000284
-0.010192 -0.001606 0.481762 0.101410
-0.001603 -0.000284 0.101410 0.045029
35.847044 1.275180 47.235361 1.671810
0.473633 0.100183 -0.010363 -0.001572
0.100183 0.044789 -0.001574 -0.000278
-0.010363 -0.001574 0.482305 0.101492
-0.001572 -0.000278 0.101492 0.045045
