1.929122 1.733760 3.873567 0.657413
2.266602 0.906661 -0.482676 -0.193075
0.906661 80.366739 -0.193075 -0.077232
-0.482676 -0.193075 3.863619 1.545481
-0.193075 -0.077232 1.545481 80.622273
3.485823 2.903800 2.942267 -1.380045
2.564511 4.485947 -1.192123 -1.853149
4.485947 15.609094 -1.967561 -4.348391
-1.192123 -1.967561 3.574320 5.809565
-1.853149 -4.348391 5.809565 21.503743
2.999807 0.766869 3.882384 0.347351
3.028367 3.420268 -0.645977 -0.528517
3.420268 5.661764 -0.669947 -0.996861
-0.645977 -0.669947 1.539180 1.712707
-0.528517 -0.996861 1.712707 4.795926
7.178783 3.784969 3.457867 -0.032626
1.982203 1.574038 -0.766782 -0.625503
1.574038 1.945871 -0.600428 -0.687700
-0.766782 -0.600428 2.085272 1.923089
-0.625503 -0.687700 1.923089 2.762962
6.944174 2.445289 4.372910 0.559574
0.579805 0.369357 0.256128 0.203155
0.369357 0.579933 0.174130 0.036426
0.256128 0.174130 1.449479 1.045037
0.203155 0.036426 1.045037 1.192381
7.046187 1.752980 4.699009 0.637138
0.523197 0.319076 0.110807 0.042624
0.319076 0.379720 0.022567 -0.049409
0.110807 0.022567 1.460711 0.864637
0.042624 -0.049409 0.864637 0.742296
7.941805 1.726037 6.288068 1.265319
0.681549 0.374859 -0.040814 -0.054357
0.374859 0.312293 -0.062071 -0.072308
-0.040814 -0.062071 1.347402 0.669271
-0.054357 -0.072308 0.669271 0.469764
8.785653 1.694129 8.045976 1.741075
0.810758 0.381332 -0.137316 -0.087313
0.381332 0.246636 -0.088772 -0.062855
-0.137316 -0.088772 1.208720 0.515272
-0.087313 -0.062855 0.515272 0.309941
10.860068 2.201674 7.727586 1.272741
0.753350 0.304571 -0.197364 -0.090745
0.304571 0.170578 -0.093210 -0.048120
-0.197364 -0.093210 1.077788 0.402905
-0.090745 -0.048120 0.402905 0.215037
11.885231 2.174239 8.463288 1.306628
0.723494 0.257182 -0.222298 -0.083463
0.257182 0.128038 -0.085682 -0.035832
-0.222298 -0.085682 1.015682 0.338909
-0.083463 -0.035832 0.338909 0.162479
11.904921 1.833912 9.696085 1.487581
0.739415 0.235315 -0.219098 -0.070563
0.235315 0.105293 -0.071811 -0.025723
-0.219098 -0.071811 0.943752 0.284994
-0.070563 -0.025723 0.284994 0.126293
12.060762 1.613789 10.292568 1.447778
0.683839 0.197459 -0.230694 -0.064740
0.197459 0.083789 -0.065940 -0.020420
-0.230694 -0.065940 0.855329 0.237077
-0.064740 -0.020420 0.237077 0.100177
13.038371 1.658684 10.808989 1.394634
0.696574 0.185742 -0.214901 -0.053311
0.185742 0.074180 -0.054164 -0.014911
-0.214901 -0.054164 0.841966 0.217271
-0.053311 -0.014911 0.217271 0.086830
13.727945 1.627171 12.078896 1.533359
0.668613 0.166449 -0.167066 -0.036550
0.166449 0.064894 -0.037182 -0.009313
-0.167066 -0.037182 0.763950 0.185209
-0.036550 -0.009313 0.185209 0.073275
14.100484 1.522459 12.804479 1.520359
0.619291 0.145524 -0.150864 -0.030168
0.145524 0.057043 -0.030707 -0.007158
-0.150864 -0.030707 0.693389 0.159799
-0.030168 -0.007158 0.159799 0.063666
14.733135 1.505411 15.018834 1.844579
0.603652 0.136074 -0.103140 -0.017485
0.136074 0.053280 -0.018203 -0.003922
-0.103140 -0.018203 0.623172 0.138496
-0.017485 -0.003922 0.138496 0.056646
15.532373 1.517416 16.156452 1.891963
0.584640 0.127317 -0.083813 -0.012730
0.127317 0.050312 -0.013354 -0.002785
-0.083813 -0.013354 0.593019 0.128486
-0.012730 -0.002785 0.128486 0.053081
16.106038 1.477700 17.069162 1.883130
0.567930 0.120446 -0.074182 -0.010584
0.120446 0.048249 -0.011143 -0.002324
-0.074182 -0.011143 0.567649 0.120673
-0.010584 -0.002324 0.120673 0.050502
16.578391 1.421768 17.982467 1.874767
0.547266 0.113970 -0.053695 -0.006395
0.113970 0.046634 -0.006927 -0.001476
-0.053695 -0.006927 0.538804 0.113171
-0.006395 -0.001476 0.113171 0.048377
17.421604 1.447998 18.771830 1.844875
0.525608 0.108215 -0.037953 -0.003589
0.108215 0.045402 -0.004036 -0.000968
-0.037953 -0.004036 0.518333 0.108201
-0.003589 -0.000968 0.108201 0.047040
18.413798 1.504021 19.851041 1.879538
0.509853 0.104419 -0.026715 -0.001869
0.104419 0.044724 -0.002247 -0.000695
-0.026715 -0.002247 0.503950 0.104963
-0.001869 -0.000695 0.104963 0.046212
18.747149 1.418165 20.770665 1.872780
0.500861 0.102438 -0.027028 -0.002579
0.102438 0.044481 -0.002901 -0.000915
-0.027028 -0.002901 0.490670 0.102172
-0.002579 -0.000915 0.102172 0.045548
19.200089 1.366470 21.885763 1.908779
0.489809 0.100349 -0.017814 -0.001148
0.100349 0.044245 -0.001447 -0.000650
-0.017814 -0.001447 0.477535 0.099698
-0.001148 -0.000650 0.099698 0.045020
19.558271 1.300765 23.156262 1.973704
0.490196 0.100809 -0.014569 -0.000962
0.100809 0.044532 -0.001218 -0.000632
-0.014569 -0.001218 0.477729 0.100156
-0.000962 -0.000632 0.100156 0.045134
20.007158 1.258719 23.987887 1.940365
0.495536 0.102226 -0.019127 -0.002339
0.102226 0.044968 -0.002528 -0.000916
-0.019127 -0.002528 0.483887 0.101727
-0.002339 -0.000916 0.101727 0.045451
20.141923 1.157719 25.457913 2.044141
0.492236 0.101787 0.000975 0.001652
0.101787 0.044981 0.001438 -0.000056
0.000975 0.001438 0.486054 0.102329
0.001652 -0.000056 0.102329 0.045543
21.026740 1.220190 25.849118 1.911890
0.483717 0.100246 -0.000385 0.000794
0.100246 0.044740 0.000630 -0.000266
-0.000385 0.000630 0.478337 0.100695
0.000794 -0.000266 0.100695 0.045141
22.011537 1.298162 26.860256 1.923905
0.484991 0.100868 -0.000413 0.000407
0.100868 0.044957 0.000280 -0.000335
-0.000413 0.000280 0.487574 0.102771
0.000407 -0.000335 0.102771 0.045557
22.517070 1.268283 28.050114 1.971832
0.479096 0.099906 0.008885 0.002089
0.099906 0.044809 0.001971 0.000045
0.008885 0.001971 0.493679 0.103962
0.002089 0.000045 0.103962 0.045749
22.685207 1.170822 28.968240 1.957731
0.471776 0.098696 0.012132 0.002402
0.098696 0.044607 0.002300 0.000117
0.012132 0.002300 0.495898 0.104213
0.002402 0.000117 0.104213 0.045732
23.708401 1.262232 30.436780 2.059989
0.459817 0.096589 0.001893 -0.000063
0.096589 0.044219 -0.000171 -0.000387
0.001893 -0.000171 0.504376 0.105778
-0.000063 -0.000387 0.105778 0.046005
24.039383 1.199065 31.268934 2.018956
0.464889 0.098204 -0.006540 -0.001865
0.098204 0.044628 -0.001974 -0.000701
-0.006540 -0.001974 0.512624 0.107162
-0.001865 -0.000701 0.107162 0.046226
24.759574 1.224856 31.990401 1.958911
0.469882 0.099562 -0.003293 -0.001027
0.099562 0.044922 -0.001102 -0.000430
-0.003293 -0.001102 0.516920 0.107614
-0.001027 -0.000430 0.107614 0.046248
25.544564 1.261181 33.452503 2.058897
0.421983 0.089526 -0.014775 -0.003293
0.089526 0.042764 -0.003433 -0.000850
-0.014775 -0.003433 0.512957 0.106373
-0.003293 -0.000850 0.106373 0.045937
26.072203 1.239047 34.168277 1.993986
0.417808 0.089664 -0.028422 -0.005818
0.089664 0.042936 -0.006034 -0.001304
-0.028422 -0.006034 0.514373 0.106414
-0.005818 -0.001304 0.106414 0.045935
27.205930 1.350015 34.782979 1.915712
0.416354 0.090211 -0.035712 -0.006821
0.090211 0.043130 -0.007068 -0.001412
-0.035712 -0.007068 0.513489 0.106010
-0.006821 -0.001412 0.106010 0.045849
27.877816 1.349973 35.989947 1.967113
0.434791 0.094919 -0.033957 -0.005875
0.094919 0.044178 -0.006047 -0.001103
-0.033957 -0.006047 0.533614 0.110033
-0.005875 -0.001103 0.110033 0.046695
28.210861 1.273993 36.622833 1.893884
0.444599 0.097134 -0.039250 -0.006560
0.097134 0.044556 -0.006788 -0.001214
-0.039250 -0.006788 0.537491 0.110332
-0.006560 -0.001214 0.110332 0.046700
28.454606 1.189169 37.831274 1.945795
0.448829 0.097861 -0.042480 -0.006833
0.097861 0.044577 -0.007006 -0.001229
-0.042480 -0.007006 0.555002 0.113466
-0.006833 -0.001229 0.113466 0.047306
29.086048 1.198315 39.040789 1.994152
0.428838 0.093234 -0.042922 -0.006686
0.093234 0.043445 -0.006679 -0.001172
-0.042922 -0.006679 0.566780 0.115203
-0.006686 -0.001172 0.115203 0.047593
29.879109 1.236315 39.207328 1.827093
0.441199 0.096127 -0.041552 -0.006071
0.096127 0.044066 -0.006207 -0.001064
-0.041552 -0.006207 0.548215 0.110729
-0.006071 -0.001064 0.110729 0.046625
30.618989 1.262074 39.979071 1.799130
0.421345 0.091668 -0.039804 -0.005673
0.091668 0.043022 -0.005625 -0.000995
-0.039804 -0.005625 0.551193 0.111130
-0.005673 -0.000995 0.111130 0.046749
31.079760 1.225019 40.913280 1.805127
0.435337 0.095010 -0.042041 -0.005948
0.095010 0.043774 -0.006000 -0.001083
-0.042041 -0.006000 0.556459 0.111984
-0.005948 -0.001083 0.111984 0.046956
31.718478 1.229306 41.571227 1.756044
0.428510 0.093481 -0.034313 -0.004352
0.093481 0.043394 -0.004265 -0.000772
-0.034313 -0.004265 0.548653 0.110235
-0.004352 -0.000772 0.110235 0.046639
32.204174 1.202834 42.752938 1.816417
0.443609 0.096833 -0.036239 -0.004737
0.096833 0.044107 -0.004747 -0.000904
-0.036239 -0.004747 0.555682 0.111620
-0.004737 -0.000904 0.111620 0.046973
32.797012 1.203737 44.158769 1.916402
0.454055 0.098852 -0.031864 -0.003859
0.098852 0.044473 -0.003843 -0.000751
-0.031864 -0.003843 0.557331 0.111858
-0.003859 -0.000751 0.111858 0.047056
33.535047 1.234293 45.306973 1.955274
0.476065 0.103191 -0.028879 -0.003290
0.103191 0.045320 -0.003426 -0.000693
-0.028879 -0.003426 0.541743 0.108635
-0.003290 -0.000693 0.108635 0.046438
34.478139 1.300560 45.475416 1.794072
0.491969 0.105851 -0.017023 -0.001024
0.105851 0.045757 -0.001288 -0.000297
-0.017023 -0.001288 0.491164 0.098729
-0.001024 -0.000297 0.098729 0.044535
35.090716 1.294698 46.906182 1.902466
0.517044 0.110185 -0.026663 -0.003269
0.110185 0.046525 -0.003672 -0.000834
-0.026663 -0.003672 0.493273 0.100212
-0.003269 -0.000834 0.100212 0.045045
35.845184 1.314658 47.168245 1.761558
0.509959 0.107533 -0.002547 0.001501
0.107533 0.045816 0.001071 0.000117
-0.002547 0.001071 0.421499 0.086429
0.001501 0.000117 0.086429 0.042364
