5.359855 3.106083 -0.147268 -0.950956
2.422046 0.968840 -0.283556 -0.113425
0.968840 80.391611 -0.113425 -0.045371
-0.283556 -0.113425 2.524075 1.009652
-0.113425 -0.045371 1.009652 80.407936
4.554489 -0.974072 1.581787 2.836234
2.348692 4.109314 -0.321197 -0.502614
4.109314 15.428465 -0.503604 -1.595137
-0.321197 -0.503604 2.423890 4.219744
-0.502614 -1.595137 4.219744 15.879003
5.761024 0.953732 1.392567 1.009662
1.975153 2.264556 -0.190609 -0.198969
2.264556 4.474175 -0.198654 -0.425727
-0.190609 -0.198654 2.081965 2.385850
-0.198969 -0.425727 2.385850 4.684699
6.705602 1.349621 4.973741 3.590173
1.736631 1.459299 -0.153750 -0.127641
1.459299 1.921643 -0.127586 -0.189887
-0.153750 -0.127586 1.764299 1.479618
-0.127641 -0.189887 1.479618 1.964250
6.062943 0.488805 2.654567 0.880023
1.412667 0.930423 -0.185243 -0.124349
0.930423 0.944819 -0.124328 -0.122795
-0.185243 -0.124328 1.464889 0.965987
-0.124349 -0.122795 0.965987 0.982228
6.719653 0.713109 3.580349 1.144604
1.240602 0.675235 -0.171032 -0.093352
0.675235 0.553124 -0.093338 -0.072360
-0.171032 -0.093338 1.288454 0.701952
-0.093352 -0.072360 0.701952 0.575141
7.249832 0.793871 4.436921 1.276712
1.117348 0.518330 -0.125447 -0.057367
0.518330 0.356478 -0.057370 -0.039205
-0.125447 -0.057370 1.156693 0.536898
-0.057367 -0.039205 0.536898 0.369486
8.783697 1.254757 6.864040 2.001329
0.987453 0.399420 -0.085793 -0.034157
0.399420 0.240786 -0.034169 -0.022052
-0.085793 -0.034169 1.011906 0.409499
-0.034157 -0.022052 0.409499 0.247672
10.011305 1.470828 7.755049 1.961830
0.931716 0.335397 -0.080544 -0.029005
0.335397 0.178951 -0.029013 -0.016224
-0.080544 -0.029013 0.956652 0.344678
-0.029005 -0.016224 0.344678 0.184249
9.634752 1.109711 9.043465 2.061932
0.862433 0.280050 -0.069647 -0.022763
0.280050 0.136517 -0.022767 -0.011537
-0.069647 -0.022767 0.873631 0.283939
-0.022763 -0.011537 0.283939 0.139160
9.836847 1.005002 9.822348 1.987014
0.788759 0.234246 -0.050525 -0.015153
0.234246 0.107270 -0.015162 -0.007540
-0.050525 -0.015162 0.795466 0.236594
-0.015153 -0.007540 0.236594 0.109011
10.752548 1.118905 10.312921 1.848166
0.735689 0.202533 -0.041068 -0.011528
0.202533 0.088429 -0.011538 -0.005477
-0.041068 -0.011538 0.744730 0.205448
-0.011528 -0.005477 0.205448 0.090037
11.628453 1.200298 12.042632 2.056445
0.700926 0.180933 -0.045314 -0.011945
0.180933 0.076118 -0.011947 -0.004853
-0.045314 -0.011947 0.705050 0.182380
-0.011945 -0.004853 0.182380 0.077101
12.800177 1.339934 13.384905 2.133333
0.666993 0.162985 -0.034225 -0.008420
0.162985 0.067127 -0.008426 -0.003394
-0.034225 -0.008426 0.670568 0.164241
-0.008420 -0.003394 0.164241 0.067910
13.062738 1.244795 14.006007 2.029022
0.627551 0.146520 -0.042560 -0.009914
0.146520 0.060154 -0.009913 -0.003348
-0.042560 -0.009913 0.629145 0.147242
-0.009914 -0.003348 0.147242 0.060692
13.750978 1.259662 15.081848 2.042911
0.599452 0.135032 -0.038334 -0.008314
0.135032 0.055510 -0.008316 -0.002634
-0.038334 -0.008316 0.599775 0.135438
-0.008314 -0.002634 0.135438 0.055892
14.876573 1.367652 15.439623 1.897610
0.577011 0.126418 -0.025486 -0.005012
0.126418 0.052271 -0.005017 -0.001658
-0.025486 -0.005017 0.579628 0.127314
-0.005012 -0.001658 0.127314 0.052698
15.051310 1.258641 16.599851 1.942503
0.559398 0.120009 -0.026015 -0.004965
0.120009 0.050020 -0.004971 -0.001508
-0.026015 -0.004971 0.559272 0.120240
-0.004965 -0.001508 0.120240 0.050243
15.629885 1.247969 17.611015 1.950888
0.547916 0.115765 -0.019857 -0.003475
0.115765 0.048577 -0.003484 -0.001074
-0.019857 -0.003484 0.546989 0.115813
-0.003475 -0.001074 0.115813 0.048723
16.482299 1.295598 18.502975 1.933717
0.534983 0.111783 -0.021909 -0.003852
0.111783 0.047407 -0.003857 -0.001080
-0.021909 -0.003857 0.534192 0.111852
-0.003852 -0.001080 0.111852 0.047530
17.457579 1.363682 19.547740 1.950427
0.513168 0.106485 -0.011675 -0.001632
0.106485 0.046133 -0.001640 -0.000554
-0.011675 -0.001640 0.512393 0.106538
-0.001632 -0.000554 0.106538 0.046227
18.714497 1.483111 20.752643 1.998893
0.502613 0.104091 -0.008720 -0.001108
0.104091 0.045602 -0.001115 -0.000425
-0.008720 -0.001115 0.502341 0.104230
-0.001108 -0.000425 0.104230 0.045693
18.800275 1.347294 21.799727 2.007992
0.499858 0.103557 -0.008781 -0.001222
0.103557 0.045508 -0.001229 -0.000434
-0.008781 -0.001229 0.498775 0.103500
-0.001222 -0.000434 0.103500 0.045541
19.503685 1.353996 23.303537 2.111825
0.494061 0.102440 -0.009127 -0.001364
0.102440 0.045299 -0.001369 -0.000445
-0.009127 -0.001369 0.493109 0.102399
-0.001364 -0.000445 0.102399 0.045324
20.107409 1.338681 24.266519 2.092419
0.492403 0.102279 -0.007895 -0.001141
0.102279 0.045301 -0.001145 -0.000377
-0.007895 -0.001145 0.491571 0.102249
-0.001141 -0.000377 0.102249 0.045319
20.293806 1.238683 25.842601 2.202359
0.487077 0.101350 -0.004545 -0.000486
0.101350 0.045135 -0.000490 -0.000224
-0.004545 -0.000490 0.486928 0.101445
-0.000486 -0.000224 0.101445 0.045171
20.892683 1.234646 27.246137 2.265469
0.484494 0.101055 0.002029 0.000798
0.101055 0.045107 0.000795 0.000049
0.002029 0.000795 0.485490 0.101362
0.000798 0.000049 0.101362 0.045178
21.588661 1.251117 28.450911 2.280567
0.477181 0.099760 0.005404 0.001313
0.099760 0.044860 0.001311 0.000142
0.005404 0.001311 0.479459 0.100289
0.001313 0.000142 0.100289 0.044968
22.015850 1.209498 29.853398 2.335564
0.475139 0.099650 0.005545 0.001137
0.099650 0.044871 0.001135 0.000091
0.005545 0.001135 0.479271 0.100507
0.001137 0.000091 0.100507 0.045036
22.545221 1.193693 30.896305 2.309354
0.474376 0.099768 0.008065 0.001512
0.099768 0.044914 0.001510 0.000170
0.008065 0.001510 0.479660 0.100784
0.001512 0.000170 0.100784 0.045100
23.450600 1.258921 31.790226 2.254264
0.474338 0.099985 0.004989 0.000704
0.099985 0.044963 0.000701 -0.000001
0.004989 0.000701 0.480452 0.101088
0.000704 -0.000001 0.101088 0.045157
24.518299 1.351075 33.359515 2.347000
0.472115 0.099679 0.002075 0.000038
0.099679 0.044888 0.000031 -0.000122
0.002075 0.000031 0.481657 0.101422
0.000038 -0.000122 0.101422 0.045210
25.615800 1.440802 33.903590 2.214095
0.472464 0.099908 0.001037 -0.000155
0.099908 0.044926 -0.000161 -0.000131
0.001037 -0.000161 0.481340 0.101381
-0.000155 -0.000131 0.101381 0.045177
26.116613 1.394788 34.325902 2.070001
0.472498 0.100016 -0.001082 -0.000550
0.100016 0.044930 -0.000557 -0.000185
-0.001082 -0.000557 0.481212 0.101371
-0.000550 -0.000185 0.101371 0.045154
26.931720 1.419822 35.153669 2.026286
0.464621 0.098412 -0.003558 -0.000979
0.098412 0.044568 -0.000988 -0.000243
-0.003558 -0.000988 0.475625 0.100200
-0.000979 -0.000243 0.100200 0.044888
27.740600 1.440954 35.603318 1.907426
0.465412 0.098774 -0.002281 -0.000586
0.098774 0.044650 -0.000592 -0.000129
-0.002281 -0.000592 0.476202 0.100429
-0.000586 -0.000129 0.100429 0.044939
28.003996 1.343863 36.007518 1.791490
0.465366 0.098889 -0.000643 -0.000167
0.098889 0.044665 -0.000169 -0.000024
-0.000643 -0.000169 0.477030 0.100670
-0.000167 -0.000024 0.100670 0.044984
28.166244 1.235457 37.206954 1.855603
0.460203 0.097878 -0.004983 -0.001057
0.097878 0.044434 -0.001066 -0.000211
-0.004983 -0.001066 0.477248 0.100745
-0.001057 -0.000211 0.100745 0.044988
28.727068 1.223306 38.003209 1.827818
0.461742 0.098366 -0.004887 -0.000931
0.098366 0.044539 -0.000937 -0.000167
-0.004887 -0.000937 0.480570 0.101459
-0.000931 -0.000167 0.101459 0.045126
30.024732 1.369648 39.104037 1.867525
0.456656 0.097364 -0.009082 -0.001738
0.097364 0.044310 -0.001751 -0.000330
-0.009082 -0.001751 0.478385 0.100934
-0.001738 -0.000330 0.100934 0.044990
30.194065 1.259575 40.066656 1.873250
0.458613 0.097940 -0.008358 -0.001440
0.097940 0.044435 -0.001447 -0.000247
-0.008358 -0.001447 0.483810 0.102069
-0.001440 -0.000247 0.102069 0.045220
30.659550 1.224115 40.620835 1.792505
0.456429 0.097540 -0.014135 -0.002565
0.097540 0.044333 -0.002587 -0.000483
-0.014135 -0.002587 0.482877 0.101749
-0.002565 -0.000483 0.101749 0.045124
31.418665 1.255897 41.763774 1.844647
0.458511 0.098071 -0.018532 -0.003305
0.098071 0.044436 -0.003332 -0.000619
-0.018532 -0.003332 0.488284 0.102806
-0.003305 -0.000619 0.102806 0.045331
32.258260 1.301475 42.846791 1.878814
0.461552 0.098728 -0.026166 -0.004679
0.098728 0.044552 -0.004725 -0.000887
-0.026166 -0.004725 0.494042 0.103837
-0.004679 -0.000887 0.103837 0.045517
32.833762 1.283971 43.206909 1.757084
0.465713 0.099562 -0.026980 -0.004520
0.099562 0.044699 -0.004564 -0.000816
-0.026980 -0.004564 0.496601 0.104130
-0.004520 -0.000816 0.104130 0.045543
33.285422 1.243334 44.095211 1.758562
0.468905 0.100115 -0.024869 -0.003814
0.100115 0.044778 -0.003833 -0.000646
-0.024869 -0.003833 0.502203 0.105072
-0.003814 -0.000646 0.105072 0.045714
34.089223 1.283304 45.321585 1.831627
0.463379 0.098753 -0.026111 -0.003945
0.098753 0.044446 -0.003948 -0.000684
-0.026111 -0.003948 0.502319 0.104800
-0.003945 -0.000684 0.104800 0.045624
34.406664 1.213220 45.965691 1.773876
0.462826 0.098589 -0.030881 -0.004812
0.098589 0.044404 -0.004830 -0.000879
-0.030881 -0.004830 0.503828 0.104874
-0.004812 -0.000879 0.104874 0.045624
34.977652 1.206117 46.980888 1.800416
0.459147 0.097790 -0.032162 -0.004911
0.097790 0.044234 -0.004914 -0.000900
-0.032162 -0.004914 0.504688 0.104855
-0.004911 -0.000900 0.104855 0.045616
35.812557 1.257976 48.449875 1.919537
0.449721 0.095829 -0.036559 -0.005705
0.095829 0.043827 -0.005697 -0.001075
-0.036559 -0.005697 0.503863 0.104509
-0.005705 -0.001075 0.104509 0.045546
