0.626507 1.212703 1.430467 -0.319848
1.847505 0.739018 0.056123 0.022450
0.739018 80.299680 0.022450 0.008980
0.056123 0.022450 3.750499 1.500232
0.022450 0.008980 1.500232 80.604173
3.832540 5.899464 2.133551 1.088223
2.605357 4.711664 -2.269758 -3.747494
4.711664 15.044562 -4.108111 -6.626683
-2.269758 -4.108111 2.696132 4.447600
-3.747494 -6.626683 4.447600 19.150766
4.598086 3.333586 3.445626 1.374127
1.501609 1.910373 0.215451 0.857018
1.910373 3.764141 0.494351 0.798339
0.215451 0.494351 1.149691 1.708499
0.857018 0.798339 1.708499 4.610853
6.637059 3.656989 4.286561 1.541535
1.763528 1.544364 -0.055620 0.016413
1.544364 1.815183 -0.074680 -0.251285
-0.055620 -0.074680 1.706169 1.686752
0.016413 -0.251285 1.686752 2.260605
6.786063 2.585541 4.222480 0.949047
0.665001 0.435708 -0.104780 -0.075332
0.435708 0.504497 -0.116992 -0.189725
-0.104780 -0.116992 1.852155 1.318709
-0.075332 -0.189725 1.318709 1.197969
8.056701 2.554152 5.597597 1.445823
0.819556 0.460443 -0.174914 -0.118642
0.460443 0.380316 -0.132006 -0.139516
-0.174914 -0.132006 1.631798 0.903779
-0.118642 -0.139516 0.903779 0.642272
8.641354 2.210706 7.420972 1.961224
0.866758 0.411467 -0.254260 -0.138167
0.411467 0.271390 -0.142756 -0.106391
-0.254260 -0.142756 1.417236 0.646548
-0.138167 -0.106391 0.646548 0.384300
9.682988 2.192091 7.810338 1.735239
0.798148 0.326120 -0.336546 -0.146814
0.326120 0.186137 -0.150074 -0.083905
-0.336546 -0.150074 1.188307 0.464315
-0.146814 -0.083905 0.464315 0.243874
11.469913 2.449857 6.976067 1.149061
0.723726 0.260014 -0.343402 -0.127048
0.260014 0.133600 -0.130063 -0.060532
-0.343402 -0.130063 1.124996 0.385779
-0.127048 -0.060532 0.385779 0.179698
11.256212 1.984478 8.866948 1.562007
0.594610 0.191698 -0.282233 -0.091199
0.191698 0.094630 -0.093083 -0.038852
-0.282233 -0.093083 0.975686 0.298787
-0.091199 -0.038852 0.298787 0.130025
11.971745 1.900761 8.395773 1.215499
0.601839 0.178413 -0.303040 -0.087100
0.178413 0.081286 -0.088858 -0.031982
-0.303040 -0.088858 0.957915 0.267573
-0.087100 -0.031982 0.267573 0.107832
12.100932 1.679454 10.393241 1.573663
0.581559 0.160088 -0.260630 -0.067364
0.160088 0.069753 -0.068416 -0.022575
-0.260630 -0.068416 0.833420 0.214688
-0.067364 -0.022575 0.214688 0.084998
13.553429 1.837580 10.885293 1.504100
0.565733 0.146459 -0.206551 -0.048310
0.146459 0.061966 -0.048454 -0.015152
-0.206551 -0.048454 0.774302 0.187168
-0.048310 -0.015152 0.187168 0.072806
14.265795 1.795468 12.727639 1.754629
0.550056 0.135204 -0.170680 -0.036503
0.135204 0.056327 -0.036640 -0.010906
-0.170680 -0.036640 0.684989 0.157182
-0.036503 -0.010906 0.157182 0.062298
14.634935 1.675243 14.212789 1.886313
0.562339 0.132512 -0.144518 -0.028325
0.132512 0.053810 -0.028478 -0.008095
-0.144518 -0.028478 0.644256 0.142416
-0.028325 -0.008095 0.142416 0.056893
15.160995 1.607012 15.487907 1.955759
0.570181 0.129364 -0.129706 -0.023654
0.129364 0.051722 -0.023896 -0.006470
-0.129706 -0.023896 0.617427 0.132656
-0.023654 -0.006470 0.132656 0.053419
15.087219 1.412818 16.483878 1.952225
0.569113 0.125010 -0.114019 -0.019389
0.125010 0.049821 -0.019753 -0.005170
-0.114019 -0.019753 0.581849 0.122380
-0.019389 -0.005170 0.122380 0.050377
16.097425 1.476347 17.250040 1.910994
0.552985 0.118371 -0.091494 -0.014258
0.118371 0.047823 -0.014447 -0.003809
-0.091494 -0.014447 0.561516 0.116632
-0.014258 -0.003809 0.116632 0.048714
16.559861 1.421618 18.599204 1.990181
0.536382 0.112709 -0.071763 -0.010188
0.112709 0.046362 -0.010428 -0.002851
-0.071763 -0.010428 0.526220 0.108444
-0.010188 -0.002851 0.108444 0.046761
17.542012 1.480494 19.869926 2.049448
0.532561 0.110632 -0.048086 -0.005508
0.110632 0.045887 -0.005669 -0.001792
-0.048086 -0.005669 0.521149 0.107382
-0.005508 -0.001792 0.107382 0.046498
17.924298 1.407487 21.016924 2.072089
0.515517 0.106215 -0.026756 -0.001770
0.106215 0.045015 -0.001961 -0.001050
-0.026756 -0.001961 0.495429 0.102109
-0.001770 -0.001050 0.102109 0.045384
17.690306 1.211971 21.548792 1.962186
0.506778 0.103893 -0.040153 -0.005367
0.103893 0.044639 -0.005560 -0.001839
-0.040153 -0.005560 0.475134 0.098192
-0.005367 -0.001839 0.098192 0.044595
18.382982 1.228847 22.350225 1.925178
0.512697 0.105055 -0.031590 -0.003850
0.105055 0.045053 -0.004016 -0.001445
-0.031590 -0.004016 0.484809 0.100944
-0.003850 -0.001445 0.100944 0.045271
18.640350 1.155142 23.190627 1.897951
0.504769 0.103329 -0.025598 -0.003001
0.103329 0.044834 -0.003161 -0.001234
-0.025598 -0.003161 0.476270 0.099518
-0.003001 -0.001234 0.099518 0.044983
19.356526 1.181962 23.704072 1.807034
0.489175 0.100232 -0.026199 -0.003553
0.100232 0.044345 -0.003658 -0.001315
-0.026199 -0.003658 0.464923 0.097538
-0.003553 -0.001315 0.097538 0.044581
20.208214 1.235520 24.567179 1.799436
0.482939 0.099362 -0.029157 -0.004427
0.099362 0.044342 -0.004468 -0.001434
-0.029157 -0.004468 0.466565 0.098396
-0.004427 -0.001434 0.098396 0.044792
20.718046 1.214906 26.005588 1.913196
0.490202 0.101363 -0.027335 -0.004097
0.101363 0.044912 -0.004110 -0.001280
-0.027335 -0.004110 0.483884 0.102426
-0.004097 -0.001280 0.102426 0.045639
21.219934 1.192401 26.766952 1.871526
0.495043 0.102647 -0.024395 -0.003535
0.102647 0.045264 -0.003548 -0.001100
-0.024395 -0.003548 0.492358 0.104131
-0.003535 -0.001100 0.104131 0.045910
21.755592 1.181236 28.190388 1.974282
0.470484 0.097719 -0.009140 -0.000485
0.097719 0.044289 -0.000486 -0.000426
-0.009140 -0.000486 0.487542 0.102886
-0.000485 -0.000426 0.102886 0.045549
22.803608 1.275462 28.566776 1.846620
0.468197 0.097835 -0.000417 0.001005
0.097835 0.044428 0.000985 -0.000125
-0.000417 0.000985 0.483734 0.101956
0.001005 -0.000125 0.101956 0.045293
23.522754 1.292696 29.590392 1.867867
0.464487 0.097541 -0.008252 -0.001073
0.097541 0.044436 -0.001068 -0.000578
-0.008252 -0.001068 0.491792 0.103587
-0.001073 -0.000578 0.103587 0.045600
24.226590 1.304805 30.504480 1.863758
0.462445 0.097566 -0.008249 -0.001228
0.097566 0.044489 -0.001214 -0.000574
-0.008249 -0.001214 0.498968 0.104886
-0.001228 -0.000574 0.104886 0.045817
24.837068 1.296091 31.627491 1.903781
0.472100 0.099993 -0.011808 -0.002062
0.099993 0.045026 -0.002051 -0.000708
-0.011808 -0.002051 0.518135 0.108588
-0.002062 -0.000708 0.108588 0.046529
25.618303 1.324616 32.899725 1.970655
0.456317 0.096742 -0.005206 -0.000686
0.096742 0.044300 -0.000634 -0.000362
-0.005206 -0.000634 0.524945 0.109390
-0.000686 -0.000362 0.109390 0.046589
25.901893 1.244193 34.134911 2.022181
0.445534 0.094818 0.000098 0.000310
0.094818 0.043912 0.000396 -0.000128
0.000098 0.000396 0.535566 0.110973
0.000310 -0.000128 0.110973 0.046832
26.466506 1.231680 34.557580 1.900991
0.442394 0.094628 -0.010995 -0.002136
0.094628 0.043906 -0.002158 -0.000647
-0.010995 -0.002158 0.527926 0.108713
-0.002136 -0.000647 0.108713 0.046286
26.446264 1.095134 35.731808 1.946592
0.443951 0.095385 -0.013489 -0.002549
0.095385 0.044083 -0.002581 -0.000679
-0.013489 -0.002581 0.544659 0.111769
-0.002549 -0.000679 0.111769 0.046908
27.053545 1.108192 36.925424 1.991615
0.443713 0.095602 -0.019655 -0.003671
0.095602 0.044110 -0.003756 -0.000867
-0.019655 -0.003756 0.557675 0.113832
-0.003671 -0.000867 0.113832 0.047285
27.368983 1.056156 37.545227 1.915017
0.416200 0.089840 -0.030064 -0.005586
0.089840 0.042831 -0.005762 -0.001222
-0.030064 -0.005762 0.552262 0.112034
-0.005586 -0.001222 0.112034 0.046867
28.741136 1.239710 38.412569 1.898564
0.381648 0.083004 -0.036302 -0.006536
0.083004 0.041408 -0.006694 -0.001349
-0.036302 -0.006694 0.554794 0.112119
-0.006536 -0.001349 0.112119 0.046891
29.500001 1.269968 39.215664 1.869524
0.396266 0.087480 -0.036847 -0.006170
0.087480 0.042547 -0.006350 -0.001200
-0.036847 -0.006350 0.555984 0.112014
-0.006170 -0.001200 0.112014 0.046893
30.279763 1.302657 40.263555 1.892867
0.415550 0.092374 -0.039261 -0.006250
0.092374 0.043624 -0.006491 -0.001177
-0.039261 -0.006491 0.563883 0.113330
-0.006250 -0.001177 0.113330 0.047190
31.347899 1.397823 41.721308 1.997412
0.408857 0.090907 -0.033469 -0.004844
0.090907 0.043171 -0.004814 -0.000835
-0.033469 -0.004814 0.577979 0.115861
-0.004844 -0.000835 0.115861 0.047720
32.211765 1.432839 42.348945 1.924027
0.383190 0.085379 -0.011905 -0.000554
0.085379 0.041872 -0.000026 0.000070
-0.011905 -0.000026 0.553335 0.110545
-0.000554 0.000070 0.110545 0.046661
33.046880 1.459955 43.428021 1.947911
0.399151 0.089552 -0.009356 -0.000275
0.089552 0.042829 0.000118 0.000020
-0.009356 0.000118 0.546848 0.109318
-0.000275 0.000020 0.109318 0.046501
33.675443 1.437746 44.570503 1.981339
0.428000 0.096062 -0.016498 -0.001914
0.096062 0.044195 -0.001891 -0.000437
-0.016498 -0.001891 0.539580 0.108030
-0.001914 -0.000437 0.108030 0.046330
33.925795 1.332277 45.250505 1.917547
0.455287 0.101471 -0.030955 -0.004870
0.101471 0.045183 -0.005311 -0.001133
-0.030955 -0.005311 0.520775 0.104519
-0.004870 -0.001133 0.104519 0.045712
35.015052 1.424605 45.901077 1.856686
0.454554 0.100303 0.001354 0.001796
0.100303 0.044691 0.001861 0.000347
0.001354 0.001861 0.465418 0.094052
0.001796 0.000347 0.094052 0.043750
36.086299 1.503645 47.060158 1.904871
0.492427 0.107690 -0.005107 0.000081
0.107690 0.046141 -0.000060 -0.000120
-0.005107 -0.000060 0.457121 0.093819
0.000081 -0.000120 0.093819 0.043951
36.767728 1.487774 47.619870 1.822999
0.508143 0.109592 -0.006520 -0.000454
0.109592 0.046304 -0.000682 -0.000277
-0.006520 -0.000682 0.413285 0.086015
-0.000454 -0.000277 0.086015 0.042491
