5.319731 3.090033 -2.803888 -2.013627
2.386027 0.954431 -0.102620 -0.041049
0.954431 80.385847 -0.041049 -0.016420
-0.102620 -0.041049 2.458133 0.983274
-0.041049 -0.016420 0.983274 80.397385
6.289908 2.131702 1.894301 7.961963
2.259184 3.966033 -0.057438 -0.080314
3.966033 15.107552 -0.080463 -0.403005
-0.057438 -0.080463 2.282882 3.993318
-0.080314 -0.403005 3.993318 15.339550
7.271276 2.034389 5.882392 7.970219
2.028666 2.336614 0.000487 -0.000778
2.336614 4.533723 -0.000887 -0.072702
0.000487 -0.000887 2.041647 2.355154
-0.000778 -0.072702 2.355154 4.605694
6.203402 0.304707 5.722188 4.497593
1.730406 1.449065 -0.031281 -0.033056
1.449065 1.896338 -0.033002 -0.056763
-0.031281 -0.033002 1.738593 1.460015
-0.033056 -0.056763 1.460015 1.924289
5.558082 -0.213322 5.909828 3.142530
1.502925 0.986531 -0.033826 -0.026282
0.986531 0.974512 -0.026242 -0.029857
-0.033826 -0.026242 1.508231 0.993202
-0.026282 -0.029857 0.993202 0.987459
7.334840 0.803931 6.891826 2.820322
1.297319 0.700055 -0.033772 -0.020485
0.700055 0.561318 -0.020469 -0.017335
-0.033772 -0.020469 1.308251 0.708303
-0.020485 -0.017335 0.708303 0.570223
8.096790 0.970176 7.405946 2.407270
1.143077 0.524966 -0.021922 -0.011258
0.524966 0.356429 -0.011260 -0.008637
-0.021922 -0.011260 1.153195 0.531145
-0.011258 -0.008637 0.531145 0.361723
7.859794 0.681566 7.620274 2.010356
1.036221 0.415317 -0.022144 -0.009709
0.415317 0.245553 -0.009706 -0.006051
-0.022144 -0.009706 1.043220 0.419159
-0.009709 -0.006051 0.419159 0.248557
8.341533 0.732345 7.637261 1.657322
0.935045 0.333241 -0.018187 -0.007001
0.333241 0.177099 -0.007002 -0.003893
-0.018187 -0.007002 0.942575 0.336675
-0.007001 -0.003893 0.336675 0.179257
8.735994 0.741675 7.916413 1.479929
0.850975 0.274183 -0.016208 -0.005558
0.274183 0.134137 -0.005558 -0.002742
-0.016208 -0.005558 0.857802 0.276905
-0.005558 -0.002742 0.276905 0.135626
10.653388 1.198689 8.521706 1.439695
0.786936 0.232530 -0.016205 -0.004989
0.232530 0.106642 -0.004989 -0.002141
-0.016205 -0.004989 0.796410 0.235693
-0.004989 -0.002141 0.235693 0.107991
11.893994 1.374558 9.764828 1.583326
0.732698 0.201003 -0.017072 -0.004753
0.201003 0.088022 -0.004753 -0.001774
-0.017072 -0.004753 0.740548 0.203352
-0.004753 -0.001774 0.203352 0.088940
12.114626 1.254362 10.526066 1.575438
0.689272 0.177533 -0.014642 -0.003702
0.177533 0.075320 -0.003702 -0.001282
-0.014642 -0.003702 0.695068 0.179113
-0.003702 -0.001282 0.179113 0.075912
12.051134 1.085666 11.413667 1.599673
0.651720 0.159200 -0.016367 -0.003839
0.159200 0.066336 -0.003840 -0.001173
-0.016367 -0.003840 0.655184 0.160074
-0.003839 -0.001173 0.160074 0.066682
13.103428 1.204722 12.003970 1.550892
0.618958 0.144751 -0.013167 -0.002804
0.144751 0.059908 -0.002804 -0.000815
-0.013167 -0.002804 0.622721 0.145640
-0.002804 -0.000815 0.145640 0.060216
13.567165 1.173505 12.943182 1.587796
0.596710 0.134765 -0.008586 -0.001601
0.134765 0.055606 -0.001602 -0.000475
-0.008586 -0.001602 0.599351 0.135343
-0.001601 -0.000475 0.135343 0.055810
14.204624 1.184869 14.134651 1.675137
0.576408 0.126613 -0.005466 -0.000872
0.126613 0.052434 -0.000873 -0.000284
-0.005466 -0.000873 0.578024 0.126938
-0.000872 -0.000284 0.126938 0.052562
14.468457 1.114592 15.732235 1.838364
0.558417 0.120078 -0.002911 -0.000342
0.120078 0.050123 -0.000344 -0.000157
-0.002911 -0.000344 0.558382 0.120044
-0.000342 -0.000157 0.120044 0.050162
15.446841 1.203572 16.218073 1.746787
0.541034 0.114546 -0.002094 -0.000227
0.114546 0.048381 -0.000228 -0.000129
-0.002094 -0.000228 0.541459 0.114634
-0.000227 -0.000129 0.114634 0.048442
16.339358 1.264522 17.200684 1.769760
0.528911 0.110823 -0.004931 -0.000874
0.110823 0.047270 -0.000874 -0.000259
-0.004931 -0.000874 0.529246 0.110899
-0.000874 -0.000259 0.110899 0.047322
16.994818 1.269546 18.667854 1.890986
0.516503 0.107512 -0.002260 -0.000297
0.107512 0.046401 -0.000298 -0.000122
-0.002260 -0.000298 0.516286 0.107477
-0.000297 -0.000122 0.107477 0.046424
17.154413 1.170909 19.445124 1.855943
0.505612 0.104903 -0.001388 -0.000146
0.104903 0.045787 -0.000147 -0.000085
-0.001388 -0.000147 0.505000 0.104798
-0.000146 -0.000085 0.104798 0.045792
17.800581 1.183596 20.830185 1.950765
0.497945 0.103247 0.000867 0.000287
0.103247 0.045438 0.000286 0.000008
0.000867 0.000286 0.497161 0.103121
0.000287 0.000008 0.103121 0.045435
18.740203 1.255851 22.627463 2.121453
0.490271 0.101751 0.000452 0.000135
0.101751 0.045153 0.000134 -0.000027
0.000452 0.000134 0.489579 0.101657
0.000135 -0.000027 0.101657 0.045155
19.679885 1.320697 23.641834 2.111806
0.485778 0.101044 -0.004637 -0.000965
0.101044 0.045050 -0.000964 -0.000253
-0.004637 -0.000964 0.485281 0.100997
-0.000965 -0.000253 0.100997 0.045058
20.307456 1.313875 24.783994 2.129800
0.480602 0.100230 -0.004316 -0.000828
0.100230 0.044922 -0.000827 -0.000202
-0.004316 -0.000827 0.480270 0.100218
-0.000828 -0.000202 0.100218 0.044934
20.994497 1.320195 25.934199 2.147663
0.478733 0.100147 -0.002257 -0.000344
0.100147 0.044944 -0.000344 -0.000086
-0.002257 -0.000344 0.478658 0.100184
-0.000344 -0.000086 0.100184 0.044963
21.736402 1.337306 26.830912 2.110517
0.476928 0.100039 -0.005609 -0.001045
0.100039 0.044946 -0.001045 -0.000230
-0.005609 -0.001045 0.477054 0.100108
-0.001045 -0.000230 0.100108 0.044967
22.334131 1.322604 28.379420 2.214230
0.476540 0.100196 -0.005372 -0.000926
0.100196 0.044991 -0.000926 -0.000191
-0.005372 -0.000926 0.477340 0.100395
-0.000926 -0.000191 0.100395 0.045035
22.952098 1.313642 29.798113 2.279844
0.476347 0.100340 -0.001947 -0.000155
0.100340 0.045020 -0.000155 -0.000021
-0.001947 -0.000155 0.477849 0.100663
-0.000155 -0.000021 0.100663 0.045085
23.181861 1.223204 30.178031 2.119378
0.474707 0.100128 -0.000745 0.000068
0.100128 0.044963 0.000068 0.000017
-0.000745 0.000068 0.476032 0.100382
0.000068 0.000017 0.100382 0.045009
23.865257 1.238528 31.672184 2.211114
0.475260 0.100368 -0.001656 -0.000173
0.100368 0.045002 -0.000172 -0.000045
-0.001656 -0.000172 0.477621 0.100819
-0.000173 -0.000045 0.100819 0.045087
24.516891 1.245238 32.378624 2.126847
0.476082 0.100617 0.001219 0.000414
0.100617 0.045035 0.000415 0.000076
0.001219 0.000415 0.478595 0.101062
0.000414 0.000076 0.101062 0.045114
24.990450 1.213751 33.583124 2.156610
0.477621 0.100971 0.001585 0.000419
0.100971 0.045086 0.000420 0.000065
0.001585 0.000420 0.481080 0.101584
0.000419 0.000065 0.101584 0.045197
25.816284 1.260017 34.340954 2.088989
0.477002 0.100821 0.000301 0.000084
0.100821 0.045025 0.000084 -0.000013
0.000301 0.000084 0.480753 0.101454
0.000084 -0.000013 0.101454 0.045137
26.142757 1.195866 35.693251 2.153915
0.474014 0.100177 -0.002923 -0.000619
0.100177 0.044867 -0.000620 -0.000161
-0.002923 -0.000620 0.479380 0.101115
-0.000619 -0.000161 0.101115 0.045042
26.517278 1.148616 36.624404 2.123144
0.472535 0.099908 -0.001939 -0.000364
0.099908 0.044803 -0.000364 -0.000092
-0.001939 -0.000364 0.478771 0.100970
-0.000364 -0.000092 0.100970 0.044998
27.055550 1.141055 38.131550 2.217105
0.470793 0.099598 -0.001683 -0.000290
0.099598 0.044734 -0.000290 -0.000070
-0.001683 -0.000290 0.478947 0.101003
-0.000290 -0.000070 0.101003 0.044997
27.625087 1.140845 39.239410 2.216959
0.471664 0.099856 -0.004818 -0.000939
0.099856 0.044788 -0.000941 -0.000204
-0.004818 -0.000941 0.480860 0.101396
-0.000939 -0.000204 0.101396 0.045072
28.200843 1.142012 40.465932 2.241840
0.466397 0.098778 -0.002617 -0.000405
0.098778 0.044552 -0.000404 -0.000077
-0.002617 -0.000404 0.477344 0.100608
-0.000405 -0.000077 0.100608 0.044892
28.889886 1.166903 41.177044 2.155479
0.467054 0.099045 -0.005409 -0.000980
0.099045 0.044620 -0.000983 -0.000199
-0.005409 -0.000983 0.478205 0.100819
-0.000980 -0.000199 0.100819 0.044941
29.652279 1.205034 42.570271 2.222086
0.466591 0.099028 -0.006629 -0.001173
0.099028 0.044616 -0.001176 -0.000230
-0.006629 -0.001176 0.479677 0.101136
-0.001173 -0.000230 0.101136 0.045006
30.919947 1.346166 43.460014 2.175862
0.464476 0.098646 -0.009070 -0.001615
0.098646 0.044531 -0.001621 -0.000315
-0.009070 -0.001621 0.478056 0.100768
-0.001615 -0.000315 0.100768 0.044921
32.219729 1.479307 44.443219 2.154325
0.462661 0.098350 -0.009504 -0.001603
0.098350 0.044469 -0.001608 -0.000299
-0.009504 -0.001608 0.476944 0.100545
-0.001603 -0.000299 0.100545 0.044875
32.971486 1.480949 44.637467 1.968134
0.462383 0.098394 -0.007936 -0.001184
0.098394 0.044481 -0.001186 -0.000204
-0.007936 -0.001186 0.475781 0.100332
-0.001184 -0.000204 0.100332 0.044836
33.815409 1.502747 45.414006 1.924464
0.462103 0.098410 -0.010187 -0.001625
0.098410 0.044481 -0.001630 -0.000303
-0.010187 -0.001630 0.476294 0.100484
-0.001625 -0.000303 0.100484 0.044874
34.637160 1.517246 45.985679 1.842126
0.463250 0.098713 -0.011638 -0.001863
0.098713 0.044539 -0.001869 -0.000351
-0.011638 -0.001869 0.477619 0.100788
-0.001863 -0.000351 0.100788 0.044938
35.168651 1.468786 46.875971 1.835303
0.465394 0.099184 -0.014258 -0.002335
0.099184 0.044626 -0.002344 -0.000447
-0.014258 -0.002344 0.481192 0.101531
-0.002335 -0.000447 0.101531 0.045089
35.426774 1.367336 47.818214 1.839691
0.466278 0.099340 -0.013113 -0.001984
0.099340 0.044639 -0.001986 -0.000364
-0.013113 -0.001986 0.484092 0.102066
-0.001984 -0.000364 0.102066 0.045185
35.619912 1.262133 48.331548 1.753185
0.463576 0.098719 -0.009663 -0.001206
0.098719 0.044488 -0.001197 -0.000203
-0.009663 -0.001197 0.482534 0.101624
-0.001206 -0.000203 0.101624 0.045071
