7.043735 3.779649 0.954027 -0.510428
2.418688 0.967496 -0.056502 -0.022601
0.967496 80.391073 -0.022601 -0.009041
-0.056502 -0.022601 2.453521 0.981430
-0.022601 -0.009041 0.981430 80.396647
6.870792 0.159009 -0.301246 -2.270484
2.276500 3.990051 -0.065742 -0.103865
3.990051 15.234678 -0.103882 -0.325793
-0.065742 -0.103882 2.313495 4.047898
-0.103865 -0.325793 4.047898 15.424685
5.414634 -1.607494 -0.121997 -0.760746
1.973980 2.274308 -0.054151 -0.057977
2.274308 4.485080 -0.057988 -0.106056
-0.054151 -0.057988 2.000810 2.303038
-0.057977 -0.106056 2.303038 4.542404
7.412127 0.752760 2.698010 1.934119
1.691936 1.423541 -0.035503 -0.028094
1.423541 1.886437 -0.028099 -0.039549
-0.035503 -0.028099 1.709644 1.437996
-0.028094 -0.039549 1.437996 1.908450
5.975766 -0.443637 4.515211 2.495088
1.475439 0.973898 -0.014611 -0.009379
0.973898 0.971225 -0.009386 -0.014390
-0.014611 -0.009386 1.481467 0.978122
-0.009379 -0.014390 0.978122 0.978986
7.438388 0.470948 4.493263 1.804680
1.292017 0.700954 -0.033051 -0.018712
0.700954 0.564022 -0.018707 -0.015096
-0.033051 -0.018707 1.303006 0.707633
-0.018712 -0.015096 0.707633 0.570591
9.193203 1.171125 6.767487 2.437505
1.155389 0.532772 -0.020454 -0.009780
0.532772 0.360851 -0.009782 -0.007360
-0.020454 -0.009782 1.163373 0.537026
-0.009780 -0.007360 0.537026 0.364562
9.805439 1.182303 6.545757 1.858278
1.030157 0.413764 -0.028908 -0.011950
0.413764 0.245083 -0.011946 -0.006655
-0.028908 -0.011946 1.038839 0.417727
-0.011950 -0.006655 0.417727 0.247793
10.233613 1.124052 8.500221 2.224741
0.940072 0.335638 -0.016415 -0.005917
0.335638 0.177991 -0.005919 -0.003301
-0.016415 -0.005919 0.944972 0.337737
-0.005917 -0.003301 0.337737 0.179476
10.546933 1.043864 9.403260 2.157179
0.864330 0.278735 -0.012089 -0.003963
0.278735 0.135538 -0.003965 -0.002127
-0.012089 -0.003965 0.868033 0.280233
-0.003963 -0.002127 0.280233 0.136537
11.349784 1.126967 9.301452 1.808115
0.798700 0.235909 -0.014453 -0.004357
0.235909 0.107503 -0.004357 -0.001917
-0.014453 -0.004357 0.803251 0.237516
-0.004357 -0.001917 0.237516 0.108350
12.541821 1.299165 10.030464 1.760099
0.746773 0.204580 -0.009762 -0.002695
0.204580 0.088852 -0.002696 -0.001197
-0.009762 -0.002696 0.751346 0.206034
-0.002695 -0.001197 0.206034 0.089518
13.050916 1.263044 12.316085 2.121530
0.698873 0.179569 -0.006224 -0.001610
0.179569 0.075690 -0.001611 -0.000763
-0.006224 -0.001611 0.701077 0.180275
-0.001610 -0.000763 0.180275 0.076064
14.359553 1.427950 13.669809 2.192910
0.659075 0.160525 -0.004284 -0.001070
0.160525 0.066529 -0.001071 -0.000536
-0.004284 -0.001071 0.661045 0.161123
-0.001070 -0.000536 0.161123 0.066821
15.168734 1.450161 14.535003 2.138956
0.624051 0.145479 -0.008176 -0.001950
0.145479 0.059976 -0.001951 -0.000675
-0.008176 -0.001951 0.625775 0.145977
-0.001950 -0.000675 0.145977 0.060203
15.491692 1.359630 15.615473 2.141416
0.597743 0.134572 -0.005191 -0.001146
0.134572 0.055488 -0.001146 -0.000420
-0.005191 -0.001146 0.598885 0.134904
-0.001146 -0.000420 0.134904 0.055646
15.703242 1.257015 16.330398 2.063398
0.575306 0.126038 -0.004100 -0.000855
0.126038 0.052266 -0.000856 -0.000313
-0.004100 -0.000856 0.576081 0.126269
-0.000855 -0.000313 0.126269 0.052381
16.625155 1.319947 16.934220 1.971552
0.550053 0.118057 -0.001997 -0.000376
0.118057 0.049676 -0.000376 -0.000180
-0.001997 -0.000376 0.550851 0.118279
-0.000376 -0.000180 0.118279 0.049774
16.925637 1.243879 18.369252 2.066660
0.534627 0.113171 -0.004066 -0.000824
0.113171 0.048119 -0.000825 -0.000258
-0.004066 -0.000825 0.534945 0.113278
-0.000824 -0.000258 0.113278 0.048180
17.989545 1.336588 19.471742 2.081229
0.524219 0.109951 -0.002048 -0.000361
0.109951 0.047136 -0.000362 -0.000137
-0.002048 -0.000362 0.524530 0.110052
-0.000361 -0.000137 0.110052 0.047186
17.712449 1.139510 20.811198 2.143438
0.515458 0.107473 -0.001660 -0.000282
0.107473 0.046444 -0.000283 -0.000110
-0.001660 -0.000283 0.515365 0.107484
-0.000282 -0.000110 0.107484 0.046470
18.176419 1.117444 21.142318 1.989482
0.507291 0.105416 -0.000419 -0.000029
0.105416 0.045932 -0.000030 -0.000049
-0.000419 -0.000030 0.507127 0.105413
-0.000029 -0.000049 0.105413 0.045950
18.527179 1.074241 21.494843 1.856141
0.501267 0.104034 0.001210 0.000285
0.104034 0.045619 0.000284 0.000020
0.001210 0.000284 0.501036 0.104018
0.000285 0.000020 0.104018 0.045631
19.220805 1.106746 21.716322 1.709426
0.494041 0.102546 0.001730 0.000346
0.102546 0.045316 0.000345 0.000031
0.001730 0.000345 0.493845 0.102538
0.000346 0.000031 0.102538 0.045327
19.736403 1.098855 22.892043 1.776179
0.490080 0.101873 -0.000085 -0.000076
0.101873 0.045207 -0.000076 -0.000057
-0.000085 -0.000076 0.489898 0.101867
-0.000076 -0.000057 0.101867 0.045215
20.305487 1.102925 23.999154 1.821806
0.485965 0.101211 0.000956 0.000145
0.101211 0.045101 0.000145 -0.000002
0.000956 0.000145 0.485844 0.101216
0.000145 -0.000002 0.101216 0.045109
21.010755 1.135027 24.940197 1.828077
0.483041 0.100833 0.001826 0.000312
0.100833 0.045054 0.000311 0.000036
0.001826 0.000311 0.483007 0.100852
0.000312 0.000036 0.100852 0.045063
21.767989 1.174605 26.439105 1.950439
0.478891 0.100200 0.001481 0.000214
0.100200 0.044946 0.000214 0.000017
0.001481 0.000214 0.479087 0.100262
0.000214 0.000017 0.100262 0.044962
22.247832 1.151975 27.803084 2.032026
0.479906 0.100673 -0.000491 -0.000212
0.100673 0.045069 -0.000212 -0.000069
-0.000491 -0.000212 0.480337 0.100775
-0.000212 -0.000069 0.100775 0.045091
22.934793 1.175251 29.087273 2.088362
0.478879 0.100631 -0.000190 -0.000117
0.100631 0.045062 -0.000117 -0.000038
-0.000190 -0.000117 0.479579 0.100778
-0.000117 -0.000038 0.100778 0.045092
23.329503 1.134653 30.137788 2.089718
0.479405 0.100887 -0.001154 -0.000299
0.100887 0.045112 -0.000299 -0.000069
-0.001154 -0.000299 0.480317 0.101065
-0.000299 -0.000069 0.101065 0.045145
23.896870 1.134665 31.100285 2.072375
0.477132 0.100501 -0.000867 -0.000202
0.100501 0.045016 -0.000202 -0.000041
-0.000867 -0.000202 0.478265 0.100709
-0.000202 -0.000041 0.100709 0.045054
24.826094 1.210969 31.760649 1.993169
0.475957 0.100359 -0.002797 -0.000585
0.100359 0.044976 -0.000586 -0.000117
-0.002797 -0.000586 0.477117 0.100557
-0.000585 -0.000117 0.100557 0.045010
25.393186 1.202882 32.881029 2.019277
0.476066 0.100478 -0.000704 -0.000087
0.100478 0.044991 -0.000087 -0.000003
-0.000704 -0.000087 0.477627 0.100748
-0.000087 -0.000003 0.100748 0.045040
25.856478 1.173736 34.114885 2.066575
0.474096 0.100124 0.001505 0.000381
0.100124 0.044902 0.000381 0.000093
0.001505 0.000381 0.476228 0.100498
0.000381 0.000093 0.100498 0.044971
26.648222 1.217028 34.908696 2.016020
0.474952 0.100384 0.001441 0.000324
0.100384 0.044947 0.000324 0.000070
0.001441 0.000324 0.477218 0.100761
0.000324 0.000070 0.100761 0.045015
27.181520 1.201117 36.191607 2.074074
0.473091 0.100026 -0.002814 -0.000608
0.100026 0.044856 -0.000609 -0.000134
-0.002814 -0.000609 0.476068 0.100533
-0.000608 -0.000134 0.100533 0.044950
28.382378 1.328095 37.053624 2.037160
0.474831 0.100451 -0.002397 -0.000462
0.100451 0.044937 -0.000462 -0.000091
-0.002397 -0.000462 0.477871 0.100942
-0.000462 -0.000091 0.100942 0.045025
28.933302 1.304256 38.610387 2.150800
0.475865 0.100672 -0.002372 -0.000419
0.100672 0.044966 -0.000419 -0.000076
-0.002372 -0.000419 0.479929 0.101356
-0.000419 -0.000076 0.101356 0.045094
29.550827 1.296901 39.532867 2.118516
0.476104 0.100698 -0.001785 -0.000266
0.100698 0.044952 -0.000266 -0.000041
-0.001785 -0.000266 0.480538 0.101422
-0.000266 -0.000041 0.101422 0.045085
29.970269 1.248424 40.369400 2.071481
0.478108 0.101091 -0.002630 -0.000435
0.101091 0.045018 -0.000435 -0.000078
-0.002630 -0.000435 0.482891 0.101853
-0.000435 -0.000078 0.101853 0.045158
30.758424 1.282915 40.901933 1.965494
0.476903 0.100769 -0.002889 -0.000467
0.100769 0.044930 -0.000467 -0.000084
-0.002889 -0.000467 0.481647 0.101491
-0.000467 -0.000084 0.101491 0.045060
31.360384 1.274546 41.808692 1.949477
0.476569 0.100666 -0.004047 -0.000689
0.100666 0.044899 -0.000689 -0.000130
-0.004047 -0.000689 0.481860 0.101481
-0.000689 -0.000130 0.101481 0.045050
32.034869 1.282257 42.434420 1.876023
0.475947 0.100515 -0.004961 -0.000842
0.100515 0.044862 -0.000843 -0.000159
-0.004961 -0.000843 0.481426 0.101343
-0.000842 -0.000159 0.101343 0.045016
32.314363 1.205874 43.354322 1.872022
0.475435 0.100404 -0.004903 -0.000783
0.100404 0.044837 -0.000783 -0.000142
-0.004903 -0.000783 0.481759 0.101387
-0.000783 -0.000142 0.101387 0.045025
32.732307 1.166444 43.689521 1.745498
0.475359 0.100396 -0.004003 -0.000559
0.100396 0.044837 -0.000559 -0.000094
-0.004003 -0.000559 0.481638 0.101337
-0.000559 -0.000094 0.101337 0.045015
33.533047 1.212440 44.645513 1.763143
0.475609 0.100457 -0.003716 -0.000491
0.100457 0.044850 -0.000491 -0.000084
-0.003716 -0.000491 0.482494 0.101501
-0.000491 -0.000084 0.101501 0.045052
34.037034 1.190878 45.580271 1.774267
0.476143 0.100569 -0.005334 -0.000834
0.100569 0.044873 -0.000834 -0.000162
-0.005334 -0.000834 0.483800 0.101748
-0.000834 -0.000162 0.101748 0.045103
34.960272 1.260325 46.793133 1.842960
0.475664 0.100456 -0.006753 -0.001104
0.100456 0.044846 -0.001105 -0.000218
-0.006753 -0.001105 0.484243 0.101794
-0.001104 -0.000218 0.101794 0.045109
35.454013 1.231861 48.169695 1.938484
0.474900 0.100297 -0.006034 -0.000904
0.100297 0.044813 -0.000903 -0.000171
-0.006034 -0.000903 0.484971 0.101905
-0.000904 -0.000171 0.101905 0.045130
