-1.357760 0.418979 3.775780 0.618297
41.880283 16.752476 -56.706755 -22.683193
16.752476 86.705202 -22.683193 -9.073474
-56.706755 -22.683193 81.389381 32.556458
-22.683193 -9.073474 32.556458 93.026932
-2.264168 1.429111 8.168778 3.794432
70.159371 41.581252 -88.803726 -40.349653
41.581252 46.256285 -50.879026 -43.109904
-88.803726 -50.879026 115.203011 53.728953
-40.349653 -43.109904 53.728953 60.774569
-6.805759 -1.327369 16.262083 6.439065
26.981855 10.360141 -45.048693 -24.873864
10.360141 15.566472 -16.022023 -22.297189
-45.048693 -16.022023 79.668327 45.330568
-24.873864 -22.297189 45.330568 46.299172
-0.781988 1.678235 8.170742 0.694766
1.317437 0.106284 -3.894809 -1.888543
0.106284 7.411055 3.155889 -6.885869
-3.894809 3.155889 23.418158 10.989592
-1.888543 -6.885869 10.989592 17.093663
0.069508 2.554593 13.364557 2.462576
3.263084 3.754993 -5.198610 -5.396099
3.754993 6.423661 -5.418877 -8.709755
-5.198610 -5.418877 11.462410 9.765544
-5.396099 -8.709755 9.765544 13.576498
3.872383 4.689596 11.818663 -0.034973
4.502166 3.425761 -8.839483 -5.892591
3.425761 3.384029 -6.391351 -5.396694
-8.839483 -6.391351 20.779501 12.837726
-5.892591 -5.396694 12.837726 9.960557
6.825493 4.946824 9.394155 -1.038887
7.900404 4.721869 -13.232840 -7.264046
4.721869 3.206507 -7.708535 -4.802220
-13.232840 -7.708535 24.780193 13.004761
-7.264046 -4.802220 13.004761 7.915355
10.709795 5.602856 6.411039 -2.102273
7.197913 3.546490 -8.968398 -4.353803
3.546490 1.970259 -4.329541 -2.431536
-8.968398 -4.329541 12.784802 5.903869
-4.353803 -2.431536 5.903869 3.386036
14.592617 6.029528 3.702298 -2.735202
4.678127 1.942978 -3.926698 -1.749710
1.942978 0.952647 -1.600489 -0.923337
-3.926698 -1.600489 4.310588 1.777773
-1.749710 -0.923337 1.777773 1.165934
15.485195 5.278500 4.910426 -1.789591
3.374119 1.187256 -1.681796 -0.685270
1.187256 0.521271 -0.593460 -0.383351
-1.681796 -0.593460 1.433676 0.543415
-0.685270 -0.383351 0.543415 0.502345
16.549784 4.747145 5.826275 -1.094457
3.903477 1.182758 -1.504248 -0.526425
1.182758 0.436279 -0.476544 -0.264839
-1.504248 -0.476544 1.040403 0.387629
-0.526425 -0.264839 0.387629 0.350539
17.238985 4.203295 7.187253 -0.340590
4.626694 1.220848 -1.460916 -0.418857
1.220848 0.383458 -0.413498 -0.188033
-1.460916 -0.413498 0.849094 0.301701
-0.418857 -0.188033 0.301701 0.252250
19.950353 4.389601 6.329787 -0.611054
5.706934 1.342419 -1.668696 -0.412941
1.342419 0.366825 -0.429250 -0.157342
-1.668696 -0.429250 0.923782 0.314606
-0.412941 -0.157342 0.314606 0.212102
17.636845 3.317063 8.722735 0.266846
4.957034 1.004504 -0.785502 -0.051103
1.004504 0.246769 -0.185966 -0.051742
-0.785502 -0.185966 0.458852 0.148219
-0.051103 -0.051742 0.148219 0.127123
19.742797 3.343083 9.511604 0.552638
5.840082 1.106739 -1.039251 -0.135151
1.106739 0.248760 -0.223318 -0.057454
-1.039251 -0.223318 0.514786 0.156942
-0.135151 -0.057454 0.156942 0.106701
21.059008 3.230868 10.529781 0.818491
6.726559 1.169297 -1.000912 -0.088199
1.169297 0.239466 -0.197171 -0.039382
-1.000912 -0.197171 0.465507 0.133136
-0.088199 -0.039382 0.133136 0.085254
22.156589 3.134934 11.195819 0.890224
6.982412 1.111678 -0.697715 0.017333
1.111678 0.211655 -0.132483 -0.016133
-0.697715 -0.132483 0.395085 0.114134
0.017333 -0.016133 0.114134 0.072629
18.673732 2.310969 13.272613 1.272041
5.629842 0.807336 0.065492 0.203415
0.807336 0.149368 -0.004863 0.015894
0.065492 -0.004863 0.242376 0.083021
0.203415 0.015894 0.083021 0.060965
21.867472 2.571100 14.264301 1.436752
4.017489 0.569324 -0.254723 0.014511
0.569324 0.114247 -0.050788 -0.009181
-0.254723 -0.050788 0.264251 0.079588
0.014511 -0.009181 0.079588 0.049793
22.149965 2.405175 15.601788 1.609353
4.160866 0.556312 -0.067650 0.065304
0.556312 0.107976 -0.021495 -0.000077
-0.067650 -0.021495 0.236995 0.072643
0.065304 -0.000077 0.072643 0.045604
23.405250 2.401169 16.627681 1.677300
4.449215 0.568121 0.067074 0.094549
0.568121 0.106528 -0.003664 0.004616
0.067074 -0.003664 0.252091 0.077547
0.094549 0.004616 0.077547 0.045287
23.265017 2.227950 17.606110 1.701356
3.180087 0.379565 0.356981 0.144647
0.379565 0.079830 0.030502 0.010887
0.356981 0.030502 0.306649 0.094332
0.144647 0.010887 0.094332 0.048807
22.725236 1.994583 19.089947 1.869678
2.557656 0.288153 0.587025 0.182925
0.288153 0.067540 0.056186 0.015744
0.587025 0.056186 0.348904 0.102595
0.182925 0.015744 0.102595 0.049101
22.647763 1.868561 19.842038 1.821697
2.184165 0.239799 0.662184 0.179381
0.239799 0.062285 0.058410 0.014423
0.662184 0.058410 0.455629 0.126141
0.179381 0.014423 0.126141 0.053503
22.921575 1.793736 20.558413 1.776107
1.942877 0.211861 0.701242 0.169538
0.211861 0.059928 0.056038 0.012502
0.701242 0.056038 0.573029 0.148941
0.169538 0.012502 0.148941 0.057276
23.123353 1.702937 21.374631 1.769659
1.651609 0.177237 0.735732 0.163672
0.177237 0.056537 0.052409 0.011084
0.735732 0.052409 0.717199 0.175162
0.163672 0.011084 0.175162 0.061530
23.945071 1.703299 22.193881 1.753987
1.392849 0.156613 0.634149 0.126488
0.156613 0.055939 0.034570 0.006393
0.634149 0.034570 0.804422 0.186135
0.126488 0.006393 0.186135 0.062254
24.412860 1.667122 22.759829 1.690441
0.839411 0.107198 0.277689 0.044568
0.107198 0.052356 -0.009160 -0.002687
0.277689 -0.009160 0.731284 0.164700
0.044568 -0.002687 0.164700 0.056718
25.240284 1.671885 23.514182 1.670522
0.680658 0.102094 0.103656 0.007402
0.102094 0.053553 -0.032490 -0.006800
0.103656 -0.032490 0.775917 0.168927
0.007402 -0.006800 0.168927 0.056930
25.608157 1.608735 24.046634 1.615928
0.519675 0.093102 -0.096050 -0.029615
0.093102 0.053578 -0.060213 -0.011196
-0.096050 -0.060213 0.826361 0.174265
-0.029615 -0.011196 0.174265 0.057460
26.684600 1.649093 25.108551 1.663811
0.562501 0.111267 -0.194085 -0.044596
0.111267 0.057044 -0.073225 -0.012574
-0.194085 -0.073225 0.967119 0.195126
-0.044596 -0.012574 0.195126 0.060737
27.572466 1.657429 26.102533 1.694766
0.605756 0.126823 -0.334449 -0.065710
0.126823 0.059595 -0.092794 -0.015088
-0.334449 -0.092794 1.096450 0.211314
-0.065710 -0.015088 0.211314 0.062811
28.354117 1.647852 26.944258 1.693432
0.680770 0.145065 -0.501728 -0.089340
0.145065 0.062151 -0.116350 -0.018146
-0.501728 -0.116350 1.212569 0.222744
-0.089340 -0.018146 0.222744 0.063764
29.425408 1.701592 28.167731 1.766031
0.808272 0.170126 -0.654144 -0.107151
0.170126 0.065577 -0.135226 -0.020047
-0.654144 -0.135226 1.376516 0.241460
-0.107151 -0.020047 0.241460 0.065997
30.426239 1.737415 29.280887 1.810860
0.962272 0.196278 -0.832392 -0.127290
0.196278 0.068684 -0.158028 -0.022526
-0.832392 -0.158028 1.530844 0.255806
-0.127290 -0.022526 0.255806 0.067187
31.482461 1.782627 30.368050 1.848808
1.148325 0.224641 -1.029112 -0.147995
0.224641 0.071790 -0.182506 -0.025092
-1.029112 -0.182506 1.693846 0.269647
-0.147995 -0.025092 0.269647 0.068171
32.482139 1.809451 31.395993 1.871015
1.358443 0.253076 -1.249468 -0.170348
0.253076 0.074451 -0.208963 -0.027861
-1.249468 -0.208963 1.878425 0.285133
-0.170348 -0.027861 0.285133 0.069315
33.170068 1.761127 32.282941 1.853286
1.584655 0.279592 -1.499969 -0.195677
0.279592 0.076291 -0.238026 -0.031023
-1.499969 -0.238026 2.090575 0.302841
-0.195677 -0.031023 0.302841 0.070640
34.154415 1.786233 33.277452 1.870225
1.856508 0.311433 -1.763305 -0.219303
0.311433 0.079125 -0.265797 -0.033540
-1.763305 -0.265797 2.323640 0.322121
-0.219303 -0.033540 0.322121 0.072213
34.985899 1.776220 34.267538 1.876565
2.149983 0.342217 -2.054644 -0.245211
0.342217 0.081405 -0.294817 -0.036228
-2.054644 -0.294817 2.589770 0.344241
-0.245211 -0.036228 0.344241 0.074049
35.958694 1.803010 35.375298 1.911264
2.480645 0.375604 -2.368660 -0.271346
0.375604 0.084029 -0.324107 -0.038690
-2.368660 -0.324107 2.880836 0.367817
-0.271346 -0.038690 0.367817 0.076000
36.771080 1.794654 36.491902 1.933966
2.839213 0.408990 -2.712716 -0.299511
0.408990 0.086369 -0.354936 -0.041318
-2.712716 -0.354936 3.198126 0.392520
-0.299511 -0.041318 0.392520 0.077900
37.780116 1.821707 37.541688 1.955787
3.243273 0.446253 -3.080708 -0.327266
0.446253 0.089256 -0.386989 -0.043784
-3.080708 -0.386989 3.522928 0.415379
-0.327266 -0.043784 0.415379 0.079398
38.169660 1.686041 37.964582 1.823075
3.664507 0.480333 -3.489800 -0.359597
0.480333 0.091121 -0.422456 -0.046965
-3.489800 -0.422456 3.869615 0.437966
-0.359597 -0.046965 0.437966 0.080473
39.137964 1.702641 38.770402 1.813542
4.129351 0.518187 -3.917160 -0.390190
0.518187 0.093817 -0.455075 -0.049215
-3.917160 -0.455075 4.261038 0.465896
-0.390190 -0.049215 0.465896 0.082579
39.634275 1.602012 39.175168 1.698555
4.604661 0.551671 -4.385098 -0.425617
0.551671 0.095418 -0.489442 -0.052035
-4.385098 -0.489442 4.695472 0.496716
-0.425617 -0.052035 0.496716 0.084704
40.563641 1.607875 39.778295 1.665145
5.108577 0.586169 -4.873386 -0.460409
0.586169 0.097326 -0.521653 -0.054261
-4.873386 -0.521653 5.172703 0.531675
-0.460409 -0.054261 0.531675 0.087491
41.668610 1.646527 40.398073 1.651889
5.614042 0.616535 -5.385021 -0.497297
0.616535 0.098568 -0.551911 -0.056391
-5.385021 -0.551911 5.701441 0.571649
-0.497297 -0.056391 0.571649 0.090816
42.601610 1.664013 41.197128 1.656207
6.077832 0.637211 -5.900493 -0.536064
0.637211 0.098468 -0.577354 -0.058368
-5.900493 -0.577354 6.277889 0.617002
-0.536064 -0.058368 0.617002 0.094716
43.758490 1.730530 42.150583 1.705191
6.564273 0.658923 -6.444969 -0.575255
0.658923 0.098667 -0.603351 -0.060216
-6.444969 -0.603351 6.899119 0.664387
-0.575255 -0.060216 0.664387 0.098667
