-1.529216 0.350395 5.174621 1.177846
41.678329 16.671693 -56.394980 -22.558481
16.671693 86.672888 -22.558481 -9.023588
-56.394980 -22.558481 80.723779 32.290211
-22.558481 -9.023588 32.290211 92.920431
4.035520 6.190585 3.154973 2.080285
60.782897 30.533862 -85.631576 -43.373522
30.533862 36.887448 -41.203707 -41.014385
-85.631576 -41.203707 123.522677 63.852564
-43.373522 -41.014385 63.852564 68.484456
14.258563 8.989967 -7.354716 -3.686247
37.588672 24.709474 -34.985511 -12.117269
24.709474 27.488756 -22.051255 -21.144525
-34.985511 -22.051255 35.030689 13.019702
-12.117269 -21.144525 13.019702 25.765656
12.926510 5.658965 -3.505200 -0.894494
12.581739 6.150520 -2.488870 3.996244
6.150520 9.051955 -1.299070 -5.907654
-2.488870 -1.299070 1.267668 0.002329
3.996244 -5.907654 0.002329 13.158061
16.766523 4.184363 -1.197111 3.724013
19.589952 11.348574 -4.449839 -2.210875
11.348574 8.568163 -3.133945 -3.967656
-4.449839 -3.133945 1.816585 1.779815
-2.210875 -3.967656 1.779815 4.743675
19.218958 4.554997 0.140421 3.190444
31.149055 13.967526 -6.000667 -2.115437
13.967526 7.053718 -3.116071 -1.974261
-6.000667 -3.116071 2.081656 1.443092
-2.115437 -1.974261 1.443092 2.024043
23.838812 5.690807 0.439443 2.345960
36.431097 12.594287 -3.859692 0.228495
12.594287 4.751168 -1.613086 -0.389318
-3.859692 -1.613086 1.305013 0.710408
0.228495 -0.389318 0.710408 0.907925
27.105663 5.817608 1.568471 2.343065
21.109805 5.469748 1.588419 2.299058
5.469748 1.653416 0.232461 0.352650
1.588419 0.232461 0.889558 0.669581
2.299058 0.352650 0.669581 0.729820
24.543107 4.312317 3.314654 2.472385
14.816642 3.000769 3.949275 2.616629
3.000769 0.765078 0.684826 0.392728
3.949275 0.684826 1.641315 1.014669
2.616629 0.392728 1.014669 0.728121
28.500356 4.558880 5.622498 2.991122
16.691442 3.266631 4.573268 2.272193
3.266631 0.757020 0.794178 0.350793
4.573268 0.794178 1.803466 0.882991
2.272193 0.350793 0.882991 0.494464
30.179057 4.468425 6.824072 2.872431
13.768895 2.299021 5.387243 2.155391
2.299021 0.477116 0.800973 0.289842
5.387243 0.800973 2.697428 1.089914
2.155391 0.289842 1.089914 0.484157
33.479574 4.664962 8.524621 2.952399
11.610064 1.675081 5.934845 2.005934
1.675081 0.318857 0.758441 0.234969
5.934845 0.758441 3.677085 1.264309
2.005934 0.234969 1.264309 0.468581
31.445436 3.973688 8.250576 2.477490
5.994242 0.678029 4.355200 1.299821
0.678029 0.141880 0.402498 0.105942
4.355200 0.402498 3.813957 1.159959
1.299821 0.105942 1.159959 0.380764
32.198071 3.553118 10.676865 2.873815
6.537641 0.705993 5.291282 1.375852
0.705993 0.131673 0.499059 0.120454
5.291282 0.499059 4.833100 1.278757
1.375852 0.120454 1.278757 0.363162
30.490564 3.004954 10.498967 2.567866
6.000629 0.572362 5.666556 1.323796
0.572362 0.104638 0.469789 0.103804
5.666556 0.469789 5.899890 1.401662
1.323796 0.103804 1.401662 0.356125
33.361709 2.901097 14.986704 3.322506
6.250882 0.627232 5.970901 1.233976
0.627232 0.107955 0.537194 0.107704
5.970901 0.537194 6.190511 1.303124
1.233976 0.107704 1.303124 0.296752
29.843348 2.359384 12.096161 2.491789
2.222559 0.168148 2.623450 0.512065
0.168148 0.056405 0.123705 0.022628
2.623450 0.123705 3.688988 0.746084
0.512065 0.022628 0.746084 0.173008
31.942730 2.295260 15.600993 2.943089
2.189175 0.209066 2.445497 0.423832
0.209066 0.060348 0.165273 0.028718
2.445497 0.165273 3.285159 0.596222
0.423832 0.028718 0.596222 0.130688
28.920941 1.682173 13.982027 2.530923
1.492051 0.107856 2.039798 0.342028
0.107856 0.046012 0.079918 0.015315
2.039798 0.079918 3.354023 0.585369
0.342028 0.015315 0.585369 0.124897
31.027507 1.525786 19.204369 3.233364
1.429181 0.144879 1.765927 0.264430
0.144879 0.049558 0.126457 0.022198
1.765927 0.126457 2.623876 0.413197
0.264430 0.022198 0.413197 0.088582
26.435078 0.864603 14.889468 2.436704
0.253319 0.011163 0.448890 0.069422
0.011163 0.035286 -0.043149 -0.002276
0.448890 -0.043149 1.322066 0.222320
0.069422 -0.002276 0.222320 0.061388
27.303696 0.757876 18.117184 2.772148
0.234243 0.039155 0.284238 0.038749
0.039155 0.038089 -0.002621 0.004677
0.284238 -0.002621 0.757869 0.120483
0.038749 0.004677 0.120483 0.044079
26.820308 0.230450 21.639239 3.187586
0.255800 0.045811 0.343391 0.049356
0.045811 0.035118 0.030226 0.010669
0.343391 0.030226 0.737110 0.115037
0.049356 0.010669 0.115037 0.043637
25.782782 -0.003276 21.750788 2.975400
0.152310 0.033505 0.173262 0.023912
0.033505 0.033982 -0.005935 0.004670
0.173262 -0.005935 0.576286 0.096448
0.023912 0.004670 0.096448 0.042592
25.492483 -0.053936 22.712276 2.889578
0.149965 0.043050 0.110026 0.014452
0.043050 0.037263 -0.017566 0.002433
0.110026 -0.017566 0.560608 0.099129
0.014452 0.002433 0.099129 0.044387
24.863489 -0.162043 22.872273 2.664002
0.142497 0.051596 -0.013217 -0.005735
0.051596 0.040083 -0.038785 -0.001487
-0.013217 -0.038785 0.416050 0.077828
-0.005735 -0.001487 0.077828 0.041541
24.585309 -0.204991 23.730011 2.569470
0.187767 0.068680 -0.065815 -0.012465
0.068680 0.043943 -0.045474 -0.002678
-0.065815 -0.045474 0.421746 0.083332
-0.012465 -0.002678 0.083332 0.043251
24.529250 -0.193811 25.161186 2.601307
0.265707 0.091400 -0.102689 -0.015373
0.091400 0.048818 -0.048249 -0.002991
-0.102689 -0.048249 0.483017 0.099047
-0.015373 -0.002991 0.099047 0.046711
24.428496 -0.196252 26.559469 2.622237
0.368012 0.116629 -0.143534 -0.018713
0.116629 0.053702 -0.051194 -0.003318
-0.143534 -0.051194 0.504784 0.104100
-0.018713 -0.003318 0.104100 0.047432
24.468848 -0.155262 27.267389 2.495554
0.495723 0.143903 -0.160138 -0.016282
0.143903 0.058454 -0.046993 -0.002068
-0.160138 -0.046993 0.409170 0.083430
-0.016282 -0.002068 0.083430 0.042607
24.410454 -0.150682 28.433297 2.477849
0.652760 0.173869 -0.192501 -0.017438
0.173869 0.063311 -0.048830 -0.002269
-0.192501 -0.048830 0.399100 0.082382
-0.017438 -0.002269 0.082382 0.042277
24.594691 -0.097539 28.779543 2.281919
0.837444 0.205727 -0.202519 -0.013317
0.205727 0.068098 -0.046244 -0.001451
-0.202519 -0.046244 0.322894 0.066527
-0.013317 -0.001451 0.066527 0.038648
24.600631 -0.081046 30.148156 2.338980
1.056930 0.240062 -0.239370 -0.015806
0.240062 0.072836 -0.049317 -0.002056
-0.239370 -0.049317 0.352368 0.075470
-0.015806 -0.002056 0.075470 0.040774
24.504871 -0.093332 31.295753 2.331518
1.309571 0.276256 -0.281703 -0.019332
0.276256 0.077454 -0.053799 -0.002958
-0.281703 -0.053799 0.360433 0.077637
-0.019332 -0.002958 0.077637 0.040908
24.524018 -0.075934 32.674773 2.386588
1.601506 0.315512 -0.313765 -0.019663
0.315512 0.082302 -0.055665 -0.003080
-0.313765 -0.055665 0.375251 0.081380
-0.019663 -0.003080 0.081380 0.041511
24.564292 -0.056798 34.095034 2.445237
1.933193 0.357162 -0.344204 -0.019394
0.357162 0.087158 -0.057298 -0.003128
-0.344204 -0.057298 0.385211 0.083373
-0.019394 -0.003128 0.083373 0.041635
24.500148 -0.059061 35.534902 2.497376
2.306969 0.401059 -0.380234 -0.020375
0.401059 0.091973 -0.059982 -0.003432
-0.380234 -0.059982 0.390148 0.083652
-0.020375 -0.003432 0.083652 0.041311
24.402207 -0.066359 37.015677 2.551865
2.724623 0.447317 -0.412364 -0.020123
0.447317 0.096806 -0.061880 -0.003505
-0.412364 -0.061880 0.390487 0.082921
-0.020123 -0.003505 0.082921 0.040858
24.385570 -0.065793 38.168882 2.522628
3.184615 0.495431 -0.433425 -0.017168
0.495431 0.101587 -0.062217 -0.003205
-0.433425 -0.062217 0.371778 0.078012
-0.017168 -0.003205 0.078012 0.039555
24.426271 -0.065734 38.723243 2.353515
3.689369 0.545326 -0.453301 -0.014210
0.545326 0.106283 -0.062648 -0.002977
-0.453301 -0.062648 0.336601 0.069699
-0.014210 -0.002977 0.069699 0.037575
24.367399 -0.067534 40.032311 2.385261
4.250523 0.598226 -0.485703 -0.014316
0.598226 0.111069 -0.064252 -0.003042
-0.485703 -0.064252 0.341035 0.071527
-0.014316 -0.003042 0.071527 0.038152
24.459831 -0.047888 41.415165 2.435076
4.862610 0.653277 -0.509815 -0.012245
0.653277 0.115849 -0.064641 -0.002804
-0.509815 -0.064641 0.344602 0.073026
-0.012245 -0.002804 0.073026 0.038597
24.503707 -0.038984 42.641857 2.438829
5.530863 0.710669 -0.541876 -0.012214
0.710669 0.120617 -0.066143 -0.002868
-0.541876 -0.066143 0.342920 0.072789
-0.012214 -0.002868 0.072789 0.038494
24.646828 -0.020289 43.724455 2.408345
6.254097 0.770055 -0.576050 -0.012606
0.770055 0.125344 -0.067820 -0.002973
-0.576050 -0.067820 0.338266 0.071752
-0.012606 -0.002973 0.071752 0.038186
24.812008 0.002898 45.162428 2.469840
7.037323 0.831702 -0.623274 -0.016015
0.831702 0.130059 -0.070784 -0.003385
-0.623274 -0.070784 0.346027 0.073613
-0.016015 -0.003385 0.073613 0.038560
24.685115 -0.012711 46.295089 2.442058
7.872674 0.894429 -0.689912 -0.023812
0.894429 0.134622 -0.075791 -0.004274
-0.689912 -0.075791 0.346653 0.073114
-0.023812 -0.004274 0.073114 0.038227
24.639231 -0.014978 47.761384 2.502294
8.777794 0.960375 -0.745451 -0.027530
0.960375 0.139325 -0.079087 -0.004609
-0.745451 -0.079087 0.353863 0.074539
-0.027530 -0.004609 0.074539 0.038492
24.235712 -0.059909 48.656193 2.406993
9.743404 1.028078 -0.802727 -0.031051
1.028078 0.143975 -0.082436 -0.004924
-0.802727 -0.082436 0.346168 0.072079
-0.031051 -0.004924 0.072079 0.037772
24.185384 -0.062681 49.772157 2.384853
10.755612 1.096307 -0.815761 -0.023196
1.096307 0.148492 -0.080978 -0.004031
-0.815761 -0.080978 0.340107 0.071051
-0.023196 -0.004031 0.071051 0.037674
24.165937 -0.061547 50.958537 2.383535
11.835425 1.166768 -0.825485 -0.015250
1.166768 0.153021 -0.079322 -0.003195
-0.825485 -0.079322 0.336145 0.070645
-0.015250 -0.003195 0.070645 0.037716
