6.911101 3.726595 -1.346091 -1.430495
2.428453 0.971402 -0.140102 -0.056042
0.971402 80.392636 -0.056042 -0.022417
-0.140102 -0.056042 2.510840 1.004358
-0.056042 -0.022417 1.004358 80.405819
3.560700 -5.385667 -0.195066 1.762897
2.217032 3.883841 -0.049795 -0.060021
3.883841 15.070746 -0.059831 -0.461352
-0.049795 -0.059831 2.262005 3.946516
-0.060021 -0.461352 3.946516 15.390014
2.140072 -3.922414 3.650736 5.190766
2.011308 2.327480 -0.038357 -0.050550
2.327480 4.553169 -0.050374 -0.155575
-0.038357 -0.050374 2.002341 2.318177
-0.050550 -0.155575 2.318177 4.599433
2.681266 -1.810885 4.192235 3.447421
1.714503 1.441646 -0.077622 -0.071954
1.441646 1.898317 -0.071777 -0.096123
-0.077622 -0.071777 1.715621 1.448688
-0.071954 -0.096123 1.448688 1.927595
5.024639 0.330214 5.163817 2.945002
1.473817 0.970853 -0.044267 -0.031397
0.970853 0.967055 -0.031421 -0.035580
-0.044267 -0.031421 1.488458 0.985186
-0.031397 -0.035580 0.985186 0.986996
8.004060 1.857398 4.545642 1.804554
1.285322 0.696325 -0.030633 -0.018187
0.696325 0.560684 -0.018237 -0.017832
-0.030633 -0.018237 1.315393 0.715472
-0.018187 -0.017832 0.715472 0.576172
9.276369 2.017319 4.107910 1.185224
1.154391 0.531936 -0.026605 -0.013639
0.531936 0.360175 -0.013671 -0.011083
-0.026605 -0.013671 1.184901 0.547317
-0.013639 -0.011083 0.547317 0.369849
9.735417 1.795227 6.084246 1.741881
1.022823 0.410605 -0.027147 -0.011996
0.410605 0.243672 -0.012003 -0.007864
-0.027147 -0.012003 1.040700 0.418251
-0.011996 -0.007864 0.418251 0.248157
10.941433 1.904523 7.934684 2.091565
0.931999 0.332770 -0.035851 -0.013581
0.332770 0.176938 -0.013579 -0.006856
-0.035851 -0.013579 0.944263 0.337382
-0.013581 -0.006856 0.337382 0.179488
12.000812 1.939018 9.150931 2.146553
0.867314 0.279839 -0.027451 -0.009192
0.279839 0.135911 -0.009191 -0.004278
-0.027451 -0.009191 0.877215 0.283190
-0.009192 -0.004278 0.283190 0.137616
11.857523 1.610323 10.008616 2.083011
0.806769 0.238330 -0.025975 -0.007803
0.238330 0.108204 -0.007802 -0.003218
-0.025975 -0.007802 0.813464 0.240419
-0.007803 -0.003218 0.240419 0.109270
12.891989 1.673106 10.972205 2.061679
0.757129 0.207312 -0.015143 -0.004105
0.207312 0.089555 -0.004106 -0.001770
-0.015143 -0.004106 0.763160 0.209065
-0.004105 -0.001770 0.209065 0.090371
13.173419 1.530657 12.062640 2.076942
0.711695 0.182629 -0.017306 -0.004396
0.182629 0.076410 -0.004396 -0.001622
-0.017306 -0.004396 0.715678 0.183731
-0.004396 -0.001622 0.183731 0.076946
13.558880 1.438310 12.934974 2.036478
0.675326 0.164119 -0.019135 -0.004528
0.164119 0.067323 -0.004528 -0.001467
-0.019135 -0.004528 0.678207 0.164894
-0.004528 -0.001467 0.164894 0.067708
14.155655 1.409725 13.548496 1.942357
0.634250 0.147351 -0.018554 -0.004073
0.147351 0.060316 -0.004073 -0.001211
-0.018554 -0.004073 0.636819 0.148019
-0.004073 -0.001211 0.148019 0.060626
14.882715 1.414585 14.314336 1.896296
0.609020 0.136582 -0.014555 -0.002909
0.136582 0.055858 -0.002910 -0.000838
-0.014555 -0.002910 0.611325 0.137160
-0.002909 -0.000838 0.137160 0.056109
15.701157 1.439444 16.153195 2.090733
0.586242 0.127868 -0.010858 -0.001962
0.127868 0.052593 -0.001963 -0.000567
-0.010858 -0.001963 0.587220 0.128128
-0.001962 -0.000567 0.128128 0.052744
16.322758 1.418603 17.361631 2.125507
0.563287 0.120305 -0.011140 -0.001974
0.120305 0.050094 -0.001976 -0.000534
-0.011140 -0.001976 0.563693 0.120440
-0.001974 -0.000534 0.120440 0.050200
15.790243 1.157209 18.417487 2.123076
0.540982 0.113862 -0.010614 -0.001809
0.113862 0.048203 -0.001811 -0.000469
-0.010614 -0.001811 0.540161 0.113743
-0.001809 -0.000469 0.113743 0.048241
16.050352 1.090734 19.448972 2.116527
0.524576 0.109438 -0.008380 -0.001298
0.109438 0.046992 -0.001300 -0.000339
-0.008380 -0.001300 0.523314 0.109248
-0.001298 -0.000339 0.109248 0.047006
16.480408 1.067074 20.838723 2.185328
0.516225 0.107201 -0.004674 -0.000522
0.107201 0.046389 -0.000525 -0.000166
-0.004674 -0.000525 0.514727 0.106984
-0.000522 -0.000166 0.106984 0.046391
17.073168 1.079335 21.919123 2.182829
0.507488 0.105139 -0.001806 0.000010
0.105139 0.045898 0.000007 -0.000059
-0.001806 0.000007 0.506047 0.104952
0.000010 -0.000059 0.104952 0.045900
17.204973 0.994803 22.900558 2.159793
0.498211 0.103180 -0.000512 0.000178
0.103180 0.045481 0.000175 -0.000033
-0.000512 0.000175 0.496589 0.102965
0.000178 -0.000033 0.102965 0.045471
17.948800 1.045614 23.191749 1.996104
0.489949 0.101614 0.001426 0.000482
0.101614 0.045181 0.000480 0.000024
0.001426 0.000480 0.488497 0.101442
0.000482 0.000024 0.101442 0.045174
18.431416 1.037258 24.205327 1.999331
0.485096 0.100878 0.001302 0.000348
0.100878 0.045070 0.000346 -0.000010
0.001302 0.000346 0.483859 0.100752
0.000348 -0.000010 0.100752 0.045067
19.357455 1.122239 25.092970 1.975935
0.482823 0.100710 -0.000871 -0.000182
0.100710 0.045073 -0.000183 -0.000119
-0.000871 -0.000183 0.482012 0.100667
-0.000182 -0.000119 0.100667 0.045082
20.660001 1.277317 26.065740 1.972733
0.481825 0.100779 -0.000074 -0.000028
0.100779 0.045113 -0.000029 -0.000074
-0.000074 -0.000029 0.481571 0.100839
-0.000028 -0.000074 0.100839 0.045136
21.413156 1.301324 26.994965 1.960736
0.480422 0.100713 0.001590 0.000302
0.100713 0.045108 0.000301 0.000004
0.001590 0.000301 0.480513 0.100822
0.000302 0.000004 0.100822 0.045135
22.417902 1.375651 28.250977 2.018613
0.477690 0.100333 0.002525 0.000455
0.100333 0.045029 0.000454 0.000040
0.002525 0.000454 0.478400 0.100546
0.000455 0.000040 0.100546 0.045071
22.638333 1.277270 29.339334 2.035376
0.475546 0.100075 0.001383 0.000167
0.100075 0.044973 0.000166 -0.000019
0.001383 0.000166 0.476814 0.100373
0.000167 -0.000019 0.100373 0.045028
22.913695 1.200602 30.640406 2.095220
0.473575 0.099840 0.002166 0.000321
0.099840 0.044919 0.000320 0.000023
0.002166 0.000320 0.475667 0.100274
0.000321 0.000023 0.100274 0.044997
23.807262 1.262744 31.049527 1.960360
0.473060 0.099898 0.000472 -0.000057
0.099898 0.044925 -0.000058 -0.000052
0.000472 -0.000058 0.474966 0.100249
-0.000057 -0.000052 0.100249 0.044980
24.543729 1.284873 32.354647 2.028979
0.474366 0.100301 0.000369 -0.000058
0.100301 0.044996 -0.000059 -0.000040
0.000369 -0.000059 0.477203 0.100818
-0.000058 -0.000040 0.100818 0.045084
24.902365 1.224784 33.558792 2.069123
0.471072 0.099664 -0.001429 -0.000415
0.099664 0.044837 -0.000417 -0.000105
-0.001429 -0.000417 0.475019 0.100376
-0.000415 -0.000105 0.100376 0.044963
25.585296 1.239769 34.222307 1.990673
0.472925 0.100156 -0.000066 -0.000073
0.100156 0.044929 -0.000074 -0.000019
-0.000066 -0.000074 0.476982 0.100837
-0.000073 -0.000019 0.100837 0.045044
26.753541 1.355935 35.214735 1.990009
0.474494 0.100518 -0.002120 -0.000490
0.100518 0.044982 -0.000492 -0.000103
-0.002120 -0.000492 0.479050 0.101263
-0.000490 -0.000103 0.101263 0.045109
27.534086 1.377659 36.110995 1.969151
0.470317 0.099614 -0.000403 -0.000073
0.099614 0.044762 -0.000073 -0.000004
-0.000403 -0.000073 0.475660 0.100488
-0.000073 -0.000004 0.100488 0.044916
27.968783 1.323793 36.936331 1.935494
0.469176 0.099432 0.000965 0.000225
0.099432 0.044715 0.000225 0.000058
0.000965 0.000225 0.475328 0.100433
0.000225 0.000058 0.100433 0.044895
28.554880 1.307720 37.622050 1.875895
0.470441 0.099763 0.000578 0.000122
0.099763 0.044779 0.000122 0.000030
0.000578 0.000122 0.476972 0.100795
0.000122 0.000030 0.100795 0.044964
28.941069 1.250944 38.677122 1.900646
0.470346 0.099760 -0.000914 -0.000204
0.099760 0.044765 -0.000205 -0.000041
-0.000914 -0.000205 0.478252 0.101039
-0.000204 -0.000041 0.101039 0.045002
29.556932 1.248907 39.689841 1.913821
0.470295 0.099759 -0.002553 -0.000528
0.099759 0.044751 -0.000530 -0.000106
-0.002553 -0.000530 0.479315 0.101215
-0.000528 -0.000106 0.101215 0.045024
30.449425 1.305750 40.531331 1.889498
0.469401 0.099572 -0.003064 -0.000586
0.099572 0.044700 -0.000588 -0.000111
-0.003064 -0.000588 0.479004 0.101088
-0.000586 -0.000111 0.101088 0.044982
31.546344 1.400094 42.062201 2.013242
0.465829 0.098829 -0.005786 -0.001112
0.098829 0.044535 -0.001117 -0.000216
-0.005786 -0.001117 0.477558 0.100739
-0.001112 -0.000216 0.100739 0.044900
32.213582 1.392928 42.600914 1.914528
0.469258 0.099637 -0.006414 -0.001152
0.099637 0.044714 -0.001157 -0.000211
-0.006414 -0.001157 0.480716 0.101400
-0.001152 -0.000211 0.101400 0.045040
33.093481 1.431891 43.584428 1.920171
0.468313 0.099428 -0.005727 -0.000926
0.099428 0.044657 -0.000928 -0.000155
-0.005727 -0.000928 0.480775 0.101346
-0.000926 -0.000155 0.101346 0.045018
33.530714 1.372834 44.722961 1.957574
0.473520 0.100539 -0.008695 -0.001500
0.100539 0.044886 -0.001505 -0.000276
-0.008695 -0.001505 0.487486 0.102706
-0.001500 -0.000276 0.102706 0.045298
34.533307 1.439503 45.251080 1.863060
0.473737 0.100484 -0.008782 -0.001425
0.100484 0.044849 -0.001430 -0.000253
-0.008782 -0.001430 0.487227 0.102478
-0.001425 -0.000253 0.102478 0.045224
35.357506 1.461478 46.025246 1.830108
0.473055 0.100252 -0.009825 -0.001574
0.100252 0.044782 -0.001579 -0.000282
-0.009825 -0.001579 0.487188 0.102340
-0.001574 -0.000282 0.102340 0.045182
35.551326 1.347286 46.555721 1.748753
0.472938 0.100174 -0.009720 -0.001480
0.100174 0.044757 -0.001483 -0.000260
-0.009720 -0.001483 0.487930 0.102401
-0.001480 -0.000260 0.102401 0.045191
36.507632 1.407380 47.616158 1.788137
0.472014 0.099939 -0.009508 -0.001387
0.099939 0.044705 -0.001387 -0.000244
-0.009508 -0.001387 0.488343 0.102403
-0.001387 -0.000244 0.102403 0.045191
