5.001311 2.962662 0.843641 -0.554583
2.441969 0.976809 -0.098093 -0.039238
0.976809 80.394799 -0.039238 -0.015696
-0.098093 -0.039238 2.482350 0.992961
-0.039238 -0.015696 0.992961 80.401260
8.392002 6.321418 2.417868 2.696918
2.230244 3.904173 -0.080429 -0.121597
3.904173 15.142177 -0.121436 -0.462159
-0.080429 -0.121436 2.282406 3.987522
-0.121597 -0.462159 3.987522 15.390719
9.635106 4.100571 2.156286 0.834898
2.007233 2.322083 -0.071142 -0.079331
2.322083 4.556734 -0.079285 -0.159511
-0.071142 -0.079285 2.066043 2.385824
-0.079331 -0.159511 2.385824 4.658158
6.704251 -0.090159 5.495535 3.287537
1.739656 1.463796 -0.057528 -0.048073
1.463796 1.921414 -0.048061 -0.066741
-0.057528 -0.048061 1.747744 1.467490
-0.048073 -0.066741 1.467490 1.935425
7.655140 0.566000 5.513581 2.216621
1.474673 0.970949 -0.047879 -0.031898
0.970949 0.968547 -0.031895 -0.033757
-0.047879 -0.031895 1.490184 0.981417
-0.031898 -0.033757 0.981417 0.982156
7.429687 0.290676 6.197299 1.986545
1.296754 0.702585 -0.027696 -0.015472
0.702585 0.565082 -0.015477 -0.015437
-0.027696 -0.015477 1.306759 0.708657
-0.015472 -0.015437 0.708657 0.572241
7.011924 0.030929 7.661317 2.204114
1.141417 0.525864 -0.038961 -0.018771
0.525864 0.357927 -0.018758 -0.013069
-0.038961 -0.018758 1.142927 0.527311
-0.018771 -0.013069 0.527311 0.360998
7.628244 0.272925 7.492449 1.692116
1.022351 0.410809 -0.043064 -0.017774
0.410809 0.244282 -0.017762 -0.009911
-0.043064 -0.017762 1.027379 0.413696
-0.017774 -0.009911 0.413696 0.247066
8.523979 0.544327 7.773960 1.489865
0.935436 0.334332 -0.027856 -0.010011
0.334332 0.177847 -0.010012 -0.005353
-0.027856 -0.010012 0.942535 0.337623
-0.010011 -0.005353 0.337623 0.180117
9.272886 0.698243 9.705710 1.873889
0.868159 0.280333 -0.016792 -0.005434
0.280333 0.136293 -0.005442 -0.003008
-0.016792 -0.005442 0.871013 0.281837
-0.005434 -0.003008 0.281837 0.137521
9.514071 0.666330 10.675581 1.883655
0.807006 0.238578 -0.012131 -0.003682
0.238578 0.108433 -0.003689 -0.002031
-0.012131 -0.003689 0.808000 0.239375
-0.003682 -0.002031 0.239375 0.109200
10.884098 0.950556 11.074089 1.734251
0.748719 0.205157 -0.007614 -0.002241
0.205157 0.089076 -0.002248 -0.001339
-0.007614 -0.002248 0.752103 0.206530
-0.002241 -0.001339 0.206530 0.089844
11.411084 0.963934 11.643314 1.657539
0.697243 0.179169 -0.006177 -0.001795
0.179169 0.075632 -0.001800 -0.001030
-0.006177 -0.001800 0.700084 0.180245
-0.001795 -0.001030 0.180245 0.076189
11.379520 0.838917 12.191273 1.589182
0.658378 0.160405 -0.003408 -0.001053
0.160405 0.066542 -0.001057 -0.000704
-0.003408 -0.001057 0.659843 0.161030
-0.001053 -0.000704 0.161030 0.066898
12.609978 1.028201 12.596809 1.498002
0.630631 0.147070 -0.002348 -0.000791
0.147070 0.060382 -0.000795 -0.000542
-0.002348 -0.000795 0.633439 0.147947
-0.000791 -0.000542 0.147947 0.060738
12.739188 0.941544 13.440033 1.519388
0.603709 0.135863 -0.002337 -0.000773
0.135863 0.055784 -0.000776 -0.000459
-0.002337 -0.000776 0.605119 0.136337
-0.000773 -0.000459 0.136337 0.055998
13.061340 0.908867 14.580267 1.602809
0.583287 0.127660 -0.008299 -0.002047
0.127660 0.052611 -0.002047 -0.000673
-0.008299 -0.002047 0.583487 0.127824
-0.002047 -0.000673 0.127824 0.052726
13.841303 0.978710 14.800799 1.478200
0.562479 0.120501 -0.007570 -0.001723
0.120501 0.050174 -0.001724 -0.000525
-0.007570 -0.001724 0.563249 0.120773
-0.001723 -0.000525 0.120773 0.050293
14.541037 1.023101 16.239135 1.625841
0.543563 0.114688 -0.005281 -0.001111
0.114688 0.048391 -0.001112 -0.000341
-0.005281 -0.001112 0.543490 0.114755
-0.001111 -0.000341 0.114755 0.048449
15.298547 1.074512 17.298210 1.677328
0.530907 0.110915 -0.004042 -0.000788
0.110915 0.047286 -0.000789 -0.000241
-0.004042 -0.000789 0.530623 0.110930
-0.000788 -0.000241 0.110930 0.047324
16.096893 1.128790 18.540104 1.761152
0.517471 0.107447 -0.002866 -0.000510
0.107447 0.046398 -0.000511 -0.000163
-0.002866 -0.000511 0.516944 0.107407
-0.000510 -0.000163 0.107407 0.046416
16.955460 1.189797 19.914292 1.863489
0.507802 0.105155 -0.003741 -0.000682
0.105155 0.045860 -0.000683 -0.000186
-0.003741 -0.000683 0.507142 0.105087
-0.000682 -0.000186 0.105087 0.045867
17.713905 1.223702 21.064504 1.908779
0.498391 0.103163 -0.000057 0.000108
0.103163 0.045443 0.000107 -0.000010
-0.000057 0.000107 0.497692 0.103086
0.000108 -0.000010 0.103086 0.045444
18.147246 1.186776 22.525281 2.013788
0.493795 0.102356 -0.000902 -0.000112
0.102356 0.045307 -0.000113 -0.000058
-0.000902 -0.000113 0.492956 0.102250
-0.000112 -0.000058 0.102250 0.045298
19.178001 1.277620 23.558123 2.019234
0.491682 0.102122 -0.001011 -0.000151
0.102122 0.045293 -0.000152 -0.000063
-0.001011 -0.000152 0.491125 0.102076
-0.000151 -0.000063 0.102076 0.045295
19.770103 1.267919 24.754854 2.058194
0.486582 0.101262 -0.002893 -0.000552
0.101262 0.045141 -0.000552 -0.000142
-0.002893 -0.000552 0.486190 0.101244
-0.000552 -0.000142 0.101244 0.045145
20.843792 1.359662 25.798175 2.061239
0.481433 0.100440 -0.004973 -0.000955
0.100440 0.045000 -0.000955 -0.000216
-0.004973 -0.000955 0.481375 0.100484
-0.000955 -0.000216 0.100484 0.045013
21.099145 1.270675 26.296746 1.949730
0.478581 0.100138 -0.000747 -0.000004
0.100138 0.044968 -0.000004 -0.000002
-0.000747 -0.000004 0.478454 0.100154
-0.000004 -0.000002 0.100154 0.044972
22.172727 1.362714 27.606467 2.020126
0.477934 0.100279 -0.000055 0.000112
0.100279 0.045018 0.000112 0.000017
-0.000055 0.000112 0.478363 0.100403
0.000112 0.000017 0.100403 0.045042
22.940537 1.380953 28.949711 2.090212
0.475400 0.099965 0.001102 0.000318
0.099965 0.044956 0.000318 0.000054
0.001102 0.000318 0.476474 0.100205
0.000318 0.000054 0.100205 0.045001
23.509962 1.355429 29.757425 2.040188
0.474273 0.099936 0.001516 0.000354
0.099936 0.044950 0.000355 0.000054
0.001516 0.000355 0.475600 0.100202
0.000354 0.000054 0.100202 0.044997
24.344789 1.388593 30.692930 2.022336
0.474539 0.100163 -0.003268 -0.000703
0.100163 0.044990 -0.000703 -0.000174
-0.003268 -0.000703 0.476241 0.100483
-0.000703 -0.000174 0.100483 0.045045
24.623581 1.300834 32.143583 2.115103
0.474480 0.100265 -0.001737 -0.000320
0.100265 0.044994 -0.000320 -0.000077
-0.001737 -0.000320 0.477357 0.100806
-0.000320 -0.000077 0.100806 0.045093
25.159862 1.276657 32.910067 2.053601
0.475256 0.100506 0.000866 0.000248
0.100506 0.045023 0.000249 0.000048
0.000866 0.000249 0.478400 0.101059
0.000248 0.000048 0.101059 0.045120
26.073677 1.334929 33.847545 2.034750
0.474454 0.100367 -0.000851 -0.000152
0.100367 0.044967 -0.000152 -0.000043
-0.000851 -0.000152 0.478086 0.100985
-0.000152 -0.000043 0.100985 0.045075
26.739565 1.334607 35.028441 2.069287
0.471066 0.099679 0.000542 0.000147
0.099679 0.044799 0.000147 0.000023
0.000542 0.000147 0.475801 0.100493
0.000147 0.000023 0.100493 0.044947
27.516732 1.357881 36.474289 2.156165
0.470049 0.099544 -0.001096 -0.000222
0.099544 0.044762 -0.000223 -0.000058
-0.001096 -0.000223 0.476228 0.100614
-0.000222 -0.000058 0.100614 0.044960
28.106393 1.338961 37.582542 2.162535
0.472181 0.100070 -0.000828 -0.000150
0.100070 0.044866 -0.000150 -0.000038
-0.000828 -0.000150 0.479252 0.101261
-0.000150 -0.000038 0.101261 0.045083
28.456567 1.271289 38.719795 2.174336
0.473451 0.100347 0.000100 0.000053
0.100347 0.044905 0.000054 0.000008
0.000100 0.000054 0.481751 0.101730
0.000053 0.000008 0.101730 0.045158
29.332103 1.322096 39.233997 2.053475
0.473658 0.100364 0.000933 0.000216
0.100364 0.044886 0.000218 0.000040
0.000933 0.000218 0.481601 0.101597
0.000216 0.000040 0.101597 0.045103
29.977582 1.318798 40.266260 2.054640
0.474016 0.100408 -0.000038 -0.000015
0.100408 0.044877 -0.000015 -0.000012
-0.000038 -0.000015 0.483038 0.101821
-0.000015 -0.000012 0.101821 0.045133
31.146246 1.426627 41.687085 2.137505
0.474594 0.100494 -0.003408 -0.000725
0.100494 0.044879 -0.000729 -0.000161
-0.003408 -0.000729 0.485104 0.102165
-0.000725 -0.000161 0.102165 0.045190
31.315898 1.311469 42.038733 1.986578
0.471254 0.099743 -0.007148 -0.001445
0.099743 0.044706 -0.001453 -0.000300
-0.007148 -0.001453 0.482054 0.101411
-0.001445 -0.000300 0.101411 0.045015
32.112286 1.341141 42.755838 1.928545
0.472086 0.099950 -0.007191 -0.001327
0.099950 0.044753 -0.001333 -0.000252
-0.007191 -0.001333 0.483198 0.101625
-0.001327 -0.000252 0.101625 0.045063
32.701107 1.323692 43.488979 1.879902
0.468036 0.099098 -0.007913 -0.001382
0.099098 0.044570 -0.001387 -0.000252
-0.007913 -0.001387 0.480200 0.100955
-0.001382 -0.000252 0.100955 0.044922
33.511646 1.355423 44.704602 1.937997
0.465955 0.098741 -0.009150 -0.001553
0.098741 0.044506 -0.001558 -0.000280
-0.009150 -0.001558 0.480011 0.100945
-0.001553 -0.000280 0.100945 0.044933
34.206920 1.359114 45.638371 1.930603
0.466539 0.098973 -0.008161 -0.001252
0.098973 0.044569 -0.001254 -0.000210
-0.008161 -0.001254 0.481634 0.101318
-0.001252 -0.000210 0.101318 0.045023
34.758893 1.332217 46.777533 1.967038
0.469760 0.099725 -0.009215 -0.001422
0.099725 0.044732 -0.001424 -0.000249
-0.009215 -0.001424 0.486446 0.102322
-0.001422 -0.000249 0.102322 0.045235
36.097046 1.474782 47.679838 1.950781
0.469137 0.099575 -0.012187 -0.001994
0.099575 0.044687 -0.002001 -0.000373
-0.012187 -0.002001 0.486051 0.102136
-0.001994 -0.000373 0.102136 0.045180
36.491826 1.400893 47.830892 1.777163
0.470186 0.099795 -0.012290 -0.001918
0.099795 0.044725 -0.001925 -0.000350
-0.012290 -0.001925 0.486328 0.102126
-0.001918 -0.000350 0.102126 0.045171
