2.713228 2.047409 2.157900 -0.028868
2.329660 0.931884 -0.649626 -0.259856
0.931884 80.376828 -0.259856 -0.103945
-0.649626 -0.259856 4.374767 1.749945
-0.259856 -0.103945 1.749945 80.704060
4.400993 3.174408 1.287454 -1.366973
3.487349 6.073287 -1.450533 -2.147367
6.073287 18.495266 -2.440396 -5.297006
-1.450533 -2.440396 2.289808 3.595954
-2.147367 -5.297006 3.595954 18.903161
2.642922 -0.492152 0.589809 -1.793763
3.444290 3.742216 -0.734547 -0.525421
3.742216 6.002044 -0.719054 -1.083056
-0.734547 -0.719054 1.957790 2.431850
-0.525421 -1.083056 2.431850 5.755495
2.748520 -0.217180 3.261730 1.525950
2.682497 2.082178 -1.206667 -0.980916
2.082178 2.387166 -0.936371 -1.018633
-1.206667 -0.936371 1.016687 0.879702
-0.980916 -1.018633 0.879702 1.665035
4.580511 0.978423 3.499962 1.285940
1.416774 0.861758 -0.790705 -0.522739
0.861758 0.913251 -0.457839 -0.434513
-0.790705 -0.457839 1.288098 1.013711
-0.522739 -0.434513 1.013711 1.176823
6.319378 1.647582 3.821237 1.159463
1.425292 0.753002 -0.697969 -0.360562
0.753002 0.620890 -0.332802 -0.248823
-0.697969 -0.332802 1.507820 0.938426
-0.360562 -0.248823 0.938426 0.772777
5.861277 1.081084 5.819038 1.845686
0.917366 0.422609 -0.252250 -0.095882
0.422609 0.334418 -0.089021 -0.082397
-0.252250 -0.089021 1.274346 0.650850
-0.095882 -0.082397 0.650850 0.442626
8.017517 1.759795 7.059846 2.006214
0.929132 0.385142 -0.285453 -0.109767
0.385142 0.253629 -0.105866 -0.074860
-0.285453 -0.105866 1.218292 0.521594
-0.109767 -0.074860 0.521594 0.296204
8.400417 1.574856 8.235594 2.068219
0.947073 0.352499 -0.315450 -0.113141
0.352499 0.198685 -0.111202 -0.063607
-0.315450 -0.111202 1.141680 0.421966
-0.113141 -0.063607 0.421966 0.209042
9.367208 1.633910 8.921203 1.954423
0.850869 0.285506 -0.313926 -0.102580
0.285506 0.147369 -0.101963 -0.050190
-0.313926 -0.101963 0.958310 0.312898
-0.102580 -0.050190 0.312898 0.143898
11.127555 1.924135 9.677040 1.888148
0.770233 0.236622 -0.263527 -0.078526
0.236622 0.114359 -0.077816 -0.035538
-0.263527 -0.077816 0.873404 0.257868
-0.078526 -0.035538 0.257868 0.111028
12.131024 1.935584 10.523580 1.861666
0.715978 0.203979 -0.232091 -0.063787
0.203979 0.093425 -0.063112 -0.026624
-0.232091 -0.063112 0.808315 0.219332
-0.063787 -0.026624 0.219332 0.090162
12.585294 1.800787 12.133466 2.033630
0.653253 0.174467 -0.193012 -0.049283
0.174467 0.077755 -0.048657 -0.019548
-0.193012 -0.048657 0.705673 0.178434
-0.049283 -0.019548 0.178434 0.073103
13.287759 1.751842 13.446250 2.104508
0.658187 0.166789 -0.162107 -0.038770
0.166789 0.070684 -0.037937 -0.014643
-0.162107 -0.037937 0.681000 0.163112
-0.038770 -0.014643 0.163112 0.065379
14.249894 1.772034 14.354134 2.071503
0.638359 0.154082 -0.137353 -0.030959
0.154082 0.063807 -0.030099 -0.011209
-0.137353 -0.030099 0.651637 0.149172
-0.030959 -0.011209 0.149172 0.059423
15.345609 1.819012 15.024992 1.991152
0.643205 0.148949 -0.125532 -0.026822
0.148949 0.059952 -0.025970 -0.009113
-0.125532 -0.025970 0.659387 0.145564
-0.026822 -0.009113 0.145564 0.056796
16.149743 1.795357 16.010916 1.988870
0.621687 0.138757 -0.108155 -0.021895
0.138757 0.055718 -0.021148 -0.007189
-0.108155 -0.021148 0.628161 0.134313
-0.021895 -0.007189 0.134313 0.053056
16.337775 1.643520 17.511560 2.092954
0.610015 0.132298 -0.076857 -0.014490
0.132298 0.053036 -0.013785 -0.004989
-0.076857 -0.013785 0.590572 0.123395
-0.014490 -0.004989 0.123395 0.049986
17.766821 1.773023 18.686872 2.121157
0.586503 0.124167 -0.074617 -0.013806
0.124167 0.050429 -0.013237 -0.004458
-0.074617 -0.013237 0.573004 0.117955
-0.013806 -0.004458 0.117955 0.048462
18.803193 1.802411 19.327289 2.035782
0.568511 0.118415 -0.051498 -0.008794
0.118415 0.048738 -0.008235 -0.003079
-0.051498 -0.008235 0.559131 0.114061
-0.008794 -0.003079 0.114061 0.047483
19.418495 1.742734 20.169346 1.999247
0.569415 0.117228 -0.053318 -0.009192
0.117228 0.048214 -0.008749 -0.002947
-0.053318 -0.008749 0.558025 0.113187
-0.009192 -0.002947 0.113187 0.047233
19.830635 1.649622 21.351486 2.034797
0.526213 0.107352 -0.039803 -0.006483
0.107352 0.046031 -0.006145 -0.002228
-0.039803 -0.006145 0.511748 0.103395
-0.006483 -0.002228 0.103395 0.045235
20.603994 1.640655 22.793363 2.120913
0.509098 0.103821 -0.032872 -0.005191
0.103821 0.045365 -0.004915 -0.001833
-0.032872 -0.004915 0.495895 0.100685
-0.005191 -0.001833 0.100685 0.044840
21.102538 1.574436 23.750445 2.098858
0.502808 0.102809 -0.037044 -0.006174
0.102809 0.045258 -0.005949 -0.001927
-0.037044 -0.005949 0.490667 0.100306
-0.006174 -0.001927 0.100306 0.044919
21.512826 1.495926 24.484669 2.032799
0.493361 0.101237 -0.036864 -0.006122
0.101237 0.045032 -0.005939 -0.001802
-0.036864 -0.005939 0.482345 0.099258
-0.006122 -0.001802 0.099258 0.044822
22.124257 1.465854 24.970207 1.922233
0.493163 0.101700 -0.030311 -0.004687
0.101700 0.045230 -0.004545 -0.001402
-0.030311 -0.004545 0.481653 0.099816
-0.004687 -0.001402 0.099816 0.045037
22.503242 1.392847 26.026601 1.940954
0.502949 0.104132 -0.023382 -0.003243
0.104132 0.045796 -0.003117 -0.001027
-0.023382 -0.003117 0.496684 0.103506
-0.003243 -0.001027 0.103506 0.045857
23.153287 1.382038 26.619780 1.862058
0.486964 0.100944 -0.015362 -0.001758
0.100944 0.045133 -0.001656 -0.000696
-0.015362 -0.001656 0.484774 0.101147
-0.001758 -0.000696 0.101147 0.045323
23.628135 1.338298 28.024265 1.960618
0.470328 0.097868 -0.011128 -0.001150
0.097868 0.044538 -0.001030 -0.000560
-0.011128 -0.001030 0.484969 0.101484
-0.001150 -0.000560 0.101484 0.045391
24.114129 1.300115 29.086029 1.977333
0.477290 0.099939 -0.007961 -0.000713
0.099939 0.045048 -0.000601 -0.000454
-0.007961 -0.000601 0.499323 0.104699
-0.000713 -0.000454 0.104699 0.046045
24.611994 1.269209 30.728461 2.114007
0.458326 0.096281 -0.007029 -0.000781
0.096281 0.044285 -0.000648 -0.000458
-0.007029 -0.000648 0.506934 0.106145
-0.000781 -0.000458 0.106145 0.046265
24.472887 1.105386 31.589610 2.072242
0.447699 0.094651 -0.000982 0.000294
0.094651 0.043996 0.000430 -0.000213
-0.000982 0.000430 0.507873 0.106062
0.000294 -0.000213 0.106062 0.046157
25.652249 1.238964 32.837458 2.116722
0.416198 0.088599 -0.016234 -0.003136
0.088599 0.042755 -0.003082 -0.000940
-0.016234 -0.003082 0.502230 0.104619
-0.003136 -0.000940 0.104619 0.045786
26.358224 1.257303 33.606902 2.056665
0.418561 0.090233 -0.021887 -0.004175
0.090233 0.043228 -0.004173 -0.001088
-0.021887 -0.004173 0.505060 0.105104
-0.004175 -0.001088 0.105104 0.045862
26.768960 1.208772 33.947872 1.913446
0.421886 0.091739 -0.030956 -0.005822
0.091739 0.043579 -0.005919 -0.001369
-0.030956 -0.005919 0.501571 0.104232
-0.005822 -0.001369 0.104232 0.045651
27.387245 1.211992 34.976432 1.928412
0.431090 0.094237 -0.039406 -0.007190
0.094237 0.044082 -0.007339 -0.001570
-0.039406 -0.007339 0.518422 0.107678
-0.007190 -0.001570 0.107678 0.046361
28.228579 1.264614 36.237860 1.990799
0.429033 0.093923 -0.042543 -0.007395
0.093923 0.043909 -0.007487 -0.001516
-0.042543 -0.007487 0.534976 0.110747
-0.007395 -0.001516 0.110747 0.046936
28.996672 1.293075 36.915937 1.925924
0.412642 0.090448 -0.039190 -0.006358
0.090448 0.043058 -0.006335 -0.001234
-0.039190 -0.006335 0.530776 0.109300
-0.006358 -0.001234 0.109300 0.046547
29.765120 1.320717 38.033178 1.958216
0.400590 0.088158 -0.044020 -0.007141
0.088158 0.042527 -0.007076 -0.001378
-0.044020 -0.007076 0.543462 0.111496
-0.007141 -0.001378 0.111496 0.046957
30.376605 1.305968 38.301978 1.812611
0.366319 0.081057 -0.048324 -0.007907
0.081057 0.040953 -0.007791 -0.001544
-0.048324 -0.007791 0.535037 0.109216
-0.007907 -0.001544 0.109216 0.046430
30.815031 1.256446 39.018520 1.772508
0.384845 0.086348 -0.049378 -0.007671
0.086348 0.042257 -0.007683 -0.001467
-0.049378 -0.007683 0.540406 0.110061
-0.007671 -0.001467 0.110061 0.046612
31.714143 1.316986 39.793845 1.751756
0.372008 0.083847 -0.049839 -0.007613
0.083847 0.041633 -0.007480 -0.001446
-0.049839 -0.007480 0.549806 0.111697
-0.007613 -0.001446 0.111697 0.046947
31.696693 1.159681 40.223315 1.656160
0.380670 0.086374 -0.049769 -0.007341
0.086374 0.042187 -0.007343 -0.001414
-0.049769 -0.007343 0.543411 0.110022
-0.007341 -0.001414 0.110022 0.046592
32.246252 1.151783 40.922495 1.629783
0.389697 0.088630 -0.047132 -0.006619
0.088630 0.042611 -0.006595 -0.001270
-0.047132 -0.006595 0.546760 0.110559
-0.006619 -0.001270 0.110559 0.046732
33.107049 1.216775 41.740573 1.632579
0.424837 0.096520 -0.046733 -0.006258
0.096520 0.044273 -0.006477 -0.001229
-0.046733 -0.006477 0.549016 0.110844
-0.006258 -0.001229 0.110844 0.046812
34.080786 1.303249 43.096571 1.744417
0.418680 0.094325 -0.027291 -0.002432
0.094325 0.043534 -0.002070 -0.000402
-0.027291 -0.002070 0.553562 0.111745
-0.002432 -0.000402 0.111745 0.047041
34.618883 1.279611 44.249259 1.800289
0.454838 0.101716 -0.037879 -0.004739
0.101716 0.045014 -0.004914 -0.001035
-0.037879 -0.004914 0.554139 0.111574
-0.004739 -0.001035 0.111574 0.046994
34.934619 1.209096 45.347771 1.838316
0.474445 0.104727 -0.042247 -0.005673
0.104727 0.045420 -0.006098 -0.001293
-0.042247 -0.006098 0.540528 0.108652
-0.005673 -0.001293 0.108652 0.046417
35.615792 1.225972 46.293386 1.844102
0.495454 0.107921 -0.035744 -0.004314
0.107921 0.045899 -0.004860 -0.001035
-0.035744 -0.004860 0.507606 0.102198
-0.004314 -0.001035 0.102198 0.045192
35.830039 1.140028 47.182483 1.835193
0.515410 0.110602 -0.047987 -0.006888
0.110602 0.046258 -0.007669 -0.001620
-0.047987 -0.007669 0.491708 0.099630
-0.006888 -0.001620 0.099630 0.044815
