3.314756 2.288025 -0.640964 -1.148438
2.475088 0.990056 -0.076534 -0.030614
0.990056 80.400098 -0.030614 -0.012246
-0.076534 -0.030614 2.493076 0.997252
-0.030614 -0.012246 0.997252 80.402976
4.913225 3.075135 -2.315125 -3.066400
2.207220 3.857988 -0.027298 -0.033087
3.857988 15.147284 -0.032852 -0.252182
-0.027298 -0.032852 2.249199 3.927873
-0.033087 -0.252182 3.927873 15.315119
5.718226 2.216119 1.803302 3.478961
1.977706 2.295042 -0.082716 -0.099069
2.295042 4.548728 -0.099134 -0.167726
-0.082716 -0.099134 1.989312 2.303606
-0.099069 -0.167726 2.303606 4.570941
6.851904 2.236189 2.125120 2.281823
1.707520 1.442521 -0.061914 -0.050385
1.442521 1.911086 -0.050392 -0.059224
-0.061914 -0.050392 1.724690 1.456373
-0.050385 -0.059224 1.456373 1.929572
6.498799 1.263326 3.343496 2.331401
1.459071 0.964876 -0.045284 -0.028314
0.964876 0.967507 -0.028320 -0.026650
-0.045284 -0.028320 1.470134 0.972001
-0.028314 -0.026650 0.972001 0.975621
9.420985 2.509333 5.028150 2.615383
1.278519 0.695241 -0.048314 -0.025311
0.695241 0.562136 -0.025311 -0.018337
-0.048314 -0.025311 1.291261 0.702261
-0.025311 -0.018337 0.702261 0.567933
8.865817 1.673550 7.475869 3.141034
1.128385 0.521629 -0.022961 -0.009719
0.521629 0.356381 -0.009726 -0.007254
-0.022961 -0.009726 1.133106 0.523871
-0.009719 -0.007254 0.523871 0.358606
8.646629 1.247764 8.405023 2.882085
1.018512 0.410484 -0.021246 -0.008237
0.410484 0.244268 -0.008241 -0.005287
-0.021246 -0.008241 1.020942 0.411652
-0.008237 -0.005287 0.411652 0.245557
9.866765 1.461202 8.530072 2.410418
0.937131 0.335666 -0.019863 -0.007018
0.335666 0.178275 -0.007020 -0.003924
-0.019863 -0.007020 0.941319 0.337424
-0.007018 -0.003924 0.337424 0.179490
11.144023 1.637946 9.919337 2.469988
0.869158 0.281008 -0.022852 -0.007370
0.281008 0.136380 -0.007371 -0.003406
-0.022852 -0.007371 0.872737 0.282393
-0.007370 -0.003406 0.282393 0.137240
12.252415 1.723514 10.666838 2.325693
0.797797 0.236003 -0.016920 -0.004924
0.236003 0.107525 -0.004925 -0.002190
-0.016920 -0.004925 0.801352 0.237245
-0.004924 -0.002190 0.237245 0.108189
12.727107 1.617317 11.477259 2.228920
0.740746 0.203156 -0.014582 -0.003914
0.203156 0.088429 -0.003915 -0.001623
-0.014582 -0.003915 0.743572 0.204079
-0.003914 -0.001623 0.204079 0.088897
14.114330 1.766153 12.548364 2.217843
0.695873 0.179019 -0.010454 -0.002590
0.179019 0.075524 -0.002591 -0.001083
-0.010454 -0.002591 0.698620 0.179843
-0.002590 -0.001083 0.179843 0.075894
14.704232 1.694670 13.678151 2.222895
0.657805 0.160394 -0.004716 -0.001065
0.160394 0.066470 -0.001066 -0.000587
-0.004716 -0.001066 0.659834 0.160974
-0.001065 -0.000587 0.160974 0.066728
14.761706 1.510341 13.511275 1.924479
0.625286 0.145894 -0.003066 -0.000696
0.145894 0.060041 -0.000698 -0.000434
-0.003066 -0.000698 0.627263 0.146418
-0.000696 -0.000434 0.146418 0.060251
15.171992 1.432680 14.181062 1.858609
0.596491 0.134345 -0.005364 -0.001240
0.134345 0.055397 -0.001240 -0.000505
-0.005364 -0.001240 0.598108 0.134751
-0.001240 -0.000505 0.134751 0.055553
16.269819 1.516291 14.853933 1.802391
0.572172 0.125395 -0.004813 -0.001068
0.125395 0.052091 -0.001068 -0.000411
-0.004813 -0.001068 0.573820 0.125781
-0.001068 -0.000411 0.125781 0.052225
16.525156 1.408311 15.735540 1.798175
0.551009 0.118331 -0.001116 -0.000230
0.118331 0.049712 -0.000231 -0.000188
-0.001116 -0.000231 0.552191 0.118591
-0.000230 -0.000188 0.118591 0.049804
17.536282 1.473295 16.858455 1.845551
0.535742 0.113431 -0.002520 -0.000556
0.113431 0.048148 -0.000557 -0.000235
-0.002520 -0.000557 0.536718 0.113635
-0.000556 -0.000235 0.113635 0.048218
17.294794 1.268171 17.489904 1.784485
0.523204 0.109725 -0.002341 -0.000504
0.109725 0.047060 -0.000504 -0.000199
-0.002341 -0.000504 0.523793 0.109839
-0.000504 -0.000199 0.109839 0.047104
17.832810 1.248140 19.045085 1.922694
0.512635 0.106884 0.000422 0.000088
0.106884 0.046301 0.000088 -0.000055
0.000422 0.000088 0.512841 0.106917
0.000088 -0.000055 0.106917 0.046324
18.260455 1.207304 20.022227 1.925990
0.502738 0.104514 -0.001962 -0.000442
0.104514 0.045735 -0.000442 -0.000157
-0.001962 -0.000442 0.502766 0.104515
-0.000442 -0.000157 0.104515 0.045750
18.682635 1.169588 21.557905 2.044982
0.496218 0.103100 -0.002182 -0.000464
0.103100 0.045431 -0.000464 -0.000145
-0.002182 -0.000464 0.496067 0.103070
-0.000464 -0.000145 0.103070 0.045437
19.156957 1.146636 23.125723 2.158378
0.491801 0.102261 -0.002117 -0.000423
0.102261 0.045273 -0.000423 -0.000122
-0.002117 -0.000423 0.491599 0.102227
-0.000423 -0.000122 0.102227 0.045278
19.183373 1.032775 24.475566 2.214699
0.487583 0.101531 -0.001469 -0.000265
0.101531 0.045147 -0.000265 -0.000079
-0.001469 -0.000265 0.487333 0.101493
-0.000265 -0.000079 0.101493 0.045150
19.672025 1.026991 25.603295 2.218949
0.485180 0.101228 -0.002201 -0.000409
0.101228 0.045113 -0.000409 -0.000103
-0.002201 -0.000409 0.485002 0.101210
-0.000409 -0.000103 0.101210 0.045119
20.236112 1.037579 26.795776 2.236313
0.482344 0.100835 -0.002620 -0.000475
0.100835 0.045054 -0.000475 -0.000110
-0.002620 -0.000475 0.482325 0.100851
-0.000475 -0.000110 0.100851 0.045066
20.706425 1.027273 27.188373 2.084284
0.477916 0.100115 -0.001767 -0.000270
0.100115 0.044923 -0.000270 -0.000061
-0.001767 -0.000270 0.477833 0.100115
-0.000270 -0.000061 0.100115 0.044928
21.523770 1.091090 28.417306 2.123582
0.479393 0.100668 -0.000888 -0.000080
0.100668 0.045060 -0.000080 -0.000019
-0.000888 -0.000080 0.479609 0.100729
-0.000080 -0.000019 0.100729 0.045077
22.379203 1.156206 29.189295 2.062689
0.478924 0.100721 -0.000788 -0.000073
0.100721 0.045070 -0.000073 -0.000020
-0.000788 -0.000073 0.479280 0.100805
-0.000073 -0.000020 0.100805 0.045089
23.012153 1.167696 29.877049 1.990354
0.478854 0.100824 0.000072 0.000095
0.100824 0.045083 0.000095 0.000013
0.000072 0.000095 0.479329 0.100924
0.000095 0.000013 0.100924 0.045105
22.896840 1.020427 31.427493 2.107274
0.477203 0.100559 -0.000501 -0.000052
0.100559 0.045014 -0.000052 -0.000022
-0.000501 -0.000052 0.478352 0.100791
-0.000052 -0.000022 0.100791 0.045061
22.995153 0.933525 32.165616 2.040711
0.477300 0.100666 -0.000945 -0.000155
0.100666 0.045026 -0.000155 -0.000043
-0.000945 -0.000155 0.478626 0.100915
-0.000155 -0.000043 0.100915 0.045073
24.038920 1.055253 32.828127 1.965291
0.476797 0.100617 0.000772 0.000209
0.100617 0.045001 0.000210 0.000036
0.000772 0.000210 0.478246 0.100872
0.000209 0.000036 0.100872 0.045047
24.515230 1.044426 34.030168 2.011577
0.477784 0.100870 0.001632 0.000359
0.100870 0.045040 0.000359 0.000063
0.001632 0.000359 0.479794 0.101227
0.000359 0.000063 0.101227 0.045106
25.331907 1.106633 34.404074 1.878268
0.478428 0.101014 -0.000074 -0.000042
0.101014 0.045052 -0.000042 -0.000027
-0.000074 -0.000042 0.480328 0.101323
-0.000042 -0.000027 0.101323 0.045105
25.888207 1.107250 35.603752 1.933212
0.476338 0.100558 -0.001324 -0.000303
0.100558 0.044937 -0.000304 -0.000078
-0.001324 -0.000304 0.478959 0.101004
-0.000303 -0.000078 0.101004 0.045019
27.146011 1.255939 36.098046 1.833617
0.477301 0.100786 0.000741 0.000160
0.100786 0.044976 0.000160 0.000028
0.000741 0.000160 0.479797 0.101179
0.000160 0.000028 0.101179 0.045045
27.889364 1.280295 37.243517 1.881824
0.476031 0.100513 0.000567 0.000106
0.100513 0.044906 0.000106 0.000014
0.000567 0.000106 0.479221 0.101036
0.000106 0.000014 0.101036 0.045003
28.259268 1.223224 38.185964 1.882161
0.476332 0.100594 -0.000037 -0.000032
0.100594 0.044918 -0.000032 -0.000015
-0.000037 -0.000032 0.480121 0.101218
-0.000032 -0.000015 0.101218 0.045034
28.700937 1.187325 39.325253 1.923943
0.473080 0.099912 -0.001833 -0.000406
0.099912 0.044767 -0.000407 -0.000092
-0.001833 -0.000407 0.477752 0.100692
-0.000406 -0.000092 0.100692 0.044914
29.732861 1.279946 40.336923 1.934439
0.471977 0.099744 -0.002607 -0.000529
0.099744 0.044737 -0.000530 -0.000109
-0.002607 -0.000530 0.477093 0.100578
-0.000529 -0.000109 0.100578 0.044892
30.841117 1.378999 41.436517 1.962421
0.471407 0.099694 -0.002865 -0.000537
0.099694 0.044731 -0.000538 -0.000103
-0.002865 -0.000538 0.477021 0.100594
-0.000537 -0.000103 0.100594 0.044899
31.474334 1.367023 42.132456 1.902234
0.472658 0.100023 -0.004048 -0.000744
0.100023 0.044803 -0.000746 -0.000141
-0.004048 -0.000746 0.478471 0.100925
-0.000744 -0.000141 0.100925 0.044969
32.180731 1.372027 43.545791 1.999730
0.473396 0.100200 -0.005135 -0.000918
0.100200 0.044834 -0.000920 -0.000171
-0.005135 -0.000920 0.480329 0.101306
-0.000918 -0.000171 0.101306 0.045044
33.022521 1.404939 44.420280 1.973374
0.471897 0.099881 -0.004265 -0.000672
0.099881 0.044758 -0.000672 -0.000112
-0.004265 -0.000672 0.479232 0.101029
-0.000672 -0.000112 0.101029 0.044974
33.916530 1.445534 45.484631 1.989849
0.472747 0.100086 -0.005018 -0.000800
0.100086 0.044798 -0.000801 -0.000140
-0.005018 -0.000801 0.480642 0.101310
-0.000800 -0.000140 0.101310 0.045030
34.518234 1.419818 46.342596 1.960916
0.472884 0.100115 -0.004936 -0.000746
0.100115 0.044798 -0.000746 -0.000129
-0.004936 -0.000746 0.481292 0.101406
-0.000746 -0.000129 0.101406 0.045043
35.101613 1.393057 47.363887 1.969431
0.473027 0.100139 -0.007076 -0.001172
0.100139 0.044796 -0.001174 -0.000221
-0.007076 -0.001174 0.482240 0.101560
-0.001172 -0.000221 0.101560 0.045068
36.173742 1.472746 48.571003 2.016545
0.471459 0.099798 -0.007412 -0.001185
0.099798 0.044718 -0.001186 -0.000220
-0.007412 -0.001186 0.481483 0.101347
-0.001185 -0.000220 0.101347 0.045017
