4.993440 2.959514 3.857894 0.651144
2.483127 0.993272 -0.055819 -0.022328
0.993272 80.401384 -0.022328 -0.008931
-0.055819 -0.022328 2.492028 0.996833
-0.022328 -0.008931 0.996833 80.402808
5.783617 1.751329 3.497478 -0.550257
2.210734 3.862435 -0.063811 -0.100795
3.862435 15.175688 -0.100789 -0.318025
-0.063811 -0.100789 2.222104 3.880595
-0.100795 -0.318025 3.880595 15.230048
4.765346 -0.445252 3.853869 0.177888
2.004286 2.326064 -0.036266 -0.037323
2.326064 4.590312 -0.037328 -0.081559
-0.036266 -0.037328 2.007698 2.329071
-0.037323 -0.081559 2.329071 4.599894
6.289151 1.028379 4.109342 0.318796
1.695530 1.430640 -0.025600 -0.021230
1.430640 1.902139 -0.021231 -0.034265
-0.025600 -0.021231 1.704283 1.438138
-0.021230 -0.034265 1.438138 1.911257
7.595074 1.551990 4.583246 0.526458
1.466921 0.970436 -0.031506 -0.021540
0.970436 0.972695 -0.021542 -0.022464
-0.031506 -0.021542 1.476226 0.976509
-0.021540 -0.022464 0.976509 0.977935
7.795977 1.238838 6.062240 1.187659
1.288909 0.700971 -0.021719 -0.012230
0.700971 0.565966 -0.012229 -0.011046
-0.021719 -0.012229 1.292823 0.702916
-0.012230 -0.011046 0.702916 0.567643
8.909695 1.467159 6.972310 1.333607
1.153545 0.533103 -0.003059 -0.001841
0.533103 0.362025 -0.001840 -0.003526
-0.003059 -0.001840 1.157481 0.534859
-0.001841 -0.003526 0.534859 0.363252
9.951342 1.591472 7.170161 1.144673
1.041659 0.419210 -0.009596 -0.004610
0.419210 0.247841 -0.004611 -0.003718
-0.009596 -0.004611 1.046757 0.421235
-0.004610 -0.003718 0.421235 0.248938
11.049833 1.700109 7.106873 0.917335
0.946463 0.338248 -0.009104 -0.003912
0.338248 0.179173 -0.003914 -0.002662
-0.009104 -0.003914 0.952794 0.340467
-0.003912 -0.002662 0.340467 0.180152
11.536374 1.582333 8.363834 1.175041
0.869660 0.280587 -0.009011 -0.003449
0.280587 0.136261 -0.003449 -0.001990
-0.009011 -0.003449 0.873796 0.281837
-0.003449 -0.001990 0.281837 0.136785
11.912841 1.459079 10.409111 1.605724
0.802863 0.237168 -0.015161 -0.004896
0.237168 0.107941 -0.004895 -0.002064
-0.015161 -0.004895 0.804278 0.237506
-0.004896 -0.002064 0.237506 0.108129
12.606909 1.449290 11.478580 1.678745
0.749525 0.205307 -0.011720 -0.003416
0.205307 0.089088 -0.003415 -0.001352
-0.011720 -0.003415 0.750525 0.205538
-0.003416 -0.001352 0.205538 0.089226
12.494963 1.234415 12.125536 1.629424
0.704265 0.180908 -0.008800 -0.002345
0.180908 0.076057 -0.002344 -0.000895
-0.008800 -0.002344 0.704649 0.180989
-0.002345 -0.000895 0.180989 0.076140
13.449855 1.316615 12.724832 1.576980
0.661950 0.161123 -0.006526 -0.001607
0.161123 0.066681 -0.001607 -0.000605
-0.006526 -0.001607 0.662703 0.161309
-0.001607 -0.000605 0.161309 0.066779
13.989973 1.289057 12.441160 1.327205
0.631706 0.147154 -0.009168 -0.002120
0.147154 0.060369 -0.002120 -0.000655
-0.009168 -0.002120 0.633069 0.147480
-0.002120 -0.000655 0.147480 0.060488
14.122795 1.174115 13.732479 1.468246
0.603861 0.135760 -0.005167 -0.001065
0.135760 0.055740 -0.001065 -0.000351
-0.005167 -0.001065 0.604316 0.135861
-0.001065 -0.000351 0.135861 0.055795
15.023418 1.242710 14.592618 1.495863
0.579624 0.126753 -0.003651 -0.000690
0.126753 0.052403 -0.000690 -0.000238
-0.003651 -0.000690 0.580104 0.126862
-0.000690 -0.000238 0.126862 0.052453
15.785390 1.272871 15.555154 1.541860
0.556359 0.119175 -0.002700 -0.000475
0.119175 0.049899 -0.000475 -0.000173
-0.002700 -0.000475 0.556714 0.119254
-0.000475 -0.000173 0.119254 0.049938
16.392153 1.266616 16.395257 1.556463
0.539406 0.113906 -0.000953 -0.000109
0.113906 0.048254 -0.000109 -0.000083
-0.000953 -0.000109 0.539644 0.113961
-0.000109 -0.000083 0.113961 0.048283
16.750678 1.209223 17.966578 1.722353
0.522228 0.109250 -0.001637 -0.000282
0.109250 0.046971 -0.000283 -0.000114
-0.001637 -0.000283 0.522002 0.109207
-0.000282 -0.000114 0.109207 0.046977
17.948920 1.332789 18.740536 1.704255
0.513744 0.106945 -0.001819 -0.000326
0.106945 0.046342 -0.000326 -0.000114
-0.001819 -0.000326 0.513718 0.106953
-0.000326 -0.000114 0.106953 0.046357
18.599929 1.329626 19.878364 1.763582
0.504907 0.104835 0.000025 0.000060
0.104835 0.045833 0.000060 -0.000025
0.000025 0.000060 0.504793 0.104825
0.000060 -0.000025 0.104825 0.045842
19.054313 1.285955 20.723876 1.756041
0.497923 0.103332 -0.001195 -0.000223
0.103332 0.045506 -0.000223 -0.000082
-0.001195 -0.000223 0.497755 0.103313
-0.000223 -0.000082 0.103313 0.045511
19.611896 1.268212 21.501682 1.735218
0.492121 0.102217 -0.001480 -0.000280
0.102217 0.045289 -0.000280 -0.000087
-0.001480 -0.000280 0.491946 0.102199
-0.000280 -0.000087 0.102199 0.045293
19.843279 1.184424 22.505295 1.763491
0.489278 0.101809 0.000174 0.000075
0.101809 0.045232 0.000075 -0.000006
0.000174 0.000075 0.489061 0.101782
0.000075 -0.000006 0.101782 0.045233
20.308499 1.157957 23.626636 1.813448
0.487280 0.101589 -0.001303 -0.000255
0.101589 0.045211 -0.000255 -0.000075
-0.001303 -0.000255 0.487097 0.101571
-0.000255 -0.000075 0.101571 0.045212
20.134564 1.000731 25.099136 1.931598
0.483469 0.100982 0.000253 0.000082
0.100982 0.045101 0.000082 0.000002
0.000253 0.000082 0.483345 0.100975
0.000082 0.000002 0.100975 0.045104
20.553522 0.983699 26.415885 2.005069
0.481497 0.100785 0.001150 0.000251
0.100785 0.045078 0.000251 0.000037
0.001150 0.000251 0.481540 0.100812
0.000251 0.000037 0.100812 0.045087
21.697159 1.120396 27.512997 2.024878
0.478550 0.100367 0.001801 0.000357
0.100367 0.045001 0.000357 0.000056
0.001801 0.000357 0.478827 0.100438
0.000357 0.000056 0.100438 0.045018
22.441668 1.159125 28.569654 2.034149
0.478904 0.100647 0.001368 0.000229
0.100647 0.045069 0.000229 0.000026
0.001368 0.000229 0.479366 0.100749
0.000229 0.000026 0.100749 0.045089
23.340918 1.226378 29.768720 2.072397
0.477523 0.100500 0.000525 0.000034
0.100500 0.045032 0.000034 -0.000014
0.000525 0.000034 0.478274 0.100651
0.000034 -0.000014 0.100651 0.045061
23.474766 1.125381 30.715916 2.053719
0.476590 0.100431 0.002229 0.000396
0.100431 0.045009 0.000396 0.000068
0.002229 0.000396 0.477593 0.100621
0.000396 0.000068 0.100621 0.045045
24.196265 1.158862 31.832706 2.072649
0.478397 0.100919 0.002072 0.000334
0.100919 0.045101 0.000334 0.000052
0.002072 0.000334 0.479699 0.101157
0.000334 0.000052 0.101157 0.045145
24.278603 1.054001 32.713046 2.039876
0.475783 0.100404 0.002755 0.000460
0.100404 0.044970 0.000460 0.000080
0.002755 0.000460 0.477416 0.100694
0.000460 0.000080 0.100694 0.045023
25.039751 1.103366 33.994744 2.095040
0.477373 0.100810 0.000451 -0.000053
0.100810 0.045044 -0.000054 -0.000030
0.000451 -0.000054 0.479493 0.101183
-0.000053 -0.000030 0.101183 0.045112
26.242384 1.240778 35.325976 2.154736
0.476499 0.100639 0.001881 0.000275
0.100639 0.044987 0.000275 0.000049
0.001881 0.000275 0.479138 0.101096
0.000275 0.000049 0.101096 0.045070
26.835801 1.234984 36.761895 2.230390
0.477883 0.100951 -0.000064 -0.000142
0.100951 0.045037 -0.000142 -0.000038
-0.000064 -0.000142 0.481256 0.101535
-0.000142 -0.000038 0.101535 0.045145
27.589602 1.263889 37.284560 2.105420
0.475522 0.100434 -0.001391 -0.000386
0.100434 0.044908 -0.000387 -0.000081
-0.001391 -0.000387 0.478839 0.100970
-0.000386 -0.000081 0.100970 0.045003
28.663734 1.357301 38.411948 2.121132
0.472866 0.099899 -0.001914 -0.000442
0.099899 0.044787 -0.000443 -0.000082
-0.001914 -0.000443 0.476694 0.100518
-0.000442 -0.000082 0.100518 0.044899
29.471303 1.384544 39.111071 2.044890
0.472525 0.099896 -0.001023 -0.000201
0.099896 0.044788 -0.000201 -0.000023
-0.001023 -0.000201 0.476476 0.100512
-0.000201 -0.000023 0.100512 0.044898
29.310915 1.204187 40.189545 2.056645
0.470297 0.099481 -0.001879 -0.000359
0.099481 0.044699 -0.000360 -0.000056
-0.001879 -0.000360 0.475339 0.100305
-0.000359 -0.000056 0.100305 0.044854
29.251329 1.064179 41.713507 2.161180
0.470424 0.099592 -0.002509 -0.000458
0.099592 0.044726 -0.000459 -0.000075
-0.002509 -0.000459 0.476924 0.100685
-0.000458 -0.000075 0.100685 0.044935
30.454994 1.206390 42.571243 2.114288
0.473585 0.100321 -0.003234 -0.000573
0.100321 0.044878 -0.000574 -0.000097
-0.003234 -0.000574 0.480040 0.101344
-0.000573 -0.000097 0.101344 0.045067
31.089222 1.212906 43.449175 2.076486
0.471463 0.099850 -0.001244 -0.000112
0.099850 0.044762 -0.000111 0.000004
-0.001244 -0.000111 0.478446 0.100945
-0.000112 0.000004 0.100945 0.044965
32.115041 1.301695 44.334278 2.044309
0.472046 0.099994 -0.002053 -0.000291
0.099994 0.044786 -0.000291 -0.000042
-0.002053 -0.000291 0.479277 0.101100
-0.000291 -0.000042 0.101100 0.044992
33.036221 1.358835 44.957761 1.960325
0.471935 0.099971 -0.004236 -0.000744
0.099971 0.044773 -0.000746 -0.000141
-0.004236 -0.000746 0.479188 0.101047
-0.000744 -0.000141 0.101047 0.044973
33.910971 1.400323 46.202120 2.016105
0.472126 0.100011 -0.004705 -0.000795
0.100011 0.044774 -0.000797 -0.000147
-0.004705 -0.000797 0.480354 0.101268
-0.000795 -0.000147 0.101268 0.045015
34.395079 1.354370 46.841892 1.938384
0.470798 0.099723 -0.004796 -0.000770
0.099723 0.044707 -0.000771 -0.000138
-0.004796 -0.000771 0.479453 0.101036
-0.000770 -0.000138 0.101036 0.044960
34.590989 1.252251 47.548793 1.882835
0.471039 0.099794 -0.004570 -0.000687
0.099794 0.044721 -0.000687 -0.000120
-0.004570 -0.000687 0.480391 0.101219
-0.000687 -0.000120 0.101219 0.044998
35.580798 1.329266 48.420891 1.868463
0.473007 0.100219 -0.005541 -0.000869
0.100219 0.044808 -0.000870 -0.000160
-0.005541 -0.000870 0.482639 0.101663
-0.000869 -0.000160 0.101663 0.045089
