2.397127 1.920966 2.977066 0.298805
2.292224 0.916910 -0.530301 -0.212125
0.916910 80.370838 -0.212125 -0.084852
-0.530301 -0.212125 4.022041 1.608851
-0.212125 -0.084852 1.608851 80.647621
4.882377 4.427253 -1.247001 -6.752310
2.946545 5.155049 -1.097923 -1.661431
5.155049 16.850265 -1.785442 -4.099712
-1.097923 -1.785442 3.602811 5.815328
-1.661431 -4.099712 5.815328 21.827022
3.105499 0.117644 -0.303008 -2.049495
2.624774 2.930095 0.367075 0.560502
2.930095 5.135756 0.418758 0.166213
0.367075 0.418758 0.353416 0.422373
0.560502 0.166213 0.422373 3.493917
7.275467 3.185321 0.866071 0.589813
1.832660 1.558585 -0.350003 -0.632021
1.558585 2.022466 -0.365004 -0.680349
-0.350003 -0.365004 0.534864 0.758106
-0.632021 -0.680349 0.758106 1.683382
7.478981 2.241469 2.720064 2.048889
0.949590 0.617852 0.126957 0.112083
0.617852 0.732899 0.067612 0.050878
0.126957 0.067612 0.670908 0.623282
0.112083 0.050878 0.623282 0.771988
7.131484 1.423051 3.231859 1.715539
0.800241 0.449684 0.133568 0.082374
0.449684 0.435601 0.050978 0.027973
0.133568 0.050978 0.993636 0.675186
0.082374 0.027973 0.675186 0.549229
8.006980 1.499610 4.311950 1.831259
0.770144 0.380121 0.058990 0.023773
0.380121 0.298921 0.005880 -0.000443
0.058990 0.005880 1.119344 0.589937
0.023773 -0.000443 0.589937 0.364419
8.738109 1.481998 5.877582 2.110718
0.842678 0.366542 -0.052223 -0.028029
0.366542 0.233263 -0.039167 -0.018618
-0.052223 -0.039167 1.128181 0.485176
-0.028029 -0.018618 0.485176 0.245900
9.407708 1.454176 7.003191 2.136509
0.862114 0.330148 -0.154669 -0.059253
0.330148 0.179579 -0.068288 -0.025280
-0.154669 -0.068288 1.114371 0.405686
-0.059253 -0.025280 0.405686 0.176923
9.544692 1.254217 7.878686 2.075855
0.854242 0.290873 -0.205215 -0.065474
0.290873 0.140274 -0.072794 -0.022626
-0.205215 -0.072794 1.051740 0.333022
-0.065474 -0.022626 0.333022 0.130523
10.120420 1.238021 8.607872 1.988641
0.849509 0.260629 -0.229732 -0.063225
0.260629 0.114077 -0.069224 -0.018618
-0.229732 -0.069224 1.000711 0.281936
-0.063225 -0.018618 0.281936 0.102367
11.598263 1.478167 9.308070 1.916652
0.781045 0.218643 -0.213394 -0.051599
0.218643 0.090985 -0.055782 -0.013185
-0.213394 -0.055782 0.921528 0.235449
-0.051599 -0.013185 0.235449 0.082085
12.387140 1.494307 10.711319 2.022440
0.726274 0.188553 -0.175459 -0.037401
0.188553 0.076064 -0.040105 -0.008349
-0.175459 -0.040105 0.817213 0.192762
-0.037401 -0.008349 0.192762 0.067055
13.106941 1.489113 11.899231 2.061652
0.704796 0.171882 -0.162495 -0.031212
0.171882 0.067401 -0.033348 -0.006310
-0.162495 -0.033348 0.762130 0.168815
-0.031212 -0.006310 0.168815 0.059032
14.530275 1.643983 12.560517 1.988676
0.645065 0.149332 -0.133303 -0.023016
0.149332 0.059095 -0.024135 -0.004155
-0.133303 -0.024135 0.707684 0.149396
-0.023016 -0.004155 0.149396 0.053453
15.242514 1.617248 13.358261 1.947318
0.607175 0.135031 -0.124291 -0.020022
0.135031 0.054024 -0.020906 -0.003474
-0.124291 -0.020906 0.659522 0.134286
-0.020022 -0.003474 0.134286 0.049653
15.865977 1.580844 14.684426 2.016200
0.559510 0.120816 -0.109094 -0.016369
0.120816 0.049820 -0.017105 -0.002782
-0.109094 -0.017105 0.591736 0.117617
-0.016369 -0.002782 0.117617 0.046132
16.692378 1.593840 16.135819 2.104637
0.552511 0.117411 -0.078722 -0.009761
0.117411 0.048587 -0.010118 -0.001432
-0.078722 -0.010118 0.565293 0.111451
-0.009761 -0.001432 0.111451 0.045162
17.111585 1.513338 17.117373 2.086687
0.526707 0.110262 -0.074172 -0.009168
0.110262 0.046705 -0.009557 -0.001521
-0.074172 -0.009557 0.527711 0.103635
-0.009168 -0.001521 0.103635 0.043914
17.427499 1.425292 18.531526 2.155787
0.512363 0.106445 -0.067643 -0.008116
0.106445 0.045778 -0.008546 -0.001464
-0.067643 -0.008546 0.497749 0.098200
-0.008116 -0.001464 0.098200 0.043242
17.817506 1.359088 19.703507 2.171358
0.513331 0.106394 -0.052498 -0.005267
0.106394 0.045778 -0.005585 -0.000972
-0.052498 -0.005585 0.490396 0.097879
-0.005267 -0.000972 0.097879 0.043624
18.881118 1.438582 20.765438 2.170215
0.497126 0.102805 -0.039670 -0.003290
0.102805 0.045048 -0.003459 -0.000707
-0.039670 -0.003459 0.476946 0.096265
-0.003290 -0.000707 0.096265 0.043647
20.007320 1.525016 22.073273 2.219292
0.487713 0.100951 -0.032908 -0.002586
0.100951 0.044738 -0.002675 -0.000692
-0.032908 -0.002675 0.470914 0.096157
-0.002586 -0.000692 0.096157 0.043909
20.986357 1.565522 22.588671 2.098007
0.471329 0.097854 -0.022616 -0.001181
0.097854 0.044195 -0.001226 -0.000519
-0.022616 -0.001226 0.456546 0.094246
-0.001181 -0.000519 0.094246 0.043728
21.625172 1.534361 23.465545 2.061142
0.473919 0.099007 -0.006181 0.001618
0.099007 0.044576 0.001593 -0.000012
-0.006181 0.001593 0.460792 0.096284
0.001618 -0.000012 0.096284 0.044341
21.775547 1.405200 24.536564 2.066940
0.479112 0.100468 -0.000227 0.002064
0.100468 0.044949 0.002055 -0.000011
-0.000227 0.002055 0.469330 0.098825
0.002064 -0.000011 0.098825 0.044947
21.988947 1.302958 25.748627 2.103303
0.475172 0.099817 0.002920 0.001961
0.099817 0.044829 0.001969 -0.000097
0.002920 0.001969 0.472158 0.099800
0.001961 -0.000097 0.099800 0.045138
22.921100 1.362286 26.963229 2.138236
0.471094 0.099156 -0.001722 0.000344
0.099156 0.044706 0.000370 -0.000462
-0.001722 0.000370 0.476500 0.100914
0.000344 -0.000462 0.100914 0.045328
23.052122 1.246737 28.708352 2.281061
0.463757 0.097856 0.013511 0.003203
0.097856 0.044454 0.003226 0.000174
0.013511 0.003226 0.489541 0.103731
0.003203 0.000174 0.103731 0.045860
23.951364 1.305143 29.847687 2.280686
0.454610 0.096242 0.008420 0.001578
0.096242 0.044143 0.001590 -0.000179
0.008420 0.001590 0.490337 0.103645
0.001578 -0.000179 0.103645 0.045731
23.876911 1.150702 30.831104 2.248381
0.453231 0.096371 0.008270 0.001251
0.096371 0.044211 0.001251 -0.000207
0.008270 0.001251 0.498500 0.105126
0.001251 -0.000207 0.105126 0.045958
23.981640 1.049892 32.218516 2.304410
0.442407 0.094397 0.012514 0.001966
0.094397 0.043805 0.001948 -0.000000
0.012514 0.001948 0.509775 0.107123
0.001966 -0.000000 0.107123 0.046284
24.382737 1.023657 33.191573 2.267178
0.403224 0.086472 0.008057 0.000905
0.086472 0.042141 0.000814 -0.000177
0.008057 0.000814 0.497156 0.103974
0.000905 -0.000177 0.103974 0.045525
24.822883 1.008095 34.316467 2.265510
0.415249 0.090244 0.002829 -0.000269
0.090244 0.043112 -0.000391 -0.000372
0.002829 -0.000391 0.512351 0.106994
-0.000269 -0.000372 0.106994 0.046144
24.711691 0.873356 35.518679 2.281097
0.391485 0.085643 0.008976 0.001143
0.085643 0.042112 0.001058 0.000019
0.008976 0.001058 0.518326 0.107804
0.001143 0.000019 0.107804 0.046250
25.516983 0.955436 36.363757 2.219177
0.386829 0.085572 -0.000295 -0.000803
0.085572 0.042166 -0.001012 -0.000369
-0.000295 -0.001012 0.519777 0.107684
-0.000803 -0.000369 0.107684 0.046179
26.882427 1.153808 37.332494 2.188772
0.354432 0.079141 -0.013418 -0.003298
0.079141 0.040748 -0.003735 -0.000850
-0.013418 -0.003735 0.521294 0.107651
-0.003298 -0.000850 0.107651 0.046150
27.558644 1.176374 38.336878 2.170197
0.355780 0.080714 -0.020321 -0.004339
0.080714 0.041200 -0.004834 -0.000980
-0.020321 -0.004834 0.530528 0.109251
-0.004339 -0.000980 0.109251 0.046471
28.440054 1.243563 39.317647 2.149006
0.349796 0.080220 -0.023453 -0.004553
0.080220 0.041075 -0.005012 -0.000933
-0.023453 -0.005012 0.538078 0.110399
-0.004553 -0.000933 0.110399 0.046682
28.435473 1.097694 39.907130 2.048713
0.359574 0.083215 -0.032110 -0.005911
0.083215 0.041721 -0.006530 -0.001182
-0.032110 -0.006530 0.536903 0.109703
-0.005911 -0.001182 0.109703 0.046511
28.797456 1.054441 40.994499 2.060998
0.384289 0.089218 -0.034978 -0.005968
0.089218 0.042979 -0.006591 -0.001123
-0.034978 -0.006591 0.545806 0.111206
-0.005968 -0.001123 0.111206 0.046822
29.935540 1.195442 41.943653 2.046874
0.358637 0.082887 -0.019041 -0.002454
0.082887 0.041272 -0.002399 -0.000271
-0.019041 -0.002399 0.546474 0.111020
-0.002454 -0.000271 0.111020 0.046786
31.059870 1.317660 43.001803 2.055979
0.381724 0.088455 -0.012194 -0.000973
0.088455 0.042495 -0.000832 0.000010
-0.012194 -0.000832 0.543374 0.110109
-0.000973 0.000010 0.110109 0.046612
31.851337 1.346073 43.367935 1.922480
0.378883 0.087390 -0.000235 0.001277
0.087390 0.042069 0.001649 0.000429
-0.000235 0.001649 0.517043 0.104651
0.001277 0.000429 0.104651 0.045545
32.698612 1.385155 43.938084 1.843491
0.385329 0.088578 0.009102 0.002834
0.088578 0.042224 0.003317 0.000670
0.009102 0.003317 0.498681 0.101311
0.002834 0.000670 0.101311 0.044991
33.354251 1.376094 44.408417 1.751160
0.408830 0.093534 0.005840 0.001738
0.093534 0.043240 0.001990 0.000307
0.005840 0.001990 0.482972 0.098741
0.001738 0.000307 0.098741 0.044609
34.428940 1.463534 44.991105 1.691004
0.442252 0.100234 0.005480 0.001377
0.100234 0.044575 0.001543 0.000174
0.005480 0.001543 0.469411 0.096761
0.001377 0.000174 0.096761 0.044346
34.714113 1.363771 45.864574 1.696813
0.460460 0.102863 -0.006189 -0.001278
0.102863 0.044903 -0.001326 -0.000441
-0.006189 -0.001326 0.465374 0.096820
-0.001278 -0.000441 0.096820 0.044485
35.368049 1.357436 45.882684 1.522693
0.479909 0.105641 -0.006748 -0.001336
0.105641 0.045297 -0.001390 -0.000412
-0.006748 -0.001390 0.432263 0.090646
-0.001336 -0.000412 0.090646 0.043264
36.045373 1.357305 47.140982 1.628318
0.512451 0.111135 -0.021160 -0.004322
0.111135 0.046305 -0.004435 -0.001022
-0.021160 -0.004435 0.445414 0.094665
-0.004322 -0.001022 0.094665 0.044254
