-0.678953 0.690507 3.605008 0.549987
41.734620 16.694210 -56.609406 -22.644253
16.694210 86.681895 -22.644253 -9.057897
-56.609406 -22.644253 81.280081 32.512737
-22.644253 -9.057897 32.512737 93.009443
-0.776258 0.845778 5.106716 1.437403
72.181950 45.254733 -87.563892 -37.881692
45.254733 49.918325 -53.082726 -42.936964
-87.563892 -53.082726 109.118346 48.703334
-37.881692 -42.936964 48.703334 57.506144
1.630792 2.044371 4.152359 1.001783
79.299578 38.869034 -104.286106 -51.106629
38.869034 30.423865 -50.455555 -38.158158
-104.286106 -50.455555 139.882416 69.674268
-51.106629 -38.158158 69.674268 54.951739
3.406345 2.581014 5.011524 1.486334
82.681565 37.439925 -96.279767 -38.107845
37.439925 23.979528 -43.287898 -25.864577
-96.279767 -43.287898 114.070854 45.692345
-38.107845 -25.864577 45.692345 30.676160
8.430046 4.044398 1.884669 0.237182
105.835336 41.483824 -115.836174 -39.673119
41.483824 20.870519 -45.403046 -21.410973
-115.836174 -45.403046 128.422248 44.563361
-39.673119 -21.410973 44.563361 23.617805
12.597422 4.774224 -0.296409 -0.469213
18.523362 5.622361 -14.210443 -1.981519
5.622361 4.880628 -4.452670 -4.689592
-14.210443 -4.452670 12.060039 2.364863
-1.981519 -4.689592 2.364863 6.135449
12.065634 3.542185 2.407165 0.806165
11.476011 2.462285 -5.303466 1.074778
2.462285 2.624531 -1.429838 -2.506132
-5.303466 -1.429838 3.216815 0.249683
1.074778 -2.506132 0.249683 4.026686
14.157805 2.677307 4.324294 2.684369
14.421971 3.842229 -6.228471 -0.396867
3.842229 2.283119 -2.078432 -1.785026
-6.228471 -2.078432 3.418653 1.003460
-0.396867 -1.785026 1.003460 2.490338
14.920891 3.027473 4.921822 1.744805
18.631670 4.885856 -7.737941 -1.187252
4.885856 2.031300 -2.476656 -1.329042
-7.737941 -2.476656 4.092139 1.364907
-1.187252 -1.329042 1.364907 1.652659
16.226481 2.857063 6.181315 2.001503
23.175289 5.436594 -8.901865 -1.267245
5.436594 1.702556 -2.395269 -0.850801
-8.901865 -2.395269 4.194882 1.106232
-1.267245 -0.850801 1.106232 0.937420
18.469759 3.027888 6.892601 1.965757
27.407287 5.692212 -9.567491 -1.089442
5.692212 1.456171 -2.213100 -0.561441
-9.567491 -2.213100 4.048050 0.851541
-1.089442 -0.561441 0.851541 0.576364
21.997333 3.549837 6.679117 1.591617
24.421095 4.218857 -6.521055 0.005977
4.218857 0.922296 -1.306509 -0.221209
-6.521055 -1.306509 2.422214 0.385695
0.005977 -0.221209 0.385695 0.361124
18.823940 2.556982 9.559675 2.029870
10.971379 1.317763 -0.697946 0.977714
1.317763 0.294575 -0.187250 -0.016305
-0.697946 -0.187250 0.503729 0.165972
0.977714 -0.016305 0.165972 0.297319
18.405276 2.467190 10.100095 1.658425
10.686382 1.382630 -0.799000 0.591780
1.382630 0.294600 -0.216255 -0.033445
-0.799000 -0.216255 0.582783 0.197062
0.591780 -0.033445 0.197062 0.213549
19.809271 2.470875 11.012815 1.704941
9.880357 1.384263 -1.220983 0.168998
1.384263 0.289270 -0.267930 -0.058103
-1.220983 -0.267930 0.652605 0.188321
0.168998 -0.058103 0.188321 0.141991
20.668537 2.389988 12.086155 1.767678
11.099906 1.508199 -1.317822 0.114424
1.508199 0.284993 -0.257126 -0.044247
-1.317822 -0.257126 0.618458 0.161073
0.114424 -0.044247 0.161073 0.107970
21.791177 2.410227 12.778126 1.697755
12.220871 1.565693 -1.171252 0.150873
1.565693 0.271071 -0.217949 -0.026897
-1.171252 -0.217949 0.569649 0.144361
0.150873 -0.026897 0.144361 0.090660
23.132486 2.406622 13.770658 1.749130
11.938370 1.398014 -0.516390 0.288058
1.398014 0.226925 -0.115035 -0.001060
-0.516390 -0.115035 0.439640 0.121731
0.288058 -0.001060 0.121731 0.079134
24.712379 2.463580 14.510853 1.720219
8.955747 0.937008 0.343816 0.383309
0.937008 0.157078 -0.013821 0.011771
0.343816 -0.013821 0.435260 0.142416
0.383309 0.011771 0.142416 0.081030
22.310608 2.019158 15.838790 1.767667
4.310156 0.356673 1.003643 0.390456
0.356673 0.084431 0.048787 0.012288
1.003643 0.048787 0.546930 0.180701
0.390456 0.012288 0.180701 0.085062
24.322681 1.961687 18.217309 2.199722
4.166557 0.378858 0.889480 0.296005
0.378858 0.086923 0.055328 0.012168
0.889480 0.055328 0.410056 0.125225
0.296005 0.012168 0.125225 0.061000
24.753513 1.907923 19.210611 2.169672
2.617072 0.220841 0.786827 0.223194
0.220841 0.070823 0.032396 0.004033
0.786827 0.032396 0.508537 0.145072
0.223194 0.004033 0.145072 0.062659
24.116552 1.755572 19.855037 2.063742
1.062332 0.076934 0.487830 0.125051
0.076934 0.057564 -0.008017 -0.005871
0.487830 -0.008017 0.562688 0.152369
0.125051 -0.005871 0.152369 0.061676
23.893146 1.627670 20.566122 2.000532
0.702981 0.051609 0.436315 0.102338
0.051609 0.055599 -0.022950 -0.007944
0.436315 -0.022950 0.694550 0.176962
0.102338 -0.007944 0.176962 0.065076
24.655278 1.617347 21.572606 2.003512
0.677001 0.066308 0.453980 0.095831
0.066308 0.058219 -0.028969 -0.008067
0.453980 -0.028969 0.875406 0.208077
0.095831 -0.008067 0.208077 0.069472
24.528560 1.481510 22.113829 1.922675
0.392663 0.048079 0.267843 0.051401
0.048079 0.056557 -0.060208 -0.013035
0.267843 -0.060208 0.957605 0.216694
0.051401 -0.013035 0.216694 0.069228
25.013234 1.430644 22.996610 1.912172
0.340711 0.060779 0.169304 0.028064
0.060779 0.058939 -0.078691 -0.015205
0.169304 -0.078691 1.106982 0.236399
0.028064 -0.015205 0.236399 0.071146
25.730786 1.431576 23.948479 1.911275
0.347290 0.083860 0.031624 -0.000214
0.083860 0.063010 -0.097269 -0.017283
0.031624 -0.097269 1.180607 0.238621
-0.000214 -0.017283 0.238621 0.069529
26.673000 1.454530 25.409639 2.005396
0.408032 0.111384 -0.091292 -0.021777
0.111384 0.067255 -0.114365 -0.018842
-0.091292 -0.114365 1.300732 0.249353
-0.021777 -0.018842 0.249353 0.069839
26.702928 1.364872 24.698286 1.695500
0.447500 0.135077 -0.388517 -0.071782
0.135077 0.070786 -0.150691 -0.023706
-0.388517 -0.150691 0.978797 0.178964
-0.071782 -0.023706 0.178964 0.055566
27.278238 1.334935 25.607703 1.705158
0.556119 0.160375 -0.526100 -0.088111
0.160375 0.072892 -0.167482 -0.024797
-0.526100 -0.167482 1.151938 0.203960
-0.088111 -0.024797 0.203960 0.059751
27.713114 1.277035 24.838685 1.396430
0.707165 0.190738 -0.713103 -0.111219
0.190738 0.075969 -0.193500 -0.027553
-0.713103 -0.193500 1.164621 0.195037
-0.111219 -0.027553 0.195037 0.056975
28.946668 1.434020 25.343374 1.387740
0.871620 0.217990 -0.854032 -0.123656
0.217990 0.077826 -0.202509 -0.027209
-0.854032 -0.202509 1.365283 0.223909
-0.123656 -0.027209 0.223909 0.061872
30.199037 1.568777 25.847113 1.381097
0.992950 0.229068 -0.975155 -0.134368
0.229068 0.075563 -0.204031 -0.026504
-0.975155 -0.204031 1.582047 0.254370
-0.134368 -0.026504 0.254370 0.066699
31.950194 1.798364 26.163373 1.367120
1.111855 0.237467 -1.097998 -0.145196
0.237467 0.073311 -0.204872 -0.025955
-1.097998 -0.204872 1.828702 0.287373
-0.145196 -0.025955 0.287373 0.071537
33.314599 1.903887 26.692420 1.366137
1.093813 0.215016 -1.144729 -0.149369
0.215016 0.065022 -0.188318 -0.024042
-1.144729 -0.188318 2.064974 0.319471
-0.149369 -0.024042 0.319471 0.076143
34.789308 2.017616 27.214735 1.367850
1.081989 0.197258 -1.211115 -0.156085
0.197258 0.059115 -0.177562 -0.022951
-1.211115 -0.177562 2.351664 0.355717
-0.156085 -0.022951 0.355717 0.080898
36.053141 2.072165 27.845430 1.373183
1.054636 0.178789 -1.287594 -0.164529
0.178789 0.053982 -0.169473 -0.022359
-1.287594 -0.169473 2.685435 0.395487
-0.164529 -0.022359 0.395487 0.085735
36.801561 2.016119 28.681330 1.382239
1.028303 0.162316 -1.392553 -0.176544
0.162316 0.049843 -0.167092 -0.022571
-1.392553 -0.167092 3.076330 0.438929
-0.176544 -0.022571 0.438929 0.090575
37.310378 1.913470 29.483853 1.373048
1.057175 0.157169 -1.564587 -0.194916
0.157169 0.048117 -0.177710 -0.024168
-1.564587 -0.177710 3.527226 0.483971
-0.194916 -0.024168 0.483971 0.094948
38.240607 1.912370 30.268698 1.386907
1.154933 0.165556 -1.786387 -0.215458
0.165556 0.049094 -0.197537 -0.026285
-1.786387 -0.197537 4.006106 0.526558
-0.215458 -0.026285 0.526558 0.098537
38.902891 1.860605 31.207179 1.407891
1.269378 0.175656 -2.037388 -0.237736
0.175656 0.050167 -0.221337 -0.028732
-2.037388 -0.221337 4.508084 0.567577
-0.237736 -0.028732 0.567577 0.101618
40.000569 1.914161 32.244947 1.465602
1.434370 0.194778 -2.314426 -0.259257
0.194778 0.052842 -0.250430 -0.031268
-2.314426 -0.250430 4.985289 0.600522
-0.259257 -0.031268 0.600522 0.103445
41.140306 1.982376 33.514327 1.551616
1.626771 0.217044 -2.613263 -0.280892
0.217044 0.055792 -0.282540 -0.033898
-2.613263 -0.282540 5.449685 0.628509
-0.280892 -0.033898 0.628509 0.104577
42.028064 1.945711 34.029113 1.509797
1.846327 0.241879 -2.935385 -0.302913
0.241879 0.058656 -0.321555 -0.037187
-2.935385 -0.321555 5.826377 0.641807
-0.302913 -0.037187 0.641807 0.103735
42.962364 1.927226 34.604228 1.483169
2.087143 0.267046 -3.290856 -0.327042
0.267046 0.061421 -0.358996 -0.040057
-3.290856 -0.358996 6.290550 0.665275
-0.327042 -0.040057 0.665275 0.104391
44.013422 1.969906 35.752393 1.542940
2.350011 0.292771 -3.676785 -0.352677
0.292771 0.064198 -0.394007 -0.042440
-3.676785 -0.394007 6.847738 0.698697
-0.352677 -0.042440 0.698697 0.106369
45.018883 1.958228 36.257170 1.508816
2.645266 0.321662 -4.084885 -0.377970
0.321662 0.067116 -0.433873 -0.045192
-4.084885 -0.433873 7.350196 0.722001
-0.377970 -0.045192 0.722001 0.106985
45.939514 1.934517 36.831022 1.481211
2.958140 0.348773 -4.536709 -0.406813
0.348773 0.069490 -0.472280 -0.047776
-4.536709 -0.472280 7.963896 0.756633
-0.406813 -0.047776 0.756633 0.108927
46.753403 1.898400 37.515485 1.463458
3.286693 0.374651 -5.020290 -0.437490
0.374651 0.071495 -0.509419 -0.050202
-5.020290 -0.509419 8.647694 0.796970
-0.437490 -0.050202 0.796970 0.111447
