3.530269 2.374233 0.485812 -0.697718
2.480614 0.992267 -0.037336 -0.014935
0.992267 80.400982 -0.014935 -0.005974
-0.037336 -0.014935 2.495973 0.998411
-0.014935 -0.005974 0.998411 80.403440
7.035286 6.427322 0.948436 0.726721
2.254201 3.939025 -0.042230 -0.066477
3.939025 15.303667 -0.066432 -0.210723
-0.042230 -0.066432 2.285290 3.990322
-0.066477 -0.210723 3.990322 15.432206
5.716058 1.187226 4.255409 4.120880
1.975188 2.285180 -0.038427 -0.041519
2.285180 4.541007 -0.041545 -0.073796
-0.038427 -0.041545 1.981839 2.289565
-0.041519 -0.073796 2.289565 4.556646
6.291210 1.169364 3.680317 1.895328
1.730340 1.461274 -0.022697 -0.017665
1.461274 1.931737 -0.017667 -0.025161
-0.022697 -0.017667 1.741339 1.470428
-0.017665 -0.025161 1.470428 1.945040
5.897612 0.522699 3.215578 0.961751
1.481804 0.979163 -0.037142 -0.024309
0.979163 0.979094 -0.024309 -0.021467
-0.037142 -0.024309 1.491943 0.985980
-0.024309 -0.021467 0.985980 0.986343
5.956126 0.412470 3.590420 0.904050
1.306687 0.709780 -0.034999 -0.018407
0.709780 0.571170 -0.018407 -0.012783
-0.034999 -0.018407 1.314581 0.714186
-0.018407 -0.012783 0.714186 0.575071
7.738828 1.139580 3.387170 0.602553
1.144989 0.528373 -0.029134 -0.012744
0.528373 0.360093 -0.012741 -0.007505
-0.029134 -0.012741 1.156979 0.534029
-0.012744 -0.007505 0.534029 0.363620
9.119330 1.467231 6.008791 1.536647
1.032332 0.415363 -0.021546 -0.008021
0.415363 0.246679 -0.008022 -0.004282
-0.021546 -0.008022 1.038669 0.417893
-0.008021 -0.004282 0.417893 0.248245
9.897383 1.483614 7.714487 1.871920
0.938998 0.335820 -0.018941 -0.006279
0.335820 0.178673 -0.006281 -0.003001
-0.018941 -0.006281 0.942917 0.337222
-0.006279 -0.003001 0.337222 0.179556
10.849900 1.551704 8.685769 1.883430
0.868843 0.280689 -0.014931 -0.004422
0.280689 0.136598 -0.004423 -0.001983
-0.014931 -0.004423 0.872435 0.281884
-0.004422 -0.001983 0.281884 0.137265
12.004642 1.663561 9.068076 1.718079
0.801729 0.237141 -0.007771 -0.001988
0.237141 0.108147 -0.001989 -0.001014
-0.007771 -0.001989 0.806009 0.238450
-0.001988 -0.001014 0.238450 0.108743
12.100465 1.462006 11.210781 2.070024
0.745123 0.204367 -0.008062 -0.002036
0.204367 0.088984 -0.002037 -0.000909
-0.008062 -0.002037 0.746636 0.204806
-0.002036 -0.000909 0.204806 0.089257
13.500338 1.633932 11.319989 1.831900
0.699272 0.179904 -0.006619 -0.001583
0.179904 0.075922 -0.001584 -0.000687
-0.006619 -0.001584 0.701936 0.180629
-0.001583 -0.000687 0.180629 0.076229
13.612083 1.461885 11.606247 1.678236
0.661251 0.161245 -0.006823 -0.001579
0.161245 0.066810 -0.001579 -0.000610
-0.006823 -0.001579 0.663633 0.161850
-0.001579 -0.000610 0.161850 0.067049
14.186294 1.425319 12.467774 1.683444
0.628603 0.146666 -0.004414 -0.000946
0.146666 0.060323 -0.000946 -0.000397
-0.004414 -0.000946 0.630547 0.147131
-0.000946 -0.000397 0.147131 0.060500
14.567776 1.350759 13.497089 1.725654
0.601839 0.135532 -0.003870 -0.000807
0.135532 0.055742 -0.000807 -0.000326
-0.003870 -0.000807 0.603173 0.135833
-0.000807 -0.000326 0.135833 0.055862
15.856238 1.485079 14.719769 1.804531
0.578855 0.126789 -0.005123 -0.001066
0.126789 0.052448 -0.001067 -0.000351
-0.005123 -0.001067 0.580076 0.127053
-0.001066 -0.000351 0.127053 0.052548
16.360798 1.434050 15.742148 1.830260
0.560022 0.120125 -0.005155 -0.001024
0.120125 0.050126 -0.001024 -0.000309
-0.005155 -0.001024 0.560873 0.120300
-0.001024 -0.000309 0.120300 0.050196
16.918327 1.400454 17.160492 1.936540
0.542010 0.114517 -0.003833 -0.000698
0.114517 0.048381 -0.000698 -0.000214
-0.003833 -0.000698 0.542413 0.114594
-0.000698 -0.000214 0.114594 0.048424
17.699329 1.417404 18.353350 1.983539
0.527959 0.110445 -0.002085 -0.000315
0.110445 0.047208 -0.000315 -0.000118
-0.002085 -0.000315 0.528189 0.110490
-0.000315 -0.000118 0.110490 0.047239
17.875562 1.306725 19.596188 2.035643
0.516609 0.107431 -0.000912 -0.000085
0.107431 0.046412 -0.000085 -0.000064
-0.000912 -0.000085 0.516535 0.107416
-0.000085 -0.000064 0.107416 0.046428
18.141821 1.226543 21.187183 2.154444
0.508345 0.105405 -0.001023 -0.000138
0.105405 0.045922 -0.000138 -0.000072
-0.001023 -0.000138 0.508033 0.105349
-0.000138 -0.000072 0.105349 0.045927
19.015162 1.280424 22.285920 2.158931
0.500279 0.103643 -0.000383 -0.000023
0.103643 0.045541 -0.000023 -0.000044
-0.000383 -0.000023 0.500015 0.103607
-0.000023 -0.000044 0.103607 0.045548
19.671353 1.283715 23.038261 2.091091
0.492334 0.102080 -0.000543 -0.000079
0.102080 0.045236 -0.000080 -0.000053
-0.000543 -0.000080 0.492078 0.102050
-0.000079 -0.000053 0.102050 0.045243
20.236860 1.267863 24.362759 2.149066
0.487428 0.101282 0.002108 0.000459
0.101282 0.045111 0.000459 0.000064
0.002108 0.000459 0.487248 0.101270
0.000459 0.000064 0.101270 0.045120
21.004874 1.295825 25.078639 2.074314
0.481795 0.100376 0.002035 0.000386
0.100376 0.044963 0.000386 0.000044
0.002035 0.000386 0.481659 0.100374
0.000386 0.000044 0.100374 0.044971
21.080381 1.176150 26.382553 2.130176
0.479456 0.100204 0.003185 0.000585
0.100204 0.044967 0.000585 0.000085
0.003185 0.000585 0.479476 0.100233
0.000585 0.000085 0.100233 0.044980
21.947440 1.234584 27.587427 2.159402
0.479075 0.100411 0.004360 0.000778
0.100411 0.045036 0.000778 0.000123
0.004360 0.000778 0.479307 0.100480
0.000778 0.000123 0.100480 0.045055
22.616503 1.245383 28.851358 2.198084
0.478193 0.100449 0.004322 0.000709
0.100449 0.045051 0.000709 0.000105
0.004322 0.000709 0.478695 0.100566
0.000709 0.000105 0.100566 0.045077
23.521612 1.304771 30.035941 2.215940
0.475656 0.100094 0.004928 0.000793
0.100094 0.044973 0.000793 0.000124
0.004928 0.000793 0.476439 0.100258
0.000793 0.000124 0.100258 0.045007
24.726863 1.421239 31.281925 2.244695
0.475629 0.100268 0.002321 0.000200
0.100268 0.045006 0.000200 0.000001
0.002321 0.000200 0.476701 0.100477
0.000200 0.000001 0.100477 0.045046
25.402712 1.413574 32.982140 2.366647
0.475697 0.100408 0.002117 0.000178
0.100408 0.045022 0.000177 0.000009
0.002117 0.000177 0.477447 0.100742
0.000178 0.000009 0.100742 0.045086
26.556919 1.508324 33.716728 2.271679
0.476224 0.100604 -0.000095 -0.000265
0.100604 0.045044 -0.000266 -0.000073
-0.000095 -0.000266 0.477900 0.100896
-0.000265 -0.000073 0.100896 0.045096
26.906442 1.423114 34.035004 2.099186
0.473914 0.100158 -0.000031 -0.000185
0.100158 0.044926 -0.000186 -0.000039
-0.000031 -0.000186 0.475515 0.100415
-0.000185 -0.000039 0.100415 0.044969
27.384005 1.373704 34.799641 2.039041
0.476226 0.100714 0.000531 -0.000015
0.100714 0.045028 -0.000016 0.000007
0.000531 -0.000016 0.478055 0.101006
-0.000015 0.000007 0.101006 0.045079
27.378575 1.227329 35.690046 2.011908
0.474467 0.100339 -0.000646 -0.000234
0.100339 0.044923 -0.000235 -0.000035
-0.000646 -0.000235 0.476908 0.100747
-0.000234 -0.000035 0.100747 0.044999
27.668118 1.158827 36.165394 1.899851
0.477031 0.100905 -0.001599 -0.000390
0.100905 0.045027 -0.000391 -0.000062
-0.001599 -0.000391 0.479520 0.101301
-0.000390 -0.000062 0.101301 0.045098
28.006612 1.107887 37.325576 1.944242
0.476827 0.100822 -0.004503 -0.000949
0.100822 0.044985 -0.000950 -0.000174
-0.004503 -0.000950 0.480088 0.101363
-0.000949 -0.000174 0.101363 0.045087
28.652613 1.127267 37.924277 1.865467
0.477396 0.100909 -0.004023 -0.000748
0.100909 0.044985 -0.000749 -0.000118
-0.004023 -0.000749 0.480752 0.101442
-0.000748 -0.000118 0.101442 0.045083
28.928027 1.066342 38.776813 1.848455
0.473441 0.100030 -0.007456 -0.001408
0.100030 0.044783 -0.001410 -0.000253
-0.007456 -0.001410 0.477470 0.100684
-0.001408 -0.000253 0.100684 0.044906
29.652716 1.106741 39.559950 1.818812
0.474732 0.100346 -0.006770 -0.001145
0.100346 0.044852 -0.001146 -0.000185
-0.006770 -0.001146 0.479030 0.101027
-0.001145 -0.000185 0.101027 0.044979
30.128059 1.090282 40.516161 1.828623
0.476072 0.100634 -0.008150 -0.001360
0.100634 0.044908 -0.001361 -0.000228
-0.008150 -0.001361 0.480969 0.101413
-0.001360 -0.000228 0.101413 0.045055
30.933798 1.145403 41.478052 1.838890
0.475755 0.100543 -0.007555 -0.001154
0.100543 0.044879 -0.001154 -0.000183
-0.007555 -0.001154 0.481161 0.101398
-0.001154 -0.000183 0.101398 0.045041
31.509793 1.146205 42.502486 1.861010
0.474464 0.100255 -0.007577 -0.001113
0.100255 0.044813 -0.001112 -0.000179
-0.007577 -0.001112 0.480624 0.101237
-0.001113 -0.000179 0.101237 0.045000
31.606620 1.045311 43.216569 1.814914
0.475059 0.100395 -0.007288 -0.001019
0.100395 0.044843 -0.001017 -0.000166
-0.007288 -0.001017 0.481780 0.101455
-0.001019 -0.000166 0.101455 0.045044
32.370954 1.096373 44.111045 1.812451
0.474748 0.100325 -0.008712 -0.001304
0.100325 0.044825 -0.001303 -0.000235
-0.008712 -0.001303 0.481947 0.101446
-0.001304 -0.000235 0.101446 0.045038
32.619870 1.032668 44.635641 1.731784
0.473278 0.100020 -0.006629 -0.000831
0.100020 0.044760 -0.000829 -0.000139
-0.006629 -0.000829 0.480824 0.101177
-0.000831 -0.000139 0.101177 0.044980
33.875630 1.189229 45.703722 1.775186
0.472021 0.099783 -0.008966 -0.001341
0.099783 0.044714 -0.001340 -0.000260
-0.008966 -0.001340 0.480098 0.101017
-0.001341 -0.000260 0.101017 0.044950
34.816594 1.262748 46.802780 1.820114
0.471255 0.099672 -0.008044 -0.001118
0.099672 0.044697 -0.001116 -0.000214
-0.008044 -0.001116 0.480067 0.101026
-0.001118 -0.000214 0.101026 0.044959
35.760483 1.329257 48.014037 1.883897
0.470423 0.099548 -0.008355 -0.001181
0.099548 0.044677 -0.001179 -0.000234
-0.008355 -0.001179 0.480142 0.101054
-0.001181 -0.000234 0.101054 0.044970
