0.749858 1.262044 2.009280 -0.088318
2.444340 0.977757 -0.500331 -0.200137
0.977757 80.395178 -0.200137 -0.080056
-0.500331 -0.200137 4.131407 1.652598
-0.200137 -0.080056 1.652598 80.665120
6.496302 10.121857 -0.611122 -4.057861
2.592701 4.487139 -1.391316 -2.150467
4.487139 16.046022 -2.297729 -4.856197
-1.391316 -2.297729 3.544735 5.684214
-2.150467 -4.856197 5.684214 21.820803
9.420645 7.938928 2.249389 1.419063
1.284078 1.520088 0.690102 0.919761
1.520088 3.698108 0.847462 0.594945
0.690102 0.847462 0.902928 1.111796
0.919761 0.594945 1.111796 4.363939
10.756801 5.641359 1.280133 0.012516
1.209621 1.126321 0.373241 0.175467
1.126321 1.675091 0.107358 -0.138800
0.373241 0.107358 1.462689 1.647921
0.175467 -0.138800 1.647921 2.649914
9.151954 2.378318 1.806590 0.876361
0.465511 0.295702 0.521489 0.370683
0.295702 0.447110 0.259443 0.207292
0.521489 0.259443 1.454829 1.112644
0.370683 0.207292 1.112644 1.137106
8.791659 1.184262 3.839400 1.987464
0.427121 0.253373 0.448143 0.240399
0.253373 0.283239 0.204693 0.132000
0.448143 0.204693 1.186555 0.693385
0.240399 0.132000 0.693385 0.552498
8.790438 0.888643 4.045102 1.628605
0.525368 0.289598 0.319930 0.127675
0.289598 0.236894 0.104806 0.055300
0.319930 0.104806 1.165471 0.566059
0.127675 0.055300 0.566059 0.365160
8.402995 0.497537 4.469330 1.496832
0.614538 0.294456 0.176296 0.050256
0.294456 0.190166 0.032344 0.017638
0.176296 0.032344 1.112529 0.461409
0.050256 0.017638 0.461409 0.252829
9.618925 0.896040 5.328546 1.515336
0.689030 0.284774 0.051045 0.003065
0.284774 0.152768 -0.012131 0.000682
0.051045 -0.012131 1.068499 0.386471
0.003065 0.000682 0.386471 0.185588
10.411319 0.993703 7.449671 1.948147
0.718050 0.258077 -0.021629 -0.015118
0.258077 0.120594 -0.025692 -0.002581
-0.021629 -0.025692 0.943474 0.302458
-0.015118 -0.002581 0.302458 0.133764
10.263999 0.790448 8.330334 1.923706
0.689743 0.220181 -0.142319 -0.043971
0.220181 0.094355 -0.054493 -0.010143
-0.142319 -0.054493 0.891487 0.258602
-0.043971 -0.010143 0.258602 0.106462
11.045981 0.901109 9.386621 1.949973
0.676030 0.194497 -0.159618 -0.040596
0.194497 0.078054 -0.048543 -0.007418
-0.159618 -0.048543 0.833555 0.221640
-0.040596 -0.007418 0.221640 0.087122
11.745943 0.966404 10.074171 1.880407
0.650408 0.171419 -0.182483 -0.040320
0.171419 0.066332 -0.046618 -0.006512
-0.182483 -0.046618 0.784827 0.193843
-0.040320 -0.006512 0.193843 0.074088
12.160813 0.955351 11.928655 2.094825
0.662138 0.162567 -0.165715 -0.031118
0.162567 0.060726 -0.036270 -0.003825
-0.165715 -0.036270 0.733763 0.170762
-0.031118 -0.003825 0.170762 0.064788
13.142945 1.078556 13.569412 2.235582
0.628613 0.145419 -0.133075 -0.020926
0.145419 0.054475 -0.024817 -0.001517
-0.133075 -0.024817 0.670075 0.148875
-0.020926 -0.001517 0.148875 0.057465
13.715686 1.089699 15.018718 2.308194
0.595732 0.131795 -0.088260 -0.009887
0.131795 0.050230 -0.012908 0.000580
-0.088260 -0.012908 0.608543 0.130952
-0.009887 0.000580 0.130952 0.052232
14.021090 1.035179 15.915727 2.249881
0.590571 0.126150 -0.078251 -0.007418
0.126150 0.048374 -0.009964 0.000645
-0.078251 -0.009964 0.588483 0.123726
-0.007418 0.000645 0.123726 0.049922
14.402387 1.011537 17.456017 2.334460
0.584770 0.121686 -0.058653 -0.003409
0.121686 0.047163 -0.005647 0.001027
-0.058653 -0.005647 0.564130 0.116784
-0.003409 0.001027 0.116784 0.048062
15.164980 1.066843 18.864122 2.387723
0.564028 0.115118 -0.038090 0.000056
0.115118 0.045768 -0.001784 0.001277
-0.038090 -0.001784 0.538022 0.110390
0.000056 0.001277 0.110390 0.046573
15.978809 1.118391 19.550566 2.287190
0.551057 0.110987 -0.037032 -0.000721
0.110987 0.045046 -0.002144 0.000720
-0.037032 -0.002144 0.529320 0.108058
-0.000721 0.000720 0.108058 0.046047
17.102390 1.231855 20.725336 2.299818
0.498301 0.099835 -0.010346 0.003407
0.099835 0.043079 0.002243 0.001156
-0.010346 0.002243 0.475709 0.097148
0.003407 0.001156 0.097148 0.043895
17.580796 1.202750 21.681621 2.258677
0.478699 0.096435 0.007696 0.005888
0.096435 0.042821 0.004861 0.001341
0.007696 0.004861 0.452386 0.093304
0.005888 0.001341 0.093304 0.043339
18.253507 1.217728 22.908928 2.279564
0.484431 0.098325 -0.005817 0.001896
0.098325 0.043582 0.001148 0.000294
-0.005817 0.001148 0.461559 0.096210
0.001896 0.000294 0.096210 0.044136
19.167122 1.279547 23.930538 2.256249
0.482523 0.098599 0.002322 0.002867
0.098599 0.043934 0.002240 0.000380
0.002322 0.002240 0.465907 0.097862
0.002867 0.000380 0.097862 0.044590
20.025136 1.325951 25.687720 2.389714
0.451912 0.092877 -0.008822 -0.000329
0.092877 0.042977 -0.000717 -0.000382
-0.008822 -0.000717 0.447751 0.094442
-0.000329 -0.000382 0.094442 0.043889
20.723925 1.332644 26.486061 2.305532
0.456014 0.094838 -0.005386 0.000074
0.094838 0.043657 -0.000256 -0.000299
-0.005386 -0.000256 0.453548 0.096385
0.000074 -0.000299 0.096385 0.044373
21.254009 1.303835 27.467308 2.268655
0.429893 0.090169 -0.003759 0.000046
0.090169 0.042837 -0.000196 -0.000309
-0.003759 -0.000196 0.438155 0.093511
0.000046 -0.000309 0.093511 0.043758
21.592258 1.236811 28.160501 2.173463
0.436094 0.092634 -0.007250 -0.000956
0.092634 0.043544 -0.001146 -0.000508
-0.007250 -0.001146 0.445236 0.095630
-0.000956 -0.000508 0.095630 0.044244
22.735623 1.348965 28.864281 2.091539
0.431875 0.092499 0.001377 0.000781
0.092499 0.043586 0.000623 -0.000098
0.001377 0.000623 0.447266 0.096372
0.000781 -0.000098 0.096372 0.044370
23.193300 1.302093 29.448153 1.991740
0.435749 0.093989 0.013580 0.003166
0.093989 0.043938 0.003036 0.000422
0.013580 0.003036 0.453953 0.097975
0.003166 0.000422 0.097975 0.044660
23.409543 1.207895 30.463361 1.996108
0.429286 0.092975 0.022553 0.004671
0.092975 0.043688 0.004565 0.000717
0.022553 0.004565 0.464108 0.100109
0.004671 0.000717 0.100109 0.045033
24.291965 1.268138 31.660687 2.038541
0.421473 0.091696 0.011702 0.001842
0.091696 0.043390 0.001699 0.000062
0.011702 0.001699 0.474773 0.102142
0.001842 0.000062 0.102142 0.045361
24.759952 1.232193 32.501514 2.000638
0.431455 0.094337 0.000877 -0.000648
0.094337 0.043956 -0.000822 -0.000445
0.000877 -0.000822 0.489322 0.104815
-0.000648 -0.000445 0.104815 0.045813
25.050301 1.160636 33.656145 2.034011
0.430195 0.094147 0.000635 -0.000567
0.094147 0.043830 -0.000739 -0.000342
0.000635 -0.000739 0.506133 0.107715
-0.000567 -0.000342 0.107715 0.046288
25.724474 1.181981 34.114118 1.915878
0.439587 0.096257 0.002911 0.000027
0.096257 0.044218 -0.000081 -0.000139
0.002911 -0.000081 0.507272 0.107077
0.000027 -0.000139 0.107077 0.046003
26.334330 1.186554 34.707640 1.839435
0.442306 0.096670 -0.000552 -0.000633
0.096670 0.044204 -0.000752 -0.000238
-0.000552 -0.000752 0.511290 0.107222
-0.000633 -0.000238 0.107222 0.045948
27.166046 1.238795 35.358597 1.783190
0.447431 0.097570 -0.011972 -0.002886
0.097570 0.044311 -0.003093 -0.000682
-0.011972 -0.003093 0.518154 0.108048
-0.002886 -0.000682 0.108048 0.046072
27.514328 1.179818 36.429627 1.820443
0.450878 0.098017 -0.015990 -0.003388
0.098017 0.044320 -0.003597 -0.000712
-0.015990 -0.003597 0.535702 0.111092
-0.003388 -0.000712 0.111092 0.046667
28.462184 1.257340 37.245310 1.801169
0.420430 0.091095 -0.023634 -0.004638
0.091095 0.042747 -0.004871 -0.000917
-0.023634 -0.004871 0.537603 0.110699
-0.004638 -0.000917 0.110699 0.046523
29.081163 1.255332 38.220154 1.816364
0.429630 0.093473 -0.031173 -0.005756
0.093473 0.043339 -0.006035 -0.001091
-0.031173 -0.006035 0.550568 0.112721
-0.005756 -0.001091 0.112721 0.046916
29.778291 1.271765 39.687918 1.930465
0.439307 0.095673 -0.037562 -0.006578
0.095673 0.043822 -0.006863 -0.001199
-0.037562 -0.006863 0.573820 0.116739
-0.006578 -0.001199 0.116739 0.047703
30.135293 1.210485 40.481256 1.894809
0.421119 0.091594 -0.034890 -0.005639
0.091594 0.042895 -0.005780 -0.000951
-0.034890 -0.005780 0.568951 0.114814
-0.005639 -0.000951 0.114814 0.047248
30.647601 1.190453 41.499559 1.908684
0.429943 0.093790 -0.036625 -0.005643
0.093790 0.043418 -0.005816 -0.000944
-0.036625 -0.005816 0.570587 0.114506
-0.005643 -0.000944 0.114506 0.047190
31.704789 1.291902 42.564473 1.932890
0.443080 0.096715 -0.029314 -0.003872
0.096715 0.044049 -0.003957 -0.000568
-0.029314 -0.003957 0.565592 0.113053
-0.003872 -0.000568 0.113053 0.046937
32.106288 1.237848 43.353986 1.896453
0.442298 0.096276 -0.027405 -0.003460
0.096276 0.043884 -0.003554 -0.000539
-0.027405 -0.003554 0.550990 0.109885
-0.003460 -0.000539 0.109885 0.046373
34.186732 1.551662 43.376042 1.717954
0.346172 0.075540 0.058781 0.013304
0.075540 0.039412 0.014861 0.002997
0.058781 0.014861 0.477405 0.095663
0.013304 0.002997 0.095663 0.043724
34.839840 1.524169 44.757405 1.824194
0.376653 0.084140 0.041664 0.008328
0.084140 0.041653 0.009236 0.001554
0.041664 0.009236 0.490035 0.099601
0.008328 0.001554 0.099601 0.044829
35.195528 1.432203 45.808331 1.853833
0.405984 0.091497 0.017322 0.002412
0.091497 0.043351 0.002723 0.000099
0.017322 0.002723 0.490650 0.100657
0.002412 0.000099 0.100657 0.045208
36.054612 1.463133 47.174436 1.944098
0.448408 0.100906 -0.000753 -0.001612
0.100906 0.045322 -0.001559 -0.000752
-0.000753 -0.001559 0.490337 0.101298
-0.001612 -0.000752 0.101298 0.045425
36.577848 1.416833 48.127175 1.940633
0.483370 0.107573 -0.019691 -0.005349
0.107573 0.046494 -0.005441 -0.001435
-0.019691 -0.005441 0.466294 0.096844
-0.005349 -0.001435 0.096844 0.044535
