2.204840 1.844050 2.376939 0.058749
2.209852 0.883960 -0.471705 -0.188686
0.883960 80.357658 -0.188686 -0.075476
-0.471705 -0.188686 4.148077 1.659267
-0.188686 -0.075476 1.659267 80.667788
3.897650 3.152251 0.867654 -2.401375
3.114258 5.476583 -1.142171 -1.730526
5.476583 17.226132 -1.900261 -4.122492
-1.142171 -1.900261 3.296966 5.290609
-1.730526 -4.122492 5.290609 21.239473
5.781597 3.584115 2.631189 1.068666
2.471031 2.724526 0.033461 0.201729
2.724526 4.828789 0.048529 -0.204406
0.033461 0.048529 0.372944 0.436236
0.201729 -0.204406 0.436236 3.497335
7.849445 3.778226 3.498027 1.498747
1.847987 1.489662 -0.043294 -0.067787
1.489662 1.903825 -0.120918 -0.268891
-0.043294 -0.120918 1.034830 1.344147
-0.067787 -0.268891 1.344147 2.409914
8.139653 2.807041 3.067602 0.501623
0.803097 0.511156 0.033831 0.023211
0.511156 0.667183 -0.045443 -0.075721
0.033831 -0.045443 1.604170 1.371001
0.023211 -0.075721 1.371001 1.405203
8.929785 2.448483 3.639161 0.708708
0.868622 0.496169 -0.003185 -0.011960
0.496169 0.471312 -0.041365 -0.045549
-0.003185 -0.041365 1.539419 0.960133
-0.011960 -0.045549 0.960133 0.714951
9.786181 2.263212 4.214383 0.821000
0.880939 0.435909 -0.052294 -0.034316
0.435909 0.329309 -0.049062 -0.035234
-0.052294 -0.049062 1.421897 0.700366
-0.034316 -0.035234 0.700366 0.415525
10.909472 2.262973 4.296216 0.686933
0.798922 0.343874 -0.092592 -0.043486
0.343874 0.223454 -0.053361 -0.027959
-0.092592 -0.053361 1.344017 0.549145
-0.043486 -0.027959 0.549145 0.273456
10.837503 1.800875 5.423360 0.966820
0.665884 0.253711 -0.083540 -0.032384
0.253711 0.151036 -0.038451 -0.016889
-0.083540 -0.038451 1.185771 0.415260
-0.032384 -0.016889 0.415260 0.183221
11.498412 1.715423 6.978779 1.297973
0.738551 0.254853 -0.100776 -0.033268
0.254853 0.129942 -0.037535 -0.013778
-0.100776 -0.037535 1.038821 0.320509
-0.033268 -0.013778 0.320509 0.130368
12.371746 1.720237 7.760703 1.334879
0.784448 0.245416 -0.118005 -0.033829
0.245416 0.111275 -0.037440 -0.011737
-0.118005 -0.037440 0.982139 0.272971
-0.033829 -0.011737 0.272971 0.103702
12.077878 1.390785 8.816509 1.433547
0.718270 0.205188 -0.127871 -0.032440
0.205188 0.088521 -0.035560 -0.009778
-0.127871 -0.035560 0.878513 0.223539
-0.032440 -0.009778 0.223539 0.082611
12.388439 1.290519 10.207395 1.592764
0.724777 0.192076 -0.124432 -0.028254
0.192076 0.077984 -0.030753 -0.007581
-0.124432 -0.030753 0.807172 0.191228
-0.028254 -0.007581 0.191228 0.069870
13.855072 1.497748 11.719148 1.755724
0.639741 0.158581 -0.124361 -0.025907
0.158581 0.064674 -0.027988 -0.006339
-0.124361 -0.027988 0.709613 0.158741
-0.025907 -0.006339 0.158741 0.059490
13.638152 1.270931 12.940975 1.825266
0.595485 0.140276 -0.137731 -0.026852
0.140276 0.057393 -0.028992 -0.006119
-0.137731 -0.028992 0.634542 0.136116
-0.026852 -0.006119 0.136116 0.052943
14.010705 1.210445 13.803136 1.812804
0.582199 0.132066 -0.127100 -0.022659
0.132066 0.053733 -0.024329 -0.004762
-0.127100 -0.024329 0.601130 0.125579
-0.022659 -0.004762 0.125579 0.049945
15.473638 1.399738 14.594323 1.796472
0.552154 0.121606 -0.100811 -0.016029
0.121606 0.050263 -0.016919 -0.003073
-0.100811 -0.016919 0.578176 0.118824
-0.016029 -0.003073 0.118824 0.048196
15.791023 1.323801 16.198302 1.937336
0.529624 0.114193 -0.084844 -0.012277
0.114193 0.047976 -0.013075 -0.002296
-0.084844 -0.013075 0.528511 0.107430
-0.012277 -0.002296 0.107430 0.045721
16.916112 1.419983 16.884122 1.884156
0.511449 0.108847 -0.059517 -0.006999
0.108847 0.046502 -0.007354 -0.001201
-0.059517 -0.007354 0.515105 0.104785
-0.006999 -0.001201 0.104785 0.045312
17.216437 1.333825 17.893072 1.893885
0.503167 0.106244 -0.039501 -0.003219
0.106244 0.045802 -0.003471 -0.000545
-0.039501 -0.003471 0.495705 0.101123
-0.003219 -0.000545 0.101123 0.044710
17.878834 1.334649 19.043574 1.935700
0.513877 0.107850 -0.035938 -0.002967
0.107850 0.046062 -0.003193 -0.000626
-0.035938 -0.003193 0.501485 0.102801
-0.002967 -0.000626 0.102801 0.045206
18.772630 1.383590 20.223447 1.981108
0.508519 0.106167 -0.014330 0.000893
0.106167 0.045668 0.000771 0.000059
-0.014330 0.000771 0.495601 0.102029
0.000893 0.000059 0.102029 0.045162
19.052904 1.297079 21.061029 1.947055
0.517536 0.107608 -0.008731 0.001260
0.107608 0.045960 0.001148 -0.000003
-0.008731 0.001148 0.501008 0.103498
0.001260 -0.000003 0.103498 0.045543
19.542642 1.265584 22.348170 2.011259
0.521655 0.107933 -0.011613 -0.000097
0.107933 0.046005 -0.000191 -0.000385
-0.011613 -0.000191 0.504206 0.104300
-0.000097 -0.000385 0.104300 0.045731
20.188012 1.267493 23.148075 1.968702
0.518452 0.106835 -0.007993 0.000094
0.106835 0.045782 0.000022 -0.000387
-0.007993 0.000022 0.502829 0.104093
0.000094 -0.000387 0.104093 0.045696
20.620832 1.227555 24.705935 2.087043
0.492221 0.101208 0.003993 0.002036
0.101208 0.044667 0.001976 -0.000015
0.003993 0.001976 0.482955 0.100080
0.002036 -0.000015 0.100080 0.044877
21.080203 1.196517 26.406558 2.223597
0.460150 0.094919 0.010816 0.002845
0.094919 0.043507 0.002802 0.000120
0.010816 0.002802 0.463999 0.096580
0.002845 0.000120 0.096580 0.044219
21.721628 1.205514 27.840972 2.291241
0.465049 0.096828 0.016179 0.003424
0.096828 0.044115 0.003382 0.000227
0.016179 0.003382 0.478805 0.100389
0.003424 0.000227 0.100389 0.045120
23.040536 1.355698 28.896418 2.271546
0.464933 0.097429 0.010833 0.001798
0.097429 0.044357 0.001761 -0.000114
0.010833 0.001761 0.485214 0.101993
0.001798 -0.000114 0.101993 0.045454
24.143653 1.445290 30.022657 2.268870
0.450732 0.094935 0.003685 0.000064
0.094935 0.043900 0.000012 -0.000429
0.003685 0.000012 0.483434 0.101678
0.000064 -0.000429 0.101678 0.045347
24.495874 1.367126 30.913940 2.218306
0.461899 0.097966 -0.004261 -0.001653
0.097966 0.044625 -0.001710 -0.000713
-0.004261 -0.001710 0.496683 0.104532
-0.001653 -0.000713 0.104532 0.045915
24.879167 1.304072 31.381651 2.084006
0.461566 0.098157 -0.000927 -0.000779
0.098157 0.044653 -0.000814 -0.000421
-0.000927 -0.000814 0.494243 0.103775
-0.000779 -0.000421 0.103775 0.045672
25.338983 1.262557 32.959367 2.196525
0.440553 0.093884 -0.011456 -0.002869
0.093884 0.043721 -0.002969 -0.000799
-0.011456 -0.002969 0.507530 0.106419
-0.002869 -0.000799 0.106419 0.046179
25.876972 1.242692 33.719391 2.125906
0.444021 0.095180 -0.011445 -0.002573
0.095180 0.044045 -0.002653 -0.000640
-0.011445 -0.002653 0.511739 0.106907
-0.002573 -0.000640 0.106907 0.046196
26.803726 1.308389 34.751227 2.119466
0.443240 0.095349 -0.026165 -0.005393
0.095349 0.044074 -0.005558 -0.001181
-0.026165 -0.005558 0.522535 0.108758
-0.005393 -0.001181 0.108758 0.046513
27.414015 1.298239 35.224107 1.997818
0.415329 0.089570 -0.035581 -0.006894
0.089570 0.042802 -0.007086 -0.001409
-0.035581 -0.007086 0.512346 0.106118
-0.006894 -0.001409 0.106118 0.045887
27.752938 1.230626 36.186697 1.989532
0.436763 0.094975 -0.040446 -0.007283
0.094975 0.044049 -0.007499 -0.001391
-0.040446 -0.007499 0.529777 0.109509
-0.007283 -0.001391 0.109509 0.046584
28.250278 1.204386 37.035057 1.958939
0.435192 0.094703 -0.049879 -0.008715
0.094703 0.043912 -0.008960 -0.001634
-0.049879 -0.008960 0.539681 0.111034
-0.008715 -0.001634 0.111034 0.046838
29.535147 1.354569 38.252227 2.010981
0.419582 0.091361 -0.053553 -0.008973
0.091361 0.043119 -0.009069 -0.001616
-0.053553 -0.009069 0.555141 0.113634
-0.008973 -0.001616 0.113634 0.047313
30.258053 1.366265 39.549718 2.070809
0.417816 0.091350 -0.051980 -0.008150
0.091350 0.043123 -0.008113 -0.001390
-0.051980 -0.008113 0.568951 0.115746
-0.008150 -0.001390 0.115746 0.047673
30.707955 1.317173 40.933714 2.139912
0.432435 0.094858 -0.052314 -0.007770
0.094858 0.043881 -0.007769 -0.001306
-0.052314 -0.007769 0.580259 0.117226
-0.007770 -0.001306 0.117226 0.047897
30.986943 1.229672 41.416418 2.019113
0.447271 0.097979 -0.055616 -0.008092
0.097979 0.044468 -0.008372 -0.001435
-0.055616 -0.008372 0.563301 0.112964
-0.008092 -0.001435 0.112964 0.046971
31.833653 1.280620 42.449748 2.025583
0.424478 0.092707 -0.034210 -0.003758
0.092707 0.043211 -0.003485 -0.000521
-0.034210 -0.003485 0.554810 0.111102
-0.003758 -0.000521 0.111102 0.046670
32.903521 1.376081 43.656358 2.067367
0.457318 0.100034 -0.030102 -0.002925
0.100034 0.044813 -0.002891 -0.000455
-0.030102 -0.002891 0.549263 0.109928
-0.002925 -0.000455 0.109928 0.046513
33.374024 1.329951 44.893128 2.106767
0.475603 0.103355 -0.033884 -0.003878
0.103355 0.045379 -0.004074 -0.000771
-0.033884 -0.004074 0.541778 0.108463
-0.003878 -0.000771 0.108463 0.046299
34.490557 1.424048 45.351285 1.989739
0.461201 0.099575 0.003827 0.003410
0.099575 0.044441 0.003542 0.000678
0.003827 0.003542 0.479058 0.096292
0.003410 0.000678 0.096292 0.043994
34.988448 1.378938 46.582839 2.037112
0.477300 0.102583 -0.003255 0.001195
0.102583 0.045032 0.001125 0.000037
-0.003255 0.001125 0.470779 0.095873
0.001195 0.000037 0.095873 0.044164
35.515950 1.342223 46.830786 1.877756
0.490427 0.104742 -0.004193 0.000498
0.104742 0.045414 0.000282 -0.000201
-0.004193 0.000282 0.428316 0.088311
0.000498 -0.000201 0.088311 0.042791
35.924736 1.285386 47.130514 1.742845
0.511822 0.108497 -0.020479 -0.003288
0.108497 0.046123 -0.003554 -0.001026
-0.020479 -0.003554 0.416987 0.087636
-0.003288 -0.001026 0.087636 0.042880
36.438121 1.258604 48.201092 1.785187
0.531094 0.111540 -0.029508 -0.005165
0.111540 0.046652 -0.005388 -0.001355
-0.029508 -0.005388 0.415128 0.088778
-0.005165 -0.001355 0.088778 0.043266
