0.484582 1.155931 -1.082644 -1.325114
2.622289 1.048938 -0.669803 -0.267927
1.048938 80.423651 -0.267927 -0.107173
-0.669803 -0.267927 4.862648 1.945101
-0.267927 -0.107173 1.945101 80.782124
2.922363 4.550749 1.517682 3.889670
3.411017 5.832964 -1.859048 -2.746956
5.832964 18.733809 -3.143446 -6.313306
-1.859048 -3.143446 1.722981 2.611211
-2.746956 -6.313306 2.611211 18.310095
6.413785 5.695491 1.264734 0.891187
3.092515 3.392453 -1.262326 -1.076452
3.392453 5.822665 -1.139875 -1.688188
-1.262326 -1.139875 2.716844 3.771634
-1.076452 -1.688188 3.771634 7.514851
7.398343 4.193129 1.636386 0.665042
1.630488 1.316228 0.112247 0.242025
1.316228 1.878493 0.145329 -0.133640
0.112247 0.145329 1.740285 1.624735
0.242025 -0.133640 1.624735 2.221419
8.450210 3.441900 4.237684 2.253948
1.002398 0.655739 0.323237 0.221289
0.655739 0.820059 0.181477 -0.054666
0.323237 0.181477 1.255898 0.875569
0.221289 -0.054666 0.875569 0.926587
7.823833 2.138064 4.075821 1.636172
0.450217 0.266411 -0.015204 -0.033391
0.266411 0.368380 -0.093049 -0.154014
-0.015204 -0.093049 1.350723 0.782634
-0.033391 -0.154014 0.782634 0.621334
9.120727 2.223675 5.764042 2.033759
0.608940 0.340580 -0.099447 -0.088518
0.340580 0.309392 -0.113826 -0.119773
-0.099447 -0.113826 1.278685 0.613727
-0.088518 -0.119773 0.613727 0.396607
9.329537 1.742538 8.375369 2.723705
0.771000 0.371959 -0.151403 -0.102682
0.371959 0.252984 -0.108365 -0.086748
-0.151403 -0.108365 1.130294 0.462589
-0.102682 -0.086748 0.462589 0.258149
9.444286 1.450550 8.977799 2.487484
0.879439 0.364844 -0.231107 -0.116292
0.364844 0.202111 -0.119538 -0.070051
-0.231107 -0.119538 1.097782 0.394480
-0.116292 -0.070051 0.394480 0.192324
10.413483 1.542595 9.891037 2.377276
0.879279 0.317180 -0.252073 -0.103738
0.317180 0.152918 -0.105483 -0.050455
-0.252073 -0.105483 1.007340 0.321949
-0.103738 -0.050455 0.321949 0.142866
11.979763 1.802154 10.307064 2.142501
0.830602 0.265412 -0.233572 -0.082536
0.265412 0.116436 -0.083511 -0.034528
-0.233572 -0.083511 0.946964 0.273249
-0.082536 -0.034528 0.273249 0.112518
12.315081 1.640440 11.275845 2.123134
0.832140 0.240125 -0.229211 -0.070846
0.240125 0.096941 -0.071135 -0.025666
-0.229211 -0.071135 0.898762 0.237990
-0.070846 -0.025666 0.237990 0.092884
12.378146 1.438706 13.156474 2.329143
0.762072 0.201304 -0.189890 -0.052490
0.201304 0.078526 -0.052119 -0.017179
-0.189890 -0.052119 0.761384 0.187358
-0.052490 -0.017179 0.187358 0.073635
13.100686 1.439585 13.444721 2.125849
0.725969 0.178513 -0.204589 -0.050339
0.178513 0.067961 -0.050380 -0.014532
-0.204589 -0.050380 0.719575 0.167732
-0.050339 -0.014532 0.167732 0.065209
13.943630 1.468831 14.723013 2.173885
0.692415 0.160615 -0.166780 -0.037148
0.160615 0.060659 -0.036920 -0.009914
-0.166780 -0.036920 0.676857 0.150933
-0.037148 -0.009914 0.150933 0.058914
14.648351 1.463998 16.182992 2.254445
0.646172 0.143038 -0.140362 -0.028490
0.143038 0.054791 -0.028291 -0.007118
-0.140362 -0.028291 0.616130 0.132797
-0.028490 -0.007118 0.132797 0.053394
15.310496 1.448232 17.192613 2.229171
0.616405 0.131911 -0.103252 -0.018743
0.131911 0.051322 -0.018509 -0.004493
-0.103252 -0.018509 0.584312 0.123288
-0.018743 -0.004493 0.123288 0.050525
16.427851 1.524674 17.446912 2.051867
0.571046 0.119201 -0.076327 -0.012416
0.119201 0.048075 -0.012137 -0.002937
-0.076327 -0.012137 0.553436 0.115154
-0.012416 -0.002937 0.115154 0.048340
17.529525 1.593905 18.353098 2.029285
0.550563 0.113186 -0.073181 -0.011539
0.113186 0.046627 -0.011276 -0.002661
-0.073181 -0.011276 0.539541 0.111343
-0.011539 -0.002661 0.111343 0.047297
17.936386 1.507196 18.432550 1.833580
0.509597 0.103872 -0.063813 -0.009606
0.103872 0.044714 -0.009401 -0.002236
-0.063813 -0.009401 0.501151 0.102968
-0.009606 -0.002236 0.102968 0.045453
18.452689 1.463139 19.956621 1.957547
0.488905 0.099765 -0.050436 -0.006868
0.099765 0.044065 -0.006782 -0.001665
-0.050436 -0.006782 0.473898 0.097723
-0.006868 -0.001665 0.097723 0.044433
18.882512 1.405150 21.496718 2.072426
0.489319 0.100462 -0.029120 -0.002544
0.100462 0.044455 -0.002559 -0.000774
-0.029120 -0.002559 0.470622 0.097930
-0.002544 -0.000774 0.097930 0.044620
19.209152 1.327025 22.450887 2.052869
0.486846 0.100359 -0.023871 -0.001969
0.100359 0.044593 -0.002003 -0.000723
-0.023871 -0.002003 0.467115 0.097835
-0.001969 -0.000723 0.097835 0.044664
19.581168 1.267257 23.595117 2.076167
0.478237 0.099037 -0.006796 0.001091
0.099037 0.044459 0.001009 -0.000143
-0.006796 0.001009 0.460088 0.096968
0.001091 -0.000143 0.096968 0.044527
19.982592 1.215962 23.844434 1.908120
0.483093 0.100500 -0.009901 -0.000257
0.100500 0.044872 -0.000319 -0.000493
-0.009901 -0.000319 0.462576 0.097995
-0.000257 -0.000493 0.097995 0.044757
20.550530 1.208277 25.040361 1.959430
0.487029 0.101635 -0.000168 0.001346
0.101635 0.045171 0.001277 -0.000165
-0.000168 0.001277 0.473293 0.100628
0.001346 -0.000165 0.100628 0.045298
20.764414 1.126610 25.953423 1.944589
0.482980 0.100944 0.005127 0.001918
0.100944 0.045047 0.001852 -0.000068
0.005127 0.001852 0.474344 0.100865
0.001918 -0.000068 0.100865 0.045268
21.592466 1.182294 27.338803 2.032560
0.457229 0.095739 0.000451 0.000401
0.095739 0.043978 0.000375 -0.000394
0.000451 0.000375 0.465877 0.099015
0.000401 -0.000394 0.099015 0.044798
22.322241 1.211531 28.677092 2.101085
0.464646 0.097953 0.003787 0.000844
0.097953 0.044546 0.000817 -0.000260
0.003787 0.000817 0.484903 0.103173
0.000844 -0.000260 0.103173 0.045651
22.931254 1.212161 29.852066 2.127478
0.463361 0.098034 0.006537 0.001184
0.098034 0.044586 0.001155 -0.000150
0.006537 0.001155 0.495589 0.105120
0.001184 -0.000150 0.105120 0.045957
23.799344 1.267982 30.668127 2.074947
0.454335 0.096410 0.002089 0.000036
0.096410 0.044246 0.000002 -0.000355
0.002089 0.000002 0.494261 0.104363
0.000036 -0.000355 0.104363 0.045682
24.578498 1.298915 31.700277 2.073680
0.447320 0.095303 0.001035 -0.000233
0.095303 0.044031 -0.000275 -0.000352
0.001035 -0.000275 0.499645 0.105136
-0.000233 -0.000352 0.105136 0.045775
24.423018 1.127348 32.023777 1.924938
0.443235 0.094866 -0.012073 -0.002974
0.094866 0.043961 -0.003066 -0.000876
-0.012073 -0.003066 0.495491 0.103889
-0.002974 -0.000876 0.103889 0.045456
24.933119 1.115963 32.617448 1.847802
0.448937 0.096482 -0.010439 -0.002355
0.096482 0.044315 -0.002418 -0.000641
-0.010439 -0.002418 0.500707 0.104757
-0.002355 -0.000641 0.104757 0.045621
25.524754 1.123210 33.561323 1.851973
0.459674 0.098956 -0.007593 -0.001556
0.098956 0.044809 -0.001587 -0.000402
-0.007593 -0.001587 0.516412 0.107767
-0.001556 -0.000402 0.107767 0.046228
26.198546 1.147491 34.980340 1.954412
0.453858 0.097583 -0.015826 -0.003154
0.097583 0.044427 -0.003230 -0.000709
-0.015826 -0.003230 0.537225 0.111581
-0.003154 -0.000709 0.111581 0.046959
27.255450 1.251026 35.513426 1.863197
0.433519 0.093203 -0.027075 -0.005237
0.093203 0.043438 -0.005387 -0.001103
-0.027075 -0.005387 0.529948 0.109282
-0.005237 -0.001103 0.109282 0.046383
27.902600 1.256063 36.655985 1.906571
0.423166 0.091358 -0.036295 -0.006731
0.091358 0.043076 -0.006908 -0.001344
-0.036295 -0.006908 0.543270 0.111538
-0.006731 -0.001344 0.111538 0.046824
28.545088 1.258622 37.400552 1.863949
0.423138 0.091851 -0.043585 -0.007719
0.091851 0.043229 -0.007943 -0.001481
-0.043585 -0.007943 0.547754 0.111839
-0.007719 -0.001481 0.111839 0.046844
29.106605 1.242251 37.932206 1.782203
0.414537 0.090358 -0.043665 -0.007248
0.090358 0.042914 -0.007411 -0.001319
-0.043665 -0.007411 0.543523 0.110451
-0.007248 -0.001319 0.110451 0.046545
29.912710 1.283650 38.985918 1.816119
0.400218 0.087673 -0.042962 -0.006774
0.087673 0.042345 -0.006774 -0.001179
-0.042962 -0.006774 0.553724 0.112213
-0.006774 -0.001179 0.112213 0.046929
30.321474 1.233015 40.063082 1.849046
0.368857 0.081373 -0.041828 -0.006423
0.081373 0.040997 -0.006170 -0.001096
-0.041828 -0.006170 0.564388 0.113967
-0.006423 -0.001096 0.113967 0.047289
30.544965 1.144973 41.010884 1.851365
0.368431 0.082429 -0.039344 -0.005705
0.082429 0.041362 -0.005432 -0.000962
-0.039344 -0.005432 0.566186 0.113848
-0.005705 -0.000962 0.113848 0.047256
31.105904 1.141981 41.876609 1.839254
0.381569 0.086271 -0.036108 -0.004869
0.086271 0.042269 -0.004672 -0.000826
-0.036108 -0.004672 0.562747 0.112775
-0.004869 -0.000826 0.112775 0.047053
31.646468 1.136320 42.999606 1.879818
0.401477 0.091116 -0.032568 -0.004052
0.091116 0.043287 -0.003933 -0.000703
-0.032568 -0.003933 0.560827 0.112181
-0.004052 -0.000703 0.112181 0.046977
32.541813 1.212400 44.261769 1.946231
0.398706 0.090321 -0.012086 -0.000085
0.090321 0.042945 0.000503 0.000117
-0.012086 0.000503 0.549548 0.109919
-0.000085 0.000117 0.109919 0.046598
33.490613 1.290240 45.311800 1.963247
0.396445 0.089710 0.013742 0.004613
0.089710 0.042693 0.005596 0.001016
0.013742 0.005596 0.515791 0.103390
0.004613 0.001016 0.103390 0.045394
34.352023 1.338519 46.100706 1.924919
0.423227 0.095593 0.017425 0.004594
0.095593 0.043917 0.005307 0.000812
0.017425 0.005307 0.483405 0.097567
0.004594 0.000812 0.097567 0.044387
35.251022 1.389551 46.670708 1.844942
0.449665 0.100754 0.019894 0.004393
0.100754 0.044874 0.004949 0.000643
0.019894 0.004949 0.445392 0.090970
0.004393 0.000643 0.090970 0.043252
35.847972 1.367974 47.368182 1.798231
0.466696 0.103329 0.018216 0.003433
0.103329 0.045200 0.003880 0.000370
0.018216 0.003880 0.411776 0.085610
0.003433 0.000370 0.085610 0.042381
