2.482623 1.955165 -0.535322 -1.106181
2.465368 0.986169 -0.037608 -0.015043
0.986169 80.398543 -0.015043 -0.006017
-0.037608 -0.015043 2.477688 0.991097
-0.015043 -0.006017 0.991097 80.400514
5.650510 5.790337 0.381360 1.469705
2.248376 3.931692 -0.077691 -0.128471
3.931692 15.251884 -0.128464 -0.320151
-0.077691 -0.128464 2.276059 3.977679
-0.128471 -0.320151 3.977679 15.363586
6.520286 3.455911 3.129323 3.786748
2.012643 2.327996 -0.038220 -0.035680
2.327996 4.579972 -0.035681 -0.066906
-0.038220 -0.035681 2.025351 2.339550
-0.035680 -0.066906 2.339550 4.601718
5.397917 1.052699 2.571849 1.720531
1.721347 1.449345 -0.045839 -0.036337
1.449345 1.915913 -0.036343 -0.043434
-0.045839 -0.036343 1.732726 1.458116
-0.036337 -0.043434 1.458116 1.927650
7.621502 2.172847 3.617971 1.844690
1.467633 0.968457 -0.012367 -0.006822
0.968457 0.970664 -0.006816 -0.010939
-0.012367 -0.006816 1.481302 0.977238
-0.006822 -0.010939 0.977238 0.978768
7.683305 1.616238 5.576843 2.407593
1.299223 0.705598 -0.007765 -0.004405
0.705598 0.568648 -0.004401 -0.006549
-0.007765 -0.004401 1.305118 0.708577
-0.004405 -0.006549 0.708577 0.571530
8.565067 1.650066 7.051055 2.532361
1.147869 0.529818 -0.003236 -0.002193
0.529818 0.360700 -0.002190 -0.003736
-0.003236 -0.002190 1.151956 0.531700
-0.002193 -0.003736 0.531700 0.362412
9.194747 1.571994 7.699092 2.283779
1.029417 0.414165 -0.013328 -0.006237
0.414165 0.246111 -0.006235 -0.004360
-0.013328 -0.006235 1.033270 0.415811
-0.006237 -0.004360 0.415811 0.247356
10.145208 1.631049 8.496806 2.160528
0.934089 0.334093 -0.017971 -0.007067
0.334093 0.178014 -0.007065 -0.003737
-0.017971 -0.007065 0.937863 0.335560
-0.007067 -0.003737 0.335560 0.178947
11.464015 1.793561 9.888572 2.261024
0.861283 0.278335 -0.010776 -0.003838
0.278335 0.135826 -0.003837 -0.002030
-0.010776 -0.003837 0.864496 0.279481
-0.003838 -0.002030 0.279481 0.136486
11.959980 1.674913 11.049024 2.270017
0.796781 0.235843 -0.005520 -0.001889
0.235843 0.107776 -0.001889 -0.001117
-0.005520 -0.001889 0.798901 0.236564
-0.001889 -0.001117 0.236564 0.108199
12.467006 1.584239 12.078482 2.241135
0.747156 0.205105 -0.005754 -0.001817
0.205105 0.089202 -0.001817 -0.000916
-0.005754 -0.001817 0.748586 0.205585
-0.001817 -0.000916 0.205585 0.089491
14.113765 1.804229 13.160493 2.230972
0.699630 0.180082 -0.004613 -0.001379
0.180082 0.075959 -0.001379 -0.000666
-0.004613 -0.001379 0.701428 0.180626
-0.001379 -0.000666 0.180626 0.076219
14.716506 1.731287 13.930391 2.146714
0.664139 0.161996 -0.005354 -0.001461
0.161996 0.066979 -0.001461 -0.000592
-0.005354 -0.001461 0.665634 0.162425
-0.001461 -0.000592 0.162425 0.067173
15.357490 1.679046 13.920028 1.893841
0.625648 0.145959 -0.002403 -0.000659
0.145959 0.060133 -0.000659 -0.000327
-0.002403 -0.000659 0.627373 0.146411
-0.000659 -0.000327 0.146411 0.060306
16.524330 1.752823 14.500232 1.811177
0.602343 0.135670 0.000280 -0.000024
0.135670 0.055762 -0.000025 -0.000142
0.000280 -0.000025 0.604197 0.136117
-0.000024 -0.000142 0.136117 0.055912
17.143505 1.696431 15.648523 1.864392
0.579229 0.126876 -0.000277 -0.000171
0.126876 0.052454 -0.000171 -0.000151
-0.000277 -0.000171 0.580594 0.127182
-0.000171 -0.000151 0.127182 0.052557
17.350079 1.558717 17.034576 1.961862
0.561459 0.120426 0.000063 -0.000098
0.120426 0.050177 -0.000098 -0.000112
0.000063 -0.000098 0.562190 0.120578
-0.000098 -0.000112 0.120578 0.050237
17.979417 1.527098 17.678336 1.890679
0.544997 0.115115 -0.002907 -0.000724
0.115115 0.048492 -0.000724 -0.000226
-0.002907 -0.000724 0.545619 0.115240
-0.000724 -0.000226 0.115240 0.048540
18.741569 1.526773 18.961109 1.961211
0.530167 0.110825 0.001802 0.000324
0.110825 0.047266 0.000324 0.000019
0.001802 0.000324 0.530552 0.110898
0.000324 0.000019 0.110898 0.047298
19.144787 1.451923 20.089650 1.992003
0.519988 0.108028 0.002314 0.000394
0.108028 0.046515 0.000394 0.000037
0.002314 0.000394 0.520165 0.108058
0.000394 0.000037 0.108058 0.046536
19.528343 1.380982 21.251929 2.026513
0.509625 0.105527 0.000757 0.000037
0.105527 0.045923 0.000037 -0.000035
0.000757 0.000037 0.509649 0.105529
0.000037 -0.000035 0.105529 0.045935
20.014724 1.338693 22.522749 2.079852
0.502535 0.103976 0.001508 0.000198
0.103976 0.045592 0.000198 0.000008
0.001508 0.000198 0.502484 0.103967
0.000198 0.000008 0.103967 0.045601
20.798914 1.362595 23.056269 1.974967
0.495213 0.102531 0.003227 0.000546
0.102531 0.045315 0.000546 0.000085
0.003227 0.000546 0.495141 0.102523
0.000546 0.000085 0.102523 0.045322
20.758139 1.212880 23.796628 1.923931
0.492252 0.102118 0.003523 0.000571
0.102118 0.045269 0.000571 0.000090
0.003523 0.000571 0.492136 0.102103
0.000571 0.000090 0.102103 0.045274
21.121519 1.162395 24.643911 1.900183
0.488720 0.101600 0.002190 0.000262
0.101600 0.045196 0.000262 0.000026
0.002190 0.000262 0.488625 0.101592
0.000262 0.000026 0.101592 0.045202
21.628448 1.146920 25.593777 1.900165
0.485265 0.101116 0.002056 0.000237
0.101116 0.045126 0.000237 0.000027
0.002056 0.000237 0.485251 0.101126
0.000237 0.000027 0.101126 0.045134
22.156022 1.137375 26.440091 1.878505
0.482853 0.100860 0.003137 0.000470
0.100860 0.045098 0.000470 0.000082
0.003137 0.000470 0.482924 0.100886
0.000470 0.000082 0.100886 0.045108
22.040242 0.993834 27.936777 1.995511
0.479427 0.100377 0.002214 0.000263
0.100377 0.045015 0.000263 0.000041
0.002214 0.000263 0.479828 0.100470
0.000263 0.000041 0.100470 0.045037
22.488851 0.983569 29.248762 2.061478
0.478577 0.100441 0.001198 0.000059
0.100441 0.045042 0.000058 0.000003
0.001198 0.000058 0.479282 0.100588
0.000059 0.000003 0.100588 0.045073
23.621016 1.118203 30.355700 2.077278
0.479323 0.100792 0.001303 0.000108
0.100792 0.045117 0.000108 0.000021
0.001303 0.000108 0.480256 0.100974
0.000108 0.000021 0.100974 0.045153
24.182556 1.118640 31.646641 2.130382
0.478222 0.100686 0.001144 0.000096
0.100686 0.045082 0.000096 0.000024
0.001144 0.000096 0.479564 0.100938
0.000096 0.000024 0.100938 0.045131
24.314882 1.028789 32.160894 2.014432
0.477700 0.100683 -0.000434 -0.000216
0.100683 0.045067 -0.000217 -0.000038
-0.000434 -0.000217 0.479055 0.100918
-0.000216 -0.000038 0.100918 0.045110
25.493235 1.168927 32.647352 1.904548
0.476714 0.100556 0.001545 0.000248
0.100556 0.045024 0.000248 0.000067
0.001545 0.000248 0.477975 0.100757
0.000248 0.000067 0.100757 0.045058
25.820212 1.114597 33.472027 1.877677
0.476549 0.100593 0.000209 -0.000037
0.100593 0.045016 -0.000037 0.000004
0.000209 -0.000037 0.478143 0.100855
-0.000037 0.000004 0.100855 0.045063
25.841794 1.001455 34.441340 1.884172
0.475774 0.100479 -0.002289 -0.000541
0.100479 0.044974 -0.000541 -0.000100
-0.002289 -0.000541 0.477921 0.100844
-0.000541 -0.000100 0.100844 0.045042
26.974883 1.135066 35.562724 1.922027
0.474588 0.100272 -0.002270 -0.000469
0.100272 0.044915 -0.000470 -0.000075
-0.002270 -0.000470 0.477168 0.100708
-0.000469 -0.000075 0.100708 0.044997
27.524636 1.131315 36.585610 1.935086
0.474438 0.100290 -0.003178 -0.000610
0.100290 0.044908 -0.000610 -0.000099
-0.003178 -0.000610 0.477518 0.100807
-0.000610 -0.000099 0.100807 0.045004
28.160347 1.146146 37.620764 1.949378
0.474040 0.100241 -0.002231 -0.000353
0.100241 0.044885 -0.000353 -0.000041
-0.002231 -0.000353 0.477631 0.100838
-0.000353 -0.000041 0.100838 0.044996
28.532070 1.103701 39.085188 2.052709
0.471860 0.099808 -0.000952 -0.000061
0.099808 0.044782 -0.000060 0.000019
-0.000952 -0.000060 0.476561 0.100609
-0.000061 0.000019 0.100609 0.044934
29.502032 1.192142 39.927428 2.013949
0.472971 0.100102 -0.001161 -0.000114
0.100102 0.044841 -0.000114 -0.000001
-0.001161 -0.000114 0.477798 0.100884
-0.000114 -0.000001 0.100884 0.044985
29.776543 1.124068 40.917210 2.010235
0.473630 0.100261 -0.000347 0.000052
0.100261 0.044864 0.000053 0.000028
-0.000347 0.000053 0.479121 0.101147
0.000052 0.000028 0.101147 0.045028
30.277604 1.111159 41.910166 2.007656
0.472149 0.099944 -0.000623 -0.000030
0.099944 0.044784 -0.000029 0.000003
-0.000623 -0.000029 0.478300 0.100930
-0.000030 0.000003 0.100930 0.044968
31.253886 1.200255 43.037198 2.033728
0.472711 0.100085 -0.001370 -0.000201
0.100085 0.044808 -0.000200 -0.000038
-0.001370 -0.000200 0.479405 0.101143
-0.000201 -0.000038 0.101143 0.045005
31.886823 1.207171 43.894823 2.000151
0.475221 0.100619 -0.002539 -0.000443
0.100619 0.044913 -0.000444 -0.000090
-0.002539 -0.000444 0.482229 0.101700
-0.000443 -0.000090 0.101700 0.045113
32.401978 1.188494 45.044657 2.031686
0.473085 0.100115 -0.004526 -0.000837
0.100115 0.044789 -0.000839 -0.000170
-0.004526 -0.000839 0.481135 0.101381
-0.000837 -0.000170 0.101381 0.045030
33.262849 1.244887 45.976056 2.013999
0.473666 0.100238 -0.005066 -0.000892
0.100238 0.044811 -0.000894 -0.000172
-0.005066 -0.000894 0.482111 0.101540
-0.000892 -0.000172 0.101540 0.045058
34.410785 1.355792 46.390014 1.889416
0.473052 0.100095 -0.005099 -0.000842
0.100095 0.044776 -0.000844 -0.000155
-0.005099 -0.000844 0.481031 0.101258
-0.000842 -0.000155 0.101258 0.044993
35.277577 1.396074 47.873026 2.002821
0.472678 0.100016 -0.006582 -0.001111
0.100016 0.044757 -0.001114 -0.000209
-0.006582 -0.001114 0.482077 0.101458
-0.001111 -0.000209 0.101458 0.045037
35.365488 1.266796 48.643661 1.953834
0.470572 0.099577 -0.007809 -0.001310
0.099577 0.044664 -0.001313 -0.000246
-0.007809 -0.001313 0.480951 0.101186
-0.001310 -0.000246 0.101186 0.044979
