4.079147 2.593789 0.813201 -0.566760
2.412894 0.965179 -0.127159 -0.050865
0.965179 80.390146 -0.050865 -0.020346
-0.127159 -0.050865 2.436954 0.974803
-0.050865 -0.020346 0.974803 80.393996
7.842188 6.899359 -1.155494 -3.491035
2.254788 3.952482 -0.101924 -0.153565
3.952482 15.150786 -0.152773 -0.592545
-0.101924 -0.152773 2.345643 4.106881
-0.153565 -0.592545 4.106881 15.482672
8.020240 3.132567 1.627718 1.703025
1.946754 2.245442 -0.098460 -0.110484
2.245442 4.447513 -0.110466 -0.215990
-0.098460 -0.110466 1.995517 2.290433
-0.110484 -0.215990 2.290433 4.515742
6.153549 0.240282 4.223419 3.166838
1.682261 1.417755 -0.081098 -0.067366
1.417755 1.879803 -0.067366 -0.090442
-0.081098 -0.067366 1.696790 1.425524
-0.067366 -0.090442 1.425524 1.896152
6.521132 0.403496 3.612497 1.717988
1.464233 0.967399 -0.077199 -0.050821
0.967399 0.965452 -0.050823 -0.049805
-0.077199 -0.050823 1.484659 0.980280
-0.050821 -0.049805 0.980280 0.980355
9.423580 1.869640 4.096722 1.515050
1.279313 0.694535 -0.039611 -0.021245
0.694535 0.559572 -0.021245 -0.020379
-0.039611 -0.021245 1.309966 0.711286
-0.021245 -0.020379 0.711286 0.572467
10.405455 1.891374 4.808008 1.493695
1.144333 0.528053 -0.044566 -0.021106
0.528053 0.358068 -0.021106 -0.015401
-0.044566 -0.021106 1.170470 0.540025
-0.021106 -0.015401 0.540025 0.365817
11.367695 1.897682 6.273669 1.782490
1.037930 0.417174 -0.029028 -0.012178
0.417174 0.246037 -0.012174 -0.008574
-0.029028 -0.012174 1.057263 0.424798
-0.012178 -0.008574 0.424798 0.250523
11.622964 1.649779 7.747727 1.990889
0.958046 0.341940 -0.033448 -0.012565
0.341940 0.179834 -0.012560 -0.007051
-0.033448 -0.012560 0.970896 0.346429
-0.012565 -0.007051 0.346429 0.182421
11.744198 1.423230 8.813319 2.013842
0.873327 0.281143 -0.023939 -0.008168
0.281143 0.135911 -0.008164 -0.004420
-0.023939 -0.008164 0.882645 0.284138
-0.008168 -0.004420 0.284138 0.137602
12.515084 1.440510 10.201473 2.126181
0.811755 0.239217 -0.020369 -0.006406
0.239217 0.108161 -0.006403 -0.003195
-0.020369 -0.006403 0.818702 0.241323
-0.006406 -0.003195 0.241323 0.109332
12.890036 1.345906 11.951701 2.314087
0.755160 0.206252 -0.014141 -0.004193
0.206252 0.089045 -0.004190 -0.002115
-0.014141 -0.004190 0.758806 0.207345
-0.004193 -0.002115 0.207345 0.089768
13.662665 1.371897 12.005743 2.031359
0.704720 0.180476 -0.008467 -0.002468
0.180476 0.075721 -0.002467 -0.001372
-0.008467 -0.002467 0.709489 0.181837
-0.002468 -0.001372 0.181837 0.076406
13.375601 1.135797 12.797291 1.977354
0.669447 0.162514 -0.007408 -0.002106
0.162514 0.066866 -0.002105 -0.001092
-0.007408 -0.002105 0.672395 0.163358
-0.002106 -0.001092 0.163358 0.067331
13.574782 1.050150 13.823171 1.986165
0.631026 0.146551 -0.004095 -0.001232
0.146551 0.060103 -0.001232 -0.000739
-0.004095 -0.001232 0.632674 0.147059
-0.001232 -0.000739 0.147059 0.060426
14.129674 1.056827 14.838837 1.991221
0.607249 0.136190 -0.006642 -0.001770
0.136190 0.055760 -0.001769 -0.000758
-0.006642 -0.001769 0.608374 0.136571
-0.001770 -0.000758 0.136571 0.056009
15.022229 1.136465 15.276951 1.869350
0.584469 0.127508 -0.007583 -0.001865
0.127508 0.052511 -0.001864 -0.000682
-0.007583 -0.001864 0.586105 0.127990
-0.001865 -0.000682 0.127990 0.052747
16.416209 1.312761 16.837508 2.003020
0.561846 0.120043 -0.007807 -0.001785
0.120043 0.050039 -0.001784 -0.000585
-0.007807 -0.001784 0.563275 0.120453
-0.001785 -0.000585 0.120453 0.050228
16.793705 1.254037 17.769971 1.988480
0.542125 0.114159 -0.006782 -0.001449
0.114159 0.048268 -0.001448 -0.000451
-0.006782 -0.001448 0.542981 0.114423
-0.001449 -0.000451 0.114423 0.048402
17.281381 1.224907 18.215799 1.873961
0.528308 0.110235 -0.007685 -0.001551
0.110235 0.047153 -0.001551 -0.000429
-0.007685 -0.001551 0.529038 0.110459
-0.001551 -0.000429 0.110459 0.047260
18.336331 1.316622 18.681428 1.776197
0.513580 0.106593 -0.005644 -0.001034
0.106593 0.046244 -0.001034 -0.000284
-0.005644 -0.001034 0.514521 0.106847
-0.001034 -0.000284 0.106847 0.046343
19.060729 1.330392 19.791868 1.822302
0.504872 0.104596 -0.005823 -0.001029
0.104596 0.045781 -0.001029 -0.000263
-0.005823 -0.001029 0.505546 0.104776
-0.001029 -0.000263 0.104776 0.045853
19.433185 1.269992 21.286391 1.943081
0.501169 0.103841 -0.003886 -0.000585
0.103841 0.045623 -0.000585 -0.000155
-0.003886 -0.000585 0.501443 0.103925
-0.000585 -0.000155 0.103925 0.045666
20.142961 1.285727 22.776514 2.050670
0.494673 0.102573 -0.001576 -0.000108
0.102573 0.045371 -0.000108 -0.000051
-0.001576 -0.000108 0.494843 0.102632
-0.000108 -0.000051 0.102632 0.045403
20.061911 1.135291 23.645122 2.017847
0.488891 0.101556 -0.005465 -0.000960
0.101556 0.045187 -0.000960 -0.000232
-0.005465 -0.000960 0.488841 0.101566
-0.000960 -0.000232 0.101566 0.045205
20.090558 1.022892 24.322319 1.948503
0.485872 0.101182 -0.006062 -0.001041
0.101182 0.045144 -0.001041 -0.000236
-0.006062 -0.001041 0.485642 0.101155
-0.001041 -0.000236 0.101155 0.045151
20.462653 0.994021 25.693200 2.031252
0.482850 0.100807 -0.004111 -0.000587
0.100807 0.045092 -0.000587 -0.000130
-0.004111 -0.000587 0.482842 0.100829
-0.000587 -0.000130 0.100829 0.045108
20.937127 0.989315 26.727411 2.035130
0.479490 0.100355 -0.002993 -0.000354
0.100355 0.045018 -0.000354 -0.000081
-0.002993 -0.000354 0.479699 0.100420
-0.000354 -0.000081 0.100420 0.045039
20.931328 0.884324 27.780293 2.042277
0.475320 0.099734 -0.002440 -0.000261
0.099734 0.044902 -0.000261 -0.000066
-0.002440 -0.000261 0.475796 0.099847
-0.000261 -0.000066 0.099847 0.044931
21.721023 0.957615 29.166755 2.119304
0.474360 0.099800 -0.002302 -0.000260
0.099800 0.044930 -0.000259 -0.000070
-0.002302 -0.000259 0.475544 0.100051
-0.000260 -0.000070 0.100051 0.044984
22.508406 1.022478 29.758019 2.020699
0.475569 0.100273 0.000923 0.000397
0.100273 0.045029 0.000397 0.000066
0.000923 0.000397 0.476763 0.100502
0.000397 0.000066 0.100502 0.045075
23.272945 1.075938 30.698882 2.006098
0.478287 0.100976 -0.001283 -0.000151
0.100976 0.045160 -0.000150 -0.000062
-0.001283 -0.000150 0.479887 0.101273
-0.000151 -0.000062 0.101273 0.045217
23.598956 1.031172 31.689407 2.003410
0.478886 0.101135 -0.003464 -0.000631
0.101135 0.045161 -0.000631 -0.000162
-0.003464 -0.000631 0.481109 0.101541
-0.000631 -0.000162 0.101541 0.045238
24.694823 1.153780 32.908546 2.049446
0.478982 0.101154 -0.005830 -0.001100
0.101154 0.045132 -0.001100 -0.000250
-0.005830 -0.001100 0.482058 0.101710
-0.001100 -0.000250 0.101710 0.045237
25.453362 1.192223 34.134877 2.092039
0.474987 0.100297 -0.004909 -0.000835
0.100297 0.044922 -0.000834 -0.000178
-0.004909 -0.000834 0.479152 0.101045
-0.000835 -0.000178 0.101045 0.045064
26.292893 1.243366 34.612188 1.972219
0.476963 0.100773 -0.007252 -0.001288
0.100773 0.045013 -0.001289 -0.000267
-0.007252 -0.001289 0.480883 0.101416
-0.001288 -0.000267 0.101416 0.045126
26.800671 1.219386 35.727131 1.999306
0.473550 0.100053 -0.004764 -0.000689
0.100053 0.044842 -0.000687 -0.000129
-0.004764 -0.000687 0.478705 0.100924
-0.000689 -0.000129 0.100924 0.045002
27.518475 1.242436 37.007458 2.058562
0.474679 0.100351 -0.005580 -0.000850
0.100351 0.044900 -0.000848 -0.000165
-0.005580 -0.000848 0.481093 0.101438
-0.000850 -0.000165 0.101438 0.045102
27.968555 1.206198 37.969539 2.044273
0.471188 0.099632 -0.005872 -0.000891
0.099632 0.044737 -0.000889 -0.000174
-0.005872 -0.000889 0.478708 0.100893
-0.000891 -0.000174 0.100893 0.044971
29.340605 1.368712 38.716425 1.986855
0.469270 0.099305 -0.005835 -0.000862
0.099305 0.044669 -0.000861 -0.000169
-0.005835 -0.000861 0.476820 0.100506
-0.000862 -0.000169 0.100506 0.044886
30.397969 1.448246 40.344342 2.120965
0.466881 0.098894 -0.007204 -0.001137
0.098894 0.044586 -0.001136 -0.000228
-0.007204 -0.001136 0.476526 0.100487
-0.001137 -0.000228 0.100487 0.044885
31.330710 1.492036 40.900738 2.014806
0.470673 0.099814 -0.009592 -0.001600
0.099814 0.044788 -0.001601 -0.000323
-0.009592 -0.001601 0.479823 0.101219
-0.001600 -0.000323 0.101219 0.045041
31.846870 1.443141 41.776235 1.986744
0.472058 0.100122 -0.006558 -0.000883
0.100122 0.044839 -0.000880 -0.000162
-0.006558 -0.000880 0.482131 0.101672
-0.000883 -0.000162 0.101672 0.045125
32.389533 1.405169 42.737243 1.979737
0.472482 0.100186 -0.005862 -0.000740
0.100186 0.044834 -0.000735 -0.000139
-0.005862 -0.000735 0.483760 0.101939
-0.000740 -0.000139 0.101939 0.045163
32.628439 1.306726 43.576506 1.947562
0.472113 0.100075 -0.004734 -0.000522
0.100075 0.044793 -0.000515 -0.000102
-0.004734 -0.000515 0.484733 0.102050
-0.000522 -0.000102 0.102050 0.045169
32.411033 1.121825 44.163618 1.865427
0.469739 0.099550 -0.002794 -0.000155
0.099550 0.044671 -0.000145 -0.000035
-0.002794 -0.000145 0.483778 0.101757
-0.000155 -0.000035 0.101757 0.045095
33.421042 1.217210 45.331088 1.915127
0.465529 0.098680 -0.007329 -0.001182
0.098680 0.044486 -0.001181 -0.000268
-0.007329 -0.001181 0.481245 0.101168
-0.001182 -0.000268 0.101168 0.044967
34.435591 1.302966 45.829546 1.818939
0.468379 0.099387 -0.010212 -0.001751
0.099387 0.044650 -0.001756 -0.000380
-0.010212 -0.001756 0.483306 0.101611
-0.001751 -0.000380 0.101611 0.045069
35.067924 1.298728 46.570937 1.783589
0.471642 0.100102 -0.010497 -0.001723
0.100102 0.044798 -0.001727 -0.000358
-0.010497 -0.001727 0.487027 0.102364
-0.001723 -0.000358 0.102364 0.045228
35.794130 1.315105 47.526104 1.796988
0.470176 0.099738 -0.011902 -0.001948
0.099738 0.044703 -0.001953 -0.000396
-0.011902 -0.001953 0.487018 0.102267
-0.001948 -0.000396 0.102267 0.045196
