0.531206 1.174582 7.220073 1.996045
41.662538 16.665376 -56.706575 -22.683121
16.665376 86.670362 -22.683121 -9.073445
-56.706575 -22.683121 80.839286 32.336415
-22.683121 -9.073445 32.336415 92.938913
-1.101034 -1.197153 9.381496 1.691291
58.042339 27.361553 -84.465756 -44.000279
27.361553 34.445163 -37.164990 -39.571770
-84.465756 -37.164990 127.054317 68.008586
-44.000279 -39.571770 68.008586 71.796954
-2.078193 -1.227245 11.180696 2.210320
43.405824 14.211232 -79.793108 -40.630104
14.211232 16.007475 -24.438134 -26.048407
-79.793108 -24.438134 151.312665 77.649050
-40.630104 -26.048407 77.649050 60.550868
-2.247664 -0.803272 12.159717 2.041544
33.439209 8.008519 -75.697140 -32.460638
8.008519 8.686264 -16.162570 -15.497803
-75.697140 -16.162570 176.801822 75.106499
-32.460638 -15.497803 75.106499 44.505288
0.399711 0.837657 8.125422 -0.543422
33.894924 7.219494 -87.475425 -31.935700
7.219494 5.511943 -16.582886 -11.266604
-87.475425 -16.582886 231.570043 83.013876
-31.935700 -11.266604 83.013876 37.431349
-5.192644 -0.164560 25.382116 4.810829
9.072695 5.081960 -14.908509 -7.735632
5.081960 4.779009 -7.690433 -6.899206
-14.908509 -7.690433 26.634519 12.775343
-7.735632 -6.899206 12.775343 10.804595
0.180635 2.436720 18.866388 0.801838
0.443195 0.318310 -0.199761 -0.259903
0.318310 1.350107 0.448272 -1.655716
-0.199761 0.448272 2.993575 0.480947
-0.259903 -1.655716 0.480947 2.802165
2.688090 3.620180 19.409677 -0.211721
0.588627 0.525613 -0.577563 -0.686697
0.525613 0.924499 -0.433121 -1.287568
-0.577563 -0.433121 4.158859 1.925371
-0.686697 -1.287568 1.925371 2.491058
4.275206 3.456467 19.346648 -0.058421
0.859343 0.631932 -1.333248 -0.985017
0.631932 0.667228 -0.984281 -1.033894
-1.333248 -0.984281 6.652242 3.075000
-0.985017 -1.033894 3.075000 2.248154
6.631781 3.822822 19.070023 -0.411071
1.041223 0.606902 -2.249725 -1.130702
0.606902 0.462397 -1.310789 -0.817437
-2.249725 -1.310789 10.051922 3.984586
-1.130702 -0.817437 3.984586 2.024132
7.866238 3.493765 18.613789 -0.252239
1.500630 0.711726 -3.661777 -1.448823
0.711726 0.405583 -1.713784 -0.773714
-3.661777 -1.713784 14.399710 4.956332
-1.448823 -0.773714 4.956332 1.988341
9.266342 3.360883 19.909272 0.163332
2.140147 0.843227 -5.541265 -1.816521
0.843227 0.380300 -2.150527 -0.767167
-5.541265 -2.150527 18.922067 5.762265
-1.816521 -0.767167 5.762265 1.944699
9.737600 2.941963 21.777499 0.766734
2.327769 0.776367 -6.413380 -1.784760
0.776367 0.296485 -2.087412 -0.624647
-6.413380 -2.087412 22.771552 5.986251
-1.784760 -0.624647 5.986251 1.713951
10.076300 2.616072 25.514079 1.575786
1.254739 0.363455 -3.524198 -0.859780
0.363455 0.137075 -0.944242 -0.263088
-3.524198 -0.944242 16.232758 3.630104
-0.859780 -0.263088 3.630104 0.921164
10.753685 2.455576 28.388887 2.020142
0.516781 0.148018 -0.429559 -0.137135
0.148018 0.070464 -0.056149 -0.048685
-0.429559 -0.056149 5.547361 1.034022
-0.137135 -0.048685 1.034022 0.283305
12.945290 2.675888 24.794284 1.144272
0.469932 0.135706 0.466398 0.029912
0.135706 0.064277 0.149410 -0.004885
0.466398 0.149410 1.874292 0.267545
0.029912 -0.004885 0.267545 0.115221
14.485925 2.731109 25.490878 1.143080
0.513958 0.139401 0.586754 0.045817
0.139401 0.061126 0.155765 0.000158
0.586754 0.155765 2.146419 0.318250
0.045817 0.000158 0.318250 0.116615
15.978852 2.770844 25.558639 1.034426
0.627411 0.159054 0.778339 0.067741
0.159054 0.062570 0.182802 0.006622
0.778339 0.182802 2.255609 0.322645
0.067741 0.006622 0.322645 0.108758
17.214874 2.720292 26.693502 1.169100
0.794050 0.188937 0.928926 0.076551
0.188937 0.066692 0.196077 0.008824
0.928926 0.196077 2.404622 0.337489
0.076551 0.008824 0.337489 0.105405
18.166406 2.652463 25.836801 0.947877
0.950568 0.216793 0.829598 0.042325
0.216793 0.070687 0.171818 0.004258
0.829598 0.171818 1.467564 0.176119
0.042325 0.004258 0.176119 0.074692
19.398012 2.649624 25.631406 0.826483
1.174759 0.251668 0.909579 0.040213
0.251668 0.075150 0.178498 0.005346
0.909579 0.178498 1.273062 0.142026
0.040213 0.005346 0.142026 0.066016
20.746315 2.648710 26.229433 0.861678
1.398741 0.283234 0.922590 0.028248
0.283234 0.078976 0.167554 0.003389
0.922590 0.167554 1.183608 0.136579
0.028248 0.003389 0.136579 0.064557
20.558705 2.391020 24.886916 0.653050
1.101569 0.224054 0.246741 -0.067681
0.224054 0.067341 0.040692 -0.012787
0.246741 0.040692 0.328566 0.042278
-0.067681 -0.012787 0.042278 0.053285
21.471424 2.351331 24.655875 0.546431
1.312322 0.253557 0.208530 -0.076298
0.253557 0.071307 0.033018 -0.012573
0.208530 0.033018 0.282521 0.047742
-0.076298 -0.012573 0.047742 0.053115
22.760364 2.380429 24.556132 0.438655
1.535241 0.281808 0.163682 -0.083834
0.281808 0.074744 0.024642 -0.012408
0.163682 0.024642 0.267924 0.057149
-0.083834 -0.012408 0.057149 0.053363
22.692344 2.164589 24.407123 0.422989
1.066250 0.188315 -0.091038 -0.098692
0.188315 0.057072 -0.019579 -0.013870
-0.091038 -0.019579 0.268714 0.080894
-0.098692 -0.013870 0.080894 0.057797
23.982349 2.200238 24.724509 0.442927
1.208400 0.207653 -0.171943 -0.107854
0.207653 0.060278 -0.029655 -0.014252
-0.171943 -0.029655 0.355155 0.109288
-0.107854 -0.014252 0.109288 0.062407
24.693137 2.134831 24.969036 0.462128
1.032304 0.171384 -0.284868 -0.113175
0.171384 0.053811 -0.043704 -0.013958
-0.284868 -0.043704 0.471848 0.140678
-0.113175 -0.013958 0.140678 0.067052
25.803740 2.143784 25.290342 0.485560
0.996705 0.161833 -0.383532 -0.120693
0.161833 0.052372 -0.053616 -0.014070
-0.383532 -0.053616 0.624235 0.174286
-0.120693 -0.014070 0.174286 0.071748
26.985394 2.164957 25.624061 0.508188
0.954890 0.151775 -0.481563 -0.128397
0.151775 0.050896 -0.062026 -0.014212
-0.481563 -0.062026 0.812539 0.210343
-0.128397 -0.014212 0.210343 0.076479
28.282944 2.200113 25.794564 0.488912
0.943004 0.146832 -0.598630 -0.140731
0.146832 0.050226 -0.072642 -0.015205
-0.598630 -0.072642 1.033070 0.247486
-0.140731 -0.015205 0.247486 0.080887
30.113519 2.331913 26.032965 0.496969
0.959174 0.147742 -0.695391 -0.147043
0.147742 0.050712 -0.077922 -0.015001
-0.695391 -0.077922 1.296895 0.288371
-0.147043 -0.015001 0.288371 0.085719
31.633689 2.393264 26.179443 0.481564
0.900516 0.135093 -0.779238 -0.151667
0.135093 0.048684 -0.079804 -0.014524
-0.779238 -0.079804 1.598038 0.331127
-0.151667 -0.014524 0.331127 0.090480
32.276116 2.299499 26.690004 0.523657
0.766033 0.110408 -0.820457 -0.149590
0.110408 0.044715 -0.073378 -0.012908
-0.820457 -0.073378 1.925031 0.373901
-0.149590 -0.012908 0.373901 0.094940
33.196756 2.261382 27.115775 0.548991
0.742893 0.105578 -0.924969 -0.158071
0.105578 0.044129 -0.078155 -0.013368
-0.924969 -0.078155 2.315356 0.421411
-0.158071 -0.013368 0.421411 0.099651
33.775685 2.143468 27.333745 0.521703
0.739560 0.102926 -1.063822 -0.171633
0.102926 0.043490 -0.089349 -0.014990
-1.063822 -0.089349 2.743929 0.468632
-0.171633 -0.014990 0.468632 0.103735
35.130464 2.209386 27.668947 0.544166
0.796736 0.112466 -1.216386 -0.184235
0.112466 0.045281 -0.101859 -0.016315
-1.216386 -0.101859 3.219517 0.517764
-0.184235 -0.016315 0.517764 0.107871
36.280973 2.212452 27.802538 0.522935
0.846583 0.118327 -1.386834 -0.198874
0.118327 0.045852 -0.116755 -0.018065
-1.386834 -0.116755 3.736758 0.567519
-0.198874 -0.018065 0.567519 0.111745
37.310526 2.189336 27.962323 0.504148
0.888475 0.121547 -1.560174 -0.212862
0.121547 0.045819 -0.129535 -0.019419
-1.560174 -0.129535 4.310026 0.620686
-0.212862 -0.019419 0.620686 0.115942
38.674714 2.250233 28.173456 0.508039
0.944506 0.127323 -1.741134 -0.226190
0.127323 0.046401 -0.141366 -0.020422
-1.741134 -0.141366 4.942068 0.677015
-0.226190 -0.020422 0.677015 0.120374
39.477335 2.176937 28.477183 0.503115
0.973763 0.126286 -1.921772 -0.239333
0.126286 0.045439 -0.150798 -0.021263
-1.921772 -0.150798 5.627908 0.735649
-0.239333 -0.021263 0.735649 0.124862
40.610421 2.189357 28.763089 0.509508
1.031556 0.130771 -2.130478 -0.254118
0.130771 0.045638 -0.164772 -0.022453
-2.130478 -0.164772 6.369612 0.795503
-0.254118 -0.022453 0.795503 0.129180
41.765444 2.216839 29.265211 0.544386
1.092615 0.135154 -2.350986 -0.269115
0.135154 0.045811 -0.178717 -0.023548
-2.350986 -0.178717 7.171015 0.857603
-0.269115 -0.023548 0.857603 0.133546
42.608064 2.148966 29.448476 0.523214
1.163408 0.139616 -2.610636 -0.287512
0.139616 0.045602 -0.200512 -0.025552
-2.610636 -0.200512 8.006728 0.917456
-0.287512 -0.025552 0.917456 0.137264
43.770433 2.181841 29.938602 0.554421
1.248224 0.146747 -2.881188 -0.305244
0.146747 0.046194 -0.220529 -0.027070
-2.881188 -0.220529 8.912209 0.980878
-0.305244 -0.027070 0.980878 0.141289
44.905045 2.186521 30.105754 0.543081
1.348816 0.155328 -3.188245 -0.325377
0.155328 0.046764 -0.247158 -0.029208
-3.188245 -0.247158 9.847960 1.041826
-0.325377 -0.029208 1.041826 0.144749
45.806568 2.157521 30.696799 0.572279
1.438174 0.160619 -3.497438 -0.344735
0.160619 0.046841 -0.268198 -0.030678
-3.497438 -0.268198 10.873621 1.108830
-0.344735 -0.030678 1.108830 0.148813
46.802997 2.128198 30.792984 0.548057
1.560036 0.170976 -3.855147 -0.366865
0.170976 0.047567 -0.300579 -0.033119
-3.855147 -0.300579 11.890021 1.168397
-0.366865 -0.033119 1.168397 0.151768
47.891654 2.154338 31.459826 0.591358
1.677908 0.179520 -4.216262 -0.388069
0.179520 0.048245 -0.325159 -0.034635
-4.216262 -0.325159 13.029284 1.237503
-0.388069 -0.034635 1.237503 0.155719
48.230134 1.964692 31.466294 0.531175
1.809251 0.188295 -4.625074 -0.412405
0.188295 0.048332 -0.361551 -0.037307
-4.625074 -0.361551 14.136593 1.297059
-0.412405 -0.037307 1.297059 0.158384
