0.089853 0.998036 4.243993 0.805587
1.970132 0.788070 -0.001242 -0.000497
0.788070 80.319301 -0.000497 -0.000199
-0.001242 -0.000497 3.232213 1.292913
-0.000497 -0.000199 1.292913 80.521243
2.842970 5.039387 2.619726 -2.610566
2.486560 4.458252 -1.042562 -1.756863
4.458252 14.896819 -1.868905 -3.152896
-1.042562 -1.868905 3.701439 6.238266
-1.756863 -3.152896 6.238266 21.003870
4.671983 4.285900 1.940182 -1.958616
2.773257 3.115092 -0.499837 -0.366051
3.115092 5.086144 -0.492140 -0.461342
-0.499837 -0.492140 1.645986 1.806656
-0.366051 -0.461342 1.806656 4.507041
7.048352 4.523590 3.223250 0.083329
1.622992 1.295928 0.330323 0.373736
1.295928 1.650733 0.277647 0.229121
0.330323 0.277647 0.666856 0.614325
0.373736 0.229121 0.614325 1.463896
9.056335 4.296943 4.772635 1.344986
1.384685 0.888282 0.146913 0.078603
0.888282 0.872482 0.056060 -0.011563
0.146913 0.056060 0.933739 0.771785
0.078603 -0.011563 0.771785 1.003056
8.085829 2.634779 5.258509 1.304830
0.283657 0.153988 -0.070996 -0.053899
0.153988 0.254831 -0.076473 -0.063704
-0.070996 -0.076473 1.200362 0.787165
-0.053899 -0.063704 0.787165 0.692519
8.311483 2.015297 6.661589 1.711421
0.324032 0.183187 -0.159433 -0.087460
0.183187 0.204062 -0.102603 -0.059512
-0.159433 -0.102603 1.243356 0.653688
-0.087460 -0.059512 0.653688 0.445403
9.334221 2.022542 7.349270 1.638003
0.457310 0.234536 -0.209221 -0.091031
0.234536 0.182443 -0.103838 -0.047094
-0.209221 -0.103838 1.226268 0.535711
-0.091031 -0.047094 0.535711 0.300999
9.256914 1.527857 7.121185 1.237833
0.494345 0.218202 -0.322273 -0.117642
0.218202 0.138780 -0.135255 -0.050772
-0.322273 -0.135255 1.075950 0.401607
-0.117642 -0.050772 0.401607 0.198711
9.866853 1.489671 9.338212 1.767889
0.575337 0.223341 -0.279446 -0.084877
0.223341 0.118807 -0.096814 -0.030447
-0.279446 -0.096814 0.958670 0.315305
-0.084877 -0.030447 0.315305 0.142290
10.492418 1.460001 11.006481 2.001765
0.625060 0.214757 -0.247530 -0.064226
0.214757 0.100189 -0.073469 -0.019980
-0.247530 -0.073469 0.852617 0.252317
-0.064226 -0.019980 0.252317 0.107170
11.564648 1.575818 12.576662 2.164661
0.649831 0.200283 -0.212467 -0.047762
0.200283 0.085014 -0.054682 -0.013139
-0.212467 -0.054682 0.781064 0.212058
-0.047762 -0.013139 0.212058 0.086362
12.404710 1.581842 13.049338 2.008850
0.636012 0.178205 -0.183313 -0.036693
0.178205 0.071572 -0.041993 -0.009268
-0.183313 -0.041993 0.701488 0.177262
-0.036693 -0.009268 0.177262 0.071291
12.923154 1.505018 13.665149 1.910164
0.636732 0.164543 -0.177676 -0.032970
0.164543 0.063402 -0.037433 -0.007845
-0.177676 -0.037433 0.664299 0.158426
-0.032970 -0.007845 0.158426 0.062895
13.750479 1.511726 13.757107 1.711202
0.628995 0.152002 -0.161149 -0.027424
0.152002 0.057395 -0.030698 -0.006093
-0.161149 -0.030698 0.653162 0.148911
-0.027424 -0.006093 0.148911 0.058257
14.612885 1.539334 14.835019 1.762437
0.616905 0.141184 -0.138735 -0.021413
0.141184 0.053074 -0.023950 -0.004538
-0.138735 -0.023950 0.626855 0.137682
-0.021413 -0.004538 0.137682 0.054116
15.399628 1.546226 15.963124 1.816100
0.565875 0.124040 -0.107416 -0.014818
0.124040 0.048237 -0.016719 -0.003152
-0.107416 -0.016719 0.562682 0.120126
-0.014818 -0.003152 0.120126 0.049326
16.201402 1.553355 16.952278 1.833739
0.546895 0.116461 -0.085795 -0.010484
0.116461 0.046235 -0.011970 -0.002274
-0.085795 -0.011970 0.538924 0.113298
-0.010484 -0.002274 0.113298 0.047453
17.197149 1.597432 17.693228 1.799672
0.527323 0.110165 -0.058166 -0.005286
0.110165 0.044866 -0.006396 -0.001268
-0.058166 -0.006396 0.523245 0.109126
-0.005286 -0.001268 0.109126 0.046414
18.398125 1.680313 18.546650 1.794637
0.517731 0.106818 -0.044878 -0.003382
0.106818 0.044294 -0.004225 -0.000995
-0.044878 -0.004225 0.519127 0.107696
-0.003382 -0.000995 0.107696 0.046047
19.164233 1.662654 19.149868 1.732923
0.516856 0.105822 -0.038868 -0.002967
0.105822 0.044293 -0.003644 -0.001012
-0.038868 -0.003644 0.520271 0.107501
-0.002967 -0.001012 0.107501 0.045982
19.578194 1.583732 20.911509 1.914299
0.506397 0.103245 -0.025147 -0.000970
0.103245 0.044006 -0.001607 -0.000703
-0.025147 -0.001607 0.499904 0.103021
-0.000970 -0.000703 0.103021 0.045072
20.090108 1.526807 21.897717 1.918420
0.510576 0.104046 -0.012882 0.000772
0.104046 0.044440 0.000213 -0.000405
-0.012882 0.000213 0.503369 0.103916
0.000772 -0.000405 0.103916 0.045357
20.601106 1.477169 23.289487 2.006526
0.490518 0.099915 -0.004854 0.001465
0.099915 0.043821 0.001010 -0.000338
-0.004854 0.001010 0.484300 0.100042
0.001465 -0.000338 0.100042 0.044617
21.116885 1.431440 24.233452 1.993462
0.494400 0.101107 -0.004251 0.000813
0.101107 0.044327 0.000444 -0.000495
-0.004251 0.000444 0.489686 0.101564
0.000813 -0.000495 0.101564 0.045044
21.546776 1.373840 25.878285 2.127564
0.476249 0.097667 -0.021578 -0.003431
0.097667 0.043812 -0.003657 -0.001356
-0.021578 -0.003657 0.481187 0.099987
-0.003431 -0.001356 0.099987 0.044765
21.287378 1.178185 26.788878 2.093659
0.456547 0.094257 -0.013308 -0.001838
0.094257 0.043329 -0.002022 -0.000928
-0.013308 -0.002022 0.466119 0.097219
-0.001838 -0.000928 0.097219 0.044262
22.048860 1.213894 27.652669 2.055538
0.435478 0.090785 -0.011899 -0.001765
0.090785 0.042828 -0.001899 -0.000849
-0.011899 -0.001899 0.452696 0.094978
-0.001765 -0.000849 0.094978 0.043886
22.705628 1.225082 29.282663 2.182924
0.419298 0.088510 -0.018676 -0.003357
0.088510 0.042561 -0.003436 -0.001120
-0.018676 -0.003436 0.456608 0.096505
-0.003357 -0.001120 0.096505 0.044304
23.992860 1.368947 29.970083 2.098173
0.412252 0.088220 -0.021464 -0.003899
0.088220 0.042676 -0.003961 -0.001149
-0.021464 -0.003961 0.453267 0.096256
-0.003899 -0.001149 0.096256 0.044280
24.422392 1.313309 30.805481 2.052079
0.413569 0.089592 -0.015633 -0.002522
0.089592 0.043082 -0.002543 -0.000765
-0.015633 -0.002543 0.460334 0.098186
-0.002522 -0.000765 0.098186 0.044705
24.599171 1.207305 31.243625 1.925505
0.425447 0.092958 -0.015416 -0.002452
0.092958 0.043838 -0.002478 -0.000708
-0.015416 -0.002478 0.468003 0.099975
-0.002452 -0.000708 0.099975 0.045045
24.762509 1.110271 31.955188 1.870992
0.426028 0.093368 -0.022983 -0.004064
0.093368 0.043845 -0.004111 -0.001026
-0.022983 -0.004111 0.477109 0.101839
-0.004064 -0.001026 0.101839 0.045364
25.536483 1.157218 32.407400 1.768554
0.429595 0.094332 -0.019227 -0.003088
0.094332 0.043969 -0.003104 -0.000755
-0.019227 -0.003104 0.479651 0.102132
-0.003088 -0.000755 0.102132 0.045332
25.829821 1.096674 34.156549 1.951605
0.421234 0.092499 -0.021515 -0.003535
0.092499 0.043462 -0.003473 -0.000814
-0.021515 -0.003473 0.508269 0.107935
-0.003535 -0.000814 0.107935 0.046483
25.871854 0.986244 35.507681 2.029432
0.412076 0.090642 -0.018396 -0.002799
0.090642 0.042999 -0.002647 -0.000620
-0.018396 -0.002647 0.526785 0.111048
-0.002799 -0.000620 0.111048 0.046977
26.470090 1.009746 36.633289 2.052881
0.413477 0.091236 -0.017166 -0.002511
0.091236 0.043109 -0.002346 -0.000550
-0.017166 -0.002346 0.539561 0.112718
-0.002511 -0.000550 0.112718 0.047158
27.229313 1.066296 37.774314 2.077249
0.407446 0.090048 -0.022349 -0.003601
0.090048 0.042801 -0.003497 -0.000791
-0.022349 -0.003497 0.551141 0.114070
-0.003601 -0.000791 0.114070 0.047294
28.040777 1.128326 38.927741 2.101554
0.424683 0.094089 -0.026160 -0.004234
0.094089 0.043674 -0.004227 -0.000910
-0.026160 -0.004227 0.562898 0.115457
-0.004234 -0.000910 0.115457 0.047469
28.730785 1.153919 39.236883 1.951013
0.406246 0.089786 -0.027217 -0.004357
0.089786 0.042616 -0.004360 -0.000924
-0.027217 -0.004360 0.548389 0.111506
-0.004357 -0.000924 0.111506 0.046582
29.535394 1.206133 40.734466 2.057524
0.404654 0.089628 -0.031172 -0.005019
0.089628 0.042578 -0.005021 -0.001037
-0.031172 -0.005021 0.569772 0.115345
-0.005019 -0.001037 0.115345 0.047387
30.436942 1.273179 41.957936 2.097793
0.417900 0.092767 -0.027574 -0.004062
0.092767 0.043272 -0.004028 -0.000802
-0.027574 -0.004028 0.571664 0.115007
-0.004062 -0.000802 0.115007 0.047302
30.960165 1.246940 42.716826 2.039276
0.408211 0.090475 -0.020711 -0.002654
0.090475 0.042694 -0.002504 -0.000508
-0.020711 -0.002504 0.555752 0.111266
-0.002654 -0.000508 0.111266 0.046570
31.392273 1.204917 43.862698 2.063868
0.428667 0.095066 -0.024103 -0.003328
0.095066 0.043695 -0.003372 -0.000694
-0.024103 -0.003372 0.550451 0.110061
-0.003328 -0.000694 0.110061 0.046418
33.220374 1.472307 43.908551 1.870740
0.324319 0.071905 0.063298 0.013794
0.071905 0.038540 0.015671 0.003027
0.063298 0.015671 0.473706 0.095037
0.013794 0.003027 0.095037 0.043576
34.360300 1.564460 44.694977 1.839638
0.329172 0.074868 0.076419 0.014967
0.074868 0.039542 0.016814 0.002984
0.076419 0.016814 0.451165 0.091811
0.014967 0.002984 0.091811 0.043223
34.953953 1.521135 45.520221 1.821280
0.359702 0.083388 0.057061 0.009352
0.083388 0.041679 0.010574 0.001462
0.057061 0.010574 0.447256 0.092671
0.009352 0.001462 0.092671 0.043695
35.694111 1.516515 46.412622 1.817616
0.396328 0.092255 0.038709 0.004554
0.092255 0.043637 0.005491 0.000356
0.038709 0.005491 0.441388 0.092832
0.004554 0.000356 0.092832 0.043903
36.224023 1.468220 46.766837 1.701371
0.428795 0.099062 0.020088 0.000324
0.099062 0.044910 0.001232 -0.000441
0.020088 0.001232 0.416910 0.088787
0.000324 -0.000441 0.088787 0.043129
37.327832 1.556823 47.009519 1.566896
0.473495 0.107822 0.007810 -0.002159
0.107822 0.046520 -0.001050 -0.000765
0.007810 -0.001050 0.393354 0.084993
-0.002159 -0.000765 0.084993 0.042394
