3.503749 2.363624 0.842102 -0.555199
2.368723 0.947510 -0.091771 -0.036709
0.947510 80.383079 -0.036709 -0.014684
-0.091771 -0.036709 2.383631 0.953473
-0.036709 -0.014684 0.953473 80.385464
4.288674 1.669983 1.036009 0.269552
2.273728 3.994858 -0.079656 -0.121614
3.994858 15.113811 -0.121464 -0.448889
-0.079656 -0.121464 2.305343 4.047406
-0.121614 -0.448889 4.047406 15.244354
3.772433 0.119439 3.432726 2.865002
2.022676 2.325741 -0.078784 -0.087681
2.325741 4.508838 -0.087710 -0.165107
-0.078784 -0.087710 2.022760 2.322558
-0.087681 -0.165107 2.322558 4.515406
3.671915 -0.014715 4.724193 2.746865
1.742764 1.458045 -0.064975 -0.053220
1.458045 1.900744 -0.053233 -0.069239
-0.064975 -0.053233 1.737023 1.453661
-0.053220 -0.069239 1.453661 1.902805
4.119920 0.283332 4.506222 1.702635
1.481602 0.971098 -0.065063 -0.042258
0.971098 0.962846 -0.042254 -0.039741
-0.065063 -0.042254 1.482563 0.972919
-0.042258 -0.039741 0.972919 0.967147
6.112454 1.282717 6.518083 2.330626
1.282429 0.692096 -0.029437 -0.015320
0.692096 0.556801 -0.015336 -0.014806
-0.029437 -0.015336 1.284347 0.694032
-0.015320 -0.014806 0.694032 0.559469
8.905903 2.272116 6.673238 1.865326
1.158539 0.532513 -0.029950 -0.014013
0.532513 0.359911 -0.014022 -0.010708
-0.029950 -0.014022 1.172268 0.539483
-0.014013 -0.010708 0.539483 0.364035
9.872425 2.204037 8.017528 2.030374
1.053982 0.422265 -0.023225 -0.009706
0.422265 0.248143 -0.009710 -0.006724
-0.023225 -0.009710 1.062811 0.425995
-0.009706 -0.006724 0.425995 0.250089
10.344397 1.979772 9.142068 2.069600
0.953957 0.339489 -0.017372 -0.006647
0.339489 0.179085 -0.006648 -0.004336
-0.017372 -0.006648 0.959108 0.341359
-0.006647 -0.004336 0.341359 0.180014
11.349983 1.985078 9.711114 1.919886
0.880390 0.282987 -0.017833 -0.006223
0.282987 0.136740 -0.006224 -0.003421
-0.017833 -0.006224 0.885829 0.284738
-0.006223 -0.003421 0.284738 0.137481
12.324074 1.979928 10.110299 1.754873
0.804421 0.236768 -0.014621 -0.004707
0.236768 0.107644 -0.004708 -0.002413
-0.014621 -0.004708 0.810358 0.238482
-0.004707 -0.002413 0.238482 0.108270
12.760067 1.828601 11.050512 1.772257
0.752420 0.205505 -0.012870 -0.003846
0.205505 0.089063 -0.003846 -0.001810
-0.012870 -0.003846 0.756517 0.206550
-0.003846 -0.001810 0.206550 0.089430
13.311610 1.735575 12.132705 1.822607
0.703615 0.180307 -0.014824 -0.004051
0.180307 0.075874 -0.004051 -0.001605
-0.014824 -0.004051 0.706244 0.180900
-0.004051 -0.001605 0.180900 0.076086
14.353777 1.777894 13.325716 1.890995
0.656162 0.159440 -0.011701 -0.002967
0.159440 0.066282 -0.002966 -0.001136
-0.011701 -0.002966 0.658193 0.159863
-0.002967 -0.001136 0.159863 0.066433
15.192147 1.766131 14.089741 1.848768
0.623904 0.145248 -0.010168 -0.002408
0.145248 0.059971 -0.002407 -0.000870
-0.010168 -0.002407 0.625790 0.145626
-0.002408 -0.000870 0.145626 0.060099
15.653715 1.671333 15.380993 1.931241
0.598347 0.134596 -0.004819 -0.001058
0.134596 0.055549 -0.001057 -0.000471
-0.004819 -0.001057 0.599109 0.134711
-0.001058 -0.000471 0.134711 0.055607
16.419859 1.656123 16.824005 2.035738
0.574891 0.125881 -0.002511 -0.000535
0.125881 0.052285 -0.000534 -0.000306
-0.002511 -0.000534 0.574950 0.125854
-0.000535 -0.000306 0.125854 0.052309
17.544523 1.719778 17.560778 1.975419
0.555050 0.119108 -0.000917 -0.000211
0.119108 0.049954 -0.000210 -0.000202
-0.000917 -0.000210 0.555391 0.119164
-0.000211 -0.000202 0.119164 0.049994
18.496769 1.739298 18.729540 2.013706
0.539698 0.114163 0.001667 0.000303
0.114163 0.048360 0.000304 -0.000069
0.001667 0.000304 0.539884 0.114194
0.000303 -0.000069 0.114194 0.048391
19.438333 1.754398 19.566901 1.978185
0.527360 0.110473 0.000791 0.000054
0.110473 0.047260 0.000055 -0.000108
0.000791 0.000055 0.527566 0.110516
0.000054 -0.000108 0.110516 0.047290
19.773531 1.641730 19.849831 1.831289
0.514774 0.107184 0.000400 -0.000051
0.107184 0.046395 -0.000051 -0.000112
0.000400 -0.000051 0.514946 0.107223
-0.000051 -0.000112 0.107223 0.046421
20.601385 1.643221 20.620529 1.801190
0.504608 0.104771 0.000476 -0.000040
0.104771 0.045818 -0.000039 -0.000090
0.000476 -0.000039 0.504772 0.104811
-0.000040 -0.000090 0.104811 0.045841
20.793505 1.512614 21.397642 1.775735
0.496109 0.102959 0.000527 -0.000027
0.102959 0.045428 -0.000027 -0.000071
0.000527 -0.000027 0.496168 0.102977
-0.000027 -0.000071 0.102977 0.045444
21.064201 1.411655 22.499936 1.820422
0.491721 0.102172 0.000075 -0.000115
0.102172 0.045285 -0.000115 -0.000076
0.000075 -0.000115 0.491698 0.102174
-0.000115 -0.000076 0.102174 0.045296
21.730949 1.403429 23.806797 1.903003
0.489194 0.101828 -0.001107 -0.000344
0.101828 0.045240 -0.000344 -0.000110
-0.001107 -0.000344 0.489229 0.101845
-0.000344 -0.000110 0.101845 0.045252
22.163063 1.347161 25.057714 1.965489
0.484334 0.101003 -0.000750 -0.000229
0.101003 0.045090 -0.000229 -0.000071
-0.000750 -0.000229 0.484517 0.101051
-0.000229 -0.000071 0.101051 0.045107
22.232095 1.220815 25.775552 1.910169
0.481512 0.100652 0.000690 0.000099
0.100652 0.045043 0.000099 0.000008
0.000690 0.000099 0.481725 0.100702
0.000099 0.000008 0.100702 0.045058
22.679280 1.186637 26.537964 1.869816
0.479005 0.100363 0.000749 0.000106
0.100363 0.045002 0.000106 0.000011
0.000749 0.000106 0.479303 0.100426
0.000106 0.000011 0.100426 0.045018
23.660119 1.268038 27.264729 1.826064
0.474407 0.099622 0.000779 0.000109
0.099622 0.044859 0.000109 0.000013
0.000779 0.000109 0.474794 0.099700
0.000109 0.000013 0.099700 0.044876
23.906436 1.186341 28.763400 1.949397
0.475567 0.100123 0.001726 0.000305
0.100123 0.044979 0.000305 0.000056
0.001726 0.000305 0.476702 0.100352
0.000305 0.000056 0.100352 0.045027
24.960207 1.283439 29.947304 1.993424
0.476153 0.100413 0.001001 0.000131
0.100413 0.045034 0.000131 0.000017
0.001001 0.000131 0.477689 0.100706
0.000131 0.000017 0.100706 0.045092
24.896594 1.134574 30.746524 1.951875
0.474772 0.100226 -0.000310 -0.000146
0.100226 0.044977 -0.000146 -0.000039
-0.000310 -0.000146 0.476787 0.100598
-0.000146 -0.000039 0.100598 0.045048
25.251426 1.089662 31.891691 1.987630
0.473520 0.100058 -0.000098 -0.000075
0.100058 0.044925 -0.000075 -0.000017
-0.000098 -0.000075 0.476284 0.100560
-0.000075 -0.000017 0.100560 0.045021
25.816685 1.093992 32.765419 1.962261
0.474744 0.100404 0.001639 0.000309
0.100404 0.044984 0.000309 0.000068
0.001639 0.000309 0.477851 0.100943
0.000309 0.000068 0.100943 0.045082
26.443524 1.110927 33.393072 1.887581
0.476458 0.100800 0.000676 0.000084
0.100800 0.045044 0.000084 0.000016
0.000676 0.000084 0.479598 0.101311
0.000084 0.000016 0.101311 0.045134
26.776907 1.063936 34.472129 1.916169
0.473813 0.100221 0.001640 0.000291
0.100221 0.044894 0.000291 0.000061
0.001640 0.000291 0.478013 0.100932
0.000291 0.000061 0.100932 0.045025
27.191055 1.038979 35.615277 1.955259
0.470248 0.099496 0.000191 -0.000032
0.099496 0.044727 -0.000033 -0.000010
0.000191 -0.000033 0.475647 0.100421
-0.000032 -0.000010 0.100421 0.044901
27.939896 1.087542 36.647432 1.966747
0.472272 0.100012 0.000040 -0.000048
0.100012 0.044835 -0.000049 -0.000010
0.000040 -0.000049 0.478322 0.101019
-0.000048 -0.000010 0.101019 0.045022
28.653367 1.123466 37.867473 2.016699
0.473548 0.100304 -0.003849 -0.000854
0.100304 0.044884 -0.000857 -0.000177
-0.003849 -0.000857 0.480706 0.101491
-0.000854 -0.000177 0.101491 0.045105
29.069058 1.092520 38.704347 1.980508
0.475289 0.100657 -0.003953 -0.000786
0.100657 0.044941 -0.000789 -0.000147
-0.003953 -0.000789 0.483054 0.101911
-0.000786 -0.000147 0.101911 0.045172
29.802267 1.131963 39.181210 1.872359
0.472774 0.100073 -0.002909 -0.000494
0.100073 0.044797 -0.000496 -0.000075
-0.002909 -0.000496 0.480461 0.101255
-0.000494 -0.000075 0.101255 0.045010
30.408455 1.140495 40.181907 1.885964
0.473038 0.100135 -0.002429 -0.000359
0.100135 0.044804 -0.000359 -0.000046
-0.002429 -0.000359 0.481815 0.101506
-0.000359 -0.000046 0.101506 0.045058
30.758332 1.093816 41.035077 1.866975
0.470424 0.099579 -0.000824 -0.000007
0.099579 0.044680 -0.000004 0.000025
-0.000824 -0.000004 0.480432 0.101161
-0.000007 0.000025 0.101161 0.044979
31.040409 1.037866 42.410408 1.959917
0.468298 0.099175 -0.003806 -0.000657
0.099175 0.044598 -0.000658 -0.000123
-0.003806 -0.000658 0.480806 0.101225
-0.000657 -0.000123 0.101225 0.044994
31.743683 1.076916 43.338726 1.949119
0.466010 0.098767 -0.004743 -0.000815
0.098767 0.044521 -0.000817 -0.000153
-0.004743 -0.000817 0.479525 0.100939
-0.000815 -0.000153 0.100939 0.044935
32.727172 1.171101 43.832517 1.848123
0.466553 0.098988 -0.005227 -0.000868
0.098988 0.044579 -0.000871 -0.000160
-0.005227 -0.000871 0.479516 0.100951
-0.000868 -0.000160 0.100951 0.044944
33.156695 1.137972 44.753883 1.847462
0.469745 0.099733 -0.006257 -0.001038
0.099733 0.044739 -0.001041 -0.000192
-0.006257 -0.001041 0.483815 0.101869
-0.001038 -0.000192 0.101869 0.045143
33.965781 1.188963 45.705941 1.853593
0.471325 0.100054 -0.005124 -0.000744
0.100054 0.044794 -0.000744 -0.000126
-0.005124 -0.000744 0.486269 0.102311
-0.000744 -0.000126 0.102311 0.045224
34.961010 1.274112 46.788286 1.886585
0.471700 0.100085 -0.006887 -0.001098
0.100085 0.044782 -0.001100 -0.000205
-0.006887 -0.001100 0.487791 0.102524
-0.001098 -0.000205 0.102524 0.045253
35.370125 1.225702 47.652595 1.869811
0.473292 0.100374 -0.007087 -0.001093
0.100374 0.044830 -0.001094 -0.000202
-0.007087 -0.001094 0.490587 0.102999
-0.001093 -0.000202 0.102999 0.045339
