3.720801 2.450447 1.648819 -0.232505
2.561045 1.024440 -0.240763 -0.096307
1.024440 80.413852 -0.096307 -0.038524
-0.240763 -0.096307 2.603213 1.041308
-0.096307 -0.038524 1.041308 80.420599
3.909435 0.630954 0.805423 -1.517039
2.358859 4.101102 -0.259341 -0.402074
4.101102 15.772413 -0.401343 -1.297919
-0.259341 -0.401343 2.439889 4.233383
-0.402074 -1.297919 4.233383 16.107409
5.747453 2.382903 -0.416152 -2.037219
2.018140 2.325371 -0.222690 -0.240096
2.325371 4.641098 -0.239395 -0.441749
-0.222690 -0.239395 2.160924 2.481387
-0.240096 -0.441749 2.481387 4.849534
5.333183 1.038803 1.605310 0.506182
1.714767 1.447562 -0.229876 -0.186712
1.447562 1.944444 -0.186972 -0.223856
-0.229876 -0.186972 1.784968 1.495859
-0.186712 -0.223856 1.495859 1.994972
6.052855 1.175263 2.736342 1.086727
1.508973 1.001363 -0.156996 -0.098089
1.001363 1.007553 -0.098079 -0.096493
-0.156996 -0.098079 1.557846 1.028237
-0.098089 -0.096493 1.028237 1.032316
6.128049 0.897580 4.157338 1.562764
1.341946 0.731638 -0.176927 -0.093534
0.731638 0.590049 -0.093637 -0.069376
-0.176927 -0.093637 1.368197 0.743347
-0.093534 -0.069376 0.743347 0.601324
7.919010 1.519787 5.300770 1.733080
1.178914 0.545576 -0.115045 -0.050609
0.545576 0.371901 -0.050616 -0.034505
-0.115045 -0.050616 1.210689 0.559467
-0.050609 -0.034505 0.559467 0.381905
8.357877 1.390961 6.646222 1.925633
1.057130 0.426129 -0.096038 -0.037323
0.426129 0.253295 -0.037336 -0.022601
-0.096038 -0.037336 1.076669 0.433702
-0.037323 -0.022601 0.433702 0.258825
9.535585 1.563367 7.165603 1.767127
0.965486 0.345767 -0.089579 -0.031355
0.345767 0.183710 -0.031359 -0.016570
-0.089579 -0.031359 0.989241 0.354359
-0.031355 -0.016570 0.354359 0.188597
10.366306 1.578955 7.583618 1.616572
0.884314 0.285872 -0.084347 -0.026751
0.285872 0.139249 -0.026751 -0.012492
-0.084347 -0.026751 0.908908 0.293942
-0.026751 -0.012492 0.293942 0.143156
11.196035 1.591406 9.207246 1.857998
0.815590 0.241378 -0.074582 -0.021526
0.241378 0.110106 -0.021531 -0.009176
-0.074582 -0.021531 0.831553 0.246148
-0.021526 -0.009176 0.246148 0.112452
11.996302 1.593525 11.214344 2.153984
0.765014 0.209920 -0.052092 -0.013665
0.209920 0.091029 -0.013677 -0.005833
-0.052092 -0.013677 0.771973 0.211895
-0.013665 -0.005833 0.211895 0.092279
12.611530 1.546160 11.322712 1.904490
0.709768 0.182537 -0.040686 -0.009960
0.182537 0.076962 -0.009967 -0.004181
-0.040686 -0.009967 0.719014 0.185073
-0.009960 -0.004181 0.185073 0.078179
13.072034 1.469919 12.193641 1.884458
0.668961 0.163044 -0.035820 -0.008327
0.163044 0.067527 -0.008334 -0.003309
-0.035820 -0.008334 0.675906 0.164882
-0.008327 -0.003309 0.164882 0.068413
13.951971 1.503604 12.915772 1.833167
0.641073 0.149506 -0.020421 -0.004376
0.149506 0.061207 -0.004384 -0.002030
-0.020421 -0.004384 0.648264 0.151320
-0.004376 -0.002030 0.151320 0.061973
14.665319 1.494920 13.737204 1.811734
0.613597 0.138016 -0.019020 -0.004048
0.138016 0.056458 -0.004055 -0.001744
-0.019020 -0.004055 0.619846 0.139519
-0.004048 -0.001744 0.139519 0.057061
15.859689 1.592771 15.168509 1.926791
0.582859 0.127427 -0.008908 -0.001780
0.127427 0.052699 -0.001786 -0.001069
-0.008908 -0.001786 0.587633 0.128530
-0.001780 -0.001069 0.128530 0.053144
16.785685 1.620549 16.697157 2.047886
0.559349 0.119791 -0.010111 -0.002140
0.119791 0.050153 -0.002145 -0.001033
-0.010111 -0.002145 0.562099 0.120413
-0.002140 -0.001033 0.120413 0.050446
17.144888 1.525336 17.087468 1.914084
0.532505 0.112424 -0.008586 -0.001824
0.112424 0.048039 -0.001828 -0.000856
-0.008586 -0.001828 0.534784 0.112937
-0.001824 -0.000856 0.112937 0.048276
17.322859 1.402814 19.096705 2.134560
0.521721 0.109283 -0.003972 -0.000853
0.109283 0.047088 -0.000856 -0.000562
-0.003972 -0.000856 0.520714 0.109099
-0.000853 -0.000562 0.109099 0.047153
17.295680 1.250978 19.905662 2.080784
0.514000 0.107146 -0.005330 -0.001190
0.107146 0.046474 -0.001192 -0.000569
-0.005330 -0.001192 0.511742 0.106750
-0.001190 -0.000569 0.106750 0.046484
17.952288 1.257412 21.196327 2.132873
0.505878 0.105168 -0.003728 -0.000846
0.105168 0.045972 -0.000848 -0.000434
-0.003728 -0.000848 0.503422 0.104785
-0.000846 -0.000434 0.104785 0.045977
19.031781 1.351009 22.546231 2.191787
0.496428 0.103120 -0.000038 -0.000078
0.103120 0.045512 -0.000081 -0.000226
-0.000038 -0.000081 0.494653 0.102918
-0.000078 -0.000226 0.102918 0.045545
19.220122 1.249642 23.886030 2.242720
0.488893 0.101663 -0.000466 -0.000221
0.101663 0.045217 -0.000223 -0.000226
-0.000466 -0.000223 0.487011 0.101451
-0.000221 -0.000226 0.101451 0.045236
19.521449 1.182305 24.732876 2.185497
0.485256 0.101133 0.000878 0.000040
0.101133 0.045134 0.000037 -0.000140
0.000878 0.000037 0.483333 0.100919
0.000040 -0.000140 0.100919 0.045141
19.807194 1.118542 25.709399 2.161280
0.486314 0.101597 0.006126 0.001107
0.101597 0.045255 0.001103 0.000106
0.006126 0.001103 0.484680 0.101447
0.001107 0.000106 0.101447 0.045265
21.034221 1.258199 26.914433 2.186955
0.481167 0.100686 0.002244 0.000181
0.100686 0.045068 0.000178 -0.000084
0.002244 0.000178 0.481182 0.100872
0.000181 -0.000084 0.100872 0.045138
21.402199 1.203185 28.417172 2.273064
0.478194 0.100281 0.002718 0.000276
0.100281 0.044996 0.000272 -0.000041
0.002718 0.000272 0.480046 0.100812
0.000276 -0.000041 0.100812 0.045123
22.277584 1.260749 29.521293 2.266075
0.474909 0.099811 0.002985 0.000329
0.099811 0.044906 0.000325 -0.000010
0.002985 0.000325 0.478149 0.100561
0.000329 -0.000010 0.100561 0.045063
23.050295 1.290916 30.366066 2.205272
0.472487 0.099523 0.007454 0.001269
0.099523 0.044852 0.001266 0.000204
0.007454 0.001266 0.476551 0.100364
0.001269 0.000204 0.100364 0.045012
23.107406 1.166942 31.193484 2.147714
0.466908 0.098558 0.007476 0.001194
0.098558 0.044650 0.001190 0.000187
0.007476 0.001190 0.472436 0.099626
0.001194 0.000187 0.099626 0.044846
23.016710 1.024626 31.869438 2.064302
0.464903 0.098396 0.008550 0.001360
0.098396 0.044626 0.001356 0.000225
0.008550 0.001356 0.471451 0.099588
0.001360 0.000225 0.099588 0.044837
23.541048 1.027559 32.557554 1.991505
0.465738 0.098813 0.002285 -0.000031
0.098813 0.044716 -0.000039 -0.000068
0.002285 -0.000039 0.473067 0.100079
-0.000031 -0.000068 0.100079 0.044935
24.576440 1.138522 33.416643 1.962087
0.470275 0.099930 -0.003433 -0.001166
0.099930 0.044938 -0.001178 -0.000281
-0.003433 -0.001178 0.478675 0.101337
-0.001166 -0.000281 0.101337 0.045182
25.529264 1.220193 34.100643 1.899040
0.470870 0.100063 -0.001970 -0.000674
0.100063 0.044926 -0.000682 -0.000134
-0.001970 -0.000682 0.480078 0.101558
-0.000674 -0.000134 0.101558 0.045185
26.024740 1.195732 35.410238 1.975173
0.468311 0.099500 -0.008144 -0.001861
0.099500 0.044769 -0.001876 -0.000365
-0.008144 -0.001876 0.481752 0.101817
-0.001861 -0.000365 0.101817 0.045201
26.615454 1.194181 36.188649 1.931014
0.469674 0.099812 -0.004597 -0.000898
0.099812 0.044812 -0.000904 -0.000125
-0.004597 -0.000904 0.484476 0.102276
-0.000898 -0.000125 0.102276 0.045263
27.595177 1.275519 37.262886 1.954069
0.467970 0.099430 -0.005079 -0.000905
0.099430 0.044705 -0.000910 -0.000121
-0.005079 -0.000910 0.485489 0.102338
-0.000905 -0.000121 0.102338 0.045242
28.229775 1.274878 38.301390 1.967007
0.465171 0.098845 -0.005951 -0.001011
0.098845 0.044565 -0.001015 -0.000143
-0.005951 -0.001015 0.485919 0.102288
-0.001011 -0.000143 0.102288 0.045206
29.160095 1.337274 39.466315 2.005353
0.465480 0.098967 -0.009643 -0.001713
0.098967 0.044587 -0.001723 -0.000293
-0.009643 -0.001723 0.489204 0.102858
-0.001713 -0.000293 0.102858 0.045310
30.660244 1.513669 39.960976 1.899473
0.468068 0.099550 -0.012235 -0.002129
0.099550 0.044703 -0.002146 -0.000372
-0.012235 -0.002146 0.489584 0.102781
-0.002129 -0.000372 0.102781 0.045275
31.392600 1.509253 41.551483 2.033818
0.465078 0.098872 -0.021935 -0.004023
0.098872 0.044538 -0.004057 -0.000764
-0.021935 -0.004057 0.493402 0.103444
-0.004023 -0.000764 0.103444 0.045402
32.276670 1.537536 42.970108 2.118180
0.464487 0.098774 -0.025103 -0.004390
0.098774 0.044513 -0.004418 -0.000804
-0.025103 -0.004418 0.497612 0.104154
-0.004390 -0.000804 0.104154 0.045535
32.984888 1.522585 43.187126 1.942025
0.463306 0.098547 -0.029731 -0.005072
0.098547 0.044460 -0.005117 -0.000925
-0.029731 -0.005117 0.494426 0.103269
-0.005072 -0.000925 0.103269 0.045330
33.303691 1.426777 43.656546 1.835878
0.460896 0.098084 -0.029303 -0.004683
0.098084 0.044363 -0.004714 -0.000818
-0.029303 -0.004714 0.493158 0.102914
-0.004683 -0.000818 0.102914 0.045263
34.416270 1.512950 44.870937 1.899216
0.458045 0.097539 -0.034786 -0.005617
0.097539 0.044249 -0.005651 -0.001015
-0.034786 -0.005651 0.494625 0.103160
-0.005617 -0.001015 0.103160 0.045326
34.663688 1.404760 45.942793 1.922612
0.458898 0.097841 -0.034915 -0.005374
0.097841 0.044326 -0.005383 -0.000949
-0.034915 -0.005383 0.500058 0.104243
-0.005374 -0.000949 0.104243 0.045563
35.216850 1.370138 46.303746 1.796753
0.461978 0.098564 -0.036521 -0.005499
0.098564 0.044478 -0.005522 -0.000983
-0.036521 -0.005522 0.501585 0.104415
-0.005499 -0.000983 0.104415 0.045590
35.702011 1.327046 47.126693 1.780061
0.458587 0.097826 -0.036608 -0.005368
0.097826 0.044304 -0.005369 -0.000968
-0.036608 -0.005369 0.501843 0.104335
-0.005368 -0.000968 0.104335 0.045569
36.229963 1.298089 48.023467 1.780764
0.462474 0.098724 -0.033967 -0.004680
0.098724 0.044497 -0.004655 -0.000835
-0.033967 -0.004655 0.507608 0.105445
-0.004680 -0.000835 0.105445 0.045805
