3.651151 2.422586 -1.509087 -1.495695
2.401799 0.960740 -0.446747 -0.178703
0.960740 80.388371 -0.178703 -0.071483
-0.446747 -0.178703 2.422773 0.969130
-0.178703 -0.071483 0.969130 80.391727
5.191933 3.184419 2.453702 6.777467
2.252100 3.944461 -0.226572 -0.309598
3.944461 15.069130 -0.308217 -1.685125
-0.226572 -0.308217 2.298184 4.021153
-0.309598 -1.685125 4.021153 15.257300
6.615863 3.010862 1.645941 1.955781
1.910381 2.201099 -0.196247 -0.235622
2.201099 4.383053 -0.235721 -0.584509
-0.196247 -0.235721 2.011663 2.312823
-0.235622 -0.584509 2.312823 4.526042
6.787362 1.875980 4.030843 3.145944
1.670248 1.409072 -0.162413 -0.150047
1.409072 1.869325 -0.149761 -0.242650
-0.162413 -0.149761 1.722672 1.444890
-0.150047 -0.242650 1.444890 1.903219
8.157291 2.175984 3.433466 1.716221
1.447597 0.956850 -0.128183 -0.094953
0.956850 0.956418 -0.095001 -0.116652
-0.128183 -0.095001 1.522363 1.001569
-0.094953 -0.116652 1.001569 0.989231
9.490080 2.306749 4.643164 1.904381
1.279893 0.695337 -0.130292 -0.078596
0.695337 0.558869 -0.078647 -0.071555
-0.130292 -0.078647 1.342320 0.725264
-0.078596 -0.071555 0.725264 0.577024
8.930581 1.510371 7.135815 2.618838
1.115715 0.514663 -0.091886 -0.047612
0.514663 0.350921 -0.047446 -0.038584
-0.091886 -0.047446 1.139749 0.522816
-0.047612 -0.038584 0.522816 0.356108
8.352647 0.976247 7.996106 2.444612
1.011203 0.406831 -0.092066 -0.041111
0.406831 0.241444 -0.040983 -0.027076
-0.092066 -0.040983 1.021220 0.409277
-0.041111 -0.027076 0.409277 0.243748
9.362601 1.161189 9.713364 2.619413
0.939222 0.335813 -0.076003 -0.030131
0.335813 0.177414 -0.030028 -0.017720
-0.076003 -0.030028 0.943726 0.336750
-0.030131 -0.017720 0.336750 0.178905
10.020680 1.189417 9.702362 2.193627
0.866939 0.279671 -0.070889 -0.025063
0.279671 0.135279 -0.025007 -0.012873
-0.070889 -0.025007 0.875601 0.282336
-0.025063 -0.012873 0.282336 0.137107
10.690845 1.211749 10.761053 2.182234
0.799141 0.235867 -0.055163 -0.017796
0.235867 0.107006 -0.017755 -0.008619
-0.055163 -0.017755 0.804831 0.237615
-0.017796 -0.008619 0.237615 0.108284
11.665221 1.313716 11.025820 1.955481
0.749150 0.204962 -0.045054 -0.013426
0.204962 0.088566 -0.013405 -0.006124
-0.045054 -0.013405 0.758493 0.207705
-0.013426 -0.006124 0.207705 0.089920
11.539933 1.113188 11.981568 1.950709
0.702006 0.180049 -0.042242 -0.011624
0.180049 0.075497 -0.011603 -0.004797
-0.042242 -0.011603 0.705285 0.181057
-0.011624 -0.004797 0.181057 0.076215
12.334278 1.170859 13.099393 1.985205
0.656485 0.159525 -0.017432 -0.004699
0.159525 0.066028 -0.004689 -0.002490
-0.017432 -0.004689 0.658243 0.160157
-0.004699 -0.002490 0.160157 0.066549
12.807838 1.144740 14.214562 2.013850
0.631941 0.147030 -0.021832 -0.005575
0.147030 0.060150 -0.005564 -0.002368
-0.021832 -0.005564 0.631427 0.147141
-0.005575 -0.002368 0.147141 0.060472
13.872860 1.255045 15.716399 2.124880
0.601801 0.135106 -0.015505 -0.003837
0.135106 0.055439 -0.003831 -0.001686
-0.015505 -0.003831 0.600430 0.135059
-0.003837 -0.001686 0.135059 0.055670
14.175184 1.184245 16.304603 2.021224
0.571957 0.124931 -0.019970 -0.004642
0.124931 0.051890 -0.004634 -0.001659
-0.019970 -0.004634 0.569496 0.124671
-0.004642 -0.001659 0.124671 0.052030
15.172440 1.271098 16.741181 1.897913
0.554126 0.118681 -0.016463 -0.003612
0.118681 0.049726 -0.003608 -0.001256
-0.016463 -0.003608 0.553437 0.118835
-0.003612 -0.001256 0.118835 0.049922
16.119593 1.336877 17.438653 1.844709
0.541804 0.114417 -0.009752 -0.002004
0.114417 0.048312 -0.002004 -0.000787
-0.009752 -0.002004 0.541944 0.114727
-0.002004 -0.000787 0.114727 0.048504
16.922932 1.365076 18.308360 1.833698
0.532245 0.111288 -0.009014 -0.001804
0.111288 0.047345 -0.001804 -0.000667
-0.009014 -0.001804 0.532379 0.111556
-0.001804 -0.000667 0.111556 0.047496
17.550953 1.353857 19.704336 1.933389
0.526479 0.109351 -0.015803 -0.003169
0.109351 0.046766 -0.003167 -0.000887
-0.015803 -0.003167 0.525656 0.109382
-0.003169 -0.000887 0.109382 0.046841
17.953239 1.297074 20.695118 1.938225
0.519519 0.107432 -0.009500 -0.001677
0.107432 0.046276 -0.001678 -0.000502
-0.009500 -0.001678 0.518067 0.107315
-0.001677 -0.000502 0.107315 0.046303
18.566681 1.290175 22.204196 2.049796
0.504313 0.104047 -0.006986 -0.001122
0.104047 0.045546 -0.001123 -0.000353
-0.006986 -0.001123 0.502529 0.103851
-0.001122 -0.000353 0.103851 0.045545
19.339229 1.316726 23.587027 2.123921
0.495714 0.102371 -0.005130 -0.000744
0.102371 0.045239 -0.000745 -0.000255
-0.005130 -0.000745 0.494318 0.102253
-0.000744 -0.000255 0.102253 0.045245
20.265549 1.372202 24.654631 2.125249
0.488481 0.101124 -0.004215 -0.000585
0.101124 0.045040 -0.000587 -0.000210
-0.004215 -0.000587 0.487692 0.101119
-0.000585 -0.000210 0.101119 0.045061
21.005409 1.383030 25.074964 1.991681
0.487793 0.101322 -0.000369 0.000182
0.101322 0.045144 0.000180 -0.000042
-0.000369 0.000180 0.486823 0.101258
0.000182 -0.000042 0.101258 0.045144
21.956137 1.436947 25.846429 1.944977
0.485080 0.101038 0.000435 0.000254
0.101038 0.045123 0.000253 -0.000030
0.000435 0.000253 0.484598 0.101059
0.000254 -0.000030 0.101059 0.045134
22.421147 1.384071 27.183545 2.021161
0.477493 0.099720 -0.002545 -0.000455
0.099720 0.044875 -0.000455 -0.000179
-0.002545 -0.000455 0.478461 0.100021
-0.000455 -0.000179 0.100021 0.044938
23.109351 1.383305 28.428035 2.070207
0.469891 0.098477 -0.004209 -0.000807
0.098477 0.044650 -0.000807 -0.000238
-0.004209 -0.000807 0.472394 0.099052
-0.000807 -0.000238 0.099052 0.044762
23.576654 1.336319 30.409452 2.269272
0.460813 0.096979 -0.007224 -0.001408
0.096979 0.044373 -0.001407 -0.000345
-0.007224 -0.001407 0.466918 0.098246
-0.001408 -0.000345 0.098246 0.044619
23.917020 1.266809 31.161632 2.188345
0.464392 0.098225 -0.007988 -0.001474
0.098225 0.044679 -0.001474 -0.000333
-0.007988 -0.001474 0.470700 0.099410
-0.001474 -0.000333 0.099410 0.044890
24.304079 1.214687 32.471300 2.233787
0.464921 0.098634 -0.002988 -0.000325
0.098634 0.044762 -0.000321 -0.000069
-0.002988 -0.000321 0.473628 0.100229
-0.000325 -0.000069 0.100229 0.045049
25.123998 1.259897 33.622771 2.241237
0.463847 0.098605 0.001292 0.000552
0.098605 0.044733 0.000560 0.000110
0.001292 0.000560 0.474469 0.100484
0.000552 0.000110 0.100484 0.045069
25.312659 1.165801 34.356355 2.159090
0.465703 0.099153 0.001902 0.000573
0.099153 0.044822 0.000581 0.000095
0.001902 0.000581 0.477189 0.101084
0.000573 0.000095 0.101084 0.045158
25.776475 1.140399 35.240390 2.117677
0.466365 0.099355 -0.000260 0.000018
0.099355 0.044824 0.000022 -0.000037
-0.000260 0.000022 0.479422 0.101505
0.000018 -0.000037 0.101505 0.045202
26.534877 1.180424 35.488295 1.946166
0.468624 0.099852 -0.001163 -0.000203
0.099852 0.044888 -0.000202 -0.000083
-0.001163 -0.000202 0.480141 0.101559
-0.000203 -0.000083 0.101559 0.045168
27.522251 1.265021 36.624152 1.980594
0.465650 0.099168 -0.006791 -0.001397
0.099168 0.044696 -0.001405 -0.000330
-0.006791 -0.001405 0.480346 0.101501
-0.001397 -0.000330 0.101501 0.045119
28.323208 1.300732 37.102506 1.872563
0.464324 0.098894 -0.006506 -0.001224
0.098894 0.044612 -0.001230 -0.000266
-0.006506 -0.001230 0.479156 0.101161
-0.001224 -0.000266 0.101161 0.045021
28.914640 1.288097 37.881448 1.839330
0.463219 0.098679 -0.010870 -0.002061
0.098679 0.044547 -0.002074 -0.000428
-0.010870 -0.002074 0.480239 0.101338
-0.002061 -0.000428 0.101338 0.045044
29.700672 1.318195 38.606361 1.798374
0.465246 0.099139 -0.016983 -0.003196
0.099139 0.044631 -0.003218 -0.000643
-0.016983 -0.003218 0.483489 0.101956
-0.003196 -0.000643 0.101956 0.045160
30.263231 1.297557 39.455484 1.787697
0.461691 0.098363 -0.014478 -0.002433
0.098363 0.044446 -0.002441 -0.000444
-0.014478 -0.002441 0.482969 0.101737
-0.002433 -0.000444 0.101737 0.045094
31.098878 1.337325 40.304344 1.778529
0.458409 0.097705 -0.017868 -0.003016
0.097705 0.044300 -0.003028 -0.000560
-0.017868 -0.003028 0.482182 0.101487
-0.003016 -0.000560 0.101487 0.045031
31.704910 1.324729 41.582539 1.860258
0.456611 0.097420 -0.018916 -0.003073
0.097420 0.044245 -0.003075 -0.000558
-0.018916 -0.003075 0.485463 0.102131
-0.003073 -0.000558 0.102131 0.045165
32.148732 1.277599 42.325385 1.820375
0.459028 0.098049 -0.017715 -0.002669
0.098049 0.044387 -0.002663 -0.000465
-0.017715 -0.002663 0.489385 0.102862
-0.002669 -0.000465 0.102862 0.045309
32.361264 1.186757 43.348480 1.843030
0.460305 0.098356 -0.015913 -0.002206
0.098356 0.044443 -0.002184 -0.000373
-0.015913 -0.002184 0.494705 0.103832
-0.002206 -0.000373 0.103832 0.045495
32.583570 1.109225 44.985627 1.992044
0.459760 0.098225 -0.018174 -0.002662
0.098225 0.044397 -0.002634 -0.000487
-0.018174 -0.002634 0.502390 0.105215
-0.002662 -0.000487 0.105215 0.045757
33.696039 1.228381 45.949584 1.986785
0.458999 0.098057 -0.019844 -0.002961
0.098057 0.044349 -0.002943 -0.000562
-0.019844 -0.002943 0.502961 0.105011
-0.002961 -0.000562 0.105011 0.045674
34.296480 1.225200 46.853976 1.968201
0.459680 0.098205 -0.023295 -0.003611
0.098205 0.044372 -0.003610 -0.000705
-0.023295 -0.003610 0.505706 0.105319
-0.003611 -0.000705 0.105319 0.045718
34.834098 1.209423 47.923857 1.985817
0.457796 0.097790 -0.025118 -0.003882
0.097790 0.044274 -0.003880 -0.000758
-0.025118 -0.003880 0.507919 0.105533
-0.003882 -0.000758 0.105533 0.045750
35.859698 1.298922 48.756250 1.953843
0.452315 0.096627 -0.032124 -0.005233
0.096627 0.044021 -0.005267 -0.001045
-0.032124 -0.005267 0.505150 0.104716
-0.005233 -0.001045 0.104716 0.045571
