2.560808 1.986440 1.814138 -0.166376
2.601229 1.040514 -0.216395 -0.086560
1.040514 80.420281 -0.086560 -0.034625
-0.216395 -0.086560 2.606871 1.042771
-0.086560 -0.034625 1.042771 80.421184
4.309490 3.299758 1.774602 -0.076644
2.230640 3.872543 -0.157266 -0.232071
3.872543 15.481286 -0.230921 -0.943721
-0.157266 -0.230921 2.297187 3.987055
-0.232071 -0.943721 3.987055 15.694311
5.947267 3.284393 1.212480 -0.684030
1.948857 2.269152 -0.226724 -0.258904
2.269152 4.603542 -0.259060 -0.448343
-0.226724 -0.259060 2.057980 2.385822
-0.258904 -0.448343 2.385822 4.743097
6.034838 1.964442 1.877810 0.161350
1.763222 1.501631 -0.157322 -0.125667
1.501631 1.993932 -0.125564 -0.158718
-0.157322 -0.125564 1.828473 1.545629
-0.125667 -0.158718 1.545629 2.032459
7.553340 2.322349 2.619123 0.598725
1.498702 0.995452 -0.116768 -0.073917
0.995452 0.999733 -0.073782 -0.075323
-0.116768 -0.073782 1.565138 1.033249
-0.073917 -0.075323 1.033249 1.027536
8.823452 2.382452 3.628067 0.983555
1.305226 0.711715 -0.120318 -0.064293
0.711715 0.576743 -0.064288 -0.050323
-0.120318 -0.064288 1.364449 0.739748
-0.064293 -0.050323 0.739748 0.594173
8.589575 1.723398 5.575193 1.653225
1.143379 0.529655 -0.122878 -0.055876
0.529655 0.363228 -0.055935 -0.035187
-0.122878 -0.055935 1.174748 0.541222
-0.055876 -0.035187 0.541222 0.370249
8.845232 1.478032 5.978575 1.482256
1.027968 0.415170 -0.099886 -0.039022
0.415170 0.248143 -0.039038 -0.021647
-0.099886 -0.039038 1.056096 0.424794
-0.039022 -0.021647 0.424794 0.253460
9.453424 1.432689 8.004191 1.941908
0.967394 0.347316 -0.068596 -0.023386
0.347316 0.183805 -0.023388 -0.012404
-0.068596 -0.023388 0.977829 0.349952
-0.023386 -0.012404 0.349952 0.185887
10.370719 1.497350 8.533260 1.799281
0.875770 0.283422 -0.052091 -0.016101
0.283422 0.137984 -0.016093 -0.008174
-0.052091 -0.016093 0.889599 0.287431
-0.016101 -0.008174 0.287431 0.140256
11.097154 1.491049 9.990975 1.964433
0.813523 0.240942 -0.053531 -0.015436
0.240942 0.109598 -0.015434 -0.006826
-0.053531 -0.015434 0.821653 0.243142
-0.015436 -0.006826 0.243142 0.111027
11.520762 1.402402 10.379190 1.801259
0.738998 0.202790 -0.048351 -0.012896
0.202790 0.088748 -0.012894 -0.005240
-0.048351 -0.012894 0.747453 0.205098
-0.012896 -0.005240 0.205098 0.090012
12.182439 1.392152 11.169988 1.772929
0.708930 0.182618 -0.033816 -0.008270
0.182618 0.076802 -0.008270 -0.003414
-0.033816 -0.008270 0.716426 0.184612
-0.008270 -0.003414 0.184612 0.077816
12.619834 1.329041 12.051758 1.771640
0.679857 0.165844 -0.031210 -0.007242
0.165844 0.068037 -0.007243 -0.002778
-0.031210 -0.007243 0.685023 0.167197
-0.007242 -0.002778 0.167197 0.068764
12.527898 1.153219 13.746722 1.959902
0.639731 0.149066 -0.019913 -0.004274
0.149066 0.060911 -0.004281 -0.001793
-0.019913 -0.004281 0.637387 0.148633
-0.004274 -0.001793 0.148633 0.061127
12.760021 1.075572 14.212010 1.843897
0.603415 0.135595 -0.023544 -0.005018
0.135595 0.055759 -0.005022 -0.001779
-0.023544 -0.005022 0.600548 0.135166
-0.005018 -0.001779 0.135166 0.055935
14.494457 1.337581 15.712944 1.971506
0.576506 0.126057 -0.016373 -0.003244
0.126057 0.052305 -0.003249 -0.001219
-0.016373 -0.003249 0.575854 0.126199
-0.003244 -0.001219 0.126199 0.052568
15.630853 1.437927 16.915743 2.018416
0.551312 0.118157 -0.007969 -0.001383
0.118157 0.049740 -0.001391 -0.000710
-0.007969 -0.001391 0.550916 0.118356
-0.001383 -0.000710 0.118356 0.049969
15.847013 1.331617 17.951810 2.023901
0.531526 0.112392 -0.005994 -0.001050
0.112392 0.047998 -0.001058 -0.000577
-0.005994 -0.001058 0.529446 0.112219
-0.001050 -0.000577 0.112219 0.048108
16.627186 1.355480 18.475221 1.921217
0.517026 0.108426 -0.007314 -0.001401
0.108426 0.046871 -0.001406 -0.000597
-0.007314 -0.001406 0.515551 0.108391
-0.001401 -0.000597 0.108391 0.046983
17.351269 1.365162 19.463975 1.927119
0.510449 0.106568 -0.007860 -0.001520
0.106568 0.046330 -0.001524 -0.000566
-0.007860 -0.001524 0.508938 0.106517
-0.001520 -0.000566 0.106517 0.046413
17.945682 1.346867 20.661706 1.975973
0.502543 0.104647 -0.006484 -0.001206
0.104647 0.045846 -0.001210 -0.000449
-0.006484 -0.001210 0.500672 0.104506
-0.001206 -0.000449 0.104506 0.045888
18.152214 1.249829 22.038147 2.056845
0.491673 0.102311 -0.004917 -0.000869
0.102311 0.045329 -0.000873 -0.000340
-0.004917 -0.000873 0.489082 0.102007
-0.000869 -0.000340 0.102007 0.045321
19.328358 1.364642 22.877710 2.017567
0.487496 0.101587 -0.006260 -0.001157
0.101587 0.045195 -0.001159 -0.000372
-0.006260 -0.001159 0.485835 0.101478
-0.001157 -0.000372 0.101478 0.045216
19.103182 1.175116 23.736465 1.985830
0.481186 0.100463 -0.001281 -0.000085
0.100463 0.044982 -0.000089 -0.000119
-0.001281 -0.000089 0.479039 0.100232
-0.000085 -0.000119 0.100232 0.044964
20.304857 1.303794 25.214639 2.087781
0.475894 0.099624 -0.000890 -0.000067
0.099624 0.044836 -0.000070 -0.000109
-0.000890 -0.000070 0.475218 0.099690
-0.000067 -0.000109 0.099690 0.044872
20.672738 1.244186 26.482856 2.134925
0.474933 0.099729 -0.001628 -0.000273
0.099729 0.044888 -0.000275 -0.000144
-0.001628 -0.000275 0.475065 0.099927
-0.000273 -0.000144 0.099927 0.044939
21.172520 1.218382 27.014184 2.021911
0.475915 0.100186 -0.002797 -0.000538
0.100186 0.044997 -0.000539 -0.000187
-0.002797 -0.000539 0.475918 0.100309
-0.000538 -0.000187 0.100309 0.045020
21.743502 1.210318 27.967994 2.009846
0.477702 0.100727 -0.000257 0.000013
0.100727 0.045103 0.000011 -0.000054
-0.000257 0.000011 0.478588 0.101001
0.000013 -0.000054 0.101001 0.045152
22.133335 1.164881 29.001934 2.015957
0.471036 0.099399 -0.000553 -0.000085
0.099399 0.044800 -0.000086 -0.000071
-0.000553 -0.000086 0.473433 0.099946
-0.000085 -0.000071 0.099946 0.044899
23.029688 1.231238 29.792722 1.970063
0.470671 0.099502 -0.001286 -0.000257
0.099502 0.044822 -0.000258 -0.000100
-0.001286 -0.000258 0.473895 0.100159
-0.000257 -0.000100 0.100159 0.044936
23.901936 1.285555 30.531844 1.918064
0.467540 0.098976 -0.002108 -0.000426
0.098976 0.044702 -0.000427 -0.000127
-0.002108 -0.000427 0.471673 0.099759
-0.000426 -0.000127 0.099759 0.044835
25.197412 1.423944 31.452648 1.910033
0.468152 0.099263 -0.003576 -0.000713
0.099263 0.044759 -0.000714 -0.000176
-0.003576 -0.000714 0.473325 0.100197
-0.000713 -0.000176 0.100197 0.044917
25.803380 1.401491 32.634226 1.957985
0.472075 0.100194 -0.002504 -0.000435
0.100194 0.044941 -0.000435 -0.000103
-0.002504 -0.000435 0.479509 0.101533
-0.000435 -0.000103 0.101533 0.045180
26.566843 1.414899 34.021709 2.044400
0.468315 0.099381 -0.005441 -0.001038
0.099381 0.044735 -0.001040 -0.000226
-0.005441 -0.001040 0.479200 0.101355
-0.001038 -0.000226 0.101355 0.045100
27.183843 1.395770 35.234670 2.084677
0.464238 0.098568 -0.006364 -0.001160
0.098568 0.044548 -0.001161 -0.000237
-0.006364 -0.001161 0.478239 0.101062
-0.001160 -0.000237 0.101062 0.045008
27.933960 1.406978 36.463238 2.124041
0.464482 0.098734 -0.008246 -0.001481
0.098734 0.044582 -0.001482 -0.000293
-0.008246 -0.001482 0.481172 0.101625
-0.001481 -0.000293 0.101625 0.045110
28.237324 1.321470 37.027502 2.018707
0.466605 0.099262 -0.009625 -0.001673
0.099262 0.044686 -0.001677 -0.000321
-0.009625 -0.001677 0.483545 0.102021
-0.001673 -0.000321 0.102021 0.045171
28.637565 1.266160 38.155017 2.043353
0.469649 0.099918 -0.009745 -0.001594
0.099918 0.044806 -0.001594 -0.000292
-0.009745 -0.001594 0.489513 0.103148
-0.001594 -0.000292 0.103148 0.045385
28.802584 1.166948 39.455686 2.101491
0.467932 0.099492 -0.009091 -0.001381
0.099492 0.044686 -0.001374 -0.000242
-0.009091 -0.001374 0.492777 0.103615
-0.001381 -0.000242 0.103615 0.045449
29.453863 1.181454 40.580853 2.117189
0.466393 0.099142 -0.010401 -0.001613
0.099142 0.044596 -0.001607 -0.000295
-0.010401 -0.001607 0.494332 0.103705
-0.001613 -0.000295 0.103705 0.045438
30.044239 1.180932 41.304484 2.047050
0.469179 0.099743 -0.012287 -0.001947
0.099743 0.044716 -0.001948 -0.000366
-0.012287 -0.001948 0.497345 0.104124
-0.001947 -0.000366 0.104124 0.045506
30.990138 1.254483 40.995228 1.769079
0.471536 0.100193 -0.012710 -0.001954
0.100193 0.044795 -0.001966 -0.000366
-0.012710 -0.001966 0.493355 0.103073
-0.001954 -0.000366 0.103073 0.045271
32.215509 1.381115 41.650119 1.722097
0.474149 0.100658 -0.012472 -0.001836
0.100658 0.044873 -0.001845 -0.000340
-0.012472 -0.001845 0.495586 0.103457
-0.001836 -0.000340 0.103457 0.045365
33.160161 1.435041 42.534626 1.727423
0.469245 0.099479 -0.020829 -0.003547
0.099479 0.044597 -0.003578 -0.000709
-0.020829 -0.003578 0.494175 0.103050
-0.003547 -0.000709 0.103050 0.045285
33.529940 1.360995 43.260035 1.697849
0.469349 0.099498 -0.024179 -0.004054
0.099498 0.044606 -0.004084 -0.000790
-0.024179 -0.004084 0.497230 0.103642
-0.004054 -0.000790 0.103642 0.045425
35.016285 1.532128 44.183347 1.715405
0.464408 0.098436 -0.030872 -0.005250
0.098436 0.044383 -0.005293 -0.001022
-0.030872 -0.005293 0.494503 0.102978
-0.005250 -0.001022 0.102978 0.045291
35.406649 1.454234 45.643376 1.839762
0.461359 0.097884 -0.034205 -0.005663
0.097884 0.044287 -0.005686 -0.001074
-0.034205 -0.005686 0.499531 0.104016
-0.005663 -0.001074 0.104016 0.045527
35.671821 1.358636 47.275460 1.986369
0.451902 0.096016 -0.034559 -0.005486
0.096016 0.043915 -0.005466 -0.001012
-0.034559 -0.005466 0.500585 0.104145
-0.005486 -0.001012 0.104145 0.045554
36.266996 1.338309 47.713912 1.870530
0.450580 0.096033 -0.035586 -0.005479
0.096033 0.043967 -0.005471 -0.001007
-0.035586 -0.005471 0.498600 0.103641
-0.005479 -0.001007 0.103641 0.045450
