3.506518 2.364732 0.017789 -0.884932
2.462053 0.984843 -0.074454 -0.029782
0.984843 80.398012 -0.029782 -0.011913
-0.074454 -0.029782 2.477774 0.991131
-0.029782 -0.011913 0.991131 80.400528
4.301331 1.703289 2.126000 3.570500
2.224443 3.890777 -0.000104 0.014144
3.890777 15.171750 0.014204 -0.164807
-0.000104 0.014204 2.233782 3.904076
0.014144 -0.164807 3.904076 15.235033
4.355090 0.782150 3.070541 2.599580
2.026710 2.347845 -0.044416 -0.058985
2.347845 4.600726 -0.058966 -0.120175
-0.044416 -0.058966 2.033305 2.355566
-0.058985 -0.120175 2.355566 4.620535
6.901417 2.597654 2.809406 1.283063
1.695745 1.426946 -0.011478 -0.011735
1.426946 1.893921 -0.011751 -0.025915
-0.011478 -0.011751 1.713353 1.442199
-0.011735 -0.025915 1.442199 1.910913
6.159134 1.249786 3.421525 1.266532
1.465140 0.967595 -0.032372 -0.023442
0.967595 0.969394 -0.023446 -0.023091
-0.032372 -0.023446 1.475173 0.973913
-0.023442 -0.023091 0.973913 0.975172
8.008490 1.915652 2.899395 0.638338
1.277042 0.693789 -0.028025 -0.015955
0.693789 0.561635 -0.015960 -0.012318
-0.028025 -0.015960 1.291986 0.701687
-0.015955 -0.012318 0.701687 0.566832
8.772300 1.825886 3.834157 0.922664
1.142092 0.527793 -0.025305 -0.011892
0.527793 0.359572 -0.011894 -0.007515
-0.025305 -0.011894 1.153537 0.532726
-0.011892 -0.007515 0.532726 0.362338
10.086322 1.987414 4.571367 1.033690
1.031980 0.415578 -0.020528 -0.008216
0.415578 0.246480 -0.008217 -0.004536
-0.020528 -0.008217 1.042531 0.419499
-0.008216 -0.004536 0.419499 0.248375
11.055629 1.978847 6.302535 1.467741
0.944038 0.337736 -0.016300 -0.005704
0.337736 0.179095 -0.005704 -0.002853
-0.016300 -0.005704 0.951186 0.339995
-0.005704 -0.002853 0.339995 0.180120
11.032312 1.651918 7.885422 1.741553
0.865972 0.279660 -0.013206 -0.004131
0.279660 0.136017 -0.004131 -0.001908
-0.013206 -0.004131 0.870010 0.280736
-0.004131 -0.001908 0.280736 0.136534
11.478380 1.539703 9.490001 1.958335
0.792942 0.234458 -0.010705 -0.003043
0.234458 0.107173 -0.003043 -0.001322
-0.010705 -0.003043 0.795234 0.234991
-0.003043 -0.001322 0.234991 0.107474
12.409253 1.583938 10.895464 2.075254
0.742060 0.203558 -0.008660 -0.002264
0.203558 0.088655 -0.002264 -0.000940
-0.008660 -0.002264 0.743731 0.203937
-0.002264 -0.000940 0.203937 0.088881
12.814243 1.484270 11.294616 1.910939
0.698647 0.179775 -0.007710 -0.001885
0.179775 0.075807 -0.001885 -0.000731
-0.007710 -0.001885 0.700356 0.180179
-0.001885 -0.000731 0.180179 0.076014
13.791842 1.541560 11.385126 1.700069
0.659501 0.160821 -0.007634 -0.001763
0.160821 0.066637 -0.001763 -0.000621
-0.007634 -0.001763 0.661912 0.161394
-0.001763 -0.000621 0.161394 0.066862
14.756103 1.586818 12.846182 1.842658
0.626861 0.146265 -0.007019 -0.001522
0.146265 0.060175 -0.001521 -0.000501
-0.007019 -0.001521 0.628618 0.146657
-0.001522 -0.000501 0.146657 0.060333
15.182915 1.504216 13.600088 1.804873
0.599330 0.134980 -0.003997 -0.000764
0.134980 0.055576 -0.000764 -0.000284
-0.003997 -0.000764 0.600775 0.135288
-0.000764 -0.000284 0.135288 0.055698
15.182430 1.339372 14.726137 1.853705
0.575691 0.126129 -0.006010 -0.001199
0.126129 0.052275 -0.001199 -0.000356
-0.006010 -0.001199 0.576423 0.126274
-0.001199 -0.000356 0.126274 0.052349
16.301035 1.436047 16.892855 2.119905
0.556086 0.119346 -0.003799 -0.000668
0.119346 0.049941 -0.000669 -0.000213
-0.003799 -0.000669 0.556245 0.119372
-0.000668 -0.000213 0.119372 0.049982
17.293866 1.494233 18.219646 2.176410
0.542288 0.114681 -0.003238 -0.000542
0.114681 0.048410 -0.000542 -0.000172
-0.003238 -0.000542 0.542361 0.114701
-0.000542 -0.000172 0.114701 0.048445
17.614500 1.404939 19.222309 2.158392
0.529230 0.110777 -0.004004 -0.000702
0.110777 0.047264 -0.000702 -0.000195
-0.004004 -0.000702 0.529109 0.110764
-0.000702 -0.000195 0.110764 0.047288
18.714944 1.487776 20.510613 2.202009
0.517887 0.107716 -0.003235 -0.000522
0.107716 0.046452 -0.000522 -0.000145
-0.003235 -0.000522 0.517801 0.107718
-0.000522 -0.000145 0.107718 0.046476
18.856895 1.362979 21.597041 2.198805
0.509697 0.105669 -0.001705 -0.000200
0.105669 0.045954 -0.000200 -0.000071
-0.001705 -0.000200 0.509468 0.105646
-0.000200 -0.000071 0.105646 0.045968
19.146819 1.281902 22.730062 2.205668
0.501172 0.103783 -0.001091 -0.000096
0.103783 0.045546 -0.000096 -0.000049
-0.001091 -0.000096 0.500877 0.103751
-0.000096 -0.000049 0.103751 0.045556
19.865533 1.298024 23.871454 2.213676
0.494591 0.102490 -0.001128 -0.000131
0.102490 0.045300 -0.000131 -0.000057
-0.001128 -0.000131 0.494363 0.102475
-0.000131 -0.000057 0.102475 0.045311
20.118035 1.215602 24.354745 2.084120
0.490332 0.101793 0.002176 0.000536
0.101793 0.045194 0.000536 0.000084
0.002176 0.000536 0.490038 0.101764
0.000536 0.000084 0.101764 0.045199
20.642450 1.198256 25.672394 2.141478
0.487175 0.101365 0.002052 0.000435
0.101365 0.045143 0.000434 0.000053
0.002052 0.000434 0.487040 0.101370
0.000435 0.000053 0.101370 0.045153
21.335150 1.217783 26.633576 2.118613
0.485219 0.101198 0.000353 0.000025
0.101198 0.045140 0.000025 -0.000035
0.000353 0.000025 0.485211 0.101225
0.000025 -0.000035 0.101225 0.045152
22.107602 1.252007 27.371496 2.051402
0.481393 0.100620 -0.000838 -0.000231
0.100620 0.045041 -0.000232 -0.000082
-0.000838 -0.000232 0.481479 0.100661
-0.000231 -0.000082 0.100661 0.045053
22.728027 1.250817 28.691222 2.113017
0.478315 0.100217 -0.001045 -0.000255
0.100217 0.044976 -0.000255 -0.000077
-0.001045 -0.000255 0.478731 0.100320
-0.000255 -0.000077 0.100320 0.044999
23.368345 1.253944 29.904242 2.145889
0.475940 0.099959 -0.001264 -0.000278
0.099959 0.044936 -0.000278 -0.000073
-0.001264 -0.000278 0.476678 0.100118
-0.000278 -0.000073 0.100118 0.044968
24.000099 1.254945 30.752502 2.098600
0.475183 0.100024 0.000271 0.000068
0.100024 0.044957 0.000068 0.000007
0.000271 0.000068 0.476079 0.100200
0.000068 0.000007 0.100200 0.044990
24.230311 1.171174 31.480931 2.030957
0.475742 0.100321 0.000392 0.000082
0.100321 0.045016 0.000082 0.000009
0.000392 0.000082 0.476802 0.100516
0.000082 0.000009 0.100516 0.045051
24.659523 1.138168 32.193649 1.967071
0.474638 0.100203 -0.001191 -0.000262
0.100203 0.044975 -0.000262 -0.000064
-0.001191 -0.000262 0.475880 0.100421
-0.000262 -0.000064 0.100421 0.045014
25.536531 1.203242 33.284101 1.989660
0.475364 0.100455 -0.001754 -0.000357
0.100455 0.045012 -0.000358 -0.000078
-0.001754 -0.000358 0.476979 0.100737
-0.000357 -0.000078 0.100737 0.045063
26.042742 1.183060 34.165569 1.965702
0.475327 0.100497 -0.002802 -0.000548
0.100497 0.044999 -0.000549 -0.000112
-0.002802 -0.000549 0.477272 0.100830
-0.000548 -0.000112 0.100830 0.045059
26.698682 1.196752 35.529839 2.046301
0.476217 0.100714 -0.001386 -0.000204
0.100714 0.045022 -0.000204 -0.000032
-0.001386 -0.000204 0.478847 0.101171
-0.000204 -0.000032 0.101171 0.045107
27.094828 1.153914 36.191618 1.969935
0.474222 0.100286 -0.000982 -0.000113
0.100286 0.044907 -0.000113 -0.000014
-0.000982 -0.000113 0.477088 0.100765
-0.000113 -0.000014 0.100765 0.044994
27.471811 1.111638 37.308025 1.997658
0.475968 0.100682 -0.000852 -0.000089
0.100682 0.044976 -0.000089 -0.000012
-0.000852 -0.000089 0.479450 0.101264
-0.000089 -0.000012 0.101264 0.045083
27.963207 1.098013 38.303286 1.996894
0.476142 0.100698 -0.002283 -0.000398
0.100698 0.044959 -0.000398 -0.000080
-0.002283 -0.000398 0.480144 0.101358
-0.000398 -0.000080 0.101358 0.045081
28.344121 1.062440 39.155985 1.966107
0.475222 0.100478 -0.001173 -0.000141
0.100478 0.044896 -0.000140 -0.000023
-0.001173 -0.000140 0.479696 0.101205
-0.000141 -0.000023 0.101205 0.045029
28.791202 1.044566 39.743604 1.882694
0.473712 0.100152 -0.001032 -0.000116
0.100152 0.044817 -0.000115 -0.000020
-0.001032 -0.000115 0.478398 0.100890
-0.000116 -0.000020 0.100890 0.044951
29.531369 1.090636 40.656478 1.876734
0.473434 0.100115 -0.001901 -0.000306
0.100115 0.044806 -0.000306 -0.000063
-0.001901 -0.000306 0.478589 0.100923
-0.000306 -0.000063 0.100923 0.044955
30.329457 1.144246 42.250864 2.015115
0.474015 0.100258 -0.005049 -0.000959
0.100258 0.044833 -0.000960 -0.000200
-0.005049 -0.000960 0.480411 0.101296
-0.000959 -0.000200 0.101296 0.045030
31.239445 1.215689 43.202751 2.003508
0.475585 0.100592 -0.005648 -0.001013
0.100592 0.044898 -0.001015 -0.000199
-0.005648 -0.001015 0.482316 0.101653
-0.001013 -0.000199 0.101653 0.045097
32.241573 1.299013 44.112196 1.984268
0.476322 0.100716 -0.004320 -0.000666
0.100716 0.044913 -0.000666 -0.000116
-0.004320 -0.000666 0.483335 0.101795
-0.000666 -0.000116 0.101795 0.045115
33.355866 1.397092 44.822320 1.925179
0.474990 0.100392 -0.004833 -0.000750
0.100392 0.044834 -0.000750 -0.000135
-0.004833 -0.000750 0.482067 0.101451
-0.000750 -0.000135 0.101451 0.045032
33.857797 1.355448 45.639770 1.894522
0.475179 0.100426 -0.003259 -0.000391
0.100426 0.044839 -0.000389 -0.000060
-0.003259 -0.000389 0.482847 0.101582
-0.000391 -0.000060 0.101582 0.045060
34.523675 1.352656 46.101479 1.792401
0.476213 0.100634 -0.005320 -0.000835
0.100634 0.044881 -0.000836 -0.000162
-0.005320 -0.000836 0.483816 0.101745
-0.000835 -0.000162 0.101745 0.045093
35.396274 1.393879 46.628393 1.714904
0.474007 0.100140 -0.004538 -0.000643
0.100140 0.044772 -0.000643 -0.000120
-0.004538 -0.000643 0.481713 0.101256
-0.000643 -0.000120 0.101256 0.044988
35.490022 1.266551 47.687816 1.756958
0.471000 0.099525 -0.006962 -0.001148
0.099525 0.044647 -0.001149 -0.000230
-0.006962 -0.001149 0.480313 0.100967
-0.001148 -0.000230 0.100967 0.044935
