-2.741905 -0.134691 6.384066 1.661635
42.088166 16.835631 -56.781400 -22.713052
16.835631 86.738465 -22.713052 -9.085418
-56.781400 -22.713052 81.075089 32.430738
-22.713052 -9.085418 32.430738 92.976643
-1.863219 2.566676 9.429691 4.366475
48.991675 18.404937 -78.636222 -44.141777
18.404937 28.929074 -27.174300 -35.275384
-78.636222 -27.174300 129.985791 74.441318
-44.141777 -35.275384 74.441318 78.102814
-7.981623 -2.632169 19.527560 8.109135
45.776688 13.500864 -90.276618 -46.088588
13.500864 15.484338 -23.755848 -25.290087
-90.276618 -23.755848 184.393065 94.420999
-46.088588 -25.290087 94.420999 68.899890
-3.857454 -0.454953 13.230084 3.338882
0.716119 0.463973 -0.862565 -0.479894
0.463973 8.557060 7.043549 -5.913905
-0.862565 7.043549 22.473583 6.922589
-0.479894 -5.913905 6.922589 14.539654
-1.859206 3.178173 20.939202 3.538586
1.591520 1.902064 -3.995105 -3.705859
1.902064 3.887030 -4.059988 -6.370453
-3.995105 -4.059988 18.567496 13.255425
-3.705859 -6.370453 13.255425 14.424110
0.943619 4.209780 19.900593 1.576432
0.855861 0.745584 -1.674857 -1.267187
0.745584 1.227424 -0.553612 -1.541170
-1.674857 -0.553612 18.497777 8.286912
-1.267187 -1.541170 8.286912 5.653582
3.128704 4.228360 19.417290 1.104440
0.965852 0.650172 -2.641271 -1.414633
0.650172 0.696820 -1.087837 -1.075636
-2.641271 -1.087837 27.735004 10.779908
-1.414633 -1.075636 10.779908 5.207185
4.250194 3.562886 17.473721 0.777308
1.324214 0.703032 -4.647998 -1.904801
0.703032 0.512465 -1.956687 -1.051598
-4.647998 -1.956687 38.384748 13.163056
-1.904801 -1.051598 13.163056 5.127665
6.199897 3.663058 18.714361 0.944560
2.096279 0.924921 -7.152331 -2.492167
0.924921 0.490843 -2.961418 -1.163910
-7.152331 -2.961418 35.090515 11.255615
-2.492167 -1.163910 11.255615 3.999851
7.457943 3.396495 17.935695 0.793090
2.813468 1.032692 -10.017410 -2.961016
1.032692 0.437110 -3.503965 -1.122088
-10.017410 -3.503965 45.825685 12.872034
-2.961016 -1.122088 12.872034 3.889932
9.463611 3.444120 14.240668 -0.109794
3.811031 1.212672 -12.666389 -3.316814
1.212672 0.429942 -3.901776 -1.081039
-12.666389 -3.901776 49.967514 12.652442
-3.316814 -1.081039 12.652442 3.409246
11.679197 3.567774 11.749313 -0.641152
2.249222 0.674791 -4.275299 -1.125786
0.674791 0.237628 -1.233385 -0.366663
-4.275299 -1.233385 11.149715 2.713592
-1.125786 -0.366663 2.713592 0.822567
12.393828 3.306066 14.845981 0.091397
1.840430 0.512491 -2.047325 -0.554328
0.512491 0.172891 -0.553049 -0.180354
-2.047325 -0.553049 3.331699 0.810896
-0.554328 -0.180354 0.810896 0.328334
14.252804 3.349990 14.151614 -0.068098
2.380122 0.595731 -2.650589 -0.644681
0.595731 0.176614 -0.649104 -0.181348
-2.650589 -0.649104 3.911496 0.912830
-0.644681 -0.181348 0.912830 0.320450
15.877054 3.333796 13.871386 -0.121082
2.711392 0.620203 -2.675945 -0.589914
0.620203 0.167900 -0.599706 -0.150798
-2.675945 -0.599706 3.441267 0.755154
-0.589914 -0.150798 0.755154 0.255856
17.366546 3.297563 14.037303 -0.074122
2.746425 0.581262 -2.260385 -0.442844
0.581262 0.148340 -0.468008 -0.106843
-2.260385 -0.468008 2.496568 0.509625
-0.442844 -0.106843 0.509625 0.181268
18.650906 3.228101 14.395385 0.003299
2.639064 0.521850 -1.742843 -0.290775
0.521850 0.128301 -0.335900 -0.068709
-1.742843 -0.335900 1.669861 0.317210
-0.290775 -0.068709 0.317210 0.127779
19.551399 3.104507 15.325944 0.194384
2.525815 0.470483 -1.273582 -0.163979
0.470483 0.112875 -0.230559 -0.040572
-1.273582 -0.230559 1.049543 0.186301
-0.163979 -0.040572 0.186301 0.093118
20.506730 3.002353 15.858395 0.269249
2.533349 0.445946 -0.991290 -0.087273
0.445946 0.104120 -0.169048 -0.024379
-0.991290 -0.169048 0.763918 0.135391
-0.087273 -0.024379 0.135391 0.078416
21.305110 2.891683 16.784364 0.439550
2.532560 0.423585 -0.693659 -0.012896
0.423585 0.097016 -0.112372 -0.010591
-0.693659 -0.112372 0.507526 0.091935
-0.012896 -0.010591 0.091935 0.066214
21.944682 2.765229 17.443918 0.511883
2.402057 0.382958 -0.385917 0.050215
0.382958 0.087900 -0.059468 0.000076
-0.385917 -0.059468 0.367704 0.079815
0.050215 0.000076 0.079815 0.062443
21.140613 2.431957 18.699698 0.675507
1.901313 0.290071 0.059554 0.128481
0.290071 0.071856 0.009158 0.011997
0.059554 0.009158 0.230479 0.070659
0.128481 0.011997 0.070659 0.059881
22.510509 2.452785 19.187796 0.727799
2.091768 0.310359 0.082438 0.114555
0.310359 0.074431 0.008688 0.009308
0.082438 0.008688 0.257672 0.081864
0.114555 0.009308 0.081864 0.057953
23.771945 2.456190 19.627113 0.751770
2.174848 0.311397 0.218091 0.133362
0.311397 0.073736 0.024570 0.011559
0.218091 0.024570 0.318783 0.103483
0.133362 0.011559 0.103483 0.060778
23.695468 2.267760 20.070993 0.745382
1.216272 0.164101 0.341207 0.125194
0.164101 0.052051 0.036680 0.009669
0.341207 0.036680 0.422762 0.131503
0.125194 0.009669 0.131503 0.064429
23.785188 2.106751 20.589711 0.779755
0.982293 0.128705 0.461508 0.137725
0.128705 0.047497 0.047380 0.010909
0.461508 0.047380 0.561187 0.162492
0.137725 0.010909 0.162492 0.068778
24.751886 2.090516 21.023792 0.792528
0.963563 0.129042 0.533527 0.138100
0.129042 0.048654 0.049947 0.010317
0.533527 0.049947 0.723876 0.193558
0.138100 0.010317 0.193558 0.072569
25.736738 2.083692 21.357237 0.777346
0.818067 0.111797 0.512722 0.118035
0.111797 0.047254 0.037828 0.006615
0.512722 0.037828 0.883916 0.219725
0.118035 0.006615 0.219725 0.075080
26.766809 2.082148 21.735742 0.775158
0.663665 0.093953 0.456247 0.094949
0.093953 0.045681 0.020571 0.002641
0.456247 0.020571 1.051114 0.244348
0.094949 0.002641 0.244348 0.077270
27.722861 2.066702 22.107345 0.773780
0.525324 0.079142 0.376026 0.071307
0.079142 0.044462 0.000142 -0.001259
0.376026 0.000142 1.230649 0.268741
0.071307 -0.001259 0.268741 0.079420
29.052723 2.114643 22.718542 0.813338
0.470513 0.078249 0.316731 0.054505
0.078249 0.045362 -0.016062 -0.003907
0.316731 -0.016062 1.452737 0.298061
0.054505 -0.003907 0.298061 0.082387
29.258260 1.954810 22.706727 0.751289
0.317954 0.059448 0.160475 0.024000
0.059448 0.042811 -0.048303 -0.008847
0.160475 -0.048303 1.637258 0.318191
0.024000 -0.008847 0.318191 0.083678
30.523711 2.012284 23.268794 0.780185
0.322122 0.069208 0.095012 0.011419
0.069208 0.045293 -0.062332 -0.010373
0.095012 -0.062332 1.930139 0.353654
0.011419 -0.010373 0.353654 0.087427
31.599475 2.022424 23.834761 0.809726
0.315362 0.074843 -0.002869 -0.004697
0.074843 0.046478 -0.081716 -0.012589
-0.002869 -0.081716 2.241016 0.388278
-0.004697 -0.012589 0.388278 0.090782
32.876841 2.079872 24.495869 0.849772
0.332273 0.084378 -0.121729 -0.022362
0.084378 0.048274 -0.103222 -0.014973
-0.121729 -0.103222 2.567321 0.421507
-0.022362 -0.014973 0.421507 0.093667
33.813006 2.055699 24.855281 0.839696
0.342660 0.090503 -0.284177 -0.044687
0.090503 0.048976 -0.131714 -0.018222
-0.284177 -0.131714 2.889542 0.450524
-0.044687 -0.018222 0.450524 0.095714
35.174631 2.134821 25.558818 0.883799
0.388179 0.102752 -0.438445 -0.063281
0.102752 0.050817 -0.155065 -0.020418
-0.438445 -0.155065 3.287643 0.487852
-0.063281 -0.020418 0.487852 0.098907
36.463147 2.188538 26.175065 0.911315
0.440807 0.114210 -0.625187 -0.084600
0.114210 0.052163 -0.182568 -0.023071
-0.625187 -0.182568 3.700988 0.523443
-0.084600 -0.023071 0.523443 0.101614
37.487011 2.171343 26.437023 0.883283
0.497206 0.124001 -0.844211 -0.108390
0.124001 0.052846 -0.213690 -0.026084
-0.844211 -0.213690 4.141386 0.559058
-0.108390 -0.026084 0.559058 0.104127
38.928417 2.260934 27.266585 0.943654
0.573165 0.136274 -1.051647 -0.128217
0.136274 0.054000 -0.236781 -0.027790
-1.051647 -0.236781 4.682069 0.605424
-0.128217 -0.027790 0.605424 0.108036
40.415412 2.350453 27.976238 0.984783
0.665074 0.149730 -1.296168 -0.150955
0.149730 0.055242 -0.264880 -0.030064
-1.296168 -0.264880 5.240297 0.649381
-0.150955 -0.030064 0.649381 0.111308
41.475314 2.324246 28.584724 0.995849
0.754807 0.159807 -1.570058 -0.175866
0.159807 0.055478 -0.295091 -0.032614
-1.570058 -0.295091 5.845816 0.695177
-0.175866 -0.032614 0.695177 0.114568
42.677726 2.337369 29.265117 1.020147
0.866431 0.172826 -1.864955 -0.200897
0.172826 0.056385 -0.325086 -0.034917
-1.864955 -0.325086 6.497127 0.742696
-0.200897 -0.034917 0.742696 0.117868
43.762585 2.309677 29.440926 0.975694
0.993884 0.186643 -2.194761 -0.227956
0.186643 0.057286 -0.358622 -0.037535
-2.194761 -0.358622 7.173332 0.788659
-0.227956 -0.037535 0.788659 0.120727
44.764319 2.272279 29.891524 0.964203
1.114709 0.196774 -2.520192 -0.253151
0.196774 0.057414 -0.383851 -0.039218
-2.520192 -0.383851 7.953692 0.844539
-0.253151 -0.039218 0.844539 0.124741
45.846938 2.262554 30.469896 0.972990
1.246737 0.207465 -2.861912 -0.278300
0.207465 0.057715 -0.407724 -0.040681
-2.861912 -0.407724 8.794627 0.903309
-0.278300 -0.040681 0.903309 0.128890
46.960762 2.255318 30.865163 0.961386
1.395489 0.219498 -3.235308 -0.304900
0.219498 0.058231 -0.434285 -0.042366
-3.235308 -0.434285 9.688273 0.962982
-0.304900 -0.042366 0.962982 0.132853
47.567986 2.131694 31.317116 0.929058
1.534583 0.227302 -3.618201 -0.331713
0.227302 0.057834 -0.457745 -0.043886
-3.618201 -0.457745 10.640651 1.025406
-0.331713 -0.043886 1.025406 0.136934
48.308319 2.041387 31.439444 0.871133
1.700145 0.238815 -4.039333 -0.359887
0.238815 0.058206 -0.485596 -0.045648
-4.039333 -0.485596 11.643777 1.087749
-0.359887 -0.045648 1.087749 0.140731
49.082323 1.978301 31.758328 0.843035
1.858725 0.247531 -4.455090 -0.386442
0.247531 0.058202 -0.506257 -0.046722
-4.455090 -0.506257 12.716313 1.154787
-0.386442 -0.046722 1.154787 0.144991
