5.397124 3.120991 0.410636 -0.727789
2.439593 0.975858 -0.061697 -0.024679
0.975858 80.394418 -0.024679 -0.009872
-0.061697 -0.024679 2.466194 0.986499
-0.024679 -0.009872 0.986499 80.398675
4.140638 -1.799706 2.281791 3.165657
2.240227 3.922345 -0.071420 -0.112914
3.922345 15.169263 -0.113030 -0.354956
-0.071420 -0.113030 2.249387 3.933199
-0.112914 -0.354956 3.933199 15.256062
5.389971 0.679151 1.596204 0.547375
1.979845 2.288757 -0.023595 -0.022215
2.288757 4.516692 -0.022225 -0.068285
-0.023595 -0.022225 2.000435 2.313768
-0.022215 -0.068285 2.313768 4.564108
5.537316 0.515670 4.314393 2.607279
1.710945 1.441609 -0.049132 -0.042467
1.441609 1.904057 -0.042460 -0.054628
-0.049132 -0.042460 1.715981 1.445949
-0.042467 -0.054628 1.445949 1.913902
6.023609 0.666705 2.510788 0.555456
1.478474 0.975693 -0.032863 -0.021814
0.975693 0.972483 -0.021817 -0.022851
-0.032863 -0.021817 1.491440 0.984844
-0.021814 -0.022851 0.984844 0.981689
6.670077 0.835963 5.970213 2.281678
1.304984 0.707799 -0.030177 -0.016602
0.707799 0.567776 -0.016601 -0.013689
-0.030177 -0.016601 1.306533 0.708884
-0.016602 -0.013689 0.708884 0.569967
7.867149 1.194855 7.484655 2.453821
1.158693 0.533843 -0.024690 -0.011545
0.533843 0.361258 -0.011546 -0.008139
-0.024690 -0.011546 1.160522 0.535070
-0.011545 -0.008139 0.535070 0.362857
7.942059 0.985168 8.526605 2.379591
1.042625 0.418461 -0.017774 -0.007281
0.418461 0.246951 -0.007283 -0.004751
-0.017774 -0.007283 1.042964 0.418971
-0.007281 -0.004751 0.418971 0.247834
8.314774 0.942596 8.836801 2.065624
0.952029 0.339493 -0.013984 -0.005172
0.339493 0.179313 -0.005174 -0.003112
-0.013984 -0.005174 0.952840 0.340138
-0.005172 -0.003112 0.340138 0.180011
9.988423 1.329953 8.841820 1.734076
0.868409 0.279601 -0.011073 -0.003766
0.279601 0.135761 -0.003768 -0.002123
-0.011073 -0.003768 0.871858 0.281018
-0.003766 -0.002123 0.281018 0.136542
10.665515 1.333209 10.979994 2.109319
0.800042 0.235968 -0.012443 -0.003869
0.235968 0.107502 -0.003870 -0.001812
-0.012443 -0.003870 0.801084 0.236487
-0.003869 -0.001812 0.236487 0.107873
11.519663 1.384632 11.449369 1.948988
0.742022 0.203051 -0.007680 -0.002231
0.203051 0.088443 -0.002233 -0.001100
-0.007680 -0.002233 0.743393 0.203602
-0.002231 -0.001100 0.203602 0.088752
11.688987 1.250430 11.701982 1.763524
0.697390 0.179120 -0.006293 -0.001735
0.179120 0.075618 -0.001736 -0.000820
-0.006293 -0.001736 0.698544 0.179555
-0.001735 -0.000820 0.179555 0.075843
13.427406 1.521635 12.034685 1.629540
0.660153 0.160779 -0.001392 -0.000441
0.160779 0.066638 -0.000443 -0.000396
-0.001392 -0.000443 0.662454 0.161448
-0.000441 -0.000396 0.161448 0.066883
13.467555 1.353573 13.147674 1.699250
0.626673 0.146083 -0.000426 -0.000240
0.146083 0.060154 -0.000241 -0.000291
-0.000426 -0.000241 0.627884 0.146429
-0.000240 -0.000291 0.146429 0.060290
14.877091 1.518478 14.073228 1.716141
0.598987 0.134820 -0.002151 -0.000651
0.134820 0.055568 -0.000652 -0.000339
-0.002151 -0.000652 0.600365 0.135173
-0.000651 -0.000339 0.135173 0.055687
14.966811 1.371549 16.083491 1.968705
0.578690 0.126746 -0.004083 -0.001040
0.126746 0.052440 -0.001040 -0.000378
-0.004083 -0.001040 0.578810 0.126793
-0.001040 -0.000378 0.126793 0.052478
15.847368 1.413308 17.203432 1.997764
0.557342 0.119549 -0.001984 -0.000511
0.119549 0.050004 -0.000511 -0.000218
-0.001984 -0.000511 0.557345 0.119571
-0.000511 -0.000218 0.119571 0.050031
16.583955 1.419557 18.870330 2.138983
0.540490 0.114240 -0.002039 -0.000494
0.114240 0.048333 -0.000495 -0.000188
-0.002039 -0.000495 0.540185 0.114199
-0.000494 -0.000188 0.114199 0.048343
16.865257 1.329888 19.734412 2.096009
0.528088 0.110533 -0.000978 -0.000243
0.110533 0.047237 -0.000243 -0.000114
-0.000978 -0.000243 0.527605 0.110460
-0.000243 -0.000114 0.110460 0.047238
17.040093 1.227914 20.986087 2.138424
0.519195 0.108013 -0.001306 -0.000304
0.108013 0.046539 -0.000304 -0.000113
-0.001306 -0.000304 0.518506 0.107904
-0.000304 -0.000113 0.107904 0.046531
18.203763 1.341910 21.169268 1.954640
0.509306 0.105590 -0.000503 -0.000120
0.105590 0.045954 -0.000121 -0.000062
-0.000503 -0.000121 0.508844 0.105536
-0.000120 -0.000062 0.105536 0.045955
19.063005 1.380904 22.208199 1.967400
0.500432 0.103645 -0.002242 -0.000480
0.103645 0.045533 -0.000480 -0.000129
-0.002242 -0.000480 0.500059 0.103610
-0.000480 -0.000129 0.103610 0.045536
20.003648 1.432782 23.594832 2.050966
0.493325 0.102258 -0.002116 -0.000418
0.102258 0.045267 -0.000418 -0.000104
-0.002116 -0.000418 0.493081 0.102249
-0.000418 -0.000104 0.102249 0.045273
20.480367 1.382969 24.306362 1.985708
0.490566 0.101892 -0.002682 -0.000507
0.101892 0.045231 -0.000507 -0.000114
-0.002682 -0.000507 0.490337 0.101882
-0.000507 -0.000114 0.101882 0.045234
20.863578 1.318852 25.581336 2.044396
0.485282 0.101009 -0.003309 -0.000604
0.101009 0.045079 -0.000604 -0.000127
-0.003309 -0.000604 0.485192 0.101023
-0.000604 -0.000127 0.101023 0.045086
21.192751 1.250048 27.065741 2.140799
0.482754 0.100752 -0.001536 -0.000195
0.100752 0.045061 -0.000195 -0.000035
-0.001536 -0.000195 0.482904 0.100809
-0.000195 -0.000035 0.100809 0.045074
21.935814 1.274660 27.801108 2.070718
0.478943 0.100210 -0.000969 -0.000081
0.100210 0.044972 -0.000081 -0.000013
-0.000969 -0.000081 0.479166 0.100273
-0.000081 -0.000013 0.100273 0.044984
22.658140 1.292457 28.685595 2.039084
0.475609 0.099778 0.000674 0.000249
0.099778 0.044902 0.000249 0.000052
0.000674 0.000249 0.475995 0.099866
0.000249 0.000052 0.099866 0.044918
23.405265 1.313701 29.858983 2.071456
0.475305 0.099978 0.000669 0.000204
0.099978 0.044958 0.000204 0.000034
0.000669 0.000204 0.475991 0.100119
0.000204 0.000034 0.100119 0.044984
23.404888 1.175177 30.862863 2.064706
0.477515 0.100644 0.001929 0.000435
0.100644 0.045098 0.000435 0.000077
0.001929 0.000435 0.478497 0.100833
0.000435 0.000077 0.100833 0.045131
24.228188 1.224900 32.020538 2.091125
0.477384 0.100716 0.000292 0.000038
0.100716 0.045092 0.000038 -0.000013
0.000292 0.000038 0.478725 0.100964
0.000038 -0.000013 0.100964 0.045136
24.507251 1.154542 32.695302 2.012908
0.478087 0.100930 0.000957 0.000172
0.100930 0.045113 0.000172 0.000018
0.000957 0.000172 0.479562 0.101187
0.000172 0.000018 0.101187 0.045158
25.279189 1.195721 32.968914 1.858250
0.477824 0.100899 -0.000304 -0.000112
0.100899 0.045080 -0.000112 -0.000041
-0.000304 -0.000112 0.479129 0.101102
-0.000112 -0.000041 0.101102 0.045112
25.733116 1.165323 33.906791 1.860107
0.476837 0.100703 0.000512 0.000074
0.100703 0.045014 0.000074 0.000004
0.000512 0.000074 0.478592 0.100992
0.000074 0.000004 0.100992 0.045065
26.721652 1.251088 34.457046 1.779925
0.474586 0.100248 -0.000023 -0.000044
0.100248 0.044900 -0.000044 -0.000019
-0.000023 -0.000044 0.476407 0.100536
-0.000044 -0.000019 0.100536 0.044950
26.959112 1.169043 35.736579 1.862194
0.474613 0.100306 -0.001126 -0.000269
0.100306 0.044903 -0.000269 -0.000063
-0.001126 -0.000269 0.477282 0.100761
-0.000269 -0.000063 0.100761 0.044989
27.333939 1.124710 36.887789 1.908668
0.474633 0.100345 -0.001352 -0.000287
0.100345 0.044900 -0.000288 -0.000061
-0.001352 -0.000288 0.478004 0.100921
-0.000287 -0.000061 0.100921 0.045009
27.475418 1.035722 38.025749 1.947409
0.475257 0.100496 -0.001799 -0.000354
0.100496 0.044921 -0.000355 -0.000070
-0.001799 -0.000355 0.479395 0.101202
-0.000354 -0.000070 0.101202 0.045054
28.269816 1.094233 39.307130 2.012366
0.473938 0.100215 -0.002650 -0.000503
0.100215 0.044848 -0.000504 -0.000097
-0.002650 -0.000504 0.478836 0.101041
-0.000503 -0.000097 0.101041 0.045003
28.985683 1.129909 40.244994 1.997987
0.474402 0.100333 -0.002170 -0.000362
0.100333 0.044866 -0.000362 -0.000061
-0.002170 -0.000362 0.479676 0.101193
-0.000362 -0.000061 0.101193 0.045024
30.000470 1.225158 41.690575 2.092275
0.473292 0.100100 -0.004587 -0.000850
0.100100 0.044808 -0.000852 -0.000164
-0.004587 -0.000852 0.479494 0.101115
-0.000850 -0.000164 0.101115 0.044997
31.223482 1.354249 42.622959 2.068526
0.473403 0.100144 -0.004923 -0.000858
0.100144 0.044813 -0.000859 -0.000157
-0.004923 -0.000859 0.479762 0.101143
-0.000858 -0.000157 0.101143 0.044996
31.861026 1.345696 43.296197 1.992414
0.475263 0.100549 -0.004986 -0.000815
0.100549 0.044894 -0.000816 -0.000143
-0.004986 -0.000816 0.481716 0.101527
-0.000815 -0.000143 0.101527 0.045072
32.641980 1.368922 44.911285 2.122839
0.474085 0.100269 -0.003980 -0.000562
0.100269 0.044823 -0.000561 -0.000088
-0.003980 -0.000561 0.481993 0.101525
-0.000562 -0.000088 0.101525 0.045061
33.170238 1.335761 45.767624 2.079568
0.472152 0.099857 -0.003809 -0.000516
0.099857 0.044731 -0.000515 -0.000084
-0.003809 -0.000515 0.480640 0.101188
-0.000516 -0.000084 0.101188 0.044984
33.678043 1.301795 46.646204 2.045536
0.471503 0.099755 -0.003199 -0.000385
0.099755 0.044714 -0.000383 -0.000062
-0.003199 -0.000383 0.480594 0.101165
-0.000385 -0.000062 0.101165 0.044981
34.629949 1.365257 47.246629 1.956815
0.471204 0.099730 -0.004426 -0.000656
0.099730 0.044712 -0.000655 -0.000127
-0.004426 -0.000655 0.480194 0.101072
-0.000656 -0.000127 0.101072 0.044964
35.109928 1.321916 47.517661 1.807791
0.471142 0.099752 -0.004519 -0.000662
0.099752 0.044718 -0.000662 -0.000129
-0.004519 -0.000662 0.479931 0.101020
-0.000662 -0.000129 0.101020 0.044958
35.546176 1.274535 48.750948 1.876990
0.469562 0.099444 -0.005675 -0.000896
0.099444 0.044653 -0.000896 -0.000180
-0.005675 -0.000896 0.479872 0.101017
-0.000896 -0.000180 0.101017 0.044962
