-0.419045 0.794473 6.059765 1.531911
41.793893 16.717919 -56.733883 -22.694045
16.717919 86.691379 -22.694045 -9.077815
-56.733883 -22.694045 81.065271 32.426811
-22.694045 -9.077815 32.426811 92.975072
1.067839 2.354132 6.886500 2.281838
61.117945 30.611267 -86.166299 -43.612618
30.611267 36.833761 -41.011142 -40.955613
-86.166299 -41.011142 124.860137 64.719275
-43.612618 -40.955613 64.719275 69.002693
2.787748 2.830328 7.865604 2.339162
92.112370 44.070199 -128.436034 -59.758156
44.070199 32.355880 -60.375015 -41.730010
-128.436034 -60.375015 182.035606 85.354564
-59.758156 -41.730010 85.354564 60.811462
7.295319 2.790633 -1.230687 -2.715283
128.116605 53.839629 -175.139765 -70.753291
53.839629 29.580470 -72.868924 -38.407023
-175.139765 -72.868924 242.721074 98.550565
-70.753291 -38.407023 98.550565 53.304865
6.377240 1.977735 0.741615 -1.523392
12.148892 5.464631 -8.354737 -1.922480
5.464631 7.068407 -3.602380 -7.027652
-8.354737 -3.602380 6.934171 1.886537
-1.922480 -7.027652 1.886537 9.568230
7.166838 1.232534 1.638941 0.288231
19.220167 8.955712 -12.838172 -5.472783
8.955712 6.760413 -6.402802 -6.228653
-12.838172 -6.402802 9.559606 4.787567
-5.472783 -6.228653 4.787567 7.388517
9.815555 0.133295 4.478080 4.276983
28.999697 12.263696 -20.341678 -9.009080
12.263696 6.499789 -8.972154 -5.652580
-20.341678 -8.972154 15.046629 7.191753
-9.009080 -5.652580 7.191753 5.744893
11.599127 0.617765 5.715948 4.122540
38.718078 14.596316 -29.182003 -12.064049
14.596316 6.267280 -11.369008 -5.620620
-29.182003 -11.369008 22.883245 9.952218
-12.064049 -5.620620 9.952218 5.544924
14.463002 1.871805 4.456507 2.374544
51.178765 16.214525 -38.439377 -13.081782
16.214525 5.618053 -12.492464 -4.805112
-38.439377 -12.492464 29.861262 10.598942
-13.081782 -4.805112 10.598942 4.481959
13.304907 1.239862 7.456379 2.984512
18.509854 4.279594 -10.665452 -1.966283
4.279594 1.298526 -2.645496 -0.838716
-10.665452 -2.645496 6.881814 1.603831
-1.966283 -0.838716 1.603831 0.846013
14.265431 1.265404 8.973908 3.073441
21.905282 4.792314 -13.051210 -2.577262
4.792314 1.278102 -3.004757 -0.834941
-13.051210 -3.004757 8.472517 1.929315
-2.577262 -0.834941 1.929315 0.753183
14.976905 1.300340 10.360397 3.012932
25.866012 5.270633 -15.743609 -3.055698
5.270633 1.251733 -3.332505 -0.820245
-15.743609 -3.332505 10.256720 2.197384
-3.055698 -0.820245 2.197384 0.691859
15.806453 1.463177 10.932740 2.625403
29.824041 5.653839 -18.542596 -3.460279
5.653839 1.215989 -3.626065 -0.807586
-18.542596 -3.626065 12.236552 2.467001
-3.460279 -0.807586 2.467001 0.663174
16.901176 1.618992 11.311855 2.304634
33.180637 5.745984 -20.193877 -3.394745
5.745984 1.114837 -3.587826 -0.704005
-20.193877 -3.587826 12.986295 2.343159
-3.394745 -0.704005 2.343159 0.552079
19.505598 1.925555 11.206783 2.073764
30.576331 4.773784 -17.291196 -2.448023
4.773784 0.847485 -2.767182 -0.471047
-17.291196 -2.767182 10.400265 1.608073
-2.448023 -0.471047 1.608073 0.353134
18.212423 1.586986 13.608694 2.275585
9.995274 1.317242 -4.063836 -0.236226
1.317242 0.263119 -0.579923 -0.099209
-4.063836 -0.579923 2.133708 0.255703
-0.236226 -0.099209 0.255703 0.122822
17.737482 1.412888 15.389631 2.352736
11.064495 1.414747 -4.426522 -0.295169
1.414747 0.262733 -0.605466 -0.095095
-4.426522 -0.605466 2.220590 0.261632
-0.295169 -0.095095 0.261632 0.108769
20.037110 1.616339 15.858489 2.282986
7.403868 0.962532 -3.497031 -0.388530
0.962532 0.201129 -0.492375 -0.100003
-3.497031 -0.492375 2.114598 0.326057
-0.388530 -0.100003 0.326057 0.112216
21.769827 1.765790 16.089261 2.095441
7.638194 0.949941 -3.363298 -0.329796
0.949941 0.189224 -0.452887 -0.083598
-3.363298 -0.452887 1.986550 0.293425
-0.329796 -0.083598 0.293425 0.100177
22.799924 1.786521 17.021861 2.074973
4.667002 0.530598 -1.436125 -0.032584
0.530598 0.127316 -0.190514 -0.039454
-1.436125 -0.190514 0.917958 0.142562
-0.032584 -0.039454 0.142562 0.075559
22.551012 1.651384 18.494665 2.112045
2.455699 0.253044 -0.233579 0.109594
0.253044 0.090023 -0.046476 -0.019380
-0.233579 -0.046476 0.441867 0.102678
0.109594 -0.019380 0.102678 0.070666
21.960945 1.461963 20.217903 2.210594
1.922427 0.190349 0.185691 0.159235
0.190349 0.080270 -0.001964 -0.011029
0.185691 -0.001964 0.350199 0.104574
0.159235 -0.011029 0.104574 0.069731
22.672754 1.464387 21.265523 2.193911
2.078429 0.225119 0.262935 0.152007
0.225119 0.084359 -0.005931 -0.010854
0.262935 -0.005931 0.455617 0.136038
0.152007 -0.010854 0.136038 0.073379
23.525042 1.476072 22.404370 2.208191
1.982501 0.226953 0.307071 0.131213
0.226953 0.084273 -0.014137 -0.012611
0.307071 -0.014137 0.603884 0.171571
0.131213 -0.012611 0.171571 0.077355
23.993985 1.442260 23.478522 2.196702
1.309975 0.169692 0.087531 0.040807
0.169692 0.078211 -0.049771 -0.021616
0.087531 -0.049771 0.704944 0.184265
0.040807 -0.021616 0.184265 0.074122
24.261341 1.398874 24.298136 2.125229
1.016946 0.162429 -0.200292 -0.041491
0.162429 0.078430 -0.086940 -0.028410
-0.200292 -0.086940 0.734734 0.178139
-0.041491 -0.028410 0.178139 0.067734
24.816629 1.384512 25.235647 2.095489
1.036138 0.184948 -0.386851 -0.083271
0.184948 0.081259 -0.110693 -0.030720
-0.386851 -0.110693 0.799781 0.182453
-0.083271 -0.030720 0.182453 0.065458
25.407623 1.381288 25.984773 2.028845
1.160566 0.217309 -0.577404 -0.118208
0.217309 0.085030 -0.133585 -0.032456
-0.577404 -0.133585 0.852128 0.183367
-0.118208 -0.032456 0.183367 0.063013
25.903792 1.345395 27.082542 2.044204
1.312145 0.247235 -0.766453 -0.147344
0.247235 0.087822 -0.157864 -0.034358
-0.766453 -0.157864 0.990253 0.202266
-0.147344 -0.034358 0.202266 0.064880
26.238324 1.286403 27.645620 1.941539
1.527516 0.282801 -0.976292 -0.175751
0.282801 0.091122 -0.183120 -0.036233
-0.976292 -0.183120 1.066829 0.205189
-0.175751 -0.036233 0.205189 0.063215
26.929505 1.293586 28.488937 1.916146
1.813243 0.325609 -1.176027 -0.196779
0.325609 0.095311 -0.204804 -0.037090
-1.176027 -0.204804 1.191476 0.217463
-0.196779 -0.037090 0.217463 0.063823
27.288356 1.225062 29.028758 1.818395
2.127532 0.366608 -1.419788 -0.223630
0.366608 0.098498 -0.232623 -0.039311
-1.419788 -0.232623 1.335839 0.230686
-0.223630 -0.039311 0.230686 0.064352
27.683399 1.165543 29.559847 1.729236
2.475813 0.407973 -1.672499 -0.248248
0.407973 0.101409 -0.259068 -0.041134
-1.672499 -0.259068 1.496381 0.245171
-0.248248 -0.041134 0.245171 0.065137
28.404479 1.200748 30.569056 1.766905
2.885127 0.454712 -1.944198 -0.271678
0.454712 0.105138 -0.284072 -0.042338
-1.944198 -0.284072 1.706464 0.267565
-0.271678 -0.042338 0.267565 0.067560
28.909154 1.198658 31.713238 1.817097
3.321273 0.498823 -2.248436 -0.298629
0.498823 0.107886 -0.311333 -0.044153
-2.248436 -0.311333 1.942641 0.291412
-0.298629 -0.044153 0.291412 0.069876
29.486224 1.204160 32.768398 1.846597
3.812535 0.547577 -2.562446 -0.322258
0.547577 0.111271 -0.339533 -0.045801
-2.562446 -0.339533 2.153545 0.307072
-0.322258 -0.045801 0.307072 0.070482
30.251904 1.229093 33.618784 1.841054
4.361309 0.600313 -2.893173 -0.344332
0.600313 0.115074 -0.368914 -0.047385
-2.893173 -0.368914 2.351759 0.317969
-0.344332 -0.047385 0.317969 0.070231
31.180797 1.286098 34.559788 1.864110
4.954035 0.652165 -3.267920 -0.371516
0.652165 0.118346 -0.399918 -0.049298
-3.267920 -0.399918 2.597276 0.335450
-0.371516 -0.049298 0.335450 0.071156
31.888410 1.295917 35.473957 1.864450
5.552367 0.696470 -3.691740 -0.406519
0.696470 0.120017 -0.432877 -0.051967
-3.691740 -0.432877 2.894184 0.359218
-0.406519 -0.051967 0.359218 0.072880
32.502023 1.295793 36.487008 1.878493
6.177242 0.739214 -4.147351 -0.443498
0.739214 0.121451 -0.465999 -0.054560
-4.147351 -0.465999 3.223716 0.385785
-0.443498 -0.054560 0.385785 0.074960
33.226688 1.322662 37.634638 1.924862
6.863259 0.786526 -4.631628 -0.479339
0.786526 0.123628 -0.499838 -0.056807
-4.631628 -0.499838 3.571151 0.412059
-0.479339 -0.056807 0.412059 0.076933
33.613624 1.301892 38.917677 1.970052
7.595304 0.834772 -5.154319 -0.517113
0.834772 0.125791 -0.535488 -0.059211
-5.154319 -0.535488 3.941683 0.438467
-0.517113 -0.059211 0.438467 0.078692
34.261198 1.282539 39.635345 1.917431
8.410834 0.893155 -5.665760 -0.544345
0.893155 0.129439 -0.571717 -0.060897
-5.665760 -0.571717 4.241524 0.449956
-0.544345 -0.060897 0.449956 0.078148
34.638035 1.250490 40.702361 1.920319
9.269978 0.949189 -6.237431 -0.579109
0.949189 0.132469 -0.608808 -0.062885
-6.237431 -0.608808 4.615097 0.471528
-0.579109 -0.062885 0.471528 0.079178
35.046084 1.238318 41.936769 1.958560
10.205927 1.011937 -6.817223 -0.608030
1.011937 0.136377 -0.645673 -0.064285
-6.817223 -0.645673 4.971196 0.487928
-0.608030 -0.064285 0.487928 0.079570
36.099010 1.289220 42.754151 1.958511
11.167004 1.077551 -7.343823 -0.623612
1.077551 0.140791 -0.678265 -0.064652
-7.343823 -0.678265 5.243740 0.491271
-0.623612 -0.064652 0.491271 0.078393
36.776560 1.311556 43.972572 2.007894
12.194916 1.137630 -8.003887 -0.660916
1.137630 0.143765 -0.715818 -0.066540
-8.003887 -0.715818 5.670747 0.515707
-0.660916 -0.066540 0.515707 0.079881
37.090458 1.259242 44.911793 1.969257
13.287705 1.199951 -8.702543 -0.699102
1.199951 0.146766 -0.755780 -0.068673
-8.702543 -0.755780 6.104885 0.537377
-0.699102 -0.068673 0.537377 0.080678
37.519230 1.223279 45.782705 1.931343
14.440714 1.266899 -9.396616 -0.730007
1.266899 0.150378 -0.794622 -0.070154
-9.396616 -0.794622 6.510856 0.552987
-0.730007 -0.070154 0.552987 0.080835
37.532391 1.165012 47.040199 1.941671
15.650867 1.334738 -10.122012 -0.761820
1.334738 0.153942 -0.833400 -0.071565
-10.122012 -0.833400 6.939293 0.570293
-0.761820 -0.071565 0.570293 0.081283
