1.770679 1.670381 3.608296 0.551303
2.583558 1.033445 -0.806960 -0.322791
1.033445 80.417454 -0.322791 -0.129119
-0.806960 -0.322791 4.287673 1.715106
-0.322791 -0.129119 1.715106 80.690124
5.225048 5.943609 -0.731704 -6.714580
2.694187 4.607638 -1.356491 -2.015047
4.607638 16.506539 -2.108498 -5.190118
-1.356491 -2.108498 4.064077 6.456979
-2.015047 -5.190118 6.456979 23.282248
7.655274 5.555162 1.406321 -0.564779
2.244331 2.572854 0.196372 0.357539
2.572854 4.961728 0.254193 -0.238426
0.196372 0.254193 0.710628 0.811478
0.357539 -0.238426 0.811478 4.139061
7.412459 2.853057 2.862058 1.538897
0.819014 0.638590 0.542669 0.580044
0.638590 1.230491 0.362889 0.212542
0.542669 0.362889 1.008499 1.120620
0.580044 0.212542 1.120620 2.130392
7.339176 1.691547 3.389518 1.539850
0.810162 0.596009 0.349568 0.191776
0.596009 0.763885 0.092443 -0.024602
0.349568 0.092443 1.298497 1.091128
0.191776 -0.024602 1.091128 1.242884
7.748508 1.376893 4.580323 1.850542
0.797971 0.499170 0.124336 0.012843
0.499170 0.472370 -0.038900 -0.061083
0.124336 -0.038900 1.389333 0.892310
0.012843 -0.061083 0.892310 0.728193
8.772121 1.573997 5.061013 1.606976
0.945832 0.498442 -0.065439 -0.078212
0.498442 0.354329 -0.103767 -0.067412
-0.065439 -0.103767 1.430399 0.735788
-0.078212 -0.067412 0.735788 0.468735
9.310743 1.393025 8.540997 2.746558
0.903741 0.400524 -0.160486 -0.090675
0.400524 0.237230 -0.102023 -0.045454
-0.160486 -0.102023 1.175780 0.501908
-0.090675 -0.045454 0.501908 0.274396
9.705932 1.294222 8.753088 2.326324
0.963419 0.368471 -0.257973 -0.105105
0.368471 0.184513 -0.113259 -0.039530
-0.257973 -0.113259 1.171405 0.430337
-0.105105 -0.039530 0.430337 0.202675
9.530433 1.016900 10.519975 2.522733
0.963060 0.322664 -0.239551 -0.079559
0.322664 0.142778 -0.084446 -0.023539
-0.239551 -0.084446 1.033680 0.333301
-0.079559 -0.023539 0.333301 0.143310
11.306165 1.396029 11.576664 2.466870
0.894568 0.267486 -0.252352 -0.070731
0.267486 0.109541 -0.074312 -0.017539
-0.252352 -0.074312 0.958093 0.277269
-0.070731 -0.017539 0.277269 0.110959
12.659808 1.569895 11.829308 2.210338
0.768698 0.208998 -0.212951 -0.051423
0.208998 0.083395 -0.053686 -0.010498
-0.212951 -0.053686 0.825936 0.218344
-0.051423 -0.010498 0.218344 0.085373
12.706448 1.379964 12.706585 2.146329
0.759043 0.191383 -0.209819 -0.044574
0.191383 0.073087 -0.046515 -0.008016
-0.209819 -0.046515 0.788811 0.193959
-0.044574 -0.008016 0.193959 0.073513
14.104754 1.546127 13.470505 2.082385
0.685805 0.162380 -0.164050 -0.030136
0.162380 0.062308 -0.031247 -0.004306
-0.164050 -0.031247 0.724802 0.168137
-0.030136 -0.004306 0.168137 0.063755
14.657085 1.481664 13.376700 1.824908
0.629945 0.141822 -0.156139 -0.026541
0.141822 0.055298 -0.027224 -0.003634
-0.156139 -0.027224 0.677349 0.149787
-0.026541 -0.003634 0.149787 0.057289
15.028350 1.400254 14.292159 1.820158
0.606588 0.132020 -0.122241 -0.017616
0.132020 0.051916 -0.018219 -0.001855
-0.122241 -0.018219 0.638731 0.136578
-0.017616 -0.001855 0.136578 0.053109
15.713697 1.399462 15.372782 1.855921
0.594621 0.126152 -0.093432 -0.010916
0.126152 0.049934 -0.011448 -0.000720
-0.093432 -0.011448 0.615589 0.128494
-0.010916 -0.000720 0.128494 0.050650
16.258571 1.368572 16.417541 1.877877
0.576789 0.120136 -0.056388 -0.003490
0.120136 0.048284 -0.003950 0.000448
-0.056388 -0.003950 0.586595 0.120487
-0.003490 0.000448 0.120487 0.048610
17.182049 1.437043 18.952091 2.206390
0.537843 0.110543 -0.027917 0.001108
0.110543 0.046122 0.000496 0.000867
-0.027917 0.000496 0.520541 0.105832
0.001108 0.000867 0.105832 0.045463
17.313571 1.315318 19.895958 2.167663
0.522715 0.106787 -0.017555 0.001982
0.106787 0.045384 0.001409 0.000666
-0.017555 0.001409 0.496069 0.100946
0.001982 0.000666 0.100946 0.044582
17.893982 1.297782 20.761535 2.122304
0.509561 0.103813 -0.020641 0.000167
0.103813 0.044875 -0.000293 0.000017
-0.020641 -0.000293 0.482357 0.098597
0.000167 0.000017 0.098597 0.044262
18.193122 1.222738 21.279046 2.007751
0.506993 0.103267 -0.040553 -0.004756
0.103267 0.044894 -0.005104 -0.001149
-0.040553 -0.005104 0.477480 0.098140
-0.004756 -0.001149 0.098140 0.044313
18.895055 1.240149 22.104576 1.971343
0.485496 0.099143 -0.031477 -0.003278
0.099143 0.044214 -0.003555 -0.000894
-0.031477 -0.003555 0.459509 0.095158
-0.003278 -0.000894 0.095158 0.043850
19.342902 1.204653 23.082306 1.968631
0.489679 0.100621 -0.030258 -0.003356
0.100621 0.044713 -0.003574 -0.000938
-0.030258 -0.003574 0.465762 0.097360
-0.003356 -0.000938 0.097360 0.044460
19.370477 1.085664 24.028725 1.957473
0.488799 0.100934 -0.018213 -0.001134
0.100934 0.044913 -0.001356 -0.000501
-0.018213 -0.001356 0.465049 0.097843
-0.001134 -0.000501 0.097843 0.044631
20.313712 1.168353 24.924748 1.941815
0.492202 0.102017 -0.014853 -0.000885
0.102017 0.045223 -0.001045 -0.000486
-0.014853 -0.001045 0.476395 0.100689
-0.000885 -0.000486 0.100689 0.045251
20.842586 1.155107 25.386117 1.833765
0.489535 0.101721 -0.005673 0.000614
0.101721 0.045208 0.000456 -0.000206
-0.005673 0.000456 0.475272 0.100571
0.000614 -0.000206 0.100571 0.045180
21.331058 1.136250 26.178868 1.807240
0.491723 0.102389 -0.011360 -0.001093
0.102389 0.045375 -0.001188 -0.000594
-0.011360 -0.001188 0.482780 0.102207
-0.001093 -0.000594 0.102207 0.045473
21.907862 1.138130 27.119177 1.815019
0.492223 0.102615 -0.018017 -0.002766
0.102615 0.045428 -0.002808 -0.000924
-0.018017 -0.002808 0.491615 0.103941
-0.002766 -0.000924 0.103941 0.045764
22.762961 1.197829 28.023560 1.814929
0.486727 0.101576 -0.009894 -0.001118
0.101576 0.045213 -0.001151 -0.000527
-0.009894 -0.001151 0.495577 0.104507
-0.001118 -0.000527 0.104507 0.045797
22.874865 1.096492 29.254209 1.882101
0.459788 0.096116 -0.009108 -0.001175
0.096116 0.044084 -0.001168 -0.000523
-0.009108 -0.001168 0.490258 0.103071
-0.001175 -0.000523 0.103071 0.045418
23.402310 1.092470 30.477845 1.941403
0.449739 0.094662 -0.003557 -0.000153
0.094662 0.043877 -0.000123 -0.000281
-0.003557 -0.000123 0.497047 0.104353
-0.000153 -0.000281 0.104353 0.045659
24.867734 1.287450 31.526106 1.958466
0.432862 0.091783 -0.005541 -0.000775
0.091783 0.043349 -0.000744 -0.000405
-0.005541 -0.000744 0.494618 0.103588
-0.000775 -0.000405 0.103588 0.045455
25.443385 1.272856 32.472417 1.951535
0.442083 0.094630 0.000068 0.000312
0.094630 0.044052 0.000367 -0.000144
0.000068 0.000367 0.507261 0.106086
0.000312 -0.000144 0.106086 0.045964
26.450915 1.352717 33.553618 1.973620
0.415926 0.089461 -0.014555 -0.002910
0.089461 0.042932 -0.002957 -0.000830
-0.014555 -0.002957 0.504547 0.105155
-0.002910 -0.000830 0.105155 0.045718
26.698186 1.259404 34.388360 1.941696
0.420021 0.091217 -0.013734 -0.002567
0.091217 0.043380 -0.002594 -0.000683
-0.013734 -0.002594 0.512891 0.106667
-0.002567 -0.000683 0.106667 0.046019
26.938513 1.174398 35.433646 1.956752
0.432262 0.094431 -0.023621 -0.004476
0.094431 0.044068 -0.004600 -0.001047
-0.023621 -0.004600 0.531004 0.110085
-0.004476 -0.001047 0.110085 0.046696
27.500680 1.169139 36.542743 1.983675
0.415475 0.090863 -0.035522 -0.006661
0.090863 0.043189 -0.006865 -0.001449
-0.035522 -0.006865 0.541503 0.111637
-0.006661 -0.001449 0.111637 0.046939
28.092042 1.169858 37.246264 1.924551
0.413080 0.090758 -0.032771 -0.005635
0.090758 0.043147 -0.005755 -0.001133
-0.032771 -0.005755 0.539943 0.110670
-0.005635 -0.001133 0.110670 0.046675
28.271996 1.081900 38.639786 2.011305
0.404395 0.089161 -0.036225 -0.006054
0.089161 0.042756 -0.006114 -0.001172
-0.036225 -0.006114 0.558941 0.114069
-0.006054 -0.001172 0.114069 0.047347
29.097123 1.146237 39.967166 2.077773
0.418430 0.092664 -0.041175 -0.006694
0.092664 0.043513 -0.006825 -0.001274
-0.041175 -0.006825 0.575250 0.116656
-0.006694 -0.001274 0.116656 0.047811
29.887657 1.193539 40.803790 2.037981
0.425482 0.094230 -0.035656 -0.005236
0.094230 0.043766 -0.005296 -0.000935
-0.035656 -0.005296 0.567807 0.114348
-0.005236 -0.000935 0.114348 0.047281
30.983234 1.300070 41.016024 1.878386
0.430051 0.095079 -0.024807 -0.002908
0.095079 0.043847 -0.002881 -0.000464
-0.024807 -0.002881 0.541564 0.108629
-0.002908 -0.000464 0.108629 0.046148
31.820817 1.341981 42.070945 1.902502
0.437153 0.096358 -0.021585 -0.002341
0.096358 0.044020 -0.002276 -0.000396
-0.021585 -0.002276 0.544437 0.109324
-0.002341 -0.000396 0.109324 0.046403
32.123207 1.261391 43.115055 1.919629
0.418834 0.091952 -0.015203 -0.001301
0.091952 0.042948 -0.001066 -0.000229
-0.015203 -0.001066 0.541186 0.108759
-0.001301 -0.000229 0.108759 0.046378
32.971970 1.309626 44.155995 1.936752
0.430502 0.094603 -0.009045 -0.000258
0.094603 0.043539 -0.000035 -0.000071
-0.009045 -0.000035 0.531296 0.106922
-0.000258 -0.000071 0.106922 0.046092
33.687275 1.322161 44.879922 1.887582
0.450923 0.098873 -0.009352 -0.000572
0.098873 0.044426 -0.000521 -0.000217
-0.009352 -0.000521 0.510279 0.102981
-0.000572 -0.000217 0.102981 0.045391
34.210826 1.292232 45.844420 1.891460
0.471506 0.102744 -0.015377 -0.001996
0.102744 0.045151 -0.002125 -0.000567
-0.015377 -0.002125 0.497887 0.101090
-0.001996 -0.000567 0.101090 0.045141
34.479074 1.211140 47.034269 1.940559
0.489171 0.105637 -0.026450 -0.004313
0.105637 0.045623 -0.004597 -0.001062
-0.026450 -0.004597 0.491183 0.100441
-0.004313 -0.001062 0.100441 0.045129
35.141405 1.222945 47.872022 1.913395
0.509665 0.108967 -0.026172 -0.004066
0.108967 0.046190 -0.004416 -0.000969
-0.026172 -0.004416 0.463422 0.095437
-0.004066 -0.000969 0.095437 0.044192
