1.664183 1.627782 4.802923 1.029164
2.543675 1.017492 -0.280301 -0.112123
1.017492 80.411072 -0.112123 -0.044850
-0.280301 -0.112123 2.430145 0.972079
-0.112123 -0.044850 0.972079 80.392907
4.636518 5.336240 3.147003 -2.721875
2.189953 3.810732 -0.213213 -0.320603
3.810732 15.220250 -0.317887 -1.271592
-0.213213 -0.317887 2.215813 3.877513
-0.320603 -1.271592 3.877513 15.047777
6.541173 4.446345 1.687550 -2.838029
1.911063 2.225979 -0.167000 -0.187867
2.225979 4.513590 -0.187005 -0.410307
-0.167000 -0.187005 2.011949 2.327766
-0.187867 -0.410307 2.327766 4.553442
6.334048 2.376488 1.188063 -2.061020
1.628895 1.387068 -0.174645 -0.149544
1.387068 1.881459 -0.149659 -0.201252
-0.174645 -0.149659 1.726269 1.451316
-0.149544 -0.201252 1.451316 1.906571
7.459838 2.334748 1.104641 -1.437588
1.446187 0.966013 -0.159118 -0.106240
0.966013 0.975990 -0.106324 -0.105076
-0.159118 -0.106324 1.532340 1.008742
-0.106240 -0.105076 1.008742 0.991853
7.460110 1.696438 3.584559 0.289685
1.313414 0.719474 -0.133171 -0.072546
0.719474 0.577940 -0.072513 -0.058095
-0.133171 -0.072513 1.337232 0.721915
-0.072546 -0.058095 0.721915 0.573599
9.677947 2.331642 4.409962 0.601273
1.136781 0.527059 -0.073277 -0.033924
0.527059 0.359179 -0.033683 -0.026837
-0.073277 -0.033683 1.175895 0.539084
-0.033924 -0.026837 0.539084 0.362715
10.351872 2.133273 4.513380 0.523007
1.034495 0.417509 -0.079336 -0.032806
0.417509 0.246987 -0.032720 -0.020780
-0.079336 -0.032720 1.076470 0.430161
-0.032806 -0.020780 0.430161 0.251226
10.550935 1.822151 5.445982 0.761986
0.921566 0.330037 -0.081356 -0.029826
0.330037 0.175991 -0.029808 -0.015839
-0.081356 -0.029808 0.956449 0.339382
-0.029826 -0.015839 0.339382 0.179004
10.159920 1.400413 7.301966 1.235845
0.862344 0.278978 -0.063912 -0.021044
0.278978 0.135598 -0.020990 -0.010382
-0.063912 -0.020990 0.875629 0.280857
-0.021044 -0.010382 0.280857 0.136120
11.546782 1.603783 7.441426 1.094885
0.792816 0.234698 -0.054178 -0.016267
0.234698 0.107049 -0.016224 -0.007406
-0.054178 -0.016224 0.814330 0.239433
-0.016267 -0.007406 0.239433 0.108560
12.194727 1.561543 7.859112 1.059530
0.746998 0.205022 -0.046640 -0.012903
0.205022 0.088870 -0.012865 -0.005459
-0.046640 -0.012865 0.768076 0.209515
-0.012903 -0.005459 0.209515 0.090251
12.673832 1.483992 9.080488 1.236422
0.706707 0.181784 -0.039425 -0.010127
0.181784 0.076142 -0.010093 -0.004048
-0.039425 -0.010093 0.721255 0.184457
-0.010127 -0.004048 0.184457 0.076983
12.802271 1.334861 11.096315 1.574978
0.665869 0.162156 -0.027123 -0.006501
0.162156 0.066787 -0.006465 -0.002685
-0.027123 -0.006465 0.669828 0.162286
-0.006501 -0.002685 0.162286 0.066983
13.686627 1.385380 11.899498 1.578646
0.627715 0.146172 -0.019588 -0.004464
0.146172 0.059998 -0.004432 -0.001908
-0.019588 -0.004432 0.632580 0.146756
-0.004464 -0.001908 0.146756 0.060320
13.364872 1.157387 12.943846 1.635714
0.594003 0.133521 -0.017266 -0.003812
0.133521 0.055130 -0.003788 -0.001554
-0.017266 -0.003788 0.594529 0.133267
-0.003812 -0.001554 0.133267 0.055256
14.198497 1.213334 14.617867 1.822837
0.572930 0.125392 -0.022395 -0.004818
0.125392 0.052044 -0.004801 -0.001611
-0.022395 -0.004801 0.571191 0.124814
-0.004818 -0.001611 0.124814 0.052098
15.335298 1.327163 15.778243 1.876441
0.550463 0.118075 -0.009669 -0.001844
0.118075 0.049626 -0.001830 -0.000815
-0.009669 -0.001830 0.549498 0.117823
-0.001844 -0.000815 0.117823 0.049747
16.058338 1.340018 17.502165 2.042745
0.541640 0.114582 -0.006294 -0.001152
0.114582 0.048374 -0.001142 -0.000593
-0.006294 -0.001142 0.538990 0.114069
-0.001152 -0.000593 0.114069 0.048424
16.723709 1.339025 18.426213 2.022341
0.528259 0.110607 -0.005145 -0.000966
0.110607 0.047216 -0.000958 -0.000499
-0.005145 -0.000958 0.525735 0.110214
-0.000966 -0.000499 0.110214 0.047278
17.147524 1.287984 20.011062 2.141883
0.518631 0.107906 -0.004201 -0.000809
0.107906 0.046482 -0.000803 -0.000418
-0.004201 -0.000803 0.515064 0.107356
-0.000809 -0.000418 0.107356 0.046495
18.108788 1.353809 21.677532 2.265669
0.507337 0.105188 0.000383 0.000115
0.105188 0.045841 0.000117 -0.000185
0.000383 0.000117 0.504197 0.104783
0.000115 -0.000185 0.104783 0.045869
18.728416 1.341980 22.481573 2.197377
0.491493 0.101824 -0.004819 -0.001058
0.101824 0.045136 -0.001053 -0.000406
-0.004819 -0.001053 0.488586 0.101491
-0.001058 -0.000406 0.101491 0.045162
19.058054 1.271092 23.615415 2.204707
0.486010 0.100928 0.002130 0.000430
0.100928 0.045004 0.000430 -0.000054
0.002130 0.000430 0.483267 0.100640
0.000430 -0.000054 0.100640 0.045022
19.811664 1.295725 24.519513 2.163271
0.483773 0.100762 0.003357 0.000597
0.100762 0.045022 0.000596 -0.000009
0.003357 0.000596 0.481660 0.100606
0.000597 -0.000009 0.100606 0.045052
20.367851 1.276763 25.128236 2.064270
0.482586 0.100792 0.004073 0.000663
0.100792 0.045066 0.000662 0.000015
0.004073 0.000662 0.480709 0.100668
0.000663 0.000015 0.100668 0.045085
20.820821 1.238043 25.983874 2.027331
0.484727 0.101477 0.002897 0.000344
0.101477 0.045230 0.000344 -0.000041
0.002897 0.000344 0.483409 0.101449
0.000344 -0.000041 0.101449 0.045256
21.627940 1.277527 26.907664 2.008339
0.482258 0.101094 0.003405 0.000429
0.101094 0.045147 0.000428 -0.000004
0.003405 0.000428 0.481953 0.101245
0.000429 -0.000004 0.101245 0.045197
22.353872 1.295702 28.106927 2.049307
0.480440 0.100858 0.001983 0.000111
0.100858 0.045096 0.000110 -0.000055
0.001983 0.000110 0.481683 0.101285
0.000111 -0.000055 0.101285 0.045191
23.045267 1.304854 29.135871 2.050183
0.475689 0.100001 -0.004649 -0.001262
0.100001 0.044914 -0.001263 -0.000324
-0.004649 -0.001263 0.478353 0.100657
-0.001262 -0.000324 0.100657 0.045042
23.536791 1.270955 30.193614 2.057105
0.475553 0.100163 -0.001261 -0.000397
0.100163 0.044955 -0.000398 -0.000101
-0.001261 -0.000398 0.479721 0.101052
-0.000397 -0.000101 0.101052 0.045118
24.178408 1.272090 32.241164 2.271854
0.470677 0.099277 -0.003621 -0.000837
0.099277 0.044763 -0.000839 -0.000179
-0.003621 -0.000839 0.479547 0.101063
-0.000837 -0.000179 0.101063 0.045103
24.950619 1.300845 32.805652 2.151393
0.473664 0.100106 -0.003924 -0.000809
0.100106 0.044944 -0.000810 -0.000155
-0.003924 -0.000810 0.481914 0.101593
-0.000809 -0.000155 0.101593 0.045197
25.869228 1.357500 33.531124 2.077638
0.467460 0.098876 -0.006778 -0.001333
0.098876 0.044666 -0.001337 -0.000255
-0.006778 -0.001337 0.476625 0.100447
-0.001333 -0.000255 0.100447 0.044929
26.507431 1.348884 34.516188 2.066283
0.461016 0.097689 -0.003529 -0.000534
0.097689 0.044418 -0.000532 -0.000070
-0.003529 -0.000532 0.472582 0.099669
-0.000534 -0.000070 0.099669 0.044764
27.221249 1.357227 35.504278 2.056788
0.454933 0.096653 -0.004209 -0.000655
0.096653 0.044214 -0.000654 -0.000101
-0.004209 -0.000654 0.468949 0.099034
-0.000655 -0.000101 0.099034 0.044639
27.260967 1.221262 36.897034 2.133496
0.455480 0.097080 -0.005537 -0.000905
0.097080 0.044326 -0.000903 -0.000156
-0.005537 -0.000903 0.474239 0.100322
-0.000905 -0.000156 0.100322 0.044925
28.065154 1.262512 37.819621 2.103125
0.464057 0.099130 -0.006257 -0.001005
0.099130 0.044762 -0.001005 -0.000176
-0.006257 -0.001005 0.483176 0.102234
-0.001005 -0.000176 0.102234 0.045312
28.724093 1.268243 38.639278 2.054158
0.461690 0.098606 -0.004703 -0.000632
0.098606 0.044604 -0.000626 -0.000096
-0.004703 -0.000626 0.482562 0.101935
-0.000632 -0.000096 0.101935 0.045199
29.530919 1.305041 39.545517 2.028800
0.465981 0.099538 -0.007195 -0.001151
0.099538 0.044771 -0.001152 -0.000215
-0.007195 -0.001152 0.487968 0.102945
-0.001151 -0.000215 0.102945 0.045380
30.193921 1.307176 40.444116 2.004427
0.462364 0.098677 -0.009539 -0.001600
0.098677 0.044542 -0.001605 -0.000309
-0.009539 -0.001605 0.487147 0.102560
-0.001600 -0.000309 0.102560 0.045258
30.571183 1.248661 41.885006 2.096366
0.456832 0.097492 -0.009981 -0.001616
0.097492 0.044269 -0.001615 -0.000305
-0.009981 -0.001615 0.488478 0.102691
-0.001616 -0.000305 0.102691 0.045266
30.988678 1.203673 42.273116 1.957525
0.454312 0.097054 -0.012566 -0.002091
0.097054 0.044179 -0.002099 -0.000403
-0.012566 -0.002099 0.485965 0.102020
-0.002091 -0.000403 0.102020 0.045110
31.654732 1.216719 42.767352 1.855936
0.456438 0.097631 -0.015333 -0.002564
0.097631 0.044309 -0.002583 -0.000495
-0.015333 -0.002583 0.487653 0.102315
-0.002564 -0.000495 0.102315 0.045176
32.669512 1.303739 43.707006 1.859084
0.453726 0.097092 -0.019800 -0.003375
0.097092 0.044182 -0.003404 -0.000656
-0.019800 -0.003404 0.487779 0.102263
-0.003375 -0.000656 0.102263 0.045164
33.399041 1.319831 44.377329 1.804909
0.455652 0.097595 -0.019051 -0.003027
0.097595 0.044290 -0.003046 -0.000561
-0.019051 -0.003046 0.490352 0.102752
-0.003027 -0.000561 0.102752 0.045272
34.206437 1.352072 45.544982 1.860810
0.450897 0.096580 -0.026248 -0.004421
0.096580 0.044056 -0.004458 -0.000856
-0.026248 -0.004458 0.491204 0.102826
-0.004421 -0.000856 0.102826 0.045282
34.751160 1.324199 46.582221 1.882793
0.453078 0.097158 -0.026791 -0.004296
0.097158 0.044186 -0.004318 -0.000803
-0.026791 -0.004318 0.496797 0.103918
-0.004296 -0.000803 0.103918 0.045511
34.491734 1.125522 47.274219 1.827637
0.446812 0.095852 -0.025649 -0.003894
0.095852 0.043896 -0.003888 -0.000710
-0.025649 -0.003888 0.495870 0.103562
-0.003894 -0.000710 0.103562 0.045422
35.131059 1.143926 48.739257 1.943010
0.444018 0.095393 -0.027544 -0.004183
0.095393 0.043809 -0.004164 -0.000777
-0.027544 -0.004164 0.500503 0.104415
-0.004183 -0.000777 0.104415 0.045597
