-0.542823 0.744960 9.886801 3.062759
41.712073 16.685191 -56.605710 -22.642774
16.685191 86.678288 -22.642774 -9.057306
-56.605710 -22.642774 80.269588 32.108531
-22.642774 -9.057306 32.108531 92.847757
-5.824515 -5.961753 13.349115 1.282341
32.660516 6.015848 -61.879001 -38.768568
6.015848 24.059481 -6.494650 -23.905678
-61.879001 -6.494650 124.836742 80.800881
-38.768568 -23.905678 80.800881 87.563532
1.387094 1.353801 1.192102 -6.414094
13.227734 -1.781354 -44.231096 -23.629939
-1.781354 11.035922 9.396599 -7.477878
-44.231096 9.396599 156.327855 83.176122
-23.629939 -7.477878 83.176122 63.461623
-0.187372 1.949767 9.804477 -1.328323
4.555871 5.764440 -4.060144 -5.902416
5.764440 10.584159 -4.754619 -12.005684
-4.060144 -4.754619 4.708290 5.501079
-5.902416 -12.005684 5.501079 15.701573
1.341235 2.421388 8.618204 -1.830700
6.901560 6.015900 -8.158398 -7.683232
6.015900 6.397876 -7.238654 -8.495058
-8.158398 -7.238654 11.169492 10.396007
-7.683232 -8.495058 10.396007 12.757771
2.661075 2.404957 8.753292 -1.074147
13.841582 8.845298 -17.721046 -11.950030
8.845298 6.196730 -11.436878 -8.479039
-17.721046 -11.436878 24.240882 16.409518
-11.950030 -8.479039 16.409518 12.499694
2.661014 1.749210 11.066085 0.476169
23.584419 11.619826 -30.610054 -15.709922
11.619826 6.036487 -15.151045 -8.202378
-30.610054 -15.151045 41.149832 21.215902
-15.709922 -8.202378 21.215902 11.707300
8.213330 3.587756 5.979939 -1.656566
19.211468 7.748581 -27.821550 -11.661466
7.748581 3.328502 -11.269867 -4.992782
-27.821550 -11.269867 41.753998 17.601142
-11.661466 -4.992782 17.601142 7.902216
7.381853 2.693012 9.317852 -0.181254
5.542666 1.838697 -5.694612 -1.845947
1.838697 0.754325 -1.903976 -0.800928
-5.694612 -1.903976 6.767831 2.271766
-1.845947 -0.800928 2.271766 1.093358
9.050703 2.759699 10.179557 0.215815
7.498607 2.197059 -7.740812 -2.242264
2.197059 0.753488 -2.285491 -0.795604
-7.740812 -2.285491 8.799454 2.625187
-2.242264 -0.795604 2.625187 1.024074
10.833480 2.866304 9.796683 0.081260
9.705135 2.525871 -9.905647 -2.551564
2.525871 0.744865 -2.595462 -0.769130
-9.905647 -2.595462 10.906428 2.890797
-2.551564 -0.769130 2.890797 0.949178
12.168597 2.841884 10.016929 0.131134
10.428711 2.420356 -9.872351 -2.207724
2.420356 0.634400 -2.305064 -0.593442
-9.872351 -2.305064 10.065940 2.331552
-2.207724 -0.593442 2.331552 0.684070
13.153482 2.746710 10.689668 0.277083
10.372578 2.169849 -8.972125 -1.737926
2.169849 0.516565 -1.887866 -0.427827
-8.972125 -1.887866 8.399125 1.705592
-1.737926 -0.427827 1.705592 0.463593
12.101510 2.268491 13.747013 0.904066
10.444182 1.990590 -8.241188 -1.385125
1.990590 0.435131 -1.579086 -0.316027
-8.241188 -1.579086 7.029771 1.253030
-1.385125 -0.316027 1.253030 0.321000
18.647999 3.212255 10.601425 0.425827
7.201577 1.279886 -6.388231 -1.111786
1.279886 0.278401 -1.142872 -0.240912
-6.388231 -1.142872 6.167367 1.134868
-1.111786 -0.240912 1.134868 0.289908
21.041189 3.343925 9.992824 0.276951
2.961017 0.487129 -2.008510 -0.251247
0.487129 0.127622 -0.333983 -0.077154
-2.008510 -0.333983 1.829985 0.303872
-0.251247 -0.077154 0.303872 0.122689
21.295701 3.116895 11.376526 0.479153
1.675415 0.262545 -0.660183 -0.011445
0.262545 0.086145 -0.106146 -0.032482
-0.660183 -0.106146 0.636766 0.110099
-0.011445 -0.032482 0.110099 0.084666
22.570318 3.069198 11.911486 0.537825
1.640920 0.253520 -0.410191 0.033922
0.253520 0.082222 -0.069341 -0.022165
-0.410191 -0.069341 0.450833 0.091679
0.033922 -0.022165 0.091679 0.077538
23.080863 2.895034 12.962746 0.687948
1.558873 0.234619 -0.139543 0.081449
0.234619 0.076693 -0.029830 -0.012067
-0.139543 -0.029830 0.316768 0.082417
0.081449 -0.012067 0.082417 0.072618
22.321697 2.491898 15.012452 1.071963
1.493895 0.215903 0.129997 0.130968
0.215903 0.071019 0.009688 -0.001774
0.129997 0.009688 0.216363 0.073792
0.130968 -0.001774 0.073792 0.066964
23.301753 2.371606 16.650421 1.424531
1.693200 0.245918 0.218968 0.135064
0.245918 0.074210 0.019466 0.001483
0.218968 0.019466 0.199964 0.073925
0.135064 0.001483 0.073925 0.060769
24.142026 2.299110 17.549338 1.483616
1.802231 0.255047 0.343614 0.149536
0.255047 0.073644 0.029940 0.004376
0.343614 0.029940 0.265502 0.098007
0.149536 0.004376 0.098007 0.063374
24.938522 2.245941 18.250114 1.469095
1.666248 0.225026 0.449811 0.156500
0.225026 0.067298 0.035004 0.005281
0.449811 0.035004 0.375997 0.129667
0.156500 0.005281 0.129667 0.067941
23.415889 1.836739 18.712808 1.406813
0.801561 0.087140 0.448745 0.138163
0.087140 0.045232 0.023284 0.002318
0.448745 0.023284 0.504832 0.159924
0.138163 0.002318 0.159924 0.071533
24.212070 1.732990 20.148787 1.637096
0.888868 0.108465 0.533375 0.140672
0.108465 0.048354 0.037138 0.006321
0.533375 0.037138 0.573581 0.162939
0.140672 0.006321 0.162939 0.065964
24.920402 1.676160 21.180738 1.706135
0.903805 0.113273 0.615271 0.145481
0.113273 0.049193 0.039950 0.007030
0.615271 0.039950 0.741260 0.193929
0.145481 0.007030 0.193929 0.069945
24.916448 1.540220 21.649831 1.638254
0.587709 0.072926 0.462323 0.100767
0.072926 0.044237 0.006808 -0.000084
0.462323 0.006808 0.811176 0.202213
0.100767 -0.000084 0.202213 0.069423
25.263152 1.488812 22.056379 1.552645
0.431593 0.063671 0.314052 0.060284
0.063671 0.044769 -0.020232 -0.005467
0.314052 -0.020232 0.857613 0.203232
0.060284 -0.005467 0.203232 0.067377
26.411690 1.551079 23.176615 1.616861
0.456101 0.079103 0.293574 0.050432
0.079103 0.048420 -0.029026 -0.006556
0.293574 -0.029026 1.045123 0.232027
0.050432 -0.006556 0.232027 0.071226
27.475620 1.587958 24.372019 1.690686
0.431664 0.086877 0.182524 0.025111
0.086877 0.050701 -0.050310 -0.009850
0.182524 -0.050310 1.167335 0.245275
0.025111 -0.009850 0.245275 0.071867
27.549976 1.472544 24.412154 1.547467
0.332239 0.083640 -0.088095 -0.025998
0.083640 0.051181 -0.092641 -0.016594
-0.088095 -0.092641 1.090803 0.220732
-0.025998 -0.016594 0.220732 0.065662
28.495081 1.510825 25.431035 1.591489
0.388821 0.103331 -0.203627 -0.043696
0.103331 0.054891 -0.109763 -0.018183
-0.203627 -0.109763 1.252446 0.241019
-0.043696 -0.018183 0.241019 0.068155
29.522393 1.562299 26.662692 1.670686
0.471000 0.125220 -0.337651 -0.062368
0.125220 0.058568 -0.128708 -0.019973
-0.337651 -0.128708 1.422322 0.260247
-0.062368 -0.019973 0.260247 0.070230
30.420010 1.583304 27.859023 1.735363
0.572552 0.147720 -0.504465 -0.084371
0.147720 0.061895 -0.152106 -0.022406
-0.504465 -0.152106 1.569819 0.272993
-0.084371 -0.022406 0.272993 0.070962
31.299263 1.602047 29.014250 1.786390
0.707546 0.173565 -0.690984 -0.106861
0.173565 0.065483 -0.177077 -0.024886
-0.690984 -0.177077 1.703850 0.281588
-0.106861 -0.024886 0.281588 0.070923
32.112823 1.604374 29.739881 1.758292
0.875115 0.202001 -0.896905 -0.129679
0.202001 0.069128 -0.203773 -0.027446
-0.896905 -0.203773 1.809636 0.283924
-0.129679 -0.027446 0.283924 0.069826
32.761317 1.565174 30.357518 1.708857
1.063214 0.229738 -1.125443 -0.153766
0.229738 0.072055 -0.232127 -0.030194
-1.125443 -0.232127 1.974339 0.295048
-0.153766 -0.030194 0.295048 0.070242
33.444862 1.543187 31.236337 1.708753
1.278508 0.258493 -1.368782 -0.177543
0.258493 0.074829 -0.259051 -0.032566
-1.368782 -0.259051 2.201562 0.315020
-0.177543 -0.032566 0.315020 0.072087
34.472749 1.611293 32.416669 1.777342
1.536375 0.291734 -1.625724 -0.200031
0.291734 0.078306 -0.284725 -0.034444
-1.625724 -0.284725 2.456741 0.337409
-0.200031 -0.034444 0.337409 0.074229
35.186078 1.591140 33.307613 1.772552
1.816180 0.323583 -1.916647 -0.225872
0.323583 0.080948 -0.314350 -0.037044
-1.916647 -0.314350 2.719474 0.357519
-0.225872 -0.037044 0.357519 0.075624
36.029968 1.610836 34.403751 1.811490
2.132931 0.357885 -2.230424 -0.251974
0.357885 0.083866 -0.343898 -0.039389
-2.230424 -0.343898 3.014249 0.380406
-0.251974 -0.039389 0.380406 0.077387
37.031032 1.666892 35.618633 1.877313
2.490061 0.394963 -2.568333 -0.278284
0.394963 0.087072 -0.374161 -0.041601
-2.568333 -0.374161 3.327267 0.403426
-0.278284 -0.041601 0.403426 0.079051
37.531308 1.589864 36.381972 1.824494
2.871482 0.430401 -2.944514 -0.308306
0.430401 0.089467 -0.408346 -0.044534
-2.944514 -0.408346 3.649166 0.424068
-0.308306 -0.044534 0.424068 0.079970
38.349295 1.568463 36.829901 1.746371
3.298830 0.469749 -3.340631 -0.337009
0.469749 0.092487 -0.442393 -0.047034
-3.340631 -0.442393 3.977999 0.443518
-0.337009 -0.047034 0.443518 0.080765
39.004098 1.545740 37.745452 1.743940
3.730195 0.503562 -3.769105 -0.369852
0.503562 0.094344 -0.473903 -0.049444
-3.769105 -0.473903 4.396256 0.475197
-0.369852 -0.049444 0.475197 0.083344
39.859434 1.571784 38.782384 1.778932
4.209171 0.541143 -4.228260 -0.402684
0.541143 0.096768 -0.506715 -0.051692
-4.228260 -0.506715 4.839313 0.506932
-0.402684 -0.051692 0.506932 0.085774
40.521973 1.526144 39.322815 1.708701
4.724871 0.579476 -4.725760 -0.437711
0.579476 0.098992 -0.542768 -0.054363
-4.725760 -0.542768 5.296688 0.536327
-0.437711 -0.054363 0.536327 0.087489
41.568476 1.601014 40.516728 1.790780
5.262996 0.616909 -5.245691 -0.473160
0.616909 0.101176 -0.575439 -0.056410
-5.245691 -0.575439 5.817549 0.573466
-0.473160 -0.056410 0.573466 0.090449
41.966536 1.520505 41.296634 1.737239
5.825640 0.652706 -5.807642 -0.512107
0.652706 0.102732 -0.611676 -0.059134
-5.807642 -0.611676 6.358832 0.608469
-0.512107 -0.059134 0.608469 0.092577
42.400522 1.454282 42.047820 1.689292
6.446927 0.693876 -6.401781 -0.549571
0.693876 0.105086 -0.649936 -0.061601
-6.401781 -0.649936 6.911519 0.640902
-0.549571 -0.061601 0.640902 0.094311
