5.203975 3.043729 1.324415 -0.362270
2.345128 0.938072 -0.170418 -0.068169
0.938072 80.379303 -0.068169 -0.027268
-0.170418 -0.068169 2.414362 0.965766
-0.068169 -0.027268 0.965766 80.390381
3.663740 -2.323071 2.534430 2.031288
2.186129 3.842053 -0.286987 -0.470608
3.842053 14.774930 -0.471474 -1.266307
-0.286987 -0.471474 2.244593 3.931325
-0.470608 -1.266307 3.931325 15.110077
5.342089 0.944773 2.325805 0.656829
2.008554 2.320665 -0.187493 -0.188146
2.320665 4.486464 -0.187753 -0.333286
-0.187493 -0.187753 2.094896 2.418242
-0.188146 -0.333286 2.418242 4.647332
6.038488 1.127979 1.804108 -0.052824
1.696576 1.420678 -0.165264 -0.129221
1.420678 1.857923 -0.129037 -0.161470
-0.165264 -0.129037 1.785270 1.491913
-0.129221 -0.161470 1.491913 1.934935
7.727912 1.868796 2.506596 0.427046
1.474712 0.967777 -0.154767 -0.097529
0.967777 0.955171 -0.097468 -0.091497
-0.154767 -0.097468 1.556341 1.018103
-0.097529 -0.091497 1.018103 0.996206
6.755768 0.843255 4.485151 1.372515
1.287433 0.694534 -0.109350 -0.056561
0.694534 0.554488 -0.056554 -0.046208
-0.109350 -0.056554 1.318367 0.708470
-0.056561 -0.046208 0.708470 0.566503
6.967293 0.747441 5.892099 1.702353
1.157931 0.531216 -0.089326 -0.040033
0.531216 0.356806 -0.040031 -0.028395
-0.089326 -0.040031 1.172090 0.536619
-0.040033 -0.028395 0.536619 0.362574
7.352040 0.751675 5.727363 1.296401
1.038288 0.414942 -0.085596 -0.034030
0.414942 0.243541 -0.034028 -0.020372
-0.085596 -0.034028 1.058549 0.422977
-0.034030 -0.020372 0.422977 0.249226
9.490105 1.377632 6.469831 1.330034
0.945190 0.335733 -0.064415 -0.022825
0.335733 0.176709 -0.022826 -0.012785
-0.064415 -0.022826 0.976265 0.346974
-0.022825 -0.012785 0.346974 0.182481
9.836112 1.267541 7.767303 1.533062
0.858970 0.275629 -0.055987 -0.018094
0.275629 0.133670 -0.018093 -0.009193
-0.055987 -0.018093 0.878806 0.282050
-0.018094 -0.009193 0.282050 0.136959
11.247040 1.496091 8.828621 1.619656
0.783747 0.230550 -0.036554 -0.010901
0.230550 0.105380 -0.010902 -0.005704
-0.036554 -0.010902 0.803422 0.236404
-0.010901 -0.005704 0.236404 0.108009
11.580947 1.382757 10.095769 1.744782
0.737394 0.201507 -0.032913 -0.009274
0.201507 0.087703 -0.009272 -0.004447
-0.032913 -0.009272 0.749520 0.204830
-0.009274 -0.004447 0.204830 0.089280
12.734169 1.500954 11.674120 1.925732
0.694752 0.178240 -0.032935 -0.008731
0.178240 0.075163 -0.008729 -0.003710
-0.032935 -0.008729 0.703311 0.180470
-0.008731 -0.003710 0.180470 0.076254
13.292929 1.454370 12.398023 1.867620
0.657602 0.159993 -0.028577 -0.007117
0.159993 0.066276 -0.007116 -0.002852
-0.028577 -0.007116 0.664862 0.161822
-0.007117 -0.002852 0.161822 0.067131
14.601463 1.589736 13.784953 1.973161
0.630802 0.146919 -0.017569 -0.004139
0.146919 0.060221 -0.004139 -0.001822
-0.017569 -0.004139 0.637062 0.148444
-0.004139 -0.001822 0.148444 0.060901
14.897898 1.477681 15.102637 2.047653
0.608063 0.136669 -0.013690 -0.003129
0.136669 0.055869 -0.003129 -0.001387
-0.013690 -0.003129 0.610571 0.137292
-0.003129 -0.001387 0.137292 0.056265
15.471660 1.441590 16.380398 2.103187
0.588030 0.128474 -0.010685 -0.002390
0.128474 0.052702 -0.002390 -0.001070
-0.010685 -0.002390 0.588545 0.128675
-0.002390 -0.001070 0.128675 0.052957
16.118151 1.425700 17.489237 2.115444
0.575225 0.122968 -0.011610 -0.002540
0.122968 0.050625 -0.002539 -0.000985
-0.011610 -0.002539 0.574884 0.123023
-0.002540 -0.000985 0.123023 0.050814
16.391195 1.333244 18.008440 2.002080
0.548135 0.115235 -0.011805 -0.002486
0.115235 0.048415 -0.002486 -0.000870
-0.011805 -0.002486 0.547013 0.115153
-0.002486 -0.000870 0.115153 0.048546
16.623991 1.242941 19.034309 2.007190
0.533500 0.111052 -0.011655 -0.002348
0.111052 0.047245 -0.002348 -0.000755
-0.011655 -0.002348 0.531148 0.110742
-0.002348 -0.000755 0.110742 0.047305
17.706531 1.338190 19.493402 1.894429
0.518087 0.107222 -0.009038 -0.001703
0.107222 0.046305 -0.001703 -0.000552
-0.009038 -0.001703 0.516941 0.107196
-0.001703 -0.000552 0.107196 0.046406
18.409845 1.345447 20.892245 1.987909
0.511337 0.105611 -0.003700 -0.000547
0.105611 0.045932 -0.000550 -0.000268
-0.003700 -0.000550 0.509877 0.105519
-0.000547 -0.000268 0.105519 0.045999
18.891836 1.306117 22.030270 2.017648
0.498450 0.102906 -0.002739 -0.000399
0.102906 0.045375 -0.000401 -0.000218
-0.002739 -0.000401 0.496762 0.102762
-0.000399 -0.000218 0.102762 0.045412
19.395011 1.275188 23.362887 2.084731
0.494555 0.102315 -0.004045 -0.000714
0.102315 0.045300 -0.000716 -0.000267
-0.004045 -0.000716 0.492997 0.102195
-0.000714 -0.000267 0.102195 0.045329
20.217056 1.313383 24.174250 2.036780
0.491644 0.101959 0.000033 0.000132
0.101959 0.045270 0.000130 -0.000070
0.000033 0.000130 0.490478 0.101912
0.000132 -0.000070 0.101912 0.045301
20.584636 1.253300 25.392338 2.078336
0.485233 0.100876 0.003549 0.000793
0.100876 0.045079 0.000789 0.000072
0.003549 0.000789 0.484651 0.100931
0.000793 0.000072 0.100931 0.045119
21.130117 1.236336 26.696370 2.133663
0.480642 0.100234 0.004673 0.000910
0.100234 0.044984 0.000907 0.000093
0.004673 0.000907 0.481115 0.100480
0.000910 0.000093 0.100480 0.045053
21.963981 1.281676 27.195489 2.014680
0.482650 0.100983 0.008258 0.001553
0.100983 0.045173 0.001549 0.000226
0.008258 0.001549 0.482956 0.101149
0.001553 0.000226 0.101149 0.045213
22.622751 1.285275 28.439077 2.064236
0.479093 0.100449 0.004264 0.000569
0.100449 0.045064 0.000566 0.000012
0.004264 0.000566 0.480986 0.100915
0.000569 0.000012 0.100915 0.045159
23.425597 1.319032 29.347915 2.038209
0.478936 0.100641 -0.002613 -0.000906
0.100641 0.045108 -0.000909 -0.000281
-0.002613 -0.000909 0.481685 0.101229
-0.000906 -0.000281 0.101229 0.045218
24.132510 1.328952 30.478771 2.061694
0.474171 0.099799 -0.002231 -0.000703
0.099799 0.044921 -0.000706 -0.000197
-0.002231 -0.000706 0.478733 0.100707
-0.000703 -0.000197 0.100707 0.045089
24.195018 1.202106 31.135189 1.983011
0.475122 0.100205 -0.001111 -0.000374
0.100205 0.045006 -0.000377 -0.000100
-0.001111 -0.000377 0.480412 0.101182
-0.000374 -0.000100 0.101182 0.045178
24.570363 1.154401 32.357373 2.031660
0.475260 0.100362 -0.001735 -0.000451
0.100362 0.045023 -0.000454 -0.000101
-0.001735 -0.000454 0.483054 0.101789
-0.000451 -0.000101 0.101789 0.045282
25.058918 1.135648 33.666215 2.093394
0.473341 0.100040 -0.002223 -0.000497
0.100040 0.044933 -0.000500 -0.000099
-0.002223 -0.000500 0.484183 0.102002
-0.000497 -0.000099 0.102002 0.045294
25.537566 1.116780 34.649493 2.080035
0.469331 0.099281 -0.003122 -0.000632
0.099281 0.044756 -0.000635 -0.000118
-0.003122 -0.000635 0.482329 0.101559
-0.000632 -0.000118 0.101559 0.045169
26.072539 1.111790 35.526038 2.045614
0.472228 0.100033 -0.003039 -0.000554
0.100033 0.044910 -0.000556 -0.000093
-0.003039 -0.000556 0.486356 0.102394
-0.000554 -0.000093 0.102394 0.045327
26.786640 1.145296 36.472892 2.029682
0.470249 0.099652 -0.005770 -0.001084
0.099652 0.044805 -0.001090 -0.000203
-0.005770 -0.001090 0.486380 0.102304
-0.001084 -0.000203 0.102304 0.045278
27.630501 1.202981 37.874752 2.111149
0.469276 0.099504 -0.008070 -0.001481
0.099504 0.044758 -0.001488 -0.000276
-0.008070 -0.001488 0.489401 0.102858
-0.001481 -0.000276 0.102858 0.045373
28.237299 1.203708 38.349812 1.989286
0.471158 0.099958 -0.009464 -0.001661
0.099958 0.044841 -0.001670 -0.000301
-0.009464 -0.001670 0.490566 0.102978
-0.001661 -0.000301 0.102978 0.045373
29.150053 1.269759 39.440528 2.009718
0.473204 0.100391 -0.008578 -0.001362
0.100391 0.044911 -0.001365 -0.000227
-0.008578 -0.001365 0.494883 0.103763
-0.001362 -0.000227 0.103763 0.045519
29.256303 1.157665 40.453453 2.010849
0.466904 0.099003 -0.009030 -0.001398
0.099003 0.044590 -0.001396 -0.000236
-0.009030 -0.001396 0.493484 0.103291
-0.001398 -0.000236 0.103291 0.045395
30.142722 1.222782 41.318108 1.981773
0.468083 0.099326 -0.015186 -0.002627
0.099326 0.044660 -0.002643 -0.000500
-0.015186 -0.002643 0.495957 0.103691
-0.002627 -0.000500 0.103691 0.045469
30.981062 1.271263 42.504998 2.023052
0.463772 0.098442 -0.018461 -0.003158
0.098442 0.044465 -0.003175 -0.000595
-0.018461 -0.003175 0.496077 0.103582
-0.003158 -0.000595 0.103582 0.045437
31.635852 1.275825 43.775475 2.077125
0.461752 0.098118 -0.021122 -0.003531
0.098118 0.044405 -0.003547 -0.000656
-0.021122 -0.003547 0.498923 0.104073
-0.003531 -0.000656 0.104073 0.045537
32.478062 1.317739 44.128067 1.934611
0.467348 0.099428 -0.023060 -0.003731
0.099428 0.044692 -0.003759 -0.000683
-0.023060 -0.003759 0.501284 0.104435
-0.003731 -0.000683 0.104435 0.045607
33.247203 1.340436 44.804385 1.874327
0.466818 0.099288 -0.025163 -0.003993
0.099288 0.044640 -0.004022 -0.000730
-0.025163 -0.004022 0.501824 0.104404
-0.003993 -0.000730 0.104404 0.045593
33.321096 1.212873 45.525685 1.827628
0.461527 0.098148 -0.025733 -0.003956
0.098148 0.044382 -0.003969 -0.000718
-0.025733 -0.003969 0.500990 0.104117
-0.003956 -0.000718 0.104117 0.045533
33.971797 1.222243 46.421304 1.823993
0.458627 0.097608 -0.030147 -0.004745
0.097608 0.044272 -0.004766 -0.000888
-0.030147 -0.004766 0.501907 0.104228
-0.004745 -0.000888 0.104228 0.045563
34.448276 1.195336 47.825627 1.925784
0.452650 0.096469 -0.028159 -0.004169
0.096469 0.044043 -0.004145 -0.000758
-0.028159 -0.004145 0.503990 0.104610
-0.004169 -0.000758 0.104610 0.045653
35.822381 1.361680 48.867628 1.945257
0.452142 0.096546 -0.035940 -0.005687
0.096546 0.044079 -0.005706 -0.001095
-0.035940 -0.005706 0.505910 0.104896
-0.005687 -0.001095 0.104896 0.045709
