6.135376 3.416298 -0.459606 -1.075894
2.419825 0.967951 -0.101415 -0.040567
0.967951 80.391255 -0.040567 -0.016227
-0.101415 -0.040567 2.485579 0.994253
-0.040567 -0.016227 0.994253 80.401777
6.135615 0.442376 1.242549 2.822760
2.284902 4.004616 -0.039266 -0.048515
4.004616 15.262090 -0.048385 -0.342383
-0.039266 -0.048385 2.325161 4.061929
-0.048515 -0.342383 4.061929 15.529400
5.819396 -0.179500 4.217585 4.624652
2.029812 2.337501 -0.074000 -0.089263
2.337501 4.558437 -0.089192 -0.173719
-0.074000 -0.089192 2.043090 2.353122
-0.089263 -0.173719 2.353122 4.622303
6.327739 0.323801 2.912991 1.585142
1.722987 1.444755 -0.085949 -0.072995
1.444755 1.902667 -0.072942 -0.085653
-0.085949 -0.072942 1.751513 1.471808
-0.072995 -0.085653 1.471808 1.943627
7.284510 0.846959 3.921891 1.728386
1.493221 0.982441 -0.042508 -0.026774
0.982441 0.976795 -0.026789 -0.028186
-0.042508 -0.026789 1.517804 1.000347
-0.026774 -0.028186 1.000347 0.996617
9.059864 1.578564 4.960829 1.823336
1.292556 0.699469 -0.053231 -0.028609
0.699469 0.563687 -0.028603 -0.021674
-0.053231 -0.028603 1.316938 0.713683
-0.028609 -0.021674 0.713683 0.575539
7.837440 0.652262 6.619987 2.167223
1.149344 0.529360 -0.028663 -0.012793
0.529360 0.359958 -0.012803 -0.009559
-0.028663 -0.012803 1.158517 0.534116
-0.012793 -0.009559 0.534116 0.364511
8.604087 0.829209 8.075725 2.316914
1.052866 0.422899 -0.031546 -0.012650
0.422899 0.249404 -0.012653 -0.007587
-0.031546 -0.012653 1.059073 0.425974
-0.012650 -0.007587 0.425974 0.252206
9.652811 1.055421 9.604932 2.449405
0.947303 0.337937 -0.018770 -0.006690
0.337937 0.179163 -0.006698 -0.004107
-0.018770 -0.006698 0.951678 0.340061
-0.006690 -0.004107 0.340061 0.181000
10.935183 1.298740 10.125760 2.222037
0.860745 0.277395 -0.010246 -0.003432
0.277395 0.135379 -0.003441 -0.002371
-0.010246 -0.003441 0.866864 0.279885
-0.003432 -0.002371 0.279885 0.136947
11.866300 1.382094 10.873286 2.114377
0.800496 0.236471 -0.010246 -0.003300
0.236471 0.107925 -0.003306 -0.001943
-0.010246 -0.003306 0.806398 0.238635
-0.003300 -0.001943 0.238635 0.109107
12.250756 1.298249 11.500613 1.996513
0.748711 0.205181 -0.010556 -0.003193
0.205181 0.089219 -0.003196 -0.001612
-0.010556 -0.003196 0.753487 0.206815
-0.003193 -0.001612 0.206815 0.090056
12.431604 1.177765 12.809816 2.076723
0.699301 0.179757 -0.011362 -0.003179
0.179757 0.075896 -0.003180 -0.001375
-0.011362 -0.003180 0.701542 0.180584
-0.003179 -0.001375 0.180584 0.076392
12.296588 1.001562 13.058737 1.884266
0.655656 0.159786 -0.012014 -0.003103
0.159786 0.066476 -0.003103 -0.001173
-0.012014 -0.003103 0.656972 0.160323
-0.003103 -0.001173 0.160323 0.066822
12.780593 0.997631 14.143111 1.917506
0.624320 0.145696 -0.009802 -0.002357
0.145696 0.060139 -0.002357 -0.000856
-0.009802 -0.002357 0.624746 0.145988
-0.002357 -0.000856 0.145988 0.060372
14.099820 1.182523 15.306757 1.963749
0.596686 0.134471 -0.008927 -0.002009
0.134471 0.055551 -0.002010 -0.000682
-0.008927 -0.002010 0.597494 0.134831
-0.002009 -0.000682 0.134831 0.055761
13.972149 1.024801 15.920861 1.882905
0.574022 0.125896 -0.010250 -0.002182
0.125896 0.052305 -0.002182 -0.000649
-0.010250 -0.002182 0.573861 0.126012
-0.002182 -0.000649 0.126012 0.052428
14.925208 1.119574 17.152032 1.945360
0.559361 0.120197 -0.005700 -0.001067
0.120197 0.050192 -0.001068 -0.000349
-0.005700 -0.001068 0.559158 0.120295
-0.001067 -0.000349 0.120295 0.050289
15.619604 1.148073 18.173334 1.955702
0.544208 0.115159 -0.004222 -0.000729
0.115159 0.048551 -0.000730 -0.000250
-0.004222 -0.000730 0.543819 0.115205
-0.000729 -0.000250 0.115205 0.048620
15.998634 1.107267 19.236109 1.973445
0.531054 0.111191 -0.001270 -0.000111
0.111191 0.047376 -0.000112 -0.000103
-0.001270 -0.000112 0.530237 0.111137
-0.000111 -0.000103 0.111137 0.047410
16.824866 1.163873 19.759128 1.876953
0.521828 0.108534 0.001086 0.000330
0.108534 0.046637 0.000328 -0.000006
0.001086 0.000328 0.521253 0.108528
0.000330 -0.000006 0.108528 0.046671
17.699249 1.224453 20.509768 1.838014
0.512950 0.106275 0.001278 0.000292
0.106275 0.046078 0.000291 -0.000015
0.001278 0.000291 0.512536 0.106293
0.000292 -0.000015 0.106293 0.046109
17.857541 1.130535 21.683096 1.890698
0.502885 0.104028 0.003644 0.000723
0.104028 0.045589 0.000722 0.000078
0.003644 0.000722 0.502127 0.103962
0.000723 0.000078 0.103962 0.045594
18.609617 1.169127 22.950735 1.957422
0.495295 0.102523 0.002993 0.000503
0.102523 0.045300 0.000502 0.000030
0.002993 0.000502 0.494654 0.102476
0.000503 0.000030 0.102476 0.045304
19.505380 1.233680 23.902447 1.951711
0.489174 0.101455 0.003133 0.000482
0.101455 0.045122 0.000481 0.000031
0.003133 0.000481 0.488743 0.101444
0.000482 0.000031 0.101444 0.045129
20.261919 1.262584 25.229479 2.024736
0.482014 0.100244 0.004754 0.000785
0.100244 0.044918 0.000784 0.000102
0.004754 0.000784 0.481877 0.100282
0.000785 0.000102 0.100282 0.044931
20.845492 1.252616 26.256433 2.027808
0.479803 0.100140 0.002830 0.000327
0.100140 0.044948 0.000326 0.000009
0.002830 0.000326 0.479876 0.100208
0.000327 0.000009 0.100208 0.044963
21.221393 1.199987 27.628525 2.102971
0.477440 0.099964 0.000122 -0.000241
0.099964 0.044944 -0.000242 -0.000098
0.000122 -0.000242 0.477979 0.100114
-0.000241 -0.000098 0.100114 0.044973
22.121858 1.263003 28.850223 2.138583
0.475442 0.099830 -0.000150 -0.000241
0.099830 0.044935 -0.000242 -0.000077
-0.000150 -0.000242 0.476512 0.100069
-0.000241 -0.000077 0.100069 0.044979
22.414206 1.191591 29.979875 2.151399
0.474893 0.099965 0.000034 -0.000149
0.099965 0.044971 -0.000150 -0.000042
0.000034 -0.000150 0.476473 0.100284
-0.000149 -0.000042 0.100284 0.045028
22.589209 1.102920 30.738419 2.084642
0.475557 0.100298 0.002068 0.000320
0.100298 0.045035 0.000319 0.000067
0.002068 0.000319 0.477347 0.100630
0.000320 0.000067 0.100630 0.045091
23.271211 1.130381 32.180866 2.169039
0.475080 0.100320 0.001110 0.000110
0.100320 0.045021 0.000109 0.000022
0.001110 0.000109 0.477939 0.100850
0.000110 0.000022 0.100850 0.045116
23.918518 1.147869 32.704175 2.050541
0.475066 0.100407 0.003158 0.000555
0.100407 0.045017 0.000555 0.000119
0.003158 0.000555 0.477884 0.100886
0.000555 0.000119 0.100886 0.045098
24.731917 1.198567 33.541065 2.010689
0.475261 0.100505 0.002553 0.000397
0.100505 0.045014 0.000396 0.000080
0.002553 0.000396 0.478536 0.101051
0.000397 0.000080 0.101051 0.045107
24.597235 1.043355 34.398815 1.979761
0.474758 0.100427 0.001528 0.000169
0.100427 0.044972 0.000168 0.000031
0.001528 0.000168 0.478929 0.101130
0.000169 0.000031 0.101130 0.045098
25.605253 1.146297 35.244798 1.949236
0.472892 0.100054 0.000098 -0.000120
0.100054 0.044871 -0.000122 -0.000026
0.000098 -0.000122 0.477657 0.100842
-0.000120 -0.000026 0.100842 0.045012
26.596052 1.234701 36.227766 1.950908
0.472862 0.100092 -0.002265 -0.000581
0.100092 0.044866 -0.000584 -0.000116
-0.002265 -0.000584 0.478396 0.101001
-0.000581 -0.000116 0.101001 0.045031
27.325427 1.258417 37.250565 1.960896
0.472990 0.100147 -0.002106 -0.000470
0.100147 0.044863 -0.000472 -0.000079
-0.002106 -0.000472 0.479507 0.101217
-0.000470 -0.000079 0.101217 0.045060
28.230686 1.316871 38.215108 1.957558
0.469624 0.099445 -0.004100 -0.000834
0.099445 0.044700 -0.000837 -0.000149
-0.004100 -0.000837 0.477120 0.100671
-0.000834 -0.000149 0.100671 0.044927
29.307887 1.405529 38.855851 1.886326
0.467537 0.099073 -0.005350 -0.001016
0.099073 0.044620 -0.001019 -0.000177
-0.005350 -0.001019 0.475203 0.100278
-0.001016 -0.000177 0.100278 0.044840
30.332545 1.473564 39.239219 1.768280
0.469031 0.099482 -0.004354 -0.000717
0.099482 0.044710 -0.000719 -0.000105
-0.004354 -0.000719 0.476208 0.100536
-0.000717 -0.000105 0.100536 0.044897
31.134874 1.487344 39.878840 1.716685
0.468329 0.099368 -0.007484 -0.001332
0.099368 0.044676 -0.001337 -0.000237
-0.007484 -0.001337 0.475988 0.100500
-0.001332 -0.000237 0.100500 0.044885
31.750462 1.460278 40.905138 1.752060
0.469006 0.099551 -0.005469 -0.000812
0.099551 0.044709 -0.000812 -0.000118
-0.005469 -0.000812 0.478090 0.100958
-0.000812 -0.000118 0.100958 0.044979
32.298028 1.421553 41.823270 1.760803
0.470796 0.099942 -0.003735 -0.000414
0.099942 0.044781 -0.000412 -0.000040
-0.003735 -0.000412 0.481043 0.101549
-0.000414 -0.000040 0.101549 0.045093
32.864628 1.390948 42.693390 1.758525
0.471150 0.099985 -0.002428 -0.000154
0.099985 0.044774 -0.000149 0.000002
-0.002428 -0.000149 0.482495 0.101768
-0.000154 0.000002 0.101768 0.045120
33.914062 1.465991 43.503603 1.744212
0.473726 0.100492 -0.006007 -0.000948
0.100492 0.044866 -0.000950 -0.000183
-0.006007 -0.000950 0.485262 0.102250
-0.000948 -0.000183 0.102250 0.045204
34.709549 1.479430 44.636515 1.799144
0.473876 0.100439 -0.008909 -0.001524
0.100439 0.044835 -0.001528 -0.000303
-0.008909 -0.001528 0.486947 0.102470
-0.001524 -0.000303 0.102470 0.045230
35.216296 1.430258 45.729750 1.839635
0.470208 0.099594 -0.007255 -0.001097
0.099594 0.044643 -0.001095 -0.000202
-0.007255 -0.001095 0.485340 0.102000
-0.001097 -0.000202 0.102000 0.045116
36.006317 1.446060 46.582800 1.825685
0.471388 0.099859 -0.011649 -0.001987
0.099859 0.044704 -0.001993 -0.000392
-0.011649 -0.001993 0.487104 0.102296
-0.001987 -0.000392 0.102296 0.045177
37.144338 1.533903 47.432663 1.812966
0.471870 0.099950 -0.015049 -0.002592
0.099950 0.044723 -0.002604 -0.000507
-0.015049 -0.002604 0.487726 0.102337
-0.002592 -0.000507 0.102337 0.045182
