-3.857582 -0.580972 6.277187 1.618882
42.300226 16.920457 -56.896714 -22.759179
16.920457 86.772396 -22.759179 -9.103869
-56.896714 -22.759179 81.257044 32.503522
-22.759179 -9.103869 32.503522 93.005757
-2.463384 1.260445 6.318707 1.941397
45.546325 15.196953 -76.142550 -43.898576
15.196953 27.492195 -22.724593 -32.918835
-76.142550 -22.724593 131.585138 77.466715
-43.898576 -32.918835 77.466715 81.187536
-0.071708 4.230574 9.079908 2.945361
60.603669 29.169877 -98.405132 -50.345540
29.169877 24.697019 -45.924319 -36.487773
-98.405132 -45.924319 162.941230 83.422836
-50.345540 -36.487773 83.422836 63.123280
2.262127 4.254049 9.984015 2.706492
81.190761 33.579459 -136.398483 -59.846393
33.579459 19.927770 -55.314869 -32.367197
-136.398483 -55.314869 232.450606 101.816460
-59.846393 -32.367197 101.816460 57.270186
4.579682 3.631314 8.354514 1.830316
99.305814 37.191751 -163.407840 -61.867649
37.191751 17.732764 -60.355551 -28.213756
-163.407840 -60.355551 272.131691 102.723846
-61.867649 -28.213756 102.723846 47.196356
9.786839 4.774655 3.872647 0.044475
37.444487 14.252802 -51.385962 -17.734805
14.252802 7.953341 -19.125780 -10.324371
-51.385962 -19.125780 72.700737 24.865408
-17.734805 -10.324371 24.865408 14.412644
11.681739 4.611109 4.602755 0.269295
7.063188 2.721639 -5.670801 -1.710527
2.721639 2.799169 -2.092329 -3.277014
-5.670801 -2.092329 5.659630 1.747174
-1.710527 -3.277014 1.747174 4.788767
13.855424 4.515662 5.033757 0.459188
7.935055 2.799444 -4.948265 -1.448491
2.799444 2.116253 -1.937900 -2.285935
-4.948265 -1.937900 3.926791 1.554624
-1.448491 -2.285935 1.554624 3.360303
16.428014 4.595686 5.139443 0.458655
8.952306 2.608462 -4.452466 -0.874517
2.608462 1.441145 -1.577134 -1.347428
-4.452466 -1.577134 2.995831 1.158288
-0.874517 -1.347428 1.158288 2.064668
18.198098 4.392227 5.795696 0.665737
8.861652 1.976686 -3.041094 0.082606
1.976686 0.844835 -0.928002 -0.619781
-3.041094 -0.928002 1.759398 0.588970
0.082606 -0.619781 0.588970 1.185125
18.976801 3.839061 7.385308 1.296569
9.289215 1.680167 -1.950847 0.637376
1.680167 0.551015 -0.541962 -0.255696
-1.950847 -0.541962 1.020786 0.330054
0.637376 -0.255696 0.330054 0.739952
20.558946 3.814734 7.964305 1.195113
10.752923 1.795253 -1.539749 0.736142
1.795253 0.470019 -0.429831 -0.122287
-1.539749 -0.429831 0.855349 0.317612
0.736142 -0.122287 0.317612 0.526443
23.624534 4.151489 7.775794 0.880271
11.959357 1.799675 -0.822941 0.932832
1.799675 0.394711 -0.277541 -0.027093
-0.822941 -0.277541 0.724909 0.319146
0.932832 -0.027093 0.319146 0.410906
21.945304 3.344017 9.725323 1.311352
9.320558 1.075141 1.050239 1.305665
1.075141 0.210775 0.030548 0.054400
1.050239 0.030548 0.586061 0.378766
1.305665 0.054400 0.378766 0.375625
23.936954 3.384684 10.408743 1.340786
9.997277 1.183509 1.361995 1.142672
1.183509 0.213179 0.073639 0.061632
1.361995 0.073639 0.675150 0.375654
1.142672 0.061632 0.375654 0.284183
23.120744 2.871966 12.034040 1.643606
10.187539 1.085326 2.334466 1.279824
1.085326 0.175370 0.187244 0.088265
2.334466 0.187244 0.917935 0.447987
1.279824 0.088265 0.447987 0.264013
25.765539 2.894788 13.862606 2.037652
10.622955 1.145849 2.612878 1.135361
1.145849 0.176844 0.227433 0.086365
2.612878 0.227433 1.001504 0.413218
1.135361 0.086365 0.413218 0.203446
23.974403 2.526733 14.178654 1.785993
5.914046 0.523702 2.326302 0.820774
0.523702 0.095787 0.152403 0.043608
2.326302 0.152403 1.291664 0.453288
0.820774 0.043608 0.453288 0.185748
25.290153 2.519701 15.180118 1.820316
6.235884 0.568780 2.607741 0.775430
0.568780 0.099075 0.182337 0.046261
2.607741 0.182337 1.497430 0.455000
0.775430 0.046261 0.455000 0.161730
25.155642 2.368681 15.648549 1.714037
5.677464 0.470664 2.920497 0.766463
0.470664 0.084288 0.186753 0.043376
2.920497 0.186753 1.932855 0.522342
0.766463 0.043376 0.522342 0.162914
22.864903 1.897592 16.061856 1.678072
4.973459 0.363626 3.159929 0.749431
0.363626 0.068397 0.193288 0.042940
3.159929 0.193288 2.314534 0.560979
0.749431 0.042940 0.560979 0.156698
25.840900 1.981827 18.796235 2.107024
2.870947 0.273227 1.494883 0.291806
0.273227 0.066808 0.107600 0.019099
1.494883 0.107600 1.046227 0.223037
0.291806 0.019099 0.223037 0.068389
24.278037 1.692103 18.793548 1.945414
1.197831 0.089580 0.852935 0.168218
0.089580 0.047458 0.023655 0.004455
0.852935 0.023655 0.917163 0.199865
0.168218 0.004455 0.199865 0.064045
24.052165 1.543921 19.390313 1.905599
1.082042 0.081254 0.898070 0.168398
0.081254 0.046993 0.020733 0.004833
0.898070 0.020733 1.099865 0.227406
0.168398 0.004833 0.227406 0.067730
24.824141 1.565128 20.182240 1.867927
1.142587 0.100284 0.986926 0.170926
0.100284 0.050733 0.023968 0.005325
0.986926 0.023968 1.327828 0.258953
0.170926 0.005325 0.258953 0.071888
25.012629 1.478093 20.819440 1.833324
0.914213 0.079120 0.896614 0.149657
0.079120 0.048783 0.002359 0.002454
0.896614 0.002359 1.483173 0.279098
0.149657 0.002454 0.279098 0.074378
25.041946 1.365612 21.380696 1.794548
0.650703 0.057318 0.719276 0.115934
0.057318 0.046954 -0.026103 -0.001350
0.719276 -0.026103 1.563416 0.285133
0.115934 -0.001350 0.285133 0.074424
25.563360 1.348078 22.098862 1.767209
0.525087 0.059128 0.563360 0.085260
0.059128 0.049069 -0.048535 -0.004532
0.563360 -0.048535 1.644852 0.289590
0.085260 -0.004532 0.289590 0.074206
25.939701 1.337099 22.366329 1.667679
0.369336 0.062916 0.251225 0.032123
0.062916 0.051834 -0.081500 -0.009247
0.251225 -0.081500 1.464858 0.252207
0.032123 -0.009247 0.252207 0.067459
26.660861 1.350217 23.196006 1.665761
0.357484 0.076930 0.122337 0.012361
0.076930 0.054796 -0.100409 -0.011351
0.122337 -0.100409 1.605227 0.267775
0.012361 -0.011351 0.267775 0.069537
27.302235 1.336465 24.111343 1.679462
0.355606 0.090469 -0.042732 -0.011229
0.090469 0.057242 -0.123820 -0.014025
-0.042732 -0.123820 1.717926 0.277377
-0.011229 -0.014025 0.277377 0.070498
28.163407 1.364159 25.348940 1.741248
0.408543 0.112226 -0.209513 -0.033105
0.112226 0.060940 -0.144879 -0.016205
-0.209513 -0.144879 1.821839 0.284139
-0.033105 -0.016205 0.284139 0.070881
28.879538 1.367966 26.345418 1.760730
0.491413 0.136843 -0.412519 -0.058368
0.136843 0.064774 -0.169090 -0.018723
-0.412519 -0.169090 1.821537 0.273734
-0.058368 -0.018723 0.273734 0.068550
29.816672 1.412719 27.992670 1.881685
0.623911 0.166673 -0.589908 -0.077061
0.166673 0.069069 -0.188599 -0.020333
-0.589908 -0.188599 1.921863 0.279220
-0.077061 -0.020333 0.279220 0.068824
30.605981 1.426692 29.505111 1.970436
0.792556 0.199305 -0.788017 -0.096771
0.199305 0.073431 -0.210328 -0.022170
-0.788017 -0.210328 1.939010 0.270900
-0.096771 -0.022170 0.270900 0.066906
31.238248 1.407637 30.538097 1.974781
0.999527 0.234621 -0.995092 -0.115586
0.234621 0.077799 -0.232932 -0.024025
-0.995092 -0.232932 1.910444 0.255514
-0.115586 -0.024025 0.255514 0.063976
31.905208 1.401282 31.707734 2.001649
1.245092 0.272349 -1.207020 -0.132956
0.272349 0.082127 -0.254845 -0.025683
-1.207020 -0.254845 1.957759 0.252173
-0.132956 -0.025683 0.252173 0.063010
32.636269 1.420191 33.271131 2.094091
1.531441 0.312639 -1.429032 -0.149667
0.312639 0.086492 -0.276123 -0.027153
-1.429032 -0.276123 2.059802 0.256930
-0.149667 -0.027153 0.256930 0.063285
33.340501 1.423797 34.483752 2.121252
1.860488 0.355563 -1.660502 -0.165536
0.355563 0.090899 -0.298205 -0.028659
-1.660502 -0.298205 2.131356 0.255626
-0.165536 -0.028659 0.255626 0.062467
33.921372 1.382659 35.170298 2.048703
2.229922 0.399619 -1.918634 -0.183736
0.399619 0.094951 -0.323347 -0.030682
-1.918634 -0.323347 2.215663 0.254795
-0.183736 -0.030682 0.254795 0.061512
34.614889 1.398996 36.568117 2.115037
2.638062 0.444085 -2.205043 -0.204645
0.444085 0.098695 -0.347800 -0.032597
-2.205043 -0.347800 2.392853 0.268473
-0.204645 -0.032597 0.268473 0.062872
35.304412 1.415840 38.024306 2.186756
3.092874 0.490805 -2.511612 -0.226048
0.490805 0.102498 -0.373285 -0.034556
-2.511612 -0.373285 2.575423 0.280958
-0.226048 -0.034556 0.280958 0.063820
35.993215 1.411875 39.111111 2.184062
3.595790 0.539808 -2.836722 -0.247514
0.539808 0.106347 -0.400178 -0.036606
-2.836722 -0.400178 2.745735 0.289300
-0.247514 -0.036606 0.289300 0.063901
36.755449 1.425054 40.256690 2.198622
4.142028 0.589330 -3.190889 -0.271439
0.589330 0.109953 -0.427774 -0.038746
-3.190889 -0.427774 2.949950 0.301710
-0.271439 -0.038746 0.301710 0.064539
37.420944 1.408335 41.204786 2.165947
4.727393 0.638289 -3.579468 -0.298989
0.638289 0.113111 -0.457155 -0.041246
-3.579468 -0.457155 3.181320 0.316269
-0.298989 -0.041246 0.316269 0.065257
37.900698 1.345929 41.870811 2.066840
5.344699 0.685623 -4.001975 -0.330316
0.685623 0.115741 -0.487791 -0.044047
-4.001975 -0.487791 3.441799 0.333316
-0.330316 -0.044047 0.333316 0.066120
38.293851 1.270636 42.421769 1.948828
5.990577 0.731364 -4.453659 -0.364365
0.731364 0.118001 -0.518456 -0.046868
-4.453659 -0.518456 3.735292 0.353850
-0.364365 -0.046868 0.353850 0.067409
39.036168 1.301664 43.617505 2.001879
6.673857 0.777547 -4.929746 -0.399083
0.777547 0.120376 -0.547453 -0.049184
-4.929746 -0.547453 4.076648 0.380930
-0.399083 -0.049184 0.380930 0.069875
39.857750 1.336855 44.748249 2.042560
7.404270 0.825200 -5.439319 -0.435216
0.825200 0.122809 -0.578196 -0.051609
-5.439319 -0.578196 4.438218 0.407623
-0.435216 -0.051609 0.407623 0.071982
39.697108 1.208944 45.765745 1.969349
8.135835 0.867124 -5.982491 -0.476602
0.867124 0.124226 -0.610055 -0.054622
-5.982491 -0.610055 4.826621 0.435334
-0.476602 -0.054622 0.435334 0.073729
