5.527645 3.173200 -0.652490 -1.153049
2.388775 0.955531 -0.226704 -0.090684
0.955531 80.386287 -0.090684 -0.036274
-0.226704 -0.090684 2.512554 1.005043
-0.090684 -0.036274 1.005043 80.406093
4.943798 -0.612114 0.062128 1.057307
2.179782 3.823173 -0.199060 -0.304504
3.823173 14.852141 -0.303831 -1.110384
-0.199060 -0.303831 2.322683 4.049136
-0.304504 -1.110384 4.049136 15.563217
7.087137 2.230882 1.949253 2.634158
1.923292 2.226724 -0.206441 -0.230001
2.226724 4.408218 -0.230065 -0.422914
-0.206441 -0.230065 2.046080 2.358660
-0.230001 -0.422914 2.358660 4.646273
7.369748 1.525268 2.364455 1.872849
1.692930 1.428388 -0.215314 -0.176416
1.428388 1.878549 -0.176533 -0.208394
-0.215314 -0.176533 1.797034 1.511654
-0.176416 -0.208394 1.511654 1.983192
7.240733 0.936955 3.358083 1.907610
1.448579 0.955543 -0.165770 -0.104445
0.955543 0.951279 -0.104514 -0.096955
-0.165770 -0.104514 1.521969 1.001843
-0.104445 -0.096955 1.001843 0.999102
5.511475 -0.252414 5.394198 2.488621
1.324553 0.718140 -0.108513 -0.055462
0.718140 0.569101 -0.055609 -0.045983
-0.108513 -0.055609 1.337660 0.724679
-0.055462 -0.045983 0.724679 0.582725
6.599467 0.305172 6.322276 2.344271
1.162160 0.533875 -0.102276 -0.045832
0.533875 0.358154 -0.045894 -0.031436
-0.102276 -0.045894 1.179415 0.543275
-0.045832 -0.031436 0.543275 0.369369
6.954457 0.386374 8.091595 2.584300
1.031098 0.412332 -0.077959 -0.030672
0.412332 0.242441 -0.030736 -0.019221
-0.077959 -0.030736 1.033552 0.415153
-0.030672 -0.019221 0.415153 0.248225
7.538913 0.525458 9.808956 2.736474
0.950500 0.337882 -0.065653 -0.023292
0.337882 0.177440 -0.023345 -0.013180
-0.065653 -0.023345 0.946265 0.338459
-0.023292 -0.013180 0.338459 0.180954
8.446577 0.732532 10.747100 2.597379
0.865192 0.277663 -0.043042 -0.013948
0.277663 0.134238 -0.014024 -0.008029
-0.043042 -0.014024 0.862761 0.278978
-0.013948 -0.008029 0.278978 0.137060
9.086206 0.813288 11.382630 2.400687
0.792665 0.233076 -0.045836 -0.013899
0.233076 0.106026 -0.013934 -0.006768
-0.045836 -0.013934 0.790302 0.234293
-0.013899 -0.006768 0.234293 0.108127
10.129349 0.987722 11.214791 2.023858
0.742947 0.202801 -0.049145 -0.013789
0.202801 0.087951 -0.013803 -0.005771
-0.049145 -0.013803 0.747804 0.205857
-0.013789 -0.005771 0.205857 0.090073
11.482300 1.207741 12.504205 2.095454
0.695511 0.178179 -0.045328 -0.011740
0.178179 0.075057 -0.011752 -0.004493
-0.045328 -0.011752 0.700811 0.180940
-0.011740 -0.004493 0.180940 0.076689
11.729446 1.121089 13.747758 2.143269
0.663318 0.161179 -0.041706 -0.010016
0.161179 0.066503 -0.010029 -0.003537
-0.041706 -0.010029 0.663892 0.162437
-0.010016 -0.003537 0.162437 0.067474
12.228434 1.106505 14.303953 2.022586
0.635961 0.147880 -0.036648 -0.008178
0.147880 0.060389 -0.008192 -0.002724
-0.036648 -0.008192 0.636192 0.148885
-0.008178 -0.002724 0.148885 0.061115
13.272680 1.216773 15.433219 2.049663
0.600464 0.134716 -0.021311 -0.004259
0.134716 0.055384 -0.004288 -0.001576
-0.021311 -0.004288 0.600510 0.135515
-0.004259 -0.001576 0.135515 0.055924
14.562464 1.365541 16.395296 2.036482
0.577396 0.126091 -0.016080 -0.003025
0.126091 0.052181 -0.003051 -0.001164
-0.016080 -0.003051 0.578769 0.127050
-0.003025 -0.001164 0.127050 0.052654
15.351469 1.388323 17.476640 2.050131
0.556083 0.119011 -0.006982 -0.001062
0.119011 0.049816 -0.001091 -0.000645
-0.006982 -0.001091 0.556511 0.119623
-0.001062 -0.000645 0.119623 0.050131
16.425340 1.468428 18.457015 2.040862
0.543731 0.114733 -0.008024 -0.001418
0.114733 0.048393 -0.001440 -0.000666
-0.008024 -0.001440 0.544476 0.115312
-0.001418 -0.000666 0.115312 0.048645
17.111667 1.458472 19.615395 2.069749
0.534220 0.111610 -0.003173 -0.000454
0.111610 0.047425 -0.000475 -0.000406
-0.003173 -0.000475 0.534146 0.111924
-0.000454 -0.000406 0.111924 0.047577
17.710267 1.431350 20.572319 2.053509
0.521845 0.108295 -0.002172 -0.000356
0.108295 0.046557 -0.000373 -0.000347
-0.002172 -0.000373 0.521134 0.108411
-0.000356 -0.000347 0.108411 0.046637
18.327368 1.410962 21.673241 2.068879
0.507391 0.104942 -0.001769 -0.000356
0.104942 0.045790 -0.000369 -0.000311
-0.001769 -0.000369 0.506208 0.104915
-0.000356 -0.000311 0.104915 0.045821
18.790937 1.360938 22.657969 2.058600
0.499371 0.103272 0.001376 0.000242
0.103272 0.045451 0.000231 -0.000152
0.001376 0.000231 0.497858 0.103148
0.000242 -0.000152 0.103148 0.045449
19.075353 1.278879 23.814485 2.085095
0.495358 0.102590 -0.000039 -0.000138
0.102590 0.045345 -0.000146 -0.000208
-0.000039 -0.000146 0.493661 0.102411
-0.000138 -0.000208 0.102411 0.045323
19.490744 1.232455 24.659973 2.044211
0.483283 0.100280 0.000278 -0.000095
0.100280 0.044901 -0.000103 -0.000169
0.000278 -0.000103 0.481630 0.100096
-0.000095 -0.000169 0.100096 0.044872
20.164165 1.244398 25.600511 2.027175
0.478781 0.099731 -0.002638 -0.000718
0.099731 0.044850 -0.000723 -0.000273
-0.002638 -0.000723 0.477699 0.099655
-0.000718 -0.000273 0.099655 0.044839
20.459247 1.176035 26.446512 1.992161
0.478814 0.100127 -0.004877 -0.001132
0.100127 0.044982 -0.001136 -0.000325
-0.004877 -0.001136 0.478054 0.100098
-0.001132 -0.000325 0.100098 0.044976
20.862605 1.137299 27.653827 2.036516
0.480531 0.100782 -0.001722 -0.000374
0.100782 0.045141 -0.000378 -0.000131
-0.001722 -0.000378 0.480942 0.100978
-0.000374 -0.000131 0.100978 0.045176
21.618091 1.176559 28.998455 2.105141
0.485175 0.101944 -0.003559 -0.000742
0.101944 0.045380 -0.000744 -0.000195
-0.003559 -0.000744 0.487355 0.102471
-0.000742 -0.000195 0.102471 0.045478
22.731143 1.286833 29.787269 2.049765
0.482769 0.101477 -0.006072 -0.001216
0.101477 0.045249 -0.001218 -0.000277
-0.006072 -0.001218 0.485825 0.102121
-0.001216 -0.000277 0.102121 0.045362
23.863155 1.389630 30.902246 2.068860
0.481081 0.101187 -0.002626 -0.000396
0.101187 0.045167 -0.000397 -0.000083
-0.002626 -0.000397 0.485852 0.102123
-0.000396 -0.000083 0.102123 0.045333
24.340242 1.343907 32.248158 2.134248
0.476774 0.100352 0.000034 0.000169
0.100352 0.044975 0.000170 0.000036
0.000034 0.000170 0.484569 0.101839
0.000169 0.000036 0.101839 0.045247
24.970136 1.335013 33.190618 2.108037
0.475302 0.100172 -0.003210 -0.000560
0.100172 0.044934 -0.000560 -0.000127
-0.003210 -0.000560 0.484572 0.101843
-0.000560 -0.000127 0.101843 0.045230
25.224277 1.247806 34.302371 2.120047
0.469849 0.099143 -0.001915 -0.000262
0.099143 0.044712 -0.000260 -0.000058
-0.001915 -0.000260 0.482131 0.101327
-0.000262 -0.000058 0.101327 0.045106
25.706060 1.217666 35.048704 2.054052
0.473471 0.100102 -0.003684 -0.000636
0.100102 0.044924 -0.000637 -0.000137
-0.003684 -0.000637 0.486294 0.102243
-0.000636 -0.000137 0.102243 0.045294
26.724356 1.304380 36.306842 2.102764
0.466158 0.098624 -0.004213 -0.000718
0.098624 0.044595 -0.000718 -0.000149
-0.004213 -0.000718 0.482579 0.101407
-0.000718 -0.000149 0.101407 0.045097
27.121352 1.250145 37.040795 2.035931
0.467544 0.099108 -0.003212 -0.000471
0.099108 0.044706 -0.000469 -0.000091
-0.003212 -0.000469 0.485001 0.101942
-0.000471 -0.000091 0.101942 0.045207
27.801087 1.261751 38.070295 2.038380
0.468180 0.099354 -0.003211 -0.000463
0.099354 0.044749 -0.000460 -0.000090
-0.003211 -0.000460 0.488007 0.102544
-0.000463 -0.000090 0.102544 0.045321
28.333845 1.240557 38.318930 1.876551
0.469261 0.099645 -0.006084 -0.001060
0.099645 0.044794 -0.001065 -0.000219
-0.006084 -0.001065 0.487753 0.102404
-0.001060 -0.000219 0.102404 0.045271
29.256250 1.304503 38.879957 1.797572
0.468841 0.099575 -0.003270 -0.000410
0.099575 0.044757 -0.000407 -0.000072
-0.003270 -0.000407 0.487554 0.102301
-0.000410 -0.000072 0.102301 0.045238
30.046315 1.333748 39.727611 1.786926
0.469349 0.099692 -0.008565 -0.001530
0.099692 0.044762 -0.001540 -0.000315
-0.008565 -0.001540 0.490190 0.102805
-0.001530 -0.000315 0.102805 0.045337
30.738694 1.339159 40.613437 1.785345
0.471054 0.100046 -0.009263 -0.001580
0.100046 0.044818 -0.001588 -0.000310
-0.009263 -0.001588 0.494200 0.103558
-0.001580 -0.000310 0.103558 0.045483
31.407229 1.339158 41.739982 1.834286
0.469678 0.099705 -0.011515 -0.001965
0.099705 0.044723 -0.001975 -0.000381
-0.011515 -0.001975 0.497104 0.104018
-0.001965 -0.000381 0.104018 0.045558
31.500578 1.216799 42.626655 1.827244
0.462519 0.098173 -0.010153 -0.001579
0.098173 0.044386 -0.001576 -0.000288
-0.010153 -0.001576 0.495133 0.103439
-0.001579 -0.000288 0.103439 0.045417
32.013907 1.196148 43.198476 1.755768
0.461590 0.098105 -0.009946 -0.001478
0.098105 0.044389 -0.001474 -0.000267
-0.009946 -0.001474 0.495075 0.103337
-0.001478 -0.000267 0.103337 0.045395
32.970662 1.272866 44.354744 1.814340
0.457772 0.097397 -0.019126 -0.003361
0.097397 0.044246 -0.003390 -0.000672
-0.019126 -0.003390 0.495765 0.103404
-0.003361 -0.000672 0.103404 0.045410
33.752445 1.304909 45.843370 1.935857
0.457425 0.097483 -0.023227 -0.004012
0.097483 0.044281 -0.004043 -0.000780
-0.023227 -0.004043 0.501497 0.104536
-0.004012 -0.000780 0.104536 0.045650
34.368569 1.297101 46.789569 1.931247
0.458662 0.097871 -0.026787 -0.004514
0.097871 0.044369 -0.004552 -0.000859
-0.026787 -0.004552 0.505072 0.105124
-0.004514 -0.000859 0.105124 0.045758
35.138640 1.322103 47.412446 1.860326
0.455626 0.097295 -0.026777 -0.004273
0.097295 0.044240 -0.004302 -0.000785
-0.026777 -0.004302 0.502711 0.104452
-0.004273 -0.000785 0.104452 0.045604
35.965018 1.357034 48.204646 1.832197
0.456102 0.097496 -0.030097 -0.004775
0.097496 0.044282 -0.004815 -0.000885
-0.030097 -0.004815 0.504445 0.104711
-0.004775 -0.000885 0.104711 0.045660
