-1.287111 0.447239 4.093674 0.745458
41.884662 16.754228 -56.725917 -22.690858
16.754228 86.705903 -22.690858 -9.076540
-56.725917 -22.690858 81.364527 32.546516
-22.690858 -9.076540 32.546516 93.022955
-0.729926 2.276056 6.646388 3.024821
68.774727 39.742817 -88.657951 -41.084737
39.742817 44.566156 -49.434296 -42.930245
-88.657951 -49.434296 117.158561 55.687224
-41.084737 -42.930245 55.687224 62.146893
1.001383 2.995271 8.805490 3.839095
64.421214 28.497786 -94.095055 -47.046776
28.497786 24.069422 -40.708366 -33.928500
-94.095055 -40.708366 140.472424 71.219747
-47.046776 -33.928500 71.219747 56.684978
0.253979 1.263421 10.886130 3.614825
68.382440 25.643322 -110.464163 -49.141529
25.643322 16.728843 -40.478823 -26.865405
-110.464163 -40.478823 182.122634 81.334068
-49.141529 -26.865405 81.334068 49.074847
1.752053 1.523469 11.108492 3.014171
31.678954 8.555707 -61.678338 -23.123077
8.555707 6.966938 -15.645811 -11.806979
-61.678338 -15.645811 124.036930 46.251841
-23.123077 -11.806979 46.251841 25.643110
4.834288 1.581695 5.934168 1.176198
38.943928 10.966007 -78.630157 -27.007923
10.966007 6.199729 -20.955181 -11.242320
-78.630157 -20.955181 162.736232 54.986273
-27.007923 -11.242320 54.986273 24.246721
2.571092 0.703452 12.627554 3.107497
8.241962 4.107236 -10.420657 -5.005525
4.107236 3.905010 -4.698104 -4.876853
-10.420657 -4.698104 14.900338 6.387515
-5.005525 -4.876853 6.387515 6.595698
4.208729 1.314002 12.768040 2.422597
5.013097 2.081134 -7.584289 -3.059311
2.081134 2.004258 -2.874340 -2.778085
-7.584289 -2.874340 13.376320 4.985271
-3.059311 -2.778085 4.985271 4.287408
7.539731 2.585174 11.721456 1.189133
5.595017 2.143249 -9.466025 -3.507828
2.143249 1.565714 -3.432649 -2.336872
-9.466025 -3.432649 17.791077 6.281936
-3.507828 -2.336872 6.281936 3.847981
9.509775 2.751335 10.446891 0.674158
7.119194 2.656495 -10.950087 -3.944728
2.656495 1.497220 -3.921169 -2.142350
-10.950087 -3.921169 18.415962 6.332990
-3.944728 -2.142350 6.332990 3.321227
12.768852 3.318526 7.153635 -0.390432
6.571002 2.323900 -8.572717 -3.001969
2.323900 1.174746 -2.923567 -1.533574
-8.572717 -2.923567 12.468474 4.139937
-3.001969 -1.533574 4.139937 2.192558
11.751603 2.504804 11.102166 0.845543
3.090224 1.053863 -2.563977 -0.970354
1.053863 0.613290 -0.839605 -0.680786
-2.563977 -0.839605 2.802796 0.944035
-0.970354 -0.680786 0.944035 0.913323
13.063346 2.522808 11.501197 0.836104
4.266340 1.352501 -3.636361 -1.308941
1.352501 0.615355 -1.172092 -0.677940
-3.636361 -1.172092 3.740181 1.324973
-1.308941 -0.677940 1.324973 0.893127
13.952444 2.422163 12.147626 0.905629
5.569204 1.589486 -4.670068 -1.514721
1.589486 0.594711 -1.374412 -0.629477
-4.670068 -1.374412 4.536479 1.505054
-1.514721 -0.629477 1.505054 0.802822
15.509307 2.555295 11.755454 0.603791
6.980743 1.785914 -5.769984 -1.660674
1.785914 0.567420 -1.527701 -0.574936
-5.769984 -1.527701 5.414419 1.625998
-1.660674 -0.574936 1.625998 0.711828
14.978199 2.081304 14.264054 1.260606
6.417209 1.428976 -4.609009 -1.097324
1.428976 0.406919 -1.066599 -0.355074
-4.609009 -1.066599 3.823516 0.984632
-1.097324 -0.355074 0.984632 0.422986
16.876592 2.234203 14.566986 1.235631
7.265999 1.514540 -5.550801 -1.266957
1.514540 0.390644 -1.198203 -0.351430
-5.550801 -1.198203 4.762053 1.166057
-1.266957 -0.351430 1.166057 0.417002
16.238728 1.871539 16.894840 1.648390
7.457779 1.402726 -5.274154 -1.031394
1.402726 0.328541 -1.024842 -0.261281
-5.274154 -1.024842 4.202521 0.900798
-1.031394 -0.261281 0.900798 0.298342
18.996557 2.162996 16.886953 1.573218
5.666397 1.026076 -4.572182 -0.922990
1.026076 0.243728 -0.856697 -0.221134
-4.572182 -0.856697 4.166205 0.910395
-0.922990 -0.221134 0.910395 0.282485
18.760055 1.923613 19.090387 1.885674
4.658266 0.768574 -3.264434 -0.536703
0.768574 0.179559 -0.557223 -0.130613
-3.264434 -0.557223 2.706504 0.512504
-0.536703 -0.130613 0.512504 0.167653
18.909745 1.802686 20.404099 1.912860
4.730253 0.747131 -3.445114 -0.558451
0.747131 0.167491 -0.561534 -0.123849
-3.445114 -0.561534 3.031314 0.569330
-0.558451 -0.123849 0.569330 0.168592
19.713981 1.785966 21.527546 1.951697
2.977938 0.453071 -2.367972 -0.390092
0.453071 0.115950 -0.374185 -0.089359
-2.367972 -0.374185 2.525119 0.496955
-0.390092 -0.089359 0.496955 0.150753
19.607553 1.638504 23.254778 2.064018
2.401070 0.355087 -1.885973 -0.291541
0.355087 0.097620 -0.287278 -0.068095
-1.885973 -0.287278 2.315219 0.452880
-0.291541 -0.068095 0.452880 0.136161
21.024498 1.726080 23.535786 1.924875
0.889466 0.128798 -0.263524 0.004062
0.128798 0.062245 -0.039489 -0.019926
-0.263524 -0.039489 0.820419 0.182304
0.004062 -0.019926 0.182304 0.082785
21.734789 1.701319 24.727001 1.969837
0.980788 0.152470 -0.199236 0.011470
0.152470 0.065828 -0.035113 -0.017056
-0.199236 -0.035113 0.846994 0.188335
0.011470 -0.017056 0.188335 0.080167
22.472383 1.690042 24.907839 1.782455
1.138069 0.184423 -0.183521 0.009608
0.184423 0.070391 -0.034033 -0.014977
-0.183521 -0.034033 0.530767 0.112072
0.009608 -0.014977 0.112072 0.058807
23.553604 1.746234 24.509944 1.497334
1.307370 0.215214 -0.180394 0.005289
0.215214 0.074360 -0.033487 -0.013348
-0.180394 -0.033487 0.300067 0.061920
0.005289 -0.013348 0.061920 0.045522
24.741966 1.794863 25.366445 1.533550
1.398456 0.231145 -0.227589 -0.013102
0.231145 0.075822 -0.044798 -0.015180
-0.227589 -0.044798 0.365719 0.083033
-0.013102 -0.015180 0.083033 0.049449
25.397728 1.754991 26.182472 1.539374
1.232823 0.204903 -0.316430 -0.046102
0.204903 0.070541 -0.061106 -0.019149
-0.316430 -0.061106 0.449747 0.104520
-0.046102 -0.019149 0.104520 0.052630
26.049548 1.720698 26.836984 1.504716
1.223303 0.205195 -0.443570 -0.078914
0.205195 0.069894 -0.081310 -0.022749
-0.443570 -0.081310 0.542827 0.124043
-0.078914 -0.022749 0.124043 0.055015
26.801765 1.703279 27.558436 1.494144
1.274373 0.213642 -0.574112 -0.106019
0.213642 0.070417 -0.099840 -0.025271
-0.574112 -0.099840 0.662346 0.146975
-0.106019 -0.025271 0.146975 0.058151
27.708330 1.712625 28.395214 1.517339
1.367765 0.226955 -0.714495 -0.130300
0.226955 0.071542 -0.117702 -0.027224
-0.714495 -0.117702 0.809621 0.172843
-0.130300 -0.027224 0.172843 0.061729
28.780421 1.750943 29.278464 1.553526
1.505052 0.245188 -0.877204 -0.154920
0.245188 0.073272 -0.136920 -0.029153
-0.877204 -0.136920 0.984590 0.200703
-0.154920 -0.029153 0.200703 0.065373
29.619960 1.743982 30.021761 1.544685
1.637470 0.259440 -1.070236 -0.183187
0.259440 0.074020 -0.158845 -0.031656
-1.070236 -0.158845 1.181367 0.228546
-0.183187 -0.031656 0.228546 0.068508
30.534960 1.750340 30.755804 1.537970
1.808882 0.277758 -1.284231 -0.210864
0.277758 0.075292 -0.181518 -0.033933
-1.284231 -0.181518 1.406298 0.258048
-0.210864 -0.033933 0.258048 0.071732
31.267742 1.718221 31.359814 1.496838
1.993536 0.295026 -1.526959 -0.240680
0.295026 0.076112 -0.206212 -0.036492
-1.526959 -0.206212 1.659848 0.288692
-0.240680 -0.036492 0.288692 0.074811
31.810413 1.660268 32.100103 1.480592
2.191646 0.311773 -1.788227 -0.270234
0.311773 0.076713 -0.230554 -0.038795
-1.788227 -0.230554 1.949636 0.322287
-0.270234 -0.038795 0.322287 0.078241
32.774105 1.693799 32.997847 1.519166
2.460751 0.338505 -2.072616 -0.297659
0.338505 0.078989 -0.256068 -0.040676
-2.072616 -0.256068 2.262950 0.355578
-0.297659 -0.040676 0.355578 0.081405
33.882135 1.749688 33.875398 1.556258
2.764007 0.367255 -2.386861 -0.326299
0.367255 0.081308 -0.283675 -0.042746
-2.386861 -0.283675 2.603586 0.389035
-0.326299 -0.042746 0.389035 0.084288
34.210077 1.618242 34.201815 1.439135
3.058375 0.389109 -2.742505 -0.360522
0.389109 0.081888 -0.315527 -0.045868
-2.742505 -0.315527 2.967811 0.421308
-0.360522 -0.045868 0.421308 0.086438
35.159744 1.638363 34.833682 1.430713
3.410046 0.418876 -3.113574 -0.390935
0.418876 0.084059 -0.345647 -0.047951
-3.113574 -0.345647 3.366354 0.456042
-0.390935 -0.047951 0.456042 0.089160
36.172911 1.684720 35.685991 1.467966
3.771763 0.446260 -3.510199 -0.422730
0.446260 0.085707 -0.374778 -0.049876
-3.510199 -0.374778 3.816623 0.495586
-0.422730 -0.049876 0.495586 0.092516
37.662420 1.822511 36.650501 1.550569
4.173661 0.476759 -3.938526 -0.454939
0.476759 0.087777 -0.405009 -0.051694
-3.938526 -0.405009 4.307914 0.536951
-0.454939 -0.051694 0.536951 0.095941
38.253673 1.770695 37.516705 1.546297
4.525584 0.494100 -4.391153 -0.491921
0.494100 0.087406 -0.434273 -0.054078
-4.391153 -0.434273 4.848064 0.581779
-0.491921 -0.054078 0.581779 0.099448
39.265983 1.814263 38.550598 1.600059
4.969143 0.524144 -4.888531 -0.527341
0.524144 0.089125 -0.468471 -0.056301
-4.888531 -0.468471 5.412042 0.623885
-0.527341 -0.056301 0.623885 0.102354
39.914068 1.749688 39.127373 1.544592
5.447024 0.555442 -5.426186 -0.564484
0.555442 0.090672 -0.507054 -0.059054
-5.426186 -0.507054 5.988954 0.662118
-0.564484 -0.059054 0.662118 0.104327
40.812510 1.755800 39.922705 1.550096
5.965176 0.589877 -5.992529 -0.600822
0.589877 0.092786 -0.545210 -0.061343
-5.992529 -0.545210 6.606039 0.702385
-0.600822 -0.061343 0.702385 0.106643
41.748925 1.772451 40.772794 1.566715
6.515141 0.625231 -6.591941 -0.637815
0.625231 0.094916 -0.584015 -0.063564
-6.591941 -0.584015 7.260667 0.743719
-0.637815 -0.063564 0.743719 0.108993
42.130499 1.673112 41.442407 1.511525
7.088886 0.659309 -7.232693 -0.677358
0.659309 0.096550 -0.624931 -0.066124
-7.232693 -0.624931 7.952260 0.785332
-0.677358 -0.066124 0.785332 0.111107
42.779963 1.676761 42.632215 1.568422
7.732247 0.701543 -7.901559 -0.713630
0.701543 0.099447 -0.667513 -0.068220
-7.901559 -0.667513 8.656172 0.824160
-0.713630 -0.068220 0.824160 0.112935
