5.551220 3.182631 -1.192751 -1.369158
2.362255 0.944923 -0.381236 -0.152498
0.944923 80.382044 -0.152498 -0.061000
-0.381236 -0.152498 2.451524 0.980631
-0.152498 -0.061000 0.980631 80.396327
6.802981 2.715802 2.041359 5.480240
2.331607 4.097179 -0.092031 -0.083600
4.097179 15.253807 -0.082256 -1.116188
-0.092031 -0.082256 2.393570 4.187510
-0.083600 -1.116188 4.187510 15.639549
4.033602 -1.983972 2.798453 3.260742
1.996579 2.287226 -0.230214 -0.287219
2.287226 4.455233 -0.286965 -0.599218
-0.230214 -0.286965 2.043861 2.341114
-0.287219 -0.599218 2.341114 4.579894
6.508812 0.922849 2.832579 1.906433
1.673433 1.399909 -0.184536 -0.163279
1.399909 1.852977 -0.163474 -0.228657
-0.184536 -0.163474 1.762722 1.476333
-0.163279 -0.228657 1.476333 1.941176
7.602183 1.337484 4.119437 2.123551
1.483559 0.976314 -0.172113 -0.117890
0.976314 0.968670 -0.117934 -0.119241
-0.172113 -0.117934 1.549499 1.018448
-0.117890 -0.119241 1.018448 1.006451
7.691787 1.022445 6.324381 2.741724
1.292481 0.699108 -0.114982 -0.064392
0.699108 0.560999 -0.064331 -0.056749
-0.114982 -0.064331 1.319531 0.712548
-0.064392 -0.056749 0.712548 0.573771
7.705394 0.793953 7.496765 2.651364
1.145089 0.526704 -0.075898 -0.036930
0.526704 0.357059 -0.036875 -0.030274
-0.075898 -0.036875 1.157328 0.532191
-0.036930 -0.030274 0.532191 0.363293
9.096442 1.191384 9.355163 2.863091
1.053621 0.422539 -0.052076 -0.023147
0.422539 0.248156 -0.023118 -0.018071
-0.052076 -0.023118 1.062885 0.426774
-0.023147 -0.018071 0.426774 0.252496
9.318151 1.060083 10.038241 2.596997
0.970185 0.345472 -0.054828 -0.021918
0.345472 0.181088 -0.021887 -0.013916
-0.054828 -0.021887 0.975306 0.348057
-0.021918 -0.013916 0.348057 0.183908
10.559934 1.291481 10.061133 2.184640
0.873081 0.280460 -0.062343 -0.022030
0.280460 0.135727 -0.022015 -0.011366
-0.062343 -0.022015 0.885523 0.285291
-0.022030 -0.011366 0.285291 0.138668
10.841458 1.183911 11.408912 2.260607
0.806613 0.237374 -0.060977 -0.019337
0.237374 0.107709 -0.019313 -0.008705
-0.060977 -0.019313 0.811314 0.239432
-0.019337 -0.008705 0.239432 0.109304
11.382976 1.170956 11.782585 2.053523
0.749739 0.204668 -0.044159 -0.012866
0.204668 0.088732 -0.012861 -0.005656
-0.044159 -0.012861 0.754830 0.206689
-0.012866 -0.005656 0.206689 0.090025
11.133389 0.956711 13.300734 2.180347
0.706760 0.181053 -0.041014 -0.011030
0.181053 0.075996 -0.011020 -0.004408
-0.041014 -0.011020 0.703119 0.180666
-0.011030 -0.004408 0.180666 0.076451
11.741201 0.988074 14.587569 2.228230
0.670769 0.162880 -0.034441 -0.008603
0.162880 0.067052 -0.008599 -0.003263
-0.034441 -0.008599 0.665473 0.162177
-0.008603 -0.003263 0.162177 0.067325
12.186731 0.976836 15.084045 2.084154
0.638182 0.148256 -0.029098 -0.006790
0.148256 0.060576 -0.006791 -0.002461
-0.029098 -0.006791 0.633150 0.147695
-0.006790 -0.002461 0.147695 0.060802
12.874009 1.021342 15.746939 1.998815
0.611618 0.137114 -0.026584 -0.005834
0.137114 0.056008 -0.005836 -0.001979
-0.026584 -0.005836 0.607471 0.136790
-0.005834 -0.001979 0.136790 0.056220
13.306970 1.004456 16.869488 2.025744
0.589277 0.128467 -0.016961 -0.003418
0.128467 0.052746 -0.003428 -0.001254
-0.016961 -0.003428 0.583829 0.127853
-0.003418 -0.001254 0.127853 0.052834
14.583381 1.169307 17.095856 1.857507
0.567418 0.121103 -0.017267 -0.003397
0.121103 0.050279 -0.003403 -0.001133
-0.017267 -0.003403 0.565478 0.121249
-0.003397 -0.001133 0.121249 0.050486
15.495298 1.238055 17.920092 1.835653
0.548920 0.115413 -0.013017 -0.002389
0.115413 0.048535 -0.002396 -0.000822
-0.013017 -0.002396 0.547548 0.115606
-0.002389 -0.000822 0.115606 0.048701
16.264061 1.269337 18.995744 1.868738
0.531524 0.110664 -0.014399 -0.002645
0.110664 0.047233 -0.002650 -0.000810
-0.014399 -0.002650 0.529814 0.110711
-0.002645 -0.000810 0.110711 0.047328
17.425715 1.378352 19.758754 1.833561
0.513743 0.106402 -0.007318 -0.001101
0.106402 0.046201 -0.001109 -0.000429
-0.007318 -0.001109 0.512912 0.106571
-0.001101 -0.000429 0.106571 0.046293
17.813649 1.316190 20.893825 1.878621
0.508445 0.105173 -0.005233 -0.000721
0.105173 0.045910 -0.000728 -0.000324
-0.005233 -0.000728 0.506874 0.105127
-0.000721 -0.000324 0.105127 0.045934
18.298809 1.280547 22.054892 1.924494
0.503679 0.104179 -0.005347 -0.000811
0.104179 0.045698 -0.000817 -0.000324
-0.005347 -0.000817 0.501805 0.104031
-0.000811 -0.000324 0.104031 0.045686
19.038472 1.301294 23.358349 1.995324
0.495550 0.102579 -0.005044 -0.000789
0.102579 0.045378 -0.000794 -0.000299
-0.005044 -0.000794 0.493994 0.102469
-0.000789 -0.000299 0.102469 0.045364
19.723080 1.308171 23.994234 1.920154
0.490130 0.101674 -0.005969 -0.001008
0.101674 0.045224 -0.001011 -0.000325
-0.005969 -0.001011 0.488688 0.101559
-0.001008 -0.000325 0.101559 0.045201
20.277375 1.287544 25.220055 1.975469
0.481085 0.100067 -0.006631 -0.001142
0.100067 0.044927 -0.001144 -0.000331
-0.006631 -0.001144 0.480305 0.100064
-0.001142 -0.000331 0.100064 0.044921
21.111867 1.327554 26.539454 2.044921
0.477740 0.099757 -0.002574 -0.000268
0.099757 0.044911 -0.000270 -0.000127
-0.002574 -0.000270 0.478144 0.099969
-0.000268 -0.000127 0.099969 0.044944
21.460578 1.261362 27.198645 1.968587
0.475995 0.099752 -0.000269 0.000163
0.099752 0.044942 0.000161 -0.000035
-0.000269 0.000161 0.476531 0.099943
0.000163 -0.000035 0.099943 0.044964
21.911267 1.223663 28.662397 2.069358
0.477646 0.100402 -0.000588 0.000014
0.100402 0.045092 0.000013 -0.000069
-0.000588 0.000013 0.480009 0.100938
0.000014 -0.000069 0.100938 0.045183
22.520894 1.223159 29.467900 2.021106
0.478012 0.100669 0.000467 0.000183
0.100669 0.045137 0.000182 -0.000030
0.000467 0.000182 0.480998 0.101270
0.000183 -0.000030 0.101270 0.045233
23.499253 1.300473 30.011039 1.922656
0.471802 0.099484 -0.002934 -0.000592
0.099484 0.044865 -0.000593 -0.000192
-0.002934 -0.000593 0.475159 0.100102
-0.000592 -0.000192 0.100102 0.044959
23.346059 1.130743 31.232567 1.977464
0.470038 0.099315 -0.005394 -0.001084
0.099315 0.044825 -0.001086 -0.000278
-0.005394 -0.001086 0.476108 0.100452
-0.001084 -0.000278 0.100452 0.045026
23.834406 1.114471 32.340640 2.002644
0.461807 0.097753 -0.005015 -0.000932
0.097753 0.044486 -0.000933 -0.000223
-0.005015 -0.000933 0.470464 0.099346
-0.000932 -0.000223 0.099346 0.044774
24.151993 1.063577 33.303501 1.994413
0.462969 0.098291 -0.001288 -0.000089
0.098291 0.044613 -0.000086 -0.000030
-0.001288 -0.000086 0.473348 0.100125
-0.000089 -0.000030 0.100125 0.044940
24.717090 1.070657 34.284324 1.990957
0.466372 0.099202 -0.003951 -0.000683
0.099202 0.044795 -0.000682 -0.000160
-0.003951 -0.000682 0.478387 0.101252
-0.000683 -0.000160 0.101252 0.045158
25.195208 1.058341 34.924925 1.915870
0.466168 0.099219 -0.006191 -0.001127
0.099219 0.044766 -0.001130 -0.000247
-0.006191 -0.001130 0.479026 0.101323
-0.001127 -0.000247 0.101323 0.045132
26.264828 1.173394 35.845230 1.908205
0.463973 0.098786 -0.008196 -0.001484
0.098786 0.044641 -0.001488 -0.000310
-0.008196 -0.001488 0.478777 0.101196
-0.001484 -0.000310 0.101196 0.045071
26.394153 1.076031 36.909706 1.931185
0.467244 0.099542 -0.007233 -0.001184
0.099542 0.044781 -0.001183 -0.000229
-0.007233 -0.001183 0.485124 0.102478
-0.001184 -0.000229 0.102478 0.045318
26.757919 1.039244 38.260062 2.012179
0.470657 0.100232 -0.012162 -0.002167
0.100232 0.044892 -0.002173 -0.000433
-0.012162 -0.002173 0.492743 0.103902
-0.002167 -0.000433 0.103902 0.045575
27.845852 1.160362 39.442175 2.049833
0.468762 0.099727 -0.010836 -0.001753
0.099727 0.044744 -0.001751 -0.000326
-0.010836 -0.001751 0.494008 0.103876
-0.001753 -0.000326 0.103876 0.045515
28.989375 1.280127 40.438067 2.044464
0.468958 0.099713 -0.013698 -0.002274
0.099713 0.044717 -0.002279 -0.000433
-0.013698 -0.002279 0.495907 0.104015
-0.002274 -0.000433 0.104015 0.045508
29.903984 1.338026 41.155647 1.981109
0.469336 0.099742 -0.015681 -0.002574
0.099742 0.044704 -0.002583 -0.000487
-0.015681 -0.002583 0.496759 0.103957
-0.002574 -0.000487 0.103957 0.045471
31.314023 1.495383 42.094571 1.971627
0.465855 0.098949 -0.017935 -0.002927
0.098949 0.044521 -0.002939 -0.000553
-0.017935 -0.002939 0.494990 0.103391
-0.002927 -0.000553 0.103391 0.045341
31.823774 1.443987 42.678977 1.887353
0.467067 0.099242 -0.016059 -0.002395
0.099242 0.044588 -0.002396 -0.000430
-0.016059 -0.002396 0.496721 0.103649
-0.002395 -0.000430 0.103649 0.045404
32.571752 1.450314 43.991884 1.964401
0.470127 0.099883 -0.019443 -0.003028
0.099883 0.044719 -0.003034 -0.000568
-0.019443 -0.003034 0.504193 0.105090
-0.003028 -0.000568 0.105090 0.045709
32.869956 1.359534 44.938200 1.955910
0.465890 0.098916 -0.020711 -0.003193
0.098916 0.044499 -0.003192 -0.000601
-0.020711 -0.003192 0.504590 0.104949
-0.003193 -0.000601 0.104949 0.045664
34.073332 1.469982 45.600307 1.891657
0.462553 0.098240 -0.021340 -0.003227
0.098240 0.044362 -0.003228 -0.000609
-0.021340 -0.003228 0.501403 0.104114
-0.003227 -0.000609 0.104114 0.045488
35.281603 1.569996 46.309433 1.843833
0.455108 0.096722 -0.031713 -0.005311
0.096722 0.044050 -0.005359 -0.001058
-0.031713 -0.005359 0.496254 0.102953
-0.005311 -0.001058 0.102953 0.045260
35.190422 1.383343 47.291832 1.853425
0.455981 0.097153 -0.027149 -0.004093
0.097153 0.044184 -0.004089 -0.000762
-0.027149 -0.004089 0.502077 0.104245
-0.004093 -0.000762 0.104245 0.045572
36.096773 1.428529 48.032916 1.815648
0.457557 0.097637 -0.029268 -0.004414
0.097637 0.044301 -0.004422 -0.000835
-0.029268 -0.004422 0.504093 0.104601
-0.004414 -0.000835 0.104601 0.045653
