1.186829 1.436836 1.838347 -0.156692
2.141715 0.856705 -0.296864 -0.118748
0.856705 80.346756 -0.118748 -0.047500
-0.296864 -0.118748 4.053950 1.621615
-0.118748 -0.047500 1.621615 80.652727
4.583039 6.215371 2.510912 1.126682
2.604517 4.592591 -1.578836 -2.501583
4.592591 15.508650 -2.743228 -5.141540
-1.578836 -2.743228 2.662766 4.286256
-2.501583 -5.141540 4.286256 19.441578
4.825965 2.778388 1.746291 -1.034769
1.432533 1.688224 0.319508 0.645204
1.688224 3.677937 0.533077 0.456398
0.319508 0.533077 1.842451 2.383370
0.645204 0.456398 2.383370 5.710965
5.923113 2.465623 3.518119 1.100511
1.645075 1.439703 0.286784 0.235016
1.439703 1.858886 0.236356 0.008416
0.286784 0.236356 0.648599 0.597848
0.235016 0.008416 0.597848 1.409638
5.744103 1.502898 4.137231 1.236685
1.107629 0.738823 0.174460 0.083632
0.738823 0.771068 0.046108 -0.062651
0.174460 0.046108 1.002043 0.825589
0.083632 -0.062651 0.825589 1.024576
6.934925 1.681702 6.010747 2.029338
1.068154 0.597504 -0.034995 -0.071093
0.597504 0.486689 -0.082250 -0.101520
-0.034995 -0.082250 1.189250 0.771486
-0.071093 -0.101520 0.771486 0.667691
7.274212 1.466801 6.403273 1.721232
1.127627 0.535002 -0.205420 -0.138508
0.535002 0.347966 -0.138287 -0.095521
-0.205420 -0.138287 1.300303 0.679608
-0.138508 -0.095521 0.679608 0.451924
8.097851 1.513981 6.666924 1.462861
1.053269 0.429844 -0.351904 -0.168317
0.429844 0.239861 -0.164830 -0.081901
-0.351904 -0.164830 1.279225 0.556195
-0.168317 -0.081901 0.556195 0.305732
8.522525 1.401464 6.725500 1.216333
1.041324 0.371977 -0.392799 -0.151973
0.371977 0.180987 -0.149098 -0.059783
-0.392799 -0.149098 1.280397 0.475811
-0.151973 -0.059783 0.475811 0.223685
11.025159 1.972466 8.423613 1.569669
0.871513 0.276958 -0.286267 -0.093300
0.276958 0.126610 -0.091916 -0.031433
-0.286267 -0.091916 1.070582 0.347820
-0.093300 -0.031433 0.347820 0.150350
11.986963 1.963922 8.753487 1.436651
0.825293 0.238779 -0.259736 -0.073107
0.238779 0.101897 -0.072157 -0.021414
-0.259736 -0.072157 1.019132 0.296906
-0.073107 -0.021414 0.296906 0.118264
12.652849 1.880814 9.786250 1.518739
0.722871 0.192897 -0.237856 -0.059290
0.192897 0.080677 -0.058585 -0.015503
-0.237856 -0.058585 0.909807 0.241444
-0.059290 -0.015503 0.241444 0.092488
13.565804 1.871769 10.293199 1.455917
0.666509 0.166879 -0.217732 -0.048641
0.166879 0.068718 -0.048090 -0.011521
-0.217732 -0.048090 0.844438 0.207675
-0.048641 -0.011521 0.207675 0.077482
14.614530 1.904628 11.569663 1.585128
0.657903 0.156798 -0.183377 -0.036320
0.156798 0.062880 -0.036138 -0.007836
-0.183377 -0.036138 0.786682 0.181904
-0.036320 -0.007836 0.181904 0.067303
14.784269 1.730700 12.973646 1.712581
0.646219 0.147613 -0.151952 -0.026765
0.147613 0.058352 -0.026936 -0.005374
-0.151952 -0.026936 0.723391 0.159206
-0.026765 -0.005374 0.159206 0.059641
14.888740 1.554343 13.240415 1.577733
0.558110 0.122671 -0.139574 -0.023593
0.122671 0.051089 -0.023732 -0.004737
-0.139574 -0.023732 0.628976 0.133133
-0.023593 -0.004737 0.133133 0.052469
15.964835 1.625484 14.493188 1.678671
0.538437 0.116168 -0.111675 -0.016810
0.116168 0.048934 -0.016914 -0.003219
-0.111675 -0.016914 0.591195 0.122590
-0.016810 -0.003219 0.122590 0.049608
15.967883 1.454001 15.543417 1.712178
0.547298 0.116366 -0.107007 -0.015298
0.116366 0.048481 -0.015653 -0.002944
-0.107007 -0.015653 0.575477 0.117671
-0.015298 -0.002944 0.117671 0.048242
16.435810 1.406447 16.978886 1.827648
0.553336 0.116139 -0.096250 -0.012785
0.116139 0.048075 -0.013267 -0.002476
-0.096250 -0.013267 0.559834 0.113506
-0.012785 -0.002476 0.113506 0.047240
16.631906 1.304276 18.216714 1.887455
0.527041 0.109350 -0.081469 -0.010131
0.109350 0.046406 -0.010678 -0.002090
-0.081469 -0.010678 0.514296 0.103818
-0.010131 -0.002090 0.103818 0.045244
17.597412 1.364941 18.779813 1.813354
0.511805 0.105689 -0.066680 -0.007544
0.105689 0.045602 -0.007890 -0.001641
-0.066680 -0.007890 0.502431 0.101944
-0.007544 -0.001641 0.101944 0.045023
18.169672 1.345260 19.974682 1.871323
0.495913 0.102359 -0.048049 -0.004352
0.102359 0.044966 -0.004657 -0.001113
-0.048049 -0.004657 0.480515 0.098164
-0.004352 -0.001113 0.098164 0.044410
18.549205 1.289842 21.466556 1.983536
0.500069 0.103361 -0.045281 -0.004431
0.103361 0.045253 -0.004732 -0.001238
-0.045281 -0.004732 0.478819 0.098644
-0.004431 -0.001238 0.098644 0.044660
18.992703 1.258018 23.619465 2.223568
0.479287 0.099247 -0.025989 -0.001206
0.099247 0.044477 -0.001464 -0.000674
-0.025989 -0.001464 0.457290 0.094999
-0.001206 -0.000674 0.094999 0.044025
19.623063 1.259545 24.910174 2.261177
0.466819 0.097162 -0.012665 0.000688
0.097162 0.044165 0.000497 -0.000375
-0.012665 0.000497 0.450172 0.094509
0.000688 -0.000375 0.094509 0.044049
19.968140 1.200478 26.153061 2.283452
0.442444 0.092658 -0.007030 0.000878
0.092658 0.043336 0.000756 -0.000429
-0.007030 0.000756 0.433632 0.091856
0.000878 -0.000429 0.091856 0.043557
20.137675 1.109389 27.306448 2.284358
0.446255 0.094439 0.005778 0.002883
0.094439 0.043871 0.002772 -0.000029
0.005778 0.002772 0.442763 0.094801
0.002883 -0.000029 0.094801 0.044266
21.044564 1.184195 28.316178 2.256502
0.440315 0.093827 0.015355 0.004117
0.093827 0.043804 0.004026 0.000200
0.015355 0.004026 0.447687 0.096381
0.004117 0.000200 0.096381 0.044576
21.245752 1.100381 29.293898 2.224004
0.445419 0.095517 0.006219 0.001353
0.095517 0.044202 0.001292 -0.000413
0.006219 0.001292 0.459453 0.099161
0.001353 -0.000413 0.099161 0.045096
22.200080 1.187483 30.257912 2.191761
0.434555 0.093519 -0.005665 -0.001581
0.093519 0.043749 -0.001638 -0.000979
-0.005665 -0.001638 0.463512 0.099944
-0.001581 -0.000979 0.099944 0.045136
22.617046 1.149609 30.953274 2.105731
0.428032 0.092554 -0.003436 -0.001098
0.092554 0.043540 -0.001149 -0.000748
-0.003436 -0.001149 0.465504 0.100165
-0.001098 -0.000748 0.100165 0.045057
23.613656 1.241316 31.939604 2.091088
0.429938 0.093426 -0.010015 -0.002517
0.093426 0.043728 -0.002584 -0.000957
-0.010015 -0.002584 0.478945 0.102823
-0.002517 -0.000957 0.102823 0.045524
25.164837 1.443995 33.242904 2.145713
0.395535 0.086215 -0.027367 -0.006039
0.086215 0.042121 -0.006185 -0.001609
-0.027367 -0.006185 0.481812 0.102964
-0.006039 -0.001609 0.102964 0.045425
25.523169 1.363721 34.126655 2.105199
0.397655 0.087589 -0.028958 -0.005867
0.087589 0.042509 -0.005988 -0.001412
-0.028958 -0.005988 0.492454 0.104778
-0.005867 -0.001412 0.104778 0.045712
25.744475 1.262262 35.594278 2.192239
0.405275 0.089900 -0.030847 -0.005806
0.089900 0.043028 -0.005885 -0.001277
-0.030847 -0.005885 0.519199 0.109864
-0.005806 -0.001277 0.109864 0.046687
26.093211 1.198214 36.258080 2.100774
0.417782 0.092935 -0.039015 -0.007096
0.092935 0.043632 -0.007279 -0.001487
-0.039015 -0.007279 0.525881 0.110261
-0.007096 -0.001487 0.110261 0.046607
27.325227 1.336344 36.558176 1.946790
0.388565 0.086284 -0.050567 -0.009146
0.086284 0.042015 -0.009375 -0.001874
-0.050567 -0.009375 0.519644 0.108028
-0.009146 -0.001874 0.108028 0.046025
27.610662 1.250032 37.420616 1.921885
0.389978 0.087141 -0.047670 -0.007942
0.087141 0.042231 -0.008041 -0.001510
-0.047670 -0.008041 0.528014 0.109222
-0.007942 -0.001510 0.109222 0.046253
28.065295 1.212080 38.447890 1.934569
0.389026 0.087271 -0.046233 -0.007256
0.087271 0.042236 -0.007229 -0.001317
-0.046233 -0.007229 0.540392 0.111207
-0.007256 -0.001317 0.111207 0.046643
29.010028 1.285794 38.988854 1.849298
0.368355 0.082852 -0.045357 -0.006943
0.082852 0.041197 -0.006770 -0.001259
-0.045357 -0.006770 0.540662 0.110602
-0.006943 -0.001259 0.110602 0.046485
30.090848 1.386009 40.002852 1.870534
0.382240 0.086652 -0.041599 -0.005885
0.086652 0.042104 -0.005684 -0.001032
-0.041599 -0.005684 0.550903 0.112216
-0.005885 -0.001032 0.112216 0.046824
31.186551 1.478413 41.038227 1.893627
0.379693 0.086228 -0.035887 -0.004697
0.086228 0.041941 -0.004321 -0.000806
-0.035887 -0.004321 0.559358 0.113412
-0.004697 -0.000806 0.113412 0.047068
31.981369 1.485497 41.139473 1.723062
0.374309 0.085169 -0.026446 -0.002907
0.085169 0.041648 -0.002479 -0.000504
-0.026446 -0.002479 0.536622 0.108303
-0.002907 -0.000504 0.108303 0.046040
32.604616 1.457511 41.886067 1.699134
0.375320 0.085592 -0.021908 -0.002229
0.085592 0.041709 -0.001777 -0.000438
-0.021908 -0.001777 0.536191 0.108232
-0.002229 -0.000438 0.108232 0.046126
33.457589 1.487728 43.078640 1.769097
0.370874 0.084719 -0.008909 0.000092
0.084719 0.041472 0.000837 0.000018
-0.008909 0.000837 0.539746 0.109049
0.000092 0.000018 0.109049 0.046390
34.418764 1.540474 44.679069 1.914594
0.392365 0.089793 -0.001987 0.001118
0.089793 0.042606 0.001820 0.000149
-0.001987 0.001820 0.541112 0.109332
0.001118 0.000149 0.109332 0.046512
35.308515 1.565723 44.983704 1.783052
0.394874 0.090022 0.025469 0.006178
0.090022 0.042537 0.007212 0.001165
0.025469 0.007212 0.466294 0.094270
0.006178 0.001165 0.094270 0.043531
36.188020 1.587542 45.734206 1.754151
0.423086 0.096003 0.023483 0.004905
0.096003 0.043783 0.005660 0.000724
0.023483 0.005660 0.441113 0.090469
0.004905 0.000724 0.090469 0.043031
37.033105 1.599011 46.677832 1.767965
0.453282 0.101820 0.015067 0.002483
0.101820 0.044894 0.003011 0.000121
0.015067 0.003011 0.422001 0.088052
0.002483 0.000121 0.088052 0.042779
36.986197 1.411307 47.681762 1.795315
0.467802 0.103651 -0.012418 -0.003669
0.103651 0.045061 -0.003473 -0.001222
-0.012418 -0.003473 0.426535 0.090653
-0.003669 -0.001222 0.090653 0.043535
