4.244817 2.660058 0.831386 -0.559485
2.402845 0.961159 -0.186767 -0.074708
0.961159 80.388538 -0.074708 -0.029884
-0.186767 -0.074708 2.424622 0.969870
-0.074708 -0.029884 0.969870 80.392023
9.965077 10.355165 0.113137 -1.256551
2.220252 3.893810 -0.086673 -0.115775
3.893810 15.018999 -0.114388 -0.679441
-0.086673 -0.114388 2.315603 4.056701
-0.115775 -0.679441 4.056701 15.360292
8.924031 3.167797 0.265714 -0.341251
1.971059 2.277665 -0.063402 -0.078540
2.277665 4.477179 -0.078222 -0.221173
-0.063402 -0.078222 2.050594 2.356822
-0.078540 -0.221173 2.356822 4.582801
7.744305 0.832090 2.643487 1.804326
1.692147 1.423905 -0.055888 -0.054398
1.423905 1.878847 -0.054171 -0.094550
-0.055888 -0.054171 1.726258 1.445216
-0.054398 -0.094550 1.445216 1.905071
7.867498 0.634490 4.798592 2.629194
1.469399 0.968823 -0.044276 -0.034723
0.968823 0.963490 -0.034581 -0.045258
-0.044276 -0.034581 1.486552 0.977506
-0.034723 -0.045258 0.977506 0.975250
8.164938 0.626128 5.342954 2.212301
1.290928 0.699422 -0.033335 -0.022141
0.699422 0.560795 -0.022075 -0.023851
-0.033335 -0.022075 1.306971 0.707617
-0.022141 -0.023851 0.707617 0.569391
8.421956 0.601848 5.877895 1.949428
1.141182 0.525391 -0.034862 -0.019154
0.525391 0.356002 -0.019119 -0.015760
-0.034862 -0.019119 1.155361 0.532104
-0.019154 -0.015760 0.532104 0.361863
9.865110 1.061594 6.154783 1.666740
1.035268 0.415413 -0.025672 -0.012530
0.415413 0.244930 -0.012522 -0.009326
-0.025672 -0.012522 1.052828 0.422857
-0.012530 -0.009326 0.422857 0.249798
10.532196 1.108768 7.777804 1.948230
0.936675 0.333916 -0.026286 -0.011071
0.333916 0.176773 -0.011058 -0.006769
-0.026286 -0.011058 0.948640 0.338508
-0.011071 -0.006769 0.338508 0.179684
11.180947 1.139602 8.432946 1.845270
0.851459 0.274205 -0.023772 -0.008874
0.274205 0.133675 -0.008865 -0.004759
-0.023772 -0.008865 0.862274 0.278000
-0.008874 -0.004759 0.278000 0.135806
11.502437 1.066280 9.379951 1.852741
0.794805 0.234633 -0.023609 -0.007837
0.234633 0.106893 -0.007829 -0.003633
-0.023609 -0.007829 0.803115 0.237352
-0.007837 -0.003633 0.237352 0.108355
11.647902 0.959962 10.533886 1.915410
0.747108 0.204586 -0.023939 -0.007118
0.204586 0.088687 -0.007110 -0.002875
-0.023939 -0.007110 0.752584 0.206318
-0.007118 -0.002875 0.206318 0.089652
12.507563 1.057367 11.706141 1.970415
0.700461 0.179865 -0.018468 -0.005026
0.179865 0.075631 -0.005022 -0.001941
-0.018468 -0.005022 0.704933 0.181230
-0.005026 -0.001941 0.181230 0.076356
13.613158 1.197849 12.160434 1.840965
0.660413 0.160711 -0.014116 -0.003553
0.160711 0.066463 -0.003551 -0.001336
-0.014116 -0.003551 0.665597 0.162166
-0.003553 -0.001336 0.162166 0.067105
14.009580 1.150654 14.227262 2.108197
0.627084 0.146038 -0.014893 -0.003490
0.146038 0.060016 -0.003488 -0.001164
-0.014893 -0.003488 0.629313 0.146700
-0.003490 -0.001164 0.146700 0.060387
13.898228 0.996290 15.476070 2.151905
0.598006 0.134455 -0.014448 -0.003153
0.134455 0.055384 -0.003151 -0.000964
-0.014448 -0.003151 0.598475 0.134695
-0.003153 -0.000964 0.134695 0.055608
13.980678 0.905288 16.449868 2.129374
0.577002 0.126259 -0.013087 -0.002656
0.126259 0.052257 -0.002655 -0.000764
-0.013087 -0.002655 0.576545 0.126301
-0.002656 -0.000764 0.126301 0.052405
14.657707 0.953181 17.120889 2.044996
0.557903 0.119590 -0.011513 -0.002173
0.119590 0.049959 -0.002173 -0.000596
-0.011513 -0.002173 0.557570 0.119672
-0.002173 -0.000596 0.119672 0.050090
15.162707 0.959134 18.071249 2.029757
0.542387 0.114562 -0.004446 -0.000583
0.114562 0.048358 -0.000585 -0.000218
-0.004446 -0.000585 0.541805 0.114591
-0.000583 -0.000218 0.114591 0.048455
15.626516 0.955678 18.793880 1.968553
0.530763 0.110988 -0.004789 -0.000707
0.110988 0.047293 -0.000709 -0.000237
-0.004789 -0.000709 0.530067 0.110992
-0.000707 -0.000237 0.110992 0.047366
16.318721 1.000295 19.930779 2.000415
0.516236 0.107262 -0.005606 -0.000906
0.107262 0.046345 -0.000907 -0.000268
-0.005606 -0.000907 0.515450 0.107241
-0.000906 -0.000268 0.107241 0.046398
17.277359 1.095350 21.023276 2.019799
0.506652 0.104986 -0.003926 -0.000555
0.104986 0.045813 -0.000556 -0.000181
-0.003926 -0.000556 0.506074 0.105001
-0.000555 -0.000181 0.105001 0.045861
17.914444 1.113936 22.175492 2.049353
0.502283 0.104034 -0.004546 -0.000707
0.104034 0.045613 -0.000707 -0.000206
-0.004546 -0.000707 0.501715 0.104040
-0.000707 -0.000206 0.104040 0.045647
18.963228 1.216004 23.526262 2.117232
0.496844 0.102957 -0.002626 -0.000311
0.102957 0.045405 -0.000312 -0.000114
-0.002626 -0.000312 0.496579 0.103013
-0.000311 -0.000114 0.103013 0.045440
20.039143 1.313096 24.567566 2.113825
0.490900 0.101868 -0.002537 -0.000328
0.101868 0.045208 -0.000329 -0.000116
-0.002537 -0.000329 0.490888 0.101959
-0.000328 -0.000116 0.101959 0.045243
20.170294 1.203843 25.681466 2.125498
0.487775 0.101448 -0.002894 -0.000428
0.101448 0.045160 -0.000428 -0.000133
-0.002894 -0.000428 0.487811 0.101528
-0.000428 -0.000133 0.101528 0.045185
20.671082 1.182812 26.899620 2.157879
0.483991 0.100901 0.001092 0.000393
0.100901 0.045078 0.000393 0.000044
0.001092 0.000393 0.484318 0.101023
0.000393 0.000044 0.101023 0.045106
21.641968 1.262132 28.012576 2.165056
0.484268 0.101215 -0.001363 -0.000202
0.101215 0.045171 -0.000202 -0.000089
-0.001363 -0.000202 0.484969 0.101395
-0.000202 -0.000089 0.101395 0.045208
22.281116 1.263840 29.209228 2.188957
0.482240 0.100980 0.000518 0.000178
0.100980 0.045131 0.000178 -0.000004
0.000518 0.000178 0.483435 0.101240
0.000178 -0.000004 0.101240 0.045180
22.842589 1.249060 30.250017 2.177693
0.483221 0.101365 0.001273 0.000291
0.101365 0.045216 0.000291 0.000019
0.001273 0.000291 0.484809 0.101679
0.000291 0.000019 0.101679 0.045272
23.142265 1.180869 30.764841 2.057223
0.479344 0.100661 -0.001124 -0.000259
0.100661 0.045058 -0.000259 -0.000097
-0.001124 -0.000259 0.480969 0.100954
-0.000259 -0.000097 0.100954 0.045106
24.230576 1.285579 31.823065 2.063437
0.473753 0.099637 -0.004075 -0.000866
0.099637 0.044842 -0.000866 -0.000214
-0.004075 -0.000866 0.476088 0.100057
-0.000866 -0.000214 0.100057 0.044915
24.716082 1.252426 32.843301 2.060998
0.474965 0.100112 -0.004395 -0.000861
0.100112 0.044952 -0.000862 -0.000194
-0.004395 -0.000862 0.477963 0.100639
-0.000861 -0.000194 0.100639 0.045046
25.167758 1.215580 33.850065 2.055948
0.476386 0.100547 -0.005625 -0.001056
0.100547 0.045037 -0.001056 -0.000221
-0.005625 -0.001056 0.480103 0.101190
-0.001056 -0.000221 0.101190 0.045151
26.397785 1.346968 34.801458 2.040071
0.475421 0.100410 -0.005779 -0.001013
0.100410 0.044988 -0.001014 -0.000199
-0.005779 -0.001014 0.479631 0.101116
-0.001013 -0.000199 0.101116 0.045113
26.983367 1.328407 35.849577 2.045944
0.472516 0.099858 -0.002015 -0.000159
0.099858 0.044853 -0.000157 -0.000011
-0.002015 -0.000157 0.477772 0.100745
-0.000159 -0.000011 0.100745 0.045015
27.445494 1.285666 36.881309 2.047690
0.474287 0.100325 -0.003135 -0.000422
0.100325 0.044944 -0.000421 -0.000077
-0.003135 -0.000421 0.480492 0.101361
-0.000422 -0.000077 0.101361 0.045133
28.313488 1.333049 37.387182 1.938563
0.470301 0.099513 0.000915 0.000428
0.099513 0.044753 0.000432 0.000099
0.000915 0.000432 0.476542 0.100502
0.000428 0.000099 0.100502 0.044930
28.936913 1.323762 37.868246 1.835533
0.469530 0.099441 -0.000386 0.000071
0.099441 0.044734 0.000073 0.000005
-0.000386 0.000073 0.475882 0.100413
0.000071 0.000005 0.100413 0.044907
29.279509 1.256101 38.848547 1.848658
0.467766 0.099148 -0.001882 -0.000285
0.099148 0.044666 -0.000284 -0.000077
-0.001882 -0.000284 0.475568 0.100394
-0.000285 -0.000077 0.100394 0.044899
29.810334 1.235586 40.238923 1.947058
0.467534 0.099189 -0.004101 -0.000754
0.099189 0.044671 -0.000755 -0.000174
-0.004101 -0.000755 0.477383 0.100816
-0.000754 -0.000174 0.100816 0.044983
30.677599 1.288558 41.238026 1.952541
0.469063 0.099582 -0.004074 -0.000704
0.099582 0.044747 -0.000704 -0.000152
-0.004074 -0.000704 0.479699 0.101295
-0.000704 -0.000152 0.101295 0.045071
31.079761 1.237276 42.527238 2.018487
0.467899 0.099351 -0.001771 -0.000183
0.099351 0.044682 -0.000179 -0.000035
-0.001771 -0.000179 0.480658 0.101440
-0.000183 -0.000035 0.101440 0.045082
31.949975 1.290666 43.418034 1.993599
0.468657 0.099540 -0.002222 -0.000296
0.099540 0.044712 -0.000294 -0.000064
-0.002222 -0.000294 0.481942 0.101643
-0.000296 -0.000064 0.101643 0.045107
32.119478 1.189564 44.312874 1.971944
0.468408 0.099488 -0.003948 -0.000666
0.099488 0.044687 -0.000666 -0.000144
-0.003948 -0.000666 0.483164 0.101819
-0.000666 -0.000144 0.101819 0.045128
32.836901 1.215512 45.056922 1.921056
0.467208 0.099233 -0.007305 -0.001344
0.099233 0.044621 -0.001350 -0.000283
-0.007305 -0.001350 0.482542 0.101599
-0.001344 -0.000283 0.101599 0.045067
33.719886 1.274060 46.142071 1.947449
0.466538 0.099109 -0.010961 -0.002024
0.099109 0.044589 -0.002036 -0.000412
-0.010961 -0.002036 0.483218 0.101684
-0.002024 -0.000412 0.101684 0.045079
34.684750 1.343471 46.830868 1.887815
0.466143 0.099050 -0.013309 -0.002376
0.099050 0.044573 -0.002390 -0.000465
-0.013309 -0.002390 0.482961 0.101573
-0.002376 -0.000465 0.101573 0.045052
35.918777 1.462388 47.278250 1.784106
0.463783 0.098572 -0.015409 -0.002665
0.098572 0.044468 -0.002682 -0.000507
-0.015409 -0.002682 0.480000 0.100913
-0.002665 -0.000507 0.100913 0.044914
36.407326 1.410010 47.690893 1.682873
0.465718 0.099047 -0.016229 -0.002674
0.099047 0.044574 -0.002689 -0.000492
-0.016229 -0.002689 0.481952 0.101356
-0.002674 -0.000492 0.101356 0.045020
