5.889395 3.317903 -0.440416 -1.068217
2.393813 0.957546 -0.287712 -0.115087
0.957546 80.387093 -0.115087 -0.046036
-0.287712 -0.115087 2.513699 1.005501
-0.115087 -0.046036 1.005501 80.406276
5.354731 -0.426870 3.275188 6.293040
2.249638 3.942674 -0.258426 -0.394854
3.942674 15.066065 -0.396320 -1.424767
-0.258426 -0.396320 2.298579 4.004696
-0.394854 -1.424767 4.004696 15.479835
5.317013 -0.244971 2.663096 1.952397
1.977616 2.278757 -0.242821 -0.268639
2.278757 4.470619 -0.268767 -0.509652
-0.242821 -0.268767 2.033138 2.347090
-0.268639 -0.509652 2.347090 4.633028
4.613528 -0.730445 4.804307 2.932335
1.641426 1.379145 -0.150402 -0.122181
1.379145 1.840846 -0.122414 -0.180318
-0.150402 -0.122414 1.649600 1.389401
-0.122181 -0.180318 1.389401 1.879512
6.278891 0.612755 4.537650 1.780911
1.481852 0.979410 -0.153957 -0.102796
0.979410 0.972500 -0.102860 -0.106962
-0.153957 -0.102860 1.526691 1.013831
-0.102796 -0.106962 1.013831 1.010221
7.605701 1.167073 4.353677 1.195541
1.284906 0.696854 -0.139034 -0.076604
0.696854 0.559873 -0.076639 -0.063024
-0.139034 -0.076639 1.340861 0.729685
-0.076604 -0.063024 0.729685 0.585036
7.979205 1.069611 5.943290 1.653434
1.141116 0.525895 -0.102965 -0.048227
0.525895 0.356484 -0.048249 -0.035097
-0.102965 -0.048249 1.172891 0.541386
-0.048227 -0.035097 0.541386 0.367511
9.421045 1.433300 7.326184 1.876267
1.005217 0.403669 -0.089455 -0.036799
0.403669 0.240320 -0.036811 -0.023193
-0.089455 -0.036811 1.032525 0.415159
-0.036799 -0.023193 0.415159 0.247369
9.589936 1.238299 7.404521 1.569221
0.917920 0.328011 -0.076726 -0.028169
0.328011 0.174896 -0.028179 -0.015802
-0.076726 -0.028179 0.943190 0.337366
-0.028169 -0.015802 0.337366 0.179853
10.025563 1.179022 8.200871 1.573142
0.853174 0.275584 -0.069177 -0.022947
0.275584 0.134310 -0.022951 -0.011462
-0.069177 -0.022951 0.872824 0.282095
-0.022947 -0.011462 0.282095 0.137520
10.731695 1.213331 9.368861 1.685954
0.805250 0.238223 -0.061544 -0.018605
0.238223 0.108020 -0.018606 -0.008428
-0.061544 -0.018606 0.819386 0.242502
-0.018605 -0.008428 0.242502 0.110082
11.232284 1.184214 10.402404 1.738223
0.741675 0.203255 -0.041138 -0.011464
0.203255 0.088291 -0.011466 -0.005293
-0.041138 -0.011466 0.751249 0.205963
-0.011464 -0.005293 0.205963 0.089630
11.663723 1.142726 12.024915 1.931999
0.701448 0.180286 -0.027641 -0.007285
0.180286 0.075719 -0.007286 -0.003520
-0.027641 -0.007286 0.704049 0.181052
-0.007285 -0.003520 0.181052 0.076377
12.610171 1.233812 13.639305 2.089896
0.664819 0.161871 -0.027969 -0.007051
0.161871 0.066713 -0.007051 -0.003014
-0.027969 -0.007051 0.664820 0.162044
-0.007051 -0.003014 0.162044 0.067131
13.282392 1.246773 14.382316 2.019465
0.630774 0.146875 -0.017215 -0.004176
0.146875 0.060162 -0.004179 -0.001980
-0.017215 -0.004179 0.630774 0.147112
-0.004176 -0.001980 0.147112 0.060528
13.510311 1.157780 15.827344 2.117579
0.596744 0.134084 -0.013736 -0.003272
0.134084 0.055248 -0.003274 -0.001540
-0.013736 -0.003274 0.592900 0.133479
-0.003272 -0.001540 0.133479 0.055364
13.935145 1.123980 17.214364 2.189599
0.574082 0.125561 -0.007361 -0.001789
0.125561 0.052068 -0.001794 -0.001035
-0.007361 -0.001794 0.568334 0.124626
-0.001789 -0.001035 0.124626 0.052078
14.628585 1.152417 17.678134 2.053844
0.561724 0.120405 -0.010865 -0.002560
0.120405 0.050115 -0.002561 -0.001076
-0.010865 -0.002561 0.557256 0.119842
-0.002560 -0.001076 0.119842 0.050181
15.336666 1.180322 18.470832 2.004190
0.541322 0.114259 -0.009201 -0.002102
0.114259 0.048265 -0.002104 -0.000856
-0.009201 -0.002104 0.537236 0.113808
-0.002102 -0.000856 0.113808 0.048322
16.033977 1.202619 20.006168 2.116051
0.529540 0.110686 -0.006672 -0.001490
0.110686 0.047212 -0.001493 -0.000633
-0.006672 -0.001493 0.525073 0.110167
-0.001490 -0.000633 0.110167 0.047227
16.703458 1.216900 20.112258 1.917516
0.509825 0.105914 -0.009357 -0.002007
0.105914 0.046057 -0.002007 -0.000671
-0.009357 -0.002007 0.505908 0.105509
-0.002007 -0.000671 0.105509 0.046070
17.451663 1.245946 21.807005 2.070778
0.498368 0.103373 -0.005077 -0.001010
0.103373 0.045494 -0.001014 -0.000397
-0.005077 -0.001014 0.494558 0.102977
-0.001010 -0.000397 0.102977 0.045486
18.699896 1.375717 22.541894 2.008242
0.487107 0.101124 -0.004955 -0.000969
0.101124 0.045046 -0.000971 -0.000350
-0.004955 -0.000971 0.484603 0.100981
-0.000969 -0.000350 0.100981 0.045071
19.178031 1.331955 22.991384 1.892342
0.480230 0.099980 -0.005602 -0.001080
0.099980 0.044858 -0.001082 -0.000341
-0.005602 -0.001082 0.477782 0.099806
-0.001080 -0.000341 0.099806 0.044857
19.516112 1.263462 24.004997 1.906383
0.480074 0.100307 -0.005817 -0.001083
0.100307 0.044979 -0.001084 -0.000313
-0.005817 -0.001084 0.477920 0.100159
-0.001083 -0.000313 0.100159 0.044968
19.852785 1.201489 24.559125 1.822432
0.481461 0.100877 -0.006261 -0.001131
0.100877 0.045124 -0.001132 -0.000299
-0.006261 -0.001132 0.479364 0.100705
-0.001131 -0.000299 0.100705 0.045097
20.088217 1.125012 25.892549 1.911087
0.479200 0.100587 -0.002417 -0.000274
0.100587 0.045066 -0.000276 -0.000099
-0.002417 -0.000276 0.478051 0.100582
-0.000274 -0.000099 0.100582 0.045064
20.972241 1.192315 26.118519 1.757519
0.482795 0.101519 0.000167 0.000238
0.101519 0.045261 0.000236 0.000010
0.000167 0.000236 0.481572 0.101455
0.000238 0.000010 0.101455 0.045238
21.839679 1.249478 27.343513 1.830548
0.482604 0.101532 -0.002593 -0.000419
0.101532 0.045239 -0.000420 -0.000136
-0.002593 -0.000420 0.483001 0.101776
-0.000419 -0.000136 0.101776 0.045276
22.239359 1.202202 28.603204 1.903046
0.480284 0.101077 -0.004657 -0.000856
0.101077 0.045120 -0.000856 -0.000220
-0.004657 -0.000856 0.482500 0.101645
-0.000856 -0.000220 0.101645 0.045216
23.123564 1.261755 29.367058 1.863617
0.475510 0.100135 -0.001908 -0.000236
0.100135 0.044908 -0.000236 -0.000075
-0.001908 -0.000236 0.478627 0.100810
-0.000236 -0.000075 0.100810 0.045015
23.828715 1.277309 29.952287 1.790603
0.474706 0.100098 -0.003362 -0.000561
0.100098 0.044902 -0.000561 -0.000143
-0.003362 -0.000561 0.478200 0.100774
-0.000561 -0.000143 0.100774 0.045001
24.391039 1.261190 30.831661 1.787218
0.474128 0.100088 -0.005442 -0.000984
0.100088 0.044896 -0.000984 -0.000225
-0.005442 -0.000984 0.479012 0.100989
-0.000984 -0.000225 0.100989 0.045039
25.250890 1.309765 32.016131 1.848655
0.474979 0.100358 -0.007077 -0.001273
0.100358 0.044946 -0.001273 -0.000273
-0.007077 -0.001273 0.481969 0.101625
-0.001273 -0.000273 0.101625 0.045161
25.385156 1.199820 33.116458 1.885424
0.473887 0.100175 -0.002113 -0.000151
0.100175 0.044893 -0.000146 -0.000022
-0.002113 -0.000146 0.483646 0.101928
-0.000151 -0.000022 0.101928 0.045203
26.515327 1.312087 34.281223 1.932471
0.471760 0.099772 -0.004882 -0.000774
0.099772 0.044796 -0.000771 -0.000164
-0.004882 -0.000771 0.483606 0.101838
-0.000774 -0.000164 0.101838 0.045161
27.207909 1.319562 34.808827 1.840181
0.474964 0.100522 -0.006525 -0.001094
0.100522 0.044949 -0.001094 -0.000228
-0.006525 -0.001094 0.486381 0.102356
-0.001094 -0.000228 0.102356 0.045255
27.607526 1.264507 35.731421 1.840528
0.474105 0.100327 -0.006951 -0.001134
0.100327 0.044887 -0.001133 -0.000229
-0.006951 -0.001133 0.487866 0.102561
-0.001134 -0.000229 0.102561 0.045278
27.846408 1.181108 36.459650 1.799890
0.475874 0.100701 -0.006860 -0.001066
0.100701 0.044952 -0.001064 -0.000209
-0.006860 -0.001064 0.491154 0.103139
-0.001066 -0.000209 0.103139 0.045383
28.360222 1.165269 37.819393 1.896242
0.473117 0.100076 -0.008907 -0.001463
0.100076 0.044801 -0.001462 -0.000291
-0.008907 -0.001462 0.493051 0.103383
-0.001463 -0.000291 0.103383 0.045413
29.133018 1.205907 39.174923 1.981736
0.475793 0.100663 -0.007010 -0.000998
0.100663 0.044922 -0.000989 -0.000184
-0.007010 -0.000989 0.499141 0.104507
-0.000998 -0.000184 0.104507 0.045633
30.046616 1.271567 40.125681 1.973669
0.473120 0.100058 -0.005639 -0.000702
0.100058 0.044779 -0.000690 -0.000127
-0.005639 -0.000690 0.498170 0.104069
-0.000702 -0.000127 0.104069 0.045514
30.823649 1.301959 41.642088 2.084269
0.473449 0.100145 -0.006499 -0.000900
0.100145 0.044797 -0.000888 -0.000178
-0.006499 -0.000888 0.503362 0.104991
-0.000900 -0.000178 0.104991 0.045699
31.579478 1.324046 42.587182 2.064170
0.473756 0.100214 -0.008613 -0.001340
0.100214 0.044809 -0.001336 -0.000275
-0.008613 -0.001336 0.505071 0.105126
-0.001340 -0.000275 0.105126 0.045710
31.815468 1.233773 43.477147 2.034202
0.469385 0.099283 -0.013230 -0.002265
0.099283 0.044607 -0.002275 -0.000467
-0.013230 -0.002275 0.504303 0.104765
-0.002265 -0.000467 0.104765 0.045626
32.425029 1.231933 44.269842 1.987624
0.465667 0.098578 -0.015459 -0.002612
0.098578 0.044470 -0.002627 -0.000523
-0.015459 -0.002627 0.502569 0.104274
-0.002612 -0.000523 0.104274 0.045530
33.091774 1.242151 44.914230 1.915227
0.461598 0.097850 -0.019450 -0.003310
0.097850 0.044335 -0.003339 -0.000654
-0.019450 -0.003339 0.499828 0.103643
-0.003310 -0.000654 0.103643 0.045418
34.804419 1.473812 45.734145 1.888803
0.458327 0.097334 -0.024977 -0.004281
0.097334 0.044249 -0.004332 -0.000839
-0.024977 -0.004332 0.496642 0.102991
-0.004281 -0.000839 0.102991 0.045310
35.599109 1.486792 46.947713 1.944849
0.463247 0.098578 -0.031198 -0.005316
0.098578 0.044534 -0.005381 -0.001026
-0.031198 -0.005381 0.504869 0.104772
-0.005316 -0.001026 0.104772 0.045714
36.264920 1.469063 47.540418 1.865789
0.461169 0.098201 -0.029909 -0.004752
0.098201 0.044445 -0.004795 -0.000873
-0.029909 -0.004795 0.503425 0.104396
-0.004752 -0.000873 0.104396 0.045636
