6.362662 3.507214 -2.946734 -2.070766
2.334107 0.933663 -0.332865 -0.133149
0.933663 80.377540 -0.133149 -0.053261
-0.332865 -0.133149 2.492798 0.997141
-0.133149 -0.053261 0.997141 80.402932
5.368986 -1.220634 -0.201364 4.454546
2.246098 3.946313 -0.299637 -0.458321
3.946313 14.910748 -0.458206 -1.652912
-0.299637 -0.458206 2.392936 4.171782
-0.458321 -1.652912 4.171782 15.711027
5.550752 -0.305334 2.750509 5.290342
1.987216 2.284417 -0.192327 -0.208879
2.284417 4.434643 -0.208951 -0.472849
-0.192327 -0.208951 2.063627 2.365867
-0.208879 -0.472849 2.365867 4.639183
5.118835 -0.537656 4.707762 4.714184
1.714637 1.435040 -0.217989 -0.185876
1.435040 1.872221 -0.185740 -0.249583
-0.217989 -0.185740 1.742052 1.460732
-0.185876 -0.249583 1.460732 1.939426
4.797797 -0.568119 4.251425 2.859545
1.488916 0.976266 -0.185373 -0.123578
0.976266 0.961773 -0.123541 -0.125024
-0.185373 -0.123541 1.514018 0.998252
-0.123578 -0.125024 0.998252 0.999290
7.344362 0.956652 6.102336 3.086488
1.287650 0.693934 -0.125924 -0.069041
0.693934 0.554748 -0.069172 -0.061180
-0.125924 -0.069172 1.326731 0.719964
-0.069041 -0.061180 0.719964 0.581434
8.214976 1.137761 6.815961 2.703198
1.194724 0.547869 -0.093805 -0.044739
0.547869 0.364964 -0.044881 -0.035339
-0.093805 -0.044881 1.231767 0.568491
-0.044739 -0.035339 0.568491 0.381750
9.953155 1.606049 7.112606 2.278064
1.058070 0.422001 -0.076913 -0.032734
0.422001 0.246469 -0.032853 -0.022877
-0.076913 -0.032853 1.102550 0.442267
-0.032734 -0.022877 0.442267 0.259037
11.049532 1.712402 7.096532 1.866510
0.942916 0.334090 -0.043495 -0.017374
0.334090 0.176178 -0.017499 -0.012917
-0.043495 -0.017499 0.989256 0.352045
-0.017374 -0.012917 0.352045 0.185359
11.446666 1.562453 9.214850 2.248251
0.846944 0.271401 -0.049447 -0.017949
0.271401 0.132468 -0.017981 -0.010626
-0.049447 -0.017981 0.873374 0.280632
-0.017949 -0.010626 0.280632 0.137240
11.863951 1.454325 10.827846 2.393155
0.795456 0.234037 -0.053768 -0.017650
0.234037 0.106623 -0.017647 -0.008724
-0.053768 -0.017647 0.811368 0.239248
-0.017650 -0.008724 0.239248 0.109439
11.644445 1.194972 12.525291 2.531889
0.748980 0.204576 -0.048576 -0.014620
0.204576 0.088670 -0.014601 -0.006548
-0.048576 -0.014601 0.753507 0.206273
-0.014620 -0.006548 0.206273 0.090087
12.717019 1.317737 12.975822 2.321786
0.703755 0.180356 -0.047330 -0.013054
0.180356 0.075780 -0.013042 -0.005218
-0.047330 -0.013042 0.710714 0.182660
-0.013054 -0.005218 0.182660 0.077120
13.225619 1.281109 14.311601 2.364495
0.665266 0.161622 -0.042590 -0.010844
0.161622 0.066719 -0.010834 -0.004004
-0.042590 -0.010834 0.668364 0.162845
-0.010844 -0.004004 0.162845 0.067592
14.688658 1.472255 15.844301 2.446075
0.635650 0.147792 -0.035168 -0.008316
0.147792 0.060456 -0.008313 -0.002940
-0.035168 -0.008313 0.638966 0.149018
-0.008316 -0.002940 0.149018 0.061194
15.394913 1.465568 17.159234 2.466750
0.611841 0.137282 -0.037072 -0.008217
0.137282 0.056035 -0.008213 -0.002595
-0.037072 -0.008213 0.613322 0.138021
-0.008217 -0.002595 0.138021 0.056552
15.707223 1.372897 16.987127 2.158933
0.579028 0.126303 -0.030849 -0.006343
0.126303 0.052257 -0.006343 -0.001931
-0.030849 -0.006343 0.580189 0.126924
-0.006343 -0.001931 0.126924 0.052666
16.119799 1.314013 17.762531 2.093435
0.555522 0.118777 -0.023170 -0.004373
0.118777 0.049795 -0.004378 -0.001340
-0.023170 -0.004378 0.555663 0.119133
-0.004373 -0.001340 0.119133 0.050083
16.506483 1.256660 18.538976 2.035935
0.540581 0.114012 -0.020353 -0.003633
0.114012 0.048276 -0.003639 -0.001080
-0.020353 -0.003639 0.539927 0.114172
-0.003633 -0.001080 0.114172 0.048475
16.918514 1.211600 19.669720 2.059272
0.533581 0.111509 -0.014647 -0.002341
0.111509 0.047449 -0.002350 -0.000735
-0.014647 -0.002350 0.532059 0.111472
-0.002341 -0.000735 0.111472 0.047571
17.743495 1.256921 20.550135 2.028497
0.518559 0.107677 -0.003485 -0.000041
0.107677 0.046470 -0.000054 -0.000218
-0.003485 -0.000054 0.517237 0.107672
-0.000041 -0.000218 0.107672 0.046571
18.504376 1.284267 21.482658 2.011657
0.507462 0.105081 0.002601 0.001012
0.105081 0.045864 0.000999 -0.000002
0.002601 0.000999 0.506248 0.105081
0.001012 -0.000002 0.105081 0.045942
19.056993 1.265535 21.991989 1.908612
0.494980 0.102468 0.005549 0.001360
0.102468 0.045317 0.001348 0.000059
0.005549 0.001348 0.493672 0.102423
0.001360 0.000059 0.102423 0.045366
19.987066 1.327205 23.016154 1.923110
0.484004 0.100406 0.004589 0.000915
0.100406 0.044930 0.000906 -0.000037
0.004589 0.000906 0.483151 0.100434
0.000915 -0.000037 0.100434 0.044977
20.656579 1.328381 24.104816 1.949624
0.482557 0.100487 0.001902 0.000195
0.100487 0.045008 0.000189 -0.000173
0.001902 0.000189 0.482053 0.100561
0.000195 -0.000173 0.100561 0.045052
21.691429 1.405799 25.110694 1.955924
0.480181 0.100314 0.001661 0.000089
0.100314 0.045010 0.000084 -0.000164
0.001661 0.000084 0.480263 0.100479
0.000089 -0.000164 0.100479 0.045060
22.099476 1.343661 26.689306 2.082085
0.478210 0.100194 0.001030 -0.000067
0.100194 0.045008 -0.000072 -0.000165
0.001030 -0.000072 0.479543 0.100583
-0.000067 -0.000165 0.100583 0.045094
22.780870 1.345724 27.638404 2.062755
0.475572 0.099896 0.000912 -0.000085
0.099896 0.044955 -0.000089 -0.000137
0.000912 -0.000089 0.477477 0.100350
-0.000085 -0.000137 0.100350 0.045044
22.741379 1.195877 28.404113 2.007206
0.471615 0.099303 0.000421 -0.000168
0.099303 0.044834 -0.000172 -0.000127
0.000421 -0.000172 0.474157 0.099835
-0.000168 -0.000127 0.099835 0.044930
23.263019 1.179821 29.305115 1.985597
0.475404 0.100355 -0.002225 -0.000697
0.100355 0.045061 -0.000700 -0.000214
-0.002225 -0.000700 0.478605 0.100971
-0.000697 -0.000214 0.100971 0.045167
23.839119 1.176927 30.215662 1.968240
0.475268 0.100433 -0.008819 -0.002003
0.100433 0.045053 -0.002008 -0.000461
-0.008819 -0.002008 0.479485 0.101208
-0.002003 -0.000461 0.101208 0.045187
24.663199 1.226740 31.108014 1.948899
0.477968 0.101073 -0.004289 -0.000844
0.101073 0.045160 -0.000846 -0.000170
-0.004289 -0.000846 0.482996 0.101957
-0.000844 -0.000170 0.101957 0.045312
25.017526 1.172032 32.309021 1.996616
0.477061 0.100867 -0.003003 -0.000502
0.100867 0.045078 -0.000502 -0.000086
-0.003003 -0.000502 0.484624 0.102223
-0.000502 -0.000086 0.102223 0.045326
25.653554 1.182709 33.616084 2.061694
0.472826 0.099965 -0.002393 -0.000345
0.099965 0.044858 -0.000344 -0.000052
-0.002393 -0.000344 0.483424 0.101867
-0.000345 -0.000052 0.101867 0.045212
26.077407 1.147249 34.584840 2.048559
0.474103 0.100306 0.001967 0.000583
0.100306 0.044921 0.000589 0.000142
0.001967 0.000589 0.486364 0.102424
0.000583 0.000142 0.102424 0.045305
26.001457 1.009771 35.493191 2.024051
0.464269 0.098244 0.001503 0.000403
0.098244 0.044467 0.000407 0.000084
0.001503 0.000407 0.479865 0.100943
0.000403 0.000084 0.100943 0.044966
26.475979 1.003297 35.996823 1.917065
0.466978 0.099024 0.002632 0.000585
0.099024 0.044653 0.000591 0.000112
0.002632 0.000591 0.482154 0.101463
0.000585 0.000112 0.101463 0.045081
27.134946 1.036676 37.157345 1.959553
0.466533 0.099028 0.003422 0.000686
0.099028 0.044649 0.000692 0.000123
0.003422 0.000692 0.484764 0.101995
0.000686 0.000123 0.101995 0.045187
27.764562 1.060390 37.785626 1.885621
0.465700 0.098930 0.003394 0.000614
0.098930 0.044620 0.000619 0.000100
0.003394 0.000619 0.484585 0.101892
0.000614 0.000100 0.101892 0.045152
28.827614 1.173590 38.970391 1.936302
0.465157 0.098886 -0.002428 -0.000659
0.098886 0.044603 -0.000670 -0.000174
-0.002428 -0.000670 0.486997 0.102353
-0.000659 -0.000174 0.102353 0.045242
29.499541 1.191671 40.117526 1.973875
0.459888 0.097823 -0.008899 -0.001938
0.097823 0.044367 -0.001966 -0.000424
-0.008899 -0.001966 0.485999 0.102059
-0.001938 -0.000424 0.102059 0.045168
30.238053 1.222044 41.024612 1.957151
0.462029 0.098422 -0.012616 -0.002527
0.098422 0.044503 -0.002560 -0.000510
-0.012616 -0.002560 0.489746 0.102798
-0.002527 -0.000510 0.102798 0.045320
30.653672 1.180468 42.110587 1.979528
0.459029 0.097845 -0.011451 -0.002061
0.097845 0.044370 -0.002081 -0.000374
-0.011451 -0.002081 0.491034 0.102961
-0.002061 -0.000374 0.102961 0.045341
30.909836 1.109295 43.212677 2.002704
0.451083 0.096245 -0.016702 -0.003019
0.096245 0.044027 -0.003049 -0.000564
-0.016702 -0.003049 0.489006 0.102422
-0.003019 -0.000564 0.102422 0.045216
31.287298 1.070398 43.565876 1.866695
0.451423 0.096552 -0.016585 -0.002778
0.096552 0.044117 -0.002802 -0.000489
-0.016585 -0.002802 0.488524 0.102281
-0.002778 -0.000489 0.102281 0.045191
32.023075 1.114025 44.838767 1.938173
0.450224 0.096455 -0.020329 -0.003403
0.096455 0.044100 -0.003432 -0.000614
-0.020329 -0.003432 0.492390 0.103064
-0.003403 -0.000614 0.103064 0.045361
32.777718 1.156582 45.865757 1.950746
0.451823 0.096936 -0.023976 -0.003972
0.096936 0.044201 -0.004008 -0.000723
-0.023976 -0.004008 0.496759 0.103884
-0.003972 -0.000723 0.103884 0.045525
34.220781 1.341919 46.673922 1.918196
0.450535 0.096715 -0.029665 -0.004954
0.096715 0.044135 -0.005014 -0.000923
-0.029665 -0.005014 0.496227 0.103608
-0.004954 -0.000923 0.103608 0.045448
35.254071 1.419059 47.397790 1.870293
0.454674 0.097675 -0.030927 -0.004938
0.097675 0.044328 -0.004996 -0.000898
-0.030927 -0.004996 0.499747 0.104239
-0.004938 -0.000898 0.104239 0.045576
36.274673 1.486746 48.547181 1.916154
0.451187 0.096882 -0.032178 -0.004993
0.096882 0.044125 -0.005031 -0.000903
-0.032178 -0.005031 0.500829 0.104317
-0.004993 -0.000903 0.104317 0.045581
