1.317205 1.488988 0.911934 -0.527266
1.015136 0.406063 0.835972 0.334396
0.406063 80.166496 0.334396 0.133761
0.835972 0.334396 3.011183 1.204499
0.334396 0.133761 1.204499 80.485877
3.798519 4.514251 4.007243 5.072260
2.708431 5.241241 -1.558490 -2.868815
5.241241 13.788712 -3.072664 -3.080317
-1.558490 -3.072664 1.633308 2.907932
-2.868815 -3.080317 2.907932 14.958165
5.686540 4.014412 6.112120 4.350903
2.629084 2.846527 -0.957985 -0.638002
2.846527 3.828775 -0.698299 -0.067113
-0.957985 -0.698299 2.262523 2.975172
-0.638002 -0.067113 2.975172 5.391865
6.663494 3.063315 6.151100 2.317901
2.297143 1.681442 -0.828673 -0.455700
1.681442 1.513401 -0.452910 -0.198510
-0.828673 -0.452910 2.255381 1.909641
-0.455700 -0.198510 1.909641 2.066969
7.997542 2.925972 6.781465 1.960737
1.810717 1.012346 -0.583632 -0.249997
1.012346 0.713633 -0.244940 -0.100629
-0.583632 -0.244940 1.982016 1.244996
-0.249997 -0.100629 1.244996 0.990603
7.894537 2.150191 6.151953 1.063360
1.626260 0.738411 -0.599143 -0.232021
0.738411 0.426949 -0.221885 -0.092193
-0.599143 -0.221885 1.915103 0.953887
-0.232021 -0.092193 0.953887 0.595059
8.523225 1.966696 6.315981 0.892470
1.238517 0.475130 -0.537461 -0.186883
0.475130 0.246089 -0.174434 -0.068399
-0.537461 -0.174434 1.689432 0.699116
-0.186883 -0.068399 0.699116 0.368166
9.015919 1.810822 7.502612 1.149271
1.053858 0.355689 -0.441093 -0.132938
0.355689 0.168468 -0.126308 -0.044826
-0.441093 -0.126308 1.425840 0.507806
-0.132938 -0.044826 0.507806 0.238280
9.189845 1.607317 9.545030 1.605150
0.933073 0.284189 -0.329926 -0.085679
0.284189 0.125795 -0.084413 -0.027582
-0.329926 -0.084413 1.124397 0.354261
-0.085679 -0.027582 0.354261 0.156738
9.691526 1.510821 9.580135 1.376227
0.911574 0.254236 -0.305690 -0.071957
0.254236 0.104477 -0.071832 -0.021663
-0.305690 -0.071832 1.052571 0.300552
-0.071957 -0.021663 0.300552 0.123458
11.747447 1.842413 9.534976 1.201645
0.762035 0.196720 -0.240763 -0.051838
0.196720 0.080773 -0.051388 -0.015126
-0.240763 -0.051388 0.915162 0.240516
-0.051838 -0.015126 0.240516 0.096105
11.604503 1.581007 10.257024 1.216190
0.655976 0.159323 -0.225559 -0.046565
0.159323 0.066405 -0.046107 -0.013088
-0.225559 -0.046107 0.798343 0.195689
-0.046565 -0.013088 0.195689 0.077830
12.753771 1.664376 10.733788 1.190289
0.633908 0.147897 -0.184191 -0.034446
0.147897 0.060764 -0.034225 -0.009390
-0.184191 -0.034225 0.761027 0.177351
-0.034446 -0.009390 0.177351 0.069261
13.923101 1.746421 11.744130 1.288756
0.596016 0.134440 -0.144092 -0.024507
0.134440 0.055636 -0.024485 -0.006737
-0.144092 -0.024485 0.698715 0.156062
-0.024507 -0.006737 0.156062 0.061530
14.441357 1.670344 12.631028 1.337299
0.592302 0.130019 -0.136626 -0.022433
0.130019 0.053256 -0.022673 -0.006024
-0.136626 -0.022673 0.670301 0.144741
-0.022433 -0.006024 0.144741 0.057130
15.360990 1.700622 14.381232 1.568315
0.586091 0.125824 -0.119204 -0.018402
0.125824 0.051373 -0.018930 -0.004968
-0.119204 -0.018930 0.626831 0.131895
-0.018402 -0.004968 0.131895 0.053141
15.921119 1.638084 15.087780 1.548844
0.554719 0.116943 -0.097914 -0.014202
0.116943 0.048827 -0.014629 -0.003954
-0.097914 -0.014629 0.585560 0.121161
-0.014202 -0.003954 0.121161 0.050166
16.563092 1.606976 16.470830 1.672721
0.550788 0.114869 -0.082822 -0.011289
0.114869 0.048049 -0.011775 -0.003249
-0.082822 -0.011775 0.562224 0.115285
-0.011289 -0.003249 0.115285 0.048563
17.256294 1.587757 17.708454 1.754066
0.555720 0.114963 -0.066134 -0.008147
0.114963 0.047856 -0.008603 -0.002510
-0.066134 -0.008603 0.556061 0.113574
-0.008147 -0.002510 0.113574 0.048014
17.870731 1.550148 18.509051 1.736867
0.542433 0.111443 -0.040911 -0.003631
0.111443 0.046991 -0.003986 -0.001560
-0.040911 -0.003986 0.538906 0.109855
-0.003631 -0.001560 0.109855 0.047138
18.972621 1.620830 19.924408 1.850931
0.513455 0.104990 -0.034588 -0.003362
0.104990 0.045605 -0.003653 -0.001558
-0.034588 -0.003653 0.506922 0.103288
-0.003362 -0.001558 0.103288 0.045735
19.325301 1.524009 20.320038 1.739492
0.499286 0.102105 -0.052150 -0.007725
0.102105 0.045061 -0.007964 -0.002443
-0.052150 -0.007964 0.490914 0.100415
-0.007725 -0.002443 0.100415 0.045176
20.214980 1.548224 20.810589 1.661883
0.490705 0.100793 -0.042222 -0.005862
0.100793 0.044912 -0.006044 -0.001940
-0.042222 -0.006044 0.485149 0.100001
-0.005862 -0.001940 0.100001 0.045183
20.022778 1.352696 22.489886 1.833019
0.489049 0.101086 -0.012467 0.000072
0.101086 0.045104 -0.000137 -0.000638
-0.012467 -0.000137 0.477903 0.099304
0.000072 -0.000638 0.099304 0.045118
20.466463 1.303743 23.228927 1.794975
0.493846 0.102453 -0.017944 -0.001783
0.102453 0.045441 -0.001944 -0.001038
-0.017944 -0.001944 0.482708 0.100882
-0.001783 -0.001038 0.100882 0.045463
20.369611 1.149783 24.744770 1.922374
0.482995 0.100454 -0.003327 0.000818
0.100454 0.045049 0.000673 -0.000462
-0.003327 0.000673 0.475155 0.099691
0.000818 -0.000462 0.099691 0.045190
21.228486 1.208756 25.525493 1.884916
0.481190 0.100447 -0.000810 0.000763
0.100447 0.045085 0.000649 -0.000464
-0.000810 0.000649 0.477295 0.100526
0.000763 -0.000464 0.100526 0.045344
21.539386 1.147445 26.649570 1.922967
0.493199 0.103276 0.002092 0.000922
0.103276 0.045695 0.000826 -0.000398
0.002092 0.000826 0.494664 0.104417
0.000922 -0.000398 0.104417 0.046117
21.987185 1.121082 27.703506 1.942419
0.492911 0.103209 -0.001551 -0.000231
0.103209 0.045636 -0.000303 -0.000599
-0.001551 -0.000303 0.502231 0.105804
-0.000231 -0.000599 0.105804 0.046288
22.617374 1.135616 28.830274 1.975071
0.485855 0.101717 -0.002677 -0.000656
0.101717 0.045285 -0.000716 -0.000618
-0.002677 -0.000716 0.507018 0.106468
-0.000656 -0.000618 0.106468 0.046305
22.946605 1.085731 29.561500 1.921534
0.487959 0.102269 0.002480 0.000333
0.102269 0.045392 0.000284 -0.000335
0.002480 0.000284 0.511715 0.107066
0.000333 -0.000335 0.107066 0.046323
23.933907 1.178732 30.777101 1.974358
0.475530 0.099709 -0.010478 -0.002499
0.099709 0.044837 -0.002566 -0.000877
-0.010478 -0.002566 0.517046 0.107780
-0.002499 -0.000877 0.107780 0.046386
24.685521 1.212773 31.954900 2.013881
0.465790 0.097927 -0.018006 -0.003890
0.097927 0.044487 -0.003969 -0.001069
-0.018006 -0.003969 0.523861 0.108768
-0.003890 -0.001069 0.108768 0.046516
25.404007 1.236475 33.100051 2.042487
0.441948 0.093281 -0.023592 -0.004750
0.093281 0.043547 -0.004831 -0.001145
-0.023592 -0.004831 0.523139 0.108149
-0.004750 -0.001145 0.108149 0.046321
26.185319 1.271453 34.365599 2.093017
0.436050 0.092787 -0.028188 -0.005342
0.092787 0.043541 -0.005420 -0.001173
-0.028188 -0.005420 0.534004 0.110036
-0.005342 -0.001173 0.110036 0.046679
26.627132 1.230065 35.522596 2.115331
0.439823 0.094308 -0.023308 -0.003952
0.094308 0.043933 -0.003956 -0.000793
-0.023308 -0.003956 0.544567 0.111745
-0.003952 -0.000793 0.111745 0.046986
26.854183 1.145800 36.308680 2.058958
0.438438 0.094450 -0.023641 -0.003816
0.094450 0.043960 -0.003820 -0.000738
-0.023641 -0.003820 0.544645 0.111201
-0.003816 -0.000738 0.111201 0.046822
27.168030 1.089299 37.168006 2.023645
0.448603 0.096992 -0.022321 -0.003355
0.096992 0.044487 -0.003358 -0.000623
-0.022321 -0.003358 0.548494 0.111562
-0.003355 -0.000623 0.111562 0.046879
27.143212 0.966299 38.259598 2.038215
0.425173 0.091927 -0.026992 -0.004274
0.091927 0.043305 -0.004252 -0.000822
-0.026992 -0.004252 0.556177 0.112720
-0.004274 -0.000822 0.112720 0.047105
27.756985 0.994825 39.313364 2.045632
0.423039 0.091935 -0.027610 -0.004240
0.091935 0.043327 -0.004207 -0.000802
-0.027610 -0.004207 0.561865 0.113444
-0.004240 -0.000802 0.113444 0.047241
28.918087 1.139332 40.197126 2.019916
0.388560 0.084803 -0.023861 -0.003469
0.084803 0.041767 -0.003259 -0.000634
-0.023861 -0.003259 0.562015 0.113071
-0.003469 -0.000634 0.113071 0.047162
29.704873 1.187266 41.190480 2.017350
0.391039 0.086360 -0.021498 -0.002934
0.086360 0.042222 -0.002727 -0.000536
-0.021498 -0.002727 0.561957 0.112757
-0.002934 -0.000536 0.112757 0.047117
30.776034 1.292105 41.764461 1.931904
0.380150 0.084653 -0.012306 -0.001143
0.084653 0.041868 -0.000782 -0.000177
-0.012306 -0.000782 0.548309 0.109833
-0.001143 -0.000177 0.109833 0.046567
32.261116 1.479344 42.326808 1.853500
0.330481 0.074313 0.018601 0.004730
0.074313 0.039581 0.005855 0.001074
0.018601 0.005855 0.529569 0.106260
0.004730 0.001074 0.106260 0.045948
32.563531 1.378970 43.280305 1.858465
0.349929 0.080366 0.008634 0.002077
0.080366 0.041135 0.002672 0.000310
0.008634 0.002672 0.528958 0.106546
0.002077 0.000310 0.106546 0.046124
33.092812 1.341730 43.907585 1.797440
0.365309 0.084646 0.007782 0.001565
0.084646 0.042071 0.002007 0.000145
0.007782 0.002007 0.511957 0.103473
0.001565 0.000145 0.103473 0.045589
33.608514 1.305808 44.476153 1.730423
0.382304 0.088699 0.007553 0.001274
0.088699 0.042841 0.001636 0.000067
0.007553 0.001636 0.492584 0.100141
0.001274 0.000067 0.100141 0.045023
34.329548 1.321556 45.328145 1.727636
0.413893 0.095610 0.002769 0.000102
0.095610 0.044201 0.000307 -0.000195
0.002769 0.000307 0.483681 0.099161
0.000102 -0.000195 0.099161 0.044952
34.863757 1.292527 46.357309 1.761961
0.448756 0.102481 -0.010334 -0.002653
0.102481 0.045441 -0.002731 -0.000783
-0.010334 -0.002731 0.481184 0.099479
-0.002653 -0.000783 0.099479 0.045116
35.664034 1.327220 46.840253 1.679043
0.468917 0.105315 -0.002970 -0.000862
0.105315 0.045693 -0.000781 -0.000285
-0.002970 -0.000781 0.440317 0.091639
-0.000862 -0.000285 0.091639 0.043529
