4.249991 2.662128 1.415870 -0.325687
2.449935 0.979995 -0.034367 -0.013747
0.979995 80.396073 -0.013747 -0.005499
-0.034367 -0.013747 2.464742 0.985918
-0.013747 -0.005499 0.985918 80.398442
7.874068 6.675388 1.317199 -0.206632
2.215959 3.878111 -0.034598 -0.053910
3.878111 15.119094 -0.053855 -0.181888
-0.034598 -0.053855 2.249162 3.933336
-0.053910 -0.181888 3.933336 15.253460
8.034550 2.996661 3.122560 1.997655
1.975832 2.288900 -0.043340 -0.048111
2.288900 4.524172 -0.048136 -0.079423
-0.043340 -0.048136 1.995745 2.308186
-0.048111 -0.079423 2.308186 4.556615
8.658501 2.258468 3.631922 1.584155
1.728846 1.458455 -0.037592 -0.029761
1.458455 1.919247 -0.029769 -0.033914
-0.037592 -0.029769 1.745763 1.471315
-0.029761 -0.033914 1.471315 1.935105
8.941643 1.700085 4.162791 1.411188
1.477823 0.974873 -0.019008 -0.011210
0.974873 0.971400 -0.011208 -0.011789
-0.019008 -0.011208 1.491861 0.983542
-0.011210 -0.011789 0.983542 0.979841
9.987578 1.806518 5.530553 1.770161
1.289777 0.699351 -0.019832 -0.010333
0.699351 0.562966 -0.010333 -0.008366
-0.019832 -0.010333 1.300629 0.704963
-0.010333 -0.008366 0.704963 0.567623
8.430070 0.671903 5.388704 1.296416
1.153124 0.531602 -0.019831 -0.008950
0.531602 0.360289 -0.008951 -0.005875
-0.019831 -0.008951 1.160792 0.535036
-0.008950 -0.005875 0.535036 0.362907
8.849293 0.705365 6.146258 1.340347
1.032838 0.414828 -0.021682 -0.008556
0.414828 0.245533 -0.008556 -0.004581
-0.021682 -0.008556 1.039121 0.417364
-0.008556 -0.004581 0.417364 0.247261
8.366536 0.407039 6.437464 1.204840
0.935409 0.333921 -0.013411 -0.004566
0.333921 0.177380 -0.004567 -0.002387
-0.013411 -0.004567 0.940005 0.335622
-0.004566 -0.002387 0.335622 0.178488
9.182901 0.604751 7.248740 1.272337
0.857181 0.276484 -0.010121 -0.003113
0.276484 0.134844 -0.003114 -0.001560
-0.010121 -0.003114 0.861473 0.277957
-0.003113 -0.001560 0.277957 0.135685
11.220989 1.117821 8.374455 1.417283
0.791351 0.233895 -0.006536 -0.001841
0.233895 0.106959 -0.001842 -0.000966
-0.006536 -0.001842 0.796464 0.235492
-0.001841 -0.000966 0.235492 0.107700
11.839188 1.134108 9.807688 1.616059
0.731569 0.200635 -0.005722 -0.001542
0.200635 0.087828 -0.001542 -0.000755
-0.005722 -0.001542 0.735060 0.201645
-0.001542 -0.000755 0.201645 0.088300
12.977492 1.281202 10.725089 1.644229
0.691887 0.178157 -0.000184 -0.000047
0.178157 0.075411 -0.000048 -0.000273
-0.000184 -0.000048 0.695213 0.179055
-0.000047 -0.000273 0.179055 0.075789
13.442423 1.238254 12.032885 1.762840
0.657663 0.160558 0.000155 -0.000044
0.160558 0.066604 -0.000044 -0.000231
0.000155 -0.000044 0.659879 0.161124
-0.000044 -0.000231 0.161124 0.066853
14.044446 1.234225 13.080767 1.801732
0.627330 0.146535 -0.001223 -0.000415
0.146535 0.060257 -0.000415 -0.000281
-0.001223 -0.000415 0.629000 0.146944
-0.000415 -0.000281 0.146944 0.060439
14.594110 1.219024 13.973809 1.799983
0.604155 0.136173 -0.004021 -0.001037
0.136173 0.055849 -0.001037 -0.000381
-0.004021 -0.001037 0.605460 0.136484
-0.001037 -0.000381 0.136484 0.055987
14.885356 1.149257 15.172490 1.865470
0.580969 0.127283 -0.001331 -0.000367
0.127283 0.052510 -0.000367 -0.000187
-0.001331 -0.000367 0.581635 0.127443
-0.000367 -0.000187 0.127443 0.052599
14.680381 0.982063 16.187604 1.883232
0.559875 0.120064 -0.001207 -0.000326
0.120064 0.050063 -0.000326 -0.000154
-0.001207 -0.000326 0.559864 0.120079
-0.000326 -0.000154 0.120079 0.050111
15.463591 1.043784 17.045183 1.865448
0.539643 0.113982 -0.000193 -0.000096
0.113982 0.048227 -0.000096 -0.000086
-0.000193 -0.000096 0.539633 0.114007
-0.000096 -0.000086 0.114007 0.048270
16.347639 1.119570 17.756434 1.819063
0.526955 0.110237 -0.000972 -0.000262
0.110237 0.047138 -0.000262 -0.000108
-0.000972 -0.000262 0.527049 0.110289
-0.000262 -0.000108 0.110289 0.047180
16.918569 1.121834 19.317292 1.954561
0.515630 0.107237 0.000130 -0.000016
0.107237 0.046352 -0.000016 -0.000044
0.000130 -0.000016 0.515443 0.107231
-0.000016 -0.000044 0.107231 0.046376
17.264548 1.077209 20.832737 2.066226
0.506095 0.104957 -0.001697 -0.000399
0.104957 0.045814 -0.000399 -0.000116
-0.001697 -0.000399 0.505685 0.104907
-0.000399 -0.000116 0.104907 0.045824
17.135732 0.938877 21.676924 2.027069
0.497833 0.103187 -0.003411 -0.000720
0.103187 0.045440 -0.000720 -0.000170
-0.003411 -0.000720 0.497194 0.103094
-0.000720 -0.000170 0.103094 0.045439
17.644778 0.947110 22.839460 2.058006
0.492206 0.102134 -0.003469 -0.000671
0.102134 0.045248 -0.000671 -0.000145
-0.003469 -0.000671 0.491594 0.102054
-0.000671 -0.000145 0.102054 0.045247
18.743489 1.077082 23.840181 2.052252
0.487585 0.101374 -0.000176 0.000064
0.101374 0.045126 0.000064 0.000018
-0.000176 0.000064 0.487202 0.101346
0.000064 0.000018 0.101346 0.045133
19.592942 1.141947 25.277397 2.138021
0.485375 0.101161 -0.000402 -0.000007
0.101161 0.045119 -0.000007 -0.000002
-0.000402 -0.000007 0.485206 0.101174
-0.000007 -0.000002 0.101174 0.045131
20.651450 1.243777 26.226318 2.112988
0.482384 0.100769 -0.000101 0.000042
0.100769 0.045063 0.000042 0.000005
-0.000101 0.000042 0.482387 0.100812
0.000042 0.000005 0.100812 0.045079
21.265457 1.242122 27.238774 2.103763
0.479786 0.100461 0.000338 0.000116
0.100461 0.045019 0.000116 0.000018
0.000338 0.000116 0.479938 0.100525
0.000116 0.000018 0.100525 0.045036
22.033106 1.272872 28.023250 2.047640
0.479891 0.100710 0.000533 0.000135
0.100710 0.045085 0.000135 0.000019
0.000533 0.000135 0.480137 0.100783
0.000135 0.000019 0.100783 0.045101
22.511450 1.239638 28.695909 1.973816
0.479763 0.100849 0.001085 0.000231
0.100849 0.045113 0.000231 0.000037
0.001085 0.000231 0.480084 0.100927
0.000231 0.000037 0.100927 0.045128
22.894899 1.189874 30.053772 2.051898
0.478710 0.100749 -0.000401 -0.000109
0.100749 0.045082 -0.000109 -0.000037
-0.000401 -0.000109 0.479464 0.100908
-0.000109 -0.000037 0.100908 0.045112
23.432799 1.177842 31.591100 2.159617
0.476422 0.100370 -0.000683 -0.000158
0.100370 0.044990 -0.000158 -0.000043
-0.000683 -0.000158 0.477761 0.100636
-0.000158 -0.000043 0.100636 0.045040
24.129480 1.200570 32.072504 2.033455
0.477354 0.100682 -0.002965 -0.000625
0.100682 0.045047 -0.000626 -0.000137
-0.002965 -0.000626 0.478613 0.100907
-0.000625 -0.000137 0.100907 0.045086
24.872211 1.230602 32.830642 1.978929
0.478209 0.100923 -0.002994 -0.000574
0.100923 0.045081 -0.000574 -0.000115
-0.002994 -0.000574 0.479624 0.101164
-0.000574 -0.000115 0.101164 0.045121
25.749095 1.285863 34.027426 2.022716
0.479931 0.101307 -0.002287 -0.000379
0.101307 0.045140 -0.000379 -0.000066
-0.002287 -0.000379 0.481806 0.101629
-0.000379 -0.000066 0.101629 0.045197
26.568799 1.323111 34.819651 1.976561
0.479558 0.101200 -0.001792 -0.000254
0.101200 0.045091 -0.000254 -0.000039
-0.001792 -0.000254 0.481639 0.101546
-0.000254 -0.000039 0.101546 0.045151
27.996039 1.484755 36.172690 2.053640
0.478431 0.100941 -0.000237 0.000079
0.100941 0.045016 0.000080 0.000029
-0.000237 0.000080 0.481048 0.101380
0.000079 0.000029 0.101380 0.045095
28.547714 1.444374 36.508474 1.908002
0.479657 0.101198 -0.000609 -0.000027
0.101198 0.045058 -0.000026 -0.000002
-0.000609 -0.000026 0.482128 0.101582
-0.000027 -0.000002 0.101582 0.045124
29.403694 1.472554 37.243355 1.861879
0.480518 0.101350 -0.000183 0.000048
0.101350 0.045074 0.000048 0.000010
-0.000183 0.000048 0.483165 0.101755
0.000048 0.000010 0.101755 0.045146
29.606024 1.360008 38.356823 1.900225
0.477958 0.100767 -0.000415 -0.000022
0.100767 0.044936 -0.000022 -0.000009
-0.000415 -0.000022 0.481563 0.101360
-0.000022 -0.000009 0.101360 0.045048
30.520731 1.409511 39.430740 1.926306
0.478689 0.100935 -0.000983 -0.000154
0.100935 0.044971 -0.000154 -0.000039
-0.000983 -0.000154 0.482762 0.101597
-0.000154 -0.000039 0.101597 0.045095
31.229602 1.410481 41.279935 2.112709
0.474561 0.100060 0.000148 0.000086
0.100060 0.044782 0.000087 0.000013
0.000148 0.000087 0.480216 0.101026
0.000086 0.000013 0.101026 0.044968
32.014847 1.427296 41.415156 1.918886
0.474659 0.100158 -0.000100 0.000013
0.100158 0.044814 0.000014 -0.000005
-0.000100 0.000014 0.479644 0.100928
0.000013 -0.000005 0.100928 0.044953
32.197179 1.315105 42.087644 1.858460
0.473715 0.100015 -0.001230 -0.000235
0.100015 0.044789 -0.000236 -0.000058
-0.001230 -0.000236 0.479234 0.100872
-0.000235 -0.000058 0.100872 0.044947
32.650537 1.271956 42.885844 1.830855
0.475622 0.100480 -0.002261 -0.000438
0.100480 0.044892 -0.000439 -0.000097
-0.002261 -0.000439 0.481571 0.101395
-0.000438 -0.000097 0.101395 0.045063
32.853748 1.180506 43.697263 1.808897
0.475345 0.100429 -0.003878 -0.000746
0.100429 0.044875 -0.000748 -0.000155
-0.003878 -0.000748 0.482009 0.101465
-0.000746 -0.000155 0.101465 0.045071
34.584470 1.421467 44.538621 1.795926
0.476011 0.100578 -0.004905 -0.000904
0.100578 0.044901 -0.000907 -0.000179
-0.004905 -0.000907 0.482393 0.101519
-0.000904 -0.000179 0.101519 0.045077
35.149665 1.390734 45.478329 1.804650
0.473264 0.099988 -0.006279 -0.001129
0.099988 0.044769 -0.001132 -0.000217
-0.006279 -0.001132 0.480493 0.101090
-0.001129 -0.000217 0.101090 0.044981
35.923556 1.407472 46.626119 1.856347
0.473040 0.099987 -0.005636 -0.000917
0.099987 0.044773 -0.000918 -0.000163
-0.005636 -0.000918 0.481133 0.101240
-0.000917 -0.000163 0.101240 0.045018
36.277625 1.333398 47.353838 1.813933
0.470154 0.099416 -0.004714 -0.000679
0.099416 0.044654 -0.000678 -0.000111
-0.004714 -0.000678 0.478942 0.100780
-0.000679 -0.000111 0.100780 0.044921
