5.208254 3.045441 -0.439923 -1.068020
2.211459 0.884603 -0.201874 -0.080751
0.884603 80.357915 -0.080751 -0.032301
-0.201874 -0.080751 2.280456 0.912202
-0.080751 -0.032301 0.912202 80.368955
5.743285 1.320678 0.405432 1.349098
2.173274 3.843938 -0.314838 -0.516736
3.843938 14.424869 -0.515860 -1.440046
-0.314838 -0.515860 2.329701 4.106728
-0.516736 -1.440046 4.106728 15.069688
4.240396 -1.157979 1.866969 2.220321
1.994963 2.292337 -0.234726 -0.242444
2.292337 4.357505 -0.242805 -0.418506
-0.234726 -0.242805 2.066650 2.358082
-0.242444 -0.418506 2.358082 4.479871
5.494229 0.370513 3.474587 2.643921
1.742213 1.449056 -0.190458 -0.147924
1.449056 1.847786 -0.148057 -0.183810
-0.190458 -0.148057 1.794712 1.488569
-0.147924 -0.183810 1.488569 1.904643
6.194908 0.702449 3.609034 1.873670
1.475018 0.958560 -0.130441 -0.080741
0.958560 0.932904 -0.080761 -0.084218
-0.130441 -0.080761 1.528026 0.992569
-0.080741 -0.084218 0.992569 0.968132
4.454908 -0.415583 5.192574 2.218520
1.293340 0.691596 -0.114554 -0.060607
0.691596 0.545050 -0.060637 -0.051309
-0.114554 -0.060637 1.296788 0.693617
-0.060607 -0.051309 0.693617 0.553645
7.212151 0.933801 5.352956 1.784858
1.127966 0.513233 -0.070090 -0.032233
0.513233 0.344315 -0.032302 -0.026572
-0.070090 -0.032302 1.168030 0.533031
-0.032233 -0.026572 0.533031 0.358456
6.917701 0.631178 6.323470 1.816886
1.051239 0.417814 -0.080475 -0.033334
0.417814 0.242480 -0.033339 -0.021366
-0.080475 -0.033339 1.071673 0.426936
-0.033334 -0.021366 0.426936 0.249302
9.009348 1.258535 6.936969 1.710347
0.952101 0.336203 -0.072450 -0.026790
0.336203 0.175407 -0.026810 -0.015028
-0.072450 -0.026810 0.983517 0.348237
-0.026790 -0.015028 0.348237 0.181856
10.165721 1.425503 8.881666 2.058025
0.861134 0.274739 -0.061430 -0.020527
0.274739 0.132414 -0.020532 -0.010464
-0.061430 -0.020532 0.880316 0.281423
-0.020527 -0.010464 0.281423 0.136026
10.977679 1.454445 10.006749 2.086103
0.802654 0.234883 -0.063726 -0.019344
0.234883 0.106012 -0.019341 -0.008492
-0.063726 -0.019341 0.817166 0.239578
-0.019344 -0.008492 0.239578 0.108453
12.061912 1.551612 10.559817 1.952645
0.728831 0.197971 -0.053983 -0.014969
0.197971 0.086248 -0.014970 -0.006112
-0.053983 -0.014970 0.743966 0.202448
-0.014969 -0.006112 0.202448 0.088252
12.377373 1.434015 12.031472 2.079340
0.698541 0.178427 -0.040419 -0.010337
0.178427 0.074921 -0.010341 -0.004147
-0.040419 -0.010341 0.706354 0.180672
-0.010337 -0.004147 0.180672 0.076076
12.892347 1.385048 12.999415 2.061898
0.663923 0.160877 -0.023953 -0.005695
0.160877 0.066289 -0.005704 -0.002528
-0.023953 -0.005704 0.669061 0.162355
-0.005695 -0.002528 0.162355 0.067098
13.943073 1.468205 14.961220 2.278197
0.638259 0.148059 -0.018502 -0.004240
0.148059 0.060337 -0.004249 -0.001901
-0.018502 -0.004249 0.639743 0.148630
-0.004240 -0.001901 0.148630 0.060825
14.266172 1.376208 15.572898 2.159916
0.609902 0.136519 -0.014431 -0.003223
0.136519 0.055722 -0.003231 -0.001461
-0.014431 -0.003231 0.610179 0.136830
-0.003223 -0.001461 0.136830 0.056079
14.882386 1.360564 16.498246 2.126188
0.582042 0.126718 -0.006494 -0.001433
0.126718 0.052250 -0.001443 -0.000910
-0.006494 -0.001443 0.581447 0.126850
-0.001433 -0.000910 0.126850 0.052512
14.986559 1.237733 17.177925 2.044316
0.562760 0.120069 -0.011573 -0.002586
0.120069 0.049991 -0.002591 -0.001051
-0.011573 -0.002591 0.560629 0.119884
-0.002586 -0.001051 0.119884 0.050140
15.855992 1.290464 17.880149 1.976839
0.542916 0.114175 -0.010473 -0.002264
0.114175 0.048232 -0.002267 -0.000869
-0.010473 -0.002267 0.541440 0.114152
-0.002264 -0.000869 0.114152 0.048383
16.338608 1.256573 19.436634 2.095528
0.526808 0.109789 -0.003929 -0.000814
0.109789 0.047032 -0.000820 -0.000476
-0.003929 -0.000820 0.523812 0.109445
-0.000814 -0.000476 0.109445 0.047084
17.184699 1.301725 20.752684 2.151312
0.513269 0.106452 -0.005512 -0.001178
0.106452 0.046203 -0.001182 -0.000500
-0.005512 -0.001182 0.510371 0.106145
-0.001178 -0.000500 0.106145 0.046241
18.209120 1.379080 21.734588 2.131835
0.503183 0.104194 -0.002323 -0.000493
0.104194 0.045693 -0.000498 -0.000306
-0.002323 -0.000498 0.501005 0.104041
-0.000493 -0.000306 0.104041 0.045743
18.913132 1.382080 22.787513 2.129135
0.500934 0.103785 -0.006258 -0.001336
0.103785 0.045616 -0.001338 -0.000447
-0.006258 -0.001338 0.499030 0.103675
-0.001336 -0.000447 0.103675 0.045656
19.220702 1.302559 23.759299 2.109820
0.494543 0.102546 -0.004087 -0.000815
0.102546 0.045371 -0.000818 -0.000294
-0.004087 -0.000818 0.492579 0.102400
-0.000815 -0.000294 0.102400 0.045386
19.659329 1.258380 24.789649 2.104680
0.485351 0.100826 -0.004886 -0.000958
0.100826 0.045041 -0.000960 -0.000296
-0.004886 -0.000960 0.483734 0.100729
-0.000958 -0.000296 0.100729 0.045052
19.996580 1.197499 25.659667 2.066538
0.481165 0.100278 -0.002408 -0.000398
0.100278 0.044973 -0.000401 -0.000154
-0.002408 -0.000401 0.479838 0.100215
-0.000398 -0.000154 0.100215 0.044979
20.838345 1.248323 26.742564 2.076984
0.481347 0.100646 -0.006724 -0.001310
0.100646 0.045087 -0.001310 -0.000333
-0.006724 -0.001310 0.481102 0.100782
-0.001310 -0.000333 0.100782 0.045125
21.715759 1.301430 27.840694 2.089599
0.474470 0.099453 -0.002593 -0.000363
0.099453 0.044850 -0.000363 -0.000109
-0.002593 -0.000363 0.475613 0.099834
-0.000363 -0.000109 0.099834 0.044928
22.477107 1.324595 28.608582 2.031366
0.469998 0.098829 -0.004035 -0.000680
0.098829 0.044740 -0.000680 -0.000173
-0.004035 -0.000680 0.471877 0.099301
-0.000680 -0.000173 0.099301 0.044825
23.513817 1.403357 29.069465 1.914462
0.471871 0.099548 -0.003735 -0.000595
0.099548 0.044909 -0.000595 -0.000146
-0.003735 -0.000595 0.473584 0.099920
-0.000595 -0.000146 0.099920 0.044963
24.002626 1.358292 29.874106 1.882124
0.468528 0.099040 -0.005023 -0.000857
0.099040 0.044790 -0.000856 -0.000196
-0.005023 -0.000856 0.471520 0.099637
-0.000857 -0.000196 0.099637 0.044888
24.099136 1.234851 30.773025 1.872904
0.469370 0.099424 -0.005868 -0.000999
0.099424 0.044863 -0.000998 -0.000217
-0.005868 -0.000998 0.474073 0.100323
-0.000999 -0.000217 0.100323 0.045019
24.836739 1.260198 31.478214 1.824013
0.471098 0.099919 -0.003289 -0.000406
0.099919 0.044945 -0.000404 -0.000083
-0.003289 -0.000404 0.476491 0.100884
-0.000406 -0.000083 0.100884 0.045108
25.417549 1.249947 32.748440 1.899810
0.470742 0.099891 -0.002960 -0.000353
0.099891 0.044905 -0.000349 -0.000076
-0.002960 -0.000349 0.479032 0.101397
-0.000353 -0.000076 0.101397 0.045178
26.433062 1.332725 33.476906 1.853186
0.474391 0.100694 -0.002818 -0.000341
0.100694 0.045045 -0.000338 -0.000078
-0.002818 -0.000338 0.482921 0.102136
-0.000341 -0.000078 0.102136 0.045292
26.796285 1.268248 34.057128 1.779888
0.474041 0.100555 -0.002847 -0.000366
0.100555 0.044973 -0.000363 -0.000087
-0.002847 -0.000363 0.483523 0.102111
-0.000366 -0.000087 0.102111 0.045240
27.594264 1.303016 35.007351 1.792677
0.470886 0.099830 -0.006676 -0.001189
0.099830 0.044786 -0.001190 -0.000264
-0.006676 -0.001190 0.482533 0.101763
-0.001189 -0.000264 0.101763 0.045132
28.072615 1.266269 35.852714 1.781831
0.472749 0.100240 -0.004083 -0.000576
0.100240 0.044860 -0.000572 -0.000120
-0.004083 -0.000572 0.486170 0.102439
-0.000576 -0.000120 0.102439 0.045257
28.975069 1.323289 36.631061 1.758306
0.473799 0.100425 -0.010824 -0.001994
0.100425 0.044879 -0.002001 -0.000422
-0.010824 -0.002001 0.488095 0.102696
-0.001994 -0.000422 0.102696 0.045286
29.579635 1.311564 37.931638 1.846804
0.470408 0.099653 -0.014155 -0.002563
0.099653 0.044696 -0.002571 -0.000519
-0.014155 -0.002571 0.489161 0.102768
-0.002563 -0.000519 0.102768 0.045280
30.252835 1.316332 39.731762 2.030805
0.467619 0.099089 -0.012245 -0.001996
0.099089 0.044576 -0.001990 -0.000372
-0.012245 -0.001990 0.493050 0.103451
-0.001996 -0.000372 0.103451 0.045411
30.708923 1.273516 40.778057 2.036990
0.468343 0.099316 -0.011978 -0.001845
0.099316 0.044633 -0.001836 -0.000334
-0.011978 -0.001836 0.496352 0.103964
-0.001845 -0.000334 0.103964 0.045501
31.710713 1.350835 41.709014 2.019250
0.467489 0.099171 -0.014722 -0.002356
0.099171 0.044601 -0.002355 -0.000444
-0.014722 -0.002355 0.496516 0.103794
-0.002356 -0.000444 0.103794 0.045447
32.351162 1.343457 42.744540 2.024597
0.467888 0.099299 -0.016437 -0.002614
0.099299 0.044629 -0.002615 -0.000493
-0.016437 -0.002615 0.499356 0.104231
-0.002614 -0.000493 0.104231 0.045532
32.990216 1.335015 42.992347 1.865165
0.469456 0.099660 -0.015173 -0.002241
0.099660 0.044703 -0.002242 -0.000409
-0.015173 -0.002242 0.498204 0.103827
-0.002241 -0.000409 0.103827 0.045443
34.333210 1.478241 43.830879 1.846976
0.468200 0.099362 -0.022935 -0.003807
0.099362 0.044625 -0.003838 -0.000749
-0.022935 -0.003838 0.497535 0.103572
-0.003807 -0.000749 0.103572 0.045394
34.956177 1.453212 44.607390 1.816093
0.458047 0.097212 -0.025659 -0.004212
0.097212 0.044165 -0.004239 -0.000818
-0.025659 -0.004239 0.491368 0.102228
-0.004212 -0.000818 0.102228 0.045129
35.369517 1.385498 45.160101 1.741137
0.460161 0.097863 -0.030081 -0.004929
0.097863 0.044336 -0.004968 -0.000950
-0.030081 -0.004968 0.494316 0.102917
-0.004929 -0.000950 0.102917 0.045310
35.977816 1.366731 45.805989 1.694013
0.462163 0.098410 -0.031028 -0.004888
0.098410 0.044462 -0.004920 -0.000920
-0.031028 -0.004920 0.497164 0.103529
-0.004888 -0.000920 0.103529 0.045456
36.301264 1.290599 46.820442 1.727534
0.462242 0.098467 -0.033604 -0.005235
0.098467 0.044467 -0.005255 -0.000983
-0.033604 -0.005255 0.502087 0.104511
-0.005235 -0.000983 0.104511 0.045664
