3.179416 2.233888 3.280820 0.420309
0.963277 0.385319 0.685328 0.274137
0.385319 80.158198 0.274137 0.109657
0.685328 0.274137 2.859058 1.143648
0.274137 0.109657 1.143648 80.461536
4.368368 2.639199 -0.716913 -6.813987
3.308610 6.341909 -1.134601 -2.160796
6.341909 15.676246 -2.385191 -2.373279
-1.134601 -2.385191 3.681971 6.398599
-2.160796 -2.373279 6.398599 20.530483
8.396176 5.721052 0.873728 -1.006893
2.203382 2.332694 0.042634 0.229843
2.332694 3.304711 0.055013 0.698617
0.042634 0.055013 0.228321 0.258595
0.229843 0.698617 0.258595 2.502718
6.704008 2.314325 -0.114160 -1.740686
1.126284 0.870509 0.340311 0.479638
0.870509 1.012091 0.342260 0.560808
0.340311 0.342260 0.732896 0.996887
0.479638 0.560808 0.996887 1.810551
9.275011 3.265714 1.616648 0.524268
1.137636 0.687075 0.224605 0.186259
0.687075 0.586484 0.166205 0.167407
0.224605 0.166205 0.772030 0.674034
0.186259 0.167407 0.674034 0.744204
10.419638 3.036669 2.496167 0.925341
1.077065 0.534561 0.157808 0.093395
0.534561 0.367937 0.096524 0.072077
0.157808 0.096524 0.968049 0.621868
0.093395 0.072077 0.621868 0.476668
11.206586 2.738536 3.832891 1.369471
1.017496 0.428884 0.078679 0.035400
0.428884 0.249604 0.044283 0.028762
0.078679 0.044283 1.025267 0.517006
0.035400 0.028762 0.517006 0.308262
9.718248 1.696184 5.365883 1.726283
0.305950 0.112645 0.044470 0.017975
0.112645 0.091992 0.024289 0.015197
0.044470 0.024289 1.030465 0.427820
0.017975 0.015197 0.427820 0.211758
10.203897 1.565719 6.314512 1.755690
0.369824 0.133533 0.003782 0.002192
0.133533 0.087358 0.005926 0.005951
0.003782 0.005926 1.009061 0.356995
0.002192 0.005951 0.356995 0.153748
11.429789 1.717728 7.588633 1.880331
0.422663 0.143338 -0.034050 -0.008712
0.143338 0.080367 -0.007672 0.000666
-0.034050 -0.007672 0.952124 0.294710
-0.008712 0.000666 0.294710 0.115205
12.022537 1.634874 8.759185 1.942717
0.462782 0.145629 -0.068620 -0.016432
0.145629 0.072975 -0.017577 -0.002391
-0.068620 -0.017577 0.874510 0.242082
-0.016432 -0.002391 0.242082 0.089251
12.474417 1.527310 9.663806 1.923362
0.453291 0.132316 -0.103220 -0.023099
0.132316 0.062967 -0.025902 -0.004540
-0.103220 -0.025902 0.763574 0.192684
-0.023099 -0.004540 0.192684 0.070086
13.343715 1.557998 10.828916 1.972291
0.464746 0.127427 -0.105043 -0.020898
0.127427 0.057621 -0.023677 -0.003795
-0.105043 -0.023677 0.700253 0.164485
-0.020898 -0.003795 0.164485 0.059893
13.672970 1.445062 12.325294 2.082079
0.484437 0.125699 -0.101195 -0.017928
0.125699 0.054357 -0.020639 -0.003000
-0.101195 -0.020639 0.642995 0.142886
-0.017928 -0.003000 0.142886 0.053128
14.297271 1.421730 13.477553 2.104956
0.518069 0.127881 -0.105916 -0.017264
0.127881 0.052846 -0.020009 -0.002821
-0.105916 -0.020009 0.632249 0.134870
-0.017264 -0.002821 0.134870 0.050444
14.398037 1.280617 14.903985 2.176074
0.533351 0.125798 -0.100015 -0.014835
0.125798 0.050810 -0.017447 -0.002329
-0.100015 -0.017447 0.590836 0.122132
-0.014835 -0.002329 0.122132 0.047307
15.360447 1.358274 16.349689 2.253047
0.529377 0.120217 -0.076856 -0.009515
0.120217 0.048518 -0.011349 -0.001221
-0.076856 -0.011349 0.558485 0.113385
-0.009515 -0.001221 0.113385 0.045497
16.373641 1.432544 17.500879 2.261877
0.538654 0.118598 -0.066724 -0.007320
0.118598 0.047544 -0.008728 -0.000878
-0.066724 -0.008728 0.555954 0.111772
-0.007320 -0.000878 0.111772 0.045345
17.778799 1.581372 18.657696 2.274590
0.514949 0.110614 -0.042436 -0.002909
0.110614 0.045482 -0.003731 -0.000146
-0.042436 -0.003731 0.526172 0.105249
-0.002909 -0.000146 0.105249 0.044281
17.916317 1.444711 19.981908 2.305753
0.493077 0.104109 -0.038272 -0.002879
0.104109 0.044023 -0.003674 -0.000417
-0.038272 -0.003674 0.483413 0.096689
-0.002879 -0.000417 0.096689 0.042867
18.659718 1.446466 20.810928 2.240350
0.483303 0.101250 -0.020509 0.000094
0.101250 0.043570 -0.000449 0.000049
-0.020509 -0.000449 0.469145 0.094832
0.000094 0.000049 0.094832 0.042925
18.854735 1.335624 21.850881 2.220078
0.484238 0.101045 -0.010387 0.001409
0.101045 0.043726 0.000966 0.000163
-0.010387 0.000966 0.463127 0.094700
0.001409 0.000163 0.094700 0.043259
19.080926 1.242796 22.789102 2.182057
0.476972 0.099261 -0.006738 0.001312
0.099261 0.043543 0.000945 0.000001
-0.006738 0.000945 0.452279 0.093453
0.001312 0.000001 0.093453 0.043271
19.556414 1.212685 23.949127 2.195855
0.477847 0.099446 -0.006506 0.000661
0.099446 0.043787 0.000372 -0.000215
-0.006506 0.000372 0.455020 0.095036
0.000661 -0.000215 0.095036 0.043818
20.370292 1.253690 24.228729 2.024192
0.471364 0.098154 -0.007835 -0.000187
0.098154 0.043696 -0.000413 -0.000434
-0.007835 -0.000413 0.449344 0.094589
-0.000187 -0.000434 0.094589 0.043845
21.139728 1.282614 24.810668 1.933287
0.447351 0.093397 0.000844 0.001214
0.093397 0.042883 0.001025 -0.000147
0.000844 0.001025 0.431687 0.091562
0.001214 -0.000147 0.091562 0.043292
21.085448 1.136357 25.833044 1.944304
0.437310 0.092000 0.013375 0.003441
0.092000 0.042819 0.003252 0.000314
0.013375 0.003252 0.429354 0.091960
0.003441 0.000314 0.091960 0.043477
21.406788 1.083926 27.006768 1.987821
0.434743 0.092234 0.021320 0.004579
0.092234 0.043060 0.004396 0.000528
0.021320 0.004396 0.436971 0.094309
0.004579 0.000528 0.094309 0.044022
22.193095 1.136101 28.040166 1.996025
0.442727 0.094627 0.016402 0.002914
0.094627 0.043705 0.002767 0.000147
0.016402 0.002767 0.453045 0.098154
0.002914 0.000147 0.098154 0.044818
23.101485 1.209112 29.055639 1.999069
0.461599 0.099032 0.020415 0.003422
0.099032 0.044691 0.003282 0.000283
0.020415 0.003282 0.476950 0.103219
0.003422 0.000283 0.103219 0.045791
23.083820 1.074225 30.571238 2.111852
0.429232 0.091992 0.015420 0.002143
0.091992 0.043126 0.001945 0.000049
0.015420 0.001945 0.477591 0.102755
0.002143 0.000049 0.102755 0.045498
23.512170 1.050312 31.775222 2.143880
0.437863 0.094440 0.006358 0.000066
0.094440 0.043739 -0.000140 -0.000343
0.006358 -0.000140 0.497090 0.106433
0.000066 -0.000343 0.106433 0.046152
23.951258 1.030829 33.169418 2.212579
0.425893 0.092113 -0.002110 -0.001568
0.092113 0.043240 -0.001832 -0.000599
-0.002110 -0.001832 0.510204 0.108413
-0.001568 -0.000599 0.108413 0.046408
24.749975 1.092987 33.972610 2.148170
0.420494 0.091365 -0.006469 -0.002184
0.091365 0.043110 -0.002437 -0.000617
-0.006469 -0.002437 0.511456 0.107763
-0.002184 -0.000617 0.107763 0.046120
25.309477 1.096362 34.621390 2.059166
0.390492 0.085256 -0.023121 -0.005303
0.085256 0.041803 -0.005681 -0.001197
-0.023121 -0.005681 0.503649 0.105409
-0.005303 -0.001197 0.105409 0.045544
25.884132 1.102054 34.730064 1.867179
0.407523 0.089950 -0.024870 -0.005079
0.089950 0.042949 -0.005407 -0.001020
-0.024870 -0.005407 0.497957 0.103809
-0.005079 -0.001020 0.103809 0.045203
26.813161 1.185362 35.317095 1.795583
0.426618 0.094510 -0.023267 -0.004229
0.094510 0.043926 -0.004486 -0.000748
-0.023267 -0.004486 0.505849 0.105265
-0.004229 -0.000748 0.105265 0.045543
27.879888 1.289335 35.793641 1.709155
0.399532 0.088300 -0.031855 -0.005735
0.088300 0.042416 -0.006006 -0.001051
-0.031855 -0.006006 0.501560 0.104078
-0.005735 -0.001051 0.104078 0.045306
28.053001 1.185194 36.863757 1.752346
0.396713 0.088054 -0.038530 -0.006705
0.088054 0.042369 -0.006951 -0.001211
-0.038530 -0.006951 0.520665 0.107911
-0.006705 -0.001211 0.107911 0.046140
29.007021 1.266942 37.998380 1.807332
0.400146 0.089166 -0.039524 -0.006453
0.089166 0.042612 -0.006608 -0.001107
-0.039524 -0.006608 0.538109 0.111083
-0.006453 -0.001107 0.111083 0.046771
29.750355 1.290896 38.773155 1.781387
0.400561 0.089423 -0.039575 -0.006120
0.089423 0.042628 -0.006219 -0.001025
-0.039575 -0.006219 0.543860 0.111609
-0.006120 -0.001025 0.111609 0.046819
30.316607 1.274476 39.910255 1.831339
0.416670 0.093111 -0.041042 -0.006086
0.093111 0.043403 -0.006205 -0.001022
-0.041042 -0.006205 0.558550 0.113997
-0.006086 -0.001022 0.113997 0.047268
31.052930 1.298027 41.078464 1.883238
0.428647 0.095481 -0.038939 -0.005408
0.095481 0.043815 -0.005480 -0.000891
-0.038939 -0.005480 0.567686 0.115135
-0.005408 -0.000891 0.115135 0.047449
32.015614 1.367354 41.964965 1.873954
0.402661 0.089260 -0.024486 -0.002573
0.089260 0.042313 -0.002214 -0.000315
-0.024486 -0.002214 0.563174 0.113586
-0.002573 -0.000315 0.113586 0.047112
32.689358 1.365883 43.042107 1.902086
0.419690 0.093181 -0.023648 -0.002510
0.093181 0.043204 -0.002317 -0.000403
-0.023648 -0.002317 0.559344 0.112348
-0.002510 -0.000403 0.112348 0.046876
33.192246 1.327345 44.278476 1.958445
0.438480 0.097058 -0.026419 -0.003177
0.097058 0.043995 -0.003194 -0.000630
-0.026419 -0.003194 0.554831 0.111160
-0.003177 -0.000630 0.111160 0.046684
34.304030 1.427938 45.685125 2.046127
0.476767 0.104868 -0.025749 -0.003005
0.104868 0.045597 -0.003226 -0.000643
-0.025749 -0.003226 0.544113 0.108924
-0.003005 -0.000643 0.108924 0.046310
35.049326 1.436512 47.132345 2.131373
0.503178 0.109285 -0.029690 -0.003840
0.109285 0.046325 -0.004272 -0.000871
-0.029690 -0.004272 0.525478 0.105322
-0.003840 -0.000871 0.105322 0.045687
35.520410 1.380902 47.539069 1.997509
0.524727 0.112296 -0.040755 -0.006056
0.112296 0.046730 -0.006794 -0.001380
-0.040755 -0.006794 0.484902 0.097588
-0.006056 -0.001380 0.097588 0.044264
36.044751 1.342135 47.682182 1.822181
0.545979 0.115135 -0.044993 -0.006698
0.115135 0.047130 -0.007608 -0.001504
-0.044993 -0.007608 0.440979 0.089767
-0.006698 -0.001504 0.089767 0.042898
