4.161210 2.626615 3.104076 0.349610
2.439869 0.975969 -0.044318 -0.017728
0.975969 80.394463 -0.017728 -0.007091
-0.044318 -0.017728 2.445250 0.978121
-0.017728 -0.007091 0.978121 80.395324
4.348716 0.655172 3.238384 0.274389
2.264189 3.964474 -0.035486 -0.053411
3.964474 15.244419 -0.053407 -0.206461
-0.035486 -0.053407 2.269501 3.972716
-0.053411 -0.206461 3.972716 15.272565
5.802308 1.954625 3.118116 -0.022110
2.022944 2.334784 -0.043141 -0.048676
2.334784 4.569834 -0.048673 -0.086945
-0.043141 -0.048673 2.035155 2.348584
-0.048676 -0.086945 2.348584 4.589488
4.556278 0.087880 4.927140 1.504859
1.735726 1.458148 -0.038362 -0.031203
1.458148 1.917822 -0.031210 -0.037618
-0.038362 -0.031210 1.733025 1.455143
-0.031203 -0.037618 1.455143 1.916458
6.051099 1.042111 4.088601 0.458212
1.485358 0.977763 -0.032898 -0.020858
0.977763 0.974555 -0.020856 -0.019195
-0.032898 -0.020856 1.492227 0.982404
-0.020858 -0.019195 0.982404 0.978560
7.809016 1.712028 4.278684 0.437652
1.292138 0.699866 -0.019862 -0.010157
0.699866 0.564438 -0.010154 -0.008557
-0.019862 -0.010154 1.301847 0.705061
-0.010157 -0.008557 0.705061 0.567695
9.469529 2.082900 4.937279 0.640398
1.149729 0.529906 -0.014711 -0.006573
0.529906 0.360455 -0.006571 -0.005015
-0.014711 -0.006571 1.159375 0.534124
-0.006573 -0.005015 0.534124 0.362601
10.730759 2.171216 5.870727 0.886672
1.031812 0.414658 -0.006349 -0.002567
0.414658 0.246209 -0.002564 -0.002394
-0.006349 -0.002564 1.040041 0.417676
-0.002567 -0.002394 0.417676 0.247524
12.223111 2.316464 6.707403 1.027006
0.939751 0.335804 -0.011935 -0.004490
0.335804 0.178596 -0.004490 -0.002605
-0.011935 -0.004490 0.947443 0.338265
-0.004490 -0.002605 0.338265 0.179540
12.339489 1.979987 7.818051 1.219824
0.871929 0.281495 -0.006286 -0.002216
0.281495 0.136830 -0.002214 -0.001419
-0.006286 -0.002214 0.877104 0.282888
-0.002216 -0.001419 0.282888 0.137322
12.162280 1.634862 8.934563 1.369724
0.805620 0.238122 -0.004065 -0.001411
0.238122 0.108418 -0.001409 -0.000943
-0.004065 -0.001409 0.808757 0.238820
-0.001411 -0.000943 0.238820 0.108665
12.397887 1.475414 9.616042 1.368970
0.748617 0.205161 -0.007324 -0.002228
0.205161 0.089187 -0.002227 -0.001011
-0.007324 -0.002227 0.751117 0.205674
-0.002228 -0.001011 0.205674 0.089369
12.268786 1.252534 10.631475 1.454169
0.702447 0.180562 -0.007100 -0.001979
0.180562 0.076080 -0.001978 -0.000802
-0.007100 -0.001978 0.703710 0.180756
-0.001979 -0.000802 0.180756 0.076170
13.515564 1.403615 12.007210 1.612021
0.666200 0.162298 -0.004509 -0.001187
0.162298 0.067059 -0.001186 -0.000504
-0.004509 -0.001186 0.667247 0.162463
-0.001187 -0.000504 0.162463 0.067139
14.253855 1.412106 12.935641 1.640534
0.630138 0.146848 -0.006333 -0.001537
0.146848 0.060353 -0.001536 -0.000522
-0.006333 -0.001536 0.631024 0.146993
-0.001537 -0.000522 0.146993 0.060424
14.499755 1.308593 14.007445 1.697100
0.602319 0.135494 -0.004634 -0.001041
0.135494 0.055730 -0.001040 -0.000352
-0.004634 -0.001040 0.602662 0.135530
-0.001041 -0.000352 0.135530 0.055771
15.198380 1.318308 15.091730 1.748684
0.578039 0.126503 -0.003511 -0.000734
0.126503 0.052390 -0.000734 -0.000248
-0.003511 -0.000734 0.578196 0.126515
-0.000734 -0.000248 0.126515 0.052423
15.863059 1.319539 16.476528 1.858117
0.555025 0.118994 -0.005357 -0.001098
0.118994 0.049896 -0.001098 -0.000303
-0.005357 -0.001098 0.554877 0.118955
-0.001098 -0.000303 0.118955 0.049915
15.807519 1.168410 17.760591 1.933024
0.538295 0.113780 -0.004961 -0.000946
0.113780 0.048257 -0.000946 -0.000245
-0.004961 -0.000946 0.537675 0.113656
-0.000946 -0.000245 0.113656 0.048255
16.329115 1.155379 19.018372 1.994013
0.525626 0.110066 -0.004394 -0.000777
0.110066 0.047165 -0.000777 -0.000192
-0.004394 -0.000777 0.524891 0.109937
-0.000777 -0.000192 0.109937 0.047161
16.574643 1.086103 19.663102 1.920528
0.513508 0.106918 -0.001740 -0.000192
0.106918 0.046339 -0.000193 -0.000059
-0.001740 -0.000193 0.512716 0.106792
-0.000192 -0.000059 0.106792 0.046334
16.913453 1.043712 20.707104 1.937868
0.504344 0.104739 0.001653 0.000489
0.104739 0.045815 0.000488 0.000081
0.001653 0.000488 0.503500 0.104613
0.000489 0.000081 0.104613 0.045809
17.332788 1.022392 21.377150 1.875777
0.497316 0.103232 0.000295 0.000125
0.103232 0.045488 0.000125 -0.000006
0.000295 0.000125 0.496510 0.103123
0.000125 -0.000006 0.103123 0.045482
18.379681 1.133674 21.968107 1.803681
0.491870 0.102196 -0.001091 -0.000198
0.102196 0.045288 -0.000198 -0.000074
-0.001091 -0.000198 0.491306 0.102142
-0.000198 -0.000074 0.102142 0.045291
19.279288 1.202956 23.192223 1.870819
0.488335 0.101640 -0.001207 -0.000222
0.101640 0.045199 -0.000222 -0.000073
-0.001207 -0.000222 0.487941 0.101620
-0.000222 -0.000073 0.101620 0.045205
20.011650 1.230246 24.025520 1.849520
0.484555 0.101060 -0.000174 -0.000001
0.101060 0.045103 -0.000001 -0.000021
-0.000174 -0.000001 0.484272 0.101056
-0.000001 -0.000021 0.101056 0.045110
20.110999 1.122439 25.196926 1.901081
0.479384 0.100210 -0.001321 -0.000255
0.100210 0.044950 -0.000255 -0.000073
-0.001321 -0.000255 0.479193 0.100218
-0.000255 -0.000073 0.100218 0.044956
21.293554 1.252731 26.847247 2.047869
0.477717 0.100137 -0.002546 -0.000500
0.100137 0.044962 -0.000500 -0.000118
-0.002546 -0.000500 0.477896 0.100214
-0.000500 -0.000118 0.100214 0.044980
22.289701 1.330421 27.810047 2.035075
0.478633 0.100570 -0.003760 -0.000719
0.100570 0.045066 -0.000719 -0.000156
-0.003760 -0.000719 0.478963 0.100665
-0.000719 -0.000156 0.100665 0.045085
23.159862 1.373484 28.558606 1.978514
0.477113 0.100410 -0.003384 -0.000588
0.100410 0.045027 -0.000588 -0.000118
-0.003384 -0.000588 0.477527 0.100508
-0.000588 -0.000118 0.100508 0.045044
23.375334 1.274332 30.055545 2.085351
0.475415 0.100194 -0.002783 -0.000428
0.100194 0.044974 -0.000428 -0.000080
-0.002783 -0.000428 0.476316 0.100382
-0.000428 -0.000080 0.100382 0.045008
24.143118 1.301853 30.979870 2.060428
0.478031 0.100878 -0.003373 -0.000538
0.100878 0.045109 -0.000537 -0.000103
-0.003373 -0.000537 0.479080 0.101078
-0.000538 -0.000103 0.101078 0.045143
24.755251 1.293551 31.736863 2.002754
0.476794 0.100657 -0.001860 -0.000197
0.100657 0.045037 -0.000197 -0.000030
-0.001860 -0.000197 0.477983 0.100869
-0.000197 -0.000030 0.100869 0.045072
25.234608 1.258166 32.669928 1.988271
0.476147 0.100564 -0.001502 -0.000136
0.100564 0.044997 -0.000136 -0.000023
-0.001502 -0.000136 0.477643 0.100824
-0.000136 -0.000023 0.100824 0.045042
25.503635 1.181972 33.305887 1.912528
0.475616 0.100488 -0.001681 -0.000194
0.100488 0.044964 -0.000193 -0.000041
-0.001681 -0.000193 0.477287 0.100768
-0.000194 -0.000041 0.100768 0.045011
26.315907 1.228733 34.240490 1.908023
0.476845 0.100779 -0.000828 -0.000026
0.100779 0.045009 -0.000025 -0.000008
-0.000828 -0.000025 0.478798 0.101101
-0.000026 -0.000008 0.101101 0.045065
27.157141 1.276559 34.739619 1.812055
0.477315 0.100869 -0.000604 -0.000005
0.100869 0.045009 -0.000005 -0.000009
-0.000604 -0.000005 0.479227 0.101165
-0.000005 -0.000009 0.101165 0.045058
28.170276 1.355784 35.772415 1.838882
0.478543 0.101106 -0.002395 -0.000409
0.101106 0.045040 -0.000409 -0.000098
-0.002395 -0.000409 0.480820 0.101466
-0.000409 -0.000098 0.101466 0.045104
28.349157 1.250509 37.143336 1.933982
0.478568 0.101064 -0.002184 -0.000349
0.101064 0.045011 -0.000348 -0.000081
-0.002184 -0.000348 0.481862 0.101623
-0.000349 -0.000081 0.101623 0.045117
29.180967 1.294055 37.886464 1.886855
0.477505 0.100798 -0.002803 -0.000470
0.100798 0.044940 -0.000470 -0.000104
-0.002803 -0.000470 0.480966 0.101361
-0.000470 -0.000104 0.101361 0.045044
29.163502 1.153838 38.944710 1.910849
0.475946 0.100455 -0.003583 -0.000615
0.100455 0.044861 -0.000615 -0.000131
-0.003583 -0.000615 0.480314 0.101183
-0.000615 -0.000131 0.101183 0.044999
29.884893 1.184244 39.641764 1.856482
0.475826 0.100448 -0.002578 -0.000373
0.100448 0.044861 -0.000372 -0.000074
-0.002578 -0.000372 0.480330 0.101168
-0.000373 -0.000074 0.101168 0.044993
31.085444 1.312831 40.907613 1.927802
0.475969 0.100494 -0.003604 -0.000585
0.100494 0.044871 -0.000584 -0.000120
-0.003604 -0.000584 0.481048 0.101304
-0.000585 -0.000120 0.101304 0.045021
31.410375 1.243017 42.310446 2.020078
0.473862 0.100058 -0.003371 -0.000513
0.100058 0.044777 -0.000513 -0.000102
-0.003371 -0.000513 0.480231 0.101107
-0.000513 -0.000102 0.101107 0.044977
32.128745 1.263137 42.545717 1.857005
0.473830 0.100098 -0.005345 -0.000916
0.100098 0.044792 -0.000917 -0.000187
-0.005345 -0.000917 0.479706 0.100993
-0.000916 -0.000187 0.100993 0.044955
32.821139 1.276223 43.898840 1.946444
0.471729 0.099691 -0.006170 -0.001042
0.099691 0.044708 -0.001043 -0.000207
-0.006170 -0.001043 0.478755 0.100801
-0.001042 -0.000207 0.100801 0.044919
33.766297 1.340852 44.405702 1.848425
0.472377 0.099896 -0.008208 -0.001417
0.099896 0.044760 -0.001420 -0.000280
-0.008208 -0.001420 0.479140 0.100908
-0.001417 -0.000280 0.100908 0.044948
34.440281 1.341877 45.656894 1.917305
0.473038 0.100076 -0.008599 -0.001418
0.100076 0.044798 -0.001420 -0.000270
-0.008599 -0.001420 0.480821 0.101276
-0.001418 -0.000270 0.101276 0.045028
35.019778 1.322073 46.150101 1.819191
0.472498 0.099977 -0.008709 -0.001373
0.099977 0.044773 -0.001374 -0.000255
-0.008709 -0.001374 0.480320 0.101149
-0.001373 -0.000255 0.101149 0.044997
35.702784 1.326732 47.068115 1.820988
0.471493 0.099785 -0.007864 -0.001142
0.099785 0.044730 -0.001142 -0.000205
-0.007864 -0.001142 0.479988 0.101072
-0.001142 -0.000205 0.101072 0.044980
