4.233790 2.655647 2.813668 0.233444
2.450892 0.980378 -0.060512 -0.024205
0.980378 80.396226 -0.024205 -0.009682
-0.060512 -0.024205 2.465153 0.986083
-0.024205 -0.009682 0.986083 80.398508
5.486571 2.529316 3.884026 1.900792
2.298247 4.021619 -0.085979 -0.138315
4.021619 15.371733 -0.138352 -0.395612
-0.085979 -0.138352 2.311315 4.041633
-0.138315 -0.395612 4.041633 15.442948
5.760924 1.379560 2.370098 -0.941361
2.032929 2.341921 -0.108272 -0.117478
2.341921 4.585228 -0.117434 -0.177017
-0.108272 -0.117434 2.061410 2.374130
-0.117478 -0.177017 2.374130 4.632230
6.373321 1.318988 3.087334 0.054826
1.714138 1.439195 -0.071853 -0.053914
1.439195 1.906429 -0.053894 -0.061332
-0.071853 -0.053894 1.735297 1.455374
-0.053914 -0.061332 1.455374 1.923199
7.019693 1.312280 3.956782 0.609416
1.492158 0.983824 -0.067987 -0.041348
0.983824 0.981834 -0.041351 -0.036115
-0.067987 -0.041351 1.507860 0.993020
-0.041348 -0.036115 0.993020 0.989565
10.535807 2.864122 4.684670 0.843663
1.302416 0.706287 -0.044337 -0.021761
0.706287 0.569451 -0.021731 -0.017038
-0.044337 -0.021731 1.329106 0.720042
-0.021761 -0.017038 0.720042 0.577975
9.529805 1.739538 5.034975 0.808332
1.145253 0.528184 -0.043571 -0.018940
0.528184 0.360414 -0.018932 -0.012281
-0.043571 -0.018932 1.164256 0.536089
-0.018940 -0.012281 0.536089 0.364625
10.359295 1.724452 6.969610 1.422994
1.041816 0.419119 -0.044030 -0.016941
0.419119 0.248535 -0.016945 -0.009224
-0.044030 -0.016945 1.052285 0.422604
-0.016941 -0.009224 0.422604 0.250326
10.289976 1.391903 8.401948 1.679715
0.937311 0.335094 -0.022808 -0.007504
0.335094 0.178629 -0.007501 -0.004349
-0.022808 -0.007501 0.942282 0.336400
-0.007504 -0.004349 0.336400 0.179426
10.323300 1.178200 10.337278 2.033105
0.863030 0.278833 -0.018524 -0.005680
0.278833 0.136192 -0.005679 -0.003110
-0.018524 -0.005679 0.862670 0.278464
-0.005680 -0.003110 0.278464 0.136363
10.106943 0.939712 10.766147 1.859088
0.803704 0.237885 -0.026423 -0.007712
0.237885 0.108546 -0.007712 -0.003266
-0.026423 -0.007712 0.802503 0.237475
-0.007712 -0.003266 0.237475 0.108687
9.788567 0.723361 11.575238 1.825836
0.755546 0.207348 -0.022528 -0.006007
0.207348 0.089928 -0.006008 -0.002370
-0.022528 -0.006008 0.752547 0.206590
-0.006007 -0.002370 0.206590 0.089947
11.634154 1.105119 12.686230 1.877291
0.705789 0.181541 -0.016499 -0.004028
0.181541 0.076403 -0.004029 -0.001578
-0.016499 -0.004029 0.705435 0.181606
-0.004028 -0.001578 0.181606 0.076616
12.910737 1.281410 13.125173 1.755615
0.661507 0.161206 -0.013612 -0.003111
0.161206 0.066834 -0.003112 -0.001181
-0.013612 -0.003112 0.662715 0.161667
-0.003111 -0.001181 0.161667 0.067102
13.672747 1.309794 14.293044 1.823373
0.627286 0.146299 -0.014031 -0.003073
0.146299 0.060272 -0.003073 -0.001050
-0.014031 -0.003073 0.627871 0.146578
-0.003073 -0.001050 0.146578 0.060455
15.099050 1.483420 14.981533 1.773373
0.597265 0.134495 -0.010996 -0.002239
0.134495 0.055546 -0.002239 -0.000761
-0.010996 -0.002239 0.598734 0.134951
-0.002239 -0.000761 0.134951 0.055740
15.535654 1.416297 15.291672 1.646779
0.575640 0.126165 -0.010871 -0.002133
0.126165 0.052359 -0.002133 -0.000670
-0.010871 -0.002133 0.577070 0.126572
-0.002133 -0.000670 0.126572 0.052515
15.349318 1.224735 17.139390 1.866401
0.556093 0.119409 -0.006476 -0.001110
0.119409 0.050019 -0.001112 -0.000396
-0.006476 -0.001112 0.555517 0.119348
-0.001110 -0.000396 0.119348 0.050053
16.321182 1.300783 18.025395 1.856574
0.544186 0.115148 -0.006064 -0.001032
0.115148 0.048561 -0.001033 -0.000352
-0.006064 -0.001033 0.543837 0.115145
-0.001032 -0.000352 0.115145 0.048600
16.850028 1.275386 19.071884 1.881285
0.528169 0.110586 -0.006241 -0.001074
0.110586 0.047260 -0.001075 -0.000337
-0.006241 -0.001075 0.527536 0.110523
-0.001074 -0.000337 0.110523 0.047279
17.729249 1.325586 19.876381 1.853046
0.513793 0.106919 -0.002739 -0.000335
0.106919 0.046320 -0.000336 -0.000161
-0.002739 -0.000336 0.513288 0.106884
-0.000335 -0.000161 0.106884 0.046339
17.858580 1.214997 21.188353 1.932909
0.504525 0.104723 -0.001075 -0.000039
0.104723 0.045798 -0.000040 -0.000093
-0.001075 -0.000040 0.503624 0.104604
-0.000039 -0.000093 0.104604 0.045793
18.397332 1.200803 22.444870 1.993119
0.497666 0.103258 -0.001248 -0.000138
0.103258 0.045483 -0.000139 -0.000110
-0.001248 -0.000139 0.496754 0.103142
-0.000138 -0.000110 0.103142 0.045476
18.866738 1.173620 23.580471 2.021995
0.493004 0.102388 -0.001834 -0.000300
0.102388 0.045320 -0.000301 -0.000136
-0.001834 -0.000301 0.492154 0.102287
-0.000300 -0.000136 0.102287 0.045313
19.481746 1.179468 24.460396 1.994713
0.488412 0.101601 0.001105 0.000297
0.101601 0.045182 0.000296 -0.000001
0.001105 0.000296 0.487711 0.101530
0.000297 -0.000001 0.101530 0.045178
20.251407 1.216975 25.047749 1.909180
0.484672 0.101040 0.003014 0.000632
0.101040 0.045095 0.000631 0.000069
0.003014 0.000631 0.484107 0.100994
0.000632 0.000069 0.100994 0.045093
21.027205 1.251932 26.035231 1.916030
0.482625 0.100853 0.001790 0.000294
0.100853 0.045083 0.000293 -0.000005
0.001790 0.000293 0.482390 0.100869
0.000294 -0.000005 0.100869 0.045091
21.386839 1.196239 26.645300 1.843186
0.480810 0.100695 0.002658 0.000440
0.100695 0.045068 0.000439 0.000032
0.002658 0.000439 0.480679 0.100720
0.000440 0.000032 0.100720 0.045074
22.518072 1.307940 28.087700 1.952345
0.480624 0.100857 0.004545 0.000795
0.100857 0.045110 0.000794 0.000111
0.004545 0.000794 0.481209 0.101020
0.000795 0.000111 0.101020 0.045143
22.538595 1.174875 28.928145 1.924111
0.480178 0.100915 0.003519 0.000515
0.100915 0.045120 0.000514 0.000051
0.003519 0.000514 0.481116 0.101129
0.000515 0.000051 0.101129 0.045159
22.981980 1.144406 30.195064 1.988327
0.478484 0.100672 0.007416 0.001309
0.100672 0.045059 0.001308 0.000226
0.007416 0.001308 0.480192 0.101023
0.001309 0.000226 0.101023 0.045123
23.366536 1.104920 31.131768 1.976364
0.476047 0.100275 0.003992 0.000497
0.100275 0.044966 0.000495 0.000048
0.003992 0.000495 0.478280 0.100701
0.000497 0.000048 0.100701 0.045042
24.416947 1.210171 31.807045 1.910060
0.475551 0.100297 0.002276 0.000134
0.100297 0.044966 0.000132 -0.000016
0.002276 0.000132 0.477914 0.100714
0.000134 -0.000016 0.100714 0.045036
24.417859 1.082261 33.316150 2.027296
0.475294 0.100341 0.000809 -0.000138
0.100341 0.044965 -0.000140 -0.000057
0.000809 -0.000140 0.479171 0.101047
-0.000138 -0.000057 0.101047 0.045094
25.107581 1.113688 34.262756 2.013078
0.477120 0.100799 -0.000977 -0.000454
0.100799 0.045048 -0.000457 -0.000105
-0.000977 -0.000457 0.481502 0.101558
-0.000454 -0.000105 0.101558 0.045182
26.131547 1.212440 35.100604 1.977355
0.477141 0.100814 -0.004517 -0.001113
0.100814 0.045028 -0.001117 -0.000225
-0.004517 -0.001117 0.481868 0.101596
-0.001113 -0.000225 0.101596 0.045164
26.897002 1.246066 36.451702 2.053725
0.477071 0.100797 -0.006690 -0.001432
0.100797 0.045004 -0.001436 -0.000268
-0.006690 -0.001436 0.483150 0.101821
-0.001432 -0.000268 0.101821 0.045189
27.252606 1.189593 37.574952 2.073953
0.477802 0.100943 -0.005677 -0.001066
0.100943 0.045017 -0.001069 -0.000169
-0.005677 -0.001069 0.485063 0.102157
-0.001066 -0.000169 0.102157 0.045238
28.306770 1.286578 38.527027 2.056304
0.472903 0.099881 -0.007002 -0.001251
0.099881 0.044774 -0.001254 -0.000201
-0.007002 -0.001254 0.480948 0.101197
-0.001251 -0.000201 0.101197 0.045014
29.149991 1.328839 39.556357 2.056687
0.473916 0.100166 -0.008076 -0.001379
0.100166 0.044838 -0.001381 -0.000223
-0.008076 -0.001381 0.482751 0.101582
-0.001379 -0.000223 0.101582 0.045095
29.866854 1.339931 40.587949 2.057416
0.473556 0.100123 -0.008428 -0.001360
0.100123 0.044825 -0.001362 -0.000216
-0.008428 -0.001362 0.483421 0.101692
-0.001360 -0.000216 0.101692 0.045112
30.624125 1.358390 41.610251 2.056159
0.470958 0.099603 -0.007603 -0.001114
0.099603 0.044710 -0.001114 -0.000166
-0.007603 -0.001114 0.481995 0.101355
-0.001114 -0.000166 0.101355 0.045035
31.720114 1.446051 42.134292 1.950622
0.468065 0.099061 -0.008271 -0.001221
0.099061 0.044599 -0.001222 -0.000198
-0.008271 -0.001222 0.478866 0.100695
-0.001221 -0.000198 0.100695 0.044898
32.523213 1.462481 42.657312 1.855542
0.468357 0.099232 -0.008346 -0.001200
0.099232 0.044646 -0.001200 -0.000200
-0.008346 -0.001200 0.479096 0.100806
-0.001200 -0.000200 0.100806 0.044935
33.199110 1.451520 44.209315 1.986888
0.469559 0.099565 -0.007341 -0.000961
0.099565 0.044718 -0.000957 -0.000157
-0.007341 -0.000957 0.482921 0.101656
-0.000961 -0.000157 0.101656 0.045121
33.702808 1.403626 44.560784 1.851520
0.468604 0.099393 -0.007158 -0.000929
0.099393 0.044673 -0.000926 -0.000163
-0.007158 -0.000926 0.481827 0.101385
-0.000929 -0.000163 0.101385 0.045053
34.571760 1.438704 45.163165 1.783680
0.471864 0.100120 -0.009315 -0.001391
0.100120 0.044822 -0.001392 -0.000272
-0.009315 -0.001392 0.484932 0.102023
-0.001391 -0.000272 0.102023 0.045185
35.398519 1.461627 46.165325 1.807012
0.469167 0.099507 -0.010503 -0.001615
0.099507 0.044673 -0.001616 -0.000321
-0.010503 -0.001616 0.483808 0.101715
-0.001615 -0.000321 0.101715 0.045106
36.300172 1.497437 46.748542 1.739920
0.470789 0.099870 -0.010789 -0.001628
0.099870 0.044746 -0.001629 -0.000322
-0.010789 -0.001629 0.485293 0.101994
-0.001628 -0.000322 0.101994 0.045162
36.650100 1.412534 47.401909 1.693842
0.471913 0.100087 -0.011131 -0.001660
0.100087 0.044781 -0.001660 -0.000328
-0.011131 -0.001660 0.487445 0.102391
-0.001660 -0.000328 0.102391 0.045239
