2.251719 1.862801 3.549236 0.527678
1.667914 0.667180 0.055445 0.022179
0.667180 80.270945 0.022179 0.008872
0.055445 0.022179 3.414893 1.365987
0.022179 0.008872 1.365987 80.550473
3.398686 2.255572 3.782195 0.475046
3.311494 6.037662 -1.311517 -2.207510
6.037662 16.965848 -2.405466 -3.889706
-1.311517 -2.405466 3.508195 5.868918
-2.207510 -3.889706 5.868918 20.783708
7.234285 5.089222 1.705073 -1.949760
2.628077 2.803052 -1.005375 -0.937269
2.803052 4.425354 -0.959021 -0.956058
-1.005375 -0.959021 3.045396 3.394570
-0.937269 -0.956058 3.394570 6.363436
9.052439 4.575743 2.281256 -0.698855
1.670723 1.301052 0.004186 0.110500
1.301052 1.587206 0.057151 0.055828
0.004186 0.057151 1.602024 1.340326
0.110500 0.055828 1.340326 2.085341
7.504251 2.193668 2.519783 -0.372294
0.482617 0.303457 0.528842 0.373455
0.303457 0.479009 0.337087 0.192802
0.528842 0.337087 1.309867 0.911484
0.373455 0.192802 0.911484 1.082323
8.933792 2.218460 4.799017 1.144125
0.503295 0.312507 0.393167 0.182065
0.312507 0.345543 0.186915 0.067479
0.393167 0.186915 1.001214 0.581577
0.182065 0.067479 0.581577 0.573349
9.436697 1.866924 5.302197 1.179229
0.453937 0.255574 0.153359 0.029179
0.255574 0.229993 0.015824 -0.016457
0.153359 0.015824 0.994984 0.523754
0.029179 -0.016457 0.523754 0.412322
10.304086 1.790248 6.812511 1.606526
0.585688 0.288294 0.036276 -0.027494
0.288294 0.195450 -0.030500 -0.027637
0.036276 -0.030500 1.015070 0.462871
-0.027494 -0.027637 0.462871 0.297908
10.995556 1.698531 7.835407 1.702386
0.676866 0.285804 -0.065625 -0.056304
0.285804 0.158248 -0.056873 -0.028038
-0.065625 -0.056873 1.024631 0.407493
-0.056304 -0.028038 0.407493 0.222413
11.227182 1.454057 9.940069 2.153260
0.701363 0.257158 -0.153284 -0.071027
0.257158 0.123657 -0.070755 -0.025222
-0.153284 -0.070755 0.937131 0.329254
-0.071027 -0.025222 0.329254 0.161224
11.593194 1.340900 10.582513 2.021837
0.719703 0.232945 -0.182837 -0.065580
0.232945 0.100431 -0.065132 -0.018500
-0.182837 -0.065132 0.894272 0.281565
-0.065580 -0.018500 0.281565 0.125533
11.842136 1.218655 11.294057 1.937466
0.731552 0.212697 -0.179202 -0.053143
0.212697 0.084578 -0.052724 -0.012122
-0.179202 -0.052724 0.856348 0.245055
-0.053143 -0.012122 0.245055 0.101764
13.124430 1.395709 11.657202 1.779477
0.688668 0.182772 -0.148738 -0.037208
0.182772 0.070101 -0.036845 -0.006548
-0.148738 -0.036845 0.812463 0.214258
-0.037208 -0.006548 0.214258 0.084915
13.568556 1.334736 12.855114 1.854001
0.664475 0.163587 -0.154333 -0.033786
0.163587 0.061402 -0.033723 -0.005331
-0.154333 -0.033723 0.749199 0.184217
-0.033786 -0.005331 0.184217 0.071726
14.088796 1.302725 14.067410 1.919494
0.631297 0.146364 -0.132656 -0.025148
0.146364 0.055007 -0.025342 -0.003205
-0.132656 -0.025342 0.683742 0.159035
-0.025148 -0.003205 0.159035 0.062229
14.919194 1.330139 13.755872 1.635517
0.576089 0.127140 -0.142332 -0.025507
0.127140 0.049316 -0.025512 -0.003425
-0.142332 -0.025512 0.633571 0.140925
-0.025507 -0.003425 0.140925 0.055888
15.447358 1.301049 14.620716 1.643962
0.564680 0.120810 -0.124363 -0.019570
0.120810 0.047423 -0.019721 -0.002220
-0.124363 -0.019721 0.611163 0.131880
-0.019570 -0.002220 0.131880 0.052635
15.883677 1.259446 15.731129 1.702422
0.559765 0.117121 -0.102130 -0.013634
0.117121 0.046450 -0.013999 -0.001180
-0.102130 -0.013999 0.590161 0.124523
-0.013634 -0.001180 0.124523 0.050280
15.872421 1.137741 17.454548 1.875915
0.535944 0.110450 -0.067936 -0.006347
0.110450 0.045077 -0.007103 -0.000069
-0.067936 -0.007103 0.533603 0.110920
-0.006347 -0.000069 0.110920 0.047008
16.447893 1.133906 17.976876 1.789478
0.530882 0.108246 -0.063989 -0.005928
0.108246 0.044746 -0.006538 -0.000306
-0.063989 -0.006538 0.528889 0.109217
-0.005928 -0.000306 0.109217 0.046506
16.424005 1.006890 18.315941 1.666710
0.531267 0.107535 -0.067996 -0.007160
0.107535 0.044772 -0.007734 -0.000839
-0.067996 -0.007734 0.521478 0.107104
-0.007160 -0.000839 0.107104 0.045980
16.724381 0.970549 19.583098 1.753791
0.520507 0.105014 -0.056815 -0.005296
0.105014 0.044488 -0.005904 -0.000698
-0.056815 -0.005904 0.500498 0.102664
-0.005296 -0.000698 0.102664 0.045085
17.319145 1.000948 21.243251 1.917053
0.507789 0.102456 -0.047548 -0.004015
0.102456 0.044223 -0.004578 -0.000650
-0.047548 -0.004578 0.483561 0.099474
-0.004015 -0.000650 0.099474 0.044523
17.900957 1.017679 22.223419 1.922395
0.508016 0.102768 -0.046697 -0.004419
0.102768 0.044541 -0.004861 -0.000881
-0.046697 -0.004861 0.485718 0.100424
-0.004419 -0.000881 0.100424 0.044835
18.670424 1.072342 23.367106 1.962891
0.506372 0.102810 -0.035730 -0.002658
0.102810 0.044779 -0.003014 -0.000626
-0.035730 -0.003014 0.490116 0.101805
-0.002658 -0.000626 0.101805 0.045211
19.194444 1.072547 24.702687 2.036699
0.505735 0.103017 -0.031019 -0.002310
0.103017 0.045001 -0.002581 -0.000663
-0.031019 -0.002581 0.494677 0.102984
-0.002310 -0.000663 0.102984 0.045484
20.306644 1.193478 26.189376 2.138522
0.486374 0.099409 -0.021722 -0.001102
0.099409 0.044412 -0.001252 -0.000510
-0.021722 -0.001252 0.490324 0.102194
-0.001102 -0.000510 0.102194 0.045322
21.523264 1.322694 27.553431 2.203692
0.454996 0.093628 -0.010883 0.000357
0.093628 0.043402 0.000304 -0.000301
-0.010883 0.000304 0.475295 0.099232
0.000357 -0.000301 0.099232 0.044718
22.612812 1.411113 28.464110 2.165474
0.463593 0.096568 0.001074 0.002241
0.096568 0.044242 0.002185 0.000038
0.001074 0.002185 0.485728 0.101843
0.002241 0.000038 0.101843 0.045324
22.885115 1.320029 29.472732 2.148735
0.463410 0.097251 0.010778 0.003533
0.097251 0.044485 0.003506 0.000249
0.010778 0.003506 0.493180 0.103506
0.003533 0.000249 0.103506 0.045660
23.801963 1.374429 30.759666 2.193588
0.470545 0.099288 0.006349 0.001863
0.099288 0.044956 0.001843 -0.000150
0.006349 0.001843 0.510105 0.106945
0.001863 -0.000150 0.106945 0.046330
24.405625 1.356755 31.876581 2.197777
0.463077 0.097965 0.006501 0.001424
0.097965 0.044657 0.001409 -0.000228
0.006501 0.001409 0.515960 0.107745
0.001424 -0.000228 0.107745 0.046399
24.785034 1.293494 32.635424 2.127234
0.464546 0.098605 0.003248 0.000412
0.098605 0.044788 0.000384 -0.000405
0.003248 0.000384 0.519226 0.107972
0.000412 -0.000405 0.107972 0.046362
25.257844 1.257406 32.683567 1.917046
0.456040 0.096997 0.003384 0.000285
0.096997 0.044417 0.000271 -0.000363
0.003384 0.000271 0.501646 0.103909
0.000285 -0.000363 0.103909 0.045460
25.778885 1.234287 33.777089 1.945135
0.409317 0.087327 0.007444 0.001081
0.087327 0.042347 0.001049 -0.000127
0.007444 0.001049 0.494676 0.102473
0.001081 -0.000127 0.102473 0.045193
26.589297 1.276097 34.734154 1.941636
0.413705 0.089450 0.000237 -0.000555
0.089450 0.042960 -0.000652 -0.000437
0.000237 -0.000652 0.505535 0.104892
-0.000555 -0.000437 0.104892 0.045750
27.069014 1.241863 35.461123 1.891287
0.417921 0.091171 -0.012709 -0.003184
0.091171 0.043381 -0.003405 -0.000935
-0.012709 -0.003405 0.513301 0.106438
-0.003184 -0.000935 0.106438 0.046072
27.769662 1.259076 36.948826 2.003413
0.426766 0.093592 -0.021410 -0.004669
0.093592 0.043882 -0.004961 -0.001149
-0.021410 -0.004961 0.540235 0.111805
-0.004669 -0.001149 0.111805 0.047157
28.139025 1.202017 38.150732 2.044494
0.434921 0.095517 -0.024726 -0.004914
0.095517 0.044211 -0.005191 -0.001086
-0.024726 -0.005191 0.555086 0.114179
-0.004914 -0.001086 0.114179 0.047538
29.503549 1.369579 39.192550 2.049452
0.389553 0.085446 -0.026111 -0.004844
0.085446 0.041877 -0.005023 -0.000983
-0.026111 -0.005023 0.559513 0.114269
-0.004844 -0.000983 0.114269 0.047446
29.789344 1.281167 40.230526 2.051307
0.408233 0.090421 -0.032307 -0.005705
0.090421 0.043061 -0.005992 -0.001116
-0.032307 -0.005992 0.564713 0.114600
-0.005705 -0.001116 0.114600 0.047442
30.580990 1.313416 40.796531 1.958914
0.410188 0.091062 -0.035666 -0.005997
0.091062 0.043141 -0.006320 -0.001135
-0.035666 -0.006320 0.557775 0.112552
-0.005997 -0.001135 0.112552 0.046985
31.287583 1.325911 42.158963 2.036231
0.416276 0.092515 -0.032590 -0.005007
0.092515 0.043392 -0.005191 -0.000873
-0.032590 -0.005191 0.566586 0.113987
-0.005007 -0.000873 0.113987 0.047297
32.080750 1.354529 43.095720 2.020444
0.394937 0.087742 -0.014194 -0.001205
0.087742 0.042249 -0.000926 -0.000045
-0.014194 -0.000926 0.551631 0.110650
-0.001205 -0.000045 0.110650 0.046648
33.196379 1.448605 43.075974 1.815457
0.371266 0.082916 0.016198 0.004630
0.082916 0.041202 0.005444 0.001136
0.016198 0.005444 0.501563 0.100677
0.004630 0.001136 0.100677 0.044739
33.686769 1.395627 43.833341 1.784596
0.399771 0.090063 0.003902 0.001514
0.090063 0.042881 0.001825 0.000262
0.003902 0.001825 0.498759 0.100969
0.001514 0.000262 0.100969 0.045011
34.456030 1.412204 45.167806 1.874864
0.430482 0.096880 -0.002354 -0.000055
0.096880 0.044307 0.000036 -0.000145
-0.002354 0.000036 0.503165 0.102638
-0.000055 -0.000145 0.102638 0.045504
35.266397 1.435076 45.607844 1.772941
0.463150 0.103381 -0.006995 -0.001121
0.103381 0.045533 -0.001178 -0.000391
-0.006995 -0.001178 0.473729 0.097136
-0.001121 -0.000391 0.097136 0.044453
36.055675 1.450882 46.496534 1.773449
0.498902 0.109891 -0.019493 -0.003700
0.109891 0.046674 -0.003941 -0.000934
-0.019493 -0.003941 0.466127 0.096525
-0.003700 -0.000934 0.096525 0.044463
36.668054 1.426796 47.720867 1.843890
0.526514 0.114025 -0.032282 -0.006108
0.114025 0.047241 -0.006439 -0.001384
-0.032282 -0.006439 0.459499 0.096021
-0.006108 -0.001384 0.096021 0.044446
