4.033171 2.575398 0.884822 -0.538111
2.435165 0.974087 -0.324461 -0.129787
0.974087 80.393710 -0.129787 -0.051916
-0.324461 -0.129787 2.460481 0.984214
-0.129787 -0.051916 0.984214 80.397761
5.671485 3.239351 2.380811 2.560176
2.189691 3.828335 -0.281549 -0.431001
3.828335 14.965909 -0.429131 -1.581571
-0.281549 -0.429131 2.278113 3.978243
-0.431001 -1.581571 3.978243 15.292975
7.886573 3.911280 0.726154 -0.823109
1.907555 2.210354 -0.319873 -0.358247
2.210354 4.419656 -0.357886 -0.638734
-0.319873 -0.357886 2.063974 2.379992
-0.358247 -0.638734 2.379992 4.633071
8.623909 2.883187 1.059072 -0.204244
1.649331 1.396471 -0.208545 -0.167015
1.396471 1.864200 -0.166337 -0.224636
-0.208545 -0.166337 1.787172 1.498814
-0.167015 -0.224636 1.498814 1.955922
7.032439 0.873690 2.545602 0.835353
1.427678 0.947055 -0.164329 -0.106310
0.947055 0.951964 -0.106011 -0.112818
-0.164329 -0.106011 1.507288 0.989338
-0.106310 -0.112818 0.989338 0.983805
7.557274 0.921720 3.454209 1.100613
1.269064 0.691705 -0.116233 -0.063445
0.691705 0.557674 -0.063167 -0.058816
-0.116233 -0.063167 1.327195 0.717287
-0.063445 -0.058816 0.717287 0.575232
6.525811 0.231998 3.610695 0.922182
1.158843 0.536152 -0.141265 -0.066898
0.536152 0.361154 -0.066835 -0.046243
-0.141265 -0.066835 1.199359 0.551407
-0.066898 -0.046243 0.551407 0.371209
7.758359 0.679339 5.715168 1.578591
1.036075 0.416547 -0.094167 -0.038903
0.416547 0.244944 -0.038799 -0.025415
-0.094167 -0.038799 1.060089 0.424382
-0.038903 -0.025415 0.424382 0.250527
9.291642 1.103512 7.849139 2.055530
0.943641 0.336672 -0.083242 -0.030877
0.336672 0.177302 -0.030804 -0.017777
-0.083242 -0.030804 0.959640 0.341614
-0.030877 -0.017777 0.341614 0.181024
10.246783 1.233581 8.659753 1.985185
0.869423 0.279911 -0.094091 -0.031341
0.279911 0.135093 -0.031299 -0.014895
-0.094091 -0.031299 0.885784 0.285022
-0.031341 -0.014895 0.285022 0.138296
10.919197 1.250235 9.194435 1.850207
0.783822 0.230931 -0.067746 -0.020450
0.230931 0.105388 -0.020425 -0.009423
-0.067746 -0.020425 0.799964 0.235786
-0.020450 -0.009423 0.235786 0.108029
12.430134 1.492585 9.869744 1.781510
0.721775 0.197415 -0.049241 -0.013741
0.197415 0.086465 -0.013729 -0.006269
-0.049241 -0.013729 0.741045 0.202861
-0.013741 -0.006269 0.202861 0.088885
12.965591 1.438236 11.347832 1.932598
0.677374 0.174087 -0.044876 -0.011740
0.174087 0.074037 -0.011730 -0.004929
-0.044876 -0.011730 0.690136 0.177473
-0.011740 -0.004929 0.177473 0.075606
13.816558 1.470359 12.791230 2.049056
0.643424 0.156981 -0.034270 -0.008428
0.156981 0.065527 -0.008421 -0.003514
-0.034270 -0.008421 0.652414 0.159273
-0.008428 -0.003514 0.159273 0.066629
14.816484 1.532238 14.319531 2.166885
0.616090 0.143991 -0.027349 -0.006392
0.143991 0.059541 -0.006388 -0.002628
-0.027349 -0.006388 0.622347 0.145560
-0.006392 -0.002628 0.145560 0.060337
15.357434 1.481397 15.175838 2.115554
0.590378 0.133254 -0.024987 -0.005596
0.133254 0.055116 -0.005593 -0.002155
-0.024987 -0.005593 0.595170 0.134454
-0.005596 -0.002155 0.134454 0.055731
15.333459 1.313637 17.164205 2.319986
0.567513 0.124655 -0.015540 -0.003287
0.124655 0.051900 -0.003287 -0.001420
-0.015540 -0.003287 0.566806 0.124619
-0.003287 -0.001420 0.124619 0.052168
15.849958 1.283415 18.208077 2.294926
0.543680 0.117015 -0.013288 -0.002758
0.117015 0.049402 -0.002759 -0.001160
-0.013288 -0.002759 0.541860 0.116810
-0.002758 -0.001160 0.116810 0.049592
16.398853 1.263752 19.567821 2.340070
0.536410 0.113872 -0.010466 -0.002117
0.113872 0.048226 -0.002119 -0.000906
-0.010466 -0.002119 0.533768 0.113558
-0.002117 -0.000906 0.113558 0.048359
16.785090 1.212090 20.426708 2.274481
0.524480 0.110185 -0.010050 -0.002015
0.110185 0.047123 -0.002017 -0.000795
-0.010050 -0.002017 0.521283 0.109803
-0.002015 -0.000795 0.109803 0.047211
17.954850 1.329620 21.043806 2.165735
0.510896 0.106621 -0.009441 -0.001854
0.106621 0.046201 -0.001856 -0.000685
-0.009441 -0.001856 0.508865 0.106517
-0.001854 -0.000685 0.106517 0.046321
18.585319 1.322492 22.184849 2.177865
0.502514 0.104553 -0.011879 -0.002322
0.104553 0.045704 -0.002322 -0.000719
-0.011879 -0.002322 0.500564 0.104462
-0.002322 -0.000719 0.104462 0.045797
19.109131 1.294053 23.537548 2.232789
0.494402 0.102770 -0.018328 -0.003568
0.102770 0.045323 -0.003564 -0.000916
-0.018328 -0.003564 0.492661 0.102707
-0.003568 -0.000916 0.102707 0.045396
19.905992 1.325282 24.707763 2.244163
0.486708 0.101260 -0.013437 -0.002332
0.101260 0.045035 -0.002331 -0.000588
-0.013437 -0.002331 0.485648 0.101316
-0.002332 -0.000588 0.101316 0.045111
20.175003 1.242608 25.321654 2.137474
0.483231 0.100755 -0.012613 -0.002072
0.100755 0.044974 -0.002071 -0.000501
-0.012613 -0.002071 0.481969 0.100733
-0.002072 -0.000501 0.100733 0.045014
20.458719 1.172037 26.388422 2.136619
0.482989 0.100946 -0.012546 -0.001995
0.100946 0.045052 -0.001994 -0.000463
-0.012546 -0.001994 0.482322 0.101021
-0.001995 -0.000463 0.101021 0.045098
20.960631 1.153945 27.120125 2.065878
0.488532 0.102302 -0.010016 -0.001406
0.102302 0.045358 -0.001405 -0.000323
-0.010016 -0.001405 0.488089 0.102389
-0.001406 -0.000323 0.102389 0.045393
22.078042 1.266898 27.958768 2.025873
0.484139 0.101423 -0.004866 -0.000341
0.101423 0.045162 -0.000341 -0.000100
-0.004866 -0.000341 0.484799 0.101705
-0.000341 -0.000100 0.101705 0.045227
22.724488 1.269282 28.681759 1.965026
0.481948 0.101070 -0.004062 -0.000282
0.101070 0.045090 -0.000281 -0.000106
-0.004062 -0.000281 0.483311 0.101447
-0.000282 -0.000106 0.101447 0.045164
23.091413 1.213202 29.799013 1.993065
0.480472 0.100882 -0.001650 0.000124
0.100882 0.045055 0.000127 -0.000033
-0.001650 0.000127 0.483666 0.101589
0.000124 -0.000033 0.101589 0.045188
23.528452 1.177270 30.397739 1.909356
0.483234 0.101577 -0.004582 -0.000612
0.101577 0.045202 -0.000610 -0.000201
-0.004582 -0.000610 0.486713 0.102264
-0.000612 -0.000201 0.102264 0.045320
24.091181 1.171825 31.355508 1.909988
0.481391 0.101219 -0.004234 -0.000576
0.101219 0.045112 -0.000573 -0.000188
-0.004234 -0.000573 0.486612 0.102206
-0.000576 -0.000188 0.102206 0.045285
24.957255 1.230711 32.221075 1.891375
0.479103 0.100788 -0.007611 -0.001316
0.100788 0.045013 -0.001314 -0.000338
-0.007611 -0.001314 0.485708 0.101982
-0.001316 -0.000338 0.101982 0.045221
25.021104 1.114610 33.189175 1.895702
0.478837 0.100813 -0.004998 -0.000720
0.100813 0.045017 -0.000716 -0.000193
-0.004998 -0.000716 0.487828 0.102418
-0.000720 -0.000193 0.102418 0.045304
25.203436 1.035601 34.118668 1.891600
0.476261 0.100335 -0.000288 0.000256
0.100335 0.044912 0.000265 0.000017
-0.000288 0.000265 0.487629 0.102326
0.000256 0.000017 0.102326 0.045269
25.990840 1.092438 35.034489 1.885435
0.474186 0.099991 0.001108 0.000450
0.099991 0.044840 0.000459 0.000045
0.001108 0.000459 0.487317 0.102220
0.000450 0.000045 0.102220 0.045237
27.221961 1.237010 35.945120 1.878873
0.472156 0.099670 -0.000926 -0.000080
0.099670 0.044776 -0.000074 -0.000078
-0.000926 -0.000074 0.486566 0.102035
-0.000080 -0.000078 0.102035 0.045193
27.844092 1.237791 36.971903 1.897189
0.469663 0.099261 -0.004531 -0.000873
0.099261 0.044693 -0.000874 -0.000241
-0.004531 -0.000874 0.486859 0.102090
-0.000873 -0.000241 0.102090 0.045204
28.649057 1.277152 37.851808 1.882836
0.469310 0.099323 -0.003966 -0.000708
0.099323 0.044713 -0.000708 -0.000187
-0.003966 -0.000708 0.488043 0.102328
-0.000708 -0.000187 0.102328 0.045253
29.705085 1.365470 38.411034 1.802860
0.472872 0.100183 -0.010269 -0.002000
0.100183 0.044893 -0.002014 -0.000449
-0.010269 -0.002014 0.490656 0.102843
-0.002000 -0.000449 0.102843 0.045355
30.224645 1.330770 39.114159 1.761219
0.469655 0.099503 -0.014039 -0.002643
0.099503 0.044728 -0.002662 -0.000553
-0.014039 -0.002662 0.489547 0.102533
-0.002643 -0.000553 0.102533 0.045278
31.165428 1.388853 39.700316 1.699847
0.467982 0.099204 -0.018537 -0.003394
0.099204 0.044657 -0.003421 -0.000679
-0.018537 -0.003421 0.488303 0.102232
-0.003394 -0.000679 0.102232 0.045212
31.629735 1.340082 40.589490 1.707710
0.464126 0.098461 -0.018515 -0.003158
0.098461 0.044497 -0.003173 -0.000594
-0.018515 -0.003173 0.488013 0.102169
-0.003158 -0.000594 0.102169 0.045204
32.268906 1.334600 41.998558 1.823935
0.461991 0.098135 -0.019268 -0.003136
0.098135 0.044435 -0.003140 -0.000571
-0.019268 -0.003140 0.491610 0.102927
-0.003136 -0.000571 0.102927 0.045368
32.764517 1.299554 43.568935 1.961366
0.460504 0.097957 -0.019169 -0.002967
0.097957 0.044404 -0.002954 -0.000526
-0.019169 -0.002954 0.496961 0.103982
-0.002967 -0.000526 0.103982 0.045580
33.334646 1.282696 44.596122 1.970888
0.458992 0.097756 -0.022572 -0.003572
0.097756 0.044363 -0.003567 -0.000658
-0.022572 -0.003567 0.498699 0.104182
-0.003572 -0.000658 0.104182 0.045596
34.280415 1.347440 45.503623 1.955471
0.458041 0.097665 -0.027763 -0.004513
0.097665 0.044341 -0.004530 -0.000856
-0.027763 -0.004530 0.499302 0.104140
-0.004513 -0.000856 0.104140 0.045566
34.882333 1.331080 46.165751 1.889435
0.453407 0.096799 -0.023594 -0.003453
0.096799 0.044157 -0.003440 -0.000618
-0.023594 -0.003440 0.495980 0.103334
-0.003453 -0.000618 0.103334 0.045392
34.908248 1.194075 47.081818 1.881292
0.453108 0.096904 -0.023798 -0.003422
0.096904 0.044187 -0.003399 -0.000624
-0.023798 -0.003399 0.499874 0.104112
-0.003422 -0.000624 0.104112 0.045564
35.506615 1.193817 47.867119 1.848946
0.449992 0.096339 -0.031329 -0.004950
0.096339 0.044059 -0.004967 -0.000969
-0.031329 -0.004967 0.499722 0.103958
-0.004950 -0.000969 0.103958 0.045523
