1.459791 1.546023 1.844244 -0.154334
0.972922 0.389177 0.833139 0.333263
0.389177 80.159741 0.333263 0.133308
0.833139 0.333263 2.875533 1.150238
0.333263 0.133308 1.150238 80.464172
5.105675 6.960924 2.153156 0.285967
2.942951 5.695987 -1.524141 -2.846925
5.695987 14.531410 -3.122005 -3.218260
-1.524141 -3.122005 3.006303 5.283174
-2.846925 -3.218260 5.283174 18.700188
8.753765 7.005954 0.625448 -1.678814
2.278161 2.454817 -0.400105 -0.128824
2.454817 3.432266 -0.237072 0.531301
-0.400105 -0.237072 2.419155 2.820966
-0.128824 0.531301 2.820966 5.291837
6.860084 2.961374 -0.097030 -2.077488
0.883463 0.707970 0.801842 0.754422
0.707970 0.873111 0.679276 0.758591
0.801842 0.679276 1.385156 1.236558
0.754422 0.758591 1.236558 1.801590
8.971400 3.343966 0.522694 -0.904371
0.847466 0.542268 0.425442 0.256815
0.542268 0.499670 0.260230 0.213185
0.425442 0.260230 0.982839 0.691883
0.256815 0.213185 0.691883 0.804281
9.477713 2.686877 3.186437 1.045263
0.637531 0.331975 0.457173 0.241854
0.331975 0.261929 0.232589 0.157160
0.457173 0.232589 0.759310 0.434581
0.241854 0.157160 0.434581 0.416042
11.669092 3.052103 4.964116 1.657958
0.652150 0.295450 0.327067 0.129519
0.295450 0.192582 0.134493 0.074362
0.327067 0.134493 0.763882 0.386133
0.129519 0.074362 0.386133 0.296402
13.053490 2.971152 7.213589 2.315523
0.590209 0.234807 0.166232 0.045317
0.234807 0.135878 0.054274 0.028873
0.166232 0.054274 0.750942 0.335051
0.045317 0.028873 0.335051 0.215943
12.947850 2.408752 7.909352 2.185616
0.517170 0.183970 0.025440 -0.007180
0.183970 0.098760 0.001764 0.006360
0.025440 0.001764 0.770059 0.304179
-0.007180 0.006360 0.304179 0.167684
13.835773 2.305933 9.219354 2.266859
0.567160 0.183304 -0.016865 -0.015638
0.183304 0.087218 -0.007562 0.002877
-0.016865 -0.007562 0.809199 0.282704
-0.015638 0.002877 0.282704 0.135692
12.426417 1.545686 8.471512 1.697911
0.409116 0.120482 -0.190932 -0.062539
0.120482 0.060324 -0.055011 -0.011613
-0.190932 -0.055011 0.750750 0.235744
-0.062539 -0.011613 0.235744 0.104807
12.733504 1.413576 9.318749 1.693733
0.432277 0.120497 -0.196592 -0.053126
0.120497 0.056560 -0.047685 -0.008084
-0.196592 -0.047685 0.755310 0.215691
-0.053126 -0.008084 0.215691 0.088727
13.209104 1.370104 11.372991 2.012435
0.459520 0.122091 -0.165736 -0.036698
0.122091 0.054264 -0.033769 -0.003748
-0.165736 -0.033769 0.702509 0.184921
-0.036698 -0.003748 0.184921 0.073662
13.737282 1.336433 12.757488 2.104052
0.499610 0.126249 -0.167960 -0.032003
0.126249 0.053084 -0.030703 -0.002999
-0.167960 -0.030703 0.696499 0.171128
-0.032003 -0.002999 0.171128 0.065796
14.661552 1.395426 13.591605 2.057977
0.514944 0.124417 -0.141137 -0.022247
0.124417 0.050974 -0.021607 -0.001132
-0.141137 -0.021607 0.681069 0.158346
-0.022247 -0.001132 0.158346 0.059918
15.530909 1.441922 14.927565 2.131019
0.524514 0.121780 -0.116848 -0.015073
0.121780 0.049164 -0.015115 -0.000172
-0.116848 -0.015115 0.650268 0.144357
-0.015073 -0.000172 0.144357 0.054877
16.213280 1.432039 15.933308 2.117239
0.517789 0.116110 -0.096725 -0.010394
0.116110 0.047072 -0.010855 0.000126
-0.096725 -0.010855 0.608212 0.130187
-0.010394 0.000126 0.130187 0.050661
16.753517 1.406026 17.737895 2.271533
0.523102 0.114215 -0.078802 -0.006655
0.114215 0.046233 -0.007529 0.000306
-0.078802 -0.007529 0.574814 0.119976
-0.006655 0.000306 0.119976 0.047955
16.773073 1.258775 18.876399 2.260207
0.513274 0.109500 -0.071079 -0.005812
0.109500 0.044972 -0.006961 -0.000114
-0.071079 -0.006961 0.531551 0.109025
-0.005812 -0.000114 0.109025 0.045463
17.421138 1.261865 19.946372 2.248130
0.518063 0.109023 -0.047573 -0.001561
0.109023 0.044910 -0.002496 0.000432
-0.047573 -0.002496 0.526382 0.107559
-0.001561 0.000432 0.107559 0.045295
17.953048 1.242950 21.211383 2.275613
0.506668 0.105570 -0.016464 0.003599
0.105570 0.044304 0.002832 0.001104
-0.016464 0.002832 0.502626 0.102635
0.003599 0.001104 0.102635 0.044464
17.989931 1.114804 21.622821 2.120545
0.501311 0.103484 -0.028178 -0.000298
0.103484 0.043985 -0.001070 -0.000085
-0.028178 -0.001070 0.484012 0.098771
-0.000298 -0.000085 0.098771 0.043818
18.652432 1.137151 22.768089 2.138980
0.504094 0.103676 -0.022786 -0.000105
0.103676 0.044239 -0.000728 -0.000216
-0.022786 -0.000728 0.487099 0.099968
-0.000105 -0.000216 0.099968 0.044304
19.456414 1.180913 23.140119 1.996768
0.493730 0.101283 -0.020263 -0.000525
0.101283 0.043946 -0.001023 -0.000445
-0.020263 -0.001023 0.476736 0.098248
-0.000525 -0.000445 0.098248 0.044116
19.796867 1.131084 24.430984 2.055957
0.497830 0.102202 -0.019238 -0.001003
0.102202 0.044361 -0.001399 -0.000611
-0.019238 -0.001399 0.483223 0.100152
-0.001003 -0.000611 0.100152 0.044673
20.154416 1.085663 24.832701 1.924590
0.502743 0.103279 -0.017562 -0.001208
0.103279 0.044767 -0.001548 -0.000687
-0.017562 -0.001548 0.485123 0.100891
-0.001208 -0.000687 0.100891 0.044918
20.315288 1.007387 25.868451 1.938407
0.487360 0.100185 -0.003122 0.001270
0.100185 0.044281 0.000981 -0.000193
-0.003122 0.000981 0.476224 0.099331
0.001270 -0.000193 0.099331 0.044658
20.142250 0.868160 27.009638 1.972601
0.481861 0.099434 0.012016 0.003804
0.099434 0.044307 0.003542 0.000299
0.012016 0.003542 0.477919 0.100083
0.003804 0.000299 0.100083 0.044886
20.902145 0.935699 28.036445 1.981457
0.474399 0.098299 0.003489 0.001248
0.098299 0.044221 0.001071 -0.000278
0.003489 0.001071 0.482088 0.101189
0.001248 -0.000278 0.101189 0.045142
21.616736 0.987082 29.106469 1.998180
0.468086 0.097484 -0.002316 -0.000369
0.097484 0.044186 -0.000501 -0.000585
-0.002316 -0.000501 0.488515 0.102640
-0.000369 -0.000585 0.102640 0.045442
22.434845 1.055247 29.449546 1.860393
0.456464 0.095579 0.002667 0.000518
0.095579 0.043899 0.000411 -0.000330
0.002667 0.000411 0.478492 0.100479
0.000518 -0.000330 0.100479 0.044954
23.344861 1.135621 30.736819 1.935290
0.446897 0.094218 -0.007843 -0.001878
0.094218 0.043723 -0.001983 -0.000786
-0.007843 -0.001983 0.489230 0.102888
-0.001878 -0.000786 0.102888 0.045472
23.798609 1.111320 31.886116 1.973489
0.434026 0.092180 -0.017033 -0.003717
0.092180 0.043382 -0.003830 -0.001084
-0.017033 -0.003830 0.496592 0.104332
-0.003717 -0.001084 0.104332 0.045737
24.347252 1.109830 32.929912 1.985447
0.431483 0.092421 -0.014802 -0.002975
0.092421 0.043520 -0.003052 -0.000814
-0.014802 -0.003052 0.506788 0.106234
-0.002975 -0.000814 0.106234 0.046080
25.160030 1.165491 33.981086 1.997840
0.443728 0.095698 -0.020464 -0.003958
0.095698 0.044264 -0.004056 -0.000952
-0.020464 -0.004056 0.523489 0.109328
-0.003958 -0.000952 0.109328 0.046652
26.457333 1.320620 35.485661 2.103762
0.451406 0.097563 -0.028116 -0.005268
0.097563 0.044610 -0.005391 -0.001158
-0.028116 -0.005391 0.547728 0.113720
-0.005268 -0.001158 0.113720 0.047459
27.857327 1.480448 36.493664 2.096178
0.434810 0.093936 -0.034102 -0.006169
0.093936 0.043733 -0.006292 -0.001278
-0.034102 -0.006292 0.550236 0.113263
-0.006169 -0.001278 0.113263 0.047220
28.257248 1.406145 37.370154 2.060123
0.429195 0.092988 -0.042818 -0.007561
0.092988 0.043510 -0.007739 -0.001510
-0.042818 -0.007739 0.554767 0.113373
-0.007561 -0.001510 0.113373 0.047154
29.307945 1.482318 38.522707 2.086360
0.442536 0.096213 -0.044102 -0.007290
0.096213 0.044206 -0.007461 -0.001375
-0.044102 -0.007461 0.565320 0.114828
-0.007290 -0.001375 0.114828 0.047404
30.300345 1.530775 38.186020 1.808476
0.404275 0.087833 -0.042204 -0.006696
0.087833 0.042303 -0.006775 -0.001242
-0.042204 -0.006775 0.533345 0.107657
-0.006696 -0.001242 0.107657 0.045914
30.967282 1.511942 39.622606 1.915686
0.414768 0.090849 -0.046582 -0.007242
0.090849 0.043046 -0.007311 -0.001327
-0.046582 -0.007311 0.557327 0.112538
-0.007242 -0.001327 0.112538 0.047004
31.430920 1.448373 40.731711 1.944492
0.430374 0.094578 -0.052531 -0.008077
0.094578 0.043846 -0.008272 -0.001498
-0.052531 -0.008272 0.568134 0.114319
-0.008077 -0.001498 0.114319 0.047368
31.736705 1.354860 41.492610 1.899316
0.440737 0.096737 -0.054422 -0.008103
0.096737 0.044221 -0.008397 -0.001508
-0.054422 -0.008397 0.562659 0.112752
-0.008103 -0.001508 0.112752 0.047046
32.483044 1.371077 42.601606 1.931762
0.444441 0.097276 -0.044867 -0.005931
0.097276 0.044232 -0.006029 -0.001039
-0.044867 -0.006029 0.560028 0.112056
-0.005931 -0.001039 0.112056 0.046956
33.311967 1.398969 43.054889 1.830011
0.442670 0.096601 -0.031665 -0.003312
0.096601 0.043996 -0.003310 -0.000555
-0.031665 -0.003310 0.534480 0.106902
-0.003312 -0.000555 0.106902 0.045988
34.058610 1.409980 44.086956 1.853848
0.469714 0.102199 -0.034445 -0.003965
0.102199 0.045143 -0.004205 -0.000791
-0.034445 -0.004205 0.530698 0.106498
-0.003965 -0.000791 0.106498 0.046030
34.904873 1.440769 45.053238 1.862626
0.501274 0.108207 -0.038992 -0.004901
0.108207 0.046285 -0.005404 -0.001058
-0.038992 -0.005404 0.520818 0.104870
-0.004901 -0.001058 0.104870 0.045801
35.753802 1.465741 45.535712 1.772355
0.495165 0.105782 -0.011916 0.000432
0.105782 0.045586 0.000036 -0.000002
-0.011916 0.000036 0.462556 0.093723
0.000432 -0.000002 0.093723 0.043678
36.205666 1.407961 46.824363 1.853920
0.509657 0.107924 -0.022406 -0.002254
0.107924 0.045932 -0.002703 -0.000667
-0.022406 -0.002703 0.462440 0.095108
-0.002254 -0.000667 0.095108 0.044197
36.666921 1.357733 47.946291 1.893529
0.534202 0.112068 -0.039511 -0.005999
0.112068 0.046702 -0.006504 -0.001473
-0.039511 -0.006504 0.459331 0.095542
-0.005999 -0.001473 0.095542 0.044408
