1.758896 1.665668 2.730971 0.200365
1.228901 0.491571 0.534551 0.213825
0.491571 80.200699 0.213825 0.085532
0.534551 0.213825 3.087008 1.234830
0.213825 0.085532 1.234830 80.498009
3.697137 3.655976 4.336559 2.703906
2.408695 4.581580 -1.788871 -3.154616
4.581580 13.178744 -3.468562 -4.503376
-1.788871 -3.468562 2.694897 4.663563
-3.154616 -4.503376 4.663563 18.127174
4.590862 2.532729 5.409678 2.107910
2.832775 3.150640 -1.141538 -0.750931
3.150640 4.458815 -0.955730 -0.404634
-1.141538 -0.955730 2.904500 3.449637
-0.750931 -0.404634 3.449637 6.080391
5.045422 1.932490 6.958900 2.435640
2.575298 1.945866 -0.868684 -0.438483
1.945866 1.836530 -0.529804 -0.273778
-0.868684 -0.529804 2.424082 1.971712
-0.438483 -0.273778 1.971712 2.278580
8.028564 3.033460 5.808539 1.043763
1.926886 1.106780 -0.602659 -0.256735
1.106780 0.824953 -0.311753 -0.165581
-0.602659 -0.311753 1.227896 0.752237
-0.256735 -0.165581 0.752237 0.779883
8.067976 2.325252 6.056807 0.816795
0.753514 0.349321 -0.414131 -0.187572
0.349321 0.278034 -0.168052 -0.102597
-0.414131 -0.168052 1.340802 0.712952
-0.187572 -0.102597 0.712952 0.556974
9.555149 2.466097 6.554442 0.871408
0.848828 0.355677 -0.382925 -0.143156
0.355677 0.227395 -0.136013 -0.069373
-0.382925 -0.136013 1.359545 0.615294
-0.143156 -0.069373 0.615294 0.390745
10.141614 2.214652 6.649296 0.715867
0.724078 0.269571 -0.339874 -0.114071
0.269571 0.157021 -0.107760 -0.050256
-0.339874 -0.107760 1.287459 0.504126
-0.114071 -0.050256 0.504126 0.274700
11.001759 2.136228 7.475715 0.874728
0.751076 0.254811 -0.274401 -0.079273
0.254811 0.130249 -0.077796 -0.033062
-0.274401 -0.077796 1.164640 0.402652
-0.079273 -0.033062 0.402652 0.196776
11.232895 1.884162 8.780206 1.133089
0.733349 0.226983 -0.233150 -0.060766
0.226983 0.106131 -0.061023 -0.024201
-0.233150 -0.061023 1.031935 0.320525
-0.060766 -0.024201 0.320525 0.145215
12.501902 1.975127 9.018520 1.043327
0.723128 0.206100 -0.213026 -0.051427
0.206100 0.089689 -0.051926 -0.019127
-0.213026 -0.051926 0.984228 0.279413
-0.051427 -0.019127 0.279413 0.117530
12.355949 1.675357 9.921138 1.131852
0.638439 0.168867 -0.211518 -0.049053
0.168867 0.072523 -0.049444 -0.016844
-0.211518 -0.049444 0.869965 0.227970
-0.049053 -0.016844 0.227970 0.093159
12.773713 1.577859 11.544994 1.390275
0.591856 0.148043 -0.172465 -0.036862
0.148043 0.062958 -0.037553 -0.012388
-0.172465 -0.037553 0.743666 0.182892
-0.036862 -0.012388 0.182892 0.075300
13.724614 1.617311 12.284598 1.402363
0.559429 0.133825 -0.149254 -0.029922
0.133825 0.056733 -0.030560 -0.009720
-0.149254 -0.030560 0.679378 0.159350
-0.029922 -0.009720 0.159350 0.065649
14.020324 1.499152 13.151812 1.435369
0.543951 0.125614 -0.137602 -0.026227
0.125614 0.052988 -0.026933 -0.008143
-0.137602 -0.026933 0.629582 0.142301
-0.026227 -0.008143 0.142301 0.059069
14.722528 1.490196 14.079629 1.481551
0.536813 0.120673 -0.109417 -0.019104
0.120673 0.050680 -0.019723 -0.005955
-0.109417 -0.019723 0.599365 0.131973
-0.019104 -0.005955 0.131973 0.055052
15.305022 1.454576 14.862841 1.489260
0.540347 0.118776 -0.091383 -0.014833
0.118776 0.049439 -0.015393 -0.004632
-0.091383 -0.015393 0.586675 0.126603
-0.014833 -0.004632 0.126603 0.052701
15.583629 1.360226 15.978123 1.564477
0.544213 0.117339 -0.074177 -0.011111
0.117339 0.048547 -0.011700 -0.003587
-0.074177 -0.011700 0.565780 0.120112
-0.011111 -0.003587 0.120112 0.050477
16.247907 1.365350 17.969060 1.819057
0.505205 0.107339 -0.026137 -0.001521
0.107339 0.046067 -0.002077 -0.001461
-0.026137 -0.002077 0.496050 0.104325
-0.001521 -0.001461 0.104325 0.046659
16.593012 1.294539 18.959513 1.834105
0.491954 0.103612 -0.037490 -0.004977
0.103612 0.045143 -0.005478 -0.002191
-0.037490 -0.005478 0.470795 0.098995
-0.004977 -0.002191 0.098995 0.045339
17.077614 1.260624 19.939054 1.846509
0.486048 0.101994 -0.035069 -0.004953
0.101994 0.044801 -0.005379 -0.002067
-0.035069 -0.005379 0.459642 0.097146
-0.004953 -0.002067 0.097146 0.044889
17.996828 1.320594 20.693013 1.811761
0.489859 0.102651 -0.029929 -0.004175
0.102651 0.044985 -0.004516 -0.001767
-0.029929 -0.004516 0.468878 0.099694
-0.004175 -0.001767 0.099694 0.045394
18.608204 1.310426 21.622327 1.816569
0.496133 0.103784 -0.030813 -0.004645
0.103784 0.045252 -0.004918 -0.001752
-0.030813 -0.004918 0.476193 0.101444
-0.004645 -0.001752 0.101444 0.045662
18.968984 1.248882 22.516993 1.812626
0.497655 0.103887 -0.022985 -0.003142
0.103887 0.045294 -0.003398 -0.001325
-0.022985 -0.003398 0.477249 0.101650
-0.003142 -0.001325 0.101650 0.045581
19.080920 1.143392 23.962016 1.925774
0.485497 0.101205 -0.002371 0.000964
0.101205 0.044765 0.000674 -0.000397
-0.002371 0.000674 0.465595 0.099125
0.000964 -0.000397 0.099125 0.044939
19.910868 1.197688 25.213797 1.987832
0.480528 0.100284 0.014224 0.003929
0.100284 0.044646 0.003636 0.000230
0.014224 0.003636 0.469690 0.100136
0.003929 0.000230 0.100136 0.045105
20.382139 1.171029 25.896472 1.921458
0.479133 0.100177 0.015780 0.003521
0.100177 0.044695 0.003278 0.000122
0.015780 0.003278 0.470724 0.100325
0.003521 0.000122 0.100325 0.045073
20.994027 1.176815 26.635534 1.874218
0.466491 0.097721 0.010197 0.001769
0.097721 0.044239 0.001590 -0.000228
0.010197 0.001590 0.464621 0.098960
0.001769 -0.000228 0.098960 0.044717
21.411177 1.141234 27.317760 1.820153
0.478732 0.100702 0.006482 0.000663
0.100702 0.044951 0.000523 -0.000401
0.006482 0.000523 0.478458 0.101963
0.000663 -0.000401 0.101963 0.045326
22.253591 1.197321 28.814004 1.944296
0.473285 0.099650 -0.005292 -0.001942
0.099650 0.044739 -0.002067 -0.000866
-0.005292 -0.002067 0.492663 0.104744
-0.001942 -0.000866 0.104744 0.045838
23.365575 1.305293 29.965924 1.981639
0.479185 0.101056 -0.008249 -0.002389
0.101056 0.045055 -0.002505 -0.000837
-0.008249 -0.002505 0.509121 0.107723
-0.002389 -0.000837 0.107723 0.046355
24.078391 1.318053 30.884542 1.966415
0.478673 0.100946 -0.004767 -0.001419
0.100946 0.045016 -0.001517 -0.000521
-0.004767 -0.001517 0.516288 0.108492
-0.001419 -0.000521 0.108492 0.046383
25.104548 1.395688 31.561674 1.902304
0.470372 0.099211 -0.017130 -0.003855
0.099211 0.044641 -0.003964 -0.000962
-0.017130 -0.003964 0.513465 0.107195
-0.003855 -0.000962 0.107195 0.046011
25.889978 1.414222 32.867235 1.975966
0.464861 0.098211 -0.014417 -0.002927
0.098211 0.044451 -0.003003 -0.000666
-0.014417 -0.003003 0.526737 0.109457
-0.002927 -0.000666 0.109457 0.046441
26.728570 1.442044 33.814339 1.967603
0.465861 0.098654 -0.020540 -0.003947
0.098654 0.044572 -0.004037 -0.000826
-0.020540 -0.004037 0.534010 0.110327
-0.003947 -0.000826 0.110327 0.046564
27.487201 1.450030 34.803524 1.968757
0.466047 0.098840 -0.029882 -0.005555
0.098840 0.044617 -0.005679 -0.001108
-0.029882 -0.005679 0.542882 0.111525
-0.005555 -0.001108 0.111525 0.046767
28.281231 1.464491 35.689747 1.948838
0.457679 0.097171 -0.031950 -0.005575
0.097171 0.044258 -0.005671 -0.001045
-0.031950 -0.005671 0.544318 0.111190
-0.005575 -0.001045 0.111190 0.046665
28.549873 1.367450 37.282314 2.073342
0.445741 0.094840 -0.044387 -0.007773
0.094840 0.043776 -0.007866 -0.001459
-0.044387 -0.007866 0.568712 0.115628
-0.007773 -0.001459 0.115628 0.047560
28.535837 1.216377 37.881202 1.982133
0.420268 0.089819 -0.043688 -0.007213
0.089819 0.042752 -0.007223 -0.001290
-0.043688 -0.007223 0.557971 0.112653
-0.007213 -0.001290 0.112653 0.046902
29.482731 1.289288 38.804293 1.970036
0.425979 0.091908 -0.040757 -0.006198
0.091908 0.043320 -0.006181 -0.001047
-0.040757 -0.006181 0.559813 0.112625
-0.006198 -0.001047 0.112625 0.046927
29.981596 1.257326 39.739127 1.959189
0.427293 0.092694 -0.043076 -0.006424
0.092694 0.043510 -0.006436 -0.001109
-0.043076 -0.006436 0.563497 0.113024
-0.006424 -0.001109 0.113024 0.047042
30.584583 1.252807 40.911661 1.997725
0.444074 0.096677 -0.046936 -0.006900
0.096677 0.044357 -0.007024 -0.001223
-0.046936 -0.007024 0.572279 0.114470
-0.006900 -0.001223 0.114470 0.047366
31.262732 1.261597 41.493790 1.914733
0.417747 0.090892 -0.034355 -0.004353
0.090892 0.043008 -0.004157 -0.000703
-0.034355 -0.004157 0.557082 0.111152
-0.004353 -0.000703 0.111152 0.046737
32.075463 1.302370 42.607706 1.947094
0.419592 0.091749 -0.029056 -0.003348
0.091749 0.043219 -0.003093 -0.000549
-0.029056 -0.003093 0.558215 0.111416
-0.003348 -0.000549 0.111416 0.046877
32.393726 1.230594 43.827212 1.994440
0.433060 0.094953 -0.031584 -0.003946
0.094953 0.043898 -0.003878 -0.000758
-0.031584 -0.003878 0.555880 0.110945
-0.003946 -0.000758 0.110945 0.046846
33.073311 1.242510 44.408544 1.911589
0.431901 0.094672 -0.015749 -0.000898
0.094672 0.043766 -0.000711 -0.000172
-0.015749 -0.000711 0.521548 0.104238
-0.000898 -0.000172 0.104238 0.045587
33.475182 1.195119 45.517769 1.941515
0.444550 0.097345 -0.015928 -0.001258
0.097345 0.044281 -0.001216 -0.000345
-0.015928 -0.001216 0.510754 0.102749
-0.001258 -0.000345 0.102749 0.045446
34.805949 1.352766 45.855058 1.815807
0.428229 0.093606 0.033081 0.008307
0.093606 0.043397 0.008885 0.001636
0.033081 0.008885 0.437475 0.088829
0.008307 0.001636 0.088829 0.042799
35.328176 1.318929 46.609578 1.783884
0.439253 0.096033 0.031367 0.006833
0.096033 0.043910 0.007246 0.001111
0.031367 0.007246 0.415224 0.086130
0.006833 0.001111 0.086130 0.042541
35.976585 1.316136 47.806927 1.848694
0.471650 0.102897 0.013945 0.002252
0.102897 0.045351 0.002517 0.000015
0.013945 0.002517 0.421287 0.089356
0.002252 0.000015 0.089356 0.043455
