2.346179 1.900586 0.540057 -0.676020
1.910308 0.764140 -0.154480 -0.061793
0.764140 80.309729 -0.061793 -0.024718
-0.154480 -0.061793 4.100914 1.640401
-0.061793 -0.024718 1.640401 80.660241
3.410564 2.144548 3.282048 4.315678
3.267378 5.862738 -1.118971 -1.771864
5.862738 17.235076 -1.982697 -3.558063
-1.118971 -1.982697 2.378175 3.839075
-1.771864 -3.558063 3.839075 18.860719
8.596148 6.480425 2.027091 0.453508
2.172307 2.339545 -0.656343 -0.609228
2.339545 4.141810 -0.589322 -0.772158
-0.656343 -0.589322 2.909050 3.567616
-0.609228 -0.772158 3.567616 7.038765
8.258473 3.644807 3.616021 1.467213
0.661682 0.540547 0.466130 0.436449
0.540547 1.076823 0.411928 0.249477
0.466130 0.411928 1.713676 1.511172
0.436449 0.249477 1.511172 2.265760
9.719468 3.377394 4.158120 1.359906
0.770203 0.580984 0.191347 0.072876
0.580984 0.723199 0.061892 -0.049859
0.191347 0.061892 1.658221 1.175778
0.072876 -0.049859 1.175778 1.255536
8.490374 1.656136 2.313438 0.080238
0.405838 0.251073 0.035142 -0.004690
0.251073 0.300335 -0.042389 -0.053048
0.035142 -0.042389 1.740904 1.004217
-0.004690 -0.053048 1.004217 0.800980
9.868439 1.920403 3.997576 0.842008
0.553623 0.304943 -0.031766 -0.038156
0.304943 0.251261 -0.048401 -0.039206
-0.031766 -0.048401 1.340560 0.641108
-0.038156 -0.039206 0.641108 0.441241
10.461062 1.747123 4.532397 0.897948
0.686539 0.321853 -0.080791 -0.050259
0.321853 0.204702 -0.054794 -0.031045
-0.080791 -0.054794 1.257585 0.519412
-0.050259 -0.031045 0.519412 0.304701
10.439447 1.376061 6.676396 1.524018
0.624855 0.250835 -0.087436 -0.040324
0.250835 0.139584 -0.043111 -0.018773
-0.087436 -0.043111 1.086002 0.394379
-0.040324 -0.018773 0.394379 0.208474
10.666152 1.210878 8.141533 1.755997
0.666606 0.235662 -0.137258 -0.049173
0.235662 0.114164 -0.051878 -0.017990
-0.137258 -0.051878 1.003150 0.327450
-0.049173 -0.017990 0.327450 0.157350
10.638376 1.011016 8.777674 1.684841
0.653287 0.206255 -0.198002 -0.059558
0.206255 0.091467 -0.062623 -0.018412
-0.198002 -0.062623 0.923677 0.274664
-0.059558 -0.018412 0.274664 0.122920
10.315798 0.775255 10.403435 1.896920
0.640535 0.183716 -0.197921 -0.051708
0.183716 0.076514 -0.054317 -0.013893
-0.197921 -0.054317 0.800703 0.219601
-0.051708 -0.013893 0.219601 0.095567
10.971074 0.845624 11.201239 1.860177
0.640935 0.169544 -0.195166 -0.045052
0.169544 0.067299 -0.047306 -0.010739
-0.195166 -0.047306 0.751893 0.193254
-0.045052 -0.010739 0.193254 0.081141
11.253167 0.809322 11.991137 1.823993
0.652895 0.161389 -0.177606 -0.036106
0.161389 0.061681 -0.038103 -0.007653
-0.177606 -0.038103 0.730562 0.177890
-0.036106 -0.007653 0.177890 0.072222
12.517627 1.010694 12.777941 1.805972
0.629889 0.146977 -0.147450 -0.026318
0.146977 0.055862 -0.027761 -0.004938
-0.147450 -0.027761 0.710149 0.165158
-0.026318 -0.004938 0.165158 0.065614
13.943969 1.217409 13.636591 1.808675
0.585759 0.130557 -0.115917 -0.018108
0.130557 0.050720 -0.019174 -0.003069
-0.115917 -0.019174 0.662148 0.148060
-0.018108 -0.003069 0.148060 0.059200
14.505291 1.208174 14.642078 1.830177
0.550172 0.118509 -0.105590 -0.015586
0.118509 0.047357 -0.016625 -0.002704
-0.105590 -0.016625 0.599811 0.129909
-0.015586 -0.002704 0.129909 0.053524
15.028136 1.199056 16.311312 1.990943
0.528414 0.111457 -0.081236 -0.010198
0.111457 0.045630 -0.011355 -0.001721
-0.081236 -0.011355 0.547199 0.116344
-0.010198 -0.001721 0.116344 0.049692
16.062926 1.286714 16.974786 1.926157
0.507488 0.105767 -0.049960 -0.003933
0.105767 0.044475 -0.004876 -0.000554
-0.049960 -0.004876 0.528831 0.111661
-0.003933 -0.000554 0.111661 0.048248
16.592287 1.267198 18.378348 2.017699
0.510190 0.105587 -0.040240 -0.002538
0.105587 0.044576 -0.003468 -0.000474
-0.040240 -0.003468 0.517764 0.108695
-0.002538 -0.000474 0.108695 0.047293
17.178485 1.260062 19.709673 2.084891
0.506682 0.104316 -0.031848 -0.001576
0.104316 0.044466 -0.002427 -0.000456
-0.031848 -0.002427 0.504922 0.105635
-0.001576 -0.000456 0.105635 0.046438
17.715990 1.242044 20.897487 2.114548
0.502955 0.103232 -0.030127 -0.002020
0.103232 0.044412 -0.002753 -0.000686
-0.030127 -0.002753 0.495071 0.103431
-0.002020 -0.000686 0.103431 0.045850
18.729041 1.322618 21.962839 2.119085
0.495147 0.101510 -0.033409 -0.003404
0.101510 0.044235 -0.003958 -0.001049
-0.033409 -0.003958 0.490069 0.102401
-0.003404 -0.001049 0.102401 0.045564
19.125438 1.267325 22.869675 2.085374
0.496197 0.101912 -0.026733 -0.002421
0.101912 0.044520 -0.002913 -0.000868
-0.026733 -0.002913 0.488189 0.102166
-0.002421 -0.000868 0.102166 0.045486
19.642512 1.244519 24.176015 2.140043
0.488077 0.100408 -0.024175 -0.002383
0.100408 0.044371 -0.002777 -0.000886
-0.024175 -0.002777 0.481684 0.100918
-0.002383 -0.000886 0.100918 0.045194
19.917344 1.173268 25.377962 2.166120
0.473799 0.097792 -0.022383 -0.002459
0.097792 0.043991 -0.002763 -0.000913
-0.022383 -0.002763 0.469927 0.098647
-0.002459 -0.000913 0.098647 0.044707
20.422037 1.155451 26.233367 2.117771
0.481116 0.099890 -0.018997 -0.002023
0.099890 0.044601 -0.002281 -0.000803
-0.018997 -0.002281 0.478346 0.100802
-0.002023 -0.000803 0.100802 0.045187
21.142306 1.185250 27.322256 2.124605
0.475735 0.099101 -0.017466 -0.002015
0.099101 0.044529 -0.002200 -0.000786
-0.017466 -0.002200 0.481661 0.101609
-0.002015 -0.000786 0.101609 0.045326
22.159946 1.274274 28.428806 2.135223
0.466368 0.097549 -0.004274 0.000502
0.097549 0.044293 0.000361 -0.000238
-0.004274 0.000361 0.483950 0.102127
0.000502 -0.000238 0.102127 0.045397
22.573648 1.227748 29.744755 2.187129
0.455640 0.095786 0.004809 0.001969
0.095786 0.044008 0.001881 0.000055
0.004809 0.001881 0.489858 0.103320
0.001969 0.000055 0.103320 0.045601
22.982845 1.183823 30.035280 2.017863
0.461647 0.097637 0.006076 0.001751
0.097637 0.044481 0.001673 -0.000017
0.006076 0.001673 0.487198 0.102571
0.001751 -0.000017 0.102571 0.045380
23.469763 1.161547 31.209361 2.052577
0.449001 0.095278 0.006014 0.001348
0.095278 0.043996 0.001286 -0.000101
0.006014 0.001286 0.494015 0.103899
0.001348 -0.000101 0.103899 0.045625
24.555011 1.269263 32.024196 2.007985
0.422246 0.090068 -0.006194 -0.001479
0.090068 0.042927 -0.001578 -0.000679
-0.006194 -0.001578 0.485055 0.101800
-0.001479 -0.000679 0.101800 0.045135
24.833234 1.192463 33.062841 2.015368
0.418933 0.090264 -0.015722 -0.003430
0.090264 0.043076 -0.003567 -0.001019
-0.015722 -0.003567 0.496587 0.104221
-0.003430 -0.001019 0.104221 0.045645
25.757325 1.263599 33.698992 1.937650
0.408543 0.088752 -0.027121 -0.005570
0.088752 0.042797 -0.005767 -0.001379
-0.027121 -0.005767 0.495138 0.103685
-0.005570 -0.001379 0.103685 0.045491
26.647128 1.319777 34.382685 1.878348
0.403240 0.088335 -0.041917 -0.008236
0.088335 0.042738 -0.008529 -0.001843
-0.041917 -0.008529 0.499730 0.104475
-0.008236 -0.001843 0.104475 0.045635
27.651966 1.395907 35.283517 1.871331
0.418873 0.092440 -0.048182 -0.008860
0.092440 0.043647 -0.009168 -0.001837
-0.048182 -0.009168 0.515789 0.107609
-0.008860 -0.001837 0.107609 0.046263
28.598439 1.452246 36.526134 1.936270
0.412229 0.091068 -0.055458 -0.009790
0.091068 0.043233 -0.010029 -0.001929
-0.055458 -0.010029 0.533833 0.110866
-0.009790 -0.001929 0.110866 0.046866
29.188386 1.423414 37.750644 1.988561
0.429738 0.095153 -0.056189 -0.009229
0.095153 0.044069 -0.009421 -0.001709
-0.056189 -0.009421 0.553240 0.114167
-0.009229 -0.001709 0.114167 0.047450
29.733841 1.387643 38.913056 2.022014
0.433061 0.095639 -0.052420 -0.007972
0.095639 0.044031 -0.008019 -0.001392
-0.052420 -0.008019 0.563689 0.115410
-0.007972 -0.001392 0.115410 0.047591
30.269844 1.346029 38.932706 1.818943
0.417567 0.091878 -0.053831 -0.008098
0.091878 0.043064 -0.008172 -0.001467
-0.053831 -0.008172 0.546283 0.110933
-0.008098 -0.001467 0.110933 0.046579
30.604652 1.274572 40.298227 1.909081
0.403297 0.088802 -0.050706 -0.007333
0.088802 0.042360 -0.007099 -0.001291
-0.050706 -0.007099 0.564317 0.114241
-0.007333 -0.001291 0.114241 0.047278
31.220229 1.273525 41.755412 2.010473
0.417395 0.092264 -0.050799 -0.007120
0.092264 0.043156 -0.006920 -0.001267
-0.050799 -0.006920 0.580426 0.116887
-0.007120 -0.001267 0.116887 0.047791
31.948476 1.291126 42.403166 1.939395
0.382967 0.084751 -0.025516 -0.002242
0.084751 0.041472 -0.001459 -0.000272
-0.025516 -0.001459 0.558152 0.111859
-0.002242 -0.000272 0.111859 0.046775
32.947281 1.375716 44.223994 2.112237
0.377545 0.084329 -0.004801 0.001499
0.084329 0.041494 0.002669 0.000437
-0.004801 0.002669 0.562740 0.112724
0.001499 0.000437 0.112724 0.047037
33.536616 1.353670 45.303885 2.116524
0.406428 0.091389 -0.009650 -0.000004
0.091389 0.043121 0.000569 -0.000098
-0.009650 0.000569 0.542357 0.108407
-0.000004 -0.000098 0.108407 0.046213
34.409017 1.396147 46.005655 2.045793
0.421968 0.094723 0.005397 0.002597
0.094723 0.043761 0.003161 0.000361
0.005397 0.003161 0.491613 0.098528
0.002597 0.000361 0.098528 0.044362
34.788252 1.324047 46.639995 1.966387
0.452967 0.101056 -0.009011 -0.000898
0.101056 0.045002 -0.000860 -0.000525
-0.009011 -0.000860 0.469567 0.095153
-0.000898 -0.000525 0.095153 0.043922
35.248277 1.279585 47.682044 1.978160
0.480583 0.106007 -0.020805 -0.003511
0.106007 0.045849 -0.003722 -0.001088
-0.020805 -0.003722 0.459980 0.094483
-0.003511 -0.001088 0.094483 0.044011
35.526294 1.198195 47.309526 1.694100
0.480758 0.104598 -0.008587 -0.000916
0.104598 0.045288 -0.001110 -0.000478
-0.008587 -0.001110 0.387324 0.080602
-0.000916 -0.000478 0.080602 0.041287
