3.382732 2.315217 -1.787614 -1.607108
2.376435 0.950595 -0.160956 -0.064384
0.950595 80.384313 -0.064384 -0.025754
-0.160956 -0.064384 2.408562 0.963446
-0.064384 -0.025754 0.963446 80.389453
4.898337 3.004316 1.693108 5.911936
2.268652 3.984659 -0.042735 -0.043063
3.984659 15.113321 -0.042905 -0.487817
-0.042735 -0.042905 2.288428 4.012978
-0.043063 -0.487817 4.012978 15.245337
6.827723 3.487157 6.480368 8.016922
2.047133 2.355543 -0.079766 -0.101577
2.355543 4.548042 -0.101472 -0.230586
-0.079766 -0.101472 2.049128 2.358049
-0.101577 -0.230586 2.358049 4.573479
5.802229 1.192441 4.148275 2.719301
1.721694 1.439128 -0.078521 -0.070967
1.439128 1.885177 -0.070946 -0.098812
-0.078521 -0.070946 1.730342 1.448272
-0.070967 -0.098812 1.448272 1.901992
8.182620 2.362541 5.618795 2.789184
1.446847 0.949135 -0.065277 -0.045252
0.949135 0.949563 -0.045260 -0.047135
-0.065277 -0.045260 1.463251 0.961145
-0.045252 -0.047135 0.961145 0.961513
9.667644 2.528536 5.356720 1.891905
1.265222 0.684608 -0.044085 -0.025115
0.684608 0.553831 -0.025132 -0.022747
-0.044085 -0.025132 1.287651 0.697225
-0.025115 -0.022747 0.697225 0.562598
9.271318 1.762937 6.532944 1.999591
1.139399 0.525186 -0.027939 -0.013952
0.525186 0.357122 -0.013953 -0.011941
-0.027939 -0.013953 1.152419 0.531098
-0.013952 -0.011941 0.531098 0.360813
9.565567 1.527707 6.837589 1.720970
1.029937 0.413900 -0.023386 -0.010507
0.413900 0.245136 -0.010507 -0.007844
-0.023386 -0.010507 1.041492 0.418413
-0.010507 -0.007844 0.418413 0.247560
10.456742 1.573189 7.687153 1.716933
0.937205 0.334728 -0.018660 -0.007676
0.334728 0.177634 -0.007675 -0.005213
-0.018660 -0.007675 0.947303 0.338191
-0.007676 -0.005213 0.338191 0.179281
10.576547 1.358631 8.021574 1.548665
0.848138 0.273617 -0.019659 -0.007222
0.273617 0.133863 -0.007221 -0.004069
-0.019659 -0.007221 0.856781 0.276263
-0.007222 -0.004069 0.276263 0.135006
10.204510 1.047525 8.996984 1.609016
0.788749 0.233288 -0.021664 -0.007093
0.233288 0.106770 -0.007090 -0.003334
-0.021664 -0.007090 0.793283 0.234489
-0.007093 -0.003334 0.234489 0.107336
11.014318 1.125787 10.189462 1.715260
0.741144 0.203392 -0.014855 -0.004529
0.203392 0.088571 -0.004526 -0.002121
-0.014855 -0.004526 0.744402 0.204196
-0.004529 -0.002121 0.204196 0.088960
12.051251 1.247641 11.377996 1.800177
0.691358 0.177953 -0.013453 -0.003795
0.177953 0.075302 -0.003792 -0.001626
-0.013453 -0.003792 0.694044 0.178593
-0.003795 -0.001626 0.178593 0.075604
12.325740 1.162415 12.197906 1.780731
0.661413 0.161418 -0.008296 -0.002248
0.161418 0.066772 -0.002245 -0.001031
-0.008296 -0.002245 0.663017 0.161780
-0.002248 -0.001031 0.161780 0.066972
13.349524 1.265481 13.914976 1.973557
0.630683 0.147209 -0.004454 -0.001222
0.147209 0.060371 -0.001220 -0.000657
-0.004454 -0.001220 0.631179 0.147319
-0.001222 -0.000657 0.147319 0.060489
13.855964 1.236840 15.592075 2.129050
0.599930 0.135082 -0.004036 -0.001087
0.135082 0.055562 -0.001085 -0.000540
-0.004036 -0.001085 0.599026 0.134898
-0.001087 -0.000540 0.134898 0.055600
14.939894 1.338835 16.502674 2.095196
0.573666 0.125641 0.000700 -0.000004
0.125641 0.052136 -0.000003 -0.000233
0.000700 -0.000003 0.573176 0.125588
-0.000004 -0.000233 0.125588 0.052194
16.156349 1.456415 17.036240 1.984622
0.555121 0.119129 0.000952 0.000004
0.119129 0.049876 0.000005 -0.000194
0.000952 0.000005 0.555351 0.119249
0.000004 -0.000194 0.119249 0.049961
17.120407 1.506344 17.907432 1.958895
0.537123 0.113593 -0.001230 -0.000483
0.113593 0.048167 -0.000482 -0.000264
-0.001230 -0.000482 0.537428 0.113723
-0.000483 -0.000264 0.113723 0.048241
17.570942 1.442874 19.083503 2.000217
0.525132 0.110009 -0.002910 -0.000802
0.110009 0.047109 -0.000801 -0.000292
-0.002910 -0.000801 0.525011 0.110041
-0.000802 -0.000292 0.110041 0.047152
18.584253 1.503673 20.026512 1.988247
0.516725 0.107612 -0.001540 -0.000448
0.107612 0.046444 -0.000448 -0.000181
-0.001540 -0.000448 0.516705 0.107664
-0.000448 -0.000181 0.107664 0.046484
19.190832 1.473552 20.865309 1.956019
0.506089 0.105044 0.000716 0.000056
0.105044 0.045831 0.000056 -0.000053
0.000716 0.000056 0.505977 0.105070
0.000056 -0.000053 0.105070 0.045859
19.733228 1.433203 22.013590 1.991388
0.502184 0.104151 0.000904 0.000084
0.104151 0.045634 0.000085 -0.000037
0.000904 0.000085 0.501979 0.104154
0.000084 -0.000037 0.104154 0.045652
19.382030 1.211792 22.687835 1.924923
0.499005 0.103503 0.000731 0.000041
0.103503 0.045508 0.000041 -0.000036
0.000731 0.000041 0.498524 0.103446
0.000041 -0.000036 0.103446 0.045509
19.940296 1.201957 23.416915 1.876470
0.494553 0.102652 0.000277 -0.000052
0.102652 0.045349 -0.000051 -0.000046
0.000277 -0.000051 0.494094 0.102601
-0.000052 -0.000046 0.102601 0.045349
20.463782 1.185805 24.584003 1.924075
0.487552 0.101340 0.003044 0.000538
0.101340 0.045103 0.000537 0.000086
0.003044 0.000537 0.487254 0.101323
0.000538 0.000086 0.101323 0.045108
20.640576 1.099088 25.590116 1.933381
0.484667 0.100989 0.001697 0.000216
0.100989 0.045071 0.000216 0.000017
0.001697 0.000216 0.484491 0.100993
0.000216 0.000017 0.100993 0.045077
21.425375 1.148158 26.799479 1.984019
0.481529 0.100584 -0.001359 -0.000426
0.100584 0.045018 -0.000426 -0.000112
-0.001359 -0.000426 0.481762 0.100667
-0.000426 -0.000112 0.100667 0.045039
22.189429 1.187975 27.589866 1.941756
0.480674 0.100657 -0.001238 -0.000342
0.100657 0.045058 -0.000342 -0.000079
-0.001238 -0.000342 0.481087 0.100765
-0.000342 -0.000079 0.100765 0.045081
22.996215 1.232643 28.358227 1.899241
0.477883 0.100277 0.001077 0.000189
0.100277 0.044988 0.000189 0.000043
0.001077 0.000189 0.478519 0.100418
0.000189 0.000043 0.100418 0.045015
23.826333 1.277596 29.329629 1.903800
0.480080 0.100946 -0.000739 -0.000202
0.100946 0.045136 -0.000202 -0.000042
-0.000739 -0.000202 0.481076 0.101147
-0.000202 -0.000042 0.101147 0.045174
24.071526 1.194744 30.309039 1.909604
0.478923 0.100809 0.000698 0.000129
0.100809 0.045094 0.000128 0.000033
0.000698 0.000128 0.480510 0.101115
0.000129 0.000033 0.101115 0.045151
24.799561 1.222232 32.058556 2.076945
0.476366 0.100365 -0.000296 -0.000087
0.100365 0.044987 -0.000087 -0.000014
-0.000296 -0.000087 0.479323 0.100934
-0.000087 -0.000014 0.100934 0.045096
25.265391 1.191594 32.790751 2.012411
0.473265 0.099825 -0.002229 -0.000480
0.099825 0.044865 -0.000481 -0.000095
-0.002229 -0.000481 0.476533 0.100412
-0.000480 -0.000095 0.100412 0.044971
25.546735 1.125220 34.346145 2.128220
0.473666 0.100050 0.000430 0.000130
0.100050 0.044910 0.000131 0.000042
0.000430 0.000131 0.478443 0.100913
0.000130 0.000042 0.100913 0.045071
25.958667 1.093394 35.973122 2.246966
0.471594 0.099702 -0.000102 0.000003
0.099702 0.044825 0.000003 0.000009
-0.000102 0.000003 0.478123 0.100875
0.000003 0.000009 0.100875 0.045044
27.022570 1.202862 37.303344 2.290618
0.473450 0.100197 -0.003115 -0.000634
0.100197 0.044922 -0.000636 -0.000128
-0.003115 -0.000636 0.480868 0.101475
-0.000634 -0.000128 0.101475 0.045154
27.864342 1.253626 37.760210 2.145445
0.473706 0.100285 0.000303 0.000145
0.100285 0.044921 0.000146 0.000047
0.000303 0.000146 0.480593 0.101372
0.000145 0.000047 0.101372 0.045107
28.946740 1.349993 38.062666 1.983087
0.474767 0.100521 -0.000220 0.000011
0.100521 0.044951 0.000011 0.000011
-0.000220 0.000011 0.480790 0.101376
0.000011 0.000011 0.101376 0.045089
29.207867 1.262411 39.323577 2.039821
0.470835 0.099668 -0.001913 -0.000355
0.099668 0.044748 -0.000356 -0.000071
-0.001913 -0.000356 0.479015 0.100965
-0.000355 -0.000071 0.100965 0.044987
30.528601 1.408442 40.258165 2.021945
0.466974 0.098907 -0.000497 -0.000032
0.098907 0.044583 -0.000031 0.000002
-0.000497 -0.000031 0.475738 0.100278
-0.000032 0.000002 0.100278 0.044837
31.427956 1.449790 41.046206 1.974951
0.467732 0.099184 -0.000269 0.000009
0.099184 0.044650 0.000009 0.000007
-0.000269 0.000009 0.476872 0.100583
0.000009 0.000007 0.100583 0.044909
32.093087 1.437112 42.075918 1.983855
0.469422 0.099613 -0.004256 -0.000844
0.099613 0.044738 -0.000848 -0.000178
-0.004256 -0.000848 0.479753 0.101217
-0.000844 -0.000178 0.101217 0.045042
32.677254 1.408474 42.625979 1.890630
0.467651 0.099252 -0.006067 -0.001157
0.099252 0.044648 -0.001162 -0.000231
-0.006067 -0.001162 0.478380 0.100889
-0.001157 -0.000231 0.100889 0.044959
33.076959 1.343692 43.306588 1.834667
0.465435 0.098823 -0.006752 -0.001212
0.098823 0.044552 -0.001217 -0.000229
-0.006752 -0.001217 0.477209 0.100637
-0.001212 -0.000229 0.100637 0.044902
34.071612 1.412355 44.334162 1.858125
0.466985 0.099223 -0.010152 -0.001845
0.099223 0.044637 -0.001853 -0.000354
-0.010152 -0.001853 0.479696 0.101178
-0.001845 -0.000354 0.101178 0.045016
34.877220 1.433461 45.233168 1.851878
0.465212 0.098865 -0.013088 -0.002335
0.098865 0.044552 -0.002346 -0.000443
-0.013088 -0.002346 0.479036 0.101000
-0.002335 -0.000443 0.101000 0.044969
35.913459 1.501683 46.382137 1.899302
0.465014 0.098871 -0.012380 -0.002029
0.098871 0.044551 -0.002034 -0.000360
-0.012380 -0.002034 0.480130 0.101216
-0.002029 -0.000360 0.101216 0.045011
36.429710 1.451724 47.295683 1.891346
0.467529 0.099439 -0.015051 -0.002483
0.099439 0.044667 -0.002491 -0.000452
-0.015051 -0.002491 0.483824 0.101955
-0.002483 -0.000452 0.101955 0.045159
37.042888 1.428105 48.441982 1.933397
0.466185 0.099124 -0.017404 -0.002853
0.099124 0.044583 -0.002861 -0.000524
-0.017404 -0.002861 0.484530 0.102000
-0.002853 -0.000524 0.102000 0.045150
