1.265466 1.468292 1.408759 -0.328531
2.387974 0.955210 -0.024463 -0.009786
0.955210 80.386159 -0.009786 -0.003914
-0.024463 -0.009786 2.380262 0.952125
-0.009786 -0.003914 0.952125 80.384925
4.849377 6.476601 3.812500 4.187478
2.219174 3.895742 -0.027782 -0.044044
3.895742 14.991336 -0.044014 -0.140252
-0.027782 -0.044014 2.224417 3.906447
-0.044044 -0.140252 3.906447 14.990290
5.876665 3.920694 3.776150 1.726703
2.034732 2.350271 -0.011041 -0.010848
2.350271 4.551737 -0.010828 -0.029427
-0.011041 -0.010828 2.043116 2.358313
-0.010848 -0.029427 2.358313 4.555486
5.657599 2.095336 1.882304 -0.580501
1.699924 1.424177 -0.031705 -0.026872
1.424177 1.873133 -0.026886 -0.029919
-0.031705 -0.026886 1.713684 1.434273
-0.026872 -0.029919 1.434273 1.879710
6.233078 1.785216 2.304866 -0.112744
1.464686 0.962918 -0.032281 -0.020565
0.962918 0.958345 -0.020576 -0.016555
-0.032281 -0.020576 1.475554 0.968684
-0.020565 -0.016555 0.968684 0.961227
7.867184 2.187107 3.172445 0.386976
1.280819 0.693010 -0.017074 -0.008289
0.693010 0.557373 -0.008285 -0.005990
-0.017074 -0.008285 1.291310 0.697636
-0.008289 -0.005990 0.697636 0.559471
8.813649 2.120467 5.467495 1.352820
1.136925 0.523358 -0.017523 -0.007484
0.523358 0.355414 -0.007485 -0.004472
-0.017523 -0.007485 1.141711 0.524744
-0.007484 -0.004472 0.524744 0.355862
8.724478 1.659010 6.031594 1.307298
1.026634 0.412118 -0.012581 -0.004601
0.412118 0.243922 -0.004601 -0.002544
-0.012581 -0.004601 1.030166 0.413000
-0.004601 -0.002544 0.413000 0.244229
9.108411 1.500198 7.280577 1.519379
0.926980 0.330793 -0.013055 -0.004358
0.330793 0.175933 -0.004359 -0.002070
-0.013055 -0.004359 0.928907 0.331130
-0.004358 -0.002070 0.331130 0.176068
9.716447 1.454421 8.191844 1.568189
0.860901 0.277680 -0.007327 -0.002106
0.277680 0.135026 -0.002106 -0.001052
-0.007327 -0.002106 0.862370 0.277932
-0.002106 -0.001052 0.277932 0.135148
10.814757 1.564286 10.174584 1.922147
0.798732 0.235954 -0.004128 -0.001062
0.235954 0.107386 -0.001061 -0.000610
-0.004128 -0.001061 0.798941 0.235877
-0.001062 -0.000610 0.235877 0.107413
12.232926 1.738514 11.169857 1.931569
0.742294 0.203335 -0.003793 -0.000972
0.203335 0.088400 -0.000971 -0.000510
-0.003793 -0.000971 0.743157 0.203500
-0.000972 -0.000510 0.203500 0.088498
13.018948 1.717105 11.503181 1.769080
0.696645 0.179017 -0.000190 -0.000027
0.179017 0.075472 -0.000026 -0.000204
-0.000190 -0.000026 0.697971 0.179318
-0.000027 -0.000204 0.179318 0.075596
13.994531 1.745599 12.579433 1.815762
0.659144 0.160563 0.000916 0.000176
0.160563 0.066480 0.000177 -0.000125
0.000916 0.000177 0.660282 0.160810
0.000176 -0.000125 0.160810 0.066579
15.263859 1.838059 13.332233 1.779554
0.628226 0.146446 -0.002104 -0.000591
0.146446 0.060149 -0.000591 -0.000282
-0.002104 -0.000591 0.629623 0.146747
-0.000591 -0.000282 0.146747 0.060251
14.793828 1.525524 14.293430 1.795813
0.601573 0.135348 -0.001367 -0.000391
0.135348 0.055605 -0.000391 -0.000199
-0.001367 -0.000391 0.602094 0.135438
-0.000391 -0.000199 0.135438 0.055649
15.366980 1.483991 15.499866 1.863345
0.579032 0.126715 -0.000634 -0.000212
0.126715 0.052358 -0.000212 -0.000134
-0.000634 -0.000212 0.579173 0.126727
-0.000212 -0.000134 0.126727 0.052382
15.828847 1.423936 16.596691 1.898772
0.558723 0.119740 -0.000546 -0.000187
0.119740 0.049985 -0.000187 -0.000110
-0.000546 -0.000187 0.558578 0.119702
-0.000187 -0.000110 0.119702 0.049995
16.699557 1.457442 17.650725 1.920850
0.542300 0.114506 -0.002832 -0.000662
0.114506 0.048338 -0.000662 -0.000195
-0.002832 -0.000662 0.542135 0.114475
-0.000662 -0.000195 0.114475 0.048350
17.433290 1.458493 18.475903 1.892572
0.529651 0.110729 -0.001552 -0.000339
0.110729 0.047235 -0.000339 -0.000106
-0.001552 -0.000339 0.529494 0.110708
-0.000339 -0.000106 0.110708 0.047246
17.847343 1.393003 19.414439 1.890959
0.516291 0.107273 -0.000642 -0.000128
0.107273 0.046350 -0.000128 -0.000051
-0.000642 -0.000128 0.516021 0.107234
-0.000128 -0.000051 0.107234 0.046355
18.896107 1.465999 20.572899 1.935105
0.506325 0.104917 0.000129 0.000033
0.104917 0.045800 0.000033 -0.000013
0.000129 0.000033 0.506116 0.104895
0.000033 -0.000013 0.104895 0.045808
19.396392 1.417795 21.679556 1.963927
0.500532 0.103677 -0.002936 -0.000613
0.103677 0.045541 -0.000613 -0.000145
-0.002936 -0.000613 0.500284 0.103650
-0.000613 -0.000145 0.103650 0.045546
20.330695 1.464523 22.680044 1.967789
0.494983 0.102609 -0.002634 -0.000500
0.102609 0.045340 -0.000500 -0.000109
-0.002634 -0.000500 0.494806 0.102598
-0.000500 -0.000109 0.102598 0.045346
21.167478 1.486237 23.726807 1.980864
0.490099 0.101768 -0.002229 -0.000381
0.101768 0.045199 -0.000381 -0.000077
-0.002229 -0.000381 0.489988 0.101770
-0.000381 -0.000077 0.101770 0.045206
21.300142 1.359272 25.108774 2.062239
0.486204 0.101189 -0.001547 -0.000219
0.101189 0.045115 -0.000219 -0.000041
-0.001547 -0.000219 0.486196 0.101209
-0.000219 -0.000041 0.101209 0.045124
22.121195 1.388766 26.084638 2.050739
0.484487 0.101085 -0.002880 -0.000495
0.101085 0.045126 -0.000495 -0.000099
-0.002880 -0.000495 0.484566 0.101119
-0.000495 -0.000099 0.101119 0.045136
22.425194 1.307139 27.142118 2.057346
0.481700 0.100731 -0.000906 -0.000055
0.100731 0.045072 -0.000055 -0.000004
-0.000906 -0.000055 0.481924 0.100790
-0.000055 -0.000004 0.100790 0.045086
23.176445 1.327644 28.305247 2.085551
0.479218 0.100436 -0.001366 -0.000170
0.100436 0.045025 -0.000169 -0.000033
-0.001366 -0.000169 0.479648 0.100531
-0.000170 -0.000033 0.100531 0.045045
23.964180 1.353737 29.634394 2.145725
0.478471 0.100495 -0.002177 -0.000345
0.100495 0.045047 -0.000345 -0.000072
-0.002177 -0.000345 0.479204 0.100643
-0.000345 -0.000072 0.100643 0.045075
24.012645 1.221509 30.648916 2.133290
0.477293 0.100420 -0.001273 -0.000144
0.100420 0.045029 -0.000144 -0.000028
-0.001273 -0.000144 0.478313 0.100615
-0.000144 -0.000028 0.100615 0.045066
24.675301 1.232411 31.574917 2.103679
0.475839 0.100260 -0.000825 -0.000059
0.100260 0.044988 -0.000059 -0.000013
-0.000825 -0.000059 0.477048 0.100479
-0.000059 -0.000013 0.100479 0.045028
24.804619 1.129684 32.604884 2.098966
0.473919 0.099986 0.001965 0.000512
0.099986 0.044921 0.000513 0.000104
0.001965 0.000513 0.475525 0.100273
0.000512 0.000104 0.100273 0.044973
25.272483 1.109198 33.652024 2.098466
0.474137 0.100161 0.002553 0.000568
0.100161 0.044949 0.000568 0.000103
0.002553 0.000568 0.476099 0.100502
0.000568 0.000103 0.100502 0.045011
26.069743 1.160484 34.938254 2.148507
0.471965 0.099785 0.002581 0.000509
0.099785 0.044854 0.000509 0.000082
0.002581 0.000509 0.474481 0.100222
0.000509 0.000082 0.100222 0.044934
26.548877 1.139171 35.552452 2.051282
0.471902 0.099870 0.000869 0.000096
0.099870 0.044861 0.000096 -0.000010
0.000869 0.000096 0.474490 0.100295
0.000096 -0.000010 0.100295 0.044936
27.140338 1.143827 36.461158 2.026549
0.472448 0.100053 -0.000161 -0.000125
0.100053 0.044885 -0.000125 -0.000051
-0.000161 -0.000125 0.475383 0.100529
-0.000125 -0.000051 0.100529 0.044970
27.254730 1.046931 37.292699 1.988183
0.472707 0.100140 -0.000810 -0.000242
0.100140 0.044884 -0.000243 -0.000067
-0.000810 -0.000243 0.476117 0.100693
-0.000242 -0.000067 0.100693 0.044985
27.430640 0.973295 38.303554 1.991757
0.472807 0.100171 0.000943 0.000159
0.100171 0.044871 0.000160 0.000027
0.000943 0.000160 0.476880 0.100839
0.000159 0.000027 0.100839 0.044996
27.932408 0.976518 39.116243 1.953032
0.475118 0.100659 -0.000194 -0.000091
0.100659 0.044957 -0.000091 -0.000026
-0.000194 -0.000091 0.479496 0.101358
-0.000091 -0.000026 0.101358 0.045085
28.924639 1.083243 39.947190 1.922250
0.475467 0.100679 -0.001663 -0.000386
0.100679 0.044936 -0.000387 -0.000084
-0.001663 -0.000387 0.480098 0.101402
-0.000386 -0.000084 0.101402 0.045069
29.639961 1.120004 40.883640 1.917046
0.474466 0.100413 -0.001311 -0.000269
0.100413 0.044860 -0.000270 -0.000051
-0.001311 -0.000270 0.479652 0.101226
-0.000269 -0.000051 0.101226 0.045013
30.231082 1.126589 41.855974 1.919961
0.473538 0.100190 -0.003407 -0.000685
0.100190 0.044803 -0.000687 -0.000135
-0.003407 -0.000687 0.479400 0.101117
-0.000685 -0.000135 0.101117 0.044979
31.320303 1.237825 42.639892 1.882944
0.473707 0.100223 -0.001549 -0.000232
0.100223 0.044806 -0.000232 -0.000030
-0.001549 -0.000232 0.479730 0.101148
-0.000232 -0.000030 0.101148 0.044980
31.625484 1.171500 43.793378 1.927560
0.473019 0.100069 -0.002572 -0.000437
0.100069 0.044770 -0.000438 -0.000075
-0.002572 -0.000438 0.480181 0.101206
-0.000437 -0.000075 0.101206 0.044989
32.578464 1.249017 44.116789 1.792742
0.473767 0.100234 -0.003990 -0.000708
0.100234 0.044804 -0.000710 -0.000131
-0.003990 -0.000710 0.480492 0.101235
-0.000708 -0.000131 0.101235 0.044992
32.874183 1.179452 44.988911 1.787509
0.474597 0.100400 -0.003738 -0.000607
0.100400 0.044836 -0.000608 -0.000105
-0.003738 -0.000608 0.482136 0.101548
-0.000607 -0.000105 0.101548 0.045057
33.770988 1.244702 46.566656 1.931631
0.475769 0.100622 -0.004665 -0.000770
0.100622 0.044877 -0.000772 -0.000139
-0.004665 -0.000772 0.484716 0.102034
-0.000770 -0.000139 0.102034 0.045153
34.214133 1.206830 47.557130 1.936722
0.476388 0.100710 -0.004299 -0.000652
0.100710 0.044888 -0.000652 -0.000112
-0.004299 -0.000652 0.486167 0.102246
-0.000652 -0.000112 0.102246 0.045187
34.946135 1.233893 48.335436 1.896864
0.475829 0.100545 -0.005660 -0.000916
0.100545 0.044846 -0.000917 -0.000169
-0.005660 -0.000917 0.485970 0.102103
-0.000916 -0.000169 0.102103 0.045147
