2.529634 1.973970 3.319395 0.435740
1.014651 0.405869 0.675305 0.270128
0.405869 80.166418 0.270128 0.108054
0.675305 0.270128 2.837488 1.135020
0.270128 0.108054 1.135020 80.458084
5.751027 6.199831 3.471001 0.181409
2.634160 5.051056 -1.178952 -2.193081
5.051056 13.384053 -2.409817 -2.367604
-1.178952 -2.409817 2.901910 5.064866
-2.193081 -2.367604 5.064866 18.190488
7.109633 4.277384 3.185506 -0.480685
1.635323 1.779477 -0.032066 0.169820
1.779477 2.782788 0.119891 0.723788
-0.032066 0.119891 2.298395 2.691587
0.169820 0.723788 2.691587 5.193129
9.426785 4.506494 5.203427 1.423807
1.626486 1.244662 -0.139029 -0.003486
1.244662 1.285187 -0.032020 0.159384
-0.139029 -0.032020 1.838961 1.531121
-0.003486 0.159384 1.531121 2.012057
8.008044 2.335788 6.089304 1.362101
0.276052 0.156598 -0.231341 -0.138709
0.156598 0.259909 -0.084089 -0.010148
-0.231341 -0.084089 1.755178 1.141661
-0.138709 -0.010148 1.141661 1.089423
8.916859 2.127490 5.394445 0.593936
0.425825 0.248315 -0.235592 -0.090626
0.248315 0.241512 -0.077139 -0.007067
-0.235592 -0.077139 1.729903 0.916965
-0.090626 -0.007067 0.916965 0.681417
9.437244 1.913088 7.887093 1.554250
0.500343 0.253202 -0.182830 -0.047788
0.253202 0.186778 -0.053215 -0.002858
-0.182830 -0.053215 1.362868 0.606990
-0.047788 -0.002858 0.606990 0.393156
9.266432 1.337762 5.355735 0.185850
0.449323 0.188110 -0.433107 -0.146872
0.188110 0.118610 -0.168436 -0.056461
-0.433107 -0.168436 0.965418 0.358111
-0.146872 -0.056461 0.358111 0.216345
8.192170 0.679093 6.759189 0.542982
0.291580 0.109239 -0.246369 -0.069844
0.109239 0.071680 -0.070003 -0.019767
-0.246369 -0.070003 0.853662 0.299242
-0.069844 -0.019767 0.299242 0.166600
8.785315 0.787776 7.428995 0.696318
0.359232 0.126747 -0.235975 -0.054951
0.126747 0.070049 -0.058838 -0.013988
-0.235975 -0.058838 0.873261 0.280381
-0.054951 -0.013988 0.280381 0.138174
9.171936 0.822804 9.043230 1.088188
0.419911 0.137321 -0.197211 -0.036203
0.137321 0.066958 -0.043175 -0.008492
-0.197211 -0.043175 0.812243 0.239982
-0.036203 -0.008492 0.239982 0.110388
10.023075 0.964663 9.815790 1.174517
0.469751 0.141245 -0.173686 -0.026867
0.141245 0.062734 -0.034473 -0.006286
-0.173686 -0.034473 0.784382 0.215235
-0.026867 -0.006286 0.215235 0.092897
11.054194 1.128940 10.817761 1.305807
0.495376 0.137879 -0.136367 -0.016740
0.137879 0.057799 -0.023777 -0.004028
-0.136367 -0.023777 0.733154 0.188826
-0.016740 -0.004028 0.188826 0.078791
11.247568 1.024309 11.056023 1.190895
0.532000 0.137360 -0.163173 -0.023801
0.137360 0.054634 -0.031165 -0.006334
-0.163173 -0.031165 0.707414 0.170894
-0.023801 -0.006334 0.170894 0.069054
11.933541 1.083425 12.756584 1.456920
0.547664 0.133267 -0.133384 -0.016724
0.133267 0.051731 -0.023326 -0.004615
-0.133384 -0.023326 0.655426 0.151378
-0.016724 -0.004615 0.151378 0.061256
12.271542 1.051189 14.690371 1.725988
0.552847 0.127823 -0.114326 -0.013167
0.127823 0.049200 -0.019193 -0.003906
-0.114326 -0.019193 0.590240 0.131423
-0.013167 -0.003906 0.131423 0.054618
13.201448 1.141170 15.510010 1.724534
0.554405 0.122935 -0.099431 -0.010830
0.122935 0.047383 -0.015707 -0.003322
-0.099431 -0.015707 0.581681 0.126575
-0.010830 -0.003322 0.126575 0.052320
14.087735 1.209818 16.416034 1.739503
0.542664 0.116523 -0.073659 -0.006441
0.116523 0.045678 -0.010380 -0.002360
-0.073659 -0.010380 0.557754 0.119242
-0.006441 -0.002360 0.119242 0.049918
14.535134 1.175526 17.153457 1.709032
0.536406 0.112441 -0.061543 -0.005128
0.112441 0.044772 -0.008427 -0.002111
-0.061543 -0.008427 0.534820 0.112794
-0.005128 -0.002111 0.112794 0.048012
15.653642 1.288244 18.420074 1.802442
0.513622 0.106001 -0.028967 0.000363
0.106001 0.043604 -0.002333 -0.000985
-0.028967 -0.002333 0.507715 0.106494
0.000363 -0.000985 0.106494 0.046453
16.717840 1.371661 18.834010 1.704430
0.497299 0.101779 -0.012456 0.002276
0.101779 0.043034 0.000114 -0.000637
-0.012456 0.000114 0.496878 0.104029
0.002276 -0.000637 0.104029 0.045829
17.257350 1.342992 20.032706 1.775917
0.500425 0.102147 -0.004700 0.002582
0.102147 0.043465 0.000750 -0.000597
-0.004700 0.000750 0.492362 0.103034
0.002582 -0.000597 0.103034 0.045567
17.907933 1.339485 21.337930 1.863146
0.499786 0.101888 0.003502 0.003135
0.101888 0.043729 0.001598 -0.000468
0.003502 0.001598 0.488044 0.102160
0.003135 -0.000468 0.102160 0.045358
18.435771 1.310692 22.718352 1.956759
0.490833 0.100091 0.018353 0.005202
0.100091 0.043650 0.003894 -0.000007
0.018353 0.003894 0.476181 0.099781
0.005202 -0.000007 0.099781 0.044854
19.288279 1.351152 23.601677 1.936917
0.498008 0.101865 0.005752 0.001529
0.101865 0.044297 0.000517 -0.000730
0.005752 0.000517 0.487830 0.102489
0.001529 -0.000730 0.102489 0.045447
19.611918 1.278850 24.663264 1.956605
0.511772 0.104865 0.002053 0.000246
0.104865 0.045119 -0.000580 -0.000876
0.002053 -0.000580 0.502769 0.105601
0.000246 -0.000876 0.105601 0.046065
20.310617 1.289803 26.182637 2.069848
0.486497 0.099613 0.008205 0.001299
0.099613 0.044164 0.000608 -0.000511
0.008205 0.000608 0.489185 0.102423
0.001299 -0.000511 0.102423 0.045314
21.176767 1.335671 27.081411 2.041025
0.485977 0.099961 0.017314 0.002937
0.099961 0.044429 0.002331 -0.000064
0.017314 0.002331 0.493756 0.103369
0.002937 -0.000064 0.103369 0.045503
21.766203 1.318827 28.316159 2.086018
0.491302 0.101530 0.004527 -0.000094
0.101530 0.044912 -0.000584 -0.000621
0.004527 -0.000584 0.508092 0.106306
-0.000094 -0.000621 0.106306 0.046102
22.239971 1.280612 29.268460 2.067485
0.470894 0.097568 0.000453 -0.000875
0.097568 0.044180 -0.001286 -0.000645
0.000453 -0.001286 0.499709 0.104207
-0.000875 -0.000645 0.104207 0.045598
23.140056 1.334837 30.274297 2.061209
0.459041 0.095675 0.012062 0.001694
0.095675 0.043913 0.001343 0.000015
0.012062 0.001343 0.499433 0.104008
0.001694 0.000015 0.104008 0.045542
23.226645 1.213136 31.180023 2.036372
0.450429 0.094590 0.010317 0.001252
0.094590 0.043811 0.000941 -0.000023
0.010317 0.000941 0.502169 0.104500
0.001252 -0.000023 0.104500 0.045645
24.004846 1.250753 31.662150 1.924567
0.435494 0.092204 -0.008917 -0.002740
0.092204 0.043414 -0.003068 -0.000802
-0.008917 -0.003068 0.491697 0.102251
-0.002740 -0.000802 0.102251 0.045181
25.450215 1.425460 32.943320 1.989977
0.413932 0.088471 -0.026716 -0.006051
0.088471 0.042717 -0.006446 -0.001390
-0.026716 -0.006446 0.496339 0.103352
-0.006051 -0.001390 0.103352 0.045451
25.800370 1.346962 33.345977 1.866488
0.426886 0.092343 -0.035314 -0.007195
0.092343 0.043663 -0.007586 -0.001489
-0.035314 -0.007586 0.500347 0.104185
-0.007195 -0.001489 0.104185 0.045631
26.922057 1.443972 33.949336 1.798671
0.419645 0.091291 -0.035866 -0.006654
0.091291 0.043412 -0.006961 -0.001251
-0.035866 -0.006961 0.498560 0.103738
-0.006654 -0.001251 0.103738 0.045530
27.342540 1.377735 34.781456 1.783707
0.422489 0.092441 -0.031502 -0.005207
0.092441 0.043643 -0.005386 -0.000863
-0.031502 -0.005386 0.508368 0.105770
-0.005207 -0.000863 0.105770 0.045958
27.394108 1.240566 36.452216 1.943139
0.409897 0.089948 -0.035272 -0.005731
0.089948 0.043025 -0.005767 -0.000952
-0.035272 -0.005767 0.536266 0.111343
-0.005731 -0.000952 0.111343 0.047080
28.374646 1.321381 37.706470 2.003178
0.410698 0.090556 -0.039616 -0.006323
0.090556 0.043130 -0.006343 -0.001073
-0.039616 -0.006343 0.553299 0.114137
-0.006323 -0.001073 0.114137 0.047535
28.654706 1.239338 39.179662 2.097942
0.427166 0.094473 -0.044433 -0.006929
0.094473 0.043940 -0.007001 -0.001195
-0.044433 -0.007001 0.575409 0.117769
-0.006929 -0.001195 0.117769 0.048149
29.482493 1.287100 40.540767 2.162530
0.422433 0.093242 -0.046458 -0.007080
0.093242 0.043532 -0.007074 -0.001225
-0.046458 -0.007074 0.589092 0.119442
-0.007080 -0.001225 0.119442 0.048345
30.221838 1.306039 41.237648 2.085704
0.386108 0.085239 -0.029427 -0.003618
0.085239 0.041696 -0.003157 -0.000498
-0.029427 -0.003157 0.572147 0.115031
-0.003618 -0.000498 0.115031 0.047362
30.604111 1.246538 42.435458 2.115219
0.391301 0.087101 -0.027596 -0.003312
0.087101 0.042186 -0.002937 -0.000519
-0.027596 -0.002937 0.571157 0.114289
-0.003312 -0.000519 0.114289 0.047221
31.134631 1.222170 42.817744 1.979877
0.399110 0.089273 -0.022559 -0.002393
0.089273 0.042674 -0.002162 -0.000419
-0.022559 -0.002162 0.543080 0.108325
-0.002393 -0.000419 0.108325 0.046072
31.617571 1.188726 42.836641 1.784965
0.418093 0.093624 -0.023221 -0.002647
0.093624 0.043584 -0.002713 -0.000574
-0.023221 -0.002713 0.513710 0.102679
-0.002647 -0.000574 0.102679 0.045083
33.347188 1.441270 43.519957 1.747832
0.364422 0.081483 0.025626 0.006778
0.081483 0.040777 0.007923 0.001471
0.025626 0.007923 0.491122 0.099097
0.006778 0.001471 0.099097 0.044609
34.009136 1.427721 44.234465 1.715264
0.392549 0.088650 0.016979 0.004078
0.088650 0.042503 0.004746 0.000651
0.016979 0.004746 0.485519 0.098939
0.004078 0.000651 0.098939 0.044773
34.393277 1.353321 45.232810 1.744220
0.420349 0.094912 0.001827 0.000351
0.094912 0.043835 0.000580 -0.000271
0.001827 0.000580 0.488161 0.100386
0.000351 -0.000271 0.100386 0.045210
36.061278 1.575761 44.269958 1.363962
0.366104 0.082077 0.095595 0.019616
0.082077 0.040760 0.021403 0.004083
0.095595 0.021403 0.338048 0.069924
0.019616 0.004083 0.069924 0.038959
36.577628 1.513606 44.981993 1.372933
0.390887 0.088553 0.074852 0.012984
0.088553 0.042376 0.014297 0.002211
0.074852 0.014297 0.355057 0.077195
0.012984 0.002211 0.077195 0.041084
