1.227731 1.453197 0.035859 -0.877703
2.052154 0.820879 -0.184880 -0.073953
0.820879 80.332425 -0.073953 -0.029582
-0.184880 -0.073953 4.212424 1.685006
-0.073953 -0.029582 1.685006 80.678084
4.869928 6.678532 0.885131 1.242427
3.356572 5.967113 -1.789131 -2.834886
5.967113 17.756222 -3.167942 -5.513725
-1.789131 -3.167942 1.807680 2.888042
-2.834886 -5.513725 2.888042 17.540107
6.365545 4.545572 1.084675 0.182870
1.725752 1.971250 0.175626 0.674321
1.971250 3.932709 0.366675 0.471552
0.175626 0.366675 1.455207 2.151546
0.674321 0.471552 2.151546 5.291120
8.231733 4.168025 3.157483 2.092340
1.410855 1.185911 0.324464 0.350976
1.185911 1.618809 0.252377 0.060978
0.324464 0.252377 1.255150 1.224684
0.350976 0.060978 1.224684 1.818642
9.480070 3.562298 4.996836 2.699438
0.878439 0.589621 0.083199 0.034929
0.589621 0.688063 -0.018087 -0.118062
0.083199 -0.018087 1.447130 1.059776
0.034929 -0.118062 1.059776 1.044510
8.173094 1.842392 5.246519 2.181754
0.308121 0.187156 -0.272560 -0.167307
0.187156 0.271490 -0.217570 -0.171303
-0.272560 -0.217570 1.519874 0.880372
-0.167307 -0.171303 0.880372 0.652151
9.572016 2.121954 5.001858 1.546290
0.455390 0.261471 -0.323395 -0.163953
0.261471 0.240153 -0.192765 -0.118060
-0.323395 -0.192765 1.569529 0.739738
-0.163953 -0.118060 0.739738 0.436816
10.290073 1.960473 7.555040 2.251409
0.533146 0.262937 -0.284298 -0.121501
0.262937 0.186294 -0.134649 -0.069848
-0.284298 -0.134649 1.314174 0.521156
-0.121501 -0.069848 0.521156 0.267901
10.861730 1.780673 8.004719 2.024342
0.651389 0.276354 -0.296737 -0.108746
0.276354 0.157051 -0.117639 -0.051177
-0.296737 -0.117639 1.236956 0.426885
-0.108746 -0.051177 0.426885 0.193789
10.998922 1.502788 9.267522 2.104977
0.638315 0.235010 -0.274984 -0.087435
0.235010 0.117435 -0.093921 -0.035463
-0.274984 -0.093921 1.021414 0.313240
-0.087435 -0.035463 0.313240 0.133894
12.016248 1.579917 9.104061 1.766135
0.652360 0.213104 -0.267650 -0.075162
0.213104 0.095673 -0.079984 -0.026565
-0.267650 -0.079984 0.956077 0.266481
-0.075162 -0.026565 0.266481 0.106855
12.140623 1.387304 10.624515 1.928719
0.682688 0.201378 -0.247020 -0.061945
0.201378 0.082789 -0.065488 -0.019559
-0.247020 -0.065488 0.876028 0.225130
-0.061945 -0.019559 0.225130 0.087176
12.329365 1.253064 11.958471 2.015514
0.674191 0.182004 -0.209005 -0.047117
0.182004 0.071110 -0.049469 -0.013636
-0.209005 -0.049469 0.782320 0.188062
-0.047117 -0.013636 0.188062 0.072500
13.528320 1.391114 12.266877 1.858663
0.642036 0.160724 -0.185374 -0.038211
0.160724 0.061567 -0.039710 -0.010223
-0.185374 -0.039710 0.734983 0.167699
-0.038211 -0.010223 0.167699 0.064305
13.865742 1.315272 14.140370 2.064195
0.604005 0.142306 -0.160044 -0.030339
0.142306 0.054678 -0.031696 -0.007743
-0.160044 -0.031696 0.640428 0.140099
-0.030339 -0.007743 0.140099 0.055942
15.069303 1.437782 15.016334 2.035850
0.585776 0.131790 -0.135308 -0.023475
0.131790 0.050904 -0.024301 -0.005695
-0.135308 -0.024301 0.617985 0.131774
-0.023475 -0.005695 0.131774 0.052960
16.035953 1.488608 15.703975 1.968693
0.552573 0.119962 -0.111253 -0.017750
0.119962 0.047551 -0.018266 -0.004220
-0.111253 -0.018266 0.579696 0.121230
-0.017750 -0.004220 0.121230 0.049969
16.763044 1.486992 16.885385 2.009603
0.540070 0.114376 -0.099140 -0.014905
0.114376 0.046062 -0.015376 -0.003504
-0.099140 -0.015376 0.555062 0.114688
-0.014905 -0.003504 0.114688 0.048187
17.318126 1.449544 18.092932 2.049555
0.518047 0.107950 -0.074272 -0.009791
0.107950 0.044689 -0.010211 -0.002403
-0.074272 -0.010211 0.520981 0.107084
-0.009791 -0.002403 0.107084 0.046438
18.218070 1.489017 19.438016 2.117627
0.505039 0.104345 -0.052042 -0.005565
0.104345 0.044095 -0.005925 -0.001548
-0.052042 -0.005925 0.503155 0.103561
-0.005565 -0.001548 0.103561 0.045703
18.347764 1.358343 20.057252 2.020861
0.491783 0.101013 -0.057529 -0.007394
0.101013 0.043590 -0.007732 -0.002007
-0.057529 -0.007732 0.482665 0.099504
-0.007394 -0.002007 0.099504 0.044857
18.766989 1.303313 20.891682 1.981911
0.488457 0.100252 -0.059928 -0.008226
0.100252 0.043682 -0.008514 -0.002169
-0.059928 -0.008514 0.476408 0.098766
-0.008226 -0.002169 0.098766 0.044770
19.330306 1.285253 21.905388 1.985926
0.501673 0.103168 -0.051758 -0.006569
0.103168 0.044538 -0.006832 -0.001761
-0.051758 -0.006832 0.490160 0.102295
-0.006569 -0.001761 0.102295 0.045579
19.722493 1.234831 23.065409 2.018988
0.477326 0.098138 -0.041018 -0.004805
0.098138 0.043670 -0.005042 -0.001428
-0.041018 -0.005042 0.465579 0.097374
-0.004805 -0.001428 0.097374 0.044523
20.033652 1.170962 24.008999 2.002864
0.476053 0.098453 -0.021346 -0.001056
0.098453 0.043984 -0.001319 -0.000657
-0.021346 -0.001319 0.464966 0.097954
-0.001056 -0.000657 0.097954 0.044717
20.667447 1.181444 25.092161 2.020458
0.464690 0.096494 -0.022191 -0.001985
0.096494 0.043742 -0.002158 -0.000912
-0.022191 -0.002158 0.459375 0.097176
-0.001985 -0.000912 0.097176 0.044548
21.335307 1.196382 25.832358 1.963404
0.458099 0.095749 -0.010028 0.000081
0.095749 0.043762 -0.000082 -0.000489
-0.010028 -0.000082 0.456429 0.097020
0.000081 -0.000489 0.097020 0.044524
21.874981 1.185216 27.171826 2.039542
0.443854 0.093325 -0.017531 -0.002168
0.093325 0.043380 -0.002232 -0.000986
-0.017531 -0.002232 0.454789 0.096988
-0.002168 -0.000986 0.096988 0.044493
22.463235 1.183156 27.768010 1.948887
0.454250 0.096315 -0.010096 -0.000824
0.096315 0.044153 -0.000895 -0.000653
-0.010096 -0.000895 0.464303 0.099325
-0.000824 -0.000653 0.099325 0.044970
22.863490 1.142334 28.698941 1.939159
0.465273 0.099039 -0.012797 -0.001721
0.099039 0.044766 -0.001767 -0.000815
-0.012797 -0.001767 0.480827 0.102847
-0.001721 -0.000815 0.102847 0.045644
23.060064 1.063453 30.237722 2.059837
0.451063 0.096096 -0.000188 0.000755
0.096096 0.044109 0.000757 -0.000237
-0.000188 0.000757 0.491465 0.104767
0.000755 -0.000237 0.104767 0.045927
23.631736 1.071883 31.143881 2.033627
0.428211 0.091516 -0.014910 -0.002757
0.091516 0.043145 -0.002764 -0.000985
-0.014910 -0.002764 0.485382 0.102932
-0.002757 -0.000985 0.102932 0.045399
24.155715 1.069864 32.715299 2.150897
0.428823 0.092350 -0.013427 -0.002404
0.092350 0.043410 -0.002382 -0.000822
-0.013427 -0.002382 0.507627 0.107335
-0.002404 -0.000822 0.107335 0.046266
24.913759 1.117681 33.321927 2.052619
0.438213 0.094904 -0.008766 -0.001387
0.094904 0.043993 -0.001347 -0.000540
-0.008766 -0.001347 0.509912 0.107134
-0.001387 -0.000540 0.107134 0.046102
25.559356 1.136811 34.661160 2.118091
0.461112 0.100049 -0.009743 -0.001622
0.100049 0.045065 -0.001593 -0.000551
-0.009743 -0.001593 0.536407 0.112088
-0.001622 -0.000551 0.112088 0.047059
26.131805 1.137388 35.400686 2.051897
0.458326 0.099076 -0.009699 -0.001623
0.099076 0.044714 -0.001597 -0.000515
-0.009699 -0.001597 0.536732 0.111191
-0.001623 -0.000515 0.111191 0.046740
27.394126 1.286924 36.393169 2.045586
0.432515 0.093249 -0.015328 -0.002795
0.093249 0.043366 -0.002807 -0.000736
-0.015328 -0.002807 0.537804 0.110657
-0.002795 -0.000736 0.110657 0.046563
28.023819 1.284012 37.472524 2.057150
0.406545 0.087939 -0.026282 -0.004937
0.087939 0.042252 -0.005037 -0.001148
-0.026282 -0.005037 0.544914 0.111515
-0.004937 -0.001148 0.111515 0.046715
28.581345 1.265356 38.391903 2.034753
0.390216 0.085145 -0.033853 -0.006188
0.085145 0.041755 -0.006340 -0.001342
-0.033853 -0.006340 0.549874 0.111949
-0.006188 -0.001342 0.111949 0.046790
28.927045 1.200996 39.067164 1.964561
0.388722 0.085753 -0.035723 -0.006169
0.085753 0.042004 -0.006327 -0.001263
-0.035723 -0.006327 0.547457 0.110951
-0.006169 -0.001263 0.110951 0.046590
29.842619 1.271653 40.171544 1.990403
0.375680 0.083593 -0.032569 -0.005231
0.083593 0.041570 -0.005213 -0.000998
-0.032569 -0.005213 0.556195 0.112411
-0.005231 -0.000998 0.112411 0.046925
30.968406 1.381004 40.949202 1.948556
0.394653 0.088692 -0.028872 -0.004193
0.088692 0.042765 -0.004189 -0.000761
-0.028872 -0.004189 0.551696 0.111135
-0.004193 -0.000761 0.111135 0.046691
31.348538 1.311482 42.026802 1.968025
0.416737 0.093798 -0.034795 -0.005217
0.093798 0.043810 -0.005432 -0.001010
-0.034795 -0.005432 0.556046 0.111792
-0.005217 -0.001010 0.111792 0.046869
32.059991 1.322106 42.601405 1.885997
0.417014 0.093473 -0.026786 -0.003472
0.093473 0.043552 -0.003533 -0.000634
-0.026786 -0.003533 0.539602 0.108327
-0.003472 -0.000634 0.108327 0.046221
32.853151 1.352636 43.767863 1.931567
0.430487 0.096130 -0.021452 -0.002388
0.096130 0.044005 -0.002388 -0.000431
-0.021452 -0.002388 0.537505 0.108093
-0.002388 -0.000431 0.108093 0.046277
34.037158 1.463748 44.338636 1.854025
0.403130 0.089603 0.019216 0.005541
0.089603 0.042429 0.006296 0.001240
0.019216 0.006296 0.491375 0.099149
0.005541 0.001240 0.099149 0.044591
34.682659 1.444846 45.410732 1.883411
0.435989 0.096957 0.005603 0.001988
0.096957 0.044059 0.002270 0.000264
0.005603 0.002270 0.490135 0.099851
0.001988 0.000264 0.099851 0.044929
35.062190 1.368076 45.431493 1.693949
0.430796 0.095162 0.016762 0.003853
0.095162 0.043523 0.004191 0.000608
0.016762 0.004191 0.432461 0.088831
0.003853 0.000608 0.088831 0.042797
36.047769 1.434384 46.379314 1.714939
0.469226 0.103212 0.007386 0.001348
0.103212 0.045233 0.001535 -0.000006
0.007386 0.001535 0.432315 0.090525
0.001348 -0.000006 0.090525 0.043411
36.696006 1.419355 47.274363 1.722987
0.501822 0.109179 -0.010573 -0.002702
0.109179 0.046342 -0.002613 -0.000870
-0.010573 -0.002613 0.430942 0.091577
-0.002702 -0.000870 0.091577 0.043760
