5.067637 2.989193 1.776040 -0.181616
2.386519 0.954628 -0.324753 -0.129904
0.954628 80.385926 -0.129904 -0.051963
-0.324753 -0.129904 2.420302 0.968142
-0.129904 -0.051963 0.968142 80.391332
7.017820 3.781937 1.425408 -0.624248
2.115123 3.708967 -0.198717 -0.288479
3.708967 14.635050 -0.284933 -1.338925
-0.198717 -0.284933 2.260956 3.958417
-0.288479 -1.338925 3.958417 15.159617
7.281181 1.889094 3.614116 2.260667
1.884846 2.191817 -0.152572 -0.178364
2.191817 4.365080 -0.177552 -0.431764
-0.152572 -0.177552 1.969734 2.270757
-0.178364 -0.431764 2.270757 4.479334
7.729245 1.465971 5.455733 2.861446
1.682501 1.424282 -0.106593 -0.097935
1.424282 1.871250 -0.097401 -0.168234
-0.106593 -0.097401 1.724285 1.451012
-0.097935 -0.168234 1.451012 1.908213
7.387305 0.760715 6.054957 2.319959
1.478550 0.976620 -0.120285 -0.087416
0.976620 0.961824 -0.087191 -0.098431
-0.120285 -0.087191 1.503865 0.990821
-0.087416 -0.098431 0.990821 0.980683
7.756362 0.763119 5.064209 1.157272
1.305749 0.706595 -0.131893 -0.076681
0.706595 0.559848 -0.076648 -0.063028
-0.131893 -0.076648 1.345853 0.728143
-0.076681 -0.063028 0.728143 0.577660
7.685109 0.553253 6.568157 1.582785
1.180798 0.541750 -0.099865 -0.048717
0.541750 0.360163 -0.048653 -0.034633
-0.099865 -0.048653 1.197216 0.549352
-0.048717 -0.034633 0.549352 0.367465
8.101079 0.607370 8.160788 1.902379
1.049001 0.418320 -0.061071 -0.026276
0.418320 0.243591 -0.026235 -0.018220
-0.061071 -0.026235 1.053561 0.420681
-0.026276 -0.018220 0.420681 0.247186
9.020076 0.825530 8.939895 1.840183
0.952662 0.337409 -0.070827 -0.026868
0.337409 0.176367 -0.026835 -0.014830
-0.070827 -0.026835 0.959970 0.340865
-0.026868 -0.014830 0.340865 0.179528
9.427260 0.822678 10.643516 2.091492
0.891787 0.285189 -0.043033 -0.014981
0.285189 0.136050 -0.014971 -0.008459
-0.043033 -0.014971 0.890190 0.285567
-0.014981 -0.008459 0.285567 0.137576
10.256918 0.945385 11.439954 2.017737
0.826070 0.241695 -0.027428 -0.009115
0.241695 0.108047 -0.009125 -0.005355
-0.027428 -0.009125 0.826526 0.242775
-0.009115 -0.005355 0.242775 0.109426
11.145175 1.058803 11.908060 1.869950
0.745475 0.202145 -0.029206 -0.008957
0.202145 0.087336 -0.008962 -0.004454
-0.029206 -0.008962 0.747943 0.203673
-0.008957 -0.004454 0.203673 0.088540
12.522313 1.275251 12.399588 1.755542
0.690125 0.175802 -0.028556 -0.008113
0.175802 0.074182 -0.008121 -0.003586
-0.028556 -0.008121 0.696805 0.178244
-0.008113 -0.003586 0.178244 0.075391
13.495094 1.356902 12.672723 1.608428
0.648781 0.157012 -0.035102 -0.009098
0.157012 0.065358 -0.009098 -0.003337
-0.035102 -0.009098 0.657487 0.159681
-0.009098 -0.003337 0.159681 0.066426
13.766959 1.262734 12.928262 1.480885
0.617377 0.143315 -0.037195 -0.008871
0.143315 0.059303 -0.008869 -0.002879
-0.037195 -0.008869 0.625253 0.145519
-0.008871 -0.002879 0.145519 0.060110
14.468105 1.278428 13.770482 1.503796
0.589705 0.132404 -0.032796 -0.007215
0.132404 0.054915 -0.007215 -0.002195
-0.032796 -0.007215 0.596145 0.134076
-0.007215 -0.002195 0.134076 0.055496
14.772791 1.205575 15.002194 1.608652
0.567642 0.124212 -0.035579 -0.007353
0.124212 0.051840 -0.007354 -0.002013
-0.035579 -0.007354 0.570574 0.124972
-0.007353 -0.002013 0.124972 0.052149
16.029059 1.346342 16.128610 1.678769
0.549836 0.118036 -0.025625 -0.004747
0.118036 0.049684 -0.004749 -0.001283
-0.025625 -0.004749 0.552831 0.118762
-0.004747 -0.001283 0.118762 0.049948
16.482472 1.299527 16.802039 1.643245
0.533371 0.112934 -0.023055 -0.004011
0.112934 0.048079 -0.004014 -0.001043
-0.023055 -0.004014 0.535429 0.113413
-0.004011 -0.001043 0.113413 0.048260
16.398063 1.147630 18.841018 1.897483
0.522582 0.109659 -0.018425 -0.002912
0.109659 0.047086 -0.002923 -0.000756
-0.018425 -0.002923 0.520430 0.109229
-0.002912 -0.000756 0.109229 0.047056
17.603606 1.279221 19.655253 1.870574
0.515998 0.107662 -0.014495 -0.002061
0.107662 0.046497 -0.002068 -0.000549
-0.014495 -0.002068 0.514957 0.107521
-0.002061 -0.000549 0.107521 0.046527
18.301573 1.290653 20.195309 1.788418
0.508054 0.105631 -0.008985 -0.000960
0.105631 0.045983 -0.000966 -0.000310
-0.008985 -0.000966 0.507140 0.105536
-0.000960 -0.000310 0.105536 0.046014
18.874461 1.275753 21.180590 1.807233
0.500501 0.103911 -0.002579 0.000239
0.103911 0.045595 0.000232 -0.000069
-0.002579 0.000232 0.499337 0.103772
0.000239 -0.000069 0.103772 0.045608
19.290648 1.230736 22.993450 1.995993
0.497047 0.103215 0.001653 0.000904
0.103215 0.045458 0.000898 0.000048
0.001653 0.000898 0.495535 0.103012
0.000904 0.000048 0.103012 0.045451
20.380987 1.329735 24.449759 2.091657
0.489880 0.101805 -0.000416 0.000229
0.101805 0.045181 0.000225 -0.000113
-0.000416 0.000225 0.489293 0.101803
0.000229 -0.000113 0.101803 0.045211
20.860288 1.291176 25.726489 2.139722
0.484111 0.100806 -0.001555 -0.000149
0.100806 0.045009 -0.000152 -0.000189
-0.001555 -0.000152 0.484131 0.100918
-0.000149 -0.000189 0.100918 0.045053
21.459178 1.281384 26.585497 2.095652
0.484729 0.101206 0.000158 0.000133
0.101206 0.045133 0.000130 -0.000115
0.000158 0.000130 0.485022 0.101352
0.000133 -0.000115 0.101352 0.045176
21.803811 1.219440 27.332608 2.032696
0.483800 0.101209 0.004588 0.000977
0.101209 0.045151 0.000974 0.000073
0.004588 0.000974 0.484360 0.101386
0.000977 0.000073 0.101386 0.045193
21.967266 1.126007 28.056975 1.971611
0.478473 0.100259 0.004118 0.000738
0.100259 0.044960 0.000736 0.000022
0.004118 0.000736 0.479597 0.100527
0.000738 0.000022 0.100527 0.045015
22.377253 1.094019 28.723773 1.904685
0.477153 0.100206 0.006440 0.001133
0.100206 0.044965 0.001131 0.000113
0.006440 0.001131 0.478772 0.100547
0.001133 0.000113 0.100547 0.045029
23.026925 1.115863 29.329907 1.831787
0.478091 0.100601 0.002554 0.000205
0.100601 0.045055 0.000203 -0.000077
0.002554 0.000203 0.480110 0.100991
0.000205 -0.000077 0.100991 0.045124
23.738432 1.148307 30.118077 1.804791
0.474461 0.099961 -0.001666 -0.000680
0.099961 0.044911 -0.000684 -0.000239
-0.001666 -0.000684 0.477698 0.100573
-0.000680 -0.000239 0.100573 0.045024
24.138331 1.111367 31.362556 1.876974
0.470874 0.099361 -0.004210 -0.001122
0.099361 0.044782 -0.001127 -0.000295
-0.004210 -0.001127 0.476878 0.100507
-0.001122 -0.000295 0.100507 0.045002
24.371473 1.043166 32.378425 1.893368
0.470772 0.099520 -0.000826 -0.000278
0.099520 0.044818 -0.000281 -0.000080
-0.000826 -0.000281 0.478886 0.101018
-0.000278 -0.000080 0.101018 0.045099
25.318116 1.133039 34.059587 2.048272
0.467220 0.098902 -0.010295 -0.002237
0.098902 0.044680 -0.002246 -0.000483
-0.010295 -0.002246 0.479684 0.101207
-0.002237 -0.000483 0.101207 0.045118
26.436220 1.249895 34.777855 1.983925
0.471790 0.100034 -0.010285 -0.002013
0.100034 0.044918 -0.002021 -0.000392
-0.010285 -0.002021 0.483979 0.102104
-0.002013 -0.000392 0.102104 0.045284
27.347310 1.310657 35.875557 2.006410
0.469755 0.099627 -0.008954 -0.001562
0.099627 0.044803 -0.001564 -0.000271
-0.008954 -0.001564 0.484260 0.102063
-0.001562 -0.000271 0.102063 0.045240
28.224199 1.357651 36.855368 2.001687
0.469218 0.099560 -0.008500 -0.001361
0.099560 0.044771 -0.001360 -0.000221
-0.008500 -0.001360 0.485452 0.102223
-0.001361 -0.000221 0.102223 0.045248
28.912768 1.359080 37.251242 1.874419
0.466609 0.099042 -0.010698 -0.001756
0.099042 0.044643 -0.001761 -0.000308
-0.010698 -0.001761 0.482490 0.101499
-0.001756 -0.000308 0.101499 0.045072
29.307645 1.298858 38.389767 1.916407
0.464522 0.098669 -0.012840 -0.002117
0.098669 0.044556 -0.002120 -0.000381
-0.012840 -0.002120 0.484475 0.101894
-0.002117 -0.000381 0.101894 0.045152
30.365377 1.385237 39.048701 1.854097
0.471136 0.100166 -0.013900 -0.002219
0.100166 0.044871 -0.002226 -0.000396
-0.013900 -0.002226 0.490097 0.103020
-0.002219 -0.000396 0.103020 0.045379
30.785634 1.326851 39.676332 1.790776
0.470424 0.099951 -0.010553 -0.001418
0.099951 0.044794 -0.001412 -0.000224
-0.010553 -0.001412 0.490854 0.103031
-0.001418 -0.000224 0.103031 0.045357
30.938571 1.217274 39.897978 1.648648
0.463674 0.098465 -0.013270 -0.001993
0.098465 0.044454 -0.001994 -0.000366
-0.013270 -0.001994 0.485169 0.101699
-0.001993 -0.000366 0.101699 0.045060
31.830239 1.278099 41.079041 1.723967
0.462542 0.098316 -0.014794 -0.002260
0.098316 0.044431 -0.002259 -0.000426
-0.014794 -0.002259 0.487856 0.102269
-0.002260 -0.000426 0.102269 0.045193
32.134990 1.206932 41.930015 1.721003
0.460651 0.098008 -0.014529 -0.002141
0.098008 0.044372 -0.002132 -0.000401
-0.014529 -0.002132 0.489418 0.102557
-0.002141 -0.000401 0.102557 0.045256
32.570453 1.170826 42.638528 1.688818
0.461452 0.098273 -0.020589 -0.003366
0.098273 0.044433 -0.003376 -0.000667
-0.020589 -0.003376 0.492160 0.103059
-0.003366 -0.000667 0.103059 0.045357
33.269585 1.197657 44.576917 1.918066
0.462752 0.098609 -0.023184 -0.003759
0.098609 0.044502 -0.003757 -0.000732
-0.023184 -0.003757 0.501990 0.105016
-0.003759 -0.000732 0.105016 0.045758
34.488972 1.330006 45.536999 1.919952
0.460797 0.098208 -0.024519 -0.003882
0.098208 0.044405 -0.003883 -0.000746
-0.024519 -0.003883 0.501313 0.104608
-0.003882 -0.000746 0.104608 0.045635
34.870600 1.267611 45.852530 1.784780
0.458941 0.097860 -0.025064 -0.003854
0.097860 0.044327 -0.003859 -0.000734
-0.025064 -0.003859 0.498780 0.103889
-0.003854 -0.000734 0.103889 0.045470
35.578455 1.281884 46.268808 1.685863
0.462315 0.098652 -0.025190 -0.003749
0.098652 0.044497 -0.003760 -0.000711
-0.025190 -0.003760 0.500338 0.104121
-0.003749 -0.000711 0.104121 0.045525
