3.189998 2.238121 0.216351 -0.805505
2.486061 0.994446 -0.068621 -0.027449
0.994446 80.401854 -0.027449 -0.010980
-0.068621 -0.027449 2.499689 0.999897
-0.027449 -0.010980 0.999897 80.404034
5.547508 4.398648 -0.705372 -1.704218
2.285976 3.993540 -0.018655 -0.019038
3.993540 15.412325 -0.018858 -0.206601
-0.018655 -0.018858 2.320019 4.050286
-0.019038 -0.206601 4.050286 15.545885
4.074816 0.157193 -0.854916 -0.887266
1.985642 2.292983 -0.066416 -0.080375
2.292983 4.553683 -0.080436 -0.140447
-0.066416 -0.080436 2.011181 2.318581
-0.080375 -0.140447 2.318581 4.592576
4.800484 0.705328 2.823602 2.586513
1.714024 1.446232 -0.067070 -0.055660
1.446232 1.922040 -0.055698 -0.061989
-0.067070 -0.055698 1.718775 1.448261
-0.055660 -0.061989 1.448261 1.928285
6.658120 1.700985 4.195082 2.640228
1.496265 0.989753 -0.032838 -0.019754
0.989753 0.988609 -0.019761 -0.019584
-0.032838 -0.019761 1.504448 0.995016
-0.019754 -0.019584 0.995016 0.995070
7.375919 1.628113 4.258526 1.957170
1.293788 0.702984 -0.030870 -0.015973
0.702984 0.568528 -0.015974 -0.012690
-0.030870 -0.015974 1.303323 0.708312
-0.015973 -0.012690 0.708312 0.573181
8.030564 1.554777 6.116565 2.363582
1.165961 0.538747 -0.024213 -0.010755
0.538747 0.365716 -0.010758 -0.007515
-0.024213 -0.010758 1.171170 0.541289
-0.010755 -0.007515 0.541289 0.367954
9.374032 1.782595 7.593674 2.482558
1.049353 0.422215 -0.015981 -0.006246
0.422215 0.249752 -0.006249 -0.004241
-0.015981 -0.006249 1.053855 0.424212
-0.006246 -0.004241 0.424212 0.251267
9.311491 1.441726 9.028558 2.551807
0.956330 0.341754 -0.014115 -0.005071
0.341754 0.180926 -0.005073 -0.003057
-0.014115 -0.005073 0.958076 0.342562
-0.005071 -0.003057 0.342562 0.181706
10.985717 1.749383 9.339819 2.240294
0.865681 0.279255 -0.008806 -0.002945
0.279255 0.136179 -0.002947 -0.001859
-0.008806 -0.002947 0.869361 0.280643
-0.002945 -0.001859 0.280643 0.136985
11.664207 1.691201 11.311951 2.492324
0.800410 0.236577 -0.006207 -0.002013
0.236577 0.108070 -0.002015 -0.001283
-0.006207 -0.002015 0.802081 0.237228
-0.002013 -0.001283 0.237228 0.108517
11.820802 1.502385 12.197719 2.393638
0.749699 0.205565 -0.003690 -0.001232
0.205565 0.089408 -0.001233 -0.000868
-0.003690 -0.001233 0.750565 0.205948
-0.001232 -0.000868 0.205948 0.089702
12.740522 1.545835 13.079784 2.312573
0.700235 0.180078 -0.003565 -0.001163
0.180078 0.076035 -0.001164 -0.000713
-0.003565 -0.001164 0.701120 0.180442
-0.001163 -0.000713 0.180442 0.076273
12.556716 1.312727 13.882585 2.226677
0.659771 0.160844 -0.002124 -0.000755
0.160844 0.066773 -0.000755 -0.000505
-0.002124 -0.000755 0.659829 0.160978
-0.000755 -0.000505 0.160978 0.066915
12.464433 1.137808 15.610979 2.370582
0.628317 0.146616 -0.003744 -0.001104
0.146616 0.060371 -0.001103 -0.000510
-0.003744 -0.001103 0.627176 0.146464
-0.001104 -0.000510 0.146464 0.060421
13.045436 1.140751 16.075131 2.207992
0.598714 0.134864 -0.003532 -0.000976
0.134864 0.055642 -0.000976 -0.000411
-0.003532 -0.000976 0.597746 0.134768
-0.000976 -0.000411 0.134768 0.055691
14.071262 1.240649 16.882892 2.142894
0.575051 0.126047 -0.004039 -0.001017
0.126047 0.052338 -0.001016 -0.000366
-0.004039 -0.001016 0.574405 0.126027
-0.001017 -0.000366 0.126027 0.052389
14.601372 1.221323 17.588997 2.064371
0.556293 0.119468 -0.004848 -0.001115
0.119468 0.050037 -0.001114 -0.000343
-0.004848 -0.001114 0.555638 0.119442
-0.001115 -0.000343 0.119442 0.050074
15.395427 1.260134 18.291693 1.994580
0.541876 0.114669 -0.005369 -0.001141
0.114669 0.048462 -0.001141 -0.000312
-0.005369 -0.001141 0.541363 0.114666
-0.001141 -0.000312 0.114666 0.048495
16.265919 1.310472 19.092503 1.953419
0.527264 0.110445 -0.004559 -0.000890
0.110445 0.047240 -0.000890 -0.000231
-0.004559 -0.000890 0.526864 0.110455
-0.000890 -0.000231 0.110455 0.047266
16.990199 1.324912 20.371220 2.016360
0.518027 0.107852 -0.004274 -0.000777
0.107852 0.046522 -0.000777 -0.000189
-0.004274 -0.000777 0.517591 0.107844
-0.000777 -0.000189 0.107844 0.046538
17.377198 1.267819 21.591615 2.060342
0.510122 0.105845 -0.004300 -0.000743
0.105845 0.046020 -0.000743 -0.000170
-0.004300 -0.000743 0.509588 0.105807
-0.000743 -0.000170 0.105807 0.046024
17.484359 1.158434 21.965959 1.924171
0.502146 0.104050 -0.003968 -0.000642
0.104050 0.045621 -0.000642 -0.000141
-0.003968 -0.000642 0.501482 0.103978
-0.000642 -0.000141 0.103978 0.045614
18.644896 1.278844 22.693138 1.875682
0.495501 0.102714 -0.002333 -0.000283
0.102714 0.045357 -0.000283 -0.000062
-0.002333 -0.000283 0.495062 0.102685
-0.000283 -0.000062 0.102685 0.045356
19.441847 1.311450 23.368059 1.821125
0.488766 0.101478 -0.000711 0.000039
0.101478 0.045132 0.000039 0.000001
-0.000711 0.000039 0.488419 0.101461
0.000039 0.000001 0.101461 0.045131
20.341773 1.362323 24.419461 1.850527
0.483922 0.100728 -0.000717 -0.000005
0.100728 0.045019 -0.000005 -0.000015
-0.000717 -0.000005 0.483723 0.100733
-0.000005 -0.000015 0.100733 0.045020
20.884356 1.333466 25.657650 1.915845
0.481964 0.100614 -0.000434 0.000022
0.100614 0.045035 0.000022 -0.000014
-0.000434 0.000022 0.481917 0.100642
0.000022 -0.000014 0.100642 0.045039
21.007259 1.219634 26.591678 1.910749
0.480887 0.100654 0.000771 0.000244
0.100654 0.045069 0.000244 0.000030
0.000771 0.000244 0.480933 0.100690
0.000244 0.000030 0.100690 0.045073
21.564149 1.208564 27.976578 2.000860
0.479859 0.100658 0.000558 0.000153
0.100658 0.045080 0.000153 0.000006
0.000558 0.000153 0.480198 0.100746
0.000153 0.000006 0.100746 0.045094
22.185650 1.212184 29.110627 2.028941
0.479178 0.100696 -0.000049 -0.000005
0.100696 0.045089 -0.000005 -0.000028
-0.000049 -0.000005 0.479768 0.100824
-0.000005 -0.000028 0.100824 0.045110
22.832184 1.220697 29.877337 1.976807
0.477292 0.100443 0.001332 0.000275
0.100443 0.045028 0.000275 0.000034
0.001332 0.000275 0.478005 0.100582
0.000275 0.000034 0.100582 0.045050
23.546026 1.242500 30.947946 1.994117
0.477039 0.100527 0.000990 0.000170
0.100527 0.045038 0.000170 0.000010
0.000990 0.000170 0.478054 0.100716
0.000170 0.000010 0.100716 0.045069
24.026241 1.212784 31.654490 1.932877
0.476889 0.100597 -0.001487 -0.000370
0.100597 0.045039 -0.000371 -0.000102
-0.001487 -0.000371 0.478042 0.100798
-0.000370 -0.000102 0.100798 0.045071
24.755395 1.238683 32.995206 2.011834
0.476453 0.100574 -0.000085 -0.000037
0.100574 0.045017 -0.000037 -0.000020
-0.000085 -0.000037 0.478160 0.100878
-0.000037 -0.000020 0.100878 0.045070
25.362088 1.236012 33.985568 2.008552
0.476192 0.100571 -0.001263 -0.000283
0.100571 0.044998 -0.000283 -0.000069
-0.001263 -0.000283 0.478256 0.100929
-0.000283 -0.000069 0.100929 0.045061
26.220067 1.286713 35.012475 2.013334
0.477089 0.100797 -0.002160 -0.000446
0.100797 0.045028 -0.000446 -0.000096
-0.002160 -0.000446 0.479497 0.101204
-0.000446 -0.000096 0.101204 0.045100
27.128767 1.342783 36.102392 2.030928
0.477875 0.100965 -0.002460 -0.000470
0.100965 0.045043 -0.000470 -0.000094
-0.002460 -0.000470 0.480691 0.101433
-0.000470 -0.000094 0.101433 0.045126
27.873291 1.358287 37.429704 2.096715
0.476488 0.100649 -0.003447 -0.000641
0.100649 0.044955 -0.000642 -0.000124
-0.003447 -0.000642 0.480050 0.101249
-0.000641 -0.000124 0.101249 0.045065
28.644769 1.377832 38.618897 2.126437
0.476941 0.100749 -0.003883 -0.000685
0.100749 0.044964 -0.000685 -0.000127
-0.003883 -0.000685 0.481080 0.101437
-0.000685 -0.000127 0.101437 0.045090
29.214990 1.352596 39.244022 2.034060
0.476314 0.100606 -0.004212 -0.000709
0.100606 0.044921 -0.000709 -0.000128
-0.004212 -0.000709 0.480568 0.101282
-0.000709 -0.000128 0.101282 0.045042
30.191650 1.415853 39.854381 1.948514
0.475866 0.100511 -0.005488 -0.000938
0.100511 0.044893 -0.000939 -0.000174
-0.005488 -0.000939 0.480095 0.101153
-0.000938 -0.000174 0.101153 0.045006
31.084970 1.454493 39.922798 1.757787
0.474819 0.100298 -0.002406 -0.000233
0.100298 0.044843 -0.000233 -0.000020
-0.002406 -0.000233 0.478508 0.100806
-0.000233 -0.000020 0.100806 0.044930
31.660989 1.422856 41.391482 1.881981
0.476042 0.100580 -0.001690 -0.000102
0.100580 0.044901 -0.000100 -0.000003
-0.001690 -0.000100 0.480994 0.101350
-0.000102 -0.000003 0.101350 0.045047
32.596231 1.470213 42.487296 1.914698
0.474861 0.100322 -0.002672 -0.000341
0.100322 0.044839 -0.000340 -0.000064
-0.002672 -0.000340 0.480474 0.101205
-0.000341 -0.000064 0.101205 0.045009
33.512886 1.508597 43.494460 1.925270
0.473605 0.100071 -0.004300 -0.000692
0.100071 0.044784 -0.000692 -0.000142
-0.004300 -0.000692 0.479777 0.101041
-0.000692 -0.000142 0.101041 0.044972
33.725478 1.394296 44.857578 2.009341
0.470761 0.099505 -0.003204 -0.000437
0.099505 0.044668 -0.000435 -0.000085
-0.003204 -0.000435 0.478520 0.100777
-0.000437 -0.000085 0.100777 0.044917
34.379710 1.385089 45.606338 1.955410
0.472286 0.099910 -0.005661 -0.000956
0.099910 0.044764 -0.000957 -0.000198
-0.005661 -0.000957 0.480235 0.101163
-0.000956 -0.000198 0.101163 0.045004
35.134515 1.398324 46.683471 1.976390
0.473025 0.100098 -0.008088 -0.001420
0.100098 0.044802 -0.001423 -0.000289
-0.008088 -0.001423 0.481647 0.101446
-0.001420 -0.000289 0.101446 0.045060
35.974201 1.427840 47.381518 1.915406
0.470735 0.099621 -0.009152 -0.001563
0.099621 0.044696 -0.001566 -0.000308
-0.009152 -0.001566 0.479554 0.100966
-0.001563 -0.000308 0.100966 0.044952
36.392827 1.365045 48.060404 1.856409
0.469145 0.099333 -0.010018 -0.001661
0.099333 0.044638 -0.001664 -0.000319
-0.010018 -0.001664 0.478483 0.100751
-0.001661 -0.000319 0.100751 0.044911
