5.602134 3.202997 2.288920 0.023540
2.401849 0.960761 -0.184366 -0.073748
0.960761 80.388379 -0.073748 -0.029500
-0.184366 -0.073748 2.475662 0.990286
-0.073748 -0.029500 0.990286 80.400190
4.094681 -2.271968 1.029337 -2.248655
2.239497 3.924860 -0.268929 -0.434254
3.924860 15.065982 -0.434389 -1.230218
-0.268929 -0.434389 2.338736 4.083983
-0.434254 -1.230218 4.083983 15.532664
4.802208 -0.118780 1.994592 0.177768
2.030156 2.342291 -0.222802 -0.233128
2.342291 4.550357 -0.233358 -0.395566
-0.222802 -0.233358 2.094655 2.408515
-0.233128 -0.395566 2.408515 4.677518
5.081212 0.172388 3.294695 1.194425
1.781036 1.492852 -0.173804 -0.134620
1.492852 1.935224 -0.134809 -0.166591
-0.173804 -0.134809 1.813684 1.518156
-0.134620 -0.166591 1.518156 1.978436
5.153743 0.165489 4.583616 1.648015
1.532065 1.003594 -0.132625 -0.082196
1.003594 0.985097 -0.082325 -0.082096
-0.132625 -0.082325 1.544317 1.012373
-0.082196 -0.082096 1.012373 1.002595
5.772481 0.453513 4.996615 1.426941
1.367678 0.736053 -0.113622 -0.059451
0.736053 0.580362 -0.059510 -0.048671
-0.113622 -0.059510 1.386189 0.747920
-0.059451 -0.048671 0.747920 0.593760
8.325712 1.516316 5.623833 1.388566
1.198964 0.547702 -0.102974 -0.046594
0.547702 0.366190 -0.046611 -0.031846
-0.102974 -0.046611 1.240043 0.568184
-0.046594 -0.031846 0.568184 0.379802
9.037354 1.497706 5.423320 1.031615
1.059174 0.421708 -0.095773 -0.038017
0.421708 0.247628 -0.038022 -0.022123
-0.095773 -0.038022 1.102505 0.439784
-0.038017 -0.022123 0.439784 0.257334
9.466558 1.384829 8.123303 1.805886
0.950498 0.336775 -0.060670 -0.021315
0.336775 0.178226 -0.021328 -0.012326
-0.060670 -0.021328 0.964173 0.341807
-0.021315 -0.012326 0.341807 0.181547
11.523804 1.822574 7.936518 1.455986
0.857429 0.274902 -0.040450 -0.013095
0.274902 0.134416 -0.013110 -0.007691
-0.040450 -0.013110 0.886682 0.284563
-0.013095 -0.007691 0.284563 0.138641
11.589633 1.573687 8.694494 1.465254
0.800278 0.235589 -0.031805 -0.009781
0.235589 0.107689 -0.009788 -0.005524
-0.031805 -0.009788 0.821823 0.241936
-0.009781 -0.005524 0.241936 0.110316
12.096184 1.497090 9.390032 1.455331
0.748172 0.204550 -0.027666 -0.008123
0.204550 0.089139 -0.008127 -0.004251
-0.027666 -0.008127 0.766243 0.209390
-0.008123 -0.004251 0.209390 0.091007
12.734708 1.468038 11.142813 1.718282
0.713387 0.183112 -0.028666 -0.007935
0.183112 0.076876 -0.007932 -0.003601
-0.028666 -0.007932 0.722760 0.185354
-0.007935 -0.003601 0.185354 0.077853
13.479964 1.470847 11.886860 1.690306
0.669046 0.162711 -0.029620 -0.007652
0.162711 0.067262 -0.007651 -0.003054
-0.029620 -0.007651 0.677810 0.164730
-0.007652 -0.003054 0.164730 0.068077
14.364583 1.505386 13.209294 1.801248
0.628594 0.146295 -0.021037 -0.005140
0.146295 0.060323 -0.005136 -0.002094
-0.021037 -0.005136 0.634761 0.147634
-0.005140 -0.002094 0.147634 0.060892
14.692658 1.409813 14.586426 1.908423
0.601759 0.135297 -0.023972 -0.005529
0.135297 0.055788 -0.005526 -0.001936
-0.023972 -0.005526 0.604062 0.135742
-0.005529 -0.001936 0.135742 0.056098
14.768716 1.272209 15.723104 1.948297
0.580376 0.127010 -0.024707 -0.005357
0.127010 0.052597 -0.005355 -0.001690
-0.024707 -0.005355 0.579690 0.126845
-0.005357 -0.001690 0.126845 0.052740
15.355245 1.261484 16.491203 1.904073
0.563660 0.120837 -0.025328 -0.005169
0.120837 0.050367 -0.005168 -0.001484
-0.025328 -0.005168 0.562787 0.120714
-0.005169 -0.001484 0.120714 0.050500
15.601361 1.180750 18.004555 2.022391
0.544172 0.114904 -0.014740 -0.002637
0.114904 0.048535 -0.002640 -0.000822
-0.014740 -0.002640 0.540823 0.114311
-0.002637 -0.000822 0.114311 0.048548
16.660395 1.278653 18.915458 2.001827
0.523868 0.109527 -0.016065 -0.002870
0.109527 0.047075 -0.002871 -0.000813
-0.016065 -0.002871 0.521430 0.109202
-0.002870 -0.000813 0.109202 0.047132
16.925019 1.201265 20.446569 2.111965
0.515603 0.107271 -0.016399 -0.002849
0.107271 0.046448 -0.002851 -0.000754
-0.016399 -0.002851 0.511928 0.106725
-0.002849 -0.000754 0.106725 0.046441
17.677983 1.232349 21.086874 2.025674
0.507163 0.105241 -0.013241 -0.002101
0.105241 0.045949 -0.002104 -0.000554
-0.013241 -0.002104 0.504013 0.104849
-0.002101 -0.000554 0.104849 0.045961
18.720516 1.321420 22.578754 2.125875
0.498617 0.103403 -0.010754 -0.001565
0.103403 0.045544 -0.001567 -0.000420
-0.010754 -0.001567 0.496302 0.103201
-0.001565 -0.000420 0.103201 0.045580
19.105246 1.264038 23.578469 2.112349
0.496167 0.103009 -0.003890 -0.000154
0.103009 0.045477 -0.000159 -0.000116
-0.003890 -0.000159 0.493923 0.102815
-0.000154 -0.000116 0.102815 0.045497
19.771363 1.271491 24.986375 2.185686
0.483627 0.100529 -0.003640 -0.000254
0.100529 0.044975 -0.000257 -0.000152
-0.003640 -0.000257 0.482272 0.100502
-0.000254 -0.000152 0.100502 0.045014
20.515163 1.293719 25.702562 2.107039
0.481710 0.100466 -0.005088 -0.000665
0.100466 0.045011 -0.000667 -0.000241
-0.005088 -0.000667 0.480698 0.100481
-0.000665 -0.000241 0.100481 0.045043
21.586587 1.382387 26.554106 2.065016
0.479733 0.100353 -0.001868 -0.000042
0.100353 0.045018 -0.000044 -0.000103
-0.001868 -0.000044 0.479527 0.100502
-0.000042 -0.000103 0.100502 0.045066
22.412395 1.410655 27.652745 2.078978
0.476519 0.099942 -0.002666 -0.000307
0.099942 0.044949 -0.000308 -0.000160
-0.002666 -0.000308 0.477507 0.100297
-0.000307 -0.000160 0.100297 0.045027
22.814421 1.346985 28.950245 2.133152
0.476848 0.100270 -0.001800 -0.000179
0.100270 0.045029 -0.000179 -0.000126
-0.001800 -0.000179 0.479544 0.100924
-0.000179 -0.000126 0.100924 0.045158
23.484507 1.346362 30.327229 2.198545
0.468318 0.098657 0.001606 0.000483
0.098657 0.044683 0.000483 0.000019
0.001606 0.000483 0.473432 0.099739
0.000483 0.000019 0.099739 0.044888
24.428604 1.403628 31.688968 2.253966
0.466384 0.098546 0.002487 0.000566
0.098546 0.044675 0.000566 0.000032
0.002487 0.000566 0.473686 0.099979
0.000566 0.000032 0.099979 0.044938
25.148096 1.407420 32.400166 2.166094
0.471487 0.099884 -0.002483 -0.000578
0.099884 0.044962 -0.000580 -0.000211
-0.002483 -0.000580 0.478692 0.101165
-0.000578 -0.000211 0.101165 0.045176
25.260611 1.282107 32.691766 1.998881
0.471959 0.100065 -0.002100 -0.000464
0.100065 0.044969 -0.000466 -0.000163
-0.002100 -0.000466 0.478772 0.101168
-0.000464 -0.000163 0.101168 0.045140
25.307737 1.156133 33.540140 1.966962
0.471220 0.099946 -0.002477 -0.000520
0.099946 0.044909 -0.000521 -0.000158
-0.002477 -0.000521 0.480178 0.101441
-0.000520 -0.000158 0.101441 0.045165
26.197764 1.222328 34.633559 1.990197
0.469815 0.099678 -0.000901 -0.000156
0.099678 0.044823 -0.000155 -0.000066
-0.000901 -0.000155 0.481123 0.101583
-0.000156 -0.000066 0.101583 0.045163
26.926389 1.247252 35.529213 1.969223
0.469305 0.099608 -0.001115 -0.000205
0.099608 0.044786 -0.000204 -0.000071
-0.001115 -0.000204 0.482310 0.101762
-0.000205 -0.000071 0.101762 0.045173
28.189637 1.382995 35.766952 1.811818
0.472337 0.100281 -0.002581 -0.000510
0.100281 0.044910 -0.000512 -0.000130
-0.002581 -0.000512 0.482979 0.101818
-0.000510 -0.000130 0.101818 0.045160
28.366679 1.273808 36.576322 1.791410
0.472056 0.100174 -0.008300 -0.001681
0.100174 0.044856 -0.001691 -0.000368
-0.008300 -0.001691 0.485614 0.102289
-0.001681 -0.000368 0.102289 0.045239
28.935449 1.259402 37.581749 1.814466
0.471898 0.100103 -0.005348 -0.000919
0.100103 0.044819 -0.000921 -0.000177
-0.005348 -0.000921 0.488433 0.102765
-0.000919 -0.000177 0.102765 0.045317
29.404742 1.225544 38.780239 1.875571
0.469849 0.099636 -0.005204 -0.000837
0.099636 0.044702 -0.000836 -0.000154
-0.005204 -0.000836 0.490778 0.103108
-0.000837 -0.000154 0.103108 0.045367
30.491022 1.325946 39.677379 1.867339
0.467140 0.099069 -0.010855 -0.001987
0.099069 0.044576 -0.001998 -0.000397
-0.010855 -0.001998 0.489686 0.102714
-0.001987 -0.000397 0.102714 0.045263
30.756016 1.241690 40.837238 1.914377
0.456333 0.096837 -0.010894 -0.001866
0.096837 0.044107 -0.001869 -0.000352
-0.010894 -0.001869 0.484956 0.101622
-0.001866 -0.000352 0.101622 0.045029
31.157464 1.194858 41.671112 1.888276
0.454810 0.096772 -0.013359 -0.002275
0.096772 0.044134 -0.002283 -0.000429
-0.013359 -0.002283 0.485869 0.101829
-0.002275 -0.000429 0.101829 0.045091
31.809014 1.205814 42.205253 1.802408
0.460299 0.098171 -0.017527 -0.003011
0.098171 0.044457 -0.003034 -0.000573
-0.017527 -0.003034 0.490346 0.102764
-0.003011 -0.000573 0.102764 0.045298
32.550885 1.236256 43.533923 1.892204
0.457311 0.097587 -0.023378 -0.004065
0.097587 0.044319 -0.004097 -0.000779
-0.023378 -0.004097 0.492837 0.103194
-0.004065 -0.000779 0.103194 0.045381
33.261288 1.254983 44.054697 1.803408
0.464048 0.099132 -0.022949 -0.003711
0.099132 0.044647 -0.003739 -0.000674
-0.022949 -0.003739 0.497740 0.104114
-0.003711 -0.000674 0.104114 0.045565
34.020138 1.284197 45.383412 1.892985
0.458907 0.097964 -0.024614 -0.003897
0.097964 0.044362 -0.003910 -0.000707
-0.024614 -0.003910 0.498780 0.104149
-0.003897 -0.000707 0.104149 0.045551
34.748820 1.301879 46.058971 1.836720
0.457821 0.097772 -0.026407 -0.004111
0.097772 0.044314 -0.004128 -0.000751
-0.026407 -0.004128 0.498640 0.103959
-0.004111 -0.000751 0.103959 0.045499
35.493895 1.323398 47.389794 1.923011
0.453479 0.096876 -0.032401 -0.005222
0.096876 0.044114 -0.005246 -0.000987
-0.032401 -0.005246 0.500843 0.104285
-0.005222 -0.000987 0.104285 0.045562
36.353510 1.364793 48.092540 1.869895
0.452693 0.096824 -0.035282 -0.005596
0.096824 0.044111 -0.005630 -0.001055
-0.035282 -0.005630 0.500797 0.104143
-0.005596 -0.001055 0.104143 0.045529
