7.089671 3.798024 1.645280 -0.233921
2.419606 0.967863 -0.079722 -0.031890
0.967863 80.391220 -0.031890 -0.012756
-0.079722 -0.031890 2.480958 0.992405
-0.031890 -0.012756 0.992405 80.401037
5.194521 -2.833907 4.196535 4.402483
2.303065 4.036089 -0.101678 -0.161760
4.036089 15.316612 -0.162257 -0.486074
-0.101678 -0.162257 2.309353 4.034827
-0.161760 -0.486074 4.034827 15.470274
6.067352 -0.209161 3.915420 1.549637
2.015780 2.318441 -0.083386 -0.088344
2.318441 4.536198 -0.088368 -0.156933
-0.083386 -0.088368 2.039686 2.351051
-0.088344 -0.156933 2.351051 4.616824
7.396701 0.994036 4.768141 1.617876
1.724283 1.446587 -0.038382 -0.028943
1.446587 1.906011 -0.028996 -0.047119
-0.038382 -0.028996 1.747810 1.469037
-0.028943 -0.047119 1.469037 1.939345
5.839851 -0.357606 4.534198 0.930739
1.493827 0.983186 -0.059247 -0.039191
0.983186 0.977964 -0.039187 -0.038172
-0.059247 -0.039187 1.506530 0.992918
-0.039191 -0.038172 0.992918 0.990639
6.705656 0.207862 5.032997 0.948962
1.293193 0.700024 -0.071379 -0.038573
0.700024 0.564313 -0.038554 -0.027556
-0.071379 -0.038554 1.306243 0.708138
-0.038573 -0.027556 0.708138 0.572053
7.552080 0.550079 5.699980 1.038311
1.151744 0.530595 -0.057794 -0.025827
0.530595 0.360699 -0.025821 -0.015654
-0.057794 -0.025821 1.163636 0.536798
-0.025827 -0.015654 0.536798 0.365491
9.047797 1.041538 7.466484 1.541090
1.048163 0.421056 -0.047121 -0.018035
0.421056 0.248749 -0.018036 -0.009629
-0.047121 -0.018036 1.056814 0.425032
-0.018035 -0.009629 0.425032 0.251543
9.522604 1.025458 8.634419 1.683046
0.943076 0.336573 -0.034834 -0.011651
0.336573 0.178766 -0.011657 -0.005807
-0.034834 -0.011657 0.948403 0.338853
-0.011651 -0.005807 0.338853 0.180372
10.801701 1.272977 10.012071 1.856685
0.865252 0.279028 -0.027561 -0.008295
0.279028 0.135983 -0.008301 -0.003889
-0.027561 -0.008301 0.869770 0.280811
-0.008295 -0.003889 0.280811 0.137113
11.327804 1.239626 9.578140 1.453625
0.802473 0.237108 -0.023507 -0.006508
0.237108 0.108138 -0.006511 -0.002846
-0.023507 -0.006511 0.808805 0.239254
-0.006508 -0.002846 0.239254 0.109171
12.231544 1.317712 10.901903 1.617512
0.746639 0.204617 -0.030088 -0.007905
0.204617 0.089072 -0.007906 -0.002880
-0.030088 -0.007906 0.751208 0.206057
-0.007905 -0.002880 0.206057 0.089747
12.693849 1.267004 11.437846 1.547187
0.697353 0.179298 -0.017223 -0.003990
0.179298 0.075792 -0.003993 -0.001547
-0.017223 -0.003993 0.701339 0.180458
-0.003990 -0.001547 0.180458 0.076295
12.873302 1.156534 12.626729 1.648240
0.665527 0.162256 -0.009804 -0.002016
0.162256 0.067095 -0.002020 -0.000909
-0.009804 -0.002020 0.667450 0.162818
-0.002016 -0.000909 0.162818 0.067382
13.146963 1.085609 13.736113 1.714681
0.636209 0.148369 -0.006710 -0.001309
0.148369 0.060741 -0.001313 -0.000658
-0.006710 -0.001313 0.636787 0.148586
-0.001309 -0.000658 0.148586 0.060909
13.698585 1.087497 14.213149 1.629085
0.606679 0.136465 -0.003964 -0.000737
0.136465 0.055951 -0.000740 -0.000466
-0.003964 -0.000740 0.607356 0.136702
-0.000737 -0.000466 0.136702 0.056098
14.404400 1.122917 14.765262 1.571669
0.582062 0.127308 -0.003576 -0.000717
0.127308 0.052556 -0.000720 -0.000415
-0.003576 -0.000720 0.582905 0.127572
-0.000717 -0.000415 0.127572 0.052688
14.749543 1.076586 15.546546 1.570688
0.562346 0.120443 -0.006105 -0.001294
0.120443 0.050190 -0.001296 -0.000495
-0.006105 -0.001296 0.562669 0.120579
-0.001294 -0.000495 0.120579 0.050276
15.388481 1.097848 16.783199 1.665961
0.545068 0.114997 -0.003028 -0.000603
0.114997 0.048483 -0.000605 -0.000299
-0.003028 -0.000605 0.544861 0.115014
-0.000603 -0.000299 0.115014 0.048531
16.652465 1.247231 18.473436 1.845142
0.530204 0.110745 -0.003159 -0.000642
0.110745 0.047270 -0.000644 -0.000277
-0.003159 -0.000644 0.529886 0.110740
-0.000642 -0.000277 0.110740 0.047305
17.192369 1.229857 19.635008 1.894795
0.517084 0.107370 -0.000644 -0.000115
0.107370 0.046402 -0.000116 -0.000139
-0.000644 -0.000116 0.516477 0.107305
-0.000115 -0.000139 0.107305 0.046418
17.346667 1.134448 20.766545 1.932971
0.506484 0.104899 -0.000335 -0.000085
0.104899 0.045826 -0.000086 -0.000118
-0.000335 -0.000086 0.505476 0.104755
-0.000085 -0.000118 0.104755 0.045820
17.985105 1.149175 21.971341 1.982349
0.501869 0.103926 -0.000319 -0.000107
0.103926 0.045621 -0.000108 -0.000108
-0.000319 -0.000108 0.500896 0.103798
-0.000107 -0.000108 0.103798 0.045615
19.339412 1.310790 22.629906 1.913286
0.495041 0.102586 -0.001795 -0.000426
0.102586 0.045357 -0.000427 -0.000160
-0.001795 -0.000427 0.494513 0.102555
-0.000426 -0.000160 0.102555 0.045368
19.645960 1.238365 23.600452 1.916195
0.493280 0.102410 0.000582 0.000092
0.102410 0.045353 0.000091 -0.000035
0.000582 0.000091 0.492747 0.102372
0.000092 -0.000035 0.102372 0.045358
20.045163 1.192560 25.060107 2.020601
0.490883 0.102094 0.002015 0.000368
0.102094 0.045311 0.000367 0.000029
0.002015 0.000367 0.490571 0.102096
0.000368 0.000029 0.102096 0.045320
20.725036 1.209767 27.162776 2.248320
0.481707 0.100368 0.001816 0.000286
0.100368 0.044971 0.000285 0.000014
0.001816 0.000285 0.482151 0.100517
0.000286 0.000014 0.100517 0.045007
21.565306 1.258926 28.456054 2.283623
0.478093 0.099932 -0.000670 -0.000259
0.099932 0.044918 -0.000259 -0.000095
-0.000670 -0.000259 0.479042 0.100164
-0.000259 -0.000095 0.100164 0.044966
22.725749 1.370292 29.426202 2.247531
0.476703 0.099955 -0.005336 -0.001205
0.099955 0.044952 -0.001205 -0.000279
-0.005336 -0.001205 0.477958 0.100223
-0.001205 -0.000279 0.100223 0.045002
23.195961 1.325093 30.370227 2.209737
0.475641 0.099994 -0.003033 -0.000601
0.099994 0.044972 -0.000601 -0.000125
-0.003033 -0.000601 0.477250 0.100308
-0.000601 -0.000125 0.100308 0.045028
23.483417 1.246118 31.741953 2.265859
0.476663 0.100423 -0.003795 -0.000711
0.100423 0.045062 -0.000711 -0.000139
-0.003795 -0.000711 0.479181 0.100899
-0.000711 -0.000139 0.100899 0.045149
24.412352 1.310473 32.301356 2.145074
0.476140 0.100445 -0.001252 -0.000121
0.100445 0.045050 -0.000121 -0.000007
-0.001252 -0.000121 0.478562 0.100862
-0.000121 -0.000007 0.100862 0.045120
25.100778 1.317480 33.369654 2.144189
0.477102 0.100747 0.000869 0.000317
0.100747 0.045093 0.000318 0.000080
0.000869 0.000318 0.480227 0.101284
0.000317 0.000080 0.101284 0.045187
26.062530 1.381502 34.494521 2.155373
0.474618 0.100266 0.000393 0.000165
0.100266 0.044965 0.000166 0.000035
0.000393 0.000166 0.478603 0.100951
0.000165 0.000035 0.100951 0.045088
26.594319 1.347833 34.973656 2.029069
0.473746 0.100153 0.001650 0.000399
0.100153 0.044924 0.000400 0.000078
0.001650 0.000400 0.477767 0.100803
0.000399 0.000078 0.100803 0.045036
27.221884 1.338028 36.151411 2.063517
0.474886 0.100456 0.001067 0.000226
0.100456 0.044972 0.000227 0.000033
0.001067 0.000227 0.480062 0.101317
0.000226 0.000033 0.101317 0.045128
27.256874 1.203891 37.127475 2.051801
0.473227 0.100120 -0.000225 -0.000073
0.100120 0.044879 -0.000073 -0.000032
-0.000225 -0.000073 0.479747 0.101220
-0.000073 -0.000032 0.101220 0.045084
27.936176 1.220283 37.683852 1.952758
0.473703 0.100258 0.001040 0.000199
0.100258 0.044894 0.000200 0.000030
0.001040 0.000200 0.480270 0.101306
0.000199 0.000030 0.101306 0.045083
28.166638 1.139923 38.572927 1.934381
0.473965 0.100325 0.000258 0.000015
0.100325 0.044892 0.000015 -0.000011
0.000258 0.000015 0.481660 0.101564
0.000015 -0.000011 0.101564 0.045121
28.652996 1.122263 39.091215 1.839785
0.472698 0.100054 -0.002375 -0.000539
0.100054 0.044820 -0.000541 -0.000125
-0.002375 -0.000541 0.480700 0.101304
-0.000539 -0.000125 0.101304 0.045048
29.188640 1.116860 39.794021 1.794048
0.472718 0.100076 -0.004539 -0.000940
0.100076 0.044815 -0.000945 -0.000197
-0.004539 -0.000945 0.481390 0.101420
-0.000940 -0.000197 0.101420 0.045064
29.922107 1.153888 40.547955 1.763950
0.473339 0.100216 -0.006305 -0.001226
0.100216 0.044836 -0.001231 -0.000242
-0.006305 -0.001231 0.482640 0.101645
-0.001226 -0.000242 0.101645 0.045103
30.612406 1.177901 41.464586 1.771294
0.472507 0.100031 -0.006086 -0.001078
0.100031 0.044786 -0.001081 -0.000195
-0.006086 -0.001081 0.482963 0.101658
-0.001078 -0.000195 0.101658 0.045096
31.261067 1.190677 42.579245 1.819511
0.472071 0.099943 -0.008398 -0.001490
0.099943 0.044762 -0.001495 -0.000276
-0.008398 -0.001495 0.484170 0.101861
-0.001490 -0.000276 0.101861 0.045131
32.061505 1.233786 43.085215 1.734771
0.473039 0.100161 -0.006381 -0.000964
0.100161 0.044805 -0.000965 -0.000154
-0.006381 -0.000965 0.484984 0.101973
-0.000964 -0.000154 0.101973 0.045147
32.704579 1.239484 44.131123 1.772309
0.472326 0.099995 -0.008358 -0.001344
0.099995 0.044761 -0.001346 -0.000239
-0.008358 -0.001346 0.485889 0.102098
-0.001344 -0.000239 0.102098 0.045167
34.016844 1.386278 45.182217 1.807644
0.471872 0.099899 -0.010658 -0.001764
0.099899 0.044737 -0.001769 -0.000326
-0.010658 -0.001769 0.486243 0.102104
-0.001764 -0.000326 0.102104 0.045163
34.541149 1.350165 45.783335 1.743905
0.469530 0.099415 -0.009770 -0.001489
0.099415 0.044634 -0.001490 -0.000262
-0.009770 -0.001490 0.484613 0.101708
-0.001489 -0.000262 0.101708 0.045078
35.593918 1.430550 46.934897 1.803082
0.469809 0.099527 -0.009874 -0.001460
0.099527 0.044665 -0.001460 -0.000259
-0.009874 -0.001460 0.486211 0.102035
-0.001460 -0.000259 0.102035 0.045154
36.050502 1.375523 47.692464 1.772518
0.467810 0.099139 -0.008971 -0.001236
0.099139 0.044585 -0.001232 -0.000217
-0.008971 -0.001232 0.485447 0.101841
-0.001236 -0.000217 0.101841 0.045114
