4.009352 2.565870 2.233045 0.001190
2.514058 1.005645 -0.260285 -0.104116
1.005645 80.406333 -0.104116 -0.041647
-0.260285 -0.104116 2.540059 1.016046
-0.104116 -0.041647 1.016046 80.410494
5.271218 2.529702 2.260336 0.047244
2.248363 3.917582 -0.253822 -0.392058
3.917582 15.332264 -0.390875 -1.339060
-0.253822 -0.390875 2.326604 4.048910
-0.392058 -1.339060 4.048910 15.626823
7.031277 3.112189 3.424115 1.366912
2.040734 2.364543 -0.169459 -0.181381
2.364543 4.654650 -0.180911 -0.388122
-0.169459 -0.180911 2.109374 2.433907
-0.181381 -0.388122 2.433907 4.752237
5.462316 0.479091 5.085471 2.187600
1.697947 1.430816 -0.110061 -0.092292
1.430816 1.910621 -0.092077 -0.150837
-0.110061 -0.092077 1.710557 1.435854
-0.092292 -0.150837 1.435854 1.923887
5.674601 0.463589 5.121783 1.488532
1.483465 0.982002 -0.136829 -0.094192
0.982002 0.985447 -0.094139 -0.098805
-0.136829 -0.094139 1.497137 0.990145
-0.094192 -0.098805 0.990145 0.997235
7.689458 1.433453 5.981811 1.548619
1.312283 0.714135 -0.126355 -0.070913
0.714135 0.575860 -0.070913 -0.058032
-0.126355 -0.070913 1.340589 0.729811
-0.070913 -0.058032 0.729811 0.588383
7.985071 1.238359 7.291485 1.796447
1.147125 0.530189 -0.115379 -0.054409
0.530189 0.362188 -0.054398 -0.036542
-0.115379 -0.054398 1.160069 0.536258
-0.054409 -0.036542 0.536258 0.367341
8.504832 1.198458 7.704904 1.601013
1.044463 0.420865 -0.090290 -0.036725
0.420865 0.249657 -0.036722 -0.021959
-0.090290 -0.036722 1.056796 0.426109
-0.036725 -0.021959 0.426109 0.253363
9.184662 1.227440 7.755038 1.332214
0.954555 0.341646 -0.088218 -0.031751
0.341646 0.181179 -0.031748 -0.016212
-0.088218 -0.031748 0.970620 0.347693
-0.031751 -0.016212 0.347693 0.184446
9.958971 1.279354 8.649263 1.405981
0.872454 0.281837 -0.059455 -0.019067
0.281837 0.137193 -0.019070 -0.009520
-0.059455 -0.019070 0.885298 0.286164
-0.019067 -0.009520 0.286164 0.139345
11.342020 1.499297 10.140558 1.639330
0.795480 0.235287 -0.046256 -0.013612
0.235287 0.107765 -0.013615 -0.006508
-0.046256 -0.013615 0.805618 0.238396
-0.013612 -0.006508 0.238396 0.109223
11.982544 1.469346 10.925878 1.629898
0.750103 0.205878 -0.042093 -0.011544
0.205878 0.089561 -0.011546 -0.005048
-0.042093 -0.011546 0.758354 0.208215
-0.011544 -0.005048 0.208215 0.090599
12.631074 1.447166 11.591769 1.591520
0.694994 0.178869 -0.037116 -0.009509
0.178869 0.075763 -0.009511 -0.003879
-0.037116 -0.009511 0.702357 0.180810
-0.009509 -0.003879 0.180810 0.076561
13.201746 1.409897 12.670312 1.660516
0.658909 0.160815 -0.033637 -0.008086
0.160815 0.066806 -0.008088 -0.003069
-0.033637 -0.008088 0.663326 0.161907
-0.008086 -0.003069 0.161907 0.067298
14.120243 1.459705 13.287943 1.610920
0.629784 0.147104 -0.030826 -0.006971
0.147104 0.060510 -0.006972 -0.002468
-0.030826 -0.006972 0.634944 0.148327
-0.006971 -0.002468 0.148327 0.060973
14.582732 1.399594 14.373078 1.673807
0.602767 0.135862 -0.025475 -0.005397
0.135862 0.055875 -0.005399 -0.001860
-0.025475 -0.005399 0.605336 0.136433
-0.005397 -0.001860 0.136433 0.056140
15.825728 1.518926 15.565364 1.752105
0.581068 0.127364 -0.020244 -0.004019
0.127364 0.052616 -0.004020 -0.001381
-0.020244 -0.004020 0.583561 0.127911
-0.004019 -0.001381 0.127911 0.052846
16.334947 1.464699 15.774459 1.608780
0.553008 0.118657 -0.022960 -0.004489
0.118657 0.049834 -0.004490 -0.001362
-0.022960 -0.004490 0.555886 0.119273
-0.004489 -0.001362 0.119273 0.050054
17.268695 1.507926 17.170469 1.734157
0.531917 0.112539 -0.016795 -0.003002
0.112539 0.048004 -0.003004 -0.000937
-0.016795 -0.003004 0.533421 0.112838
-0.003002 -0.000937 0.112838 0.048136
17.850255 1.472684 18.874814 1.909600
0.523594 0.109838 -0.011798 -0.001892
0.109838 0.047141 -0.001895 -0.000637
-0.011798 -0.001895 0.523092 0.109717
-0.001892 -0.000637 0.109717 0.047172
18.403027 1.435144 20.547049 2.059082
0.513562 0.107114 -0.009869 -0.001519
0.107114 0.046396 -0.001523 -0.000522
-0.009869 -0.001523 0.511909 0.106787
-0.001519 -0.000522 0.106787 0.046380
19.306420 1.472963 20.728041 1.882697
0.497975 0.103558 -0.000125 0.000460
0.103558 0.045575 0.000456 -0.000083
-0.000125 0.000456 0.496797 0.103373
0.000460 -0.000083 0.103373 0.045586
19.719450 1.405707 21.724530 1.893991
0.494010 0.102769 -0.002314 -0.000197
0.102769 0.045410 -0.000200 -0.000226
-0.002314 -0.000200 0.492648 0.102569
-0.000197 -0.000226 0.102569 0.045413
20.390268 1.399006 22.590529 1.877095
0.489254 0.101883 0.001878 0.000573
0.101883 0.045237 0.000570 -0.000051
0.001878 0.000570 0.488067 0.101738
0.000573 -0.000051 0.101738 0.045246
20.696794 1.317040 23.619909 1.896038
0.486710 0.101523 0.000883 0.000216
0.101523 0.045183 0.000213 -0.000122
0.000883 0.000213 0.485650 0.101413
0.000216 -0.000122 0.101413 0.045193
21.326929 1.311086 24.759899 1.936200
0.483566 0.101046 0.000099 -0.000034
0.101046 0.045102 -0.000036 -0.000158
0.000099 -0.000036 0.483035 0.101047
-0.000034 -0.000158 0.101047 0.045128
21.159924 1.138843 25.866033 1.965292
0.483402 0.101209 0.002950 0.000522
0.101209 0.045152 0.000520 -0.000020
0.002950 0.000520 0.483391 0.101306
0.000522 -0.000020 0.101306 0.045191
21.849436 1.163812 27.429365 2.087101
0.477189 0.100056 0.004483 0.000768
0.100056 0.044915 0.000766 0.000042
0.004483 0.000766 0.478828 0.100477
0.000768 0.000042 0.100477 0.045013
22.462527 1.170243 28.701573 2.135154
0.476053 0.100049 0.005070 0.000810
0.100049 0.044931 0.000807 0.000059
0.005070 0.000807 0.479054 0.100706
0.000810 0.000059 0.100706 0.045067
23.062464 1.173689 29.291719 2.034649
0.476879 0.100414 0.009304 0.001633
0.100414 0.045013 0.001631 0.000243
0.009304 0.001631 0.479769 0.100980
0.001633 0.000243 0.100980 0.045118
23.910072 1.229071 29.889306 1.945981
0.475136 0.100174 0.007129 0.001048
0.100174 0.044954 0.001046 0.000117
0.007129 0.001046 0.478178 0.100723
0.001048 0.000117 0.100723 0.045049
24.540984 1.232698 30.702761 1.912331
0.469840 0.099178 0.006390 0.000848
0.099178 0.044735 0.000845 0.000088
0.006390 0.000845 0.474118 0.099947
0.000848 0.000088 0.099947 0.044874
24.976214 1.194865 31.228184 1.821600
0.468546 0.099099 0.001011 -0.000303
0.099099 0.044725 -0.000308 -0.000138
0.001011 -0.000308 0.473275 0.099907
-0.000303 -0.000138 0.099907 0.044866
25.572458 1.194023 32.803544 1.962045
0.467891 0.099124 -0.002713 -0.000989
0.099124 0.044728 -0.000998 -0.000249
-0.002713 -0.000998 0.476373 0.100676
-0.000989 -0.000249 0.100676 0.045024
26.476873 1.259424 33.431822 1.887319
0.471575 0.100034 -0.004851 -0.001283
0.100034 0.044912 -0.001292 -0.000272
-0.004851 -0.001292 0.479915 0.101441
-0.001283 -0.000272 0.101441 0.045164
27.004283 1.237809 33.904181 1.787786
0.474318 0.100629 -0.007586 -0.001690
0.100629 0.045009 -0.001700 -0.000325
-0.007586 -0.001700 0.482639 0.101948
-0.001690 -0.000325 0.101948 0.045237
27.454706 1.202086 34.806320 1.789491
0.473921 0.100488 -0.008556 -0.001706
0.100488 0.044943 -0.001715 -0.000299
-0.008556 -0.001715 0.484517 0.102228
-0.001706 -0.000299 0.102228 0.045260
27.287805 1.039414 35.871080 1.824894
0.475585 0.100795 -0.009003 -0.001635
0.100795 0.044980 -0.001640 -0.000265
-0.009003 -0.001640 0.490022 0.103255
-0.001635 -0.000265 0.103255 0.045444
28.070702 1.095466 37.162940 1.904896
0.473627 0.100304 -0.009332 -0.001572
0.100304 0.044848 -0.001574 -0.000243
-0.009332 -0.001574 0.491685 0.103388
-0.001572 -0.000243 0.103388 0.045431
28.743503 1.121562 37.740837 1.826416
0.470798 0.099682 -0.006606 -0.000898
0.099682 0.044704 -0.000894 -0.000100
-0.006606 -0.000894 0.489251 0.102677
-0.000898 -0.000100 0.102677 0.045253
29.572178 1.178989 39.287429 1.959500
0.472132 0.099997 -0.007786 -0.001121
0.099997 0.044772 -0.001115 -0.000161
-0.007786 -0.001115 0.495256 0.103826
-0.001121 -0.000161 0.103826 0.045488
29.888675 1.121049 40.166171 1.938049
0.471823 0.099927 -0.009282 -0.001401
0.099927 0.044750 -0.001397 -0.000230
-0.009282 -0.001397 0.497292 0.104052
-0.001401 -0.000230 0.104052 0.045514
30.615088 1.157020 41.804440 2.078048
0.464479 0.098371 -0.011349 -0.001792
0.098371 0.044416 -0.001786 -0.000319
-0.011349 -0.001786 0.496964 0.103792
-0.001792 -0.000319 0.103792 0.045445
31.522549 1.226320 42.498209 2.006485
0.459449 0.097446 -0.015954 -0.002683
0.097446 0.044242 -0.002694 -0.000509
-0.015954 -0.002694 0.492633 0.102747
-0.002683 -0.000509 0.102747 0.045225
32.650403 1.335482 43.341862 1.974080
0.458977 0.097551 -0.022587 -0.003922
0.097551 0.044294 -0.003957 -0.000760
-0.022587 -0.003957 0.492776 0.102754
-0.003922 -0.000760 0.102754 0.045247
33.974715 1.475960 44.600553 2.032222
0.462548 0.098474 -0.028769 -0.004967
0.098474 0.044505 -0.005017 -0.000952
-0.028769 -0.005017 0.498384 0.103910
-0.004967 -0.000952 0.103910 0.045506
34.702293 1.472033 45.018979 1.907601
0.461062 0.098221 -0.027778 -0.004466
0.098221 0.044443 -0.004504 -0.000814
-0.027778 -0.004504 0.495839 0.103281
-0.004466 -0.000814 0.103281 0.045374
35.343912 1.451470 45.845280 1.880713
0.464172 0.098948 -0.029506 -0.004610
0.098948 0.044590 -0.004645 -0.000834
-0.029506 -0.004645 0.500341 0.104188
-0.004610 -0.000834 0.104188 0.045575
35.568388 1.345052 46.931118 1.909156
0.457449 0.097493 -0.030367 -0.004632
0.097493 0.044258 -0.004640 -0.000839
-0.030367 -0.004640 0.500393 0.104094
-0.004632 -0.000839 0.104094 0.045551
36.342441 1.365741 47.635155 1.857422
0.455297 0.097146 -0.031369 -0.004698
0.097146 0.044190 -0.004704 -0.000860
-0.031369 -0.004704 0.499577 0.103845
-0.004698 -0.000860 0.103845 0.045500
