2.682732 2.035210 3.896367 0.666533
1.815836 0.726350 -0.127719 -0.051089
0.726350 80.294613 -0.051089 -0.020436
-0.127719 -0.051089 3.530897 1.412390
-0.051089 -0.020436 1.412390 80.569035
5.110486 4.556394 1.681522 -3.553928
2.994243 5.399611 -1.130770 -1.847309
5.399611 16.160136 -2.004383 -3.633778
-1.130770 -2.004383 3.644281 6.045632
-1.847309 -3.633778 6.045632 21.289896
3.787250 0.676879 1.774476 -1.678005
2.047661 2.266921 0.697426 0.921310
2.266921 4.043043 0.786022 0.835332
0.697426 0.786022 0.638210 0.766192
0.921310 0.835332 0.766192 3.612937
6.882301 2.835856 2.341819 -0.373339
1.647384 1.398998 -0.037617 -0.304341
1.398998 1.767222 -0.135187 -0.365046
-0.037617 -0.135187 0.834312 1.035897
-0.304341 -0.365046 1.035897 1.976431
6.962669 1.907106 3.671612 0.986504
0.838320 0.531773 0.360072 0.259574
0.531773 0.612007 0.200873 0.170888
0.360072 0.200873 0.871652 0.719799
0.259574 0.170888 0.719799 0.832893
7.914536 1.848481 5.587699 1.906830
0.601444 0.333202 0.201158 0.104680
0.333202 0.338578 0.072732 0.054128
0.201158 0.072732 1.022376 0.652744
0.104680 0.054128 0.652744 0.534527
8.736260 1.806696 6.206561 1.737560
0.640871 0.321798 0.012084 -0.008848
0.321798 0.255781 -0.025850 -0.006075
0.012084 -0.025850 1.095671 0.561964
-0.008848 -0.006075 0.561964 0.358456
9.852223 1.917303 5.910127 1.240730
0.746714 0.328555 -0.051872 -0.028581
0.328555 0.207228 -0.040316 -0.009857
-0.051872 -0.040316 1.183506 0.503191
-0.028581 -0.009857 0.503191 0.261972
9.748995 1.510735 6.358286 1.179553
0.565658 0.218317 -0.181606 -0.066497
0.218317 0.129850 -0.076990 -0.021112
-0.181606 -0.076990 1.141768 0.414106
-0.066497 -0.021112 0.414106 0.186781
10.662456 1.567068 7.663185 1.408289
0.647480 0.225540 -0.182769 -0.053997
0.225540 0.114330 -0.061998 -0.013359
-0.182769 -0.061998 1.054436 0.334569
-0.053997 -0.013359 0.334569 0.136469
11.314498 1.529662 9.065727 1.606403
0.665523 0.209595 -0.165381 -0.040563
0.209595 0.095933 -0.046685 -0.007824
-0.165381 -0.046685 0.938396 0.266307
-0.040563 -0.007824 0.266307 0.102336
11.990452 1.511445 10.749935 1.835295
0.651633 0.187618 -0.137725 -0.028278
0.187618 0.080457 -0.032936 -0.004052
-0.137725 -0.032936 0.814744 0.211024
-0.028278 -0.004052 0.211024 0.079417
12.440848 1.428528 11.572247 1.808287
0.637660 0.169924 -0.124187 -0.022133
0.169924 0.069664 -0.025874 -0.002590
-0.124187 -0.025874 0.743667 0.179096
-0.022133 -0.002590 0.179096 0.066814
13.988358 1.632335 11.946038 1.697410
0.590811 0.147342 -0.116772 -0.019118
0.147342 0.059966 -0.021789 -0.002118
-0.116772 -0.021789 0.694030 0.157750
-0.019118 -0.002118 0.157750 0.059018
14.329376 1.522722 13.138156 1.766462
0.577349 0.136753 -0.111093 -0.016678
0.136753 0.055010 -0.019094 -0.001852
-0.111093 -0.019094 0.641755 0.139421
-0.016678 -0.001852 0.139421 0.053287
14.758786 1.446162 13.988336 1.754906
0.551888 0.125293 -0.108724 -0.015602
0.125293 0.050812 -0.017714 -0.001910
-0.108724 -0.017714 0.593863 0.124833
-0.015602 -0.001910 0.124833 0.049279
15.185764 1.386860 15.380638 1.858088
0.528605 0.116354 -0.096565 -0.012718
0.116354 0.047946 -0.014566 -0.001554
-0.096565 -0.014566 0.542214 0.111685
-0.012718 -0.001554 0.111685 0.046194
15.848972 1.381117 16.373238 1.870792
0.545116 0.117445 -0.088453 -0.010517
0.117445 0.047739 -0.012060 -0.001219
-0.088453 -0.012060 0.548661 0.112126
-0.010517 -0.001219 0.112126 0.046296
16.689391 1.419167 17.783496 1.970219
0.549296 0.116086 -0.077047 -0.008158
0.116086 0.047137 -0.009450 -0.000927
-0.077047 -0.009450 0.542007 0.110037
-0.008158 -0.000927 0.110037 0.045908
18.108770 1.566493 18.655739 1.956561
0.515433 0.107443 -0.044402 -0.002260
0.107443 0.045211 -0.003013 0.000039
-0.044402 -0.003013 0.514144 0.104247
-0.002260 0.000039 0.104247 0.044876
18.717538 1.534217 20.002603 2.029705
0.505090 0.104456 -0.041887 -0.002692
0.104456 0.044631 -0.003371 -0.000349
-0.041887 -0.003371 0.495671 0.100596
-0.002692 -0.000349 0.100596 0.044295
19.005637 1.432689 20.757108 1.971495
0.494239 0.101853 -0.037501 -0.002627
0.101853 0.044223 -0.003204 -0.000547
-0.037501 -0.003204 0.480028 0.097914
-0.002627 -0.000547 0.097914 0.043957
19.607469 1.405130 21.274622 1.873929
0.491357 0.101350 -0.022661 -0.000256
0.101350 0.044314 -0.000712 -0.000191
-0.022661 -0.000712 0.477335 0.098210
-0.000256 -0.000191 0.098210 0.044253
20.237346 1.390421 22.258480 1.883119
0.476757 0.098451 -0.016861 0.000021
0.098451 0.043879 -0.000336 -0.000287
-0.016861 -0.000336 0.463713 0.096056
0.000021 -0.000287 0.096056 0.043960
20.437903 1.289650 23.550410 1.953444
0.469245 0.097354 -0.004823 0.001752
0.097354 0.043849 0.001454 -0.000026
-0.004823 0.001454 0.457153 0.095526
0.001752 -0.000026 0.095526 0.044005
20.657941 1.202955 25.033504 2.058302
0.466338 0.097270 0.003249 0.002635
0.097270 0.044002 0.002398 0.000078
0.003249 0.002398 0.459158 0.096707
0.002635 0.000078 0.096707 0.044361
21.278053 1.206786 26.028147 2.051043
0.481339 0.100891 0.007698 0.002843
0.100891 0.044889 0.002644 0.000072
0.007698 0.002644 0.477326 0.101077
0.002843 0.000072 0.101077 0.045326
21.590968 1.146051 27.295115 2.101850
0.472044 0.099027 0.006909 0.001991
0.099027 0.044527 0.001844 -0.000133
0.006909 0.001844 0.478940 0.101435
0.001991 -0.000133 0.101435 0.045336
22.078180 1.128033 28.091466 2.047948
0.460218 0.096797 -0.002307 -0.000439
0.096797 0.044112 -0.000543 -0.000627
-0.002307 -0.000543 0.473628 0.100266
-0.000439 -0.000627 0.100266 0.045025
22.358515 1.068055 29.221613 2.070500
0.462413 0.097697 0.000198 -0.000061
0.097697 0.044378 -0.000151 -0.000473
0.000198 -0.000151 0.485887 0.102915
-0.000061 -0.000473 0.102915 0.045553
22.645074 1.015521 30.401777 2.101254
0.468880 0.099370 -0.010677 -0.002496
0.099370 0.044767 -0.002582 -0.000926
-0.010677 -0.002582 0.502847 0.106285
-0.002496 -0.000926 0.106285 0.046188
23.372636 1.062043 31.780477 2.170204
0.443640 0.094107 -0.007369 -0.001650
0.094107 0.043637 -0.001720 -0.000640
-0.007369 -0.001720 0.505326 0.106280
-0.001650 -0.000640 0.106280 0.046067
24.470245 1.183000 32.484405 2.090348
0.450093 0.096053 -0.013744 -0.002911
0.096053 0.044130 -0.002993 -0.000838
-0.013744 -0.002993 0.509277 0.106638
-0.002911 -0.000838 0.106638 0.046057
25.015994 1.173120 33.270096 2.036223
0.446769 0.095642 -0.015131 -0.002999
0.095642 0.044050 -0.003071 -0.000775
-0.015131 -0.003071 0.512506 0.106866
-0.002999 -0.000775 0.106866 0.046042
26.163470 1.293682 34.432526 2.066638
0.386592 0.083000 -0.021885 -0.004248
0.083000 0.041337 -0.004316 -0.000981
-0.021885 -0.004316 0.500344 0.103929
-0.004248 -0.000981 0.103929 0.045389
26.848596 1.301957 35.408244 2.054737
0.408907 0.089314 -0.023239 -0.004191
0.089314 0.042928 -0.004269 -0.000894
-0.023239 -0.004269 0.516402 0.107190
-0.004191 -0.000894 0.107190 0.046095
27.369883 1.273348 36.403275 2.047765
0.421032 0.092593 -0.025812 -0.004438
0.092593 0.043652 -0.004532 -0.000898
-0.025812 -0.004532 0.529311 0.109505
-0.004438 -0.000898 0.109505 0.046546
27.599207 1.183637 37.467278 2.054944
0.430995 0.094943 -0.033326 -0.005716
0.094943 0.044079 -0.005886 -0.001139
-0.033326 -0.005886 0.544210 0.112044
-0.005716 -0.001139 0.112044 0.047014
28.270746 1.201334 38.536077 2.063675
0.435862 0.095883 -0.036688 -0.006065
0.095883 0.044157 -0.006234 -0.001168
-0.036688 -0.006234 0.554892 0.113552
-0.006065 -0.001168 0.113552 0.047252
28.969939 1.222360 39.407607 2.031421
0.441716 0.096925 -0.038777 -0.006162
0.096925 0.044261 -0.006342 -0.001159
-0.038777 -0.006342 0.557837 0.113433
-0.006162 -0.001159 0.113433 0.047164
29.677318 1.241966 40.089819 1.964284
0.446517 0.097628 -0.041329 -0.006392
0.097628 0.044295 -0.006610 -0.001196
-0.041329 -0.006610 0.555388 0.112333
-0.006392 -0.001196 0.112333 0.046912
30.417828 1.267659 40.991112 1.948546
0.418433 0.091141 -0.036070 -0.005229
0.091141 0.042783 -0.005168 -0.000931
-0.036070 -0.005168 0.557850 0.112461
-0.005229 -0.000931 0.112461 0.046958
31.466508 1.356069 41.488462 1.854646
0.396880 0.086767 -0.023876 -0.002779
0.086767 0.041885 -0.002469 -0.000432
-0.023876 -0.002469 0.545226 0.109649
-0.002779 -0.000432 0.109649 0.046428
32.129808 1.352622 42.374485 1.846262
0.423283 0.093231 -0.029048 -0.003826
0.093231 0.043410 -0.003805 -0.000733
-0.029048 -0.003805 0.545082 0.109581
-0.003826 -0.000733 0.109581 0.046486
32.882212 1.370939 43.628193 1.913173
0.413593 0.091094 -0.015984 -0.001290
0.091094 0.042894 -0.000984 -0.000208
-0.015984 -0.000984 0.543862 0.109422
-0.001290 -0.000208 0.109422 0.046536
33.675254 1.392889 44.143118 1.824646
0.428697 0.094588 -0.009999 -0.000297
0.094588 0.043659 -0.000112 -0.000088
-0.009999 -0.000112 0.515694 0.103829
-0.000297 -0.000088 0.103829 0.045476
34.066469 1.325488 44.994679 1.811353
0.456776 0.100486 -0.023365 -0.003254
0.100486 0.044865 -0.003452 -0.000811
-0.023365 -0.003452 0.509950 0.103197
-0.003254 -0.000811 0.103197 0.045481
34.729042 1.325479 45.909054 1.813124
0.479703 0.104699 -0.023576 -0.003264
0.104699 0.045614 -0.003554 -0.000812
-0.023576 -0.003554 0.492833 0.100295
-0.003264 -0.000812 0.100295 0.045005
34.989550 1.238076 46.663117 1.780535
0.493257 0.106497 -0.029856 -0.004548
0.106497 0.045800 -0.004952 -0.001087
-0.029856 -0.004952 0.473624 0.097116
-0.004548 -0.001087 0.097116 0.044474
35.700493 1.258412 47.757310 1.823137
0.528740 0.112911 -0.039693 -0.006380
0.112911 0.047004 -0.006908 -0.001442
-0.039693 -0.006908 0.468489 0.096994
-0.006380 -0.001442 0.096994 0.044575
