4.561586 2.786768 3.044324 0.325709
2.533146 1.013280 -0.269174 -0.107672
1.013280 80.409388 -0.107672 -0.043070
-0.269174 -0.107672 2.565336 1.026157
-0.107672 -0.043070 1.026157 80.414538
5.951524 2.708640 0.080248 -5.116995
2.189748 3.812169 -0.228424 -0.347081
3.812169 15.196868 -0.344268 -1.280178
-0.228424 -0.344268 2.339002 4.065915
-0.347081 -1.280178 4.065915 15.719897
7.062777 2.442096 0.520951 -1.655793
1.951059 2.271450 -0.205062 -0.227761
2.271450 4.559359 -0.227349 -0.448280
-0.205062 -0.227349 2.081483 2.401950
-0.227761 -0.448280 2.401950 4.732407
5.490798 0.077487 3.251060 1.335677
1.704706 1.447127 -0.160364 -0.132892
1.447127 1.928358 -0.132793 -0.183834
-0.160364 -0.132793 1.736242 1.461259
-0.132892 -0.183834 1.461259 1.953217
5.102079 -0.206146 5.017592 2.062702
1.485086 0.985837 -0.110816 -0.073484
0.985837 0.986272 -0.073387 -0.083553
-0.110816 -0.073387 1.485515 0.982940
-0.073484 -0.083553 0.982940 0.994684
7.267803 1.032199 3.744147 0.803534
1.282484 0.698504 -0.128137 -0.071469
0.698504 0.565553 -0.071472 -0.058747
-0.128137 -0.071472 1.334261 0.727438
-0.071469 -0.058747 0.727438 0.588589
8.912161 1.555119 3.099977 0.318431
1.130815 0.523400 -0.119732 -0.056301
0.523400 0.358047 -0.056321 -0.037781
-0.119732 -0.056321 1.202410 0.556770
-0.056301 -0.037781 0.556770 0.377713
10.631913 1.934883 4.928359 0.990537
1.006240 0.405962 -0.082286 -0.033420
0.405962 0.242933 -0.033414 -0.020863
-0.082286 -0.033414 1.060603 0.427247
-0.033420 -0.020863 0.427247 0.253951
12.019124 2.085156 6.575574 1.402695
0.926182 0.332338 -0.071960 -0.026116
0.332338 0.177480 -0.026106 -0.014438
-0.071960 -0.026106 0.967810 0.346440
-0.026116 -0.014438 0.346440 0.184124
12.350462 1.854658 7.423001 1.450161
0.844583 0.273680 -0.059775 -0.019625
0.273680 0.134311 -0.019613 -0.009952
-0.059775 -0.019613 0.879640 0.284281
-0.019625 -0.009952 0.284281 0.138878
12.226059 1.542278 8.812132 1.647064
0.787751 0.233870 -0.057606 -0.017300
0.233870 0.107184 -0.017291 -0.007758
-0.057606 -0.017291 0.810570 0.239963
-0.017300 -0.007758 0.239963 0.109831
12.483868 1.400956 10.725641 1.946402
0.749338 0.206270 -0.045663 -0.012595
0.206270 0.089490 -0.012583 -0.005394
-0.045663 -0.012583 0.760109 0.208724
-0.012595 -0.005394 0.208724 0.090830
13.292357 1.428773 11.333745 1.852409
0.703082 0.181279 -0.040695 -0.010440
0.181279 0.076188 -0.010429 -0.004149
-0.040695 -0.010429 0.714473 0.183948
-0.010440 -0.004149 0.183948 0.077437
13.328300 1.263235 12.575957 1.929320
0.663534 0.161971 -0.025536 -0.006075
0.161971 0.066872 -0.006065 -0.002592
-0.025536 -0.006065 0.669265 0.163213
-0.006075 -0.002592 0.163213 0.067634
13.673234 1.196333 13.577402 1.937851
0.624153 0.145667 -0.019741 -0.004491
0.145667 0.059972 -0.004485 -0.001930
-0.019741 -0.004485 0.627341 0.146375
-0.004491 -0.001930 0.146375 0.060524
14.764783 1.307381 13.819256 1.774049
0.596283 0.134334 -0.025148 -0.005582
0.134334 0.055381 -0.005576 -0.001965
-0.025148 -0.005576 0.602387 0.135767
-0.005582 -0.001965 0.135767 0.056030
16.036665 1.442739 14.293292 1.683712
0.571066 0.125176 -0.022840 -0.004793
0.125176 0.052030 -0.004787 -0.001591
-0.022840 -0.004787 0.579101 0.126991
-0.004793 -0.001591 0.126991 0.052688
15.936094 1.266524 15.730674 1.811142
0.551413 0.118449 -0.019780 -0.003913
0.118449 0.049728 -0.003911 -0.001253
-0.019780 -0.003911 0.554946 0.119202
-0.003913 -0.001253 0.119202 0.050088
16.189316 1.186299 16.961326 1.879686
0.536496 0.113603 -0.017680 -0.003316
0.113603 0.048173 -0.003317 -0.001019
-0.017680 -0.003317 0.537608 0.113843
-0.003316 -0.001019 0.113843 0.048386
16.815294 1.193099 17.811534 1.860911
0.521056 0.109267 -0.015387 -0.002730
0.109267 0.046951 -0.002731 -0.000817
-0.015387 -0.002731 0.521655 0.109434
-0.002730 -0.000817 0.109434 0.047123
16.589325 1.022118 19.294760 1.975407
0.517447 0.107923 -0.008609 -0.001245
0.107923 0.046515 -0.001250 -0.000451
-0.008609 -0.001250 0.515294 0.107542
-0.001245 -0.000451 0.107542 0.046552
17.863666 1.180722 20.294668 1.978669
0.505832 0.105087 -0.014128 -0.002460
0.105087 0.045833 -0.002461 -0.000682
-0.014128 -0.002461 0.504771 0.104995
-0.002460 -0.000682 0.104995 0.045919
18.677688 1.227248 21.377159 1.998278
0.498646 0.103495 -0.006541 -0.000813
0.103495 0.045488 -0.000816 -0.000297
-0.006541 -0.000816 0.497674 0.103443
-0.000813 -0.000297 0.103443 0.045566
19.354796 1.240082 22.004984 1.921109
0.489328 0.101617 -0.002966 -0.000152
0.101617 0.045116 -0.000155 -0.000153
-0.002966 -0.000155 0.488379 0.101575
-0.000152 -0.000153 0.101575 0.045180
20.028337 1.251283 23.059730 1.940781
0.482257 0.100372 -0.000791 0.000179
0.100372 0.044902 0.000176 -0.000086
-0.000791 0.000176 0.481465 0.100361
0.000179 -0.000086 0.100361 0.044958
20.917115 1.306281 24.164315 1.968959
0.478705 0.099943 -0.004346 -0.000692
0.099943 0.044864 -0.000694 -0.000270
-0.004346 -0.000694 0.478397 0.100025
-0.000692 -0.000270 0.100025 0.044926
22.084319 1.414084 25.488939 2.040501
0.476926 0.099886 -0.000890 0.000010
0.099886 0.044892 0.000009 -0.000104
-0.000890 0.000009 0.477471 0.100127
0.000010 -0.000104 0.100127 0.044975
22.528432 1.359048 27.241170 2.194300
0.473862 0.099516 -0.002511 -0.000408
0.099516 0.044838 -0.000409 -0.000187
-0.002511 -0.000409 0.475970 0.100050
-0.000408 -0.000187 0.100050 0.044969
22.655522 1.242768 28.564442 2.241812
0.474941 0.100010 0.000903 0.000290
0.100010 0.044958 0.000290 -0.000025
0.000903 0.000290 0.478337 0.100754
0.000290 -0.000025 0.100754 0.045118
23.272952 1.241935 29.717111 2.248509
0.479863 0.101222 0.000983 0.000230
0.101222 0.045208 0.000229 -0.000036
0.000983 0.000229 0.484142 0.102078
0.000230 -0.000036 0.102078 0.045377
23.907627 1.244790 31.370549 2.360026
0.478422 0.100943 -0.001405 -0.000330
0.100943 0.045117 -0.000331 -0.000149
-0.001405 -0.000331 0.485508 0.102314
-0.000330 -0.000149 0.102314 0.045382
23.893077 1.110342 32.780200 2.408415
0.481131 0.101549 -0.002158 -0.000480
0.101549 0.045219 -0.000481 -0.000163
-0.002158 -0.000481 0.490764 0.103341
-0.000480 -0.000163 0.103341 0.045557
24.307165 1.080575 33.702454 2.349145
0.481284 0.101543 0.000089 0.000020
0.101543 0.045184 0.000021 -0.000041
0.000089 0.000021 0.491750 0.103372
0.000020 -0.000041 0.103372 0.045512
24.870745 1.085493 34.689111 2.309705
0.475454 0.100271 0.000318 0.000050
0.100271 0.044888 0.000050 -0.000029
0.000318 0.000050 0.487850 0.102388
0.000050 -0.000029 0.102388 0.045268
25.465393 1.096492 35.183765 2.171215
0.476065 0.100475 0.000706 0.000115
0.100475 0.044930 0.000116 -0.000011
0.000706 0.000116 0.487819 0.102327
0.000115 -0.000011 0.102327 0.045245
26.176880 1.130982 36.040999 2.123313
0.469449 0.099119 0.003183 0.000618
0.099119 0.044637 0.000622 0.000099
0.003183 0.000622 0.483385 0.101355
0.000618 0.000099 0.101355 0.045035
26.691839 1.120308 37.048487 2.111961
0.468680 0.099115 0.002885 0.000496
0.099115 0.044652 0.000498 0.000068
0.002885 0.000498 0.485209 0.101792
0.000496 0.000068 0.101792 0.045141
27.059728 1.079597 38.090787 2.109151
0.463944 0.098249 -0.002980 -0.000772
0.098249 0.044476 -0.000783 -0.000200
-0.002980 -0.000783 0.484197 0.101590
-0.000772 -0.000200 0.101590 0.045101
28.097006 1.185192 38.845138 2.046081
0.463211 0.098287 -0.007836 -0.001704
0.098287 0.044500 -0.001724 -0.000374
-0.007836 -0.001724 0.484328 0.101645
-0.001704 -0.000374 0.101645 0.045118
29.130577 1.278798 39.371072 1.941837
0.464000 0.098612 -0.013221 -0.002667
0.098612 0.044575 -0.002697 -0.000544
-0.013221 -0.002697 0.484729 0.101746
-0.002667 -0.000544 0.101746 0.045141
29.930257 1.312930 40.383164 1.950600
0.462211 0.098329 -0.015561 -0.002922
0.098329 0.044507 -0.002950 -0.000558
-0.015561 -0.002950 0.486213 0.102062
-0.002922 -0.000558 0.102062 0.045207
30.873301 1.374145 41.498560 1.980362
0.463726 0.098751 -0.019166 -0.003447
0.098751 0.044590 -0.003477 -0.000639
-0.019166 -0.003477 0.490749 0.102984
-0.003447 -0.000639 0.102984 0.045393
31.593062 1.380937 42.389055 1.959516
0.461139 0.098243 -0.018142 -0.002991
0.098243 0.044465 -0.003007 -0.000515
-0.018142 -0.003007 0.490965 0.102922
-0.002991 -0.000515 0.102922 0.045360
31.945358 1.308924 43.424032 1.970370
0.458724 0.097796 -0.021707 -0.003578
0.097796 0.044361 -0.003594 -0.000635
-0.021707 -0.003594 0.493269 0.103306
-0.003578 -0.000635 0.103306 0.045426
32.173240 1.216934 44.048587 1.893812
0.455727 0.097255 -0.022203 -0.003498
0.097255 0.044243 -0.003507 -0.000611
-0.022203 -0.003507 0.492719 0.103075
-0.003498 -0.000611 0.103075 0.045363
32.842316 1.229400 44.820560 1.857394
0.458509 0.097981 -0.022270 -0.003355
0.097981 0.044402 -0.003359 -0.000580
-0.022270 -0.003359 0.496623 0.103814
-0.003355 -0.000580 0.103814 0.045513
32.944358 1.119136 45.554504 1.815139
0.451209 0.096461 -0.021081 -0.003022
0.096461 0.044062 -0.003005 -0.000522
-0.021081 -0.003005 0.494091 0.103154
-0.003022 -0.000522 0.103154 0.045362
34.368321 1.303933 46.320570 1.788336
0.448708 0.096086 -0.023314 -0.003444
0.096086 0.043992 -0.003440 -0.000634
-0.023314 -0.003440 0.492359 0.102733
-0.003444 -0.000634 0.102733 0.045277
35.411243 1.386962 46.941222 1.732531
0.450463 0.096628 -0.026842 -0.004099
0.096628 0.044116 -0.004118 -0.000785
-0.026842 -0.004118 0.493836 0.103027
-0.004099 -0.000785 0.103027 0.045349
36.376976 1.446155 47.995987 1.772865
0.454997 0.097696 -0.027236 -0.004048
0.097696 0.044338 -0.004058 -0.000771
-0.027236 -0.004058 0.500395 0.104372
-0.004048 -0.000771 0.104372 0.045636
