5.918024 3.329355 0.580893 -0.659685
2.414377 0.965772 -0.009789 -0.003916
0.965772 80.390384 -0.003916 -0.001566
-0.009789 -0.003916 2.444319 0.977749
-0.003916 -0.001566 0.977749 80.395175
3.792814 -3.316225 -1.038560 -2.920516
2.231437 3.912118 -0.079612 -0.137470
3.912118 15.087907 -0.137652 -0.266013
-0.079612 -0.137652 2.261124 3.958279
-0.137470 -0.266013 3.958279 15.245300
3.225491 -2.040710 0.131898 0.123677
1.987417 2.296421 -0.044193 -0.039588
2.296421 4.507825 -0.039658 -0.052017
-0.044193 -0.039658 2.002671 2.312400
-0.039588 -0.052017 2.312400 4.547030
5.134619 0.426380 1.173228 0.956399
1.674999 1.408893 -0.035229 -0.024729
1.408893 1.869339 -0.024733 -0.026791
-0.035229 -0.024733 1.693741 1.424989
-0.024729 -0.026791 1.424989 1.891536
6.527934 1.207949 3.122529 1.929849
1.468729 0.969653 -0.032815 -0.019233
0.969653 0.966441 -0.019240 -0.016600
-0.032815 -0.019240 1.481462 0.978278
-0.019233 -0.016600 0.978278 0.976172
7.197248 1.244528 5.123415 2.492179
1.294111 0.702045 -0.037540 -0.018940
0.702045 0.563430 -0.018946 -0.012769
-0.037540 -0.018946 1.301160 0.706150
-0.018940 -0.012769 0.706150 0.567904
9.937954 2.220879 6.401693 2.509201
1.140523 0.525603 -0.025573 -0.010622
0.525603 0.356719 -0.010624 -0.006459
-0.025573 -0.010624 1.150136 0.530401
-0.010622 -0.006459 0.530401 0.360335
10.283840 1.913224 6.929168 2.216355
1.034887 0.415679 -0.021616 -0.007895
0.415679 0.245423 -0.007897 -0.004287
-0.021616 -0.007897 1.042941 0.419181
-0.007895 -0.004287 0.419181 0.247718
10.049663 1.488076 7.633478 2.071461
0.947174 0.337973 -0.024086 -0.008048
0.337973 0.178462 -0.008049 -0.003693
-0.024086 -0.008049 0.952892 0.340214
-0.008048 -0.003693 0.340214 0.179854
11.035615 1.565965 8.607433 2.051688
0.870444 0.280373 -0.019876 -0.005908
0.280373 0.135765 -0.005910 -0.002493
-0.019876 -0.005910 0.875473 0.282164
-0.005908 -0.002493 0.282164 0.136759
12.109053 1.651533 9.462262 2.001381
0.804669 0.237298 -0.012967 -0.003393
0.237298 0.107676 -0.003395 -0.001444
-0.012967 -0.003395 0.809352 0.238817
-0.003393 -0.001444 0.238817 0.108424
12.464006 1.522932 10.791863 2.091162
0.749861 0.205039 -0.011634 -0.002861
0.205039 0.088792 -0.002863 -0.001138
-0.011634 -0.002863 0.752959 0.205988
-0.002861 -0.001138 0.205988 0.089270
12.542330 1.347608 11.490386 2.001860
0.702735 0.180218 -0.007911 -0.001769
0.180218 0.075721 -0.001771 -0.000738
-0.007911 -0.001771 0.705007 0.180887
-0.001769 -0.000738 0.180887 0.076057
13.419540 1.397007 12.333009 1.963420
0.660421 0.160533 -0.007906 -0.001732
0.160533 0.066429 -0.001733 -0.000656
-0.007906 -0.001733 0.662511 0.161115
-0.001732 -0.000656 0.161115 0.066696
14.338928 1.448415 13.342187 1.969873
0.625104 0.145461 -0.009681 -0.002088
0.145461 0.059902 -0.002089 -0.000676
-0.009681 -0.002089 0.626911 0.145940
-0.002088 -0.000676 0.145940 0.060109
14.404200 1.300338 14.443095 1.995733
0.596991 0.134188 -0.006900 -0.001355
0.134188 0.055355 -0.001356 -0.000449
-0.006900 -0.001356 0.597991 0.134457
-0.001355 -0.000449 0.134457 0.055489
15.175953 1.327083 15.857789 2.087014
0.572650 0.125308 -0.005378 -0.000983
0.125308 0.052082 -0.000985 -0.000331
-0.005378 -0.000985 0.573214 0.125470
-0.000983 -0.000331 0.125470 0.052175
15.577613 1.270703 16.274234 1.952375
0.553261 0.118678 -0.004257 -0.000732
0.118678 0.049806 -0.000732 -0.000253
-0.004257 -0.000732 0.553735 0.118817
-0.000732 -0.000253 0.118817 0.049882
16.099811 1.246910 17.703573 2.048207
0.536141 0.113390 -0.001121 -0.000072
0.113390 0.048156 -0.000073 -0.000096
-0.001121 -0.000073 0.536213 0.113439
-0.000072 -0.000096 0.113439 0.048203
16.630133 1.227362 18.568270 2.014774
0.523895 0.109782 0.000944 0.000305
0.109782 0.047093 0.000304 -0.000013
0.000944 0.000304 0.523845 0.109807
0.000305 -0.000013 0.109807 0.047128
17.494641 1.279625 19.545615 2.008527
0.515090 0.107328 0.000903 0.000219
0.107328 0.046415 0.000218 -0.000031
0.000903 0.000218 0.515048 0.107356
0.000219 -0.000031 0.107356 0.046445
17.697713 1.188908 20.470605 1.992074
0.506888 0.105291 -0.000603 -0.000148
0.105291 0.045911 -0.000148 -0.000103
-0.000603 -0.000148 0.506664 0.105280
-0.000148 -0.000103 0.105280 0.045928
18.412032 1.213767 21.693313 2.039118
0.500167 0.103786 0.000358 0.000044
0.103786 0.045576 0.000044 -0.000051
0.000358 0.000044 0.499928 0.103773
0.000044 -0.000051 0.103773 0.045589
18.631703 1.133342 23.153555 2.130669
0.493673 0.102480 0.000462 0.000046
0.102480 0.045315 0.000046 -0.000043
0.000462 0.000046 0.493351 0.102449
0.000046 -0.000043 0.102449 0.045321
18.969856 1.085898 23.705951 2.024016
0.489749 0.101823 0.000535 0.000048
0.101823 0.045208 0.000048 -0.000035
0.000535 0.000048 0.489364 0.101779
0.000048 -0.000035 0.101779 0.045209
19.263948 1.033965 25.329225 2.151438
0.485464 0.101132 -0.000937 -0.000267
0.101132 0.045095 -0.000267 -0.000093
-0.000937 -0.000267 0.485201 0.101114
-0.000267 -0.000093 0.101114 0.045099
20.308834 1.144145 26.951456 2.265545
0.480777 0.100392 -0.003124 -0.000698
0.100392 0.044971 -0.000698 -0.000171
-0.003124 -0.000698 0.480878 0.100448
-0.000698 -0.000171 0.100448 0.044989
20.596538 1.084589 27.743710 2.194216
0.479089 0.100313 -0.001608 -0.000316
0.100313 0.044985 -0.000316 -0.000074
-0.001608 -0.000316 0.479219 0.100365
-0.000316 -0.000074 0.100365 0.044998
21.158110 1.088640 28.899248 2.206484
0.475880 0.099880 -0.002952 -0.000576
0.099880 0.044911 -0.000576 -0.000123
-0.002952 -0.000576 0.476272 0.099978
-0.000576 -0.000123 0.099978 0.044932
22.178451 1.188812 30.106581 2.228475
0.475929 0.100132 -0.001958 -0.000322
0.100132 0.044976 -0.000322 -0.000061
-0.001958 -0.000322 0.476659 0.100289
-0.000322 -0.000061 0.100289 0.045008
23.064619 1.250256 31.002195 2.182468
0.476569 0.100443 -0.002413 -0.000402
0.100443 0.045039 -0.000402 -0.000077
-0.002413 -0.000402 0.477479 0.100622
-0.000402 -0.000077 0.100622 0.045072
23.524874 1.215429 31.948616 2.151877
0.477348 0.100720 -0.001565 -0.000202
0.100720 0.045082 -0.000202 -0.000033
-0.001565 -0.000202 0.478524 0.100939
-0.000202 -0.000033 0.100939 0.045121
24.188542 1.227127 32.589605 2.060106
0.476423 0.100584 -0.000804 -0.000044
0.100584 0.045030 -0.000044 -0.000002
-0.000804 -0.000044 0.477709 0.100809
-0.000044 -0.000002 0.100809 0.045069
24.468727 1.156622 33.250410 1.982081
0.475447 0.100430 -0.001273 -0.000160
0.100430 0.044978 -0.000160 -0.000032
-0.001273 -0.000160 0.476959 0.100687
-0.000160 -0.000032 0.100687 0.045023
25.557927 1.264621 34.371163 2.009584
0.475976 0.100592 -0.002822 -0.000492
0.100592 0.044995 -0.000492 -0.000104
-0.002822 -0.000492 0.477939 0.100928
-0.000492 -0.000104 0.100928 0.045056
26.091978 1.243746 34.992904 1.928668
0.475063 0.100418 -0.002221 -0.000339
0.100418 0.044939 -0.000339 -0.000067
-0.002221 -0.000339 0.477223 0.100775
-0.000339 -0.000067 0.100775 0.045002
27.015118 1.307496 36.137464 1.966817
0.473589 0.100131 -0.001562 -0.000191
0.100131 0.044863 -0.000191 -0.000036
-0.001562 -0.000191 0.476332 0.100593
-0.000191 -0.000036 0.100593 0.044948
28.074556 1.393245 36.900746 1.920435
0.474672 0.100401 -0.002450 -0.000385
0.100401 0.044911 -0.000385 -0.000080
-0.002450 -0.000385 0.477556 0.100867
-0.000385 -0.000080 0.100867 0.044995
29.167374 1.477004 37.701666 1.886915
0.474265 0.100320 -0.002614 -0.000408
0.100320 0.044879 -0.000408 -0.000083
-0.002614 -0.000408 0.477357 0.100808
-0.000408 -0.000083 0.100808 0.044967
29.480088 1.386990 38.821894 1.924100
0.473383 0.100140 -0.001478 -0.000157
0.100140 0.044830 -0.000156 -0.000029
-0.001478 -0.000156 0.477366 0.100796
-0.000157 -0.000029 0.100796 0.044954
30.773891 1.514026 39.862348 1.940833
0.474621 0.100420 -0.002996 -0.000490
0.100420 0.044882 -0.000490 -0.000104
-0.002996 -0.000490 0.478885 0.101102
-0.000490 -0.000104 0.101102 0.045009
31.317643 1.468683 40.162775 1.799372
0.473985 0.100271 -0.003361 -0.000548
0.100271 0.044839 -0.000549 -0.000113
-0.003361 -0.000549 0.478140 0.100901
-0.000548 -0.000113 0.100901 0.044954
32.088050 1.476128 40.583982 1.698433
0.475620 0.100615 -0.001170 -0.000063
0.100615 0.044905 -0.000062 -0.000008
-0.001170 -0.000062 0.479659 0.101202
-0.000063 -0.000008 0.101202 0.045011
32.384734 1.382985 42.027340 1.823585
0.472979 0.100020 -0.003106 -0.000500
0.100020 0.044766 -0.000499 -0.000107
-0.003106 -0.000499 0.478567 0.100923
-0.000500 -0.000107 0.100923 0.044942
33.053337 1.378259 43.255755 1.890338
0.473327 0.100115 -0.003323 -0.000528
0.100115 0.044788 -0.000528 -0.000110
-0.003323 -0.000528 0.479824 0.101172
-0.000528 -0.000110 0.101172 0.044993
33.288678 1.282425 44.596970 1.973635
0.472367 0.099921 -0.003572 -0.000564
0.099921 0.044745 -0.000563 -0.000116
-0.003572 -0.000563 0.480253 0.101226
-0.000564 -0.000116 0.101226 0.044999
34.201941 1.340164 45.984455 2.058176
0.470680 0.099589 -0.005336 -0.000918
0.099589 0.044676 -0.000919 -0.000189
-0.005336 -0.000919 0.479570 0.101044
-0.000918 -0.000189 0.101044 0.044957
34.538033 1.269465 47.028160 2.061074
0.470403 0.099583 -0.005795 -0.000966
0.099583 0.044681 -0.000967 -0.000192
-0.005795 -0.000967 0.480146 0.101151
-0.000966 -0.000192 0.101151 0.044980
34.998178 1.232286 47.744902 1.994868
0.467702 0.099055 -0.006951 -0.001165
0.099055 0.044573 -0.001166 -0.000229
-0.006951 -0.001166 0.477856 0.100647
-0.001165 -0.000229 0.100647 0.044874
35.498860 1.207221 47.973725 1.832835
0.468611 0.099335 -0.008022 -0.001331
0.099335 0.044643 -0.001334 -0.000258
-0.008022 -0.001334 0.478249 0.100759
-0.001331 -0.000258 0.100759 0.044907
