2.966484 2.148714 1.691212 -0.215548
2.444830 0.977953 -0.039232 -0.015693
0.977953 80.395256 -0.015693 -0.006277
-0.039232 -0.015693 2.448955 0.979603
-0.015693 -0.006277 0.979603 80.395916
5.717441 5.085607 2.136242 0.757685
2.268181 3.970567 -0.015070 -0.018657
3.970567 15.267942 -0.018600 -0.132485
-0.015070 -0.018600 2.286637 4.002058
-0.018657 -0.132485 4.002058 15.333563
9.845515 6.914598 3.248703 1.602219
1.962295 2.264690 -0.022835 -0.027861
2.264690 4.492398 -0.027871 -0.059499
-0.022835 -0.027871 1.987969 2.291909
-0.027861 -0.059499 2.291909 4.526596
7.178817 1.749935 4.652790 2.112626
1.681406 1.417954 -0.033381 -0.028859
1.417954 1.888041 -0.028877 -0.033910
-0.033381 -0.028877 1.693232 1.425582
-0.028859 -0.033910 1.425582 1.895635
8.476613 2.029144 3.652052 0.753253
1.471674 0.973711 -0.038497 -0.025060
0.973711 0.973686 -0.025072 -0.020552
-0.038497 -0.025072 1.487112 0.982807
-0.025060 -0.020552 0.982807 0.980786
9.004791 1.764910 4.257274 0.877021
1.293641 0.703202 -0.024221 -0.012205
0.703202 0.566329 -0.012206 -0.008541
-0.024221 -0.012206 1.305550 0.708880
-0.012205 -0.008541 0.708880 0.570108
8.646560 1.193212 6.653474 1.779351
1.155207 0.533423 -0.016584 -0.006941
0.533423 0.361605 -0.006944 -0.004423
-0.016584 -0.006944 1.158510 0.534416
-0.006941 -0.004423 0.534416 0.362559
10.018698 1.504851 7.090820 1.597892
1.039007 0.417758 -0.020643 -0.007860
0.417758 0.246898 -0.007862 -0.004028
-0.020643 -0.007862 1.044204 0.419641
-0.007860 -0.004028 0.419641 0.248078
9.656188 1.106865 8.367933 1.768131
0.948169 0.338627 -0.016610 -0.005517
0.338627 0.179103 -0.005519 -0.002561
-0.016610 -0.005519 0.950334 0.339300
-0.005517 -0.002561 0.339300 0.179661
11.266060 1.447540 9.437358 1.828321
0.861121 0.277622 -0.015204 -0.004551
0.277622 0.135161 -0.004551 -0.001898
-0.015204 -0.004551 0.864057 0.278564
-0.004551 -0.001898 0.278564 0.135717
12.244872 1.522417 9.220431 1.494297
0.795166 0.234868 -0.012114 -0.003256
0.234868 0.107203 -0.003256 -0.001280
-0.012114 -0.003256 0.799358 0.236129
-0.003256 -0.001280 0.236129 0.107767
12.812289 1.469530 10.545569 1.652618
0.742042 0.203342 -0.012245 -0.003072
0.203342 0.088532 -0.003073 -0.001088
-0.012245 -0.003073 0.744905 0.204133
-0.003072 -0.001088 0.204133 0.088890
12.654947 1.240290 11.690972 1.734302
0.698795 0.179665 -0.003418 -0.000596
0.179665 0.075743 -0.000597 -0.000339
-0.003418 -0.000597 0.700239 0.180042
-0.000596 -0.000339 0.180042 0.075948
13.227141 1.228515 12.211299 1.649763
0.660812 0.161033 -0.002382 -0.000409
0.161033 0.066669 -0.000409 -0.000267
-0.002382 -0.000409 0.662247 0.161399
-0.000409 -0.000267 0.161399 0.066845
14.033500 1.273419 13.787834 1.825080
0.628221 0.146485 -0.002467 -0.000482
0.146485 0.060213 -0.000483 -0.000261
-0.002467 -0.000483 0.628955 0.146675
-0.000482 -0.000261 0.146675 0.060326
14.094102 1.143804 15.277942 1.955046
0.600439 0.135139 -0.001804 -0.000356
0.135139 0.055602 -0.000357 -0.000206
-0.001804 -0.000357 0.600268 0.135124
-0.000356 -0.000206 0.135124 0.055654
15.158136 1.251556 16.226554 1.948731
0.574640 0.125817 -0.003115 -0.000663
0.125817 0.052200 -0.000663 -0.000252
-0.003115 -0.000663 0.574639 0.125855
-0.000663 -0.000252 0.125855 0.052256
15.768631 1.248255 16.758310 1.853737
0.556961 0.119493 -0.000431 -0.000065
0.119493 0.049976 -0.000065 -0.000099
-0.000431 -0.000065 0.557023 0.119548
-0.000065 -0.000099 0.119548 0.050027
16.747226 1.323191 17.325051 1.777577
0.537483 0.113623 0.001643 0.000344
0.113623 0.048188 0.000344 -0.000001
0.001643 0.000344 0.537726 0.113716
0.000344 -0.000001 0.113716 0.048239
17.560264 1.354802 19.171066 1.978092
0.523347 0.109602 -0.001936 -0.000463
0.109602 0.047038 -0.000463 -0.000167
-0.001936 -0.000463 0.523276 0.109623
-0.000463 -0.000167 0.109623 0.047067
17.420957 1.184661 20.691998 2.088961
0.510915 0.106416 0.000312 0.000035
0.106416 0.046216 0.000035 -0.000044
0.000312 0.000035 0.510473 0.106359
0.000035 -0.000044 0.106359 0.046223
18.120328 1.206917 21.601931 2.060980
0.503595 0.104652 0.000164 -0.000011
0.104652 0.045787 -0.000012 -0.000047
0.000164 -0.000012 0.503187 0.104607
-0.000011 -0.000047 0.104607 0.045794
19.284357 1.323323 22.858155 2.107826
0.499001 0.103641 -0.002090 -0.000486
0.103641 0.045563 -0.000486 -0.000138
-0.002090 -0.000486 0.498764 0.103634
-0.000486 -0.000138 0.103634 0.045575
19.254611 1.179653 24.231563 2.174251
0.492271 0.102286 -0.001335 -0.000287
0.102286 0.045288 -0.000287 -0.000082
-0.001335 -0.000287 0.492000 0.102269
-0.000287 -0.000082 0.102269 0.045295
19.612582 1.131402 25.415482 2.194397
0.487257 0.101406 -0.002320 -0.000472
0.101406 0.045132 -0.000472 -0.000112
-0.002320 -0.000472 0.487055 0.101401
-0.000472 -0.000112 0.101401 0.045139
20.487472 1.195851 26.101568 2.108651
0.483498 0.100847 -0.000134 0.000020
0.100847 0.045048 0.000020 -0.000000
-0.000134 0.000020 0.483373 0.100854
0.000020 -0.000000 0.100854 0.045055
21.140180 1.207283 26.843615 2.043344
0.480526 0.100472 -0.000355 -0.000039
0.100472 0.044999 -0.000039 -0.000015
-0.000355 -0.000039 0.480486 0.100492
-0.000039 -0.000015 0.100492 0.045006
21.457900 1.147349 27.782509 2.025972
0.480327 0.100676 -0.000921 -0.000163
0.100676 0.045064 -0.000163 -0.000040
-0.000921 -0.000163 0.480438 0.100721
-0.000163 -0.000040 0.100721 0.045074
21.641904 1.065546 29.099302 2.089746
0.481419 0.101093 0.001013 0.000251
0.101093 0.045157 0.000251 0.000049
0.001013 0.000251 0.481859 0.101199
0.000251 0.000049 0.101199 0.045179
22.354436 1.103335 29.992255 2.057810
0.480972 0.101114 0.002336 0.000497
0.101114 0.045152 0.000497 0.000095
0.002336 0.000497 0.481611 0.101250
0.000497 0.000095 0.101250 0.045178
23.375106 1.202038 30.814853 2.014361
0.479033 0.100794 0.002046 0.000385
0.100794 0.045072 0.000385 0.000064
0.002046 0.000385 0.479867 0.100957
0.000385 0.000064 0.100957 0.045101
24.076194 1.223096 31.929282 2.036926
0.476872 0.100436 -0.002463 -0.000598
0.100436 0.044987 -0.000598 -0.000146
-0.002463 -0.000598 0.478113 0.100670
-0.000598 -0.000146 0.100670 0.045029
24.955077 1.279471 32.650314 1.974237
0.479291 0.101054 -0.001820 -0.000398
0.101054 0.045111 -0.000399 -0.000088
-0.001820 -0.000399 0.480620 0.101287
-0.000398 -0.000088 0.101287 0.045151
25.772035 1.316840 33.503487 1.946015
0.478016 0.100813 -0.001993 -0.000396
0.100813 0.045040 -0.000396 -0.000079
-0.001993 -0.000396 0.479618 0.101087
-0.000396 -0.000079 0.101087 0.045087
26.520583 1.335840 34.359003 1.921258
0.476588 0.100549 -0.000353 -0.000016
0.100549 0.044969 -0.000016 0.000006
-0.000353 -0.000016 0.478500 0.100871
-0.000016 0.000006 0.100871 0.045026
27.016358 1.299488 35.179941 1.891782
0.473534 0.099953 -0.002800 -0.000538
0.099953 0.044834 -0.000539 -0.000107
-0.002800 -0.000539 0.475851 0.100343
-0.000538 -0.000107 0.100343 0.044904
27.488859 1.262090 36.367173 1.942674
0.473804 0.100104 -0.002506 -0.000433
0.100104 0.044865 -0.000433 -0.000078
-0.002506 -0.000433 0.476799 0.100614
-0.000433 -0.000078 0.100614 0.044959
27.989883 1.234650 37.523263 1.981639
0.474167 0.100241 -0.003074 -0.000526
0.100241 0.044887 -0.000526 -0.000096
-0.003074 -0.000526 0.477817 0.100860
-0.000526 -0.000096 0.100860 0.045002
28.299062 1.169506 38.579553 1.995358
0.476967 0.100867 -0.002113 -0.000290
0.100867 0.045009 -0.000290 -0.000043
-0.002113 -0.000290 0.481201 0.101573
-0.000290 -0.000043 0.101573 0.045139
29.032402 1.200837 39.336397 1.944608
0.475252 0.100469 -0.003503 -0.000580
0.100469 0.044903 -0.000580 -0.000108
-0.003503 -0.000580 0.479736 0.101190
-0.000580 -0.000108 0.101190 0.045034
29.394945 1.150411 39.961318 1.871263
0.476750 0.100786 -0.002770 -0.000395
0.100786 0.044960 -0.000395 -0.000067
-0.002770 -0.000395 0.481434 0.101517
-0.000395 -0.000067 0.101517 0.045092
30.323165 1.224992 40.838464 1.859083
0.476214 0.100640 -0.002929 -0.000422
0.100640 0.044914 -0.000421 -0.000075
-0.002929 -0.000421 0.481244 0.101415
-0.000422 -0.000075 0.101415 0.045056
30.885401 1.214390 41.811265 1.868174
0.474709 0.100304 -0.001508 -0.000116
0.100304 0.044834 -0.000114 -0.000013
-0.001508 -0.000114 0.480436 0.101201
-0.000116 -0.000013 0.101201 0.045002
31.855791 1.291105 42.646649 1.847523
0.475257 0.100433 -0.002416 -0.000330
0.100433 0.044860 -0.000330 -0.000066
-0.002416 -0.000330 0.481225 0.101347
-0.000330 -0.000066 0.101347 0.045030
32.944527 1.384856 43.828278 1.901980
0.475365 0.100453 -0.005902 -0.001066
0.100453 0.044859 -0.001068 -0.000223
-0.005902 -0.001068 0.481995 0.101478
-0.001066 -0.000223 0.101478 0.045054
34.154837 1.494125 44.454329 1.833857
0.473358 0.100024 -0.006442 -0.001113
0.100024 0.044765 -0.001115 -0.000222
-0.006442 -0.001115 0.479894 0.100997
-0.001113 -0.000222 0.100997 0.044949
34.802548 1.472819 44.900632 1.734730
0.471761 0.099722 -0.006005 -0.000959
0.099722 0.044706 -0.000960 -0.000181
-0.006005 -0.000960 0.478370 0.100690
-0.000959 -0.000181 0.100690 0.044890
35.719779 1.510838 45.456303 1.669225
0.472116 0.099857 -0.004236 -0.000547
0.099857 0.044742 -0.000546 -0.000092
-0.004236 -0.000546 0.478704 0.100803
-0.000547 -0.000092 0.100803 0.044925
36.228777 1.458533 46.064291 1.621312
0.472023 0.099874 -0.005016 -0.000717
0.099874 0.044748 -0.000717 -0.000136
-0.005016 -0.000717 0.479055 0.100903
-0.000717 -0.000136 0.100903 0.044951
36.790414 1.423404 47.350700 1.721414
0.472085 0.099915 -0.006940 -0.001114
0.099915 0.044756 -0.001115 -0.000222
-0.006940 -0.001115 0.480508 0.101222
-0.001114 -0.000222 0.101222 0.045020
