5.186764 3.036845 -0.000430 -0.892219
2.399314 0.959747 -0.104579 -0.041833
0.959747 80.387974 -0.041833 -0.016733
-0.104579 -0.041833 2.445806 0.978344
-0.041833 -0.016733 0.978344 80.395413
6.445438 2.587537 0.261471 0.344819
2.297246 4.029924 -0.086464 -0.130456
4.029924 15.253202 -0.130287 -0.494720
-0.086464 -0.130287 2.354227 4.120380
-0.130456 -0.494720 4.120380 15.530089
5.385434 -0.117680 0.989826 0.979851
1.983864 2.280596 -0.079435 -0.088625
2.280596 4.478337 -0.088619 -0.175017
-0.079435 -0.088619 2.024864 2.323787
-0.088625 -0.175017 2.323787 4.560360
5.112290 -0.297300 2.504667 1.839669
1.717859 1.442380 -0.083032 -0.069161
1.442380 1.898385 -0.069173 -0.086183
-0.083032 -0.069173 1.739204 1.459129
-0.069161 -0.086183 1.459129 1.925894
6.719744 0.858476 3.095389 1.623991
1.469023 0.966958 -0.057654 -0.037093
0.966958 0.964846 -0.037096 -0.037531
-0.057654 -0.037096 1.495926 0.985034
-0.037093 -0.037531 0.985034 0.983823
6.964448 0.758465 3.730313 1.527978
1.283114 0.695144 -0.053229 -0.028572
0.695144 0.560550 -0.028573 -0.022905
-0.053229 -0.028573 1.304214 0.706874
-0.028572 -0.022905 0.706874 0.570772
6.552014 0.393590 4.831137 1.683199
1.169003 0.538853 -0.050394 -0.023052
0.538853 0.363738 -0.023054 -0.015148
-0.050394 -0.023054 1.180378 0.544387
-0.023052 -0.015148 0.544387 0.368637
7.827528 0.826709 6.915062 2.182442
1.042656 0.418391 -0.033563 -0.013251
0.418391 0.246920 -0.013257 -0.008238
-0.033563 -0.013257 1.049699 0.421626
-0.013251 -0.008238 0.421626 0.249794
9.337005 1.217491 6.614667 1.685630
0.949501 0.338549 -0.021333 -0.007566
0.338549 0.178986 -0.007574 -0.004749
-0.021333 -0.007574 0.962598 0.343690
-0.007566 -0.004749 0.343690 0.181928
10.776626 1.484981 7.700289 1.763753
0.873131 0.281145 -0.012683 -0.004246
0.281145 0.136283 -0.004254 -0.002886
-0.012683 -0.004254 0.885313 0.285397
-0.004246 -0.002886 0.285397 0.138408
10.864203 1.291493 9.500050 2.034910
0.812795 0.239671 -0.008392 -0.002804
0.239671 0.108591 -0.002808 -0.001989
-0.008392 -0.002808 0.818856 0.241671
-0.002804 -0.001989 0.241671 0.109709
11.504121 1.290239 9.909519 1.868573
0.757259 0.206996 -0.018365 -0.005445
0.206996 0.089478 -0.005445 -0.002389
-0.018365 -0.005445 0.763377 0.208864
-0.005445 -0.002389 0.208864 0.090385
13.306499 1.586617 11.422438 2.016557
0.711877 0.182459 -0.019285 -0.005220
0.182459 0.076402 -0.005220 -0.001998
-0.019285 -0.005220 0.717781 0.184128
-0.005220 -0.001998 0.184128 0.077126
14.062698 1.577498 13.107271 2.180956
0.675064 0.163924 -0.012435 -0.003127
0.163924 0.067321 -0.003128 -0.001238
-0.012435 -0.003128 0.678719 0.164921
-0.003127 -0.001238 0.164921 0.067785
14.738089 1.551141 14.659484 2.288252
0.642215 0.149135 -0.010651 -0.002519
0.149135 0.060780 -0.002519 -0.000949
-0.010651 -0.002519 0.644327 0.149716
-0.002519 -0.000949 0.149716 0.061086
15.212871 1.483755 15.438749 2.206460
0.610179 0.136692 -0.012139 -0.002712
0.136692 0.055904 -0.002712 -0.000887
-0.012139 -0.002712 0.611736 0.137127
-0.002712 -0.000887 0.137127 0.056137
15.569951 1.399840 16.195047 2.130742
0.581643 0.126752 -0.008257 -0.001700
0.126752 0.052375 -0.001701 -0.000576
-0.008257 -0.001701 0.582635 0.127048
-0.001700 -0.000576 0.127048 0.052546
16.154197 1.375014 16.750914 2.021821
0.561453 0.119920 -0.003777 -0.000675
0.119920 0.050055 -0.000676 -0.000304
-0.003777 -0.000676 0.562359 0.120189
-0.000675 -0.000304 0.120189 0.050198
16.555205 1.314670 17.670251 2.002475
0.544608 0.114676 -0.003926 -0.000727
0.114676 0.048418 -0.000728 -0.000289
-0.003926 -0.000728 0.545040 0.114835
-0.000727 -0.000289 0.114835 0.048519
16.936952 1.257313 19.439711 2.162768
0.529562 0.110464 -0.004924 -0.000937
0.110464 0.047229 -0.000938 -0.000307
-0.004924 -0.000938 0.529149 0.110441
-0.000937 -0.000307 0.110441 0.047277
17.964097 1.339971 20.422770 2.142441
0.518495 0.107577 -0.003122 -0.000535
0.107577 0.046471 -0.000536 -0.000198
-0.003122 -0.000536 0.518242 0.107596
-0.000535 -0.000198 0.107596 0.046520
18.677654 1.348955 21.333568 2.109226
0.507531 0.105038 -0.005000 -0.000929
0.105038 0.045878 -0.000930 -0.000265
-0.005000 -0.000930 0.507241 0.105049
-0.000929 -0.000265 0.105049 0.045916
19.232480 1.324226 22.500903 2.132535
0.498156 0.103091 -0.002938 -0.000465
0.103091 0.045469 -0.000465 -0.000149
-0.002938 -0.000465 0.497800 0.103085
-0.000465 -0.000149 0.103085 0.045497
19.611049 1.265488 23.703487 2.160729
0.490692 0.101717 -0.000049 0.000129
0.101717 0.045213 0.000129 -0.000017
-0.000049 0.000129 0.490314 0.101704
0.000129 -0.000017 0.101704 0.045232
20.184929 1.253148 24.179430 2.035008
0.487539 0.101339 -0.000663 -0.000053
0.101339 0.045175 -0.000054 -0.000058
-0.000663 -0.000054 0.487096 0.101309
-0.000053 -0.000058 0.101309 0.045186
20.462395 1.180384 25.182470 2.031951
0.481839 0.100427 0.003664 0.000821
0.100427 0.045017 0.000820 0.000128
0.003664 0.000820 0.481516 0.100419
0.000821 0.000128 0.100419 0.045028
20.414664 1.047056 25.661406 1.919667
0.478611 0.100073 -0.000169 -0.000084
0.100073 0.044975 -0.000084 -0.000072
-0.000169 -0.000084 0.478179 0.100035
-0.000084 -0.000072 0.100035 0.044977
21.382861 1.140307 26.694125 1.934913
0.478010 0.100251 -0.001153 -0.000293
0.100251 0.045035 -0.000293 -0.000106
-0.001153 -0.000293 0.477997 0.100298
-0.000293 -0.000106 0.100298 0.045051
22.128166 1.177104 28.048126 2.016193
0.476617 0.100196 -0.002024 -0.000455
0.100196 0.045027 -0.000455 -0.000128
-0.002024 -0.000455 0.477220 0.100361
-0.000455 -0.000128 0.100361 0.045064
22.281822 1.085499 29.191307 2.044645
0.474188 0.099883 0.000472 0.000108
0.099883 0.044955 0.000107 0.000004
0.000472 0.000107 0.475350 0.100144
0.000108 0.000004 0.100144 0.045008
22.848820 1.090621 30.026593 2.005177
0.473339 0.099893 -0.000642 -0.000146
0.099893 0.044950 -0.000146 -0.000049
-0.000642 -0.000146 0.474815 0.100192
-0.000146 -0.000049 0.100192 0.045006
23.486573 1.110159 30.945488 1.987496
0.471758 0.099708 -0.000220 -0.000048
0.099708 0.044896 -0.000048 -0.000023
-0.000220 -0.000048 0.473713 0.100080
-0.000048 -0.000023 0.100080 0.044964
24.374204 1.180539 31.738672 1.945079
0.468549 0.099161 0.002419 0.000510
0.099161 0.044765 0.000511 0.000097
0.002419 0.000511 0.470892 0.099585
0.000510 0.000097 0.099585 0.044840
25.229756 1.236747 32.905772 1.986245
0.471686 0.099980 0.001473 0.000258
0.099980 0.044930 0.000258 0.000036
0.001473 0.000258 0.474763 0.100527
0.000258 0.000036 0.100527 0.045028
26.127034 1.295997 33.224108 1.843313
0.472722 0.100243 0.001348 0.000210
0.100243 0.044957 0.000210 0.000026
0.001348 0.000210 0.475438 0.100675
0.000210 0.000026 0.100675 0.045027
26.729199 1.286229 34.412054 1.899697
0.473787 0.100469 -0.000747 -0.000246
0.100469 0.044973 -0.000247 -0.000069
-0.000747 -0.000247 0.477613 0.101114
-0.000246 -0.000069 0.101114 0.045089
27.511651 1.315797 35.087787 1.841689
0.475151 0.100725 0.000590 0.000071
0.100725 0.044995 0.000071 0.000008
0.000590 0.000071 0.479201 0.101380
0.000071 0.000008 0.101380 0.045112
27.871451 1.252582 36.565456 1.959415
0.470822 0.099745 -0.001079 -0.000280
0.099745 0.044757 -0.000281 -0.000065
-0.001079 -0.000281 0.476941 0.100808
-0.000280 -0.000065 0.100808 0.044959
27.935847 1.133522 37.127110 1.871104
0.470775 0.099766 -0.000343 -0.000090
0.099766 0.044754 -0.000091 -0.000017
-0.000343 -0.000091 0.477384 0.100868
-0.000090 -0.000017 0.100868 0.044958
28.669114 1.168813 38.222787 1.904923
0.473410 0.100345 -0.000563 -0.000124
0.100345 0.044869 -0.000124 -0.000022
-0.000563 -0.000124 0.480954 0.101584
-0.000124 -0.000022 0.101584 0.045097
29.788190 1.282094 39.060011 1.880618
0.468304 0.099222 -0.002302 -0.000476
0.099222 0.044612 -0.000478 -0.000095
-0.002302 -0.000478 0.476405 0.100522
-0.000476 -0.000095 0.100522 0.044851
30.144689 1.221802 40.321013 1.948258
0.468931 0.099421 -0.003353 -0.000653
0.099421 0.044660 -0.000655 -0.000125
-0.003353 -0.000655 0.478846 0.101046
-0.000653 -0.000125 0.101046 0.044966
30.780203 1.227064 41.473126 1.985808
0.468787 0.099427 -0.005620 -0.001075
0.099427 0.044660 -0.001079 -0.000207
-0.005620 -0.001079 0.480074 0.101264
-0.001075 -0.000207 0.101264 0.045006
31.206944 1.187329 42.215086 1.932824
0.470073 0.099728 -0.008044 -0.001498
0.099728 0.044721 -0.001504 -0.000284
-0.008044 -0.001504 0.481921 0.101597
-0.001498 -0.000284 0.101597 0.045068
31.868698 1.201746 43.138080 1.923722
0.469377 0.099573 -0.009782 -0.001749
0.099573 0.044679 -0.001756 -0.000323
-0.009782 -0.001756 0.482207 0.101577
-0.001749 -0.000323 0.101577 0.045053
32.332792 1.172694 44.066211 1.916495
0.468159 0.099321 -0.009775 -0.001627
0.099321 0.044621 -0.001631 -0.000285
-0.009775 -0.001631 0.482281 0.101527
-0.001627 -0.000285 0.101527 0.045037
33.330742 1.260551 45.474782 2.011716
0.466857 0.099070 -0.011813 -0.001965
0.099070 0.044567 -0.001970 -0.000353
-0.011813 -0.001970 0.482980 0.101621
-0.001965 -0.000353 0.101621 0.045055
34.296739 1.330874 45.761219 1.860850
0.467947 0.099347 -0.011521 -0.001795
0.099347 0.044629 -0.001800 -0.000311
-0.011521 -0.001800 0.482811 0.101535
-0.001795 -0.000311 0.101535 0.045036
35.417239 1.427057 46.385624 1.797185
0.470661 0.099936 -0.011089 -0.001627
0.099936 0.044751 -0.001631 -0.000277
-0.011089 -0.001631 0.485039 0.101971
-0.001627 -0.000277 0.101971 0.045131
35.939028 1.386567 47.417356 1.824858
0.469613 0.099664 -0.011883 -0.001754
0.099664 0.044678 -0.001756 -0.000312
-0.011883 -0.001756 0.485968 0.102097
-0.001754 -0.000312 0.102097 0.045153
