4.581913 2.794899 0.581449 -0.659462
2.441048 0.976440 -0.142858 -0.057144
0.976440 80.394651 -0.057144 -0.022858
-0.142858 -0.057144 2.475211 0.990106
-0.057144 -0.022858 0.990106 80.400118
6.091380 3.025930 3.070790 4.269782
2.209071 3.866986 -0.089118 -0.128443
3.866986 15.072469 -0.128390 -0.589123
-0.089118 -0.128390 2.234709 3.905264
-0.128443 -0.589123 3.905264 15.226594
4.039546 -1.103608 2.183210 0.769604
1.988640 2.303742 -0.098691 -0.114398
2.303742 4.534728 -0.114395 -0.231311
-0.098691 -0.114395 2.008487 2.326059
-0.114398 -0.231311 2.326059 4.584177
4.421461 -0.317443 4.327309 2.252016
1.715615 1.445577 -0.083152 -0.070626
1.445577 1.905101 -0.070621 -0.095949
-0.083152 -0.070621 1.719163 1.448912
-0.070626 -0.095949 1.448912 1.917087
6.439523 1.119221 2.763613 0.475252
1.480343 0.976367 -0.077472 -0.051653
0.976367 0.971551 -0.051656 -0.051270
-0.077472 -0.051656 1.507798 0.995637
-0.051653 -0.051270 0.995637 0.989005
7.479296 1.379281 4.396633 1.231634
1.296508 0.702699 -0.060554 -0.032990
0.702699 0.564259 -0.032991 -0.027159
-0.060554 -0.032991 1.313883 0.712263
-0.032990 -0.027159 0.712263 0.571635
8.438490 1.503418 5.178050 1.307869
1.168422 0.538217 -0.050943 -0.023658
0.538217 0.362957 -0.023659 -0.016532
-0.050943 -0.023659 1.183575 0.545193
-0.023658 -0.016532 0.545193 0.367444
7.991385 1.022431 7.140445 1.832734
1.050724 0.421358 -0.046201 -0.018732
0.421358 0.247818 -0.018730 -0.011182
-0.046201 -0.018730 1.054526 0.422822
-0.018732 -0.011182 0.422822 0.249212
8.578430 1.049532 7.339071 1.577020
0.953192 0.339493 -0.044489 -0.015971
0.339493 0.179083 -0.015970 -0.008181
-0.044489 -0.015970 0.958585 0.341515
-0.015971 -0.008181 0.341515 0.180406
10.188684 1.398644 8.040241 1.548959
0.866990 0.278841 -0.028189 -0.009037
0.278841 0.135376 -0.009038 -0.004640
-0.028189 -0.009038 0.874715 0.281450
-0.009037 -0.004640 0.281450 0.136654
10.965212 1.421374 9.403011 1.722381
0.803456 0.236782 -0.024469 -0.007241
0.236782 0.107665 -0.007242 -0.003423
-0.024469 -0.007242 0.808651 0.238387
-0.007241 -0.003423 0.238387 0.108448
11.799108 1.455068 10.048514 1.663392
0.746349 0.204046 -0.025036 -0.006879
0.204046 0.088656 -0.006880 -0.002852
-0.025036 -0.006880 0.751461 0.205502
-0.006879 -0.002852 0.205502 0.089285
12.541134 1.458774 10.700465 1.617269
0.700182 0.179636 -0.026691 -0.006800
0.179636 0.075700 -0.006801 -0.002470
-0.026691 -0.006801 0.704956 0.180894
-0.006800 -0.002470 0.180894 0.076194
12.769541 1.337068 12.102309 1.761442
0.658848 0.160277 -0.024072 -0.005664
0.160277 0.066479 -0.005665 -0.001911
-0.024072 -0.005665 0.661158 0.160843
-0.005664 -0.001911 0.160843 0.066744
13.411052 1.330940 13.318000 1.839465
0.630217 0.146796 -0.022444 -0.004913
0.146796 0.060305 -0.004914 -0.001537
-0.022444 -0.004914 0.631510 0.147108
-0.004913 -0.001537 0.147108 0.060479
13.845608 1.279233 14.552377 1.910070
0.605569 0.136166 -0.020179 -0.004112
0.136166 0.055854 -0.004113 -0.001214
-0.020179 -0.004113 0.605793 0.136237
-0.004112 -0.001214 0.136237 0.055953
14.342304 1.247705 15.195902 1.841796
0.577757 0.126344 -0.015269 -0.002835
0.126344 0.052327 -0.002836 -0.000836
-0.015269 -0.002836 0.577810 0.126394
-0.002835 -0.000836 0.126394 0.052408
15.229330 1.304879 16.950604 2.020794
0.561285 0.120266 -0.012740 -0.002204
0.120266 0.050151 -0.002207 -0.000643
-0.012740 -0.002207 0.560650 0.120180
-0.002204 -0.000643 0.120180 0.050191
16.042378 1.338828 18.009399 2.031170
0.542676 0.114548 -0.007592 -0.001084
0.114548 0.048388 -0.001086 -0.000369
-0.007592 -0.001086 0.541998 0.114471
-0.001084 -0.000369 0.114471 0.048422
17.122120 1.424417 18.805581 1.985622
0.527997 0.110369 -0.002327 -0.000041
0.110369 0.047197 -0.000043 -0.000137
-0.002327 -0.000043 0.527651 0.110372
-0.000041 -0.000137 0.110372 0.047239
18.072197 1.473808 19.717137 1.968865
0.514097 0.106849 -0.003825 -0.000487
0.106849 0.046300 -0.000488 -0.000233
-0.003825 -0.000488 0.513855 0.106872
-0.000487 -0.000233 0.106872 0.046339
17.909045 1.287501 21.406218 2.114650
0.504939 0.104708 -0.000851 0.000066
0.104708 0.045797 0.000064 -0.000107
-0.000851 0.000064 0.504064 0.104595
0.000066 -0.000107 0.104595 0.045799
18.320688 1.239334 22.308604 2.082436
0.500080 0.103680 -0.000005 0.000145
0.103680 0.045577 0.000143 -0.000086
-0.000005 0.000143 0.499132 0.103559
0.000145 -0.000086 0.103559 0.045574
19.672071 1.391176 23.555421 2.125219
0.495381 0.102782 0.001080 0.000286
0.102782 0.045403 0.000285 -0.000051
0.001080 0.000285 0.494900 0.102762
0.000286 -0.000051 0.102762 0.045417
20.508394 1.420414 24.727355 2.147946
0.491182 0.102060 0.003037 0.000615
0.102060 0.045276 0.000613 0.000023
0.003037 0.000613 0.490927 0.102079
0.000615 0.000023 0.102079 0.045294
21.125771 1.401103 25.735006 2.134151
0.488895 0.101781 0.001903 0.000287
0.101781 0.045245 0.000286 -0.000042
0.001903 0.000286 0.488810 0.101825
0.000287 -0.000042 0.101825 0.045263
21.320268 1.295688 26.349401 2.039840
0.482582 0.100662 -0.001306 -0.000424
0.100662 0.045032 -0.000424 -0.000178
-0.001306 -0.000424 0.482509 0.100695
-0.000424 -0.000178 0.100695 0.045043
21.542223 1.206720 26.924625 1.946898
0.480968 0.100596 -0.003671 -0.000882
0.100596 0.045048 -0.000883 -0.000250
-0.003671 -0.000883 0.480921 0.100623
-0.000882 -0.000250 0.100623 0.045055
22.017094 1.179760 28.244998 2.019657
0.479806 0.100588 -0.004574 -0.000991
0.100588 0.045062 -0.000991 -0.000245
-0.004574 -0.000991 0.480364 0.100733
-0.000991 -0.000245 0.100733 0.045092
22.704662 1.200343 29.804979 2.135242
0.481156 0.101070 -0.002401 -0.000448
0.101070 0.045168 -0.000449 -0.000108
-0.002401 -0.000449 0.482590 0.101380
-0.000448 -0.000108 0.101380 0.045229
23.271233 1.193312 31.076002 2.178002
0.480574 0.101065 -0.003293 -0.000609
0.101065 0.045155 -0.000609 -0.000134
-0.003293 -0.000609 0.482751 0.101498
-0.000609 -0.000134 0.101498 0.045236
24.311714 1.286754 32.248412 2.195661
0.476870 0.100376 -0.001272 -0.000146
0.100376 0.044995 -0.000145 -0.000029
-0.001272 -0.000145 0.479760 0.100920
-0.000146 -0.000029 0.100920 0.045094
24.973596 1.290513 32.750485 2.070234
0.477511 0.100643 -0.002502 -0.000413
0.100643 0.045046 -0.000413 -0.000088
-0.002502 -0.000413 0.480253 0.101112
-0.000413 -0.000088 0.101112 0.045124
25.930162 1.356145 33.660237 2.043912
0.475857 0.100375 -0.000766 -0.000031
0.100375 0.044975 -0.000030 -0.000004
-0.000766 -0.000030 0.479094 0.100918
-0.000031 -0.000004 0.100918 0.045067
26.889984 1.415699 34.996269 2.110169
0.474444 0.100162 -0.002273 -0.000370
0.100162 0.044918 -0.000370 -0.000081
-0.002273 -0.000370 0.478834 0.100915
-0.000370 -0.000081 0.100915 0.045054
27.183441 1.328084 35.832341 2.063888
0.473021 0.099946 -0.000970 -0.000083
0.099946 0.044863 -0.000082 -0.000018
-0.000970 -0.000082 0.478187 0.100817
-0.000083 -0.000018 0.100817 0.045021
27.944255 1.348488 36.595312 2.007181
0.473830 0.100203 -0.001757 -0.000264
0.100203 0.044909 -0.000264 -0.000060
-0.001757 -0.000264 0.479313 0.101090
-0.000264 -0.000060 0.101090 0.045067
28.460699 1.315233 38.160265 2.125539
0.473483 0.100172 -0.000191 0.000069
0.100172 0.044888 0.000071 0.000012
-0.000191 0.000071 0.481034 0.101453
0.000069 0.000012 0.101453 0.045127
28.799178 1.247714 39.338729 2.149875
0.473262 0.100156 -0.003003 -0.000552
0.100156 0.044870 -0.000553 -0.000125
-0.003003 -0.000553 0.482292 0.101676
-0.000552 -0.000125 0.101676 0.045154
29.717145 1.310004 40.552520 2.179201
0.473258 0.100176 -0.005516 -0.001048
0.100176 0.044861 -0.001051 -0.000222
-0.005516 -0.001051 0.483410 0.101850
-0.001048 -0.000222 0.101850 0.045170
30.092289 1.250560 41.149021 2.075271
0.472134 0.099950 -0.004851 -0.000832
0.099950 0.044800 -0.000833 -0.000163
-0.004851 -0.000833 0.482609 0.101608
-0.000832 -0.000163 0.101608 0.045101
30.669130 1.239779 41.139048 1.854773
0.469405 0.099396 -0.006004 -0.001029
0.099396 0.044674 -0.001032 -0.000200
-0.006004 -0.001032 0.478883 0.100780
-0.001029 -0.000200 0.100780 0.044918
31.400493 1.263091 41.569426 1.750203
0.468573 0.099290 -0.006223 -0.001018
0.099290 0.044654 -0.001020 -0.000191
-0.006223 -0.001020 0.478049 0.100644
-0.001018 -0.000191 0.100644 0.044898
31.862668 1.227305 42.622259 1.787517
0.467697 0.099169 -0.009945 -0.001754
0.099169 0.044628 -0.001760 -0.000344
-0.009945 -0.001760 0.479020 0.100894
-0.001754 -0.000344 0.100894 0.044958
31.945925 1.114813 43.575375 1.799511
0.466134 0.098905 -0.008650 -0.001373
0.098905 0.044572 -0.001374 -0.000249
-0.008650 -0.001374 0.479488 0.101012
-0.001373 -0.000249 0.101012 0.044984
32.728518 1.162403 44.260643 1.754565
0.465128 0.098766 -0.012206 -0.002066
0.098766 0.044544 -0.002072 -0.000396
-0.012206 -0.002072 0.479043 0.100918
-0.002066 -0.000396 0.100918 0.044961
33.207303 1.140890 45.330170 1.794939
0.467684 0.099387 -0.011581 -0.001818
0.099387 0.044677 -0.001820 -0.000332
-0.011581 -0.001820 0.483200 0.101806
-0.001818 -0.000332 0.101806 0.045149
33.660349 1.115155 45.698167 1.683274
0.466086 0.099053 -0.010593 -0.001542
0.099053 0.044593 -0.001541 -0.000273
-0.010593 -0.001541 0.481708 0.101419
-0.001542 -0.000273 0.101419 0.045051
34.085095 1.086849 46.498201 1.674311
0.467317 0.099345 -0.010005 -0.001385
0.099345 0.044649 -0.001381 -0.000247
-0.010005 -0.001381 0.484106 0.101894
-0.001385 -0.000247 0.101894 0.045146
34.838686 1.132310 47.835994 1.779954
0.464754 0.098791 -0.011519 -0.001699
0.098791 0.044519 -0.001696 -0.000325
-0.011519 -0.001696 0.484193 0.101838
-0.001699 -0.000325 0.101838 0.045123
