6.315028 3.488160 2.966386 0.294533
2.457288 0.982936 -0.119645 -0.047859
0.982936 80.397250 -0.047859 -0.019144
-0.119645 -0.047859 2.496657 0.998685
-0.047859 -0.019144 0.998685 80.403549
3.587735 -4.349774 1.663767 -2.283433
2.194642 3.837879 -0.172319 -0.278203
3.837879 15.062714 -0.278494 -0.791320
-0.172319 -0.278494 2.223236 3.880341
-0.278203 -0.791320 3.880341 15.237231
6.707066 1.805226 1.619521 -0.967136
1.943838 2.256217 -0.059030 -0.052881
2.256217 4.491501 -0.052666 -0.143303
-0.059030 -0.052666 1.997971 2.318379
-0.052881 -0.143303 2.318379 4.590755
6.327698 0.720745 1.119563 -0.981013
1.698215 1.436582 -0.058929 -0.049721
1.436582 1.902319 -0.049670 -0.080344
-0.058929 -0.049670 1.738879 1.468571
-0.049721 -0.080344 1.468571 1.938432
7.803614 1.456475 2.433010 0.208982
1.441999 0.954081 -0.065999 -0.045541
0.954081 0.957955 -0.045535 -0.049140
-0.065999 -0.045535 1.473771 0.973508
-0.045541 -0.049140 0.973508 0.975397
7.629574 0.963946 4.129957 1.075139
1.269982 0.691027 -0.056257 -0.031932
0.691027 0.558513 -0.031916 -0.027592
-0.056257 -0.031916 1.286748 0.699154
-0.031932 -0.027592 0.699154 0.565652
7.895930 0.864007 4.966312 1.213381
1.131358 0.523135 -0.041111 -0.019963
0.523135 0.356167 -0.019950 -0.015305
-0.041111 -0.019950 1.144351 0.528799
-0.019963 -0.015305 0.528799 0.360653
8.989451 1.130663 5.312880 1.108059
1.028212 0.414160 -0.030361 -0.013100
0.414160 0.245033 -0.013095 -0.009217
-0.030361 -0.013095 1.043102 0.420122
-0.013100 -0.009217 0.420122 0.248745
9.274914 1.030462 5.996396 1.154619
0.940959 0.336530 -0.020524 -0.008180
0.336530 0.178000 -0.008175 -0.005630
-0.020524 -0.008175 0.952926 0.340827
-0.008180 -0.005630 0.340827 0.180449
10.914799 1.392785 7.216680 1.361062
0.863542 0.278685 -0.014019 -0.005358
0.278685 0.135203 -0.005356 -0.003669
-0.014019 -0.005356 0.875117 0.282470
-0.005358 -0.003669 0.282470 0.137083
11.498306 1.358175 9.157321 1.733459
0.792350 0.234065 -0.008514 -0.003322
0.234065 0.106680 -0.003316 -0.002408
-0.008514 -0.003316 0.798883 0.236028
-0.003322 -0.002408 0.236028 0.107740
12.981114 1.578498 9.912210 1.701954
0.737813 0.202150 -0.001727 -0.001256
0.202150 0.087976 -0.001255 -0.001422
-0.001727 -0.001255 0.745379 0.204288
-0.001256 -0.001422 0.204288 0.088930
12.638348 1.287209 11.024239 1.770379
0.690392 0.177475 -0.004555 -0.001966
0.177475 0.075004 -0.001962 -0.001340
-0.004555 -0.001962 0.694837 0.178660
-0.001966 -0.001340 0.178660 0.075587
12.309738 1.051240 10.968146 1.541923
0.658190 0.160445 -0.007171 -0.002465
0.160445 0.066407 -0.002461 -0.001238
-0.007171 -0.002461 0.662109 0.161451
-0.002465 -0.001238 0.161451 0.066871
13.012223 1.091997 12.281788 1.668364
0.624875 0.145739 -0.007241 -0.002261
0.145739 0.059941 -0.002257 -0.001001
-0.007241 -0.002257 0.627496 0.146396
-0.002261 -0.001001 0.146396 0.060266
13.305528 1.034871 13.449980 1.743767
0.597921 0.134613 -0.008165 -0.002269
0.134613 0.055408 -0.002265 -0.000859
-0.008165 -0.002265 0.599190 0.134947
-0.002269 -0.000859 0.134947 0.055619
14.212198 1.119832 14.915779 1.873715
0.576741 0.126321 -0.010154 -0.002507
0.126321 0.052250 -0.002504 -0.000799
-0.010154 -0.002504 0.577373 0.126519
-0.002507 -0.000799 0.126519 0.052405
15.016250 1.172083 16.416591 1.994699
0.557770 0.119640 -0.008773 -0.001997
0.119640 0.049945 -0.001995 -0.000597
-0.008773 -0.001995 0.557787 0.119712
-0.001997 -0.000597 0.119712 0.050052
15.841127 1.222541 17.037315 1.915067
0.544551 0.115063 -0.008672 -0.001824
0.115063 0.048437 -0.001822 -0.000498
-0.008672 -0.001822 0.544815 0.115199
-0.001824 -0.000498 0.115199 0.048542
16.711874 1.276940 18.652756 2.052780
0.530000 0.110812 -0.009492 -0.001869
0.110812 0.047223 -0.001867 -0.000462
-0.009492 -0.001867 0.529842 0.110858
-0.001869 -0.000462 0.110858 0.047294
17.614454 1.331920 19.921440 2.103274
0.521983 0.108449 -0.004546 -0.000716
0.108449 0.046568 -0.000716 -0.000187
-0.004546 -0.000716 0.521783 0.108487
-0.000716 -0.000187 0.108487 0.046625
18.274186 1.330924 21.622605 2.237812
0.509572 0.105473 -0.000777 0.000069
0.105473 0.045874 0.000069 -0.000017
-0.000777 0.000069 0.509125 0.105458
0.000069 -0.000017 0.105458 0.045910
18.357319 1.210456 22.645138 2.217672
0.502595 0.103945 -0.000218 0.000122
0.103945 0.045556 0.000121 -0.000013
-0.000218 0.000121 0.501869 0.103873
0.000122 -0.000013 0.103873 0.045572
19.093636 1.237528 23.487906 2.162592
0.495240 0.102495 0.000591 0.000231
0.102495 0.045283 0.000231 0.000005
0.000591 0.000231 0.494605 0.102444
0.000231 0.000005 0.102444 0.045298
19.394816 1.171624 24.113642 2.068016
0.488721 0.101346 -0.000910 -0.000138
0.101346 0.045090 -0.000138 -0.000074
-0.000910 -0.000138 0.488003 0.101276
-0.000138 -0.000074 0.101276 0.045096
20.616970 1.303948 25.024020 2.042336
0.484555 0.100768 -0.000019 0.000033
0.100768 0.045021 0.000033 -0.000033
-0.000019 0.000033 0.484214 0.100774
0.000033 -0.000033 0.100774 0.045039
21.429986 1.337553 26.553583 2.148459
0.480356 0.100199 -0.001719 -0.000346
0.100199 0.044946 -0.000346 -0.000109
-0.001719 -0.000346 0.480532 0.100303
-0.000346 -0.000109 0.100303 0.044979
22.702783 1.463964 27.898602 2.205188
0.474878 0.099370 -0.001795 -0.000346
0.099370 0.044809 -0.000346 -0.000099
-0.001795 -0.000346 0.475613 0.099572
-0.000346 -0.000099 0.099572 0.044856
23.860984 1.553452 28.871864 2.178067
0.473890 0.099511 -0.002083 -0.000389
0.099511 0.044871 -0.000389 -0.000100
-0.002083 -0.000389 0.474853 0.099734
-0.000389 -0.000100 0.099734 0.044917
24.616956 1.549065 29.847389 2.154163
0.471031 0.099190 -0.000820 -0.000103
0.099190 0.044816 -0.000103 -0.000033
-0.000820 -0.000103 0.472357 0.099464
-0.000103 -0.000033 0.099464 0.044868
25.513029 1.574635 30.232909 2.008213
0.472865 0.099839 -0.001776 -0.000312
0.099839 0.044958 -0.000312 -0.000077
-0.001776 -0.000312 0.473878 0.100020
-0.000312 -0.000077 0.100020 0.044986
25.996269 1.510393 31.591920 2.083176
0.471526 0.099708 -0.003559 -0.000676
0.099708 0.044912 -0.000676 -0.000149
-0.003559 -0.000676 0.473583 0.100095
-0.000676 -0.000149 0.100095 0.044984
26.797735 1.520161 32.523881 2.059995
0.474858 0.100543 -0.002894 -0.000487
0.100543 0.045070 -0.000487 -0.000100
-0.002894 -0.000487 0.477242 0.100967
-0.000487 -0.000100 0.100967 0.045145
27.392672 1.485267 33.807124 2.113515
0.474015 0.100383 -0.002236 -0.000325
0.100383 0.044999 -0.000324 -0.000062
-0.002236 -0.000324 0.477463 0.101003
-0.000325 -0.000062 0.101003 0.045113
28.023244 1.461409 34.484484 2.033242
0.473924 0.100380 -0.001818 -0.000232
0.100380 0.044968 -0.000231 -0.000043
-0.001818 -0.000231 0.477537 0.100991
-0.000232 -0.000043 0.100991 0.045076
28.562479 1.420755 35.184986 1.966351
0.475379 0.100690 -0.005978 -0.001116
0.100690 0.045006 -0.001117 -0.000234
-0.005978 -0.001117 0.479285 0.101326
-0.001116 -0.000234 0.101326 0.045118
29.546788 1.478532 35.693632 1.866225
0.478128 0.101236 -0.004158 -0.000652
0.101236 0.045093 -0.000652 -0.000122
-0.004158 -0.000652 0.481655 0.101759
-0.000652 -0.000122 0.101759 0.045179
29.889676 1.394835 36.923651 1.928680
0.477801 0.101075 -0.003239 -0.000434
0.101075 0.045025 -0.000433 -0.000075
-0.003239 -0.000433 0.482955 0.101926
-0.000434 -0.000075 0.101926 0.045183
30.210034 1.315202 38.035088 1.959494
0.477059 0.100847 -0.003108 -0.000407
0.100847 0.044953 -0.000406 -0.000074
-0.003108 -0.000406 0.483647 0.101957
-0.000407 -0.000074 0.101957 0.045164
30.386981 1.213711 39.154106 1.988579
0.475823 0.100540 -0.004251 -0.000653
0.100540 0.044875 -0.000652 -0.000130
-0.004251 -0.000652 0.484020 0.101930
-0.000653 -0.000130 0.101930 0.045139
31.089550 1.233757 39.826244 1.920847
0.475267 0.100410 -0.005020 -0.000798
0.100410 0.044843 -0.000797 -0.000160
-0.005020 -0.000797 0.483574 0.101746
-0.000798 -0.000160 0.101746 0.045088
31.350894 1.158733 40.941026 1.953093
0.474958 0.100346 -0.004833 -0.000730
0.100346 0.044828 -0.000728 -0.000143
-0.004833 -0.000728 0.484879 0.101961
-0.000730 -0.000143 0.101961 0.045130
31.955451 1.164073 41.945261 1.958927
0.475343 0.100433 -0.005441 -0.000840
0.100433 0.044846 -0.000839 -0.000166
-0.005441 -0.000839 0.486218 0.102173
-0.000840 -0.000166 0.102173 0.045170
32.372844 1.129413 43.108186 1.997338
0.474961 0.100349 -0.006047 -0.000943
0.100349 0.044827 -0.000941 -0.000187
-0.006047 -0.000941 0.487486 0.102361
-0.000943 -0.000187 0.102361 0.045204
32.988539 1.140230 44.164818 2.009538
0.471028 0.099521 -0.007385 -0.001196
0.099521 0.044652 -0.001196 -0.000239
-0.007385 -0.001196 0.485008 0.101757
-0.001196 -0.000239 0.101757 0.045073
33.710979 1.172278 44.976362 1.969131
0.472979 0.100014 -0.010010 -0.001696
0.100014 0.044770 -0.001700 -0.000339
-0.010010 -0.001700 0.487222 0.102208
-0.001696 -0.000339 0.102208 0.045177
34.018130 1.113242 45.940665 1.964592
0.471449 0.099713 -0.012357 -0.002102
0.099713 0.044707 -0.002107 -0.000414
-0.012357 -0.002107 0.487312 0.102176
-0.002102 -0.000414 0.102176 0.045171
34.280021 1.050262 46.450592 1.865192
0.467092 0.098840 -0.012216 -0.001964
0.098840 0.044527 -0.001967 -0.000373
-0.012216 -0.001967 0.483670 0.101377
-0.001964 -0.000373 0.101377 0.045007
34.663487 1.019676 46.995782 1.783733
0.466445 0.098827 -0.011916 -0.001818
0.098827 0.044542 -0.001819 -0.000337
-0.011916 -0.001819 0.483444 0.101377
-0.001818 -0.000337 0.101377 0.045026
35.661506 1.122827 47.626320 1.729671
0.464142 0.098446 -0.012435 -0.001874
0.098446 0.044471 -0.001876 -0.000351
-0.012435 -0.001876 0.481312 0.100974
-0.001874 -0.000351 0.100974 0.044955
