3.121192 2.210598 0.680126 -0.619991
2.415667 0.966288 -0.096948 -0.038780
0.966288 80.390590 -0.038780 -0.015512
-0.096948 -0.038780 2.429946 0.972000
-0.038780 -0.015512 0.972000 80.392875
4.497040 2.680307 -0.175740 -1.574025
2.292024 4.017488 -0.091865 -0.141607
4.017488 15.273406 -0.141317 -0.494859
-0.091865 -0.141317 2.339943 4.098591
-0.141607 -0.494859 4.098591 15.451910
2.737671 -0.880470 1.981274 1.799315
1.999492 2.301099 -0.014937 -0.013033
2.301099 4.513698 -0.012885 -0.082625
-0.014937 -0.012885 2.001553 2.297736
-0.013033 -0.082625 2.297736 4.519548
4.843122 1.255105 3.701609 2.481981
1.709315 1.435419 -0.045511 -0.042486
1.435419 1.895641 -0.042471 -0.064966
-0.045511 -0.042471 1.720751 1.444841
-0.042486 -0.064966 1.444841 1.910099
3.703134 0.093183 3.452985 1.503447
1.461884 0.963239 -0.069837 -0.048558
0.963239 0.964247 -0.048539 -0.045091
-0.069837 -0.048539 1.466607 0.966563
-0.048558 -0.045091 0.966563 0.969718
6.215680 1.430730 4.859654 1.858308
1.278505 0.693579 -0.059886 -0.032854
0.693579 0.560731 -0.032847 -0.024131
-0.059886 -0.032847 1.289839 0.700187
-0.032854 -0.024131 0.700187 0.566231
7.638414 1.757304 5.941374 1.928998
1.133371 0.523155 -0.048748 -0.022141
0.523155 0.357074 -0.022138 -0.013762
-0.048748 -0.022138 1.143816 0.528213
-0.022141 -0.013762 0.528213 0.360495
7.718191 1.435420 6.365760 1.711089
1.012680 0.407662 -0.033437 -0.012937
0.407662 0.243210 -0.012938 -0.007440
-0.033437 -0.012938 1.020271 0.410824
-0.012937 -0.007440 0.410824 0.245149
9.179601 1.701927 7.689111 1.878952
0.933398 0.334229 -0.035889 -0.012464
0.334229 0.177923 -0.012464 -0.006020
-0.035889 -0.012464 0.940146 0.336712
-0.012464 -0.006020 0.336712 0.179257
10.825872 1.959286 8.955241 1.985000
0.865119 0.279755 -0.041567 -0.013015
0.279755 0.136133 -0.013014 -0.005296
-0.041567 -0.013014 0.871755 0.281939
-0.013015 -0.005296 0.281939 0.137148
12.557529 2.182380 10.585738 2.174434
0.799280 0.236593 -0.022411 -0.006033
0.236593 0.107844 -0.006033 -0.002530
-0.022411 -0.006033 0.804882 0.238255
-0.006033 -0.002530 0.238255 0.108553
12.724023 1.928194 11.004039 1.990290
0.747157 0.205027 -0.018398 -0.004570
0.205027 0.089042 -0.004571 -0.001837
-0.018398 -0.004571 0.751767 0.206275
-0.004570 -0.001837 0.206275 0.089543
13.475961 1.873607 11.993459 1.988700
0.702168 0.180642 -0.020782 -0.004959
0.180642 0.075993 -0.004960 -0.001740
-0.020782 -0.004960 0.705775 0.181540
-0.004959 -0.001740 0.181540 0.076342
14.150774 1.809754 12.993272 1.989872
0.669055 0.163061 -0.018838 -0.004183
0.163061 0.067143 -0.004184 -0.001373
-0.018838 -0.004184 0.671737 0.163680
-0.004183 -0.001373 0.163680 0.067385
14.541156 1.689712 13.749875 1.934003
0.637855 0.148617 -0.012311 -0.002437
0.148617 0.060665 -0.002438 -0.000840
-0.012311 -0.002438 0.639793 0.149036
-0.002437 -0.000840 0.149036 0.060835
15.321021 1.675206 14.870672 1.968511
0.611047 0.137287 -0.008723 -0.001576
0.137287 0.056024 -0.001577 -0.000579
-0.008723 -0.001577 0.612358 0.137555
-0.001576 -0.000579 0.137555 0.056143
15.898215 1.617985 15.194414 1.824161
0.585997 0.127954 -0.006277 -0.001052
0.127954 0.052597 -0.001052 -0.000422
-0.006277 -0.001052 0.587426 0.128248
-0.001052 -0.000422 0.128248 0.052710
16.110267 1.490372 16.067880 1.815641
0.561024 0.119916 -0.005472 -0.000918
0.119916 0.049991 -0.000919 -0.000365
-0.005472 -0.000919 0.561729 0.120048
-0.000918 -0.000365 0.120048 0.050058
17.324178 1.589322 17.527945 1.932141
0.540662 0.113891 -0.005857 -0.001027
0.113891 0.048193 -0.001028 -0.000362
-0.005857 -0.001028 0.541102 0.113972
-0.001027 -0.000362 0.113972 0.048243
17.545679 1.469483 17.977547 1.824119
0.528011 0.110221 -0.003330 -0.000499
0.110221 0.047136 -0.000499 -0.000224
-0.003330 -0.000499 0.528240 0.110265
-0.000499 -0.000224 0.110265 0.047173
17.809547 1.371678 18.741767 1.793283
0.516180 0.107166 -0.004107 -0.000698
0.107166 0.046349 -0.000698 -0.000251
-0.004107 -0.000698 0.516097 0.107152
-0.000698 -0.000251 0.107152 0.046370
18.104437 1.290590 19.241472 1.710947
0.506325 0.104867 -0.007140 -0.001331
0.104867 0.045814 -0.001332 -0.000364
-0.007140 -0.001332 0.506103 0.104833
-0.001331 -0.000364 0.104833 0.045828
18.847815 1.311117 20.612071 1.817684
0.497862 0.103097 -0.006587 -0.001156
0.103097 0.045445 -0.001157 -0.000301
-0.006587 -0.001157 0.497480 0.103038
-0.001156 -0.000301 0.103038 0.045452
19.455176 1.301412 22.086840 1.935058
0.490997 0.101824 -0.005348 -0.000857
0.101824 0.045210 -0.000857 -0.000220
-0.005348 -0.000857 0.490524 0.101754
-0.000857 -0.000220 0.101754 0.045212
19.530775 1.181881 23.112231 1.946773
0.483615 0.100540 -0.004736 -0.000717
0.100540 0.044983 -0.000717 -0.000182
-0.004736 -0.000717 0.483025 0.100452
-0.000717 -0.000182 0.100452 0.044980
20.704117 1.303553 24.413694 2.015569
0.482140 0.100570 -0.003395 -0.000434
0.100570 0.045038 -0.000434 -0.000118
-0.003395 -0.000434 0.481900 0.100562
-0.000434 -0.000118 0.100562 0.045049
20.952425 1.219289 25.681564 2.069784
0.479281 0.100260 -0.002770 -0.000326
0.100260 0.045001 -0.000326 -0.000095
-0.002770 -0.000326 0.479248 0.100293
-0.000326 -0.000095 0.100293 0.045017
21.513769 1.208943 26.266407 1.975328
0.475686 0.099779 -0.002936 -0.000390
0.099779 0.044918 -0.000390 -0.000110
-0.002936 -0.000390 0.475663 0.099806
-0.000390 -0.000110 0.099806 0.044930
21.581182 1.096204 27.754155 2.080302
0.476089 0.100137 -0.001448 -0.000094
0.100137 0.045006 -0.000093 -0.000047
-0.001448 -0.000093 0.476620 0.100275
-0.000094 -0.000047 0.100275 0.045039
22.228040 1.116795 28.179793 1.950825
0.476149 0.100341 -0.001433 -0.000132
0.100341 0.045044 -0.000132 -0.000058
-0.001433 -0.000132 0.476581 0.100442
-0.000132 -0.000058 0.100442 0.045065
22.983096 1.158409 29.549473 2.034078
0.478123 0.100892 0.000247 0.000192
0.100892 0.045144 0.000193 0.000009
0.000247 0.000193 0.479285 0.101135
0.000192 0.000009 0.101135 0.045193
23.952024 1.240759 30.966970 2.118671
0.476645 0.100631 -0.000274 0.000026
0.100631 0.045059 0.000026 -0.000031
-0.000274 0.000026 0.478695 0.101038
0.000026 -0.000031 0.101038 0.045139
25.051775 1.342061 32.391013 2.195717
0.477149 0.100792 -0.000710 -0.000098
0.100792 0.045070 -0.000097 -0.000056
-0.000710 -0.000097 0.480078 0.101349
-0.000098 -0.000056 0.101349 0.045176
25.965391 1.393333 33.707968 2.241979
0.476122 0.100596 -0.002335 -0.000454
0.100596 0.045003 -0.000454 -0.000128
-0.002335 -0.000454 0.479937 0.101295
-0.000454 -0.000128 0.101295 0.045133
26.446024 1.347624 34.428220 2.157393
0.475180 0.100423 -0.001886 -0.000336
0.100423 0.044947 -0.000336 -0.000092
-0.001886 -0.000336 0.479260 0.101126
-0.000336 -0.000092 0.101126 0.045072
27.281604 1.381726 34.895942 2.028517
0.476522 0.100737 -0.001413 -0.000224
0.100737 0.044998 -0.000223 -0.000063
-0.001413 -0.000223 0.480287 0.101329
-0.000224 -0.000063 0.101329 0.045097
27.815278 1.348409 35.339779 1.908191
0.477335 0.100898 -0.002814 -0.000518
0.100898 0.045012 -0.000518 -0.000122
-0.002814 -0.000518 0.481080 0.101459
-0.000518 -0.000122 0.101459 0.045105
28.080890 1.261981 35.906031 1.826345
0.472488 0.099843 -0.003534 -0.000641
0.099843 0.044769 -0.000641 -0.000140
-0.003534 -0.000641 0.476938 0.100536
-0.000641 -0.000140 0.100536 0.044893
28.680514 1.255094 35.981866 1.649755
0.473906 0.100211 -0.002429 -0.000369
0.100211 0.044849 -0.000369 -0.000075
-0.002429 -0.000369 0.477749 0.100748
-0.000369 -0.000075 0.100748 0.044941
29.352612 1.264829 37.777963 1.854611
0.472208 0.099871 -0.005724 -0.001056
0.099871 0.044770 -0.001057 -0.000220
-0.005724 -0.001057 0.478626 0.100946
-0.001056 -0.000220 0.100946 0.044979
30.375743 1.347661 39.034820 1.924297
0.471244 0.099714 -0.004928 -0.000817
0.099714 0.044736 -0.000817 -0.000157
-0.004928 -0.000817 0.478919 0.101000
-0.000817 -0.000157 0.101000 0.044984
30.534308 1.238566 39.984898 1.921465
0.470572 0.099623 -0.005349 -0.000866
0.099623 0.044716 -0.000865 -0.000164
-0.005349 -0.000865 0.479687 0.101147
-0.000866 -0.000164 0.101147 0.045009
30.901926 1.185694 41.630181 2.065615
0.471069 0.099777 -0.008270 -0.001443
0.099777 0.044748 -0.001444 -0.000284
-0.008270 -0.001444 0.482849 0.101784
-0.001443 -0.000284 0.101784 0.045135
31.257775 1.135583 42.789892 2.092152
0.470930 0.099774 -0.007751 -0.001248
0.099774 0.044742 -0.001247 -0.000232
-0.007751 -0.001247 0.484284 0.102002
-0.001248 -0.000232 0.102002 0.045164
31.690053 1.106574 43.523918 2.026358
0.470442 0.099688 -0.009635 -0.001590
0.099688 0.044718 -0.001591 -0.000302
-0.009635 -0.001591 0.484312 0.101910
-0.001590 -0.000302 0.101910 0.045130
32.375574 1.134021 44.003067 1.914201
0.468764 0.099354 -0.009134 -0.001409
0.099354 0.044643 -0.001409 -0.000258
-0.009134 -0.001409 0.482437 0.101442
-0.001409 -0.000258 0.101442 0.045024
33.027615 1.152983 45.738410 2.077930
0.466162 0.098850 -0.009488 -0.001438
0.098850 0.044537 -0.001435 -0.000265
-0.009488 -0.001435 0.483154 0.101573
-0.001438 -0.000265 0.101573 0.045055
33.139728 1.054514 46.856139 2.093891
0.466594 0.099026 -0.011087 -0.001732
0.099026 0.044582 -0.001730 -0.000329
-0.011087 -0.001730 0.485589 0.102057
-0.001732 -0.000329 0.102057 0.045159
33.956908 1.116070 47.889061 2.091353
0.465724 0.098897 -0.011835 -0.001830
0.098897 0.044555 -0.001828 -0.000349
-0.011835 -0.001828 0.485811 0.102036
-0.001830 -0.000349 0.102036 0.045149
34.819729 1.180954 49.008283 2.107262
0.465751 0.098959 -0.012991 -0.002014
0.098959 0.044568 -0.002014 -0.000387
-0.012991 -0.002014 0.487111 0.102254
-0.002014 -0.000387 0.102254 0.045192
