2.647691 2.021194 2.659366 0.171722
1.982451 0.792998 -0.276956 -0.110785
0.792998 80.321273 -0.110785 -0.044315
-0.276956 -0.110785 3.881149 1.552493
-0.110785 -0.044315 1.552493 80.625077
4.409033 3.358586 2.387718 -0.396226
3.336264 5.941633 -1.661602 -2.643147
5.941633 17.510317 -2.926784 -5.412172
-1.661602 -2.926784 2.252702 3.648484
-2.643147 -5.412172 3.648484 18.034389
6.637420 4.040335 3.140009 0.936879
2.282236 2.509645 -0.274887 0.014273
2.509645 4.417469 -0.186454 -0.284551
-0.274887 -0.186454 1.543709 1.974200
0.014273 -0.284551 1.974200 4.931468
7.011399 2.720861 3.210764 0.485894
1.335287 1.069343 0.065409 0.124322
1.069343 1.501254 0.058932 -0.092474
0.065409 0.058932 1.807759 1.700632
0.124322 -0.092474 1.700632 2.374878
7.640538 2.242549 3.379971 0.438222
1.554921 1.022406 -0.137275 -0.105797
1.022406 0.984773 -0.122223 -0.182849
-0.137275 -0.122223 1.757038 1.238581
-0.105797 -0.182849 1.238581 1.218058
8.228667 1.917199 6.015217 1.795144
1.354396 0.727285 -0.152801 -0.100381
0.727285 0.565904 -0.105289 -0.113558
-0.152801 -0.105289 1.418835 0.795062
-0.100381 -0.113558 0.795062 0.632733
9.119617 1.898506 6.062780 1.398351
0.970985 0.444721 -0.339177 -0.169250
0.444721 0.314262 -0.173231 -0.112578
-0.339177 -0.173231 1.389791 0.653689
-0.169250 -0.112578 0.653689 0.423204
9.771256 1.772840 7.762615 1.802008
0.993697 0.400728 -0.321887 -0.135423
0.400728 0.237483 -0.137065 -0.074196
-0.321887 -0.137065 1.266457 0.510536
-0.135423 -0.074196 0.510536 0.284693
9.921895 1.510267 8.470054 1.735783
0.873081 0.312716 -0.328553 -0.118537
0.312716 0.168030 -0.119723 -0.054372
-0.328553 -0.119723 1.118916 0.396051
-0.118537 -0.054372 0.396051 0.198406
10.642038 1.497722 8.694432 1.531495
0.889391 0.288263 -0.294573 -0.093000
0.288263 0.137500 -0.093646 -0.037527
-0.294573 -0.093646 1.092573 0.346643
-0.093000 -0.037527 0.346643 0.155866
11.548364 1.540226 8.318982 1.202481
0.751301 0.221707 -0.325484 -0.092146
0.221707 0.102056 -0.092879 -0.032217
-0.325484 -0.092879 0.999279 0.287649
-0.092146 -0.032217 0.287649 0.121030
12.121390 1.483639 8.638900 1.126296
0.704428 0.193156 -0.308000 -0.078357
0.193156 0.084857 -0.078799 -0.024602
-0.308000 -0.078799 0.951124 0.252225
-0.078357 -0.024602 0.252225 0.100248
12.126582 1.305841 10.778450 1.513899
0.672538 0.173853 -0.226857 -0.051232
0.173853 0.073749 -0.051726 -0.015279
-0.226857 -0.051726 0.804208 0.198933
-0.051232 -0.015279 0.198933 0.079437
12.486377 1.240422 12.241185 1.678434
0.665729 0.163300 -0.197841 -0.040734
0.163300 0.066845 -0.041392 -0.011469
-0.197841 -0.041392 0.739858 0.173488
-0.040734 -0.011469 0.173488 0.068867
13.259396 1.273344 12.778309 1.611306
0.663198 0.155285 -0.178630 -0.033951
0.155285 0.061863 -0.034396 -0.009003
-0.178630 -0.034396 0.726502 0.163331
-0.033951 -0.009003 0.163331 0.063574
13.858205 1.269956 14.055988 1.714369
0.603946 0.135798 -0.146432 -0.025810
0.135798 0.055246 -0.026303 -0.006781
-0.146432 -0.026303 0.633474 0.137319
-0.025810 -0.006781 0.137319 0.055763
14.761143 1.331382 15.110221 1.759509
0.566297 0.123862 -0.114763 -0.018488
0.123862 0.051350 -0.018831 -0.004893
-0.114763 -0.018831 0.582696 0.123687
-0.018488 -0.004893 0.123687 0.051711
15.760797 1.396753 15.357168 1.629240
0.547873 0.117402 -0.108739 -0.017123
0.117402 0.049167 -0.017293 -0.004408
-0.108739 -0.017293 0.571195 0.119653
-0.017123 -0.004408 0.119653 0.050165
15.740209 1.246413 16.450283 1.679834
0.520252 0.109734 -0.114023 -0.018292
0.109734 0.047030 -0.018674 -0.004595
-0.114023 -0.018674 0.522800 0.108230
-0.018292 -0.004595 0.108230 0.047272
16.372708 1.255703 17.931918 1.814271
0.507727 0.106509 -0.091053 -0.013218
0.106509 0.046185 -0.013615 -0.003377
-0.091053 -0.013615 0.497088 0.103007
-0.013218 -0.003377 0.103007 0.046054
16.819508 1.223798 19.395132 1.928937
0.499627 0.104535 -0.072282 -0.009428
0.104535 0.045698 -0.009855 -0.002536
-0.072282 -0.009855 0.477540 0.099428
-0.009428 -0.002536 0.099428 0.045269
17.563014 1.254431 20.639467 1.989425
0.502318 0.104964 -0.060705 -0.007326
0.104964 0.045758 -0.007684 -0.002069
-0.060705 -0.007684 0.479683 0.100549
-0.007326 -0.002069 0.100549 0.045502
18.420554 1.307548 22.139055 2.098523
0.496535 0.103599 -0.047867 -0.005171
0.103599 0.045446 -0.005461 -0.001634
-0.047867 -0.005461 0.475891 0.100191
-0.005171 -0.001634 0.100191 0.045381
19.506447 1.396758 23.045690 2.072085
0.491259 0.102520 -0.030885 -0.002234
0.102520 0.045237 -0.002462 -0.001045
-0.030885 -0.002462 0.476515 0.100733
-0.002234 -0.001045 0.100733 0.045455
19.917607 1.336276 24.019949 2.056916
0.495328 0.103460 -0.017373 -0.000128
0.103460 0.045460 -0.000349 -0.000651
-0.017373 -0.000349 0.481226 0.101958
-0.000128 -0.000651 0.101958 0.045647
21.015891 1.426937 25.208224 2.093128
0.491836 0.102677 -0.010491 0.000446
0.102677 0.045293 0.000291 -0.000580
-0.010491 0.000291 0.486264 0.103019
0.000446 -0.000580 0.103019 0.045774
21.432263 1.363744 25.933459 2.023997
0.470388 0.098285 0.013783 0.004723
0.098285 0.044401 0.004552 0.000274
0.013783 0.004552 0.469032 0.099295
0.004723 0.000274 0.099295 0.044896
21.445579 1.223235 26.757637 1.983093
0.456028 0.095678 0.010491 0.002963
0.095678 0.043933 0.002844 -0.000159
0.010491 0.002844 0.460413 0.097633
0.002963 -0.000159 0.097633 0.044516
22.241915 1.262182 28.315854 2.103626
0.465213 0.098226 0.006733 0.001467
0.098226 0.044569 0.001375 -0.000457
0.006733 0.001375 0.483174 0.102761
0.001467 -0.000457 0.102761 0.045607
22.724223 1.230455 29.603514 2.153784
0.451405 0.095594 0.000186 -0.000327
0.095594 0.044029 -0.000413 -0.000766
0.000186 -0.000413 0.486086 0.103129
-0.000327 -0.000766 0.103129 0.045583
22.859026 1.128193 30.684463 2.155185
0.436839 0.092970 0.008279 0.001259
0.092970 0.043516 0.001182 -0.000318
0.008279 0.001182 0.487085 0.103052
0.001259 -0.000318 0.103052 0.045478
23.389314 1.120852 31.818691 2.167196
0.415701 0.089106 0.003500 0.000056
0.089106 0.042758 -0.000054 -0.000502
0.003500 -0.000054 0.485880 0.102556
0.000056 -0.000502 0.102556 0.045311
24.045036 1.141900 32.665887 2.117215
0.423833 0.091785 0.006610 0.000648
0.091785 0.043435 0.000577 -0.000281
0.006610 0.000577 0.494887 0.104269
0.000648 -0.000281 0.104269 0.045633
25.681776 1.373270 34.147941 2.204156
0.382110 0.083270 -0.021752 -0.005291
0.083270 0.041589 -0.005648 -0.001499
-0.021752 -0.005648 0.495837 0.104202
-0.005291 -0.001499 0.104202 0.045574
26.043972 1.301728 34.832710 2.116877
0.387856 0.085782 -0.032560 -0.007033
0.085782 0.042270 -0.007442 -0.001708
-0.032560 -0.007442 0.501528 0.105122
-0.007033 -0.001708 0.105122 0.045730
26.831995 1.331917 35.496502 2.034534
0.385572 0.086059 -0.032439 -0.006366
0.086059 0.042335 -0.006686 -0.001395
-0.032439 -0.006686 0.502236 0.104944
-0.006366 -0.001395 0.104944 0.045654
27.714903 1.378895 35.740076 1.873668
0.393991 0.088536 -0.039760 -0.007365
0.088536 0.042849 -0.007766 -0.001522
-0.039760 -0.007766 0.499437 0.104079
-0.007365 -0.001522 0.104079 0.045451
28.409660 1.377691 36.016184 1.735989
0.399527 0.089997 -0.040962 -0.007067
0.089997 0.043066 -0.007433 -0.001372
-0.040962 -0.007433 0.497556 0.103542
-0.007067 -0.001372 0.103542 0.045346
28.746341 1.299920 37.253047 1.811185
0.401167 0.090326 -0.046149 -0.007722
0.090326 0.042999 -0.007998 -0.001453
-0.046149 -0.007998 0.521841 0.108514
-0.007722 -0.001453 0.108514 0.046398
29.066397 1.226451 38.329440 1.844761
0.407552 0.091667 -0.046545 -0.007360
0.091667 0.043177 -0.007529 -0.001325
-0.046545 -0.007529 0.538858 0.111531
-0.007360 -0.001325 0.111531 0.046958
29.798313 1.254105 39.408270 1.877755
0.407919 0.091512 -0.042939 -0.006314
0.091512 0.043016 -0.006308 -0.001080
-0.042939 -0.006308 0.551214 0.113378
-0.006314 -0.001080 0.113378 0.047251
30.746961 1.329954 40.931380 1.999439
0.408825 0.091489 -0.040221 -0.005605
0.091489 0.042912 -0.005415 -0.000933
-0.040221 -0.005415 0.573089 0.117075
-0.005605 -0.000933 0.117075 0.047923
31.371025 1.321877 42.103456 2.034157
0.436116 0.097340 -0.044518 -0.006258
0.097340 0.044137 -0.006343 -0.001134
-0.044518 -0.006343 0.577465 0.116908
-0.006258 -0.001134 0.116908 0.047771
31.642279 1.234037 42.909594 1.989182
0.423111 0.093714 -0.035763 -0.004510
0.093714 0.043170 -0.004414 -0.000803
-0.035763 -0.004414 0.561789 0.112943
-0.004510 -0.000803 0.112943 0.046924
32.371172 1.258392 43.839436 1.976862
0.446875 0.098643 -0.032855 -0.003884
0.098643 0.044215 -0.003973 -0.000742
-0.032855 -0.003973 0.548414 0.109902
-0.003884 -0.000742 0.109902 0.046358
33.593335 1.387776 44.700077 1.954582
0.442702 0.097108 -0.004441 0.001624
0.097108 0.043788 0.001927 0.000375
-0.004441 0.001927 0.516215 0.103585
0.001624 0.000375 0.103585 0.045220
34.515431 1.435266 45.133547 1.845791
0.457337 0.099805 0.004010 0.002743
0.099805 0.044330 0.002907 0.000448
0.004010 0.002907 0.479737 0.096839
0.002743 0.000448 0.096839 0.044047
34.748670 1.331179 46.367890 1.908082
0.481393 0.104253 -0.016313 -0.002021
0.104253 0.045206 -0.002190 -0.000690
-0.016313 -0.002190 0.485877 0.099191
-0.002021 -0.000690 0.099191 0.044761
35.392664 1.325929 47.068332 1.855808
0.502090 0.107663 -0.020409 -0.002974
0.107663 0.045819 -0.003254 -0.000888
-0.020409 -0.003254 0.461580 0.094998
-0.002974 -0.000888 0.094998 0.044030
35.935518 1.299537 47.609923 1.775039
0.523874 0.111076 -0.027332 -0.004405
0.111076 0.046415 -0.004770 -0.001162
-0.027332 -0.004770 0.436405 0.090841
-0.004405 -0.001162 0.090841 0.043315
