1.585949 1.596488 -1.494823 -1.489989
2.439171 0.975690 -0.345444 -0.138180
0.975690 80.394351 -0.138180 -0.055273
-0.345444 -0.138180 2.421497 0.968620
-0.138180 -0.055273 0.968620 80.391523
4.091698 4.705526 1.688990 5.449402
2.140298 3.744467 -0.155662 -0.208620
3.744467 14.832897 -0.206634 -1.251152
-0.155662 -0.206634 2.198470 3.849746
-0.208620 -1.251152 3.849746 14.971936
5.617235 3.748883 3.220194 4.072441
2.030629 2.362528 -0.109030 -0.137134
2.362528 4.598947 -0.136573 -0.398592
-0.109030 -0.136573 2.084334 2.413103
-0.137134 -0.398592 2.413103 4.644244
6.592015 3.003523 3.881606 2.930147
1.653504 1.391326 -0.144570 -0.135068
1.391326 1.851501 -0.135226 -0.202780
-0.144570 -0.135226 1.706456 1.428638
-0.135068 -0.202780 1.428638 1.880611
7.645361 2.713899 4.075836 2.097883
1.429516 0.944683 -0.133523 -0.095621
0.944683 0.948676 -0.095767 -0.102657
-0.133523 -0.095767 1.486141 0.976904
-0.095621 -0.102657 0.976904 0.969655
8.146432 2.247113 5.639223 2.378880
1.290927 0.701857 -0.081439 -0.048565
0.701857 0.562917 -0.048449 -0.046816
-0.081439 -0.048449 1.322030 0.714628
-0.048565 -0.046816 0.714628 0.569945
8.929512 2.089537 7.012930 2.464566
1.134688 0.523531 -0.075849 -0.038513
0.523531 0.355194 -0.038443 -0.029977
-0.075849 -0.038443 1.155935 0.530806
-0.038513 -0.029977 0.530806 0.359092
9.736715 1.996138 7.434521 2.140706
1.012349 0.406934 -0.079363 -0.034513
0.406934 0.241445 -0.034500 -0.021597
-0.079363 -0.034500 1.035188 0.414581
-0.034513 -0.021597 0.414581 0.245149
10.487207 1.906203 9.345233 2.440401
0.934115 0.333784 -0.060819 -0.023450
0.333784 0.176706 -0.023409 -0.013428
-0.060819 -0.023409 0.944373 0.336371
-0.023450 -0.013428 0.336371 0.178170
10.773656 1.692753 9.475278 2.090622
0.869698 0.280543 -0.053327 -0.018468
0.280543 0.135624 -0.018440 -0.009454
-0.053327 -0.018440 0.880648 0.283448
-0.018468 -0.009454 0.283448 0.137056
12.299531 1.894037 9.789973 1.874618
0.800599 0.236277 -0.043226 -0.013648
0.236277 0.107174 -0.013635 -0.006516
-0.043226 -0.013635 0.817940 0.241002
-0.013648 -0.006516 0.241002 0.108986
13.207106 1.883818 10.032532 1.684953
0.746290 0.204162 -0.029999 -0.008846
0.204162 0.088383 -0.008834 -0.004240
-0.029999 -0.008834 0.765378 0.209010
-0.008846 -0.004240 0.209010 0.090023
13.695625 1.767249 11.248395 1.780865
0.702290 0.180168 -0.033746 -0.009181
0.180168 0.075571 -0.009172 -0.003730
-0.033746 -0.009172 0.715569 0.183161
-0.009181 -0.003730 0.183161 0.076566
14.247817 1.686401 12.843589 1.951913
0.658325 0.160028 -0.034010 -0.008548
0.160028 0.066187 -0.008540 -0.003097
-0.034010 -0.008540 0.665685 0.161436
-0.008548 -0.003097 0.161436 0.066711
14.552338 1.561054 13.917336 1.974644
0.624939 0.145418 -0.031122 -0.007253
0.145418 0.059796 -0.007247 -0.002435
-0.031122 -0.007247 0.629055 0.146078
-0.007253 -0.002435 0.146078 0.060108
14.851131 1.452886 15.158618 2.031460
0.601199 0.135101 -0.027009 -0.005849
0.135101 0.055478 -0.005845 -0.001862
-0.027009 -0.005845 0.602142 0.135104
-0.005849 -0.001862 0.135104 0.055623
15.113034 1.351220 16.033516 2.000385
0.578576 0.126490 -0.020579 -0.004111
0.126490 0.052259 -0.004107 -0.001304
-0.020579 -0.004107 0.577857 0.126225
-0.004111 -0.001304 0.126225 0.052336
15.575332 1.305244 16.683534 1.925223
0.553664 0.118563 -0.016517 -0.003079
0.118563 0.049699 -0.003077 -0.000973
-0.016517 -0.003077 0.552525 0.118304
-0.003079 -0.000973 0.118304 0.049770
16.212687 1.302426 18.090301 2.019055
0.536295 0.113249 -0.013212 -0.002302
0.113249 0.048066 -0.002301 -0.000735
-0.013212 -0.002301 0.533931 0.112803
-0.002302 -0.000735 0.112803 0.048087
17.026973 1.336391 18.923217 1.982203
0.525197 0.109912 -0.008401 -0.001269
0.109912 0.047077 -0.001269 -0.000468
-0.008401 -0.001269 0.523234 0.109621
-0.001269 -0.000468 0.109621 0.047122
17.687181 1.334978 20.216317 2.045139
0.514153 0.106994 -0.006774 -0.000985
0.106994 0.046311 -0.000986 -0.000384
-0.006774 -0.000986 0.511812 0.106665
-0.000985 -0.000384 0.106665 0.046335
18.514669 1.368502 21.679509 2.136868
0.508429 0.105516 -0.008651 -0.001432
0.105516 0.045939 -0.001432 -0.000455
-0.008651 -0.001432 0.506231 0.105249
-0.001432 -0.000455 0.105249 0.045964
18.828453 1.291438 22.387237 2.061672
0.499189 0.103479 -0.009827 -0.001676
0.103479 0.045496 -0.001675 -0.000478
-0.009827 -0.001675 0.496733 0.103173
-0.001676 -0.000478 0.103173 0.045499
19.920511 1.384508 23.990319 2.181015
0.494843 0.102659 -0.012164 -0.002125
0.102659 0.045347 -0.002123 -0.000541
-0.012164 -0.002123 0.493460 0.102588
-0.002125 -0.000541 0.102588 0.045387
20.247788 1.309015 25.428613 2.253061
0.491382 0.102090 -0.013317 -0.002283
0.102090 0.045258 -0.002280 -0.000542
-0.013317 -0.002280 0.490618 0.102133
-0.002283 -0.000542 0.102133 0.045308
21.172173 1.365127 26.496568 2.241170
0.489452 0.101883 -0.007391 -0.000953
0.101883 0.045245 -0.000952 -0.000238
-0.007391 -0.000952 0.489502 0.102068
-0.000953 -0.000238 0.102068 0.045311
22.158481 1.427890 27.103173 2.134186
0.486295 0.101409 -0.004166 -0.000319
0.101409 0.045169 -0.000319 -0.000108
-0.004166 -0.000319 0.486472 0.101579
-0.000319 -0.000108 0.101579 0.045218
23.520266 1.562815 27.704668 2.037422
0.484216 0.101177 0.000067 0.000475
0.101177 0.045141 0.000474 0.000046
0.000067 0.000474 0.484496 0.101333
0.000475 0.000046 0.101333 0.045177
24.384893 1.580030 28.400812 1.969905
0.482322 0.100973 0.002950 0.000926
0.100973 0.045112 0.000926 0.000121
0.002950 0.000926 0.483028 0.101185
0.000926 0.000121 0.101185 0.045153
24.834003 1.508577 29.525776 1.999180
0.478848 0.100421 0.000577 0.000256
0.100421 0.045004 0.000256 -0.000039
0.000577 0.000256 0.481466 0.101001
0.000256 -0.000039 0.101001 0.045116
24.528620 1.285831 29.789027 1.844393
0.474959 0.099802 -0.001665 -0.000299
0.099802 0.044883 -0.000299 -0.000154
-0.001665 -0.000299 0.478052 0.100419
-0.000299 -0.000154 0.100419 0.044992
24.769267 1.201117 30.736233 1.849624
0.470987 0.099188 0.000998 0.000246
0.099188 0.044764 0.000247 -0.000025
0.000998 0.000247 0.475953 0.100141
0.000246 -0.000025 0.100141 0.044938
25.369957 1.201159 31.344119 1.782836
0.473446 0.099949 -0.002031 -0.000450
0.099949 0.044936 -0.000451 -0.000169
-0.002031 -0.000451 0.478679 0.100876
-0.000450 -0.000169 0.100876 0.045094
26.268072 1.264052 32.208399 1.777112
0.474000 0.100194 -0.006411 -0.001354
0.100194 0.044974 -0.001356 -0.000342
-0.006411 -0.001356 0.480257 0.101270
-0.001354 -0.000342 0.101270 0.045159
26.834679 1.250223 33.138982 1.785960
0.472485 0.099949 -0.005648 -0.001085
0.099949 0.044901 -0.001087 -0.000254
-0.005648 -0.001087 0.480593 0.101346
-0.001085 -0.000254 0.101346 0.045150
26.904467 1.132752 34.279941 1.838038
0.473337 0.100205 -0.008348 -0.001581
0.100205 0.044937 -0.001583 -0.000341
-0.008348 -0.001583 0.484755 0.102211
-0.001581 -0.000341 0.102211 0.045309
27.200423 1.075293 34.888851 1.772546
0.472598 0.100083 -0.003964 -0.000546
0.100083 0.044889 -0.000542 -0.000100
-0.003964 -0.000542 0.484900 0.102144
-0.000546 -0.000100 0.102144 0.045260
28.426296 1.221167 35.909830 1.801320
0.466675 0.098855 -0.006241 -0.001027
0.098855 0.044609 -0.001026 -0.000207
-0.006241 -0.001026 0.480827 0.101198
-0.001027 -0.000207 0.101198 0.045034
28.528189 1.113349 36.931412 1.826412
0.466525 0.098955 -0.005996 -0.000931
0.098955 0.044634 -0.000927 -0.000181
-0.005996 -0.000927 0.484020 0.101879
-0.000931 -0.000181 0.101879 0.045175
29.192508 1.136297 37.963313 1.851466
0.468464 0.099466 -0.005086 -0.000709
0.099466 0.044739 -0.000702 -0.000132
-0.005086 -0.000702 0.488000 0.102659
-0.000709 -0.000132 0.102659 0.045325
29.669045 1.116706 38.716939 1.815232
0.467991 0.099395 -0.006376 -0.000977
0.099395 0.044707 -0.000974 -0.000194
-0.006376 -0.000974 0.488944 0.102730
-0.000977 -0.000194 0.102730 0.045315
30.058653 1.080923 39.705597 1.832101
0.470878 0.100033 -0.005760 -0.000819
0.100033 0.044828 -0.000813 -0.000159
-0.005760 -0.000813 0.494332 0.103744
-0.000819 -0.000159 0.103744 0.045510
31.036186 1.173837 40.740809 1.857429
0.466644 0.099084 -0.010950 -0.001903
0.099084 0.044601 -0.001911 -0.000393
-0.010950 -0.001911 0.492766 0.103215
-0.001903 -0.000393 0.103215 0.045370
32.104491 1.276888 42.404095 2.011640
0.468398 0.099494 -0.017452 -0.003156
0.099494 0.044683 -0.003178 -0.000641
-0.017452 -0.003178 0.499653 0.104529
-0.003156 -0.000641 0.104529 0.045636
32.467318 1.218823 43.741289 2.080424
0.464990 0.098762 -0.020134 -0.003512
0.098762 0.044515 -0.003531 -0.000684
-0.020134 -0.003531 0.502007 0.104793
-0.003512 -0.000684 0.104793 0.045665
33.591055 1.328019 44.700343 2.064504
0.456170 0.096943 -0.023069 -0.003926
0.096943 0.044131 -0.003949 -0.000749
-0.023069 -0.003949 0.495814 0.103282
-0.003926 -0.000749 0.103282 0.045331
34.409019 1.361149 45.864427 2.092342
0.456308 0.097181 -0.029315 -0.005005
0.097181 0.044210 -0.005045 -0.000955
-0.029315 -0.005045 0.499069 0.103905
-0.005005 -0.000955 0.103905 0.045477
34.659638 1.268577 46.659831 2.038823
0.454527 0.096976 -0.027666 -0.004379
0.096976 0.044183 -0.004395 -0.000792
-0.027666 -0.004395 0.499620 0.103941
-0.004379 -0.000792 0.103941 0.045493
35.100359 1.226979 47.623577 2.026574
0.456457 0.097547 -0.028409 -0.004341
0.097547 0.044313 -0.004351 -0.000779
-0.028409 -0.004351 0.503934 0.104766
-0.004341 -0.000779 0.104766 0.045673
35.477410 1.175757 48.476189 1.992292
0.452601 0.096789 -0.030968 -0.004742
0.096789 0.044139 -0.004751 -0.000871
-0.030968 -0.004751 0.503801 0.104597
-0.004742 -0.000871 0.104597 0.045631
