5.772232 3.271037 0.143287 -0.834731
2.348979 0.939612 -0.078127 -0.031252
0.939612 80.379920 -0.031252 -0.012501
-0.078127 -0.031252 2.399534 0.959834
-0.031252 -0.012501 0.959834 80.388009
6.000542 0.803054 0.785650 1.014982
2.241901 3.943277 -0.021447 -0.022300
3.943277 14.973474 -0.022060 -0.239682
-0.021447 -0.022060 2.290890 4.019310
-0.022300 -0.239682 4.019310 15.236925
5.601427 -0.116489 0.302248 -0.122780
1.968724 2.266697 -0.063090 -0.077130
2.266697 4.427333 -0.077161 -0.143948
-0.063090 -0.077161 2.018937 2.322115
-0.077130 -0.143948 2.322115 4.526450
4.237262 -1.212284 1.718408 1.115783
1.719667 1.442523 -0.090936 -0.076665
1.442523 1.883047 -0.076698 -0.082433
-0.090936 -0.076698 1.740257 1.458392
-0.076665 -0.082433 1.458392 1.909943
5.217525 -0.167141 4.574820 2.628058
1.458373 0.957455 -0.051587 -0.031575
0.957455 0.950692 -0.031610 -0.028006
-0.051587 -0.031610 1.465484 0.962509
-0.031575 -0.028006 0.962509 0.961277
8.870926 1.850830 4.640602 1.956972
1.260902 0.681361 -0.017715 -0.008052
0.681361 0.548988 -0.008066 -0.008600
-0.017715 -0.008066 1.289356 0.697871
-0.008052 -0.008600 0.697871 0.562249
8.700412 1.346495 5.506425 1.904810
1.137514 0.523438 -0.030388 -0.013718
0.523438 0.354429 -0.013720 -0.009330
-0.030388 -0.013720 1.156573 0.532710
-0.013718 -0.009330 0.532710 0.361114
8.705914 1.078911 8.273079 2.632993
1.026384 0.411675 -0.025792 -0.010202
0.411675 0.243021 -0.010205 -0.006089
-0.025792 -0.010205 1.031663 0.414129
-0.010202 -0.006089 0.414129 0.245533
8.915885 0.961301 7.684319 1.952861
0.930377 0.331654 -0.031317 -0.011088
0.331654 0.175734 -0.011086 -0.005337
-0.031317 -0.011086 0.937808 0.334757
-0.011088 -0.005337 0.334757 0.177931
10.282563 1.246703 8.718405 1.971698
0.864124 0.278328 -0.018248 -0.005653
0.278328 0.134856 -0.005657 -0.002763
-0.018248 -0.005657 0.872029 0.281292
-0.005653 -0.002763 0.281292 0.136585
11.331026 1.372203 10.379705 2.171274
0.787549 0.232270 -0.013390 -0.003801
0.232270 0.106017 -0.003806 -0.001831
-0.013390 -0.003806 0.792937 0.234190
-0.003801 -0.001831 0.234190 0.107135
11.498546 1.230325 12.189268 2.369655
0.733943 0.200905 -0.011688 -0.003119
0.200905 0.087579 -0.003122 -0.001402
-0.011688 -0.003122 0.735511 0.201615
-0.003119 -0.001402 0.201615 0.088180
12.553814 1.343388 13.061311 2.289195
0.690380 0.177395 -0.012591 -0.003182
0.177395 0.074965 -0.003183 -0.001243
-0.012591 -0.003183 0.692323 0.178173
-0.003182 -0.001243 0.178173 0.075478
13.831841 1.491089 13.801501 2.190577
0.656845 0.160061 -0.006821 -0.001574
0.160061 0.066303 -0.001577 -0.000707
-0.006821 -0.001577 0.659556 0.160973
-0.001574 -0.000707 0.160973 0.066765
14.354162 1.439060 15.213787 2.264583
0.629030 0.146688 -0.003972 -0.000872
0.146688 0.060162 -0.000875 -0.000465
-0.003972 -0.000875 0.630380 0.147207
-0.000872 -0.000465 0.147207 0.060463
15.157090 1.457825 16.332380 2.261498
0.601400 0.135318 -0.005476 -0.001223
0.135318 0.055554 -0.001225 -0.000492
-0.005476 -0.001225 0.602308 0.135699
-0.001223 -0.000492 0.135699 0.055777
15.620216 1.399638 16.613585 2.075361
0.576418 0.126137 -0.003914 -0.000838
0.126137 0.052193 -0.000840 -0.000355
-0.003914 -0.000840 0.577256 0.126472
-0.000838 -0.000355 0.126472 0.052372
15.972086 1.325062 17.945982 2.138591
0.558985 0.119822 0.000509 0.000127
0.119822 0.049978 0.000125 -0.000111
0.000509 0.000125 0.558979 0.119948
0.000127 -0.000111 0.119948 0.050085
17.163579 1.436794 18.560607 2.042444
0.546583 0.115415 0.001666 0.000307
0.115415 0.048506 0.000305 -0.000059
0.001666 0.000305 0.547040 0.115629
0.000307 -0.000059 0.115629 0.048614
17.544833 1.366401 19.381521 2.000627
0.529234 0.110561 0.003535 0.000636
0.110561 0.047165 0.000634 0.000022
0.003535 0.000634 0.529331 0.110677
0.000636 0.000022 0.110677 0.047235
18.088266 1.337365 20.418273 2.008247
0.516305 0.107215 0.002647 0.000375
0.107215 0.046313 0.000374 -0.000025
0.002647 0.000374 0.516162 0.107267
0.000375 -0.000025 0.107267 0.046358
18.548495 1.294166 21.484431 2.021190
0.509836 0.105592 0.002192 0.000244
0.105592 0.045922 0.000243 -0.000039
0.002192 0.000243 0.509513 0.105599
0.000244 -0.000039 0.105599 0.045950
18.748217 1.201844 21.942378 1.906961
0.503629 0.104209 0.002002 0.000192
0.104209 0.045626 0.000191 -0.000034
0.002002 0.000191 0.503100 0.104167
0.000192 -0.000034 0.104167 0.045637
19.545494 1.242493 22.890180 1.905697
0.498512 0.103195 -0.001283 -0.000489
0.103195 0.045436 -0.000489 -0.000160
-0.001283 -0.000489 0.498105 0.103176
-0.000489 -0.000160 0.103176 0.045447
20.046091 1.217587 23.520171 1.838774
0.490823 0.101736 0.003643 0.000601
0.101736 0.045165 0.000600 0.000090
0.003643 0.000600 0.490413 0.101711
0.000601 0.000090 0.101711 0.045171
20.944699 1.277859 24.322414 1.814302
0.487107 0.101222 0.004076 0.000653
0.101222 0.045105 0.000652 0.000102
0.004076 0.000652 0.486869 0.101227
0.000653 0.000102 0.101227 0.045114
21.540895 1.268625 25.917909 1.957819
0.484027 0.100855 0.003957 0.000593
0.100855 0.045069 0.000593 0.000090
0.003957 0.000593 0.484188 0.100935
0.000593 0.000090 0.100935 0.045090
21.892688 1.209767 26.577815 1.891298
0.480338 0.100357 0.002676 0.000304
0.100357 0.044996 0.000303 0.000033
0.002676 0.000303 0.480553 0.100433
0.000304 0.000033 0.100433 0.045013
22.170768 1.141320 27.479884 1.882335
0.479878 0.100539 0.001317 0.000028
0.100539 0.045059 0.000028 -0.000016
0.001317 0.000028 0.480337 0.100654
0.000028 -0.000016 0.100654 0.045081
22.796990 1.152879 28.665402 1.933617
0.477219 0.100199 0.000132 -0.000183
0.100199 0.044995 -0.000184 -0.000048
0.000132 -0.000184 0.478207 0.100409
-0.000183 -0.000048 0.100409 0.045034
23.754959 1.233114 29.753247 1.958953
0.475737 0.100097 0.002039 0.000273
0.100097 0.044976 0.000272 0.000061
0.002039 0.000272 0.477196 0.100385
0.000273 0.000061 0.100385 0.045029
24.540941 1.268697 31.138661 2.044426
0.474364 0.099989 -0.000228 -0.000199
0.099989 0.044950 -0.000200 -0.000038
-0.000228 -0.000200 0.476664 0.100428
-0.000199 -0.000038 0.100428 0.045032
25.462952 1.329502 31.809619 1.970271
0.473190 0.099897 -0.001476 -0.000413
0.099897 0.044922 -0.000414 -0.000074
-0.001476 -0.000414 0.475527 0.100308
-0.000413 -0.000074 0.100308 0.044993
25.906359 1.282727 32.603032 1.929805
0.473734 0.100144 -0.002087 -0.000479
0.100144 0.044962 -0.000480 -0.000078
-0.002087 -0.000480 0.476480 0.100612
-0.000479 -0.000078 0.100612 0.045043
26.230643 1.215642 33.471265 1.909367
0.475475 0.100591 -0.004290 -0.000883
0.100591 0.045036 -0.000884 -0.000156
-0.004290 -0.000884 0.478816 0.101154
-0.000883 -0.000156 0.101154 0.045136
27.252785 1.303322 34.487848 1.922541
0.478687 0.101284 -0.002955 -0.000510
0.101284 0.045154 -0.000511 -0.000066
-0.002955 -0.000511 0.482476 0.101909
-0.000510 -0.000066 0.101909 0.045264
27.750802 1.270866 35.547928 1.943342
0.476213 0.100697 -0.000911 -0.000038
0.100697 0.044991 -0.000037 0.000033
-0.000911 -0.000037 0.481061 0.101512
-0.000038 0.000033 0.101512 0.045141
28.376934 1.268911 36.558985 1.951645
0.477207 0.100895 -0.004214 -0.000746
0.100895 0.045013 -0.000747 -0.000127
-0.004214 -0.000747 0.482850 0.101832
-0.000746 -0.000127 0.101832 0.045185
28.436055 1.147363 37.665437 1.978936
0.479089 0.101257 -0.005825 -0.001030
0.101257 0.045068 -0.001032 -0.000184
-0.005825 -0.001032 0.486133 0.102439
-0.001030 -0.000184 0.102439 0.045288
28.899891 1.124303 38.907554 2.032045
0.476255 0.100589 -0.004824 -0.000749
0.100589 0.044903 -0.000749 -0.000118
-0.004824 -0.000749 0.484879 0.102041
-0.000749 -0.000118 0.102041 0.045176
29.456577 1.123243 40.075641 2.064019
0.475481 0.100422 -0.006657 -0.001101
0.100422 0.044862 -0.001102 -0.000195
-0.006657 -0.001102 0.485396 0.102067
-0.001101 -0.000195 0.102067 0.045169
29.844438 1.086587 41.171651 2.077337
0.471079 0.099502 -0.009861 -0.001718
0.099502 0.044665 -0.001721 -0.000323
-0.009861 -0.001721 0.482563 0.101396
-0.001718 -0.000323 0.101396 0.045019
30.512529 1.112635 41.863400 2.004557
0.471351 0.099655 -0.009897 -0.001618
0.099655 0.044711 -0.001620 -0.000291
-0.009897 -0.001620 0.482963 0.101481
-0.001618 -0.000291 0.101481 0.045044
30.978467 1.093068 42.480882 1.923593
0.472942 0.100059 -0.010580 -0.001678
0.100059 0.044802 -0.001680 -0.000300
-0.010580 -0.001680 0.484727 0.101846
-0.001678 -0.000300 0.101846 0.045126
31.736488 1.138129 43.675205 1.972714
0.470724 0.099611 -0.008236 -0.001116
0.099611 0.044703 -0.001112 -0.000180
-0.008236 -0.001112 0.484217 0.101706
-0.001116 -0.000180 0.101706 0.045095
32.378232 1.153358 44.538793 1.947025
0.469569 0.099419 -0.010770 -0.001643
0.099419 0.044664 -0.001643 -0.000304
-0.010770 -0.001643 0.484024 0.101644
-0.001643 -0.000304 0.101644 0.045083
33.060260 1.175790 45.589570 1.963402
0.465446 0.098610 -0.010033 -0.001443
0.098610 0.044496 -0.001439 -0.000265
-0.010033 -0.001439 0.481628 0.101135
-0.001443 -0.000265 0.101135 0.044980
33.551234 1.155519 46.769444 2.004897
0.466808 0.099028 -0.010554 -0.001529
0.099028 0.044599 -0.001524 -0.000289
-0.010554 -0.001524 0.484814 0.101847
-0.001529 -0.000289 0.101847 0.045142
34.776028 1.294383 48.745906 2.210474
0.463896 0.098475 -0.013547 -0.002139
0.098475 0.044481 -0.002136 -0.000424
-0.013547 -0.002136 0.485587 0.101977
-0.002139 -0.000424 0.101977 0.045165
35.353077 1.278544 49.298538 2.094319
0.464435 0.098698 -0.014566 -0.002278
0.098698 0.044535 -0.002279 -0.000448
-0.014566 -0.002279 0.485909 0.102007
-0.002278 -0.000448 0.102007 0.045167
