-5.534429 -1.251725 10.130076 3.160071
42.410827 16.964698 -56.786992 -22.715289
16.964698 86.790093 -22.715289 -9.086313
-56.786992 -22.715289 80.482787 32.193812
-22.715289 -9.086313 32.193812 92.881871
-0.961355 5.321699 10.759938 5.522893
17.038259 -2.734630 -41.682604 -29.182371
-2.734630 23.582408 10.587810 -12.568191
-41.682604 10.587810 108.165083 77.320624
-29.182371 -12.568191 77.320624 90.416486
3.527580 1.238102 -2.201532 -2.406609
18.917492 11.068935 -44.977507 -30.726035
11.068935 15.109072 -21.792802 -25.128245
-44.977507 -21.792802 116.924806 77.407937
-30.726035 -25.128245 77.407937 67.962356
-0.258952 -0.728335 8.550202 3.904178
9.619828 9.050416 -7.228785 -6.987380
9.050416 11.301102 -6.548445 -10.755855
-7.228785 -6.548445 6.433876 5.611158
-6.987380 -10.755855 5.611158 13.350060
2.916415 1.629265 8.054011 2.199046
4.371085 3.341854 -5.058457 -4.356709
3.341854 3.769521 -4.211689 -5.441553
-5.058457 -4.211689 7.481976 6.842670
-4.356709 -5.441553 6.842670 9.601803
4.040373 1.693050 9.688690 2.706679
8.278749 5.093196 -10.930658 -7.344242
5.093196 3.718738 -6.956527 -5.489397
-10.930658 -6.956527 16.161132 11.129895
-7.344242 -5.489397 11.129895 9.124755
4.213282 1.392340 11.614550 2.964228
13.315672 6.545915 -19.030812 -9.975060
6.545915 3.552861 -9.498311 -5.424471
-19.030812 -9.498311 29.030515 15.416112
-9.975060 -5.424471 15.416112 8.971850
6.892615 2.157231 10.931212 2.109749
13.844217 5.645031 -22.233908 -9.536632
5.645031 2.518741 -9.145538 -4.199993
-22.233908 -9.145538 37.562215 16.246497
-9.536632 -4.199993 16.246497 7.510677
8.872025 2.477844 9.855947 1.316103
16.833793 5.749870 -25.653463 -9.066866
5.749870 2.117127 -8.790931 -3.295122
-25.653463 -8.790931 40.766216 14.498293
-9.066866 -3.295122 14.498293 5.484551
12.582351 3.207544 6.196677 -0.013178
11.191794 3.290211 -14.734167 -4.355420
3.290211 1.083112 -4.335653 -1.417794
-14.734167 -4.335653 20.763758 6.205935
-4.355420 -1.417794 6.205935 2.094394
12.914129 2.877512 8.047232 0.479387
3.745878 0.977456 -3.196191 -0.750419
0.977456 0.347311 -0.832047 -0.298670
-3.196191 -0.832047 3.535316 0.889237
-0.750419 -0.298670 0.889237 0.408327
12.803513 2.495052 11.086926 1.224566
4.136161 0.986668 -2.946766 -0.606977
0.986668 0.311601 -0.707131 -0.226668
-2.946766 -0.707131 2.651871 0.601096
-0.606977 -0.226668 0.601096 0.283366
14.184991 2.523985 11.630082 1.213985
5.096906 1.123104 -3.698248 -0.741095
1.123104 0.312491 -0.826323 -0.230268
-3.698248 -0.826323 3.233068 0.711944
-0.741095 -0.230268 0.711944 0.276439
15.570964 2.562542 11.611648 1.028031
6.225433 1.264447 -4.435175 -0.829996
1.264447 0.313841 -0.915101 -0.223431
-4.435175 -0.915101 3.732886 0.772106
-0.829996 -0.223431 0.772106 0.258820
17.545783 2.704825 11.143201 0.791472
7.001658 1.308549 -4.653850 -0.776931
1.308549 0.295885 -0.883585 -0.190141
-4.653850 -0.883585 3.662377 0.690574
-0.776931 -0.190141 0.690574 0.214114
17.345015 2.427573 12.886582 1.048333
5.500323 0.939736 -2.888279 -0.353454
0.939736 0.207849 -0.503724 -0.096955
-2.888279 -0.503724 1.975720 0.321107
-0.353454 -0.096955 0.321107 0.125138
18.573695 2.412231 14.149583 1.265653
6.231599 0.999588 -3.066232 -0.344666
0.999588 0.204892 -0.500991 -0.085997
-3.066232 -0.500991 1.893718 0.282146
-0.344666 -0.085997 0.282146 0.105160
20.574666 2.541509 14.027548 1.114742
6.918341 1.044374 -3.179968 -0.323008
1.044374 0.200357 -0.490011 -0.075387
-3.179968 -0.490011 1.879811 0.270638
-0.323008 -0.075387 0.270638 0.096735
16.970967 1.811969 18.255232 1.756176
3.958601 0.547106 -0.921867 0.067274
0.547106 0.116945 -0.131006 -0.012060
-0.921867 -0.131006 0.377979 0.030986
0.067274 -0.012060 0.030986 0.054840
17.991627 1.826581 19.127051 1.763603
1.969661 0.268036 -0.525756 -0.009565
0.268036 0.077208 -0.080107 -0.021404
-0.525756 -0.080107 0.350246 0.071404
-0.009565 -0.021404 0.071404 0.057838
20.709855 2.061338 19.818165 1.837219
0.976614 0.139756 -0.404047 -0.060328
0.139756 0.060133 -0.068161 -0.026635
-0.404047 -0.068161 0.411491 0.106295
-0.060328 -0.026635 0.106295 0.061367
21.684673 2.055323 20.676527 1.813982
1.112677 0.167982 -0.460125 -0.070218
0.167982 0.064623 -0.078708 -0.025961
-0.460125 -0.078708 0.509075 0.131405
-0.070218 -0.025961 0.131405 0.064415
22.437683 2.012455 21.709196 1.834953
1.139850 0.176390 -0.435744 -0.061128
0.176390 0.065601 -0.074761 -0.022406
-0.435744 -0.074761 0.581244 0.148504
-0.061128 -0.022406 0.148504 0.065841
22.749982 1.903336 22.849455 1.860717
0.940763 0.148591 -0.367313 -0.053263
0.148591 0.060849 -0.063439 -0.019360
-0.367313 -0.063439 0.681236 0.171840
-0.053263 -0.019360 0.171840 0.068809
23.847533 1.926729 23.821861 1.878145
1.073116 0.175144 -0.436951 -0.066037
0.175144 0.065025 -0.074020 -0.019822
-0.436951 -0.074020 0.836493 0.198306
-0.066037 -0.019822 0.198306 0.071280
24.660028 1.901906 24.949483 1.918020
1.091395 0.180164 -0.554906 -0.092893
0.180164 0.065264 -0.091061 -0.022632
-0.554906 -0.091061 1.023959 0.226544
-0.092893 -0.022632 0.226544 0.073548
25.160554 1.821508 25.272475 1.759503
1.171008 0.193377 -0.777049 -0.136212
0.193377 0.066619 -0.124739 -0.028366
-0.777049 -0.124739 1.072073 0.215917
-0.136212 -0.028366 0.215917 0.066505
26.233219 1.848280 26.048361 1.742595
1.339711 0.220110 -0.941744 -0.157661
0.220110 0.070135 -0.144965 -0.029935
-0.941744 -0.144965 1.231582 0.233660
-0.157661 -0.029935 0.233660 0.067644
26.415199 1.712247 26.855347 1.703054
1.402257 0.223602 -1.140495 -0.187113
0.223602 0.068975 -0.168198 -0.032808
-1.140495 -0.168198 1.443518 0.259220
-0.187113 -0.032808 0.259220 0.070159
27.154197 1.691683 27.746553 1.706484
1.614715 0.253157 -1.346209 -0.208653
0.253157 0.072552 -0.191403 -0.034423
-1.346209 -0.191403 1.640117 0.278503
-0.208653 -0.034423 0.278503 0.071516
27.901265 1.657947 28.289438 1.640989
1.864369 0.285615 -1.571981 -0.230195
0.285615 0.076146 -0.217650 -0.036424
-1.571981 -0.217650 1.815741 0.290859
-0.230195 -0.036424 0.290859 0.071465
27.999864 1.511223 29.043296 1.593492
2.081289 0.306620 -1.824072 -0.256282
0.306620 0.077129 -0.243634 -0.038802
-1.824072 -0.243634 2.051924 0.312753
-0.256282 -0.038802 0.312753 0.073159
28.808834 1.523954 29.873502 1.602760
2.388202 0.344382 -2.055283 -0.271211
0.344382 0.081497 -0.266557 -0.039590
-2.055283 -0.266557 2.238731 0.324148
-0.271211 -0.039590 0.324148 0.073290
29.527285 1.524371 30.807308 1.625635
2.735224 0.383092 -2.329528 -0.291163
0.383092 0.085385 -0.293086 -0.041064
-2.329528 -0.293086 2.469862 0.340920
-0.291163 -0.041064 0.340920 0.074240
30.191922 1.495929 31.488262 1.594893
3.114344 0.422506 -2.624838 -0.311883
0.422506 0.088891 -0.322184 -0.042954
-2.624838 -0.322184 2.689686 0.353204
-0.311883 -0.042954 0.353204 0.074293
30.770329 1.302773 30.085309 1.171061
3.531736 0.462118 -2.962919 -0.337021
0.462118 0.091369 -0.362212 -0.046816
-2.962919 -0.362212 2.834820 0.348312
-0.337021 -0.046816 0.348312 0.070934
31.740780 1.360940 30.630989 1.185620
3.696381 0.459176 -3.175541 -0.354135
0.459176 0.088583 -0.362869 -0.045909
-3.175541 -0.362869 3.127630 0.381203
-0.354135 -0.045909 0.381203 0.075636
33.986268 1.601257 30.522641 1.165389
3.932705 0.466796 -3.438471 -0.374477
0.466796 0.087693 -0.369659 -0.045578
-3.438471 -0.369659 3.476856 0.418242
-0.374477 -0.045578 0.418242 0.080436
36.568920 1.846868 30.046509 1.096777
3.568728 0.396854 -3.283888 -0.358500
0.396854 0.077167 -0.320054 -0.040381
-3.283888 -0.320054 3.574334 0.434890
-0.358500 -0.040381 0.434890 0.083604
37.859127 1.899434 30.414130 1.090307
2.586824 0.262912 -2.613237 -0.292905
0.262912 0.060564 -0.213609 -0.029742
-2.613237 -0.213609 3.285132 0.415109
-0.292905 -0.029742 0.415109 0.083294
39.014947 1.927156 30.834653 1.082779
2.122478 0.199751 -2.359262 -0.268990
0.199751 0.053480 -0.163040 -0.024828
-2.359262 -0.163040 3.362778 0.430757
-0.268990 -0.024828 0.430757 0.086201
39.927412 1.930694 31.540166 1.107287
1.862310 0.164662 -2.271440 -0.260727
0.164662 0.050060 -0.134424 -0.022118
-2.271440 -0.134424 3.609331 0.461022
-0.260727 -0.022118 0.461022 0.090205
40.516099 1.876111 32.305835 1.117608
1.760558 0.148596 -2.340932 -0.267979
0.148596 0.048605 -0.125684 -0.021615
-2.340932 -0.125684 4.023654 0.504615
-0.267979 -0.021615 0.504615 0.095000
41.494540 1.865455 32.630388 1.083654
1.792078 0.149809 -2.530618 -0.284688
0.149809 0.048966 -0.135007 -0.022859
-2.530618 -0.135007 4.540206 0.552225
-0.284688 -0.022859 0.552225 0.099466
42.678225 1.912275 33.124750 1.090984
1.847495 0.154530 -2.738999 -0.301186
0.154530 0.049763 -0.146021 -0.024001
-2.738999 -0.146021 5.104742 0.601691
-0.301186 -0.024001 0.601691 0.103950
44.128349 2.017663 33.710168 1.123499
1.929346 0.162509 -2.974312 -0.318646
0.162509 0.050829 -0.160255 -0.025305
-2.974312 -0.160255 5.719612 0.652723
-0.318646 -0.025305 0.652723 0.108341
44.871336 1.977029 34.466735 1.136399
2.002694 0.166897 -3.229181 -0.337816
0.166897 0.050852 -0.176477 -0.026942
-3.229181 -0.176477 6.378920 0.704818
-0.337816 -0.026942 0.704818 0.112550
45.442594 1.853680 34.605814 1.059320
2.124960 0.177847 -3.535332 -0.359704
0.177847 0.051272 -0.205247 -0.029732
-3.535332 -0.205247 7.033208 0.749851
-0.359704 -0.029732 0.749851 0.115491
46.643903 1.926486 35.296816 1.093156
2.275099 0.193304 -3.856498 -0.380533
0.193304 0.052838 -0.231932 -0.031790
-3.856498 -0.231932 7.749319 0.799310
-0.380533 -0.031790 0.799310 0.118989
47.609812 1.954164 36.187922 1.135822
2.441387 0.209193 -4.206188 -0.402753
0.209193 0.054096 -0.262287 -0.034138
-4.206188 -0.262287 8.494750 0.847983
-0.402753 -0.034138 0.847983 0.122196
