5.280842 3.074477 -0.953867 -1.273602
2.369721 0.947909 -0.146180 -0.058473
0.947909 80.383238 -0.058473 -0.023390
-0.146180 -0.058473 2.420287 0.968136
-0.058473 -0.023390 0.968136 80.391329
4.593972 -0.816274 -0.218407 1.103330
2.232102 3.920606 -0.133589 -0.205672
3.920606 14.982211 -0.205608 -0.735783
-0.133589 -0.205608 2.283272 4.000443
-0.205672 -0.735783 4.000443 15.252003
3.442828 -1.662859 3.791141 5.083721
1.994981 2.300193 -0.097614 -0.106581
2.300193 4.480342 -0.106686 -0.224831
-0.097614 -0.106686 1.991292 2.293156
-0.106581 -0.224831 2.293156 4.507450
4.067382 -0.441378 2.419577 1.794771
1.653240 1.386415 -0.072538 -0.060995
1.386415 1.839375 -0.061041 -0.091933
-0.072538 -0.061041 1.667993 1.401817
-0.060995 -0.091933 1.401817 1.868220
5.699815 0.780257 3.283576 1.770840
1.426671 0.940568 -0.083540 -0.056636
0.940568 0.943321 -0.056631 -0.057268
-0.083540 -0.056631 1.447117 0.956168
-0.056636 -0.057268 0.956168 0.960762
7.108195 1.332495 5.225045 2.344617
1.255947 0.681872 -0.067463 -0.037293
0.681872 0.551117 -0.037295 -0.030828
-0.067463 -0.037295 1.270295 0.690808
-0.037293 -0.030828 0.690808 0.559531
8.159863 1.510806 5.488733 1.924299
1.151194 0.531608 -0.062830 -0.029443
0.531608 0.358900 -0.029444 -0.019926
-0.062830 -0.029444 1.167214 0.539795
-0.029443 -0.019926 0.539795 0.364733
9.153657 1.606433 7.243798 2.243169
1.035108 0.415868 -0.040454 -0.016440
0.415868 0.244799 -0.016447 -0.010643
-0.040454 -0.016447 1.045440 0.420480
-0.016440 -0.010643 0.420480 0.247891
10.686193 1.866507 8.518496 2.297596
0.941752 0.335905 -0.030556 -0.011219
0.335905 0.177173 -0.011226 -0.006812
-0.030556 -0.011226 0.951399 0.339690
-0.011219 -0.006812 0.339690 0.179345
11.608458 1.863408 8.741646 1.999341
0.865845 0.278762 -0.027918 -0.009398
0.278762 0.134852 -0.009403 -0.005059
-0.027918 -0.009403 0.876142 0.282321
-0.009398 -0.005059 0.282321 0.136560
11.313740 1.501877 9.861446 2.035340
0.803209 0.236751 -0.029952 -0.009207
0.236751 0.107227 -0.009208 -0.004204
-0.029952 -0.009208 0.809184 0.238650
-0.009207 -0.004204 0.238650 0.108175
12.054097 1.498870 11.263298 2.140375
0.747746 0.204326 -0.026156 -0.007372
0.204326 0.088374 -0.007373 -0.003102
-0.026156 -0.007373 0.751626 0.205495
-0.007372 -0.003102 0.205495 0.088981
13.109618 1.577193 13.214675 2.366285
0.706891 0.181159 -0.017546 -0.004591
0.181159 0.075792 -0.004592 -0.001982
-0.017546 -0.004592 0.708776 0.181743
-0.004591 -0.001982 0.181743 0.076161
13.391288 1.454145 14.150987 2.306366
0.668854 0.162386 -0.014758 -0.003647
0.162386 0.066731 -0.003648 -0.001507
-0.014758 -0.003648 0.669656 0.162689
-0.003647 -0.001507 0.162689 0.066977
13.697382 1.356408 14.810829 2.191730
0.636411 0.147787 -0.009032 -0.002126
0.147787 0.060302 -0.002127 -0.000976
-0.009032 -0.002127 0.636700 0.147971
-0.002126 -0.000976 0.147971 0.060483
13.895709 1.248876 15.983561 2.209003
0.607841 0.136200 -0.005937 -0.001374
0.136200 0.055670 -0.001376 -0.000695
-0.005937 -0.001376 0.607033 0.136139
-0.001374 -0.000695 0.136139 0.055767
14.723111 1.293115 17.053008 2.201331
0.579200 0.126234 0.001128 0.000179
0.126234 0.052158 0.000176 -0.000276
0.001128 0.000176 0.578344 0.126178
0.000179 -0.000276 0.126178 0.052237
15.812387 1.387873 17.558449 2.073902
0.553924 0.118324 0.000756 -0.000011
0.118324 0.049631 -0.000013 -0.000276
0.000756 -0.000013 0.553660 0.118402
-0.000011 -0.000276 0.118402 0.049722
16.210096 1.325415 18.648405 2.085212
0.539232 0.113652 -0.001341 -0.000512
0.113652 0.048153 -0.000513 -0.000339
-0.001341 -0.000513 0.538550 0.113633
-0.000512 -0.000339 0.113633 0.048206
17.135241 1.380248 19.656927 2.077975
0.525131 0.109692 -0.004006 -0.001056
0.109692 0.047035 -0.001056 -0.000405
-0.004006 -0.001056 0.524571 0.109694
-0.001056 -0.000405 0.109694 0.047081
17.802664 1.375547 20.636436 2.065608
0.510692 0.106133 -0.003698 -0.000915
0.106133 0.046148 -0.000915 -0.000326
-0.003698 -0.000915 0.510074 0.106113
-0.000915 -0.000326 0.106113 0.046179
18.810243 1.441905 21.633404 2.058114
0.499312 0.103595 -0.001532 -0.000400
0.103595 0.045575 -0.000401 -0.000181
-0.001532 -0.000401 0.498867 0.103604
-0.000400 -0.000181 0.103604 0.045603
19.265840 1.386841 22.422854 2.008355
0.493027 0.102366 -0.002041 -0.000488
0.102366 0.045329 -0.000488 -0.000177
-0.002041 -0.000488 0.492530 0.102353
-0.000488 -0.000177 0.102353 0.045345
20.050501 1.405843 23.070561 1.934148
0.483319 0.100527 -0.002047 -0.000458
0.100527 0.044972 -0.000459 -0.000151
-0.002047 -0.000459 0.482906 0.100520
-0.000458 -0.000151 0.100520 0.044984
20.415656 1.335361 24.157426 1.959163
0.478414 0.099830 -0.002586 -0.000542
0.099830 0.044874 -0.000542 -0.000152
-0.002586 -0.000542 0.478085 0.099830
-0.000542 -0.000152 0.099830 0.044882
20.927954 1.302793 24.720995 1.871990
0.473771 0.099204 -0.004471 -0.000900
0.099204 0.044783 -0.000900 -0.000213
-0.004471 -0.000900 0.473461 0.099198
-0.000900 -0.000213 0.099198 0.044786
21.697535 1.327470 24.958130 1.725083
0.477191 0.100278 -0.001865 -0.000283
0.100278 0.045041 -0.000283 -0.000066
-0.001865 -0.000283 0.476816 0.100249
-0.000283 -0.000066 0.100249 0.045036
22.386794 1.332900 26.058068 1.775096
0.474994 0.100013 -0.001814 -0.000269
0.100013 0.044980 -0.000270 -0.000062
-0.001814 -0.000270 0.474966 0.100051
-0.000269 -0.000062 0.100051 0.044988
22.740204 1.266853 26.887517 1.762761
0.474819 0.100159 -0.000483 0.000013
0.100159 0.045003 0.000013 -0.000001
-0.000483 0.000013 0.475046 0.100239
0.000013 -0.000001 0.100239 0.045017
23.719920 1.340090 28.264459 1.867517
0.475769 0.100492 -0.000989 -0.000118
0.100492 0.045057 -0.000118 -0.000034
-0.000989 -0.000118 0.476570 0.100678
-0.000118 -0.000034 0.100678 0.045091
23.584702 1.169860 29.044448 1.834879
0.477263 0.100876 -0.001564 -0.000249
0.100876 0.045112 -0.000249 -0.000062
-0.001564 -0.000249 0.478444 0.101120
-0.000249 -0.000062 0.101120 0.045155
24.812083 1.305754 30.454556 1.939107
0.476054 0.100630 -0.002807 -0.000507
0.100630 0.045028 -0.000507 -0.000114
-0.002807 -0.000507 0.477959 0.101003
-0.000507 -0.000114 0.101003 0.045095
25.182488 1.246107 31.737507 2.005258
0.477792 0.101017 -0.005837 -0.001118
0.101017 0.045085 -0.001118 -0.000237
-0.005837 -0.001118 0.480541 0.101534
-0.001118 -0.000237 0.101534 0.045179
25.841272 1.253612 32.625802 1.981131
0.477167 0.100855 -0.006554 -0.001186
0.100855 0.045022 -0.001186 -0.000236
-0.006554 -0.001186 0.480277 0.101406
-0.001186 -0.000236 0.101406 0.045118
26.768421 1.317080 33.609624 1.979882
0.477864 0.100985 -0.004001 -0.000567
0.100985 0.045028 -0.000566 -0.000094
-0.004001 -0.000566 0.481363 0.101579
-0.000567 -0.000094 0.101579 0.045131
27.185233 1.266180 34.876896 2.038220
0.478112 0.101002 -0.003913 -0.000539
0.101002 0.045012 -0.000537 -0.000092
-0.003913 -0.000537 0.482769 0.101803
-0.000539 -0.000092 0.101803 0.045156
27.292608 1.155606 36.632116 2.192998
0.476206 0.100562 -0.004014 -0.000557
0.100562 0.044902 -0.000555 -0.000101
-0.004014 -0.000555 0.483142 0.101794
-0.000557 -0.000101 0.101794 0.045134
27.785028 1.137786 38.074975 2.265867
0.474775 0.100264 -0.004999 -0.000762
0.100264 0.044834 -0.000760 -0.000148
-0.004999 -0.000760 0.483250 0.101739
-0.000762 -0.000148 0.101739 0.045107
27.964900 1.055308 38.755863 2.170499
0.478697 0.101122 -0.006245 -0.001001
0.101122 0.045015 -0.001000 -0.000198
-0.006245 -0.001000 0.487200 0.102506
-0.001001 -0.000198 0.102506 0.045260
28.531374 1.063363 39.648199 2.129987
0.475862 0.100466 -0.007998 -0.001332
0.100466 0.044860 -0.001333 -0.000265
-0.007998 -0.001333 0.485125 0.101943
-0.001332 -0.000265 0.101943 0.045123
29.242099 1.100619 40.077398 1.996602
0.474037 0.100089 -0.010729 -0.001843
0.100089 0.044780 -0.001847 -0.000366
-0.010729 -0.001847 0.483019 0.101443
-0.001843 -0.000366 0.101443 0.045017
29.943289 1.133075 41.611910 2.109393
0.472400 0.099785 -0.012597 -0.002135
0.099785 0.044722 -0.002137 -0.000414
-0.012597 -0.002137 0.483693 0.101584
-0.002135 -0.000414 0.101584 0.045056
30.609951 1.154877 43.145169 2.210040
0.473909 0.100175 -0.009809 -0.001432
0.100175 0.044814 -0.001427 -0.000253
-0.009809 -0.001427 0.487325 0.102342
-0.001432 -0.000253 0.102342 0.045222
31.150133 1.146352 43.785085 2.112373
0.471477 0.099679 -0.010638 -0.001577
0.099679 0.044707 -0.001574 -0.000291
-0.010638 -0.001574 0.485284 0.101836
-0.001577 -0.000291 0.101836 0.045108
31.960785 1.196801 44.978981 2.141620
0.473322 0.100129 -0.012379 -0.001903
0.100129 0.044807 -0.001902 -0.000363
-0.012379 -0.001902 0.488454 0.102481
-0.001903 -0.000363 0.102481 0.045248
32.346375 1.151779 46.056784 2.142748
0.468918 0.099206 -0.013428 -0.002071
0.099206 0.044607 -0.002068 -0.000399
-0.013428 -0.002068 0.486171 0.101928
-0.002071 -0.000399 0.101928 0.045126
33.364366 1.244561 46.629916 2.039038
0.467974 0.099097 -0.014858 -0.002308
0.099097 0.044595 -0.002309 -0.000448
-0.014858 -0.002309 0.484964 0.101664
-0.002308 -0.000448 0.101664 0.045077
34.551553 1.363013 46.953115 1.894064
0.467301 0.099050 -0.011869 -0.001608
0.099050 0.044594 -0.001604 -0.000298
-0.011869 -0.001604 0.483174 0.101314
-0.001608 -0.000298 0.101314 0.045016
35.551022 1.429279 47.262694 1.760899
0.471419 0.100007 -0.009997 -0.001211
0.100007 0.044802 -0.001207 -0.000226
-0.009997 -0.001207 0.486035 0.101971
-0.001211 -0.000226 0.101971 0.045170
36.510054 1.481235 48.207195 1.774773
0.467991 0.099253 -0.011313 -0.001540
0.099253 0.044625 -0.001536 -0.000315
-0.011313 -0.001536 0.484293 0.101589
-0.001540 -0.000315 0.101589 0.045088
