6.290184 3.478222 -0.614041 -1.137669
2.416200 0.966501 -0.060462 -0.024185
0.966501 80.390675 -0.024185 -0.009674
-0.060462 -0.024185 2.452965 0.981207
-0.024185 -0.009674 0.981207 80.396558
4.056885 -3.475938 0.676433 2.095031
2.280287 3.996990 -0.099186 -0.161586
3.996990 15.240073 -0.161808 -0.437248
-0.099186 -0.161808 2.298297 4.021222
-0.161586 -0.437248 4.021222 15.376182
4.269824 -1.223930 2.779060 3.319837
2.006085 2.310572 -0.048767 -0.046973
2.310572 4.525114 -0.047051 -0.095874
-0.048767 -0.047051 2.016080 2.322966
-0.046973 -0.095874 2.322966 4.565100
7.191007 1.742125 4.026467 2.976822
1.708848 1.434728 -0.040136 -0.031935
1.434728 1.894090 -0.031950 -0.046197
-0.040136 -0.031950 1.726107 1.450855
-0.031935 -0.046197 1.450855 1.917432
7.842156 1.597253 5.042195 2.665184
1.467251 0.966546 -0.016776 -0.011019
0.966546 0.965992 -0.011034 -0.017219
-0.016776 -0.011034 1.479302 0.975278
-0.011019 -0.017219 0.975278 0.976004
7.573238 1.017567 7.419748 3.233071
1.287779 0.698252 -0.025421 -0.014856
0.698252 0.562962 -0.014852 -0.013998
-0.025421 -0.014852 1.290938 0.700497
-0.014856 -0.013998 0.700497 0.566428
7.996260 0.979277 7.423420 2.488547
1.150393 0.530517 -0.019578 -0.009928
0.530517 0.360221 -0.009929 -0.008146
-0.019578 -0.009929 1.154348 0.532928
-0.009928 -0.008146 0.532928 0.362735
9.255898 1.287936 9.708816 2.906869
1.033684 0.415418 -0.023408 -0.010183
0.415418 0.246082 -0.010179 -0.006388
-0.023408 -0.010179 1.035438 0.416622
-0.010183 -0.006388 0.416622 0.247461
9.926534 1.297996 10.155688 2.546871
0.940992 0.336094 -0.009145 -0.003764
0.336094 0.178353 -0.003768 -0.002846
-0.009145 -0.003768 0.943007 0.337258
-0.003764 -0.002846 0.337258 0.179375
10.559997 1.293440 10.670645 2.301868
0.860053 0.277464 -0.011623 -0.004267
0.277464 0.135266 -0.004268 -0.002459
-0.011623 -0.004268 0.862022 0.278468
-0.004267 -0.002459 0.278468 0.136008
11.792772 1.467128 10.936989 2.039768
0.791840 0.234052 -0.009960 -0.003361
0.234052 0.107074 -0.003362 -0.001769
-0.009960 -0.003362 0.794707 0.235198
-0.003361 -0.001769 0.235198 0.107705
12.372580 1.424971 11.925447 2.031207
0.745940 0.204596 -0.006752 -0.002184
0.204596 0.088967 -0.002186 -0.001166
-0.006752 -0.002186 0.748074 0.205406
-0.002184 -0.001166 0.205406 0.089394
12.698282 1.325580 12.698734 1.968974
0.694897 0.178744 -0.005056 -0.001581
0.178744 0.075553 -0.001582 -0.000831
-0.005056 -0.001582 0.696367 0.179293
-0.001581 -0.000831 0.179293 0.075841
13.770906 1.425815 12.903865 1.778600
0.654594 0.159642 -0.005465 -0.001573
0.159642 0.066377 -0.001574 -0.000707
-0.005465 -0.001574 0.656563 0.160256
-0.001573 -0.000707 0.160256 0.066633
14.284002 1.379248 13.500916 1.710380
0.622874 0.145429 -0.003824 -0.001074
0.145429 0.060018 -0.001075 -0.000493
-0.003824 -0.001075 0.624559 0.145915
-0.001074 -0.000493 0.145915 0.060207
15.299811 1.452869 14.004669 1.631036
0.595326 0.134214 -0.005376 -0.001355
0.134214 0.055442 -0.001356 -0.000491
-0.005376 -0.001356 0.597116 0.134679
-0.001355 -0.000491 0.134679 0.055601
15.450080 1.326486 14.666381 1.597360
0.572731 0.125651 -0.005762 -0.001339
0.125651 0.052208 -0.001339 -0.000429
-0.005762 -0.001339 0.574050 0.125972
-0.001339 -0.000429 0.125972 0.052315
16.152993 1.335009 16.127684 1.739799
0.552489 0.118752 -0.003264 -0.000704
0.118752 0.049845 -0.000705 -0.000246
-0.003264 -0.000705 0.553244 0.118927
-0.000704 -0.000246 0.118927 0.049909
16.270175 1.218418 16.729497 1.682983
0.539157 0.114216 -0.001620 -0.000322
0.114216 0.048340 -0.000323 -0.000140
-0.001620 -0.000323 0.539612 0.114317
-0.000322 -0.000140 0.114317 0.048381
16.828833 1.207831 18.012194 1.775506
0.526224 0.110351 -0.001171 -0.000228
0.110351 0.047199 -0.000228 -0.000107
-0.001171 -0.000228 0.526353 0.110380
-0.000228 -0.000107 0.110380 0.047221
17.182138 1.155604 18.760110 1.746358
0.515689 0.107463 -0.001174 -0.000232
0.107463 0.046419 -0.000232 -0.000097
-0.001174 -0.000232 0.515651 0.107460
-0.000232 -0.000097 0.107460 0.046431
18.088136 1.223777 19.954270 1.813038
0.504596 0.104802 -0.000368 -0.000063
0.104802 0.045786 -0.000064 -0.000053
-0.000368 -0.000064 0.504513 0.104794
-0.000063 -0.000053 0.104794 0.045796
18.561016 1.194926 21.189761 1.881325
0.499051 0.103580 -0.000324 -0.000065
0.103580 0.045521 -0.000065 -0.000048
-0.000324 -0.000065 0.498848 0.103550
-0.000065 -0.000048 0.103550 0.045525
19.525104 1.271057 22.348805 1.926677
0.491209 0.102003 0.000107 0.000018
0.102003 0.045208 0.000018 -0.000025
0.000107 0.000018 0.491061 0.101988
0.000018 -0.000025 0.101988 0.045213
20.513645 1.344485 23.830816 2.034595
0.488041 0.101538 -0.000658 -0.000153
0.101538 0.045148 -0.000153 -0.000057
-0.000658 -0.000153 0.487987 0.101544
-0.000153 -0.000057 0.101544 0.045157
20.892319 1.283276 24.992444 2.064696
0.484964 0.101111 -0.000626 -0.000138
0.101111 0.045092 -0.000138 -0.000048
-0.000626 -0.000138 0.484954 0.101125
-0.000138 -0.000048 0.101125 0.045100
21.299726 1.234332 26.286540 2.119397
0.481460 0.100604 -0.000565 -0.000118
0.100604 0.045014 -0.000118 -0.000039
-0.000565 -0.000118 0.481582 0.100643
-0.000118 -0.000039 0.100643 0.045026
22.345716 1.324156 27.664397 2.186049
0.482224 0.101005 0.001061 0.000229
0.101005 0.045122 0.000229 0.000038
0.001061 0.000229 0.482579 0.101088
0.000229 0.000038 0.101088 0.045141
22.884229 1.298260 28.102180 2.048584
0.479009 0.100496 0.002988 0.000607
0.100496 0.045019 0.000607 0.000114
0.002988 0.000607 0.479288 0.100555
0.000607 0.000114 0.100555 0.045032
23.161831 1.220213 28.868642 1.994457
0.478341 0.100540 0.002670 0.000482
0.100540 0.045035 0.000482 0.000080
0.002670 0.000482 0.478739 0.100618
0.000482 0.000080 0.100618 0.045050
23.820098 1.230307 30.042908 2.031706
0.475681 0.100127 0.002435 0.000395
0.100127 0.044945 0.000395 0.000059
0.002435 0.000395 0.476408 0.100267
0.000395 0.000059 0.100267 0.044973
24.053042 1.149754 30.971166 2.013357
0.475749 0.100298 0.003045 0.000500
0.100298 0.044980 0.000500 0.000082
0.003045 0.000500 0.476739 0.100482
0.000500 0.000082 0.100482 0.045015
24.510487 1.125002 31.887334 1.994304
0.476417 0.100549 0.002941 0.000449
0.100549 0.045022 0.000449 0.000071
0.002941 0.000449 0.477659 0.100773
0.000449 0.000071 0.100773 0.045064
25.154140 1.142036 33.145118 2.049283
0.475401 0.100396 0.003595 0.000569
0.100396 0.044972 0.000569 0.000098
0.003595 0.000569 0.477146 0.100710
0.000569 0.000098 0.100710 0.045031
25.637587 1.123421 34.413990 2.100891
0.475166 0.100405 0.003468 0.000517
0.100405 0.044958 0.000517 0.000088
0.003468 0.000517 0.477482 0.100817
0.000517 0.000088 0.100817 0.045036
25.828774 1.045233 35.180218 2.041052
0.474772 0.100363 0.001874 0.000165
0.100363 0.044933 0.000164 0.000016
0.001874 0.000164 0.477361 0.100805
0.000165 0.000016 0.100805 0.045014
26.106790 0.993494 36.237494 2.048921
0.472224 0.099855 0.001369 0.000081
0.099855 0.044811 0.000080 0.000007
0.001369 0.000080 0.475406 0.100397
0.000081 0.000007 0.100397 0.044911
27.038425 1.085490 37.331372 2.063420
0.474364 0.100375 0.000745 -0.000023
0.100375 0.044916 -0.000024 -0.000007
0.000745 -0.000024 0.477932 0.100967
-0.000023 -0.000007 0.100967 0.045023
28.144571 1.204878 37.812356 1.946935
0.475032 0.100520 0.000041 -0.000136
0.100520 0.044930 -0.000137 -0.000023
0.000041 -0.000137 0.478387 0.101035
-0.000136 -0.000023 0.101035 0.045019
29.100009 1.279496 39.095882 2.012321
0.474602 0.100413 -0.004717 -0.001098
0.100413 0.044890 -0.001101 -0.000219
-0.004717 -0.001101 0.478697 0.101066
-0.001098 -0.000219 0.101066 0.045010
29.614560 1.253003 39.970982 1.984654
0.475635 0.100622 -0.004124 -0.000845
0.100622 0.044921 -0.000847 -0.000144
-0.004124 -0.000847 0.480178 0.101341
-0.000845 -0.000144 0.101341 0.045054
30.333880 1.272583 40.751736 1.940050
0.475398 0.100539 -0.004600 -0.000857
0.100539 0.044889 -0.000859 -0.000137
-0.004600 -0.000859 0.480257 0.101296
-0.000857 -0.000137 0.101296 0.045030
31.311652 1.344918 42.058676 2.011213
0.474683 0.100365 -0.003336 -0.000516
0.100365 0.044843 -0.000516 -0.000059
-0.003336 -0.000516 0.480396 0.101275
-0.000516 -0.000059 0.101275 0.045015
32.383373 1.429260 42.908688 1.978608
0.473474 0.100103 -0.002616 -0.000334
0.100103 0.044783 -0.000334 -0.000026
-0.002616 -0.000334 0.479429 0.101029
-0.000334 -0.000026 0.101029 0.044957
32.863456 1.379562 43.685216 1.933665
0.472464 0.099907 -0.003665 -0.000549
0.099907 0.044742 -0.000550 -0.000080
-0.003665 -0.000550 0.478954 0.100914
-0.000549 -0.000080 0.100914 0.044933
33.928994 1.458995 44.551256 1.912623
0.472388 0.099922 -0.007318 -0.001297
0.099922 0.044748 -0.001300 -0.000242
-0.007318 -0.001300 0.479141 0.100951
-0.001297 -0.000242 0.100951 0.044944
34.583813 1.443436 45.852338 1.985213
0.471811 0.099826 -0.008699 -0.001501
0.099826 0.044729 -0.001504 -0.000276
-0.008699 -0.001504 0.479753 0.101077
-0.001501 -0.000276 0.101077 0.044972
35.225323 1.425808 46.120669 1.832555
0.472979 0.100105 -0.008271 -0.001317
0.100105 0.044790 -0.001319 -0.000229
-0.008271 -0.001319 0.480505 0.101222
-0.001317 -0.000229 0.101222 0.045002
35.451789 1.322866 47.055864 1.836040
0.470365 0.099553 -0.006887 -0.000968
0.099553 0.044669 -0.000967 -0.000155
-0.006887 -0.000967 0.479067 0.100896
-0.000968 -0.000155 0.100896 0.044932
35.460796 1.184938 48.197553 1.882462
0.471143 0.099766 -0.008199 -0.001227
0.099766 0.044719 -0.001226 -0.000218
-0.008199 -0.001226 0.481317 0.101378
-0.001227 -0.000218 0.101378 0.045037
