5.560306 3.186265 -0.687671 -1.167122
2.377469 0.951008 -0.078083 -0.031234
0.951008 80.384478 -0.031234 -0.012494
-0.078083 -0.031234 2.435076 0.974051
-0.031234 -0.012494 0.974051 80.393696
5.309081 -0.057343 -1.867187 -2.223458
2.222925 3.903936 -0.081861 -0.128244
3.903936 14.977046 -0.128127 -0.424750
-0.081861 -0.128127 2.300604 4.028825
-0.128244 -0.424750 4.028825 15.343585
6.470851 1.324321 0.158227 1.390788
2.009369 2.319343 -0.008858 -0.005429
2.319343 4.508540 -0.005260 -0.060358
-0.008858 -0.005260 2.058329 2.369489
-0.005429 -0.060358 2.369489 4.606116
7.055707 1.255819 2.743812 2.974212
1.713963 1.437115 -0.021473 -0.021464
1.437115 1.882666 -0.021400 -0.042231
-0.021473 -0.021400 1.741994 1.459178
-0.021464 -0.042231 1.459178 1.918448
7.561610 1.173893 5.113930 3.554840
1.477740 0.970821 -0.007484 -0.007955
0.970821 0.962031 -0.007916 -0.016596
-0.007484 -0.007916 1.493450 0.981615
-0.007955 -0.016596 0.981615 0.978199
7.852372 1.016919 5.422880 2.760813
1.295717 0.700112 -0.037012 -0.022757
0.700112 0.560235 -0.022718 -0.018530
-0.037012 -0.022718 1.312000 0.710056
-0.022757 -0.018530 0.710056 0.570912
7.528392 0.635471 5.930034 2.359765
1.150542 0.528596 -0.037625 -0.018604
0.528596 0.357167 -0.018576 -0.011853
-0.037625 -0.018576 1.162620 0.535222
-0.018604 -0.011853 0.535222 0.363440
9.340148 1.233469 7.867422 2.663178
1.021197 0.408992 -0.032033 -0.013306
0.408992 0.242241 -0.013292 -0.007221
-0.032033 -0.013292 1.031843 0.414204
-0.013306 -0.007221 0.414204 0.246412
10.725147 1.507255 8.862810 2.543051
0.919821 0.327770 -0.033677 -0.012078
0.327770 0.174693 -0.012066 -0.005483
-0.033677 -0.012066 0.930422 0.332334
-0.012078 -0.005483 0.332334 0.177715
11.939025 1.655427 9.477605 2.331020
0.850921 0.274292 -0.023217 -0.007235
0.274292 0.133897 -0.007232 -0.003080
-0.023217 -0.007232 0.861822 0.278428
-0.007235 -0.003080 0.278428 0.136190
12.896954 1.693725 10.178038 2.193382
0.780899 0.230741 -0.015633 -0.004313
0.230741 0.105878 -0.004314 -0.001805
-0.015633 -0.004314 0.790952 0.234162
-0.004313 -0.001805 0.234162 0.107556
13.137007 1.527113 10.934159 2.099568
0.723658 0.198544 -0.010756 -0.002684
0.198544 0.087177 -0.002687 -0.001142
-0.010756 -0.002687 0.731643 0.201047
-0.002684 -0.001142 0.201047 0.088336
12.943077 1.280314 11.834357 2.060680
0.690052 0.177832 -0.010997 -0.002628
0.177832 0.075284 -0.002631 -0.001000
-0.010997 -0.002631 0.695463 0.179448
-0.002628 -0.001000 0.179448 0.076044
14.553587 1.517235 12.380901 1.942650
0.652224 0.159338 -0.010724 -0.002427
0.159338 0.066265 -0.002429 -0.000846
-0.010724 -0.002429 0.658653 0.161080
-0.002427 -0.000846 0.161080 0.066947
14.918854 1.425370 13.674755 2.017982
0.626564 0.146494 -0.014937 -0.003286
0.146494 0.060223 -0.003287 -0.000963
-0.014937 -0.003287 0.631008 0.147633
-0.003286 -0.000963 0.147633 0.060677
16.181000 1.549558 15.183603 2.131061
0.600843 0.135524 -0.010865 -0.002148
0.135524 0.055675 -0.002149 -0.000619
-0.010865 -0.002149 0.604380 0.136383
-0.002148 -0.000619 0.136383 0.056010
17.176637 1.597877 16.052058 2.087961
0.573149 0.125680 -0.006870 -0.001178
0.125680 0.052138 -0.001179 -0.000361
-0.006870 -0.001179 0.576277 0.126400
-0.001178 -0.000361 0.126400 0.052404
17.929421 1.587853 16.894312 2.044599
0.552434 0.118666 -0.001812 -0.000087
0.118666 0.049764 -0.000088 -0.000107
-0.001812 -0.000088 0.555060 0.119240
-0.000087 -0.000107 0.119240 0.049969
18.116817 1.459327 17.609322 1.979312
0.533946 0.113040 -0.000230 0.000160
0.113040 0.048041 0.000159 -0.000056
-0.000230 0.000159 0.535910 0.113447
0.000160 -0.000056 0.113447 0.048189
18.135649 1.310246 18.660821 1.992119
0.522282 0.109547 -0.002225 -0.000348
0.109547 0.047008 -0.000349 -0.000163
-0.002225 -0.000349 0.523431 0.109769
-0.000348 -0.000163 0.109769 0.047103
19.035589 1.361292 19.605459 1.981441
0.512727 0.106926 -0.000665 -0.000046
0.106926 0.046299 -0.000047 -0.000088
-0.000665 -0.000047 0.513675 0.107106
-0.000046 -0.000088 0.107106 0.046377
19.421307 1.300003 20.903948 2.045391
0.506719 0.105352 -0.000184 0.000012
0.105352 0.045899 0.000011 -0.000069
-0.000184 0.000011 0.507220 0.105441
0.000012 -0.000069 0.105441 0.045950
19.657374 1.214057 21.852608 2.030010
0.499193 0.103646 -0.000850 -0.000163
0.103646 0.045520 -0.000164 -0.000099
-0.000850 -0.000164 0.499380 0.103676
-0.000163 -0.000099 0.103676 0.045554
20.287010 1.218753 22.997435 2.056973
0.489907 0.101751 0.001878 0.000392
0.101751 0.045140 0.000392 0.000027
0.001878 0.000392 0.489995 0.101769
0.000392 0.000027 0.101769 0.045168
20.728711 1.183838 24.187072 2.090533
0.485205 0.100980 0.002233 0.000410
0.100980 0.045022 0.000409 0.000030
0.002233 0.000409 0.485273 0.101002
0.000410 0.000030 0.101002 0.045048
20.772349 1.069386 25.484183 2.143203
0.485545 0.101308 0.001049 0.000115
0.101308 0.045133 0.000115 -0.000029
0.001049 0.000115 0.485681 0.101348
0.000115 -0.000029 0.101348 0.045159
20.736030 0.950044 26.447772 2.120756
0.484646 0.101312 0.002314 0.000369
0.101312 0.045155 0.000369 0.000032
0.002314 0.000369 0.484800 0.101357
0.000369 0.000032 0.101357 0.045179
21.496131 1.009673 27.715633 2.164119
0.481369 0.100790 0.001192 0.000106
0.100790 0.045057 0.000106 -0.000019
0.001192 0.000106 0.481968 0.100926
0.000106 -0.000019 0.100926 0.045097
22.242043 1.060387 28.307993 2.061325
0.476145 0.099881 -0.001727 -0.000502
0.099881 0.044878 -0.000503 -0.000137
-0.001727 -0.000503 0.476778 0.100013
-0.000502 -0.000137 0.100013 0.044913
22.826718 1.071848 29.309077 2.055097
0.475300 0.099943 -0.002386 -0.000578
0.099943 0.044910 -0.000579 -0.000135
-0.002386 -0.000579 0.476336 0.100151
-0.000578 -0.000135 0.100151 0.044958
23.394236 1.078501 30.469511 2.083086
0.475384 0.100156 -0.001605 -0.000350
0.100156 0.044961 -0.000350 -0.000072
-0.001605 -0.000350 0.477038 0.100478
-0.000350 -0.000072 0.100478 0.045029
23.604647 1.009106 31.181872 2.013654
0.474346 0.100077 0.001595 0.000361
0.100077 0.044937 0.000361 0.000084
0.001595 0.000361 0.476295 0.100436
0.000361 0.000084 0.100436 0.045009
23.923593 0.969897 32.309820 2.039223
0.472896 0.099889 0.001547 0.000315
0.099889 0.044888 0.000315 0.000066
0.001547 0.000315 0.475706 0.100405
0.000315 0.000066 0.100405 0.044988
25.480174 1.196481 33.632365 2.103119
0.471238 0.099649 -0.002725 -0.000615
0.099649 0.044827 -0.000616 -0.000135
-0.002725 -0.000616 0.474976 0.100324
-0.000615 -0.000135 0.100324 0.044956
25.725580 1.121764 34.193750 1.999503
0.471748 0.099865 -0.002493 -0.000502
0.099865 0.044863 -0.000503 -0.000098
-0.002493 -0.000503 0.475667 0.100531
-0.000502 -0.000098 0.100531 0.044985
26.357559 1.136756 34.739190 1.903472
0.473354 0.100269 -0.002666 -0.000493
0.100269 0.044932 -0.000494 -0.000090
-0.002666 -0.000494 0.477315 0.100904
-0.000493 -0.000090 0.100904 0.045045
26.632035 1.074561 35.978332 1.964149
0.474089 0.100432 -0.000603 -0.000018
0.100432 0.044943 -0.000017 0.000015
-0.000603 -0.000017 0.479508 0.101346
-0.000018 0.000015 0.101346 0.045114
27.600210 1.165901 37.329398 2.042172
0.474680 0.100539 0.002267 0.000576
0.100539 0.044941 0.000578 0.000135
0.002267 0.000578 0.481407 0.101679
0.000576 0.000135 0.101679 0.045156
28.944645 1.327154 38.701699 2.116328
0.471646 0.099863 -0.001323 -0.000250
0.099863 0.044776 -0.000251 -0.000056
-0.001323 -0.000251 0.479673 0.101216
-0.000250 -0.000056 0.101216 0.045030
29.383492 1.279495 39.116933 1.980702
0.471603 0.099882 -0.002316 -0.000443
0.099882 0.044773 -0.000444 -0.000093
-0.002316 -0.000444 0.479514 0.101137
-0.000443 -0.000093 0.101137 0.045001
30.036674 1.282293 39.816953 1.919489
0.471330 0.099843 -0.003497 -0.000659
0.099843 0.044758 -0.000661 -0.000133
-0.003497 -0.000661 0.479692 0.101141
-0.000659 -0.000133 0.101141 0.044994
30.181263 1.177047 40.626734 1.887745
0.468339 0.099226 -0.004313 -0.000782
0.099226 0.044621 -0.000784 -0.000152
-0.004313 -0.000784 0.478101 0.100775
-0.000782 -0.000152 0.100775 0.044912
30.656106 1.152915 41.496242 1.872025
0.468299 0.099286 -0.005114 -0.000897
0.099286 0.044639 -0.000899 -0.000169
-0.005114 -0.000899 0.479107 0.100994
-0.000897 -0.000169 0.100994 0.044961
31.318802 1.171226 42.465746 1.879128
0.468630 0.099408 -0.007144 -0.001267
0.099408 0.044664 -0.001271 -0.000241
-0.007144 -0.001271 0.480550 0.101284
-0.001267 -0.000241 0.101284 0.045020
31.876099 1.165059 43.173921 1.830356
0.471414 0.100029 -0.008566 -0.001482
0.100029 0.044792 -0.001487 -0.000277
-0.008566 -0.001487 0.483757 0.101920
-0.001482 -0.000277 0.101920 0.045148
32.642650 1.203752 43.695334 1.747626
0.470941 0.099893 -0.007630 -0.001194
0.099893 0.044748 -0.001197 -0.000208
-0.007630 -0.001197 0.483328 0.101737
-0.001194 -0.000208 0.101737 0.045094
33.237509 1.202700 45.015767 1.841577
0.471504 0.099991 -0.008160 -0.001256
0.099991 0.044758 -0.001256 -0.000221
-0.008160 -0.001256 0.486185 0.102274
-0.001256 -0.000221 0.102274 0.045201
34.211500 1.281358 45.609288 1.773197
0.473141 0.100303 -0.011769 -0.001967
0.100303 0.044814 -0.001974 -0.000374
-0.011769 -0.001974 0.487584 0.102459
-0.001967 -0.000374 0.102459 0.045227
34.542181 1.215951 46.717104 1.819244
0.471896 0.099982 -0.011791 -0.001870
0.099982 0.044733 -0.001873 -0.000344
-0.011791 -0.001873 0.488676 0.102582
-0.001870 -0.000344 0.102582 0.045243
35.243040 1.235801 47.746051 1.844406
0.473901 0.100385 -0.012270 -0.001890
0.100385 0.044815 -0.001892 -0.000346
-0.012270 -0.001892 0.491913 0.103159
-0.001890 -0.000346 0.103159 0.045357
