6.006309 3.364670 0.461475 -0.707453
2.468256 0.987324 -0.005697 -0.002279
0.987324 80.399005 -0.002279 -0.000912
-0.005697 -0.002279 2.502003 1.000823
-0.002279 -0.000912 1.000823 80.404405
4.832479 -1.628988 1.024408 0.891283
2.276125 3.979839 -0.095991 -0.166445
3.979839 15.343971 -0.166715 -0.305461
-0.095991 -0.166715 2.296051 4.007991
-0.166445 -0.305461 4.007991 15.478646
4.164872 -1.465360 0.620753 -0.088592
1.997603 2.306140 -0.120091 -0.124395
2.306140 4.555770 -0.124423 -0.147165
-0.120091 -0.124423 2.016500 2.328175
-0.124395 -0.147165 2.328175 4.604599
5.298555 0.125690 3.128861 2.076710
1.700540 1.432715 -0.062756 -0.040670
1.432715 1.905010 -0.040735 -0.037262
-0.062756 -0.040735 1.710337 1.441492
-0.040670 -0.037262 1.441492 1.921124
7.526879 1.564780 5.896992 3.230563
1.493747 0.987581 -0.026014 -0.010873
0.987581 0.985244 -0.010920 -0.011142
-0.026014 -0.010920 1.500970 0.993139
-0.010873 -0.011142 0.993139 0.993169
7.602501 1.178670 6.275374 2.556830
1.305766 0.709071 -0.028320 -0.012937
0.709071 0.570792 -0.012956 -0.010675
-0.028320 -0.012956 1.311612 0.712964
-0.012937 -0.010675 0.712964 0.575235
8.683759 1.405491 7.367179 2.471087
1.144207 0.527969 -0.009974 -0.003536
0.527969 0.359970 -0.003553 -0.004304
-0.009974 -0.003553 1.149417 0.530961
-0.003536 -0.004304 0.530961 0.362731
8.324420 0.978022 7.322675 1.955349
1.033243 0.415741 -0.015814 -0.006258
0.415741 0.246890 -0.006265 -0.004561
-0.015814 -0.006265 1.037410 0.417883
-0.006258 -0.004561 0.417883 0.248621
9.241776 1.131299 7.769113 1.765087
0.941658 0.336773 -0.013652 -0.005029
0.336773 0.179052 -0.005034 -0.003273
-0.013652 -0.005034 0.946251 0.338787
-0.005029 -0.003273 0.338787 0.180348
10.476088 1.347543 7.731738 1.467466
0.864698 0.279312 -0.010078 -0.003494
0.279312 0.136169 -0.003498 -0.002207
-0.010078 -0.003498 0.870662 0.281515
-0.003494 -0.002207 0.281515 0.137269
11.615269 1.485021 9.053853 1.641497
0.798194 0.236143 -0.009138 -0.002987
0.236143 0.107885 -0.002990 -0.001690
-0.009138 -0.002990 0.802932 0.237718
-0.002987 -0.001690 0.237718 0.108612
11.764472 1.322097 10.212519 1.734485
0.745906 0.204676 -0.009563 -0.002897
0.204676 0.089106 -0.002898 -0.001402
-0.009563 -0.002898 0.748932 0.205615
-0.002897 -0.001402 0.205615 0.089546
12.701995 1.393113 11.517567 1.847120
0.701079 0.180425 -0.001481 -0.000597
0.180425 0.076076 -0.000599 -0.000608
-0.001481 -0.000599 0.703360 0.181092
-0.000597 -0.000608 0.181092 0.076381
12.599769 1.198474 12.037466 1.748959
0.662574 0.161583 -0.003504 -0.001117
0.161583 0.066900 -0.001118 -0.000637
-0.003504 -0.001118 0.664141 0.162026
-0.001117 -0.000637 0.162026 0.067108
13.836158 1.346822 13.712276 1.935502
0.628861 0.146719 -0.001568 -0.000605
0.146719 0.060336 -0.000606 -0.000424
-0.001568 -0.000606 0.629924 0.147016
-0.000605 -0.000424 0.147016 0.060482
14.196850 1.276277 15.008752 2.009667
0.601251 0.135391 -0.002851 -0.000873
0.135391 0.055711 -0.000873 -0.000420
-0.002851 -0.000873 0.601629 0.135518
-0.000873 -0.000420 0.135518 0.055799
14.918031 1.294621 15.540788 1.906044
0.577535 0.126503 0.000106 -0.000165
0.126503 0.052388 -0.000165 -0.000207
0.000106 -0.000165 0.577983 0.126644
-0.000165 -0.000207 0.126644 0.052467
15.625345 1.307639 16.068307 1.814705
0.554826 0.119034 0.000819 -0.000013
0.119034 0.049898 -0.000013 -0.000140
0.000819 -0.000013 0.555304 0.119176
-0.000013 -0.000140 0.119176 0.049966
16.118737 1.273433 17.755394 1.979706
0.540769 0.114362 -0.000160 -0.000228
0.114362 0.048369 -0.000228 -0.000160
-0.000160 -0.000228 0.540721 0.114383
-0.000228 -0.000160 0.114383 0.048403
16.734927 1.269164 18.655154 1.960843
0.526007 0.110140 -0.000501 -0.000277
0.110140 0.047160 -0.000277 -0.000143
-0.000501 -0.000277 0.525869 0.110144
-0.000277 -0.000143 0.110144 0.047184
16.669106 1.123326 19.754954 1.985896
0.515015 0.107212 -0.001293 -0.000411
0.107212 0.046381 -0.000411 -0.000149
-0.001293 -0.000411 0.514538 0.107147
-0.000411 -0.000149 0.107147 0.046387
17.519612 1.183349 20.412775 1.916248
0.505616 0.104954 -0.001403 -0.000391
0.104954 0.045839 -0.000390 -0.000124
-0.001403 -0.000390 0.505244 0.104917
-0.000391 -0.000124 0.104917 0.045848
18.042395 1.169066 21.301089 1.901769
0.497856 0.103278 -0.001645 -0.000400
0.103278 0.045478 -0.000400 -0.000110
-0.001645 -0.000400 0.497461 0.103237
-0.000400 -0.000110 0.103237 0.045483
18.780860 1.201010 22.700407 1.994913
0.490538 0.101855 -0.002716 -0.000584
0.101855 0.045201 -0.000584 -0.000136
-0.002716 -0.000584 0.490190 0.101825
-0.000584 -0.000136 0.101825 0.045206
19.236644 1.170875 23.399767 1.932849
0.487298 0.101399 -0.005935 -0.001202
0.101399 0.045143 -0.001201 -0.000252
-0.005935 -0.001201 0.486948 0.101367
-0.001202 -0.000252 0.101367 0.045145
20.193925 1.248521 24.683775 1.999220
0.482688 0.100671 -0.003610 -0.000613
0.100671 0.045023 -0.000613 -0.000110
-0.003610 -0.000613 0.482520 0.100675
-0.000613 -0.000110 0.100675 0.045030
21.042469 1.295415 25.659771 1.994363
0.478496 0.100063 -0.001852 -0.000209
0.100063 0.044927 -0.000209 -0.000023
-0.001852 -0.000209 0.478458 0.100088
-0.000209 -0.000023 0.100088 0.044936
21.763397 1.311034 27.388558 2.147861
0.477633 0.100168 -0.002368 -0.000325
0.100168 0.044976 -0.000324 -0.000053
-0.002368 -0.000324 0.477924 0.100255
-0.000325 -0.000053 0.100255 0.044996
22.307894 1.287622 28.258870 2.105013
0.476979 0.100263 0.000053 0.000187
0.100263 0.045006 0.000187 0.000051
0.000053 0.000187 0.477366 0.100357
0.000187 0.000051 0.100357 0.045025
22.812294 1.258214 29.124374 2.065595
0.475648 0.100164 0.000239 0.000179
0.100164 0.044984 0.000179 0.000038
0.000239 0.000179 0.476176 0.100277
0.000179 0.000038 0.100277 0.045004
23.374634 1.244126 30.127895 2.059408
0.476599 0.100521 -0.000425 -0.000002
0.100521 0.045051 -0.000002 -0.000009
-0.000425 -0.000002 0.477351 0.100668
-0.000002 -0.000009 0.100668 0.045077
23.979393 1.240504 31.372758 2.104815
0.475093 0.100293 -0.000283 0.000008
0.100293 0.044984 0.000008 -0.000009
-0.000283 0.000008 0.476258 0.100514
0.000008 -0.000009 0.100514 0.045024
24.522169 1.224137 32.449362 2.109917
0.475244 0.100412 -0.001341 -0.000233
0.100412 0.044993 -0.000233 -0.000062
-0.001341 -0.000233 0.476749 0.100687
-0.000233 -0.000062 0.100687 0.045042
25.516722 1.305006 33.607547 2.131772
0.476788 0.100792 -0.001444 -0.000247
0.100792 0.045053 -0.000247 -0.000061
-0.001444 -0.000247 0.478635 0.101118
-0.000247 -0.000061 0.101118 0.045111
26.313394 1.335432 34.311873 2.055425
0.475792 0.100582 -0.000978 -0.000139
0.100582 0.044982 -0.000139 -0.000035
-0.000978 -0.000139 0.477740 0.100907
-0.000139 -0.000035 0.100907 0.045039
26.857966 1.309434 35.605118 2.111488
0.474888 0.100401 -0.001160 -0.000180
0.100401 0.044925 -0.000180 -0.000043
-0.001160 -0.000180 0.477520 0.100852
-0.000180 -0.000043 0.100852 0.045007
27.003465 1.201725 36.451427 2.067187
0.475947 0.100643 -0.002799 -0.000523
0.100643 0.044962 -0.000523 -0.000115
-0.002799 -0.000523 0.478980 0.101151
-0.000523 -0.000115 0.101151 0.045054
27.247999 1.126356 37.350946 2.038807
0.476885 0.100829 -0.001674 -0.000250
0.100829 0.044984 -0.000250 -0.000050
-0.001674 -0.000250 0.480369 0.101404
-0.000250 -0.000050 0.101404 0.045088
28.118036 1.191145 38.066661 1.974810
0.476784 0.100773 -0.001907 -0.000294
0.100773 0.044954 -0.000294 -0.000059
-0.001907 -0.000294 0.480391 0.101344
-0.000294 -0.000059 0.101344 0.045056
29.008454 1.253347 38.646566 1.888959
0.477880 0.100975 -0.002476 -0.000406
0.100975 0.044983 -0.000406 -0.000082
-0.002476 -0.000406 0.481465 0.101517
-0.000406 -0.000082 0.101517 0.045079
30.395696 1.414013 39.711697 1.914594
0.476100 0.100552 -0.003529 -0.000611
0.100552 0.044879 -0.000612 -0.000124
-0.003529 -0.000612 0.480097 0.101164
-0.000611 -0.000124 0.101164 0.044991
31.446850 1.486696 40.672791 1.915515
0.474262 0.100160 -0.003762 -0.000627
0.100160 0.044793 -0.000627 -0.000122
-0.003762 -0.000627 0.478697 0.100845
-0.000627 -0.000122 0.100845 0.044922
31.899642 1.425104 41.128609 1.809640
0.475845 0.100527 -0.004179 -0.000683
0.100527 0.044875 -0.000683 -0.000131
-0.004179 -0.000683 0.480359 0.101205
-0.000683 -0.000131 0.101205 0.045002
32.444921 1.389624 41.735084 1.746716
0.473901 0.100110 -0.004517 -0.000724
0.100110 0.044783 -0.000724 -0.000137
-0.004517 -0.000724 0.478780 0.100848
-0.000724 -0.000137 0.100848 0.044924
33.591318 1.485219 42.914050 1.811344
0.473880 0.100138 -0.004747 -0.000742
0.100138 0.044793 -0.000742 -0.000140
-0.004747 -0.000742 0.479396 0.100991
-0.000742 -0.000140 0.100991 0.044959
34.402268 1.499570 43.662026 1.778164
0.473050 0.099987 -0.005998 -0.000979
0.099987 0.044763 -0.000980 -0.000189
-0.005998 -0.000980 0.478885 0.100881
-0.000979 -0.000189 0.100881 0.044936
34.986862 1.464583 44.468859 1.760720
0.474611 0.100353 -0.005246 -0.000776
0.100353 0.044844 -0.000775 -0.000142
-0.005246 -0.000775 0.480928 0.101322
-0.000776 -0.000142 0.101322 0.045032
35.582055 1.435679 45.464608 1.784923
0.477287 0.100915 -0.004371 -0.000572
0.100915 0.044957 -0.000570 -0.000101
-0.004371 -0.000570 0.484293 0.101999
-0.000572 -0.000101 0.101999 0.045169
36.000727 1.372477 46.380393 1.789617
0.475153 0.100405 -0.003845 -0.000468
0.100405 0.044836 -0.000466 -0.000086
-0.003845 -0.000466 0.483061 0.101647
-0.000468 -0.000086 0.101647 0.045080
36.453286 1.323149 47.348152 1.804801
0.472529 0.099845 -0.004606 -0.000647
0.099845 0.044716 -0.000645 -0.000131
-0.004606 -0.000645 0.481391 0.101248
-0.000647 -0.000131 0.101248 0.044992
