-1.094007 0.524482 6.395576 1.666239
41.921221 16.768852 -56.811992 -22.725289
16.768852 86.711753 -22.725289 -9.090313
-56.811992 -22.725289 81.117104 32.447545
-22.725289 -9.090313 32.447545 92.983366
0.970293 0.799321 3.701035 -0.564093
55.952121 24.979901 -83.584587 -44.444148
24.979901 33.001828 -34.753259 -38.522602
-83.584587 -34.753259 128.907265 70.259243
-44.444148 -38.522602 70.259243 73.802631
-1.964417 -0.233591 9.707877 2.637934
54.014267 32.365420 -61.941894 -27.117834
32.365420 30.399714 -36.265498 -29.424196
-61.941894 -36.265498 73.204730 32.444004
-27.117834 -29.424196 32.444004 35.132478
2.313454 1.998595 6.645631 0.974132
9.251260 4.568431 -14.867270 -8.336375
4.568431 8.584042 -7.273571 -12.428003
-14.867270 -7.273571 26.838256 15.919792
-8.336375 -12.428003 15.919792 21.856890
0.566579 0.744999 13.742595 4.583411
12.631156 7.436282 -16.972632 -9.770800
7.436282 7.974915 -9.762694 -10.405076
-16.972632 -9.762694 24.651797 14.067718
-9.770800 -10.405076 14.067718 14.930367
-0.095391 0.219238 17.559056 5.355868
4.053847 2.004610 -6.808819 -3.420801
2.004610 3.051778 -3.179034 -4.362012
-6.808819 -3.179034 14.247028 7.073133
-3.420801 -4.362012 7.073133 7.521151
0.634955 0.562308 19.456669 4.927383
1.436603 0.700950 -2.829013 -1.339811
0.700950 1.568624 -0.961379 -2.122069
-2.829013 -0.961379 10.177374 4.205897
-1.339811 -2.122069 4.205897 4.151516
3.369815 2.007909 17.593371 2.611783
0.711378 0.406934 -1.397723 -0.710210
0.406934 0.932554 -0.177887 -1.119335
-1.397723 -0.177887 10.060719 3.380342
-0.710210 -1.119335 3.380342 2.582418
5.080854 2.561521 19.420288 2.353822
0.948483 0.560359 -2.389579 -1.115423
0.560359 0.692445 -0.955159 -1.001294
-2.389579 -0.955159 13.757545 4.737662
-1.115423 -1.001294 4.737662 2.518875
5.195938 1.881731 22.075307 3.235953
1.120134 0.577084 -3.022593 -1.204013
0.577084 0.502591 -1.077894 -0.760226
-3.022593 -1.077894 18.241704 5.492008
-1.204013 -0.760226 5.492008 2.215643
4.969272 1.371710 27.045047 4.364756
0.741136 0.356734 -1.251581 -0.538812
0.356734 0.300823 -0.105458 -0.304040
-1.251581 -0.105458 15.315564 3.588330
-0.538812 -0.304040 3.588330 1.207599
6.090465 1.513332 26.880292 3.777396
0.679103 0.343395 0.861858 -0.053170
0.343395 0.250683 0.578087 -0.091732
0.861858 0.578087 6.348540 0.935174
-0.053170 -0.091732 0.935174 0.386563
7.433780 1.743920 26.719188 3.204376
0.920327 0.404098 1.573404 0.041680
0.404098 0.229405 0.719485 -0.035811
1.573404 0.719485 5.927402 0.707129
0.041680 -0.035811 0.707129 0.267687
9.321690 2.148740 26.792060 2.618260
1.191693 0.444536 2.180345 0.123181
0.444536 0.204463 0.795843 0.003795
2.180345 0.795843 6.282021 0.693080
0.123181 0.003795 0.693080 0.215439
11.069859 2.416412 26.783989 2.171907
1.554909 0.497842 2.774300 0.186672
0.497842 0.190428 0.852277 0.027919
2.774300 0.852277 6.695448 0.698348
0.186672 0.027919 0.698348 0.183133
13.322766 2.764491 27.758362 1.901501
1.944421 0.541672 3.335465 0.244905
0.541672 0.177454 0.886453 0.044625
3.335465 0.886453 7.147608 0.721221
0.244905 0.044625 0.721221 0.162902
14.472343 2.759683 26.883458 1.569249
2.401795 0.609787 3.427792 0.193777
0.609787 0.178486 0.834000 0.033718
3.427792 0.834000 5.890547 0.486118
0.193777 0.033718 0.486118 0.117274
16.327502 2.909752 27.292178 1.393722
2.944761 0.673082 3.843338 0.210876
0.673082 0.176105 0.843357 0.037659
3.843338 0.843357 5.860527 0.452847
0.210876 0.037659 0.452847 0.102629
17.848907 2.914351 28.274096 1.440937
3.213960 0.683900 3.513925 0.132511
0.683900 0.167297 0.712119 0.020963
3.513925 0.712119 4.633000 0.310585
0.132511 0.020963 0.310585 0.085072
16.290401 2.374488 24.909355 1.110643
2.042882 0.435542 1.231007 -0.093820
0.435542 0.113705 0.247683 -0.020388
1.231007 0.247683 1.066705 0.010626
-0.093820 -0.020388 0.010626 0.059392
17.060942 2.291118 25.277142 1.134601
1.739902 0.337461 1.015535 -0.046541
0.337461 0.086913 0.179096 -0.008671
1.015535 0.179096 0.983225 0.062675
-0.046541 -0.008671 0.062675 0.059992
19.105103 2.473819 25.861664 1.007274
1.492123 0.263099 0.965142 0.010781
0.263099 0.068543 0.152973 0.003572
0.965142 0.152973 1.024394 0.101907
0.010781 0.003572 0.101907 0.057870
20.023275 2.449326 25.476787 0.837737
1.722201 0.292387 0.963227 -0.000882
0.292387 0.072551 0.149672 0.003193
0.963227 0.149672 0.871075 0.078914
-0.000882 0.003193 0.078914 0.051968
20.803258 2.395275 25.213581 0.726441
1.892203 0.311033 0.866179 -0.023827
0.311033 0.074944 0.130166 0.000387
0.866179 0.130166 0.703388 0.064061
-0.023827 0.000387 0.064061 0.049740
21.277583 2.290127 25.035359 0.673595
1.858377 0.298124 0.611102 -0.059191
0.298124 0.072602 0.087130 -0.004530
0.611102 0.087130 0.505022 0.056539
-0.059191 -0.004530 0.056539 0.050386
21.401175 2.149309 24.496688 0.554322
1.728709 0.272150 0.310300 -0.096047
0.272150 0.068528 0.041414 -0.009152
0.310300 0.041414 0.313151 0.048238
-0.096047 -0.009152 0.048238 0.050051
22.521820 2.153924 24.915282 0.587675
1.963712 0.299653 0.254687 -0.102754
0.299653 0.072351 0.033227 -0.009411
0.254687 0.033227 0.350753 0.070544
-0.102754 -0.009411 0.070544 0.054188
23.952478 2.204744 25.406466 0.614098
1.988797 0.294505 0.107272 -0.115341
0.294505 0.071166 0.012544 -0.010544
0.107272 0.012544 0.388610 0.094569
-0.115341 -0.010544 0.094569 0.058619
25.614133 2.285101 25.928593 0.636813
1.720961 0.247862 -0.091303 -0.123933
0.247862 0.064163 -0.013509 -0.011021
-0.091303 -0.013509 0.459498 0.123590
-0.123933 -0.011021 0.123590 0.063417
26.850150 2.298511 26.264125 0.636892
1.319156 0.185579 -0.291846 -0.131754
0.185579 0.055439 -0.037562 -0.011357
-0.291846 -0.037562 0.571948 0.155502
-0.131754 -0.011357 0.155502 0.068260
28.172411 2.324052 26.608923 0.637988
1.118682 0.155588 -0.431383 -0.137816
0.155588 0.051754 -0.050966 -0.011428
-0.431383 -0.050966 0.734358 0.189916
-0.137816 -0.011428 0.189916 0.073039
29.603066 2.365711 26.957797 0.640629
1.019523 0.141368 -0.549339 -0.144047
0.141368 0.050376 -0.059924 -0.011519
-0.549339 -0.059924 0.939357 0.227182
-0.144047 -0.011519 0.227182 0.077930
31.051754 2.409947 27.314089 0.647907
0.954007 0.132120 -0.657250 -0.149849
0.132120 0.049580 -0.066308 -0.011556
-0.657250 -0.066308 1.182536 0.266532
-0.149849 -0.011556 0.266532 0.082737
32.293354 2.416251 27.637502 0.648102
0.900076 0.123849 -0.767198 -0.157095
0.123849 0.048653 -0.072086 -0.011846
-0.767198 -0.072086 1.465907 0.308244
-0.157095 -0.011846 0.308244 0.087530
33.624343 2.440475 27.993528 0.656919
0.882903 0.121173 -0.882046 -0.165265
0.121173 0.048446 -0.077721 -0.012303
-0.882046 -0.077721 1.792009 0.352395
-0.165265 -0.012303 0.352395 0.092311
34.837838 2.434338 28.230052 0.638684
0.879491 0.119480 -1.011917 -0.176009
0.119480 0.048046 -0.085258 -0.013279
-1.011917 -0.085258 2.161283 0.398364
-0.176009 -0.013279 0.398364 0.096910
35.685355 2.365229 28.679155 0.651245
0.867867 0.115568 -1.137419 -0.185633
0.115568 0.047085 -0.090663 -0.013976
-1.137419 -0.090663 2.575162 0.446626
-0.185633 -0.013976 0.446626 0.101544
36.351722 2.252048 28.981619 0.628357
0.887296 0.115928 -1.295520 -0.199498
0.115928 0.046527 -0.102168 -0.015671
-1.295520 -0.102168 3.031424 0.495159
-0.199498 -0.015671 0.495159 0.105671
37.893700 2.359219 29.513288 0.682040
0.961267 0.127097 -1.469181 -0.212711
0.127097 0.048185 -0.115414 -0.017126
-1.469181 -0.115414 3.534730 0.545301
-0.212711 -0.017126 0.545301 0.109783
38.752942 2.288298 29.898836 0.676079
1.016630 0.131300 -1.666491 -0.229463
0.131300 0.047812 -0.132315 -0.019355
-1.666491 -0.132315 4.080600 0.595803
-0.229463 -0.019355 0.595803 0.113527
39.921341 2.298862 30.316522 0.689498
1.100415 0.140426 -1.885692 -0.246882
0.140426 0.048437 -0.152315 -0.021640
-1.885692 -0.152315 4.664387 0.646050
-0.246882 -0.021640 0.646050 0.116991
40.738510 2.207931 30.449679 0.643754
1.185745 0.147500 -2.131934 -0.266740
0.147500 0.048328 -0.176063 -0.024353
-2.131934 -0.176063 5.287035 0.696126
-0.266740 -0.024353 0.696126 0.120164
41.964486 2.241576 30.851112 0.660439
1.286341 0.157260 -2.386293 -0.285343
0.157260 0.049090 -0.197163 -0.026310
-2.386293 -0.197163 5.971370 0.750247
-0.285343 -0.026310 0.750247 0.123853
42.955324 2.193832 30.899319 0.615954
1.389504 0.165214 -2.668822 -0.306198
0.165214 0.049204 -0.221563 -0.028639
-2.668822 -0.221563 6.702441 0.804949
-0.306198 -0.028639 0.804949 0.127350
43.801746 2.146511 31.399486 0.630347
1.478928 0.169851 -2.946304 -0.325294
0.169851 0.049010 -0.239227 -0.030023
-2.946304 -0.239227 7.509395 0.865576
-0.325294 -0.030023 0.865576 0.131568
45.163490 2.240187 32.144542 0.698352
1.605050 0.180994 -3.258633 -0.345722
0.180994 0.050105 -0.262059 -0.031679
-3.258633 -0.262059 8.366455 0.926240
-0.345722 -0.031679 0.926240 0.135509
46.388471 2.266975 32.532265 0.707843
1.750009 0.193438 -3.611093 -0.368800
0.193438 0.050972 -0.292961 -0.034169
-3.611093 -0.292961 9.233489 0.981832
-0.368800 -0.034169 0.981832 0.138522
47.051765 2.142006 32.617228 0.654198
1.889333 0.202271 -3.989379 -0.393605
0.202271 0.050968 -0.324443 -0.036710
-3.989379 -0.324443 10.159361 1.039646
-0.393605 -0.036710 1.039646 0.141646
48.013795 2.106865 32.777535 0.629637
2.039857 0.212498 -4.382381 -0.417872
0.212498 0.051559 -0.352648 -0.038628
-4.382381 -0.352648 11.165660 1.102478
-0.417872 -0.038628 1.102478 0.145291
49.485126 2.219513 33.359153 0.679935
2.197395 0.223362 -4.783398 -0.441127
0.223362 0.052585 -0.375859 -0.039841
-4.783398 -0.375859 12.263207 1.171331
-0.441127 -0.039841 1.171331 0.149529
