1.546981 1.580900 -0.201805 -0.972771
2.571482 1.028615 -0.326357 -0.130546
1.028615 80.415522 -0.130546 -0.052219
-0.326357 -0.130546 2.557575 1.023052
-0.130546 -0.052219 1.023052 80.413296
5.765502 7.565724 0.001066 0.323201
2.193995 3.809318 -0.311819 -0.481756
3.809318 15.278269 -0.477087 -1.655068
-0.311819 -0.477087 2.347942 4.080013
-0.481756 -1.655068 4.080013 15.714403
5.301778 2.633456 2.462826 2.941832
2.024339 2.359906 -0.206973 -0.222109
2.359906 4.688202 -0.221018 -0.479799
-0.206973 -0.221018 2.092069 2.411824
-0.222109 -0.479799 2.411824 4.737886
6.992301 2.950764 5.159551 3.972168
1.735848 1.469870 -0.161719 -0.136238
1.469870 1.953577 -0.135844 -0.205988
-0.161719 -0.135844 1.766884 1.485250
-0.136238 -0.205988 1.485250 1.971606
8.208221 2.784910 4.141798 1.990672
1.489876 0.987223 -0.174137 -0.118443
0.987223 0.990797 -0.118445 -0.123077
-0.174137 -0.118445 1.548457 1.022178
-0.118443 -0.123077 1.022178 1.019440
9.079498 2.502199 4.439132 1.613002
1.274552 0.693961 -0.130320 -0.072837
0.693961 0.565674 -0.072814 -0.063617
-0.130320 -0.072814 1.334791 0.724129
-0.072837 -0.063617 0.724129 0.585496
11.153169 2.883287 5.255195 1.616022
1.112832 0.515697 -0.081774 -0.039616
0.515697 0.356372 -0.039557 -0.032812
-0.081774 -0.039557 1.175003 0.542307
-0.039616 -0.032812 0.542307 0.370834
12.318241 2.769274 7.157266 2.056994
1.016225 0.411131 -0.055293 -0.024546
0.411131 0.246442 -0.024445 -0.019486
-0.055293 -0.024445 1.058637 0.426215
-0.024546 -0.019486 0.426215 0.253906
12.171983 2.221698 7.054107 1.656157
0.910185 0.327310 -0.049600 -0.020190
0.327310 0.176532 -0.020138 -0.013900
-0.049600 -0.020138 0.951989 0.340786
-0.020190 -0.013900 0.340786 0.182423
12.670099 2.020645 8.665658 1.911229
0.847348 0.275472 -0.039089 -0.014924
0.275472 0.135564 -0.014852 -0.009562
-0.039089 -0.014852 0.875117 0.283172
-0.014924 -0.009562 0.283172 0.138847
12.294662 1.610395 8.718695 1.647319
0.787354 0.234440 -0.049241 -0.016634
0.234440 0.107801 -0.016599 -0.008377
-0.049241 -0.016599 0.812171 0.240835
-0.016634 -0.008377 0.240835 0.110345
12.941487 1.566135 9.841710 1.729922
0.723752 0.199756 -0.039268 -0.012273
0.199756 0.088000 -0.012237 -0.005843
-0.039268 -0.012237 0.743335 0.204388
-0.012273 -0.005843 0.204388 0.089802
13.817214 1.589430 11.177579 1.851287
0.687397 0.178031 -0.029640 -0.008755
0.178031 0.075648 -0.008716 -0.004073
-0.029640 -0.008716 0.702167 0.181237
-0.008755 -0.004073 0.181237 0.076909
13.853228 1.402975 12.370969 1.917770
0.642787 0.157722 -0.022576 -0.006362
0.157722 0.066075 -0.006324 -0.002912
-0.022576 -0.006324 0.651796 0.159462
-0.006362 -0.002912 0.159462 0.066865
14.480618 1.384885 14.027118 2.081236
0.614745 0.144393 -0.018029 -0.004880
0.144393 0.059889 -0.004845 -0.002174
-0.018029 -0.004845 0.619113 0.145093
-0.004880 -0.002174 0.145093 0.060368
14.651562 1.266477 15.312942 2.137190
0.587949 0.133290 -0.017930 -0.004561
0.133290 0.055300 -0.004532 -0.001821
-0.017930 -0.004532 0.588719 0.133286
-0.004561 -0.001821 0.133286 0.055578
15.566716 1.328632 16.398074 2.140675
0.571523 0.126033 -0.017369 -0.004152
0.126033 0.052326 -0.004130 -0.001511
-0.017369 -0.004130 0.572167 0.126137
-0.004152 -0.001511 0.126137 0.052600
16.158278 1.312951 17.385729 2.122844
0.558305 0.120483 -0.019433 -0.004339
0.120483 0.050213 -0.004321 -0.001381
-0.019433 -0.004321 0.558226 0.120517
-0.004339 -0.001381 0.120517 0.050439
16.411269 1.227260 18.176682 2.065319
0.538680 0.114346 -0.015718 -0.003267
0.114346 0.048316 -0.003254 -0.001012
-0.015718 -0.003254 0.537498 0.114208
-0.003267 -0.001012 0.114208 0.048474
17.514775 1.330446 19.947443 2.220756
0.526973 0.110662 -0.010409 -0.001974
0.110662 0.047207 -0.001965 -0.000646
-0.010409 -0.001965 0.525550 0.110529
-0.001974 -0.000646 0.110529 0.047341
17.872652 1.266350 21.055374 2.220092
0.519017 0.108233 -0.007858 -0.001384
0.108233 0.046518 -0.001378 -0.000469
-0.007858 -0.001378 0.516960 0.108004
-0.001384 -0.000469 0.108004 0.046607
18.314396 1.226613 22.190551 2.225223
0.509555 0.105804 -0.005819 -0.000949
0.105804 0.045925 -0.000945 -0.000344
-0.005819 -0.000945 0.507243 0.105551
-0.000949 -0.000344 0.105551 0.045988
18.644070 1.167457 22.552256 2.069067
0.508216 0.105343 -0.002992 -0.000377
0.105343 0.045811 -0.000375 -0.000202
-0.002992 -0.000375 0.505580 0.105045
-0.000377 -0.000202 0.105045 0.045846
19.329599 1.188581 23.708417 2.094352
0.494907 0.102474 -0.000215 0.000139
0.102474 0.045215 0.000139 -0.000084
-0.000215 0.000139 0.492848 0.102305
0.000139 -0.000084 0.102305 0.045259
19.937020 1.191320 24.838370 2.111566
0.483130 0.100205 0.003767 0.000876
0.100205 0.044797 0.000874 0.000072
0.003767 0.000874 0.481748 0.100167
0.000876 0.000072 0.100167 0.044850
20.784133 1.243666 25.905328 2.113872
0.481669 0.100271 -0.000285 -0.000108
0.100271 0.044888 -0.000108 -0.000138
-0.000285 -0.000108 0.481177 0.100397
-0.000108 -0.000138 0.100397 0.044958
21.020475 1.163128 27.165247 2.156401
0.484509 0.101187 -0.004960 -0.001109
0.101187 0.045131 -0.001107 -0.000329
-0.004960 -0.001107 0.484972 0.101475
-0.001109 -0.000329 0.101475 0.045219
21.503714 1.142567 28.764850 2.265648
0.478211 0.100064 0.001281 0.000280
0.100064 0.044912 0.000280 -0.000005
0.001281 0.000280 0.480882 0.100759
0.000280 -0.000005 0.100759 0.045070
21.719441 1.068008 29.423217 2.166085
0.478260 0.100343 0.004531 0.000911
0.100343 0.044997 0.000911 0.000130
0.004531 0.000911 0.480973 0.100960
0.000911 0.000130 0.100960 0.045119
23.227620 1.272890 30.234989 2.108780
0.474831 0.099824 0.002484 0.000382
0.099824 0.044895 0.000381 0.000012
0.002484 0.000381 0.478550 0.100583
0.000382 0.000012 0.100583 0.045036
23.343866 1.163256 31.388920 2.129923
0.475714 0.100224 0.003392 0.000539
0.100224 0.044987 0.000537 0.000053
0.003392 0.000537 0.481542 0.101352
0.000539 0.000053 0.101352 0.045195
24.401526 1.263669 32.494679 2.138298
0.474735 0.100156 0.002236 0.000257
0.100156 0.044964 0.000254 -0.000002
0.002236 0.000254 0.482348 0.101563
0.000257 -0.000002 0.101563 0.045218
24.862454 1.227923 32.793698 1.976210
0.475974 0.100534 -0.001136 -0.000457
0.100534 0.045031 -0.000461 -0.000142
-0.001136 -0.000461 0.482776 0.101659
-0.000457 -0.000142 0.101659 0.045215
25.365041 1.204491 33.450183 1.906425
0.476540 0.100706 0.001317 0.000128
0.100706 0.045045 0.000126 0.000004
0.001317 0.000126 0.484268 0.101958
0.000128 0.000004 0.101958 0.045254
25.663353 1.140382 33.953360 1.811808
0.474025 0.100194 -0.002390 -0.000643
0.100194 0.044912 -0.000648 -0.000152
-0.002390 -0.000648 0.482769 0.101596
-0.000643 -0.000152 0.101596 0.045154
25.818382 1.052578 34.900849 1.820609
0.474148 0.100274 -0.001682 -0.000413
0.100274 0.044916 -0.000416 -0.000084
-0.001682 -0.000416 0.485771 0.102214
-0.000413 -0.000084 0.102214 0.045270
26.668613 1.121105 35.978464 1.855783
0.472346 0.099924 -0.007516 -0.001588
0.099924 0.044826 -0.001598 -0.000323
-0.007516 -0.001598 0.486852 0.102367
-0.001588 -0.000323 0.102367 0.045280
27.732228 1.227596 36.938332 1.862658
0.468684 0.099201 -0.012166 -0.002411
0.099201 0.044664 -0.002425 -0.000471
-0.012166 -0.002425 0.485483 0.101996
-0.002411 -0.000471 0.101996 0.045183
28.543534 1.269546 37.997083 1.889571
0.465138 0.098561 -0.008013 -0.001328
0.098561 0.044532 -0.001330 -0.000210
-0.008013 -0.001330 0.484932 0.101844
-0.001328 -0.000210 0.101844 0.045144
29.482647 1.333456 38.213367 1.736877
0.465687 0.098825 -0.009200 -0.001495
0.098825 0.044598 -0.001501 -0.000245
-0.009200 -0.001501 0.483486 0.101519
-0.001495 -0.000245 0.101519 0.045074
29.924880 1.285891 39.197141 1.760850
0.458271 0.097344 -0.012691 -0.002155
0.097344 0.044280 -0.002163 -0.000387
-0.012691 -0.002163 0.480488 0.100899
-0.002155 -0.000387 0.100899 0.044947
29.999111 1.164898 40.152947 1.775898
0.459990 0.097930 -0.012374 -0.001957
0.097930 0.044424 -0.001958 -0.000335
-0.012374 -0.001958 0.485908 0.102109
-0.001957 -0.000335 0.102109 0.045216
30.409456 1.128458 41.202199 1.809510
0.461082 0.098284 -0.016580 -0.002751
0.098284 0.044496 -0.002759 -0.000505
-0.016580 -0.002759 0.490586 0.103034
-0.002751 -0.000505 0.103034 0.045397
31.296307 1.197621 42.278097 1.846029
0.462991 0.098763 -0.015279 -0.002330
0.098763 0.044586 -0.002328 -0.000405
-0.015279 -0.002328 0.494876 0.103803
-0.002330 -0.000405 0.103803 0.045535
31.500328 1.114447 43.724907 1.954921
0.457024 0.097496 -0.014829 -0.002168
0.097496 0.044292 -0.002148 -0.000376
-0.014829 -0.002148 0.496650 0.103987
-0.002168 -0.000376 0.103987 0.045544
32.432615 1.194586 44.705107 1.956299
0.460153 0.098267 -0.021173 -0.003439
0.098267 0.044456 -0.003449 -0.000657
-0.021173 -0.003449 0.501065 0.104714
-0.003439 -0.000657 0.104714 0.045671
32.747542 1.134815 45.916984 2.004370
0.458210 0.097865 -0.024439 -0.003971
0.097865 0.044352 -0.003982 -0.000758
-0.024439 -0.003982 0.504568 0.105215
-0.003971 -0.000758 0.105215 0.045750
33.118052 1.092158 46.723779 1.963134
0.455370 0.097295 -0.029120 -0.004775
0.097295 0.044219 -0.004802 -0.000918
-0.029120 -0.004802 0.504653 0.104983
-0.004775 -0.000918 0.104983 0.045678
33.975364 1.157302 47.255071 1.870564
0.452801 0.096826 -0.032345 -0.005228
0.096826 0.044118 -0.005270 -0.000999
-0.032345 -0.005270 0.502133 0.104271
-0.005228 -0.000999 0.104271 0.045523
34.807178 1.211327 48.125431 1.858039
0.449817 0.096312 -0.030880 -0.004704
0.096312 0.044015 -0.004718 -0.000871
-0.030880 -0.004718 0.501652 0.104097
-0.004704 -0.000871 0.104097 0.045502
