-0.830653 0.629826 3.328820 0.439510
41.719431 16.688134 -56.564896 -22.626449
16.688134 86.679465 -22.626449 -9.050776
-56.564896 -22.626449 81.259876 32.504654
-22.626449 -9.050776 32.504654 93.006210
0.045288 3.190252 6.395898 3.492341
72.451438 45.849474 -87.213886 -37.391464
45.849474 50.454486 -53.619999 -43.041559
-87.213886 -53.619999 107.494592 47.392051
-37.391464 -43.041559 47.392051 56.601826
-9.499885 -3.124489 19.213982 7.431491
64.386155 31.278035 -86.282895 -43.812525
31.278035 26.606416 -41.108412 -34.183034
-86.282895 -41.108412 119.072833 61.966298
-43.812525 -34.183034 61.966298 52.475260
-4.143367 -0.151052 13.392851 3.147963
0.697015 0.327638 -0.788552 -0.319228
0.327638 7.337800 1.241006 -7.801564
-0.788552 1.241006 10.774651 6.805670
-0.319228 -7.801564 6.805670 16.347788
-2.516478 2.350659 18.209223 3.326935
1.725095 2.336703 -4.213292 -4.207374
2.336703 4.910393 -5.499464 -7.786578
-4.213292 -5.499464 18.139095 14.869385
-4.207374 -7.786578 14.869385 16.274817
-2.272106 1.507723 21.825726 4.758997
1.762469 1.540835 -5.023924 -3.287060
1.540835 1.916480 -3.874755 -3.350220
-5.023924 -3.874755 26.800639 14.788129
-3.287060 -3.350220 14.788129 9.690763
0.510937 2.828462 18.534490 1.882440
0.644596 0.460740 -0.583213 -0.481832
0.460740 0.595775 0.203327 -0.439986
-0.583213 0.203327 18.869652 6.939726
-0.481832 -0.439986 6.939726 3.282651
2.569473 3.246477 20.535728 1.985018
0.775382 0.440477 -2.071924 -0.918471
0.440477 0.387787 -0.850610 -0.586844
-2.071924 -0.850610 22.997113 7.888797
-0.918471 -0.586844 7.888797 3.148247
3.998477 3.150812 21.874900 2.133807
0.762294 0.360309 -2.389755 -0.863041
0.360309 0.255115 -0.793784 -0.414213
-2.389755 -0.793784 30.323519 8.896900
-0.863041 -0.414213 8.896900 2.901024
5.308611 3.039600 23.527254 2.335334
0.596902 0.250994 -1.254975 -0.438499
0.250994 0.163921 -0.172636 -0.160682
-1.254975 -0.172636 32.203502 8.015286
-0.438499 -0.160682 8.015286 2.200792
6.977308 3.099791 24.887143 2.347864
0.519750 0.210785 0.744653 0.059649
0.210785 0.127642 0.523854 0.031123
0.744653 0.523854 25.180996 5.293594
0.059649 0.031123 5.293594 1.267418
8.030437 2.961387 32.861876 3.783087
0.704180 0.259190 1.790129 0.233358
0.259190 0.127871 0.744464 0.074688
1.790129 0.744464 20.075572 3.673385
0.233358 0.074688 3.673385 0.797631
9.121032 2.823714 27.922194 2.580060
0.922019 0.298437 1.053270 0.051961
0.298437 0.123745 0.343170 -0.002422
1.053270 0.343170 2.462728 0.292312
0.051961 -0.002422 0.292312 0.137182
10.593583 2.843880 29.060671 2.539639
1.123544 0.322035 1.321591 0.085863
0.322035 0.116563 0.364165 0.008442
1.321591 0.364165 2.732604 0.339091
0.085863 0.008442 0.339091 0.131857
12.326194 2.945769 29.668066 2.350286
1.424795 0.365408 1.639901 0.117363
0.365408 0.116332 0.399679 0.017625
1.639901 0.399679 2.846960 0.337272
0.117363 0.017625 0.337272 0.117948
13.498311 2.910461 29.332770 2.070045
1.802871 0.421866 1.851953 0.117791
0.421866 0.120448 0.412025 0.018857
1.851953 0.412025 2.632978 0.279459
0.117791 0.018857 0.279459 0.098667
14.991558 2.930324 30.071580 1.998031
2.238478 0.479326 2.117556 0.128902
0.479326 0.124150 0.430075 0.021400
2.117556 0.430075 2.665044 0.269793
0.128902 0.021400 0.269793 0.089950
15.151582 2.736292 28.296674 1.562562
2.558038 0.514581 1.986769 0.073719
0.514581 0.124929 0.382366 0.012317
1.986769 0.382366 1.987495 0.157704
0.073719 0.012317 0.157704 0.068834
16.363720 2.709669 28.909260 1.545056
2.988657 0.552601 2.232815 0.099892
0.552601 0.124166 0.393060 0.017052
2.232815 0.393060 2.132302 0.184047
0.099892 0.017052 0.184047 0.068780
17.435891 2.716031 28.225915 1.237309
3.450419 0.597182 2.345234 0.092044
0.597182 0.125864 0.390136 0.016860
2.345234 0.390136 1.954453 0.148178
0.092044 0.016860 0.148178 0.059000
18.174123 2.648300 27.727925 1.045965
3.859833 0.629952 2.358369 0.072493
0.629952 0.126146 0.370338 0.014069
2.358369 0.370338 1.762565 0.122607
0.072493 0.014069 0.122607 0.053923
18.234202 2.506310 26.384688 0.738854
4.138226 0.642016 2.218711 0.036555
0.642016 0.123797 0.332692 0.009459
2.218711 0.332692 1.442641 0.082618
0.036555 0.009459 0.082618 0.047298
19.086730 2.501847 25.354892 0.424226
4.541063 0.661620 2.356501 0.061303
0.661620 0.121576 0.334218 0.013905
2.356501 0.334218 1.424351 0.084110
0.061303 0.013905 0.084110 0.043796
20.577052 2.562559 25.088037 0.264106
4.455210 0.611809 2.268732 0.083130
0.611809 0.110382 0.302228 0.016752
2.268732 0.302228 1.356587 0.097464
0.083130 0.016752 0.097464 0.044316
21.001259 2.460704 24.580299 0.185438
3.605365 0.480550 1.580970 0.018709
0.480550 0.091682 0.200187 0.007874
1.580970 0.200187 0.917889 0.071365
0.018709 0.007874 0.071365 0.043994
21.023929 2.313494 23.994589 0.127934
2.840253 0.373064 0.977048 -0.038469
0.373064 0.077834 0.117424 0.000552
0.977048 0.117424 0.587390 0.057341
-0.038469 0.000552 0.057341 0.045258
22.339204 2.330635 24.194251 0.149826
3.123730 0.399527 0.974382 -0.039076
0.399527 0.081103 0.112829 0.000559
0.974382 0.112829 0.628500 0.077659
-0.039076 0.000559 0.077659 0.049360
24.342633 2.431683 24.619685 0.170320
2.813226 0.353388 0.700431 -0.058093
0.353388 0.075518 0.075738 -0.001750
0.700431 0.075738 0.584818 0.094908
-0.058093 -0.001750 0.094908 0.053725
26.552668 2.551961 25.019637 0.175698
1.782366 0.222995 0.247180 -0.070937
0.222995 0.060071 0.019170 -0.003188
0.247180 0.019170 0.540662 0.118810
-0.070937 -0.003188 0.118810 0.058554
27.447653 2.504920 25.008356 0.175458
0.874103 0.112643 -0.074297 -0.072393
0.112643 0.047576 -0.018785 -0.003158
-0.074297 -0.018785 0.595419 0.148570
-0.072393 -0.003158 0.148570 0.063360
28.741330 2.510692 25.072722 0.168152
0.684218 0.094828 -0.189538 -0.075398
0.094828 0.046743 -0.029729 -0.003351
-0.189538 -0.029729 0.743703 0.180845
-0.075398 -0.003351 0.180845 0.068274
30.012845 2.513427 25.200063 0.177283
0.577570 0.086669 -0.265078 -0.075740
0.086669 0.046712 -0.034822 -0.003150
-0.265078 -0.034822 0.936590 0.215671
-0.075740 -0.003150 0.215671 0.073110
31.762799 2.599204 25.341098 0.181897
0.557510 0.090668 -0.330215 -0.077671
0.090668 0.048137 -0.038006 -0.003220
-0.330215 -0.038006 1.168028 0.252974
-0.077671 -0.003220 0.252974 0.078008
32.019574 2.401276 25.418280 0.179374
0.440178 0.074168 -0.390827 -0.079622
0.074168 0.045201 -0.040132 -0.003314
-0.390827 -0.040132 1.434840 0.291991
-0.079622 -0.003314 0.291991 0.082757
33.196147 2.396930 25.533055 0.183955
0.437728 0.079026 -0.457110 -0.083479
0.079026 0.046112 -0.043174 -0.003823
-0.457110 -0.043174 1.741605 0.333316
-0.083479 -0.003823 0.333316 0.087475
34.633406 2.455194 25.712529 0.205393
0.453423 0.085916 -0.522479 -0.087225
0.085916 0.047076 -0.045517 -0.004281
-0.522479 -0.045517 2.092178 0.377346
-0.087225 -0.004281 0.377346 0.092257
36.106779 2.515314 25.836205 0.215746
0.469975 0.090866 -0.593973 -0.092287
0.090866 0.047242 -0.048867 -0.005031
-0.593973 -0.048867 2.486928 0.423541
-0.092287 -0.005031 0.423541 0.096969
37.592652 2.574080 26.008694 0.233390
0.483250 0.093619 -0.664964 -0.097333
0.093619 0.046785 -0.051432 -0.005697
-0.664964 -0.051432 2.928421 0.472174
-0.097333 -0.005697 0.472174 0.101709
38.862610 2.570739 26.149222 0.236671
0.486013 0.092632 -0.742110 -0.103556
0.092632 0.045394 -0.054932 -0.006588
-0.742110 -0.054932 3.418010 0.522892
-0.103556 -0.006588 0.522892 0.106384
40.135958 2.566985 26.246998 0.233179
0.492031 0.091933 -0.827081 -0.110493
0.091933 0.044205 -0.059650 -0.007562
-0.827081 -0.059650 3.956870 0.575531
-0.110493 -0.007562 0.575531 0.110998
40.840238 2.425378 26.433443 0.225794
0.479880 0.086572 -0.912980 -0.117610
0.086572 0.042053 -0.063637 -0.008459
-0.912980 -0.063637 4.547498 0.630421
-0.117610 -0.008459 0.630421 0.115628
41.389348 2.265768 26.722576 0.230518
0.476883 0.083471 -1.013216 -0.125846
0.083471 0.040625 -0.070319 -0.009548
-1.013216 -0.070319 5.190790 0.686991
-0.125846 -0.009548 0.686991 0.120165
42.630855 2.298329 26.987973 0.253493
0.508518 0.088432 -1.139315 -0.135810
0.088432 0.041186 -0.082556 -0.011014
-1.139315 -0.082556 5.879138 0.743738
-0.135810 -0.011014 0.743738 0.124410
44.107306 2.392757 27.468560 0.307480
0.547556 0.094233 -1.278125 -0.146407
0.094233 0.041883 -0.095854 -0.012451
-1.278125 -0.095854 6.624252 0.802622
-0.146407 -0.012451 0.802622 0.128688
45.499429 2.444532 27.707917 0.323212
0.590806 0.099385 -1.449667 -0.160064
0.099385 0.042164 -0.115907 -0.014595
-1.449667 -0.115907 7.399225 0.859609
-0.160064 -0.014595 0.859609 0.132440
46.492566 2.382491 27.708573 0.298290
0.625189 0.101329 -1.639194 -0.174984
0.101329 0.041657 -0.137124 -0.016765
-1.639194 -0.137124 8.229613 0.918467
-0.174984 -0.016765 0.918467 0.136230
47.900640 2.440183 27.987327 0.318662
0.667151 0.105298 -1.823896 -0.187988
0.105298 0.041956 -0.152708 -0.018058
-1.823896 -0.152708 9.146553 0.983123
-0.187988 -0.018058 0.983123 0.140576
48.726044 2.346226 28.234298 0.317740
0.697879 0.105752 -2.023922 -0.202027
0.105752 0.041372 -0.169311 -0.019461
-2.023922 -0.169311 10.121822 1.049262
-0.202027 -0.019461 1.049262 0.144855
49.421939 2.219832 28.100325 0.274035
0.736803 0.107504 -2.250806 -0.217675
0.107504 0.041071 -0.190037 -0.021163
-2.250806 -0.190037 11.143194 1.115157
-0.217675 -0.021163 1.115157 0.148875
50.483699 2.200825 28.018842 0.250346
0.779527 0.110500 -2.467490 -0.231105
0.110500 0.041346 -0.203914 -0.022017
-2.467490 -0.203914 12.252022 1.186137
-0.231105 -0.022017 1.186137 0.153315
