2.573949 1.991696 -0.136404 -0.946610
2.390068 0.956048 -0.051713 -0.020686
0.956048 80.386494 -0.020686 -0.008275
-0.051713 -0.020686 2.398010 0.959225
-0.020686 -0.008275 0.959225 80.387765
3.794838 2.397188 1.708226 3.121579
2.268494 3.981681 -0.069490 -0.111689
3.981681 15.146838 -0.111697 -0.328519
-0.069490 -0.111697 2.277489 3.995891
-0.111689 -0.328519 3.995891 15.192124
4.770996 2.140223 2.954835 2.759317
1.992725 2.294359 -0.032351 -0.031848
2.294359 4.488137 -0.031839 -0.072570
-0.032351 -0.031839 2.001298 2.303654
-0.031848 -0.072570 2.303654 4.504368
5.459661 1.820162 4.615061 2.994652
1.730592 1.452309 -0.038361 -0.031882
1.452309 1.902218 -0.031882 -0.042703
-0.038361 -0.031882 1.734195 1.455017
-0.031882 -0.042703 1.455017 1.906676
7.484326 2.552699 5.097699 2.327752
1.488815 0.978473 -0.036576 -0.024060
0.978473 0.969900 -0.024060 -0.023509
-0.036576 -0.024060 1.497127 0.983958
-0.024060 -0.023509 0.983958 0.974697
7.202996 1.710746 3.598805 0.888841
1.291088 0.697748 -0.024760 -0.013319
0.697748 0.560428 -0.013318 -0.011389
-0.024760 -0.013318 1.301559 0.703301
-0.013319 -0.011389 0.703301 0.564027
7.440953 1.426778 4.516040 1.106234
1.159556 0.533236 -0.020168 -0.009380
0.533236 0.360341 -0.009379 -0.006919
-0.020168 -0.009379 1.166329 0.536117
-0.009380 -0.006919 0.536117 0.361974
8.794844 1.683278 6.130912 1.531419
1.036695 0.415456 -0.015573 -0.006419
0.415456 0.245435 -0.006418 -0.004295
-0.015573 -0.006418 1.041670 0.417255
-0.006419 -0.004295 0.417255 0.246364
9.267717 1.552022 6.295321 1.317351
0.948151 0.337832 -0.008284 -0.003171
0.337832 0.178606 -0.003169 -0.002326
-0.008284 -0.003169 0.953231 0.339496
-0.003171 -0.002326 0.339496 0.179352
10.556495 1.716936 7.283868 1.423290
0.871717 0.280553 -0.007813 -0.002816
0.280553 0.136028 -0.002815 -0.001787
-0.007813 -0.002815 0.876501 0.281966
-0.002816 -0.001787 0.281966 0.136595
11.084534 1.619235 8.796317 1.659360
0.810941 0.239051 -0.006703 -0.002280
0.239051 0.108376 -0.002279 -0.001324
-0.006703 -0.002279 0.813685 0.239743
-0.002280 -0.001324 0.239743 0.108663
12.110358 1.678172 10.043541 1.773348
0.754371 0.206176 -0.008132 -0.002500
0.206176 0.089239 -0.002499 -0.001171
-0.008132 -0.002499 0.756569 0.206690
-0.002500 -0.001171 0.206690 0.089448
13.022940 1.696981 11.034350 1.800010
0.705926 0.180952 -0.009036 -0.002521
0.180952 0.076016 -0.002520 -0.001005
-0.009036 -0.002520 0.707864 0.181385
-0.002521 -0.001005 0.181385 0.076184
13.727801 1.661852 13.295270 2.130599
0.664225 0.161391 -0.005283 -0.001397
0.161391 0.066724 -0.001396 -0.000600
-0.005283 -0.001396 0.664597 0.161430
-0.001397 -0.000600 0.161430 0.066781
13.866018 1.500716 14.542273 2.172943
0.632222 0.147046 -0.003855 -0.000978
0.147046 0.060337 -0.000977 -0.000427
-0.003855 -0.000977 0.631912 0.146950
-0.000978 -0.000427 0.146950 0.060358
14.109354 1.386853 15.744155 2.198911
0.604073 0.135644 -0.003378 -0.000821
0.135644 0.055722 -0.000821 -0.000339
-0.003378 -0.000821 0.603318 0.135478
-0.000821 -0.000339 0.135478 0.055724
14.407856 1.300583 16.614952 2.148970
0.579493 0.126613 -0.001530 -0.000376
0.126613 0.052388 -0.000376 -0.000202
-0.001530 -0.000376 0.578572 0.126439
-0.000376 -0.000202 0.126439 0.052387
14.990358 1.286070 17.695270 2.150225
0.559702 0.119822 0.000470 0.000055
0.119822 0.050059 0.000055 -0.000085
0.000470 0.000055 0.558737 0.119662
0.000055 -0.000085 0.119662 0.050058
15.594141 1.277751 19.045926 2.208397
0.543880 0.114753 -0.001324 -0.000353
0.114753 0.048445 -0.000353 -0.000158
-0.001324 -0.000353 0.542842 0.114595
-0.000353 -0.000158 0.114595 0.048441
16.784702 1.393024 20.069181 2.191415
0.526847 0.110074 -0.000654 -0.000194
0.110074 0.047145 -0.000194 -0.000105
-0.000654 -0.000194 0.526099 0.109988
-0.000194 -0.000105 0.109988 0.047153
16.900087 1.272267 21.064343 2.170564
0.515733 0.107176 -0.000658 -0.000188
0.107176 0.046385 -0.000188 -0.000090
-0.000658 -0.000188 0.514853 0.107065
-0.000188 -0.000090 0.107065 0.046382
17.786146 1.324110 21.758778 2.089464
0.508855 0.105485 -0.000536 -0.000154
0.105485 0.045967 -0.000154 -0.000072
-0.000536 -0.000154 0.508154 0.105415
-0.000154 -0.000072 0.105415 0.045969
18.422867 1.318880 22.543714 2.035615
0.501110 0.103798 -0.001769 -0.000401
0.103798 0.045598 -0.000401 -0.000114
-0.001769 -0.000401 0.500495 0.103743
-0.000401 -0.000114 0.103743 0.045600
19.379897 1.380571 23.337548 1.989153
0.494314 0.102472 -0.002312 -0.000481
0.102472 0.045338 -0.000481 -0.000118
-0.002312 -0.000481 0.493866 0.102446
-0.000481 -0.000118 0.102446 0.045342
20.021623 1.370491 24.408995 2.005125
0.489714 0.101711 -0.002286 -0.000438
0.101711 0.045212 -0.000438 -0.000099
-0.002286 -0.000438 0.489393 0.101705
-0.000438 -0.000099 0.101705 0.045217
20.215911 1.268302 25.572557 2.038591
0.485124 0.100997 0.000987 0.000274
0.100997 0.045097 0.000274 0.000056
0.000987 0.000274 0.484921 0.101006
0.000274 0.000056 0.101006 0.045102
20.509441 1.197206 26.752793 2.072181
0.483345 0.100900 -0.000210 -0.000015
0.100900 0.045109 -0.000015 -0.000011
-0.000210 -0.000015 0.483309 0.100934
-0.000015 -0.000011 0.100934 0.045116
21.117754 1.199228 27.577910 2.028021
0.481964 0.100855 0.000129 0.000049
0.100855 0.045118 0.000049 0.000002
0.000129 0.000049 0.482051 0.100903
0.000049 0.000002 0.100903 0.045126
22.320261 1.325645 28.437089 1.995560
0.480176 0.100688 -0.001471 -0.000298
0.100688 0.045090 -0.000298 -0.000072
-0.001471 -0.000298 0.480461 0.100767
-0.000298 -0.000072 0.100767 0.045103
23.429249 1.419382 29.534426 2.016508
0.480945 0.101036 -0.002231 -0.000435
0.101036 0.045165 -0.000435 -0.000094
-0.002231 -0.000435 0.481493 0.101158
-0.000435 -0.000094 0.101158 0.045185
23.429577 1.270176 30.490610 2.005457
0.477010 0.100328 -0.003431 -0.000655
0.100328 0.045003 -0.000655 -0.000134
-0.003431 -0.000655 0.477897 0.100506
-0.000655 -0.000134 0.100506 0.045033
23.844208 1.223787 31.704734 2.049924
0.476316 0.100341 -0.001584 -0.000216
0.100341 0.045002 -0.000215 -0.000033
-0.001584 -0.000215 0.477637 0.100593
-0.000216 -0.000033 0.100593 0.045046
24.386306 1.209071 32.752791 2.054775
0.475079 0.100206 -0.001600 -0.000217
0.100206 0.044964 -0.000217 -0.000036
-0.001600 -0.000217 0.476759 0.100511
-0.000217 -0.000036 0.100511 0.045017
25.439126 1.303580 33.192804 1.930950
0.476148 0.100542 -0.003295 -0.000574
0.100542 0.045024 -0.000574 -0.000114
-0.003295 -0.000574 0.477685 0.100794
-0.000574 -0.000114 0.100794 0.045063
26.038307 1.292479 34.198869 1.939501
0.474965 0.100346 -0.004447 -0.000784
0.100346 0.044962 -0.000784 -0.000154
-0.004447 -0.000784 0.476941 0.100676
-0.000784 -0.000154 0.100676 0.045018
26.798931 1.316640 35.125457 1.930436
0.476210 0.100664 -0.005898 -0.001041
0.100664 0.045013 -0.001041 -0.000202
-0.005898 -0.001041 0.478504 0.101041
-0.001041 -0.000202 0.101041 0.045078
27.212203 1.264917 36.237094 1.961212
0.477117 0.100864 -0.005276 -0.000843
0.100864 0.045033 -0.000843 -0.000152
-0.005276 -0.000843 0.480016 0.101349
-0.000843 -0.000152 0.101349 0.045121
28.018022 1.301359 36.906051 1.895551
0.476420 0.100698 -0.004239 -0.000588
0.100698 0.044974 -0.000587 -0.000098
-0.004239 -0.000587 0.479445 0.101182
-0.000588 -0.000098 0.101182 0.045061
28.614641 1.290037 38.011302 1.928740
0.476251 0.100653 -0.003614 -0.000449
0.100653 0.044948 -0.000448 -0.000074
-0.003614 -0.000448 0.479917 0.101251
-0.000449 -0.000074 0.101251 0.045058
29.296308 1.297878 39.125870 1.960440
0.475933 0.100576 -0.004521 -0.000651
0.100576 0.044918 -0.000650 -0.000123
-0.004521 -0.000650 0.480234 0.101279
-0.000651 -0.000123 0.101279 0.045049
29.827849 1.272994 39.990886 1.936076
0.472798 0.099908 -0.004448 -0.000629
0.099908 0.044767 -0.000628 -0.000122
-0.004448 -0.000628 0.477629 0.100691
-0.000629 -0.000122 0.100691 0.044913
30.258502 1.229140 40.459610 1.830654
0.473494 0.100111 -0.003510 -0.000426
0.100111 0.044813 -0.000425 -0.000082
-0.003510 -0.000425 0.478356 0.100864
-0.000426 -0.000082 0.100864 0.044951
31.329632 1.325746 41.449608 1.846685
0.474494 0.100350 -0.003334 -0.000405
0.100350 0.044860 -0.000404 -0.000083
-0.003334 -0.000404 0.479720 0.101152
-0.000405 -0.000083 0.101152 0.045009
31.880227 1.302165 42.651677 1.905375
0.471796 0.099775 -0.006109 -0.001010
0.099775 0.044731 -0.001010 -0.000217
-0.006109 -0.001010 0.478076 0.100776
-0.001010 -0.000217 0.100776 0.044922
32.618038 1.320350 43.358638 1.853629
0.474722 0.100444 -0.006078 -0.000961
0.100444 0.044875 -0.000961 -0.000199
-0.006078 -0.000961 0.481087 0.101420
-0.000961 -0.000199 0.101420 0.045059
33.334445 1.332199 44.222111 1.840323
0.474926 0.100466 -0.005889 -0.000890
0.100466 0.044869 -0.000889 -0.000180
-0.005889 -0.000889 0.481749 0.101508
-0.000890 -0.000180 0.101508 0.045067
34.155859 1.365184 45.316748 1.877189
0.472832 0.099999 -0.005513 -0.000793
0.099999 0.044761 -0.000792 -0.000160
-0.005513 -0.000792 0.480476 0.101186
-0.000793 -0.000160 0.101186 0.044990
35.230408 1.448205 46.387713 1.905373
0.472701 0.099994 -0.003665 -0.000397
0.099994 0.044762 -0.000394 -0.000078
-0.003665 -0.000394 0.480852 0.101249
-0.000397 -0.000078 0.101249 0.045004
35.706133 1.395584 47.245824 1.885283
0.471599 0.099779 -0.004450 -0.000595
0.099779 0.044716 -0.000593 -0.000129
-0.004450 -0.000593 0.480466 0.101148
-0.000595 -0.000129 0.101148 0.044982
36.743015 1.466998 47.681065 1.778706
0.470311 0.099541 -0.004557 -0.000629
0.099541 0.044669 -0.000628 -0.000139
-0.004557 -0.000628 0.478803 0.100791
-0.000629 -0.000139 0.100791 0.044909
