-1.417642 0.395025 5.426577 1.278631
41.886615 16.755009 -56.710682 -22.684764
16.755009 86.706215 -22.684764 -9.074102
-56.710682 -22.684764 81.128101 32.451944
-22.684764 -9.074102 32.451944 92.985125
3.453448 4.892525 2.900934 1.207010
60.182094 29.599280 -85.695785 -43.751605
29.599280 36.178194 -40.163674 -40.631472
-85.695785 -40.163674 125.174609 65.300640
-43.751605 -40.631472 65.300640 69.571068
6.787869 5.171296 1.875542 0.363902
38.780062 25.467816 -36.478982 -13.088637
25.467816 27.884643 -23.173305 -21.898744
-36.478982 -23.173305 36.355556 13.709754
-13.088637 -21.898744 13.709754 26.057659
11.589891 6.521152 -0.644506 -1.296937
50.965493 27.064393 -35.314855 -8.775132
27.064393 20.355444 -18.973140 -12.539890
-35.314855 -18.973140 25.952712 7.706516
-8.775132 -12.539890 7.706516 14.157910
10.503322 4.201002 2.325801 0.590557
33.441106 11.562855 -12.944707 4.060546
11.562855 7.071990 -4.855131 -2.624414
-12.944707 -4.855131 5.909463 -0.450607
4.060546 -2.624414 -0.450607 6.699691
9.880853 3.544470 3.038362 -0.072178
33.428325 13.081434 -14.094952 -3.207171
13.081434 6.739594 -6.124787 -3.453035
-14.094952 -6.124787 7.031286 2.728050
-3.207171 -3.453035 2.728050 3.883359
10.911362 3.422511 2.992169 -0.299497
38.092508 14.463208 -18.981431 -7.271650
14.463208 6.323261 -7.654276 -3.844937
-18.981431 -7.654276 10.522124 4.656919
-7.271650 -3.844937 4.656919 3.189122
13.012631 3.126897 4.004190 0.667225
52.593988 17.093585 -26.527594 -8.858401
17.093585 6.019741 -8.872503 -3.424162
-26.527594 -8.872503 14.186644 5.080985
-8.858401 -3.424162 5.080985 2.375770
7.748159 0.946279 8.833815 2.325256
57.809734 15.708911 -26.945368 -7.010198
15.708911 4.569086 -7.480949 -2.224576
-26.945368 -7.480949 13.201315 3.673170
-7.010198 -2.224576 3.673170 1.356597
11.851035 1.808304 8.368280 1.963918
6.734682 1.913802 -4.520969 -1.493952
1.913802 0.766966 -1.436865 -0.654977
-4.520969 -1.436865 3.760810 1.401400
-1.493952 -0.654977 1.401400 0.713803
12.246420 1.744741 9.262547 1.864089
8.723597 2.283883 -6.170107 -1.844319
2.283883 0.764029 -1.727634 -0.639666
-6.170107 -1.727634 5.085594 1.638834
-1.844319 -0.639666 1.638834 0.660201
13.508613 1.763372 10.565177 2.049053
10.957134 2.627508 -8.098684 -2.180362
2.627508 0.758998 -2.013538 -0.629933
-8.098684 -2.013538 6.615039 1.862294
-2.180362 -0.629933 1.862294 0.620650
13.860495 1.613400 12.420187 2.296505
13.486145 2.939240 -10.060770 -2.416620
2.939240 0.745850 -2.237838 -0.603836
-10.060770 -2.237838 8.074855 2.002356
-2.416620 -0.603836 2.002356 0.572021
14.212761 1.511633 14.128401 2.439055
15.086366 3.030201 -11.799283 -2.598336
3.030201 0.698080 -2.398486 -0.580275
-11.799283 -2.398486 9.784418 2.206942
-2.598336 -0.580275 2.206942 0.559882
14.529542 1.439987 15.338873 2.407019
12.688286 2.361745 -10.647879 -2.182993
2.361745 0.517844 -1.998173 -0.451870
-10.647879 -1.998173 9.543389 2.005147
-2.182993 -0.451870 2.005147 0.474580
18.219968 1.950826 14.427917 2.039479
8.722925 1.511158 -8.197006 -1.594916
1.511158 0.331766 -1.423325 -0.311812
-8.197006 -1.423325 8.293060 1.651869
-1.594916 -0.311812 1.651869 0.375650
19.958783 2.072589 14.574263 1.874457
5.409610 0.891499 -4.415890 -0.748487
0.891499 0.210630 -0.718758 -0.151152
-4.415890 -0.718758 4.160068 0.742818
-0.748487 -0.151152 0.742818 0.175521
22.325338 2.272285 14.103140 1.629950
3.432029 0.553842 -2.287187 -0.330187
0.553842 0.148098 -0.353532 -0.076090
-2.287187 -0.353532 2.066524 0.341138
-0.330187 -0.076090 0.341138 0.096930
22.021606 2.057896 16.195633 1.832774
1.537651 0.258007 -0.474358 -0.024920
0.258007 0.097680 -0.067149 -0.024857
-0.474358 -0.067149 0.527432 0.089771
-0.024920 -0.024857 0.089771 0.054328
22.417100 1.956098 17.566543 1.906602
1.485480 0.255275 -0.235250 0.013128
0.255275 0.094350 -0.033739 -0.016921
-0.235250 -0.033739 0.372827 0.073169
0.013128 -0.016921 0.073169 0.051473
23.951387 2.051162 18.085516 1.823507
1.687693 0.290526 -0.191326 0.015772
0.290526 0.097097 -0.032213 -0.015024
-0.191326 -0.032213 0.411462 0.090906
0.015772 -0.015024 0.090906 0.054676
22.729526 1.662964 19.830723 1.961149
0.803545 0.133086 0.248507 0.083420
0.133086 0.066288 0.038430 -0.002016
0.248507 0.038430 0.337952 0.089166
0.083420 -0.002016 0.089166 0.054477
23.550619 1.656953 20.892756 1.982872
0.911404 0.159430 0.308116 0.082194
0.159430 0.069688 0.038586 -0.001706
0.308116 0.038586 0.414430 0.110528
0.082194 -0.001706 0.110528 0.057577
24.043367 1.594494 21.802331 1.966403
0.796209 0.141053 0.297672 0.067241
0.141053 0.064515 0.025027 -0.004221
0.297672 0.025027 0.516839 0.135544
0.067241 -0.004221 0.135544 0.061454
24.845488 1.591721 22.837449 1.980002
0.719489 0.131997 0.254169 0.047972
0.131997 0.061765 0.007073 -0.007273
0.254169 0.007073 0.631294 0.160140
0.047972 -0.007273 0.160140 0.064961
24.181277 1.348864 22.871735 1.784143
0.306546 0.070174 -0.077414 -0.028442
0.070174 0.050929 -0.055045 -0.019121
-0.077414 -0.055045 0.560492 0.142508
-0.028442 -0.019121 0.142508 0.059266
24.655584 1.307519 23.658955 1.763616
0.341427 0.087019 -0.152087 -0.043629
0.087019 0.053879 -0.069547 -0.020079
-0.152087 -0.069547 0.685943 0.166335
-0.043629 -0.020079 0.166335 0.062713
25.294642 1.300731 24.642465 1.786791
0.415165 0.109321 -0.238572 -0.058965
0.109321 0.057590 -0.084582 -0.021137
-0.238572 -0.084582 0.832949 0.191232
-0.058965 -0.021137 0.191232 0.066034
25.916752 1.303457 24.920305 1.654031
0.521039 0.135547 -0.361667 -0.079421
0.135547 0.061769 -0.103380 -0.022903
-0.361667 -0.103380 0.836841 0.181541
-0.079421 -0.022903 0.181541 0.061574
26.775650 1.354888 25.993806 1.707551
0.653656 0.163014 -0.476600 -0.094770
0.163014 0.065610 -0.119248 -0.023870
-0.476600 -0.119248 1.006210 0.207549
-0.094770 -0.023870 0.207549 0.065275
27.522309 1.373582 27.029240 1.745740
0.802430 0.189153 -0.624349 -0.114305
0.189153 0.068590 -0.140272 -0.025853
-0.624349 -0.140272 1.169231 0.228371
-0.114305 -0.025853 0.228371 0.067485
27.581192 1.202370 26.672224 1.487190
0.956949 0.210609 -0.852502 -0.147169
0.210609 0.069779 -0.179149 -0.031328
-0.852502 -0.179149 1.218611 0.222235
-0.147169 -0.031328 0.222235 0.063863
28.222822 1.214786 27.506668 1.506814
1.150746 0.238131 -1.037611 -0.166890
0.238131 0.072621 -0.198817 -0.032435
-1.037611 -0.198817 1.435899 0.250646
-0.166890 -0.032435 0.250646 0.067764
28.621508 1.160363 28.108475 1.467397
1.365619 0.264717 -1.260604 -0.191337
0.264717 0.074708 -0.224270 -0.034760
-1.260604 -0.224270 1.658880 0.275389
-0.191337 -0.034760 0.275389 0.070330
29.466687 1.234964 29.148047 1.541634
1.632329 0.298867 -1.489268 -0.212006
0.298867 0.078481 -0.246241 -0.035899
-1.489268 -0.246241 1.913764 0.303543
-0.212006 -0.035899 0.303543 0.073523
30.287389 1.305374 30.423116 1.651223
1.928558 0.333421 -1.746168 -0.234871
0.333421 0.081850 -0.270611 -0.037478
-1.746168 -0.270611 2.191279 0.331772
-0.234871 -0.037478 0.331772 0.076344
31.113505 1.361598 31.619233 1.731799
2.265697 0.371058 -2.025579 -0.257888
0.371058 0.085409 -0.298464 -0.039476
-2.025579 -0.298464 2.439383 0.350518
-0.257888 -0.039476 0.350518 0.077154
31.902133 1.396017 32.717112 1.781409
2.643944 0.411010 -2.332915 -0.282077
0.411010 0.089000 -0.329243 -0.041771
-2.332915 -0.329243 2.677613 0.364563
-0.282077 -0.041771 0.364563 0.077078
32.709199 1.441026 34.037719 1.866872
3.061169 0.452686 -2.664520 -0.306791
0.452686 0.092657 -0.360053 -0.043837
-2.664520 -0.360053 2.936671 0.380435
-0.306791 -0.043837 0.380435 0.077457
33.098154 1.370728 34.835201 1.821985
3.513616 0.494734 -3.027253 -0.333489
0.494734 0.095879 -0.395033 -0.046540
-3.027253 -0.395033 3.165629 0.388276
-0.333489 -0.046540 0.388276 0.076345
33.598272 1.369284 36.308278 1.911616
4.014363 0.540577 -3.402612 -0.357836
0.540577 0.099806 -0.426206 -0.048181
-3.402612 -0.426206 3.435480 0.402836
-0.357836 -0.048181 0.402836 0.076788
34.242675 1.407260 38.019962 2.045118
4.556614 0.590861 -3.750299 -0.373341
0.590861 0.104467 -0.453359 -0.048790
-3.750299 -0.453359 3.637955 0.406592
-0.373341 -0.048790 0.406592 0.075893
34.557660 1.382459 39.743342 2.144636
5.134594 0.642976 -4.085971 -0.384262
0.642976 0.109133 -0.479340 -0.049169
-4.085971 -0.479340 3.781769 0.401170
-0.384262 -0.049169 0.401170 0.073787
35.965329 1.390810 39.001107 1.867726
5.673361 0.692340 -4.275185 -0.372150
0.692340 0.113659 -0.494013 -0.047835
-4.275185 -0.494013 3.668127 0.360978
-0.372150 -0.047835 0.360978 0.067238
37.091045 1.475340 40.148559 1.938887
6.300207 0.733943 -4.735002 -0.405766
0.733943 0.115676 -0.522141 -0.049829
-4.735002 -0.522141 4.018591 0.389646
-0.405766 -0.049829 0.389646 0.070379
38.488721 1.577229 41.055688 1.977782
6.932674 0.771303 -5.222511 -0.442759
0.771303 0.116972 -0.550353 -0.052106
-5.222511 -0.550353 4.403090 0.420921
-0.442759 -0.052106 0.420921 0.073492
39.206291 1.569073 42.089399 1.980619
7.421005 0.785064 -5.686366 -0.484740
0.785064 0.115161 -0.570430 -0.054589
-5.686366 -0.570430 4.824861 0.459136
-0.484740 -0.054589 0.459136 0.077285
39.823737 1.539985 43.030189 1.957919
7.993628 0.807936 -6.209430 -0.527972
0.807936 0.114732 -0.596181 -0.057179
-6.209430 -0.596181 5.285323 0.497020
-0.527972 -0.057179 0.497020 0.080630
40.784027 1.565531 43.961264 1.964460
8.662801 0.841028 -6.786350 -0.570395
0.841028 0.115745 -0.626366 -0.059567
-6.786350 -0.626366 5.781277 0.534462
-0.570395 -0.059567 0.534462 0.083722
41.672469 1.581644 44.947049 1.973915
9.331348 0.870787 -7.386731 -0.614533
0.870787 0.116366 -0.655769 -0.061937
-7.386731 -0.655769 6.315407 0.574564
-0.614533 -0.061937 0.574564 0.086962
