3.934487 2.535923 0.629950 -0.640062
2.415145 0.966079 -0.761561 -0.304631
0.966079 80.390507 -0.304631 -0.121855
-0.761561 -0.304631 4.551609 1.820683
-0.304631 -0.121855 1.820683 80.732356
5.864389 3.774526 1.608865 1.465558
3.058948 5.343334 -0.473940 -0.574378
5.343334 17.478341 -0.748765 -2.835809
-0.473940 -0.748765 1.420041 2.231563
-0.574378 -2.835809 2.231563 17.150820
6.725953 2.611947 4.313161 4.125504
1.290548 1.409728 0.584066 0.854995
1.409728 3.491358 0.621227 0.454088
0.584066 0.621227 1.233615 1.715876
0.854995 0.454088 1.715876 4.809429
8.588183 3.322450 4.733635 2.369907
1.394081 1.299547 -0.019682 -0.175755
1.299547 1.895407 -0.234278 -0.455176
-0.019682 -0.234278 1.838741 1.898359
-0.175755 -0.455176 1.898359 2.661770
8.568692 2.053795 7.590225 3.672973
1.403524 1.005280 -0.329106 -0.309456
1.005280 1.017749 -0.324122 -0.293307
-0.329106 -0.324122 1.819035 1.343980
-0.309456 -0.293307 1.343980 1.285139
7.439333 0.886508 6.833224 2.242615
1.076395 0.623357 -0.876966 -0.516570
0.623357 0.520614 -0.516687 -0.303066
-0.876966 -0.516687 1.185801 0.687944
-0.516570 -0.303066 0.687944 0.554649
8.363454 1.058894 6.381201 1.454128
1.053646 0.510871 -0.817023 -0.369716
0.510871 0.344620 -0.370978 -0.168100
-0.817023 -0.370978 1.130632 0.543319
-0.369716 -0.168100 0.543319 0.355916
8.532063 0.929771 7.694641 1.697415
0.983832 0.415216 -0.617853 -0.218351
0.415216 0.240324 -0.218826 -0.077897
-0.617853 -0.218826 1.039272 0.432557
-0.218351 -0.077897 0.432557 0.244194
10.259518 1.407837 8.054097 1.573467
0.894476 0.331955 -0.468645 -0.135733
0.331955 0.170333 -0.133021 -0.039959
-0.468645 -0.133021 0.986666 0.362156
-0.135733 -0.039959 0.362156 0.179674
10.575945 1.284010 9.114856 1.650916
0.868359 0.287534 -0.389185 -0.096137
0.287534 0.132034 -0.093803 -0.025281
-0.389185 -0.093803 0.959759 0.313450
-0.096137 -0.025281 0.313450 0.139145
10.689365 1.093456 9.246665 1.419531
0.755556 0.223958 -0.351602 -0.081382
0.223958 0.097061 -0.078537 -0.021308
-0.351602 -0.078537 0.876046 0.256475
-0.081382 -0.021308 0.256475 0.105892
10.725372 0.974336 10.830189 1.648250
0.735996 0.201929 -0.278066 -0.055690
0.201929 0.082580 -0.054910 -0.013878
-0.278066 -0.054910 0.798144 0.214544
-0.055690 -0.013878 0.214544 0.085138
11.008619 0.927686 11.929412 1.714067
0.704820 0.179870 -0.240135 -0.044114
0.179870 0.070974 -0.044442 -0.011023
-0.240135 -0.044442 0.724111 0.180754
-0.044114 -0.011023 0.180754 0.070582
11.784722 1.008966 12.966488 1.764599
0.683977 0.164570 -0.196771 -0.032559
0.164570 0.063501 -0.032873 -0.008034
-0.196771 -0.032873 0.691911 0.163314
-0.032559 -0.008034 0.163314 0.062879
12.915028 1.150585 13.613031 1.722431
0.640361 0.146793 -0.145927 -0.021220
0.146793 0.056944 -0.021150 -0.005392
-0.145927 -0.021150 0.655790 0.148058
-0.021220 -0.005392 0.148058 0.057144
13.949312 1.248195 14.174601 1.663888
0.594900 0.131007 -0.122484 -0.017192
0.131007 0.051879 -0.017055 -0.004646
-0.122484 -0.017055 0.611890 0.133028
-0.017192 -0.004646 0.133028 0.052356
14.645223 1.268039 15.297757 1.727311
0.585211 0.125424 -0.097918 -0.012553
0.125424 0.049875 -0.012543 -0.003654
-0.097918 -0.012543 0.591306 0.125270
-0.012553 -0.003654 0.125270 0.049918
16.297367 1.478686 15.790445 1.662183
0.533139 0.111861 -0.070680 -0.008209
0.111861 0.046549 -0.007930 -0.002797
-0.070680 -0.007930 0.557380 0.115922
-0.008209 -0.002797 0.115922 0.047544
16.649133 1.394701 16.334765 1.598861
0.539049 0.111850 -0.069051 -0.008682
0.111850 0.046434 -0.008510 -0.002882
-0.069051 -0.008510 0.557819 0.114628
-0.008682 -0.002882 0.114628 0.047112
17.265852 1.384316 17.822629 1.739051
0.534197 0.110006 -0.045693 -0.004584
0.110006 0.046044 -0.004548 -0.002011
-0.045693 -0.004548 0.536641 0.109433
-0.004584 -0.002011 0.109433 0.046020
18.442103 1.486439 19.067696 1.819071
0.525928 0.107521 -0.055698 -0.007539
0.107521 0.045538 -0.007529 -0.002607
-0.055698 -0.007529 0.527755 0.107122
-0.007539 -0.002607 0.107122 0.045593
19.077656 1.472642 21.233581 2.074002
0.512647 0.104607 -0.035563 -0.003934
0.104607 0.045062 -0.003991 -0.001796
-0.035563 -0.003991 0.501575 0.101824
-0.003934 -0.001796 0.101824 0.044654
20.146821 1.541795 22.475489 2.117619
0.503553 0.102831 -0.024889 -0.002415
0.102831 0.044849 -0.002444 -0.001432
-0.024889 -0.002444 0.495145 0.101004
-0.002415 -0.001432 0.101004 0.044683
20.556961 1.465419 22.938149 1.993799
0.492530 0.100811 -0.024064 -0.002907
0.100811 0.044586 -0.002941 -0.001493
-0.024064 -0.002941 0.481611 0.098729
-0.002907 -0.001493 0.098729 0.044376
20.884578 1.381235 23.677024 1.939161
0.482969 0.099293 -0.020052 -0.002547
0.099293 0.044434 -0.002576 -0.001346
-0.020052 -0.002576 0.472112 0.097457
-0.002547 -0.001346 0.097457 0.044276
21.004426 1.264109 25.008396 2.012947
0.468357 0.096855 -0.007916 -0.000420
0.096855 0.044083 -0.000445 -0.000831
-0.007916 -0.000445 0.462498 0.096215
-0.000420 -0.000831 0.096215 0.044158
21.222859 1.177058 25.482005 1.900522
0.474437 0.098857 -0.002577 0.000249
0.098857 0.044648 0.000217 -0.000640
-0.002577 0.000217 0.466139 0.097740
0.000249 -0.000640 0.097740 0.044588
21.631173 1.139697 26.928718 2.005019
0.432678 0.090569 -0.006613 -0.001056
0.090569 0.042978 -0.001062 -0.000867
-0.006613 -0.001062 0.440651 0.092871
-0.001056 -0.000867 0.092871 0.043598
22.753477 1.257001 28.443366 2.114180
0.423830 0.089863 -0.005658 -0.001054
0.089863 0.043007 -0.001054 -0.000781
-0.005658 -0.001054 0.447967 0.095310
-0.001054 -0.000781 0.095310 0.044213
23.651965 1.314925 29.412502 2.095382
0.439445 0.094289 -0.001049 -0.000197
0.094289 0.044075 -0.000194 -0.000515
-0.001049 -0.000194 0.465907 0.099663
-0.000197 -0.000515 0.099663 0.045148
23.916363 1.230159 30.439034 2.090972
0.438007 0.094464 0.003094 0.000533
0.094464 0.044090 0.000540 -0.000296
0.003094 0.000540 0.476047 0.101832
0.000533 -0.000296 0.101832 0.045516
24.207896 1.160077 31.532798 2.101497
0.425906 0.092219 -0.010683 -0.002573
0.092219 0.043562 -0.002622 -0.000922
-0.010683 -0.002622 0.482067 0.102885
-0.002573 -0.000922 0.102885 0.045619
24.729802 1.147440 32.511808 2.086255
0.442069 0.096234 -0.017379 -0.003830
0.096234 0.044423 -0.003902 -0.001090
-0.017379 -0.003902 0.500730 0.106516
-0.003830 -0.001090 0.106516 0.046274
25.011030 1.083836 33.749870 2.127373
0.454421 0.098926 -0.018305 -0.003726
0.098926 0.044901 -0.003785 -0.000957
-0.018305 -0.003785 0.523296 0.110623
-0.003726 -0.000957 0.110623 0.046987
25.653051 1.105579 34.828345 2.130555
0.461585 0.100180 -0.022227 -0.004275
0.100180 0.045029 -0.004344 -0.000992
-0.022227 -0.004344 0.537376 0.112587
-0.004275 -0.000992 0.112587 0.047213
26.498574 1.168180 35.412688 2.031108
0.450315 0.097326 -0.025111 -0.004593
0.097326 0.044274 -0.004665 -0.000993
-0.025111 -0.004665 0.532190 0.110457
-0.004593 -0.000993 0.110457 0.046611
27.256937 1.204933 35.985044 1.940016
0.447277 0.096571 -0.021153 -0.003486
0.096571 0.044062 -0.003507 -0.000699
-0.021153 -0.003507 0.528518 0.108995
-0.003486 -0.000699 0.108995 0.046246
28.827487 1.415074 37.425005 2.038762
0.365425 0.078810 -0.043892 -0.008185
0.078810 0.040189 -0.008234 -0.001691
-0.043892 -0.008234 0.537240 0.110265
-0.008185 -0.001691 0.110265 0.046490
29.504202 1.407024 38.117159 1.971687
0.388184 0.085470 -0.053637 -0.009509
0.085470 0.041946 -0.009763 -0.001887
-0.053637 -0.009763 0.544695 0.111255
-0.009509 -0.001887 0.111255 0.046679
30.326321 1.431908 38.805912 1.911747
0.394572 0.087662 -0.057873 -0.009728
0.087662 0.042484 -0.010021 -0.001852
-0.057873 -0.010021 0.549010 0.111612
-0.009728 -0.001852 0.111612 0.046743
30.588314 1.331076 39.908699 1.938646
0.379154 0.084641 -0.056978 -0.009113
0.084641 0.041775 -0.009152 -0.001653
-0.056978 -0.009152 0.560758 0.113558
-0.009113 -0.001653 0.113558 0.047146
30.955326 1.261828 40.635772 1.887430
0.387795 0.087241 -0.054022 -0.008054
0.087241 0.042374 -0.008104 -0.001419
-0.054022 -0.008104 0.557504 0.112376
-0.008054 -0.001419 0.112376 0.046899
31.450381 1.230215 41.474950 1.865273
0.409011 0.092308 -0.050808 -0.007022
0.092308 0.043449 -0.007172 -0.001225
-0.050808 -0.007172 0.554547 0.111455
-0.007022 -0.001225 0.111455 0.046745
31.754534 1.157293 42.064781 1.793767
0.409994 0.092222 -0.044712 -0.005734
0.092222 0.043258 -0.005793 -0.001008
-0.044712 -0.005793 0.544306 0.109244
-0.005734 -0.001008 0.109244 0.046357
32.814894 1.264520 42.815122 1.767983
0.408857 0.091780 -0.024094 -0.001684
0.091780 0.043051 -0.001338 -0.000190
-0.024094 -0.001338 0.531217 0.106818
-0.001684 -0.000190 0.106818 0.045983
33.484548 1.270743 43.374138 1.702616
0.407172 0.091199 -0.010598 0.000566
0.091199 0.042831 0.001030 0.000153
-0.010598 0.001030 0.512723 0.103453
0.000566 0.000153 0.103453 0.045425
34.149347 1.279212 44.586242 1.776004
0.438833 0.098032 -0.016116 -0.001012
0.098032 0.044281 -0.000892 -0.000335
-0.016116 -0.000892 0.517623 0.104988
-0.001012 -0.000335 0.104988 0.045864
34.890286 1.299591 44.994176 1.678645
0.456638 0.101134 -0.009766 -0.000062
0.101134 0.044790 -0.000069 -0.000218
-0.009766 -0.000069 0.485060 0.098762
-0.000062 -0.000218 0.098762 0.044675
35.626313 1.318230 45.754855 1.662762
0.492956 0.107984 -0.022075 -0.002926
0.107984 0.046098 -0.003235 -0.000902
-0.022075 -0.003235 0.480092 0.098608
-0.002926 -0.000902 0.098608 0.044786
36.901584 1.450907 46.457454 1.637968
0.512751 0.110729 -0.002465 0.001064
0.110729 0.046457 0.000785 -0.000041
-0.002465 0.000785 0.433224 0.089768
0.001064 -0.000041 0.089768 0.043068
