0.765560 1.268325 -0.967867 -1.279202
1.927121 0.770865 0.009568 0.003827
0.770865 80.312419 0.003827 0.001531
0.009568 0.003827 4.149583 1.659869
0.003827 0.001531 1.659869 80.668029
5.344681 8.356005 -0.025142 1.275779
3.068716 5.515533 -1.535156 -2.484171
5.515533 16.684410 -2.760240 -4.440705
-1.535156 -2.760240 2.106300 3.406312
-2.484171 -4.440705 3.406312 18.290894
7.600264 6.275639 1.495246 2.103674
1.827354 2.069788 0.144443 0.531935
2.069788 3.920006 0.307752 0.470612
0.144443 0.307752 1.547073 2.101803
0.531935 0.470612 2.101803 5.246954
8.992259 4.827534 3.553339 3.016073
0.969362 0.800320 0.326450 0.333734
0.800320 1.254264 0.263070 0.125428
0.326450 0.263070 1.639192 1.564194
0.333734 0.125428 1.564194 2.239128
8.214785 2.623222 4.519899 2.742535
0.248308 0.172771 0.006170 -0.004600
0.172771 0.397573 -0.054284 -0.102402
0.006170 -0.054284 1.678296 1.207757
-0.004600 -0.102402 1.207757 1.195454
9.716835 2.772390 5.292754 2.393328
0.418755 0.300982 -0.096696 -0.077374
0.300982 0.351327 -0.106026 -0.098831
-0.096696 -0.106026 1.670115 0.951133
-0.077374 -0.098831 0.951133 0.717027
8.801865 1.427176 5.617018 2.065913
0.283520 0.170167 -0.305842 -0.152033
0.170167 0.175626 -0.196465 -0.107410
-0.305842 -0.196465 1.534325 0.724561
-0.152033 -0.107410 0.724561 0.449995
9.564833 1.444319 5.440866 1.582554
0.387776 0.202157 -0.353127 -0.143577
0.202157 0.151040 -0.175487 -0.077206
-0.353127 -0.175487 1.486574 0.596167
-0.143577 -0.077206 0.596167 0.312914
10.178321 1.427432 8.748443 2.463674
0.466497 0.208735 -0.273323 -0.092632
0.208735 0.125452 -0.109602 -0.041062
-0.273323 -0.109602 1.141293 0.398125
-0.092632 -0.041062 0.398125 0.193845
10.558902 1.284598 9.078692 2.175622
0.561145 0.216381 -0.310283 -0.091376
0.216381 0.108608 -0.108259 -0.034813
-0.310283 -0.108259 1.031769 0.321706
-0.091376 -0.034813 0.321706 0.144055
10.934454 1.190489 10.007648 2.125736
0.638630 0.216250 -0.292054 -0.074696
0.216250 0.094923 -0.087533 -0.024643
-0.292054 -0.087533 0.976715 0.277597
-0.074696 -0.024643 0.277597 0.115677
11.504066 1.181005 10.945718 2.091986
0.673677 0.203707 -0.240936 -0.053394
0.203707 0.081604 -0.062263 -0.015599
-0.240936 -0.062263 0.905041 0.237813
-0.053394 -0.015599 0.237813 0.094815
12.592505 1.318386 11.919035 2.081805
0.646898 0.177462 -0.179341 -0.034426
0.177462 0.067999 -0.040194 -0.009235
-0.179341 -0.040194 0.801784 0.197280
-0.034426 -0.009235 0.197280 0.077979
13.057564 1.263866 12.510728 1.972709
0.620183 0.156532 -0.178125 -0.032737
0.156532 0.058722 -0.037639 -0.008387
-0.178125 -0.037639 0.720638 0.167627
-0.032737 -0.008387 0.167627 0.066556
13.579109 1.237608 13.511413 1.974295
0.627165 0.148321 -0.162066 -0.027311
0.148321 0.054545 -0.031330 -0.006590
-0.162066 -0.031330 0.694505 0.155129
-0.027311 -0.006590 0.155129 0.061031
14.530463 1.306216 13.858947 1.838967
0.589291 0.131987 -0.144439 -0.022923
0.131987 0.049475 -0.025900 -0.005343
-0.144439 -0.025900 0.648262 0.140018
-0.022923 -0.005343 0.140018 0.055866
15.475810 1.375594 15.325341 1.960268
0.576580 0.124331 -0.110164 -0.015074
0.124331 0.047269 -0.017489 -0.003468
-0.110164 -0.017489 0.614880 0.129914
-0.015074 -0.003468 0.129914 0.052616
15.412848 1.218020 16.391097 1.967798
0.566236 0.118499 -0.098963 -0.012900
0.118499 0.045829 -0.015055 -0.003020
-0.098963 -0.015055 0.578351 0.120067
-0.012900 -0.003020 0.120067 0.049816
16.000983 1.216135 17.624811 2.019406
0.549634 0.112778 -0.067551 -0.006768
0.112778 0.044738 -0.008606 -0.001762
-0.067551 -0.008606 0.550040 0.113345
-0.006768 -0.001762 0.113345 0.048088
16.783101 1.248755 18.317105 1.955932
0.521866 0.105592 -0.060355 -0.006286
0.105592 0.043490 -0.007730 -0.001764
-0.060355 -0.007730 0.520192 0.106688
-0.006286 -0.001764 0.106688 0.046507
17.557710 1.281751 19.624220 2.025497
0.517145 0.104051 -0.061929 -0.007255
0.104051 0.043531 -0.008434 -0.001989
-0.061929 -0.008434 0.512269 0.105104
-0.007255 -0.001989 0.105104 0.046120
18.008119 1.246520 21.060169 2.111103
0.503325 0.101061 -0.063326 -0.008096
0.101061 0.043287 -0.009070 -0.002173
-0.063326 -0.009070 0.491210 0.100929
-0.008096 -0.002173 0.100929 0.045233
18.877721 1.295780 22.041139 2.097955
0.493591 0.099469 -0.046587 -0.004972
0.099469 0.043368 -0.005814 -0.001505
-0.046587 -0.005814 0.484460 0.100229
-0.004972 -0.001505 0.100229 0.045168
19.594932 1.311811 23.375819 2.158200
0.489925 0.099301 -0.032483 -0.002561
0.099301 0.043697 -0.003298 -0.001021
-0.032483 -0.003298 0.483760 0.100718
-0.002561 -0.001021 0.100718 0.045321
19.980574 1.255892 24.327201 2.129467
0.488971 0.099661 -0.028017 -0.002286
0.099661 0.044061 -0.002907 -0.000999
-0.028017 -0.002907 0.482976 0.100963
-0.002286 -0.000999 0.100963 0.045370
20.702930 1.276836 25.713108 2.197490
0.488711 0.100164 -0.017830 -0.000735
0.100164 0.044399 -0.001249 -0.000686
-0.017830 -0.001249 0.490443 0.102876
-0.000735 -0.000686 0.102876 0.045758
21.152782 1.237631 26.718146 2.176896
0.483656 0.099595 -0.011083 0.000018
0.099595 0.044455 -0.000405 -0.000553
-0.011083 -0.000405 0.489779 0.102808
0.000018 -0.000553 0.102808 0.045682
21.781180 1.239336 27.706681 2.155947
0.475316 0.098342 -0.012982 -0.001018
0.098342 0.044335 -0.001329 -0.000778
-0.012982 -0.001329 0.488430 0.102532
-0.001018 -0.000778 0.102532 0.045561
22.554660 1.270780 28.514333 2.099592
0.470049 0.097807 -0.011829 -0.001193
0.097807 0.044350 -0.001435 -0.000784
-0.011829 -0.001435 0.487920 0.102448
-0.001193 -0.000784 0.102448 0.045497
22.810053 1.190407 29.037268 1.988136
0.466780 0.097668 -0.015014 -0.002174
0.097668 0.044418 -0.002365 -0.000947
-0.015014 -0.002365 0.485269 0.101892
-0.002174 -0.000947 0.101892 0.045338
23.694691 1.251426 30.128767 2.009127
0.443852 0.093350 -0.008192 -0.000924
0.093350 0.043578 -0.001044 -0.000620
-0.008192 -0.001044 0.480623 0.100973
-0.000924 -0.000620 0.100973 0.045123
24.706091 1.333433 31.286659 2.041892
0.434186 0.092115 -0.020900 -0.003820
0.092115 0.043424 -0.003921 -0.001192
-0.020900 -0.003921 0.486881 0.102386
-0.003820 -0.001192 0.102386 0.045408
25.739940 1.412732 32.790297 2.143971
0.422446 0.090414 -0.032722 -0.006208
0.090414 0.043140 -0.006299 -0.001606
-0.032722 -0.006299 0.500073 0.105098
-0.006208 -0.001606 0.105098 0.045938
26.276833 1.375329 33.532216 2.074347
0.428816 0.092653 -0.032595 -0.005815
0.092653 0.043692 -0.005890 -0.001401
-0.032595 -0.005890 0.505754 0.105988
-0.005815 -0.001401 0.105988 0.046049
27.060201 1.394879 34.143300 1.985560
0.437034 0.094949 -0.029781 -0.004917
0.094949 0.044174 -0.004971 -0.001125
-0.029781 -0.004971 0.508162 0.106142
-0.004917 -0.001125 0.106142 0.046011
28.463468 1.548796 35.176245 1.996289
0.400922 0.087179 -0.051374 -0.009367
0.087179 0.042383 -0.009491 -0.002053
-0.051374 -0.009491 0.509281 0.105970
-0.009367 -0.002053 0.105970 0.045907
29.057494 1.510970 36.572485 2.078251
0.412284 0.090540 -0.052790 -0.009031
0.090540 0.043188 -0.009088 -0.001846
-0.052790 -0.009088 0.532973 0.110624
-0.009031 -0.001846 0.110624 0.046847
29.631394 1.471003 37.648616 2.084869
0.411955 0.090843 -0.054067 -0.008832
0.090843 0.043207 -0.008830 -0.001731
-0.054067 -0.008830 0.544122 0.112256
-0.008832 -0.001731 0.112256 0.047086
30.165008 1.424379 38.414408 2.026685
0.423759 0.093723 -0.053731 -0.008307
0.093723 0.043782 -0.008360 -0.001585
-0.053731 -0.008360 0.546651 0.112045
-0.008307 -0.001585 0.112045 0.046955
30.611231 1.366588 39.599305 2.059924
0.426282 0.094201 -0.050152 -0.007295
0.094201 0.043769 -0.007219 -0.001347
-0.050152 -0.007219 0.557117 0.113597
-0.007295 -0.001347 0.113597 0.047227
31.135927 1.331116 40.579200 2.048618
0.417632 0.092126 -0.047045 -0.006603
0.092126 0.043198 -0.006397 -0.001222
-0.047045 -0.006397 0.560957 0.113732
-0.006603 -0.001222 0.113732 0.047208
31.867334 1.342041 41.092568 1.945716
0.420552 0.092815 -0.043086 -0.005746
0.092815 0.043301 -0.005605 -0.001095
-0.043086 -0.005605 0.549957 0.110956
-0.005746 -0.001095 0.110956 0.046629
32.419878 1.311872 41.498146 1.830383
0.423854 0.093494 -0.039356 -0.005032
0.093494 0.043393 -0.004963 -0.001007
-0.039356 -0.004963 0.536561 0.108047
-0.005032 -0.001007 0.108047 0.046091
32.928194 1.279707 42.478554 1.842588
0.437547 0.096369 -0.038625 -0.004926
0.096369 0.043964 -0.004931 -0.001031
-0.038625 -0.004931 0.538974 0.108630
-0.004926 -0.001031 0.108630 0.046305
33.763192 1.321814 43.274876 1.818552
0.445990 0.097858 -0.029166 -0.003103
0.097858 0.044200 -0.003062 -0.000685
-0.029166 -0.003062 0.528038 0.106535
-0.003103 -0.000685 0.106535 0.045965
34.435325 1.324801 44.277840 1.837592
0.460402 0.100500 -0.025290 -0.002535
0.100500 0.044678 -0.002570 -0.000633
-0.025290 -0.002570 0.519368 0.105060
-0.002535 -0.000633 0.105060 0.045762
35.080263 1.320745 45.143397 1.826684
0.469406 0.101772 -0.017621 -0.001253
0.101772 0.044843 -0.001334 -0.000428
-0.017621 -0.001334 0.496624 0.100855
-0.001253 -0.000428 0.100855 0.045011
35.676913 1.306610 45.958710 1.806353
0.502952 0.108190 -0.032137 -0.004484
0.108190 0.046113 -0.004873 -0.001180
-0.032137 -0.004873 0.489502 0.100065
-0.004484 -0.001180 0.100065 0.044974
36.146735 1.267981 46.968467 1.827568
0.533350 0.113349 -0.047997 -0.007690
0.113349 0.047025 -0.008251 -0.001834
-0.047997 -0.008251 0.485182 0.099832
-0.007690 -0.001834 0.099832 0.045021
36.753166 1.262263 47.897661 1.830637
0.551128 0.115515 -0.049622 -0.007702
0.115515 0.047284 -0.008357 -0.001772
-0.049622 -0.008357 0.459266 0.095099
-0.007702 -0.001772 0.095099 0.044111
