3.044055 2.179743 1.153928 -0.430466
2.386008 0.954424 -0.081446 -0.032579
0.954424 80.385845 -0.032579 -0.013032
-0.081446 -0.032579 2.393808 0.957544
-0.032579 -0.013032 0.957544 80.387093
6.571784 6.455859 0.364380 -1.421070
2.303720 4.044179 -0.072548 -0.110934
4.044179 15.245247 -0.110535 -0.402387
-0.072548 -0.110535 2.366764 4.153254
-0.110934 -0.402387 4.153254 15.456635
3.637110 -0.620763 0.521605 -0.435799
1.951642 2.241396 -0.063065 -0.069723
2.241396 4.423962 -0.069688 -0.137218
-0.063065 -0.069688 1.990309 2.277448
-0.069723 -0.137218 2.277448 4.470429
7.756176 3.103535 2.617336 1.504735
1.698363 1.427613 -0.060241 -0.049945
1.427613 1.884501 -0.049946 -0.064138
-0.060241 -0.049946 1.738564 1.457117
-0.049945 -0.064138 1.457117 1.913476
6.812661 1.458960 3.639384 1.681333
1.481419 0.976394 -0.069801 -0.045488
0.976394 0.970241 -0.045525 -0.040521
-0.069801 -0.045525 1.502015 0.987220
-0.045488 -0.040521 0.987220 0.979971
7.073415 1.205054 4.449075 1.664225
1.291840 0.699677 -0.049590 -0.025821
0.699677 0.561952 -0.025830 -0.019504
-0.049590 -0.025830 1.306316 0.706253
-0.025821 -0.019504 0.706253 0.567492
9.306083 1.955339 4.699884 1.397850
1.149826 0.529461 -0.031113 -0.013578
0.529461 0.358622 -0.013571 -0.009668
-0.031113 -0.013571 1.171183 0.538760
-0.013578 -0.009668 0.538760 0.364347
9.825007 1.771413 6.001487 1.639340
1.026866 0.412070 -0.020706 -0.008027
0.412070 0.244059 -0.008021 -0.005584
-0.020706 -0.008021 1.041721 0.417618
-0.008027 -0.005584 0.417618 0.247250
10.337667 1.638309 6.738445 1.609870
0.938240 0.334776 -0.022153 -0.007947
0.334776 0.177491 -0.007944 -0.004551
-0.022153 -0.007944 0.950567 0.338911
-0.007947 -0.004551 0.338911 0.179666
10.805202 1.524866 8.471633 1.908936
0.860450 0.277351 -0.019029 -0.006235
0.277351 0.134973 -0.006232 -0.003249
-0.019029 -0.006232 0.867521 0.279462
-0.006235 -0.003249 0.279462 0.136174
11.714004 1.568116 9.223112 1.848988
0.803410 0.237252 -0.020587 -0.006188
0.237252 0.107833 -0.006187 -0.002741
-0.020587 -0.006187 0.810310 0.239229
-0.006188 -0.002741 0.239229 0.108826
12.970077 1.697323 10.886550 2.051268
0.746892 0.204492 -0.021541 -0.005926
0.204492 0.088760 -0.005925 -0.002290
-0.021541 -0.005925 0.752053 0.205888
-0.005926 -0.002290 0.205888 0.089459
13.798807 1.692115 11.238289 1.878194
0.690888 0.177421 -0.017548 -0.004415
0.177421 0.075090 -0.004414 -0.001618
-0.017548 -0.004414 0.696537 0.178884
-0.004415 -0.001618 0.178884 0.075716
13.892017 1.508910 13.014801 2.082027
0.654961 0.159565 -0.014150 -0.003281
0.159565 0.066289 -0.003281 -0.001159
-0.014150 -0.003281 0.657498 0.160187
-0.003281 -0.001159 0.160187 0.066633
14.543696 1.485098 14.553124 2.198021
0.622935 0.145307 -0.011536 -0.002486
0.145307 0.059940 -0.002487 -0.000855
-0.011536 -0.002487 0.624158 0.145619
-0.002486 -0.000855 0.145619 0.060170
15.231903 1.472772 15.426422 2.147134
0.597034 0.134492 -0.005746 -0.001070
0.134492 0.055472 -0.001071 -0.000455
-0.005746 -0.001071 0.598040 0.134771
-0.001070 -0.000455 0.134771 0.055664
15.766287 1.428281 15.778589 1.988865
0.573920 0.125799 -0.008152 -0.001617
0.125799 0.052212 -0.001618 -0.000536
-0.008152 -0.001618 0.575035 0.126108
-0.001617 -0.000536 0.126108 0.052386
16.254744 1.379940 17.144515 2.068609
0.557572 0.119737 -0.009561 -0.001865
0.119737 0.050036 -0.001865 -0.000543
-0.009561 -0.001865 0.557918 0.119874
-0.001865 -0.000543 0.119874 0.050150
17.135567 1.420400 18.373865 2.109978
0.540734 0.114382 -0.007374 -0.001317
0.114382 0.048347 -0.001318 -0.000384
-0.007374 -0.001318 0.540892 0.114482
-0.001317 -0.000384 0.114482 0.048437
18.021285 1.457192 19.501943 2.125381
0.526615 0.110277 -0.007463 -0.001302
0.110277 0.047163 -0.001302 -0.000355
-0.007463 -0.001302 0.526693 0.110362
-0.001302 -0.000355 0.110362 0.047237
19.111831 1.532534 20.564275 2.125510
0.514873 0.107168 -0.010853 -0.001971
0.107168 0.046347 -0.001971 -0.000473
-0.010853 -0.001971 0.515023 0.107266
-0.001971 -0.000473 0.107266 0.046412
19.636612 1.481887 20.931183 1.980815
0.505256 0.104864 -0.008459 -0.001374
0.104864 0.045800 -0.001375 -0.000321
-0.008459 -0.001375 0.505334 0.104940
-0.001374 -0.000321 0.104940 0.045851
19.532056 1.306065 21.402041 1.872275
0.496451 0.102975 -0.007602 -0.001160
0.102975 0.045399 -0.001161 -0.000265
-0.007602 -0.001161 0.496306 0.102999
-0.001160 -0.000265 0.102999 0.045431
20.023396 1.272444 22.291827 1.862501
0.493052 0.102391 -0.006865 -0.000989
0.102391 0.045304 -0.000990 -0.000224
-0.006865 -0.000990 0.492868 0.102404
-0.000989 -0.000224 0.102404 0.045328
19.928571 1.120173 22.992189 1.813795
0.487548 0.101405 -0.010873 -0.001825
0.101405 0.045126 -0.001825 -0.000396
-0.010873 -0.001825 0.487209 0.101382
-0.001825 -0.000396 0.101382 0.045138
20.280982 1.076981 23.999043 1.834422
0.484148 0.100931 -0.009402 -0.001440
0.100931 0.045063 -0.001441 -0.000301
-0.009402 -0.001441 0.483853 0.100916
-0.001440 -0.000301 0.100916 0.045073
20.846133 1.083168 25.447177 1.945466
0.479470 0.100203 -0.006839 -0.000874
0.100203 0.044942 -0.000874 -0.000180
-0.006839 -0.000874 0.479478 0.100248
-0.000874 -0.000180 0.100248 0.044961
21.774326 1.164611 26.790787 2.023656
0.477731 0.100115 -0.008916 -0.001334
0.100115 0.044951 -0.001333 -0.000284
-0.008916 -0.001333 0.478179 0.100243
-0.001334 -0.000284 0.100243 0.044984
22.502065 1.195142 27.782434 2.019586
0.475793 0.099958 -0.004236 -0.000331
0.099958 0.044935 -0.000330 -0.000071
-0.004236 -0.000330 0.476507 0.100126
-0.000331 -0.000071 0.100126 0.044972
23.639214 1.308959 28.993873 2.062593
0.474066 0.099818 0.000860 0.000664
0.099818 0.044913 0.000665 0.000122
0.000860 0.000665 0.475243 0.100064
0.000664 0.000122 0.100064 0.044962
23.871121 1.219545 29.629391 1.978835
0.475404 0.100293 0.003322 0.001023
0.100293 0.045012 0.001024 0.000169
0.003322 0.001024 0.476683 0.100537
0.001023 0.000169 0.100537 0.045057
24.609125 1.246717 30.911730 2.040709
0.478011 0.100954 0.005387 0.001285
0.100954 0.045135 0.001286 0.000199
0.005387 0.001286 0.479963 0.101320
0.001285 0.000199 0.101320 0.045203
25.326161 1.266516 31.748552 2.001963
0.475207 0.100383 0.002250 0.000447
0.100383 0.044983 0.000447 0.000002
0.002250 0.000447 0.477502 0.100792
0.000447 0.000002 0.100792 0.045057
26.160446 1.308926 33.139447 2.084250
0.476343 0.100682 0.000151 -0.000067
0.100682 0.045028 -0.000067 -0.000102
0.000151 -0.000067 0.479595 0.101265
-0.000067 -0.000102 0.101265 0.045136
27.179545 1.386004 34.196432 2.087306
0.474747 0.100357 0.001531 0.000219
0.100357 0.044936 0.000219 -0.000025
0.001531 0.000219 0.478525 0.101011
0.000219 -0.000025 0.101011 0.045055
26.936913 1.188313 34.659439 1.965007
0.472201 0.099852 0.001332 0.000151
0.099852 0.044813 0.000151 -0.000030
0.001332 0.000151 0.476472 0.100569
0.000151 -0.000030 0.100569 0.044943
27.747471 1.234123 35.583969 1.952702
0.472273 0.099936 -0.000303 -0.000206
0.099936 0.044825 -0.000207 -0.000096
-0.000303 -0.000207 0.477062 0.100722
-0.000206 -0.000096 0.100722 0.044967
27.579595 1.068017 36.278881 1.893469
0.472173 0.099960 0.000385 -0.000033
0.099960 0.044821 -0.000034 -0.000043
0.000385 -0.000034 0.477831 0.100890
-0.000033 -0.000043 0.100890 0.044991
28.705931 1.193346 37.724842 1.998731
0.470859 0.099713 -0.001281 -0.000372
0.099713 0.044758 -0.000374 -0.000105
-0.001281 -0.000374 0.477907 0.100890
-0.000372 -0.000105 0.100890 0.044978
29.129561 1.156759 38.101007 1.867212
0.470768 0.099739 -0.000755 -0.000216
0.099739 0.044758 -0.000217 -0.000058
-0.000755 -0.000217 0.477650 0.100819
-0.000216 -0.000058 0.100819 0.044953
29.908405 1.199241 39.078293 1.876418
0.469318 0.099463 -0.000370 -0.000108
0.099463 0.044691 -0.000109 -0.000028
-0.000370 -0.000109 0.477127 0.100697
-0.000108 -0.000028 0.100697 0.044919
30.384896 1.173134 39.983813 1.869523
0.468987 0.099441 0.000883 0.000171
0.099441 0.044684 0.000171 0.000035
0.000883 0.000171 0.477828 0.100845
0.000171 0.000035 0.100845 0.044947
31.365112 1.256634 40.936594 1.873301
0.467567 0.099181 -0.001796 -0.000408
0.099181 0.044624 -0.000410 -0.000090
-0.001796 -0.000410 0.477160 0.100689
-0.000408 -0.000090 0.100689 0.044908
32.228998 1.306631 41.859394 1.870385
0.467411 0.099203 -0.002244 -0.000460
0.099203 0.044628 -0.000462 -0.000092
-0.002244 -0.000462 0.477749 0.100813
-0.000460 -0.000092 0.100813 0.044932
33.318349 1.399186 42.551160 1.819077
0.469853 0.099764 -0.003096 -0.000596
0.099764 0.044744 -0.000599 -0.000114
-0.003096 -0.000599 0.479979 0.101271
-0.000596 -0.000114 0.101271 0.045025
33.378568 1.263442 43.412511 1.808771
0.468894 0.099540 -0.006252 -0.001212
0.099540 0.044681 -0.001219 -0.000238
-0.006252 -0.001219 0.480847 0.101398
-0.001212 -0.000238 0.101398 0.045041
33.931236 1.246817 44.674701 1.884145
0.471502 0.100091 -0.011661 -0.002250
0.100091 0.044790 -0.002263 -0.000443
-0.011661 -0.002263 0.485357 0.102286
-0.002250 -0.000443 0.102286 0.045218
34.945864 1.329787 45.567671 1.874133
0.470259 0.099771 -0.013557 -0.002466
0.099771 0.044705 -0.002479 -0.000462
-0.013557 -0.002479 0.484714 0.102013
-0.002466 -0.000462 0.102013 0.045138
35.320716 1.268612 46.804105 1.936742
0.470554 0.099812 -0.014629 -0.002511
0.099812 0.044706 -0.002521 -0.000450
-0.014629 -0.002521 0.487311 0.102466
-0.002511 -0.000450 0.102466 0.045224
35.950822 1.267740 47.784888 1.939343
0.470886 0.099855 -0.017007 -0.002853
0.099855 0.044709 -0.002864 -0.000511
-0.017007 -0.002864 0.488827 0.102660
-0.002853 -0.000511 0.102660 0.045252
