5.680182 3.234216 -2.358540 -1.835484
2.319181 0.927693 -0.070831 -0.028333
0.927693 80.375152 -0.028333 -0.011333
-0.070831 -0.028333 2.388396 0.955379
-0.028333 -0.011333 0.955379 80.386227
3.124734 -4.092205 0.563898 4.880044
2.225599 3.920221 -0.056020 -0.084512
3.920221 14.855622 -0.084702 -0.331505
-0.056020 -0.084702 2.249714 3.949038
-0.084512 -0.331505 3.949038 15.084849
6.323009 1.943345 1.615143 3.283117
1.955089 2.250323 -0.095823 -0.108994
2.250323 4.387439 -0.108924 -0.175162
-0.095823 -0.108924 2.009617 2.316418
-0.108994 -0.175162 2.316418 4.512420
8.085888 2.604552 2.271706 2.458829
1.694857 1.420928 -0.027362 -0.019147
1.420928 1.857164 -0.019137 -0.033194
-0.027362 -0.019137 1.743514 1.462128
-0.019147 -0.033194 1.462128 1.908165
6.852701 0.939982 4.716778 3.256586
1.465155 0.961940 -0.059851 -0.039192
0.961940 0.950337 -0.039196 -0.035554
-0.059851 -0.039196 1.483507 0.973720
-0.039192 -0.035554 0.973720 0.965542
8.742917 1.706411 6.142061 3.147644
1.283109 0.692507 -0.031403 -0.016322
0.692507 0.552804 -0.016331 -0.013974
-0.031403 -0.016331 1.301544 0.702972
-0.016322 -0.013974 0.702972 0.562898
8.892683 1.383593 7.375694 2.991294
1.152148 0.528686 -0.028033 -0.012757
0.528686 0.355226 -0.012762 -0.009172
-0.028033 -0.012762 1.163685 0.534573
-0.012757 -0.009172 0.534573 0.360672
9.765275 1.455884 8.565587 2.868877
1.047025 0.418529 -0.023297 -0.009382
0.418529 0.244695 -0.009387 -0.005969
-0.023297 -0.009387 1.056273 0.422876
-0.009382 -0.005969 0.422876 0.248257
11.783362 1.914009 9.124808 2.557443
0.941725 0.334307 -0.022271 -0.008052
0.334307 0.175920 -0.008054 -0.004405
-0.022271 -0.008054 0.954094 0.339308
-0.008052 -0.004405 0.339308 0.178949
12.678124 1.894095 10.029358 2.437243
0.861276 0.276248 -0.021115 -0.006887
0.276248 0.133685 -0.006888 -0.003305
-0.021115 -0.006888 0.871836 0.280091
-0.006887 -0.003305 0.280091 0.135778
12.568494 1.583494 10.804273 2.306668
0.803061 0.236073 -0.024904 -0.007367
0.236073 0.106858 -0.007366 -0.002954
-0.024904 -0.007366 0.810692 0.238659
-0.007367 -0.002954 0.238659 0.108227
12.960205 1.474428 12.084865 2.341353
0.741776 0.202269 -0.023584 -0.006322
0.202269 0.087730 -0.006321 -0.002280
-0.023584 -0.006321 0.746796 0.203910
-0.006322 -0.002280 0.203910 0.088622
14.361688 1.644284 12.696755 2.198359
0.696109 0.178196 -0.017283 -0.004178
0.178196 0.075020 -0.004179 -0.001463
-0.017283 -0.004179 0.701826 0.179894
-0.004178 -0.001463 0.179894 0.075788
13.552315 1.247787 13.076386 2.022718
0.657526 0.159662 -0.015644 -0.003511
0.159662 0.066107 -0.003513 -0.001149
-0.015644 -0.003513 0.661207 0.160728
-0.003511 -0.001149 0.160728 0.066614
14.017883 1.210808 13.777140 1.950335
0.621767 0.144586 -0.009985 -0.001996
0.144586 0.059625 -0.001999 -0.000689
-0.009985 -0.001999 0.624709 0.145408
-0.001996 -0.000689 0.145408 0.060006
14.806482 1.251958 14.718903 1.942914
0.592908 0.133231 -0.008928 -0.001710
0.133231 0.055094 -0.001712 -0.000568
-0.008928 -0.001712 0.595346 0.133889
-0.001710 -0.000568 0.133889 0.055386
15.650250 1.300006 16.469061 2.113570
0.571707 0.125124 -0.006196 -0.001073
0.125124 0.052017 -0.001076 -0.000385
-0.006196 -0.001076 0.572983 0.125489
-0.001073 -0.000385 0.125489 0.052208
16.673138 1.380068 17.661244 2.142804
0.552000 0.118431 -0.003248 -0.000452
0.118431 0.049733 -0.000454 -0.000225
-0.003248 -0.000454 0.553031 0.118729
-0.000452 -0.000225 0.118729 0.049884
17.252630 1.356632 18.579190 2.110284
0.535396 0.113261 -0.008568 -0.001633
0.113261 0.048114 -0.001634 -0.000462
-0.008568 -0.001634 0.536045 0.113464
-0.001633 -0.000462 0.113464 0.048225
17.560425 1.278857 19.387318 2.058312
0.524461 0.109927 -0.009125 -0.001676
0.109927 0.047111 -0.001677 -0.000435
-0.009125 -0.001677 0.524705 0.110037
-0.001676 -0.000435 0.110037 0.047188
18.023337 1.242119 20.494288 2.074432
0.516394 0.107607 -0.004198 -0.000571
0.107607 0.046459 -0.000572 -0.000176
-0.004198 -0.000572 0.516326 0.107649
-0.000571 -0.000176 0.107649 0.046511
18.416820 1.194747 21.327219 2.031861
0.508454 0.105593 -0.002836 -0.000316
0.105593 0.045957 -0.000318 -0.000119
-0.002836 -0.000318 0.508175 0.105591
-0.000316 -0.000119 0.105591 0.045991
19.023765 1.196839 22.579196 2.080849
0.501616 0.104033 -0.004355 -0.000675
0.104033 0.045608 -0.000677 -0.000193
-0.004355 -0.000677 0.501287 0.104023
-0.000675 -0.000193 0.104023 0.045634
19.285078 1.127023 23.870741 2.132817
0.492316 0.102127 -0.001148 -0.000013
0.102127 0.045223 -0.000014 -0.000047
-0.001148 -0.000014 0.491919 0.102102
-0.000013 -0.000047 0.102102 0.045241
19.867361 1.130902 24.870081 2.118876
0.485676 0.100946 0.001742 0.000528
0.100946 0.045019 0.000527 0.000062
0.001742 0.000527 0.485379 0.100941
0.000528 0.000062 0.100941 0.045035
20.696739 1.185818 25.233986 1.973863
0.479685 0.099984 0.002384 0.000564
0.099984 0.044866 0.000563 0.000059
0.002384 0.000563 0.479363 0.099969
0.000564 0.000059 0.099969 0.044876
20.529580 1.026854 26.249645 1.979908
0.480720 0.100539 0.001470 0.000286
0.100539 0.045029 0.000285 -0.000004
0.001470 0.000285 0.480534 0.100549
0.000286 -0.000004 0.100549 0.045041
21.001252 1.018081 27.374701 2.008249
0.477223 0.100046 0.003869 0.000744
0.100046 0.044943 0.000743 0.000096
0.003869 0.000743 0.477441 0.100133
0.000744 0.000096 0.100133 0.044968
21.967917 1.114171 28.653903 2.065934
0.475996 0.100035 0.003383 0.000564
0.100035 0.044956 0.000563 0.000055
0.003383 0.000563 0.476856 0.100244
0.000564 0.000055 0.100244 0.045002
22.625985 1.135541 29.436813 2.013229
0.476071 0.100257 0.004221 0.000692
0.100257 0.045005 0.000691 0.000086
0.004221 0.000691 0.477158 0.100490
0.000692 0.000086 0.100490 0.045052
23.021512 1.099328 30.222200 1.966670
0.473649 0.099894 0.002439 0.000269
0.099894 0.044920 0.000268 0.000000
0.002439 0.000268 0.475096 0.100179
0.000269 0.000000 0.100179 0.044973
23.941660 1.177621 31.132229 1.951001
0.471877 0.099670 0.002043 0.000187
0.099670 0.044864 0.000186 -0.000004
0.002043 0.000186 0.473808 0.100032
0.000187 -0.000004 0.100032 0.044931
24.410833 1.152293 32.152814 1.960589
0.474356 0.100334 0.002180 0.000228
0.100334 0.044995 0.000227 0.000016
0.002180 0.000227 0.476936 0.100804
0.000228 0.000016 0.100804 0.045081
24.499057 1.048788 33.673655 2.075080
0.474685 0.100451 0.001029 -0.000004
0.100451 0.044995 -0.000006 -0.000024
0.001029 -0.000006 0.478795 0.101209
-0.000004 -0.000024 0.101209 0.045138
25.850200 1.223841 34.537705 2.038095
0.473350 0.100185 0.003462 0.000545
0.100185 0.044912 0.000544 0.000104
0.003462 0.000544 0.477760 0.100950
0.000545 0.000104 0.100950 0.045050
26.172038 1.162147 36.195121 2.173085
0.471232 0.099767 0.003309 0.000494
0.099767 0.044805 0.000492 0.000093
0.003309 0.000492 0.477682 0.100915
0.000494 0.000093 0.100915 0.045020
27.516216 1.323954 36.952586 2.103227
0.472363 0.100064 0.000746 -0.000059
0.100064 0.044857 -0.000062 -0.000023
0.000746 -0.000062 0.478690 0.101109
-0.000059 -0.000023 0.101109 0.045043
28.221730 1.333315 37.632091 2.024646
0.470927 0.099774 0.000935 0.000024
0.099774 0.044779 0.000022 0.000006
0.000935 0.000022 0.477554 0.100827
0.000024 0.000006 0.100827 0.044964
28.278944 1.204162 38.608730 2.017297
0.468724 0.099340 0.000453 -0.000046
0.099340 0.044677 -0.000048 -0.000003
0.000453 -0.000048 0.476842 0.100663
-0.000046 -0.000003 0.100663 0.044920
28.884252 1.205052 38.719759 1.827804
0.468726 0.099405 -0.001167 -0.000353
0.099405 0.044688 -0.000357 -0.000062
-0.001167 -0.000357 0.476068 0.100501
-0.000353 -0.000062 0.100501 0.044880
29.352200 1.176446 40.143635 1.935491
0.471658 0.100072 -0.005292 -0.001166
0.100072 0.044824 -0.001173 -0.000225
-0.005292 -0.001173 0.481042 0.101565
-0.001166 -0.000225 0.101565 0.045103
30.217914 1.235297 41.069174 1.926633
0.473037 0.100335 -0.006269 -0.001244
0.100335 0.044861 -0.001251 -0.000222
-0.006269 -0.001251 0.483138 0.101917
-0.001244 -0.000222 0.101917 0.045157
30.924928 1.254018 41.481327 1.810530
0.474960 0.100688 -0.004769 -0.000810
0.100688 0.044916 -0.000814 -0.000116
-0.004769 -0.000814 0.484718 0.102137
-0.000810 -0.000116 0.102137 0.045182
31.656798 1.276119 42.178459 1.766779
0.472652 0.100113 -0.003976 -0.000585
0.100113 0.044772 -0.000587 -0.000069
-0.003976 -0.000587 0.483153 0.101688
-0.000585 -0.000069 0.101688 0.045070
32.572053 1.334795 43.019090 1.757949
0.472069 0.099966 -0.005520 -0.000883
0.099966 0.044736 -0.000886 -0.000139
-0.005520 -0.000886 0.483369 0.101670
-0.000883 -0.000139 0.101670 0.045063
33.344690 1.357244 44.137179 1.808293
0.472453 0.100040 -0.006924 -0.001131
0.100040 0.044750 -0.001135 -0.000192
-0.006924 -0.001135 0.485335 0.102033
-0.001131 -0.000192 0.102033 0.045139
34.015979 1.355595 44.921799 1.783175
0.470125 0.099532 -0.010541 -0.001832
0.099532 0.044640 -0.001840 -0.000340
-0.010541 -0.001840 0.484057 0.101688
-0.001832 -0.000340 0.101688 0.045062
34.712778 1.359384 45.589997 1.736275
0.467432 0.098996 -0.013251 -0.002288
0.098996 0.044533 -0.002299 -0.000426
-0.013251 -0.002299 0.482116 0.101248
-0.002288 -0.000426 0.101248 0.044974
35.482026 1.378659 46.671438 1.781210
0.465948 0.098765 -0.013211 -0.002141
0.098765 0.044499 -0.002147 -0.000382
-0.013211 -0.002147 0.482298 0.101306
-0.002141 -0.000382 0.101306 0.045000
36.462845 1.441003 47.869298 1.846234
0.464765 0.098604 -0.016061 -0.002637
0.098604 0.044478 -0.002645 -0.000484
-0.016061 -0.002645 0.482786 0.101420
-0.002637 -0.000484 0.101420 0.045033
