2.281458 1.874698 2.071816 -0.063303
2.509370 1.003770 -0.052142 -0.020857
1.003770 80.405583 -0.020857 -0.008343
-0.052142 -0.020857 2.508665 1.003488
-0.020857 -0.008343 1.003488 80.405470
4.538912 4.177640 1.896844 -0.307481
2.258653 3.941155 -0.044652 -0.067783
3.941155 15.379987 -0.067716 -0.250110
-0.044652 -0.067716 2.273042 3.966402
-0.067783 -0.250110 3.966402 15.422259
5.942475 3.386378 4.090400 2.407352
2.013022 2.331103 -0.016850 -0.017584
2.331103 4.614070 -0.017554 -0.056234
-0.016850 -0.017554 2.017941 2.334450
-0.017584 -0.056234 2.334450 4.617386
6.003670 2.010505 3.873366 1.210653
1.696661 1.431705 -0.041622 -0.036588
1.431705 1.912370 -0.036596 -0.045769
-0.041622 -0.036596 1.703598 1.436733
-0.036588 -0.045769 1.436733 1.917260
9.440918 3.621411 4.839159 1.449216
1.477826 0.978889 -0.036177 -0.023998
0.978889 0.983241 -0.024001 -0.022235
-0.036177 -0.024001 1.490720 0.986911
-0.023998 -0.022235 0.986911 0.988986
9.958058 2.917045 5.528979 1.429980
1.296139 0.705755 -0.017748 -0.009345
0.705755 0.571151 -0.009340 -0.008394
-0.017748 -0.009340 1.306083 0.710557
-0.009345 -0.008394 0.710557 0.573941
10.997712 2.723242 5.139177 0.919266
1.156759 0.535256 -0.015147 -0.007029
0.535256 0.364538 -0.007026 -0.005373
-0.015147 -0.007026 1.168157 0.540017
-0.007029 -0.005373 0.540017 0.366864
10.736032 2.068951 6.407550 1.245042
1.035932 0.417479 -0.013900 -0.005739
0.417479 0.248116 -0.005738 -0.003731
-0.013900 -0.005738 1.042872 0.419800
-0.005739 -0.003731 0.419800 0.249130
11.458237 1.957188 6.698736 1.126578
0.942457 0.337468 -0.012057 -0.004466
0.337468 0.179597 -0.004465 -0.002575
-0.012057 -0.004465 0.949281 0.339551
-0.004466 -0.002575 0.339551 0.180422
11.867422 1.772958 8.009570 1.368132
0.863849 0.279324 -0.004005 -0.001430
0.279324 0.136355 -0.001426 -0.001154
-0.004005 -0.001426 0.868406 0.280504
-0.001430 -0.001154 0.280504 0.136806
12.557216 1.714532 9.383193 1.572195
0.805683 0.238592 -0.006415 -0.002113
0.238592 0.108733 -0.002111 -0.001157
-0.006415 -0.002111 0.808750 0.239276
-0.002113 -0.001157 0.239276 0.109001
13.482934 1.733241 10.485424 1.658882
0.749036 0.205596 -0.007469 -0.002239
0.205596 0.089411 -0.002238 -0.001010
-0.007469 -0.002238 0.751624 0.206146
-0.002239 -0.001010 0.206146 0.089624
14.162095 1.684889 11.898662 1.809068
0.700067 0.180174 -0.004728 -0.001347
0.180174 0.076040 -0.001346 -0.000638
-0.004728 -0.001346 0.701753 0.180490
-0.001347 -0.000638 0.180490 0.076178
14.527658 1.568555 12.894752 1.831466
0.661768 0.161416 -0.004234 -0.001140
0.161416 0.066886 -0.001139 -0.000500
-0.004234 -0.001139 0.662919 0.161615
-0.001140 -0.000500 0.161615 0.066986
15.008515 1.497692 14.227670 1.928829
0.631484 0.147372 -0.005582 -0.001383
0.147372 0.060512 -0.001382 -0.000492
-0.005582 -0.001382 0.632018 0.147442
-0.001383 -0.000492 0.147442 0.060574
15.029556 1.333806 15.281463 1.948980
0.608157 0.136941 -0.003906 -0.000905
0.136941 0.056069 -0.000904 -0.000327
-0.003906 -0.000904 0.608144 0.136909
-0.000905 -0.000327 0.136909 0.056103
15.193364 1.223701 15.811268 1.851663
0.581277 0.127214 -0.006452 -0.001410
0.127214 0.052531 -0.001410 -0.000402
-0.006452 -0.001410 0.581138 0.127178
-0.001410 -0.000402 0.127178 0.052561
15.483206 1.154676 16.587832 1.819630
0.560181 0.120044 -0.005706 -0.001149
0.120044 0.050098 -0.001149 -0.000308
-0.005706 -0.001149 0.559887 0.119993
-0.001149 -0.000308 0.119993 0.050121
16.694070 1.288578 18.139087 1.955230
0.540991 0.114216 -0.004100 -0.000740
0.114216 0.048316 -0.000740 -0.000197
-0.004100 -0.000740 0.540714 0.114182
-0.000740 -0.000197 0.114182 0.048338
17.132172 1.245445 19.057739 1.942840
0.527453 0.110296 -0.002353 -0.000347
0.110296 0.047183 -0.000347 -0.000102
-0.002353 -0.000347 0.527090 0.110253
-0.000347 -0.000102 0.110253 0.047199
17.307225 1.152203 19.398394 1.811529
0.514188 0.106908 -0.003568 -0.000608
0.106908 0.046314 -0.000608 -0.000153
-0.003568 -0.000608 0.513776 0.106861
-0.000608 -0.000153 0.106861 0.046325
17.988940 1.174182 20.546672 1.861883
0.506465 0.105050 -0.004539 -0.000790
0.105050 0.045866 -0.000790 -0.000183
-0.004539 -0.000790 0.506062 0.105009
-0.000790 -0.000183 0.105009 0.045875
18.647613 1.189298 22.217281 2.015314
0.497467 0.103127 -0.003726 -0.000587
0.103127 0.045454 -0.000586 -0.000131
-0.003726 -0.000586 0.497057 0.103086
-0.000587 -0.000131 0.103086 0.045460
18.511663 1.037410 22.628128 1.891086
0.494595 0.102657 -0.004864 -0.000808
0.102657 0.045380 -0.000808 -0.000174
-0.004864 -0.000808 0.494055 0.102590
-0.000808 -0.000174 0.102590 0.045378
19.147286 1.061537 23.205819 1.814639
0.490577 0.101977 -0.004327 -0.000663
0.101977 0.045262 -0.000663 -0.000137
-0.004327 -0.000663 0.490114 0.101928
-0.000663 -0.000137 0.101928 0.045261
19.530120 1.031094 24.821053 1.962074
0.483710 0.100746 -0.002235 -0.000213
0.100746 0.045032 -0.000214 -0.000042
-0.002235 -0.000214 0.483393 0.100726
-0.000213 -0.000042 0.100726 0.045035
20.234432 1.070758 26.307998 2.067874
0.480709 0.100404 -0.001602 -0.000110
0.100404 0.044996 -0.000110 -0.000028
-0.001602 -0.000110 0.480658 0.100435
-0.000110 -0.000028 0.100435 0.045008
20.832249 1.083714 27.037094 2.004032
0.478358 0.100188 -0.001415 -0.000106
0.100188 0.044977 -0.000106 -0.000033
-0.001415 -0.000106 0.478386 0.100227
-0.000106 -0.000033 0.100227 0.044988
21.610156 1.133245 27.943107 1.983949
0.475825 0.099910 -0.000215 0.000115
0.099910 0.044935 0.000115 0.000008
-0.000215 0.000115 0.476040 0.099979
0.000115 0.000008 0.099979 0.044949
22.564689 1.214913 29.035092 2.005093
0.473003 0.099553 -0.000099 0.000092
0.099553 0.044868 0.000092 -0.000003
-0.000099 0.000092 0.473505 0.099671
0.000092 -0.000003 0.099671 0.044890
23.356179 1.253760 30.194920 2.038300
0.473585 0.099904 -0.001595 -0.000262
0.099904 0.044945 -0.000262 -0.000081
-0.001595 -0.000262 0.474398 0.100074
-0.000262 -0.000081 0.100074 0.044977
23.724415 1.199116 31.224374 2.040435
0.476330 0.100638 -0.000988 -0.000132
0.100638 0.045088 -0.000132 -0.000049
-0.000988 -0.000132 0.477426 0.100849
-0.000132 -0.000049 0.100849 0.045126
24.943345 1.330082 32.535225 2.101934
0.474692 0.100342 -0.001189 -0.000185
0.100342 0.044996 -0.000184 -0.000058
-0.001189 -0.000184 0.476236 0.100629
-0.000185 -0.000058 0.100629 0.045048
25.104783 1.223450 32.724018 1.919623
0.476249 0.100729 -0.001527 -0.000258
0.100729 0.045055 -0.000258 -0.000071
-0.001527 -0.000258 0.477614 0.100955
-0.000258 -0.000071 0.100955 0.045092
26.076406 1.299557 33.587328 1.899281
0.474938 0.100454 0.000487 0.000174
0.100454 0.044968 0.000174 0.000025
0.000487 0.000174 0.476556 0.100720
0.000174 0.000025 0.100720 0.045013
26.582079 1.269078 34.613664 1.915480
0.475590 0.100609 0.002389 0.000541
0.100609 0.044980 0.000542 0.000098
0.002389 0.000542 0.477683 0.100961
0.000541 0.000098 0.100961 0.045043
27.363708 1.300197 35.475968 1.895306
0.474589 0.100389 0.000368 0.000050
0.100389 0.044912 0.000050 -0.000015
0.000368 0.000050 0.476992 0.100786
0.000050 -0.000015 0.100786 0.044983
28.043505 1.306456 36.736217 1.961344
0.474006 0.100272 -0.001139 -0.000277
0.100272 0.044872 -0.000277 -0.000081
-0.001139 -0.000277 0.477107 0.100796
-0.000277 -0.000081 0.100796 0.044969
28.517541 1.268548 37.622121 1.941331
0.473794 0.100238 -0.001080 -0.000239
0.100238 0.044854 -0.000240 -0.000064
-0.001080 -0.000240 0.477327 0.100824
-0.000239 -0.000064 0.100824 0.044962
29.132175 1.264399 38.938551 2.014349
0.474806 0.100460 -0.001778 -0.000367
0.100460 0.044891 -0.000367 -0.000084
-0.001778 -0.000367 0.479137 0.101183
-0.000367 -0.000084 0.101183 0.045026
30.007209 1.315745 39.657014 1.953433
0.476017 0.100698 -0.003829 -0.000769
0.100698 0.044929 -0.000771 -0.000163
-0.003829 -0.000771 0.480397 0.101393
-0.000769 -0.000163 0.101393 0.045055
31.090900 1.405853 40.937979 2.017696
0.475352 0.100515 -0.002865 -0.000501
0.100515 0.044876 -0.000501 -0.000094
-0.002865 -0.000501 0.480402 0.101323
-0.000501 -0.000094 0.101323 0.045025
31.667626 1.379159 41.899290 2.007640
0.476808 0.100801 -0.003821 -0.000670
0.100801 0.044928 -0.000671 -0.000126
-0.003821 -0.000671 0.482361 0.101679
-0.000670 -0.000126 0.101679 0.045091
32.266855 1.360115 43.032520 2.034863
0.477965 0.100998 -0.004739 -0.000820
0.100998 0.044959 -0.000821 -0.000153
-0.004739 -0.000821 0.484256 0.101995
-0.000820 -0.000153 0.101995 0.045146
32.959239 1.362747 44.109517 2.047403
0.476975 0.100727 -0.005010 -0.000827
0.100727 0.044890 -0.000828 -0.000150
-0.005010 -0.000828 0.483966 0.101833
-0.000827 -0.000150 0.101833 0.045099
33.382014 1.308376 45.533504 2.131426
0.474975 0.100277 -0.006009 -0.000995
0.100277 0.044793 -0.000996 -0.000183
-0.006009 -0.000996 0.483390 0.101640
-0.000995 -0.000183 0.101640 0.045054
33.888161 1.277105 46.585831 2.128513
0.474999 0.100302 -0.004833 -0.000696
0.100302 0.044805 -0.000695 -0.000117
-0.004833 -0.000695 0.484134 0.101756
-0.000696 -0.000117 0.101756 0.045081
34.372044 1.244080 47.139777 2.021187
0.473414 0.099981 -0.006177 -0.000964
0.099981 0.044742 -0.000965 -0.000178
-0.006177 -0.000965 0.482652 0.101401
-0.000964 -0.000178 0.101401 0.045008
35.347990 1.318889 48.189638 2.029714
0.474519 0.100259 -0.006406 -0.000976
0.100259 0.044809 -0.000976 -0.000180
-0.006406 -0.000976 0.484206 0.101726
-0.000976 -0.000180 0.101726 0.045085
35.685805 1.250589 48.810903 1.946772
0.471695 0.099676 -0.005632 -0.000785
0.099676 0.044687 -0.000784 -0.000141
-0.005632 -0.000784 0.481904 0.101215
-0.000785 -0.000141 0.101215 0.044981
