2.929184 2.133794 2.420025 0.075984
2.493351 0.997362 -0.097859 -0.039145
0.997362 80.403020 -0.039145 -0.015658
-0.097859 -0.039145 2.494092 0.997658
-0.039145 -0.015658 0.997658 80.403139
5.114319 4.068163 0.261075 -3.751219
2.255418 3.938113 -0.093770 -0.144719
3.938113 15.332123 -0.144504 -0.500479
-0.093770 -0.144504 2.281615 3.983719
-0.144719 -0.500479 3.983719 15.413642
5.435181 2.087587 -0.642624 -2.632459
2.020272 2.338376 -0.045043 -0.046997
2.338376 4.611287 -0.046878 -0.121687
-0.045043 -0.046878 2.046283 2.364369
-0.046997 -0.121687 2.364369 4.641671
7.762218 3.167154 0.351136 -0.690594
1.698440 1.431390 -0.026118 -0.023473
1.431390 1.907705 -0.023423 -0.047933
-0.026118 -0.023423 1.722835 1.449152
-0.023473 -0.047933 1.449152 1.923603
8.244147 2.433270 2.783355 1.145333
1.468310 0.971424 -0.022356 -0.017529
0.971424 0.976490 -0.017493 -0.025526
-0.022356 -0.017493 1.480527 0.977557
-0.017529 -0.025526 0.977557 0.981324
9.742253 2.584486 4.400942 1.712648
1.281160 0.697256 -0.012812 -0.009425
0.697256 0.565851 -0.009403 -0.012726
-0.012812 -0.009403 1.291783 0.702036
-0.009425 -0.012726 0.702036 0.569227
9.464694 1.859296 4.512526 1.371301
1.148568 0.531632 -0.007676 -0.005738
0.531632 0.362642 -0.005725 -0.007226
-0.007676 -0.005725 1.158256 0.535546
-0.005738 -0.007226 0.535546 0.365058
10.378825 1.851944 5.808918 1.617372
1.040154 0.419412 -0.013105 -0.007171
0.419412 0.248779 -0.007164 -0.005814
-0.013105 -0.007164 1.047818 0.422146
-0.007171 -0.005814 0.422146 0.250333
10.559499 1.583259 7.841336 2.056380
0.950877 0.340477 -0.009450 -0.004821
0.340477 0.180523 -0.004811 -0.003622
-0.009450 -0.004811 0.954537 0.341569
-0.004821 -0.003622 0.341569 0.181258
11.228857 1.543889 8.761948 2.021789
0.880325 0.284460 -0.012998 -0.005339
0.284460 0.137853 -0.005332 -0.003015
-0.012998 -0.005332 0.883619 0.285436
-0.005339 -0.003015 0.285436 0.138447
12.381691 1.656236 10.017162 2.093620
0.805019 0.237974 -0.013035 -0.004661
0.237974 0.108366 -0.004657 -0.002252
-0.013035 -0.004657 0.808042 0.238846
-0.004661 -0.002252 0.238846 0.108844
11.968058 1.316077 10.830072 2.030421
0.752655 0.206292 -0.014573 -0.004545
0.206292 0.089489 -0.004541 -0.001848
-0.014573 -0.004541 0.754419 0.206783
-0.004545 -0.001848 0.206783 0.089797
12.608539 1.311535 11.913612 2.047991
0.700264 0.179955 -0.016367 -0.004518
0.179955 0.075901 -0.004515 -0.001572
-0.016367 -0.004515 0.701591 0.180328
-0.004518 -0.001572 0.180328 0.076136
13.777278 1.436344 14.124730 2.337197
0.660745 0.160965 -0.014195 -0.003547
0.160965 0.066725 -0.003545 -0.001136
-0.014195 -0.003545 0.661198 0.161121
-0.003547 -0.001136 0.161121 0.066875
14.062097 1.335233 14.656024 2.188494
0.625339 0.145806 -0.008122 -0.001828
0.145806 0.060121 -0.001827 -0.000608
-0.008122 -0.001827 0.625657 0.145939
-0.001828 -0.000608 0.145939 0.060242
15.013542 1.399116 15.601786 2.155095
0.597576 0.134555 -0.008775 -0.001868
0.134555 0.055537 -0.001867 -0.000556
-0.008775 -0.001867 0.597962 0.134708
-0.001868 -0.000556 0.134708 0.055645
15.198068 1.286361 17.061007 2.238629
0.571399 0.125217 -0.007722 -0.001526
0.125217 0.052132 -0.001526 -0.000432
-0.007722 -0.001526 0.571187 0.125234
-0.001526 -0.000432 0.125234 0.052194
15.125098 1.132456 18.018532 2.203582
0.552249 0.118632 -0.005228 -0.000915
0.118632 0.049849 -0.000915 -0.000267
-0.005228 -0.000915 0.551629 0.118566
-0.000915 -0.000267 0.118566 0.049883
15.980071 1.193689 19.329193 2.247959
0.536590 0.113639 -0.005779 -0.001015
0.113639 0.048249 -0.001015 -0.000272
-0.005779 -0.001015 0.535993 0.113586
-0.001015 -0.000272 0.113586 0.048277
16.164618 1.107141 20.314864 2.218746
0.524591 0.110042 -0.002485 -0.000292
0.110042 0.047172 -0.000293 -0.000105
-0.002485 -0.000293 0.523816 0.109956
-0.000292 -0.000105 0.109956 0.047186
16.778414 1.119549 21.019279 2.134264
0.513787 0.107134 -0.002629 -0.000358
0.107134 0.046386 -0.000358 -0.000118
-0.002629 -0.000358 0.513071 0.107063
-0.000358 -0.000118 0.107063 0.046398
17.730047 1.200901 21.757383 2.065944
0.503710 0.104714 -0.001605 -0.000166
0.104714 0.045802 -0.000166 -0.000074
-0.001605 -0.000166 0.503172 0.104680
-0.000166 -0.000074 0.104680 0.045816
18.076383 1.148074 22.661075 2.038998
0.498534 0.103570 -0.000983 -0.000069
0.103570 0.045547 -0.000069 -0.000053
-0.000983 -0.000069 0.497985 0.103529
-0.000069 -0.000053 0.103529 0.045554
18.630345 1.143918 23.761044 2.055729
0.489399 0.101716 -0.000706 -0.000046
0.101716 0.045169 -0.000047 -0.000049
-0.000706 -0.000047 0.488932 0.101687
-0.000046 -0.000049 0.101687 0.045174
19.084507 1.119375 24.726115 2.042626
0.485979 0.101215 0.001046 0.000290
0.101215 0.045101 0.000289 0.000023
0.001046 0.000289 0.485587 0.101195
0.000290 0.000023 0.101195 0.045104
20.153689 1.225729 25.706322 2.034058
0.482669 0.100756 0.001988 0.000432
0.100756 0.045036 0.000432 0.000049
0.001988 0.000432 0.482502 0.100775
0.000432 0.000049 0.100775 0.045045
20.437104 1.156785 26.801171 2.050378
0.481466 0.100746 0.004501 0.000900
0.100746 0.045061 0.000899 0.000144
0.004501 0.000899 0.481446 0.100786
0.000900 0.000144 0.100786 0.045071
21.155893 1.186257 27.709765 2.025883
0.477521 0.100126 0.003762 0.000654
0.100126 0.044945 0.000653 0.000084
0.003762 0.000653 0.477680 0.100191
0.000654 0.000084 0.100191 0.044957
21.563932 1.147620 28.068788 1.888500
0.475471 0.099926 0.001907 0.000210
0.099926 0.044917 0.000210 -0.000008
0.001907 0.000210 0.475593 0.099971
0.000210 -0.000008 0.099971 0.044923
22.394174 1.201821 28.537611 1.788257
0.477253 0.100512 0.003329 0.000506
0.100512 0.045047 0.000506 0.000065
0.003329 0.000506 0.477414 0.100556
0.000506 0.000065 0.100556 0.045052
23.194263 1.243683 29.725211 1.850046
0.477203 0.100620 0.000651 -0.000084
0.100620 0.045058 -0.000084 -0.000056
0.000651 -0.000084 0.477747 0.100737
-0.000084 -0.000056 0.100737 0.045077
23.821482 1.244870 30.514127 1.821325
0.477337 0.100729 0.000526 -0.000074
0.100729 0.045063 -0.000075 -0.000039
0.000526 -0.000075 0.478090 0.100877
-0.000074 -0.000039 0.100877 0.045087
24.388721 1.233241 31.348980 1.805341
0.477162 0.100741 -0.000907 -0.000343
0.100741 0.045045 -0.000343 -0.000084
-0.000907 -0.000343 0.478177 0.100930
-0.000343 -0.000084 0.100930 0.045076
24.939922 1.219381 32.477456 1.853022
0.476604 0.100654 -0.003344 -0.000800
0.100654 0.045006 -0.000800 -0.000167
-0.003344 -0.000800 0.478087 0.100926
-0.000800 -0.000167 0.100926 0.045054
25.811857 1.274779 33.955538 1.969466
0.475544 0.100456 -0.002878 -0.000607
0.100456 0.044946 -0.000608 -0.000108
-0.002878 -0.000608 0.477702 0.100849
-0.000607 -0.000108 0.100849 0.045018
26.061182 1.192813 35.221159 2.028715
0.474866 0.100346 -0.002305 -0.000422
0.100346 0.044910 -0.000422 -0.000061
-0.002305 -0.000422 0.477709 0.100854
-0.000422 -0.000061 0.100854 0.045003
26.933767 1.251280 36.642478 2.114690
0.474876 0.100380 -0.000550 -0.000014
0.100380 0.044907 -0.000013 0.000027
-0.000550 -0.000013 0.478392 0.100995
-0.000014 0.000027 0.100995 0.045019
27.899016 1.323056 37.571773 2.087730
0.474005 0.100215 -0.000657 -0.000044
0.100215 0.044860 -0.000044 0.000013
-0.000657 -0.000044 0.477753 0.100839
-0.000044 0.000013 0.100839 0.044971
28.436716 1.296829 38.400013 2.042199
0.473106 0.100052 -0.001984 -0.000330
0.100052 0.044818 -0.000330 -0.000054
-0.001984 -0.000330 0.477177 0.100710
-0.000330 -0.000054 0.100710 0.044934
28.830609 1.242885 38.986311 1.950372
0.472824 0.100026 -0.001125 -0.000129
0.100026 0.044807 -0.000129 -0.000011
-0.001125 -0.000129 0.477050 0.100685
-0.000129 -0.000011 0.100685 0.044923
29.124790 1.173735 40.422992 2.047703
0.474221 0.100350 -0.001771 -0.000268
0.100350 0.044870 -0.000267 -0.000044
-0.001771 -0.000267 0.479571 0.101220
-0.000268 -0.000044 0.101220 0.045031
29.752224 1.182312 41.418769 2.041790
0.472205 0.099914 -0.001294 -0.000158
0.099914 0.044767 -0.000158 -0.000022
-0.001294 -0.000158 0.478151 0.100870
-0.000158 -0.000022 0.100870 0.044944
30.815316 1.282256 42.680495 2.092701
0.472779 0.100065 -0.002283 -0.000370
0.100065 0.044796 -0.000370 -0.000070
-0.002283 -0.000370 0.479381 0.101117
-0.000370 -0.000070 0.101117 0.044992
31.018814 1.189449 43.089989 1.958295
0.473622 0.100252 -0.002531 -0.000405
0.100252 0.044830 -0.000406 -0.000077
-0.002531 -0.000406 0.480234 0.101261
-0.000405 -0.000077 0.101261 0.045016
31.877753 1.245211 43.552175 1.849417
0.472099 0.099917 -0.001355 -0.000141
0.099917 0.044751 -0.000140 -0.000020
-0.001355 -0.000140 0.478621 0.100877
-0.000141 -0.000020 0.100877 0.044927
32.346257 1.212573 44.415126 1.836358
0.472812 0.100086 -0.001187 -0.000116
0.100086 0.044786 -0.000115 -0.000019
-0.001187 -0.000115 0.479987 0.101163
-0.000116 -0.000019 0.101163 0.044990
32.649731 1.148363 44.901037 1.745200
0.471463 0.099799 -0.001181 -0.000128
0.099799 0.044720 -0.000127 -0.000026
-0.001181 -0.000127 0.478985 0.100924
-0.000128 -0.000026 0.100924 0.044936
33.755940 1.261043 45.916011 1.775322
0.472646 0.100073 -0.002079 -0.000328
0.100073 0.044779 -0.000328 -0.000071
-0.002079 -0.000328 0.480670 0.101277
-0.000328 -0.000071 0.101277 0.045013
34.493587 1.283691 46.674340 1.748108
0.471246 0.099771 -0.002929 -0.000498
0.099771 0.044710 -0.000499 -0.000106
-0.002929 -0.000499 0.479776 0.101055
-0.000498 -0.000106 0.101055 0.044962
35.555483 1.372713 47.777941 1.796581
0.470190 0.099569 -0.002927 -0.000474
0.099569 0.044669 -0.000474 -0.000096
-0.002927 -0.000474 0.479500 0.100989
-0.000474 -0.000096 0.100989 0.044950
