4.907644 2.925194 0.152818 -0.830919
2.422573 0.969050 -0.100424 -0.040170
0.969050 80.391695 -0.040170 -0.016069
-0.100424 -0.040170 2.466135 0.986475
-0.040170 -0.016069 0.986475 80.398665
4.114223 -1.038249 -1.370383 -2.787767
2.270003 3.977536 -0.087665 -0.133525
3.977536 15.220938 -0.133339 -0.489005
-0.087665 -0.133339 2.329446 4.072909
-0.133525 -0.489005 4.072909 15.498693
4.647189 0.177977 -0.867327 -0.603581
2.020463 2.329147 -0.086302 -0.095875
2.329147 4.550883 -0.095871 -0.180252
-0.086302 -0.095871 2.069356 2.380626
-0.095875 -0.180252 2.380626 4.640242
5.905462 1.161604 1.453874 1.595722
1.681168 1.411008 -0.054910 -0.044657
1.411008 1.874485 -0.044643 -0.064372
-0.054910 -0.044643 1.712760 1.435436
-0.044657 -0.064372 1.435436 1.907620
7.791950 2.022671 4.653429 3.179058
1.488172 0.981819 -0.058981 -0.039134
0.981819 0.977162 -0.039131 -0.039290
-0.058981 -0.039131 1.504997 0.992326
-0.039134 -0.039290 0.992326 0.990734
8.951246 2.102893 6.115216 3.109766
1.272751 0.689961 -0.013802 -0.007599
0.689961 0.558403 -0.007606 -0.011469
-0.013802 -0.007606 1.287906 0.698475
-0.007599 -0.011469 0.698475 0.567032
8.839213 1.567620 6.017680 2.347659
1.111756 0.513091 -0.027510 -0.013829
0.513091 0.352355 -0.013828 -0.011233
-0.027510 -0.013828 1.126512 0.520383
-0.013829 -0.011233 0.520383 0.358231
10.369884 1.868623 7.170697 2.338550
1.018422 0.410439 -0.018311 -0.008359
0.410439 0.244473 -0.008362 -0.006495
-0.018311 -0.008362 1.032820 0.416689
-0.008359 -0.006495 0.416689 0.248622
10.699063 1.651690 8.502913 2.397572
0.930209 0.333232 -0.007859 -0.003729
0.333232 0.177572 -0.003731 -0.003473
-0.007859 -0.003731 0.939915 0.337055
-0.003729 -0.003473 0.337055 0.180032
10.973381 1.473700 9.293611 2.266001
0.862334 0.278998 -0.008439 -0.003677
0.278998 0.135894 -0.003676 -0.002735
-0.008439 -0.003676 0.869881 0.281753
-0.003677 -0.002735 0.281753 0.137559
11.546067 1.425659 9.881580 2.104579
0.789185 0.233721 -0.009233 -0.003576
0.233721 0.106992 -0.003575 -0.002178
-0.009233 -0.003575 0.796033 0.236026
-0.003576 -0.002178 0.236026 0.108237
11.691843 1.269412 11.442645 2.245033
0.732055 0.201104 -0.008589 -0.003054
0.201104 0.087992 -0.003050 -0.001651
-0.008589 -0.003050 0.735346 0.202235
-0.003054 -0.001651 0.202235 0.088716
12.431181 1.296162 12.844101 2.316946
0.695030 0.179182 -0.010235 -0.003201
0.179182 0.075676 -0.003197 -0.001422
-0.010235 -0.003197 0.697047 0.179925
-0.003201 -0.001422 0.179925 0.076184
13.124655 1.307258 13.988322 2.313433
0.656683 0.160406 -0.002764 -0.001072
0.160406 0.066540 -0.001071 -0.000693
-0.002764 -0.001071 0.657953 0.160930
-0.001072 -0.000693 0.160930 0.066914
13.061570 1.139560 15.518368 2.401207
0.624669 0.145978 -0.006269 -0.001827
0.145978 0.060102 -0.001824 -0.000760
-0.006269 -0.001824 0.623824 0.145982
-0.001827 -0.000760 0.145982 0.060295
13.502901 1.110598 16.707650 2.398705
0.595530 0.134304 -0.006897 -0.001812
0.134304 0.055411 -0.001809 -0.000653
-0.006897 -0.001809 0.594027 0.134176
-0.001812 -0.000653 0.134176 0.055536
14.291384 1.161878 17.439189 2.295827
0.572881 0.125692 -0.005176 -0.001283
0.125692 0.052168 -0.001281 -0.000455
-0.005176 -0.001281 0.571672 0.125647
-0.001283 -0.000455 0.125647 0.052284
15.193555 1.230974 18.153833 2.202500
0.551394 0.118503 -0.004039 -0.000944
0.118503 0.049748 -0.000943 -0.000329
-0.004039 -0.000943 0.550524 0.118529
-0.000944 -0.000329 0.118529 0.049854
16.442138 1.365091 19.070604 2.163322
0.537207 0.113796 -0.004287 -0.000936
0.113796 0.048218 -0.000935 -0.000291
-0.004287 -0.000935 0.536873 0.113924
-0.000936 -0.000291 0.113924 0.048322
16.754816 1.287518 20.193407 2.171947
0.525684 0.110255 -0.004374 -0.000894
0.110255 0.047156 -0.000894 -0.000253
-0.004374 -0.000894 0.524961 0.110276
-0.000894 -0.000253 0.110276 0.047217
17.702491 1.350913 21.663892 2.252245
0.514455 0.107221 -0.003764 -0.000713
0.107221 0.046349 -0.000712 -0.000193
-0.003764 -0.000712 0.513827 0.107244
-0.000713 -0.000193 0.107244 0.046396
18.211501 1.316251 22.389643 2.168926
0.506116 0.105144 -0.003218 -0.000564
0.105144 0.045844 -0.000564 -0.000147
-0.003218 -0.000564 0.505408 0.105133
-0.000564 -0.000147 0.105133 0.045871
18.597069 1.259685 23.459559 2.165835
0.498930 0.103540 -0.004196 -0.000747
0.103540 0.045494 -0.000747 -0.000176
-0.004196 -0.000747 0.498184 0.103505
-0.000747 -0.000176 0.103505 0.045508
18.920564 1.195874 23.918983 2.036143
0.493966 0.102561 -0.003055 -0.000473
0.102561 0.045309 -0.000473 -0.000109
-0.003055 -0.000473 0.493087 0.102486
-0.000473 -0.000109 0.102486 0.045307
19.694484 1.232320 24.527489 1.950968
0.488424 0.101548 -0.003326 -0.000522
0.101548 0.045128 -0.000522 -0.000117
-0.003326 -0.000522 0.487710 0.101498
-0.000522 -0.000117 0.101498 0.045127
20.478232 1.267090 25.110363 1.869157
0.484825 0.101017 -0.001162 -0.000058
0.101017 0.045056 -0.000059 -0.000017
-0.001162 -0.000059 0.484278 0.100991
-0.000058 -0.000017 0.100991 0.045055
20.847717 1.211996 26.223546 1.906404
0.481752 0.100615 -0.002224 -0.000312
0.100615 0.045006 -0.000312 -0.000076
-0.002224 -0.000312 0.481542 0.100647
-0.000312 -0.000076 0.100647 0.045014
21.138656 1.146304 28.043661 2.087911
0.476649 0.099792 -0.001134 -0.000089
0.099792 0.044861 -0.000089 -0.000029
-0.001134 -0.000089 0.477269 0.099980
-0.000089 -0.000029 0.099980 0.044897
21.230036 1.045094 28.873070 2.042725
0.478718 0.100513 -0.000304 0.000062
0.100513 0.045040 0.000062 -0.000000
-0.000304 0.000062 0.479501 0.100705
0.000062 -0.000000 0.100705 0.045072
22.404831 1.182258 29.793447 2.021609
0.479260 0.100800 -0.002677 -0.000472
0.100800 0.045101 -0.000471 -0.000117
-0.002677 -0.000471 0.480493 0.101061
-0.000472 -0.000117 0.101061 0.045144
22.624025 1.103829 30.321088 1.919813
0.477119 0.100463 -0.003438 -0.000612
0.100463 0.045018 -0.000612 -0.000140
-0.003438 -0.000612 0.478466 0.100719
-0.000612 -0.000140 0.100719 0.045058
22.617237 0.986204 31.800474 2.029101
0.476799 0.100516 -0.001538 -0.000179
0.100516 0.045021 -0.000179 -0.000041
-0.001538 -0.000179 0.479360 0.101003
-0.000179 -0.000041 0.101003 0.045107
24.215369 1.219364 32.804845 2.027264
0.477425 0.100736 -0.002426 -0.000378
0.100736 0.045054 -0.000378 -0.000085
-0.002426 -0.000378 0.480564 0.101304
-0.000378 -0.000085 0.101304 0.045153
25.253985 1.309862 33.653543 1.992621
0.475465 0.100370 0.000468 0.000239
0.100370 0.044957 0.000241 0.000047
0.000468 0.000241 0.479043 0.100987
0.000239 0.000047 0.100987 0.045063
26.309320 1.394503 34.975973 2.061462
0.475585 0.100459 -0.002680 -0.000475
0.100459 0.044964 -0.000475 -0.000113
-0.002680 -0.000475 0.480248 0.101265
-0.000475 -0.000113 0.101265 0.045107
27.090807 1.412290 35.950125 2.049553
0.474853 0.100344 -0.003641 -0.000655
0.100344 0.044925 -0.000655 -0.000145
-0.003641 -0.000655 0.480228 0.101248
-0.000655 -0.000145 0.101248 0.045085
27.538873 1.357626 36.640329 1.978942
0.475759 0.100574 -0.002848 -0.000450
0.100574 0.044960 -0.000449 -0.000094
-0.002848 -0.000449 0.481530 0.101508
-0.000450 -0.000094 0.101508 0.045124
27.974520 1.306027 37.073191 1.861571
0.475637 0.100552 -0.003066 -0.000482
0.100552 0.044939 -0.000482 -0.000099
-0.003066 -0.000482 0.481468 0.101453
-0.000482 -0.000099 0.101453 0.045095
28.832152 1.349456 38.459293 1.957558
0.473903 0.100185 -0.001566 -0.000152
0.100185 0.044847 -0.000150 -0.000028
-0.001566 -0.000150 0.481451 0.101414
-0.000152 -0.000028 0.101414 0.045074
29.703787 1.391008 39.178865 1.903039
0.471180 0.099638 -0.001640 -0.000186
0.099638 0.044725 -0.000185 -0.000040
-0.001640 -0.000185 0.479160 0.100902
-0.000186 -0.000040 0.100902 0.044957
30.107318 1.329251 40.231656 1.924280
0.470061 0.099475 0.001326 0.000425
0.099475 0.044694 0.000429 0.000086
0.001326 0.000429 0.479556 0.101008
0.000425 0.000086 0.101008 0.044982
30.462491 1.263753 41.430023 1.973989
0.470194 0.099579 0.000517 0.000185
0.099579 0.044719 0.000188 0.000022
0.000517 0.000188 0.481504 0.101426
0.000185 0.000022 0.101426 0.045069
31.091478 1.263145 42.465078 1.984109
0.466733 0.098897 -0.000911 -0.000154
0.098897 0.044572 -0.000154 -0.000054
-0.000911 -0.000154 0.479456 0.100961
-0.000154 -0.000054 0.100961 0.044963
31.414923 1.197777 43.351811 1.961904
0.467551 0.099176 -0.001904 -0.000364
0.099176 0.044638 -0.000365 -0.000095
-0.001904 -0.000365 0.481365 0.101376
-0.000364 -0.000095 0.101376 0.045052
32.205184 1.238324 43.754939 1.840269
0.468794 0.099502 -0.002164 -0.000398
0.099502 0.044705 -0.000399 -0.000095
-0.002164 -0.000399 0.481984 0.101479
-0.000398 -0.000095 0.101479 0.045068
32.447300 1.158356 45.111754 1.932115
0.467674 0.099282 -0.003935 -0.000748
0.099282 0.044648 -0.000752 -0.000163
-0.003935 -0.000752 0.483690 0.101804
-0.000748 -0.000163 0.101804 0.045130
32.665379 1.081646 45.981493 1.911752
0.469202 0.099637 -0.007489 -0.001442
0.099637 0.044717 -0.001452 -0.000300
-0.007489 -0.001452 0.486479 0.102330
-0.001442 -0.000300 0.102330 0.045231
33.147036 1.068934 46.652309 1.851817
0.468879 0.099558 -0.008808 -0.001607
0.099558 0.044687 -0.001618 -0.000315
-0.008808 -0.001618 0.486767 0.102288
-0.001607 -0.000315 0.102288 0.045207
34.757581 1.297085 47.132153 1.758969
0.464136 0.098541 -0.014206 -0.002631
0.098541 0.044461 -0.002653 -0.000518
-0.014206 -0.002653 0.481444 0.101082
-0.002631 -0.000518 0.101082 0.044945
35.351572 1.285515 48.032201 1.763224
0.466167 0.099061 -0.015131 -0.002630
0.099061 0.044581 -0.002648 -0.000490
-0.015131 -0.002648 0.484651 0.101797
-0.002630 -0.000490 0.101797 0.045111
