-2.721986 -0.126724 7.567190 2.134894
42.029630 16.812216 -56.701143 -22.680949
16.812216 86.729099 -22.680949 -9.072576
-56.701143 -22.680949 80.773073 32.309929
-22.680949 -9.072576 32.309929 92.928318
-0.999340 0.894124 6.326647 1.055997
40.477671 11.348506 -70.973068 -42.299003
11.348506 25.526866 -16.841191 -29.988790
-70.973068 -16.841191 129.284169 78.795205
-42.299003 -29.988790 78.795205 83.427687
0.570059 2.091958 6.382563 0.754945
44.507397 25.184165 -67.779326 -36.409915
25.184165 24.606342 -36.833213 -32.544281
-67.779326 -36.833213 106.559174 57.113687
-36.409915 -32.544281 57.113687 50.589074
2.349650 2.618211 6.277769 0.520633
62.580489 32.858876 -85.721136 -40.229352
32.858876 22.834707 -44.339663 -28.467523
-85.721136 -44.339663 119.899354 56.231467
-40.229352 -28.467523 56.231467 38.447914
8.029677 4.567431 1.024910 -1.664800
74.834577 33.527587 -92.982698 -36.690369
33.527587 18.438469 -41.445757 -21.252049
-92.982698 -41.445757 117.463854 46.584617
-36.690369 -21.252049 46.584617 26.237359
7.478954 3.491645 3.762814 -0.402614
10.075380 3.685307 -7.402462 -1.283561
3.685307 3.614045 -2.734162 -3.776373
-7.402462 -2.734162 6.450426 1.555822
-1.283561 -3.776373 1.555822 5.643809
8.956781 3.270347 4.093279 0.003427
14.542789 5.425980 -10.207170 -3.082171
5.425980 3.444303 -4.151297 -3.331579
-10.207170 -4.151297 8.135745 3.150653
-3.082171 -3.331579 3.150653 4.445490
9.133275 2.121509 6.839739 2.011945
20.146700 6.640970 -13.449973 -3.884187
6.640970 3.006657 -4.748480 -2.522337
-13.449973 -4.748480 9.814189 3.407479
-3.884187 -2.522337 3.407479 2.927710
10.470441 2.240680 7.551473 1.865801
22.176510 7.126630 -16.476112 -5.576389
7.126630 2.809276 -5.618945 -2.581987
-16.476112 -5.618945 13.190567 4.961814
-5.576389 -2.581987 4.961814 2.841900
14.050474 2.810996 7.099226 1.643102
28.864350 8.331002 -22.309887 -6.930466
8.331002 2.735298 -6.677252 -2.478754
-22.309887 -6.677252 18.123570 5.983942
-6.930466 -2.478754 5.983942 2.542052
14.612726 2.597158 8.572969 1.819141
16.935004 3.804496 -10.824850 -2.170280
3.804496 1.080104 -2.590707 -0.787855
-10.824850 -2.590707 7.656221 1.829825
-2.170280 -0.787855 1.829825 0.822451
14.746927 2.301810 10.518470 2.116875
17.790317 3.482224 -10.285541 -1.607008
3.482224 0.850545 -2.132890 -0.522748
-10.285541 -2.132890 6.590113 1.270683
-1.607008 -0.522748 1.270683 0.518987
15.237575 2.293472 11.276318 1.849011
20.849189 3.822365 -12.100600 -1.898583
3.822365 0.837510 -2.330790 -0.508483
-12.100600 -2.330790 7.704577 1.428823
-1.898583 -0.508483 1.428823 0.469115
14.825726 2.040617 13.008411 1.944744
23.794846 4.057382 -13.717982 -2.059622
4.057382 0.804098 -2.429985 -0.471625
-13.717982 -2.429985 8.548831 1.463161
-2.059622 -0.471625 1.463161 0.402417
13.836031 1.740182 14.975332 2.047626
20.453858 3.381238 -12.784920 -2.087977
3.381238 0.655229 -2.193160 -0.440393
-12.784920 -2.193160 8.646578 1.561127
-2.087977 -0.440393 1.561127 0.396078
16.147374 1.953780 15.188029 1.941542
7.571919 1.272764 -5.763095 -1.089328
1.272764 0.298504 -1.036628 -0.259210
-5.763095 -1.036628 5.063622 1.069023
-1.089328 -0.259210 1.069023 0.309436
17.351127 1.975936 16.170279 1.970191
8.388638 1.352227 -6.662816 -1.204567
1.352227 0.292893 -1.120983 -0.252578
-6.662816 -1.120983 5.916419 1.156191
-1.204567 -0.252578 1.156191 0.294041
18.468508 2.033218 16.325996 1.741310
9.577429 1.460907 -7.644315 -1.283016
1.460907 0.291181 -1.201435 -0.243070
-7.644315 -1.201435 6.786011 1.223517
-1.283016 -0.243070 1.223517 0.280174
18.393649 1.873683 18.125169 1.892538
7.899856 1.118985 -5.618849 -0.800254
1.118985 0.221749 -0.814861 -0.150686
-5.618849 -0.814861 4.581876 0.725593
-0.800254 -0.150686 0.725593 0.168001
19.173394 1.857443 18.898239 1.836119
7.628937 1.039631 -5.696058 -0.801831
1.039631 0.201375 -0.787705 -0.140720
-5.696058 -0.787705 4.897982 0.760632
-0.801831 -0.140720 0.760632 0.166469
20.971549 1.971739 19.061390 1.724603
6.978154 0.914884 -5.508081 -0.765235
0.914884 0.176862 -0.725208 -0.126717
-5.508081 -0.725208 5.031281 0.765089
-0.765235 -0.126717 0.765089 0.160776
22.399167 2.028202 19.643967 1.694009
4.880925 0.622218 -3.297884 -0.383941
0.622218 0.134035 -0.415191 -0.071156
-3.297884 -0.415191 2.885340 0.404982
-0.383941 -0.071156 0.404982 0.099494
22.601572 1.927814 21.090255 1.767099
1.575191 0.203500 -0.592688 -0.020893
0.203500 0.079173 -0.067139 -0.022197
-0.592688 -0.067139 0.842273 0.139194
-0.020893 -0.022197 0.139194 0.063833
23.210966 1.880354 22.159437 1.785771
1.258495 0.171922 -0.365054 -0.004736
0.171922 0.074467 -0.041309 -0.018590
-0.365054 -0.041309 0.837199 0.154515
-0.004736 -0.018590 0.154515 0.066649
23.322080 1.759512 23.207558 1.779548
0.843689 0.121919 -0.306452 -0.024154
0.121919 0.066540 -0.038209 -0.020112
-0.306452 -0.038209 0.967251 0.184524
-0.024154 -0.020112 0.184524 0.070246
23.736010 1.681021 23.535979 1.651755
0.844557 0.133398 -0.470814 -0.064482
0.133398 0.067693 -0.070072 -0.025247
-0.470814 -0.070072 0.979604 0.178634
-0.064482 -0.025247 0.178634 0.065791
24.648995 1.696013 24.574541 1.695207
0.941669 0.158871 -0.565612 -0.082779
0.158871 0.070964 -0.086688 -0.026301
-0.565612 -0.086688 1.149505 0.207189
-0.082779 -0.026301 0.207189 0.069540
24.382376 1.485160 25.026119 1.592228
0.881104 0.150427 -0.756508 -0.120748
0.150427 0.067348 -0.120466 -0.031340
-0.756508 -0.120466 1.221360 0.211752
-0.120748 -0.031340 0.211752 0.067968
25.066828 1.475478 25.891793 1.603632
1.038310 0.183639 -0.871257 -0.134146
0.183639 0.071963 -0.137567 -0.031656
-0.871257 -0.137567 1.305190 0.220138
-0.134146 -0.031656 0.220138 0.068001
25.962294 1.493661 26.306702 1.536529
1.217038 0.217975 -0.963242 -0.141062
0.217975 0.076392 -0.152466 -0.031575
-0.963242 -0.152466 1.284466 0.208907
-0.141062 -0.031575 0.208907 0.064623
26.830217 1.533561 27.388076 1.599567
1.435031 0.252747 -1.129823 -0.159788
0.252747 0.080181 -0.173106 -0.032652
-1.129823 -0.173106 1.458811 0.232457
-0.159788 -0.032652 0.232457 0.067641
27.781717 1.586587 28.477213 1.660891
1.692244 0.289848 -1.322343 -0.180090
0.289848 0.083917 -0.197015 -0.034236
-1.322343 -0.197015 1.631034 0.252338
-0.180090 -0.034236 0.252338 0.069648
28.498950 1.593724 29.750493 1.739792
1.960037 0.322508 -1.551246 -0.204936
0.322508 0.086250 -0.223924 -0.036496
-1.551246 -0.223924 1.837563 0.275271
-0.204936 -0.036496 0.275271 0.071885
29.107431 1.530016 30.127186 1.640646
2.282470 0.360650 -1.809344 -0.230525
0.360650 0.089149 -0.258357 -0.039752
-1.809344 -0.258357 1.955548 0.278607
-0.230525 -0.039752 0.278607 0.070330
30.125404 1.535424 30.155928 1.506593
2.632612 0.399257 -2.076705 -0.254445
0.399257 0.092151 -0.288776 -0.042060
-2.076705 -0.288776 2.108371 0.287762
-0.254445 -0.042060 0.287762 0.070083
31.385829 1.624679 30.821085 1.517063
2.935092 0.423493 -2.359524 -0.282200
0.423493 0.092659 -0.310925 -0.043537
-2.359524 -0.310925 2.397353 0.320876
-0.282200 -0.043537 0.320876 0.074118
32.558636 1.687551 31.502567 1.523707
3.151475 0.430212 -2.627869 -0.310144
0.430212 0.090380 -0.326445 -0.044759
-2.627869 -0.326445 2.719467 0.358143
-0.310144 -0.044759 0.358143 0.078559
33.123413 1.643139 32.373760 1.527032
3.274043 0.420825 -2.878526 -0.338099
0.420825 0.085922 -0.336035 -0.045797
-2.878526 -0.336035 3.070607 0.398452
-0.338099 -0.045797 0.398452 0.083174
33.799174 1.609781 33.031755 1.498084
3.533502 0.432337 -3.217940 -0.371059
0.432337 0.085012 -0.358473 -0.047808
-3.217940 -0.358473 3.471958 0.438472
-0.371059 -0.047808 0.438472 0.087006
34.751049 1.627750 33.654502 1.484666
3.851669 0.451433 -3.597011 -0.404443
0.451433 0.085444 -0.384144 -0.049776
-3.597011 -0.384144 3.912747 0.479421
-0.404443 -0.049776 0.479421 0.090675
35.781644 1.673722 34.498479 1.517976
4.159891 0.467220 -3.983738 -0.437025
0.467220 0.085543 -0.406845 -0.051313
-3.983738 -0.406845 4.395227 0.523749
-0.437025 -0.051313 0.523749 0.094738
36.285623 1.615273 35.269708 1.496862
4.468005 0.480156 -4.402388 -0.472470
0.480156 0.085064 -0.431650 -0.053337
-4.402388 -0.431650 4.914945 0.568478
-0.472470 -0.053337 0.568478 0.098359
37.065684 1.608842 35.997581 1.491280
4.877709 0.506577 -4.880790 -0.508011
0.506577 0.086567 -0.463816 -0.055544
-4.880790 -0.463816 5.465473 0.610436
-0.508011 -0.055544 0.610436 0.101237
37.967102 1.639358 36.917404 1.528465
5.326786 0.536135 -5.391508 -0.543473
0.536135 0.088487 -0.497076 -0.057585
-5.391508 -0.497076 6.055084 0.653461
-0.543473 -0.057585 0.653461 0.104147
38.578937 1.605599 37.721143 1.519806
5.806209 0.566817 -5.936018 -0.579802
0.566817 0.090284 -0.533289 -0.059942
-5.936018 -0.533289 6.662094 0.693660
-0.579802 -0.059942 0.693660 0.106358
39.372730 1.571792 38.076399 1.451301
6.350804 0.604587 -6.515410 -0.614491
0.604587 0.092886 -0.574221 -0.062428
-6.515410 -0.574221 7.262538 0.727346
-0.614491 -0.062428 0.727346 0.107526
39.964773 1.511531 38.483025 1.383510
6.886283 0.635782 -7.126720 -0.653051
0.635782 0.094457 -0.611739 -0.064740
-7.126720 -0.611739 7.942782 0.769918
-0.653051 -0.064740 0.769918 0.109899
40.856267 1.546721 39.308719 1.416196
7.448464 0.667821 -7.765476 -0.691477
0.667821 0.096288 -0.647259 -0.066550
-7.765476 -0.647259 8.682119 0.817276
-0.691477 -0.066550 0.817276 0.112969
42.000885 1.621861 40.130865 1.464356
8.064084 0.703611 -8.452470 -0.731030
0.703611 0.098437 -0.685854 -0.068500
-8.452470 -0.685854 9.467481 0.865083
-0.731030 -0.068500 0.865083 0.115854
43.322470 1.727666 41.053274 1.535975
8.685712 0.736205 -9.167776 -0.772245
0.736205 0.100075 -0.722787 -0.070369
-9.167776 -0.722787 10.309677 0.916698
-0.772245 -0.070369 0.916698 0.119080
