3.241770 2.258830 -0.809132 -1.215707
2.404034 0.961635 -0.264614 -0.105848
0.961635 80.388729 -0.105848 -0.042340
-0.264614 -0.105848 2.440697 0.976300
-0.105848 -0.042340 0.976300 80.394595
3.954249 1.542857 -0.742368 -0.043853
2.311375 4.047840 -0.323042 -0.512517
4.047840 15.276880 -0.510615 -1.568683
-0.323042 -0.510615 2.438731 4.263505
-0.512517 -1.568683 4.263505 15.747975
7.045826 4.235180 1.567632 2.643144
2.056607 2.361453 -0.245827 -0.259697
2.361453 4.572564 -0.259141 -0.481189
-0.245827 -0.259141 2.164148 2.469108
-0.259697 -0.481189 2.469108 4.720121
5.996002 1.588967 3.603663 3.225823
1.652029 1.380806 -0.218810 -0.176037
1.380806 1.845499 -0.176079 -0.223721
-0.218810 -0.176079 1.717170 1.426620
-0.176037 -0.223721 1.426620 1.896866
7.535100 2.083613 6.469263 4.050628
1.442009 0.951121 -0.157541 -0.100088
0.951121 0.957741 -0.100086 -0.103507
-0.157541 -0.100086 1.469674 0.965230
-0.100088 -0.103507 0.965230 0.975209
9.586916 2.629452 4.667822 1.974142
1.234546 0.671089 -0.118567 -0.063399
0.671089 0.549541 -0.063351 -0.056065
-0.118567 -0.063351 1.297351 0.704147
-0.063399 -0.056065 0.704147 0.573191
10.283038 2.342516 6.550873 2.388679
1.145197 0.530784 -0.102340 -0.047782
0.530784 0.361578 -0.047742 -0.035719
-0.102340 -0.047742 1.184479 0.547726
-0.047782 -0.035719 0.547726 0.372751
11.320062 2.288973 6.983952 2.082260
1.038502 0.418973 -0.072804 -0.030259
0.418973 0.248015 -0.030225 -0.021207
-0.072804 -0.030225 1.079086 0.434587
-0.030259 -0.021207 0.434587 0.256608
10.678520 1.649324 8.247620 2.164304
0.949132 0.339861 -0.070881 -0.026668
0.339861 0.179837 -0.026633 -0.015846
-0.070881 -0.026633 0.972703 0.347697
-0.026668 -0.015846 0.347697 0.184242
10.818677 1.429260 8.579212 1.923138
0.870410 0.281152 -0.059545 -0.020416
0.281152 0.136420 -0.020390 -0.011068
-0.059545 -0.020390 0.891145 0.287548
-0.020416 -0.011068 0.287548 0.139700
11.619986 1.454060 10.210044 2.120681
0.810292 0.239527 -0.056906 -0.017845
0.239527 0.108582 -0.017820 -0.008532
-0.056906 -0.017820 0.823291 0.243216
-0.017845 -0.008532 0.243216 0.110599
13.109155 1.662854 11.149031 2.086702
0.747131 0.204613 -0.045229 -0.013122
0.204613 0.088806 -0.013107 -0.005984
-0.045229 -0.013107 0.761819 0.208628
-0.013122 -0.005984 0.208628 0.090637
13.402045 1.525066 11.498961 1.909034
0.701738 0.180233 -0.030003 -0.008243
0.180233 0.075815 -0.008232 -0.003910
-0.030003 -0.008232 0.715141 0.183681
-0.008243 -0.003910 0.183681 0.077264
13.794129 1.434457 13.098155 2.066188
0.668033 0.162601 -0.027095 -0.007078
0.162601 0.066992 -0.007066 -0.003110
-0.027095 -0.007066 0.674921 0.164265
-0.007078 -0.003110 0.164265 0.067832
13.865147 1.284052 14.128881 2.066017
0.626963 0.145944 -0.029317 -0.007193
0.145944 0.060027 -0.007182 -0.002745
-0.029317 -0.007182 0.629947 0.146671
-0.007193 -0.002745 0.146671 0.060548
14.987433 1.392064 14.913728 2.010075
0.591799 0.133028 -0.022626 -0.005240
0.133028 0.055096 -0.005232 -0.001986
-0.022626 -0.005232 0.595697 0.133998
-0.005240 -0.001986 0.133998 0.055606
15.493139 1.350395 15.567881 1.933183
0.570334 0.124888 -0.019706 -0.004332
0.124888 0.052008 -0.004327 -0.001569
-0.019706 -0.004327 0.573551 0.125694
-0.004332 -0.001569 0.125694 0.052419
16.005977 1.315501 16.350440 1.893608
0.552567 0.118635 -0.014807 -0.003079
0.118635 0.049814 -0.003075 -0.001138
-0.014807 -0.003075 0.554901 0.119233
-0.003079 -0.001138 0.119233 0.050131
17.180176 1.424678 16.818997 1.792447
0.537368 0.113741 -0.010726 -0.002114
0.113741 0.048242 -0.002112 -0.000822
-0.010726 -0.002112 0.541034 0.114611
-0.002114 -0.000822 0.114611 0.048577
17.624098 1.368205 17.081452 1.659431
0.518723 0.108742 -0.014386 -0.002853
0.108742 0.046875 -0.002850 -0.000901
-0.014386 -0.002850 0.522270 0.109540
-0.002853 -0.000901 0.109540 0.047157
18.388953 1.385635 19.006421 1.888005
0.509379 0.106264 -0.012330 -0.002301
0.106264 0.046208 -0.002301 -0.000706
-0.012330 -0.002301 0.510619 0.106537
-0.002301 -0.000706 0.106537 0.046350
19.210857 1.412584 20.070161 1.913019
0.501201 0.104313 -0.006643 -0.001041
0.104313 0.045734 -0.001041 -0.000389
-0.006643 -0.001041 0.502047 0.104507
-0.001041 -0.000389 0.104507 0.045844
19.659125 1.358895 21.011103 1.909619
0.499729 0.103960 -0.004401 -0.000605
0.103960 0.045644 -0.000606 -0.000273
-0.004401 -0.000606 0.500055 0.104049
-0.000605 -0.000273 0.104049 0.045720
20.740076 1.442544 22.224657 1.963661
0.498322 0.103655 -0.002278 -0.000220
0.103655 0.045573 -0.000220 -0.000177
-0.002278 -0.000220 0.498735 0.103771
-0.000220 -0.000177 0.103771 0.045645
21.146485 1.377074 23.302241 1.983474
0.492733 0.102509 -0.000015 0.000174
0.102509 0.045334 0.000174 -0.000085
-0.000015 0.000174 0.492971 0.102589
0.000174 -0.000085 0.102589 0.045390
22.010696 1.413604 23.942308 1.910235
0.487043 0.101443 0.002051 0.000510
0.101443 0.045131 0.000509 -0.000011
0.002051 0.000509 0.487176 0.101502
0.000510 -0.000011 0.101502 0.045175
22.508695 1.369980 25.852807 2.109694
0.482398 0.100676 0.006414 0.001315
0.100676 0.045001 0.001315 0.000160
0.006414 0.001315 0.483549 0.100947
0.001315 0.000160 0.100947 0.045083
22.853258 1.298815 26.757114 2.078328
0.485276 0.101525 0.005922 0.001051
0.101525 0.045209 0.001051 0.000097
0.005922 0.001051 0.486634 0.101818
0.001051 0.000097 0.101818 0.045287
23.731922 1.346712 28.009293 2.122806
0.485967 0.101802 0.004552 0.000656
0.101802 0.045270 0.000655 0.000018
0.004552 0.000655 0.488201 0.102256
0.000656 0.000018 0.102256 0.045374
23.923218 1.245557 29.192543 2.148682
0.487231 0.102151 0.001819 0.000034
0.102151 0.045336 0.000032 -0.000098
0.001819 0.000032 0.490799 0.102847
0.000034 -0.000098 0.102847 0.045482
24.201496 1.173620 29.793909 2.049821
0.486117 0.101951 -0.002628 -0.000872
0.101951 0.045279 -0.000875 -0.000261
-0.002628 -0.000875 0.489681 0.102591
-0.000872 -0.000261 0.102591 0.045403
24.604701 1.135067 30.896666 2.066207
0.482364 0.101202 -0.004388 -0.001125
0.101202 0.045110 -0.001128 -0.000277
-0.004388 -0.001128 0.487644 0.102159
-0.001125 -0.000277 0.102159 0.045295
24.837992 1.064889 31.840929 2.047643
0.476908 0.100152 -0.005748 -0.001279
0.100152 0.044890 -0.001283 -0.000276
-0.005748 -0.001283 0.483870 0.101398
-0.001279 -0.000276 0.101398 0.045128
25.257537 1.041064 32.251288 1.918957
0.473399 0.099591 -0.004236 -0.000831
0.099591 0.044787 -0.000833 -0.000156
-0.004236 -0.000833 0.480141 0.100708
-0.000831 -0.000156 0.100708 0.044988
25.967540 1.080983 33.133233 1.902724
0.475630 0.100263 -0.006535 -0.001239
0.100263 0.044945 -0.001242 -0.000232
-0.006535 -0.001242 0.483444 0.101543
-0.001239 -0.000232 0.101543 0.045176
26.894915 1.162764 34.362047 1.961217
0.478199 0.100909 -0.008281 -0.001503
0.100909 0.045075 -0.001506 -0.000274
-0.008281 -0.001506 0.488233 0.102589
-0.001503 -0.000274 0.102589 0.045387
27.683682 1.206437 35.202552 1.931947
0.477123 0.100707 -0.004518 -0.000602
0.100707 0.045012 -0.000600 -0.000073
-0.004518 -0.000600 0.488307 0.102538
-0.000602 -0.000073 0.102538 0.045349
28.424902 1.235517 36.092015 1.915992
0.472602 0.099781 -0.006064 -0.000920
0.099781 0.044800 -0.000919 -0.000150
-0.006064 -0.000919 0.485738 0.101937
-0.000920 -0.000150 0.101937 0.045201
28.718818 1.167158 37.159488 1.938703
0.469605 0.099253 -0.005650 -0.000801
0.099253 0.044690 -0.000797 -0.000129
-0.005650 -0.000797 0.486300 0.102054
-0.000801 -0.000129 0.102054 0.045221
29.324989 1.171644 37.781619 1.865862
0.466710 0.098771 -0.011121 -0.001936
0.098771 0.044593 -0.001942 -0.000376
-0.011121 -0.001942 0.484280 0.101612
-0.001936 -0.000376 0.101612 0.045120
29.825055 1.153265 38.533607 1.827786
0.469313 0.099481 -0.010710 -0.001730
0.099481 0.044752 -0.001732 -0.000318
-0.010710 -0.001732 0.488045 0.102431
-0.001730 -0.000318 0.102431 0.045295
31.330086 1.350762 39.880947 1.919903
0.466353 0.098906 -0.019335 -0.003464
0.098906 0.044616 -0.003482 -0.000682
-0.019335 -0.003482 0.488252 0.102410
-0.003464 -0.000682 0.102410 0.045275
32.081774 1.367654 41.231909 2.002042
0.463290 0.098352 -0.022333 -0.003869
0.098352 0.044495 -0.003883 -0.000737
-0.022333 -0.003883 0.489914 0.102708
-0.003869 -0.000737 0.102708 0.045327
32.586525 1.329666 42.276995 2.010874
0.459517 0.097681 -0.023393 -0.003865
0.097681 0.044356 -0.003872 -0.000712
-0.023393 -0.003872 0.489832 0.102620
-0.003865 -0.000712 0.102620 0.045297
33.519165 1.387133 43.432133 2.042959
0.457660 0.097441 -0.029866 -0.005028
0.097441 0.044310 -0.005048 -0.000948
-0.029866 -0.005048 0.491187 0.102835
-0.005028 -0.000948 0.102835 0.045333
34.127892 1.368889 44.413224 2.034222
0.456293 0.097325 -0.026714 -0.004099
0.097325 0.044294 -0.004093 -0.000726
-0.026714 -0.004093 0.492346 0.103024
-0.004099 -0.000726 0.103024 0.045368
34.782129 1.363378 45.695697 2.089653
0.454021 0.096981 -0.027681 -0.004167
0.096981 0.044218 -0.004149 -0.000746
-0.027681 -0.004149 0.494907 0.103483
-0.004167 -0.000746 0.103483 0.045456
34.705458 1.200488 46.616390 2.060790
0.457214 0.097815 -0.027476 -0.003992
0.097815 0.044396 -0.003965 -0.000716
-0.027476 -0.003965 0.501362 0.104727
-0.003992 -0.000716 0.104727 0.045704
35.266537 1.192272 47.691004 2.069863
0.459719 0.098387 -0.028491 -0.004119
0.098387 0.044496 -0.004092 -0.000759
-0.028491 -0.004092 0.506574 0.105603
-0.004119 -0.000759 0.105603 0.045858
35.812127 1.180376 48.464334 2.015196
0.459734 0.098353 -0.029913 -0.004349
0.098353 0.044456 -0.004330 -0.000826
-0.029913 -0.004330 0.508001 0.105633
-0.004349 -0.000826 0.105633 0.045832
