1.516737 1.568802 1.404338 -0.330300
0.874609 0.349851 0.944519 0.377816
0.349851 80.144010 0.377816 0.151130
0.944519 0.377816 2.862993 1.145222
0.377816 0.151130 1.145222 80.462165
5.731128 8.137904 0.921036 -1.181894
2.813717 5.490241 -1.404160 -2.665062
5.490241 13.832390 -2.918657 -2.550151
-1.404160 -2.918657 2.716057 4.796719
-2.665062 -2.550151 4.796719 17.817751
7.073364 5.389164 2.857359 1.435138
1.063162 1.233270 0.796112 1.137061
1.233270 2.101360 0.964470 1.878802
0.796112 0.964470 1.048120 1.398808
1.137061 1.878802 1.398808 3.743299
8.212478 4.124694 2.036086 0.013491
1.135774 0.913583 0.611276 0.496088
0.913583 0.990667 0.511070 0.587272
0.611276 0.511070 1.351536 1.348644
0.496088 0.587272 1.348644 1.923524
8.302531 2.926209 1.954322 0.086086
0.932862 0.571827 0.449609 0.273358
0.571827 0.480426 0.289351 0.257620
0.449609 0.289351 1.346288 0.984167
0.273358 0.257620 0.984167 0.963261
7.865521 1.981000 1.679428 -0.027930
0.957355 0.477782 0.327865 0.155037
0.477782 0.316794 0.174034 0.128074
0.327865 0.174034 1.239963 0.709430
0.155037 0.128074 0.709430 0.536549
9.792956 2.391793 3.797008 0.965483
0.901870 0.377920 0.137279 0.047379
0.377920 0.211843 0.066645 0.051814
0.137279 0.066645 1.018667 0.480877
0.047379 0.051814 0.480877 0.308487
10.807468 2.340008 5.532442 1.473698
0.874566 0.317056 0.030772 0.005525
0.317056 0.155208 0.022029 0.024614
0.030772 0.022029 0.980946 0.396600
0.005525 0.024614 0.396600 0.217023
11.663997 2.242929 6.554153 1.574436
0.751889 0.240698 -0.060552 -0.021466
0.240698 0.109841 -0.007084 0.009982
-0.060552 -0.007084 0.980680 0.346727
-0.021466 0.009982 0.346727 0.165587
9.789970 1.362412 6.899756 1.416849
0.346413 0.098414 -0.194676 -0.059170
0.098414 0.056329 -0.044068 -0.004464
-0.194676 -0.044068 0.918361 0.288023
-0.059170 -0.004464 0.288023 0.125367
10.432563 1.358563 7.966891 1.519537
0.394110 0.110275 -0.183098 -0.044261
0.110275 0.056486 -0.034806 -0.001529
-0.183098 -0.034806 0.889789 0.252817
-0.044261 -0.001529 0.252817 0.102127
11.436570 1.460505 9.221164 1.660281
0.431396 0.116966 -0.151559 -0.028416
0.116966 0.055401 -0.023299 0.001108
-0.151559 -0.023299 0.832454 0.217572
-0.028416 0.001108 0.217572 0.084261
12.522255 1.567281 10.578508 1.801353
0.466386 0.121092 -0.140874 -0.021615
0.121092 0.053857 -0.019567 0.001186
-0.140874 -0.019567 0.787376 0.191449
-0.021615 0.001186 0.191449 0.072184
13.141913 1.533051 11.816858 1.875786
0.496742 0.123831 -0.109154 -0.011757
0.123831 0.052556 -0.011514 0.002226
-0.109154 -0.011514 0.736071 0.169136
-0.011757 0.002226 0.169136 0.063488
13.836322 1.529760 13.452236 2.029260
0.509686 0.121950 -0.082194 -0.005339
0.121950 0.050506 -0.006336 0.002383
-0.082194 -0.006336 0.668004 0.146653
-0.005339 0.002383 0.146653 0.056270
14.614592 1.534378 14.548705 2.047135
0.505566 0.115878 -0.098080 -0.009589
0.115878 0.047805 -0.011635 0.000250
-0.098080 -0.011635 0.610313 0.128813
-0.009589 0.000250 0.128813 0.051007
14.706180 1.387363 15.880089 2.097515
0.510745 0.113708 -0.083952 -0.006874
0.113708 0.046684 -0.009210 0.000158
-0.083952 -0.009210 0.563196 0.116408
-0.006874 0.000158 0.116408 0.047845
15.660035 1.442974 16.833930 2.082861
0.499524 0.108615 -0.066863 -0.004235
0.108615 0.045213 -0.006183 0.000197
-0.066863 -0.006183 0.531683 0.108856
-0.004235 0.000197 0.108856 0.046115
16.074523 1.374975 17.745697 2.050851
0.490639 0.104859 -0.056802 -0.003231
0.104859 0.044281 -0.005011 -0.000058
-0.056802 -0.005011 0.499892 0.101993
-0.003231 -0.000058 0.101993 0.044710
16.327318 1.284970 18.957464 2.082619
0.515863 0.108955 -0.054981 -0.003429
0.108955 0.045178 -0.005120 -0.000371
-0.054981 -0.005120 0.509104 0.104162
-0.003429 -0.000371 0.104162 0.045286
16.652981 1.212120 19.437039 1.962514
0.506061 0.105539 -0.050389 -0.003535
0.105539 0.044467 -0.004997 -0.000676
-0.050389 -0.004997 0.487516 0.099830
-0.003535 -0.000676 0.099830 0.044468
17.266005 1.215312 20.590461 1.998236
0.511836 0.106000 -0.042820 -0.002723
0.106000 0.044693 -0.003945 -0.000665
-0.042820 -0.003945 0.489733 0.100864
-0.002723 -0.000665 0.100864 0.044834
17.846986 1.215576 22.246811 2.134392
0.513370 0.105778 -0.029035 -0.000677
0.105778 0.044796 -0.001704 -0.000379
-0.029035 -0.001704 0.488676 0.101140
-0.000677 -0.000379 0.101140 0.045004
18.776137 1.283956 23.636753 2.204320
0.502668 0.103096 -0.030536 -0.002016
0.103096 0.044378 -0.002786 -0.000791
-0.030536 -0.002786 0.483978 0.100440
-0.002016 -0.000791 0.100440 0.044906
19.279423 1.251640 24.106914 2.071424
0.497460 0.101991 -0.024014 -0.001383
0.101991 0.044346 -0.002036 -0.000732
-0.024014 -0.002036 0.476337 0.099226
-0.001383 -0.000732 0.099226 0.044714
19.906190 1.252205 25.217249 2.087061
0.507928 0.104317 -0.011020 0.000750
0.104317 0.045024 0.000184 -0.000317
-0.011020 0.000184 0.492018 0.102994
0.000750 -0.000317 0.102994 0.045573
21.266350 1.401967 25.993422 2.034387
0.490160 0.100626 -0.007027 0.000742
0.100626 0.044387 0.000320 -0.000379
-0.007027 0.000320 0.484429 0.101416
0.000742 -0.000379 0.101416 0.045210
22.070001 1.423965 27.350620 2.106005
0.473937 0.097636 -0.001816 0.001141
0.097636 0.043943 0.000828 -0.000318
-0.001816 0.000828 0.482623 0.101186
0.001141 -0.000318 0.101186 0.045162
22.793740 1.426633 28.563519 2.139597
0.481010 0.099715 -0.003844 0.000161
0.099715 0.044559 -0.000079 -0.000517
-0.003844 -0.000079 0.498504 0.104645
0.000161 -0.000517 0.104645 0.045883
23.839550 1.496004 29.867932 2.189153
0.470294 0.097856 -0.009339 -0.001380
0.097856 0.044275 -0.001550 -0.000803
-0.009339 -0.001550 0.503436 0.105451
-0.001380 -0.000803 0.105451 0.045983
24.303568 1.436495 30.775945 2.149921
0.442808 0.092624 -0.006817 -0.001028
0.092624 0.043289 -0.001148 -0.000660
-0.006817 -0.001148 0.491837 0.102753
-0.001028 -0.000660 0.102753 0.045355
24.892090 1.408940 31.473136 2.070915
0.449184 0.094921 0.002462 0.000784
0.094921 0.043937 0.000706 -0.000216
0.002462 0.000706 0.496504 0.103737
0.000784 -0.000216 0.103737 0.045563
25.421448 1.371691 32.571067 2.083951
0.442357 0.094077 0.000259 0.000068
0.094077 0.043820 -0.000005 -0.000343
0.000259 -0.000005 0.504735 0.105366
0.000068 -0.000343 0.105366 0.045886
26.313340 1.415672 33.939080 2.151809
0.412167 0.088215 -0.017487 -0.003753
0.088215 0.042610 -0.003922 -0.001115
-0.017487 -0.003922 0.507696 0.105757
-0.003753 -0.001115 0.105757 0.045929
27.636149 1.548934 35.213403 2.193267
0.387867 0.083996 -0.040680 -0.008319
0.083996 0.041810 -0.008647 -0.001991
-0.040680 -0.008647 0.514201 0.106862
-0.008319 -0.001991 0.106862 0.046124
28.050145 1.469179 36.107095 2.150445
0.402695 0.088547 -0.043378 -0.008175
0.088547 0.042937 -0.008481 -0.001786
-0.043378 -0.008481 0.524243 0.108631
-0.008175 -0.001786 0.108631 0.046452
28.894177 1.493823 37.290041 2.173081
0.423722 0.093817 -0.051591 -0.009220
0.093817 0.044066 -0.009594 -0.001891
-0.051591 -0.009594 0.543674 0.112187
-0.009220 -0.001891 0.112187 0.047128
27.462662 1.008348 37.933476 2.071861
0.365187 0.080859 -0.038907 -0.006292
0.080859 0.041044 -0.006173 -0.001163
-0.038907 -0.006173 0.530031 0.108741
-0.006292 -0.001163 0.108741 0.046338
27.010227 0.793602 39.104464 2.094437
0.354616 0.079697 -0.033247 -0.004921
0.079697 0.040890 -0.004603 -0.000844
-0.033247 -0.004603 0.539810 0.110479
-0.004921 -0.000844 0.110479 0.046699
27.810293 0.887329 40.445261 2.156632
0.367109 0.083668 -0.028928 -0.003876
0.083668 0.041851 -0.003506 -0.000632
-0.028928 -0.003506 0.554507 0.113097
-0.003876 -0.000632 0.113097 0.047218
28.309156 0.897955 41.147310 2.080475
0.363384 0.083314 -0.025511 -0.003241
0.083314 0.041682 -0.002865 -0.000558
-0.025511 -0.002865 0.549327 0.111479
-0.003241 -0.000558 0.111479 0.046843
28.974016 0.946550 41.953728 2.034200
0.349332 0.080519 -0.014006 -0.001086
0.080519 0.040955 -0.000418 -0.000130
-0.014006 -0.000418 0.544399 0.110191
-0.001086 -0.000130 0.110191 0.046597
29.872808 1.041971 42.200821 1.880277
0.371604 0.086286 -0.005043 0.000532
0.086286 0.042255 0.001135 0.000130
-0.005043 0.001135 0.520726 0.105273
0.000532 0.000130 0.105273 0.045646
30.453699 1.055118 42.923864 1.836432
0.384466 0.089100 -0.004195 0.000333
0.089100 0.042719 0.000787 -0.000014
-0.004195 0.000787 0.517658 0.104974
0.000333 -0.000014 0.104974 0.045702
31.293153 1.126166 43.510271 1.769613
0.382413 0.088165 0.006129 0.002089
0.088165 0.042297 0.002707 0.000326
0.006129 0.002707 0.507079 0.103178
0.002089 0.000326 0.103178 0.045438
31.763827 1.103367 43.291849 1.544028
0.398066 0.091388 0.004321 0.001290
0.091388 0.042893 0.001682 0.000064
0.004321 0.001682 0.479979 0.098108
0.001290 0.000064 0.098108 0.044501
32.306014 1.101320 44.241967 1.580758
0.427221 0.097358 -0.002753 -0.000464
0.097358 0.044080 -0.000307 -0.000357
-0.002753 -0.000307 0.489459 0.100947
-0.000464 -0.000357 0.100947 0.045240
33.167772 1.171358 45.068115 1.588188
0.433052 0.097477 0.008344 0.001751
0.097477 0.043866 0.002071 0.000172
0.008344 0.002071 0.481411 0.099793
0.001751 0.000172 0.099793 0.045052
33.846387 1.191916 46.449431 1.710530
0.461826 0.102830 0.001282 0.000003
0.102830 0.044896 0.000173 -0.000232
0.001282 0.000173 0.489120 0.101947
0.000003 -0.000232 0.101947 0.045547
34.651968 1.237937 47.312518 1.712023
0.486533 0.106820 0.000331 -0.000257
0.106820 0.045569 -0.000107 -0.000253
0.000331 -0.000107 0.468484 0.097890
-0.000257 -0.000253 0.097890 0.044679
