2.881043 2.114537 2.041701 -0.075349
2.495384 0.998175 -0.049095 -0.019639
0.998175 80.403345 -0.019639 -0.007856
-0.049095 -0.019639 2.498702 0.999502
-0.019639 -0.007856 0.999502 80.403876
6.504469 6.585282 -0.428023 -4.310652
2.213563 3.865124 -0.050167 -0.078219
3.865124 15.211822 -0.078073 -0.261046
-0.050167 -0.078073 2.251469 3.930671
-0.078219 -0.261046 3.930671 15.334691
6.432258 2.683567 0.344527 -0.925200
1.996491 2.317751 -0.048859 -0.053465
2.317751 4.589097 -0.053468 -0.095693
-0.048859 -0.053468 2.020507 2.339828
-0.053465 -0.095693 2.339828 4.616786
5.155050 0.473099 1.727633 0.628435
1.713833 1.447637 -0.031871 -0.025261
1.447637 1.919937 -0.025256 -0.034541
-0.031871 -0.025256 1.724042 1.453490
-0.025261 -0.034541 1.453490 1.927363
5.815510 0.753647 2.635036 1.020528
1.480482 0.979241 -0.024806 -0.016015
0.979241 0.979343 -0.016011 -0.017383
-0.024806 -0.016011 1.489709 0.984413
-0.016015 -0.017383 0.984413 0.984758
6.614948 0.983198 5.603614 2.355984
1.292284 0.702360 -0.012612 -0.006933
0.702360 0.567039 -0.006929 -0.007679
-0.012612 -0.006929 1.293935 0.702933
-0.006933 -0.007679 0.702933 0.568677
6.937756 0.905351 6.463252 2.208959
1.160911 0.536301 -0.022336 -0.010785
0.536301 0.363776 -0.010782 -0.007505
-0.022336 -0.010782 1.162388 0.537079
-0.010785 -0.007505 0.537079 0.365093
6.666937 0.614382 7.382639 2.134650
1.048988 0.421946 -0.016756 -0.007009
0.421946 0.249111 -0.007008 -0.004400
-0.016756 -0.007008 1.048621 0.422031
-0.007009 -0.004400 0.422031 0.249818
7.789296 0.905508 8.531585 2.163657
0.948313 0.338700 -0.013875 -0.005159
0.338700 0.179446 -0.005158 -0.002909
-0.013875 -0.005158 0.948641 0.339111
-0.005159 -0.002909 0.339111 0.180079
9.241569 1.227976 8.948513 1.948830
0.871721 0.281136 -0.014320 -0.004776
0.281136 0.136542 -0.004775 -0.002290
-0.014320 -0.004775 0.873966 0.282148
-0.004776 -0.002290 0.282148 0.137217
9.721688 1.188353 10.875227 2.230337
0.807186 0.238372 -0.011533 -0.003482
0.238372 0.108383 -0.003482 -0.001559
-0.011533 -0.003482 0.807302 0.238635
-0.003482 -0.001559 0.238635 0.108705
11.088018 1.399818 10.882229 1.926578
0.749652 0.205260 -0.011869 -0.003280
0.205260 0.089136 -0.003280 -0.001287
-0.011869 -0.003280 0.751361 0.205936
-0.003280 -0.001287 0.205936 0.089503
12.454615 1.571078 12.551844 2.108180
0.702389 0.180393 -0.006346 -0.001593
0.180393 0.075982 -0.001594 -0.000692
-0.006346 -0.001594 0.703616 0.180869
-0.001593 -0.000692 0.180869 0.076235
13.093449 1.535339 12.963014 1.951536
0.663033 0.161412 -0.006302 -0.001508
0.161412 0.066808 -0.001508 -0.000589
-0.006302 -0.001508 0.664289 0.161844
-0.001508 -0.000589 0.161844 0.067008
13.936304 1.552830 13.514879 1.852716
0.631027 0.147016 -0.001141 -0.000226
0.147016 0.060381 -0.000227 -0.000225
-0.001141 -0.000227 0.632348 0.147419
-0.000226 -0.000225 0.147419 0.060543
14.778820 1.567690 14.620249 1.892991
0.603932 0.135813 -0.002225 -0.000515
0.135813 0.055791 -0.000515 -0.000263
-0.002225 -0.000515 0.604920 0.136102
-0.000515 -0.000263 0.136102 0.055905
15.337493 1.518422 15.844196 1.953714
0.580066 0.126888 -0.002995 -0.000680
0.126888 0.052463 -0.000681 -0.000269
-0.002995 -0.000681 0.580569 0.127044
-0.000680 -0.000269 0.127044 0.052532
15.803497 1.455606 16.532670 1.891913
0.555785 0.119081 -0.003976 -0.000862
0.119081 0.049903 -0.000862 -0.000279
-0.003976 -0.000862 0.556091 0.119182
-0.000862 -0.000279 0.119182 0.049950
16.051506 1.354248 17.368886 1.868701
0.539013 0.113861 -0.005264 -0.001084
0.113861 0.048265 -0.001084 -0.000298
-0.005264 -0.001084 0.539025 0.113892
-0.001084 -0.000298 0.113892 0.048291
17.079795 1.427741 18.314032 1.871019
0.525915 0.110062 -0.004638 -0.000883
0.110062 0.047158 -0.000883 -0.000229
-0.004638 -0.000883 0.525969 0.110100
-0.000883 -0.000229 0.110100 0.047181
17.726383 1.413866 19.754578 1.976127
0.514532 0.107078 -0.002547 -0.000400
0.107078 0.046370 -0.000400 -0.000112
-0.002547 -0.000400 0.514378 0.107069
-0.000400 -0.000112 0.107069 0.046380
18.577718 1.443815 20.652414 1.957432
0.504824 0.104779 -0.005462 -0.001005
0.104779 0.045821 -0.001005 -0.000233
-0.005462 -0.001005 0.504678 0.104773
-0.001005 -0.000233 0.104773 0.045829
19.138662 1.410601 22.118214 2.058454
0.500323 0.103804 -0.004927 -0.000835
0.103804 0.045606 -0.000835 -0.000183
-0.004927 -0.000835 0.500106 0.103782
-0.000835 -0.000183 0.103782 0.045609
19.319616 1.301525 22.639073 1.952663
0.495279 0.102810 -0.004293 -0.000667
0.102810 0.045407 -0.000667 -0.000140
-0.004293 -0.000667 0.494969 0.102769
-0.000667 -0.000140 0.102769 0.045404
19.659323 1.236973 23.827239 1.996552
0.490273 0.101907 -0.003231 -0.000429
0.101907 0.045240 -0.000429 -0.000088
-0.003231 -0.000429 0.489976 0.101870
-0.000429 -0.000088 0.101870 0.045238
20.555467 1.294746 24.709448 1.972507
0.486558 0.101337 -0.003473 -0.000487
0.101337 0.045150 -0.000487 -0.000103
-0.003473 -0.000487 0.486367 0.101322
-0.000487 -0.000103 0.101322 0.045151
21.023080 1.257203 25.656941 1.964326
0.483050 0.100833 -0.002594 -0.000305
0.100833 0.045072 -0.000305 -0.000066
-0.002594 -0.000305 0.482947 0.100835
-0.000305 -0.000066 0.100835 0.045075
20.965048 1.113534 26.652215 1.966757
0.481579 0.100768 -0.001377 -0.000068
0.100768 0.045081 -0.000068 -0.000021
-0.001377 -0.000068 0.481578 0.100788
-0.000068 -0.000021 0.100788 0.045087
21.511092 1.111561 28.360761 2.118830
0.477554 0.100134 -0.002241 -0.000289
0.100134 0.044960 -0.000288 -0.000074
-0.002241 -0.000288 0.477969 0.100236
-0.000289 -0.000074 0.100236 0.044981
22.726045 1.250040 29.245823 2.082420
0.477152 0.100284 -0.002980 -0.000456
0.100284 0.045004 -0.000456 -0.000110
-0.002980 -0.000456 0.477724 0.100406
-0.000456 -0.000110 0.100406 0.045027
23.543954 1.290632 30.229947 2.070473
0.477597 0.100558 -0.003798 -0.000623
0.100558 0.045060 -0.000623 -0.000142
-0.003798 -0.000623 0.478372 0.100710
-0.000623 -0.000142 0.100710 0.045088
23.917415 1.233262 31.117779 2.039294
0.477555 0.100668 -0.004260 -0.000699
0.100668 0.045071 -0.000699 -0.000153
-0.004260 -0.000699 0.478555 0.100855
-0.000699 -0.000153 0.100855 0.045104
24.688472 1.265843 32.138894 2.039677
0.476423 0.100512 -0.003099 -0.000429
0.100512 0.045020 -0.000428 -0.000091
-0.003099 -0.000428 0.477732 0.100748
-0.000429 -0.000091 0.100748 0.045062
25.929825 1.394459 33.493106 2.110517
0.474839 0.100253 -0.000333 0.000151
0.100253 0.044949 0.000152 0.000030
-0.000333 0.000152 0.476629 0.100574
0.000151 0.000030 0.100574 0.045007
26.538135 1.375555 34.215879 2.040289
0.472839 0.099909 -0.000676 0.000021
0.099909 0.044863 0.000021 -0.000009
-0.000676 0.000021 0.474807 0.100245
0.000021 -0.000009 0.100245 0.044923
27.172315 1.364167 35.037632 1.998359
0.474042 0.100255 -0.000950 -0.000075
0.100255 0.044928 -0.000074 -0.000035
-0.000950 -0.000074 0.476242 0.100619
-0.000075 -0.000035 0.100619 0.044992
27.532827 1.296120 35.981086 1.986514
0.473069 0.100088 -0.000697 -0.000045
0.100088 0.044875 -0.000045 -0.000030
-0.000697 -0.000045 0.475769 0.100538
-0.000045 -0.000030 0.100538 0.044957
27.842755 1.224640 37.499488 2.097447
0.471873 0.099876 0.000527 0.000191
0.099876 0.044817 0.000192 0.000019
0.000527 0.000192 0.475635 0.100526
0.000191 0.000019 0.100526 0.044940
28.263617 1.184059 38.083808 1.999271
0.473720 0.100314 -0.001863 -0.000355
0.100314 0.044900 -0.000355 -0.000100
-0.001863 -0.000355 0.477527 0.100935
-0.000355 -0.000100 0.100935 0.045012
28.636124 1.137636 39.592525 2.106811
0.474404 0.100453 -0.000752 -0.000104
0.100453 0.044911 -0.000103 -0.000039
-0.000752 -0.000103 0.479320 0.101277
-0.000104 -0.000039 0.101277 0.045065
29.500527 1.200190 40.461175 2.067830
0.473262 0.100186 -0.001578 -0.000285
0.100186 0.044836 -0.000285 -0.000076
-0.001578 -0.000285 0.478453 0.101025
-0.000285 -0.000076 0.101025 0.044990
29.648520 1.104471 41.392796 2.046182
0.473401 0.100214 -0.001571 -0.000272
0.100214 0.044832 -0.000271 -0.000068
-0.001571 -0.000271 0.479267 0.101157
-0.000272 -0.000068 0.101157 0.045006
30.021179 1.066477 42.529682 2.070162
0.475130 0.100573 -0.001373 -0.000219
0.100573 0.044898 -0.000219 -0.000053
-0.001373 -0.000219 0.481780 0.101638
-0.000219 -0.000053 0.101638 0.045097
30.815313 1.121648 43.377212 2.030671
0.475361 0.100578 -0.001057 -0.000148
0.100578 0.044885 -0.000147 -0.000036
-0.001057 -0.000147 0.482300 0.101659
-0.000148 -0.000036 0.101659 0.045085
31.556076 1.159756 44.727299 2.101202
0.475879 0.100646 -0.004191 -0.000810
0.100646 0.044888 -0.000812 -0.000176
-0.004191 -0.000812 0.483852 0.101905
-0.000810 -0.000176 0.101905 0.045126
31.950802 1.120583 45.667964 2.078017
0.474506 0.100312 -0.005412 -0.001007
0.100312 0.044809 -0.001010 -0.000206
-0.005412 -0.001010 0.483236 0.101683
-0.001007 -0.000206 0.101683 0.045068
32.868750 1.196132 46.573852 2.050174
0.474345 0.100272 -0.005239 -0.000899
0.100272 0.044800 -0.000900 -0.000171
-0.005239 -0.000900 0.483443 0.101670
-0.000899 -0.000171 0.101670 0.045063
33.803819 1.267160 47.205404 1.967629
0.474684 0.100342 -0.004905 -0.000776
0.100342 0.044815 -0.000777 -0.000140
-0.004905 -0.000777 0.483733 0.101685
-0.000776 -0.000140 0.101685 0.045067
35.195154 1.427310 48.154158 1.960721
0.472842 0.099944 -0.004879 -0.000739
0.099944 0.044731 -0.000740 -0.000132
-0.004879 -0.000740 0.482220 0.101328
-0.000739 -0.000132 0.101328 0.044995
35.991310 1.444839 49.264567 1.988103
0.472980 0.100003 -0.006185 -0.000990
0.100003 0.044750 -0.000992 -0.000187
-0.006185 -0.000992 0.483290 0.101555
-0.000990 -0.000187 0.101555 0.045052
