-1.426463 0.391497 5.345100 1.246039
41.869919 16.748331 -56.685318 -22.674619
16.748331 86.703544 -22.674619 -9.070044
-56.685318 -22.674619 81.105427 32.442874
-22.674619 -9.070044 32.442874 92.981497
1.296464 3.063113 4.637512 1.569754
60.991944 30.474248 -86.106369 -43.633675
30.474248 36.910718 -40.949981 -40.820820
-86.106369 -40.949981 124.852960 64.736227
-43.633675 -40.820820 64.736227 69.114041
4.487270 3.732059 2.769810 0.259102
76.079499 42.292808 -90.432969 -38.492342
42.292808 34.774435 -49.312509 -34.582916
-90.432969 -49.312509 110.069804 47.538128
-38.492342 -34.582916 47.538128 41.381036
0.683943 1.087177 9.508217 2.925322
52.450862 25.632234 -46.269444 -13.172956
25.632234 19.240013 -22.496520 -15.157524
-46.269444 -22.496520 42.286454 12.756456
-13.172956 -15.157524 12.756456 16.863549
-0.513941 0.354384 12.373416 3.333947
8.228554 4.547918 -9.926814 -5.719959
4.547918 6.615695 -6.231250 -8.969462
-9.926814 -6.231250 14.239502 9.500209
-5.719959 -8.969462 9.500209 13.820216
3.230738 2.142028 10.364624 1.473172
4.262061 2.724611 -7.474179 -4.742814
2.724611 4.029104 -5.324276 -6.207819
-7.474179 -5.324276 15.966531 10.654449
-4.742814 -6.207819 10.654449 10.870520
3.579494 1.703334 12.898105 2.443685
7.670444 4.533995 -12.764871 -7.168612
4.533995 3.902284 -7.588863 -5.768636
-12.764871 -7.588863 23.444845 13.023488
-7.168612 -5.768636 13.023488 9.278675
3.846403 1.401337 14.750945 2.775616
9.758169 4.734307 -17.540644 -7.987321
4.734307 3.010062 -8.407197 -4.712854
-17.540644 -8.407197 33.892630 15.182555
-7.987321 -4.712854 15.182555 8.022958
6.001410 2.018073 13.870915 1.867457
6.724045 2.624409 -13.664045 -5.031987
2.624409 1.480208 -5.143669 -2.459712
-13.664045 -5.143669 30.419395 10.920795
-5.031987 -2.459712 10.920795 4.713259
6.880315 2.050280 15.974106 2.136896
9.365245 3.241590 -18.681949 -6.038032
3.241590 1.430047 -6.269287 -2.408909
-18.681949 -6.269287 39.588479 12.518146
-6.038032 -2.408909 12.518146 4.509918
5.391548 1.203270 21.069007 3.387473
9.077849 2.660972 -19.067371 -5.284296
2.660972 1.001673 -5.355703 -1.756821
-19.067371 -5.355703 42.708203 11.550476
-5.284296 -1.756821 11.550476 3.525940
7.626707 1.622939 19.246804 2.528041
0.859065 0.233133 -1.701959 -0.430156
0.233133 0.235343 -0.147930 -0.247973
-1.701959 -0.147930 7.086231 1.403232
-0.430156 -0.247973 1.403232 0.578276
7.660208 1.330314 21.132311 2.793836
0.845736 0.242021 -1.739457 -0.439861
0.242021 0.200578 -0.161329 -0.207161
-1.739457 -0.161329 8.281256 1.571926
-0.439861 -0.207161 1.571926 0.539919
9.412073 1.644976 20.308856 2.244334
0.510476 0.156072 -0.904494 -0.239089
0.156072 0.149426 0.086924 -0.116650
-0.904494 0.086924 7.697235 1.261251
-0.239089 -0.116650 1.261251 0.396514
10.442468 1.707979 21.017291 2.140820
0.487364 0.151126 -0.897426 -0.232809
0.151126 0.124044 0.066077 -0.093156
-0.897426 0.066077 8.907079 1.414699
-0.232809 -0.093156 1.414699 0.380562
11.638002 1.800004 21.123897 1.938170
0.433895 0.136432 -0.713883 -0.189423
0.136432 0.103101 0.110435 -0.064094
-0.713883 0.110435 9.931690 1.478449
-0.189423 -0.064094 1.478449 0.348983
13.164959 1.997458 21.237621 1.699316
0.381166 0.117619 -0.599060 -0.155510
0.117619 0.084017 0.126258 -0.043303
-0.599060 0.126258 11.077204 1.564778
-0.155510 -0.043303 1.564778 0.328929
14.366705 2.037473 20.927796 1.514104
0.372136 0.113371 -0.515735 -0.135478
0.113371 0.073551 0.130514 -0.031069
-0.515735 0.130514 12.283061 1.654031
-0.135478 -0.031069 1.654031 0.316384
15.457760 2.051457 21.228087 1.445562
0.396255 0.113214 -0.696751 -0.153510
0.113214 0.064761 0.039923 -0.033761
-0.696751 0.039923 13.020481 1.720230
-0.153510 -0.033761 1.720230 0.310347
16.330673 2.007630 22.104073 1.486960
0.437849 0.118381 -0.857416 -0.168342
0.118381 0.060316 -0.023029 -0.034916
-0.857416 -0.023029 13.826299 1.773201
-0.168342 -0.034916 1.773201 0.302742
17.984227 2.157019 20.369417 1.116857
0.315304 0.090150 -0.029155 -0.044939
0.090150 0.051093 0.153015 -0.004843
-0.029155 0.153015 10.726605 1.234837
-0.044939 -0.004843 1.234837 0.209863
19.064889 2.190781 23.694722 1.426085
0.387051 0.102299 -0.463866 -0.098120
0.102299 0.049056 -0.095968 -0.030672
-0.463866 -0.095968 2.778077 0.366149
-0.098120 -0.030672 0.366149 0.111883
20.576929 2.288892 23.322740 1.260432
0.316373 0.085440 -0.004130 -0.030200
0.085440 0.044255 0.017692 -0.011625
-0.004130 0.017692 1.409137 0.164695
-0.030200 -0.011625 0.164695 0.078904
21.725884 2.293737 24.331890 1.308624
0.401482 0.106068 0.024489 -0.030190
0.106068 0.048612 0.020253 -0.010324
0.024489 0.020253 1.429738 0.181211
-0.030190 -0.010324 0.181211 0.080321
22.785181 2.270832 24.871010 1.299162
0.510966 0.128886 -0.046959 -0.043457
0.128886 0.052785 -0.005177 -0.012907
-0.046959 -0.005177 1.010808 0.142093
-0.043457 -0.012907 0.142093 0.074859
23.972412 2.283683 25.596941 1.307582
0.639907 0.152984 -0.128542 -0.057239
0.152984 0.056855 -0.026332 -0.014909
-0.128542 -0.026332 0.849265 0.135405
-0.057239 -0.014909 0.135405 0.073466
24.964348 2.248583 26.077027 1.285585
0.747433 0.168366 -0.282815 -0.079970
0.168366 0.058453 -0.059879 -0.018579
-0.282815 -0.059879 0.768987 0.139529
-0.079970 -0.018579 0.139529 0.073558
26.079435 2.243530 26.383430 1.224822
0.880301 0.187190 -0.432581 -0.101569
0.187190 0.060762 -0.086926 -0.021494
-0.432581 -0.086926 0.769700 0.150948
-0.101569 -0.021494 0.150948 0.074055
27.105547 2.223595 27.000861 1.226443
0.980431 0.196584 -0.584672 -0.122014
0.196584 0.060943 -0.109190 -0.023624
-0.584672 -0.109190 0.902222 0.182186
-0.122014 -0.023624 0.182186 0.077727
28.422396 2.266947 27.691107 1.244809
1.111230 0.210940 -0.743928 -0.142613
0.210940 0.062237 -0.129205 -0.025530
-0.743928 -0.129205 1.079358 0.216683
-0.142613 -0.025530 0.216683 0.081457
28.716855 2.090683 27.966251 1.149550
1.152280 0.204849 -0.940738 -0.171698
0.204849 0.059268 -0.153659 -0.028994
-0.940738 -0.153659 1.285291 0.250559
-0.171698 -0.028994 0.250559 0.084317
29.395719 2.011983 28.379269 1.099539
1.276335 0.215540 -1.140583 -0.196587
0.215540 0.060005 -0.174948 -0.031288
-1.140583 -0.174948 1.533440 0.287556
-0.196587 -0.031288 0.287556 0.087502
30.202543 1.952037 28.455314 0.985575
1.434910 0.231013 -1.363514 -0.222446
0.231013 0.061515 -0.198167 -0.033773
-1.363514 -0.198167 1.803371 0.322294
-0.222446 -0.033773 0.322294 0.089722
30.947742 1.911998 29.085098 1.001021
1.556575 0.238319 -1.568929 -0.244186
0.238319 0.061619 -0.212835 -0.034821
-1.568929 -0.212835 2.138662 0.367093
-0.244186 -0.034821 0.367093 0.094137
29.807272 1.505124 29.945079 0.936510
1.585168 0.225965 -1.779297 -0.271046
0.225965 0.057781 -0.226655 -0.037041
-1.779297 -0.226655 2.495206 0.409895
-0.271046 -0.037041 0.409895 0.097332
30.455208 1.451094 29.893361 0.820515
1.803627 0.254806 -1.982723 -0.279829
0.254806 0.062229 -0.249708 -0.038081
-1.982723 -0.249708 2.671422 0.410030
-0.279829 -0.038081 0.410030 0.092684
31.281401 1.494780 30.636210 0.896186
2.066511 0.285921 -2.250744 -0.298206
0.285921 0.066617 -0.273918 -0.039232
-2.250744 -0.273918 3.008511 0.438422
-0.298206 -0.039232 0.438422 0.093820
32.073287 1.551417 31.766270 1.034421
2.359294 0.318193 -2.548696 -0.319032
0.318193 0.070683 -0.300092 -0.040707
-2.548696 -0.300092 3.382552 0.468980
-0.319032 -0.040707 0.468980 0.095247
32.849843 1.583914 32.749649 1.123207
2.686195 0.353899 -2.853420 -0.337247
0.353899 0.074832 -0.330090 -0.042610
-2.853420 -0.330090 3.692194 0.484068
-0.337247 -0.042610 0.484068 0.093981
33.559140 1.571114 33.365761 1.127037
3.043350 0.391071 -3.173269 -0.355244
0.391071 0.078716 -0.363280 -0.044905
-3.173269 -0.363280 3.955983 0.489289
-0.355244 -0.044905 0.489289 0.091327
34.421361 1.626434 34.518106 1.237814
3.440356 0.429679 -3.532588 -0.376747
0.429679 0.082665 -0.395367 -0.046773
-3.532588 -0.395367 4.296099 0.506245
-0.376747 -0.046773 0.506245 0.091049
35.196318 1.677418 35.992449 1.383854
3.875356 0.470464 -3.912724 -0.398218
0.470464 0.086660 -0.428494 -0.048598
-3.912724 -0.428494 4.633310 0.520862
-0.398218 -0.048598 0.520862 0.090594
35.817325 1.647408 36.836446 1.393998
4.341300 0.514322 -4.276113 -0.413871
0.514322 0.090809 -0.463395 -0.050454
-4.276113 -0.463395 4.850552 0.516315
-0.413871 -0.050454 0.516315 0.087525
36.563508 1.635487 37.564309 1.393539
4.852296 0.560152 -4.669136 -0.431240
0.560152 0.095024 -0.497987 -0.052088
-4.669136 -0.497987 5.096449 0.516381
-0.431240 -0.052088 0.516381 0.085545
37.322919 1.622123 38.216975 1.381832
5.407868 0.605868 -5.117002 -0.454439
0.605868 0.098817 -0.533740 -0.053938
-5.117002 -0.533740 5.416788 0.526176
-0.454439 -0.053938 0.526176 0.085031
38.211363 1.681003 39.557289 1.496477
6.014073 0.652007 -5.627585 -0.483802
0.652007 0.102432 -0.569268 -0.055716
-5.627585 -0.569268 5.849760 0.550475
-0.483802 -0.055716 0.550475 0.086589
39.225259 1.746834 40.817952 1.595761
6.666904 0.701416 -6.150528 -0.510689
0.701416 0.106301 -0.605748 -0.057397
-6.150528 -0.605748 6.258271 0.568923
-0.510689 -0.057397 0.568923 0.087296
40.008017 1.706032 41.256688 1.528447
7.362366 0.750873 -6.715220 -0.540680
0.750873 0.109661 -0.645841 -0.059697
-6.715220 -0.645841 6.671453 0.584648
-0.540680 -0.059697 0.584648 0.087309
40.584766 1.659347 42.004027 1.503095
8.063543 0.793374 -7.334724 -0.578752
0.793374 0.111873 -0.683293 -0.062084
-7.334724 -0.683293 7.199402 0.615331
-0.578752 -0.062084 0.615331 0.089243
41.218732 1.652313 43.088744 1.543245
8.810849 0.838002 -7.987432 -0.617085
0.838002 0.114366 -0.720605 -0.064202
-7.987432 -0.720605 7.766610 0.648657
-0.617085 -0.064202 0.648657 0.091502
