6.012959 3.367330 -1.286507 -1.406661
2.404762 0.961926 -0.052460 -0.020985
0.961926 80.388845 -0.020985 -0.008394
-0.052460 -0.020985 2.478514 0.991427
-0.020985 -0.008394 0.991427 80.400646
3.382886 -4.189821 0.080676 2.192257
2.254888 3.954677 -0.119457 -0.198502
3.954677 15.136700 -0.199097 -0.481740
-0.119457 -0.199097 2.292287 4.005603
-0.198502 -0.481740 4.005603 15.413788
4.919781 0.007191 2.427772 3.660393
2.006003 2.312925 -0.118822 -0.123702
2.312925 4.519503 -0.123800 -0.178536
-0.118822 -0.123800 2.037268 2.350524
-0.123702 -0.178536 2.350524 4.614303
6.625516 1.435253 4.036493 3.483062
1.704464 1.430768 -0.072509 -0.052044
1.430768 1.886198 -0.052109 -0.059650
-0.072509 -0.052109 1.731119 1.455426
-0.052044 -0.059650 1.455426 1.926124
7.212465 1.340679 2.632180 1.407359
1.456256 0.958782 -0.083125 -0.050737
0.958782 0.958565 -0.050708 -0.043039
-0.083125 -0.050708 1.489741 0.982559
-0.050737 -0.043039 0.982559 0.983094
8.697383 1.785457 4.698355 2.148886
1.290185 0.699502 -0.026517 -0.011361
0.699502 0.562563 -0.011393 -0.011754
-0.026517 -0.011393 1.313066 0.712718
-0.011361 -0.011754 0.712718 0.574250
9.534101 1.759293 5.284026 1.923326
1.151873 0.530879 -0.029187 -0.012601
0.530879 0.359629 -0.012615 -0.009946
-0.029187 -0.012615 1.172936 0.541168
-0.012601 -0.009946 0.541168 0.367045
10.094693 1.631218 6.582442 2.058627
1.031348 0.414117 -0.028818 -0.011452
0.414117 0.245042 -0.011459 -0.007520
-0.028818 -0.011459 1.046836 0.420721
-0.011452 -0.007520 0.420721 0.249378
12.357663 2.147759 7.672165 2.080058
0.932993 0.332979 -0.026742 -0.009648
0.332979 0.176912 -0.009653 -0.005511
-0.026742 -0.009653 0.949661 0.339237
-0.009648 -0.005511 0.339237 0.180283
13.085481 2.036251 8.137948 1.894798
0.851897 0.274743 -0.023071 -0.007585
0.274743 0.134199 -0.007588 -0.003931
-0.023071 -0.007588 0.867309 0.279895
-0.007585 -0.003931 0.279895 0.136638
13.827233 1.954488 9.463847 2.006769
0.793185 0.234477 -0.021389 -0.006458
0.234477 0.107091 -0.006459 -0.002998
-0.021389 -0.006459 0.805095 0.238074
-0.006458 -0.002998 0.238074 0.108699
13.629733 1.632308 10.764356 2.088386
0.743784 0.203968 -0.014090 -0.003944
0.203968 0.088697 -0.003945 -0.001888
-0.014090 -0.003945 0.751687 0.206162
-0.003944 -0.001888 0.206162 0.089697
13.645441 1.426449 11.741717 2.071301
0.694162 0.178535 -0.016061 -0.004223
0.178535 0.075429 -0.004223 -0.001707
-0.016061 -0.004223 0.699779 0.180003
-0.004223 -0.001707 0.180003 0.076111
15.031149 1.590427 12.799677 2.076722
0.656077 0.159978 -0.013280 -0.003257
0.159978 0.066403 -0.003258 -0.001262
-0.013280 -0.003258 0.661519 0.161335
-0.003257 -0.001262 0.161335 0.066972
15.392665 1.489229 14.265023 2.176363
0.626256 0.146161 -0.009903 -0.002277
0.146161 0.060137 -0.002278 -0.000889
-0.009903 -0.002278 0.629721 0.146986
-0.002277 -0.000889 0.146986 0.060515
14.891944 1.208635 14.690572 2.026958
0.601071 0.135401 -0.012114 -0.002674
0.135401 0.055658 -0.002674 -0.000882
-0.012114 -0.002674 0.603324 0.135928
-0.002674 -0.000882 0.135928 0.055925
15.767859 1.268023 15.211122 1.919008
0.576250 0.126241 -0.008637 -0.001759
0.126241 0.052281 -0.001760 -0.000594
-0.008637 -0.001760 0.578652 0.126795
-0.001759 -0.000594 0.126795 0.052523
16.318367 1.250344 17.005601 2.098185
0.552062 0.118460 -0.006006 -0.001129
0.118460 0.049734 -0.001130 -0.000405
-0.006006 -0.001130 0.553080 0.118699
-0.001129 -0.000405 0.118699 0.049881
16.993907 1.260982 17.989481 2.084399
0.536832 0.113576 -0.001029 -0.000061
0.113576 0.048176 -0.000062 -0.000145
-0.001029 -0.000062 0.537544 0.113757
-0.000061 -0.000145 0.113757 0.048293
16.775183 1.083046 19.224159 2.124617
0.524480 0.109912 -0.000584 -0.000041
0.109912 0.047098 -0.000042 -0.000130
-0.000584 -0.000042 0.524233 0.109897
-0.000041 -0.000130 0.109897 0.047160
17.044478 1.026362 21.010981 2.275627
0.516829 0.107678 0.000870 0.000206
0.107678 0.046466 0.000205 -0.000066
0.000870 0.000205 0.515983 0.107556
0.000206 -0.000066 0.107556 0.046496
17.504183 1.015288 21.774102 2.197782
0.510691 0.106032 -0.000940 -0.000233
0.106032 0.046041 -0.000234 -0.000149
-0.000940 -0.000234 0.509755 0.105911
-0.000233 -0.000149 0.105911 0.046064
18.125268 1.038885 21.944010 2.005057
0.501981 0.104047 -0.001801 -0.000419
0.104047 0.045599 -0.000419 -0.000169
-0.001801 -0.000419 0.501064 0.103944
-0.000419 -0.000169 0.103944 0.045619
18.764414 1.063697 23.061659 2.028940
0.497893 0.103228 -0.001985 -0.000439
0.103228 0.045443 -0.000439 -0.000155
-0.001985 -0.000439 0.497126 0.103163
-0.000439 -0.000155 0.103163 0.045464
19.577771 1.122118 24.358693 2.087635
0.496080 0.102955 -0.002962 -0.000619
0.102955 0.045411 -0.000619 -0.000176
-0.002962 -0.000619 0.495625 0.102956
-0.000619 -0.000176 0.102956 0.045439
20.209086 1.136693 25.108089 2.026414
0.492234 0.102274 -0.006024 -0.001215
0.102274 0.045293 -0.001214 -0.000283
-0.006024 -0.001214 0.491889 0.102289
-0.001215 -0.000283 0.102289 0.045316
20.492283 1.077410 26.351339 2.074249
0.488355 0.101636 -0.003676 -0.000632
0.101636 0.045187 -0.000632 -0.000139
-0.003676 -0.000632 0.488312 0.101703
-0.000632 -0.000139 0.101703 0.045215
20.225839 0.909622 27.739565 2.147238
0.482787 0.100681 0.000075 0.000180
0.100681 0.045015 0.000180 0.000036
0.000075 0.000180 0.483156 0.100818
0.000180 0.000036 0.100818 0.045052
20.953993 0.966782 28.835158 2.151900
0.483298 0.101054 -0.000647 -0.000019
0.101054 0.045126 -0.000019 -0.000015
-0.000647 -0.000019 0.484124 0.101265
-0.000019 -0.000015 0.101265 0.045172
21.873319 1.058080 29.775207 2.123510
0.482089 0.100993 -0.001841 -0.000294
0.100993 0.045124 -0.000294 -0.000075
-0.001841 -0.000294 0.483338 0.101266
-0.000294 -0.000075 0.101266 0.045179
22.277441 1.031781 30.406848 2.033247
0.478177 0.100337 -0.004258 -0.000796
0.100337 0.044990 -0.000796 -0.000178
-0.004258 -0.000796 0.479605 0.100620
-0.000796 -0.000178 0.100620 0.045041
22.778124 1.028546 31.306064 2.008568
0.474701 0.099803 -0.006637 -0.001245
0.099803 0.044885 -0.001245 -0.000261
-0.006637 -0.001245 0.476698 0.100179
-0.001245 -0.000261 0.100179 0.044953
23.280377 1.026222 32.721237 2.095071
0.469938 0.099013 -0.004114 -0.000627
0.099013 0.044727 -0.000626 -0.000116
-0.004114 -0.000626 0.473225 0.099631
-0.000627 -0.000116 0.099631 0.044843
23.601745 0.985471 33.317730 1.999811
0.471249 0.099541 -0.001552 -0.000067
0.099541 0.044851 -0.000065 0.000002
-0.001552 -0.000065 0.474672 0.100138
-0.000067 0.000002 0.100138 0.044956
24.429443 1.056144 33.912716 1.914448
0.473811 0.100239 -0.001318 -0.000054
0.100239 0.044990 -0.000053 -0.000006
-0.001318 -0.000053 0.477339 0.100817
-0.000054 -0.000006 0.100817 0.045088
25.068799 1.079668 34.786681 1.896902
0.474255 0.100390 -0.002626 -0.000366
0.100390 0.044995 -0.000365 -0.000081
-0.002626 -0.000365 0.478506 0.101089
-0.000366 -0.000081 0.101089 0.045119
25.980133 1.158258 35.562927 1.860672
0.473462 0.100245 -0.002897 -0.000427
0.100245 0.044937 -0.000426 -0.000095
-0.002897 -0.000426 0.478277 0.101026
-0.000427 -0.000095 0.101026 0.045076
26.880620 1.226545 37.074771 1.983614
0.473677 0.100311 -0.005105 -0.000890
0.100311 0.044927 -0.000890 -0.000192
-0.005105 -0.000890 0.480276 0.101431
-0.000890 -0.000192 0.101431 0.045137
27.370845 1.200637 38.371002 2.047809
0.473013 0.100174 -0.004482 -0.000712
0.100174 0.044876 -0.000711 -0.000146
-0.004482 -0.000711 0.481291 0.101586
-0.000712 -0.000146 0.101586 0.045143
28.476357 1.307869 39.822105 2.138189
0.469479 0.099433 -0.004362 -0.000665
0.099433 0.044702 -0.000662 -0.000134
-0.004362 -0.000662 0.479558 0.101147
-0.000665 -0.000134 0.101147 0.045026
29.379188 1.360476 40.638434 2.085033
0.471865 0.100008 -0.005081 -0.000799
0.100008 0.044822 -0.000798 -0.000161
-0.005081 -0.000798 0.482149 0.101666
-0.000799 -0.000161 0.101666 0.045124
30.052070 1.359048 41.888488 2.128759
0.468794 0.099356 -0.009211 -0.001645
0.099356 0.044668 -0.001649 -0.000339
-0.009211 -0.001649 0.480923 0.101331
-0.001645 -0.000339 0.101331 0.045036
31.014808 1.418754 42.530015 2.039927
0.466969 0.099028 -0.007345 -0.001152
0.099028 0.044598 -0.001152 -0.000219
-0.007345 -0.001152 0.479157 0.100926
-0.001152 -0.000219 0.100926 0.044944
31.970516 1.470982 43.492344 2.028016
0.467255 0.099166 -0.007450 -0.001133
0.099166 0.044629 -0.001132 -0.000213
-0.007450 -0.001132 0.480235 0.101160
-0.001133 -0.000213 0.101160 0.044996
32.807140 1.492438 44.485999 2.023831
0.467042 0.099170 -0.007917 -0.001199
0.099170 0.044626 -0.001198 -0.000229
-0.007917 -0.001198 0.481108 0.101328
-0.001199 -0.000229 0.101328 0.045030
32.724176 1.315925 45.157968 1.951361
0.465438 0.098864 -0.010669 -0.001749
0.098864 0.044555 -0.001752 -0.000347
-0.010669 -0.001752 0.481009 0.101276
-0.001749 -0.000347 0.101276 0.045014
33.753539 1.394505 45.836653 1.889291
0.466841 0.099223 -0.009036 -0.001326
0.099223 0.044631 -0.001325 -0.000249
-0.009036 -0.001325 0.482327 0.101535
-0.001326 -0.000249 0.101535 0.045068
34.829178 1.475638 47.317914 2.002709
0.466550 0.099170 -0.011959 -0.001917
0.099170 0.044609 -0.001919 -0.000378
-0.011959 -0.001919 0.484379 0.101922
-0.001917 -0.000378 0.101922 0.045143
35.417149 1.443588 48.188384 1.974967
0.466288 0.099126 -0.011699 -0.001788
0.099126 0.044592 -0.001787 -0.000345
-0.011699 -0.001787 0.485272 0.102039
-0.001788 -0.000345 0.102039 0.045158
35.999208 1.413601 48.999388 1.937662
0.468446 0.099597 -0.011085 -0.001605
0.099597 0.044686 -0.001602 -0.000305
-0.011085 -0.001602 0.488173 0.102577
-0.001605 -0.000305 0.102577 0.045264
