2.176063 1.832539 1.747662 -0.192967
2.464715 0.985907 -0.694321 -0.277734
0.985907 80.398438 -0.277734 -0.111096
-0.694321 -0.277734 4.422864 1.769184
-0.277734 -0.111096 1.769184 80.711756
6.980923 8.643966 1.688751 0.076163
2.877817 4.957959 -1.515336 -2.269116
4.957959 16.842957 -2.565700 -5.629360
-1.515336 -2.565700 1.634114 2.532345
-2.269116 -5.629360 2.532345 17.281249
7.820073 4.586285 1.168328 -1.518503
1.985328 2.273770 -0.117539 0.273630
2.273770 4.555715 0.035796 -0.223973
-0.117539 0.035796 1.900023 2.743159
0.273630 -0.223973 2.743159 6.197729
6.943501 1.895356 2.236507 0.100569
1.135415 0.951100 0.660680 0.661166
0.951100 1.517154 0.545757 0.243218
0.660680 0.545757 1.172159 1.128035
0.661166 0.243218 1.128035 1.769912
7.137206 1.135354 3.793052 1.360848
0.942140 0.651202 0.525533 0.314239
0.651202 0.764919 0.275963 0.046456
0.525533 0.275963 0.997232 0.727698
0.314239 0.046456 0.727698 0.814292
7.721436 1.090929 4.935235 1.652379
0.906279 0.548413 0.229536 0.048739
0.548413 0.494306 0.018134 -0.079965
0.229536 0.018134 1.073129 0.657055
0.048739 -0.079965 0.657055 0.545935
8.012825 0.940290 6.005959 1.795128
0.863662 0.450221 -0.048173 -0.087254
0.450221 0.327547 -0.115456 -0.102351
-0.048173 -0.115456 1.146722 0.586314
-0.087254 -0.102351 0.586314 0.382590
8.374154 0.871152 7.345139 1.986255
0.975256 0.432988 -0.187572 -0.124190
0.432988 0.252013 -0.139323 -0.082406
-0.187572 -0.139323 1.168177 0.500934
-0.124190 -0.082406 0.500934 0.269818
9.468795 1.114517 8.430412 2.000434
0.989014 0.377834 -0.271531 -0.126709
0.377834 0.187517 -0.136617 -0.061264
-0.271531 -0.136617 1.141400 0.420040
-0.126709 -0.061264 0.420040 0.195317
9.973748 1.091755 9.733180 2.097460
0.989764 0.331012 -0.296624 -0.111302
0.331012 0.144948 -0.117340 -0.042963
-0.296624 -0.117340 1.076267 0.347056
-0.111302 -0.042963 0.347056 0.144911
11.224105 1.302587 10.483655 2.005871
0.914475 0.272479 -0.265348 -0.084104
0.272479 0.110419 -0.088120 -0.027280
-0.265348 -0.088120 0.996480 0.286980
-0.084104 -0.027280 0.286980 0.111264
12.041498 1.347806 11.374243 1.975956
0.781001 0.211642 -0.280033 -0.075820
0.211642 0.083709 -0.078811 -0.020884
-0.280033 -0.078811 0.841433 0.220754
-0.075820 -0.020884 0.220754 0.084031
13.032676 1.425965 11.443546 1.752146
0.739351 0.185801 -0.237101 -0.056233
0.185801 0.071400 -0.058165 -0.013446
-0.237101 -0.058165 0.813009 0.198169
-0.056233 -0.013446 0.198169 0.073005
13.179461 1.295734 13.097708 1.928311
0.695873 0.164369 -0.208072 -0.043785
0.164369 0.062622 -0.045322 -0.009285
-0.208072 -0.045322 0.726211 0.166375
-0.043785 -0.009285 0.166375 0.062067
13.718456 1.266887 13.594787 1.823997
0.659193 0.148094 -0.196680 -0.037513
0.148094 0.056621 -0.038713 -0.007240
-0.196680 -0.038713 0.681795 0.149034
-0.037513 -0.007240 0.149034 0.056189
13.689521 1.130427 15.290275 1.984175
0.630718 0.136753 -0.144921 -0.023712
0.136753 0.052845 -0.024844 -0.003969
-0.144921 -0.024844 0.613498 0.129776
-0.023712 -0.003969 0.129776 0.050977
15.328994 1.352766 15.744640 1.885129
0.568029 0.119839 -0.102509 -0.014228
0.119839 0.048489 -0.014691 -0.001994
-0.102509 -0.014691 0.573005 0.118899
-0.014228 -0.001994 0.118899 0.048233
16.246704 1.398729 16.322624 1.812801
0.562026 0.116689 -0.088783 -0.011083
0.116689 0.047540 -0.011342 -0.001466
-0.088783 -0.011342 0.572974 0.117440
-0.011083 -0.001466 0.117440 0.047734
17.123720 1.447052 18.165274 2.006652
0.527679 0.108244 -0.074126 -0.008509
0.108244 0.045656 -0.008877 -0.001234
-0.074126 -0.008877 0.522387 0.105973
-0.008509 -0.001234 0.105973 0.045289
17.201234 1.308237 18.675672 1.898016
0.512222 0.104452 -0.081172 -0.010373
0.104452 0.044905 -0.010776 -0.001835
-0.081172 -0.010776 0.498482 0.100936
-0.010373 -0.001835 0.100936 0.044358
17.775204 1.292100 19.654179 1.903099
0.510930 0.104179 -0.077773 -0.009755
0.104179 0.044992 -0.010111 -0.001802
-0.077773 -0.010111 0.494491 0.100624
-0.009755 -0.001802 0.100624 0.044500
18.250628 1.255357 20.466388 1.872295
0.502507 0.102705 -0.058531 -0.006036
0.102705 0.044858 -0.006356 -0.001144
-0.058531 -0.006356 0.484127 0.099196
-0.006036 -0.001144 0.099196 0.044412
18.540161 1.184921 21.332000 1.853896
0.496683 0.101927 -0.037345 -0.002209
0.101927 0.044867 -0.002526 -0.000504
-0.037345 -0.002526 0.475394 0.098186
-0.002209 -0.000504 0.098186 0.044386
19.280155 1.217093 22.443137 1.893718
0.498044 0.102527 -0.031315 -0.001759
0.102527 0.045108 -0.001996 -0.000562
-0.031315 -0.001996 0.479983 0.099792
-0.001759 -0.000562 0.099792 0.044839
19.430917 1.123823 23.567066 1.927075
0.498948 0.102864 -0.038257 -0.003983
0.102864 0.045242 -0.004162 -0.001145
-0.038257 -0.004162 0.480312 0.100180
-0.003983 -0.001145 0.100180 0.044953
19.587876 1.044200 25.141676 2.052363
0.486413 0.100577 -0.018945 -0.000499
0.100577 0.044854 -0.000657 -0.000477
-0.018945 -0.000657 0.472926 0.099068
-0.000499 -0.000477 0.099068 0.044771
20.407075 1.104644 25.933831 2.004799
0.478321 0.099289 -0.014840 -0.000409
0.099289 0.044670 -0.000515 -0.000538
-0.014840 -0.000515 0.470625 0.098955
-0.000409 -0.000538 0.098955 0.044776
21.175692 1.151661 27.385989 2.100668
0.458348 0.095567 -0.016543 -0.001485
0.095567 0.043969 -0.001494 -0.000808
-0.016543 -0.001494 0.466892 0.098465
-0.001485 -0.000808 0.098465 0.044680
21.636640 1.128165 28.632600 2.141812
0.462954 0.097303 -0.010873 -0.000687
0.097303 0.044453 -0.000671 -0.000623
-0.010873 -0.000671 0.481178 0.101811
-0.000687 -0.000623 0.101811 0.045399
22.216857 1.130544 29.292674 2.054963
0.461965 0.097592 -0.005215 0.000091
0.097592 0.044557 0.000107 -0.000453
-0.005215 0.000107 0.482363 0.102006
0.000091 -0.000453 0.102006 0.045378
22.796793 1.134009 30.533622 2.100091
0.455713 0.096645 -0.005188 -0.000323
0.096645 0.044365 -0.000282 -0.000528
-0.005188 -0.000282 0.492789 0.104111
-0.000323 -0.000528 0.104111 0.045764
23.218299 1.102831 31.404798 2.062253
0.459017 0.097752 -0.001970 0.000071
0.097752 0.044611 0.000117 -0.000412
-0.001970 0.000117 0.501775 0.105708
0.000071 -0.000412 0.105708 0.046018
23.766538 1.102092 32.322071 2.038362
0.433554 0.092534 -0.012090 -0.002323
0.092534 0.043469 -0.002312 -0.000893
-0.012090 -0.002312 0.498038 0.104496
-0.002323 -0.000893 0.104496 0.045672
24.734591 1.191845 33.504649 2.072789
0.435902 0.093700 -0.019770 -0.003900
0.093700 0.043777 -0.003927 -0.001149
-0.019770 -0.003927 0.513662 0.107501
-0.003900 -0.001149 0.107501 0.046259
25.192187 1.161675 34.272311 2.016671
0.423754 0.091526 -0.016899 -0.003114
0.091526 0.043310 -0.003102 -0.000882
-0.016899 -0.003102 0.513249 0.106909
-0.003114 -0.000882 0.106909 0.046058
26.114280 1.235691 35.156230 1.991261
0.405285 0.088060 -0.031250 -0.005992
0.088060 0.042574 -0.006095 -0.001444
-0.031250 -0.006095 0.516557 0.107192
-0.005992 -0.001444 0.107192 0.046074
26.469631 1.177335 35.819267 1.921867
0.400338 0.087787 -0.026460 -0.004620
0.087787 0.042574 -0.004632 -0.001041
-0.026460 -0.004632 0.516413 0.106819
-0.004620 -0.001041 0.106819 0.045975
27.176302 1.204541 37.174476 2.003589
0.403422 0.089137 -0.033397 -0.005819
0.089137 0.042886 -0.005877 -0.001247
-0.033397 -0.005877 0.538691 0.111136
-0.005819 -0.001247 0.111136 0.046860
28.015367 1.257729 38.335496 2.037080
0.392741 0.087175 -0.036884 -0.006264
0.087175 0.042406 -0.006289 -0.001286
-0.036884 -0.006289 0.551363 0.113112
-0.006264 -0.001286 0.113112 0.047198
28.516555 1.228935 39.296613 2.024846
0.400688 0.089479 -0.034619 -0.005460
0.089479 0.042905 -0.005450 -0.001064
-0.034619 -0.005450 0.555378 0.113232
-0.005460 -0.001064 0.113232 0.047156
30.483574 1.531052 40.077168 1.983700
0.344810 0.077189 -0.021343 -0.002821
0.077189 0.040079 -0.002297 -0.000469
-0.021343 -0.002297 0.553460 0.112284
-0.002821 -0.000469 0.112284 0.046936
30.848657 1.438977 40.888185 1.945458
0.360665 0.082107 -0.026291 -0.003814
0.082107 0.041342 -0.003591 -0.000752
-0.026291 -0.003591 0.553243 0.111782
-0.003814 -0.000752 0.111782 0.046832
31.320430 1.382274 41.904199 1.953152
0.355145 0.081476 -0.020460 -0.002641
0.081476 0.041170 -0.002275 -0.000505
-0.020460 -0.002275 0.553677 0.111586
-0.002641 -0.000505 0.111586 0.046824
31.913662 1.361016 43.213174 2.019672
0.369815 0.085413 -0.018070 -0.002195
0.085413 0.042035 -0.001875 -0.000444
-0.018070 -0.001875 0.556872 0.112011
-0.002195 -0.000444 0.112011 0.046949
32.415406 1.319116 44.070590 1.988423
0.396953 0.091679 -0.021627 -0.002944
0.091679 0.043333 -0.002948 -0.000671
-0.021627 -0.002948 0.542189 0.108839
-0.002944 -0.000671 0.108839 0.046343
32.714337 1.236299 45.042287 1.982671
0.422867 0.096913 -0.028454 -0.004287
0.096913 0.044271 -0.004613 -0.000998
-0.028454 -0.004613 0.530802 0.106655
-0.004287 -0.000998 0.106655 0.045989
33.064842 1.175542 46.009211 1.976788
0.438794 0.099363 -0.026398 -0.003755
0.099363 0.044530 -0.004093 -0.000868
-0.026398 -0.004093 0.510947 0.102995
-0.003755 -0.000868 0.102995 0.045362
33.999927 1.251192 46.439238 1.864692
0.437600 0.097921 0.003485 0.002309
0.097921 0.043972 0.002460 0.000460
0.003485 0.002460 0.455993 0.092595
0.002309 0.000460 0.092595 0.043416
35.007654 1.335159 47.095454 1.808618
0.466094 0.103258 0.008606 0.002887
0.103258 0.045008 0.002957 0.000472
0.008606 0.002957 0.431011 0.088968
0.002887 0.000472 0.088968 0.042930
35.939608 1.392755 47.843483 1.776067
0.485714 0.106182 0.013105 0.003319
0.106182 0.045455 0.003356 0.000482
0.013105 0.003356 0.403126 0.084773
0.003319 0.000482 0.084773 0.042273
