3.767858 2.469270 0.798954 -0.572459
2.417077 0.966852 -0.228111 -0.091246
0.966852 80.390816 -0.091246 -0.036499
-0.228111 -0.091246 2.449502 0.979822
-0.091246 -0.036499 0.979822 80.396004
3.693423 0.203694 2.003806 2.011635
2.298611 4.025552 -0.226949 -0.351694
4.025552 15.278708 -0.351486 -1.196283
-0.226949 -0.351486 2.341382 4.093943
-0.351694 -1.196283 4.093943 15.481008
4.353237 0.841004 2.212584 1.099117
1.966636 2.261289 -0.237464 -0.261492
2.261289 4.467137 -0.261439 -0.459815
-0.237464 -0.261439 2.018869 2.318149
-0.261492 -0.459815 2.318149 4.555081
7.641052 3.259259 3.811732 1.993714
1.683774 1.416689 -0.114632 -0.088652
1.416689 1.882081 -0.088354 -0.135282
-0.114632 -0.088354 1.756143 1.474548
-0.088652 -0.135282 1.474548 1.939262
7.108868 1.831283 4.555168 1.827156
1.447018 0.955779 -0.129801 -0.085565
0.955779 0.960236 -0.085528 -0.088769
-0.129801 -0.085528 1.493690 0.982993
-0.085565 -0.088769 0.982993 0.981844
6.852610 1.194191 5.326174 1.750468
1.322069 0.718806 -0.109064 -0.059716
0.718806 0.574673 -0.059675 -0.050375
-0.109064 -0.059675 1.346273 0.729447
-0.059716 -0.050375 0.729447 0.582789
7.180807 1.069716 7.104458 2.166023
1.111365 0.512403 -0.091386 -0.042791
0.512403 0.351453 -0.042762 -0.030673
-0.091386 -0.042762 1.116870 0.513784
-0.042791 -0.030673 0.513784 0.353956
7.620883 1.031912 7.570404 1.917783
1.024608 0.412561 -0.064587 -0.026621
0.412561 0.244984 -0.026600 -0.017827
-0.064587 -0.026600 1.030263 0.414602
-0.026621 -0.017827 0.414602 0.247311
8.361731 1.112433 8.454664 1.890877
0.930863 0.333075 -0.057998 -0.021565
0.333075 0.177265 -0.021551 -0.012654
-0.057998 -0.021551 0.935190 0.334774
-0.021565 -0.012654 0.334774 0.179021
9.191736 1.201522 8.693485 1.662041
0.858458 0.277444 -0.047404 -0.016078
0.277444 0.135234 -0.016075 -0.008710
-0.047404 -0.016075 0.867146 0.280573
-0.016078 -0.008710 0.280573 0.137114
10.358156 1.368955 9.468771 1.645054
0.795171 0.235332 -0.035823 -0.011279
0.235332 0.107386 -0.011283 -0.005907
-0.035823 -0.011283 0.805618 0.238718
-0.011279 -0.005907 0.238718 0.109023
11.441374 1.477894 10.845776 1.797012
0.754423 0.207026 -0.029414 -0.008713
0.207026 0.089539 -0.008715 -0.004320
-0.029414 -0.008715 0.761727 0.209241
-0.008713 -0.004320 0.209241 0.090607
12.502311 1.561014 11.308774 1.684700
0.696230 0.179003 -0.035398 -0.009663
0.179003 0.075505 -0.009664 -0.003950
-0.035398 -0.009664 0.705568 0.181569
-0.009663 -0.003950 0.181569 0.076508
13.521728 1.619221 12.178001 1.691143
0.653213 0.159195 -0.033676 -0.008511
0.159195 0.066172 -0.008511 -0.003160
-0.033676 -0.008511 0.661991 0.161411
-0.008511 -0.003160 0.161411 0.066961
14.517738 1.662678 13.535829 1.810660
0.626223 0.146128 -0.037738 -0.008853
0.146128 0.060111 -0.008853 -0.002868
-0.037738 -0.008853 0.632394 0.147567
-0.008853 -0.002868 0.147567 0.060626
15.724346 1.747235 14.496898 1.823387
0.597125 0.134495 -0.022867 -0.004872
0.134495 0.055441 -0.004871 -0.001668
-0.022867 -0.004871 0.603205 0.135830
-0.004872 -0.001668 0.135830 0.055877
15.615847 1.532465 16.194791 1.994995
0.572414 0.125446 -0.021561 -0.004368
0.125446 0.052109 -0.004371 -0.001399
-0.021561 -0.004371 0.573130 0.125530
-0.004368 -0.001399 0.125530 0.052228
15.621312 1.369298 17.476142 2.055331
0.553245 0.118814 -0.013229 -0.002393
0.118814 0.049822 -0.002398 -0.000853
-0.013229 -0.002398 0.550943 0.118292
-0.002393 -0.000853 0.118292 0.049800
17.206128 1.559477 18.027108 1.955078
0.540853 0.114482 -0.008845 -0.001451
0.114482 0.048368 -0.001453 -0.000586
-0.008845 -0.001453 0.541113 0.114589
-0.001451 -0.000586 0.114589 0.048479
17.042626 1.361885 19.050291 1.964018
0.532140 0.111486 -0.007335 -0.001183
0.111486 0.047412 -0.001186 -0.000488
-0.007335 -0.001186 0.530423 0.111190
-0.001183 -0.000488 0.111190 0.047424
17.473645 1.309825 19.911796 1.938784
0.522272 0.108644 -0.009272 -0.001634
0.108644 0.046629 -0.001636 -0.000546
-0.009272 -0.001636 0.520045 0.108282
-0.001634 -0.000546 0.108282 0.046620
17.951207 1.272789 20.387238 1.836210
0.510010 0.105660 -0.006579 -0.001060
0.105660 0.045922 -0.001063 -0.000387
-0.006579 -0.001063 0.507732 0.105324
-0.001060 -0.000387 0.105324 0.045912
18.501439 1.255058 21.486304 1.873670
0.499886 0.103449 -0.005005 -0.000759
0.103449 0.045454 -0.000761 -0.000299
-0.005005 -0.000761 0.497499 0.103114
-0.000759 -0.000299 0.103114 0.045437
19.051584 1.238940 22.244531 1.836566
0.493562 0.102245 -0.005097 -0.000814
0.102245 0.045238 -0.000816 -0.000292
-0.005097 -0.000816 0.491314 0.101957
-0.000814 -0.000292 0.101957 0.045223
19.578216 1.219817 23.486388 1.903817
0.490376 0.101796 -0.002074 -0.000202
0.101796 0.045190 -0.000204 -0.000146
-0.002074 -0.000204 0.488454 0.101584
-0.000202 -0.000146 0.101584 0.045183
19.970973 1.174811 24.949787 2.010355
0.485430 0.100996 0.000450 0.000261
0.100996 0.045063 0.000258 -0.000043
0.000450 0.000258 0.484166 0.100917
0.000261 -0.000043 0.100917 0.045075
20.481363 1.158685 25.561878 1.928201
0.482405 0.100639 -0.000502 -0.000030
0.100639 0.045027 -0.000032 -0.000103
-0.000502 -0.000032 0.481284 0.100572
-0.000030 -0.000103 0.100572 0.045032
21.226845 1.193468 27.052630 2.038539
0.484103 0.101265 0.001267 0.000295
0.101265 0.045187 0.000293 -0.000025
0.001267 0.000293 0.484553 0.101509
0.000295 -0.000025 0.101509 0.045250
21.916052 1.212842 28.100833 2.044601
0.480457 0.100672 -0.000693 -0.000181
0.100672 0.045067 -0.000182 -0.000120
-0.000693 -0.000182 0.482050 0.101108
-0.000181 -0.000120 0.101108 0.045158
22.660322 1.241787 29.065448 2.032473
0.474733 0.099666 -0.004517 -0.000990
0.099666 0.044863 -0.000990 -0.000275
-0.004517 -0.000990 0.477531 0.100294
-0.000990 -0.000275 0.100294 0.044982
23.148965 1.213931 29.819192 1.977231
0.476985 0.100396 0.001538 0.000361
0.100396 0.045032 0.000361 0.000036
0.001538 0.000361 0.480323 0.101066
0.000361 0.000036 0.101066 0.045149
23.689706 1.199964 30.992994 2.016229
0.472417 0.099577 0.003433 0.000705
0.099577 0.044850 0.000705 0.000106
0.003433 0.000705 0.477974 0.100649
0.000705 0.000106 0.100649 0.045045
24.797183 1.307180 31.805635 1.974923
0.472696 0.099827 -0.002744 -0.000676
0.099827 0.044903 -0.000678 -0.000192
-0.002744 -0.000678 0.478925 0.100948
-0.000676 -0.000192 0.100948 0.045097
24.672647 1.142628 32.922345 2.002232
0.468480 0.099065 -0.001220 -0.000290
0.099065 0.044730 -0.000291 -0.000089
-0.001220 -0.000291 0.477865 0.100770
-0.000290 -0.000089 0.100770 0.045041
25.204331 1.134224 34.420643 2.107125
0.468963 0.099341 -0.000104 -0.000030
0.099341 0.044786 -0.000031 -0.000024
-0.000104 -0.000031 0.482032 0.101696
-0.000030 -0.000024 0.101696 0.045222
26.130866 1.210447 35.496082 2.111730
0.468379 0.099330 -0.002211 -0.000477
0.099330 0.044770 -0.000479 -0.000115
-0.002211 -0.000479 0.483298 0.101909
-0.000477 -0.000115 0.101909 0.045235
26.562101 1.173529 36.746785 2.152772
0.466448 0.099007 -0.003056 -0.000613
0.099007 0.044685 -0.000616 -0.000134
-0.003056 -0.000616 0.484889 0.102168
-0.000613 -0.000134 0.102168 0.045261
27.491115 1.246198 37.555848 2.096558
0.465965 0.098999 -0.004319 -0.000829
0.098999 0.044670 -0.000834 -0.000169
-0.004319 -0.000834 0.485119 0.102120
-0.000829 -0.000169 0.102120 0.045224
27.707525 1.159920 39.224858 2.226994
0.463202 0.098485 -0.004355 -0.000772
0.098485 0.044546 -0.000774 -0.000147
-0.004355 -0.000774 0.489012 0.102856
-0.000772 -0.000147 0.102856 0.045359
28.401847 1.184236 40.276608 2.214072
0.463708 0.098691 -0.015188 -0.002997
0.098691 0.044583 -0.003028 -0.000614
-0.015188 -0.003028 0.491809 0.103295
-0.002997 -0.000614 0.103295 0.045425
29.292182 1.247584 41.203945 2.176669
0.465967 0.099229 -0.019081 -0.003559
0.099229 0.044683 -0.003595 -0.000691
-0.019081 -0.003595 0.495121 0.103819
-0.003559 -0.000691 0.103819 0.045509
30.380969 1.347102 42.606388 2.243134
0.462999 0.098584 -0.023392 -0.004194
0.098584 0.044520 -0.004232 -0.000789
-0.023392 -0.004232 0.496909 0.103993
-0.004194 -0.000789 0.103993 0.045519
31.175521 1.371479 43.061666 2.104129
0.463460 0.098725 -0.025241 -0.004287
0.098725 0.044540 -0.004328 -0.000776
-0.025241 -0.004328 0.496076 0.103633
-0.004287 -0.000776 0.103633 0.045426
31.853238 1.369607 44.052958 2.091418
0.463682 0.098788 -0.026929 -0.004382
0.098788 0.044540 -0.004415 -0.000776
-0.026929 -0.004415 0.499126 0.104144
-0.004382 -0.000776 0.104144 0.045530
32.691202 1.402083 45.039469 2.079555
0.464208 0.098901 -0.028267 -0.004436
0.098901 0.044549 -0.004461 -0.000778
-0.028267 -0.004461 0.502100 0.104612
-0.004436 -0.000778 0.104612 0.045621
33.236252 1.366572 45.437971 1.945481
0.460151 0.098024 -0.028242 -0.004257
0.098024 0.044348 -0.004275 -0.000745
-0.028242 -0.004275 0.498515 0.103699
-0.004257 -0.000745 0.103699 0.045423
33.967532 1.372199 45.194480 1.692536
0.466767 0.099505 -0.027740 -0.003991
0.099505 0.044667 -0.004029 -0.000700
-0.027740 -0.004029 0.498405 0.103625
-0.003991 -0.000700 0.103625 0.045423
34.496636 1.336895 45.578563 1.595744
0.470462 0.100213 -0.025954 -0.003526
0.100213 0.044793 -0.003549 -0.000618
-0.025954 -0.003549 0.501802 0.104306
-0.003526 -0.000618 0.104306 0.045583
35.670908 1.445634 46.638885 1.652330
0.463777 0.098622 -0.030787 -0.004547
0.098622 0.044417 -0.004566 -0.000866
-0.030787 -0.004566 0.500773 0.103988
-0.004547 -0.000866 0.103988 0.045515
35.946913 1.350574 47.488611 1.655350
0.461819 0.098235 -0.028634 -0.004011
0.098235 0.044343 -0.003995 -0.000758
-0.028634 -0.003995 0.503676 0.104564
-0.004011 -0.000758 0.104564 0.045649
