4.656220 2.824623 1.647152 -0.233172
2.469449 0.987801 -0.150626 -0.060252
0.987801 80.399196 -0.060252 -0.024101
-0.150626 -0.060252 2.497019 0.998829
-0.060252 -0.024101 0.998829 80.403607
2.785876 -2.910575 1.891758 0.354828
2.259943 3.949662 -0.151333 -0.234854
3.949662 15.287746 -0.235051 -0.792713
-0.151333 -0.235051 2.272510 3.966223
-0.234854 -0.792713 3.966223 15.386639
3.996141 0.181302 4.437168 3.105088
2.031953 2.348533 -0.111078 -0.119404
2.348533 4.605951 -0.119493 -0.241901
-0.111078 -0.119493 2.032202 2.349577
-0.119404 -0.241901 2.349577 4.626275
5.435409 1.313933 3.909605 1.354568
1.727599 1.452929 -0.074468 -0.061242
1.452929 1.919893 -0.061277 -0.093742
-0.074468 -0.061277 1.743066 1.467778
-0.061242 -0.093742 1.467778 1.939908
6.753648 1.749241 5.432362 1.911868
1.498389 0.988069 -0.045692 -0.031415
0.988069 0.984493 -0.031434 -0.041919
-0.045692 -0.031434 1.508274 0.995226
-0.031415 -0.041919 0.995226 0.992226
7.075924 1.453103 4.563068 0.923006
1.301593 0.705629 -0.059797 -0.034748
0.705629 0.568869 -0.034762 -0.030974
-0.059797 -0.034762 1.315977 0.713779
-0.034748 -0.030974 0.713779 0.574835
9.847262 2.396768 4.364098 0.615565
1.146284 0.528521 -0.027436 -0.014287
0.528521 0.360452 -0.014312 -0.013744
-0.027436 -0.014312 1.171131 0.540007
-0.014287 -0.013744 0.540007 0.366569
11.152879 2.436871 6.475866 1.340163
1.038086 0.417501 -0.023216 -0.011098
0.417501 0.247809 -0.011099 -0.009194
-0.023216 -0.011099 1.052997 0.423098
-0.011098 -0.009194 0.423098 0.250442
10.893452 1.908489 7.217394 1.368225
0.940215 0.336117 -0.022095 -0.009513
0.336117 0.178972 -0.009509 -0.006628
-0.022095 -0.009509 0.950832 0.339510
-0.009513 -0.006628 0.339510 0.180435
11.772532 1.883255 8.516384 1.566691
0.858391 0.277272 -0.024629 -0.009307
0.277272 0.135656 -0.009303 -0.005255
-0.024629 -0.009303 0.866342 0.279504
-0.009307 -0.005255 0.279504 0.136567
11.469984 1.512786 11.038241 2.082299
0.791643 0.234337 -0.014863 -0.005418
0.234337 0.107493 -0.005405 -0.003181
-0.014863 -0.005405 0.792100 0.234207
-0.005418 -0.003181 0.234207 0.107608
12.077212 1.471549 12.310732 2.145979
0.740249 0.203342 -0.010721 -0.003804
0.203342 0.088870 -0.003793 -0.002202
-0.010721 -0.003793 0.739771 0.203091
-0.003804 -0.002202 0.203091 0.088950
12.413302 1.368602 13.327982 2.132039
0.696852 0.179599 -0.008982 -0.003051
0.179599 0.075975 -0.003042 -0.001651
-0.008982 -0.003042 0.695616 0.179260
-0.003051 -0.001651 0.179260 0.076024
12.326832 1.180719 13.977211 2.030921
0.657831 0.160689 -0.006817 -0.002280
0.160689 0.066770 -0.002273 -0.001207
-0.006817 -0.002273 0.655811 0.160245
-0.002280 -0.001207 0.160245 0.066783
12.951935 1.189287 14.444406 1.902653
0.626577 0.146465 -0.013576 -0.003690
0.146465 0.060351 -0.003684 -0.001356
-0.013576 -0.003684 0.625174 0.146240
-0.003690 -0.001356 0.146240 0.060405
13.598924 1.201010 15.568415 1.941617
0.597627 0.134821 -0.013794 -0.003413
0.134821 0.055635 -0.003408 -0.001119
-0.013794 -0.003408 0.596014 0.134583
-0.003413 -0.001119 0.134583 0.055671
14.490819 1.264849 17.158018 2.077518
0.579060 0.127081 -0.014785 -0.003350
0.127081 0.052557 -0.003346 -0.000976
-0.014785 -0.003346 0.577244 0.126826
-0.003350 -0.000976 0.126826 0.052577
15.091526 1.258086 18.519485 2.146930
0.558920 0.120071 -0.011529 -0.002391
0.120071 0.050137 -0.002388 -0.000671
-0.011529 -0.002388 0.556863 0.119783
-0.002391 -0.000671 0.119783 0.050138
15.685578 1.250341 18.674057 1.952228
0.543572 0.115001 -0.009558 -0.001822
0.115001 0.048497 -0.001820 -0.000491
-0.009558 -0.001820 0.541899 0.114811
-0.001822 -0.000491 0.114811 0.048509
16.626123 1.316189 19.299954 1.878960
0.530675 0.111101 -0.003660 -0.000495
0.111101 0.047343 -0.000496 -0.000177
-0.003660 -0.000496 0.529494 0.111016
-0.000495 -0.000177 0.111016 0.047366
17.933438 1.451151 20.098965 1.849994
0.521808 0.108524 -0.002572 -0.000303
0.108524 0.046624 -0.000304 -0.000131
-0.002572 -0.000304 0.521225 0.108553
-0.000303 -0.000131 0.108553 0.046661
18.398245 1.397084 20.903027 1.824814
0.513362 0.106352 -0.004130 -0.000669
0.106352 0.046085 -0.000669 -0.000203
-0.004130 -0.000669 0.512742 0.106352
-0.000669 -0.000203 0.106352 0.046106
19.316091 1.442330 21.508985 1.761445
0.504034 0.104250 0.000295 0.000247
0.104250 0.045626 0.000247 -0.000002
0.000295 0.000247 0.503620 0.104275
0.000247 -0.000002 0.104275 0.045644
19.774985 1.388124 22.684163 1.822371
0.496774 0.102793 0.000729 0.000259
0.102793 0.045346 0.000258 -0.000005
0.000729 0.000258 0.496360 0.102798
0.000259 -0.000005 0.102798 0.045353
20.774703 1.451492 23.723554 1.848991
0.489962 0.101561 0.000624 0.000171
0.101561 0.045131 0.000170 -0.000025
0.000624 0.000170 0.489759 0.101593
0.000171 -0.000025 0.101593 0.045140
21.297668 1.409343 24.821721 1.885110
0.489325 0.101703 -0.000516 -0.000112
0.101703 0.045211 -0.000112 -0.000081
-0.000516 -0.000112 0.489276 0.101751
-0.000112 -0.000081 0.101751 0.045219
22.170797 1.444436 25.729419 1.877841
0.486541 0.101352 0.000659 0.000124
0.101352 0.045168 0.000123 -0.000022
0.000659 0.000123 0.486663 0.101419
0.000124 -0.000022 0.101419 0.045177
22.203286 1.300392 27.159873 1.980548
0.484856 0.101229 0.002033 0.000384
0.101229 0.045167 0.000384 0.000036
0.002033 0.000384 0.485478 0.101384
0.000384 0.000036 0.101384 0.045192
22.377488 1.200910 27.582876 1.861950
0.482022 0.100842 0.002495 0.000437
0.100842 0.045100 0.000437 0.000048
0.002495 0.000437 0.482542 0.100954
0.000437 0.000048 0.100954 0.045113
22.597808 1.121231 28.467115 1.852254
0.477521 0.100107 0.000753 0.000033
0.100107 0.044956 0.000032 -0.000036
0.000753 0.000032 0.478382 0.100276
0.000033 -0.000036 0.100276 0.044981
23.454087 1.183220 29.964090 1.972105
0.475196 0.099860 0.000954 0.000081
0.099860 0.044918 0.000080 -0.000016
0.000954 0.000080 0.476912 0.100191
0.000081 -0.000016 0.100191 0.044975
24.026175 1.178947 31.603612 2.109659
0.475579 0.100165 0.000937 0.000081
0.100165 0.044989 0.000080 -0.000008
0.000937 0.000080 0.478413 0.100701
0.000081 -0.000008 0.100701 0.045086
24.194316 1.090078 32.626872 2.103105
0.475262 0.100253 0.001721 0.000251
0.100253 0.044998 0.000251 0.000034
0.001721 0.000251 0.478716 0.100875
0.000251 0.000034 0.100875 0.045109
25.245901 1.197096 33.500981 2.065560
0.474508 0.100208 0.000258 -0.000066
0.100208 0.044974 -0.000067 -0.000031
0.000258 -0.000067 0.478237 0.100842
-0.000066 -0.000031 0.100842 0.045083
26.348906 1.303818 34.084068 1.970585
0.475187 0.100442 -0.001379 -0.000388
0.100442 0.045006 -0.000390 -0.000091
-0.001379 -0.000390 0.478740 0.101000
-0.000388 -0.000091 0.101000 0.045097
27.603259 1.431244 34.773738 1.908148
0.474334 0.100307 -0.003567 -0.000798
0.100307 0.044954 -0.000800 -0.000165
-0.003567 -0.000800 0.477906 0.100844
-0.000798 -0.000165 0.100844 0.045042
28.224053 1.411145 35.277602 1.813119
0.477525 0.101023 -0.006643 -0.001362
0.101023 0.045086 -0.001365 -0.000269
-0.006643 -0.001365 0.481104 0.101541
-0.001362 -0.000269 0.101541 0.045172
29.170900 1.462441 36.964364 1.977789
0.475559 0.100565 -0.006383 -0.001180
0.100565 0.044958 -0.001181 -0.000210
-0.006383 -0.001181 0.481120 0.101490
-0.001180 -0.000210 0.101490 0.045133
29.759809 1.432215 37.712416 1.926929
0.474794 0.100404 -0.003162 -0.000407
0.100404 0.044906 -0.000407 -0.000038
-0.003162 -0.000407 0.480895 0.101396
-0.000407 -0.000038 0.101396 0.045092
29.916476 1.313690 38.297570 1.846880
0.473445 0.100126 -0.001604 -0.000074
0.100126 0.044835 -0.000071 0.000023
-0.001604 -0.000071 0.480251 0.101222
-0.000074 0.000023 0.101222 0.045040
30.294172 1.254552 39.046652 1.809999
0.473924 0.100254 -0.002643 -0.000322
0.100254 0.044855 -0.000321 -0.000043
-0.002643 -0.000321 0.481493 0.101463
-0.000322 -0.000043 0.101463 0.045082
30.842601 1.237933 40.079598 1.836912
0.473103 0.100088 -0.003057 -0.000415
0.100088 0.044811 -0.000414 -0.000070
-0.003057 -0.000414 0.481953 0.101516
-0.000415 -0.000070 0.101516 0.045082
31.516024 1.249489 41.066052 1.851255
0.474394 0.100379 -0.003783 -0.000566
0.100379 0.044867 -0.000565 -0.000106
-0.003783 -0.000565 0.484181 0.101941
-0.000566 -0.000106 0.101941 0.045162
32.209215 1.263890 41.836532 1.818649
0.474084 0.100298 -0.005382 -0.000888
0.100298 0.044839 -0.000889 -0.000175
-0.005382 -0.000889 0.484412 0.101911
-0.000888 -0.000175 0.101911 0.045142
33.004433 1.298660 43.127527 1.898994
0.468909 0.099193 -0.009671 -0.001752
0.099193 0.044597 -0.001757 -0.000354
-0.009671 -0.001757 0.481278 0.101183
-0.001752 -0.000354 0.101183 0.044980
33.644053 1.296597 44.068988 1.897296
0.468003 0.099097 -0.009528 -0.001606
0.099097 0.044591 -0.001609 -0.000306
-0.009528 -0.001609 0.481409 0.101223
-0.001606 -0.000306 0.101223 0.044997
33.929622 1.219882 45.181808 1.931446
0.466949 0.098965 -0.009171 -0.001445
0.098965 0.044572 -0.001445 -0.000264
-0.009171 -0.001445 0.482335 0.101428
-0.001445 -0.000264 0.101428 0.045045
34.448721 1.200579 46.120620 1.925682
0.467994 0.099277 -0.008647 -0.001276
0.099277 0.044645 -0.001274 -0.000227
-0.008647 -0.001274 0.484401 0.101852
-0.001276 -0.000227 0.101852 0.045136
34.820064 1.151949 47.054704 1.919358
0.467555 0.099227 -0.010196 -0.001571
0.099227 0.044631 -0.001571 -0.000294
-0.010196 -0.001571 0.485372 0.102007
-0.001571 -0.000294 0.102007 0.045162
34.892592 1.044895 47.899566 1.894568
0.464009 0.098512 -0.011688 -0.001838
0.098512 0.044475 -0.001839 -0.000352
-0.011688 -0.001839 0.483738 0.101606
-0.001838 -0.000352 0.101606 0.045071
