4.840995 2.898534 3.871120 0.656434
2.462863 0.985166 -0.045499 -0.018200
0.985166 80.398142 -0.018200 -0.007280
-0.045499 -0.018200 2.470087 0.988056
-0.018200 -0.007280 0.988056 80.399298
4.137370 -0.885431 -0.506648 -7.579933
2.247665 3.931046 -0.038355 -0.058211
3.931046 15.244465 -0.058138 -0.217421
-0.038355 -0.058138 2.272242 3.972612
-0.058211 -0.217421 3.972612 15.335521
7.093458 3.047915 -1.252173 -4.061006
1.958171 2.264763 -0.058138 -0.065709
2.264763 4.505066 -0.065725 -0.107460
-0.058138 -0.065725 1.995312 2.304605
-0.065709 -0.107460 2.304605 4.556050
8.258336 2.754539 3.595271 1.734982
1.719464 1.452349 -0.044253 -0.034858
1.452349 1.920205 -0.034891 -0.040539
-0.044253 -0.034891 1.723067 1.452079
-0.034858 -0.040539 1.452079 1.921795
7.701228 1.476835 5.156818 2.191293
1.471493 0.972498 -0.011893 -0.006315
0.972498 0.972764 -0.006314 -0.009789
-0.011893 -0.006314 1.474403 0.973639
-0.006315 -0.009789 0.973639 0.975526
7.402545 0.913390 5.122736 1.577547
1.303491 0.708166 -0.014079 -0.007643
0.708166 0.569234 -0.007643 -0.007855
-0.014079 -0.007643 1.308095 0.710641
-0.007643 -0.007855 0.710641 0.571986
8.958700 1.420877 5.238471 1.266600
1.174096 0.541728 -0.011107 -0.005474
0.541728 0.365540 -0.005476 -0.004908
-0.011107 -0.005476 1.182552 0.545776
-0.005474 -0.004908 0.545776 0.368326
9.977207 1.544239 6.629188 1.570620
1.056583 0.424212 -0.016139 -0.006935
0.424212 0.249476 -0.006935 -0.004379
-0.016139 -0.006935 1.063008 0.426874
-0.006935 -0.004379 0.426874 0.251124
11.631852 1.858929 7.036852 1.435698
0.948742 0.338173 -0.012523 -0.004777
0.338173 0.178900 -0.004777 -0.002759
-0.012523 -0.004777 0.956526 0.341009
-0.004777 -0.002759 0.341009 0.180302
11.887669 1.641976 7.998883 1.514499
0.863574 0.278039 -0.012055 -0.004118
0.278039 0.135337 -0.004118 -0.002062
-0.012055 -0.004118 0.869487 0.279946
-0.004118 -0.002062 0.279946 0.136214
12.791475 1.666395 8.847164 1.541342
0.801344 0.236450 -0.013422 -0.004113
0.236450 0.107730 -0.004113 -0.001735
-0.013422 -0.004113 0.806574 0.237975
-0.004113 -0.001735 0.237975 0.108367
12.987729 1.492022 9.976474 1.639534
0.747818 0.204702 -0.010460 -0.002907
0.204702 0.088953 -0.002907 -0.001162
-0.010460 -0.002907 0.751496 0.205675
-0.002907 -0.001162 0.205675 0.089356
12.938839 1.287927 12.738523 2.138213
0.704129 0.180823 -0.003430 -0.000867
0.180823 0.076078 -0.000867 -0.000491
-0.003430 -0.000867 0.704607 0.180913
-0.000867 -0.000491 0.180913 0.076206
13.040011 1.155849 13.118923 1.970610
0.663806 0.161559 -0.006960 -0.001721
0.161559 0.066827 -0.001721 -0.000636
-0.006960 -0.001721 0.664182 0.161656
-0.001721 -0.000636 0.161656 0.066941
14.084794 1.264607 15.079434 2.197798
0.629342 0.146579 -0.003201 -0.000731
0.146579 0.060265 -0.000731 -0.000333
-0.003201 -0.000731 0.629197 0.146573
-0.000731 -0.000333 0.146573 0.060339
14.721712 1.265646 16.334105 2.232838
0.601401 0.135236 -0.000009 0.000003
0.135236 0.055657 0.000002 -0.000131
-0.000009 0.000002 0.601051 0.135203
0.000003 -0.000131 0.135203 0.055714
15.240043 1.240656 16.605229 2.047807
0.576701 0.126184 -0.003042 -0.000708
0.126184 0.052314 -0.000707 -0.000269
-0.003042 -0.000707 0.576516 0.126202
-0.000708 -0.000269 0.126202 0.052372
15.562868 1.176877 17.466432 2.012916
0.554944 0.118980 -0.001636 -0.000369
0.118980 0.049893 -0.000369 -0.000167
-0.001636 -0.000369 0.554590 0.118965
-0.000369 -0.000167 0.118965 0.049934
15.807164 1.104146 18.027178 1.918659
0.537610 0.113638 -0.004987 -0.001070
0.113638 0.048227 -0.001070 -0.000296
-0.004987 -0.001070 0.537170 0.113609
-0.001070 -0.000296 0.113609 0.048256
16.204803 1.071806 19.010757 1.923725
0.520993 0.109111 -0.004601 -0.000912
0.109111 0.046967 -0.000911 -0.000235
-0.004601 -0.000911 0.520436 0.109059
-0.000912 -0.000235 0.109059 0.046985
16.634467 1.049582 19.562935 1.838274
0.511512 0.106597 -0.002648 -0.000447
0.106597 0.046289 -0.000447 -0.000119
-0.002648 -0.000447 0.510973 0.106550
-0.000447 -0.000119 0.106550 0.046303
16.966065 1.009536 20.999266 1.945817
0.504571 0.104895 -0.004190 -0.000757
0.104895 0.045864 -0.000756 -0.000177
-0.004190 -0.000756 0.503900 0.104821
-0.000757 -0.000177 0.104821 0.045867
17.750392 1.067661 22.131128 1.978945
0.497780 0.103408 -0.003014 -0.000473
0.103408 0.045531 -0.000473 -0.000108
-0.003014 -0.000473 0.497226 0.103358
-0.000473 -0.000108 0.103358 0.045536
18.680423 1.150071 23.271683 2.010503
0.488194 0.101482 -0.002830 -0.000426
0.101482 0.045139 -0.000426 -0.000095
-0.002830 -0.000426 0.487803 0.101463
-0.000426 -0.000095 0.101463 0.045146
19.433511 1.187191 24.336638 2.023012
0.485657 0.101190 -0.003002 -0.000456
0.101190 0.045115 -0.000456 -0.000100
-0.003002 -0.000456 0.485389 0.101190
-0.000456 -0.000100 0.101190 0.045123
20.904278 1.370385 25.365280 2.026917
0.482159 0.100694 0.000097 0.000199
0.100694 0.045040 0.000199 0.000038
0.000097 0.000199 0.482142 0.100738
0.000199 0.000038 0.100738 0.045053
21.518345 1.355494 26.377678 2.026676
0.481657 0.100834 0.000199 0.000166
0.100834 0.045093 0.000166 0.000021
0.000199 0.000166 0.481756 0.100891
0.000166 0.000021 0.100891 0.045106
22.202176 1.356720 27.087111 1.962917
0.480196 0.100722 -0.001009 -0.000132
0.100722 0.045078 -0.000132 -0.000048
-0.001009 -0.000132 0.480351 0.100778
-0.000132 -0.000048 0.100778 0.045088
22.315828 1.238100 28.273991 2.006001
0.479736 0.100796 -0.000733 -0.000084
0.100796 0.045095 -0.000084 -0.000036
-0.000733 -0.000084 0.480148 0.100896
-0.000084 -0.000036 0.100896 0.045113
22.427255 1.131242 28.758908 1.896943
0.476451 0.100238 0.001353 0.000343
0.100238 0.044971 0.000343 0.000055
0.001353 0.000343 0.476874 0.100327
0.000343 0.000055 0.100327 0.044985
22.846225 1.100348 30.179227 1.996355
0.476485 0.100402 0.001474 0.000318
0.100402 0.045004 0.000318 0.000043
0.001474 0.000318 0.477353 0.100575
0.000318 0.000043 0.100575 0.045035
23.010802 1.018996 31.342464 2.031191
0.475451 0.100295 0.001110 0.000202
0.100295 0.044971 0.000202 0.000016
0.001110 0.000202 0.476708 0.100534
0.000202 0.000016 0.100534 0.045014
23.659836 1.048458 32.366631 2.032984
0.472444 0.099757 -0.003081 -0.000705
0.099757 0.044846 -0.000706 -0.000175
-0.003081 -0.000706 0.474043 0.100048
-0.000705 -0.000175 0.100048 0.044897
24.303481 1.073715 33.729910 2.106253
0.472778 0.099952 -0.003638 -0.000755
0.099952 0.044883 -0.000755 -0.000167
-0.003638 -0.000755 0.474943 0.100340
-0.000755 -0.000167 0.100340 0.044952
25.092012 1.126960 34.753394 2.100029
0.475179 0.100541 -0.004337 -0.000836
0.100541 0.044994 -0.000837 -0.000171
-0.004337 -0.000837 0.477642 0.100963
-0.000836 -0.000171 0.100963 0.045069
26.162882 1.234375 35.971053 2.135615
0.474153 0.100328 -0.005538 -0.001025
0.100328 0.044924 -0.001025 -0.000200
-0.005538 -0.001025 0.477126 0.100832
-0.001025 -0.000200 0.100832 0.045015
26.873130 1.253771 36.397273 2.000086
0.473756 0.100259 -0.006625 -0.001179
0.100259 0.044891 -0.001180 -0.000223
-0.006625 -0.001180 0.476617 0.100709
-0.001179 -0.000223 0.100709 0.044969
27.735240 1.303480 37.273926 1.974163
0.473030 0.100118 -0.005735 -0.000913
0.100118 0.044846 -0.000913 -0.000158
-0.005735 -0.000913 0.476231 0.100621
-0.000913 -0.000158 0.100621 0.044935
28.152482 1.253725 38.105589 1.941156
0.473033 0.100136 -0.005600 -0.000842
0.100136 0.044839 -0.000842 -0.000143
-0.005600 -0.000842 0.476690 0.100715
-0.000842 -0.000143 0.100715 0.044944
28.909741 1.281356 39.106103 1.947582
0.471616 0.099844 -0.005475 -0.000790
0.099844 0.044766 -0.000789 -0.000135
-0.005475 -0.000789 0.475843 0.100520
-0.000790 -0.000135 0.100520 0.044891
29.574744 1.286601 40.195635 1.972053
0.473343 0.100242 -0.003451 -0.000345
0.100242 0.044846 -0.000343 -0.000046
-0.003451 -0.000343 0.478193 0.101020
-0.000345 -0.000046 0.101020 0.044992
30.548342 1.356685 41.375140 2.013153
0.472144 0.099974 -0.001720 -0.000012
0.099974 0.044777 -0.000008 0.000012
-0.001720 -0.000008 0.477690 0.100867
-0.000012 0.000012 0.100867 0.044945
31.690709 1.454924 42.340446 2.004727
0.472581 0.100075 -0.002246 -0.000183
0.100075 0.044792 -0.000181 -0.000040
-0.002246 -0.000181 0.478420 0.100991
-0.000183 -0.000040 0.100991 0.044964
32.076739 1.382387 42.898958 1.910886
0.471434 0.099827 -0.002433 -0.000263
0.099827 0.044732 -0.000261 -0.000065
-0.002433 -0.000261 0.477566 0.100772
-0.000263 -0.000065 0.100772 0.044910
33.058675 1.443949 43.823754 1.904558
0.469572 0.099449 -0.003671 -0.000552
0.099449 0.044650 -0.000551 -0.000131
-0.003671 -0.000551 0.476183 0.100466
-0.000552 -0.000131 0.100466 0.044844
33.712784 1.429433 44.496052 1.845443
0.470739 0.099746 -0.002770 -0.000357
0.099746 0.044718 -0.000355 -0.000087
-0.002770 -0.000355 0.477583 0.100780
-0.000357 -0.000087 0.100780 0.044915
34.283179 1.398888 45.506285 1.863842
0.468532 0.099292 -0.001876 -0.000184
0.099292 0.044619 -0.000181 -0.000052
-0.001876 -0.000181 0.476317 0.100500
-0.000184 -0.000052 0.100500 0.044853
34.910947 1.383888 46.939216 1.969539
0.469040 0.099452 -0.002455 -0.000334
0.099452 0.044657 -0.000332 -0.000088
-0.002455 -0.000332 0.478205 0.100912
-0.000334 -0.000088 0.100912 0.044944
35.414452 1.343739 47.437662 1.866869
0.470495 0.099789 -0.003522 -0.000569
0.099789 0.044728 -0.000568 -0.000137
-0.003522 -0.000568 0.479640 0.101189
-0.000569 -0.000137 0.101189 0.044998
35.811479 1.285312 48.025364 1.793855
0.470154 0.099707 -0.005046 -0.000876
0.099707 0.044702 -0.000878 -0.000197
-0.005046 -0.000878 0.479665 0.101145
-0.000876 -0.000197 0.101145 0.044980
