-2.447015 -0.016733 6.456697 1.690687
42.035669 16.814632 -56.749349 -22.700232
16.814632 86.730065 -22.700232 -9.080289
-56.749349 -22.700232 81.021328 32.409233
-22.700232 -9.080289 32.409233 92.968041
0.388597 3.930194 7.310709 3.488807
49.192275 18.688836 -78.631740 -44.020279
18.688836 29.002558 -27.603629 -35.539646
-78.631740 -27.603629 129.295845 73.803397
-44.020279 -35.539646 73.803397 77.558005
2.303537 2.445676 5.919438 1.739247
66.041111 32.788053 -100.455402 -49.889110
32.788053 27.287799 -48.103772 -37.095788
-100.455402 -48.103772 156.698703 78.054406
-49.889110 -37.095788 78.054406 59.431350
6.349458 3.366656 1.400522 -0.599296
61.687238 30.987905 -78.765980 -33.776924
30.987905 21.792634 -38.826154 -25.037202
-78.765980 -38.826154 103.232145 44.310090
-33.776924 -25.037202 44.310090 31.923252
1.500777 0.604814 9.504431 2.662450
17.437982 8.082954 -13.655247 -3.877032
8.082954 7.636015 -6.241457 -7.268954
-13.655247 -6.241457 11.782630 3.635521
-3.877032 -7.268954 3.635521 9.610285
4.106301 1.571518 9.194539 2.126908
5.334453 3.060111 -5.883753 -3.634156
3.060111 4.101221 -4.010568 -5.713109
-5.883753 -4.010568 8.101221 5.860734
-3.634156 -5.713109 5.860734 8.922508
4.906909 1.533246 10.410752 2.265583
8.562841 4.906388 -11.075628 -6.734638
4.906388 4.043885 -6.805079 -5.729666
-11.075628 -6.805079 16.012696 10.185833
-6.734638 -5.729666 10.185833 8.723362
5.689390 1.572107 11.331454 2.130644
13.086064 6.430798 -18.450783 -9.345696
6.430798 3.865146 -9.341462 -5.617648
-18.450783 -9.341462 27.690016 14.268465
-9.345696 -5.617648 14.268465 8.597624
7.401033 2.005842 10.465925 1.275826
18.127290 7.501570 -26.927170 -11.299724
7.501570 3.551808 -11.293880 -5.292377
-26.927170 -11.293880 41.651134 17.610908
-11.299724 -5.292377 17.610908 8.225785
4.585785 0.632990 17.642480 3.618249
18.305280 6.303088 -24.957430 -8.699380
6.303088 2.478305 -8.647302 -3.388838
-24.957430 -8.647302 35.257498 12.348058
-8.699380 -3.388838 12.348058 4.856722
4.559701 0.531680 19.860992 3.739582
2.182238 0.658985 -3.321232 -1.013227
0.658985 0.426714 -1.034295 -0.586586
-3.321232 -1.034295 6.695511 2.094816
-1.013227 -0.586586 2.094816 1.043175
8.784107 1.704969 15.940964 2.053787
0.587150 0.173843 -0.982394 -0.285150
0.173843 0.224338 -0.287608 -0.283899
-0.982394 -0.287608 3.828901 1.097649
-0.285150 -0.283899 1.097649 0.605790
9.710329 1.736009 17.205677 2.102583
0.785974 0.274118 -1.432672 -0.445832
0.274118 0.223837 -0.469732 -0.292057
-1.432672 -0.469732 4.704699 1.322281
-0.445832 -0.292057 1.322281 0.593744
10.645568 1.786578 19.274169 2.308614
1.028822 0.351684 -2.026021 -0.591519
0.351684 0.214315 -0.643677 -0.292452
-2.026021 -0.643677 6.026737 1.598415
-0.591519 -0.292452 1.598415 0.594011
11.665051 1.827277 20.196733 2.245091
0.998439 0.313612 -2.104599 -0.554087
0.313612 0.170083 -0.585137 -0.230922
-2.104599 -0.585137 6.887057 1.633589
-0.554087 -0.230922 1.633589 0.520658
12.856018 1.913383 20.886703 2.130010
0.836278 0.240937 -1.860882 -0.443551
0.240937 0.126327 -0.434814 -0.161864
-1.860882 -0.434814 7.153854 1.509652
-0.443551 -0.161864 1.509652 0.426152
13.130742 1.725600 23.389321 2.452249
0.782551 0.212373 -1.742216 -0.384678
0.212373 0.104823 -0.346633 -0.122262
-1.742216 -0.346633 7.639248 1.462218
-0.384678 -0.122262 1.462218 0.370401
14.268885 1.790770 23.832298 2.300734
0.404659 0.120201 -0.378290 -0.105508
0.120201 0.075320 0.007463 -0.041947
-0.378290 0.007463 4.144627 0.673498
-0.105508 -0.041947 0.673498 0.187040
15.339397 1.841756 24.832845 2.258709
0.368848 0.116881 0.058712 -0.033240
0.116881 0.070110 0.104782 -0.019679
0.058712 0.104782 3.405658 0.496286
-0.033240 -0.019679 0.496286 0.141278
16.587643 1.912216 24.334508 1.983166
0.428098 0.136385 0.434376 0.015987
0.136385 0.071350 0.170111 -0.006766
0.434376 0.170111 2.278470 0.286056
0.015987 -0.006766 0.286056 0.098260
17.623239 1.930671 24.340309 1.822369
0.552704 0.165051 0.635848 0.033041
0.165051 0.074074 0.196226 -0.001266
0.635848 0.196226 2.025807 0.236921
0.033041 -0.001266 0.236921 0.085575
18.697252 1.964354 24.873195 1.747419
0.712232 0.195955 0.809193 0.045018
0.195955 0.076836 0.214632 0.002740
0.809193 0.214632 1.980356 0.224154
0.045018 0.002740 0.224154 0.079773
19.531139 1.934583 25.153159 1.663947
0.903811 0.230908 0.837744 0.031873
0.230908 0.080841 0.199845 0.000552
0.837744 0.199845 1.574152 0.166319
0.031873 0.000552 0.166319 0.069597
20.263572 1.904573 24.800550 1.478009
1.099920 0.262879 0.776281 0.006757
0.262879 0.084045 0.172927 -0.003192
0.776281 0.172927 1.039419 0.093781
0.006757 -0.003192 0.093781 0.058023
21.259877 1.907414 25.775840 1.519714
1.343880 0.298806 0.792313 -0.004499
0.298806 0.087679 0.158912 -0.004777
0.792313 0.158912 0.989567 0.101303
-0.004499 -0.004777 0.101303 0.059664
21.311630 1.744087 25.407865 1.386617
1.237600 0.266095 0.345377 -0.067564
0.266095 0.078473 0.062604 -0.015558
0.345377 0.062604 0.430083 0.050594
-0.067564 -0.015558 0.050594 0.054478
22.468802 1.816101 25.705858 1.267652
1.502364 0.302304 0.333594 -0.074437
0.302304 0.082487 0.057805 -0.014447
0.333594 0.057805 0.366044 0.050213
-0.074437 -0.014447 0.050213 0.052788
23.463985 1.832010 26.375105 1.268715
1.630907 0.310538 0.194492 -0.095899
0.310538 0.081457 0.028377 -0.016911
0.194492 0.028377 0.340911 0.067095
-0.095899 -0.016911 0.067095 0.056385
24.676866 1.882076 27.196667 1.294746
1.674456 0.303028 0.023009 -0.117320
0.303028 0.077946 -0.003003 -0.019133
0.023009 -0.003003 0.358923 0.090096
-0.117320 -0.019133 0.090096 0.060692
24.437895 1.684717 27.399692 1.249295
1.371604 0.238488 -0.269046 -0.148799
0.238488 0.065406 -0.050488 -0.022775
-0.269046 -0.050488 0.373383 0.111480
-0.148799 -0.022775 0.111480 0.064344
25.313629 1.690467 28.097852 1.267135
1.535573 0.257014 -0.424108 -0.169602
0.257014 0.067799 -0.070296 -0.024371
-0.424108 -0.070296 0.465408 0.137464
-0.169602 -0.024371 0.137464 0.067772
26.268947 1.709783 28.808772 1.284783
1.707481 0.274475 -0.601192 -0.192785
0.274475 0.069744 -0.091391 -0.026295
-0.601192 -0.091391 0.587737 0.165291
-0.192785 -0.026295 0.165291 0.071117
27.862080 1.839887 29.809104 1.370518
1.924342 0.297487 -0.778646 -0.212710
0.297487 0.072464 -0.109666 -0.027504
-0.778646 -0.109666 0.755069 0.198196
-0.212710 -0.027504 0.198196 0.075173
29.143361 1.902581 30.615343 1.401565
2.044170 0.301531 -0.993408 -0.238630
0.301531 0.071759 -0.131560 -0.029623
-0.993408 -0.131560 0.955605 0.232716
-0.238630 -0.029623 0.232716 0.079068
30.813574 2.023542 31.424478 1.436361
2.191733 0.309258 -1.222537 -0.264324
0.309258 0.071735 -0.152796 -0.031522
-1.222537 -0.152796 1.196130 0.270092
-0.264324 -0.031522 0.270092 0.083119
31.281305 1.938161 32.212878 1.441576
2.187931 0.291746 -1.455703 -0.290580
0.291746 0.067721 -0.171528 -0.033301
-1.455703 -0.171528 1.481711 0.311254
-0.290580 -0.033301 0.311254 0.087530
32.075043 1.899527 32.743479 1.394423
2.361307 0.302151 -1.739804 -0.320949
0.302151 0.068191 -0.196954 -0.035939
-1.739804 -0.196954 1.788023 0.348970
-0.320949 -0.035939 0.348970 0.090526
32.980626 1.881655 33.260162 1.353909
2.573161 0.317241 -2.043133 -0.350350
0.317241 0.069324 -0.222613 -0.038312
-2.043133 -0.222613 2.130427 0.387846
-0.350350 -0.038312 0.387846 0.093475
33.862931 1.873594 33.969275 1.358214
2.798755 0.332594 -2.364810 -0.379449
0.332594 0.070402 -0.247497 -0.040372
-2.364810 -0.247497 2.521793 0.430511
-0.379449 -0.040372 0.430511 0.096943
34.945348 1.897775 34.626621 1.360647
3.070714 0.353265 -2.715805 -0.408939
0.353265 0.072134 -0.274660 -0.042539
-2.715805 -0.274660 2.946157 0.472658
-0.408939 -0.042539 0.472658 0.099960
35.649991 1.873949 35.577466 1.401628
3.333488 0.369664 -3.087459 -0.439619
0.369664 0.073020 -0.300941 -0.044608
-3.087459 -0.300941 3.422875 0.518673
-0.439619 -0.044608 0.518673 0.103443
36.623582 1.888660 36.383347 1.423819
3.676360 0.396994 -3.497426 -0.469900
0.396994 0.075363 -0.333228 -0.047098
-3.497426 -0.333228 3.905205 0.558050
-0.469900 -0.047098 0.558050 0.105394
37.733706 1.923321 37.150993 1.443780
4.053492 0.426819 -3.935612 -0.500341
0.426819 0.077864 -0.367335 -0.049593
-3.935612 -0.367335 4.414112 0.596403
-0.500341 -0.049593 0.596403 0.107087
38.797896 1.932763 37.758283 1.429138
4.451948 0.455919 -4.409725 -0.533085
0.455919 0.079950 -0.403071 -0.052241
-4.409725 -0.403071 4.965710 0.636467
-0.533085 -0.052241 0.636467 0.108939
39.581381 1.891086 38.373487 1.400227
4.853432 0.481345 -4.916352 -0.568353
0.481345 0.081301 -0.438363 -0.054843
-4.916352 -0.438363 5.575303 0.680965
-0.568353 -0.054843 0.680965 0.111388
40.465340 1.862809 38.871960 1.361420
5.292023 0.509842 -5.454432 -0.603479
0.509842 0.083037 -0.475381 -0.057361
-5.454432 -0.475381 6.216352 0.724775
-0.603479 -0.057361 0.724775 0.113623
41.534667 1.873109 39.377862 1.340941
5.753761 0.538392 -6.025811 -0.639733
0.538392 0.084745 -0.512039 -0.059655
-6.025811 -0.512039 6.914612 0.772295
-0.639733 -0.059655 0.772295 0.116335
42.391233 1.875894 40.248922 1.368829
6.200703 0.561155 -6.618122 -0.677513
0.561155 0.085646 -0.545019 -0.061600
-6.618122 -0.545019 7.683347 0.826115
-0.677513 -0.061600 0.826115 0.119863
43.388300 1.854018 40.561305 1.312302
6.713420 0.591216 -7.257836 -0.715336
0.591216 0.087286 -0.584859 -0.064050
-7.257836 -0.584859 8.464173 0.874052
-0.715336 -0.064050 0.874052 0.122215
43.911119 1.771473 41.120679 1.267957
7.186063 0.611641 -7.909403 -0.755075
0.611641 0.087661 -0.618558 -0.066063
-7.909403 -0.618558 9.320435 0.929631
-0.755075 -0.066063 0.929631 0.125578
