6.494715 3.560037 -0.201845 -0.972787
2.392409 0.956984 0.000339 0.000135
0.956984 80.386869 0.000135 0.000054
0.000339 0.000135 2.465339 0.986157
0.000135 0.000054 0.986157 80.398538
6.116071 -0.228731 0.575095 1.236579
2.252843 3.954030 -0.021414 -0.037516
3.954030 15.105234 -0.037653 -0.064982
-0.021414 -0.037653 2.304527 4.030131
-0.037516 -0.064982 4.030131 15.424599
4.237949 -2.261414 1.430082 1.506386
1.992696 2.296843 -0.075440 -0.083600
2.296843 4.492698 -0.083669 -0.095976
-0.075440 -0.083669 2.021254 2.329056
-0.083600 -0.095976 2.329056 4.580681
6.032876 0.204372 4.489119 3.457410
1.720325 1.444305 -0.044556 -0.030363
1.444305 1.895051 -0.030436 -0.023662
-0.044556 -0.030436 1.738099 1.461353
-0.030363 -0.023662 1.461353 1.929505
6.277240 0.290808 3.832002 1.884938
1.497084 0.984515 -0.050111 -0.028461
0.984515 0.973649 -0.028452 -0.018859
-0.050111 -0.028452 1.519204 1.001416
-0.028461 -0.018859 1.001416 0.994465
6.023684 0.077512 5.668746 2.368245
1.332446 0.719916 -0.050382 -0.023759
0.719916 0.571945 -0.023779 -0.013214
-0.050382 -0.023779 1.340129 0.725717
-0.023759 -0.013214 0.725717 0.580184
7.212096 0.605933 7.287120 2.570765
1.174438 0.538712 -0.029070 -0.010557
0.538712 0.362098 -0.010588 -0.005230
-0.029070 -0.010588 1.180720 0.543084
-0.010557 -0.005230 0.543084 0.367194
8.779972 1.110083 7.754537 2.245134
1.052916 0.420793 -0.028683 -0.009605
0.420793 0.247109 -0.009612 -0.004330
-0.028683 -0.009612 1.063298 0.426203
-0.009605 -0.004330 0.426203 0.251244
10.275186 1.443914 8.750497 2.201413
0.936656 0.332740 -0.015242 -0.004054
0.332740 0.176499 -0.004066 -0.001896
-0.015242 -0.004066 0.946875 0.337285
-0.004054 -0.001896 0.337285 0.179384
11.298394 1.539387 8.522507 1.773713
0.862253 0.277077 -0.024855 -0.007108
0.277077 0.134846 -0.007106 -0.002721
-0.024855 -0.007106 0.874343 0.281627
-0.007108 -0.002721 0.281627 0.137157
11.733724 1.440552 9.091131 1.679438
0.790714 0.232987 -0.011916 -0.002731
0.232987 0.106624 -0.002736 -0.001141
-0.011916 -0.002736 0.800849 0.236399
-0.002731 -0.001141 0.236399 0.108198
11.986487 1.312818 10.214530 1.756822
0.739591 0.202395 -0.007223 -0.001423
0.202395 0.088322 -0.001430 -0.000691
-0.007223 -0.001430 0.746534 0.204564
-0.001423 -0.000691 0.204564 0.089309
12.868445 1.371130 11.806997 1.940595
0.698395 0.179436 -0.012541 -0.002863
0.179436 0.075755 -0.002867 -0.001008
-0.012541 -0.002867 0.703041 0.180817
-0.002863 -0.001008 0.180817 0.076394
13.381419 1.328965 12.536297 1.881745
0.665745 0.162184 -0.007981 -0.001611
0.162184 0.067020 -0.001616 -0.000608
-0.007981 -0.001616 0.669584 0.163262
-0.001611 -0.000608 0.163262 0.067496
14.271552 1.381652 13.717768 1.937952
0.633081 0.147535 -0.005369 -0.000984
0.147535 0.060506 -0.000988 -0.000412
-0.005369 -0.000988 0.636062 0.148337
-0.000984 -0.000412 0.148337 0.060853
15.104913 1.413845 15.117765 2.034984
0.603073 0.135617 -0.008160 -0.001637
0.135617 0.055741 -0.001640 -0.000526
-0.008160 -0.001640 0.605017 0.136133
-0.001637 -0.000526 0.136133 0.055980
15.905470 1.434515 16.657870 2.149407
0.580456 0.126982 -0.008422 -0.001632
0.126982 0.052482 -0.001635 -0.000481
-0.008422 -0.001635 0.581479 0.127270
-0.001632 -0.000481 0.127270 0.052640
16.295314 1.364448 17.932804 2.192190
0.559338 0.119843 -0.004067 -0.000633
0.119843 0.050062 -0.000635 -0.000230
-0.004067 -0.000635 0.559539 0.119946
-0.000633 -0.000230 0.119946 0.050160
16.360760 1.234268 19.138271 2.215066
0.542786 0.114597 -0.003599 -0.000558
0.114597 0.048406 -0.000561 -0.000202
-0.003599 -0.000561 0.542175 0.114533
-0.000558 -0.000202 0.114533 0.048455
17.201550 1.280753 19.408131 2.039889
0.526870 0.110147 -0.004609 -0.000790
0.110147 0.047155 -0.000792 -0.000239
-0.004609 -0.000792 0.526501 0.110148
-0.000790 -0.000239 0.110148 0.047207
17.307662 1.169539 20.027706 1.956402
0.515708 0.107217 -0.002777 -0.000398
0.107217 0.046384 -0.000400 -0.000142
-0.002777 -0.000400 0.515020 0.107154
-0.000398 -0.000142 0.107154 0.046413
18.030388 1.198066 20.749457 1.903225
0.507282 0.105190 0.000750 0.000313
0.105190 0.045895 0.000311 0.000012
0.000750 0.000311 0.506694 0.105153
0.000313 0.000012 0.105153 0.045923
18.393298 1.149151 21.808997 1.925572
0.499158 0.103442 0.003606 0.000827
0.103442 0.045519 0.000825 0.000113
0.003606 0.000825 0.498442 0.103377
0.000827 0.000113 0.103377 0.045533
19.426015 1.244172 23.005484 1.974059
0.495353 0.102757 0.002595 0.000504
0.102757 0.045396 0.000503 0.000036
0.002595 0.000503 0.494917 0.102750
0.000504 0.000036 0.102750 0.045417
19.662042 1.163959 24.023344 1.980547
0.491339 0.102078 0.001830 0.000281
0.102078 0.045280 0.000280 -0.000009
0.001830 0.000280 0.490894 0.102062
0.000281 -0.000009 0.102062 0.045293
20.458966 1.208683 25.085173 1.995394
0.489203 0.101833 -0.000540 -0.000244
0.101833 0.045256 -0.000245 -0.000111
-0.000540 -0.000245 0.489002 0.101860
-0.000244 -0.000111 0.101860 0.045273
21.213878 1.239984 26.549568 2.092749
0.484571 0.101060 -0.001123 -0.000339
0.101060 0.045115 -0.000340 -0.000114
-0.001123 -0.000340 0.484837 0.101173
-0.000339 -0.000114 0.101173 0.045145
21.513407 1.173002 27.533683 2.079775
0.479090 0.100151 0.001278 0.000200
0.100151 0.044948 0.000199 0.000014
0.001278 0.000199 0.479608 0.100297
0.000200 0.000014 0.100297 0.044980
22.326771 1.220568 28.537787 2.072232
0.474246 0.099420 0.002529 0.000447
0.099420 0.044821 0.000447 0.000069
0.002529 0.000447 0.475143 0.099626
0.000447 0.000069 0.099626 0.044862
22.757632 1.182889 29.366935 2.028756
0.473530 0.099579 0.002893 0.000489
0.099579 0.044879 0.000488 0.000076
0.002893 0.000488 0.474682 0.099814
0.000489 0.000076 0.099814 0.044922
24.102910 1.341890 30.114945 1.972377
0.471486 0.099393 0.002980 0.000475
0.099393 0.044846 0.000475 0.000073
0.002980 0.000475 0.472819 0.099643
0.000475 0.000073 0.099643 0.044889
24.682574 1.322614 31.079515 1.967846
0.471719 0.099660 0.001906 0.000223
0.099660 0.044901 0.000222 0.000021
0.001906 0.000222 0.473575 0.099999
0.000223 0.000021 0.099999 0.044961
24.908089 1.230196 32.622150 2.086133
0.472573 0.099991 0.001615 0.000165
0.099991 0.044956 0.000164 0.000015
0.001615 0.000164 0.475794 0.100592
0.000165 0.000015 0.100592 0.045069
25.551281 1.236242 33.389711 2.027853
0.476351 0.100875 0.003193 0.000509
0.100875 0.045119 0.000508 0.000094
0.003193 0.000508 0.479740 0.101464
0.000509 0.000094 0.101464 0.045223
26.177497 1.238074 34.102108 1.964115
0.476425 0.100867 0.003301 0.000511
0.100867 0.045076 0.000510 0.000094
0.003301 0.000510 0.480099 0.101478
0.000511 0.000094 0.101478 0.045182
26.950316 1.270581 35.180662 1.984432
0.475325 0.100601 0.003630 0.000563
0.100601 0.044985 0.000562 0.000106
0.003630 0.000562 0.479882 0.101364
0.000563 0.000106 0.101364 0.045122
27.492935 1.251029 36.045912 1.957672
0.477382 0.101021 0.003411 0.000497
0.101021 0.045050 0.000496 0.000091
0.003411 0.000496 0.482523 0.101865
0.000497 0.000091 0.101865 0.045201
27.944381 1.214262 36.927812 1.937313
0.473076 0.100051 0.001889 0.000169
0.100051 0.044816 0.000167 0.000024
0.001889 0.000167 0.479220 0.101065
0.000169 0.000024 0.101065 0.045003
28.565086 1.217099 37.976850 1.954256
0.473568 0.100189 -0.000169 -0.000241
0.100189 0.044841 -0.000245 -0.000055
-0.000169 -0.000245 0.480722 0.101364
-0.000241 -0.000055 0.101364 0.045058
29.389507 1.262883 38.600804 1.879755
0.471827 0.099833 -0.002826 -0.000740
0.099833 0.044757 -0.000745 -0.000147
-0.002826 -0.000745 0.479158 0.100988
-0.000740 -0.000147 0.100988 0.044967
29.843573 1.225279 40.158875 2.010054
0.470590 0.099611 -0.006266 -0.001364
0.099611 0.044709 -0.001371 -0.000261
-0.006266 -0.001371 0.480350 0.101233
-0.001364 -0.000261 0.101233 0.045017
30.659845 1.268506 41.622873 2.106800
0.465409 0.098566 -0.011071 -0.002230
0.098566 0.044488 -0.002241 -0.000423
-0.011071 -0.002241 0.477351 0.100571
-0.002230 -0.000423 0.100571 0.044872
31.338483 1.277959 42.735065 2.119222
0.465276 0.098683 -0.006000 -0.000953
0.098683 0.044531 -0.000954 -0.000122
-0.006000 -0.000954 0.478364 0.100825
-0.000953 -0.000122 0.100825 0.044934
32.188476 1.322818 43.860654 2.133297
0.465313 0.098799 -0.007105 -0.001128
0.098799 0.044562 -0.001129 -0.000165
-0.007105 -0.001129 0.479486 0.101069
-0.001128 -0.000165 0.101069 0.044985
33.389868 1.437146 44.466416 2.036659
0.463444 0.098482 -0.006496 -0.000939
0.098482 0.044494 -0.000940 -0.000130
-0.006496 -0.000940 0.477188 0.100569
-0.000939 -0.000130 0.100569 0.044876
33.561675 1.321103 45.750675 2.092183
0.461557 0.098177 -0.004390 -0.000467
0.098177 0.044432 -0.000460 -0.000039
-0.004390 -0.000460 0.478039 0.100783
-0.000467 -0.000039 0.100783 0.044928
34.221007 1.320500 46.432822 2.015444
0.460912 0.098142 -0.007590 -0.001165
0.098142 0.044427 -0.001167 -0.000206
-0.007590 -0.001167 0.477773 0.100732
-0.001165 -0.000206 0.100732 0.044916
34.281126 1.192574 47.428597 2.012304
0.458732 0.097768 -0.007102 -0.001024
0.097768 0.044346 -0.001021 -0.000178
-0.007102 -0.001021 0.477878 0.100766
-0.001024 -0.000178 0.100766 0.044924
34.712080 1.157229 48.372516 1.999002
0.459776 0.098096 -0.010263 -0.001671
0.098096 0.044417 -0.001675 -0.000322
-0.010263 -0.001675 0.480268 0.101273
-0.001671 -0.000322 0.101273 0.045030
35.394801 1.178690 48.748750 1.867743
0.460779 0.098367 -0.010241 -0.001591
0.098367 0.044467 -0.001596 -0.000300
-0.010241 -0.001596 0.480629 0.101306
-0.001591 -0.000300 0.101306 0.045027
