6.616804 3.608873 1.872982 -0.142838
2.483424 0.993391 -0.082338 -0.032936
0.993391 80.401432 -0.032936 -0.013175
-0.082338 -0.032936 2.541671 1.016691
-0.032936 -0.013175 1.016691 80.410752
5.387737 -1.676160 3.959327 3.595030
2.312037 4.039073 -0.092952 -0.145565
4.039073 15.483960 -0.145963 -0.461879
-0.092952 -0.145963 2.321587 4.044123
-0.145565 -0.461879 4.044123 15.639603
4.101775 -2.194917 4.941429 2.652003
2.026359 2.335405 -0.117058 -0.128733
2.335405 4.600381 -0.128759 -0.205362
-0.117058 -0.128759 2.022557 2.335188
-0.128733 -0.205362 2.335188 4.640585
7.097342 1.245513 5.285442 1.837548
1.715846 1.443408 -0.073506 -0.056007
1.443408 1.919120 -0.055992 -0.068510
-0.073506 -0.055992 1.739513 1.467993
-0.056007 -0.068510 1.467993 1.954721
8.715377 1.901098 5.106860 1.113039
1.488993 0.983646 -0.049236 -0.029809
0.983646 0.985697 -0.029811 -0.031159
-0.049236 -0.029811 1.515679 1.003175
-0.029809 -0.031159 1.003175 1.004391
8.342155 1.181271 4.935854 0.716476
1.312061 0.712955 -0.056374 -0.029773
0.712955 0.575110 -0.029770 -0.023181
-0.056374 -0.029770 1.332449 0.724621
-0.029773 -0.023181 0.724621 0.584107
8.149483 0.819253 4.766723 0.472443
1.177798 0.543911 -0.061312 -0.027721
0.543911 0.368669 -0.027719 -0.017113
-0.061312 -0.027719 1.194725 0.551904
-0.027721 -0.017113 0.551904 0.373824
10.463826 1.585021 4.779232 0.383788
1.049617 0.422044 -0.037108 -0.014202
0.422044 0.250052 -0.014196 -0.008445
-0.037108 -0.014196 1.072435 0.431238
-0.014202 -0.008445 0.431238 0.254648
11.107896 1.532599 6.420937 0.901443
0.954964 0.341216 -0.031968 -0.011010
0.341216 0.181052 -0.011009 -0.005887
-0.031968 -0.011009 0.969419 0.346160
-0.011010 -0.005887 0.346160 0.183358
12.055498 1.591040 6.650145 0.830071
0.862594 0.278344 -0.021638 -0.006734
0.278344 0.136151 -0.006731 -0.003602
-0.021638 -0.006731 0.877483 0.282924
-0.006734 -0.003602 0.282924 0.138007
12.502476 1.488010 7.687482 1.013907
0.803129 0.237557 -0.026591 -0.007779
0.237557 0.108581 -0.007779 -0.003390
-0.026591 -0.007779 0.814422 0.240633
-0.007779 -0.003390 0.240633 0.109754
12.774875 1.358616 8.217663 1.020195
0.746633 0.204856 -0.018256 -0.004879
0.204856 0.089370 -0.004877 -0.002145
-0.018256 -0.004877 0.756387 0.207281
-0.004879 -0.002145 0.207281 0.090233
13.505155 1.371954 10.219463 1.403695
0.697611 0.179581 -0.006876 -0.001672
0.179581 0.076039 -0.001668 -0.001054
-0.006876 -0.001668 0.703206 0.180782
-0.001672 -0.001054 0.180782 0.076501
14.098884 1.349394 11.797467 1.617309
0.660080 0.161115 -0.006734 -0.001680
0.161115 0.066947 -0.001676 -0.000924
-0.006734 -0.001676 0.663437 0.161748
-0.001680 -0.000924 0.161748 0.067230
14.217367 1.219432 12.821447 1.667647
0.623965 0.145759 -0.010174 -0.002467
0.145759 0.060249 -0.002466 -0.000993
-0.010174 -0.002466 0.626024 0.146110
-0.002467 -0.000993 0.146110 0.060443
14.902723 1.236456 14.232728 1.797832
0.598595 0.135036 -0.009210 -0.002121
0.135036 0.055752 -0.002119 -0.000800
-0.009210 -0.002119 0.599682 0.135201
-0.002121 -0.000800 0.135201 0.055888
15.300915 1.188171 15.618810 1.904717
0.577442 0.126733 -0.010254 -0.002243
0.126733 0.052537 -0.002242 -0.000740
-0.010254 -0.002242 0.577547 0.126718
-0.002243 -0.000740 0.126718 0.052622
16.470730 1.311899 16.520403 1.893896
0.556038 0.119502 -0.008544 -0.001749
0.119502 0.050069 -0.001748 -0.000560
-0.008544 -0.001748 0.556549 0.119615
-0.001749 -0.000560 0.119615 0.050172
16.678973 1.217249 18.056436 2.018544
0.539529 0.114248 -0.005309 -0.000983
0.114248 0.048391 -0.000982 -0.000346
-0.005309 -0.000982 0.539127 0.114183
-0.000983 -0.000346 0.114183 0.048444
17.376211 1.235760 18.820077 1.967048
0.527268 0.110546 -0.005450 -0.000999
0.110546 0.047280 -0.000999 -0.000321
-0.005450 -0.000999 0.526945 0.110523
-0.000999 -0.000321 0.110523 0.047334
17.728338 1.180354 19.684309 1.942098
0.516059 0.107520 -0.003420 -0.000553
0.107520 0.046464 -0.000553 -0.000204
-0.003420 -0.000553 0.515551 0.107472
-0.000553 -0.000204 0.107472 0.046503
18.076017 1.130057 20.882775 1.989289
0.509067 0.105721 -0.002964 -0.000471
0.105721 0.046006 -0.000471 -0.000173
-0.002964 -0.000471 0.508350 0.105641
-0.000471 -0.000173 0.105641 0.046031
18.936773 1.191438 22.062219 2.027722
0.501717 0.104053 0.000591 0.000254
0.104053 0.045630 0.000254 -0.000011
0.000591 0.000254 0.501157 0.104014
0.000254 -0.000011 0.104014 0.045658
19.463314 1.177070 22.937492 1.998942
0.495695 0.102830 -0.000810 -0.000109
0.102830 0.045384 -0.000109 -0.000089
-0.000810 -0.000109 0.495170 0.102800
-0.000109 -0.000089 0.102800 0.045406
19.725513 1.109301 24.204960 2.054631
0.489607 0.101704 -0.000312 -0.000031
0.101704 0.045177 -0.000031 -0.000065
-0.000312 -0.000031 0.489150 0.101685
-0.000031 -0.000065 0.101685 0.045195
20.533207 1.161978 25.062270 2.019217
0.485364 0.101047 -0.000388 -0.000071
0.101047 0.045077 -0.000072 -0.000067
-0.000388 -0.000072 0.485102 0.101064
-0.000071 -0.000067 0.101064 0.045098
21.757308 1.296211 25.899069 1.983120
0.481439 0.100487 -0.000286 -0.000064
0.100487 0.044995 -0.000064 -0.000058
-0.000286 -0.000064 0.481453 0.100552
-0.000064 -0.000058 0.100552 0.045020
22.134804 1.239576 26.849814 1.974581
0.479254 0.100304 -0.004887 -0.001037
0.100304 0.044987 -0.001037 -0.000255
-0.004887 -0.001037 0.479516 0.100408
-0.001037 -0.000255 0.100408 0.045015
22.832043 1.255836 27.897692 1.987310
0.476508 0.099979 -0.003491 -0.000658
0.099979 0.044937 -0.000658 -0.000153
-0.003491 -0.000658 0.477142 0.100144
-0.000658 -0.000153 0.100144 0.044973
23.504808 1.265240 28.778793 1.963646
0.474682 0.099835 -0.005739 -0.001089
0.099835 0.044918 -0.001089 -0.000233
-0.005739 -0.001089 0.475604 0.100039
-0.001089 -0.000233 0.100039 0.044958
24.215656 1.282008 30.426870 2.104089
0.472011 0.099486 -0.002326 -0.000292
0.099486 0.044847 -0.000292 -0.000051
-0.002326 -0.000292 0.473955 0.099883
-0.000292 -0.000051 0.099883 0.044925
24.645398 1.237315 31.302023 2.066661
0.472081 0.099708 0.000852 0.000372
0.099708 0.044895 0.000373 0.000086
0.000852 0.000373 0.474380 0.100143
0.000372 0.000086 0.100143 0.044974
24.639834 1.105188 31.971244 1.989551
0.475658 0.100609 0.000455 0.000220
0.100609 0.045073 0.000221 0.000038
0.000455 0.000221 0.478205 0.101060
0.000220 0.000038 0.101060 0.045152
25.387447 1.146358 32.396775 1.869287
0.476047 0.100719 -0.000053 0.000065
0.100719 0.045063 0.000066 -0.000002
-0.000053 0.000066 0.478419 0.101101
0.000065 -0.000002 0.101101 0.045125
25.725340 1.096576 33.317286 1.866276
0.477273 0.100979 -0.000431 -0.000041
0.100979 0.045087 -0.000041 -0.000027
-0.000431 -0.000041 0.480365 0.101493
-0.000041 -0.000027 0.101493 0.045177
26.632543 1.172497 34.390233 1.895825
0.478583 0.101220 -0.000193 -0.000003
0.101220 0.045106 -0.000003 -0.000018
-0.000193 -0.000003 0.482395 0.101857
-0.000003 -0.000018 0.101857 0.045220
27.545701 1.241612 35.662117 1.964182
0.477467 0.100921 -0.004804 -0.000989
0.100921 0.045011 -0.000990 -0.000226
-0.004804 -0.000990 0.482413 0.101762
-0.000989 -0.000226 0.101762 0.045167
28.691000 1.352411 36.533937 1.941056
0.478131 0.101027 -0.004164 -0.000771
0.101027 0.045014 -0.000772 -0.000161
-0.004164 -0.000772 0.483313 0.101869
-0.000771 -0.000161 0.101869 0.045166
28.970171 1.268523 37.404175 1.919803
0.476333 0.100603 -0.002629 -0.000396
0.100603 0.044907 -0.000395 -0.000073
-0.002629 -0.000395 0.482556 0.101624
-0.000396 -0.000073 0.101624 0.045096
30.005832 1.353298 38.364187 1.919969
0.474510 0.100214 -0.006666 -0.001235
0.100214 0.044818 -0.001237 -0.000251
-0.006666 -0.001237 0.481355 0.101317
-0.001235 -0.000251 0.101317 0.045021
30.743237 1.365995 39.067183 1.865917
0.472482 0.099818 -0.006336 -0.001079
0.099818 0.044736 -0.001080 -0.000204
-0.006336 -0.001080 0.479727 0.100957
-0.001079 -0.000204 0.100957 0.044945
31.378761 1.355842 39.825609 1.829147
0.475902 0.100605 -0.006764 -0.001105
0.100605 0.044910 -0.001107 -0.000204
-0.006764 -0.001107 0.483533 0.101777
-0.001105 -0.000204 0.101777 0.045125
32.188402 1.383757 40.834804 1.849156
0.476108 0.100627 -0.008276 -0.001370
0.100627 0.044904 -0.001371 -0.000256
-0.008276 -0.001371 0.484705 0.101963
-0.001370 -0.000256 0.101963 0.045154
33.256067 1.463214 41.807402 1.859599
0.476521 0.100691 -0.009557 -0.001569
0.100691 0.044909 -0.001571 -0.000293
-0.009557 -0.001571 0.485691 0.102101
-0.001569 -0.000293 0.102101 0.045174
34.120453 1.491629 43.072407 1.930166
0.473858 0.100100 -0.010850 -0.001766
0.100100 0.044776 -0.001768 -0.000330
-0.010850 -0.001768 0.484743 0.101828
-0.001766 -0.000330 0.101828 0.045108
34.105675 1.331290 44.359583 1.996857
0.470022 0.099322 -0.010350 -0.001583
0.099322 0.044616 -0.001580 -0.000287
-0.010350 -0.001580 0.483925 0.101622
-0.001583 -0.000287 0.101622 0.045066
34.625776 1.300441 45.315458 1.987721
0.469081 0.099221 -0.011654 -0.001806
0.099221 0.044611 -0.001804 -0.000336
-0.011654 -0.001804 0.484120 0.101652
-0.001806 -0.000336 0.101652 0.045078
35.595620 1.367042 45.586308 1.836375
0.469861 0.099483 -0.011598 -0.001731
0.099483 0.044678 -0.001731 -0.000320
-0.011598 -0.001731 0.483454 0.101503
-0.001731 -0.000320 0.101503 0.045052
36.130759 1.335233 46.273210 1.787566
0.467267 0.098992 -0.010586 -0.001479
0.098992 0.044577 -0.001476 -0.000272
-0.010586 -0.001476 0.481689 0.101143
-0.001479 -0.000272 0.101143 0.044983
36.689558 1.312721 47.517756 1.861086
0.466992 0.099026 -0.011484 -0.001658
0.099026 0.044592 -0.001654 -0.000318
-0.011484 -0.001654 0.483629 0.101593
-0.001658 -0.000318 0.101593 0.045090
