4.171763 2.630836 1.273344 -0.382698
2.495851 0.998362 -0.066641 -0.026657
0.998362 80.403420 -0.026657 -0.010663
-0.066641 -0.026657 2.526787 1.010737
-0.026657 -0.010663 1.010737 80.408370
4.063556 0.122425 -2.842968 -7.234091
2.263182 3.951223 -0.120512 -0.197135
3.951223 15.362240 -0.197020 -0.512037
-0.120512 -0.197020 2.339048 4.077471
-0.197135 -0.512037 4.077471 15.660588
4.729198 0.848954 -1.993156 -2.080678
2.014655 2.330941 -0.075662 -0.075094
2.330941 4.604312 -0.075058 -0.132306
-0.075662 -0.075058 2.062493 2.377361
-0.075094 -0.132306 2.377361 4.678968
5.230798 0.924717 1.340938 1.598814
1.696499 1.430135 -0.100242 -0.080190
1.430135 1.907872 -0.080307 -0.088866
-0.100242 -0.080307 1.715369 1.442541
-0.080190 -0.088866 1.442541 1.929071
5.977765 1.119432 4.569204 3.206659
1.475665 0.976742 -0.054932 -0.032456
0.976742 0.980638 -0.032522 -0.031562
-0.054932 -0.032522 1.480099 0.979188
-0.032456 -0.031562 0.979188 0.988700
5.933906 0.790178 5.607591 2.898008
1.290343 0.702238 -0.045032 -0.022769
0.702238 0.568720 -0.022803 -0.018717
-0.045032 -0.022803 1.293279 0.704618
-0.022769 -0.018717 0.704618 0.574086
8.264529 1.685417 6.614332 2.694317
1.136334 0.525724 -0.046718 -0.020870
0.525724 0.359913 -0.020876 -0.013806
-0.046718 -0.020876 1.147219 0.531822
-0.020870 -0.013806 0.531822 0.365332
9.207141 1.724879 6.272516 2.011666
1.032711 0.416588 -0.047089 -0.018478
0.416588 0.247789 -0.018475 -0.010201
-0.047089 -0.018475 1.047335 0.423321
-0.018478 -0.010201 0.423321 0.252138
9.934753 1.676754 7.639386 2.141185
0.954949 0.342225 -0.040035 -0.013820
0.342225 0.181293 -0.013822 -0.006815
-0.040035 -0.013822 0.965408 0.346517
-0.013820 -0.006815 0.346517 0.183873
10.935442 1.729025 8.333668 2.019451
0.875600 0.283054 -0.034884 -0.010798
0.283054 0.137457 -0.010800 -0.004819
-0.034884 -0.010800 0.885701 0.286714
-0.010798 -0.004819 0.286714 0.139348
12.241324 1.859616 9.376987 2.029651
0.802111 0.237274 -0.031825 -0.008969
0.237274 0.108214 -0.008971 -0.003630
-0.031825 -0.008971 0.811444 0.240300
-0.008969 -0.003630 0.240300 0.109599
13.360130 1.911132 9.848559 1.880628
0.746325 0.204713 -0.027713 -0.007143
0.204713 0.089099 -0.007144 -0.002685
-0.027713 -0.007144 0.755835 0.207485
-0.007143 -0.002685 0.207485 0.090205
13.432244 1.683905 10.910156 1.911247
0.702393 0.180707 -0.024164 -0.005744
0.180707 0.076140 -0.005747 -0.002027
-0.024164 -0.005747 0.709163 0.182516
-0.005744 -0.002027 0.182516 0.076849
14.589604 1.760639 11.638033 1.855944
0.662823 0.161589 -0.017196 -0.003709
0.161589 0.066895 -0.003711 -0.001326
-0.017196 -0.003711 0.669415 0.163217
-0.003709 -0.001326 0.163217 0.067472
15.145820 1.685237 12.856959 1.923576
0.627445 0.146348 -0.014458 -0.002939
0.146348 0.060247 -0.002941 -0.001026
-0.014458 -0.002941 0.632315 0.147458
-0.002939 -0.001026 0.147458 0.060638
15.479030 1.570771 14.192449 2.007362
0.600919 0.135313 -0.009136 -0.001659
0.135313 0.055698 -0.001661 -0.000651
-0.009136 -0.001661 0.604034 0.135967
-0.001659 -0.000651 0.135967 0.055946
17.030816 1.738703 15.282775 2.026760
0.578026 0.126616 -0.007954 -0.001422
0.126616 0.052419 -0.001423 -0.000548
-0.007954 -0.001423 0.581160 0.127255
-0.001422 -0.000548 0.127255 0.052639
17.409161 1.633409 16.400149 2.048825
0.557666 0.119643 -0.006196 -0.001061
0.119643 0.050032 -0.001063 -0.000429
-0.006196 -0.001063 0.559837 0.120053
-0.001061 -0.000429 0.120053 0.050183
17.713118 1.525140 17.730812 2.113327
0.538669 0.113869 -0.007252 -0.001313
0.113869 0.048259 -0.001315 -0.000450
-0.007252 -0.001315 0.539864 0.114068
-0.001313 -0.000450 0.114068 0.048353
18.342576 1.497531 19.421463 2.245977
0.526612 0.110268 -0.005609 -0.000954
0.110268 0.047191 -0.000955 -0.000339
-0.005609 -0.000955 0.527074 0.110325
-0.000954 -0.000339 0.110325 0.047247
19.001152 1.478617 20.194687 2.173148
0.518311 0.107890 -0.004579 -0.000745
0.107890 0.046524 -0.000746 -0.000272
-0.004579 -0.000746 0.518600 0.107929
-0.000745 -0.000272 0.107929 0.046572
19.490353 1.426690 21.166765 2.149304
0.504989 0.104759 -0.001379 -0.000098
0.104759 0.045790 -0.000099 -0.000119
-0.001379 -0.000099 0.505039 0.104764
-0.000098 -0.000119 0.104764 0.045826
19.690449 1.320280 22.334320 2.168443
0.502310 0.104164 -0.002266 -0.000345
0.104164 0.045660 -0.000346 -0.000164
-0.002266 -0.000346 0.502135 0.104135
-0.000345 -0.000164 0.104135 0.045684
19.431010 1.129491 23.132304 2.108879
0.492585 0.102167 -0.004725 -0.000882
0.102167 0.045251 -0.000883 -0.000264
-0.004725 -0.000883 0.492117 0.102090
-0.000882 -0.000264 0.102090 0.045262
20.251973 1.182707 24.063046 2.083233
0.485544 0.100908 -0.005839 -0.001081
0.100908 0.045027 -0.001082 -0.000285
-0.005839 -0.001082 0.485206 0.100871
-0.001081 -0.000285 0.100871 0.045044
20.572039 1.126094 24.936803 2.048124
0.481232 0.100308 -0.002452 -0.000323
0.100308 0.044949 -0.000323 -0.000106
-0.002452 -0.000323 0.480931 0.100284
-0.000323 -0.000106 0.100284 0.044965
21.642677 1.232254 26.034471 2.063700
0.478936 0.100142 -0.002756 -0.000407
0.100142 0.044954 -0.000407 -0.000121
-0.002756 -0.000407 0.478968 0.100190
-0.000407 -0.000121 0.100190 0.044981
21.846624 1.145938 27.398563 2.133251
0.475432 0.099691 -0.003438 -0.000558
0.099691 0.044884 -0.000558 -0.000149
-0.003438 -0.000558 0.475926 0.099830
-0.000558 -0.000149 0.099830 0.044925
22.125031 1.084017 28.517628 2.144172
0.474229 0.099720 -0.003832 -0.000632
0.099720 0.044908 -0.000632 -0.000157
-0.003832 -0.000632 0.475112 0.099925
-0.000632 -0.000157 0.099925 0.044958
22.683057 1.087259 29.262156 2.075140
0.472711 0.099633 -0.001581 -0.000140
0.099633 0.044894 -0.000140 -0.000047
-0.001581 -0.000140 0.473758 0.099852
-0.000140 -0.000047 0.099852 0.044942
23.255148 1.093189 30.065236 2.025639
0.473626 0.100024 -0.001075 -0.000063
0.100024 0.044972 -0.000063 -0.000033
-0.001075 -0.000063 0.474934 0.100278
-0.000063 -0.000033 0.100278 0.045023
23.951108 1.124722 30.901924 1.988454
0.471019 0.099594 -0.000174 0.000094
0.099594 0.044862 0.000094 -0.000003
-0.000174 0.000094 0.472744 0.099916
0.000094 -0.000003 0.099916 0.044925
24.641923 1.151919 31.895048 1.988245
0.471571 0.099842 -0.001860 -0.000305
0.099842 0.044901 -0.000305 -0.000092
-0.001860 -0.000305 0.473878 0.100263
-0.000305 -0.000092 0.100263 0.044981
25.642933 1.241977 32.857936 1.981715
0.470177 0.099625 -0.002675 -0.000476
0.099625 0.044833 -0.000476 -0.000123
-0.002675 -0.000476 0.473031 0.100132
-0.000476 -0.000123 0.100132 0.044928
26.020860 1.190321 33.361400 1.878442
0.470935 0.099862 -0.002823 -0.000487
0.099862 0.044865 -0.000487 -0.000118
-0.002823 -0.000487 0.473931 0.100364
-0.000487 -0.000118 0.100364 0.044955
26.058885 1.072146 34.319723 1.882333
0.473212 0.100377 -0.000874 -0.000054
0.100377 0.044951 -0.000053 -0.000020
-0.000874 -0.000053 0.477196 0.101060
-0.000054 -0.000020 0.101060 0.045078
26.184691 0.985052 34.841871 1.793563
0.474066 0.100528 0.001174 0.000356
0.100528 0.044952 0.000358 0.000064
0.001174 0.000358 0.478383 0.101240
0.000356 0.000064 0.101240 0.045081
27.242294 1.104876 36.286623 1.909489
0.471824 0.100001 0.000664 0.000190
0.100001 0.044811 0.000191 0.000019
0.000664 0.000191 0.477664 0.101001
0.000190 0.000019 0.101001 0.045000
27.451013 1.032031 37.382042 1.939206
0.469918 0.099596 -0.001872 -0.000381
0.099596 0.044712 -0.000382 -0.000105
-0.001872 -0.000382 0.477187 0.100841
-0.000381 -0.000105 0.100841 0.044947
28.195384 1.080502 39.030226 2.082569
0.468999 0.099433 -0.001801 -0.000342
0.099433 0.044673 -0.000342 -0.000087
-0.001801 -0.000342 0.478377 0.101052
-0.000342 -0.000087 0.101052 0.044981
29.508322 1.244355 39.822059 2.029999
0.469217 0.099519 -0.005528 -0.001109
0.099519 0.044688 -0.001113 -0.000244
-0.005528 -0.001113 0.478542 0.101031
-0.001109 -0.000244 0.101031 0.044964
30.347530 1.290539 41.283992 2.124382
0.468849 0.099464 -0.005384 -0.000988
0.099464 0.044671 -0.000990 -0.000199
-0.005384 -0.000990 0.480007 0.101292
-0.000988 -0.000199 0.101292 0.045011
31.439003 1.385025 41.918398 2.034372
0.468296 0.099369 -0.003130 -0.000445
0.099369 0.044647 -0.000444 -0.000074
-0.003130 -0.000444 0.479171 0.101050
-0.000445 -0.000074 0.101050 0.044951
32.185052 1.396462 43.090968 2.067155
0.464929 0.098679 -0.003836 -0.000587
0.098679 0.044497 -0.000587 -0.000108
-0.003836 -0.000587 0.477485 0.100660
-0.000587 -0.000108 0.100660 0.044867
32.857132 1.390738 43.797316 1.998150
0.466980 0.099198 -0.006194 -0.001065
0.099198 0.044615 -0.001068 -0.000210
-0.006194 -0.001068 0.479766 0.101148
-0.001065 -0.000210 0.101148 0.044976
33.507934 1.381488 45.138354 2.070194
0.463770 0.098538 -0.007037 -0.001185
0.098538 0.044469 -0.001187 -0.000228
-0.007037 -0.001187 0.478951 0.100939
-0.001185 -0.000228 0.100939 0.044929
33.937776 1.325777 45.876654 2.007444
0.463106 0.098476 -0.005834 -0.000870
0.098476 0.044462 -0.000869 -0.000156
-0.005834 -0.000869 0.479121 0.100965
-0.000870 -0.000156 0.100965 0.044937
34.746173 1.356424 46.495400 1.926444
0.461127 0.098124 -0.008291 -0.001366
0.098124 0.044390 -0.001370 -0.000265
-0.008291 -0.001370 0.477399 0.100589
-0.001366 -0.000265 0.100589 0.044860
35.553919 1.383564 46.989755 1.827742
0.463593 0.098743 -0.006700 -0.000964
0.098743 0.044528 -0.000965 -0.000173
-0.006700 -0.000965 0.479406 0.101041
-0.000964 -0.000173 0.101041 0.044964
36.164518 1.366236 47.871944 1.820985
0.463062 0.098647 -0.007953 -0.001213
0.098647 0.044498 -0.001215 -0.000231
-0.007953 -0.001215 0.480264 0.101204
-0.001213 -0.000231 0.101204 0.044997
