0.089691 0.997972 6.272353 1.616948
41.860148 16.744422 -56.911585 -22.765127
16.744422 86.701981 -22.765127 -9.106248
-56.911585 -22.765127 81.281966 32.513491
-22.765127 -9.106248 32.513491 93.009745
0.899954 2.576958 8.874626 3.533388
61.911274 31.635447 -86.278922 -43.170225
31.635447 37.500638 -42.034776 -41.343088
-86.278922 -42.034776 123.456711 63.244876
-43.170225 -41.343088 63.244876 67.801884
-3.642676 -0.482711 17.951695 6.744450
60.072865 23.972089 -96.564735 -48.030877
23.972089 20.982753 -37.086110 -32.069950
-96.564735 -37.086110 159.300610 80.075472
-48.030877 -32.069950 80.075472 61.034887
-1.361377 0.336747 16.655972 4.723565
1.213118 0.313812 -2.510622 -1.081559
0.313812 7.741208 2.940366 -7.655628
-2.510622 2.940366 17.087227 7.146741
-1.081559 -7.655628 7.146741 15.990564
-2.048497 -0.804350 19.089459 5.609952
1.517103 1.512727 -3.908526 -3.131304
1.512727 4.069215 -1.490246 -5.227148
-3.908526 -1.490246 27.886321 15.414746
-3.131304 -5.227148 15.414746 14.326701
-1.633892 -0.156153 19.480539 4.126844
0.971612 0.812218 -2.328979 -1.568007
0.812218 1.637698 0.490083 -1.522046
-2.328979 0.490083 37.713625 15.381567
-1.568007 -1.522046 15.381567 8.609017
0.174334 1.272125 19.330530 2.310836
0.768985 0.519667 -2.373360 -1.213924
0.519667 0.771615 0.362488 -0.667270
-2.373360 0.362488 53.535319 18.624085
-1.213924 -0.667270 18.624085 7.619425
3.193183 2.902565 22.094592 1.632759
0.823983 0.425199 -4.566554 -1.688561
0.425199 0.421532 -1.242107 -0.798720
-4.566554 -1.242107 66.490922 21.047525
-1.688561 -0.798720 21.047525 7.297732
4.271472 2.706938 23.674335 1.970771
0.620683 0.309611 -2.020144 -0.748939
0.309611 0.279679 0.204726 -0.209475
-2.020144 0.204726 63.668909 16.635078
-0.748939 -0.209475 16.635078 4.765856
5.326105 2.616509 28.263940 2.876006
0.612688 0.318758 1.377759 0.107284
0.318758 0.239322 1.334281 0.110253
1.377759 1.334281 43.693742 9.331719
0.107284 0.110253 9.331719 2.285926
6.556308 2.596109 31.093605 3.185193
0.988451 0.438406 2.138318 0.165837
0.438406 0.240341 1.011282 0.032513
2.138318 1.011282 11.527138 1.784039
0.165837 0.032513 1.784039 0.494890
7.516870 2.469832 28.722983 2.468719
1.447858 0.545062 2.204699 0.084816
0.545062 0.239822 0.829513 -0.003808
2.204699 0.829513 5.446539 0.551171
0.084816 -0.003808 0.551171 0.224860
9.608209 2.775161 29.067164 2.075509
1.861525 0.598467 2.815601 0.161411
0.598467 0.220861 0.883849 0.024266
2.815601 0.883849 5.814072 0.576828
0.161411 0.024266 0.576828 0.192443
11.478640 2.964935 28.530671 1.615682
2.452064 0.687711 3.446075 0.210609
0.687711 0.217766 0.939141 0.038959
3.446075 0.939141 5.976730 0.548254
0.210609 0.038959 0.548254 0.160988
12.886774 2.935732 29.572611 1.685581
3.136715 0.779991 4.062046 0.249885
0.779991 0.217067 0.974336 0.046450
4.062046 0.974336 6.362224 0.576489
0.249885 0.046450 0.576489 0.149401
14.516905 3.008385 29.601382 1.467424
3.849671 0.869272 4.354662 0.221978
0.869272 0.218218 0.952748 0.040337
4.354662 0.952748 5.772254 0.444123
0.221978 0.040337 0.444123 0.117133
14.798881 2.800886 27.957505 1.152531
4.292696 0.898052 4.012964 0.117475
0.898052 0.209298 0.816015 0.019728
4.012964 0.816015 4.354057 0.247144
0.117475 0.019728 0.247144 0.086761
17.049119 2.985376 28.737110 1.051644
4.802468 0.908678 4.367765 0.177063
0.908678 0.193633 0.802635 0.030935
4.367765 0.802635 4.544165 0.293769
0.177063 0.030935 0.293769 0.083559
17.616372 2.836939 28.172063 0.948871
4.680273 0.837174 3.508796 0.053143
0.837174 0.171950 0.606245 0.009321
3.508796 0.606245 3.127130 0.155231
0.053143 0.009321 0.155231 0.069068
19.044301 2.847885 28.432958 0.897595
5.249986 0.879981 3.455691 0.014790
0.879981 0.170450 0.559487 0.004018
3.455691 0.559487 2.738151 0.117939
0.014790 0.004018 0.117939 0.063497
19.441585 2.696698 28.025949 0.840271
4.538997 0.729584 2.290132 -0.095866
0.729584 0.141079 0.351560 -0.012128
2.290132 0.351560 1.559548 0.046136
-0.095866 -0.012128 0.046136 0.059660
19.121915 2.479397 26.751569 0.650671
4.376377 0.674460 1.634855 -0.168873
0.674460 0.128622 0.241428 -0.020661
1.634855 0.241428 0.894326 0.004141
-0.168873 -0.020661 0.004141 0.055850
20.318818 2.473020 27.067617 0.653368
4.775889 0.692297 1.660126 -0.144542
0.692297 0.126192 0.230961 -0.015088
1.660126 0.230961 0.888021 0.027773
-0.144542 -0.015088 0.027773 0.055387
21.230672 2.453231 26.324501 0.414014
4.805641 0.664712 1.344183 -0.168942
0.664712 0.118930 0.180003 -0.016390
1.344183 0.180003 0.606853 0.011883
-0.168942 -0.016390 0.011883 0.050703
20.219527 2.173024 25.186045 0.270333
3.607561 0.481750 0.563099 -0.202536
0.481750 0.092546 0.071924 -0.019430
0.563099 0.071924 0.262900 0.015699
-0.202536 -0.019430 0.015699 0.052041
21.644097 2.217682 25.142385 0.188474
3.559437 0.457477 0.536278 -0.151484
0.457477 0.088232 0.067888 -0.011530
0.536278 0.067888 0.277943 0.035071
-0.151484 -0.011530 0.035071 0.049447
21.892776 2.109546 24.828158 0.130376
3.071539 0.381906 0.243266 -0.158927
0.381906 0.078120 0.030987 -0.011772
0.243266 0.030987 0.231836 0.051498
-0.158927 -0.011772 0.051498 0.051695
23.196444 2.137350 24.713474 0.060380
3.291959 0.399584 0.121799 -0.169909
0.399584 0.080291 0.017894 -0.012529
0.121799 0.017894 0.248703 0.067522
-0.169909 -0.012529 0.067522 0.053668
26.035657 2.351705 24.965917 0.036162
3.254488 0.385717 -0.008168 -0.167958
0.385717 0.078616 0.005477 -0.011541
-0.008168 0.005477 0.323704 0.096309
-0.167958 -0.011541 0.096309 0.058459
24.742584 2.063831 25.032073 0.149334
0.497631 0.054344 -0.161974 -0.065889
0.054344 0.039876 -0.008521 0.001132
-0.161974 -0.008521 0.432142 0.128778
-0.065889 0.001132 0.128778 0.059672
26.088814 2.118060 25.319546 0.200402
0.542541 0.072221 -0.209388 -0.067752
0.072221 0.044320 -0.009788 0.000704
-0.209388 -0.009788 0.568546 0.157996
-0.067752 0.000704 0.157996 0.064217
27.443536 2.176240 25.598105 0.244026
0.571420 0.085406 -0.268242 -0.072217
0.085406 0.047409 -0.013322 -0.000221
-0.268242 -0.013322 0.733070 0.188947
-0.072217 -0.000221 0.188947 0.068634
28.978185 2.269224 25.918334 0.293199
0.602711 0.096931 -0.332262 -0.077652
0.096931 0.049685 -0.017864 -0.001333
-0.332262 -0.017864 0.929817 0.222092
-0.077652 -0.001333 0.222092 0.073033
30.734584 2.403304 26.281271 0.348412
0.634244 0.106413 -0.402247 -0.084065
0.106413 0.051153 -0.023280 -0.002576
-0.402247 -0.023280 1.162376 0.257781
-0.084065 -0.002576 0.257781 0.077506
32.102192 2.440303 26.513902 0.363240
0.620142 0.104145 -0.488768 -0.094155
0.104145 0.049814 -0.031764 -0.004531
-0.488768 -0.031764 1.428280 0.294836
-0.094155 -0.004531 0.294836 0.081751
33.592339 2.501731 26.779007 0.384858
0.620602 0.104339 -0.577313 -0.103446
0.104339 0.049019 -0.039714 -0.006143
-0.577313 -0.039714 1.733888 0.334502
-0.103446 -0.006143 0.334502 0.086131
34.704467 2.466876 26.874817 0.363768
0.605967 0.100013 -0.679118 -0.114699
0.100013 0.047125 -0.049729 -0.008086
-0.679118 -0.049729 2.075921 0.375501
-0.114699 -0.008086 0.375501 0.090335
36.329082 2.553596 27.035670 0.369282
0.627240 0.103641 -0.780075 -0.123866
0.103641 0.047176 -0.057960 -0.009332
-0.780075 -0.057960 2.465181 0.419879
-0.123866 -0.009332 0.419879 0.094851
37.142089 2.450132 27.269462 0.365877
0.605034 0.096795 -0.877542 -0.132725
0.096795 0.044888 -0.063957 -0.010355
-0.877542 -0.063957 2.901333 0.467124
-0.132725 -0.010355 0.467124 0.099504
38.461642 2.472832 27.466782 0.370698
0.625835 0.099371 -0.993187 -0.142594
0.099371 0.044779 -0.073102 -0.011553
-0.993187 -0.073102 3.382276 0.515894
-0.142594 -0.011553 0.515894 0.104021
40.133936 2.577656 27.689514 0.388395
0.659987 0.104277 -1.116054 -0.152337
0.104277 0.045191 -0.082276 -0.012587
-1.116054 -0.082276 3.913220 0.567084
-0.152337 -0.012587 0.567084 0.108596
41.463503 2.587872 27.895411 0.391234
0.677064 0.104287 -1.243615 -0.162419
0.104287 0.044422 -0.090822 -0.013579
-1.243615 -0.090822 4.495512 0.620633
-0.162419 -0.013579 0.620633 0.113199
43.100378 2.668070 28.054427 0.395743
0.706898 0.106854 -1.382069 -0.172794
0.106854 0.044321 -0.100204 -0.014526
-1.382069 -0.100204 5.131924 0.676443
-0.172794 -0.014526 0.676443 0.117814
44.125034 2.585183 28.045941 0.359536
0.715490 0.103912 -1.525735 -0.183602
0.103912 0.042964 -0.108976 -0.015465
-1.525735 -0.108976 5.823047 0.734474
-0.183602 -0.015465 0.734474 0.122431
44.626432 2.405373 28.455391 0.366694
0.710521 0.098642 -1.657706 -0.192384
0.098642 0.041400 -0.113225 -0.015807
-1.657706 -0.113225 6.568270 0.794854
-0.192384 -0.015807 0.794854 0.127135
45.864598 2.416739 28.702813 0.375596
0.751518 0.103148 -1.834277 -0.204670
0.103148 0.041911 -0.127138 -0.017042
-1.834277 -0.127138 7.367405 0.855669
-0.204670 -0.017042 0.855669 0.131517
47.258926 2.478041 29.263401 0.425145
0.798023 0.108177 -2.020909 -0.217073
0.108177 0.042502 -0.140788 -0.018141
-2.020909 -0.140788 8.230353 0.919120
-0.217073 -0.018141 0.919120 0.135984
48.212420 2.409867 29.511407 0.421043
0.848939 0.112250 -2.246066 -0.232867
0.112250 0.042466 -0.162626 -0.020129
-2.246066 -0.162626 9.122484 0.980142
-0.232867 -0.020129 0.980142 0.139851
49.047545 2.305480 29.387770 0.373356
0.907170 0.116877 -2.495551 -0.249984
0.116877 0.042487 -0.187364 -0.022270
-2.495551 -0.187364 10.060332 1.041368
-0.249984 -0.022270 1.041368 0.143546
50.480660 2.377693 29.657912 0.390629
0.970982 0.122981 -2.736007 -0.264761
0.122981 0.043240 -0.203982 -0.023345
-2.736007 -0.203982 11.102067 1.110054
-0.264761 -0.023345 1.110054 0.147972
