0.075214 0.992181 5.052418 1.128964
41.674735 16.670255 -56.644282 -22.658204
16.670255 86.672313 -22.658204 -9.063478
-56.644282 -22.658204 81.100614 32.440948
-22.658204 -9.063478 32.440948 92.980727
-0.737410 -1.586667 4.430085 -0.833551
69.086024 40.466239 -88.335207 -40.575480
40.466239 45.282475 -49.469204 -42.719691
-88.335207 -49.469204 116.533410 55.304812
-40.575480 -42.719691 55.304812 61.942398
0.247678 0.784674 7.067616 2.369586
103.912324 51.647447 -133.169949 -60.675490
51.647447 36.958999 -65.577957 -43.532538
-133.169949 -65.577957 172.857618 79.502764
-60.675490 -43.532538 79.502764 57.108188
8.172709 4.051003 -0.757358 -1.069963
66.350572 26.697651 -95.022394 -41.487243
26.697651 17.796906 -37.925957 -25.508151
-95.022394 -37.925957 138.414025 61.079808
-41.487243 -25.508151 61.079808 39.846708
6.815330 2.844177 3.780217 0.896434
6.926798 3.363815 -4.814708 -1.363959
3.363815 6.329926 -2.176970 -6.690447
-4.814708 -2.176970 4.352532 1.428724
-1.363959 -6.690447 1.428724 8.977961
8.059435 2.989594 3.785813 0.311116
11.574700 6.582134 -8.553843 -5.174169
6.582134 6.271935 -5.345077 -6.464042
-8.553843 -5.345077 7.440692 5.119947
-5.174169 -6.464042 5.119947 7.867620
8.498445 1.936173 6.112612 2.117820
18.827861 8.884726 -13.737269 -7.025119
8.884726 5.444732 -6.862072 -5.037203
-13.737269 -6.862072 10.980766 6.091520
-7.025119 -5.037203 6.091520 5.384939
8.452075 1.303503 8.620022 3.031462
26.963215 11.131518 -21.445324 -9.784417
11.131518 5.309973 -9.172728 -5.009807
-21.445324 -9.172728 18.014397 8.596348
-9.784417 -5.009807 8.596348 5.153933
9.034383 1.230239 10.381504 3.185206
23.662098 8.878361 -21.639575 -9.001889
8.878361 3.782381 -8.382616 -3.976818
-21.639575 -8.382616 20.805749 8.942159
-9.001889 -3.976818 8.942159 4.449061
7.358164 0.579736 13.661679 3.677342
21.361021 7.212188 -21.782923 -8.036739
7.212188 2.741565 -7.562782 -3.105722
-21.782923 -7.562782 23.310319 8.820855
-8.036739 -3.105722 8.820855 3.721774
8.986145 0.975820 14.085740 3.226487
5.410296 1.737883 -6.740434 -2.302017
1.737883 0.781012 -2.334218 -1.013121
-6.740434 -2.334218 9.662744 3.461747
-2.302017 -1.013121 3.461747 1.498010
7.844309 0.549560 17.207013 3.634999
5.470875 1.639456 -7.575060 -2.337683
1.639456 0.657590 -2.384625 -0.889260
-7.575060 -2.384625 11.869460 3.767861
-2.337683 -0.889260 3.767861 1.381740
10.431176 1.170298 15.913767 2.788389
1.847006 0.520272 -3.039179 -0.853471
0.520272 0.275651 -0.928104 -0.374163
-3.039179 -0.928104 6.636736 1.927318
-0.853471 -0.374163 1.927318 0.700427
10.866175 1.133572 17.246190 2.769669
2.243688 0.610238 -3.950395 -1.023819
0.610238 0.268137 -1.095600 -0.369643
-3.950395 -1.095600 8.634624 2.251779
-1.023819 -0.369643 2.251779 0.698449
11.670830 1.196041 18.389530 2.711019
2.270419 0.575469 -4.356204 -1.028610
0.575469 0.228691 -1.085885 -0.322709
-4.356204 -1.085885 10.159869 2.385354
-1.028610 -0.322709 2.385354 0.651260
12.487113 1.247763 19.323345 2.619836
1.938934 0.451805 -4.039528 -0.868461
0.451805 0.174318 -0.887309 -0.243136
-4.039528 -0.887309 10.480797 2.220609
-0.868461 -0.243136 2.220609 0.547747
13.579542 1.361954 19.959679 2.479725
1.462717 0.312450 -3.327024 -0.654380
0.312450 0.125892 -0.623535 -0.164763
-3.327024 -0.623535 9.990429 1.917859
-0.654380 -0.164763 1.917859 0.435478
14.837528 1.509835 20.588839 2.351911
1.102253 0.217165 -2.748915 -0.498344
0.217165 0.094639 -0.425212 -0.111459
-2.748915 -0.425212 9.674119 1.695605
-0.498344 -0.111459 1.695605 0.357320
16.273749 1.640180 20.021502 2.056008
0.751692 0.143161 -1.938287 -0.328674
0.143161 0.074103 -0.215051 -0.065280
-1.938287 -0.215051 8.524336 1.368715
-0.328674 -0.065280 1.368715 0.274763
17.102603 1.623568 20.599908 1.993365
0.835563 0.160072 -2.172473 -0.349260
0.160072 0.072555 -0.249243 -0.064239
-2.172473 -0.249243 9.544161 1.446415
-0.349260 -0.064239 1.446415 0.270635
18.171587 1.647306 20.322870 1.812671
0.782438 0.145834 -2.080470 -0.315285
0.145834 0.065754 -0.196184 -0.050234
-2.080470 -0.196184 10.201357 1.448344
-0.315285 -0.050234 1.448344 0.254372
18.969820 1.711004 23.075193 2.043539
0.882618 0.169635 -2.152411 -0.312789
0.169635 0.065209 -0.288742 -0.058093
-2.152411 -0.288742 8.498976 1.166956
-0.312789 -0.058093 1.166956 0.206995
20.272024 1.771476 22.415743 1.822689
0.352594 0.094855 -0.079976 -0.024673
0.094855 0.053652 0.042083 -0.010263
-0.079976 0.042083 1.701177 0.207564
-0.024673 -0.010263 0.207564 0.070735
21.163549 1.765264 23.063963 1.789536
0.431841 0.117513 0.012936 -0.017643
0.117513 0.057560 0.049749 -0.008421
0.012936 0.049749 1.563684 0.194911
-0.017643 -0.008421 0.194911 0.069033
22.024751 1.742348 23.159701 1.686189
0.554551 0.145569 0.051266 -0.018239
0.145569 0.061806 0.034482 -0.009776
0.051266 0.034482 0.973881 0.124832
-0.018239 -0.009776 0.124832 0.060052
22.775278 1.713968 24.105693 1.706099
0.681902 0.168474 -0.002256 -0.030067
0.168474 0.064290 0.013043 -0.011728
-0.002256 0.013043 0.976149 0.139048
-0.030067 -0.011728 0.139048 0.062927
23.679518 1.726848 25.162538 1.735097
0.831000 0.192766 -0.095054 -0.046843
0.192766 0.066976 -0.013891 -0.014562
-0.095054 -0.013891 0.900870 0.140057
-0.046843 -0.014562 0.140057 0.063555
24.788523 1.784704 26.618638 1.821235
0.996573 0.217267 -0.204000 -0.064670
0.217267 0.069612 -0.038608 -0.017018
-0.204000 -0.038608 0.909979 0.151967
-0.064670 -0.017018 0.151967 0.065520
25.081891 1.646562 25.240636 1.454593
1.118436 0.228483 -0.486851 -0.108232
0.228483 0.069157 -0.097838 -0.024863
-0.486851 -0.097838 0.473594 0.090695
-0.108232 -0.024863 0.090695 0.055501
25.403373 1.548054 26.106441 1.481977
1.114343 0.214568 -0.564478 -0.114892
0.214568 0.064269 -0.104046 -0.023729
-0.564478 -0.104046 0.570818 0.118173
-0.114892 -0.023729 0.118173 0.060201
26.549336 1.620941 26.826310 1.486446
1.312899 0.241239 -0.691322 -0.130294
0.241239 0.067877 -0.118476 -0.024507
-0.691322 -0.118476 0.692702 0.146448
-0.130294 -0.024507 0.146448 0.064382
27.649090 1.679808 27.664088 1.521015
1.452214 0.253375 -0.823071 -0.147465
0.253375 0.068420 -0.131054 -0.025479
-0.823071 -0.131054 0.853011 0.179186
-0.147465 -0.025479 0.179186 0.069018
28.235215 1.631282 28.404485 1.504378
1.534586 0.252887 -0.980910 -0.171888
0.252887 0.066560 -0.146272 -0.027744
-0.980910 -0.146272 1.044996 0.213180
-0.171888 -0.027744 0.213180 0.073045
28.958286 1.615846 29.198681 1.509826
1.672308 0.262041 -1.167821 -0.197600
0.262041 0.066681 -0.164386 -0.030072
-1.167821 -0.164386 1.267904 0.247711
-0.197600 -0.030072 0.247711 0.076653
29.713457 1.603327 29.890579 1.492105
1.848758 0.276635 -1.382187 -0.224338
0.276635 0.067747 -0.185324 -0.032555
-1.382187 -0.185324 1.509490 0.279822
-0.224338 -0.032555 0.279822 0.079255
30.837647 1.665953 30.716896 1.528803
2.073374 0.297935 -1.619621 -0.250147
0.297935 0.069958 -0.207172 -0.034613
-1.619621 -0.207172 1.786720 0.314107
-0.250147 -0.034613 0.314107 0.082210
32.025315 1.734291 31.566292 1.568077
2.302143 0.317206 -1.881298 -0.277861
0.317206 0.071616 -0.229996 -0.036809
-1.881298 -0.229996 2.100115 0.350295
-0.277861 -0.036809 0.350295 0.085253
32.384669 1.622060 31.953272 1.454728
2.495955 0.326912 -2.182224 -0.312538
0.326912 0.071264 -0.257030 -0.040231
-2.182224 -0.257030 2.437508 0.384666
-0.312538 -0.040231 0.384666 0.087298
33.547881 1.697583 32.893982 1.519539
2.768825 0.349799 -2.495136 -0.340715
0.349799 0.073491 -0.281714 -0.042009
-2.495136 -0.281714 2.821603 0.423822
-0.340715 -0.042009 0.423822 0.090639
34.701285 1.765598 33.874240 1.581705
3.055355 0.371926 -2.836323 -0.370602
0.371926 0.075333 -0.307948 -0.044016
-2.836323 -0.307948 3.240058 0.463592
-0.370602 -0.044016 0.463592 0.093754
35.853935 1.813960 34.669118 1.599227
3.370616 0.395457 -3.215611 -0.402846
0.395457 0.077098 -0.337657 -0.046437
-3.215611 -0.337657 3.687896 0.502377
-0.402846 -0.046437 0.502377 0.096340
36.628730 1.802761 35.654724 1.625246
3.677639 0.414566 -3.619426 -0.436906
0.414566 0.078034 -0.366666 -0.048805
-3.619426 -0.366666 4.186323 0.545168
-0.436906 -0.048805 0.545168 0.099436
37.495316 1.779486 36.219009 1.578462
4.052428 0.442241 -4.061926 -0.470236
0.442241 0.080078 -0.401442 -0.051470
-4.061926 -0.401442 4.679748 0.580495
-0.470236 -0.051470 0.580495 0.101059
38.305443 1.758838 36.918608 1.557529
4.440273 0.468762 -4.530133 -0.504287
0.468762 0.081877 -0.435023 -0.053813
-4.530133 -0.435023 5.225050 0.620320
-0.504287 -0.053813 0.620320 0.103418
39.503967 1.824912 37.815706 1.599334
4.877382 0.500062 -5.032852 -0.538098
0.500062 0.084350 -0.469631 -0.055869
-5.032852 -0.469631 5.815515 0.662305
-0.538098 -0.055869 0.662305 0.106066
40.072895 1.756039 38.521345 1.559899
5.312905 0.526533 -5.570364 -0.575257
0.526533 0.085698 -0.505505 -0.058372
-5.570364 -0.505505 6.447277 0.705540
-0.575257 -0.058372 0.705540 0.108569
40.887123 1.780641 39.757352 1.631153
5.811635 0.560392 -6.141791 -0.610673
0.560392 0.088195 -0.543015 -0.060476
-6.141791 -0.543015 7.112631 0.748663
-0.610673 -0.060476 0.748663 0.111069
41.727575 1.798775 40.907863 1.682321
6.368618 0.601656 -6.726675 -0.641615
0.601656 0.091521 -0.584865 -0.062668
-6.726675 -0.584865 7.730263 0.779928
-0.641615 -0.062668 0.779928 0.111846
42.681580 1.732320 40.822828 1.537025
6.960518 0.646677 -7.307746 -0.667661
0.646677 0.094988 -0.630477 -0.065115
-7.307746 -0.630477 8.260935 0.795855
-0.667661 -0.065115 0.795855 0.110585
43.287003 1.695804 41.712207 1.536689
7.539470 0.678770 -7.975422 -0.707530
0.678770 0.096560 -0.668339 -0.067222
-7.975422 -0.668339 9.026788 0.842926
-0.707530 -0.067222 0.842926 0.113517
