-1.977447 0.171098 4.679352 0.979734
41.965927 16.786735 -56.725846 -22.690830
16.786735 86.718906 -22.690830 -9.076529
-56.725846 -22.690830 81.273104 32.509946
-22.690830 -9.076529 32.509946 93.008327
2.543651 5.166678 3.345944 2.024903
62.403542 32.035973 -86.742988 -43.319679
32.035973 38.149689 -42.689445 -41.359974
-86.742988 -42.689445 123.517244 63.009713
-43.319679 -41.359974 63.009713 67.737702
8.281590 6.102224 -1.540539 -1.109848
52.954748 32.512832 -53.972223 -20.023364
32.512832 31.276001 -32.242471 -25.520784
-53.972223 -32.242471 57.408241 22.143993
-20.023364 -25.520784 22.143993 29.468275
7.468673 4.085881 1.893958 0.639852
25.529830 12.631734 -13.490583 0.822061
12.631734 12.659952 -6.732847 -7.899785
-13.490583 -6.732847 8.208572 0.604698
0.822061 -7.899785 0.604698 12.737178
11.633223 4.710190 1.861160 1.353002
31.335910 16.913694 -18.272373 -8.714867
16.913694 12.176054 -10.535830 -8.874165
-18.272373 -10.535830 11.798049 6.766259
-8.714867 -8.874165 6.766259 9.188584
16.352277 5.686414 1.331542 0.955024
39.918722 15.980992 -19.274916 -5.470295
15.980992 7.804575 -8.189935 -4.028550
-19.274916 -8.189935 10.333040 3.815922
-5.470295 -4.028550 3.815922 3.748884
17.468509 5.071509 2.675713 1.231031
22.354119 5.972192 -5.874726 1.329738
5.972192 2.353125 -1.870407 -0.564570
-5.874726 -1.870407 2.352982 0.392854
1.329738 -0.564570 0.392854 1.542002
21.588072 5.708002 2.224483 0.718353
26.846834 6.219732 -4.600765 1.947692
6.219732 1.921091 -1.339713 -0.116348
-4.600765 -1.339713 1.596355 0.303738
1.947692 -0.116348 0.303738 1.054357
22.887296 5.334603 2.922240 0.723272
20.399544 3.583770 0.035755 2.934712
3.583770 0.939509 -0.197264 0.174418
0.035755 -0.197264 0.692990 0.469234
2.934712 0.174418 0.469234 0.965419
23.599680 4.583053 4.752560 1.409095
21.751694 3.318803 2.507563 3.421860
3.318803 0.716780 0.236529 0.311621
2.507563 0.236529 0.834977 0.714584
3.421860 0.311621 0.714584 0.866383
24.014013 4.104678 5.941634 1.570849
24.520558 3.479937 4.652910 3.666818
3.479937 0.649529 0.529504 0.373949
4.652910 0.529504 1.401847 0.968908
3.666818 0.373949 0.968908 0.781017
24.456683 3.804658 6.693140 1.518378
27.535373 3.741273 6.604561 3.726826
3.741273 0.628090 0.777413 0.401097
6.604561 0.777413 2.103710 1.137910
3.726826 0.401097 1.137910 0.678520
28.486972 3.864073 9.098110 2.218841
29.928457 3.960243 8.054701 3.541398
3.960243 0.616481 0.970699 0.397502
8.054701 0.970699 2.627256 1.145216
3.541398 0.397502 1.145216 0.541965
25.951064 3.245746 9.149788 1.844452
11.685177 1.207653 4.946238 1.802167
1.207653 0.201834 0.422599 0.132635
4.946238 0.422599 2.565317 0.940900
1.802167 0.132635 0.940900 0.377871
28.324606 3.272473 10.708715 2.049991
12.345497 1.301719 5.508429 1.678643
1.301719 0.203754 0.498116 0.135927
5.508429 0.498116 2.933817 0.912212
1.678643 0.135927 0.912212 0.311053
28.058832 3.007915 11.248924 1.943838
10.591789 0.973541 5.833726 1.571586
0.973541 0.148403 0.458398 0.112560
5.833726 0.458398 3.701073 1.018253
1.571586 0.112560 1.018253 0.304369
26.099097 2.435827 11.909634 1.958303
10.329708 0.862546 6.602158 1.587123
0.862546 0.123558 0.491542 0.111504
6.602158 0.491542 4.621594 1.129863
1.587123 0.111504 1.129863 0.298574
27.556763 2.383614 13.547716 2.126741
9.536046 0.854504 6.047904 1.269725
0.854504 0.124881 0.483707 0.097055
6.047904 0.483707 4.236184 0.913147
1.269725 0.097055 0.913147 0.218716
28.186623 2.105584 15.869214 2.469554
9.492817 0.797130 6.609225 1.271674
0.797130 0.111385 0.507460 0.095923
6.609225 0.507460 4.941168 0.971467
1.271674 0.095923 0.971467 0.212442
22.754426 1.459211 13.160385 1.830496
3.711081 0.225782 3.288315 0.615993
0.225782 0.056318 0.155055 0.029570
3.288315 0.155055 3.235867 0.623984
0.615993 0.029570 0.623984 0.141537
26.747437 1.602330 17.580208 2.459376
0.928876 0.122176 0.438544 0.049059
0.122176 0.055403 0.027556 0.004067
0.438544 0.027556 0.413823 0.071230
0.049059 0.004067 0.071230 0.034421
25.955518 1.308945 18.588719 2.500758
0.711341 0.086779 0.422566 0.058818
0.086779 0.048684 0.019689 0.005508
0.422566 0.019689 0.484320 0.090631
0.058818 0.005508 0.090631 0.039189
24.719304 0.958933 19.433858 2.517841
0.490582 0.053783 0.389406 0.063232
0.053783 0.042849 0.009799 0.006017
0.389406 0.009799 0.561547 0.110285
0.063232 0.006017 0.110285 0.043806
24.610673 0.849896 20.456541 2.498051
0.458984 0.058011 0.392912 0.063983
0.058011 0.044143 0.007602 0.005909
0.392912 0.007602 0.660143 0.130137
0.063983 0.005909 0.130137 0.048172
24.342369 0.723197 21.303871 2.446530
0.376890 0.054384 0.336265 0.054313
0.054384 0.044150 -0.004510 0.004029
0.336265 -0.004510 0.731265 0.144687
0.054313 0.004029 0.144687 0.051460
24.238115 0.652495 22.046721 2.366223
0.313208 0.057195 0.236298 0.035630
0.057195 0.045821 -0.021717 0.000902
0.236298 -0.021717 0.760477 0.150191
0.035630 0.000902 0.150191 0.052864
24.550818 0.647369 23.244820 2.369700
0.332733 0.073268 0.186074 0.026199
0.073268 0.049441 -0.030005 -0.000584
0.186074 -0.030005 0.851133 0.165084
0.026199 -0.000584 0.165084 0.055623
24.935703 0.657092 24.517984 2.385306
0.364600 0.092217 0.085470 0.008171
0.092217 0.053489 -0.042531 -0.002779
0.085470 -0.042531 0.844328 0.160548
0.008171 -0.002779 0.160548 0.054560
25.440472 0.678094 26.132018 2.461667
0.435375 0.115562 -0.009201 -0.007097
0.115562 0.057850 -0.053637 -0.004532
-0.009201 -0.053637 0.844609 0.157536
-0.007097 -0.004532 0.157536 0.053853
25.631275 0.661734 26.886738 2.375212
0.524657 0.140573 -0.159026 -0.030834
0.140573 0.062173 -0.070105 -0.007109
-0.159026 -0.070105 0.661507 0.121364
-0.030834 -0.007109 0.121364 0.047173
25.991988 0.670836 28.009517 2.363381
0.666179 0.170498 -0.257556 -0.043094
0.170498 0.066768 -0.080433 -0.008384
-0.257556 -0.080433 0.628268 0.114880
-0.043094 -0.008384 0.114880 0.046292
26.396164 0.683863 29.464583 2.416899
0.842036 0.202715 -0.351751 -0.053294
0.202715 0.071267 -0.090536 -0.009557
-0.351751 -0.090536 0.648552 0.118351
-0.053294 -0.009557 0.118351 0.047183
26.771662 0.691181 30.449989 2.373751
1.053791 0.237491 -0.451468 -0.063306
0.237491 0.075784 -0.101235 -0.010775
-0.451468 -0.101235 0.626713 0.112532
-0.063306 -0.010775 0.112532 0.046012
27.250302 0.724418 31.997556 2.451643
1.303552 0.274875 -0.554568 -0.072622
0.274875 0.080342 -0.111587 -0.011845
-0.554568 -0.111587 0.667064 0.119029
-0.072622 -0.011845 0.119029 0.047259
27.606342 0.725149 33.320673 2.471812
1.589087 0.313779 -0.673309 -0.083861
0.313779 0.084678 -0.124560 -0.013414
-0.673309 -0.124560 0.692907 0.120962
-0.083861 -0.013414 0.120962 0.047258
27.464644 0.597075 33.485053 2.222168
1.902002 0.351925 -0.818993 -0.099629
0.351925 0.088293 -0.142911 -0.016125
-0.818993 -0.142911 0.672371 0.111390
-0.099629 -0.016125 0.111390 0.044517
27.728281 0.592462 34.653720 2.233456
2.268139 0.395511 -0.951514 -0.109682
0.395511 0.092818 -0.154873 -0.017079
-0.951514 -0.154873 0.721354 0.118038
-0.109682 -0.017079 0.118038 0.045657
28.153319 0.624314 35.990192 2.290189
2.679942 0.441918 -1.086206 -0.118154
0.441918 0.097488 -0.166067 -0.017749
-1.086206 -0.166067 0.774591 0.124620
-0.118154 -0.017749 0.124620 0.046645
28.468413 0.629649 37.251647 2.317348
3.136758 0.489927 -1.239456 -0.129084
0.489927 0.101954 -0.179558 -0.018921
-1.239456 -0.179558 0.827910 0.129500
-0.129084 -0.018921 0.129500 0.046970
28.835336 0.633512 38.299858 2.294273
3.643270 0.540443 -1.402608 -0.139979
0.540443 0.106465 -0.193853 -0.020136
-1.402608 -0.193853 0.872329 0.131358
-0.139979 -0.020136 0.131358 0.046564
29.367962 0.670762 39.521693 2.322903
4.199658 0.592918 -1.580555 -0.152023
0.592918 0.110947 -0.208563 -0.021325
-1.580555 -0.208563 0.930611 0.135683
-0.152023 -0.021325 0.135683 0.046739
29.971060 0.710917 40.678683 2.335727
4.801201 0.645974 -1.782827 -0.167583
0.645974 0.115134 -0.225210 -0.022912
-1.782827 -0.225210 0.998589 0.140808
-0.167583 -0.022912 0.140808 0.046934
29.898076 0.626254 41.322930 2.191618
5.421586 0.694965 -2.028886 -0.192105
0.694965 0.118291 -0.246410 -0.025690
-2.028886 -0.246410 1.073422 0.145058
-0.192105 -0.025690 0.145058 0.046492
30.438918 0.660471 42.476397 2.217045
6.126070 0.751940 -2.267561 -0.209062
0.751940 0.122596 -0.264215 -0.027029
-2.267561 -0.264215 1.159094 0.152168
-0.209062 -0.027029 0.152168 0.047210
30.809171 0.660623 43.467733 2.191744
6.867940 0.807773 -2.537948 -0.231063
0.807773 0.126401 -0.284350 -0.028932
-2.537948 -0.284350 1.255992 0.159809
-0.231063 -0.028932 0.159809 0.047735
30.798226 0.611187 44.446834 2.146275
7.649370 0.863163 -2.836359 -0.256464
0.863163 0.129907 -0.305968 -0.031087
-2.836359 -0.305968 1.365417 0.168472
-0.256464 -0.031087 0.168472 0.048304
31.147368 0.631107 45.837099 2.222833
8.518377 0.925804 -3.129078 -0.274335
0.925804 0.134285 -0.325349 -0.032177
-3.129078 -0.325349 1.472482 0.176379
-0.274335 -0.032177 0.176379 0.049085
31.608608 0.647075 46.910607 2.221849
9.449307 0.990950 -3.431266 -0.290651
0.990950 0.138726 -0.345024 -0.033189
-3.431266 -0.345024 1.568405 0.180752
-0.290651 -0.033189 0.180752 0.049076
31.992409 0.648990 47.909301 2.199001
10.432907 1.056159 -3.766004 -0.311543
1.056159 0.142864 -0.366475 -0.034611
-3.766004 -0.366475 1.678782 0.186752
-0.311543 -0.034611 0.186752 0.049240
31.980693 0.610690 49.013755 2.181866
11.468095 1.121342 -4.134106 -0.336703
1.121342 0.146740 -0.389456 -0.036337
-4.134106 -0.389456 1.806842 0.194918
-0.336703 -0.036337 0.194918 0.049700
