6.155957 3.424531 2.363104 0.053215
2.405145 0.962079 -0.029571 -0.011829
0.962079 80.388907 -0.011829 -0.004732
-0.029571 -0.011829 2.427133 0.970874
-0.011829 -0.004732 0.970874 80.392425
4.629652 -2.255909 2.422385 0.102123
2.244112 3.936093 -0.050063 -0.081937
3.936093 15.106073 -0.082001 -0.219372
-0.050063 -0.082001 2.256343 3.953227
-0.081937 -0.219372 3.953227 15.192380
6.881204 1.651653 5.610608 3.731137
1.981714 2.286839 -0.048205 -0.050848
2.286839 4.490260 -0.050867 -0.079083
-0.048205 -0.050867 1.988275 2.294709
-0.050848 -0.079083 2.294709 4.514687
6.926278 0.985552 2.006474 -0.872254
1.700062 1.429430 -0.030590 -0.022713
1.429430 1.885582 -0.022702 -0.027639
-0.030590 -0.022702 1.718112 1.445500
-0.022713 -0.027639 1.445500 1.905020
9.379763 2.278141 1.960312 -0.613512
1.438510 0.948052 -0.035612 -0.022214
0.948052 0.951140 -0.022203 -0.019449
-0.035612 -0.022203 1.461416 0.963189
-0.022214 -0.019449 0.963189 0.963517
8.789759 1.341206 3.857725 0.580884
1.300467 0.705981 -0.013920 -0.006528
0.705981 0.565891 -0.006523 -0.006233
-0.013920 -0.006523 1.310965 0.711185
-0.006528 -0.006233 0.711185 0.569794
8.656928 0.971080 4.935783 0.943524
1.153863 0.531820 -0.013081 -0.005761
0.531820 0.359632 -0.005760 -0.004551
-0.013081 -0.005760 1.160802 0.534733
-0.005761 -0.004551 0.534733 0.361694
9.129717 0.965964 5.148871 0.839724
1.042168 0.418324 -0.014007 -0.005632
0.418324 0.246396 -0.005632 -0.003583
-0.014007 -0.005632 1.049458 0.421123
-0.005632 -0.003583 0.421123 0.248033
9.546234 0.942177 6.957652 1.334762
0.947612 0.337822 -0.005651 -0.002079
0.337822 0.178331 -0.002078 -0.001664
-0.005651 -0.002078 0.951460 0.339116
-0.002079 -0.001664 0.339116 0.179158
9.289493 0.707954 7.397055 1.261542
0.866611 0.278944 -0.008330 -0.002870
0.278944 0.135277 -0.002869 -0.001618
-0.008330 -0.002869 0.869556 0.279882
-0.002870 -0.001618 0.279882 0.135858
10.218315 0.877406 8.148186 1.296905
0.800094 0.235887 -0.004916 -0.001624
0.235887 0.107273 -0.001624 -0.000988
-0.004916 -0.001624 0.803294 0.236859
-0.001624 -0.000988 0.236859 0.107773
11.399205 1.080260 9.295747 1.433243
0.746357 0.204118 -0.005143 -0.001590
0.204118 0.088573 -0.001590 -0.000822
-0.005143 -0.001590 0.749357 0.204971
-0.001590 -0.000822 0.204971 0.088970
11.753922 1.032412 11.233130 1.746544
0.702321 0.180197 -0.005451 -0.001558
0.180197 0.075752 -0.001558 -0.000693
-0.005451 -0.001558 0.703355 0.180489
-0.001558 -0.000693 0.180489 0.075951
12.464282 1.079594 12.294416 1.792244
0.662125 0.161019 0.000463 -0.000003
0.161019 0.066573 -0.000003 -0.000220
0.000463 -0.000003 0.662909 0.161251
-0.000003 -0.000220 0.161251 0.066730
13.039886 1.087852 13.500414 1.864382
0.627650 0.146084 -0.001123 -0.000417
0.146084 0.060059 -0.000416 -0.000279
-0.001123 -0.000416 0.627990 0.146212
-0.000417 -0.000279 0.146212 0.060169
13.549909 1.080141 14.804477 1.948001
0.599583 0.134755 0.000476 -0.000040
0.134755 0.055483 -0.000040 -0.000152
0.000476 -0.000040 0.599467 0.134783
-0.000040 -0.000152 0.134783 0.055554
14.846390 1.245580 15.818677 1.956593
0.577358 0.126285 0.001776 0.000232
0.126285 0.052289 0.000232 -0.000066
0.001776 0.000232 0.577565 0.126391
0.000232 -0.000066 0.126391 0.052366
15.750227 1.305839 16.697470 1.935170
0.558270 0.119635 0.003134 0.000494
0.119635 0.049993 0.000494 0.000008
0.003134 0.000494 0.558525 0.119747
0.000494 0.000008 0.119747 0.050059
16.907315 1.412270 17.758696 1.954757
0.542828 0.114629 0.004731 0.000789
0.114629 0.048393 0.000788 0.000082
0.004731 0.000788 0.543152 0.114748
0.000789 0.000082 0.114748 0.048451
16.822555 1.246690 19.181791 2.048371
0.527705 0.110332 0.003513 0.000475
0.110332 0.047174 0.000476 0.000022
0.003513 0.000476 0.527523 0.110334
0.000475 0.000022 0.110334 0.047200
16.885389 1.130602 19.394264 1.879868
0.516224 0.107308 0.005173 0.000803
0.107308 0.046383 0.000803 0.000103
0.005173 0.000803 0.515906 0.107283
0.000803 0.000103 0.107283 0.046397
17.091379 1.055975 20.560662 1.927055
0.508056 0.105321 0.003834 0.000483
0.105321 0.045904 0.000483 0.000042
0.003834 0.000483 0.507544 0.105257
0.000483 0.000042 0.105257 0.045907
18.081025 1.151554 21.611921 1.944947
0.502075 0.104004 0.002523 0.000208
0.104004 0.045618 0.000208 -0.000003
0.002523 0.000208 0.501704 0.103973
0.000208 -0.000003 0.103973 0.045625
18.714093 1.163347 22.723636 1.973785
0.494223 0.102431 0.002034 0.000134
0.102431 0.045306 0.000134 -0.000003
0.002034 0.000134 0.493882 0.102404
0.000134 -0.000003 0.102404 0.045310
18.911252 1.083538 23.639972 1.959329
0.487465 0.101222 0.002388 0.000241
0.101222 0.045091 0.000241 0.000032
0.002388 0.000241 0.487085 0.101184
0.000241 0.000032 0.101184 0.045091
20.111826 1.220728 24.611314 1.957274
0.483460 0.100671 0.002700 0.000327
0.100671 0.045021 0.000327 0.000059
0.002700 0.000327 0.483287 0.100675
0.000327 0.000059 0.100675 0.045028
20.442996 1.162027 26.426209 2.132117
0.480881 0.100432 -0.000179 -0.000262
0.100432 0.045009 -0.000262 -0.000059
-0.000179 -0.000262 0.480946 0.100479
-0.000262 -0.000059 0.100479 0.045023
21.236395 1.206620 27.150173 2.060385
0.480340 0.100596 -0.000109 -0.000182
0.100596 0.045069 -0.000182 -0.000028
-0.000109 -0.000182 0.480462 0.100646
-0.000182 -0.000028 0.100646 0.045080
21.948835 1.229597 27.855613 1.992190
0.480617 0.100873 -0.001408 -0.000404
0.100873 0.045135 -0.000404 -0.000067
-0.001408 -0.000404 0.480803 0.100928
-0.000404 -0.000067 0.100928 0.045145
22.734962 1.265575 29.261127 2.078242
0.480490 0.101001 -0.001183 -0.000291
0.101001 0.045155 -0.000291 -0.000034
-0.001183 -0.000291 0.481054 0.101126
-0.000291 -0.000034 0.101126 0.045179
23.192602 1.228714 29.632881 1.937815
0.476709 0.100315 0.000603 0.000130
0.100315 0.044997 0.000130 0.000058
0.000603 0.000130 0.477232 0.100418
0.000130 0.000058 0.100418 0.045014
23.834088 1.234431 30.377747 1.890607
0.474754 0.100052 -0.000609 -0.000127
0.100052 0.044937 -0.000127 -0.000002
-0.000609 -0.000127 0.475451 0.100182
-0.000127 -0.000002 0.100182 0.044958
24.505657 1.245928 31.891762 2.010601
0.475611 0.100377 -0.002936 -0.000598
0.100377 0.044999 -0.000598 -0.000102
-0.002936 -0.000598 0.476903 0.100621
-0.000598 -0.000102 0.100621 0.045044
25.386791 1.300343 32.225603 1.868886
0.472041 0.099706 -0.003693 -0.000697
0.099706 0.044841 -0.000697 -0.000117
-0.003693 -0.000697 0.473234 0.099910
-0.000697 -0.000117 0.099910 0.044875
25.856910 1.262167 32.845181 1.802281
0.474003 0.100246 -0.003529 -0.000601
0.100246 0.044949 -0.000601 -0.000091
-0.003529 -0.000601 0.475340 0.100466
-0.000601 -0.000091 0.100466 0.044986
26.283582 1.219118 34.260289 1.910871
0.474609 0.100422 -0.002547 -0.000351
0.100422 0.044967 -0.000350 -0.000038
-0.002547 -0.000350 0.476706 0.100791
-0.000351 -0.000038 0.100791 0.045035
26.973191 1.236029 35.145204 1.895995
0.474900 0.100499 -0.001886 -0.000201
0.100499 0.044961 -0.000200 -0.000012
-0.001886 -0.000200 0.477303 0.100908
-0.000201 -0.000012 0.100908 0.045035
28.258539 1.377252 36.104965 1.898749
0.476162 0.100763 -0.000885 0.000004
0.100763 0.044995 0.000004 0.000023
-0.000885 0.000004 0.478745 0.101186
0.000004 0.000023 0.101186 0.045070
29.471299 1.488156 37.138805 1.916769
0.477070 0.100919 -0.002007 -0.000262
0.100919 0.045004 -0.000262 -0.000044
-0.002007 -0.000262 0.479920 0.101376
-0.000262 -0.000044 0.101376 0.045086
29.406423 1.317228 38.424294 1.985545
0.475758 0.100589 -0.001770 -0.000214
0.100589 0.044913 -0.000213 -0.000037
-0.001770 -0.000213 0.479765 0.101271
-0.000214 -0.000037 0.101271 0.045042
30.490588 1.407198 39.456156 1.993928
0.475961 0.100613 -0.002941 -0.000468
0.100613 0.044906 -0.000468 -0.000094
-0.002941 -0.000468 0.480255 0.101316
-0.000468 -0.000094 0.101316 0.045036
31.301784 1.429926 40.419108 1.986794
0.474190 0.100218 -0.001131 -0.000071
0.100218 0.044813 -0.000069 -0.000009
-0.001131 -0.000069 0.478903 0.100976
-0.000071 -0.000009 0.100976 0.044953
31.914191 1.408223 41.332202 1.969834
0.475168 0.100441 -0.000307 0.000080
0.100441 0.044860 0.000082 0.000017
-0.000307 0.000082 0.480296 0.101252
0.000080 0.000017 0.101252 0.045010
32.571332 1.398462 43.038703 2.121881
0.474506 0.100293 -0.003150 -0.000554
0.100293 0.044823 -0.000555 -0.000124
-0.003150 -0.000555 0.481071 0.101374
-0.000554 -0.000124 0.101374 0.045029
32.931979 1.326669 43.325960 1.958821
0.471819 0.099730 -0.004569 -0.000826
0.099730 0.044703 -0.000827 -0.000176
-0.004569 -0.000827 0.478232 0.100729
-0.000826 -0.000176 0.100729 0.044888
33.776558 1.365158 44.696725 2.041342
0.471219 0.099660 -0.005415 -0.000953
0.099660 0.044696 -0.000954 -0.000194
-0.005415 -0.000954 0.478617 0.100831
-0.000953 -0.000194 0.100831 0.044918
34.734515 1.423451 45.751475 2.048666
0.468824 0.099208 -0.007128 -0.001259
0.099208 0.044607 -0.001261 -0.000250
-0.007128 -0.001261 0.476781 0.100454
-0.001259 -0.000250 0.100454 0.044843
34.815656 1.289866 46.748843 2.042549
0.466369 0.098777 -0.008850 -0.001546
0.098777 0.044527 -0.001548 -0.000301
-0.008850 -0.001548 0.475486 0.100225
-0.001546 -0.000301 0.100225 0.044804
35.266409 1.248317 47.355081 1.954831
0.465291 0.098667 -0.008044 -0.001283
0.098667 0.044517 -0.001284 -0.000234
-0.008044 -0.001284 0.474634 0.100109
-0.001283 -0.000234 0.100109 0.044791
35.990200 1.269235 48.099151 1.905679
0.465645 0.098854 -0.006983 -0.001004
0.098854 0.044566 -0.001003 -0.000174
-0.006983 -0.001003 0.475211 0.100297
-0.001004 -0.000174 0.100297 0.044840
