6.190898 3.438507 -0.867609 -1.239098
2.451409 0.980585 -0.252329 -0.100934
0.980585 80.396309 -0.100934 -0.040374
-0.252329 -0.100934 2.618180 1.047295
-0.100934 -0.040374 1.047295 80.422994
4.944245 -1.690137 1.406263 3.719683
2.186048 3.822291 -0.185343 -0.274410
3.822291 15.009695 -0.274823 -1.116339
-0.185343 -0.274823 2.289446 3.970498
-0.274410 -1.116339 3.970498 15.689484
5.605796 0.053371 1.100291 1.209859
2.094761 2.430944 -0.216726 -0.246135
2.430944 4.688507 -0.246159 -0.458191
-0.216726 -0.246159 2.214580 2.569752
-0.246135 -0.458191 2.569752 4.963944
5.304629 -0.222317 1.143841 0.738499
1.701008 1.425826 -0.179865 -0.148151
1.425826 1.884895 -0.148155 -0.189176
-0.179865 -0.148155 1.798737 1.508347
-0.148151 -0.189176 1.508347 1.996522
6.523042 0.654825 2.786093 1.579016
1.508298 0.993246 -0.103789 -0.066475
0.993246 0.983682 -0.066518 -0.074802
-0.103789 -0.066518 1.575745 1.038187
-0.066475 -0.074802 1.038187 1.033323
7.091393 0.784217 5.130312 2.420997
1.357942 0.734528 -0.114394 -0.062709
0.734528 0.582032 -0.062695 -0.052059
-0.114394 -0.062695 1.388653 0.752231
-0.062709 -0.052059 0.752231 0.602884
8.445482 1.225308 6.540260 2.512250
1.163321 0.533645 -0.110123 -0.051328
0.533645 0.360818 -0.051305 -0.034563
-0.110123 -0.051305 1.193036 0.549111
-0.051328 -0.034563 0.549111 0.375082
8.615924 1.048419 7.626088 2.443888
1.046247 0.418654 -0.092798 -0.037445
0.418654 0.247113 -0.037440 -0.022004
-0.092798 -0.037440 1.065904 0.428316
-0.037445 -0.022004 0.428316 0.255679
9.812315 1.287634 8.781361 2.420087
0.946683 0.336903 -0.071111 -0.025370
0.336903 0.178603 -0.025390 -0.013773
-0.071111 -0.025390 0.965751 0.345394
-0.025370 -0.013773 0.345394 0.184855
10.224062 1.212970 10.038387 2.435270
0.859736 0.276594 -0.054918 -0.017720
0.276594 0.135068 -0.017749 -0.009082
-0.054918 -0.017749 0.871242 0.281739
-0.017720 -0.009082 0.281739 0.138978
10.924797 1.240852 10.783712 2.295151
0.793249 0.234060 -0.051030 -0.015162
0.234060 0.107222 -0.015181 -0.006969
-0.051030 -0.015181 0.803715 0.238433
-0.015162 -0.006969 0.238433 0.110145
11.532710 1.237460 11.158792 2.082366
0.735344 0.201470 -0.042520 -0.011664
0.201470 0.088262 -0.011685 -0.005052
-0.042520 -0.011685 0.746089 0.205508
-0.011664 -0.005052 0.205508 0.090562
11.747890 1.133602 11.980014 2.025420
0.687359 0.176875 -0.030870 -0.007875
0.176875 0.075256 -0.007901 -0.003432
-0.030870 -0.007901 0.694237 0.179526
-0.007875 -0.003432 0.179526 0.076811
12.747044 1.239185 12.935986 2.011563
0.648992 0.158492 -0.027508 -0.006654
0.158492 0.066272 -0.006675 -0.002718
-0.027508 -0.006675 0.655676 0.160863
-0.006654 -0.002718 0.160863 0.067503
13.303610 1.224394 13.619177 1.935771
0.615329 0.143953 -0.015458 -0.003502
0.143953 0.059826 -0.003527 -0.001670
-0.015458 -0.003527 0.620862 0.145841
-0.003502 -0.001670 0.145841 0.060753
14.115908 1.269625 14.478135 1.911077
0.589701 0.133306 -0.015715 -0.003518
0.133306 0.055375 -0.003537 -0.001486
-0.015715 -0.003537 0.594614 0.134889
-0.003518 -0.001486 0.134889 0.056094
13.969720 1.097769 15.670911 1.963363
0.566951 0.124764 -0.011574 -0.002502
0.124764 0.052127 -0.002519 -0.001101
-0.011574 -0.002519 0.567301 0.125202
-0.002502 -0.001101 0.125202 0.052491
14.411727 1.074710 16.406213 1.910069
0.545897 0.117729 -0.016456 -0.003518
0.117729 0.049720 -0.003528 -0.001202
-0.016456 -0.003528 0.545217 0.117915
-0.003518 -0.001202 0.117915 0.049968
15.401395 1.170916 17.461108 1.931500
0.535224 0.113807 -0.008489 -0.001648
0.113807 0.048334 -0.001660 -0.000685
-0.008489 -0.001660 0.534911 0.114059
-0.001648 -0.000685 0.114059 0.048553
16.474124 1.273330 17.884744 1.817246
0.518611 0.109145 -0.010732 -0.002119
0.109145 0.047004 -0.002127 -0.000720
-0.010732 -0.002127 0.519452 0.109606
-0.002119 -0.000720 0.109606 0.047227
17.548671 1.364914 18.683082 1.794294
0.509731 0.106655 -0.010740 -0.002049
0.106655 0.046304 -0.002055 -0.000640
-0.010740 -0.002055 0.511027 0.107157
-0.002049 -0.000640 0.107157 0.046499
18.557788 1.433319 20.105735 1.904255
0.503140 0.104939 -0.006440 -0.001076
0.104939 0.045857 -0.001082 -0.000384
-0.006440 -0.001082 0.503935 0.105276
-0.001076 -0.000384 0.105276 0.045989
19.448756 1.469743 21.296952 1.954203
0.493879 0.102860 -0.004832 -0.000753
0.102860 0.045388 -0.000759 -0.000290
-0.004832 -0.000759 0.494377 0.103091
-0.000753 -0.000290 0.103091 0.045478
20.088170 1.449858 22.291004 1.957694
0.488171 0.101729 -0.003245 -0.000450
0.101729 0.045163 -0.000455 -0.000208
-0.003245 -0.000455 0.488384 0.101869
-0.000450 -0.000208 0.101869 0.045219
20.776868 1.442480 23.764940 2.061086
0.484675 0.101156 -0.003145 -0.000472
0.101156 0.045070 -0.000476 -0.000200
-0.003145 -0.000476 0.484949 0.101287
-0.000472 -0.000200 0.101287 0.045114
21.034563 1.345499 24.628619 2.026024
0.482988 0.100993 -0.003551 -0.000585
0.100993 0.045062 -0.000588 -0.000210
-0.003551 -0.000588 0.483102 0.101070
-0.000585 -0.000210 0.101070 0.045088
21.701151 1.344290 25.906603 2.081548
0.479477 0.100437 -0.001789 -0.000224
0.100437 0.044964 -0.000226 -0.000120
-0.001789 -0.000226 0.480214 0.100631
-0.000224 -0.000120 0.100631 0.045010
22.509600 1.373008 27.397323 2.176039
0.478061 0.100344 -0.000096 0.000097
0.100344 0.044964 0.000095 -0.000046
-0.000096 0.000095 0.480025 0.100771
0.000097 -0.000046 0.100771 0.045053
22.379166 1.201249 28.662931 2.213264
0.479183 0.100760 0.001327 0.000341
0.100760 0.045061 0.000340 0.000007
0.001327 0.000340 0.482426 0.101414
0.000341 0.000007 0.101414 0.045190
22.698299 1.141997 29.453699 2.146834
0.477760 0.100572 0.003293 0.000687
0.100572 0.045015 0.000687 0.000080
0.003293 0.000687 0.481329 0.101234
0.000687 0.000080 0.101234 0.045137
23.150067 1.116855 30.612645 2.164855
0.474102 0.099906 0.003620 0.000670
0.099906 0.044869 0.000669 0.000072
0.003620 0.000669 0.479354 0.100872
0.000670 0.000072 0.100872 0.045048
24.194929 1.219508 31.701390 2.166019
0.473049 0.099831 -0.001525 -0.000483
0.099831 0.044855 -0.000487 -0.000171
-0.001525 -0.000487 0.479685 0.101016
-0.000483 -0.000171 0.101016 0.045073
24.116311 1.074025 32.910189 2.192680
0.470495 0.099415 0.004460 0.000830
0.099415 0.044764 0.000830 0.000130
0.004460 0.000830 0.479973 0.101118
0.000830 0.000130 0.101118 0.045083
24.601517 1.062976 34.228549 2.239485
0.463848 0.098148 0.004889 0.000850
0.098148 0.044495 0.000849 0.000130
0.004889 0.000849 0.476683 0.100446
0.000850 0.000130 0.100446 0.044928
24.731977 0.978145 34.914294 2.148174
0.467287 0.099110 0.005390 0.000890
0.099110 0.044715 0.000890 0.000137
0.005390 0.000890 0.480492 0.101324
0.000890 0.000137 0.101324 0.045112
25.314305 0.998345 35.367628 2.017236
0.465098 0.098750 0.001833 0.000087
0.098750 0.044627 0.000081 -0.000032
0.001833 0.000081 0.478240 0.100830
0.000087 -0.000032 0.100830 0.044989
26.219946 1.084627 36.582895 2.060580
0.468664 0.099622 -0.000018 -0.000274
0.099622 0.044804 -0.000283 -0.000093
-0.000018 -0.000283 0.484456 0.102163
-0.000274 -0.000093 0.102163 0.045263
26.903602 1.114753 37.429943 2.021918
0.465056 0.098861 -0.002849 -0.000803
0.098861 0.044614 -0.000817 -0.000185
-0.002849 -0.000817 0.483067 0.101761
-0.000803 -0.000185 0.101761 0.045148
27.857773 1.199206 38.207614 1.972726
0.470041 0.099989 -0.009026 -0.001995
0.099989 0.044843 -0.002019 -0.000414
-0.009026 -0.002019 0.488486 0.102840
-0.001995 -0.000414 0.102840 0.045360
28.793345 1.270676 39.369738 2.009752
0.463654 0.098572 -0.011898 -0.002390
0.098572 0.044509 -0.002415 -0.000460
-0.011898 -0.002415 0.486405 0.102243
-0.002390 -0.000460 0.102243 0.045204
29.808902 1.351553 40.337613 2.002251
0.463288 0.098571 -0.010900 -0.001960
0.098571 0.044508 -0.001976 -0.000336
-0.010900 -0.001976 0.488051 0.102506
-0.001960 -0.000336 0.102506 0.045250
31.181741 1.499997 41.364285 2.008330
0.466040 0.099215 -0.013096 -0.002269
0.099215 0.044641 -0.002287 -0.000389
-0.013096 -0.002287 0.491903 0.103216
-0.002269 -0.000389 0.103216 0.045388
32.481235 1.616746 42.190819 1.971847
0.462731 0.098496 -0.013846 -0.002277
0.098496 0.044470 -0.002293 -0.000383
-0.013846 -0.002293 0.489661 0.102597
-0.002277 -0.000383 0.102597 0.045241
32.781683 1.507523 42.538998 1.837458
0.466901 0.099429 -0.017298 -0.002864
0.099429 0.044665 -0.002890 -0.000504
-0.017298 -0.002890 0.493379 0.103301
-0.002864 -0.000504 0.103301 0.045389
33.342201 1.466305 43.420761 1.829346
0.465170 0.099008 -0.019599 -0.003190
0.099008 0.044554 -0.003213 -0.000566
-0.019599 -0.003213 0.495122 0.103540
-0.003190 -0.000566 0.103540 0.045429
34.496573 1.555054 43.922931 1.744116
0.464949 0.098952 -0.020425 -0.003201
0.098952 0.044533 -0.003225 -0.000564
-0.020425 -0.003225 0.493891 0.103157
-0.003201 -0.000564 0.103157 0.045342
34.444494 1.379094 45.063489 1.798051
0.462995 0.098524 -0.023529 -0.003721
0.098524 0.044434 -0.003733 -0.000673
-0.023529 -0.003733 0.499281 0.104207
-0.003721 -0.000673 0.104207 0.045565
34.712559 1.288146 45.558546 1.712581
0.455996 0.097069 -0.023659 -0.003611
0.097069 0.044127 -0.003614 -0.000650
-0.023659 -0.003614 0.495031 0.103170
-0.003611 -0.000650 0.103170 0.045338
35.079659 1.229718 46.630914 1.756758
0.457531 0.097560 -0.024702 -0.003705
0.097560 0.044257 -0.003698 -0.000672
-0.024702 -0.003698 0.501010 0.104383
-0.003705 -0.000672 0.104383 0.045605
35.469427 1.181052 47.336128 1.719938
0.453148 0.096715 -0.026665 -0.004026
0.096715 0.044082 -0.004020 -0.000750
-0.026665 -0.004020 0.499879 0.104008
-0.004026 -0.000750 0.104008 0.045518
