1.427293 1.533024 1.958783 -0.108517
0.981327 0.392539 0.822800 0.329127
0.392539 80.161086 0.329127 0.131654
0.822800 0.329127 2.880771 1.152333
0.329127 0.131654 1.152333 80.465010
4.604225 5.933316 4.068299 3.423132
2.592170 5.047773 -1.795286 -3.281890
5.047773 13.362863 -3.580477 -3.983010
-1.795286 -3.580477 2.346593 4.167723
-3.281890 -3.983010 4.167723 16.829680
6.667513 4.533120 3.378135 -0.028052
1.766149 1.882921 -1.025898 -0.881675
1.882921 2.736898 -0.737969 -0.248566
-1.025898 -0.737969 2.977790 3.688135
-0.881675 -0.248566 3.688135 6.182314
6.967840 2.964165 3.001273 -0.622963
1.427461 1.107885 -0.145658 0.080511
1.107885 1.130065 0.049087 0.225309
-0.145658 0.049087 2.143561 1.820309
0.080511 0.225309 1.820309 2.083047
6.740483 1.923187 2.055914 -1.154533
1.477220 0.876563 -0.037351 0.085604
0.876563 0.656449 0.046379 0.092516
-0.037351 0.046379 1.744431 1.111517
0.085604 0.092516 1.111517 0.961235
7.485847 1.846148 2.684031 -0.544186
1.348915 0.645170 -0.010358 0.051060
0.645170 0.391556 0.022284 0.032922
-0.010358 0.022284 1.242893 0.638226
0.051060 0.032922 0.638226 0.472051
8.456338 1.877305 3.384179 -0.117724
1.188025 0.477508 -0.034951 0.014470
0.477508 0.249356 -0.000351 0.006686
-0.034951 -0.000351 1.103233 0.481697
0.014470 0.006686 0.481697 0.303465
10.534774 2.288667 5.140639 0.594654
1.011610 0.352707 -0.083638 -0.015682
0.352707 0.166603 -0.021942 -0.006885
-0.083638 -0.021942 0.993943 0.378649
-0.015682 -0.006885 0.378649 0.210042
10.506284 1.926695 6.065398 0.794946
0.803291 0.249620 -0.085982 -0.019954
0.249620 0.113212 -0.022033 -0.007930
-0.085982 -0.022033 0.957826 0.325638
-0.019954 -0.007930 0.325638 0.160714
10.838899 1.749073 6.968814 0.945292
0.661956 0.187901 -0.138943 -0.036917
0.187901 0.084137 -0.036013 -0.012087
-0.138943 -0.036013 0.933568 0.286585
-0.036917 -0.012087 0.286585 0.128397
11.847303 1.790865 8.853988 1.345095
0.663939 0.176136 -0.148189 -0.036187
0.176136 0.074498 -0.035719 -0.010766
-0.148189 -0.035719 0.858767 0.241117
-0.036187 -0.010766 0.241117 0.102150
12.673277 1.775676 9.962933 1.458865
0.617221 0.153998 -0.173927 -0.040269
0.153998 0.064289 -0.039521 -0.010874
-0.173927 -0.039521 0.803183 0.208994
-0.040269 -0.010874 0.208994 0.085030
12.424730 1.506943 11.243760 1.583722
0.566020 0.134507 -0.177379 -0.038212
0.134507 0.056659 -0.037727 -0.009606
-0.177379 -0.037727 0.713152 0.174080
-0.038212 -0.009606 0.174080 0.070707
13.361586 1.546300 11.672549 1.500340
0.547679 0.125664 -0.167250 -0.033058
0.125664 0.052825 -0.032793 -0.007757
-0.167250 -0.032793 0.681113 0.158466
-0.033058 -0.007757 0.158466 0.063525
13.906614 1.504599 13.359435 1.709814
0.552712 0.123712 -0.129564 -0.022222
0.123712 0.051272 -0.022579 -0.004945
-0.129564 -0.022579 0.636340 0.142631
-0.022222 -0.004945 0.142631 0.057638
14.339580 1.439211 14.678034 1.807689
0.538760 0.117743 -0.110993 -0.017380
0.117743 0.049095 -0.018014 -0.003826
-0.110993 -0.018014 0.587315 0.127808
-0.017380 -0.003826 0.127808 0.052853
15.172396 1.457150 14.993578 1.682281
0.528040 0.113277 -0.101073 -0.014959
0.113277 0.047588 -0.015470 -0.003257
-0.101073 -0.015470 0.574020 0.122485
-0.014959 -0.003257 0.122485 0.050792
15.947244 1.477077 16.734801 1.873903
0.513012 0.108829 -0.068127 -0.007971
0.108829 0.046382 -0.008613 -0.001829
-0.068127 -0.008613 0.532413 0.112140
-0.007971 -0.001829 0.112140 0.048050
15.996439 1.335220 18.055962 1.946846
0.520153 0.109460 -0.053716 -0.005319
0.109460 0.046382 -0.006073 -0.001376
-0.053716 -0.006073 0.516038 0.108012
-0.005319 -0.001376 0.108012 0.046902
16.965341 1.396780 18.855903 1.913551
0.507026 0.105890 -0.038511 -0.002922
0.105890 0.045542 -0.003516 -0.000980
-0.038511 -0.003516 0.502940 0.105004
-0.002922 -0.000980 0.105004 0.046127
17.506343 1.363322 19.727917 1.894466
0.503817 0.104687 -0.044607 -0.005001
0.104687 0.045272 -0.005520 -0.001514
-0.044607 -0.005520 0.493731 0.102902
-0.005001 -0.001514 0.102902 0.045587
17.985640 1.322870 20.910350 1.942135
0.502625 0.104253 -0.031867 -0.002814
0.104253 0.045238 -0.003290 -0.001075
-0.031867 -0.003290 0.486839 0.101638
-0.002814 -0.001075 0.101638 0.045313
19.058969 1.406018 21.484357 1.861611
0.495819 0.102745 -0.018891 -0.000735
0.102745 0.044989 -0.001113 -0.000671
-0.018891 -0.001113 0.485114 0.101530
-0.000735 -0.000671 0.101530 0.045298
19.806431 1.417005 22.806999 1.944040
0.484821 0.100495 -0.015900 -0.000856
0.100495 0.044598 -0.001157 -0.000743
-0.015900 -0.001157 0.475019 0.099570
-0.000856 -0.000743 0.099570 0.044874
20.539849 1.422203 23.784174 1.945223
0.497709 0.103419 -0.018509 -0.001919
0.103419 0.045308 -0.002156 -0.000957
-0.018509 -0.002156 0.490089 0.103027
-0.001919 -0.000957 0.103027 0.045616
20.828309 1.333888 24.587193 1.908217
0.478045 0.099331 -0.009814 -0.000525
0.099331 0.044495 -0.000725 -0.000646
-0.009814 -0.000725 0.471894 0.099156
-0.000525 -0.000646 0.099156 0.044752
21.102274 1.253512 26.342809 2.076226
0.436603 0.091086 0.004915 0.002064
0.091086 0.042880 0.001911 -0.000097
0.004915 0.001911 0.443435 0.093475
0.002064 -0.000097 0.093475 0.043581
21.591933 1.224985 27.943008 2.195540
0.430890 0.090990 0.012328 0.003063
0.090990 0.043069 0.002941 0.000109
0.012328 0.002941 0.451371 0.095938
0.003063 0.000109 0.095938 0.044209
21.803119 1.139167 29.356761 2.263123
0.429959 0.091770 0.008804 0.001749
0.091770 0.043373 0.001645 -0.000173
0.008804 0.001645 0.463663 0.098988
0.001749 -0.000173 0.098988 0.044875
22.680535 1.205785 30.188432 2.198727
0.436513 0.093944 0.008581 0.001366
0.093944 0.043904 0.001277 -0.000210
0.008581 0.001277 0.472314 0.100893
0.001366 -0.000210 0.100893 0.045221
23.342428 1.219107 30.943010 2.125090
0.436855 0.094451 0.004971 0.000383
0.094451 0.043999 0.000294 -0.000363
0.004971 0.000294 0.476867 0.101711
0.000383 -0.000363 0.101711 0.045308
24.028956 1.237181 31.206696 1.954960
0.431560 0.093591 0.005224 0.000389
0.093591 0.043769 0.000323 -0.000277
0.005224 0.000323 0.469269 0.099854
0.000389 -0.000277 0.099854 0.044825
24.370358 1.176174 32.582384 2.040136
0.418206 0.090996 -0.000982 -0.000928
0.090996 0.043173 -0.001059 -0.000498
-0.000982 -0.001059 0.483876 0.102923
-0.000928 -0.000498 0.102923 0.045447
25.259463 1.242357 33.361558 1.988646
0.425399 0.093056 -0.005828 -0.001833
0.093056 0.043630 -0.001974 -0.000610
-0.005828 -0.001974 0.493373 0.104600
-0.001833 -0.000610 0.104600 0.045721
26.437619 1.364349 34.447801 2.007547
0.421059 0.092301 -0.017540 -0.004079
0.092301 0.043411 -0.004301 -0.001015
-0.017540 -0.004301 0.505457 0.106693
-0.004079 -0.001015 0.106693 0.046076
26.496883 1.227508 35.695432 2.058695
0.414506 0.091063 -0.028676 -0.005997
0.091063 0.043096 -0.006282 -0.001326
-0.028676 -0.006282 0.524816 0.110146
-0.005997 -0.001326 0.110146 0.046703
26.995940 1.202242 36.736770 2.061046
0.411584 0.090692 -0.023929 -0.004458
0.090692 0.042992 -0.004613 -0.000870
-0.023929 -0.004613 0.533664 0.111141
-0.004458 -0.000870 0.111141 0.046788
27.590148 1.199951 37.379647 1.980871
0.415363 0.091774 -0.020560 -0.003411
0.091774 0.043206 -0.003497 -0.000593
-0.020560 -0.003497 0.532382 0.110049
-0.003411 -0.000593 0.110049 0.046469
28.631968 1.298488 38.699118 2.049613
0.402325 0.088930 -0.034940 -0.006206
0.088930 0.042514 -0.006417 -0.001195
-0.034940 -0.006417 0.553788 0.113803
-0.006206 -0.001195 0.113803 0.047200
29.094257 1.256102 39.460199 1.995145
0.414357 0.091924 -0.035094 -0.005780
0.091924 0.043183 -0.005995 -0.001052
-0.035094 -0.005995 0.552541 0.112691
-0.005780 -0.001052 0.112691 0.046903
29.770714 1.265557 40.125394 1.927841
0.401050 0.088934 -0.033839 -0.005267
0.088934 0.042451 -0.005372 -0.000922
-0.033839 -0.005372 0.550073 0.111571
-0.005267 -0.000922 0.111571 0.046663
30.320566 1.247712 41.232265 1.956396
0.379003 0.084276 -0.030288 -0.004433
0.084276 0.041415 -0.004306 -0.000734
-0.030288 -0.004306 0.559244 0.113028
-0.004433 -0.000734 0.113028 0.046990
31.682710 1.411633 41.823755 1.881922
0.353264 0.079227 -0.012651 -0.000894
0.079227 0.040374 -0.000319 0.000017
-0.012651 -0.000319 0.548220 0.110425
-0.000894 0.000017 0.110425 0.046497
32.574056 1.452635 42.472278 1.823815
0.366790 0.083357 -0.008244 -0.000184
0.083357 0.041441 0.000287 0.000067
-0.008244 0.000287 0.536380 0.107914
-0.000184 0.000067 0.107914 0.046064
33.262165 1.444158 43.461130 1.839194
0.402076 0.091851 -0.016008 -0.001920
0.091851 0.043353 -0.001873 -0.000419
-0.016008 -0.001873 0.535257 0.107796
-0.001920 -0.000419 0.107796 0.046142
33.957572 1.438556 44.530589 1.869355
0.426075 0.096799 -0.016872 -0.002135
0.096799 0.044266 -0.002217 -0.000499
-0.016872 -0.002217 0.527035 0.106298
-0.002135 -0.000499 0.106298 0.045932
34.435397 1.384580 45.589025 1.893722
0.458810 0.103152 -0.030219 -0.004831
0.103152 0.045426 -0.005305 -0.001121
-0.030219 -0.005305 0.521817 0.105509
-0.004831 -0.001121 0.105509 0.045865
35.017457 1.358817 46.118791 1.808671
0.470415 0.104250 -0.020829 -0.002729
0.104250 0.045365 -0.003108 -0.000634
-0.020829 -0.003108 0.477883 0.096978
-0.002729 -0.000634 0.096978 0.044230
35.259061 1.264234 47.402798 1.885255
0.492649 0.107641 -0.034412 -0.005502
0.107641 0.045864 -0.006056 -0.001240
-0.034412 -0.006056 0.478025 0.098065
-0.005502 -0.001240 0.098065 0.044647
35.773062 1.237431 47.961895 1.805333
0.506089 0.109000 -0.027349 -0.003790
0.109000 0.045952 -0.004380 -0.000849
-0.027349 -0.004380 0.433351 0.089707
-0.003790 -0.000849 0.089707 0.043038
