5.421739 3.130837 -0.437882 -1.067204
2.413810 0.965545 -0.332743 -0.133100
0.965545 80.390293 -0.133100 -0.053241
-0.332743 -0.133100 2.510076 1.004052
-0.133100 -0.053241 1.004052 80.405696
6.374646 2.095655 0.384201 1.281506
2.253198 3.945045 -0.233391 -0.342447
3.945045 15.117224 -0.340141 -1.440804
-0.233391 -0.340141 2.400752 4.183816
-0.342447 -1.440804 4.183816 15.779004
3.199008 -2.771481 3.011074 3.555252
1.931590 2.227128 -0.214477 -0.244166
2.227128 4.424566 -0.244045 -0.513071
-0.214477 -0.244045 1.971981 2.261257
-0.244166 -0.513071 2.261257 4.530920
6.901683 1.519503 4.705781 3.479880
1.661254 1.401027 -0.136138 -0.116621
1.401027 1.865932 -0.116653 -0.185935
-0.136138 -0.116653 1.741909 1.469704
-0.116621 -0.185935 1.469704 1.955412
5.603541 0.163796 4.722199 2.346788
1.411715 0.934383 -0.201445 -0.137898
0.934383 0.944138 -0.137817 -0.133815
-0.201445 -0.137817 1.449473 0.959311
-0.137898 -0.133815 0.959311 0.975157
6.265216 0.479986 5.535707 2.150064
1.303954 0.710732 -0.137186 -0.075561
0.710732 0.569215 -0.075557 -0.062950
-0.137186 -0.075557 1.332948 0.727566
-0.075561 -0.062950 0.727566 0.586816
6.961256 0.691742 4.961587 1.386275
1.166869 0.539013 -0.109984 -0.051598
0.539013 0.362838 -0.051618 -0.037029
-0.109984 -0.051618 1.204815 0.557869
-0.051598 -0.037029 0.557869 0.376797
7.279790 0.680141 6.411322 1.690755
1.037820 0.416796 -0.105903 -0.043403
0.416796 0.245397 -0.043395 -0.026039
-0.105903 -0.043395 1.057856 0.425768
-0.043403 -0.026039 0.425768 0.252303
8.185684 0.882210 6.667987 1.480021
0.944041 0.336637 -0.078487 -0.028507
0.336637 0.177608 -0.028522 -0.015970
-0.078487 -0.028522 0.967542 0.345934
-0.028507 -0.015970 0.345934 0.183203
9.276387 1.091245 7.487473 1.505333
0.862343 0.277589 -0.058513 -0.019321
0.277589 0.134608 -0.019342 -0.010355
-0.058513 -0.019342 0.884778 0.285519
-0.019321 -0.010355 0.285519 0.138740
10.188538 1.198655 9.194260 1.786961
0.801178 0.236216 -0.048523 -0.014838
0.236216 0.107195 -0.014851 -0.007430
-0.048523 -0.014851 0.814706 0.240704
-0.014838 -0.007430 0.240704 0.109633
10.870112 1.221067 10.191557 1.815346
0.757808 0.207181 -0.042493 -0.012128
0.207181 0.089261 -0.012138 -0.005615
-0.042493 -0.012138 0.768203 0.210460
-0.012128 -0.005615 0.210460 0.090986
12.327036 1.438191 10.591050 1.684421
0.706495 0.181007 -0.034984 -0.009376
0.181007 0.075799 -0.009388 -0.004148
-0.034984 -0.009388 0.721478 0.185225
-0.009376 -0.004148 0.185225 0.077506
12.438676 1.290520 11.887045 1.795002
0.666513 0.161801 -0.022989 -0.005892
0.161801 0.066631 -0.005902 -0.002770
-0.022989 -0.005902 0.674238 0.163900
-0.005892 -0.002770 0.163900 0.067596
13.361776 1.354754 13.396640 1.937212
0.628516 0.145989 -0.016027 -0.004023
0.145989 0.059929 -0.004031 -0.001989
-0.016027 -0.004031 0.632969 0.147203
-0.004023 -0.001989 0.147203 0.060561
14.165747 1.383103 14.458548 1.958103
0.597989 0.134149 -0.013800 -0.003404
0.134149 0.055270 -0.003409 -0.001604
-0.013800 -0.003409 0.601165 0.135031
-0.003404 -0.001604 0.135031 0.055745
15.111635 1.438713 15.320960 1.932473
0.577402 0.126123 -0.010282 -0.002523
0.126123 0.052207 -0.002529 -0.001219
-0.010282 -0.002529 0.580645 0.126992
-0.002523 -0.001219 0.126992 0.052617
16.163445 1.509656 16.761358 2.033930
0.562152 0.120333 -0.012848 -0.003006
0.120333 0.050113 -0.003009 -0.001176
-0.012848 -0.003009 0.564222 0.120910
-0.003006 -0.001176 0.120910 0.050408
16.672995 1.458001 17.550497 1.985907
0.539596 0.113782 -0.017754 -0.003891
0.113782 0.048184 -0.003892 -0.001230
-0.017754 -0.003892 0.540692 0.114130
-0.003891 -0.001230 0.114130 0.048393
16.975446 1.368866 18.475326 1.971604
0.522889 0.109255 -0.020027 -0.004122
0.109255 0.046943 -0.004122 -0.001153
-0.020027 -0.004122 0.522661 0.109316
-0.004122 -0.001153 0.109316 0.047064
17.809130 1.400167 19.902106 2.063505
0.509590 0.105966 -0.018212 -0.003483
0.105966 0.046119 -0.003484 -0.000917
-0.018212 -0.003484 0.508724 0.105905
-0.003483 -0.000917 0.105905 0.046195
18.491295 1.396018 20.493643 1.971963
0.505746 0.105003 -0.011960 -0.001990
0.105003 0.045873 -0.001992 -0.000536
-0.011960 -0.001992 0.504931 0.104967
-0.001990 -0.000536 0.104967 0.045940
18.990852 1.354837 21.480025 1.971833
0.501678 0.104093 -0.010606 -0.001665
0.104093 0.045666 -0.001667 -0.000440
-0.010606 -0.001667 0.500571 0.104001
-0.001665 -0.000440 0.104001 0.045707
20.256802 1.477218 22.669148 2.014725
0.493056 0.102330 -0.008114 -0.001137
0.102330 0.045302 -0.001139 -0.000313
-0.008114 -0.001139 0.492593 0.102374
-0.001137 -0.000313 0.102374 0.045360
21.214398 1.523028 23.935987 2.068979
0.487154 0.101290 -0.003834 -0.000277
0.101290 0.045117 -0.000280 -0.000128
-0.003834 -0.000280 0.487088 0.101403
-0.000277 -0.000128 0.101403 0.045177
21.983764 1.524442 24.713779 2.015421
0.485501 0.101202 -0.004592 -0.000535
0.101202 0.045136 -0.000537 -0.000190
-0.004592 -0.000537 0.485509 0.101308
-0.000535 -0.000190 0.101308 0.045183
22.685441 1.511985 25.976667 2.068733
0.485347 0.101403 0.000139 0.000396
0.101403 0.045202 0.000394 0.000007
0.000139 0.000394 0.486045 0.101632
0.000396 0.000007 0.101632 0.045266
22.965664 1.412699 27.614251 2.194817
0.480993 0.100667 -0.000955 0.000031
0.100667 0.045056 0.000031 -0.000082
-0.000955 0.000031 0.483381 0.101219
0.000031 -0.000082 0.101219 0.045178
23.672736 1.412896 28.856629 2.225220
0.483312 0.101368 -0.001976 -0.000261
0.101368 0.045216 -0.000261 -0.000142
-0.001976 -0.000261 0.486680 0.102066
-0.000261 -0.000142 0.102066 0.045356
23.973895 1.327664 29.419970 2.109877
0.482692 0.101351 -0.001391 -0.000174
0.101351 0.045203 -0.000174 -0.000114
-0.001391 -0.000174 0.485884 0.101945
-0.000174 -0.000114 0.101945 0.045311
24.344960 1.266151 30.551709 2.125947
0.480763 0.101035 0.001032 0.000300
0.101035 0.045124 0.000301 -0.000007
0.001032 0.000301 0.485607 0.101929
0.000300 -0.000007 0.101929 0.045290
25.306675 1.335277 31.398858 2.080641
0.476038 0.100139 -0.001418 -0.000284
0.100139 0.044927 -0.000284 -0.000130
-0.001418 -0.000284 0.481559 0.101108
-0.000284 -0.000130 0.101108 0.045100
25.864215 1.312073 32.207016 2.031848
0.472078 0.099465 0.000265 0.000068
0.099465 0.044788 0.000069 -0.000042
0.000265 0.000069 0.478683 0.100598
0.000068 -0.000042 0.100598 0.044991
26.150830 1.234098 32.876773 1.959022
0.474401 0.100150 -0.004479 -0.000960
0.100150 0.044941 -0.000962 -0.000254
-0.004479 -0.000962 0.481711 0.101360
-0.000960 -0.000254 0.101360 0.045155
26.370708 1.150123 33.467716 1.877188
0.471728 0.099681 -0.001433 -0.000244
0.099681 0.044830 -0.000243 -0.000079
-0.001433 -0.000243 0.480105 0.101052
-0.000244 -0.000079 0.101052 0.045075
27.278458 1.220552 34.765015 1.952766
0.467461 0.098895 -0.008238 -0.001675
0.098895 0.044657 -0.001681 -0.000377
-0.008238 -0.001681 0.479020 0.100870
-0.001675 -0.000377 0.100870 0.045028
28.172879 1.280928 36.114971 2.031596
0.465255 0.098596 -0.005262 -0.000911
0.098596 0.044597 -0.000911 -0.000185
-0.005262 -0.000911 0.480076 0.101146
-0.000911 -0.000185 0.101146 0.045079
29.071268 1.335471 36.740691 1.949535
0.461233 0.097903 -0.011544 -0.002186
0.097903 0.044451 -0.002196 -0.000449
-0.011544 -0.002196 0.476394 0.100381
-0.002186 -0.000449 0.100381 0.044904
29.593611 1.304506 37.673217 1.940497
0.462468 0.098365 -0.011931 -0.002103
0.098365 0.044556 -0.002110 -0.000404
-0.011931 -0.002110 0.479700 0.101157
-0.002103 -0.000404 0.101157 0.045070
30.356151 1.327962 38.615318 1.934691
0.468282 0.099719 -0.014100 -0.002420
0.099719 0.044833 -0.002429 -0.000455
-0.014100 -0.002429 0.486652 0.102611
-0.002420 -0.000455 0.102611 0.045360
30.802622 1.281898 39.750061 1.969621
0.459822 0.097876 -0.018121 -0.003137
0.097876 0.044401 -0.003146 -0.000596
-0.018121 -0.003146 0.483096 0.101706
-0.003137 -0.000596 0.101706 0.045130
30.862368 1.158288 40.901263 2.003551
0.458507 0.097732 -0.015551 -0.002410
0.097732 0.044372 -0.002401 -0.000421
-0.015551 -0.002401 0.486575 0.102393
-0.002410 -0.000421 0.102393 0.045263
31.799161 1.233953 41.570863 1.934445
0.460932 0.098367 -0.016673 -0.002550
0.098367 0.044505 -0.002547 -0.000454
-0.016673 -0.002547 0.488416 0.102667
-0.002550 -0.000454 0.102667 0.045299
32.607451 1.274893 42.574644 1.942554
0.459826 0.098151 -0.023293 -0.003858
0.098151 0.044437 -0.003873 -0.000739
-0.023293 -0.003873 0.490045 0.102871
-0.003858 -0.000739 0.102871 0.045320
32.890230 1.198809 43.433352 1.917998
0.456709 0.097530 -0.022811 -0.003575
0.097530 0.044291 -0.003577 -0.000663
-0.022811 -0.003577 0.490364 0.102814
-0.003575 -0.000663 0.102814 0.045294
33.716550 1.244903 43.558865 1.743967
0.460724 0.098473 -0.024012 -0.003682
0.098473 0.044489 -0.003700 -0.000685
-0.024012 -0.003700 0.490527 0.102742
-0.003682 -0.000685 0.102742 0.045271
33.934235 1.158476 44.473560 1.751627
0.456388 0.097532 -0.022182 -0.003196
0.097532 0.044266 -0.003186 -0.000583
-0.022182 -0.003186 0.491122 0.102794
-0.003196 -0.000583 0.102794 0.045281
34.522550 1.161359 45.636504 1.811755
0.460078 0.098364 -0.028976 -0.004556
0.098364 0.044436 -0.004567 -0.000885
-0.028976 -0.004567 0.498920 0.104333
-0.004556 -0.000885 0.104333 0.045600
35.016129 1.143475 46.751497 1.855131
0.462247 0.098791 -0.031499 -0.004915
0.098791 0.044507 -0.004922 -0.000950
-0.031499 -0.004922 0.505156 0.105427
-0.004915 -0.000950 0.105427 0.045804
35.275082 1.077351 47.872935 1.894307
0.457534 0.097705 -0.033784 -0.005243
0.097705 0.044249 -0.005236 -0.001013
-0.033784 -0.005236 0.506890 0.105507
-0.005243 -0.001013 0.105507 0.045788
