-0.892519 0.605079 6.115466 1.554192
41.864150 16.746023 -56.759200 -22.704172
16.746023 86.702621 -22.704172 -9.081866
-56.759200 -22.704172 81.090161 32.436767
-22.704172 -9.081866 32.436767 92.979055
-0.754232 0.203724 6.620359 1.189984
58.978556 28.182584 -85.241963 -44.097770
28.182584 35.218962 -38.312644 -39.880138
-85.241963 -38.312644 127.019819 67.384713
-44.097770 -39.880138 67.384713 71.275273
-1.010488 -0.215995 7.058794 0.992853
86.037348 38.670511 -128.682708 -61.592069
38.670511 28.680752 -56.538706 -40.637898
-128.682708 -56.538706 195.941268 94.397957
-61.592069 -40.637898 94.397957 66.274757
1.952440 1.142530 3.402825 -0.702215
110.793819 42.818922 -172.579819 -71.754208
42.818922 23.411460 -65.886607 -36.320481
-172.579819 -65.886607 271.802745 113.156800
-71.754208 -36.320481 113.156800 60.372700
-1.307519 -0.069574 9.474343 1.587272
24.922434 10.963074 -29.053086 -10.828913
10.963074 9.306735 -12.372695 -10.720396
-29.053086 -12.372695 35.552711 13.161619
-10.828913 -10.720396 13.161619 13.882281
4.704044 2.397149 4.025270 -0.622255
8.876557 3.648334 -12.885203 -5.377036
3.648334 4.428134 -5.309352 -6.308876
-12.885203 -5.309352 20.556974 8.867711
-5.377036 -6.308876 8.867711 9.894297
2.858971 1.109955 9.380183 1.848486
7.114249 3.105837 -7.741743 -3.272210
3.105837 3.266293 -3.359912 -4.083839
-7.741743 -3.359912 9.549885 4.072728
-3.272210 -4.083839 4.072728 5.651477
7.443901 2.712394 6.982957 0.557704
7.267933 3.266772 -9.186625 -4.234771
3.266772 2.694933 -4.268298 -3.660148
-9.186625 -4.268298 12.791957 6.056741
-4.234771 -3.660148 6.056741 5.338578
5.959612 1.436789 11.915381 2.636005
7.542058 2.951740 -8.182234 -3.294781
2.951740 1.944763 -3.295801 -2.401893
-8.182234 -3.295801 9.773540 4.052180
-3.294781 -2.401893 4.052180 3.243874
5.300900 0.978343 14.492479 3.061724
6.894381 2.571287 -8.388759 -3.257764
2.571287 1.500830 -3.272663 -1.990833
-8.388759 -3.272663 11.294850 4.551532
-3.257764 -1.990833 4.551532 2.870513
10.964769 2.645966 10.386625 1.180697
2.924453 1.074041 -4.429563 -1.650269
1.074041 0.774509 -1.756211 -1.143999
-4.429563 -1.756211 7.932571 3.077034
-1.650269 -1.143999 3.077034 1.893612
11.605331 2.385223 12.443688 1.701073
2.818879 0.938795 -3.486978 -1.182522
0.938795 0.579785 -1.209837 -0.747366
-3.486978 -1.209837 5.216237 1.802277
-1.182522 -0.747366 1.802277 1.110232
12.562007 2.297819 13.914514 1.906514
3.702961 1.157074 -4.375350 -1.392707
1.157074 0.558110 -1.399887 -0.686630
-4.375350 -1.399887 5.986373 1.924630
-1.392707 -0.686630 1.924630 0.971443
14.306367 2.486972 13.594522 1.519159
4.939326 1.419886 -5.869419 -1.714391
1.419886 0.557828 -1.714470 -0.678021
-5.869419 -1.714470 7.830787 2.310673
-1.714391 -0.678021 2.310673 0.944908
14.702024 2.247142 16.169584 2.025506
5.114653 1.323041 -5.439664 -1.419617
1.323041 0.460132 -1.422121 -0.505044
-5.439664 -1.422121 6.453748 1.708079
-1.419617 -0.505044 1.708079 0.654692
15.101394 2.085274 17.456068 2.065981
6.232866 1.481622 -6.807933 -1.637501
1.481622 0.448598 -1.633235 -0.496950
-6.807933 -1.633235 8.186310 2.005829
-1.637501 -0.496950 2.005829 0.652615
16.562842 2.179347 17.826068 1.908783
5.322314 1.166541 -6.252224 -1.399761
1.166541 0.336902 -1.381551 -0.391889
-6.252224 -1.381551 8.184376 1.875380
-1.399761 -0.391889 1.875380 0.560876
17.003180 2.048756 19.160190 1.967777
6.284011 1.277603 -7.456632 -1.539955
1.277603 0.330021 -1.519329 -0.380444
-7.456632 -1.519329 9.758472 2.060598
-1.539955 -0.380444 2.060598 0.544446
15.949655 1.654732 22.293039 2.361785
6.136700 1.157723 -7.566183 -1.454817
1.157723 0.280720 -1.422222 -0.328239
-7.566183 -1.422222 10.390121 2.047129
-1.454817 -0.328239 2.047129 0.496715
16.287792 1.568324 24.069559 2.467559
1.101426 0.196455 -1.186067 -0.203809
0.196455 0.091527 -0.195277 -0.079083
-1.186067 -0.195277 2.590518 0.510489
-0.203809 -0.079083 0.510489 0.181720
17.913879 1.716215 23.911529 2.209225
0.419806 0.083222 -0.046037 0.006019
0.083222 0.068036 0.006707 -0.034779
-0.046037 0.006707 1.087310 0.224545
0.006019 -0.034779 0.224545 0.117317
19.488576 1.879048 23.688927 1.926385
0.371333 0.084601 0.210934 0.043909
0.084601 0.065334 0.048239 -0.022218
0.210934 0.048239 0.857521 0.181296
0.043909 -0.022218 0.181296 0.100335
20.667671 1.953954 24.246865 1.819779
0.443127 0.109238 0.302821 0.046269
0.109238 0.067349 0.055854 -0.017388
0.302821 0.055854 0.881794 0.187734
0.046269 -0.017388 0.187734 0.094207
21.488362 1.928562 24.759458 1.736426
0.546536 0.141899 0.259227 0.017599
0.141899 0.072062 0.039668 -0.019016
0.259227 0.039668 0.711096 0.150885
0.017599 -0.019016 0.150885 0.080211
22.401251 1.934127 25.263396 1.651375
0.675894 0.175447 0.194575 -0.010972
0.175447 0.076408 0.023269 -0.020385
0.194575 0.023269 0.559544 0.120585
-0.010972 -0.020385 0.120585 0.069259
22.834360 1.866881 24.770547 1.368846
0.757763 0.196195 -0.000752 -0.060569
0.196195 0.078088 -0.015193 -0.025864
-0.000752 -0.015193 0.278639 0.068757
-0.060569 -0.025864 0.068757 0.055775
23.703824 1.851713 25.450247 1.371655
0.912212 0.223746 -0.089073 -0.081149
0.223746 0.080442 -0.036930 -0.027371
-0.089073 -0.036930 0.324568 0.090908
-0.081149 -0.027371 0.090908 0.059424
24.355131 1.791730 26.091832 1.372594
1.007708 0.234367 -0.223893 -0.106297
0.234367 0.079035 -0.064647 -0.029678
-0.223893 -0.064647 0.391637 0.114650
-0.106297 -0.029678 0.114650 0.063033
24.674963 1.696800 25.622660 1.084449
1.156672 0.255235 -0.422453 -0.145918
0.255235 0.080268 -0.098709 -0.034165
-0.422453 -0.098709 0.387257 0.114835
-0.145918 -0.034165 0.114835 0.060161
25.825182 1.758665 26.207502 1.093702
1.345029 0.278671 -0.555176 -0.162812
0.278671 0.081581 -0.116164 -0.034124
-0.555176 -0.116164 0.514775 0.145421
-0.162812 -0.034124 0.145421 0.064956
27.305100 1.878423 26.750778 1.096836
1.504372 0.292829 -0.696348 -0.178971
0.292829 0.081033 -0.131882 -0.033949
-0.696348 -0.131882 0.674783 0.178633
-0.178971 -0.033949 0.178633 0.069822
27.955062 1.822391 27.299332 1.092054
1.425289 0.259489 -0.813901 -0.190292
0.259489 0.071663 -0.140037 -0.032881
-0.813901 -0.140037 0.863353 0.213479
-0.190292 -0.032881 0.213479 0.074570
28.876346 1.820329 27.710048 1.058147
1.472007 0.252699 -0.976312 -0.209730
0.252699 0.068330 -0.154568 -0.033493
-0.976312 -0.154568 1.089472 0.250668
-0.209730 -0.033493 0.250668 0.079155
30.387035 1.929025 28.087865 1.040693
1.575815 0.257039 -1.150546 -0.227829
0.257039 0.067521 -0.168425 -0.033783
-1.150546 -0.168425 1.354683 0.290645
-0.227829 -0.033783 0.290645 0.083907
31.085604 1.884227 28.737845 1.060822
1.506323 0.230792 -1.267084 -0.236530
0.230792 0.061599 -0.169464 -0.032367
-1.267084 -0.169464 1.638770 0.330698
-0.236530 -0.032367 0.330698 0.088481
32.180447 1.918132 29.367371 1.088659
1.564035 0.228254 -1.448618 -0.253861
0.228254 0.060256 -0.180441 -0.032622
-1.448618 -0.180441 1.983128 0.375438
-0.253861 -0.032622 0.375438 0.093270
33.581250 2.006939 29.986258 1.123247
1.664798 0.232898 -1.659746 -0.273396
0.232898 0.060238 -0.194449 -0.033297
-1.659746 -0.194449 2.374252 0.422261
-0.273396 -0.033297 0.422261 0.097910
33.857086 1.866318 30.548241 1.090501
1.698935 0.223795 -1.885109 -0.296367
0.223795 0.057552 -0.208651 -0.034638
-1.885109 -0.208651 2.806691 0.470316
-0.296367 -0.034638 0.470316 0.102199
34.783956 1.869775 31.172226 1.105105
1.852474 0.235955 -2.164772 -0.321252
0.235955 0.058742 -0.230813 -0.036409
-2.164772 -0.230813 3.282877 0.517977
-0.321252 -0.036409 0.517977 0.105951
35.662816 1.866440 31.849741 1.124983
2.028197 0.250149 -2.471255 -0.347097
0.250149 0.060055 -0.255338 -0.038377
-2.471255 -0.255338 3.795308 0.565246
-0.347097 -0.038377 0.565246 0.109306
37.006673 1.960039 32.570113 1.173835
2.251690 0.271308 -2.806230 -0.372685
0.271308 0.062450 -0.282956 -0.040373
-2.806230 -0.282956 4.334662 0.610538
-0.372685 -0.040373 0.610538 0.112123
38.014043 1.994566 33.585385 1.247204
2.470078 0.288102 -3.168661 -0.400654
0.288102 0.063764 -0.310479 -0.042438
-3.168661 -0.310479 4.938889 0.660711
-0.400654 -0.042438 0.660711 0.115511
39.209386 2.073847 34.774267 1.349485
2.740024 0.312136 -3.564892 -0.428612
0.312136 0.066102 -0.343453 -0.044835
-3.564892 -0.343453 5.547114 0.704843
-0.428612 -0.044835 0.704843 0.117737
40.043096 2.019773 35.264890 1.309443
3.043955 0.338959 -3.996193 -0.457750
0.338959 0.068269 -0.384736 -0.048202
-3.996193 -0.384736 6.110393 0.736242
-0.457750 -0.048202 0.736242 0.117869
41.042928 2.038611 36.212794 1.353583
3.374644 0.367141 -4.457276 -0.487556
0.367141 0.070770 -0.423412 -0.050835
-4.457276 -0.423412 6.751012 0.775703
-0.487556 -0.050835 0.775703 0.119384
41.993906 2.046464 37.188531 1.394123
3.741053 0.398484 -4.945849 -0.517120
0.398484 0.073536 -0.464860 -0.053536
-4.945849 -0.464860 7.392829 0.810979
-0.517120 -0.053536 0.810979 0.120314
42.732966 2.005555 38.107886 1.409331
4.140779 0.432303 -5.459141 -0.546261
0.432303 0.076417 -0.508875 -0.056314
-5.459141 -0.508875 8.024927 0.841223
-0.546261 -0.056314 0.841223 0.120612
43.737051 1.983606 38.517071 1.366816
4.576893 0.470641 -5.973697 -0.571507
0.470641 0.079881 -0.554465 -0.058898
-5.973697 -0.554465 8.592397 0.860621
-0.571507 -0.058898 0.860621 0.119719
44.691698 1.934096 38.651557 1.285958
5.042157 0.505901 -6.561529 -0.604103
0.505901 0.082488 -0.599650 -0.061537
-6.561529 -0.599650 9.304487 0.895513
-0.604103 -0.061537 0.895513 0.120766
45.608844 1.915905 39.189287 1.267558
5.495830 0.533016 -7.188622 -0.641333
0.533016 0.083888 -0.637238 -0.063569
-7.188622 -0.637238 10.168553 0.947651
-0.641333 -0.063569 0.947651 0.123971
