1.579178 1.593779 2.066200 -0.065549
2.347412 0.938985 -0.520028 -0.208016
0.938985 80.379669 -0.208016 -0.083208
-0.520028 -0.208016 4.200042 1.680053
-0.208016 -0.083208 1.680053 80.676103
2.756683 2.285596 2.564514 0.807366
3.340907 5.811215 -1.707807 -2.619746
5.811215 18.102250 -2.875613 -5.771071
-1.707807 -2.875613 3.187947 5.076035
-2.619746 -5.771071 5.076035 20.948674
4.108380 2.637454 4.988489 3.261105
2.797928 3.039760 -1.217763 -1.139656
3.039760 5.224125 -1.245922 -1.713714
-1.217763 -1.245922 1.833134 2.063078
-1.139656 -1.713714 2.063078 5.239819
5.859877 2.950924 5.624512 2.355438
2.334708 1.852416 -0.786169 -0.517363
1.852416 2.222871 -0.559484 -0.620125
-0.786169 -0.559484 2.089486 1.915053
-0.517363 -0.620125 1.915053 2.750381
6.318110 2.283284 4.694501 0.794263
1.638509 1.017180 -1.052123 -0.673694
1.017180 1.005301 -0.635139 -0.547911
-1.052123 -0.635139 2.051585 1.419103
-0.673694 -0.547911 1.419103 1.420547
7.084745 2.094603 5.689845 1.123985
1.461899 0.769430 -0.705793 -0.349179
0.769430 0.618961 -0.341295 -0.250416
-0.705793 -0.341295 1.788927 1.002258
-0.349179 -0.250416 1.002258 0.799361
7.110994 1.614913 5.573176 0.774654
0.935514 0.420420 -0.634566 -0.280639
0.420420 0.323725 -0.265726 -0.170473
-0.634566 -0.265726 1.710801 0.802538
-0.280639 -0.170473 0.802538 0.521889
7.654458 1.514176 6.507361 0.993819
0.730412 0.296851 -0.465327 -0.178734
0.296851 0.212192 -0.169544 -0.100819
-0.465327 -0.169544 1.427458 0.575516
-0.178734 -0.100819 0.575516 0.330073
9.180491 1.793333 6.037554 0.653865
0.758748 0.284235 -0.439735 -0.151233
0.284235 0.172328 -0.146052 -0.075340
-0.439735 -0.146052 1.348686 0.479544
-0.151233 -0.075340 0.479544 0.241760
8.971554 1.435651 8.307440 1.270270
0.668021 0.229253 -0.325146 -0.100718
0.229253 0.128729 -0.097021 -0.048303
-0.325146 -0.097021 1.099280 0.350263
-0.100718 -0.048303 0.350263 0.166723
10.119071 1.574700 8.951004 1.273950
0.714660 0.227122 -0.297625 -0.084995
0.227122 0.112340 -0.082366 -0.037149
-0.297625 -0.082366 1.043004 0.304099
-0.084995 -0.037149 0.304099 0.133601
11.427554 1.733459 9.911924 1.362458
0.709824 0.208625 -0.243965 -0.064485
0.208625 0.095168 -0.062187 -0.026833
-0.243965 -0.062187 0.939906 0.253342
-0.064485 -0.026833 0.253342 0.106594
12.033420 1.668015 11.317397 1.545072
0.690795 0.188983 -0.195804 -0.048418
0.188983 0.081523 -0.046574 -0.019602
-0.195804 -0.046574 0.823483 0.207792
-0.048418 -0.019602 0.207792 0.086345
12.985091 1.704057 12.849656 1.727421
0.657930 0.168972 -0.152262 -0.035563
0.168972 0.070653 -0.033982 -0.014322
-0.152262 -0.033982 0.727498 0.174232
-0.035563 -0.014322 0.174232 0.072678
14.086859 1.762477 13.265778 1.624627
0.610909 0.148495 -0.156798 -0.035265
0.148495 0.061738 -0.034383 -0.012845
-0.156798 -0.034383 0.666507 0.153377
-0.035265 -0.012845 0.153377 0.064220
14.382819 1.628766 14.679134 1.757718
0.606771 0.141487 -0.131048 -0.027828
0.141487 0.057645 -0.027092 -0.009873
-0.131048 -0.027092 0.623462 0.139239
-0.027828 -0.009873 0.139239 0.058621
15.180916 1.625606 15.650967 1.778026
0.595537 0.133879 -0.127685 -0.026020
0.133879 0.054166 -0.025497 -0.008565
-0.127685 -0.025497 0.600359 0.131056
-0.026020 -0.008565 0.131056 0.055159
15.938605 1.617182 17.167560 1.912926
0.566920 0.123876 -0.089866 -0.016911
0.123876 0.050831 -0.016477 -0.005866
-0.089866 -0.016477 0.554422 0.118997
-0.016911 -0.005866 0.118997 0.051412
16.888918 1.646308 17.887638 1.863157
0.562891 0.120376 -0.087309 -0.016065
0.120376 0.049375 -0.015698 -0.005211
-0.087309 -0.015698 0.553128 0.117564
-0.016065 -0.005211 0.117564 0.050375
17.065824 1.509671 18.772504 1.850112
0.544789 0.114533 -0.079583 -0.014148
0.114533 0.047692 -0.013917 -0.004440
-0.079583 -0.013917 0.524889 0.110555
-0.014148 -0.004440 0.110555 0.048328
17.781804 1.501191 19.631148 1.835916
0.522986 0.108866 -0.048072 -0.007335
0.108866 0.046323 -0.007212 -0.002724
-0.048072 -0.007212 0.503226 0.105737
-0.007335 -0.002724 0.105737 0.047008
19.011125 1.602491 20.956681 1.924022
0.501683 0.103942 -0.024681 -0.002782
0.103942 0.045266 -0.002732 -0.001636
-0.024681 -0.002732 0.486662 0.102333
-0.002782 -0.001636 0.102333 0.046109
19.771289 1.594070 21.943571 1.929118
0.508728 0.105360 -0.015627 -0.001423
0.105360 0.045619 -0.001406 -0.001266
-0.015627 -0.001406 0.495800 0.104508
-0.001423 -0.001266 0.104508 0.046450
20.498296 1.580023 23.080839 1.965331
0.511897 0.105852 -0.011292 -0.001069
0.105852 0.045747 -0.001065 -0.001121
-0.011292 -0.001065 0.501802 0.105707
-0.001069 -0.001121 0.105707 0.046548
21.002417 1.521537 24.404942 2.036645
0.501271 0.103487 -0.007338 -0.000725
0.103487 0.045279 -0.000727 -0.000976
-0.007338 -0.000727 0.495816 0.104224
-0.000725 -0.000976 0.104224 0.046082
20.261748 1.211611 25.801289 2.114739
0.483481 0.099905 0.006028 0.001683
0.099905 0.044605 0.001642 -0.000399
0.006028 0.001642 0.484044 0.101660
0.001683 -0.000399 0.101660 0.045444
21.169892 1.274311 27.031070 2.150935
0.470209 0.097576 -0.013507 -0.002929
0.097576 0.044235 -0.002910 -0.001309
-0.013507 -0.002910 0.481205 0.101186
-0.002929 -0.001309 0.101186 0.045305
21.851932 1.283739 27.596379 2.043523
0.465330 0.097155 -0.006384 -0.001389
0.097155 0.044269 -0.001386 -0.000849
-0.006384 -0.001386 0.476160 0.100250
-0.001389 -0.000849 0.100250 0.045075
23.089702 1.408902 28.531020 2.025014
0.464373 0.097523 -0.003023 -0.000743
0.097523 0.044435 -0.000744 -0.000619
-0.003023 -0.000744 0.481899 0.101638
-0.000743 -0.000619 0.101638 0.045351
23.418991 1.329541 30.080712 2.138467
0.431486 0.091043 -0.004829 -0.001188
0.091043 0.043116 -0.001200 -0.000638
-0.004829 -0.001200 0.476901 0.100592
-0.001188 -0.000638 0.100592 0.045084
23.805720 1.270282 31.005194 2.108013
0.443874 0.094686 -0.010244 -0.002330
0.094686 0.044028 -0.002352 -0.000806
-0.010244 -0.002352 0.491699 0.103806
-0.002330 -0.000806 0.103806 0.045740
23.934586 1.161719 31.438541 1.977323
0.443225 0.095055 -0.011837 -0.002525
0.095055 0.044118 -0.002549 -0.000761
-0.011837 -0.002549 0.489659 0.103136
-0.002525 -0.000761 0.103136 0.045518
24.760033 1.214377 32.406782 1.973098
0.436682 0.094024 -0.010901 -0.002168
0.094024 0.043877 -0.002178 -0.000610
-0.010901 -0.002178 0.496027 0.104314
-0.002168 -0.000610 0.104314 0.045717
25.720753 1.291048 33.757221 2.049635
0.431892 0.093374 -0.027481 -0.005525
0.093374 0.043721 -0.005626 -0.001283
-0.027481 -0.005626 0.513569 0.107726
-0.005525 -0.001283 0.107726 0.046373
26.527923 1.325227 34.184023 1.925032
0.413850 0.089835 -0.026337 -0.004880
0.089835 0.042935 -0.004942 -0.001046
-0.026337 -0.004942 0.501970 0.104755
-0.004880 -0.001046 0.104755 0.045653
27.568138 1.407668 35.076118 1.911210
0.424627 0.092814 -0.033546 -0.006031
0.092814 0.043616 -0.006150 -0.001233
-0.033546 -0.006150 0.514605 0.107164
-0.006031 -0.001233 0.107164 0.046137
27.663915 1.274653 36.151724 1.934236
0.402926 0.088282 -0.034946 -0.006002
0.088282 0.042565 -0.006019 -0.001164
-0.034946 -0.006019 0.523225 0.108551
-0.006002 -0.001164 0.108551 0.046376
28.165921 1.244471 37.046492 1.918748
0.397200 0.087613 -0.037951 -0.006309
0.087613 0.042440 -0.006312 -0.001194
-0.037951 -0.006312 0.531109 0.109698
-0.006309 -0.001194 0.109698 0.046560
29.094745 1.313571 38.202923 1.960727
0.399223 0.088597 -0.043688 -0.007169
0.088597 0.042660 -0.007198 -0.001352
-0.043688 -0.007198 0.547925 0.112624
-0.007169 -0.001352 0.112624 0.047111
29.525842 1.263226 39.196717 1.962283
0.410769 0.091533 -0.042912 -0.006612
0.091533 0.043278 -0.006641 -0.001204
-0.042912 -0.006641 0.555526 0.113481
-0.006612 -0.001204 0.113481 0.047215
29.953568 1.220729 40.710972 2.069604
0.427885 0.095320 -0.044581 -0.006632
0.095320 0.044015 -0.006676 -0.001197
-0.044581 -0.006676 0.574866 0.116725
-0.006632 -0.001197 0.116725 0.047820
30.668598 1.244600 41.846218 2.090514
0.448731 0.099516 -0.044978 -0.006417
0.099516 0.044780 -0.006576 -0.001169
-0.044978 -0.006576 0.576172 0.116112
-0.006417 -0.001169 0.116112 0.047619
31.252134 1.236997 43.048054 2.121721
0.445647 0.098054 -0.037549 -0.004839
0.098054 0.044258 -0.004828 -0.000853
-0.037549 -0.004828 0.571655 0.114561
-0.004839 -0.000853 0.114561 0.047289
31.772881 1.216081 44.195992 2.138565
0.441335 0.096572 -0.026933 -0.002800
0.096572 0.043825 -0.002651 -0.000478
-0.026933 -0.002651 0.556629 0.111179
-0.002800 -0.000478 0.111179 0.046648
32.214530 1.177512 44.841426 2.052954
0.449700 0.098036 -0.022914 -0.002195
0.098036 0.044092 -0.002202 -0.000456
-0.022914 -0.002202 0.527149 0.105257
-0.002195 -0.000456 0.105257 0.045556
33.051987 1.231146 45.787092 2.037897
0.461513 0.100185 -0.011481 -0.000124
0.100185 0.044510 -0.000111 -0.000090
-0.011481 -0.000111 0.503340 0.101053
-0.000124 -0.000090 0.101053 0.044896
33.611094 1.215341 45.858735 1.845779
0.454942 0.098215 0.004175 0.002580
0.098215 0.044022 0.002628 0.000377
0.004175 0.002628 0.452377 0.091658
0.002580 0.000377 0.091658 0.043202
34.440929 1.262089 46.347317 1.756757
0.478581 0.102969 0.004493 0.002072
0.102969 0.045038 0.002012 0.000167
0.004493 0.002012 0.433779 0.089456
0.002072 0.000167 0.089456 0.043035
35.281002 1.306663 47.163408 1.743951
0.502013 0.107245 0.000798 0.000823
0.107245 0.045872 0.000720 -0.000147
0.000798 0.000720 0.425325 0.089310
0.000823 -0.000147 0.089310 0.043222
36.054577 1.331830 47.584535 1.647863
0.509825 0.107881 0.007537 0.001954
0.107881 0.045890 0.001833 0.000090
0.007537 0.001833 0.389496 0.083088
0.001954 0.000090 0.083088 0.042019
