5.820598 3.290384 0.331090 -0.759608
2.368341 0.947357 -0.155637 -0.062256
0.947357 80.383018 -0.062256 -0.024903
-0.155637 -0.062256 2.414333 0.965754
-0.062256 -0.024903 0.965754 80.390377
3.578193 -3.536241 0.340935 -0.129265
2.252232 3.957141 -0.062531 -0.079023
3.957141 15.043963 -0.078784 -0.537500
-0.062531 -0.078784 2.288295 4.011324
-0.079023 -0.537500 4.011324 15.256974
6.013214 1.301534 0.743264 0.395352
2.017263 2.322709 -0.065692 -0.081744
2.322709 4.504779 -0.081780 -0.203775
-0.065692 -0.081780 2.073407 2.386422
-0.081744 -0.203775 2.386422 4.610277
6.601960 1.244146 2.686545 1.854834
1.717576 1.437821 -0.047386 -0.045199
1.437821 1.882284 -0.045142 -0.077765
-0.047386 -0.045142 1.746785 1.460420
-0.045199 -0.077765 1.460420 1.912634
7.019488 1.106526 4.798829 2.632637
1.449220 0.951188 -0.037067 -0.028557
0.951188 0.949297 -0.028506 -0.037165
-0.037067 -0.028506 1.464006 0.960412
-0.028557 -0.037165 0.960412 0.961386
7.879931 1.273868 5.630250 2.369482
1.282396 0.693702 -0.036147 -0.022775
0.693702 0.557569 -0.022753 -0.022157
-0.036147 -0.022753 1.296569 0.701683
-0.022775 -0.022157 0.701683 0.565537
8.327821 1.187227 6.638206 2.288438
1.148700 0.528617 -0.028648 -0.015458
0.528617 0.357717 -0.015444 -0.012811
-0.028648 -0.015444 1.159173 0.533899
-0.015458 -0.012811 0.533899 0.362429
8.755987 1.122077 7.041539 1.991253
1.040408 0.417287 -0.045681 -0.020032
0.417287 0.245844 -0.020014 -0.011601
-0.045681 -0.020014 1.050201 0.421713
-0.020032 -0.011601 0.421713 0.249128
10.090800 1.397330 8.517685 2.161985
0.952416 0.339358 -0.031623 -0.012132
0.339358 0.178827 -0.012126 -0.006537
-0.031623 -0.012126 0.960613 0.342722
-0.012132 -0.006537 0.342722 0.181053
10.587830 1.332223 10.028800 2.300631
0.881564 0.283562 -0.031688 -0.010722
0.283562 0.136717 -0.010715 -0.004944
-0.031688 -0.010715 0.886145 0.285416
-0.010722 -0.004944 0.285416 0.138036
10.441347 1.093147 10.738793 2.171047
0.808805 0.238092 -0.023750 -0.007223
0.238092 0.107840 -0.007220 -0.003153
-0.023750 -0.007220 0.811089 0.239115
-0.007223 -0.003153 0.239115 0.108670
11.122649 1.129978 11.372676 2.047541
0.754442 0.205952 -0.015625 -0.004353
0.205952 0.089006 -0.004354 -0.001929
-0.015625 -0.004354 0.756866 0.206949
-0.004353 -0.001929 0.206949 0.089676
11.876560 1.178401 11.769536 1.886751
0.707870 0.181244 -0.017886 -0.004638
0.181244 0.075965 -0.004637 -0.001749
-0.017886 -0.004637 0.710850 0.182305
-0.004638 -0.001749 0.182305 0.076536
12.373895 1.156120 12.910485 1.934762
0.665643 0.161536 -0.016283 -0.003908
0.161536 0.066661 -0.003907 -0.001364
-0.016283 -0.003907 0.667292 0.162178
-0.003908 -0.001364 0.162178 0.067040
13.328205 1.243550 14.007409 1.964981
0.630546 0.146473 -0.009367 -0.002040
0.146473 0.060130 -0.002042 -0.000782
-0.009367 -0.002042 0.631928 0.147001
-0.002040 -0.000782 0.147001 0.060421
14.494261 1.365699 15.173346 2.006311
0.604642 0.135650 -0.009022 -0.001892
0.135650 0.055676 -0.001894 -0.000670
-0.009022 -0.001894 0.606008 0.136131
-0.001892 -0.000670 0.136131 0.055912
15.141524 1.358047 16.641462 2.107918
0.582699 0.127206 -0.005235 -0.000994
0.127206 0.052483 -0.000996 -0.000411
-0.005235 -0.000996 0.583129 0.127441
-0.000994 -0.000411 0.127441 0.052630
16.253429 1.450579 17.532395 2.073115
0.558092 0.119340 -0.003674 -0.000666
0.119340 0.049922 -0.000668 -0.000304
-0.003674 -0.000668 0.558667 0.119585
-0.000666 -0.000304 0.119585 0.050048
16.862975 1.426202 18.736002 2.108348
0.540204 0.113898 -0.004821 -0.000928
0.113898 0.048249 -0.000929 -0.000332
-0.004821 -0.000929 0.540310 0.114021
-0.000928 -0.000332 0.114021 0.048330
17.092185 1.325113 19.862679 2.123418
0.525199 0.109733 -0.004728 -0.000890
0.109733 0.047077 -0.000891 -0.000295
-0.004728 -0.000891 0.524751 0.109727
-0.000890 -0.000295 0.109727 0.047117
17.806798 1.335923 20.875861 2.113334
0.510288 0.106077 -0.004293 -0.000777
0.106077 0.046164 -0.000778 -0.000247
-0.004293 -0.000778 0.509753 0.106050
-0.000777 -0.000247 0.106050 0.046191
17.795333 1.194766 21.392541 2.000992
0.502824 0.104362 -0.004001 -0.000699
0.104362 0.045758 -0.000700 -0.000212
-0.004001 -0.000700 0.501942 0.104260
-0.000699 -0.000212 0.104260 0.045762
18.464473 1.209667 22.417570 2.006109
0.497409 0.103243 -0.006105 -0.001122
0.103243 0.045517 -0.001122 -0.000285
-0.006105 -0.001122 0.496603 0.103160
-0.001122 -0.000285 0.103160 0.045521
19.368728 1.271970 23.636067 2.051034
0.490753 0.101967 -0.005673 -0.000977
0.101967 0.045263 -0.000977 -0.000236
-0.005673 -0.000977 0.490198 0.101934
-0.000977 -0.000236 0.101934 0.045273
19.314867 1.128346 24.676083 2.053709
0.486636 0.101320 -0.003318 -0.000447
0.101320 0.045157 -0.000448 -0.000113
-0.003318 -0.000448 0.486022 0.101268
-0.000447 -0.000113 0.101268 0.045158
19.731408 1.097448 25.521668 2.015781
0.481657 0.100521 -0.003044 -0.000404
0.100521 0.045017 -0.000405 -0.000104
-0.003044 -0.000405 0.481149 0.100485
-0.000404 -0.000104 0.100485 0.045018
20.438444 1.130707 26.809367 2.074448
0.478844 0.100213 0.000641 0.000353
0.100213 0.044981 0.000352 0.000054
0.000641 0.000352 0.478813 0.100270
0.000353 0.000054 0.100270 0.044997
21.354492 1.204412 28.259720 2.161278
0.479722 0.100663 0.001499 0.000451
0.100663 0.045094 0.000451 0.000062
0.001499 0.000451 0.480377 0.100848
0.000451 0.000062 0.100848 0.045133
22.076605 1.229509 28.412428 1.966192
0.479813 0.100861 0.003318 0.000754
0.100861 0.045133 0.000754 0.000117
0.003318 0.000754 0.480124 0.100948
0.000754 0.000117 0.100948 0.045147
22.502607 1.189772 29.516832 1.991742
0.477412 0.100481 0.004131 0.000828
0.100481 0.045040 0.000828 0.000122
0.004131 0.000828 0.478370 0.100690
0.000828 0.000122 0.100690 0.045078
23.153572 1.201670 30.224803 1.931061
0.475591 0.100231 0.002765 0.000452
0.100231 0.044978 0.000452 0.000037
0.002765 0.000452 0.476850 0.100480
0.000452 0.000037 0.100480 0.045021
23.992714 1.251937 31.248908 1.943331
0.474131 0.100051 0.002888 0.000440
0.100051 0.044931 0.000439 0.000039
0.002888 0.000439 0.476046 0.100414
0.000440 0.000039 0.100414 0.044995
24.683314 1.265540 32.342035 1.968947
0.471777 0.099670 0.002257 0.000279
0.099670 0.044840 0.000278 0.000011
0.002257 0.000278 0.474520 0.100178
0.000279 0.000011 0.100178 0.044932
25.594272 1.324366 33.375238 1.979123
0.470170 0.099457 0.001686 0.000153
0.099457 0.044788 0.000152 -0.000007
0.001686 0.000152 0.473616 0.100074
0.000153 -0.000007 0.100074 0.044899
26.027993 1.276133 33.991742 1.900330
0.471061 0.099768 -0.001474 -0.000505
0.099768 0.044846 -0.000507 -0.000136
-0.001474 -0.000507 0.474777 0.100397
-0.000505 -0.000136 0.100397 0.044956
26.696667 1.282554 35.202779 1.955501
0.471274 0.099878 -0.002496 -0.000647
0.099878 0.044853 -0.000649 -0.000146
-0.002496 -0.000649 0.476129 0.100710
-0.000647 -0.000146 0.100710 0.045003
27.357739 1.286751 36.169605 1.953189
0.471610 0.099985 -0.001678 -0.000393
0.099985 0.044856 -0.000395 -0.000074
-0.001678 -0.000395 0.477240 0.100930
-0.000393 -0.000074 0.100930 0.045027
27.763663 1.236393 36.571032 1.831593
0.471261 0.099923 -0.002861 -0.000595
0.099923 0.044822 -0.000597 -0.000110
-0.002861 -0.000597 0.476912 0.100820
-0.000595 -0.000110 0.100820 0.044980
28.383124 1.236648 37.400945 1.813443
0.473313 0.100366 -0.004051 -0.000786
0.100366 0.044899 -0.000789 -0.000142
-0.004051 -0.000789 0.479602 0.101356
-0.000786 -0.000142 0.101356 0.045076
29.316447 1.303472 38.498219 1.853774
0.476838 0.101071 -0.004089 -0.000723
0.101071 0.045025 -0.000725 -0.000120
-0.004089 -0.000725 0.483991 0.102201
-0.000723 -0.000120 0.102201 0.045231
30.122075 1.336129 39.605237 1.891816
0.477171 0.101031 -0.007411 -0.001370
0.101031 0.044985 -0.001374 -0.000254
-0.007411 -0.001374 0.485492 0.102361
-0.001370 -0.000254 0.102361 0.045233
31.639894 1.515988 40.718919 1.927665
0.474717 0.100417 -0.005613 -0.000888
0.100417 0.044833 -0.000889 -0.000140
-0.005613 -0.000889 0.483690 0.101831
-0.000888 -0.000140 0.101831 0.045097
32.332203 1.501968 41.501102 1.889405
0.476367 0.100737 -0.007671 -0.001275
0.100737 0.044895 -0.001278 -0.000224
-0.007671 -0.001278 0.485844 0.102200
-0.001275 -0.000224 0.102200 0.045168
32.803273 1.443086 42.776089 1.958576
0.476712 0.100755 -0.008423 -0.001361
0.100755 0.044890 -0.001363 -0.000239
-0.008423 -0.001363 0.488229 0.102597
-0.001361 -0.000239 0.102597 0.045242
32.831364 1.295522 42.688359 1.733915
0.473571 0.100045 -0.005477 -0.000679
0.100045 0.044735 -0.000676 -0.000094
-0.005477 -0.000676 0.484485 0.101690
-0.000679 -0.000094 0.101690 0.045042
33.629523 1.327093 43.339180 1.688703
0.474717 0.100310 -0.008152 -0.001248
0.100310 0.044800 -0.001250 -0.000227
-0.008152 -0.001250 0.485834 0.101950
-0.001248 -0.000227 0.101950 0.045108
34.700971 1.413659 44.529857 1.761792
0.474826 0.100329 -0.011240 -0.001854
0.100329 0.044805 -0.001859 -0.000356
-0.011240 -0.001859 0.487286 0.102216
-0.001854 -0.000356 0.102216 0.045169
35.050121 1.338398 45.671290 1.815977
0.476425 0.100665 -0.011495 -0.001815
0.100665 0.044878 -0.001817 -0.000339
-0.011495 -0.001817 0.490934 0.102929
-0.001815 -0.000339 0.102929 0.045321
35.498654 1.291109 46.096922 1.714629
0.474018 0.100126 -0.009902 -0.001413
0.100126 0.044761 -0.001411 -0.000252
-0.009902 -0.001411 0.488708 0.102356
-0.001413 -0.000252 0.102356 0.045193
35.907173 1.241569 47.334211 1.793853
0.470898 0.099487 -0.011766 -0.001786
0.099487 0.044632 -0.001784 -0.000339
-0.011766 -0.001784 0.488289 0.102229
-0.001786 -0.000339 0.102229 0.045173
