4.195100 2.640171 1.061495 -0.467440
2.527435 1.010996 -0.255156 -0.102065
1.010996 80.408474 -0.102065 -0.040827
-0.255156 -0.102065 2.590906 1.036385
-0.102065 -0.040827 1.036385 80.418630
6.047229 3.533529 -0.747818 -3.194743
2.088839 3.637023 -0.249174 -0.387537
3.637023 14.877654 -0.384793 -1.317424
-0.249174 -0.384793 2.276477 3.951855
-0.387537 -1.317424 3.951855 15.586201
5.987785 1.418761 0.907682 0.567050
1.984853 2.327504 -0.221172 -0.241278
2.327504 4.621076 -0.241281 -0.454352
-0.221172 -0.241281 2.088387 2.422534
-0.241278 -0.454352 2.422534 4.774302
6.238452 1.037523 3.453050 2.473718
1.724408 1.462955 -0.208743 -0.170579
1.462955 1.931020 -0.170820 -0.213428
-0.208743 -0.170820 1.771498 1.493803
-0.170579 -0.213428 1.493803 1.981856
7.035867 1.221636 4.515226 2.358886
1.452622 0.961671 -0.127465 -0.080766
0.961671 0.964303 -0.080802 -0.086897
-0.127465 -0.080802 1.495293 0.988433
-0.080766 -0.086897 0.988433 0.997100
7.206190 0.981945 5.710834 2.367521
1.282589 0.697884 -0.115142 -0.062209
0.697884 0.562741 -0.062228 -0.053409
-0.115142 -0.062228 1.309649 0.713048
-0.062209 -0.053409 0.713048 0.580042
8.163779 1.197850 6.163413 2.028714
1.140647 0.527162 -0.107134 -0.049934
0.527162 0.358225 -0.049941 -0.035225
-0.107134 -0.049941 1.171490 0.542659
-0.049934 -0.035225 0.542659 0.371192
8.424388 1.061130 8.451872 2.543054
1.041558 0.419227 -0.074775 -0.030534
0.419227 0.247178 -0.030555 -0.020194
-0.074775 -0.030555 1.049307 0.423524
-0.030534 -0.020194 0.423524 0.252686
8.761861 0.992896 8.806876 2.214473
0.952958 0.340432 -0.072155 -0.026534
0.340432 0.179434 -0.026542 -0.014994
-0.072155 -0.026542 0.961157 0.344771
-0.026534 -0.014994 0.344771 0.183670
11.143858 1.601270 8.804914 1.854155
0.861229 0.277528 -0.050135 -0.016788
0.277528 0.134843 -0.016831 -0.009323
-0.050135 -0.016831 0.887269 0.287283
-0.016788 -0.009323 0.287283 0.139911
11.352103 1.427019 9.069829 1.658465
0.793489 0.234221 -0.055520 -0.017075
0.234221 0.106792 -0.017092 -0.007931
-0.055520 -0.017092 0.816460 0.241911
-0.017075 -0.007931 0.241911 0.110373
12.286197 1.487210 10.254041 1.755821
0.747795 0.204777 -0.037860 -0.010793
0.204777 0.088762 -0.010814 -0.005074
-0.037860 -0.010814 0.766018 0.210360
-0.010793 -0.005074 0.210360 0.091207
13.634202 1.642407 11.103912 1.748308
0.699849 0.179707 -0.033499 -0.008965
0.179707 0.075607 -0.008983 -0.003915
-0.033499 -0.008983 0.718015 0.184757
-0.008965 -0.003915 0.184757 0.077562
14.429622 1.636429 11.230410 1.566163
0.659312 0.160453 -0.020575 -0.005259
0.160453 0.066415 -0.005276 -0.002513
-0.020575 -0.005276 0.678408 0.165291
-0.005259 -0.002513 0.165291 0.068065
15.058451 1.592103 12.518988 1.683975
0.632825 0.147402 -0.019504 -0.004808
0.147402 0.060349 -0.004818 -0.002094
-0.019504 -0.004818 0.646669 0.150621
-0.004808 -0.002094 0.150621 0.061430
15.563704 1.526526 14.016554 1.831290
0.598835 0.134579 -0.021098 -0.004946
0.134579 0.055405 -0.004953 -0.001874
-0.021098 -0.004953 0.607571 0.136440
-0.004946 -0.001874 0.136440 0.056067
15.870118 1.426536 15.527323 1.961379
0.571086 0.124906 -0.017891 -0.003977
0.124906 0.051957 -0.003981 -0.001452
-0.017891 -0.003981 0.575436 0.125735
-0.003977 -0.001452 0.125735 0.052330
17.084826 1.534113 16.957745 2.057799
0.551284 0.118227 -0.012417 -0.002613
0.118227 0.049685 -0.002616 -0.001007
-0.012417 -0.002616 0.554617 0.118852
-0.002613 -0.001007 0.118852 0.049980
17.798309 1.522806 18.136235 2.089412
0.536923 0.113562 -0.011147 -0.002267
0.113562 0.048180 -0.002269 -0.000832
-0.011147 -0.002269 0.539014 0.113941
-0.002267 -0.000832 0.113941 0.048395
17.974265 1.400186 19.363582 2.127518
0.529375 0.110916 -0.009482 -0.001850
0.110916 0.047316 -0.001852 -0.000665
-0.009482 -0.001852 0.529725 0.110956
-0.001850 -0.000665 0.110956 0.047439
18.231468 1.308002 20.442673 2.130566
0.517622 0.107742 -0.010105 -0.001936
0.107742 0.046471 -0.001938 -0.000623
-0.010105 -0.001938 0.516843 0.107590
-0.001936 -0.000623 0.107590 0.046541
18.994070 1.330670 21.819149 2.195209
0.509903 0.105779 -0.008855 -0.001610
0.105779 0.045984 -0.001612 -0.000502
-0.008855 -0.001612 0.508927 0.105635
-0.001610 -0.000502 0.105635 0.046046
18.753582 1.142997 22.913726 2.194098
0.502186 0.104041 -0.005815 -0.000938
0.104041 0.045602 -0.000940 -0.000325
-0.005815 -0.000940 0.500257 0.103734
-0.000938 -0.000325 0.103734 0.045618
19.932524 1.268734 23.692401 2.128340
0.496171 0.102834 -0.004063 -0.000587
0.102834 0.045368 -0.000590 -0.000231
-0.004063 -0.000590 0.494978 0.102718
-0.000587 -0.000231 0.102718 0.045415
20.664147 1.288748 24.370447 2.048128
0.490862 0.101881 -0.006017 -0.001029
0.101881 0.045202 -0.001030 -0.000310
-0.006017 -0.001030 0.489827 0.101808
-0.001029 -0.000310 0.101808 0.045246
20.634675 1.148643 25.523258 2.074612
0.492170 0.102374 -0.006662 -0.001144
0.102374 0.045343 -0.001144 -0.000313
-0.006662 -0.001144 0.491485 0.102376
-0.001144 -0.000313 0.102376 0.045392
21.464837 1.202010 26.687484 2.101232
0.486563 0.101353 -0.009035 -0.001608
0.101353 0.045147 -0.001607 -0.000391
-0.009035 -0.001607 0.486961 0.101569
-0.001608 -0.000391 0.101569 0.045228
21.765464 1.139066 27.420463 2.034631
0.480131 0.100238 -0.000136 0.000324
0.100238 0.044942 0.000324 0.000035
-0.000136 0.000324 0.480916 0.100502
0.000324 0.000035 0.100502 0.045020
22.436735 1.160553 28.803064 2.111216
0.480851 0.100682 0.000440 0.000336
0.100682 0.045068 0.000337 0.000022
0.000440 0.000337 0.483381 0.101276
0.000336 0.000022 0.101276 0.045204
22.862451 1.127916 29.183785 1.969567
0.479321 0.100569 -0.001102 -0.000083
0.100569 0.045054 -0.000083 -0.000076
-0.001102 -0.000083 0.481475 0.101020
-0.000083 -0.000076 0.101020 0.045145
24.356819 1.323663 30.966435 2.137409
0.477542 0.100378 -0.000538 -0.000006
0.100378 0.045016 -0.000006 -0.000057
-0.000538 -0.000006 0.482945 0.101468
-0.000006 -0.000057 0.101468 0.045234
24.830686 1.284084 32.007266 2.131523
0.482038 0.101492 0.004983 0.001115
0.101492 0.045249 0.001118 0.000182
0.004983 0.001118 0.488773 0.102763
0.001115 0.000182 0.102763 0.045489
25.391918 1.267095 32.857445 2.086241
0.475488 0.100142 -0.001269 -0.000334
0.100142 0.044937 -0.000336 -0.000139
-0.001269 -0.000336 0.483735 0.101633
-0.000334 -0.000139 0.101633 0.045210
26.208037 1.305624 33.658623 2.035374
0.472967 0.099752 -0.005007 -0.001100
0.099752 0.044852 -0.001104 -0.000283
-0.005007 -0.001104 0.482154 0.101333
-0.001100 -0.000283 0.101333 0.045134
26.428085 1.214258 35.110762 2.126684
0.469546 0.099179 -0.006091 -0.001234
0.099179 0.044730 -0.001238 -0.000284
-0.006091 -0.001238 0.483253 0.101614
-0.001234 -0.000284 0.101614 0.045185
27.317440 1.273899 35.922929 2.073950
0.467723 0.098966 -0.011089 -0.002187
0.098966 0.044688 -0.002197 -0.000463
-0.011089 -0.002197 0.482311 0.101425
-0.002187 -0.000463 0.101425 0.045131
28.139367 1.312750 36.445130 1.965795
0.469198 0.099441 -0.011522 -0.002100
0.099441 0.044788 -0.002108 -0.000412
-0.011522 -0.002108 0.483202 0.101633
-0.002100 -0.000412 0.101633 0.045165
29.358654 1.432520 37.776995 2.039763
0.467231 0.099105 -0.016648 -0.003033
0.099105 0.044700 -0.003046 -0.000590
-0.016648 -0.003046 0.484484 0.101892
-0.003033 -0.000590 0.101892 0.045206
29.708478 1.354988 38.994107 2.080705
0.459810 0.097629 -0.014105 -0.002295
0.097629 0.044376 -0.002293 -0.000406
-0.014105 -0.002293 0.482064 0.101353
-0.002295 -0.000406 0.101353 0.045078
29.841589 1.239148 40.049693 2.082979
0.462190 0.098353 -0.011348 -0.001597
0.098353 0.044543 -0.001583 -0.000253
-0.011348 -0.001583 0.487738 0.102568
-0.001597 -0.000253 0.102568 0.045332
30.559032 1.260053 41.120965 2.089409
0.458817 0.097746 -0.008253 -0.000925
0.097746 0.044404 -0.000899 -0.000125
-0.008253 -0.000899 0.487431 0.102407
-0.000925 -0.000125 0.102407 0.045274
30.909478 1.200170 42.028141 2.060069
0.463127 0.098802 -0.010335 -0.001401
0.098802 0.044624 -0.001384 -0.000251
-0.010335 -0.001384 0.493520 0.103605
-0.001401 -0.000251 0.103605 0.045509
31.307779 1.156838 42.893645 2.025251
0.461535 0.098471 -0.011498 -0.001650
0.098471 0.044525 -0.001636 -0.000317
-0.011498 -0.001636 0.494608 0.103650
-0.001650 -0.000317 0.103650 0.045487
31.839016 1.145461 43.131263 1.862984
0.459825 0.098132 -0.014335 -0.002229
0.098132 0.044433 -0.002232 -0.000448
-0.014335 -0.002232 0.491626 0.102860
-0.002229 -0.000448 0.102860 0.045300
32.256508 1.112636 44.243860 1.900579
0.458753 0.097953 -0.014346 -0.002167
0.097953 0.044383 -0.002161 -0.000430
-0.014346 -0.002161 0.495291 0.103562
-0.002167 -0.000430 0.103562 0.045449
32.802174 1.110236 45.129741 1.887103
0.452759 0.096719 -0.017987 -0.002889
0.096719 0.044109 -0.002894 -0.000585
-0.017987 -0.002894 0.493529 0.103070
-0.002889 -0.000585 0.103070 0.045336
33.529894 1.146690 45.845564 1.839922
0.449168 0.096099 -0.022328 -0.003695
0.096099 0.043987 -0.003716 -0.000747
-0.022328 -0.003716 0.492194 0.102730
-0.003695 -0.000747 0.102730 0.045270
34.256882 1.178987 46.504496 1.785802
0.452720 0.097054 -0.021859 -0.003420
0.097054 0.044208 -0.003435 -0.000667
-0.021859 -0.003435 0.495682 0.103452
-0.003420 -0.000667 0.103452 0.045435
34.975727 1.207739 47.752473 1.860262
0.452646 0.097088 -0.028481 -0.004687
0.097088 0.044199 -0.004723 -0.000931
-0.028481 -0.004723 0.501151 0.104506
-0.004687 -0.000931 0.104506 0.045650
35.883998 1.273699 48.861117 1.898448
0.447730 0.096072 -0.030759 -0.004965
0.096072 0.043966 -0.004992 -0.000969
-0.030759 -0.004992 0.501263 0.104368
-0.004965 -0.000969 0.104368 0.045605
