3.852975 2.503318 -1.660899 -1.556421
2.418222 0.967310 -0.495297 -0.198123
0.967310 80.390999 -0.198123 -0.079251
-0.495297 -0.198123 2.439836 0.975956
-0.198123 -0.079251 0.975956 80.394457
1.928403 -2.933641 0.687517 3.785504
2.234312 3.910544 -0.205527 -0.263856
3.910544 15.045309 -0.262338 -1.727818
-0.205527 -0.262338 2.278522 3.983812
-0.263856 -1.727818 3.983812 15.228971
1.899369 -1.268713 1.828195 2.906587
2.151213 2.483554 -0.261173 -0.320419
2.483554 4.719027 -0.320145 -0.717595
-0.261173 -0.320145 2.175290 2.506312
-0.320419 -0.717595 2.506312 4.759598
4.892001 1.752024 2.914378 2.572267
1.779162 1.481998 -0.208741 -0.187821
1.481998 1.922544 -0.188080 -0.282528
-0.208741 -0.188080 1.842872 1.533633
-0.187821 -0.282528 1.533633 1.972740
7.631754 2.964990 4.677523 2.870181
1.475187 0.963241 -0.121909 -0.089183
0.963241 0.959581 -0.089216 -0.116384
-0.121909 -0.089216 1.532203 0.997760
-0.089183 -0.116384 0.997760 0.984858
8.633934 2.719215 4.124797 1.806934
1.279591 0.689782 -0.095065 -0.059841
0.689782 0.557653 -0.059932 -0.064240
-0.095065 -0.059932 1.344111 0.721839
-0.059841 -0.064240 0.721839 0.576325
10.608627 3.000608 5.213636 1.887618
1.111039 0.510823 -0.080740 -0.044172
0.510823 0.351514 -0.044241 -0.039385
-0.080740 -0.044241 1.171386 0.535829
-0.044172 -0.039385 0.535829 0.363754
9.952480 2.128001 7.297830 2.355634
1.027031 0.413036 -0.073773 -0.035488
0.413036 0.245953 -0.035368 -0.026366
-0.073773 -0.035368 1.053740 0.421189
-0.035488 -0.026366 0.421189 0.249689
10.804179 2.055778 7.694955 2.079144
0.937128 0.335134 -0.054755 -0.024149
0.335134 0.178609 -0.024064 -0.016650
-0.054755 -0.024064 0.964093 0.343027
-0.024149 -0.016650 0.343027 0.181950
11.926638 2.085824 8.853159 2.116859
0.847466 0.273793 -0.038674 -0.016154
0.273793 0.134497 -0.016078 -0.010740
-0.038674 -0.016078 0.870450 0.279948
-0.016154 -0.010740 0.279948 0.136961
11.590964 1.678283 9.737928 2.071110
0.798364 0.236537 -0.039257 -0.014738
0.236537 0.108159 -0.014660 -0.008320
-0.039257 -0.014660 0.812351 0.239703
-0.014738 -0.008320 0.239703 0.109504
11.706829 1.480072 10.654812 2.041060
0.735591 0.202082 -0.035575 -0.012203
0.202082 0.088486 -0.012135 -0.006189
-0.035575 -0.012135 0.744243 0.203793
-0.012203 -0.006189 0.203793 0.089328
12.816356 1.574306 12.053458 2.137257
0.687656 0.177300 -0.034831 -0.010834
0.177300 0.075364 -0.010783 -0.004854
-0.034831 -0.010783 0.694068 0.178529
-0.010834 -0.004854 0.178529 0.076017
13.145029 1.461867 13.308122 2.183605
0.653872 0.159903 -0.034799 -0.009844
0.159903 0.066588 -0.009798 -0.003905
-0.034799 -0.009798 0.656119 0.160193
-0.009844 -0.003905 0.160193 0.066955
13.650300 1.409347 14.187013 2.134136
0.620175 0.145137 -0.028622 -0.007539
0.145137 0.060046 -0.007503 -0.002844
-0.028622 -0.007503 0.621026 0.145230
-0.007539 -0.002844 0.145230 0.060332
14.757454 1.500165 15.395357 2.165726
0.596210 0.134711 -0.023024 -0.005687
0.134711 0.055623 -0.005659 -0.002073
-0.023024 -0.005659 0.597058 0.134907
-0.005687 -0.002073 0.134907 0.055899
15.490764 1.496409 16.669151 2.207711
0.578666 0.127164 -0.018164 -0.004226
0.127164 0.052578 -0.004205 -0.001510
-0.018164 -0.004205 0.578286 0.127150
-0.004226 -0.001510 0.127150 0.052773
15.936699 1.431425 17.588556 2.168041
0.565352 0.121577 -0.013122 -0.002890
0.121577 0.050454 -0.002874 -0.001057
-0.013122 -0.002874 0.564073 0.121426
-0.002890 -0.001057 0.121426 0.050591
16.072192 1.308694 18.606495 2.154020
0.545883 0.115464 -0.012966 -0.002725
0.115464 0.048560 -0.002713 -0.000912
-0.012966 -0.002713 0.542948 0.115008
-0.002725 -0.000912 0.115008 0.048609
16.645851 1.291944 20.234805 2.269574
0.532523 0.111416 -0.007888 -0.001531
0.111416 0.047372 -0.001524 -0.000574
-0.007888 -0.001524 0.528663 0.110825
-0.001531 -0.000574 0.110825 0.047375
17.214160 1.275609 20.638610 2.117283
0.521688 0.108402 -0.007301 -0.001384
0.108402 0.046565 -0.001378 -0.000491
-0.007301 -0.001378 0.518047 0.107912
-0.001384 -0.000491 0.107912 0.046574
17.838679 1.272860 21.702131 2.118292
0.516154 0.106852 -0.005448 -0.000971
0.106852 0.046165 -0.000968 -0.000363
-0.005448 -0.000968 0.512774 0.106449
-0.000971 -0.000363 0.106449 0.046177
18.569430 1.292337 22.728922 2.111617
0.510059 0.105379 -0.004839 -0.000846
0.105379 0.045834 -0.000843 -0.000308
-0.004839 -0.000843 0.507212 0.105100
-0.000846 -0.000308 0.105100 0.045854
18.675700 1.180621 23.070818 1.963590
0.501194 0.103501 -0.006145 -0.001118
0.103501 0.045455 -0.001115 -0.000340
-0.006145 -0.001115 0.497880 0.103116
-0.001118 -0.000340 0.103116 0.045435
19.829385 1.296986 23.698069 1.890274
0.492130 0.101765 -0.006443 -0.001148
0.101765 0.045138 -0.001145 -0.000321
-0.006443 -0.001145 0.489914 0.101604
-0.001148 -0.000321 0.101604 0.045151
20.087522 1.216150 24.888236 1.941041
0.485974 0.100778 -0.006136 -0.001046
0.100778 0.044994 -0.001044 -0.000278
-0.006136 -0.001044 0.484369 0.100716
-0.001046 -0.000278 0.100716 0.045012
20.852094 1.248789 25.991676 1.968851
0.481902 0.100280 -0.005081 -0.000797
0.100280 0.044949 -0.000795 -0.000211
-0.005081 -0.000795 0.481354 0.100402
-0.000797 -0.000211 0.100402 0.044992
20.885192 1.125213 26.802381 1.932170
0.478103 0.099836 -0.006014 -0.000986
0.099836 0.044902 -0.000983 -0.000242
-0.006014 -0.000983 0.478007 0.100002
-0.000986 -0.000242 0.100002 0.044940
21.770952 1.192843 27.636691 1.904725
0.472511 0.099010 -0.000929 0.000105
0.099010 0.044763 0.000106 -0.000003
-0.000929 0.000106 0.473418 0.099335
0.000105 -0.000003 0.099335 0.044824
22.557752 1.233033 28.903280 1.970953
0.468891 0.098615 -0.000909 0.000031
0.098615 0.044710 0.000033 -0.000030
-0.000909 0.000033 0.471660 0.099273
0.000031 -0.000030 0.099273 0.044831
23.199827 1.238356 29.687042 1.928394
0.463747 0.097874 -0.002848 -0.000438
0.097874 0.044571 -0.000437 -0.000134
-0.002848 -0.000437 0.467481 0.098653
-0.000438 -0.000134 0.098653 0.044705
24.134014 1.305216 31.042837 2.011370
0.460862 0.097618 -0.005452 -0.000996
0.097618 0.044532 -0.000994 -0.000246
-0.005452 -0.000994 0.467021 0.098827
-0.000996 -0.000246 0.098827 0.044747
24.649941 1.276272 32.270788 2.058441
0.464763 0.098764 -0.005579 -0.000970
0.098764 0.044778 -0.000968 -0.000225
-0.005579 -0.000968 0.473017 0.100305
-0.000970 -0.000225 0.100305 0.045051
25.177339 1.252641 33.186151 2.034230
0.465410 0.099051 -0.004611 -0.000720
0.099051 0.044808 -0.000717 -0.000161
-0.004611 -0.000717 0.475063 0.100763
-0.000720 -0.000161 0.100763 0.045105
25.642841 1.218454 34.318761 2.058623
0.465874 0.099229 -0.008059 -0.001435
0.099229 0.044807 -0.001435 -0.000310
-0.008059 -0.001435 0.478006 0.101345
-0.001435 -0.000310 0.101345 0.045182
26.054580 1.176420 35.411400 2.071887
0.467393 0.099590 -0.005559 -0.000823
0.099590 0.044845 -0.000818 -0.000164
-0.005559 -0.000818 0.481937 0.102074
-0.000823 -0.000164 0.102074 0.045287
26.916146 1.234488 36.233412 2.026864
0.468322 0.099768 -0.003215 -0.000314
0.099768 0.044840 -0.000305 -0.000056
-0.003215 -0.000305 0.483728 0.102283
-0.000314 -0.000056 0.102283 0.045279
27.824698 1.296183 36.771450 1.926719
0.469396 0.099947 -0.003578 -0.000427
0.099947 0.044838 -0.000421 -0.000091
-0.003578 -0.000421 0.484400 0.102247
-0.000427 -0.000091 0.102247 0.045229
28.430550 1.287376 38.012844 1.985291
0.469274 0.099847 -0.008752 -0.001541
0.099847 0.044779 -0.001544 -0.000334
-0.008752 -0.001544 0.488183 0.102885
-0.001541 -0.000334 0.102885 0.045333
29.160696 1.305541 38.736957 1.928873
0.470594 0.100069 -0.005162 -0.000701
0.100069 0.044801 -0.000695 -0.000139
-0.005162 -0.000695 0.490247 0.103125
-0.000701 -0.000139 0.103125 0.045353
29.892098 1.322499 40.011508 1.994050
0.473634 0.100634 -0.006252 -0.000933
0.100634 0.044895 -0.000928 -0.000192
-0.006252 -0.000928 0.496887 0.104324
-0.000933 -0.000192 0.104324 0.045581
30.969010 1.410035 40.201078 1.825307
0.474023 0.100589 -0.006178 -0.000901
0.100589 0.044857 -0.000899 -0.000186
-0.006178 -0.000899 0.494292 0.103503
-0.000901 -0.000186 0.103503 0.045375
31.362304 1.343992 41.156848 1.834059
0.474397 0.100556 -0.008660 -0.001409
0.100556 0.044830 -0.001412 -0.000293
-0.008660 -0.001412 0.498295 0.104177
-0.001409 -0.000293 0.104177 0.045511
31.985161 1.333927 42.430173 1.908367
0.467810 0.099062 -0.016140 -0.002921
0.099062 0.044500 -0.002940 -0.000606
-0.016140 -0.002940 0.497874 0.103886
-0.002921 -0.000606 0.103886 0.045439
32.829580 1.371572 43.410787 1.914116
0.464675 0.098452 -0.022635 -0.004089
0.098452 0.044389 -0.004123 -0.000822
-0.022635 -0.004123 0.497824 0.103733
-0.004089 -0.000822 0.103733 0.045410
33.698928 1.410254 44.226556 1.885045
0.469772 0.099645 -0.024867 -0.004270
0.099645 0.044668 -0.004306 -0.000817
-0.024867 -0.004306 0.503022 0.104718
-0.004270 -0.000817 0.104718 0.045626
34.479501 1.427377 45.623201 1.979676
0.465186 0.098651 -0.029097 -0.004909
0.098651 0.044451 -0.004940 -0.000925
-0.029097 -0.004940 0.504856 0.104926
-0.004909 -0.000925 0.104926 0.045664
35.431241 1.476404 46.101124 1.874071
0.462406 0.098143 -0.029814 -0.004791
0.098143 0.044358 -0.004822 -0.000877
-0.029814 -0.004822 0.501146 0.104000
-0.004791 -0.000877 0.104000 0.045472
35.607880 1.359270 47.705624 2.010704
0.453958 0.096458 -0.032255 -0.005107
0.096458 0.044016 -0.005107 -0.000933
-0.032255 -0.005107 0.503388 0.104417
-0.005107 -0.000933 0.104417 0.045578
36.159968 1.330088 48.212235 1.906681
0.453659 0.096647 -0.035133 -0.005492
0.096647 0.044094 -0.005509 -0.001011
-0.035133 -0.005509 0.502842 0.104229
-0.005492 -0.001011 0.104229 0.045550
