3.421244 2.330622 -1.266331 -1.398591
2.382159 0.952884 -0.388046 -0.155222
0.952884 80.385229 -0.155222 -0.062090
-0.388046 -0.155222 2.401014 0.960427
-0.155222 -0.062090 0.960427 80.388246
4.831972 2.712147 -3.429343 -3.959362
2.166846 3.795570 -0.330785 -0.507116
3.795570 14.759838 -0.499368 -1.878127
-0.330785 -0.499368 2.411428 4.221287
-0.507116 -1.878127 4.221287 15.555457
5.573493 2.034737 -0.342380 1.819167
1.917237 2.220138 -0.227562 -0.251468
2.220138 4.394060 -0.249689 -0.559982
-0.227562 -0.249689 2.043635 2.330861
-0.251468 -0.559982 2.330861 4.532553
8.248620 3.431972 1.439079 2.541815
1.710878 1.443596 -0.168295 -0.145547
1.443596 1.888842 -0.144695 -0.229836
-0.168295 -0.144695 1.824420 1.523005
-0.145547 -0.229836 1.523005 1.969953
9.042621 2.823110 3.183339 2.855524
1.480527 0.975237 -0.145186 -0.102270
0.975237 0.962330 -0.101880 -0.119709
-0.145186 -0.101880 1.565354 1.022756
-0.102270 -0.119709 1.022756 1.003631
9.502539 2.305011 5.587240 3.384295
1.280836 0.692212 -0.107018 -0.063776
0.692212 0.553512 -0.063439 -0.063159
-0.107018 -0.063439 1.331417 0.715348
-0.063776 -0.063159 0.715348 0.573014
9.062882 1.578971 6.161356 2.880336
1.150036 0.528396 -0.112848 -0.057113
0.528396 0.355535 -0.056930 -0.043627
-0.112848 -0.056930 1.189070 0.544587
-0.057113 -0.043627 0.544587 0.368040
10.030186 1.652765 6.839298 2.575295
1.012382 0.405077 -0.086725 -0.038490
0.405077 0.239512 -0.038393 -0.026362
-0.086725 -0.038393 1.050389 0.419759
-0.038490 -0.026362 0.419759 0.249062
10.668143 1.588450 7.242987 2.261553
0.921508 0.328019 -0.069240 -0.027626
0.328019 0.173982 -0.027571 -0.017180
-0.069240 -0.027571 0.957971 0.340902
-0.027626 -0.017180 0.340902 0.181209
11.088004 1.467343 8.635023 2.346651
0.872981 0.280929 -0.061972 -0.022422
0.280929 0.135420 -0.022359 -0.012355
-0.061972 -0.022359 0.898228 0.289079
-0.022422 -0.012355 0.289079 0.139958
11.152655 1.271065 9.538132 2.268671
0.793736 0.233729 -0.056020 -0.018398
0.233729 0.106210 -0.018346 -0.009076
-0.056020 -0.018346 0.811982 0.239269
-0.018398 -0.009076 0.239269 0.109287
11.740436 1.257177 11.141811 2.397089
0.751412 0.205274 -0.043099 -0.013192
0.205274 0.088579 -0.013147 -0.006258
-0.043099 -0.013147 0.762530 0.208573
-0.013192 -0.006258 0.208573 0.090593
12.641760 1.326756 12.511812 2.440659
0.707772 0.181274 -0.036959 -0.010555
0.181274 0.075765 -0.010521 -0.004677
-0.036959 -0.010521 0.716078 0.183750
-0.010555 -0.004677 0.183750 0.077276
13.575705 1.392813 13.360805 2.350057
0.662758 0.160794 -0.025480 -0.006969
0.160794 0.066298 -0.006950 -0.003170
-0.025480 -0.006950 0.670798 0.163126
-0.006969 -0.003170 0.163126 0.067557
14.101722 1.353286 14.499517 2.341770
0.632771 0.146941 -0.021921 -0.005719
0.146941 0.060092 -0.005704 -0.002464
-0.021921 -0.005704 0.638087 0.148535
-0.005719 -0.002464 0.148535 0.061005
14.239015 1.232306 15.798455 2.370952
0.601244 0.134768 -0.016395 -0.004140
0.134768 0.055347 -0.004128 -0.001800
-0.016395 -0.004128 0.602477 0.135383
-0.004140 -0.001800 0.135383 0.055913
14.924339 1.247565 16.703378 2.309532
0.579090 0.126341 -0.010352 -0.002613
0.126341 0.052198 -0.002607 -0.001248
-0.010352 -0.002607 0.579828 0.126860
-0.002613 -0.001248 0.126860 0.052657
15.854426 1.313157 17.653875 2.265569
0.557687 0.119224 -0.007432 -0.001897
0.119224 0.049829 -0.001894 -0.000943
-0.007432 -0.001894 0.558516 0.119754
-0.001897 -0.000943 0.119754 0.050220
16.123546 1.231522 18.730646 2.253924
0.539640 0.113740 -0.004575 -0.001238
0.113740 0.048158 -0.001237 -0.000688
-0.004575 -0.001237 0.538744 0.113878
-0.001238 -0.000688 0.113878 0.048406
16.839226 1.252516 19.607176 2.201416
0.529239 0.110540 -0.006049 -0.001528
0.110540 0.047199 -0.001526 -0.000663
-0.006049 -0.001526 0.528297 0.110666
-0.001528 -0.000663 0.110666 0.047401
17.459079 1.251217 20.625557 2.184275
0.517124 0.107382 -0.003311 -0.000886
0.107382 0.046383 -0.000885 -0.000450
-0.003311 -0.000885 0.515824 0.107418
-0.000886 -0.000450 0.107418 0.046529
17.924106 1.217933 21.800614 2.201549
0.501791 0.103921 -0.001630 -0.000509
0.103921 0.045604 -0.000509 -0.000315
-0.001630 -0.000509 0.499941 0.103823
-0.000509 -0.000315 0.103823 0.045691
18.756769 1.264308 22.846149 2.189996
0.500211 0.103660 -0.000013 -0.000169
0.103660 0.045566 -0.000171 -0.000204
-0.000013 -0.000171 0.498782 0.103643
-0.000169 -0.000204 0.103643 0.045647
19.546916 1.297250 23.465175 2.090974
0.495931 0.102857 0.000159 -0.000146
0.102857 0.045415 -0.000148 -0.000169
0.000159 -0.000148 0.494681 0.102855
-0.000146 -0.000169 0.102855 0.045477
19.834481 1.222194 24.681562 2.126683
0.494434 0.102695 0.000254 -0.000129
0.102695 0.045405 -0.000130 -0.000139
0.000254 -0.000130 0.493409 0.102713
-0.000129 -0.000139 0.102713 0.045454
20.522062 1.238271 25.274174 2.028553
0.488878 0.101683 0.001893 0.000220
0.101683 0.045212 0.000219 -0.000043
0.001893 0.000219 0.487978 0.101697
0.000220 -0.000043 0.101697 0.045245
21.105288 1.230919 25.956605 1.959280
0.483010 0.100678 0.002691 0.000369
0.100678 0.045030 0.000368 0.000003
0.002691 0.000368 0.482443 0.100731
0.000369 0.000003 0.100731 0.045059
22.051120 1.299982 26.920534 1.955841
0.482311 0.100812 0.005185 0.000867
0.100812 0.045091 0.000864 0.000117
0.005185 0.000864 0.482643 0.101022
0.000867 0.000117 0.101022 0.045142
22.711296 1.302153 27.835126 1.942556
0.474067 0.099316 -0.000471 -0.000378
0.099316 0.044793 -0.000379 -0.000141
-0.000471 -0.000379 0.475432 0.099697
-0.000378 -0.000141 0.099697 0.044870
22.667684 1.155865 29.408588 2.069491
0.471503 0.099104 0.004838 0.000806
0.099104 0.044777 0.000803 0.000133
0.004838 0.000803 0.475485 0.099980
0.000806 0.000133 0.099980 0.044949
23.475289 1.204437 30.170993 2.011980
0.472764 0.099668 0.003893 0.000558
0.099668 0.044913 0.000555 0.000079
0.003893 0.000555 0.477142 0.100533
0.000558 0.000079 0.100533 0.045066
24.060305 1.200636 31.459936 2.071676
0.475825 0.100509 0.002538 0.000254
0.100509 0.045083 0.000250 0.000020
0.002538 0.000250 0.482286 0.101732
0.000254 0.000020 0.101732 0.045303
24.519220 1.170775 32.439858 2.059963
0.477731 0.100987 0.001817 0.000119
0.100987 0.045155 0.000115 0.000003
0.001817 0.000115 0.485596 0.102402
0.000119 0.000003 0.102402 0.045404
25.311290 1.214541 33.320169 2.028331
0.478773 0.101210 0.004330 0.000679
0.101210 0.045165 0.000677 0.000132
0.004330 0.000677 0.487623 0.102727
0.000679 0.000132 0.102727 0.045426
26.153293 1.264008 34.596655 2.083401
0.478832 0.101195 -0.001639 -0.000600
0.101195 0.045126 -0.000609 -0.000140
-0.001639 -0.000609 0.490392 0.103184
-0.000600 -0.000140 0.103184 0.045481
27.297840 1.372293 35.621816 2.079760
0.475214 0.100395 -0.005717 -0.001355
0.100395 0.044926 -0.001367 -0.000276
-0.005717 -0.001367 0.488494 0.102624
-0.001355 -0.000276 0.102624 0.045323
27.682372 1.308546 36.144118 1.971122
0.474775 0.100337 -0.003487 -0.000726
0.100337 0.044902 -0.000733 -0.000114
-0.003487 -0.000733 0.488367 0.102504
-0.000726 -0.000114 0.102504 0.045279
27.893236 1.214754 36.817419 1.905546
0.471362 0.099645 -0.002510 -0.000440
0.099645 0.044746 -0.000444 -0.000046
-0.002510 -0.000444 0.486922 0.102129
-0.000440 -0.000046 0.102129 0.045190
29.122315 1.346240 37.569558 1.863643
0.479136 0.101375 -0.002170 -0.000325
0.101375 0.045114 -0.000327 -0.000023
-0.002170 -0.000327 0.493872 0.103560
-0.000325 -0.000023 0.103560 0.045490
29.524095 1.289020 38.940229 1.955441
0.471093 0.099581 -0.001451 -0.000155
0.099581 0.044702 -0.000153 0.000008
-0.001451 -0.000153 0.492079 0.103029
-0.000155 0.000008 0.103029 0.045355
30.266739 1.309895 40.279880 2.031189
0.462770 0.097900 -0.008346 -0.001599
0.097900 0.044353 -0.001613 -0.000306
-0.008346 -0.001613 0.489138 0.102326
-0.001599 -0.000306 0.102326 0.045202
30.546413 1.230501 41.604889 2.095690
0.464462 0.098487 -0.007747 -0.001340
0.098487 0.044510 -0.001346 -0.000232
-0.007747 -0.001346 0.495525 0.103657
-0.001340 -0.000232 0.103657 0.045491
31.145029 1.227122 42.847323 2.136336
0.464174 0.098564 -0.009496 -0.001616
0.098564 0.044535 -0.001624 -0.000285
-0.009496 -0.001624 0.499031 0.104263
-0.001616 -0.000285 0.104263 0.045604
31.952927 1.267747 43.221377 1.991723
0.462796 0.098379 -0.010729 -0.001775
0.098379 0.044496 -0.001788 -0.000313
-0.010729 -0.001788 0.495795 0.103423
-0.001775 -0.000313 0.103423 0.045411
32.381997 1.223506 43.675061 1.878428
0.463081 0.098548 -0.008324 -0.001175
0.098548 0.044532 -0.001175 -0.000181
-0.008324 -0.001175 0.495772 0.103361
-0.001175 -0.000181 0.103361 0.045404
32.608777 1.141649 44.721557 1.900302
0.454941 0.096881 -0.009900 -0.001489
0.096881 0.044168 -0.001488 -0.000259
-0.009900 -0.001488 0.494020 0.102952
-0.001489 -0.000259 0.102952 0.045326
33.427593 1.194860 45.876139 1.943252
0.458317 0.097802 -0.018169 -0.003161
0.097802 0.044382 -0.003198 -0.000619
-0.018169 -0.003198 0.500491 0.104297
-0.003161 -0.000619 0.104297 0.045620
34.201610 1.233175 47.180033 2.012752
0.461074 0.098481 -0.018208 -0.002974
0.098481 0.044519 -0.002996 -0.000553
-0.018208 -0.002996 0.507191 0.105579
-0.002974 -0.000553 0.105579 0.045878
34.808771 1.231265 48.236791 2.023203
0.462882 0.098860 -0.024420 -0.004116
0.098860 0.044575 -0.004164 -0.000786
-0.024420 -0.004164 0.512184 0.106388
-0.004116 -0.000786 0.106388 0.046018
35.103058 1.162886 49.354750 2.044439
0.461507 0.098527 -0.024329 -0.003874
0.098527 0.044477 -0.003900 -0.000710
-0.024329 -0.003900 0.515805 0.106880
-0.003874 -0.000710 0.106880 0.046092
