5.197140 3.040995 -1.595552 -1.530282
2.355929 0.942392 -0.115751 -0.046302
0.942392 80.381032 -0.046302 -0.018521
-0.115751 -0.046302 2.411935 0.964795
-0.046302 -0.018521 0.964795 80.389993
7.402278 4.309012 3.978927 9.593154
2.255730 3.965331 -0.111665 -0.172979
3.965331 15.027426 -0.173396 -0.601242
-0.111665 -0.173396 2.268502 3.976683
-0.172979 -0.601242 3.976683 15.191129
8.369923 2.927667 2.870028 2.783941
1.934612 2.225895 -0.053767 -0.056553
2.225895 4.385072 -0.056622 -0.146093
-0.053767 -0.056622 1.973050 2.273733
-0.056553 -0.146093 2.273733 4.479582
6.968201 0.519298 3.750758 2.357202
1.736352 1.459759 -0.066302 -0.057770
1.459759 1.901700 -0.057770 -0.082208
-0.066302 -0.057770 1.760679 1.481095
-0.057770 -0.082208 1.481095 1.932679
6.211946 -0.147027 4.054433 1.783204
1.458965 0.958318 -0.078711 -0.053251
0.958318 0.951979 -0.053237 -0.050701
-0.078711 -0.053237 1.476401 0.970463
-0.053251 -0.050701 0.970463 0.966054
6.585656 0.094619 5.613903 2.144482
1.300866 0.703189 -0.037906 -0.020681
0.703189 0.561089 -0.020689 -0.019279
-0.037906 -0.020689 1.310608 0.709084
-0.020681 -0.019279 0.709084 0.567623
6.503737 0.035332 6.579328 2.095437
1.162086 0.533685 -0.019806 -0.009737
0.533685 0.358824 -0.009748 -0.009571
-0.019806 -0.009748 1.166922 0.536571
-0.009737 -0.009571 0.536571 0.362216
7.570022 0.454965 7.412140 2.008328
1.033066 0.413229 -0.027509 -0.012019
0.413229 0.243381 -0.012020 -0.008273
-0.027509 -0.012020 1.039097 0.416310
-0.012019 -0.008273 0.416310 0.245978
9.134115 0.929937 8.825108 2.152769
0.947969 0.337153 -0.029610 -0.011389
0.337153 0.177600 -0.011388 -0.006398
-0.029610 -0.011388 0.954357 0.339995
-0.011389 -0.006398 0.339995 0.179531
9.914502 1.031150 10.047510 2.199535
0.863530 0.277387 -0.033184 -0.011249
0.277387 0.134478 -0.011244 -0.005223
-0.033184 -0.011244 0.867782 0.279198
-0.011249 -0.005223 0.279198 0.135689
10.936832 1.180633 10.202894 1.920948
0.799095 0.235231 -0.024898 -0.007597
0.235231 0.106906 -0.007597 -0.003342
-0.024898 -0.007597 0.804850 0.237295
-0.007597 -0.003342 0.237295 0.107962
12.901059 1.555957 10.799099 1.821124
0.747073 0.204057 -0.015453 -0.004333
0.204057 0.088449 -0.004337 -0.001981
-0.015453 -0.004337 0.754950 0.206480
-0.004333 -0.001981 0.206480 0.089428
14.172003 1.682375 11.096288 1.663737
0.701051 0.179667 -0.014407 -0.003783
0.179667 0.075544 -0.003785 -0.001577
-0.014407 -0.003785 0.709443 0.181969
-0.003783 -0.001577 0.181969 0.076352
14.382166 1.529021 12.345853 1.765294
0.664843 0.161545 -0.015127 -0.003717
0.161545 0.066659 -0.003718 -0.001366
-0.015127 -0.003718 0.670451 0.162951
-0.003717 -0.001366 0.162951 0.067147
14.936450 1.480189 13.932899 1.929059
0.628303 0.146094 -0.009096 -0.002069
0.146094 0.060026 -0.002070 -0.000827
-0.009096 -0.002070 0.631639 0.146863
-0.002069 -0.000827 0.146863 0.060310
15.014160 1.331464 15.087867 1.971757
0.600223 0.134782 -0.008224 -0.001793
0.134782 0.055466 -0.001794 -0.000676
-0.008224 -0.001794 0.601924 0.135144
-0.001793 -0.000676 0.135144 0.055627
14.689596 1.115034 16.162885 1.991112
0.573987 0.125451 -0.008108 -0.001699
0.125451 0.052092 -0.001700 -0.000587
-0.008108 -0.001700 0.574044 0.125450
-0.001699 -0.000587 0.125450 0.052158
15.492369 1.167696 17.724924 2.112554
0.551602 0.118191 -0.009047 -0.001830
0.118191 0.049687 -0.001831 -0.000559
-0.009047 -0.001831 0.551062 0.118088
-0.001830 -0.000559 0.118088 0.049723
15.980547 1.147400 18.549269 2.063483
0.534392 0.112951 -0.009165 -0.001765
0.112951 0.048065 -0.001766 -0.000496
-0.009165 -0.001766 0.533606 0.112824
-0.001765 -0.000496 0.112824 0.048089
16.706985 1.179377 19.526094 2.052041
0.521186 0.109199 -0.004809 -0.000768
0.109199 0.046982 -0.000769 -0.000248
-0.004809 -0.000769 0.520376 0.109088
-0.000768 -0.000248 0.109088 0.047004
17.234854 1.166215 19.927555 1.921732
0.512134 0.106756 -0.001498 -0.000086
0.106756 0.046315 -0.000087 -0.000092
-0.001498 -0.000087 0.511361 0.106668
-0.000086 -0.000092 0.106668 0.046336
17.890847 1.181438 21.107209 1.967278
0.502459 0.104463 -0.003786 -0.000626
0.104463 0.045764 -0.000627 -0.000204
-0.003786 -0.000627 0.501651 0.104374
-0.000626 -0.000204 0.104374 0.045778
18.040126 1.089939 22.843459 2.123671
0.499429 0.103791 -0.003580 -0.000583
0.103791 0.045609 -0.000584 -0.000181
-0.003580 -0.000584 0.498392 0.103660
-0.000583 -0.000181 0.103660 0.045609
19.372671 1.253676 23.979247 2.139316
0.492888 0.102454 -0.004690 -0.000814
0.102454 0.045331 -0.000814 -0.000219
-0.004690 -0.000814 0.492376 0.102438
-0.000814 -0.000219 0.102438 0.045350
19.928317 1.239016 25.464159 2.225797
0.485771 0.101115 -0.007543 -0.001384
0.101115 0.045074 -0.001383 -0.000324
-0.007543 -0.001383 0.485552 0.101151
-0.001384 -0.000324 0.101151 0.045098
20.362787 1.200076 25.990536 2.103218
0.483400 0.100871 -0.004013 -0.000567
0.100871 0.045060 -0.000567 -0.000134
-0.004013 -0.000567 0.483089 0.100875
-0.000567 -0.000134 0.100875 0.045071
21.295875 1.269446 26.515276 1.993135
0.480566 0.100518 -0.002107 -0.000174
0.100518 0.045012 -0.000174 -0.000051
-0.002107 -0.000174 0.480357 0.100533
-0.000174 -0.000051 0.100533 0.045022
22.457497 1.379894 27.470411 1.984695
0.478573 0.100336 -0.000755 0.000069
0.100336 0.044994 0.000069 -0.000006
-0.000755 0.000069 0.478760 0.100423
0.000069 -0.000006 0.100423 0.045015
23.365382 1.425611 28.258472 1.941837
0.477385 0.100302 0.001235 0.000430
0.100302 0.044997 0.000430 0.000062
0.001235 0.000430 0.477820 0.100425
0.000430 0.000062 0.100425 0.045022
23.638672 1.333147 29.489998 1.996619
0.476038 0.100199 0.001442 0.000390
0.100199 0.044977 0.000390 0.000043
0.001442 0.000390 0.477225 0.100463
0.000390 0.000043 0.100463 0.045028
24.429259 1.359283 30.272706 1.951179
0.476562 0.100466 0.003571 0.000772
0.100466 0.045029 0.000772 0.000118
0.003571 0.000772 0.477979 0.100749
0.000772 0.000118 0.100749 0.045079
25.467064 1.434869 31.221856 1.945546
0.475587 0.100361 0.003423 0.000648
0.100361 0.044992 0.000648 0.000083
0.003423 0.000648 0.477398 0.100700
0.000648 0.000083 0.100700 0.045051
25.987914 1.393508 31.658353 1.832419
0.476287 0.100594 0.001774 0.000233
0.100594 0.045026 0.000233 -0.000006
0.001774 0.000233 0.478081 0.100902
0.000233 -0.000006 0.100902 0.045076
26.454288 1.344798 32.669662 1.852571
0.475658 0.100505 -0.004524 -0.001111
0.100505 0.044986 -0.001113 -0.000282
-0.004524 -0.001113 0.478272 0.100965
-0.001111 -0.000282 0.100965 0.045068
26.806857 1.277219 33.321639 1.794688
0.474365 0.100266 -0.003556 -0.000789
0.100266 0.044917 -0.000790 -0.000182
-0.003556 -0.000790 0.477419 0.100788
-0.000789 -0.000182 0.100788 0.045009
27.659136 1.322421 34.465452 1.846743
0.473833 0.100197 -0.001834 -0.000349
0.100197 0.044889 -0.000350 -0.000072
-0.001834 -0.000350 0.477749 0.100869
-0.000349 -0.000072 0.100869 0.045011
28.166431 1.289797 34.909277 1.745477
0.477810 0.101075 -0.004174 -0.000816
0.101075 0.045063 -0.000818 -0.000166
-0.004174 -0.000818 0.481607 0.101679
-0.000816 -0.000166 0.101679 0.045167
28.280012 1.177447 35.712521 1.730671
0.475812 0.100595 -0.005178 -0.000962
0.100595 0.044933 -0.000963 -0.000186
-0.005178 -0.000963 0.480643 0.101390
-0.000962 -0.000186 0.101390 0.045078
28.759245 1.154418 36.855111 1.789082
0.476885 0.100811 -0.004073 -0.000656
0.100811 0.044965 -0.000656 -0.000112
-0.004073 -0.000656 0.482930 0.101821
-0.000656 -0.000112 0.101821 0.045153
30.011134 1.297286 38.340299 1.913840
0.473150 0.099987 -0.004561 -0.000728
0.099987 0.044776 -0.000727 -0.000127
-0.004561 -0.000727 0.480637 0.101249
-0.000728 -0.000127 0.101249 0.045014
31.015041 1.372653 39.752422 2.009911
0.475345 0.100493 -0.009361 -0.001704
0.100493 0.044885 -0.001707 -0.000333
-0.009361 -0.001707 0.484083 0.101947
-0.001704 -0.000333 0.101947 0.045157
31.077345 1.240722 40.744379 2.006670
0.474880 0.100384 -0.009041 -0.001518
0.100384 0.044853 -0.001519 -0.000278
-0.009041 -0.001519 0.485080 0.102071
-0.001518 -0.000278 0.102071 0.045169
31.622933 1.224978 41.811627 2.020034
0.473251 0.100036 -0.010794 -0.001803
0.100036 0.044774 -0.001805 -0.000332
-0.010794 -0.001805 0.484662 0.101894
-0.001803 -0.000332 0.101894 0.045120
31.975892 1.170132 42.852251 2.026158
0.470505 0.099487 -0.009016 -0.001335
0.099487 0.044661 -0.001332 -0.000227
-0.009016 -0.001332 0.483388 0.101570
-0.001335 -0.000227 0.101570 0.045049
32.434943 1.143396 43.813114 2.015027
0.473365 0.100167 -0.009863 -0.001472
0.100167 0.044814 -0.001470 -0.000261
-0.009863 -0.001470 0.487051 0.102320
-0.001472 -0.000261 0.102320 0.045212
33.161368 1.176598 45.157948 2.086052
0.471203 0.099710 -0.010034 -0.001470
0.099710 0.044711 -0.001465 -0.000265
-0.010034 -0.001465 0.486861 0.102197
-0.001470 -0.000265 0.102197 0.045178
33.953042 1.219281 45.934895 2.030512
0.473000 0.100134 -0.008881 -0.001194
0.100134 0.044803 -0.001188 -0.000212
-0.008881 -0.001188 0.488668 0.102519
-0.001194 -0.000212 0.102519 0.045244
34.759131 1.261125 47.129551 2.068401
0.468326 0.099139 -0.008746 -0.001174
0.099139 0.044585 -0.001167 -0.000220
-0.008746 -0.001167 0.485927 0.101865
-0.001174 -0.000220 0.101865 0.045102
34.966321 1.170660 47.624378 1.954733
0.467191 0.098981 -0.011634 -0.001789
0.098981 0.044563 -0.001789 -0.000360
-0.011634 -0.001789 0.485228 0.101711
-0.001789 -0.000360 0.101711 0.045079
35.878677 1.239815 48.464486 1.926442
0.465656 0.098742 -0.013746 -0.002185
0.098742 0.044521 -0.002189 -0.000442
-0.013746 -0.002189 0.484387 0.101546
-0.002185 -0.000442 0.101546 0.045056
