-1.709758 0.278177 7.646764 2.166725
41.811609 16.725006 -56.553209 -22.621774
16.725006 86.694214 -22.621774 -9.048906
-56.553209 -22.621774 80.553373 32.222047
-22.621774 -9.048906 32.222047 92.893165
-0.190291 0.837909 6.581808 0.983652
43.854328 14.149698 -73.974477 -43.071826
14.149698 26.660414 -20.917430 -32.230815
-73.974477 -20.917430 129.429844 77.110061
-43.071826 -32.230815 77.110061 81.293231
-0.093618 1.329933 9.063044 2.016346
50.672763 27.805529 -75.175327 -39.020195
27.805529 25.812193 -39.844063 -33.690120
-75.175327 -39.844063 114.704373 59.538145
-39.020195 -33.690120 59.538145 51.077427
-0.027895 1.015104 10.833204 2.360420
50.002736 21.434331 -82.182472 -37.494528
21.434331 15.117628 -34.371118 -23.657954
-82.182472 -34.371118 138.369743 63.181974
-37.494528 -23.657954 63.181974 41.225586
0.346008 0.990782 12.357713 2.489659
34.461202 11.540230 -64.770343 -25.265153
11.540230 7.626918 -20.915919 -13.386358
-64.770343 -20.915919 125.263917 48.670288
-25.265153 -13.386358 48.670288 26.980277
4.578410 2.215147 6.603605 0.018472
23.224535 6.094506 -50.065469 -16.589338
6.094506 4.136644 -12.266015 -7.637738
-50.065469 -12.266015 111.708790 36.470926
-16.589338 -7.637738 36.470926 17.402121
5.475212 2.200751 7.247059 0.172754
6.159395 2.903358 -8.371359 -3.770742
2.903358 2.995639 -3.475463 -4.020770
-8.371359 -3.475463 13.303803 5.264740
-3.770742 -4.020770 5.264740 5.965969
5.557285 1.856913 9.607665 0.964995
8.484421 3.965088 -9.944871 -4.729573
3.965088 2.855177 -4.491034 -3.676761
-9.944871 -4.491034 12.938047 5.809997
-4.729573 -3.676761 5.809997 5.134051
7.102313 2.121164 11.254152 1.331728
12.423186 5.087220 -15.135592 -6.388323
5.087220 2.733134 -6.191455 -3.603202
-15.135592 -6.191455 19.494615 8.159573
-6.388323 -3.603202 8.159573 5.046734
8.770665 2.315599 11.621596 1.244891
16.592006 5.917580 -21.013585 -7.741437
5.917580 2.557405 -7.543650 -3.448977
-21.013585 -7.543650 27.649991 10.237106
-7.741437 -3.448977 10.237106 4.892955
10.021825 2.395065 11.303925 0.863694
22.117920 6.855261 -27.851864 -8.897401
6.855261 2.447789 -8.698252 -3.253269
-27.851864 -8.698252 36.143481 11.651513
-8.897401 -3.253269 11.651513 4.536649
15.066888 3.518673 5.696465 -0.970501
22.322486 6.007534 -26.835439 -7.369867
6.007534 1.861033 -7.289211 -2.352044
-26.835439 -7.289211 33.337621 9.289317
-7.369867 -2.352044 9.289317 3.165299
12.982258 2.582227 10.015656 0.232916
2.724858 0.564503 -1.782830 -0.238036
0.564503 0.307267 -0.403246 -0.320554
-1.782830 -0.403246 1.720454 0.365686
-0.238036 -0.320554 0.365686 0.522460
14.123222 2.434844 11.182217 0.690619
3.346419 0.715813 -2.176617 -0.398740
0.715813 0.307275 -0.526263 -0.303996
-2.176617 -0.526263 1.917101 0.490868
-0.398740 -0.303996 0.490868 0.463982
15.681752 2.485211 11.452146 0.717642
4.110275 0.866938 -2.712466 -0.554905
0.866938 0.307415 -0.647566 -0.289719
-2.712466 -0.647566 2.313545 0.621705
-0.554905 -0.289719 0.621705 0.418224
15.801102 2.110122 13.622675 1.371730
4.680629 0.903502 -2.829290 -0.503788
0.903502 0.273791 -0.607989 -0.223846
-2.829290 -0.607989 2.152890 0.512894
-0.503788 -0.223846 0.512894 0.307654
16.679659 2.008505 14.937938 1.626955
5.492198 1.024026 -3.433969 -0.639213
1.024026 0.274296 -0.699759 -0.217665
-3.433969 -0.699759 2.596488 0.602867
-0.639213 -0.217665 0.602867 0.279309
17.346885 2.006544 15.467583 1.456010
6.404330 1.140957 -4.133980 -0.765549
1.140957 0.275931 -0.798697 -0.216768
-4.133980 -0.798697 3.205510 0.720412
-0.765549 -0.216768 0.720412 0.271800
18.321115 2.029245 15.925105 1.348544
7.471528 1.256322 -4.879128 -0.858374
1.256322 0.275401 -0.875565 -0.207926
-4.879128 -0.875565 3.764906 0.782069
-0.858374 -0.207926 0.782069 0.250003
17.966574 1.759815 18.189599 1.737400
7.395604 1.138476 -4.420291 -0.651193
1.138476 0.232455 -0.715317 -0.146827
-4.420291 -0.715317 3.100657 0.548647
-0.651193 -0.146827 0.548647 0.167228
20.955646 2.067135 17.812557 1.564727
3.938430 0.602992 -2.806528 -0.478288
0.602992 0.145781 -0.460227 -0.111916
-2.806528 -0.460227 2.503337 0.504160
-0.478288 -0.111916 0.504160 0.157296
20.400678 1.820399 20.024986 1.835042
1.862364 0.251940 -0.778188 -0.047961
0.251940 0.084186 -0.120093 -0.035576
-0.778188 -0.120093 0.681848 0.126820
-0.047961 -0.035576 0.126820 0.073720
20.815890 1.747860 21.255476 1.882768
2.104918 0.290714 -0.850294 -0.062392
0.290714 0.088434 -0.132769 -0.034485
-0.850294 -0.132769 0.758551 0.146602
-0.062392 -0.034485 0.146602 0.073657
21.657118 1.745103 22.152483 1.867755
2.128151 0.295801 -0.839781 -0.069521
0.295801 0.087807 -0.133607 -0.033034
-0.839781 -0.133607 0.872103 0.179233
-0.069521 -0.033034 0.179233 0.077917
22.272713 1.707037 23.275170 1.900376
2.378570 0.331445 -0.920675 -0.082959
0.331445 0.091465 -0.145782 -0.032527
-0.920675 -0.145782 1.047726 0.215173
-0.082959 -0.032527 0.215173 0.081995
23.126869 1.704896 24.337186 1.928134
2.618690 0.362320 -0.987384 -0.092075
0.362320 0.094160 -0.152115 -0.031005
-0.987384 -0.152115 1.151631 0.227907
-0.092075 -0.031005 0.227907 0.080096
23.588693 1.648778 25.626824 1.984100
2.733152 0.376236 -1.196185 -0.139752
0.376236 0.094785 -0.176474 -0.034813
-1.196185 -0.176474 1.301953 0.242378
-0.139752 -0.034813 0.242378 0.077218
24.358861 1.643478 26.422747 1.938434
3.040506 0.412551 -1.352784 -0.159153
0.412551 0.098121 -0.189285 -0.034364
-1.352784 -0.189285 1.215783 0.206006
-0.159153 -0.034364 0.206006 0.065339
25.333140 1.662854 27.658376 2.001823
3.395940 0.452145 -1.573182 -0.187905
0.452145 0.101721 -0.211118 -0.035820
-1.573182 -0.211118 1.328448 0.214834
-0.187905 -0.035820 0.214834 0.064490
25.268808 1.542799 28.183188 1.865098
3.533374 0.459064 -1.846538 -0.233696
0.459064 0.100722 -0.238218 -0.039640
-1.846538 -0.238218 1.398770 0.212157
-0.233696 -0.039640 0.212157 0.060803
25.208322 1.425209 28.742574 1.749695
3.852363 0.488470 -2.084178 -0.259313
0.488470 0.102712 -0.259192 -0.040887
-2.084178 -0.259192 1.472720 0.212154
-0.259313 -0.040887 0.212154 0.058949
24.536153 1.216203 29.016916 1.550920
4.257398 0.526240 -2.340143 -0.282457
0.526240 0.105580 -0.282216 -0.042194
-2.340143 -0.282216 1.539647 0.209334
-0.282457 -0.042194 0.209334 0.056652
24.428274 1.138850 30.387375 1.641942
4.500564 0.547328 -2.363629 -0.261478
0.547328 0.107062 -0.274991 -0.037793
-2.363629 -0.274991 1.522029 0.200677
-0.261478 -0.037793 0.200677 0.055565
25.205577 1.162457 31.080529 1.625919
4.305422 0.522162 -2.029341 -0.188969
0.522162 0.103743 -0.230577 -0.028358
-2.029341 -0.230577 1.245616 0.155920
-0.188969 -0.028358 0.155920 0.049453
25.103543 1.103684 32.597548 1.745453
4.729903 0.564607 -2.118523 -0.181479
0.564607 0.107784 -0.234469 -0.026658
-2.118523 -0.234469 1.270601 0.156711
-0.181479 -0.026658 0.156711 0.049992
25.639765 1.112233 33.658124 1.788333
4.932462 0.583982 -1.995181 -0.141458
0.583982 0.109475 -0.217168 -0.021854
-1.995181 -0.217168 1.139655 0.134963
-0.141458 -0.021854 0.134963 0.047288
25.640069 1.075095 35.264130 1.918339
5.425042 0.630719 -2.050813 -0.129972
0.630719 0.113706 -0.219009 -0.020333
-2.050813 -0.219009 1.129814 0.131593
-0.129972 -0.020333 0.131593 0.047148
26.920341 1.147895 35.730431 1.850414
5.787842 0.664179 -1.946534 -0.092976
0.664179 0.116620 -0.206381 -0.016595
-1.946534 -0.206381 0.986923 0.107809
-0.092976 -0.016595 0.107809 0.043847
27.585256 1.160110 36.670274 1.859171
6.434012 0.716671 -2.122568 -0.109211
0.716671 0.120428 -0.221019 -0.018476
-2.122568 -0.221019 1.030550 0.112237
-0.109211 -0.018476 0.112237 0.044053
28.783034 1.251461 37.971633 1.980555
7.090346 0.765489 -2.328562 -0.132042
0.765489 0.123621 -0.236399 -0.020621
-2.328562 -0.236399 1.114208 0.124182
-0.132042 -0.020621 0.124182 0.045653
29.865409 1.310432 39.091982 2.035850
7.573128 0.789293 -2.574849 -0.172884
0.789293 0.123698 -0.254227 -0.024531
-2.574849 -0.254227 1.229812 0.140401
-0.172884 -0.024531 0.140401 0.047150
30.877386 1.351295 40.112243 2.055733
7.887020 0.793008 -2.832936 -0.221431
0.793008 0.121726 -0.271307 -0.028855
-2.832936 -0.271307 1.371274 0.160590
-0.221431 -0.028855 0.160590 0.049120
30.503013 1.231480 41.074886 1.984446
7.996726 0.774910 -3.097456 -0.276721
0.774910 0.117706 -0.287268 -0.033514
-3.097456 -0.287268 1.536424 0.183956
-0.276721 -0.033514 0.183956 0.051367
31.680970 1.291070 42.005198 2.000916
8.675811 0.819437 -3.429741 -0.309867
0.819437 0.120735 -0.310220 -0.035773
-3.429741 -0.310220 1.694923 0.199785
-0.309867 -0.035773 0.199785 0.052944
33.262142 1.399181 43.139365 2.082899
9.213899 0.845905 -3.772461 -0.350345
0.845905 0.121757 -0.331185 -0.038411
-3.772461 -0.331185 1.897149 0.223649
-0.350345 -0.038411 0.223649 0.055821
32.751491 1.268299 44.194816 2.018668
9.319411 0.826091 -4.081886 -0.403249
0.826091 0.118038 -0.346310 -0.042052
-4.081886 -0.346310 2.127113 0.253269
-0.403249 -0.042052 0.253269 0.059049
33.635194 1.291754 45.128829 2.015969
10.064051 0.872531 -4.500563 -0.438151
0.872531 0.121240 -0.373108 -0.044141
-4.500563 -0.373108 2.353129 0.272585
-0.438151 -0.044141 0.272585 0.060677
34.358782 1.305998 46.242029 2.044089
10.780880 0.912278 -4.948282 -0.478084
0.912278 0.123556 -0.399932 -0.046500
-4.948282 -0.399932 2.616490 0.296799
-0.478084 -0.046500 0.296799 0.062980
34.076177 1.182260 46.909966 1.909378
11.514024 0.950043 -5.434643 -0.521858
0.950043 0.125423 -0.429187 -0.049346
-5.434643 -0.429187 2.894047 0.319524
-0.521858 -0.049346 0.319524 0.064524
35.403797 1.209110 46.994720 1.761441
12.443281 1.009789 -5.896821 -0.544061
1.009789 0.129678 -0.458233 -0.050577
-5.896821 -0.458233 3.115754 0.329208
-0.544061 -0.050577 0.329208 0.064382
