4.737079 2.856967 -0.848903 -1.231616
2.408049 0.963240 -0.090272 -0.036110
0.963240 80.389371 -0.036110 -0.014444
-0.090272 -0.036110 2.433686 0.973496
-0.036110 -0.014444 0.973496 80.393473
5.638895 1.943728 -0.136439 1.090818
2.260594 3.964319 -0.041627 -0.055155
3.964319 15.161655 -0.055021 -0.327101
-0.041627 -0.055021 2.289560 4.010012
-0.055155 -0.327101 4.010012 15.307216
7.166149 2.583677 0.651424 1.369364
2.051029 2.364524 -0.073363 -0.087189
2.364524 4.581606 -0.087204 -0.163766
-0.073363 -0.087204 2.079800 2.395732
-0.087189 -0.163766 2.395732 4.635304
6.655282 1.074271 1.196921 1.253062
1.709436 1.431322 -0.040794 -0.034278
1.431322 1.886075 -0.034270 -0.050689
-0.040794 -0.034270 1.731332 1.448609
-0.034278 -0.050689 1.448609 1.907609
8.446803 1.897891 4.136652 2.772658
1.451900 0.954734 -0.042711 -0.028858
0.954734 0.956748 -0.028855 -0.029703
-0.042711 -0.028855 1.465271 0.963025
-0.028858 -0.029703 0.963025 0.965779
9.039089 1.704167 6.739417 3.432047
1.289378 0.698884 -0.019881 -0.011212
0.698884 0.563091 -0.011208 -0.011840
-0.019881 -0.011208 1.295800 0.702288
-0.011212 -0.011840 0.702288 0.567069
7.880219 0.777878 7.346167 2.921822
1.157921 0.533801 -0.015537 -0.007942
0.533801 0.361617 -0.007939 -0.007302
-0.015537 -0.007939 1.160944 0.535414
-0.007942 -0.007302 0.535414 0.363767
7.449907 0.448722 9.005528 3.002238
1.051710 0.422360 -0.013383 -0.006219
0.422360 0.248748 -0.006214 -0.004907
-0.013383 -0.006214 1.051134 0.422488
-0.006219 -0.004907 0.422488 0.249769
8.433426 0.720223 9.528073 2.652224
0.939486 0.335021 -0.008834 -0.003910
0.335021 0.177803 -0.003910 -0.003037
-0.008834 -0.003910 0.940288 0.335740
-0.003910 -0.003037 0.335740 0.178755
9.684927 1.007974 10.234856 2.451631
0.864507 0.278588 -0.006714 -0.002868
0.278588 0.135565 -0.002870 -0.002092
-0.006714 -0.002870 0.866449 0.279626
-0.002868 -0.002092 0.279626 0.136397
10.753354 1.174673 11.390583 2.430464
0.799418 0.236021 -0.003967 -0.001802
0.236021 0.107615 -0.001804 -0.001380
-0.003967 -0.001804 0.801193 0.236893
-0.001802 -0.001380 0.236893 0.108226
12.522375 1.498488 12.384374 2.368823
0.747682 0.204779 -0.000849 -0.000806
0.204779 0.088978 -0.000809 -0.000852
-0.000849 -0.000809 0.750211 0.205761
-0.000806 -0.000852 0.205761 0.089502
12.453399 1.288538 13.235874 2.283821
0.698328 0.179409 -0.003333 -0.001395
0.179409 0.075709 -0.001396 -0.000838
-0.003333 -0.001396 0.699696 0.179980
-0.001395 -0.000838 0.179980 0.076038
13.399696 1.362415 13.923164 2.172756
0.663594 0.161640 -0.003867 -0.001394
0.161640 0.066856 -0.001395 -0.000697
-0.003867 -0.001395 0.665025 0.162169
-0.001394 -0.000697 0.162169 0.067119
13.831310 1.304245 15.012923 2.173686
0.631403 0.147150 -0.001068 -0.000605
0.147150 0.060397 -0.000606 -0.000404
-0.001068 -0.000606 0.632209 0.147479
-0.000605 -0.000404 0.147479 0.060571
14.286857 1.260002 16.157491 2.186781
0.604122 0.135878 -0.003448 -0.001086
0.135878 0.055788 -0.001086 -0.000445
-0.003448 -0.001086 0.604428 0.136061
-0.001086 -0.000445 0.136061 0.055902
15.134099 1.307647 16.934292 2.117388
0.579562 0.126782 -0.002626 -0.000799
0.126782 0.052423 -0.000799 -0.000318
-0.002626 -0.000799 0.579854 0.126944
-0.000799 -0.000318 0.126944 0.052513
15.514068 1.248948 18.068215 2.133597
0.559502 0.119882 0.000091 -0.000141
0.119882 0.050060 -0.000142 -0.000133
0.000091 -0.000142 0.559424 0.119947
-0.000141 -0.000133 0.119947 0.050115
15.975106 1.214527 18.829472 2.069095
0.542483 0.114529 -0.000160 -0.000183
0.114529 0.048382 -0.000183 -0.000119
-0.000160 -0.000183 0.542255 0.114553
-0.000183 -0.000119 0.114553 0.048418
16.558438 1.209627 19.445889 1.981635
0.528842 0.110559 0.000138 -0.000101
0.110559 0.047233 -0.000101 -0.000083
0.000138 -0.000101 0.528583 0.110571
-0.000101 -0.000083 0.110571 0.047259
17.097406 1.195869 20.762944 2.049488
0.517101 0.107468 0.000246 -0.000065
0.107468 0.046423 -0.000065 -0.000060
0.000246 -0.000065 0.516706 0.107445
-0.000065 -0.000060 0.107445 0.046436
17.001067 1.052086 21.294434 1.947352
0.507748 0.105227 -0.001137 -0.000339
0.105227 0.045889 -0.000339 -0.000105
-0.001137 -0.000339 0.507129 0.105155
-0.000339 -0.000105 0.105155 0.045888
17.714257 1.090895 21.903189 1.871704
0.501841 0.103942 -0.003184 -0.000724
0.103942 0.045612 -0.000724 -0.000171
-0.003184 -0.000724 0.501305 0.103887
-0.000724 -0.000171 0.103887 0.045611
18.789024 1.200597 22.892737 1.882847
0.499002 0.103418 -0.000550 -0.000106
0.103418 0.045517 -0.000106 -0.000026
-0.000550 -0.000106 0.498662 0.103402
-0.000106 -0.000026 0.103402 0.045522
19.301150 1.182294 23.493564 1.812150
0.493729 0.102430 0.001245 0.000273
0.102430 0.045332 0.000273 0.000055
0.001245 0.000273 0.493402 0.102410
0.000273 0.000055 0.102410 0.045333
19.935310 1.191230 24.520984 1.837379
0.490494 0.101943 0.001247 0.000245
0.101943 0.045260 0.000245 0.000044
0.001247 0.000245 0.490271 0.101939
0.000245 0.000044 0.101939 0.045262
20.600567 1.205750 25.230433 1.793783
0.485749 0.101161 0.002192 0.000420
0.101161 0.045124 0.000420 0.000078
0.002192 0.000420 0.485603 0.101166
0.000420 0.000078 0.101166 0.045126
21.893842 1.349852 26.353233 1.840855
0.483448 0.100931 0.001705 0.000283
0.100931 0.045104 0.000282 0.000045
0.001705 0.000282 0.483537 0.100978
0.000283 0.000045 0.100978 0.045114
21.793948 1.187636 27.685571 1.927214
0.479582 0.100356 0.003612 0.000665
0.100356 0.045003 0.000665 0.000125
0.003612 0.000665 0.479950 0.100452
0.000665 0.000125 0.100452 0.045021
22.373982 1.184698 28.805558 1.960026
0.479364 0.100562 0.001601 0.000193
0.100562 0.045064 0.000193 0.000020
0.001601 0.000193 0.479956 0.100691
0.000193 0.000020 0.100691 0.045086
23.560766 1.309405 30.566704 2.124012
0.475166 0.099870 0.001632 0.000202
0.099870 0.044920 0.000202 0.000027
0.001632 0.000202 0.476326 0.100104
0.000202 0.000027 0.100104 0.044963
24.127138 1.290851 31.448707 2.086134
0.476065 0.100280 -0.000101 -0.000161
0.100280 0.045012 -0.000161 -0.000046
-0.000101 -0.000161 0.477363 0.100520
-0.000161 -0.000046 0.100520 0.045053
24.560280 1.246048 32.603937 2.109827
0.475771 0.100360 -0.002659 -0.000663
0.100360 0.045018 -0.000663 -0.000142
-0.002659 -0.000663 0.477457 0.100662
-0.000663 -0.000142 0.100662 0.045070
25.227594 1.255428 33.005510 1.971972
0.474493 0.100193 -0.001718 -0.000383
0.100193 0.044966 -0.000383 -0.000067
-0.001718 -0.000383 0.476063 0.100448
-0.000383 -0.000067 0.100448 0.045007
25.830501 1.250199 34.251797 2.026936
0.473807 0.100140 -0.003049 -0.000619
0.100140 0.044939 -0.000619 -0.000111
-0.003049 -0.000619 0.475940 0.100501
-0.000619 -0.000111 0.100501 0.045002
26.663129 1.294051 35.031078 1.977496
0.475176 0.100505 -0.002438 -0.000428
0.100505 0.044999 -0.000429 -0.000063
-0.002438 -0.000429 0.477445 0.100872
-0.000428 -0.000063 0.100872 0.045062
27.844159 1.407055 36.154623 2.006111
0.475304 0.100551 -0.002315 -0.000368
0.100551 0.044984 -0.000369 -0.000050
-0.002315 -0.000369 0.477954 0.100980
-0.000368 -0.000050 0.100980 0.045061
28.446645 1.385519 36.625582 1.893681
0.474116 0.100302 -0.002425 -0.000370
0.100302 0.044909 -0.000370 -0.000052
-0.002425 -0.000370 0.476793 0.100717
-0.000370 -0.000052 0.100717 0.044982
29.506260 1.463299 38.032906 1.991079
0.475044 0.100516 -0.001097 -0.000072
0.100516 0.044939 -0.000071 0.000009
-0.001097 -0.000071 0.478440 0.101067
-0.000072 0.000009 0.101067 0.045041
30.380816 1.493412 38.629616 1.906903
0.476219 0.100753 -0.001890 -0.000254
0.100753 0.044970 -0.000254 -0.000038
-0.001890 -0.000254 0.479587 0.101272
-0.000254 -0.000038 0.101272 0.045064
30.543318 1.370053 40.208592 2.038739
0.476410 0.100755 -0.002143 -0.000305
0.100755 0.044951 -0.000305 -0.000052
-0.002143 -0.000305 0.481233 0.101563
-0.000305 -0.000052 0.101563 0.045107
31.279423 1.380726 40.836768 1.956260
0.474440 0.100299 -0.002293 -0.000332
0.100299 0.044839 -0.000332 -0.000060
-0.002293 -0.000332 0.479361 0.101088
-0.000332 -0.000060 0.101088 0.044987
31.872801 1.360259 41.927746 1.980019
0.473798 0.100169 -0.003834 -0.000651
0.100169 0.044807 -0.000652 -0.000129
-0.003834 -0.000652 0.479455 0.101080
-0.000651 -0.000129 0.101080 0.044979
32.471330 1.342968 42.829169 1.961314
0.473009 0.100018 -0.004257 -0.000706
0.100018 0.044774 -0.000707 -0.000136
-0.004257 -0.000707 0.479177 0.100998
-0.000706 -0.000136 0.100998 0.044958
32.784726 1.267000 43.330427 1.860109
0.474306 0.100319 -0.004687 -0.000762
0.100319 0.044838 -0.000762 -0.000145
-0.004687 -0.000762 0.480588 0.101282
-0.000762 -0.000145 0.101282 0.045017
32.692657 1.113079 43.413086 1.681186
0.473904 0.100227 -0.004533 -0.000695
0.100227 0.044812 -0.000695 -0.000129
-0.004533 -0.000695 0.480130 0.101149
-0.000695 -0.000129 0.101149 0.044984
33.905880 1.252046 44.384365 1.709104
0.473584 0.100161 -0.004249 -0.000613
0.100161 0.044795 -0.000613 -0.000112
-0.004249 -0.000613 0.480170 0.101138
-0.000613 -0.000112 0.101138 0.044981
34.854798 1.320258 45.101299 1.680320
0.472569 0.099952 -0.004342 -0.000623
0.099952 0.044749 -0.000623 -0.000117
-0.004342 -0.000623 0.479368 0.100954
-0.000623 -0.000117 0.100954 0.044942
34.985417 1.208220 45.921982 1.675882
0.472494 0.099959 -0.004852 -0.000722
0.099959 0.044753 -0.000722 -0.000140
-0.004852 -0.000722 0.480259 0.101146
-0.000722 -0.000140 0.101146 0.044987
35.519158 1.193554 47.097324 1.746888
0.474485 0.100399 -0.006603 -0.001075
0.100399 0.044846 -0.001076 -0.000215
-0.006603 -0.001076 0.483302 0.101773
-0.001075 -0.000215 0.101773 0.045119
