-0.677827 0.690958 4.125947 0.758367
41.730324 16.692491 -56.609617 -22.644337
16.692491 86.681208 -22.644337 -9.057931
-56.609617 -22.644337 81.192204 32.477585
-22.644337 -9.057931 32.477585 92.995382
-0.260367 2.770280 7.652392 3.797439
70.059932 42.130170 -87.816988 -39.474819
42.130170 46.743801 -51.123467 -43.100146
-87.816988 -51.123467 112.753673 52.028303
-39.474819 -43.100146 52.028303 59.629772
0.516833 2.234886 9.470658 3.409994
43.521693 18.849576 -65.863869 -34.810125
18.849576 19.611771 -27.554988 -28.040496
-65.863869 -27.554988 103.246519 55.798579
-34.810125 -28.040496 55.798579 50.566939
0.207962 1.622037 13.361144 4.434581
46.562786 17.590716 -80.783302 -38.330068
17.590716 13.593953 -29.572087 -22.653509
-80.783302 -29.572087 143.850982 68.412827
-38.330068 -22.653509 68.412827 44.797686
-4.846194 -0.909830 24.599806 8.373439
11.685526 2.712285 -26.034451 -9.944600
2.712285 5.177881 -4.321338 -7.254308
-26.034451 -4.321338 63.952671 23.703679
-9.944600 -7.254308 23.703679 16.565369
-3.061125 -0.320191 23.196263 6.361272
0.724733 0.804611 0.382735 -0.376012
0.804611 3.829112 2.670562 -3.289965
0.382735 2.670562 8.219182 0.807522
-0.376012 -3.289965 0.807522 4.936582
-0.285753 2.838098 25.107966 3.170243
0.819047 0.922689 1.303657 -0.255610
0.922689 1.896527 1.666899 -1.387724
1.303657 1.666899 10.000768 2.627952
-0.255610 -1.387724 2.627952 3.066163
2.774072 4.296670 25.880544 1.647513
1.055617 0.840480 2.235577 0.127057
0.840480 0.984284 1.486523 -0.429203
2.235577 1.486523 13.001041 3.585871
0.127057 -0.429203 3.585871 2.054714
4.051009 3.689164 27.042017 2.237411
1.522202 0.891020 3.419145 0.420615
0.891020 0.672795 1.626095 -0.063340
3.419145 1.626095 16.520199 4.144460
0.420615 -0.063340 4.144460 1.616872
5.247166 3.277168 29.770735 3.005405
2.261089 1.027674 5.149293 0.745374
1.027674 0.550987 2.069804 0.167185
5.149293 2.069804 18.847707 3.962350
0.745374 0.167185 3.962350 1.165751
6.454828 3.224161 27.222624 1.987057
3.363759 1.295002 6.052642 0.693243
1.295002 0.549105 2.230959 0.192064
6.052642 2.230959 13.769852 2.064413
0.693243 0.192064 2.064413 0.507697
8.370400 3.355065 27.845198 1.810792
3.589253 1.136432 6.711267 0.870747
1.136432 0.397634 2.025359 0.222644
6.711267 2.025359 15.232971 2.342882
0.870747 0.222644 2.342882 0.498120
9.940803 3.309074 29.005766 1.897484
4.556432 1.245350 8.202590 1.037820
1.245350 0.371047 2.151549 0.246257
8.202590 2.151549 17.189067 2.469011
1.037820 0.246257 2.469011 0.460140
11.846251 3.397353 29.628770 1.774763
5.603341 1.379569 8.872140 0.988280
1.379569 0.365689 2.121043 0.220724
8.872140 2.121043 15.775205 1.963727
0.988280 0.220724 1.963727 0.327712
14.171878 3.524813 31.743310 1.937354
6.008640 1.360676 8.025877 0.741379
1.360676 0.331909 1.767281 0.153471
8.025877 1.767281 12.068428 1.285109
0.741379 0.153471 1.285109 0.208472
14.124180 3.172472 29.953223 1.634823
3.824559 0.834928 3.438043 0.138193
0.834928 0.204539 0.721409 0.023723
3.438043 0.721409 3.860715 0.285608
0.138193 0.023723 0.285608 0.085432
15.669975 3.149159 31.127932 1.715473
4.653903 0.927441 3.817197 0.146221
0.927441 0.207019 0.732619 0.025134
3.817197 0.732619 3.849750 0.270743
0.146221 0.025134 0.270743 0.078628
15.825294 2.917411 30.190326 1.524735
4.893600 0.915366 3.225343 0.038125
0.915366 0.193506 0.582991 0.006423
3.225343 0.582991 2.643879 0.133380
0.038125 0.006423 0.133380 0.062128
17.679585 3.012186 30.520212 1.383695
5.711875 0.986359 3.494571 0.049982
0.986359 0.193183 0.586479 0.009786
3.494571 0.586479 2.570906 0.123321
0.049982 0.009786 0.123321 0.056992
13.142450 2.121174 25.760897 0.884453
4.688645 0.781317 1.943575 -0.118490
0.781317 0.153569 0.317064 -0.015479
1.943575 0.317064 0.978682 -0.010829
-0.118490 -0.015479 -0.010829 0.046007
15.987169 2.401548 26.810647 0.829448
1.221584 0.186843 0.547828 -0.002424
0.186843 0.053076 0.075425 0.003945
0.547828 0.075425 0.460818 0.056407
-0.002424 0.003945 0.056407 0.047411
18.477466 2.610466 27.378968 0.722468
1.012741 0.148610 0.528581 0.031258
0.148610 0.047424 0.068363 0.009091
0.528581 0.068363 0.518596 0.084899
0.031258 0.009091 0.084899 0.049712
19.905447 2.715041 25.608138 0.104522
1.130949 0.167021 0.565614 0.036221
0.167021 0.051121 0.078149 0.011296
0.565614 0.078149 0.419434 0.056831
0.036221 0.011296 0.056831 0.039307
21.352352 2.723755 25.800402 0.137286
1.300362 0.192386 0.617187 0.040516
0.192386 0.055913 0.082982 0.011212
0.617187 0.082982 0.473151 0.074598
0.040516 0.011212 0.074598 0.043499
21.652972 2.583092 25.058188 0.003540
1.030215 0.157812 0.329530 -0.010252
0.157812 0.052372 0.041721 0.003744
0.329530 0.041721 0.293890 0.054421
-0.010252 0.003744 0.054421 0.041362
22.186037 2.475800 24.585678 -0.068850
0.935151 0.147887 0.171144 -0.036381
0.147887 0.052128 0.019145 -0.000151
0.171144 0.019145 0.241246 0.057105
-0.036381 -0.000151 0.057105 0.043162
23.505004 2.488928 24.556036 -0.073706
1.023220 0.164330 0.117028 -0.044364
0.164330 0.055514 0.012381 -0.001307
0.117028 0.012381 0.279003 0.074328
-0.044364 -0.001307 0.074328 0.047099
24.825938 2.500817 24.558493 -0.067090
0.931178 0.150565 0.016573 -0.052589
0.150565 0.053755 -0.001549 -0.002498
0.016573 -0.001549 0.337811 0.096325
-0.052589 -0.002498 0.096325 0.051758
26.297125 2.536631 24.611400 -0.053572
0.811025 0.132404 -0.065295 -0.055531
0.132404 0.051226 -0.011607 -0.002773
-0.065295 -0.011607 0.435950 0.122794
-0.055531 -0.002773 0.122794 0.056655
27.621599 2.546424 24.648525 -0.038767
0.662327 0.109857 -0.133394 -0.056176
0.109857 0.047931 -0.018683 -0.002651
-0.133394 -0.018683 0.567951 0.152071
-0.056176 -0.002651 0.152071 0.061553
28.962311 2.558972 24.682444 -0.026998
0.565325 0.096460 -0.187066 -0.057030
0.096460 0.046131 -0.022777 -0.002574
-0.187066 -0.022777 0.732887 0.183680
-0.057030 -0.002574 0.183680 0.066441
29.861984 2.489363 24.719329 -0.012175
0.461494 0.081248 -0.231671 -0.057495
0.081248 0.043768 -0.024887 -0.002436
-0.231671 -0.024887 0.930085 0.217372
-0.057495 -0.002436 0.217372 0.071254
31.176610 2.503987 24.737415 -0.006758
0.438353 0.081077 -0.277204 -0.059750
0.081077 0.044074 -0.026918 -0.002658
-0.277204 -0.026918 1.163103 0.253677
-0.059750 -0.002658 0.253677 0.076127
32.520556 2.525614 24.804734 0.008708
0.422150 0.081280 -0.316343 -0.061130
0.081280 0.044170 -0.027309 -0.002689
-0.316343 -0.027309 1.432663 0.292302
-0.061130 -0.002689 0.292302 0.080984
33.742376 2.519456 24.910202 0.027754
0.404480 0.080082 -0.353814 -0.062700
0.080082 0.043714 -0.027142 -0.002765
-0.353814 -0.027142 1.740540 0.333167
-0.062700 -0.002765 0.333167 0.085810
35.221183 2.571990 24.973397 0.040899
0.406715 0.082472 -0.397697 -0.065430
0.082472 0.043898 -0.028259 -0.003104
-0.397697 -0.028259 2.091111 0.376535
-0.065430 -0.003104 0.376535 0.090641
35.944047 2.441148 25.104373 0.048490
0.373830 0.075669 -0.438468 -0.068402
0.075669 0.041790 -0.028415 -0.003479
-0.438468 -0.028415 2.482994 0.421905
-0.068402 -0.003479 0.421905 0.095403
36.802325 2.353026 25.146569 0.043545
0.364205 0.074105 -0.493484 -0.073180
0.074105 0.040936 -0.031850 -0.004274
-0.493484 -0.031850 2.919617 0.469162
-0.073180 -0.004274 0.469162 0.100058
38.173002 2.404079 25.250810 0.060751
0.380466 0.078554 -0.551553 -0.077548
0.078554 0.041574 -0.035368 -0.004876
-0.551553 -0.035368 3.405608 0.518998
-0.077548 -0.004876 0.518998 0.104783
39.165960 2.349214 25.207619 0.045217
0.382666 0.078340 -0.618712 -0.083319
0.078340 0.040884 -0.040570 -0.005777
-0.618712 -0.040570 3.938474 0.570540
-0.083319 -0.005777 0.570540 0.109398
40.475174 2.382682 25.208098 0.045001
0.395008 0.080577 -0.683541 -0.088069
0.080577 0.040935 -0.044186 -0.006301
-0.683541 -0.044186 4.524048 0.624658
-0.088069 -0.006301 0.624658 0.114099
42.116974 2.494770 25.163064 0.045290
0.414011 0.084103 -0.748413 -0.092345
0.084103 0.041344 -0.046925 -0.006625
-0.748413 -0.046925 5.166602 0.681527
-0.092345 -0.006625 0.681527 0.118883
43.010037 2.404273 25.126094 0.030555
0.402417 0.079730 -0.803836 -0.095726
0.079730 0.039837 -0.046766 -0.006700
-0.803836 -0.046766 5.858955 0.740041
-0.095726 -0.006700 0.740041 0.123600
44.245337 2.409127 25.006417 0.014498
0.404043 0.079134 -0.861684 -0.098885
0.079134 0.039472 -0.046849 -0.006708
-0.861684 -0.046849 6.610481 0.800925
-0.098885 -0.006708 0.800925 0.128336
45.153557 2.336881 25.084396 0.017587
0.393684 0.076024 -0.903139 -0.100099
0.076024 0.038640 -0.042740 -0.006253
-0.903139 -0.042740 7.411520 0.863093
-0.100099 -0.006253 0.863093 0.132989
46.437332 2.368226 25.199506 0.031647
0.397271 0.076495 -0.954586 -0.102157
0.076495 0.038732 -0.041134 -0.006052
-0.954586 -0.041134 8.281134 0.928105
-0.102157 -0.006052 0.928105 0.137695
47.391501 2.314555 25.376106 0.045683
0.393718 0.074929 -1.014384 -0.105130
0.074929 0.038259 -0.041507 -0.006108
-1.014384 -0.041507 9.214439 0.995159
-0.105130 -0.006108 0.995159 0.142362
48.679565 2.344776 25.289570 0.036031
0.403632 0.076364 -1.099336 -0.110352
0.076364 0.038459 -0.047778 -0.006726
-1.099336 -0.047778 10.214332 1.064135
-0.110352 -0.006726 1.064135 0.146965
49.573006 2.277382 25.408507 0.042490
0.400898 0.074835 -1.169924 -0.113905
0.074835 0.038008 -0.049403 -0.006852
-1.169924 -0.049403 11.278611 1.135229
-0.113905 -0.006852 1.135229 0.151591
50.420631 2.202285 25.314047 0.027283
0.402404 0.074166 -1.259782 -0.119056
0.074166 0.037731 -0.055342 -0.007372
-1.259782 -0.055342 12.409445 1.207976
-0.119056 -0.007372 1.207976 0.156144
