2.882998 2.115319 3.854973 0.649975
2.513001 1.005222 -0.066917 -0.026767
1.005222 80.406164 -0.026767 -0.010707
-0.066917 -0.026767 2.502589 1.001057
-0.026767 -0.010707 1.001057 80.404498
5.319328 4.504645 1.396109 -4.201562
2.262382 3.946768 -0.070824 -0.110595
3.946768 15.398362 -0.110302 -0.361868
-0.070824 -0.110302 2.302205 4.018311
-0.110595 -0.361868 4.018311 15.496900
8.416910 5.492293 3.167417 0.269980
1.959551 2.268936 -0.039882 -0.041722
2.268936 4.544541 -0.041606 -0.094361
-0.039882 -0.041606 1.991446 2.298704
-0.041722 -0.094361 2.298704 4.571714
9.522712 4.103529 5.200203 1.871751
1.719808 1.456123 -0.039183 -0.033124
1.456123 1.936412 -0.033102 -0.047267
-0.039183 -0.033102 1.737720 1.466617
-0.033124 -0.047267 1.466617 1.944149
8.025412 1.752691 2.778399 -0.346833
1.469525 0.973779 -0.056439 -0.037773
0.973779 0.979389 -0.037804 -0.034295
-0.056439 -0.037804 1.497920 0.990266
-0.037773 -0.034295 0.990266 0.990788
9.885594 2.289261 4.067879 0.448472
1.286441 0.700836 -0.082849 -0.044570
0.700836 0.568218 -0.044631 -0.028955
-0.082849 -0.044631 1.310637 0.712191
-0.044570 -0.028955 0.712191 0.574798
8.678701 1.203166 6.291167 1.368449
1.161752 0.537988 -0.053159 -0.022826
0.537988 0.365685 -0.022857 -0.012875
-0.053159 -0.022857 1.167872 0.539430
-0.022826 -0.012875 0.539430 0.366700
8.817792 1.016684 6.942706 1.354619
1.055674 0.425493 -0.038236 -0.013846
0.425493 0.251151 -0.013858 -0.007096
-0.038236 -0.013858 1.060389 0.426686
-0.013846 -0.007096 0.426686 0.252059
9.445586 1.060951 8.905737 1.814179
0.949565 0.339605 -0.025617 -0.008015
0.339605 0.180080 -0.008023 -0.003999
-0.025617 -0.008023 0.950026 0.339434
-0.008015 -0.003999 0.339434 0.180414
10.238630 1.144913 8.872598 1.510910
0.873327 0.281960 -0.028802 -0.008534
0.281960 0.136992 -0.008537 -0.003650
-0.028802 -0.008537 0.876934 0.283043
-0.008534 -0.003650 0.283043 0.137691
10.705739 1.113417 9.176365 1.377314
0.800919 0.236724 -0.023186 -0.006216
0.236724 0.108008 -0.006217 -0.002516
-0.023186 -0.006217 0.805054 0.237942
-0.006216 -0.002516 0.237942 0.108644
11.836914 1.271790 11.103104 1.717189
0.745120 0.204274 -0.013256 -0.003103
0.204274 0.088966 -0.003105 -0.001380
-0.013256 -0.003105 0.747051 0.204821
-0.003103 -0.001380 0.204821 0.089329
12.620078 1.309745 12.109693 1.755340
0.701680 0.180470 -0.008906 -0.001927
0.180470 0.076082 -0.001929 -0.000936
-0.008906 -0.001929 0.703262 0.180926
-0.001927 -0.000936 0.180926 0.076370
12.998522 1.242441 13.219565 1.811869
0.664581 0.161993 -0.001157 -0.000058
0.161993 0.067002 -0.000061 -0.000386
-0.001157 -0.000061 0.665030 0.162166
-0.000058 -0.000386 0.162166 0.067180
13.948293 1.319047 14.025335 1.788521
0.634158 0.147873 0.001213 0.000325
0.147873 0.060606 0.000322 -0.000255
0.001213 0.000322 0.634982 0.148145
0.000325 -0.000255 0.148145 0.060780
13.787236 1.134452 14.912841 1.787139
0.605742 0.136267 -0.000581 -0.000233
0.136267 0.055897 -0.000234 -0.000344
-0.000581 -0.000234 0.605301 0.136245
-0.000233 -0.000344 0.136245 0.055980
14.682904 1.206329 15.701273 1.764034
0.579980 0.126874 -0.003171 -0.000854
0.126874 0.052455 -0.000854 -0.000432
-0.003171 -0.000854 0.579844 0.126933
-0.000854 -0.000432 0.126933 0.052541
15.615805 1.277030 16.380822 1.720537
0.557656 0.119485 -0.004624 -0.001133
0.119485 0.049985 -0.001134 -0.000436
-0.004624 -0.001134 0.557852 0.119616
-0.001133 -0.000436 0.119616 0.050071
16.860336 1.404919 17.791216 1.836695
0.540817 0.114211 -0.002581 -0.000633
0.114211 0.048329 -0.000634 -0.000279
-0.002581 -0.000634 0.540985 0.114325
-0.000633 -0.000279 0.114325 0.048398
17.574077 1.407313 18.444114 1.781136
0.527170 0.110267 -0.002737 -0.000640
0.110267 0.047188 -0.000641 -0.000248
-0.002737 -0.000641 0.527358 0.110374
-0.000640 -0.000248 0.110374 0.047245
17.715136 1.290303 19.395786 1.793893
0.515401 0.107190 -0.002456 -0.000549
0.107190 0.046381 -0.000550 -0.000201
-0.002456 -0.000550 0.515142 0.107193
-0.000549 -0.000201 0.107193 0.046407
18.230811 1.263434 20.771065 1.893164
0.506239 0.105005 -0.004577 -0.000963
0.105005 0.045858 -0.000963 -0.000265
-0.004577 -0.000963 0.505708 0.104949
-0.000963 -0.000265 0.104949 0.045867
19.126222 1.318050 21.234455 1.792964
0.499952 0.103649 -0.003850 -0.000744
0.103649 0.045564 -0.000744 -0.000195
-0.003850 -0.000744 0.499589 0.103629
-0.000744 -0.000195 0.103629 0.045577
19.794386 1.320033 22.568643 1.883825
0.497187 0.103154 -0.000845 -0.000077
0.103154 0.045476 -0.000077 -0.000041
-0.000845 -0.000077 0.496838 0.103134
-0.000077 -0.000041 0.103134 0.045484
20.380945 1.304777 23.520185 1.885815
0.491323 0.102050 0.000026 0.000082
0.102050 0.045264 0.000082 -0.000008
0.000026 0.000082 0.491028 0.102037
0.000082 -0.000008 0.102037 0.045271
20.349345 1.162440 24.589781 1.912128
0.486372 0.101222 -0.001027 -0.000169
0.101222 0.045122 -0.000169 -0.000062
-0.001027 -0.000169 0.486099 0.101209
-0.000169 -0.000062 0.101209 0.045125
20.818725 1.139156 26.104188 2.028652
0.483528 0.100881 -0.001146 -0.000196
0.100881 0.045083 -0.000196 -0.000063
-0.001146 -0.000196 0.483618 0.100938
-0.000196 -0.000063 0.100938 0.045098
21.024614 1.063080 27.003433 2.004543
0.481363 0.100675 -0.004057 -0.000803
0.100675 0.045064 -0.000803 -0.000186
-0.004057 -0.000803 0.481585 0.100749
-0.000803 -0.000186 0.100749 0.045080
21.849260 1.124489 27.855226 1.973059
0.481367 0.100906 -0.001335 -0.000172
0.100906 0.045127 -0.000172 -0.000039
-0.001335 -0.000172 0.481830 0.101018
-0.000172 -0.000039 0.101018 0.045149
22.541495 1.151893 29.353269 2.080494
0.481160 0.101032 -0.000710 -0.000047
0.101032 0.045153 -0.000046 -0.000014
-0.000710 -0.000046 0.482412 0.101296
-0.000047 -0.000014 0.101296 0.045205
22.802830 1.085787 30.601489 2.124150
0.480137 0.100943 0.001958 0.000497
0.100943 0.045125 0.000498 0.000098
0.001958 0.000498 0.482098 0.101329
0.000497 0.000098 0.101329 0.045198
23.317561 1.079864 31.759265 2.144278
0.477839 0.100565 0.001117 0.000255
0.100565 0.045034 0.000255 0.000035
0.001117 0.000255 0.480509 0.101067
0.000255 0.000035 0.101067 0.045127
24.213005 1.154774 32.768997 2.131131
0.476165 0.100330 -0.000479 -0.000115
0.100330 0.044977 -0.000116 -0.000046
-0.000479 -0.000116 0.479379 0.100906
-0.000115 -0.000046 0.100906 0.045080
25.052047 1.209970 33.753210 2.113990
0.475749 0.100357 -0.001103 -0.000241
0.100357 0.044975 -0.000241 -0.000067
-0.001103 -0.000241 0.479506 0.101006
-0.000241 -0.000067 0.101006 0.045090
26.039125 1.290643 34.908730 2.134761
0.476855 0.100678 0.002033 0.000439
0.100678 0.045031 0.000440 0.000083
0.002033 0.000440 0.481360 0.101442
0.000439 0.000083 0.101442 0.045168
26.145382 1.176810 35.718580 2.080535
0.476993 0.100743 0.000671 0.000105
0.100743 0.045026 0.000105 0.000006
0.000671 0.000105 0.482204 0.101611
0.000105 0.000006 0.101611 0.045181
26.446851 1.116256 36.142112 1.950643
0.475023 0.100343 0.001002 0.000166
0.100343 0.044921 0.000166 0.000020
0.001002 0.000166 0.480330 0.101184
0.000166 0.000020 0.101184 0.045069
27.001620 1.115552 37.072722 1.941224
0.474221 0.100218 -0.001548 -0.000383
0.100218 0.044884 -0.000385 -0.000095
-0.001548 -0.000385 0.480463 0.101219
-0.000383 -0.000095 0.101219 0.045066
27.497173 1.102404 37.802597 1.890511
0.476278 0.100696 -0.003746 -0.000805
0.100696 0.044976 -0.000808 -0.000173
-0.003746 -0.000808 0.483019 0.101756
-0.000805 -0.000173 0.101756 0.045168
28.282356 1.151857 38.676635 1.875546
0.476427 0.100714 -0.002172 -0.000396
0.100714 0.044962 -0.000397 -0.000072
-0.002172 -0.000397 0.483931 0.101892
-0.000396 -0.000072 0.101892 0.045179
29.039124 1.190148 39.977605 1.952004
0.474682 0.100326 -0.003478 -0.000641
0.100326 0.044864 -0.000643 -0.000120
-0.003478 -0.000643 0.483992 0.101840
-0.000641 -0.000120 0.101840 0.045152
30.175775 1.304598 40.837858 1.927820
0.472140 0.099804 -0.005020 -0.000918
0.099804 0.044748 -0.000921 -0.000173
-0.005020 -0.000921 0.482048 0.101377
-0.000918 -0.000173 0.101377 0.045043
30.823281 1.303556 41.736676 1.914129
0.471092 0.099641 -0.007650 -0.001404
0.099641 0.044716 -0.001409 -0.000268
-0.007650 -0.001409 0.482050 0.101373
-0.001404 -0.000268 0.101373 0.045043
31.692182 1.349717 43.008521 1.980469
0.470329 0.099543 -0.009482 -0.001687
0.099543 0.044699 -0.001692 -0.000315
-0.009482 -0.001692 0.483007 0.101571
-0.001687 -0.000315 0.101571 0.045085
32.047133 1.281970 44.008288 1.982187
0.473057 0.100183 -0.010542 -0.001792
0.100183 0.044836 -0.001797 -0.000325
-0.010542 -0.001797 0.487043 0.102399
-0.001792 -0.000325 0.102399 0.045257
33.048408 1.358111 44.854278 1.952107
0.470216 0.099573 -0.009887 -0.001551
0.099573 0.044695 -0.001553 -0.000266
-0.009887 -0.001553 0.484879 0.101850
-0.001551 -0.000266 0.101850 0.045126
33.881467 1.390320 45.494175 1.881704
0.470076 0.099588 -0.010583 -0.001631
0.099588 0.044698 -0.001633 -0.000285
-0.010583 -0.001633 0.484875 0.101816
-0.001631 -0.000285 0.101816 0.045118
34.277555 1.327131 46.581880 1.912124
0.470389 0.099691 -0.010101 -0.001468
0.099691 0.044718 -0.001467 -0.000253
-0.010101 -0.001467 0.487148 0.102272
-0.001468 -0.000253 0.102272 0.045215
35.084949 1.357141 47.205469 1.842565
0.470366 0.099699 -0.013339 -0.002115
0.099699 0.044714 -0.002120 -0.000398
-0.013339 -0.002120 0.487274 0.102232
-0.002115 -0.000398 0.102232 0.045199
35.761725 1.356271 47.826647 1.779615
0.469941 0.099620 -0.014094 -0.002189
0.099620 0.044692 -0.002195 -0.000410
-0.014094 -0.002195 0.487282 0.102185
-0.002189 -0.000410 0.102185 0.045187
