0.833020 1.295310 2.059314 -0.068304
1.980203 0.792098 -0.091681 -0.036673
0.792098 80.320913 -0.036673 -0.014670
-0.091681 -0.036673 3.777693 1.511110
-0.036673 -0.014670 1.511110 80.608524
3.451394 4.829742 2.382419 0.533833
2.793293 4.993487 -1.635163 -2.666552
4.993487 15.859700 -2.905988 -4.991085
-1.635163 -2.905988 3.222094 5.283736
-2.666552 -4.991085 5.283736 20.545037
5.978438 4.875258 1.576166 -0.736260
2.674195 2.982500 -0.746642 -0.523663
2.982500 4.926617 -0.659294 -0.688509
-0.746642 -0.659294 2.478669 2.865894
-0.523663 -0.688509 2.865894 5.988768
5.721294 2.743820 1.777061 -0.415698
1.617730 1.300099 0.360347 0.418965
1.300099 1.664842 0.325476 0.199684
0.360347 0.325476 1.305794 1.160778
0.418965 0.199684 1.160778 1.982942
8.679357 3.718077 3.443084 0.928924
1.473298 0.951627 0.019899 -0.008983
0.951627 0.917927 -0.020013 -0.107009
0.019899 -0.020013 1.211503 0.885391
-0.008983 -0.107009 0.885391 1.069280
7.935478 2.306175 4.980776 1.622504
0.344815 0.178921 0.166578 0.093645
0.178921 0.264120 0.055733 -0.006282
0.166578 0.055733 1.248299 0.746974
0.093645 -0.006282 0.746974 0.666175
8.442053 1.972981 5.283552 1.398968
0.459087 0.247610 0.054746 0.003774
0.247610 0.236465 -0.016277 -0.037754
0.054746 -0.016277 1.280898 0.645110
0.003774 -0.037754 0.645110 0.455035
7.869110 1.213629 6.366886 1.628536
0.333116 0.163695 -0.138267 -0.073186
0.163695 0.145371 -0.096679 -0.055698
-0.138267 -0.096679 1.144651 0.496952
-0.073186 -0.055698 0.496952 0.300701
8.196377 1.076825 8.353446 2.073986
0.457603 0.203358 -0.165838 -0.072597
0.203358 0.134828 -0.085505 -0.040298
-0.165838 -0.085505 1.065768 0.402949
-0.072597 -0.040298 0.402949 0.213066
9.134414 1.234024 9.047974 1.955313
0.560009 0.219116 -0.194670 -0.071137
0.219116 0.119098 -0.080088 -0.031183
-0.194670 -0.080088 1.021070 0.342808
-0.071137 -0.031183 0.342808 0.161803
10.358815 1.444397 10.600593 2.126758
0.623020 0.215485 -0.203059 -0.063442
0.215485 0.101816 -0.069901 -0.023180
-0.203059 -0.069901 0.935509 0.283069
-0.063442 -0.023180 0.283069 0.123896
10.794372 1.355697 11.772085 2.156285
0.654393 0.202701 -0.185321 -0.050350
0.202701 0.086727 -0.054854 -0.015896
-0.185321 -0.054854 0.827889 0.229338
-0.050350 -0.015896 0.229338 0.096502
11.267856 1.297123 12.696060 2.115373
0.676044 0.190284 -0.163768 -0.039071
0.190284 0.075709 -0.042306 -0.010871
-0.163768 -0.042306 0.773513 0.199427
-0.039071 -0.010871 0.199427 0.081040
12.612196 1.477388 13.600262 2.082672
0.678279 0.175732 -0.149389 -0.031821
0.175732 0.066819 -0.034138 -0.007918
-0.149389 -0.034138 0.762270 0.185104
-0.031821 -0.007918 0.185104 0.072430
12.746220 1.328697 14.386646 2.018688
0.656664 0.158435 -0.161929 -0.032298
0.158435 0.059218 -0.034655 -0.007536
-0.161929 -0.034655 0.676583 0.155640
-0.032298 -0.007536 0.155640 0.061934
13.371742 1.319141 15.319170 2.001121
0.632307 0.144187 -0.145867 -0.026486
0.144187 0.053929 -0.028419 -0.005736
-0.145867 -0.028419 0.625780 0.138606
-0.026486 -0.005736 0.138606 0.056006
14.525408 1.421442 15.617489 1.853487
0.591008 0.129006 -0.120374 -0.019705
0.129006 0.049469 -0.021059 -0.003986
-0.120374 -0.021059 0.589836 0.127262
-0.019705 -0.003986 0.127262 0.052262
14.407000 1.248002 16.900061 1.919854
0.564368 0.119381 -0.107754 -0.016407
0.119381 0.046922 -0.017747 -0.003271
-0.107754 -0.017747 0.532585 0.112681
-0.016407 -0.003271 0.112681 0.048347
15.466837 1.333232 17.301287 1.806634
0.525828 0.108832 -0.099277 -0.014554
0.108832 0.044595 -0.015532 -0.002891
-0.099277 -0.015532 0.498928 0.104705
-0.014554 -0.002891 0.104705 0.046298
16.066642 1.328918 19.063000 1.987868
0.508714 0.104421 -0.071558 -0.008563
0.104421 0.043894 -0.009571 -0.001683
-0.071558 -0.009571 0.472257 0.099255
-0.008563 -0.001683 0.099255 0.045063
16.578844 1.298490 20.140405 2.003713
0.509000 0.103988 -0.068234 -0.008129
0.103988 0.044048 -0.008978 -0.001675
-0.068234 -0.008978 0.471251 0.099385
-0.008129 -0.001675 0.099385 0.045048
17.505057 1.351476 20.773001 1.928348
0.495599 0.101003 -0.061676 -0.007201
0.101003 0.043683 -0.007847 -0.001570
-0.061676 -0.007847 0.464633 0.098269
-0.007201 -0.001570 0.098269 0.044765
18.528220 1.418309 21.282225 1.835122
0.473812 0.096866 -0.039038 -0.002978
0.096866 0.043144 -0.003577 -0.000798
-0.039038 -0.003577 0.450844 0.095838
-0.002978 -0.000798 0.095838 0.044256
19.609364 1.493280 21.992867 1.794438
0.473711 0.097545 -0.022247 -0.000099
0.097545 0.043604 -0.000648 -0.000303
-0.022247 -0.000648 0.458838 0.098126
-0.000099 -0.000303 0.098126 0.044768
20.347828 1.491597 22.891831 1.794747
0.467004 0.096726 -0.010471 0.001455
0.096726 0.043668 0.000965 -0.000114
-0.010471 0.000965 0.456462 0.097813
0.001455 -0.000114 0.097813 0.044645
20.492372 1.366853 23.902961 1.815615
0.478933 0.099766 -0.010854 0.000495
0.099766 0.044487 0.000101 -0.000405
-0.010854 0.000101 0.470352 0.100881
0.000495 -0.000405 0.100881 0.045239
21.011329 1.333054 24.963744 1.847646
0.484284 0.101164 -0.000342 0.002039
0.101164 0.044878 0.001680 -0.000120
-0.000342 0.001680 0.480610 0.102885
0.002039 -0.000120 0.102885 0.045566
20.860133 1.161785 25.758446 1.817842
0.475854 0.099521 0.009287 0.003304
0.099521 0.044584 0.002987 0.000101
0.009287 0.002987 0.475317 0.101360
0.003304 0.000101 0.101360 0.045121
22.025501 1.284323 26.668483 1.818781
0.461829 0.096835 0.014856 0.003714
0.096835 0.044085 0.003455 0.000158
0.014856 0.003455 0.470304 0.100058
0.003714 0.000158 0.100058 0.044780
22.492983 1.247178 28.117917 1.933612
0.450846 0.095000 0.012795 0.002613
0.095000 0.043791 0.002402 -0.000077
0.012795 0.002402 0.474876 0.100935
0.002613 -0.000077 0.100935 0.044942
22.963385 1.214271 29.366039 1.993498
0.458671 0.097253 0.011788 0.001951
0.097253 0.044361 0.001764 -0.000179
0.011788 0.001764 0.493057 0.104625
0.001951 -0.000179 0.104625 0.045691
23.427565 1.183490 30.547977 2.032869
0.459003 0.097616 0.014596 0.002265
0.097616 0.044453 0.002094 -0.000049
0.014596 0.002094 0.505449 0.106736
0.002265 -0.000049 0.106736 0.046047
24.194237 1.219664 32.029379 2.130106
0.452880 0.096551 0.002127 -0.000573
0.096551 0.044228 -0.000800 -0.000596
0.002127 -0.000800 0.519770 0.109133
-0.000573 -0.000596 0.109133 0.046460
24.547421 1.165629 32.704844 2.049411
0.450123 0.096237 -0.001503 -0.001229
0.096237 0.044166 -0.001433 -0.000618
-0.001503 -0.001433 0.518534 0.108102
-0.001229 -0.000618 0.108102 0.046142
25.622541 1.270874 33.890672 2.082011
0.432998 0.092856 -0.026452 -0.006198
0.092856 0.043448 -0.006575 -0.001576
-0.026452 -0.006575 0.524587 0.108822
-0.006198 -0.001576 0.108822 0.046256
26.544710 1.332727 34.845144 2.064085
0.432196 0.093203 -0.034189 -0.007158
0.093203 0.043569 -0.007534 -0.001606
-0.034189 -0.007534 0.530845 0.109561
-0.007158 -0.001606 0.109561 0.046378
27.250677 1.341604 36.134835 2.117071
0.406131 0.087952 -0.037459 -0.007201
0.087952 0.042442 -0.007499 -0.001468
-0.037459 -0.007499 0.537695 0.110434
-0.007201 -0.001468 0.110434 0.046536
28.894387 1.553336 36.724461 2.023654
0.343106 0.074948 -0.054262 -0.010213
0.074948 0.039673 -0.010557 -0.002036
-0.054262 -0.010557 0.526231 0.107523
-0.010213 -0.002036 0.107523 0.045919
29.440975 1.503213 38.076447 2.092100
0.358599 0.080406 -0.051076 -0.008693
0.080406 0.041171 -0.008897 -0.001565
-0.051076 -0.008897 0.543003 0.110808
-0.008693 -0.001565 0.110808 0.046651
30.128819 1.488797 39.144122 2.096110
0.369847 0.084081 -0.050006 -0.007883
0.084081 0.042037 -0.008040 -0.001344
-0.050006 -0.008040 0.551382 0.112102
-0.007883 -0.001344 0.112102 0.046915
30.723394 1.454493 40.207084 2.098079
0.383715 0.087792 -0.047383 -0.006911
0.087792 0.042787 -0.007028 -0.001133
-0.047383 -0.007028 0.556558 0.112703
-0.006911 -0.001133 0.112703 0.047030
31.269086 1.410088 40.883021 2.021244
0.400337 0.091601 -0.046069 -0.006354
0.091601 0.043469 -0.006584 -0.001068
-0.046069 -0.006584 0.549779 0.110894
-0.006354 -0.001068 0.110894 0.046662
31.403610 1.280227 41.960170 2.030398
0.416345 0.094752 -0.050697 -0.007114
0.094752 0.043935 -0.007497 -0.001294
-0.050697 -0.007497 0.555697 0.111849
-0.007114 -0.001294 0.111849 0.046889
32.100983 1.292512 42.882862 2.012192
0.432959 0.097791 -0.043360 -0.005429
0.097791 0.044380 -0.005742 -0.000964
-0.043360 -0.005742 0.547170 0.109950
-0.005429 -0.000964 0.109950 0.046547
32.985083 1.346762 44.017231 2.039793
0.424603 0.095052 -0.021030 -0.001106
0.095052 0.043549 -0.000883 -0.000081
-0.021030 -0.000883 0.533658 0.107375
-0.001106 -0.000081 0.107375 0.046122
32.973039 1.193224 44.883563 2.004525
0.429492 0.095471 -0.024557 -0.002285
0.095471 0.043508 -0.002302 -0.000500
-0.024557 -0.002302 0.518767 0.104576
-0.002285 -0.000500 0.104576 0.045642
33.732445 1.230499 46.121135 2.053130
0.464274 0.102554 -0.026533 -0.002839
0.102554 0.044983 -0.003119 -0.000702
-0.026533 -0.003119 0.511563 0.103585
-0.002839 -0.000702 0.103585 0.045558
34.727590 1.311144 46.651928 1.953980
0.465287 0.101709 0.002608 0.002832
0.101709 0.044639 0.002752 0.000445
0.002608 0.002752 0.453106 0.092347
0.002832 0.000445 0.092347 0.043401
35.627327 1.364556 47.800948 1.990409
0.489573 0.106008 0.004798 0.002612
0.106008 0.045465 0.002426 0.000267
0.004798 0.002426 0.433700 0.089822
0.002612 0.000267 0.089822 0.043125
36.217123 1.344309 48.547075 1.937769
0.511409 0.109434 -0.004700 0.000013
0.109434 0.046061 -0.000254 -0.000366
-0.004700 -0.000254 0.410123 0.086369
0.000013 -0.000366 0.086369 0.042587
