5.552325 3.183072 1.390366 -0.335889
2.409391 0.963777 -0.038449 -0.015380
0.963777 80.389586 -0.015380 -0.006152
-0.038449 -0.015380 2.431771 0.972729
-0.015380 -0.006152 0.972729 80.393167
6.648063 2.316720 2.150499 1.288171
2.254215 3.953169 0.015736 0.035107
3.953169 15.147133 0.035207 -0.036637
0.015736 0.035207 2.275143 3.985437
0.035107 -0.036637 3.985437 15.260882
4.697572 -1.270159 3.122594 1.676091
1.999969 2.306876 -0.012797 -0.021023
2.306876 4.516290 -0.020987 -0.051402
-0.012797 -0.020987 2.007740 2.314841
-0.021023 -0.051402 2.314841 4.541035
4.760780 -0.681368 2.309353 0.287558
1.721060 1.445644 -0.038317 -0.034579
1.445644 1.900126 -0.034566 -0.036898
-0.038317 -0.034566 1.733101 1.456369
-0.034579 -0.036898 1.456369 1.915694
5.231916 -0.146368 5.039822 1.990826
1.491204 0.981384 -0.038337 -0.024817
0.981384 0.973514 -0.024813 -0.018732
-0.038337 -0.024813 1.492802 0.982827
-0.024817 -0.018732 0.982827 0.977475
7.652892 1.202216 5.326970 1.609695
1.304291 0.705550 -0.020501 -0.009878
0.705550 0.565330 -0.009875 -0.006289
-0.020501 -0.009875 1.313215 0.710977
-0.009878 -0.006289 0.710977 0.570026
8.714352 1.413953 6.166198 1.625876
1.136482 0.522646 -0.011018 -0.004183
0.522646 0.355652 -0.004183 -0.002587
-0.011018 -0.004183 1.144150 0.526507
-0.004183 -0.002587 0.526507 0.358410
8.855535 1.186993 7.211565 1.718917
1.037868 0.416536 -0.007808 -0.002609
0.416536 0.246197 -0.002611 -0.001581
-0.007808 -0.002611 1.042528 0.418606
-0.002609 -0.001581 0.418606 0.247627
9.730087 1.287408 8.615156 1.913185
0.941383 0.335789 -0.003963 -0.001129
0.335789 0.178040 -0.001131 -0.000833
-0.003963 -0.001131 0.944498 0.337060
-0.001129 -0.000833 0.337060 0.178895
11.195817 1.552359 9.942611 2.032862
0.863352 0.278225 0.007171 0.002419
0.278225 0.135400 0.002416 0.000427
0.007171 0.002416 0.866311 0.279319
0.002419 0.000427 0.279319 0.136036
11.737617 1.483193 10.775315 1.978635
0.805819 0.237924 0.003235 0.000797
0.237924 0.108143 0.000795 -0.000094
0.003235 0.000795 0.808115 0.238717
0.000797 -0.000094 0.238717 0.108581
12.380081 1.455843 12.418391 2.157721
0.752542 0.206013 -0.000866 -0.000481
0.206013 0.089263 -0.000481 -0.000402
-0.000866 -0.000481 0.753537 0.206382
-0.000481 -0.000402 0.206382 0.089513
12.648296 1.337973 13.070372 2.048232
0.705726 0.181159 -0.003648 -0.001160
0.181159 0.076105 -0.001160 -0.000502
-0.003648 -0.001160 0.706325 0.181405
-0.001160 -0.000502 0.181405 0.076283
13.298119 1.333233 14.429486 2.129767
0.664902 0.161736 -0.005489 -0.001491
0.161736 0.066821 -0.001490 -0.000508
-0.005489 -0.001490 0.664956 0.161836
-0.001491 -0.000508 0.161836 0.066933
13.958680 1.331881 14.952203 2.003499
0.626536 0.145835 -0.004363 -0.001083
0.145835 0.060052 -0.001082 -0.000348
-0.004363 -0.001082 0.626678 0.145952
-0.001083 -0.000348 0.145952 0.060149
14.592666 1.324706 15.415860 1.882457
0.596276 0.134052 -0.002739 -0.000625
0.134052 0.055371 -0.000625 -0.000206
-0.002739 -0.000625 0.596504 0.134181
-0.000625 -0.000206 0.134181 0.055455
15.044074 1.278545 16.921842 2.006141
0.575436 0.125962 -0.000318 -0.000054
0.125962 0.052266 -0.000055 -0.000059
-0.000318 -0.000055 0.575154 0.125967
-0.000054 -0.000059 0.125967 0.052309
14.918544 1.114492 18.353953 2.098223
0.554862 0.119020 0.002018 0.000432
0.119020 0.049904 0.000432 0.000052
0.002018 0.000432 0.553955 0.118891
0.000432 0.000052 0.118891 0.049909
16.266956 1.281858 18.642677 1.937261
0.539194 0.114015 0.003004 0.000586
0.114015 0.048305 0.000586 0.000081
0.003004 0.000586 0.538823 0.114009
0.000586 0.000081 0.114009 0.048331
16.739258 1.246622 19.200663 1.851240
0.526284 0.110219 0.002757 0.000475
0.110219 0.047190 0.000475 0.000055
0.002757 0.000475 0.525904 0.110207
0.000475 0.000055 0.110207 0.047208
17.687080 1.314235 19.942994 1.812970
0.515692 0.107368 0.002749 0.000435
0.107368 0.046423 0.000435 0.000049
0.002749 0.000435 0.515447 0.107379
0.000435 0.000049 0.107379 0.046442
18.582623 1.363699 20.940288 1.831753
0.505784 0.104991 0.000389 -0.000082
0.104991 0.045852 -0.000082 -0.000055
0.000389 -0.000082 0.505594 0.105005
-0.000082 -0.000055 0.105005 0.045867
18.824933 1.272365 22.416605 1.948186
0.499426 0.103604 -0.000545 -0.000250
0.103604 0.045549 -0.000250 -0.000077
-0.000545 -0.000250 0.499132 0.103589
-0.000250 -0.000077 0.103589 0.045554
18.948940 1.166096 23.135111 1.895209
0.494503 0.102650 -0.001077 -0.000320
0.102650 0.045364 -0.000320 -0.000079
-0.001077 -0.000320 0.494132 0.102614
-0.000320 -0.000079 0.102614 0.045362
19.337745 1.125711 24.134443 1.905987
0.491804 0.102238 -0.000615 -0.000180
0.102238 0.045304 -0.000180 -0.000039
-0.000615 -0.000180 0.491468 0.102206
-0.000180 -0.000039 0.102206 0.045300
19.545005 1.051681 24.811127 1.848451
0.486719 0.101347 0.000262 0.000029
0.101347 0.045141 0.000029 0.000010
0.000262 0.000029 0.486375 0.101310
0.000029 0.000010 0.101310 0.045135
19.956593 1.027853 25.396880 1.777797
0.484311 0.101072 0.002066 0.000409
0.101072 0.045113 0.000409 0.000089
0.002066 0.000409 0.484001 0.101040
0.000409 0.000089 0.101040 0.045107
20.755203 1.087340 26.762335 1.877465
0.480478 0.100492 -0.000333 -0.000125
0.100492 0.045012 -0.000125 -0.000029
-0.000333 -0.000125 0.480473 0.100521
-0.000125 -0.000029 0.100521 0.045018
21.573136 1.144848 27.585807 1.853276
0.478881 0.100398 0.000682 0.000109
0.100398 0.045012 0.000109 0.000025
0.000682 0.000109 0.479038 0.100452
0.000109 0.000025 0.100452 0.045022
21.878758 1.088804 28.385953 1.826719
0.476717 0.100155 0.000920 0.000156
0.100155 0.044970 0.000156 0.000034
0.000920 0.000156 0.477028 0.100232
0.000156 0.000034 0.100232 0.044983
22.690389 1.145038 29.514773 1.872050
0.477649 0.100548 0.000932 0.000151
0.100548 0.045056 0.000151 0.000032
0.000932 0.000151 0.478269 0.100680
0.000151 0.000032 0.100680 0.045079
23.561199 1.207891 30.610191 1.905608
0.475414 0.100201 -0.000199 -0.000092
0.100201 0.044972 -0.000093 -0.000021
-0.000199 -0.000093 0.476369 0.100389
-0.000092 -0.000021 0.100389 0.045005
24.472208 1.272676 31.814082 1.958560
0.473194 0.099862 -0.001645 -0.000379
0.099862 0.044891 -0.000380 -0.000077
-0.001645 -0.000380 0.474561 0.100119
-0.000379 -0.000077 0.100119 0.044937
25.317570 1.316840 32.528668 1.902659
0.472551 0.099859 -0.003251 -0.000676
0.099859 0.044883 -0.000676 -0.000132
-0.003251 -0.000676 0.474027 0.100118
-0.000676 -0.000132 0.100118 0.044927
25.265505 1.166559 33.586753 1.925111
0.470688 0.099570 -0.002627 -0.000479
0.099570 0.044810 -0.000479 -0.000081
-0.002627 -0.000479 0.472739 0.099933
-0.000479 -0.000081 0.099933 0.044875
26.134707 1.227180 34.834079 1.985429
0.472941 0.100155 -0.003977 -0.000726
0.100155 0.044924 -0.000726 -0.000130
-0.003977 -0.000726 0.475467 0.100593
-0.000726 -0.000130 0.100593 0.045003
26.773838 1.232568 35.766065 1.972590
0.473354 0.100271 -0.003792 -0.000631
0.100271 0.044926 -0.000631 -0.000105
-0.003792 -0.000631 0.476209 0.100751
-0.000631 -0.000105 0.100751 0.045011
27.755931 1.310219 37.108009 2.047979
0.471935 0.099975 -0.002632 -0.000349
0.099975 0.044840 -0.000348 -0.000044
-0.002632 -0.000348 0.475451 0.100567
-0.000349 -0.000044 0.100567 0.044948
28.135692 1.252068 38.561520 2.138699
0.470988 0.099797 -0.003319 -0.000491
0.099797 0.044787 -0.000490 -0.000080
-0.003319 -0.000490 0.475498 0.100566
-0.000491 -0.000080 0.100566 0.044930
29.166008 1.337525 39.145524 2.036257
0.470889 0.099806 -0.002279 -0.000256
0.099806 0.044777 -0.000255 -0.000034
-0.002279 -0.000255 0.475241 0.100498
-0.000256 -0.000034 0.100498 0.044901
29.945493 1.360751 39.621371 1.921644
0.471462 0.099946 -0.003367 -0.000498
0.099946 0.044796 -0.000498 -0.000092
-0.003367 -0.000498 0.475689 0.100581
-0.000498 -0.000092 0.100581 0.044907
30.899744 1.418908 40.787729 1.965226
0.470913 0.099827 -0.004228 -0.000669
0.099827 0.044757 -0.000669 -0.000130
-0.004228 -0.000669 0.475797 0.100583
-0.000669 -0.000130 0.100583 0.044896
31.859103 1.472141 42.248308 2.066380
0.472876 0.100248 -0.003942 -0.000583
0.100248 0.044837 -0.000583 -0.000110
-0.003942 -0.000583 0.478686 0.101172
-0.000583 -0.000110 0.101172 0.045012
32.242126 1.397257 43.159712 2.040464
0.472089 0.100042 -0.004632 -0.000717
0.100042 0.044778 -0.000717 -0.000140
-0.004632 -0.000717 0.478582 0.101074
-0.000717 -0.000140 0.101074 0.044974
32.971087 1.403672 44.160149 2.036303
0.473038 0.100225 -0.004685 -0.000706
0.100225 0.044808 -0.000705 -0.000137
-0.004685 -0.000705 0.480061 0.101328
-0.000706 -0.000137 0.101328 0.045017
33.943260 1.460721 44.846360 1.966461
0.474512 0.100502 -0.005279 -0.000813
0.100502 0.044856 -0.000814 -0.000160
-0.005279 -0.000814 0.481469 0.101549
-0.000813 -0.000160 0.101549 0.045053
34.379196 1.398369 45.789906 1.957897
0.472703 0.100061 -0.004641 -0.000657
0.100061 0.044751 -0.000655 -0.000126
-0.004641 -0.000655 0.480543 0.101269
-0.000657 -0.000126 0.101269 0.044983
35.117844 1.406440 46.360320 1.871867
0.472252 0.099955 -0.005788 -0.000894
0.099955 0.044728 -0.000894 -0.000179
-0.005788 -0.000894 0.480145 0.101138
-0.000894 -0.000179 0.101138 0.044954
36.083704 1.461893 47.108434 1.832508
0.473961 0.100319 -0.006332 -0.000982
0.100319 0.044806 -0.000983 -0.000197
-0.006332 -0.000983 0.481942 0.101490
-0.000982 -0.000197 0.101490 0.045031
36.390719 1.371983 47.769261 1.778404
0.473670 0.100224 -0.007320 -0.001161
0.100224 0.044781 -0.001162 -0.000233
-0.007320 -0.001162 0.482288 0.101509
-0.001161 -0.000233 0.101509 0.045033
