2.992998 2.159319 1.135553 -0.437816
2.471857 0.988764 -0.021812 -0.008725
0.988764 80.399581 -0.008725 -0.003490
-0.021812 -0.008725 2.480217 0.992108
-0.008725 -0.003490 0.992108 80.400919
4.852124 3.521515 0.656982 -0.890109
2.253450 3.939378 -0.087491 -0.148643
3.939378 15.282111 -0.148664 -0.315211
-0.087491 -0.148664 2.275984 3.977127
-0.148643 -0.315211 3.977127 15.369321
6.033150 2.854595 0.853351 -0.152339
2.011712 2.326693 -0.064051 -0.062424
2.326693 4.582744 -0.062395 -0.086713
-0.064051 -0.062395 2.034125 2.349879
-0.062424 -0.086713 2.349879 4.615212
6.626715 2.154091 1.296008 0.281279
1.695346 1.427945 -0.033105 -0.022025
1.427945 1.899811 -0.021994 -0.027215
-0.033105 -0.021994 1.714658 1.442408
-0.022025 -0.027215 1.442408 1.914641
9.499738 3.344681 3.625355 1.729179
1.468321 0.970743 -0.008442 -0.003431
0.970743 0.973747 -0.003404 -0.008011
-0.008442 -0.003404 1.483630 0.979679
-0.003431 -0.008011 0.979679 0.981156
9.345789 2.351657 5.363148 2.203430
1.303835 0.708974 -0.014619 -0.007896
0.708974 0.570985 -0.007888 -0.008296
-0.014619 -0.007888 1.312199 0.712772
-0.007896 -0.008296 0.712772 0.574019
10.863690 2.510393 4.065136 1.095757
1.158800 0.535185 -0.021574 -0.010332
0.535185 0.363293 -0.010332 -0.007361
-0.021574 -0.010332 1.172901 0.541344
-0.010332 -0.007361 0.541344 0.366856
10.267274 1.765490 5.134675 1.305888
1.037181 0.417192 -0.023007 -0.009508
0.417192 0.247265 -0.009509 -0.005475
-0.023007 -0.009509 1.046712 0.420697
-0.009508 -0.005475 0.420697 0.249140
10.619380 1.575668 7.584698 1.947805
0.950175 0.339617 -0.018307 -0.006628
0.339617 0.179902 -0.006628 -0.003449
-0.018307 -0.006628 0.954419 0.340894
-0.006628 -0.003449 0.340894 0.180696
10.367980 1.240342 8.631371 1.971301
0.868484 0.280230 -0.015260 -0.004943
0.280230 0.136312 -0.004942 -0.002346
-0.015260 -0.004942 0.870944 0.280912
-0.004943 -0.002346 0.280912 0.136806
11.084155 1.268702 9.218726 1.853620
0.801517 0.236847 -0.017023 -0.005012
0.236847 0.107983 -0.005011 -0.002022
-0.017023 -0.005011 0.804241 0.237627
-0.005012 -0.002022 0.237627 0.108436
12.073035 1.365898 10.369163 1.914963
0.749936 0.205529 -0.009552 -0.002509
0.205529 0.089261 -0.002509 -0.001072
-0.009552 -0.002509 0.752350 0.206202
-0.002509 -0.001072 0.206202 0.089621
13.183310 1.475831 12.151333 2.127005
0.704907 0.181171 -0.004258 -0.001005
0.181171 0.076209 -0.001005 -0.000556
-0.004258 -0.001005 0.706469 0.181599
-0.001005 -0.000556 0.181599 0.076457
13.551287 1.385752 13.540097 2.206221
0.665194 0.161993 -0.005940 -0.001423
0.161993 0.066954 -0.001423 -0.000593
-0.005940 -0.001423 0.665906 0.162205
-0.001423 -0.000593 0.162205 0.067117
14.054277 1.341496 14.222758 2.108221
0.626636 0.145998 -0.005054 -0.001155
0.145998 0.060137 -0.001155 -0.000463
-0.005054 -0.001155 0.627237 0.146188
-0.001155 -0.000463 0.146188 0.060271
14.554643 1.303160 15.259806 2.104372
0.600060 0.135011 -0.005949 -0.001310
0.135011 0.055618 -0.001310 -0.000448
-0.005949 -0.001310 0.600365 0.135135
-0.001310 -0.000448 0.135135 0.055718
15.549211 1.378254 16.319934 2.106148
0.578955 0.126755 -0.006692 -0.001404
0.126755 0.052449 -0.001404 -0.000423
-0.006692 -0.001404 0.579287 0.126885
-0.001404 -0.000423 0.126885 0.052535
16.203172 1.370668 17.146890 2.057631
0.561283 0.120359 -0.004166 -0.000781
0.120359 0.050186 -0.000782 -0.000251
-0.004166 -0.000782 0.561546 0.120470
-0.000781 -0.000251 0.120470 0.050256
17.133206 1.422327 18.069597 2.035265
0.539770 0.114000 -0.002465 -0.000403
0.114000 0.048279 -0.000403 -0.000152
-0.002465 -0.000403 0.540028 0.114104
-0.000403 -0.000152 0.114104 0.048338
17.789881 1.410841 18.642686 1.942213
0.523793 0.109584 -0.003425 -0.000615
0.109584 0.047043 -0.000615 -0.000186
-0.003425 -0.000615 0.524036 0.109678
-0.000615 -0.000186 0.109678 0.047091
18.234790 1.356680 19.878971 1.997364
0.513117 0.106793 -0.002601 -0.000428
0.106793 0.046307 -0.000428 -0.000134
-0.002601 -0.000428 0.513159 0.106837
-0.000428 -0.000134 0.106837 0.046337
19.095537 1.394570 20.958547 2.014206
0.502012 0.104228 -0.002023 -0.000308
0.104228 0.045708 -0.000308 -0.000101
-0.002023 -0.000308 0.502033 0.104264
-0.000308 -0.000101 0.104264 0.045732
19.198908 1.271306 22.201717 2.063108
0.495046 0.102786 -0.001783 -0.000266
0.102786 0.045404 -0.000266 -0.000087
-0.001783 -0.000266 0.494925 0.102789
-0.000266 -0.000087 0.102789 0.045417
19.838541 1.272152 23.330914 2.083414
0.493701 0.102642 -0.001017 -0.000113
0.102642 0.045394 -0.000113 -0.000051
-0.001017 -0.000113 0.493593 0.102647
-0.000113 -0.000051 0.102647 0.045405
20.603231 1.298899 24.210700 2.049720
0.488171 0.101622 0.000242 0.000130
0.101622 0.045197 0.000130 0.000001
0.000242 0.000130 0.488100 0.101632
0.000130 0.000001 0.101632 0.045206
21.194501 1.286783 25.458904 2.096313
0.486097 0.101396 0.000533 0.000154
0.101396 0.045175 0.000154 0.000003
0.000533 0.000154 0.486129 0.101425
0.000154 0.000003 0.101425 0.045186
21.755679 1.269597 26.335173 2.060381
0.483896 0.101134 0.000937 0.000205
0.101134 0.045138 0.000205 0.000013
0.000937 0.000205 0.483985 0.101170
0.000205 0.000013 0.101170 0.045149
22.622620 1.318187 27.787851 2.148848
0.481068 0.100734 0.000603 0.000104
0.100734 0.045067 0.000104 -0.000008
0.000603 0.000104 0.481433 0.100822
0.000104 -0.000008 0.100822 0.045087
22.999639 1.258988 29.083990 2.195389
0.482054 0.101138 0.002120 0.000406
0.101138 0.045162 0.000406 0.000058
0.002120 0.000406 0.482687 0.101273
0.000406 0.000058 0.101273 0.045189
23.404705 1.211886 29.923724 2.141243
0.480754 0.100991 0.001550 0.000246
0.100991 0.045125 0.000246 0.000022
0.001550 0.000246 0.481502 0.101136
0.000246 0.000022 0.101136 0.045152
23.740700 1.155177 30.687972 2.076882
0.481076 0.101172 0.001745 0.000268
0.101172 0.045155 0.000268 0.000029
0.001745 0.000268 0.481935 0.101328
0.000268 0.000029 0.101328 0.045183
23.727742 1.030878 31.795183 2.091491
0.479861 0.100988 0.002299 0.000369
0.100988 0.045102 0.000369 0.000053
0.002299 0.000369 0.481138 0.101221
0.000369 0.000053 0.101221 0.045145
24.157761 1.012850 32.974181 2.119564
0.480035 0.101095 0.002264 0.000340
0.101095 0.045112 0.000339 0.000048
0.002264 0.000339 0.481741 0.101401
0.000340 0.000048 0.101401 0.045168
24.966381 1.076606 33.760401 2.061875
0.480070 0.101145 0.002496 0.000374
0.101145 0.045106 0.000374 0.000058
0.002496 0.000374 0.481914 0.101458
0.000374 0.000058 0.101458 0.045162
26.027910 1.186873 34.782234 2.059778
0.478427 0.100823 0.001908 0.000237
0.100823 0.045022 0.000237 0.000031
0.001908 0.000237 0.480612 0.101189
0.000237 0.000031 0.101189 0.045088
26.532940 1.168200 35.914459 2.081359
0.475748 0.100302 0.000048 -0.000151
0.100302 0.044903 -0.000152 -0.000046
0.000048 -0.000152 0.478542 0.100777
-0.000151 -0.000046 0.100777 0.044991
27.166038 1.178485 37.164794 2.125522
0.474900 0.100204 0.000921 0.000073
0.100204 0.044881 0.000072 0.000012
0.000921 0.000072 0.478368 0.100794
0.000073 0.000012 0.100794 0.044991
27.864993 1.201681 38.096449 2.097861
0.475466 0.100398 0.000993 0.000103
0.100398 0.044920 0.000102 0.000023
0.000993 0.000102 0.479271 0.101025
0.000103 0.000023 0.101025 0.045034
28.488228 1.206556 38.424413 1.945872
0.477962 0.100966 0.002613 0.000455
0.100966 0.045031 0.000455 0.000099
0.002613 0.000455 0.481484 0.101500
0.000455 0.000099 0.101500 0.045124
29.134038 1.215606 39.124792 1.888427
0.476996 0.100739 0.001400 0.000176
0.100739 0.044964 0.000176 0.000036
0.001400 0.000176 0.480821 0.101320
0.000176 0.000036 0.101320 0.045069
29.853179 1.239131 40.019340 1.877938
0.478247 0.100999 0.000808 0.000057
0.100999 0.045007 0.000056 0.000013
0.000808 0.000056 0.482518 0.101655
0.000057 0.000013 0.101655 0.045128
30.234769 1.188799 41.409822 1.973058
0.477118 0.100728 0.001195 0.000155
0.100728 0.044935 0.000154 0.000037
0.001195 0.000154 0.482670 0.101632
0.000155 0.000037 0.101632 0.045109
31.353738 1.299501 42.592094 2.014155
0.476498 0.100591 -0.000621 -0.000222
0.100591 0.044899 -0.000223 -0.000042
-0.000621 -0.000223 0.482669 0.101586
-0.000222 -0.000042 0.101586 0.045090
32.126144 1.325397 43.582375 2.010608
0.475986 0.100489 -0.001300 -0.000324
0.100489 0.044874 -0.000326 -0.000057
-0.001300 -0.000326 0.482717 0.101559
-0.000324 -0.000057 0.101559 0.045078
33.294717 1.432214 44.289949 1.947980
0.475268 0.100350 -0.001859 -0.000397
0.100350 0.044844 -0.000399 -0.000066
-0.001859 -0.000399 0.481959 0.101370
-0.000397 -0.000066 0.101370 0.045034
33.214470 1.264013 45.053017 1.903556
0.473715 0.100045 -0.001467 -0.000270
0.100045 0.044780 -0.000271 -0.000034
-0.001467 -0.000271 0.481378 0.101240
-0.000270 -0.000034 0.101240 0.045009
34.007355 1.297967 45.723292 1.844370
0.474318 0.100220 -0.003403 -0.000651
0.100220 0.044822 -0.000653 -0.000114
-0.003403 -0.000653 0.482101 0.101398
-0.000651 -0.000114 0.101398 0.045046
34.902146 1.349949 46.770700 1.870769
0.473779 0.100129 -0.006763 -0.001300
0.100129 0.044802 -0.001306 -0.000245
-0.006763 -0.001306 0.482271 0.101425
-0.001300 -0.000245 0.101425 0.045051
35.017409 1.231473 47.399662 1.806056
0.472944 0.099980 -0.006296 -0.001093
0.099980 0.044771 -0.001096 -0.000187
-0.006296 -0.001096 0.482108 0.101382
-0.001093 -0.000187 0.101382 0.045043
35.978568 1.304249 47.873110 1.715943
0.470139 0.099423 -0.007055 -0.001180
0.099423 0.044654 -0.001184 -0.000201
-0.007055 -0.001184 0.479213 0.100769
-0.001180 -0.000201 0.100769 0.044915
