-2.549978 -0.057919 5.458895 1.291558
42.177684 16.871439 -56.932682 -22.773566
16.871439 86.752789 -22.773566 -9.109624
-56.932682 -22.773566 81.440732 32.576998
-22.773566 -9.109624 32.576998 93.035148
1.111412 6.611551 8.607021 5.981796
55.271894 24.467661 -82.903911 -44.158155
24.467661 32.504977 -34.969389 -38.789537
-82.903911 -34.969389 127.111774 68.858775
-44.158155 -38.789537 68.858775 72.766932
-3.188657 -1.733763 12.284676 4.729477
75.328687 31.575452 -120.747544 -59.157731
31.575452 24.922003 -48.079017 -36.866850
-120.747544 -48.079017 199.205733 98.377521
-59.157731 -36.866850 98.377521 69.432850
4.003104 1.624199 2.334741 -0.475984
8.091161 0.624834 -21.828279 -9.218104
0.624834 6.952233 0.224323 -8.657326
-21.828279 0.224323 65.469237 27.644259
-9.218104 -8.657326 27.644259 24.864225
3.685428 1.627876 6.546122 1.187702
4.109726 3.914046 -4.142390 -4.296925
3.914046 6.942926 -3.409083 -8.386920
-4.142390 -3.409083 5.819100 4.570622
-4.296925 -8.386920 4.570622 11.382371
5.021150 2.042395 8.140863 1.550016
9.374373 7.086559 -10.353328 -8.504635
7.086559 6.714132 -7.809756 -8.400045
-10.353328 -7.809756 12.757786 10.093923
-8.504635 -8.400045 10.093923 11.302340
5.795366 1.917478 8.921855 1.563645
17.559281 10.143679 -20.476697 -12.603125
10.143679 6.561164 -11.913071 -8.331547
-20.476697 -11.913071 25.213671 15.471594
-12.603125 -8.331547 15.471594 11.143750
7.025786 2.045911 9.321375 1.376524
28.322029 12.993078 -34.113048 -16.454906
12.993078 6.380263 -15.739055 -8.176561
-34.113048 -15.739055 42.383140 20.507869
-16.454906 -8.176561 20.507869 10.881980
8.774046 2.254836 10.203596 1.537368
39.517961 14.849098 -47.193317 -18.480572
14.849098 5.857510 -17.799592 -7.347836
-47.193317 -17.799592 57.466607 22.592180
-18.480572 -7.347836 22.592180 9.500394
9.281843 2.045168 11.957077 1.884996
44.812739 14.172799 -52.027151 -16.980054
14.172799 4.681687 -16.506591 -5.649730
-52.027151 -16.506591 61.412444 20.142842
-16.980054 -5.649730 20.142842 7.037397
10.271230 2.061827 12.360243 1.671503
48.454131 13.367000 -57.982669 -16.516155
13.367000 3.839593 -16.042558 -4.762320
-57.982669 -16.042558 70.437600 20.172720
-16.516155 -4.762320 20.172720 6.094313
12.951645 2.477195 10.816292 1.035631
55.384334 13.490581 -66.673415 -16.709669
13.490581 3.407318 -16.275959 -4.225661
-66.673415 -16.275959 81.295473 20.477631
-16.709669 -4.225661 20.477631 5.400725
19.122681 3.556715 5.189570 -0.355370
14.731071 3.152737 -15.458772 -3.232356
3.152737 0.775254 -3.331022 -0.811744
-15.458772 -3.331022 17.136594 3.683436
-3.232356 -0.811744 3.683436 0.985377
16.087135 2.607112 10.364516 0.705925
1.740687 0.316852 -0.682513 -0.007858
0.316852 0.143731 -0.132403 -0.095145
-0.682513 -0.132403 0.653458 0.118839
-0.007858 -0.095145 0.118839 0.183442
17.428400 2.575733 11.279610 0.912561
2.080088 0.389729 -0.806288 -0.067671
0.389729 0.148379 -0.175278 -0.093478
-0.806288 -0.175278 0.675759 0.157139
-0.067671 -0.093478 0.157139 0.167427
18.404969 2.450499 12.615832 1.221072
2.483262 0.457454 -0.905320 -0.099141
0.457454 0.149958 -0.196628 -0.084449
-0.905320 -0.196628 0.667107 0.166349
-0.099141 -0.084449 0.166349 0.144704
19.507819 2.389414 13.678028 1.386455
2.945141 0.523261 -1.016206 -0.121750
0.523261 0.150976 -0.213076 -0.075332
-1.016206 -0.213076 0.689178 0.174575
-0.121750 -0.075332 0.174575 0.125944
20.772800 2.420610 14.141219 1.304803
3.384514 0.569906 -1.061670 -0.116178
0.569906 0.148361 -0.213942 -0.063876
-1.061670 -0.213942 0.710836 0.180377
-0.116178 -0.063876 0.180377 0.112370
21.549747 2.338790 15.067870 1.371013
3.423928 0.530761 -0.796365 -0.030081
0.530761 0.130157 -0.154752 -0.039672
-0.796365 -0.154752 0.556028 0.140396
-0.030081 -0.039672 0.140396 0.091163
21.373449 2.096097 16.588911 1.568996
3.191949 0.451773 -0.381208 0.075129
0.451773 0.108509 -0.078664 -0.016354
-0.381208 -0.078664 0.364782 0.099678
0.075129 -0.016354 0.099678 0.074394
22.494458 2.106307 17.364012 1.569768
3.563774 0.487921 -0.315970 0.084592
0.487921 0.109692 -0.069648 -0.011737
-0.315970 -0.069648 0.378187 0.107348
0.084592 -0.011737 0.107348 0.070231
21.966063 1.876504 18.536407 1.622508
2.746805 0.340853 0.149427 0.165085
0.340853 0.083681 -0.004687 0.001608
0.149427 -0.004687 0.336026 0.111316
0.165085 0.001608 0.111316 0.068844
22.931364 1.871085 19.471174 1.660494
2.970072 0.365329 0.239970 0.164557
0.365329 0.085733 0.003735 0.003320
0.239970 0.003735 0.377054 0.120858
0.164557 0.003320 0.120858 0.065945
22.902559 1.737627 20.431830 1.677088
2.294799 0.261740 0.478101 0.187225
0.261740 0.070164 0.027182 0.006383
0.478101 0.027182 0.485750 0.150043
0.187225 0.006383 0.150043 0.069952
24.161404 1.791608 21.237219 1.672394
2.287893 0.261063 0.574503 0.183765
0.261063 0.070366 0.029025 0.005593
0.574503 0.029025 0.649662 0.185019
0.183765 0.005593 0.185019 0.074533
23.331902 1.583481 21.731142 1.577092
0.591470 0.062362 0.245231 0.065758
0.062362 0.047273 -0.018688 -0.008394
0.245231 -0.018688 0.735524 0.191244
0.065758 -0.008394 0.191244 0.070706
24.120474 1.586205 22.472922 1.565768
0.586639 0.077597 0.223954 0.051574
0.077597 0.051036 -0.027140 -0.009381
0.223954 -0.027140 0.908321 0.219186
0.051574 -0.009381 0.219186 0.073653
25.137784 1.609016 23.517421 1.622963
0.579692 0.091003 0.173509 0.034105
0.091003 0.054182 -0.039658 -0.011033
0.173509 -0.039658 1.102514 0.247884
0.034105 -0.011033 0.247884 0.076644
26.102428 1.627088 24.543834 1.666720
0.544934 0.101724 0.013483 -0.002617
0.101724 0.056915 -0.063852 -0.014799
0.013483 -0.063852 1.184790 0.249921
-0.002617 -0.014799 0.249921 0.074035
26.702917 1.592529 25.214909 1.636298
0.516704 0.111379 -0.207815 -0.045369
0.111379 0.059075 -0.095523 -0.019444
-0.207815 -0.095523 1.190295 0.237511
-0.045369 -0.019444 0.237511 0.069282
27.578689 1.612649 25.919173 1.614608
0.589694 0.134234 -0.380501 -0.073318
0.134234 0.062868 -0.118666 -0.021955
-0.380501 -0.118666 1.237663 0.234448
-0.073318 -0.021955 0.234448 0.066982
28.393097 1.609311 27.011022 1.666524
0.681387 0.155527 -0.547239 -0.096477
0.155527 0.065652 -0.142058 -0.024274
-0.547239 -0.142058 1.402439 0.253042
-0.096477 -0.024274 0.253042 0.068979
29.307773 1.631805 28.216984 1.734180
0.822214 0.182929 -0.725578 -0.118438
0.182929 0.069239 -0.165323 -0.026337
-0.725578 -0.165323 1.562506 0.268437
-0.118438 -0.026337 0.268437 0.070237
30.219005 1.654209 29.264436 1.767612
1.001908 0.213790 -0.924348 -0.140816
0.213790 0.073041 -0.190756 -0.028580
-0.924348 -0.190756 1.696325 0.277143
-0.140816 -0.028580 0.277143 0.070221
30.675702 1.562477 29.588986 1.660572
1.197573 0.242281 -1.161933 -0.167312
0.242281 0.075678 -0.222570 -0.031869
-1.161933 -0.222570 1.811078 0.280517
-0.167312 -0.031869 0.280517 0.069177
31.524336 1.586278 30.720907 1.715589
1.433189 0.274737 -1.395162 -0.189493
0.274737 0.078953 -0.247371 -0.033660
-1.395162 -0.247371 2.035743 0.302421
-0.189493 -0.033660 0.302421 0.071519
32.527480 1.658763 32.274414 1.846567
1.710526 0.310678 -1.646869 -0.211452
0.310678 0.082598 -0.272296 -0.035288
-1.646869 -0.272296 2.286796 0.326144
-0.211452 -0.035288 0.326144 0.073967
33.217553 1.617491 32.937093 1.794168
2.024938 0.348016 -1.931713 -0.235916
0.348016 0.085852 -0.304268 -0.038047
-1.931713 -0.304268 2.472334 0.334854
-0.235916 -0.038047 0.334854 0.073478
34.159310 1.649650 33.920810 1.816721
2.375199 0.386819 -2.236736 -0.260483
0.386819 0.089202 -0.333870 -0.040199
-2.236736 -0.333870 2.719951 0.352851
-0.260483 -0.040199 0.352851 0.074667
35.002384 1.644291 34.660110 1.788069
2.754356 0.424699 -2.576677 -0.288161
0.424699 0.091934 -0.365836 -0.042765
-2.576677 -0.365836 2.995632 0.372536
-0.288161 -0.042765 0.372536 0.075887
35.564037 1.582743 35.388015 1.741953
3.147348 0.458837 -2.950530 -0.319479
0.458837 0.093694 -0.398167 -0.045541
-2.950530 -0.398167 3.322634 0.397926
-0.319479 -0.045541 0.397926 0.077808
36.204033 1.552633 36.250222 1.730031
3.580624 0.495412 -3.351434 -0.351092
0.495412 0.095864 -0.430448 -0.048022
-3.351434 -0.430448 3.682770 0.425721
-0.351092 -0.048022 0.425721 0.080004
37.046112 1.572407 37.227967 1.754904
4.058146 0.535013 -3.777634 -0.382333
0.535013 0.098489 -0.462950 -0.050229
-3.777634 -0.462950 4.066073 0.454062
-0.382333 -0.050229 0.454062 0.082177
38.075818 1.610808 37.997432 1.753814
4.576133 0.576159 -4.235334 -0.414612
0.576159 0.101151 -0.497013 -0.052527
-4.235334 -0.497013 4.469218 0.481877
-0.414612 -0.052527 0.481877 0.084046
38.991472 1.626674 38.811059 1.751006
5.096745 0.611569 -4.727465 -0.451259
0.611569 0.102686 -0.530162 -0.055017
-4.727465 -0.530162 4.933365 0.516382
-0.451259 -0.055017 0.516382 0.086684
39.777220 1.635796 39.889849 1.784976
5.620617 0.643099 -5.242114 -0.489536
0.643099 0.103653 -0.561497 -0.057355
-5.242114 -0.561497 5.442858 0.555021
-0.489536 -0.057355 0.555021 0.089778
39.929068 1.540886 41.094036 1.786704
6.183814 0.676356 -5.798652 -0.529678
0.676356 0.104762 -0.596015 -0.059977
-5.798652 -0.596015 5.979426 0.592517
-0.529678 -0.059977 0.592517 0.092331
40.708883 1.535382 41.888671 1.770090
6.859047 0.726245 -6.361942 -0.559372
0.726245 0.108452 -0.635201 -0.061902
-6.361942 -0.635201 6.433145 0.612547
-0.559372 -0.061902 0.612547 0.092533
41.574109 1.543606 42.660044 1.758259
7.578300 0.775975 -6.972948 -0.592890
0.775975 0.111810 -0.675159 -0.063962
-6.972948 -0.675159 6.942941 0.638039
-0.592890 -0.063962 0.638039 0.093453
42.179701 1.510597 43.470626 1.732181
8.320959 0.822100 -7.632148 -0.631703
0.822100 0.114365 -0.715084 -0.066287
-7.632148 -0.715084 7.519442 0.670299
-0.631703 -0.066287 0.670299 0.095123
