4.040380 2.578281 2.048976 -0.072439
1.364707 0.545895 0.220883 0.088355
0.545895 80.222429 0.088355 0.035343
0.220883 0.088355 3.524654 1.409892
0.088355 0.035343 1.409892 80.568036
5.252048 2.452262 1.109058 -1.573737
3.326170 6.175306 -0.930785 -1.611869
6.175306 16.428901 -1.778891 -2.435266
-0.930785 -1.778891 2.899752 4.840009
-1.611869 -2.435266 4.840009 19.318522
6.447082 2.489919 2.291387 0.731526
2.790532 2.959319 -0.428010 -0.304445
2.959319 4.341234 -0.395707 -0.195078
-0.428010 -0.395707 1.684010 1.943053
-0.304445 -0.195078 1.943053 4.787324
5.948157 1.217086 4.211157 2.053488
1.366495 1.039458 0.342070 0.380294
1.039458 1.282568 0.291825 0.308958
0.342070 0.291825 1.257871 1.159514
0.380294 0.308958 1.159514 1.946415
6.376578 1.106624 5.100729 1.953858
1.259900 0.779466 0.022590 0.006575
0.779466 0.732303 0.003318 -0.010228
0.022590 0.003318 1.465987 1.079980
0.006575 -0.010228 1.079980 1.179040
7.459977 1.380911 5.930136 1.863944
1.190042 0.615096 -0.199840 -0.124610
0.615096 0.463472 -0.110865 -0.071208
-0.199840 -0.110865 1.498911 0.882711
-0.124610 -0.071208 0.882711 0.721338
9.343371 1.907495 6.720938 1.797056
1.084564 0.478645 -0.289211 -0.138979
0.478645 0.305381 -0.126785 -0.062173
-0.289211 -0.126785 1.441285 0.699936
-0.138979 -0.062173 0.699936 0.461690
10.985778 2.175011 7.803381 1.877964
0.910367 0.350911 -0.290758 -0.114216
0.350911 0.201612 -0.105983 -0.042606
-0.290758 -0.105983 1.285092 0.530381
-0.114216 -0.042606 0.530381 0.300682
10.782652 1.728394 9.020700 1.965378
0.759642 0.261596 -0.315835 -0.106619
0.261596 0.140268 -0.100443 -0.034881
-0.315835 -0.100443 1.123443 0.404395
-0.106619 -0.034881 0.404395 0.205247
10.478345 1.359033 10.381024 2.071377
0.726564 0.229004 -0.289434 -0.083701
0.229004 0.112441 -0.080996 -0.024379
-0.289434 -0.080996 0.961041 0.308819
-0.083701 -0.024379 0.308819 0.145870
11.266359 1.375718 10.345893 1.754104
0.712191 0.207305 -0.274644 -0.069746
0.207305 0.094311 -0.068588 -0.018394
-0.274644 -0.068588 0.890325 0.260661
-0.069746 -0.018394 0.260661 0.114854
11.310770 1.198372 11.273848 1.756414
0.657033 0.177936 -0.251314 -0.057372
0.177936 0.078099 -0.057424 -0.014193
-0.251314 -0.057424 0.768085 0.207395
-0.057372 -0.014193 0.207395 0.089353
12.634163 1.379372 11.662297 1.643268
0.636815 0.162791 -0.219245 -0.044552
0.162791 0.068941 -0.044551 -0.010086
-0.219245 -0.044551 0.744551 0.189211
-0.044552 -0.010086 0.189211 0.078081
14.001056 1.556735 13.002389 1.784068
0.602479 0.146455 -0.189838 -0.034964
0.146455 0.061252 -0.035202 -0.007559
-0.189838 -0.035202 0.688418 0.165710
-0.034964 -0.007559 0.165710 0.067668
13.816666 1.329624 14.030760 1.797720
0.581104 0.135839 -0.154012 -0.025123
0.135839 0.056351 -0.025838 -0.005279
-0.154012 -0.025838 0.628286 0.144946
-0.025123 -0.005279 0.144946 0.059783
14.532668 1.333889 14.478133 1.695950
0.554133 0.125452 -0.121945 -0.017612
0.125452 0.052363 -0.018196 -0.003668
-0.121945 -0.018196 0.592558 0.132568
-0.017612 -0.003668 0.132568 0.055068
15.330161 1.361932 15.250948 1.681513
0.561476 0.123864 -0.113225 -0.015574
0.123864 0.050932 -0.016104 -0.003290
-0.113225 -0.016104 0.595100 0.129880
-0.015574 -0.003290 0.129880 0.053164
16.146846 1.391041 16.056071 1.675919
0.553151 0.119603 -0.078142 -0.008291
0.119603 0.049301 -0.008712 -0.001818
-0.078142 -0.008712 0.581468 0.124520
-0.008291 -0.001818 0.124520 0.051125
16.531659 1.326450 17.042080 1.703113
0.550645 0.116985 -0.061577 -0.005611
0.116985 0.048246 -0.006103 -0.001457
-0.061577 -0.006103 0.564228 0.118818
-0.005611 -0.001457 0.118818 0.049279
17.066739 1.307633 18.655944 1.861035
0.545153 0.114278 -0.038563 -0.001782
0.114278 0.047386 -0.002341 -0.000842
-0.038563 -0.002341 0.540387 0.112551
-0.001782 -0.000842 0.112551 0.047607
17.433011 1.249527 19.777476 1.897972
0.528324 0.109481 -0.034946 -0.002319
0.109481 0.046206 -0.002851 -0.001138
-0.034946 -0.002851 0.512694 0.106015
-0.002319 -0.001138 0.106015 0.046054
18.236082 1.287459 20.889570 1.933101
0.514930 0.106050 -0.031359 -0.002577
0.106050 0.045475 -0.003004 -0.001263
-0.031359 -0.003004 0.498748 0.103032
-0.002577 -0.001263 0.103032 0.045412
18.655451 1.243394 22.230765 2.009377
0.495312 0.101863 -0.014041 0.000171
0.101863 0.044696 -0.000212 -0.000728
-0.014041 -0.000212 0.475204 0.098433
0.000171 -0.000728 0.098433 0.044513
19.067995 1.200058 23.183034 1.997494
0.484854 0.099963 -0.001519 0.001895
0.099963 0.044447 0.001560 -0.000399
-0.001519 0.001560 0.464286 0.096792
0.001895 -0.000399 0.096792 0.044279
19.135841 1.089885 24.174532 1.994481
0.490075 0.101429 -0.004610 0.000406
0.101429 0.044889 0.000140 -0.000717
-0.004610 0.000140 0.468260 0.098275
0.000406 -0.000717 0.098275 0.044678
19.465447 1.045087 25.071934 1.973077
0.481262 0.099853 0.007640 0.002408
0.099853 0.044649 0.002159 -0.000258
0.007640 0.002159 0.462478 0.097506
0.002408 -0.000258 0.097506 0.044547
19.393922 0.921364 26.286319 2.021133
0.466940 0.097239 0.018246 0.004015
0.097239 0.044195 0.003782 0.000105
0.018246 0.003782 0.454515 0.096252
0.004015 0.000105 0.096252 0.044301
20.625191 1.083234 27.017010 1.960688
0.467525 0.097941 0.015783 0.002830
0.097941 0.044452 0.002637 -0.000125
0.015783 0.002637 0.463905 0.098725
0.002830 -0.000125 0.098725 0.044848
21.379714 1.127856 28.082609 1.978432
0.465541 0.097969 0.012626 0.001745
0.097969 0.044518 0.001574 -0.000290
0.012626 0.001574 0.473145 0.100852
0.001745 -0.000290 0.100852 0.045256
22.288239 1.200143 29.269286 2.019638
0.461792 0.097557 0.009188 0.000811
0.097557 0.044466 0.000640 -0.000399
0.009188 0.000640 0.484000 0.103074
0.000811 -0.000399 0.103074 0.045645
22.762801 1.175391 29.598200 1.875377
0.465304 0.098658 0.006769 0.000237
0.098658 0.044720 0.000111 -0.000411
0.006769 0.000111 0.483700 0.102692
0.000237 -0.000411 0.102692 0.045453
24.208927 1.358170 30.384104 1.841118
0.441757 0.093878 -0.007794 -0.002738
0.093878 0.043695 -0.002888 -0.000933
-0.007794 -0.002888 0.476094 0.100850
-0.002738 -0.000933 0.100850 0.044992
25.100226 1.403193 31.505392 1.883248
0.431477 0.092285 -0.013845 -0.003649
0.092285 0.043417 -0.003812 -0.000989
-0.013845 -0.003812 0.483458 0.102346
-0.003649 -0.000989 0.102346 0.045283
26.440761 1.540621 32.675630 1.931089
0.423113 0.091151 -0.033081 -0.007287
0.091151 0.043230 -0.007511 -0.001648
-0.033081 -0.007511 0.492887 0.104141
-0.007287 -0.001648 0.104141 0.045618
27.407784 1.583407 33.743968 1.952928
0.423212 0.091815 -0.044643 -0.008999
0.091815 0.043411 -0.009241 -0.001860
-0.044643 -0.009241 0.505660 0.106462
-0.008999 -0.001860 0.106462 0.046039
28.220001 1.588345 34.891984 1.988964
0.434461 0.094746 -0.043670 -0.007967
0.094746 0.044044 -0.008136 -0.001489
-0.043670 -0.008136 0.523060 0.109580
-0.007967 -0.001489 0.109580 0.046608
28.746776 1.530217 35.974890 2.006329
0.409572 0.089311 -0.064364 -0.011788
0.089311 0.042755 -0.011994 -0.002251
-0.064364 -0.011994 0.534055 0.111028
-0.011788 -0.002251 0.111028 0.046781
29.476398 1.522120 36.930147 1.996197
0.421753 0.092560 -0.065505 -0.011089
0.092560 0.043495 -0.011276 -0.001983
-0.065505 -0.011276 0.545177 0.112534
-0.011089 -0.001983 0.112534 0.047000
30.150239 1.500991 37.667477 1.941908
0.430042 0.094538 -0.064540 -0.010170
0.094538 0.043865 -0.010343 -0.001739
-0.064540 -0.010343 0.548208 0.112339
-0.010170 -0.001739 0.112339 0.046881
31.047455 1.529937 38.208849 1.855201
0.395575 0.086790 -0.067436 -0.010585
0.086790 0.042043 -0.010500 -0.001845
-0.067436 -0.010500 0.547071 0.111391
-0.010585 -0.001845 0.111391 0.046638
31.119152 1.372504 38.784383 1.777144
0.400625 0.088488 -0.073230 -0.011287
0.088488 0.042465 -0.011332 -0.002013
-0.073230 -0.011332 0.551632 0.111771
-0.011287 -0.002013 0.111771 0.046710
31.578458 1.322558 39.752870 1.791118
0.407979 0.090495 -0.072017 -0.010566
0.090495 0.042906 -0.010543 -0.001852
-0.072017 -0.010543 0.562520 0.113555
-0.010566 -0.001852 0.113555 0.047092
32.009335 1.269090 40.464442 1.751505
0.414114 0.091994 -0.066571 -0.009156
0.091994 0.043185 -0.009099 -0.001594
-0.066571 -0.009099 0.561078 0.112796
-0.009156 -0.001594 0.112796 0.046947
32.562982 1.250401 41.281550 1.738839
0.420722 0.093455 -0.055855 -0.006878
0.093455 0.043439 -0.006712 -0.001174
-0.055855 -0.006712 0.556767 0.111670
-0.006878 -0.001174 0.111670 0.046767
33.112774 1.238414 42.637979 1.836079
0.444559 0.098474 -0.055944 -0.006857
0.098474 0.044445 -0.006842 -0.001260
-0.055944 -0.006842 0.568966 0.113923
-0.006857 -0.001260 0.113923 0.047270
34.006728 1.303310 44.005901 1.928857
0.450104 0.099103 -0.037613 -0.003348
0.099103 0.044438 -0.003090 -0.000594
-0.037613 -0.003090 0.560697 0.112089
-0.003348 -0.000594 0.112089 0.046951
34.648995 1.300058 44.824155 1.899512
0.471352 0.103036 -0.034196 -0.003014
0.103036 0.045158 -0.003130 -0.000702
-0.034196 -0.003130 0.534447 0.106736
-0.003014 -0.000702 0.106736 0.045933
35.395097 1.314308 44.846738 1.713905
0.458536 0.099460 -0.000321 0.003189
0.099460 0.044261 0.003193 0.000445
-0.000321 0.003193 0.459105 0.092241
0.003189 0.000445 0.092241 0.043202
35.831261 1.267481 45.873362 1.747526
0.482062 0.103914 -0.011822 -0.000047
0.103914 0.045161 -0.000285 -0.000405
-0.011822 -0.000285 0.459597 0.093957
-0.000047 -0.000405 0.093957 0.043861
36.343072 1.241380 46.738757 1.745329
0.498436 0.106516 -0.014258 -0.001074
0.106516 0.045619 -0.001416 -0.000678
-0.014258 -0.001416 0.439770 0.091166
-0.001074 -0.000678 0.091166 0.043471
