-0.587516 0.727083 4.300415 0.828156
41.744754 16.698263 -56.644761 -22.658395
16.698263 86.683517 -22.658395 -9.063555
-56.644761 -22.658395 81.214040 32.486320
-22.658395 -9.063555 32.486320 92.998876
2.220477 5.735266 7.269597 4.799428
68.735407 40.785685 -87.019602 -39.543458
40.785685 45.460325 -50.140023 -43.032920
-87.019602 -50.140023 112.541665 52.322071
-39.543458 -43.032920 52.322071 59.844855
-5.178665 -1.303406 15.983598 4.867333
92.576504 45.552041 -120.117140 -56.378970
45.552041 33.880067 -58.029125 -40.638206
-120.117140 -58.029125 159.639002 76.494808
-56.378970 -40.638206 76.494808 57.283860
-2.706599 0.042090 14.516700 3.295235
1.898174 0.536942 -4.278510 -2.213799
0.536942 7.356136 0.085548 -8.751447
-4.278510 0.085548 18.454749 10.800618
-2.213799 -8.751447 10.800618 18.925494
-2.028187 0.937873 16.639945 2.964327
2.790550 2.275253 -8.067747 -5.618380
2.275253 4.811205 -5.066880 -7.512168
-8.067747 -5.066880 33.303881 20.412010
-5.618380 -7.512168 20.412010 18.209682
-0.147692 2.064854 15.267823 1.040088
2.981738 1.812352 -10.623784 -5.522095
1.812352 2.303062 -4.814572 -4.169330
-10.623784 -4.814572 51.134029 23.888058
-5.522095 -4.169330 23.888058 13.648208
1.120285 2.345077 16.658056 1.136945
5.228408 2.861180 -16.664224 -7.479276
2.861180 2.090082 -8.293544 -4.482456
-16.664224 -8.293544 61.958335 26.205574
-7.479276 -4.482456 26.205574 12.373152
4.168717 3.458576 15.112815 -0.173437
6.760717 2.863376 -22.854346 -8.257509
2.863376 1.494274 -9.107167 -3.694850
-22.854346 -9.107167 84.843783 29.674048
-8.257509 -3.694850 29.674048 11.107749
5.399660 3.314220 17.194511 0.442193
6.215830 2.507763 -16.132552 -5.458892
2.507763 1.174937 -6.220930 -2.345282
-16.132552 -6.220930 46.310400 15.071068
-5.458892 -2.345282 15.071068 5.385038
6.462737 3.028785 17.447266 0.607482
7.700567 2.577869 -20.447910 -5.884003
2.577869 0.974048 -6.592710 -2.056605
-20.447910 -6.592710 58.805141 16.466005
-5.884003 -2.056605 16.466005 4.946964
7.010143 2.650192 18.284136 0.902298
8.995107 2.566345 -24.364826 -6.101582
2.566345 0.813869 -6.725946 -1.796987
-24.364826 -6.725946 70.575609 17.319875
-6.101582 -1.796987 17.319875 4.501587
6.423751 2.148798 23.397783 1.973122
7.652257 1.861746 -21.963771 -4.820188
1.861746 0.517142 -5.133174 -1.209666
-21.963771 -5.133174 67.812992 14.606689
-4.820188 -1.209666 14.606689 3.342316
9.440821 2.563612 18.586553 0.833343
0.484671 0.130311 -0.785000 -0.184161
0.130311 0.089183 0.013122 -0.070415
-0.785000 0.013122 6.800466 1.135807
-0.184161 -0.070415 1.135807 0.347867
10.643898 2.506372 18.033877 0.700571
0.574170 0.148661 -1.101954 -0.242303
0.148661 0.082135 -0.119188 -0.081016
-1.101954 -0.119188 7.165149 1.213239
-0.242303 -0.081016 1.213239 0.341542
11.821603 2.450101 17.212252 0.541545
0.718874 0.179012 -1.456271 -0.301691
0.179012 0.081055 -0.245070 -0.091773
-1.456271 -0.245070 7.106329 1.209435
-0.301691 -0.091773 1.209435 0.323651
12.951135 2.477044 19.600495 0.849346
0.913365 0.220486 -1.705970 -0.340457
0.220486 0.084392 -0.352044 -0.100315
-1.705970 -0.352044 5.504520 0.961310
-0.340457 -0.100315 0.961310 0.270141
13.805961 2.374999 20.158106 0.900406
1.034788 0.232116 -2.025736 -0.373186
0.232116 0.080952 -0.390319 -0.095959
-2.025736 -0.390319 6.445084 1.080764
-0.373186 -0.095959 1.080764 0.271292
15.417119 2.463496 19.747015 0.753212
0.974703 0.200904 -2.084361 -0.353107
0.200904 0.068891 -0.359556 -0.080399
-2.084361 -0.359556 7.125815 1.130453
-0.353107 -0.080399 1.130453 0.259842
16.594343 2.423685 19.168216 0.623013
1.153805 0.226771 -2.453409 -0.390568
0.226771 0.071180 -0.407526 -0.081051
-2.453409 -0.407526 7.966374 1.212007
-0.390568 -0.081051 1.212007 0.257838
18.059743 2.458537 18.495677 0.481565
1.339144 0.257715 -2.558770 -0.386553
0.257715 0.075229 -0.430198 -0.078449
-2.558770 -0.430198 7.118511 1.043206
-0.386553 -0.078449 1.043206 0.220760
18.634059 2.369419 21.012065 0.799415
1.138656 0.231285 -1.339335 -0.195632
0.231285 0.071259 -0.245518 -0.047165
-1.339335 -0.245518 2.484656 0.354142
-0.195632 -0.047165 0.354142 0.113925
19.387895 2.285071 21.864533 0.862165
1.308641 0.251443 -1.524482 -0.213116
0.251443 0.072685 -0.260994 -0.046157
-1.524482 -0.260994 2.782213 0.400068
-0.213116 -0.046157 0.400068 0.117150
20.635895 2.304435 22.178826 0.846651
1.127104 0.206051 -1.275159 -0.170109
0.206051 0.062403 -0.193541 -0.034167
-1.275159 -0.193541 2.633770 0.382370
-0.170109 -0.034167 0.382370 0.111737
21.940720 2.336825 22.598672 0.851862
1.175707 0.207897 -1.275335 -0.162838
0.207897 0.061944 -0.178839 -0.030158
-1.275335 -0.178839 2.782860 0.404152
-0.162838 -0.030158 0.404152 0.111914
22.804317 2.288314 23.457587 0.909482
1.217633 0.210032 -1.230436 -0.149224
0.210032 0.061890 -0.159335 -0.025793
-1.230436 -0.159335 2.869014 0.414412
-0.149224 -0.025793 0.414412 0.110486
23.778230 2.239123 23.412283 0.822566
1.373395 0.229094 -1.367342 -0.161233
0.229094 0.063806 -0.187928 -0.028845
-1.367342 -0.187928 2.654368 0.366979
-0.161233 -0.028845 0.366979 0.098930
24.651868 2.193503 23.872851 0.819560
1.360073 0.215345 -1.461767 -0.173153
0.215345 0.060170 -0.190873 -0.029087
-1.461767 -0.190873 2.876785 0.394473
-0.173153 -0.029087 0.394473 0.100334
24.843249 2.027044 24.406326 0.796978
1.189162 0.175073 -1.525702 -0.186540
0.175073 0.052203 -0.189413 -0.029886
-1.525702 -0.189413 3.059253 0.414066
-0.186540 -0.029886 0.414066 0.100341
26.116012 2.064036 24.450449 0.754231
1.344893 0.198070 -1.667232 -0.194636
0.198070 0.056252 -0.207558 -0.030619
-1.667232 -0.207558 3.122344 0.408601
-0.194636 -0.030619 0.408601 0.096679
27.466558 2.126562 24.849861 0.775612
1.423421 0.204053 -1.811452 -0.207231
0.204053 0.057104 -0.213244 -0.030406
-1.811452 -0.213244 3.482865 0.450294
-0.207231 -0.030406 0.450294 0.100580
27.221197 1.912825 26.198578 0.850226
1.176222 0.155233 -1.747560 -0.205315
0.155233 0.048728 -0.183560 -0.027932
-1.747560 -0.183560 3.724812 0.481541
-0.205315 -0.027932 0.481541 0.103396
28.136636 1.929702 27.169704 0.931820
1.331702 0.180194 -1.909152 -0.213892
0.180194 0.053191 -0.206334 -0.029327
-1.909152 -0.206334 3.866969 0.480592
-0.213892 -0.029327 0.480592 0.100422
28.837975 1.919122 28.520601 1.049738
1.513522 0.207025 -2.096804 -0.224783
0.207025 0.057400 -0.232895 -0.031192
-2.096804 -0.232895 4.005689 0.478213
-0.224783 -0.031192 0.478213 0.097496
30.015050 1.911111 28.016065 0.909428
1.681939 0.237178 -2.115276 -0.211098
0.237178 0.062153 -0.254133 -0.032023
-2.115276 -0.254133 3.522953 0.394470
-0.211098 -0.032023 0.394470 0.084331
31.032527 1.898455 28.002369 0.842920
1.897437 0.260306 -2.383174 -0.233710
0.260306 0.064554 -0.283301 -0.034614
-2.383174 -0.283301 3.799301 0.415036
-0.233710 -0.034614 0.415036 0.085450
32.327396 1.965028 28.349535 0.855831
2.067338 0.273125 -2.629204 -0.255296
0.273125 0.065437 -0.298402 -0.035730
-2.629204 -0.298402 4.199016 0.454845
-0.255296 -0.035730 0.454845 0.089516
33.526223 2.002514 28.667086 0.854666
2.166394 0.272651 -2.840731 -0.275649
0.272651 0.064138 -0.304258 -0.036391
-2.840731 -0.304258 4.624259 0.498245
-0.275649 -0.036391 0.498245 0.093940
34.739160 2.037916 28.972230 0.851736
2.218755 0.265017 -3.025517 -0.293946
0.265017 0.061998 -0.303607 -0.036547
-3.025517 -0.303607 5.076126 0.544232
-0.293946 -0.036547 0.544232 0.098595
35.715900 2.037006 29.520596 0.866851
2.211223 0.249715 -3.162039 -0.307898
0.249715 0.059097 -0.294629 -0.035983
-3.162039 -0.294629 5.527471 0.589815
-0.307898 -0.035983 0.589815 0.103174
37.296542 2.140119 29.787974 0.883525
2.295596 0.249420 -3.387065 -0.326596
0.249420 0.058681 -0.298905 -0.036245
-3.387065 -0.298905 6.088035 0.640768
-0.326596 -0.036245 0.640768 0.107848
38.177602 2.115033 30.434650 0.899183
2.268460 0.232697 -3.526927 -0.339634
0.232697 0.055935 -0.288600 -0.035575
-3.526927 -0.288600 6.625660 0.690353
-0.339634 -0.035575 0.690353 0.112416
39.946564 2.241953 30.607965 0.910435
2.374596 0.236549 -3.798558 -0.360115
0.236549 0.056286 -0.298449 -0.036241
-3.798558 -0.298449 7.305711 0.746015
-0.360115 -0.036241 0.746015 0.116981
41.205170 2.262858 30.952615 0.904872
2.374995 0.224829 -3.981988 -0.374338
0.224829 0.054467 -0.292309 -0.035756
-3.981988 -0.292309 7.968091 0.800991
-0.374338 -0.035756 0.800991 0.121604
42.237341 2.260466 31.678519 0.933982
2.371136 0.213611 -4.167289 -0.387620
0.213611 0.052900 -0.285623 -0.035149
-4.167289 -0.285623 8.681609 0.857886
-0.387620 -0.035149 0.857886 0.126233
43.770660 2.339644 32.070067 0.949840
2.471069 0.217306 -4.473851 -0.408310
0.217306 0.053239 -0.297887 -0.035990
-4.473851 -0.297887 9.529488 0.919406
-0.408310 -0.035990 0.919406 0.130678
44.330389 2.217565 32.645007 0.925014
2.528534 0.212955 -4.770172 -0.428812
0.212955 0.052089 -0.306175 -0.036761
-4.770172 -0.306175 10.419841 0.982403
-0.428812 -0.036761 0.982403 0.135087
45.363140 2.222617 33.420716 0.957634
2.669677 0.221904 -5.147447 -0.452294
0.221904 0.052907 -0.328114 -0.038265
-5.147447 -0.328114 11.386157 1.045205
-0.452294 -0.038265 1.045205 0.139076
46.644375 2.237189 33.574684 0.930015
2.862479 0.238412 -5.574629 -0.477044
0.238412 0.054394 -0.362848 -0.040706
-5.574629 -0.362848 12.326909 1.098337
-0.477044 -0.040706 1.098337 0.141720
47.292577 2.164179 34.476524 0.952388
3.019552 0.246184 -6.000599 -0.502333
0.246184 0.054631 -0.386325 -0.042228
-6.000599 -0.386325 13.403084 1.164172
-0.502333 -0.042228 1.164172 0.145736
48.434621 2.224895 35.627537 1.029706
3.253367 0.267359 -6.477116 -0.527302
0.267359 0.056698 -0.425826 -0.044658
-6.477116 -0.425826 14.410743 1.215886
-0.527302 -0.044658 1.215886 0.148064
