3.594655 2.399988 1.579744 -0.260136
2.482070 0.992850 -0.206730 -0.082694
0.992850 80.401215 -0.082694 -0.033078
-0.206730 -0.082694 2.508956 1.003604
-0.082694 -0.033078 1.003604 80.405517
2.691301 -1.240228 3.442363 3.180097
2.346442 4.095205 -0.300599 -0.482787
4.095205 15.565489 -0.483757 -1.365592
-0.300599 -0.483757 2.331123 4.063030
-0.482787 -1.365592 4.063030 15.577150
5.386043 2.514652 0.202884 -2.347880
1.992778 2.290090 -0.279807 -0.297216
2.290090 4.544791 -0.295810 -0.484051
-0.279807 -0.295810 2.099349 2.417826
-0.297216 -0.484051 2.417826 4.710820
5.853570 1.883874 3.024833 0.999402
1.645866 1.386436 -0.160018 -0.120321
1.386436 1.874272 -0.120048 -0.160388
-0.160018 -0.120048 1.689356 1.416620
-0.120321 -0.160388 1.416620 1.900917
7.063995 2.061383 3.281564 0.839541
1.436235 0.953651 -0.130341 -0.081559
0.953651 0.968804 -0.081368 -0.086203
-0.130341 -0.081368 1.490869 0.985839
-0.081559 -0.086203 0.985839 0.991738
6.902692 1.410456 4.490513 1.268003
1.269965 0.694318 -0.135424 -0.072575
0.694318 0.566473 -0.072556 -0.058612
-0.135424 -0.072556 1.302078 0.708560
-0.072575 -0.058612 0.708560 0.575303
8.123216 1.651223 6.814921 2.050857
1.178859 0.547826 -0.110417 -0.050451
0.547826 0.371201 -0.050426 -0.035044
-0.110417 -0.050426 1.190002 0.550841
-0.050451 -0.035044 0.550841 0.373572
8.845908 1.609596 7.573968 1.943552
1.039599 0.419678 -0.088857 -0.035593
0.419678 0.249041 -0.035570 -0.022063
-0.088857 -0.035570 1.051150 0.423335
-0.035593 -0.022063 0.423335 0.251493
9.540255 1.570014 8.430226 1.902221
0.933143 0.334426 -0.072960 -0.026182
0.334426 0.178413 -0.026165 -0.014733
-0.072960 -0.026165 0.943179 0.337540
-0.026182 -0.014733 0.337540 0.180340
10.086709 1.492931 8.683316 1.676515
0.852506 0.275954 -0.065278 -0.021304
0.275954 0.135205 -0.021293 -0.010741
-0.065278 -0.021293 0.864294 0.279552
-0.021304 -0.010741 0.279552 0.137014
11.331197 1.640657 9.289143 1.607533
0.791834 0.234828 -0.059679 -0.017837
0.234828 0.107589 -0.017830 -0.008102
-0.059679 -0.017830 0.806516 0.239049
-0.017837 -0.008102 0.239049 0.109334
12.749152 1.805024 9.413329 1.420756
0.735258 0.202216 -0.053924 -0.014840
0.202216 0.088481 -0.014835 -0.006163
-0.053924 -0.014835 0.755453 0.207612
-0.014840 -0.006163 0.207612 0.090327
13.356465 1.729072 11.094058 1.670689
0.696730 0.179776 -0.040671 -0.010340
0.179776 0.075954 -0.010333 -0.004223
-0.040671 -0.010333 0.708452 0.182510
-0.010340 -0.004223 0.182510 0.076904
14.038176 1.684477 12.249231 1.748689
0.658480 0.160967 -0.028801 -0.006842
0.160967 0.066768 -0.006834 -0.002870
-0.028801 -0.006834 0.666899 0.162744
-0.006842 -0.002870 0.162744 0.067393
14.231819 1.532781 12.993966 1.718271
0.621249 0.145260 -0.021482 -0.004859
0.145260 0.059998 -0.004851 -0.002085
-0.021482 -0.004851 0.627199 0.146406
-0.004859 -0.002085 0.146406 0.060422
15.057460 1.546164 13.886166 1.725735
0.594689 0.134244 -0.015473 -0.003372
0.134244 0.055457 -0.003364 -0.001523
-0.015473 -0.003364 0.599860 0.135208
-0.003372 -0.001523 0.135208 0.055807
15.415479 1.455008 14.751562 1.726244
0.572374 0.125703 -0.016424 -0.003539
0.125703 0.052217 -0.003534 -0.001397
-0.016424 -0.003534 0.575701 0.126259
-0.003539 -0.001397 0.126259 0.052451
16.179684 1.462997 16.108496 1.832356
0.563138 0.121137 -0.014925 -0.003107
0.121137 0.050350 -0.003103 -0.001160
-0.014925 -0.003103 0.564608 0.121315
-0.003107 -0.001160 0.121315 0.050485
16.982615 1.478164 17.201925 1.869859
0.542272 0.114761 -0.004891 -0.000889
0.114761 0.048409 -0.000884 -0.000577
-0.004891 -0.000884 0.543012 0.114832
-0.000889 -0.000577 0.114832 0.048512
17.212517 1.371530 18.121248 1.866545
0.528686 0.110716 -0.000449 -0.000045
0.110716 0.047231 -0.000041 -0.000343
-0.000449 -0.000041 0.528156 0.110564
-0.000045 -0.000343 0.110564 0.047279
18.086514 1.410755 18.634552 1.779129
0.519614 0.108115 -0.005841 -0.001292
0.108115 0.046517 -0.001289 -0.000563
-0.005841 -0.001289 0.519709 0.108144
-0.001292 -0.000563 0.108144 0.046597
18.740442 1.400097 19.453511 1.764493
0.511081 0.105945 -0.003022 -0.000679
0.105945 0.045986 -0.000677 -0.000375
-0.003022 -0.000677 0.511002 0.105960
-0.000679 -0.000375 0.105960 0.046054
19.433116 1.398519 20.740695 1.848352
0.502121 0.103937 -0.000268 -0.000120
0.103937 0.045552 -0.000119 -0.000217
-0.000268 -0.000119 0.501592 0.103874
-0.000120 -0.000217 0.103874 0.045594
19.718526 1.312746 21.949162 1.907358
0.492577 0.102015 0.002368 0.000381
0.102015 0.045178 0.000382 -0.000085
0.002368 0.000382 0.491584 0.101872
0.000381 -0.000085 0.101872 0.045196
20.719621 1.384217 23.131232 1.954676
0.483449 0.100352 0.002547 0.000347
0.100352 0.044884 0.000348 -0.000074
0.002547 0.000348 0.482847 0.100308
0.000347 -0.000074 0.100308 0.044917
21.024855 1.303322 24.726005 2.083600
0.481307 0.100269 0.001433 0.000065
0.100269 0.044931 0.000065 -0.000114
0.001433 0.000065 0.481136 0.100317
0.000065 -0.000114 0.100317 0.044975
21.591449 1.285594 25.665481 2.062241
0.478750 0.100058 0.003388 0.000467
0.100058 0.044931 0.000467 -0.000006
0.003388 0.000467 0.478877 0.100160
0.000467 -0.000006 0.100160 0.044977
22.169215 1.271825 26.930897 2.111423
0.475531 0.099683 0.000703 -0.000130
0.099683 0.044881 -0.000130 -0.000116
0.000703 -0.000130 0.476626 0.099974
-0.000130 -0.000116 0.099974 0.044959
22.519507 1.211933 27.688064 2.048790
0.473201 0.099482 -0.001197 -0.000495
0.099482 0.044858 -0.000496 -0.000169
-0.001197 -0.000496 0.474614 0.099807
-0.000495 -0.000169 0.099807 0.044934
22.653333 1.112334 28.937767 2.096450
0.466651 0.098361 -0.004369 -0.001092
0.098361 0.044631 -0.001093 -0.000268
-0.004369 -0.001093 0.469792 0.099017
-0.001092 -0.000268 0.099017 0.044769
23.456435 1.164563 29.864085 2.070664
0.470806 0.099558 -0.006435 -0.001407
0.099558 0.044901 -0.001408 -0.000304
-0.006435 -0.001408 0.474612 0.100293
-0.001407 -0.000304 0.100293 0.045045
24.578621 1.278961 31.168643 2.127716
0.470013 0.099541 -0.005859 -0.001145
0.099541 0.044878 -0.001146 -0.000221
-0.005859 -0.001146 0.475755 0.100625
-0.001145 -0.000221 0.100625 0.045087
24.760601 1.182070 32.514665 2.187228
0.467703 0.099167 -0.006496 -0.001183
0.099167 0.044776 -0.001182 -0.000215
-0.006496 -0.001182 0.476448 0.100803
-0.001183 -0.000215 0.100803 0.045090
24.914257 1.089247 33.660417 2.197997
0.463020 0.098296 -0.002260 -0.000202
0.098296 0.044574 -0.000196 0.000002
-0.002260 -0.000196 0.474493 0.100387
-0.000202 0.000002 0.100387 0.044969
25.781974 1.157877 34.610737 2.166714
0.466850 0.099284 -0.003330 -0.000444
0.099284 0.044778 -0.000441 -0.000063
-0.003330 -0.000441 0.479128 0.101391
-0.000444 -0.000063 0.101391 0.045158
26.511248 1.189945 35.838393 2.197310
0.468978 0.099779 -0.006548 -0.001120
0.099779 0.044853 -0.001121 -0.000213
-0.006548 -0.001121 0.483731 0.102278
-0.001120 -0.000213 0.102278 0.045307
27.312722 1.233559 36.486737 2.102392
0.467872 0.099522 -0.006371 -0.001020
0.099522 0.044762 -0.001020 -0.000186
-0.006371 -0.001020 0.482876 0.101932
-0.001020 -0.000186 0.101932 0.045188
27.839097 1.214073 37.212382 2.033675
0.469292 0.099815 -0.010359 -0.001815
0.099815 0.044797 -0.001821 -0.000354
-0.010359 -0.001821 0.485318 0.102325
-0.001815 -0.000354 0.102325 0.045243
28.478873 1.220885 38.082197 2.002750
0.472200 0.100390 -0.011270 -0.001893
0.100390 0.044891 -0.001898 -0.000356
-0.011270 -0.001898 0.489734 0.103112
-0.001893 -0.000356 0.103112 0.045382
28.495000 1.094181 38.708028 1.923096
0.465219 0.098807 -0.011668 -0.001883
0.098807 0.044522 -0.001885 -0.000347
-0.011668 -0.001885 0.485750 0.102075
-0.001883 -0.000347 0.102075 0.045132
29.469517 1.184129 39.027286 1.788805
0.465219 0.098862 -0.014351 -0.002361
0.098862 0.044536 -0.002371 -0.000445
-0.014351 -0.002371 0.484512 0.101735
-0.002361 -0.000445 0.101735 0.045059
30.151631 1.202803 39.633689 1.728484
0.472053 0.100365 -0.009904 -0.001301
0.100365 0.044857 -0.001297 -0.000209
-0.009904 -0.001297 0.491226 0.103123
-0.001301 -0.000209 0.103123 0.045360
31.110082 1.279530 41.038949 1.842493
0.470542 0.099927 -0.014719 -0.002317
0.099927 0.044732 -0.002318 -0.000441
-0.014719 -0.002318 0.495037 0.103761
-0.002317 -0.000441 0.103761 0.045475
31.122761 1.146818 42.192652 1.890008
0.463403 0.098355 -0.014426 -0.002182
0.098355 0.044386 -0.002170 -0.000409
-0.014426 -0.002170 0.494775 0.103518
-0.002182 -0.000409 0.103518 0.045405
31.737879 1.155920 43.261128 1.915894
0.457247 0.097135 -0.019662 -0.003229
0.097135 0.044143 -0.003228 -0.000635
-0.019662 -0.003228 0.493359 0.103074
-0.003229 -0.000635 0.103074 0.045304
32.159956 1.122171 43.974058 1.864368
0.458868 0.097684 -0.019352 -0.003014
0.097684 0.044294 -0.003009 -0.000574
-0.019352 -0.003009 0.496139 0.103584
-0.003014 -0.000574 0.103584 0.045420
33.068989 1.195951 44.734990 1.829489
0.462096 0.098496 -0.019170 -0.002865
0.098496 0.044479 -0.002861 -0.000539
-0.019170 -0.002861 0.499418 0.104165
-0.002865 -0.000539 0.104165 0.045542
33.505708 1.162758 46.113507 1.925719
0.458612 0.097774 -0.020755 -0.003135
0.097774 0.044314 -0.003121 -0.000600
-0.020755 -0.003121 0.503022 0.104774
-0.003135 -0.000600 0.104774 0.045663
34.328158 1.213639 46.862748 1.881937
0.452604 0.096575 -0.021756 -0.003279
0.096575 0.044061 -0.003266 -0.000635
-0.021756 -0.003266 0.499339 0.103834
-0.003279 -0.000635 0.103834 0.045458
35.354633 1.303650 47.884086 1.899880
0.453227 0.096874 -0.028332 -0.004565
0.096874 0.044142 -0.004587 -0.000911
-0.028332 -0.004587 0.502398 0.104396
-0.004565 -0.000911 0.104396 0.045585
