4.752889 2.863291 0.880247 -0.539941
2.490065 0.996048 -0.325851 -0.130343
0.996048 80.402494 -0.130343 -0.052138
-0.325851 -0.130343 2.555222 1.022111
-0.130343 -0.052138 1.022111 80.412920
4.519649 -0.004939 2.062129 1.941975
2.236423 3.899173 -0.297202 -0.454956
3.899173 15.229339 -0.454474 -1.616195
-0.297202 -0.454474 2.313071 4.020135
-0.454956 -1.616195 4.020135 15.604896
3.280449 -1.457967 0.415797 -1.092993
2.007909 2.324638 -0.321098 -0.356406
2.324638 4.589927 -0.356437 -0.636415
-0.321098 -0.356437 2.083098 2.405871
-0.356406 -0.636415 2.405871 4.728613
6.793416 2.132387 1.698781 0.470756
1.666634 1.405643 -0.179348 -0.141934
1.405643 1.884250 -0.141552 -0.205043
-0.179348 -0.141552 1.769568 1.489171
-0.141934 -0.205043 1.489171 1.972537
7.155498 1.666564 3.232766 1.327683
1.485534 0.984724 -0.127208 -0.083411
0.984724 0.984926 -0.083190 -0.099358
-0.127208 -0.083190 1.544291 1.019315
-0.083411 -0.099358 1.019315 1.015607
7.484907 1.390409 5.086107 1.973653
1.284551 0.699019 -0.120359 -0.067852
0.699019 0.565800 -0.067737 -0.062470
-0.120359 -0.067737 1.316929 0.714289
-0.067852 -0.062470 0.714289 0.579077
9.241586 1.880579 6.355395 2.101521
1.158368 0.535821 -0.107089 -0.052171
0.535821 0.363860 -0.052118 -0.039784
-0.107089 -0.052118 1.191919 0.550425
-0.052171 -0.039784 0.550425 0.374105
9.939563 1.784344 6.802213 1.859232
1.050394 0.422928 -0.081750 -0.035246
0.422928 0.249621 -0.035214 -0.024319
-0.081750 -0.035214 1.082758 0.435547
-0.035246 -0.024319 0.435547 0.257117
10.408722 1.634486 7.154970 1.654271
0.954362 0.341061 -0.072290 -0.027966
0.341061 0.180306 -0.027947 -0.016914
-0.072290 -0.027947 0.984720 0.351675
-0.027966 -0.016914 0.351675 0.185797
11.325720 1.664306 9.168108 2.036128
0.881338 0.284222 -0.057400 -0.020309
0.284222 0.137487 -0.020274 -0.011412
-0.057400 -0.020274 0.898406 0.289534
-0.020309 -0.011412 0.289534 0.140416
11.999269 1.618603 9.590789 1.860828
0.806807 0.238083 -0.053971 -0.017437
0.238083 0.108215 -0.017417 -0.008668
-0.053971 -0.017417 0.824534 0.243285
-0.017437 -0.008668 0.243285 0.110684
12.446018 1.518803 10.943827 1.976986
0.754365 0.206403 -0.037216 -0.011340
0.206403 0.089392 -0.011317 -0.005680
-0.037216 -0.011317 0.765391 0.209415
-0.011340 -0.005680 0.209415 0.090924
12.947281 1.452670 11.872612 1.962022
0.700090 0.179624 -0.034906 -0.009924
0.179624 0.075732 -0.009905 -0.004489
-0.034906 -0.009905 0.708472 0.181830
-0.009924 -0.004489 0.181830 0.076855
13.391257 1.384370 12.496925 1.875520
0.664660 0.161712 -0.036227 -0.009546
0.161712 0.066857 -0.009532 -0.003789
-0.036227 -0.009532 0.671917 0.163569
-0.009546 -0.003789 0.163569 0.067751
14.341933 1.444325 13.774087 1.954410
0.637799 0.148498 -0.035851 -0.008774
0.148498 0.060706 -0.008762 -0.003136
-0.035851 -0.008762 0.643309 0.149878
-0.008774 -0.003136 0.149878 0.061378
15.369727 1.513014 14.457375 1.888300
0.609096 0.136800 -0.034785 -0.007923
0.136800 0.055981 -0.007914 -0.002586
-0.034785 -0.007914 0.615278 0.138289
-0.007923 -0.002586 0.138289 0.056594
16.136811 1.515223 15.105249 1.823562
0.584600 0.127670 -0.028383 -0.006004
0.127670 0.052602 -0.005998 -0.001898
-0.028383 -0.005998 0.590552 0.129036
-0.006004 -0.001898 0.129036 0.053117
16.953778 1.528031 16.179754 1.858415
0.555322 0.118758 -0.024716 -0.004902
0.118758 0.049804 -0.004898 -0.001485
-0.024716 -0.004898 0.559950 0.119771
-0.004902 -0.001485 0.119771 0.050187
17.956226 1.578797 17.571678 1.956277
0.533088 0.112460 -0.017102 -0.003079
0.112460 0.047960 -0.003076 -0.000976
-0.017102 -0.003076 0.536324 0.113138
-0.003079 -0.000976 0.113138 0.048233
17.832466 1.387306 18.209727 1.884123
0.520773 0.108982 -0.016372 -0.002866
0.108982 0.046952 -0.002866 -0.000861
-0.016372 -0.002866 0.522563 0.109341
-0.002866 -0.000861 0.109341 0.047130
18.168964 1.312785 19.054750 1.863487
0.514021 0.107073 -0.012284 -0.001954
0.107073 0.046405 -0.001955 -0.000613
-0.012284 -0.001955 0.514866 0.107242
-0.001954 -0.000613 0.107242 0.046525
18.775805 1.301986 19.548546 1.772429
0.504946 0.104907 -0.005538 -0.000568
0.104907 0.045876 -0.000569 -0.000292
-0.005538 -0.000569 0.505673 0.105067
-0.000568 -0.000292 0.105067 0.045982
19.538960 1.325799 21.008330 1.891652
0.497147 0.103221 -0.009106 -0.001436
0.103221 0.045503 -0.001437 -0.000465
-0.009106 -0.001437 0.497248 0.103261
-0.001436 -0.000465 0.103261 0.045571
20.227932 1.331373 22.128241 1.927869
0.493874 0.102643 -0.004745 -0.000545
0.102643 0.045396 -0.000546 -0.000254
-0.004745 -0.000546 0.493800 0.102661
-0.000545 -0.000254 0.102661 0.045450
20.550843 1.260069 23.138351 1.937234
0.487668 0.101487 -0.007986 -0.001308
0.101487 0.045170 -0.001309 -0.000404
-0.007986 -0.001309 0.487375 0.101469
-0.001308 -0.000404 0.101469 0.045210
21.175385 1.258951 24.144817 1.945128
0.485407 0.101243 -0.005451 -0.000773
0.101243 0.045149 -0.000774 -0.000269
-0.005451 -0.000774 0.485258 0.101264
-0.000773 -0.000269 0.101264 0.045189
21.592133 1.214321 24.875088 1.894311
0.483857 0.101137 -0.002329 -0.000157
0.101137 0.045147 -0.000158 -0.000128
-0.002329 -0.000158 0.483713 0.101161
-0.000157 -0.000128 0.101161 0.045181
21.254168 1.016715 26.456138 2.026645
0.476397 0.099767 -0.002691 -0.000319
0.099767 0.044871 -0.000319 -0.000161
-0.002691 -0.000319 0.477367 0.100021
-0.000319 -0.000161 0.100021 0.044947
21.668815 0.997155 27.767166 2.089149
0.473106 0.099366 0.001872 0.000587
0.099366 0.044812 0.000587 0.000036
0.001872 0.000587 0.475237 0.099839
0.000587 0.000036 0.099839 0.044926
22.536960 1.075008 28.909657 2.109822
0.479240 0.100938 0.003314 0.000768
0.100938 0.045161 0.000768 0.000067
0.003314 0.000768 0.482309 0.101564
0.000768 0.000067 0.101564 0.045296
22.916347 1.041650 30.215165 2.162625
0.478029 0.100768 0.002000 0.000371
0.100768 0.045102 0.000371 -0.000021
0.002000 0.000371 0.482948 0.101730
0.000371 -0.000021 0.101730 0.045297
23.767743 1.111488 30.864051 2.071463
0.477591 0.100753 -0.001259 -0.000376
0.100753 0.045078 -0.000378 -0.000171
-0.001259 -0.000378 0.482537 0.101641
-0.000376 -0.000171 0.101641 0.045244
24.650432 1.180458 32.120285 2.117846
0.475929 0.100458 -0.000968 -0.000291
0.100458 0.044994 -0.000292 -0.000131
-0.000968 -0.000292 0.483057 0.101744
-0.000291 -0.000131 0.101744 0.045238
25.459617 1.226763 32.768567 2.031344
0.476608 0.100666 0.000304 -0.000004
0.100666 0.045022 -0.000005 -0.000053
0.000304 -0.000005 0.483795 0.101874
-0.000004 -0.000053 0.101874 0.045239
26.195498 1.252604 34.043884 2.085977
0.477518 0.100886 -0.000961 -0.000276
0.100886 0.045049 -0.000278 -0.000101
-0.000961 -0.000278 0.487369 0.102585
-0.000276 -0.000101 0.102585 0.045364
27.447439 1.384779 35.057595 2.079757
0.476594 0.100685 -0.005121 -0.001126
0.100685 0.044984 -0.001132 -0.000268
-0.005121 -0.001132 0.487650 0.102535
-0.001126 -0.000268 0.102535 0.045322
27.564556 1.263205 35.801869 2.017594
0.477396 0.100860 -0.008938 -0.001823
0.100860 0.045005 -0.001832 -0.000389
-0.008938 -0.001832 0.490186 0.102971
-0.001823 -0.000389 0.102971 0.045391
28.226817 1.269730 36.920777 2.040711
0.474784 0.100291 -0.008098 -0.001489
0.100291 0.044867 -0.001493 -0.000288
-0.008098 -0.001493 0.490553 0.102922
-0.001489 -0.000288 0.102922 0.045356
28.521936 1.197856 37.821269 2.015360
0.470830 0.099491 -0.004430 -0.000614
0.099491 0.044694 -0.000609 -0.000089
-0.004430 -0.000609 0.489433 0.102582
-0.000614 -0.000089 0.102582 0.045271
28.923995 1.156282 38.930192 2.036432
0.469267 0.099258 -0.008457 -0.001447
0.099258 0.044653 -0.001449 -0.000272
-0.008457 -0.001449 0.491401 0.102931
-0.001447 -0.000272 0.102931 0.045340
29.535533 1.163365 39.960664 2.039026
0.468594 0.099221 -0.009537 -0.001589
0.099221 0.044653 -0.001591 -0.000294
-0.009537 -0.001591 0.493336 0.103252
-0.001589 -0.000294 0.103252 0.045400
29.968865 1.132424 41.461465 2.139514
0.471267 0.099879 -0.010687 -0.001742
0.099879 0.044795 -0.001741 -0.000319
-0.010687 -0.001741 0.501166 0.104788
-0.001742 -0.000319 0.104788 0.045713
30.588796 1.143565 42.328639 2.097308
0.467682 0.099126 -0.016577 -0.002890
0.099126 0.044621 -0.002907 -0.000558
-0.016577 -0.002907 0.499850 0.104278
-0.002890 -0.000558 0.104278 0.045576
31.732473 1.264421 43.070915 2.034374
0.460200 0.097613 -0.018533 -0.003131
0.097613 0.044301 -0.003150 -0.000590
-0.018533 -0.003150 0.493745 0.102856
-0.003131 -0.000590 0.102856 0.045270
32.677631 1.330450 43.825696 1.980302
0.463799 0.098574 -0.024311 -0.004153
0.098574 0.044528 -0.004193 -0.000791
-0.024311 -0.004193 0.497212 0.103577
-0.004153 -0.000791 0.103577 0.045441
33.943909 1.458989 45.060310 2.032727
0.460669 0.097982 -0.028593 -0.004812
0.097982 0.044396 -0.004853 -0.000906
-0.028593 -0.004853 0.497894 0.103657
-0.004812 -0.000906 0.103657 0.045463
34.705832 1.464482 45.610351 1.935703
0.460668 0.098102 -0.029902 -0.004818
0.098102 0.044425 -0.004859 -0.000884
-0.029902 -0.004859 0.497617 0.103550
-0.004818 -0.000884 0.103550 0.045448
35.411777 1.455403 45.593816 1.730609
0.458993 0.097829 -0.031164 -0.004864
0.097829 0.044362 -0.004914 -0.000887
-0.031164 -0.004914 0.492866 0.102530
-0.004864 -0.000887 0.102530 0.045244
36.272183 1.485317 46.856732 1.814011
0.459020 0.097921 -0.033403 -0.005142
0.097921 0.044377 -0.005174 -0.000942
-0.033403 -0.005174 0.498005 0.103669
-0.005142 -0.000942 0.103669 0.045506
36.813193 1.441589 47.620603 1.783306
0.458909 0.097952 -0.036231 -0.005555
0.097952 0.044373 -0.005584 -0.001031
-0.036231 -0.005584 0.500565 0.104156
-0.005555 -0.001031 0.104156 0.045606
