0.965310 1.348227 4.112234 0.752882
41.554298 16.622079 -56.620421 -22.648659
16.622079 86.653042 -22.648659 -9.059660
-56.620421 -22.648659 81.215335 32.486838
-22.648659 -9.059660 32.486838 92.999083
-0.818762 -1.158563 5.956572 0.594921
74.494072 50.046152 -85.362770 -34.221947
50.046152 54.873182 -55.463712 -42.330805
-85.362770 -55.463712 100.788690 42.050482
-34.221947 -42.330805 42.050482 53.290445
4.259120 2.104386 1.014474 -1.170709
47.845987 23.777726 -65.822656 -35.598043
23.777726 22.953927 -32.223480 -30.695617
-65.822656 -32.223480 93.301951 51.613572
-35.598043 -30.695617 51.613572 48.315366
1.424480 0.472008 6.620165 1.897669
19.106520 10.388277 -16.911909 -6.426913
10.388277 12.341226 -8.955941 -11.701029
-16.911909 -8.955941 16.337077 6.564299
-6.426913 -11.701029 6.564299 14.265868
7.601281 3.295210 3.323364 0.461078
12.144432 7.070165 -13.797528 -8.241097
7.070165 7.937246 -8.421884 -9.818135
-13.797528 -8.421884 17.209886 10.952850
-8.241097 -9.818135 10.952850 13.438820
8.975506 3.135059 3.972365 0.712222
10.947703 5.153247 -9.569183 -4.277355
5.153247 4.561139 -4.705065 -4.719737
-9.569183 -4.705065 9.509186 4.659348
-4.277355 -4.719737 4.659348 5.748955
7.568634 1.485352 8.547502 3.099609
13.591972 5.425889 -10.128696 -3.758808
5.425889 3.456503 -4.235487 -3.123071
-10.128696 -4.235487 8.380059 3.451349
-3.758808 -3.123071 3.451349 3.442945
10.690684 2.260290 8.598790 2.685957
11.021468 4.430929 -9.892356 -4.222476
4.430929 2.622402 -4.250334 -2.781634
-9.892356 -4.250334 9.837676 4.539206
-4.222476 -2.781634 4.539206 3.301290
12.588514 2.654900 8.704911 2.069915
15.602594 5.473296 -13.965001 -5.178333
5.473296 2.468532 -5.118092 -2.507130
-13.965001 -5.118092 13.461160 5.266913
-5.178333 -2.507130 5.266913 2.810444
17.808398 4.085488 4.950044 0.218534
16.478150 4.843781 -13.607012 -4.110394
4.843781 1.805793 -4.174114 -1.674517
-13.607012 -4.174114 12.195084 3.930052
-4.110394 -1.674517 3.930052 1.774614
17.686376 3.480903 7.082455 0.816612
4.221225 0.860946 -1.862997 -0.146904
0.860946 0.450080 -0.471234 -0.337633
-1.862997 -0.471234 1.419798 0.357395
-0.146904 -0.337633 0.357395 0.465738
19.838678 3.614348 7.054527 0.663639
4.654546 0.899902 -1.617542 -0.081945
0.899902 0.389753 -0.416418 -0.255520
-1.617542 -0.416418 1.126824 0.309223
-0.081945 -0.255520 0.309223 0.366668
19.458425 2.982385 9.196509 1.261407
4.389475 0.723993 -0.848764 0.153283
0.723993 0.284730 -0.223316 -0.147538
-0.848764 -0.223316 0.590357 0.177505
0.153283 -0.147538 0.177505 0.264737
20.768794 2.778901 10.671963 1.652538
5.098786 0.830415 -0.798595 0.129934
0.830415 0.267111 -0.213567 -0.110827
-0.798595 -0.213567 0.516811 0.169529
0.129934 -0.110827 0.169529 0.206216
22.225685 2.824702 11.322819 1.576403
5.716301 0.877873 -0.627240 0.164128
0.877873 0.243520 -0.187456 -0.079906
-0.627240 -0.187456 0.500791 0.182715
0.164128 -0.079906 0.182715 0.175992
22.218162 2.525320 12.694961 1.740092
5.473816 0.728585 -0.053389 0.311669
0.728585 0.185096 -0.084390 -0.035203
-0.053389 -0.084390 0.399634 0.168155
0.311669 -0.035203 0.168155 0.147926
23.598956 2.542893 13.554710 1.741161
5.993265 0.757490 0.222974 0.351206
0.757490 0.171723 -0.047848 -0.016472
0.222974 -0.047848 0.431050 0.181498
0.351206 -0.016472 0.181498 0.130777
25.823983 2.725782 14.083303 1.644771
5.855661 0.675076 0.643045 0.414335
0.675076 0.145735 -0.004628 -0.002763
0.643045 -0.004628 0.552885 0.222409
0.414335 -0.002763 0.222409 0.128514
25.050038 2.408207 15.132353 1.679141
3.533945 0.306489 1.113519 0.443111
0.306489 0.086003 0.033723 0.001930
1.113519 0.033723 0.778546 0.283282
0.443111 0.001930 0.283282 0.132547
24.582017 1.946728 17.571236 2.173119
3.294068 0.252060 1.485599 0.483068
0.252060 0.070836 0.079204 0.015419
1.485599 0.079204 0.913237 0.294261
0.483068 0.015419 0.294261 0.119982
26.047482 2.018173 18.702004 2.178458
3.253545 0.252214 1.688173 0.470417
0.252214 0.071359 0.078406 0.013394
1.688173 0.078406 1.208583 0.347774
0.470417 0.013394 0.347774 0.122922
24.938166 1.784450 18.995296 2.005114
1.442989 0.076894 1.072293 0.273967
0.076894 0.054416 -0.004145 -0.006768
1.072293 -0.004145 1.191533 0.319655
0.273967 -0.006768 0.319655 0.107034
25.340242 1.709853 19.880430 1.991958
1.309583 0.072187 1.145397 0.262817
0.072187 0.053969 -0.012860 -0.006943
1.145397 -0.012860 1.498987 0.365972
0.262817 -0.006943 0.365972 0.110022
23.926143 1.426241 19.641199 1.778896
0.607493 0.013228 0.761732 0.165712
0.013228 0.047945 -0.062932 -0.014912
0.761732 -0.062932 1.501730 0.345590
0.165712 -0.014912 0.345590 0.099758
24.562673 1.426562 20.397883 1.751667
0.621792 0.039009 0.786167 0.153395
0.039009 0.050933 -0.055334 -0.011445
0.786167 -0.055334 1.727572 0.364138
0.153395 -0.011445 0.364138 0.097426
25.248636 1.451151 21.031397 1.701279
0.620969 0.056616 0.797079 0.142487
0.056616 0.053924 -0.063727 -0.011615
0.797079 -0.063727 2.067065 0.405125
0.142487 -0.011615 0.405125 0.100742
25.056066 1.225275 21.759400 1.712269
0.458625 0.038565 0.706647 0.120730
0.038565 0.048629 -0.085153 -0.012907
0.706647 -0.085153 2.345240 0.431745
0.120730 -0.012907 0.431745 0.101460
25.257594 1.161113 22.155529 1.642084
0.348686 0.045198 0.480291 0.075813
0.045198 0.050811 -0.114132 -0.016382
0.480291 -0.114132 2.385841 0.415971
0.075813 -0.016382 0.415971 0.095428
26.125990 1.195162 23.490826 1.722037
0.362636 0.067103 0.372103 0.054345
0.067103 0.055143 -0.129604 -0.017498
0.372103 -0.129604 2.642841 0.436045
0.054345 -0.017498 0.436045 0.095870
27.313904 1.228456 26.075535 1.985564
0.402109 0.093168 0.213370 0.027777
0.093168 0.059906 -0.145282 -0.018552
0.213370 -0.145282 2.767149 0.433866
0.027777 -0.018552 0.433866 0.093021
27.739952 1.249891 25.893413 1.811119
0.428577 0.125805 -0.230800 -0.037872
0.125805 0.064721 -0.145253 -0.017170
-0.230800 -0.145253 1.414351 0.213538
-0.037872 -0.017170 0.213538 0.058320
28.717782 1.300707 27.706084 1.947971
0.551618 0.156600 -0.375779 -0.053869
0.156600 0.069283 -0.160311 -0.018148
-0.375779 -0.160311 1.502644 0.222812
-0.053869 -0.018148 0.222812 0.060135
29.296306 1.285526 28.592204 1.933802
0.699135 0.188394 -0.575540 -0.076525
0.188394 0.073629 -0.181878 -0.020077
-0.575540 -0.181878 1.417089 0.204371
-0.076525 -0.020077 0.204371 0.057488
29.782593 1.252117 29.260086 1.883753
0.884228 0.222015 -0.772745 -0.096833
0.222015 0.077729 -0.203992 -0.022051
-0.772745 -0.203992 1.414164 0.198536
-0.096833 -0.022051 0.198536 0.056705
30.504045 1.275024 30.646099 1.959091
1.110618 0.258466 -0.961401 -0.113727
0.258466 0.081862 -0.222805 -0.023447
-0.961401 -0.222805 1.528472 0.210945
-0.113727 -0.023447 0.210945 0.058707
31.173376 1.279176 31.395922 1.921955
1.377290 0.297348 -1.166693 -0.131289
0.297348 0.085988 -0.243757 -0.025154
-1.166693 -0.243757 1.594402 0.213152
-0.131289 -0.025154 0.213152 0.058656
32.005147 1.323952 32.455607 1.950016
1.680150 0.337239 -1.391047 -0.150142
0.337239 0.089812 -0.265325 -0.026975
-1.391047 -0.265325 1.729015 0.225597
-0.150142 -0.026975 0.225597 0.060124
32.698983 1.333631 33.519529 1.968131
2.008630 0.375402 -1.643911 -0.172567
0.375402 0.092764 -0.289380 -0.029391
-1.643911 -0.289380 1.896721 0.241210
-0.172567 -0.029391 0.241210 0.061718
33.414166 1.344607 34.529220 1.976170
2.373308 0.414543 -1.918360 -0.196306
0.414543 0.095612 -0.314326 -0.031872
-1.918360 -0.314326 2.082064 0.257535
-0.196306 -0.031872 0.257535 0.063170
34.080852 1.340083 35.440470 1.961206
2.769666 0.453466 -2.219211 -0.222403
0.453466 0.098130 -0.340712 -0.034578
-2.219211 -0.340712 2.288881 0.274997
-0.222403 -0.034578 0.274997 0.064530
34.670424 1.326571 36.462055 1.963072
3.194459 0.491680 -2.545790 -0.250689
0.491680 0.100335 -0.367529 -0.037313
-2.545790 -0.367529 2.528641 0.295842
-0.250689 -0.037313 0.295842 0.066273
35.068228 1.273343 37.372673 1.928866
3.657539 0.531028 -2.902131 -0.280863
0.531028 0.102558 -0.396270 -0.040198
-2.902131 -0.396270 2.783692 0.316106
-0.280863 -0.040198 0.316106 0.067647
35.327035 1.177475 37.841201 1.802144
4.169207 0.573409 -3.285485 -0.311339
0.573409 0.105126 -0.427108 -0.043098
-3.285485 -0.427108 3.036728 0.332735
-0.311339 -0.043098 0.332735 0.068225
35.926424 1.169768 38.578685 1.770785
4.725323 0.618157 -3.687627 -0.340840
0.618157 0.108075 -0.456339 -0.045351
-3.687627 -0.456339 3.322567 0.353609
-0.340840 -0.045351 0.353609 0.069722
36.492447 1.183759 39.745659 1.824936
5.309697 0.661481 -4.120893 -0.373233
0.661481 0.110625 -0.485396 -0.047610
-4.120893 -0.485396 3.655387 0.380131
-0.373233 -0.047610 0.380131 0.072015
36.823961 1.133426 40.551808 1.782074
5.945136 0.707631 -4.583436 -0.405795
0.707631 0.113367 -0.517356 -0.050095
-4.583436 -0.517356 3.981222 0.401238
-0.405795 -0.050095 0.401238 0.073090
37.465306 1.150867 41.523683 1.804328
6.646451 0.758994 -5.070398 -0.436348
0.758994 0.116815 -0.549773 -0.052104
-5.070398 -0.549773 4.319813 0.421913
-0.436348 -0.052104 0.421913 0.074250
38.174064 1.172724 42.434523 1.817364
7.392624 0.811038 -5.589184 -0.468501
0.811038 0.120108 -0.583265 -0.054212
-5.589184 -0.583265 4.678745 0.443123
-0.468501 -0.054212 0.443123 0.075362
38.829921 1.202046 43.618595 1.877054
8.170623 0.861434 -6.143678 -0.503952
0.861434 0.122971 -0.616868 -0.056409
-6.143678 -0.616868 5.079311 0.468702
-0.503952 -0.056409 0.468702 0.077045
39.333484 1.194305 44.661669 1.889043
9.008627 0.914826 -6.733256 -0.539722
0.914826 0.126022 -0.652796 -0.058702
-6.733256 -0.652796 5.487891 0.491714
-0.539722 -0.058702 0.491714 0.078150
