4.297283 2.681045 -1.878699 -1.643543
2.512177 1.004893 -0.436896 -0.174762
1.004893 80.406032 -0.174762 -0.069906
-0.436896 -0.174762 2.594233 1.037716
-0.174762 -0.069906 1.037716 80.419162
5.277241 2.235365 2.208664 6.878534
2.143985 3.735760 -0.189367 -0.248996
3.735760 14.990666 -0.247571 -1.538532
-0.189367 -0.247571 2.217607 3.848693
-0.248996 -1.538532 3.848693 15.395086
5.356737 1.048653 1.544108 2.108005
1.936246 2.259055 -0.186930 -0.229880
2.259055 4.526825 -0.229803 -0.565455
-0.186930 -0.229803 2.022259 2.355227
-0.229880 -0.565455 2.355227 4.694700
7.150186 2.120793 3.250749 2.650930
1.673612 1.420942 -0.149004 -0.138743
1.420942 1.896798 -0.138714 -0.225636
-0.149004 -0.138714 1.750420 1.482920
-0.138743 -0.225636 1.482920 1.970263
9.356064 2.878155 5.020720 2.937602
1.473533 0.978655 -0.134849 -0.099070
0.978655 0.977181 -0.099062 -0.115442
-0.134849 -0.099062 1.540808 1.020989
-0.099070 -0.115442 1.020989 1.015394
8.595220 1.685833 5.570844 2.450493
1.298648 0.707055 -0.111383 -0.067275
0.707055 0.567492 -0.067202 -0.062820
-0.111383 -0.067202 1.345759 0.731062
-0.067275 -0.062820 0.731062 0.586295
10.213465 2.043812 6.752580 2.427143
1.155706 0.533669 -0.081064 -0.042273
0.533669 0.360728 -0.042227 -0.034888
-0.081064 -0.042227 1.199054 0.552815
-0.042273 -0.034888 0.552815 0.373282
10.063875 1.571975 8.350415 2.585707
1.045470 0.420073 -0.063814 -0.029565
0.420073 0.247068 -0.029472 -0.021655
-0.063814 -0.029472 1.067655 0.428439
-0.029565 -0.021655 0.428439 0.252929
10.290789 1.377245 8.254703 2.092794
0.926984 0.330660 -0.076916 -0.030567
0.330660 0.175689 -0.030523 -0.017441
-0.076916 -0.030523 0.949753 0.338708
-0.030567 -0.017441 0.338708 0.180408
11.319469 1.486592 9.390821 2.120858
0.870750 0.280689 -0.059129 -0.021230
0.280689 0.135840 -0.021197 -0.011278
-0.059129 -0.021197 0.890206 0.287022
-0.021230 -0.011278 0.287022 0.139235
12.055966 1.485872 9.776982 1.921933
0.789206 0.232835 -0.050492 -0.016450
0.232835 0.106309 -0.016432 -0.007978
-0.050492 -0.016432 0.808907 0.238762
-0.016450 -0.007978 0.238762 0.109067
12.907987 1.515824 10.673383 1.904091
0.746658 0.204447 -0.050608 -0.014972
0.204447 0.088640 -0.014957 -0.006359
-0.050608 -0.014957 0.763950 0.209253
-0.014972 -0.006359 0.209253 0.090705
13.604484 1.501047 10.523723 1.621293
0.703619 0.180678 -0.055107 -0.014804
0.180678 0.075836 -0.014796 -0.005437
-0.055107 -0.014796 0.723447 0.185792
-0.014804 -0.005437 0.185792 0.077713
14.560416 1.550899 11.945383 1.769801
0.669533 0.162884 -0.050470 -0.012416
0.162884 0.066978 -0.012409 -0.004183
-0.050470 -0.012409 0.684447 0.166417
-0.012416 -0.004183 0.166417 0.068251
14.478326 1.351412 12.867049 1.777991
0.638520 0.148530 -0.043713 -0.009896
0.148530 0.060559 -0.009892 -0.003132
-0.043713 -0.009892 0.648661 0.150742
-0.009896 -0.003132 0.150742 0.061388
15.166348 1.355009 14.663629 1.981456
0.609456 0.136735 -0.033567 -0.006970
0.136735 0.055841 -0.006969 -0.002165
-0.033567 -0.006969 0.614577 0.137739
-0.006970 -0.002165 0.137739 0.056316
15.661706 1.315401 15.769063 2.006250
0.580120 0.126542 -0.032560 -0.006410
0.126542 0.052254 -0.006411 -0.001854
-0.032560 -0.006411 0.583093 0.127099
-0.006410 -0.001854 0.127099 0.052586
15.967041 1.240176 16.849285 2.022195
0.560810 0.119864 -0.030802 -0.005733
0.119864 0.049975 -0.005737 -0.001564
-0.030802 -0.005737 0.561757 0.120028
-0.005733 -0.001564 0.120028 0.050190
16.562086 1.236150 18.549083 2.167315
0.537115 0.113159 -0.019062 -0.003036
0.113159 0.048039 -0.003043 -0.000891
-0.019062 -0.003043 0.535940 0.112932
-0.003036 -0.000891 0.112932 0.048147
17.417427 1.286602 20.125171 2.270716
0.525357 0.109745 -0.014657 -0.002124
0.109745 0.047048 -0.002131 -0.000659
-0.014657 -0.002131 0.523689 0.109487
-0.002124 -0.000659 0.109487 0.047134
17.632632 1.196647 20.672148 2.147537
0.517812 0.107616 -0.011073 -0.001445
0.107616 0.046457 -0.001453 -0.000494
-0.011073 -0.001453 0.515501 0.107281
-0.001445 -0.000494 0.107281 0.046511
18.174062 1.184438 21.457673 2.087607
0.510356 0.105761 -0.006937 -0.000693
0.105761 0.046001 -0.000701 -0.000325
-0.006937 -0.000701 0.508033 0.105469
-0.000693 -0.000325 0.105469 0.046048
18.552514 1.140394 22.682156 2.124838
0.504952 0.104534 -0.004553 -0.000345
0.104534 0.045727 -0.000353 -0.000249
-0.004553 -0.000353 0.502510 0.104246
-0.000345 -0.000249 0.104246 0.045759
19.513126 1.221036 23.523585 2.079328
0.489895 0.101429 -0.007968 -0.001212
0.101429 0.045091 -0.001215 -0.000427
-0.007968 -0.001215 0.488145 0.101297
-0.001212 -0.000427 0.101297 0.045139
20.276137 1.252746 24.611823 2.089567
0.488932 0.101532 -0.009422 -0.001549
0.101532 0.045170 -0.001551 -0.000472
-0.009422 -0.001551 0.487824 0.101529
-0.001549 -0.000472 0.101529 0.045229
20.885576 1.248935 25.328752 2.021151
0.482382 0.100429 -0.008019 -0.001250
0.100429 0.044978 -0.001251 -0.000382
-0.008019 -0.001251 0.481577 0.100465
-0.001250 -0.000382 0.100465 0.045029
21.301937 1.205570 26.461192 2.046470
0.481155 0.100504 -0.002132 -0.000026
0.100504 0.045036 -0.000029 -0.000107
-0.002132 -0.000029 0.481192 0.100690
-0.000026 -0.000107 0.100690 0.045104
22.191876 1.265834 27.674086 2.086432
0.480478 0.100632 -0.005586 -0.000865
0.100632 0.045085 -0.000865 -0.000286
-0.005586 -0.000865 0.481810 0.101049
-0.000865 -0.000286 0.101049 0.045187
23.117961 1.327341 28.668838 2.076430
0.477387 0.100202 -0.003656 -0.000476
0.100202 0.045001 -0.000477 -0.000190
-0.003656 -0.000477 0.479729 0.100770
-0.000476 -0.000190 0.100770 0.045120
23.477570 1.263345 29.641303 2.062439
0.474697 0.099855 -0.002453 -0.000268
0.099855 0.044932 -0.000267 -0.000138
-0.002453 -0.000267 0.478290 0.100618
-0.000268 -0.000138 0.100618 0.045079
23.657800 1.168200 30.719656 2.072180
0.472839 0.099675 -0.000206 0.000153
0.099675 0.044895 0.000155 -0.000045
-0.000206 0.000155 0.478218 0.100737
0.000153 -0.000045 0.100737 0.045093
24.022503 1.121713 31.139944 1.942289
0.470963 0.099466 0.000530 0.000228
0.099466 0.044846 0.000229 -0.000030
0.000530 0.000229 0.476197 0.100403
0.000228 -0.000030 0.100403 0.045005
24.522389 1.108806 32.028574 1.924868
0.471103 0.099666 0.003018 0.000681
0.099666 0.044880 0.000683 0.000067
0.003018 0.000683 0.477761 0.100833
0.000681 0.000067 0.100833 0.045083
25.280313 1.151824 33.739047 2.082776
0.469351 0.099411 0.001321 0.000222
0.099411 0.044808 0.000222 -0.000035
0.001321 0.000222 0.480331 0.101411
0.000222 -0.000035 0.101411 0.045182
26.268076 1.239159 34.754153 2.077144
0.471143 0.099903 -0.001776 -0.000472
0.099903 0.044897 -0.000475 -0.000173
-0.001776 -0.000475 0.483417 0.102029
-0.000472 -0.000173 0.102029 0.045281
26.845281 1.230238 35.256037 1.963986
0.477228 0.101230 0.001563 0.000268
0.101230 0.045152 0.000270 0.000005
0.001563 0.000270 0.488717 0.103048
0.000268 0.000005 0.103048 0.045458
26.774147 1.084706 36.826879 2.088055
0.468865 0.099353 0.004718 0.000901
0.099353 0.044705 0.000906 0.000143
0.004718 0.000906 0.487240 0.102548
0.000901 0.000143 0.102548 0.045306
27.157029 1.051038 37.465884 2.002971
0.472476 0.100194 0.003032 0.000461
0.100194 0.044878 0.000462 0.000043
0.003032 0.000462 0.490997 0.103216
0.000461 0.000043 0.103216 0.045422
27.985167 1.115091 38.720435 2.055951
0.466334 0.098873 -0.002456 -0.000717
0.098873 0.044576 -0.000730 -0.000201
-0.002456 -0.000730 0.489093 0.102647
-0.000717 -0.000201 0.102647 0.045274
28.873253 1.185356 39.279996 1.957656
0.464946 0.098681 -0.010990 -0.002417
0.098681 0.044540 -0.002450 -0.000534
-0.010990 -0.002450 0.487611 0.102242
-0.002417 -0.000534 0.102242 0.045181
29.541985 1.201574 40.479832 2.003999
0.461206 0.097986 -0.013165 -0.002633
0.097986 0.044395 -0.002664 -0.000530
-0.013165 -0.002664 0.488214 0.102325
-0.002633 -0.000530 0.102325 0.045202
30.232970 1.220883 41.630287 2.035175
0.457978 0.097448 -0.011939 -0.002146
0.097448 0.044292 -0.002164 -0.000388
-0.011939 -0.002164 0.488906 0.102429
-0.002146 -0.000388 0.102429 0.045227
30.933976 1.239708 42.212634 1.944116
0.462922 0.098677 -0.011487 -0.001890
0.098677 0.044567 -0.001903 -0.000318
-0.011487 -0.001903 0.492867 0.103216
-0.001890 -0.000318 0.103216 0.045394
31.658916 1.261869 42.997177 1.905023
0.464678 0.099079 -0.011069 -0.001693
0.099079 0.044634 -0.001701 -0.000273
-0.011069 -0.001701 0.495771 0.103716
-0.001693 -0.000273 0.103716 0.045489
31.916171 1.181526 43.492764 1.808993
0.461813 0.098446 -0.011110 -0.001638
0.098446 0.044475 -0.001641 -0.000268
-0.011110 -0.001641 0.494580 0.103329
-0.001638 -0.000268 0.103329 0.045394
32.548195 1.189803 44.064436 1.739566
0.460114 0.098111 -0.014412 -0.002281
0.098111 0.044393 -0.002297 -0.000415
-0.014412 -0.002297 0.494181 0.103159
-0.002281 -0.000415 0.103159 0.045358
33.079610 1.176787 45.234161 1.802050
0.456406 0.097363 -0.021655 -0.003703
0.097363 0.044228 -0.003739 -0.000716
-0.021655 -0.003739 0.496649 0.103612
-0.003703 -0.000716 0.103612 0.045456
34.069199 1.261704 45.770561 1.726905
0.458587 0.097938 -0.024659 -0.004114
0.097938 0.044358 -0.004160 -0.000780
-0.024659 -0.004160 0.497988 0.103805
-0.004114 -0.000780 0.103805 0.045496
35.023246 1.330180 46.402151 1.679456
0.457745 0.097795 -0.026234 -0.004228
0.097795 0.044319 -0.004271 -0.000786
-0.026234 -0.004271 0.497899 0.103700
-0.004228 -0.000786 0.103700 0.045473
35.710492 1.334126 46.985747 1.626167
0.457211 0.097709 -0.031392 -0.005112
0.097709 0.044291 -0.005171 -0.000965
-0.031392 -0.005171 0.498834 0.103821
-0.005112 -0.000965 0.103821 0.045500
