3.533479 2.375517 1.694107 -0.214390
2.078729 0.831510 -0.409303 -0.163725
0.831510 80.336678 -0.163725 -0.065491
-0.409303 -0.163725 4.076163 1.630501
-0.163725 -0.065491 1.630501 80.656281
3.857397 0.845896 1.931515 0.316226
3.493625 6.199354 -0.996749 -1.501904
6.199354 18.209228 -1.692927 -3.643784
-0.996749 -1.692927 2.577482 4.149366
-1.501904 -3.643784 4.149366 19.265555
4.710002 1.305601 1.902739 0.117446
3.090849 3.316293 -0.949260 -0.950292
3.316293 5.323690 -0.988171 -1.360232
-0.949260 -0.988171 1.582230 1.858582
-0.950292 -1.360232 1.858582 4.950538
6.627886 2.320881 3.567797 1.747620
2.475926 1.912737 -0.741867 -0.540125
1.912737 2.185245 -0.544958 -0.564462
-0.741867 -0.544958 1.695080 1.575849
-0.540125 -0.564462 1.575849 2.382212
5.887495 1.160192 4.763170 1.897740
1.234143 0.753880 -0.184854 -0.079943
0.753880 0.818888 -0.093404 -0.128227
-0.184854 -0.093404 1.663046 1.209769
-0.079943 -0.128227 1.209769 1.279114
6.735832 1.302295 5.389973 1.714581
1.320928 0.701220 -0.349861 -0.183795
0.701220 0.577740 -0.183807 -0.150328
-0.349861 -0.183807 1.732236 1.001225
-0.183795 -0.150328 1.001225 0.790080
8.026154 1.593991 5.243278 1.238826
0.989571 0.452498 -0.499577 -0.232363
0.452498 0.336142 -0.227300 -0.138695
-0.499577 -0.227300 1.597288 0.760266
-0.232363 -0.138695 0.760266 0.490643
10.187853 2.154681 5.867572 1.249711
0.936469 0.381877 -0.409589 -0.160963
0.381877 0.243530 -0.158278 -0.083820
-0.409589 -0.158278 1.436233 0.583151
-0.160963 -0.083820 0.583151 0.323744
10.356587 1.832735 8.118101 1.824697
0.825379 0.302506 -0.300112 -0.102474
0.302506 0.174575 -0.100795 -0.049485
-0.300112 -0.100795 1.186014 0.421509
-0.102474 -0.049485 0.421509 0.213425
10.916456 1.704258 8.015083 1.498371
0.788878 0.263118 -0.291600 -0.089741
0.263118 0.136818 -0.088936 -0.038350
-0.291600 -0.088936 1.105172 0.352157
-0.089741 -0.038350 0.352157 0.161883
11.263115 1.553937 9.475383 1.703133
0.779208 0.238706 -0.271393 -0.075585
0.238706 0.112999 -0.075502 -0.029270
-0.271393 -0.075502 0.997281 0.289072
-0.075585 -0.029270 0.289072 0.124746
12.398852 1.650412 9.601181 1.509700
0.714700 0.202127 -0.279419 -0.071695
0.202127 0.091161 -0.072102 -0.024875
-0.279419 -0.072102 0.921549 0.246461
-0.071695 -0.024875 0.246461 0.101269
13.221951 1.656338 11.032541 1.680033
0.668362 0.177549 -0.197843 -0.045625
0.177549 0.077364 -0.045402 -0.015468
-0.197843 -0.045402 0.804084 0.201230
-0.045625 -0.015468 0.201230 0.082056
13.270767 1.462985 12.355284 1.790214
0.636231 0.159984 -0.166299 -0.035538
0.159984 0.067931 -0.035480 -0.011629
-0.166299 -0.035480 0.718279 0.170478
-0.035538 -0.011629 0.170478 0.069729
14.460686 1.580287 13.935250 1.950507
0.604401 0.145173 -0.133832 -0.026534
0.145173 0.060949 -0.026422 -0.008562
-0.133832 -0.026422 0.655536 0.149478
-0.026534 -0.008562 0.149478 0.061727
15.507834 1.635544 14.379036 1.833997
0.586501 0.135608 -0.121387 -0.022922
0.135608 0.056398 -0.022733 -0.007076
-0.121387 -0.022733 0.637307 0.141019
-0.022922 -0.007076 0.141019 0.057751
15.697373 1.498188 15.825656 1.944505
0.568866 0.127505 -0.108174 -0.019444
0.127505 0.052978 -0.019466 -0.005865
-0.108174 -0.019466 0.587826 0.126835
-0.019444 -0.005865 0.126835 0.053182
16.742699 1.561797 16.603714 1.905186
0.550942 0.120574 -0.086381 -0.014417
0.120574 0.050412 -0.014315 -0.004392
-0.086381 -0.014315 0.568766 0.120888
-0.014417 -0.004392 0.120888 0.051022
16.407411 1.323351 17.888735 1.967396
0.518432 0.111474 -0.061639 -0.009311
0.111474 0.047790 -0.009341 -0.003133
-0.061639 -0.009341 0.508995 0.107016
-0.009311 -0.003133 0.107016 0.047495
17.227450 1.356615 18.794592 1.952030
0.507578 0.107990 -0.053587 -0.007939
0.107990 0.046698 -0.007957 -0.002700
-0.053587 -0.007957 0.496166 0.104270
-0.007939 -0.002700 0.104270 0.046665
17.555878 1.285626 20.267250 2.054676
0.515324 0.108839 -0.054310 -0.008309
0.108839 0.046672 -0.008385 -0.002651
-0.054310 -0.008385 0.493628 0.103817
-0.008309 -0.002651 0.103817 0.046389
18.713814 1.395316 21.524940 2.106314
0.502020 0.105351 -0.037379 -0.004946
0.105351 0.045796 -0.004989 -0.001819
-0.037379 -0.004989 0.485468 0.102244
-0.004946 -0.001819 0.102244 0.045925
19.422721 1.397524 22.549076 2.100241
0.491346 0.102781 -0.028632 -0.003520
0.102781 0.045211 -0.003564 -0.001463
-0.028632 -0.003564 0.475631 0.100337
-0.003520 -0.001463 0.100337 0.045419
19.930946 1.357229 23.499822 2.078372
0.494030 0.103314 -0.015019 -0.001029
0.103314 0.045345 -0.001094 -0.000887
-0.015019 -0.001094 0.479067 0.101364
-0.001029 -0.000887 0.101364 0.045578
21.264504 1.493905 24.478201 2.067621
0.473531 0.098889 -0.021537 -0.003022
0.098889 0.044416 -0.003027 -0.001294
-0.021537 -0.003027 0.466934 0.098842
-0.003022 -0.001294 0.098842 0.044946
21.560673 1.400736 26.009915 2.172118
0.458304 0.096046 -0.011351 -0.001143
0.096046 0.043909 -0.001147 -0.000831
-0.011351 -0.001147 0.461252 0.097928
-0.001143 -0.000831 0.097928 0.044721
22.240266 1.396662 27.252748 2.205465
0.454527 0.095797 -0.015515 -0.002382
0.095797 0.043963 -0.002360 -0.001048
-0.015515 -0.002360 0.466154 0.099250
-0.002382 -0.001048 0.099250 0.044972
22.396380 1.281643 28.298035 2.192290
0.448365 0.095024 -0.003987 -0.000082
0.095024 0.043880 -0.000064 -0.000488
-0.003987 -0.000064 0.468359 0.099837
-0.000082 -0.000488 0.099837 0.045042
23.318370 1.341256 29.093768 2.128538
0.457235 0.097436 0.003170 0.001142
0.097436 0.044454 0.001156 -0.000197
0.003170 0.001156 0.477836 0.101864
0.001142 -0.000197 0.101864 0.045408
24.017066 1.347070 29.429832 1.973640
0.444862 0.095001 0.004423 0.001047
0.095001 0.043920 0.001059 -0.000203
0.004423 0.001059 0.465780 0.099082
0.001047 -0.000203 0.099082 0.044721
24.912029 1.394563 30.391422 1.968186
0.446328 0.095713 -0.003317 -0.000875
0.095713 0.044096 -0.000881 -0.000586
-0.003317 -0.000881 0.475526 0.101213
-0.000875 -0.000586 0.101213 0.045150
24.948108 1.252221 31.793951 2.057392
0.429814 0.092417 0.003439 0.000540
0.092417 0.043377 0.000540 -0.000210
0.003439 0.000540 0.487839 0.103657
0.000540 -0.000210 0.103657 0.045606
25.381138 1.210161 33.274873 2.153265
0.419328 0.090670 0.002509 0.000220
0.090670 0.043040 0.000197 -0.000242
0.002509 0.000197 0.503593 0.106602
0.000220 -0.000242 0.106602 0.046138
25.894170 1.190642 33.710059 2.018362
0.438521 0.095448 0.004080 0.000471
0.095448 0.044123 0.000479 -0.000141
0.004080 0.000479 0.506420 0.106566
0.000471 -0.000141 0.106566 0.046012
26.674188 1.231114 34.442645 1.960270
0.429830 0.093611 -0.017335 -0.004059
0.093611 0.043651 -0.004243 -0.001090
-0.017335 -0.004243 0.509203 0.106622
-0.004059 -0.001090 0.106622 0.045950
27.353027 1.244934 35.239634 1.922087
0.417184 0.091031 -0.033873 -0.007114
0.091031 0.043053 -0.007424 -0.001636
-0.033873 -0.007424 0.514419 0.107230
-0.007114 -0.001636 0.107230 0.046028
27.791918 1.204425 36.006877 1.881603
0.420844 0.092218 -0.030451 -0.005759
0.092218 0.043324 -0.005964 -0.001192
-0.030451 -0.005964 0.520287 0.107987
-0.005759 -0.001192 0.107987 0.046150
28.765792 1.285413 36.653502 1.821630
0.416779 0.091498 -0.037453 -0.006779
0.091498 0.043130 -0.007016 -0.001341
-0.037453 -0.007016 0.523590 0.108190
-0.006779 -0.001341 0.108190 0.046161
29.290238 1.257085 36.887770 1.681795
0.438627 0.096498 -0.044799 -0.007747
0.096498 0.044203 -0.008116 -0.001490
-0.044799 -0.008116 0.523180 0.107674
-0.007747 -0.001490 0.107674 0.046039
30.145602 1.308773 38.154193 1.770307
0.445711 0.097687 -0.053014 -0.008921
0.097687 0.044332 -0.009252 -0.001669
-0.053014 -0.009252 0.548537 0.112564
-0.008921 -0.001669 0.112564 0.047052
30.784924 1.303451 38.660158 1.692683
0.446890 0.097514 -0.053519 -0.008505
0.097514 0.044177 -0.008791 -0.001533
-0.053519 -0.008791 0.547217 0.111610
-0.008505 -0.001533 0.111610 0.046797
30.890588 1.185451 39.686399 1.725916
0.442222 0.096104 -0.056593 -0.008767
0.096104 0.043783 -0.008927 -0.001559
-0.056593 -0.008927 0.560950 0.113894
-0.008767 -0.001559 0.113894 0.047245
31.695418 1.230982 40.452385 1.707730
0.449845 0.097571 -0.056013 -0.008246
0.097571 0.044073 -0.008395 -0.001443
-0.056013 -0.008395 0.564370 0.113971
-0.008246 -0.001443 0.113971 0.047230
32.763579 1.332863 41.812519 1.813168
0.402894 0.087196 -0.037430 -0.004607
0.087196 0.041802 -0.004002 -0.000657
-0.037430 -0.004002 0.577897 0.116307
-0.004607 -0.000657 0.116307 0.047717
33.195149 1.279574 42.443190 1.756205
0.420431 0.091741 -0.039306 -0.004973
0.091741 0.042946 -0.004744 -0.000862
-0.039306 -0.004744 0.563307 0.112704
-0.004973 -0.000862 0.112704 0.046959
33.477756 1.204637 43.832825 1.856208
0.439866 0.096161 -0.044618 -0.006006
0.096161 0.043927 -0.006012 -0.001151
-0.044618 -0.006012 0.569644 0.113711
-0.006006 -0.001151 0.113711 0.047207
34.240076 1.238175 44.539158 1.812971
0.442111 0.096525 -0.023373 -0.001771
0.096525 0.043962 -0.001646 -0.000314
-0.023373 -0.001646 0.530088 0.105699
-0.001771 -0.000314 0.105699 0.045675
35.143650 1.299615 45.344854 1.794364
0.447771 0.097600 -0.001078 0.002323
0.097600 0.044157 0.002543 0.000432
-0.001078 0.002543 0.488661 0.098032
0.002323 0.000432 0.098032 0.044329
35.669975 1.271857 46.011021 1.746968
0.477600 0.103660 -0.014069 -0.000933
0.103660 0.045391 -0.001121 -0.000425
-0.014069 -0.001121 0.473952 0.096161
-0.000933 -0.000425 0.096161 0.044182
36.114786 1.229419 46.495391 1.666340
0.499831 0.107523 -0.021800 -0.002813
0.107523 0.046062 -0.003196 -0.000875
-0.021800 -0.003196 0.448878 0.092202
-0.002813 -0.000875 0.092202 0.043564
