4.396446 2.720711 2.841813 0.244703
2.429067 0.971648 -0.054742 -0.021897
0.971648 80.392734 -0.021897 -0.008759
-0.054742 -0.021897 2.436759 0.974725
-0.021897 -0.008759 0.974725 80.393965
4.633843 0.738875 -0.077793 -5.087965
2.221354 3.891409 -0.061734 -0.097548
3.891409 15.088431 -0.097468 -0.310749
-0.061734 -0.097468 2.246743 3.934387
-0.097548 -0.310749 3.934387 15.183379
4.953215 0.688415 0.878072 -1.044364
1.975816 2.286010 -0.013662 -0.011622
2.286010 4.506301 -0.011560 -0.051249
-0.013662 -0.011560 1.990608 2.299909
-0.011622 -0.051249 2.299909 4.527577
6.070800 1.341022 -0.698564 -1.932746
1.677819 1.413701 -0.050066 -0.043765
1.413701 1.876883 -0.043790 -0.053790
-0.050066 -0.043790 1.704179 1.434618
-0.043765 -0.053790 1.434618 1.897487
7.083623 1.567579 3.936576 1.763723
1.457161 0.962966 -0.034127 -0.022463
0.962966 0.963019 -0.022465 -0.022025
-0.034127 -0.022465 1.460824 0.964001
-0.022463 -0.022025 0.964001 0.965024
8.351141 1.830363 4.846276 1.778882
1.299307 0.705838 -0.011515 -0.006135
0.705838 0.566083 -0.006130 -0.007243
-0.011515 -0.006130 1.305779 0.708968
-0.006135 -0.007243 0.708968 0.568899
9.204386 1.801485 6.612851 2.183306
1.164122 0.536835 -0.006646 -0.003490
0.536835 0.362045 -0.003486 -0.004189
-0.006646 -0.003486 1.168355 0.538671
-0.003490 -0.004189 0.538671 0.363660
10.580575 1.992322 7.646416 2.159702
1.031802 0.414073 -0.001911 -0.001399
0.414073 0.244629 -0.001397 -0.002323
-0.001911 -0.001397 1.036843 0.416123
-0.001399 -0.002323 0.416123 0.245998
10.421399 1.580094 8.951839 2.241064
0.937664 0.334422 -0.002910 -0.001768
0.334422 0.177151 -0.001765 -0.001882
-0.002910 -0.001765 0.940272 0.335404
-0.001768 -0.001882 0.335404 0.177884
12.225909 1.907840 8.929835 1.872038
0.867407 0.279470 -0.011564 -0.004418
0.279470 0.135508 -0.004418 -0.002318
-0.011564 -0.004418 0.872460 0.281186
-0.004418 -0.002318 0.281186 0.136345
12.596465 1.735022 11.097232 2.235734
0.801746 0.236535 -0.012481 -0.004152
0.236535 0.107484 -0.004150 -0.001832
-0.012481 -0.004150 0.804007 0.237254
-0.004152 -0.001832 0.237254 0.107896
13.052092 1.622411 12.013693 2.180769
0.746293 0.204177 -0.011327 -0.003373
0.204177 0.088585 -0.003372 -0.001336
-0.011327 -0.003372 0.748005 0.204702
-0.003373 -0.001336 0.204702 0.088881
13.236769 1.461601 13.208066 2.207582
0.701234 0.179964 -0.007299 -0.002005
0.179964 0.075683 -0.002004 -0.000800
-0.007299 -0.002004 0.702022 0.180224
-0.002005 -0.000800 0.180224 0.075867
13.749866 1.408741 13.373703 1.979309
0.659202 0.160351 -0.004892 -0.001258
0.160351 0.066403 -0.001258 -0.000515
-0.004892 -0.001258 0.660224 0.160663
-0.001258 -0.000515 0.160663 0.066572
13.926523 1.285862 14.309798 1.966866
0.625231 0.145590 -0.004699 -0.001134
0.145590 0.059944 -0.001134 -0.000423
-0.004699 -0.001134 0.625701 0.145756
-0.001134 -0.000423 0.145756 0.060054
14.732248 1.322476 14.999509 1.900783
0.598571 0.134611 -0.003275 -0.000744
0.134611 0.055453 -0.000744 -0.000288
-0.003275 -0.000744 0.599122 0.134790
-0.000744 -0.000288 0.134790 0.055551
15.169668 1.273489 15.663573 1.838092
0.573228 0.125455 -0.007226 -0.001576
0.125455 0.052108 -0.001576 -0.000439
-0.007226 -0.001576 0.573622 0.125589
-0.001576 -0.000439 0.125589 0.052181
15.791270 1.270260 16.699820 1.863239
0.552449 0.118506 -0.007296 -0.001475
0.118506 0.049760 -0.001475 -0.000375
-0.007296 -0.001475 0.552637 0.118588
-0.001475 -0.000375 0.118588 0.049812
16.410258 1.266929 17.899529 1.919959
0.536746 0.113530 -0.005254 -0.000945
0.113530 0.048181 -0.000944 -0.000233
-0.005254 -0.000944 0.536719 0.113562
-0.000945 -0.000233 0.113562 0.048215
17.158688 1.291004 18.818696 1.911448
0.522245 0.109433 -0.000649 0.000061
0.109433 0.047013 0.000061 -0.000009
-0.000649 0.000061 0.522183 0.109456
0.000061 -0.000009 0.109456 0.047039
17.740418 1.277587 19.323847 1.817492
0.510907 0.106482 -0.002482 -0.000375
0.106482 0.046238 -0.000375 -0.000107
-0.002482 -0.000375 0.510844 0.106503
-0.000375 -0.000107 0.106503 0.046259
18.401117 1.282139 20.223137 1.815531
0.503380 0.104658 -0.000596 0.000013
0.104658 0.045792 0.000013 -0.000022
-0.000596 0.000013 0.503286 0.104670
0.000013 -0.000022 0.104670 0.045808
19.147402 1.303974 20.997456 1.787817
0.496160 0.103093 0.002213 0.000559
0.103093 0.045450 0.000559 0.000089
0.002213 0.000559 0.496079 0.103105
0.000559 0.000089 0.103105 0.045462
18.847020 1.105937 22.282644 1.869171
0.491031 0.102113 0.002152 0.000466
0.102113 0.045260 0.000465 0.000059
0.002152 0.000465 0.490760 0.102082
0.000466 0.000059 0.102082 0.045261
19.795401 1.188301 23.205759 1.866747
0.486350 0.101305 0.002892 0.000560
0.101305 0.045118 0.000559 0.000075
0.002892 0.000559 0.486175 0.101294
0.000560 0.000075 0.101294 0.045122
20.010175 1.109117 24.088331 1.856220
0.484304 0.101098 0.001715 0.000255
0.101098 0.045105 0.000255 0.000008
0.001715 0.000255 0.484116 0.101083
0.000255 0.000008 0.101083 0.045106
20.592646 1.114953 25.030384 1.859130
0.484464 0.101340 0.002296 0.000356
0.101340 0.045176 0.000356 0.000035
0.002296 0.000356 0.484351 0.101339
0.000356 0.000035 0.101339 0.045179
21.094053 1.103199 25.983295 1.864039
0.483337 0.101258 0.002954 0.000470
0.101258 0.045165 0.000470 0.000062
0.002954 0.000470 0.483324 0.101275
0.000470 0.000062 0.101275 0.045170
22.052189 1.188549 26.732931 1.825623
0.480790 0.100858 0.004725 0.000814
0.100858 0.045081 0.000813 0.000137
0.004725 0.000813 0.480881 0.100892
0.000814 0.000137 0.100892 0.045089
23.315597 1.328965 27.972921 1.894039
0.478258 0.100473 0.004132 0.000635
0.100473 0.045003 0.000635 0.000097
0.004132 0.000635 0.478607 0.100556
0.000635 0.000097 0.100556 0.045019
23.521016 1.232095 29.424862 2.000532
0.477286 0.100425 0.003226 0.000416
0.100425 0.044995 0.000416 0.000053
0.003226 0.000416 0.478059 0.100587
0.000416 0.000053 0.100587 0.045027
24.115769 1.227222 31.121893 2.147319
0.478010 0.100710 0.001479 0.000046
0.100710 0.045052 0.000046 -0.000017
0.001479 0.000046 0.479335 0.100972
0.000046 -0.000017 0.100972 0.045102
24.323470 1.141521 32.432448 2.197443
0.477135 0.100604 0.000680 -0.000085
0.100604 0.045017 -0.000086 -0.000032
0.000680 -0.000086 0.478926 0.100942
-0.000085 -0.000032 0.100942 0.045079
24.480058 1.054125 33.550111 2.201595
0.477732 0.100799 0.000695 -0.000035
0.100799 0.045045 -0.000036 -0.000009
0.000695 -0.000036 0.479897 0.101188
-0.000035 -0.000009 0.101188 0.045115
24.829822 1.016770 34.433660 2.155839
0.476657 0.100605 -0.000773 -0.000307
0.100605 0.044986 -0.000308 -0.000058
-0.000773 -0.000308 0.479065 0.101017
-0.000307 -0.000058 0.101017 0.045059
26.020119 1.160787 35.315092 2.114280
0.476889 0.100692 0.000021 -0.000081
0.100692 0.044992 -0.000081 0.000000
0.000021 -0.000081 0.479425 0.101106
-0.000081 0.000000 0.101106 0.045063
26.658725 1.173132 35.930315 2.021081
0.476503 0.100629 -0.002881 -0.000662
0.100629 0.044964 -0.000664 -0.000120
-0.002881 -0.000664 0.479104 0.101035
-0.000662 -0.000120 0.101035 0.045033
27.050779 1.132037 36.738125 1.978319
0.477483 0.100851 -0.002600 -0.000523
0.100851 0.044998 -0.000524 -0.000079
-0.002600 -0.000524 0.480422 0.101311
-0.000523 -0.000079 0.101311 0.045079
28.078564 1.229570 37.806090 1.995011
0.476108 0.100548 -0.002191 -0.000381
0.100548 0.044918 -0.000382 -0.000045
-0.002191 -0.000382 0.479534 0.101092
-0.000381 -0.000045 0.101092 0.045018
29.170383 1.330371 38.990013 2.034421
0.475761 0.100487 -0.001207 -0.000140
0.100487 0.044898 -0.000140 0.000005
-0.001207 -0.000140 0.479746 0.101126
-0.000140 0.000005 0.101126 0.045017
29.737460 1.309620 39.899303 2.011651
0.473260 0.099971 -0.003033 -0.000522
0.099971 0.044783 -0.000522 -0.000082
-0.003033 -0.000522 0.477812 0.100704
-0.000522 -0.000082 0.100704 0.044920
30.278902 1.285669 40.938471 2.018643
0.474007 0.100186 -0.002557 -0.000384
0.100186 0.044831 -0.000384 -0.000052
-0.002557 -0.000384 0.479203 0.101022
-0.000384 -0.000052 0.101022 0.044989
31.225551 1.349921 42.003996 2.030601
0.473852 0.100180 -0.003260 -0.000515
0.100180 0.044827 -0.000516 -0.000083
-0.003260 -0.000516 0.479571 0.101091
-0.000515 -0.000083 0.101091 0.044998
32.637385 1.505711 42.942194 2.014656
0.474965 0.100437 -0.002085 -0.000242
0.100437 0.044877 -0.000241 -0.000026
-0.002085 -0.000241 0.480744 0.101322
-0.000242 -0.000026 0.101322 0.045042
32.881410 1.397873 43.333722 1.884710
0.475059 0.100448 -0.003002 -0.000441
0.100448 0.044870 -0.000441 -0.000075
-0.003002 -0.000441 0.480981 0.101336
-0.000441 -0.000075 0.101336 0.045036
33.618615 1.405863 44.038741 1.834739
0.476271 0.100692 -0.004283 -0.000699
0.100692 0.044915 -0.000700 -0.000131
-0.004283 -0.000700 0.482434 0.101607
-0.000699 -0.000131 0.101607 0.045087
33.859743 1.308192 44.815899 1.804996
0.476141 0.100631 -0.002757 -0.000345
0.100631 0.044891 -0.000344 -0.000054
-0.002757 -0.000344 0.483076 0.101688
-0.000345 -0.000054 0.101688 0.045096
34.395599 1.283282 45.871222 1.837091
0.475526 0.100474 -0.003992 -0.000611
0.100474 0.044851 -0.000611 -0.000116
-0.003992 -0.000611 0.483430 0.101706
-0.000611 -0.000116 0.101706 0.045093
35.488015 1.378616 46.975948 1.876477
0.475651 0.100490 -0.007219 -0.001271
0.100490 0.044852 -0.001274 -0.000256
-0.007219 -0.001274 0.484141 0.101805
-0.001271 -0.000256 0.101805 0.045109
35.783226 1.295868 48.663851 2.033778
0.475605 0.100471 -0.007097 -0.001169
0.100471 0.044847 -0.001169 -0.000223
-0.007097 -0.001169 0.486204 0.102188
-0.001169 -0.000223 0.102188 0.045187
