3.724345 2.451865 -0.133060 -0.945272
2.451110 0.980465 -0.156232 -0.062494
0.980465 80.396261 -0.062494 -0.024998
-0.156232 -0.062494 2.479899 0.991981
-0.062494 -0.024998 0.991981 80.400868
5.642048 3.692203 1.586002 2.894423
2.270988 3.973119 -0.107321 -0.156853
3.973119 15.282792 -0.156639 -0.670797
-0.107321 -0.156639 2.306575 4.029654
-0.156853 -0.670797 4.029654 15.454756
5.659571 1.581604 2.575520 2.365819
1.983580 2.289144 -0.094230 -0.107546
2.289144 4.524399 -0.107515 -0.232605
-0.094230 -0.107515 2.011807 2.319075
-0.107546 -0.232605 2.319075 4.578844
6.556317 1.670453 4.202719 2.739706
1.695042 1.427930 -0.090440 -0.077718
1.427930 1.897151 -0.077710 -0.106689
-0.090440 -0.077710 1.713489 1.442437
-0.077718 -0.106689 1.442437 1.917582
7.414283 1.686263 4.334558 1.921660
1.498258 0.990201 -0.051117 -0.034746
0.990201 0.985083 -0.034742 -0.042151
-0.051117 -0.034742 1.518743 1.003558
-0.034746 -0.042151 1.003558 0.998169
6.475350 0.719880 4.963338 1.743846
1.311400 0.711534 -0.058362 -0.033351
0.711534 0.570981 -0.033341 -0.028962
-0.058362 -0.033341 1.321762 0.717044
-0.033351 -0.028962 0.717044 0.576327
7.553100 1.050231 6.255078 1.936617
1.172311 0.540266 -0.043918 -0.021447
0.540266 0.364895 -0.021441 -0.016332
-0.043918 -0.021441 1.180656 0.544247
-0.021447 -0.016332 0.544247 0.368252
7.128394 0.669373 6.979409 1.839590
1.046926 0.420097 -0.046177 -0.019544
0.420097 0.247967 -0.019535 -0.011997
-0.046177 -0.019535 1.050260 0.421653
-0.019544 -0.011997 0.421653 0.249613
7.575403 0.709668 7.530684 1.708010
0.958366 0.341708 -0.035725 -0.013388
0.341708 0.180362 -0.013385 -0.007526
-0.035725 -0.013385 0.961549 0.343149
-0.013388 -0.007526 0.343149 0.181608
8.579330 0.918595 8.385325 1.707868
0.887726 0.285755 -0.030243 -0.010220
0.285755 0.137919 -0.010219 -0.005214
-0.030243 -0.010219 0.891495 0.287282
-0.010220 -0.005214 0.287282 0.138940
9.740672 1.125388 9.252588 1.711502
0.815168 0.240132 -0.026689 -0.008215
0.240132 0.108796 -0.008215 -0.003805
-0.026689 -0.008215 0.819392 0.241648
-0.008215 -0.003805 0.241648 0.109625
11.102463 1.343611 10.205344 1.737792
0.748564 0.204456 -0.021162 -0.006003
0.204456 0.088853 -0.006005 -0.002654
-0.021162 -0.006005 0.753160 0.205924
-0.006003 -0.002654 0.205924 0.089529
12.786284 1.603067 11.043739 1.729769
0.706765 0.181195 -0.010146 -0.002741
0.181195 0.076178 -0.002744 -0.001464
-0.010146 -0.002744 0.712422 0.182796
-0.002741 -0.001464 0.182796 0.076788
13.906350 1.680293 12.579581 1.892821
0.668022 0.162353 -0.014174 -0.003630
0.162353 0.067039 -0.003632 -0.001486
-0.014174 -0.003632 0.672035 0.163406
-0.003630 -0.001486 0.163406 0.067434
14.613194 1.649264 13.675780 1.927689
0.630147 0.146558 -0.005838 -0.001466
0.146558 0.060278 -0.001467 -0.000801
-0.005838 -0.001467 0.633056 0.147270
-0.001466 -0.000801 0.147270 0.060545
15.465198 1.655583 13.891898 1.759709
0.603215 0.135499 -0.010309 -0.002453
0.135499 0.055743 -0.002454 -0.000923
-0.010309 -0.002454 0.606507 0.136252
-0.002453 -0.000923 0.136252 0.055989
16.154461 1.625290 14.885685 1.784625
0.581581 0.127134 -0.010935 -0.002447
0.127134 0.052549 -0.002448 -0.000817
-0.010935 -0.002448 0.584120 0.127672
-0.002447 -0.000817 0.127672 0.052722
16.803695 1.590339 16.330997 1.902994
0.561562 0.120246 -0.011675 -0.002458
0.120246 0.050180 -0.002459 -0.000734
-0.011675 -0.002459 0.563016 0.120524
-0.002458 -0.000734 0.120524 0.050281
17.333897 1.534576 17.796456 2.011329
0.550494 0.116146 -0.010262 -0.002011
0.116146 0.048758 -0.002011 -0.000571
-0.010262 -0.002011 0.551078 0.116236
-0.002011 -0.000571 0.116236 0.048810
17.878254 1.488173 19.100498 2.073501
0.534365 0.111537 -0.004490 -0.000705
0.111537 0.047447 -0.000706 -0.000252
-0.004490 -0.000706 0.534418 0.111527
-0.000705 -0.000252 0.111527 0.047474
18.444377 1.451387 20.455924 2.139524
0.521554 0.108173 -0.006266 -0.001094
0.108173 0.046569 -0.001094 -0.000318
-0.006266 -0.001094 0.521258 0.108105
-0.001094 -0.000318 0.108105 0.046582
18.687822 1.351768 21.755630 2.186862
0.513277 0.106134 -0.006751 -0.001167
0.106134 0.046074 -0.001168 -0.000312
-0.006751 -0.001168 0.512675 0.106020
-0.001167 -0.000312 0.106020 0.046076
19.371091 1.353382 23.017888 2.221752
0.498455 0.102971 -0.002706 -0.000299
0.102971 0.045404 -0.000300 -0.000115
-0.002706 -0.000300 0.497873 0.102878
-0.000299 -0.000115 0.102878 0.045408
19.794559 1.300902 23.981194 2.191083
0.496214 0.102710 -0.002296 -0.000256
0.102710 0.045392 -0.000256 -0.000104
-0.002296 -0.000256 0.495623 0.102627
-0.000256 -0.000104 0.102627 0.045396
20.666548 1.346894 25.199309 2.216599
0.491562 0.101948 -0.005015 -0.000858
0.101948 0.045268 -0.000858 -0.000228
-0.005015 -0.000858 0.491255 0.101932
-0.000858 -0.000228 0.101932 0.045282
20.911045 1.257699 26.275545 2.209744
0.487852 0.101425 -0.007144 -0.001275
0.101425 0.045193 -0.001275 -0.000301
-0.007144 -0.001275 0.487723 0.101444
-0.001275 -0.000301 0.101444 0.045211
21.605035 1.270915 26.749984 2.078315
0.482208 0.100514 -0.004209 -0.000600
0.100514 0.045033 -0.000600 -0.000143
-0.004209 -0.000600 0.482059 0.100523
-0.000600 -0.000143 0.100523 0.045045
22.564405 1.338634 27.774224 2.075381
0.480566 0.100479 -0.005874 -0.000952
0.100479 0.045056 -0.000952 -0.000216
-0.005874 -0.000952 0.480811 0.100565
-0.000952 -0.000216 0.100565 0.045081
23.098786 1.310307 28.751861 2.062701
0.480653 0.100763 -0.004358 -0.000604
0.100763 0.045131 -0.000603 -0.000135
-0.004358 -0.000603 0.481287 0.100919
-0.000604 -0.000135 0.100919 0.045167
23.734741 1.306002 29.356604 1.973077
0.478025 0.100405 -0.004225 -0.000583
0.100405 0.045053 -0.000583 -0.000132
-0.004225 -0.000583 0.478797 0.100572
-0.000583 -0.000132 0.100572 0.045088
24.338832 1.295690 30.312230 1.966542
0.476764 0.100330 -0.002872 -0.000306
0.100330 0.045034 -0.000305 -0.000075
-0.002872 -0.000305 0.478060 0.100590
-0.000306 -0.000075 0.100590 0.045085
24.958251 1.289600 31.120123 1.929574
0.476162 0.100362 -0.003314 -0.000431
0.100362 0.045031 -0.000430 -0.000106
-0.003314 -0.000430 0.477849 0.100681
-0.000431 -0.000106 0.100681 0.045091
25.408200 1.248427 31.985431 1.908490
0.477674 0.100803 -0.003709 -0.000530
0.100803 0.045109 -0.000529 -0.000128
-0.003709 -0.000529 0.479879 0.101206
-0.000530 -0.000128 0.101206 0.045183
25.895196 1.219763 33.531240 2.033208
0.472476 0.099759 -0.002348 -0.000249
0.099759 0.044863 -0.000248 -0.000068
-0.002348 -0.000248 0.476257 0.100465
-0.000249 -0.000068 0.100465 0.044998
26.900575 1.303193 34.144066 1.948148
0.472182 0.099828 -0.001613 -0.000124
0.099828 0.044871 -0.000122 -0.000046
-0.001613 -0.000122 0.475889 0.100464
-0.000124 -0.000046 0.100464 0.044984
27.338004 1.257819 34.985193 1.919984
0.473188 0.100138 -0.002699 -0.000390
0.100138 0.044924 -0.000389 -0.000106
-0.002699 -0.000389 0.477512 0.100864
-0.000390 -0.000106 0.100864 0.045053
28.009928 1.266937 35.975316 1.926365
0.473524 0.100253 -0.003156 -0.000492
0.100253 0.044928 -0.000491 -0.000125
-0.003156 -0.000491 0.478625 0.101102
-0.000492 -0.000125 0.101102 0.045081
28.519756 1.240785 37.016364 1.942761
0.471633 0.099870 -0.003962 -0.000658
0.099870 0.044825 -0.000657 -0.000156
-0.003962 -0.000657 0.477843 0.100909
-0.000658 -0.000156 0.100909 0.045016
28.962642 1.203434 38.581636 2.068087
0.468741 0.099302 -0.002219 -0.000269
0.099302 0.044692 -0.000267 -0.000067
-0.002219 -0.000267 0.477158 0.100752
-0.000269 -0.000067 0.100752 0.044967
29.690438 1.230284 39.916450 2.131644
0.468248 0.099281 -0.002739 -0.000396
0.099281 0.044685 -0.000394 -0.000096
-0.002739 -0.000394 0.478118 0.100953
-0.000396 -0.000096 0.100953 0.044998
30.503002 1.272052 40.671335 2.066082
0.471074 0.099949 -0.003398 -0.000536
0.099949 0.044821 -0.000535 -0.000125
-0.003398 -0.000535 0.480911 0.101518
-0.000536 -0.000125 0.101518 0.045104
31.305431 1.307336 41.657041 2.056165
0.469249 0.099552 -0.003660 -0.000581
0.099552 0.044717 -0.000580 -0.000131
-0.003660 -0.000580 0.479995 0.101246
-0.000581 -0.000131 0.101246 0.045026
32.073077 1.331434 42.486206 2.014275
0.469397 0.099605 -0.005557 -0.000966
0.099605 0.044718 -0.000967 -0.000209
-0.005557 -0.000967 0.480651 0.101339
-0.000966 -0.000209 0.101339 0.045035
32.687201 1.320349 43.244331 1.961770
0.469982 0.099739 -0.006085 -0.001027
0.099739 0.044736 -0.001029 -0.000213
-0.006085 -0.001029 0.481787 0.101529
-0.001027 -0.000213 0.101529 0.045066
32.975083 1.241106 43.855837 1.883731
0.471937 0.100147 -0.003390 -0.000409
0.100147 0.044811 -0.000406 -0.000074
-0.003390 -0.000406 0.484273 0.101994
-0.000409 -0.000074 0.101994 0.045156
33.495533 1.219487 44.166671 1.750890
0.471274 0.099953 -0.008210 -0.001439
0.099953 0.044752 -0.001445 -0.000300
-0.008210 -0.001445 0.483413 0.101714
-0.001439 -0.000300 0.101714 0.045082
33.998342 1.197306 45.672660 1.883412
0.471334 0.099937 -0.008872 -0.001497
0.099937 0.044739 -0.001500 -0.000298
-0.008872 -0.001500 0.486466 0.102299
-0.001497 -0.000298 0.102299 0.045202
34.859542 1.253002 46.653456 1.891872
0.471007 0.099842 -0.009846 -0.001625
0.099842 0.044712 -0.001629 -0.000316
-0.009846 -0.001629 0.487201 0.102350
-0.001625 -0.000316 0.102350 0.045202
35.297563 1.212974 47.530807 1.877267
0.468725 0.099345 -0.009500 -0.001478
0.099345 0.044603 -0.001478 -0.000278
-0.009500 -0.001478 0.486464 0.102105
-0.001478 -0.000278 0.102105 0.045144
36.251641 1.287035 48.763635 1.939411
0.465121 0.098612 -0.012631 -0.002088
0.098612 0.044453 -0.002092 -0.000407
-0.012631 -0.002092 0.484908 0.101721
-0.002088 -0.000407 0.101721 0.045065
