5.539578 3.177973 -1.063018 -1.317264
2.393292 0.957337 -0.318488 -0.127398
0.957337 80.387010 -0.127398 -0.050960
-0.318488 -0.127398 2.504664 1.001887
-0.127398 -0.050960 1.001887 80.404830
6.419825 1.981275 -0.000375 1.668381
2.102389 3.684233 -0.242628 -0.365523
3.684233 14.607942 -0.362743 -1.452588
-0.242628 -0.362743 2.287875 3.987766
-0.365523 -1.452588 3.987766 15.424302
6.633900 1.080358 1.712838 2.681431
1.960761 2.283129 -0.127165 -0.140960
2.283129 4.476757 -0.139794 -0.382425
-0.127165 -0.139794 2.074946 2.396483
-0.140960 -0.382425 2.396483 4.683903
7.742082 1.571595 0.233441 0.310714
1.680290 1.417023 -0.141397 -0.127262
1.417023 1.862881 -0.127263 -0.195569
-0.141397 -0.127263 1.830079 1.537293
-0.127262 -0.195569 1.537293 1.999062
7.271324 0.736894 2.005587 1.377019
1.486837 0.980333 -0.113636 -0.081530
0.980333 0.964833 -0.081288 -0.094836
-0.113636 -0.081288 1.568987 1.029573
-0.081530 -0.094836 1.029573 1.014019
7.065892 0.417400 5.266097 2.765179
1.310865 0.708536 -0.123189 -0.071738
0.708536 0.561548 -0.071476 -0.060910
-0.123189 -0.071476 1.335003 0.719813
-0.071738 -0.060910 0.719813 0.578030
8.630948 1.038552 6.828010 2.843829
1.150668 0.527659 -0.120027 -0.058177
0.527659 0.354288 -0.058049 -0.039527
-0.120027 -0.058049 1.178081 0.540972
-0.058177 -0.039527 0.540972 0.367628
9.420058 1.146117 8.377564 2.894572
1.034465 0.413267 -0.104815 -0.043521
0.413267 0.242313 -0.043445 -0.025325
-0.104815 -0.043445 1.054372 0.422607
-0.043521 -0.025325 0.422607 0.251003
11.353189 1.629029 9.663559 2.836115
0.931094 0.330565 -0.069652 -0.025481
0.330565 0.174482 -0.025480 -0.014261
-0.069652 -0.025480 0.955220 0.340701
-0.025481 -0.014261 0.340701 0.181570
11.725609 1.488277 9.491742 2.323682
0.851218 0.273202 -0.076999 -0.025342
0.273202 0.132674 -0.025322 -0.011823
-0.076999 -0.025322 0.876535 0.282708
-0.025342 -0.011823 0.282708 0.138185
12.220833 1.415000 10.792435 2.364758
0.785608 0.231195 -0.062495 -0.018562
0.231195 0.105421 -0.018559 -0.008064
-0.062495 -0.018559 0.803797 0.237631
-0.018562 -0.008064 0.237631 0.109062
12.886524 1.403510 11.328415 2.187339
0.737723 0.201582 -0.051325 -0.013941
0.201582 0.087585 -0.013948 -0.005709
-0.051325 -0.013948 0.755015 0.207211
-0.013941 -0.005709 0.207211 0.090405
12.699039 1.175405 12.345794 2.167345
0.699272 0.179343 -0.042618 -0.010699
0.179343 0.075330 -0.010712 -0.004167
-0.042618 -0.010712 0.709813 0.182753
-0.010699 -0.004167 0.182753 0.077149
12.815448 1.060851 13.479903 2.179398
0.671671 0.163279 -0.028354 -0.006557
0.163279 0.066966 -0.006580 -0.002680
-0.028354 -0.006580 0.677360 0.165270
-0.006557 -0.002680 0.165270 0.068168
13.301258 1.050630 14.931781 2.263857
0.640385 0.148814 -0.021957 -0.004817
0.148814 0.060534 -0.004840 -0.001985
-0.021957 -0.004840 0.642314 0.149813
-0.004817 -0.001985 0.149813 0.061323
14.270324 1.149867 15.471397 2.130794
0.605324 0.135641 -0.026026 -0.005608
0.135641 0.055519 -0.005621 -0.001955
-0.026026 -0.005621 0.608348 0.136841
-0.005608 -0.001955 0.136841 0.056226
14.712440 1.120650 16.053108 2.024880
0.579968 0.126437 -0.022705 -0.004627
0.126437 0.052189 -0.004639 -0.001549
-0.022705 -0.004639 0.582156 0.127369
-0.004627 -0.001549 0.127369 0.052729
15.617712 1.194724 17.597561 2.139179
0.555704 0.118715 -0.016953 -0.003216
0.118715 0.049698 -0.003229 -0.001107
-0.016953 -0.003229 0.556421 0.119258
-0.003216 -0.001107 0.119258 0.050073
16.021707 1.153517 18.069222 2.012631
0.545626 0.114974 -0.011755 -0.002045
0.114974 0.048411 -0.002059 -0.000767
-0.011755 -0.002059 0.545982 0.115402
-0.002045 -0.000767 0.115402 0.048703
16.128264 1.055353 18.988075 1.993982
0.534969 0.111608 -0.010198 -0.001736
0.111608 0.047398 -0.001749 -0.000643
-0.010198 -0.001749 0.533707 0.111658
-0.001736 -0.000643 0.111658 0.047564
16.856177 1.096748 19.820268 1.959868
0.520385 0.107861 -0.007991 -0.001300
0.107861 0.046451 -0.001311 -0.000505
-0.007991 -0.001311 0.519119 0.107894
-0.001300 -0.000505 0.107894 0.046579
17.300743 1.075307 20.824979 1.964937
0.511611 0.105742 -0.009051 -0.001556
0.105742 0.045954 -0.001565 -0.000522
-0.009051 -0.001565 0.509801 0.105644
-0.001556 -0.000522 0.105644 0.046027
17.808477 1.068857 21.377085 1.875799
0.503950 0.104088 -0.007485 -0.001224
0.104088 0.045608 -0.001232 -0.000416
-0.007485 -0.001232 0.502028 0.103954
-0.001224 -0.000416 0.103954 0.045653
17.958575 0.989756 22.887435 1.994189
0.500967 0.103567 -0.002442 -0.000186
0.103567 0.045529 -0.000196 -0.000174
-0.002442 -0.000196 0.498470 0.103302
-0.000186 -0.000174 0.103302 0.045529
18.645391 1.029513 23.940094 2.005807
0.491590 0.101759 -0.002527 -0.000299
0.101759 0.045183 -0.000306 -0.000191
-0.002527 -0.000306 0.489586 0.101589
-0.000299 -0.000191 0.101589 0.045191
19.323591 1.063396 24.804449 1.977036
0.487214 0.101137 -0.003797 -0.000626
0.101137 0.045105 -0.000631 -0.000246
-0.003797 -0.000631 0.485701 0.101052
-0.000626 -0.000246 0.101052 0.045118
20.334196 1.163260 26.277901 2.078364
0.482493 0.100463 -0.003656 -0.000612
0.100463 0.045009 -0.000616 -0.000225
-0.003656 -0.000616 0.482597 0.100690
-0.000612 -0.000225 0.100690 0.045074
20.636424 1.104928 27.438224 2.103624
0.478380 0.099936 0.004410 0.001068
0.099936 0.044937 0.001062 0.000142
0.004410 0.001062 0.479380 0.100296
0.001068 0.000142 0.100296 0.045016
21.331632 1.134841 28.641275 2.135347
0.472938 0.099126 0.006258 0.001299
0.099126 0.044795 0.001294 0.000177
0.006258 0.001294 0.475437 0.099738
0.001299 0.000177 0.099738 0.044915
21.935905 1.142681 29.470076 2.085083
0.470487 0.098964 0.006717 0.001243
0.098964 0.044787 0.001239 0.000155
0.006717 0.001239 0.473724 0.099654
0.001243 0.000155 0.099654 0.044910
23.028502 1.252956 30.067033 1.990794
0.473734 0.099960 0.006719 0.001118
0.099960 0.045008 0.001115 0.000127
0.006719 0.001115 0.477019 0.100585
0.001118 0.000127 0.100585 0.045108
23.899080 1.304712 30.862969 1.948490
0.466706 0.098638 0.005019 0.000678
0.098638 0.044709 0.000674 0.000041
0.005019 0.000674 0.471307 0.099485
0.000678 0.000041 0.099485 0.044851
24.385932 1.269585 31.903221 1.962594
0.468424 0.099251 0.003774 0.000385
0.099251 0.044837 0.000380 -0.000006
0.003774 0.000380 0.474917 0.100428
0.000385 -0.000006 0.100428 0.045044
25.446796 1.359603 33.338957 2.058380
0.465801 0.098840 -0.000854 -0.000580
0.098840 0.044729 -0.000590 -0.000189
-0.000854 -0.000590 0.475505 0.100609
-0.000580 -0.000189 0.100609 0.045054
26.111258 1.356433 34.226128 2.028336
0.461596 0.098091 0.000321 -0.000221
0.098091 0.044551 -0.000229 -0.000078
0.000321 -0.000229 0.473086 0.100111
-0.000221 -0.000078 0.100111 0.044916
26.533592 1.301827 35.505551 2.084618
0.464150 0.098818 -0.002992 -0.000858
0.098818 0.044698 -0.000870 -0.000194
-0.002992 -0.000870 0.478870 0.101385
-0.000858 -0.000194 0.101385 0.045167
26.981007 1.258413 36.797651 2.137502
0.467849 0.099682 -0.007410 -0.001672
0.099682 0.044854 -0.001689 -0.000342
-0.007410 -0.001689 0.485808 0.102764
-0.001672 -0.000342 0.102764 0.045417
27.476277 1.229720 36.822343 1.917093
0.466626 0.099389 -0.010915 -0.002229
0.099389 0.044748 -0.002249 -0.000428
-0.010915 -0.002249 0.482389 0.101824
-0.002229 -0.000428 0.101824 0.045162
27.852889 1.178972 37.770934 1.914848
0.477596 0.101712 -0.010027 -0.001822
0.101712 0.045212 -0.001836 -0.000309
-0.010027 -0.001836 0.494716 0.104316
-0.001822 -0.000309 0.104316 0.045662
28.356894 1.160584 38.475615 1.861643
0.476979 0.101333 -0.014726 -0.002666
0.101333 0.045062 -0.002686 -0.000477
-0.014726 -0.002686 0.495790 0.104205
-0.002666 -0.000477 0.104205 0.045576
29.432876 1.265965 39.596776 1.902194
0.472255 0.100142 -0.017591 -0.003072
0.100142 0.044765 -0.003091 -0.000544
-0.017591 -0.003091 0.494709 0.103694
-0.003072 -0.000544 0.103694 0.045429
30.013729 1.254718 40.433693 1.878209
0.472388 0.100116 -0.018071 -0.002965
0.100116 0.044750 -0.002977 -0.000504
-0.018071 -0.002977 0.496926 0.103962
-0.002965 -0.000504 0.103962 0.045471
30.856955 1.300241 41.263818 1.855888
0.473625 0.100339 -0.015416 -0.002243
0.100339 0.044793 -0.002243 -0.000347
-0.015416 -0.002243 0.499412 0.104299
-0.002243 -0.000347 0.104299 0.045532
31.774339 1.357768 42.614320 1.944591
0.468778 0.099248 -0.017385 -0.002597
0.099248 0.044553 -0.002592 -0.000437
-0.017385 -0.002592 0.500004 0.104229
-0.002597 -0.000437 0.104229 0.045509
32.117206 1.285702 43.220795 1.867620
0.462849 0.098037 -0.020105 -0.003095
0.098037 0.044310 -0.003094 -0.000555
-0.020105 -0.003094 0.496510 0.103346
-0.003095 -0.000555 0.103346 0.045326
32.962867 1.328666 44.120513 1.861049
0.457497 0.097059 -0.021855 -0.003362
0.097059 0.044134 -0.003361 -0.000616
-0.021855 -0.003361 0.494198 0.102822
-0.003362 -0.000616 0.102822 0.045239
33.891895 1.383139 44.398421 1.725905
0.455709 0.096909 -0.023904 -0.003679
0.096909 0.044140 -0.003693 -0.000688
-0.023904 -0.003693 0.490609 0.102095
-0.003679 -0.000688 0.102095 0.045117
35.004640 1.472930 45.246826 1.724190
0.452123 0.096368 -0.022217 -0.003217
0.096368 0.044053 -0.003214 -0.000591
-0.022217 -0.003214 0.488860 0.101836
-0.003217 -0.000591 0.101836 0.045103
35.286947 1.376651 46.364990 1.776151
0.443090 0.094673 -0.022499 -0.003251
0.094673 0.043714 -0.003226 -0.000613
-0.022499 -0.003226 0.487116 0.101589
-0.003251 -0.000613 0.101589 0.045085
36.337391 1.454181 47.194040 1.765038
0.440777 0.094502 -0.033125 -0.005435
0.094502 0.043711 -0.005468 -0.001096
-0.033125 -0.005468 0.487075 0.101676
-0.005435 -0.001096 0.101676 0.045124
