2.995827 2.160451 -2.082933 -1.725239
2.419574 0.967851 -0.092170 -0.036869
0.967851 80.391215 -0.036869 -0.014748
-0.092170 -0.036869 2.457387 0.982976
-0.036869 -0.014748 0.982976 80.397266
1.283045 -2.707167 0.550613 4.369027
2.282043 3.999723 -0.031754 -0.037290
3.999723 15.253276 -0.037404 -0.300227
-0.031754 -0.037404 2.280859 3.990160
-0.037290 -0.300227 3.990160 15.332869
3.547435 1.465757 -0.081968 1.111441
1.979580 2.280084 -0.065821 -0.080072
2.280084 4.492209 -0.080107 -0.156781
-0.065821 -0.080107 2.021956 2.332830
-0.080072 -0.156781 2.332830 4.579555
5.087010 2.144005 0.867895 1.442357
1.693445 1.424264 -0.070395 -0.060075
1.424264 1.887314 -0.060091 -0.072410
-0.070395 -0.060091 1.729923 1.454331
-0.060075 -0.072410 1.454331 1.919979
6.523581 2.384421 1.201610 1.187121
1.432817 0.945580 -0.058544 -0.037928
0.945580 0.952823 -0.037930 -0.034596
-0.058544 -0.037930 1.469558 0.968662
-0.037928 -0.034596 0.968662 0.971247
6.460637 1.703788 4.562295 2.688357
1.246590 0.677940 -0.058371 -0.030810
0.677940 0.552493 -0.030834 -0.021877
-0.058371 -0.030834 1.257432 0.682549
-0.030810 -0.021877 0.682549 0.556653
7.581195 1.828841 6.527858 2.976141
1.108873 0.513559 -0.026142 -0.010993
0.513559 0.352864 -0.010997 -0.008077
-0.026142 -0.010997 1.115049 0.515910
-0.010993 -0.008077 0.515910 0.355218
7.833521 1.561104 7.456374 2.749831
1.020318 0.412186 -0.034114 -0.013312
0.412186 0.245129 -0.013316 -0.007510
-0.034114 -0.013316 1.023966 0.413568
-0.013312 -0.007510 0.413568 0.246641
8.484500 1.514241 7.906145 2.417774
0.946835 0.339651 -0.024945 -0.008554
0.339651 0.179695 -0.008557 -0.004537
-0.024945 -0.008557 0.951308 0.341382
-0.008554 -0.004537 0.341382 0.181035
9.791807 1.692024 8.520754 2.225597
0.863384 0.279240 -0.026755 -0.008408
0.279240 0.135693 -0.008409 -0.003799
-0.026755 -0.008409 0.869539 0.281417
-0.008408 -0.003799 0.281417 0.136928
10.886970 1.765949 10.206336 2.395321
0.807060 0.238858 -0.026771 -0.007663
0.238858 0.108291 -0.007664 -0.003052
-0.026771 -0.007664 0.810994 0.240185
-0.007663 -0.003052 0.240185 0.109070
11.879477 1.795815 11.024223 2.291179
0.751186 0.205925 -0.020574 -0.005317
0.205925 0.089078 -0.005319 -0.002028
-0.020574 -0.005319 0.755103 0.207153
-0.005317 -0.002028 0.207153 0.089704
12.273363 1.666047 11.564765 2.135388
0.703292 0.180681 -0.013669 -0.003187
0.180681 0.075830 -0.003189 -0.001253
-0.013669 -0.003189 0.706576 0.181653
-0.003187 -0.001253 0.181653 0.076297
13.508079 1.764001 13.112452 2.252445
0.659045 0.160394 -0.002368 -0.000308
0.160394 0.066362 -0.000312 -0.000424
-0.002368 -0.000312 0.661429 0.161078
-0.000308 -0.000424 0.161078 0.066693
14.234040 1.727655 14.227086 2.249720
0.630014 0.146744 0.001952 0.000552
0.146744 0.060163 0.000549 -0.000181
0.001952 0.000549 0.631655 0.147213
0.000552 -0.000181 0.147213 0.060399
14.694965 1.637095 15.305843 2.239398
0.602641 0.135463 -0.001968 -0.000512
0.135463 0.055585 -0.000514 -0.000395
-0.001968 -0.000514 0.603412 0.135712
-0.000512 -0.000395 0.135712 0.055739
15.579460 1.651574 16.115290 2.171514
0.583642 0.127606 -0.004879 -0.001180
0.127606 0.052517 -0.001181 -0.000491
-0.004879 -0.001181 0.584445 0.127854
-0.001180 -0.000491 0.127854 0.052650
16.709514 1.716681 17.270197 2.186278
0.560102 0.119868 -0.004319 -0.001003
0.119868 0.049974 -0.001004 -0.000395
-0.004319 -0.001004 0.560811 0.120084
-0.001003 -0.000395 0.120084 0.050082
17.722096 1.749196 18.468399 2.208430
0.542547 0.114405 -0.000878 -0.000230
0.114405 0.048289 -0.000231 -0.000188
-0.000878 -0.000231 0.543066 0.114568
-0.000230 -0.000188 0.114568 0.048372
18.209927 1.668438 19.491014 2.191430
0.531582 0.111011 -0.001669 -0.000414
0.111011 0.047277 -0.000415 -0.000203
-0.001669 -0.000415 0.531760 0.111094
-0.000414 -0.000203 0.111094 0.047332
18.847273 1.627531 21.022708 2.281968
0.517852 0.107472 -0.002612 -0.000600
0.107472 0.046378 -0.000600 -0.000217
-0.002612 -0.000600 0.517701 0.107483
-0.000600 -0.000217 0.107483 0.046409
19.730775 1.641981 21.847941 2.216586
0.506323 0.104795 0.000064 -0.000012
0.104795 0.045766 -0.000013 -0.000072
0.000064 -0.000013 0.506168 0.104806
-0.000012 -0.000072 0.104806 0.045791
20.252805 1.580161 22.380260 2.097364
0.495149 0.102473 -0.000935 -0.000237
0.102473 0.045291 -0.000238 -0.000109
-0.000935 -0.000238 0.494901 0.102463
-0.000237 -0.000109 0.102463 0.045307
20.048357 1.373911 23.519174 2.116154
0.489301 0.101470 0.000730 0.000117
0.101470 0.045127 0.000117 -0.000022
0.000730 0.000117 0.488947 0.101438
0.000117 -0.000022 0.101438 0.045135
20.693691 1.365218 24.904565 2.184252
0.484776 0.100810 -0.003397 -0.000762
0.100810 0.045038 -0.000762 -0.000200
-0.003397 -0.000762 0.484619 0.100819
-0.000762 -0.000200 0.100819 0.045052
21.060771 1.299389 25.433141 2.066652
0.479438 0.100003 -0.001926 -0.000389
0.100003 0.044912 -0.000389 -0.000102
-0.001926 -0.000389 0.479196 0.099989
-0.000389 -0.000102 0.099989 0.044918
21.565142 1.268992 26.683945 2.112172
0.477244 0.099883 0.000555 0.000157
0.099883 0.044925 0.000156 0.000021
0.000555 0.000156 0.477355 0.099941
0.000157 0.000021 0.099941 0.044944
22.032793 1.233984 28.308851 2.231603
0.478196 0.100383 -0.001140 -0.000226
0.100383 0.045053 -0.000226 -0.000062
-0.001140 -0.000226 0.478982 0.100573
-0.000226 -0.000062 0.100573 0.045095
22.613785 1.226377 28.826749 2.105830
0.477228 0.100384 -0.001122 -0.000209
0.100384 0.045051 -0.000209 -0.000053
-0.001122 -0.000209 0.477932 0.100535
-0.000209 -0.000053 0.100535 0.045082
23.539962 1.292276 29.309419 1.985724
0.476475 0.100390 0.001323 0.000317
0.100390 0.045043 0.000317 0.000061
0.001323 0.000317 0.477132 0.100516
0.000317 0.000061 0.100516 0.045066
23.550332 1.158152 29.811301 1.882171
0.474159 0.100031 0.003152 0.000664
0.100031 0.044953 0.000664 0.000128
0.003152 0.000664 0.475059 0.100197
0.000664 0.000128 0.100197 0.044982
24.117557 1.155656 30.700996 1.871320
0.475427 0.100432 0.003667 0.000705
0.100432 0.045025 0.000706 0.000127
0.003667 0.000706 0.476827 0.100690
0.000705 0.000127 0.100690 0.045073
24.515993 1.117818 31.335164 1.807675
0.475757 0.100568 0.001578 0.000202
0.100568 0.045031 0.000202 0.000013
0.001578 0.000202 0.477477 0.100874
0.000202 0.000013 0.100874 0.045087
24.954937 1.092443 32.267231 1.813674
0.475175 0.100477 -0.001441 -0.000440
0.100477 0.044987 -0.000441 -0.000117
-0.001441 -0.000441 0.477632 0.100918
-0.000440 -0.000117 0.100918 0.045069
25.202400 1.029318 32.781062 1.730689
0.477277 0.100947 -0.001593 -0.000414
0.100947 0.045064 -0.000414 -0.000095
-0.001593 -0.000414 0.479953 0.101403
-0.000414 -0.000095 0.101403 0.045146
25.527261 0.989154 34.252247 1.858624
0.477433 0.100948 -0.001278 -0.000296
0.100948 0.045036 -0.000297 -0.000059
-0.001278 -0.000297 0.481721 0.101717
-0.000296 -0.000059 0.101717 0.045182
25.988942 0.982201 35.168268 1.855820
0.478700 0.101179 -0.000579 -0.000114
0.101179 0.045061 -0.000115 -0.000015
-0.000579 -0.000115 0.483702 0.102046
-0.000114 -0.000015 0.102046 0.045222
26.204697 0.924057 36.562057 1.953984
0.480491 0.101498 -0.000637 -0.000114
0.101498 0.045105 -0.000114 -0.000014
-0.000637 -0.000114 0.487139 0.102656
-0.000114 -0.000014 0.102656 0.045322
27.440042 1.087276 37.627829 1.972713
0.478710 0.101035 -0.001938 -0.000377
0.101035 0.044984 -0.000378 -0.000070
-0.001938 -0.000378 0.486100 0.102278
-0.000377 -0.000070 0.102278 0.045212
27.941128 1.078265 38.358350 1.918934
0.476946 0.100627 -0.001556 -0.000264
0.100627 0.044889 -0.000264 -0.000042
-0.001556 -0.000264 0.484867 0.101914
-0.000264 -0.000042 0.101914 0.045121
28.965493 1.180646 39.308908 1.917144
0.477626 0.100777 -0.001633 -0.000262
0.100777 0.044921 -0.000262 -0.000041
-0.001633 -0.000262 0.486099 0.102116
-0.000262 -0.000041 0.102116 0.045162
30.451863 1.369689 40.249574 1.913563
0.476555 0.100542 -0.002993 -0.000534
0.100542 0.044869 -0.000535 -0.000099
-0.002993 -0.000535 0.485317 0.101887
-0.000534 -0.000099 0.101887 0.045110
31.089149 1.359692 41.346309 1.942923
0.473373 0.099885 -0.005380 -0.000998
0.099885 0.044732 -0.001002 -0.000193
-0.005380 -0.001002 0.483696 0.101513
-0.000998 -0.000193 0.101513 0.045036
31.865425 1.380201 42.653800 2.013496
0.473851 0.100060 -0.005339 -0.000915
0.100060 0.044783 -0.000917 -0.000165
-0.005339 -0.000917 0.485841 0.101974
-0.000915 -0.000165 0.101974 0.045144
32.823789 1.436940 43.773439 2.037333
0.471746 0.099663 -0.006411 -0.001084
0.099663 0.044704 -0.001087 -0.000197
-0.006411 -0.001087 0.484941 0.101754
-0.001084 -0.000197 0.101754 0.045099
33.581227 1.444879 44.354472 1.945532
0.474314 0.100285 -0.006047 -0.000943
0.100285 0.044845 -0.000944 -0.000162
-0.006047 -0.000944 0.487196 0.102223
-0.000943 -0.000162 0.102223 0.045204
34.162957 1.414978 45.135575 1.905225
0.476024 0.100655 -0.006206 -0.000936
0.100655 0.044918 -0.000937 -0.000161
-0.006206 -0.000937 0.489558 0.102674
-0.000936 -0.000161 0.102674 0.045296
34.712487 1.382130 46.743368 2.042403
0.475631 0.100541 -0.007398 -0.001155
0.100541 0.044881 -0.001155 -0.000210
-0.007398 -0.001155 0.492365 0.103181
-0.001155 -0.000210 0.103181 0.045393
35.170799 1.333101 47.944962 2.079952
0.475340 0.100459 -0.009216 -0.001491
0.100459 0.044857 -0.001494 -0.000281
-0.009216 -0.001494 0.494150 0.103438
-0.001491 -0.000281 0.103438 0.045434
35.938317 1.354114 48.677129 2.015697
0.471312 0.099594 -0.013039 -0.002227
0.099594 0.044669 -0.002237 -0.000433
-0.013039 -0.002237 0.490783 0.102608
-0.002227 -0.000433 0.102608 0.045248
