1.944179 1.739783 5.149510 1.167802
41.375945 16.550736 -56.525504 -22.610691
16.550736 86.624505 -22.610691 -9.044472
-56.525504 -22.610691 80.917454 32.367683
-22.610691 -9.044472 32.367683 92.951420
0.760260 -1.000845 5.965892 0.076238
73.922102 49.051955 -85.846752 -35.023900
49.051955 53.613274 -54.950792 -42.645693
-85.846752 -54.950792 102.841507 43.691619
-35.023900 -42.645693 43.691619 54.189651
0.295311 -0.957255 6.097393 0.182460
72.528716 37.100742 -92.947436 -46.398140
37.100742 30.047463 -47.034207 -36.821245
-92.947436 -47.034207 121.904869 62.051233
-46.398140 -36.821245 62.051233 51.556338
-2.863373 -1.999630 11.034068 2.693418
94.983302 41.504062 -128.008336 -57.763369
41.504062 24.935618 -55.688212 -33.617542
-128.008336 -55.688212 174.878687 79.534953
-57.763369 -33.617542 79.534953 48.133393
3.687307 0.885679 2.443593 -1.103340
7.438787 2.408629 -13.857411 -5.891736
2.408629 5.285776 -4.166764 -7.441746
-13.857411 -4.166764 28.814953 12.562452
-5.891736 -7.441746 12.562452 13.258548
0.719173 -0.195968 10.123593 2.244205
4.731317 3.027569 -5.143334 -3.279784
3.027569 4.652163 -2.985484 -5.451000
-5.143334 -2.985484 6.847359 3.838366
-3.279784 -5.451000 3.838366 7.032911
5.360814 2.696362 7.439286 -0.384191
4.322813 2.550748 -5.870972 -3.423007
2.550748 2.947565 -3.414387 -3.876880
-5.870972 -3.414387 9.345619 5.235489
-3.423007 -3.876880 5.235489 5.585904
6.125783 2.409376 8.661229 0.261151
6.509650 3.476157 -7.814877 -4.227306
3.476157 2.678198 -4.134365 -3.311331
-7.814877 -4.134365 10.514203 5.497812
-4.227306 -3.311331 5.497812 4.417329
6.990765 2.257847 9.738521 0.649225
10.275157 4.645972 -11.964058 -5.523183
4.645972 2.606788 -5.405797 -3.150448
-11.964058 -5.405797 14.947892 6.810267
-5.523183 -3.150448 6.810267 4.050540
8.396849 2.343501 11.182419 1.049272
15.240075 5.822484 -17.767498 -6.925049
5.822484 2.562399 -6.800537 -3.080883
-17.767498 -6.800537 21.601436 8.397089
-6.925049 -3.080883 8.397089 3.890127
9.422308 2.287303 12.278844 1.246669
20.736744 6.791243 -24.404634 -8.135898
6.791243 2.465466 -8.010381 -2.971325
-24.404634 -8.010381 29.584897 9.877514
-8.135898 -2.971325 9.877514 3.738489
10.948249 2.406333 11.944997 0.949026
25.951771 7.408565 -31.068881 -9.015990
7.408565 2.296992 -8.887328 -2.799834
-31.068881 -8.887328 38.101443 11.092862
-9.015990 -2.799834 11.092862 3.556148
13.153248 2.652998 11.632051 0.768404
25.965208 6.528841 -29.807426 -7.556745
6.528841 1.785174 -7.506700 -2.071277
-29.807426 -7.506700 35.031026 8.923647
-7.556745 -2.071277 8.923647 2.525182
13.220626 2.367755 13.601494 1.136877
12.206260 2.731615 -12.312004 -2.686787
2.731615 0.728846 -2.762803 -0.735131
-12.312004 -2.762803 13.102753 2.908252
-2.686787 -0.735131 2.908252 0.847130
15.738154 2.645457 12.503619 0.774661
14.617225 2.993654 -14.675050 -2.941534
2.993654 0.712466 -3.015188 -0.711084
-14.675050 -3.015188 15.427890 3.152311
-2.941534 -0.711084 3.152311 0.810082
12.875521 1.851997 17.476524 1.659234
6.087470 1.129930 -4.796389 -0.764234
1.129930 0.295846 -0.896436 -0.230286
-4.796389 -0.896436 4.256578 0.735288
-0.764234 -0.230286 0.735288 0.266305
14.220613 1.921809 18.140251 1.655879
2.796620 0.498071 -2.505587 -0.432773
0.498071 0.165140 -0.459199 -0.152665
-2.505587 -0.459199 2.807549 0.552847
-0.432773 -0.152665 0.552847 0.226632
16.771253 2.194857 17.764289 1.476416
1.716479 0.304483 -1.806084 -0.338565
0.304483 0.122631 -0.332647 -0.123407
-1.806084 -0.332647 2.542869 0.540021
-0.338565 -0.123407 0.540021 0.212882
17.965188 2.212337 18.368650 1.449111
1.988227 0.355914 -2.145586 -0.398692
0.355914 0.125682 -0.388757 -0.122894
-2.145586 -0.388757 2.995668 0.612382
-0.398692 -0.122894 0.612382 0.208562
19.175297 2.228483 18.502683 1.309445
2.318438 0.409964 -2.479796 -0.441995
0.409964 0.128927 -0.434908 -0.119841
-2.479796 -0.434908 3.422428 0.665291
-0.441995 -0.119841 0.665291 0.201798
20.040528 2.189731 19.737131 1.428059
2.363738 0.411336 -2.213164 -0.357052
0.411336 0.123500 -0.376408 -0.096525
-2.213164 -0.376408 2.732265 0.488578
-0.357052 -0.096525 0.488578 0.151442
21.542809 2.252421 19.736756 1.293608
2.714921 0.459662 -2.476543 -0.382525
0.459662 0.126129 -0.405118 -0.093071
-2.476543 -0.405118 3.032109 0.522699
-0.382525 -0.093071 0.522699 0.148272
22.841958 2.282586 20.315687 1.289426
2.048172 0.343525 -1.439320 -0.186142
0.343525 0.103013 -0.225325 -0.055278
-1.439320 -0.225325 1.755900 0.290842
-0.186142 -0.055278 0.290842 0.101844
23.941741 2.275497 20.974762 1.290130
1.244616 0.209269 -0.593140 -0.055254
0.209269 0.078201 -0.083195 -0.030031
-0.593140 -0.083195 1.099351 0.197922
-0.055254 -0.030031 0.197922 0.085195
23.830772 2.068056 22.456818 1.405394
0.477894 0.084067 -0.008963 0.020285
0.084067 0.055679 0.011386 -0.015033
-0.008963 0.011386 0.862960 0.178068
0.020285 -0.015033 0.178068 0.081215
24.392855 1.975349 23.143985 1.392249
0.404171 0.079218 -0.043892 -0.000586
0.079218 0.053987 -0.005466 -0.017680
-0.043892 -0.005466 1.026826 0.211705
-0.000586 -0.017680 0.211705 0.084231
25.153496 1.926703 23.702244 1.363886
0.399734 0.086637 -0.142477 -0.028074
0.086637 0.054542 -0.033713 -0.021651
-0.142477 -0.033713 1.157038 0.234040
-0.028074 -0.021651 0.234040 0.084936
26.015455 1.904053 24.149139 1.318702
0.438536 0.101195 -0.267311 -0.055731
0.101195 0.056391 -0.064461 -0.025439
-0.267311 -0.064461 1.266036 0.249757
-0.055731 -0.025439 0.249757 0.084590
26.730797 1.847992 24.707152 1.301931
0.473442 0.111456 -0.409756 -0.081984
0.111456 0.056836 -0.095242 -0.028655
-0.409756 -0.095242 1.448965 0.277381
-0.081984 -0.028655 0.277381 0.086721
26.763400 1.631040 25.110738 1.263199
0.483682 0.112586 -0.585869 -0.110121
0.112586 0.054804 -0.129578 -0.032097
-0.585869 -0.129578 1.662181 0.306852
-0.110121 -0.032097 0.306852 0.089062
27.555249 1.627623 25.892098 1.289731
0.595953 0.137182 -0.739324 -0.130712
0.137182 0.058646 -0.153881 -0.033562
-0.739324 -0.153881 1.883298 0.333402
-0.130712 -0.033562 0.333402 0.090651
28.479589 1.667920 27.039920 1.377808
0.741201 0.165585 -0.906122 -0.150345
0.165585 0.062929 -0.177525 -0.034770
-0.906122 -0.177525 2.126018 0.360134
-0.150345 -0.034770 0.360134 0.092189
29.175806 1.635944 27.809185 1.389188
0.910455 0.194359 -1.106809 -0.172683
0.194359 0.066540 -0.208673 -0.037164
-1.106809 -0.208673 2.280441 0.368223
-0.172683 -0.037164 0.368223 0.090463
29.778693 1.577371 28.325110 1.354201
1.109074 0.224844 -1.333504 -0.196033
0.224844 0.070048 -0.242093 -0.039738
-1.333504 -0.242093 2.428642 0.373485
-0.196033 -0.039738 0.373485 0.088467
30.706533 1.604232 28.840921 1.331902
1.345235 0.259329 -1.567955 -0.217024
0.259329 0.074233 -0.271895 -0.041448
-1.567955 -0.271895 2.603948 0.382083
-0.217024 -0.041448 0.382083 0.087296
31.668774 1.656573 29.858283 1.396849
1.604591 0.292388 -1.843869 -0.242024
0.292388 0.077614 -0.301592 -0.043156
-1.843869 -0.301592 2.913940 0.410431
-0.242024 -0.043156 0.410431 0.089369
32.625192 1.707014 31.025479 1.480586
1.896738 0.326828 -2.150491 -0.268521
0.326828 0.080883 -0.333327 -0.045102
-2.150491 -0.333327 3.244100 0.438154
-0.268521 -0.045102 0.438154 0.091118
33.451063 1.702165 31.789667 1.483109
2.223842 0.362896 -2.487483 -0.296212
0.362896 0.084017 -0.369185 -0.047588
-2.487483 -0.369185 3.541737 0.456666
-0.296212 -0.047588 0.456666 0.091183
34.423080 1.757575 33.120404 1.587057
2.585017 0.400184 -2.853572 -0.324853
0.400184 0.087255 -0.402884 -0.049557
-2.853572 -0.402884 3.915777 0.484848
-0.324853 -0.049557 0.484848 0.092834
35.328128 1.782180 34.279245 1.648670
2.990236 0.440806 -3.243856 -0.352972
0.440806 0.090775 -0.439249 -0.051718
-3.243856 -0.439249 4.258668 0.504460
-0.352972 -0.051718 0.504460 0.093023
36.136229 1.783958 35.438662 1.698359
3.434070 0.483036 -3.660503 -0.381362
0.483036 0.094286 -0.476347 -0.053844
-3.660503 -0.476347 4.608465 0.522469
-0.381362 -0.053844 0.522469 0.092978
37.105115 1.812873 36.535640 1.744269
3.926273 0.528999 -4.095022 -0.408003
0.528999 0.098247 -0.513310 -0.055657
-4.095022 -0.513310 4.950374 0.537175
-0.408003 -0.055657 0.537175 0.092569
38.057661 1.822311 37.420109 1.749569
4.458382 0.575432 -4.566285 -0.436836
0.575432 0.101892 -0.551557 -0.057654
-4.566285 -0.551557 5.322471 0.553847
-0.436836 -0.057654 0.553847 0.092410
39.012553 1.762325 37.172960 1.566812
5.025843 0.620769 -5.084765 -0.469813
0.620769 0.104862 -0.592934 -0.060244
-5.084765 -0.592934 5.723073 0.571263
-0.469813 -0.060244 0.571263 0.092122
39.937730 1.783857 38.168540 1.605913
5.493938 0.643926 -5.597764 -0.508415
0.643926 0.104592 -0.618528 -0.061883
-5.597764 -0.618528 6.293283 0.617087
-0.508415 -0.061883 0.617087 0.096205
41.129116 1.838754 38.988779 1.633327
6.022804 0.672940 -6.163271 -0.548671
0.672940 0.105229 -0.648862 -0.063787
-6.163271 -0.648862 6.907589 0.662935
-0.548671 -0.063787 0.662935 0.099851
41.878153 1.808917 39.810016 1.619789
6.514071 0.692683 -6.737528 -0.591236
0.692683 0.104538 -0.675663 -0.065793
-6.737528 -0.675663 7.565638 0.712395
-0.591236 -0.065793 0.712395 0.103665
42.237812 1.685365 40.220911 1.505729
7.055793 0.716612 -7.366111 -0.635786
0.716612 0.104405 -0.707851 -0.068215
-7.366111 -0.707851 8.261460 0.760075
-0.635786 -0.068215 0.760075 0.106753
43.341358 1.726937 40.920337 1.519700
7.663116 0.747948 -8.033633 -0.678257
0.747948 0.105603 -0.741212 -0.070037
-8.033633 -0.741212 9.007991 0.809735
-0.678257 -0.070037 0.809735 0.110180
44.214337 1.743324 41.875800 1.553305
8.233620 0.770718 -8.706290 -0.722381
0.770718 0.105671 -0.769755 -0.071747
-8.706290 -0.769755 9.806100 0.864323
-0.722381 -0.071747 0.864323 0.114073
