-1.229773 0.470175 5.832269 1.440911
41.831691 16.733039 -56.658289 -22.663807
16.733039 86.697427 -22.663807 -9.065719
-56.658289 -22.663807 80.992726 32.397792
-22.663807 -9.065719 32.397792 92.963464
0.223912 1.135455 4.922221 0.654286
59.527852 28.535761 -85.923882 -44.415069
28.535761 35.462305 -38.848782 -40.110865
-85.923882 -38.848782 127.730298 67.646719
-44.415069 -40.110865 67.646719 71.371768
-2.695906 -0.382179 10.589309 3.230869
81.073536 43.060691 -103.524688 -46.307167
43.060691 34.073859 -53.986983 -37.737163
-103.524688 -53.986983 134.837266 60.874121
-46.307167 -37.737163 60.874121 48.299067
-0.705968 0.622084 9.635333 2.235121
9.304020 3.444935 -16.799168 -8.190416
3.444935 8.056450 -5.666873 -11.570492
-16.799168 -5.666873 34.181456 17.387839
-8.190416 -11.570492 17.387839 21.946953
-0.747005 0.854327 13.223412 3.209464
14.164802 6.912097 -26.700110 -13.813733
6.912097 7.366857 -12.271256 -11.678324
-26.700110 -12.271256 53.717410 27.221763
-13.813733 -11.678324 27.221763 21.502240
2.339889 2.244448 10.562788 1.066982
8.623720 3.123991 -19.742522 -8.138745
3.123991 3.457594 -6.163126 -5.666192
-19.742522 -6.163126 49.423504 19.484357
-8.138745 -5.666192 19.484357 12.227298
3.407866 2.307155 11.588650 1.156948
9.427064 4.412195 -17.683237 -7.799469
4.412195 3.384401 -7.597186 -5.234817
-17.683237 -7.597186 36.181596 14.977792
-7.799469 -5.234817 14.977792 9.068534
5.024154 3.149848 14.953615 1.257471
13.994089 5.916185 -24.885931 -9.861571
5.916185 3.260905 -10.147641 -5.133213
-24.885931 -10.147641 46.336835 17.783049
-9.861571 -5.133213 17.783049 8.594425
3.939159 2.068423 19.455906 2.756747
13.427846 4.629005 -25.216878 -8.273625
4.629005 2.096437 -8.345988 -3.473333
-25.216878 -8.345988 49.723151 15.832180
-8.273625 -3.473333 15.832180 6.232894
6.304101 2.469740 18.327955 2.034593
1.533943 0.426202 -3.181899 -0.868141
0.426202 0.483030 -0.467544 -0.656851
-3.181899 -0.467544 9.951439 2.209450
-0.868141 -0.656851 2.209450 1.334979
6.464976 2.004854 20.265135 2.513859
1.495936 0.435823 -3.317831 -0.911971
0.435823 0.394772 -0.522591 -0.543968
-3.317831 -0.522591 11.630001 2.535286
-0.911971 -0.543968 2.535286 1.201081
8.993053 2.537752 19.041424 1.702499
0.794308 0.223651 -1.915576 -0.497048
0.223651 0.262905 -0.049765 -0.316305
-1.915576 -0.049765 10.299410 1.877868
-0.497048 -0.316305 1.877868 0.823756
9.943658 2.399745 20.084133 1.837701
0.923506 0.274148 -2.350026 -0.608493
0.274148 0.224694 -0.265959 -0.294334
-2.350026 -0.265959 12.113272 2.287305
-0.608493 -0.294334 2.287305 0.811855
10.626104 2.183543 21.219131 2.033581
0.922884 0.265548 -2.443713 -0.596724
0.265548 0.184151 -0.267522 -0.236711
-2.443713 -0.267522 13.937960 2.477475
-0.596724 -0.236711 2.477475 0.738586
11.367084 2.071259 22.856605 2.211289
0.710848 0.203451 -1.754024 -0.419326
0.203451 0.142729 -0.042331 -0.149796
-1.754024 -0.042331 13.800523 2.164977
-0.419326 -0.149796 2.164977 0.574699
13.055312 2.246676 22.218419 1.829748
0.412942 0.147375 -0.190009 -0.132962
0.147375 0.116646 0.314762 -0.064094
-0.190009 0.314762 9.693749 1.201873
-0.132962 -0.064094 1.201873 0.334484
13.584602 2.059946 23.984320 2.085692
0.468507 0.169498 0.082714 -0.109785
0.169498 0.109932 0.338302 -0.047723
0.082714 0.338302 10.472310 1.257778
-0.109785 -0.047723 1.257778 0.311603
14.428159 2.026430 26.361174 2.294250
0.562045 0.203507 0.763254 -0.037829
0.203507 0.110042 0.431445 -0.028054
0.763254 0.431445 8.279934 0.843180
-0.037829 -0.028054 0.843180 0.223487
15.426122 1.995927 25.545345 2.048750
0.786479 0.258731 1.039562 -0.039367
0.258731 0.114079 0.368878 -0.033979
1.039562 0.368878 3.423902 0.207795
-0.039367 -0.033979 0.207795 0.130906
16.700357 2.078013 25.650704 1.856993
1.020503 0.301113 1.306099 -0.028975
0.301113 0.114361 0.384806 -0.025828
1.306099 0.384806 2.958085 0.148832
-0.028975 -0.025828 0.148832 0.111904
17.609858 2.072842 24.361662 1.516794
1.299479 0.346149 1.405977 -0.042894
0.346149 0.115681 0.365316 -0.024073
1.405977 0.365316 2.173005 0.061671
-0.042894 -0.024073 0.061671 0.093179
18.662112 2.080719 25.001761 1.489655
1.538125 0.368978 1.537352 -0.029691
0.368978 0.111037 0.348133 -0.017152
1.537352 0.348133 2.215943 0.106242
-0.029691 -0.017152 0.106242 0.091991
19.413726 2.038161 24.939611 1.375635
1.857096 0.411067 1.557284 -0.051109
0.411067 0.112949 0.322987 -0.017668
1.557284 0.322987 1.880274 0.081171
-0.051109 -0.017668 0.081171 0.084055
20.608566 2.127674 24.454931 1.075052
2.148242 0.439475 1.555075 -0.061633
0.439475 0.111548 0.302726 -0.014600
1.555075 0.302726 1.499481 0.040379
-0.061633 -0.014600 0.040379 0.070265
20.742965 1.964379 24.105683 1.027249
1.973185 0.384774 1.031463 -0.108708
0.384774 0.097088 0.185057 -0.021278
1.031463 0.185057 0.898409 0.031885
-0.108708 -0.021278 0.031885 0.071509
21.929638 2.002840 24.682668 1.009780
2.329926 0.424815 1.044072 -0.115852
0.424815 0.100183 0.173079 -0.020009
1.044072 0.173079 0.883010 0.055302
-0.115852 -0.020009 0.055302 0.072421
21.921888 1.842411 24.457045 0.966968
1.684852 0.299703 0.339024 -0.155749
0.299703 0.076716 0.046853 -0.024526
0.339024 0.046853 0.440046 0.064605
-0.155749 -0.024526 0.064605 0.074471
22.904442 1.854648 24.877538 0.943183
1.899879 0.323374 0.197634 -0.176560
0.323374 0.079256 0.023163 -0.025591
0.197634 0.023163 0.425333 0.087152
-0.176560 -0.025591 0.087152 0.076342
23.969075 1.875082 25.475087 0.962394
1.887068 0.308459 -0.036297 -0.193619
0.308459 0.075520 -0.013142 -0.026232
-0.036297 -0.013142 0.461618 0.123077
-0.193619 -0.026232 0.123077 0.080853
25.159361 1.913974 26.075996 0.973403
1.791499 0.281986 -0.285276 -0.209582
0.281986 0.070391 -0.047740 -0.026666
-0.285276 -0.047740 0.555127 0.162669
-0.209582 -0.026666 0.162669 0.085542
26.266696 1.937575 26.689596 0.996208
1.623937 0.246408 -0.511544 -0.218789
0.246408 0.064296 -0.075111 -0.026038
-0.511544 -0.075111 0.715446 0.205895
-0.218789 -0.026038 0.205895 0.090111
27.859439 2.034989 27.298504 0.998981
1.637341 0.240724 -0.718092 -0.235026
0.240724 0.063173 -0.096523 -0.026560
-0.718092 -0.096523 0.927723 0.250251
-0.235026 -0.026560 0.250251 0.094766
29.346637 2.110752 27.907703 1.014257
1.566004 0.222029 -0.908072 -0.245240
0.222029 0.060081 -0.112666 -0.026104
-0.908072 -0.112666 1.196758 0.298029
-0.245240 -0.026104 0.298029 0.099500
31.358501 2.265440 28.459875 1.017598
1.584629 0.218076 -1.099303 -0.258034
0.218076 0.059401 -0.126780 -0.026093
-1.099303 -0.126780 1.515749 0.348098
-0.258034 -0.026093 0.348098 0.104289
32.539775 2.271388 28.916193 1.006515
1.477855 0.193907 -1.271546 -0.267029
0.193907 0.055459 -0.135726 -0.025484
-1.271546 -0.135726 1.882547 0.399945
-0.267029 -0.025484 0.399945 0.108976
33.395335 2.226316 29.492397 1.017105
1.425437 0.178996 -1.453587 -0.278673
0.178996 0.053053 -0.144444 -0.025363
-1.453587 -0.144444 2.301057 0.454213
-0.278673 -0.025363 0.454213 0.113688
34.078084 2.145755 29.966881 0.998939
1.455226 0.176402 -1.682188 -0.297792
0.176402 0.052358 -0.159736 -0.026686
-1.682188 -0.159736 2.771894 0.509583
-0.297792 -0.026686 0.509583 0.117974
35.153066 2.153158 30.583031 1.021474
1.556742 0.185448 -1.938543 -0.318278
0.185448 0.053482 -0.178309 -0.028341
-1.938543 -0.178309 3.291763 0.565305
-0.318278 -0.028341 0.565305 0.121853
35.897860 2.075585 30.932575 0.977803
1.676256 0.195040 -2.228943 -0.342255
0.195040 0.054122 -0.202313 -0.030928
-2.228943 -0.202313 3.845502 0.618168
-0.342255 -0.030928 0.618168 0.124721
37.138317 2.130194 31.596972 1.018558
1.835993 0.211169 -2.535765 -0.364804
0.211169 0.055981 -0.226268 -0.033012
-2.535765 -0.226268 4.453607 0.673106
-0.364804 -0.033012 0.673106 0.127845
38.507538 2.205405 32.248714 1.058150
2.017067 0.228794 -2.869007 -0.388573
0.228794 0.057739 -0.253428 -0.035414
-2.869007 -0.253428 5.097688 0.726316
-0.388573 -0.035414 0.726316 0.130438
39.637564 2.226504 32.990239 1.094360
2.201868 0.243867 -3.231684 -0.414715
0.243867 0.058687 -0.282396 -0.038040
-3.231684 -0.282396 5.798629 0.781515
-0.414715 -0.038040 0.781515 0.133154
40.809235 2.268388 33.944463 1.161490
2.415184 0.262134 -3.623892 -0.441532
0.262134 0.060062 -0.314751 -0.040793
-3.623892 -0.314751 6.531071 0.834506
-0.441532 -0.040793 0.834506 0.135405
41.983629 2.292935 34.746255 1.197120
2.664889 0.284922 -4.046746 -0.468658
0.284922 0.061896 -0.353704 -0.044061
-4.046746 -0.353704 7.245159 0.878181
-0.468658 -0.044061 0.878181 0.136216
43.008721 2.285469 35.604558 1.228436
2.938811 0.308975 -4.501882 -0.496978
0.308975 0.063740 -0.395313 -0.047370
-4.501882 -0.395313 7.983611 0.920265
-0.496978 -0.047370 0.920265 0.136884
44.006095 2.226313 35.828869 1.165010
3.245206 0.336474 -4.981680 -0.524815
0.336474 0.065888 -0.441927 -0.050936
-4.981680 -0.441927 8.684575 0.952727
-0.524815 -0.050936 0.952727 0.136372
45.000543 2.198100 36.371959 1.152705
3.561313 0.360584 -5.507080 -0.556487
0.360584 0.067592 -0.483125 -0.053694
-5.507080 -0.483125 9.541352 1.002420
-0.556487 -0.053694 1.002420 0.138282
45.790086 2.110769 36.656893 1.094785
3.892592 0.383917 -6.064583 -0.589401
0.383917 0.068994 -0.524990 -0.056427
-6.064583 -0.524990 10.444660 1.053201
-0.589401 -0.056427 1.053201 0.140264
46.909987 2.031163 35.951967 0.932122
4.245055 0.407694 -6.656174 -0.623351
0.407694 0.070377 -0.567546 -0.059075
-6.656174 -0.567546 11.398880 1.105435
-0.623351 -0.059075 1.105435 0.142362
47.045188 1.886639 36.986973 0.950127
4.391517 0.398907 -7.077830 -0.646114
0.398907 0.067904 -0.568491 -0.058234
-7.077830 -0.568491 12.387354 1.169927
-0.646114 -0.058234 1.169927 0.146756
