-0.922682 0.593013 4.993243 1.105293
41.846911 16.739127 -56.733340 -22.693828
16.739127 86.699863 -22.693828 -9.077728
-56.733340 -22.693828 81.230226 32.492794
-22.693828 -9.077728 32.492794 93.001466
1.802069 4.853205 6.947568 3.971832
64.981342 35.199229 -87.476839 -42.374328
35.199229 40.474229 -45.662418 -42.331434
-87.476839 -45.662418 120.491354 59.646100
-42.374328 -42.331434 59.646100 65.024388
-0.005864 1.301822 10.231686 3.208011
99.032037 48.454053 -131.420719 -60.021271
48.454053 35.157555 -63.123938 -42.386381
-131.420719 -63.123938 177.840272 82.301020
-60.021271 -42.386381 82.301020 58.897749
5.591905 3.349505 5.150938 0.488953
22.098492 7.489075 -39.211236 -17.916883
7.489075 9.608805 -12.645729 -14.799636
-39.211236 -12.645729 73.199735 34.028125
-17.916883 -14.799636 34.028125 28.932466
8.007127 3.678136 4.211865 -0.050658
9.124244 5.288879 -9.985800 -5.343951
5.288879 7.463535 -5.289570 -8.684189
-9.985800 -5.289570 12.778926 6.373767
-5.343951 -8.684189 6.373767 11.487663
9.259290 3.363050 5.455572 0.635177
11.035040 6.158986 -9.112879 -5.126814
6.158986 5.905660 -5.068228 -6.195666
-9.112879 -5.068228 8.652908 4.827633
-5.126814 -6.195666 4.827633 7.517076
11.330011 3.684441 4.874016 0.007613
16.586471 7.795930 -12.698428 -6.266118
7.795930 5.072292 -6.205545 -4.937020
-12.698428 -6.205545 10.751074 5.620001
-6.266118 -4.937020 5.620001 5.608786
11.728429 2.989051 6.409827 0.821911
16.852467 6.084866 -10.794911 -3.741712
6.084866 3.022655 -4.136699 -2.517034
-10.794911 -4.136699 7.748372 3.074669
-3.741712 -2.517034 3.074669 2.754672
14.111216 3.515312 5.446568 0.010858
22.882831 7.169920 -14.283628 -4.396262
7.169920 2.776486 -4.740819 -2.132154
-14.283628 -4.740819 9.793105 3.429424
-4.396262 -2.132154 3.429424 2.138328
14.775646 3.116443 6.494965 0.448296
18.780760 4.587137 -9.442153 -1.687198
4.587137 1.460508 -2.497388 -0.872865
-9.442153 -2.497388 5.462406 1.340098
-1.687198 -0.872865 1.340098 0.936582
14.917064 2.665456 7.962188 0.912281
21.033348 4.444545 -9.324341 -1.202447
4.444545 1.176931 -2.124954 -0.560484
-9.324341 -2.124954 4.760874 0.923702
-1.202447 -0.560484 0.923702 0.591512
16.460471 2.732035 8.214455 0.836398
25.144891 4.941098 -10.987880 -1.520408
4.941098 1.148997 -2.299537 -0.518172
-10.987880 -2.299537 5.424799 1.016389
-1.520408 -0.518172 1.016389 0.474096
17.817360 2.699174 8.794288 0.916626
26.723973 4.657189 -10.467507 -1.063149
4.657189 0.947787 -1.936836 -0.339931
-10.467507 -1.936836 4.669479 0.704168
-1.063149 -0.339931 0.704168 0.314204
17.537601 2.427969 9.912075 0.997724
24.023564 3.669502 -7.844944 -0.336831
3.669502 0.669820 -1.289454 -0.164123
-7.844944 -1.289454 3.082006 0.347849
-0.336831 -0.164123 0.347849 0.205140
18.744071 2.441143 10.322977 0.959978
26.878791 3.860494 -8.367357 -0.393603
3.860494 0.646907 -1.281581 -0.143239
-8.367357 -1.281581 3.110384 0.334502
-0.393603 -0.143239 0.334502 0.163950
14.772971 1.596976 13.358343 1.424625
24.969516 3.226033 -6.359189 0.050968
3.226033 0.495111 -0.875149 -0.055105
-6.359189 -0.875149 2.000353 0.133776
0.050968 -0.055105 0.133776 0.111238
14.722510 1.489124 14.302249 1.434232
6.733411 0.919601 -2.327711 -0.255673
0.919601 0.197607 -0.374823 -0.088050
-2.327711 -0.374823 1.240052 0.247576
-0.255673 -0.088050 0.247576 0.112374
19.239932 1.940306 14.147881 1.434444
2.999235 0.461129 -1.614098 -0.312025
0.461129 0.136210 -0.293383 -0.089283
-1.614098 -0.293383 1.275237 0.305694
-0.312025 -0.089283 0.305694 0.116639
20.222770 1.924589 15.073963 1.500743
3.146089 0.460678 -1.539177 -0.256442
0.460678 0.127099 -0.256282 -0.068694
-1.539177 -0.256282 1.131184 0.243856
-0.256442 -0.068694 0.243856 0.090811
20.182120 1.756110 16.729628 1.700223
2.863189 0.395339 -1.115528 -0.137390
0.395339 0.110223 -0.172896 -0.042732
-1.115528 -0.172896 0.758275 0.148733
-0.137390 -0.042732 0.148733 0.064326
21.191909 1.780425 17.383375 1.652729
3.189838 0.436338 -1.195143 -0.140323
0.436338 0.112703 -0.178729 -0.039283
-1.195143 -0.178729 0.803850 0.153575
-0.140323 -0.039283 0.153575 0.062369
21.630159 1.717463 18.440939 1.689510
3.000639 0.398764 -0.895248 -0.070089
0.398764 0.103844 -0.129725 -0.026105
-0.895248 -0.129725 0.624489 0.118181
-0.070089 -0.026105 0.118181 0.054107
21.029610 1.513153 20.226949 1.860495
2.427332 0.313031 -0.396293 0.023671
0.313031 0.089501 -0.057759 -0.011035
-0.396293 -0.057759 0.354818 0.072570
0.023671 -0.011035 0.072570 0.045270
21.593080 1.488361 21.174040 1.856003
2.595803 0.338028 -0.421202 0.009069
0.338028 0.091856 -0.063566 -0.012083
-0.421202 -0.063566 0.424622 0.092399
0.009069 -0.012083 0.092399 0.048781
22.736098 1.538638 22.112608 1.874791
2.723572 0.355749 -0.457476 -0.007931
0.355749 0.093139 -0.070215 -0.013426
-0.457476 -0.070215 0.523091 0.116115
-0.007931 -0.013426 0.116115 0.052844
22.524208 1.411359 23.192062 1.875463
1.716496 0.224683 -0.345778 -0.025213
0.224683 0.075054 -0.056779 -0.014724
-0.345778 -0.056779 0.622996 0.141822
-0.025213 -0.014724 0.141822 0.056988
23.370412 1.430626 24.078876 1.867734
1.870379 0.251673 -0.390915 -0.035404
0.251673 0.078485 -0.062692 -0.014740
-0.390915 -0.062692 0.688690 0.150193
-0.035404 -0.014740 0.150193 0.056874
24.207120 1.444627 25.191435 1.911080
1.939772 0.266112 -0.524667 -0.066335
0.266112 0.080127 -0.080274 -0.017724
-0.524667 -0.080274 0.803433 0.166484
-0.066335 -0.017724 0.166484 0.058241
25.322338 1.496652 26.348541 1.963928
2.077501 0.287835 -0.694816 -0.098665
0.287835 0.082547 -0.101163 -0.020784
-0.694816 -0.101163 0.908544 0.178209
-0.098665 -0.020784 0.178209 0.058666
25.998888 1.486750 27.319936 1.960054
2.085518 0.288929 -0.925082 -0.141999
0.288929 0.081843 -0.128758 -0.025314
-0.925082 -0.128758 1.019392 0.188812
-0.141999 -0.025314 0.188812 0.058762
26.236905 1.413187 28.066055 1.900321
2.158224 0.296650 -1.168738 -0.181113
0.296650 0.081834 -0.156585 -0.029230
-1.168738 -0.156585 1.135314 0.199181
-0.181113 -0.029230 0.199181 0.059022
27.052802 1.432333 29.158484 1.931944
2.416176 0.329302 -1.378126 -0.204116
0.329302 0.085293 -0.177561 -0.030780
-1.378126 -0.177561 1.280405 0.215134
-0.204116 -0.030780 0.215134 0.060818
27.569718 1.405250 30.231417 1.946445
2.681713 0.358819 -1.616622 -0.230337
0.358819 0.087824 -0.201234 -0.032912
-1.616622 -0.201234 1.443825 0.232066
-0.230337 -0.032912 0.232066 0.062526
28.265306 1.391633 30.912489 1.888188
3.026321 0.397311 -1.861733 -0.252396
0.397311 0.091413 -0.226103 -0.034839
-1.861733 -0.226103 1.573109 0.240178
-0.252396 -0.034839 0.240178 0.062467
28.597914 1.319722 31.603269 1.821580
3.380163 0.431617 -2.145570 -0.279923
0.431617 0.093863 -0.253205 -0.037331
-2.145570 -0.253205 1.755420 0.256315
-0.279923 -0.037331 0.256315 0.063755
29.172551 1.305557 32.511441 1.816811
3.791091 0.471919 -2.430416 -0.302615
0.471919 0.097180 -0.278115 -0.038985
-2.430416 -0.278115 1.951246 0.273465
-0.302615 -0.038985 0.273465 0.065326
29.591234 1.289322 33.746583 1.870541
4.244289 0.513697 -2.743132 -0.327037
0.513697 0.100402 -0.304026 -0.040730
-2.743132 -0.304026 2.178673 0.293918
-0.327037 -0.040730 0.293918 0.067319
30.351762 1.318019 34.812331 1.903775
4.761362 0.563498 -3.041463 -0.343114
0.563498 0.104746 -0.329630 -0.041891
-3.041463 -0.329630 2.356619 0.303321
-0.343114 -0.041891 0.303321 0.067380
30.996347 1.336830 36.044526 1.959695
5.321847 0.612964 -3.379375 -0.364034
0.612964 0.108563 -0.357260 -0.043496
-3.379375 -0.357260 2.569361 0.316951
-0.364034 -0.043496 0.316951 0.068064
31.724937 1.355367 37.140944 1.986892
5.928803 0.664792 -3.728996 -0.383452
0.664792 0.112452 -0.385791 -0.045091
-3.728996 -0.385791 2.768960 0.326453
-0.383452 -0.045091 0.326453 0.068018
32.294322 1.372046 38.574410 2.068131
6.586350 0.716898 -4.121800 -0.407647
0.716898 0.116050 -0.415667 -0.046899
-4.121800 -0.415667 3.010650 0.341448
-0.407647 -0.046899 0.341448 0.068856
33.074901 1.397892 39.758163 2.104018
7.298153 0.773803 -4.506890 -0.425706
0.773803 0.120211 -0.445382 -0.048299
-4.506890 -0.445382 3.210272 0.347870
-0.425706 -0.048299 0.347870 0.068383
33.439475 1.321150 40.453720 2.011404
8.058450 0.829277 -4.945517 -0.450961
0.829277 0.123625 -0.478936 -0.050549
-4.945517 -0.478936 3.433078 0.355642
-0.450961 -0.050549 0.355642 0.067826
33.561303 1.226703 41.249411 1.933175
8.871070 0.885832 -5.416559 -0.478178
0.885832 0.127064 -0.512323 -0.052604
-5.416559 -0.512323 3.685878 0.367321
-0.478178 -0.052604 0.367321 0.068021
33.974892 1.218432 42.483620 1.972917
9.740703 0.947687 -5.872324 -0.497299
0.947687 0.131361 -0.542365 -0.053559
-5.872324 -0.542365 3.922054 0.376444
-0.497299 -0.053559 0.376444 0.068277
34.068221 1.139800 43.384549 1.918648
10.652221 1.010893 -6.326492 -0.513100
1.010893 0.135591 -0.572439 -0.054491
-6.326492 -0.572439 4.126444 0.379240
-0.513100 -0.054491 0.379240 0.067485
34.539553 1.137633 44.493573 1.941868
11.578190 1.075166 -6.730240 -0.518047
1.075166 0.140142 -0.596989 -0.054294
-6.730240 -0.596989 4.282403 0.376493
-0.518047 -0.054294 0.376493 0.066443
35.093351 1.141180 45.538591 1.955923
12.576749 1.141946 -7.162335 -0.525110
1.141946 0.144652 -0.622590 -0.054317
-7.162335 -0.622590 4.448994 0.374883
-0.525110 -0.054317 0.374883 0.065555
35.922223 1.151809 46.206107 1.911569
13.665679 1.211562 -7.645766 -0.537644
1.211562 0.149051 -0.650908 -0.054857
-7.645766 -0.650908 4.642123 0.375894
-0.537644 -0.054857 0.375894 0.064863
36.482312 1.179895 47.574517 1.995924
14.817287 1.275575 -8.245472 -0.570860
1.275575 0.152253 -0.682563 -0.056638
-8.245472 -0.682563 4.962290 0.395206
-0.570860 -0.056638 0.395206 0.066438
