0.496680 1.160771 2.028053 -0.080808
2.676840 1.070759 -0.751328 -0.300538
1.070759 80.432380 -0.300538 -0.120218
-0.751328 -0.300538 4.467343 1.786976
-0.300538 -0.120218 1.786976 80.718873
4.507533 7.048432 0.967989 -1.512406
2.569599 4.359431 -1.649189 -2.486135
4.359431 16.296140 -2.664272 -5.914545
-1.649189 -2.664272 3.390903 5.319984
-2.486135 -5.914545 5.319984 21.796875
5.722813 4.486883 2.230952 0.613307
1.830493 2.185822 0.415608 0.725915
2.185822 4.630562 0.567775 0.195477
0.415608 0.567775 1.023998 1.276461
0.725915 0.195477 1.276461 4.704596
6.941142 3.455424 3.815705 2.047764
1.616114 1.416577 0.235869 0.138644
1.416577 1.942585 0.088310 -0.204500
0.235869 0.088310 1.306627 1.376810
0.138644 -0.204500 1.376810 2.354804
6.475206 2.067214 3.135136 0.831499
0.619789 0.423887 0.006471 -0.029791
0.423887 0.608714 -0.112342 -0.171256
0.006471 -0.112342 1.752085 1.376783
-0.029791 -0.171256 1.376783 1.437081
8.306555 2.514100 4.518757 1.377891
0.772307 0.471218 -0.076178 -0.078613
0.471218 0.453527 -0.104177 -0.103998
-0.076178 -0.104177 1.522746 0.916399
-0.078613 -0.103998 0.916399 0.732792
9.120246 2.298569 4.679466 1.132151
0.839745 0.433287 -0.151422 -0.096245
0.433287 0.321346 -0.110047 -0.074407
-0.151422 -0.110047 1.494444 0.732744
-0.096245 -0.074407 0.732744 0.468056
9.540764 1.962785 6.688973 1.736864
0.767212 0.337426 -0.164123 -0.079456
0.337426 0.212910 -0.087013 -0.045617
-0.164123 -0.087013 1.285838 0.531108
-0.079456 -0.045617 0.531108 0.292619
9.660944 1.622741 9.352797 2.386520
0.851057 0.326875 -0.156817 -0.063220
0.326875 0.172367 -0.066179 -0.029013
-0.156817 -0.066179 1.079325 0.387537
-0.063220 -0.029013 0.387537 0.193115
9.572564 1.320778 9.174144 1.951340
0.810152 0.275108 -0.298482 -0.098465
0.275108 0.130252 -0.103054 -0.035640
-0.298482 -0.103054 0.919293 0.294997
-0.098465 -0.035640 0.294997 0.137343
10.330854 1.349241 9.695279 1.818391
0.814262 0.248585 -0.318090 -0.090797
0.248585 0.106857 -0.094459 -0.028176
-0.318090 -0.094459 0.898616 0.262465
-0.090797 -0.028176 0.262465 0.112387
10.784835 1.287401 10.628492 1.823172
0.820158 0.228370 -0.290453 -0.072430
0.228370 0.091055 -0.075132 -0.019689
-0.290453 -0.075132 0.872037 0.234635
-0.072430 -0.019689 0.234635 0.094475
12.650588 1.597087 10.703299 1.623783
0.728914 0.187410 -0.223353 -0.048919
0.187410 0.073575 -0.050124 -0.011778
-0.223353 -0.050124 0.816264 0.204848
-0.048919 -0.011778 0.204848 0.079959
13.779563 1.679096 11.632744 1.655902
0.678340 0.163864 -0.170259 -0.032617
0.163864 0.063777 -0.033346 -0.007091
-0.170259 -0.033346 0.755507 0.178861
-0.032617 -0.007091 0.178861 0.069130
14.248654 1.598376 12.930183 1.758435
0.655293 0.150460 -0.147626 -0.025582
0.150460 0.058091 -0.026362 -0.005263
-0.147626 -0.026362 0.703628 0.158705
-0.025582 -0.005263 0.158705 0.061491
14.981664 1.585862 14.005422 1.800667
0.603771 0.133058 -0.121669 -0.019216
0.133058 0.052574 -0.019832 -0.003844
-0.121669 -0.019832 0.640470 0.139163
-0.019216 -0.003844 0.139163 0.055283
16.301107 1.695630 14.548247 1.730699
0.527809 0.113164 -0.081881 -0.010995
0.113164 0.047441 -0.011203 -0.002173
-0.081881 -0.011203 0.574728 0.121924
-0.010995 -0.002173 0.121924 0.050541
16.685979 1.601108 15.793372 1.805315
0.518107 0.109500 -0.079560 -0.010717
0.109500 0.046355 -0.011055 -0.002247
-0.079560 -0.011055 0.547862 0.114507
-0.010717 -0.002247 0.114507 0.048406
16.878557 1.479987 17.377547 1.940865
0.525857 0.110246 -0.061551 -0.006962
0.110246 0.046411 -0.007456 -0.001526
-0.061551 -0.007456 0.531557 0.110350
-0.006962 -0.001526 0.110350 0.047276
17.675384 1.494584 18.634821 2.001060
0.525974 0.109262 -0.061724 -0.007436
0.109262 0.046101 -0.007892 -0.001719
-0.061724 -0.007892 0.525656 0.108611
-0.007436 -0.001719 0.108611 0.046745
18.269656 1.463552 19.713681 2.015829
0.518681 0.107136 -0.045456 -0.004473
0.107136 0.045656 -0.004881 -0.001169
-0.045456 -0.004881 0.513089 0.105856
-0.004473 -0.001169 0.105856 0.046110
18.765796 1.417165 21.008502 2.073227
0.523055 0.107698 -0.033146 -0.002448
0.107698 0.045823 -0.002826 -0.000821
-0.033146 -0.002826 0.512503 0.105802
-0.002448 -0.000821 0.105802 0.046090
19.685037 1.459928 21.963411 2.057831
0.516774 0.106114 -0.017208 0.000128
0.106114 0.045551 -0.000181 -0.000373
-0.017208 -0.000181 0.508405 0.105031
0.000128 -0.000373 0.105031 0.045927
20.340867 1.444556 22.960795 2.050897
0.518181 0.106336 0.002769 0.003451
0.106336 0.045685 0.003170 0.000227
0.002769 0.003170 0.510437 0.105591
0.003451 0.000227 0.105591 0.046054
21.071865 1.446196 23.940746 2.041521
0.505467 0.103571 -0.004567 0.000879
0.103571 0.045173 0.000677 -0.000409
-0.004567 0.000677 0.500026 0.103377
0.000879 -0.000409 0.103377 0.045567
21.181236 1.319910 24.810298 2.008740
0.490148 0.100607 -0.000490 0.001067
0.100607 0.044673 0.000905 -0.000384
-0.000490 0.000905 0.486281 0.100715
0.001067 -0.000384 0.100715 0.045039
22.209885 1.395910 25.797448 2.005644
0.476173 0.098167 -0.011878 -0.001843
0.098167 0.044303 -0.001946 -0.000971
-0.011878 -0.001946 0.478300 0.099439
-0.001843 -0.000971 0.099439 0.044827
22.823928 1.378211 26.449167 1.932214
0.472634 0.098077 -0.012272 -0.002080
0.098077 0.044428 -0.002161 -0.000938
-0.012272 -0.002161 0.475914 0.099405
-0.002080 -0.000938 0.099405 0.044877
23.419492 1.358428 27.061857 1.858006
0.467122 0.097519 -0.002543 -0.000117
0.097519 0.044415 -0.000190 -0.000448
-0.002543 -0.000190 0.472434 0.099085
-0.000117 -0.000448 0.099085 0.044844
24.071990 1.352815 27.979275 1.855555
0.475921 0.099927 -0.008457 -0.001574
0.099927 0.044995 -0.001629 -0.000713
-0.008457 -0.001629 0.485837 0.102270
-0.001574 -0.000713 0.102270 0.045531
24.386977 1.276588 28.396798 1.748001
0.477501 0.100513 -0.019809 -0.003987
0.100513 0.045119 -0.004032 -0.001153
-0.019809 -0.004032 0.487393 0.102596
-0.003987 -0.001153 0.102596 0.045543
24.744265 1.217408 29.360412 1.766616
0.458881 0.096751 -0.006209 -0.000910
0.096751 0.044308 -0.000928 -0.000402
-0.006209 -0.000928 0.483831 0.101810
-0.000910 -0.000402 0.101810 0.045326
25.767863 1.305295 30.215335 1.760942
0.451507 0.095656 -0.010019 -0.001782
0.095656 0.044117 -0.001797 -0.000560
-0.010019 -0.001797 0.483401 0.101730
-0.001782 -0.000560 0.101730 0.045276
26.147683 1.247595 31.615207 1.870044
0.448774 0.095565 -0.020518 -0.003955
0.095565 0.044132 -0.003976 -0.000979
-0.020518 -0.003976 0.501992 0.105642
-0.003955 -0.000979 0.105642 0.046070
26.609114 1.212769 32.485740 1.856300
0.450593 0.096379 -0.020438 -0.003685
0.096379 0.044318 -0.003693 -0.000847
-0.020438 -0.003693 0.510320 0.107017
-0.003685 -0.000847 0.107017 0.046265
27.788999 1.336648 33.881665 1.955003
0.444355 0.095298 -0.027565 -0.004982
0.095298 0.044062 -0.004996 -0.001073
-0.027565 -0.004996 0.523017 0.109191
-0.004982 -0.001073 0.109191 0.046625
28.078997 1.256059 35.224520 2.030002
0.454917 0.097876 -0.031260 -0.005420
0.097876 0.044604 -0.005429 -0.001101
-0.031260 -0.005429 0.546483 0.113442
-0.005420 -0.001101 0.113442 0.047406
29.232620 1.370629 36.708529 2.128171
0.446757 0.096078 -0.045119 -0.007995
0.096078 0.044139 -0.008054 -0.001602
-0.045119 -0.008054 0.564396 0.116160
-0.007995 -0.001602 0.116160 0.047819
29.898017 1.365354 37.521848 2.076877
0.454493 0.097884 -0.048320 -0.008114
0.097884 0.044499 -0.008229 -0.001557
-0.048320 -0.008229 0.564260 0.115060
-0.008114 -0.001557 0.115060 0.047458
30.188708 1.280433 38.484112 2.059583
0.452578 0.097373 -0.055081 -0.009050
0.097373 0.044319 -0.009193 -0.001708
-0.055081 -0.009193 0.569982 0.115375
-0.009050 -0.001708 0.115375 0.047454
31.546403 1.437846 39.979680 2.157531
0.378482 0.081360 -0.054505 -0.008882
0.081360 0.040821 -0.008468 -0.001609
-0.054505 -0.008468 0.589337 0.118564
-0.008882 -0.001609 0.118564 0.048065
31.739533 1.318145 40.431105 2.028492
0.373196 0.081698 -0.054076 -0.008413
0.081698 0.041141 -0.008145 -0.001521
-0.054076 -0.008145 0.572955 0.114393
-0.008413 -0.001521 0.114393 0.047175
32.171239 1.262686 40.803440 1.898683
0.375039 0.083389 -0.049941 -0.007271
0.083389 0.041659 -0.007095 -0.001305
-0.049941 -0.007095 0.556148 0.110687
-0.007271 -0.001305 0.110687 0.046489
32.434245 1.176922 41.410305 1.827478
0.376772 0.084681 -0.046193 -0.006375
0.084681 0.041979 -0.006208 -0.001155
-0.046193 -0.006208 0.548602 0.109243
-0.006375 -0.001155 0.109243 0.046319
32.922290 1.158038 42.830045 1.927977
0.390393 0.088388 -0.040733 -0.005169
0.088388 0.042783 -0.004917 -0.000922
-0.040733 -0.004917 0.558212 0.111404
-0.005169 -0.000922 0.111404 0.046880
33.089864 1.059474 43.119650 1.790018
0.378922 0.085962 -0.024383 -0.002113
0.085962 0.042112 -0.001635 -0.000356
-0.024383 -0.001635 0.524450 0.104773
-0.002113 -0.000356 0.104773 0.045638
33.624333 1.059058 43.786081 1.744047
0.383376 0.087306 -0.009878 0.000438
0.087306 0.042353 0.001053 0.000088
-0.009878 0.001053 0.505396 0.101646
0.000438 0.000088 0.101646 0.045182
34.128131 1.054136 44.841843 1.781199
0.404469 0.092146 -0.006745 0.000588
0.092146 0.043345 0.001025 -0.000012
-0.006745 0.001025 0.499526 0.101310
0.000588 -0.000012 0.101310 0.045278
34.546756 1.028997 45.586350 1.750952
0.434179 0.098345 -0.012364 -0.000991
0.098345 0.044547 -0.000924 -0.000468
-0.012364 -0.000924 0.486254 0.099355
-0.000991 -0.000468 0.099355 0.044989
35.203256 1.062398 46.972263 1.856590
0.474200 0.106188 -0.020775 -0.002936
0.106188 0.046028 -0.003140 -0.000921
-0.020775 -0.003140 0.488463 0.100645
-0.002936 -0.000921 0.100645 0.045355
