5.671979 3.230935 0.003966 -0.890461
2.438052 0.975242 -0.091229 -0.036493
0.975242 80.394172 -0.036493 -0.014597
-0.091229 -0.036493 2.467498 0.987021
-0.036493 -0.014597 0.987021 80.398884
5.296890 -0.244556 0.869844 1.386463
2.269122 3.973282 -0.050626 -0.070582
3.973282 15.253868 -0.070540 -0.355544
-0.050626 -0.070540 2.290829 4.005448
-0.070582 -0.355544 4.005448 15.385061
6.317250 1.073837 1.224283 0.995004
1.983868 2.288694 -0.039035 -0.046218
2.288694 4.515156 -0.046213 -0.116835
-0.039035 -0.046213 2.008649 2.316842
-0.046218 -0.116835 2.316842 4.568097
6.498903 0.776632 0.487787 -0.043017
1.703736 1.434273 -0.016072 -0.016146
1.434273 1.899209 -0.016147 -0.037579
-0.016072 -0.016147 1.729001 1.455200
-0.016146 -0.037579 1.455200 1.924409
7.493941 1.173701 2.145277 1.063496
1.464757 0.966859 0.003736 -0.000567
0.966859 0.967958 -0.000554 -0.011958
0.003736 -0.000554 1.482113 0.977861
-0.000567 -0.011958 0.977861 0.978730
8.261648 1.265901 5.128547 2.393880
1.287872 0.699381 -0.008850 -0.008006
0.699381 0.564216 -0.007983 -0.010874
-0.008850 -0.007983 1.295500 0.703297
-0.008006 -0.010874 0.703297 0.568349
7.231786 0.498057 6.436444 2.448556
1.149658 0.530752 -0.013107 -0.008433
0.530752 0.360551 -0.008412 -0.007626
-0.013107 -0.008412 1.152350 0.532090
-0.008433 -0.007626 0.532090 0.362503
8.148383 0.767073 7.320866 2.310718
1.037387 0.417235 -0.013576 -0.007112
0.417235 0.246883 -0.007101 -0.005095
-0.013576 -0.007101 1.040818 0.418905
-0.007112 -0.005095 0.418905 0.248494
9.565010 1.136833 7.916985 2.109497
0.946321 0.338108 -0.009360 -0.004475
0.338108 0.179058 -0.004471 -0.003000
-0.009360 -0.004471 0.951258 0.340190
-0.004475 -0.003000 0.340190 0.180459
10.335785 1.202400 8.660566 2.008841
0.866091 0.279372 -0.010406 -0.004185
0.279372 0.135830 -0.004182 -0.002280
-0.010406 -0.004182 0.870581 0.281085
-0.004185 -0.002280 0.281085 0.136840
10.663939 1.121068 10.611711 2.288949
0.803036 0.237220 -0.002598 -0.001342
0.237220 0.107944 -0.001340 -0.001023
-0.002598 -0.001340 0.804921 0.237988
-0.001342 -0.001023 0.237988 0.108496
11.039208 1.070637 11.276730 2.157619
0.744668 0.203975 -0.007866 -0.002647
0.203975 0.088712 -0.002644 -0.001182
-0.007866 -0.002644 0.746142 0.204574
-0.002647 -0.001182 0.204574 0.089120
11.747023 1.114882 12.527749 2.201833
0.697285 0.179183 -0.007937 -0.002371
0.179183 0.075622 -0.002368 -0.000926
-0.007937 -0.002368 0.698198 0.179592
-0.002371 -0.000926 0.179592 0.075910
11.247219 0.857126 14.241683 2.351640
0.661997 0.161286 -0.013331 -0.003446
0.161286 0.066745 -0.003442 -0.001058
-0.013331 -0.003442 0.661077 0.161219
-0.003446 -0.001058 0.161219 0.066869
12.376183 1.020401 15.180258 2.296273
0.629530 0.146754 -0.009398 -0.002192
0.146754 0.060287 -0.002190 -0.000643
-0.009398 -0.002190 0.629063 0.146809
-0.002192 -0.000643 0.146809 0.060412
12.847460 1.011530 15.652356 2.143984
0.601046 0.135235 -0.006713 -0.001411
0.135235 0.055631 -0.001410 -0.000402
-0.006713 -0.001410 0.600599 0.135288
-0.001411 -0.000402 0.135288 0.055731
14.475685 1.257269 16.878048 2.177950
0.576563 0.126204 -0.006240 -0.001221
0.126204 0.052293 -0.001221 -0.000326
-0.006240 -0.001221 0.576610 0.126356
-0.001221 -0.000326 0.126356 0.052393
14.729084 1.176942 18.406990 2.272274
0.557982 0.119659 -0.005553 -0.001009
0.119659 0.050014 -0.001009 -0.000257
-0.005553 -0.001009 0.557492 0.119673
-0.001009 -0.000257 0.119673 0.050067
15.784443 1.275429 19.100947 2.178929
0.542418 0.114614 -0.003837 -0.000604
0.114614 0.048400 -0.000604 -0.000156
-0.003837 -0.000604 0.542143 0.114665
-0.000604 -0.000156 0.114665 0.048449
15.743951 1.133431 19.872660 2.112141
0.527731 0.110397 -0.002403 -0.000301
0.110397 0.047194 -0.000302 -0.000088
-0.002403 -0.000302 0.527124 0.110364
-0.000301 -0.000088 0.110364 0.047215
16.333163 1.138116 20.948519 2.116267
0.515967 0.107299 -0.002201 -0.000282
0.107299 0.046383 -0.000282 -0.000084
-0.002201 -0.000282 0.515320 0.107252
-0.000282 -0.000084 0.107252 0.046394
16.820926 1.121175 21.738058 2.060499
0.510216 0.105806 -0.002371 -0.000335
0.105806 0.046004 -0.000335 -0.000094
-0.002371 -0.000335 0.509554 0.105750
-0.000335 -0.000094 0.105750 0.046008
17.767328 1.200872 22.038425 1.909329
0.502224 0.104020 -0.000883 -0.000036
0.104020 0.045611 -0.000036 -0.000030
-0.000883 -0.000036 0.501710 0.103990
-0.000036 -0.000030 0.103990 0.045616
18.397432 1.206953 22.701452 1.848862
0.497182 0.103027 -0.000746 -0.000041
0.103027 0.045421 -0.000041 -0.000034
-0.000746 -0.000041 0.496724 0.103000
-0.000041 -0.000034 0.103000 0.045422
18.749853 1.154888 23.795859 1.884109
0.492859 0.102269 0.000052 0.000097
0.102269 0.045292 0.000097 -0.000006
0.000052 0.000097 0.492431 0.102240
0.000097 -0.000006 0.102240 0.045290
19.046077 1.096433 24.827060 1.902623
0.489547 0.101775 0.000204 0.000094
0.101775 0.045221 0.000093 -0.000009
0.000204 0.000093 0.489173 0.101750
0.000094 -0.000009 0.101750 0.045218
20.346239 1.253104 26.091419 1.967906
0.486709 0.101399 0.001472 0.000329
0.101399 0.045172 0.000329 0.000040
0.001472 0.000329 0.486671 0.101436
0.000329 0.000040 0.101436 0.045179
20.703500 1.196874 27.174432 1.988608
0.483987 0.101050 0.002457 0.000490
0.101050 0.045122 0.000490 0.000071
0.002457 0.000490 0.484105 0.101108
0.000490 0.000071 0.101108 0.045132
21.722806 1.284958 28.044684 1.962579
0.483323 0.101132 0.001389 0.000214
0.101132 0.045157 0.000213 0.000009
0.001389 0.000213 0.483608 0.101212
0.000214 0.000009 0.101212 0.045169
22.562572 1.326284 29.164291 1.991534
0.481469 0.100919 0.003740 0.000689
0.100919 0.045118 0.000688 0.000113
0.003740 0.000688 0.482030 0.101044
0.000689 0.000113 0.101044 0.045138
23.171870 1.315045 29.954436 1.948384
0.480052 0.100787 0.002761 0.000426
0.100787 0.045092 0.000425 0.000053
0.002761 0.000425 0.480759 0.100928
0.000426 0.000053 0.100928 0.045113
24.067881 1.365338 30.529337 1.864360
0.478078 0.100519 0.003144 0.000483
0.100519 0.045032 0.000483 0.000069
0.003144 0.000483 0.478831 0.100654
0.000483 0.000069 0.100654 0.045051
24.596889 1.332941 31.561259 1.885419
0.475328 0.100083 0.001755 0.000168
0.100083 0.044936 0.000168 0.000006
0.001755 0.000168 0.476469 0.100289
0.000168 0.000006 0.100289 0.044970
25.103529 1.299237 32.500580 1.884769
0.474214 0.100004 0.000465 -0.000091
0.100004 0.044918 -0.000092 -0.000040
0.000465 -0.000092 0.475695 0.100265
-0.000091 -0.000040 0.100265 0.044962
25.928537 1.336150 33.824824 1.965291
0.473687 0.100025 0.000762 0.000009
0.100025 0.044916 0.000008 -0.000007
0.000762 0.000008 0.475726 0.100385
0.000009 -0.000007 0.100385 0.044980
26.778621 1.374595 34.911012 1.987108
0.474453 0.100290 0.001693 0.000230
0.100290 0.044960 0.000230 0.000046
0.001693 0.000230 0.476867 0.100704
0.000230 0.000046 0.100704 0.045034
27.284905 1.336357 35.735600 1.951464
0.475597 0.100585 0.003072 0.000523
0.100585 0.045004 0.000523 0.000110
0.003072 0.000523 0.478287 0.101032
0.000523 0.000110 0.101032 0.045082
28.021850 1.350858 36.849378 1.980598
0.475512 0.100578 -0.001342 -0.000435
0.100578 0.044979 -0.000437 -0.000097
-0.001342 -0.000437 0.478713 0.101108
-0.000435 -0.000097 0.101108 0.045074
28.951420 1.404544 38.227309 2.062401
0.476964 0.100884 -0.000798 -0.000252
0.100884 0.045022 -0.000253 -0.000044
-0.000798 -0.000253 0.480840 0.101528
-0.000252 -0.000044 0.101528 0.045140
29.513996 1.375057 38.679713 1.940288
0.475743 0.100589 -0.001555 -0.000368
0.100589 0.044936 -0.000370 -0.000062
-0.001555 -0.000370 0.479579 0.101190
-0.000368 -0.000062 0.101190 0.045043
29.739490 1.277378 39.760269 1.963568
0.474944 0.100409 -0.001495 -0.000307
0.100409 0.044884 -0.000308 -0.000043
-0.001495 -0.000308 0.479623 0.101165
-0.000307 -0.000043 0.101165 0.045023
29.990820 1.195432 40.170693 1.843056
0.476398 0.100719 -0.003642 -0.000725
0.100719 0.044940 -0.000727 -0.000129
-0.003642 -0.000727 0.481083 0.101441
-0.000725 -0.000129 0.101441 0.045071
30.440319 1.164200 41.499505 1.928855
0.474154 0.100215 -0.003808 -0.000691
0.100215 0.044820 -0.000692 -0.000114
-0.003808 -0.000692 0.479988 0.101155
-0.000691 -0.000114 0.101155 0.044998
31.038311 1.167496 42.280970 1.890310
0.475684 0.100557 -0.003704 -0.000613
0.100557 0.044891 -0.000614 -0.000093
-0.003704 -0.000614 0.481790 0.101513
-0.000613 -0.000093 0.101513 0.045070
31.587892 1.160185 43.020682 1.847030
0.475285 0.100454 -0.005454 -0.000943
0.100454 0.044861 -0.000945 -0.000163
-0.005454 -0.000945 0.481755 0.101451
-0.000943 -0.000163 0.101451 0.045048
31.927462 1.109465 44.145097 1.889186
0.472606 0.099880 -0.005024 -0.000791
0.099880 0.044735 -0.000792 -0.000128
-0.005024 -0.000792 0.480196 0.101083
-0.000791 -0.000128 0.101083 0.044966
32.920895 1.202362 45.302959 1.934364
0.472169 0.099833 -0.006010 -0.000961
0.099833 0.044731 -0.000962 -0.000165
-0.006010 -0.000962 0.480446 0.101135
-0.000961 -0.000165 0.101135 0.044981
34.400180 1.387863 45.929605 1.863330
0.472997 0.100051 -0.008458 -0.001430
0.100051 0.044781 -0.001434 -0.000264
-0.008458 -0.001434 0.480840 0.101213
-0.001430 -0.000264 0.101213 0.044999
34.793567 1.324233 46.815652 1.853454
0.474494 0.100384 -0.008295 -0.001313
0.100384 0.044850 -0.001315 -0.000233
-0.008295 -0.001315 0.483060 0.101671
-0.001313 -0.000233 0.101671 0.045097
35.282819 1.287416 47.499826 1.802245
0.473679 0.100193 -0.008415 -0.001282
0.100193 0.044802 -0.001284 -0.000226
-0.008415 -0.001284 0.482716 0.101549
-0.001282 -0.000226 0.101549 0.045064
