3.940995 2.538527 0.174137 -0.822391
2.340118 0.936067 -0.225202 -0.090083
0.936067 80.378502 -0.090083 -0.036034
-0.225202 -0.090083 2.375751 0.950321
-0.090083 -0.036034 0.950321 80.384203
4.230495 0.861975 2.183695 3.411177
2.297694 4.038567 -0.270129 -0.429193
4.038567 15.102892 -0.429071 -1.332513
-0.270129 -0.429071 2.346607 4.117321
-0.429193 -1.332513 4.117321 15.332814
2.861310 -1.223174 1.559295 0.727145
2.038489 2.336005 -0.277380 -0.300157
2.336005 4.497827 -0.300270 -0.501510
-0.277380 -0.300270 2.074514 2.373571
-0.300157 -0.501510 2.373571 4.565701
6.090002 1.997633 4.278762 2.716758
1.716624 1.431614 -0.212498 -0.166183
1.431614 1.871986 -0.166117 -0.200784
-0.212498 -0.166117 1.759932 1.466477
-0.166183 -0.200784 1.466477 1.911609
8.117097 2.668317 4.797472 2.171113
1.470490 0.963256 -0.147630 -0.090887
0.963256 0.956372 -0.090761 -0.091237
-0.147630 -0.090761 1.525846 0.998280
-0.090887 -0.091237 0.998280 0.984290
9.668789 2.784484 5.130621 1.766254
1.271513 0.686248 -0.099020 -0.051331
0.686248 0.553156 -0.051216 -0.046560
-0.099020 -0.051216 1.330907 0.716590
-0.051331 -0.046560 0.716590 0.572010
9.703702 2.160310 5.828495 1.681647
1.125717 0.517670 -0.112453 -0.051747
0.517670 0.352873 -0.051728 -0.036040
-0.112453 -0.051728 1.172047 0.537020
-0.051747 -0.036040 0.537020 0.363120
10.327136 1.976846 7.586806 2.048612
1.017179 0.408367 -0.093335 -0.037621
0.408367 0.242655 -0.037595 -0.023099
-0.093335 -0.037595 1.044855 0.417780
-0.037621 -0.023099 0.417780 0.247345
10.823544 1.801167 8.450843 1.991749
0.927874 0.331389 -0.094422 -0.033924
0.331389 0.176385 -0.033919 -0.017611
-0.094422 -0.033919 0.949594 0.337961
-0.033924 -0.017611 0.337961 0.179479
11.935480 1.869321 8.715118 1.756296
0.852034 0.275020 -0.077423 -0.024922
0.275020 0.134320 -0.024909 -0.011877
-0.077423 -0.024909 0.876607 0.282120
-0.024922 -0.011877 0.282120 0.137225
13.234929 1.977220 9.549934 1.743578
0.795289 0.235244 -0.058010 -0.016973
0.235244 0.107321 -0.016952 -0.007797
-0.058010 -0.016952 0.818727 0.241468
-0.016973 -0.007797 0.241468 0.109632
12.970292 1.633611 11.216639 1.960773
0.753391 0.206660 -0.052726 -0.014302
0.206660 0.089418 -0.014287 -0.006015
-0.052726 -0.014287 0.764375 0.209029
-0.014302 -0.006015 0.209029 0.090429
13.354986 1.522578 12.334023 1.995787
0.708277 0.182052 -0.046729 -0.011794
0.182052 0.076280 -0.011783 -0.004620
-0.046729 -0.011783 0.715002 0.183334
-0.011794 -0.004620 0.183334 0.076927
13.676071 1.415432 13.353159 2.000757
0.661100 0.160906 -0.045151 -0.010684
0.160906 0.066546 -0.010677 -0.003817
-0.045151 -0.010677 0.664677 0.161499
-0.010684 -0.003817 0.161499 0.066972
14.336717 1.404471 14.359658 2.002147
0.625467 0.145689 -0.030110 -0.006542
0.145689 0.059963 -0.006536 -0.002446
-0.030110 -0.006536 0.627691 0.146066
-0.006542 -0.002446 0.146066 0.060300
15.245006 1.451037 15.627797 2.062368
0.593383 0.133471 -0.025711 -0.005319
0.133471 0.055190 -0.005314 -0.001930
-0.025711 -0.005314 0.594504 0.133678
-0.005319 -0.001930 0.133678 0.055454
15.564606 1.361949 16.461834 2.018831
0.567002 0.124196 -0.017316 -0.003319
0.124196 0.051842 -0.003317 -0.001313
-0.017316 -0.003317 0.566785 0.124174
-0.003319 -0.001313 0.124174 0.052025
15.824233 1.271452 17.513721 2.027645
0.546702 0.117454 -0.011401 -0.002039
0.117454 0.049557 -0.002039 -0.000923
-0.011401 -0.002039 0.544846 0.117142
-0.002039 -0.000923 0.117142 0.049653
16.646570 1.311063 18.624895 2.048418
0.531315 0.112609 -0.016884 -0.003268
0.112609 0.048012 -0.003267 -0.001103
-0.016884 -0.003267 0.529393 0.112351
-0.003268 -0.001103 0.112351 0.048101
16.715197 1.187991 19.953974 2.112147
0.518094 0.108828 -0.012458 -0.002244
0.108828 0.046914 -0.002246 -0.000794
-0.012458 -0.002246 0.514543 0.108271
-0.002244 -0.000794 0.108271 0.046919
17.163438 1.157487 20.948032 2.099048
0.511695 0.106918 -0.014646 -0.002683
0.106918 0.046351 -0.002683 -0.000822
-0.014646 -0.002683 0.507945 0.106377
-0.002683 -0.000822 0.106377 0.046347
17.918909 1.194206 21.892901 2.077349
0.507904 0.105785 -0.014595 -0.002591
0.105785 0.046028 -0.002590 -0.000740
-0.014595 -0.002590 0.504709 0.105402
-0.002591 -0.000740 0.105402 0.046043
19.437476 1.385641 22.796681 2.050198
0.501526 0.104257 -0.011275 -0.001821
0.104257 0.045667 -0.001821 -0.000530
-0.011275 -0.001821 0.499988 0.104233
-0.001821 -0.000530 0.104233 0.045740
20.125574 1.384881 24.028033 2.093168
0.495164 0.102897 -0.008738 -0.001283
0.102897 0.045380 -0.001284 -0.000390
-0.008738 -0.001284 0.494130 0.102949
-0.001283 -0.000390 0.102949 0.045447
20.342676 1.285573 24.651608 2.004488
0.486354 0.101152 -0.012354 -0.002072
0.101152 0.045037 -0.002071 -0.000540
-0.012354 -0.002071 0.485208 0.101142
-0.002072 -0.000540 0.101142 0.045072
20.478604 1.179457 25.285173 1.926869
0.483014 0.100704 -0.009099 -0.001337
0.100704 0.044989 -0.001337 -0.000359
-0.009099 -0.001337 0.481842 0.100659
-0.001337 -0.000359 0.100659 0.045003
20.953203 1.155506 26.349527 1.947869
0.475262 0.099343 -0.006416 -0.000794
0.099343 0.044741 -0.000795 -0.000237
-0.006416 -0.000795 0.475020 0.099465
-0.000794 -0.000237 0.099465 0.044780
21.615721 1.172990 27.038415 1.888082
0.474547 0.099544 -0.003989 -0.000340
0.099544 0.044829 -0.000341 -0.000141
-0.003989 -0.000341 0.474760 0.099721
-0.000340 -0.000141 0.099721 0.044869
22.086122 1.148466 27.863915 1.863022
0.473172 0.099535 -0.002964 -0.000214
0.099535 0.044849 -0.000214 -0.000120
-0.002964 -0.000214 0.474201 0.099843
-0.000214 -0.000120 0.099843 0.044908
23.190559 1.260653 29.362584 1.983028
0.467652 0.098604 -0.006096 -0.000963
0.098604 0.044660 -0.000961 -0.000282
-0.006096 -0.000961 0.471177 0.099389
-0.000963 -0.000282 0.099389 0.044811
23.902286 1.277622 30.003145 1.908908
0.466514 0.098643 -0.007302 -0.001218
0.098643 0.044682 -0.001217 -0.000322
-0.007302 -0.001217 0.470429 0.099424
-0.001218 -0.000322 0.099424 0.044819
24.480233 1.265169 31.541987 2.032568
0.468276 0.099244 -0.009058 -0.001559
0.099244 0.044809 -0.001556 -0.000378
-0.009058 -0.001556 0.475161 0.100578
-0.001559 -0.000378 0.100578 0.045054
24.689930 1.174958 32.043192 1.923140
0.463005 0.098259 -0.002662 -0.000149
0.098259 0.044582 -0.000142 -0.000061
-0.002662 -0.000142 0.470465 0.099602
-0.000149 -0.000061 0.099602 0.044815
25.918995 1.311119 32.648071 1.848025
0.468559 0.099631 -0.000832 0.000167
0.099631 0.044868 0.000173 -0.000004
-0.000832 0.000173 0.475534 0.100766
0.000167 -0.000004 0.100766 0.045049
26.567447 1.309632 33.619470 1.858059
0.471895 0.100361 -0.000608 0.000120
0.100361 0.044986 0.000126 -0.000025
-0.000608 0.000126 0.480579 0.101792
0.000120 -0.000025 0.101792 0.045231
26.938353 1.249262 34.468808 1.841100
0.467990 0.099464 -0.002181 -0.000292
0.099464 0.044749 -0.000288 -0.000119
-0.002181 -0.000288 0.478984 0.101310
-0.000292 -0.000119 0.101310 0.045081
27.446696 1.224725 35.977101 1.965270
0.467677 0.099414 0.000627 0.000275
0.099414 0.044717 0.000284 0.000007
0.000627 0.000284 0.483232 0.102120
0.000275 0.000007 0.102120 0.045225
28.126965 1.239117 36.675534 1.905314
0.468055 0.099503 -0.000439 -0.000022
0.099503 0.044717 -0.000017 -0.000061
-0.000439 -0.000017 0.484200 0.102165
-0.000022 -0.000061 0.102165 0.045199
28.765812 1.243217 37.631362 1.905984
0.472189 0.100374 -0.002315 -0.000449
0.100374 0.044883 -0.000448 -0.000147
-0.002315 -0.000448 0.489949 0.103231
-0.000449 -0.000147 0.103231 0.045399
29.445327 1.255547 38.849662 1.961768
0.467397 0.099259 -0.007966 -0.001622
0.099259 0.044615 -0.001633 -0.000383
-0.007966 -0.001633 0.489274 0.102862
-0.001622 -0.000383 0.102862 0.045286
29.806858 1.199145 40.218896 2.043184
0.464455 0.098652 -0.007279 -0.001351
0.098652 0.044483 -0.001356 -0.000294
-0.007279 -0.001356 0.491640 0.103197
-0.001351 -0.000294 0.103197 0.045341
30.568719 1.233391 40.804425 1.951891
0.459856 0.097741 -0.012594 -0.002378
0.097741 0.044295 -0.002398 -0.000496
-0.012594 -0.002398 0.487500 0.102158
-0.002378 -0.000496 0.102158 0.045110
31.691217 1.341287 42.008003 2.000056
0.452211 0.096257 -0.014959 -0.002706
0.096257 0.043998 -0.002726 -0.000536
-0.014959 -0.002726 0.483766 0.101330
-0.002706 -0.000536 0.101330 0.044949
32.415078 1.352184 42.664610 1.928148
0.459124 0.097998 -0.015512 -0.002629
0.097998 0.044407 -0.002649 -0.000493
-0.015512 -0.002649 0.489635 0.102606
-0.002629 -0.000493 0.102606 0.045245
33.002004 1.333134 43.628464 1.927952
0.460402 0.098329 -0.017591 -0.002913
0.098329 0.044467 -0.002934 -0.000540
-0.017591 -0.002934 0.493514 0.103344
-0.002913 -0.000540 0.103344 0.045399
33.365416 1.269053 44.943015 2.000694
0.459594 0.098171 -0.017168 -0.002675
0.098171 0.044416 -0.002678 -0.000477
-0.017168 -0.002678 0.498531 0.104267
-0.002675 -0.000477 0.104267 0.045582
34.177863 1.306302 45.589441 1.927175
0.460482 0.098361 -0.026004 -0.004415
0.098361 0.044440 -0.004460 -0.000850
-0.026004 -0.004460 0.499632 0.104283
-0.004415 -0.000850 0.104283 0.045562
35.064287 1.355997 46.491602 1.915001
0.460489 0.098346 -0.030196 -0.005044
0.098346 0.044419 -0.005096 -0.000958
-0.030196 -0.005096 0.501630 0.104523
-0.005044 -0.000958 0.104523 0.045600
35.364675 1.275490 47.514174 1.927313
0.456768 0.097553 -0.026705 -0.004063
0.097553 0.044240 -0.004069 -0.000724
-0.026705 -0.004069 0.502894 0.104638
-0.004063 -0.000724 0.104638 0.045620
35.899672 1.251928 48.030144 1.833841
0.457679 0.097807 -0.027571 -0.004106
0.097807 0.044296 -0.004117 -0.000741
-0.027571 -0.004117 0.503598 0.104636
-0.004106 -0.000741 0.104636 0.045617
