4.509348 2.765873 0.232426 -0.799075
2.451481 0.980614 -0.263397 -0.105361
0.980614 80.396321 -0.105361 -0.042145
-0.263397 -0.105361 2.524878 1.009973
-0.105361 -0.042145 1.009973 80.408065
3.345108 -1.698088 -0.408834 -1.278563
2.169557 3.789973 -0.330863 -0.527700
3.789973 14.946342 -0.526711 -1.590415
-0.330863 -0.526711 2.305237 4.012855
-0.527700 -1.590415 4.012855 15.522235
2.974208 -1.110871 1.220323 1.350505
2.033597 2.363013 -0.219503 -0.226757
2.363013 4.609881 -0.227060 -0.442868
-0.219503 -0.227060 2.078149 2.399787
-0.226757 -0.442868 2.399787 4.702156
7.984686 3.578255 3.024976 2.320514
1.663822 1.400114 -0.107043 -0.083929
1.400114 1.864486 -0.083675 -0.148051
-0.107043 -0.083675 1.775756 1.492777
-0.083929 -0.148051 1.492777 1.967829
8.807891 2.938618 4.867048 2.771798
1.433976 0.947868 -0.105397 -0.072620
0.947868 0.953535 -0.072498 -0.088841
-0.105397 -0.072498 1.502882 0.990233
-0.072620 -0.088841 0.990233 0.992636
8.399927 1.919140 5.735511 2.497194
1.274275 0.693296 -0.086126 -0.050833
0.693296 0.559905 -0.050712 -0.050563
-0.086126 -0.050712 1.317595 0.714971
-0.050833 -0.050563 0.714971 0.578222
9.314902 1.898238 7.077421 2.540404
1.135056 0.524691 -0.068243 -0.035319
0.524691 0.356933 -0.035226 -0.030234
-0.068243 -0.035226 1.166179 0.538365
-0.035319 -0.030234 0.538365 0.367602
8.615705 1.238454 7.202903 2.085180
1.006537 0.405308 -0.069850 -0.031410
0.405308 0.241499 -0.031339 -0.021605
-0.069850 -0.031339 1.028216 0.413980
-0.031410 -0.021605 0.413980 0.248023
9.349535 1.279118 8.377359 2.132101
0.924506 0.330995 -0.050538 -0.020626
0.330995 0.176186 -0.020575 -0.013344
-0.050538 -0.020575 0.940091 0.336876
-0.020626 -0.013344 0.336876 0.180478
10.144736 1.330013 9.197620 2.052142
0.853729 0.276050 -0.049243 -0.018035
0.276050 0.134529 -0.018000 -0.009997
-0.049243 -0.018000 0.867728 0.281062
-0.018035 -0.009997 0.281062 0.137763
9.909957 1.063019 10.580928 2.159905
0.797669 0.236174 -0.055427 -0.018045
0.236174 0.107441 -0.017995 -0.008294
-0.055427 -0.017995 0.800493 0.237526
-0.018045 -0.008294 0.237526 0.109041
10.779783 1.157189 10.633636 1.876836
0.755075 0.207166 -0.047819 -0.014163
0.207166 0.089397 -0.014138 -0.005980
-0.047819 -0.014138 0.762981 0.209977
-0.014163 -0.005980 0.209977 0.091107
10.819143 1.018667 11.554052 1.872633
0.709473 0.182317 -0.053300 -0.014311
0.182317 0.076206 -0.014282 -0.005190
-0.053300 -0.014282 0.712203 0.183592
-0.014311 -0.005190 0.183592 0.077243
11.998404 1.181645 12.334142 1.834436
0.668962 0.162729 -0.045196 -0.011097
0.162729 0.066868 -0.011081 -0.003769
-0.045196 -0.011081 0.673767 0.164455
-0.011097 -0.003769 0.164455 0.067839
13.117341 1.304571 13.465452 1.884625
0.639893 0.148825 -0.034719 -0.007821
0.148825 0.060568 -0.007816 -0.002589
-0.034719 -0.007816 0.644526 0.150382
-0.007821 -0.002589 0.150382 0.061351
13.917771 1.337610 14.143186 1.825224
0.613767 0.137643 -0.024850 -0.005133
0.137643 0.055990 -0.005134 -0.001726
-0.024850 -0.005134 0.618415 0.139080
-0.005133 -0.001726 0.139080 0.056631
14.448912 1.307971 15.502834 1.922770
0.585529 0.127600 -0.021093 -0.004112
0.127600 0.052429 -0.004117 -0.001349
-0.021093 -0.004117 0.587028 0.128228
-0.004112 -0.001349 0.128228 0.052803
14.893443 1.263658 16.894120 2.014529
0.558546 0.119195 -0.015843 -0.002868
0.119195 0.049775 -0.002876 -0.000972
-0.015843 -0.002876 0.557332 0.119196
-0.002868 -0.000972 0.119196 0.049958
15.401600 1.237718 17.998988 2.035003
0.545308 0.114756 -0.014750 -0.002602
0.114756 0.048341 -0.002610 -0.000842
-0.014750 -0.002610 0.543017 0.114541
-0.002602 -0.000842 0.114541 0.048444
15.949059 1.222969 19.159539 2.064828
0.528586 0.110167 -0.015485 -0.002727
0.110167 0.047085 -0.002733 -0.000809
-0.015485 -0.002733 0.525439 0.109788
-0.002727 -0.000809 0.109788 0.047128
17.010431 1.316696 20.608639 2.151954
0.516835 0.107160 -0.010114 -0.001549
0.107160 0.046323 -0.001556 -0.000510
-0.010114 -0.001556 0.514129 0.106894
-0.001549 -0.000510 0.106894 0.046368
17.749027 1.333438 21.824745 2.181108
0.508018 0.105090 -0.015803 -0.002765
0.105090 0.045843 -0.002767 -0.000735
-0.015803 -0.002767 0.505404 0.104844
-0.002765 -0.000735 0.104844 0.045872
18.879990 1.429017 22.535047 2.102793
0.500079 0.103433 -0.010918 -0.001659
0.103433 0.045502 -0.001662 -0.000461
-0.010918 -0.001662 0.498276 0.103347
-0.001659 -0.000461 0.103347 0.045546
19.393120 1.387324 23.602261 2.105833
0.498671 0.103280 -0.009119 -0.001288
0.103280 0.045499 -0.001292 -0.000366
-0.009119 -0.001292 0.497009 0.103199
-0.001288 -0.000366 0.103199 0.045528
20.200717 1.410045 23.863348 1.941358
0.488945 0.101403 -0.004488 -0.000366
0.101403 0.045134 -0.000371 -0.000166
-0.004488 -0.000371 0.487287 0.101293
-0.000366 -0.000166 0.101293 0.045141
21.283921 1.489011 25.158838 2.009418
0.486580 0.101201 -0.006593 -0.000912
0.101201 0.045138 -0.000914 -0.000285
-0.006593 -0.000914 0.486004 0.101293
-0.000912 -0.000285 0.101293 0.045175
22.662524 1.621154 26.046005 1.985422
0.482828 0.100691 -0.007210 -0.001080
0.100691 0.045064 -0.001081 -0.000311
-0.007210 -0.001081 0.482938 0.100883
-0.001080 -0.000311 0.100883 0.045110
23.603267 1.648568 27.260569 2.031989
0.484426 0.101305 -0.008261 -0.001310
0.101305 0.045218 -0.001309 -0.000347
-0.008261 -0.001309 0.485526 0.101657
-0.001310 -0.000347 0.101657 0.045287
23.593553 1.473544 27.953109 1.963423
0.479032 0.100356 -0.007507 -0.001139
0.100356 0.045021 -0.001139 -0.000297
-0.007507 -0.001139 0.480932 0.100817
-0.001139 -0.000297 0.100817 0.045102
24.064296 1.417860 29.134721 2.005159
0.478688 0.100519 -0.008018 -0.001244
0.100519 0.045065 -0.001242 -0.000309
-0.008018 -0.001242 0.482058 0.101228
-0.001244 -0.000309 0.101228 0.045190
24.659076 1.393545 29.822464 1.938864
0.479065 0.100776 -0.009010 -0.001436
0.100776 0.045116 -0.001435 -0.000340
-0.009010 -0.001435 0.482698 0.101465
-0.001436 -0.000340 0.101465 0.045227
24.534798 1.220489 30.677148 1.913883
0.478698 0.100821 -0.006633 -0.000903
0.100821 0.045112 -0.000899 -0.000216
-0.006633 -0.000899 0.483904 0.101778
-0.000903 -0.000216 0.101778 0.045274
25.589012 1.313378 30.923700 1.764885
0.473447 0.099798 -0.010218 -0.001680
0.099798 0.044877 -0.001680 -0.000382
-0.010218 -0.001680 0.477705 0.100480
-0.001680 -0.000382 0.100480 0.044976
26.183700 1.300412 31.918082 1.788392
0.473375 0.099941 -0.012172 -0.002034
0.099941 0.044905 -0.002033 -0.000442
-0.012172 -0.002033 0.479366 0.100949
-0.002034 -0.000442 0.100949 0.045075
26.331385 1.194763 33.260673 1.882230
0.471135 0.099578 -0.016364 -0.002835
0.099578 0.044817 -0.002832 -0.000596
-0.016364 -0.002832 0.480840 0.101308
-0.002835 -0.000596 0.101308 0.045137
26.782562 1.164439 34.585815 1.962929
0.466930 0.098811 -0.017450 -0.002920
0.098811 0.044647 -0.002913 -0.000590
-0.017450 -0.002913 0.480144 0.101166
-0.002920 -0.000590 0.101166 0.045087
27.293945 1.150074 35.908285 2.034674
0.468387 0.099285 -0.020453 -0.003411
0.099285 0.044748 -0.003403 -0.000675
-0.020453 -0.003403 0.484734 0.102138
-0.003411 -0.000675 0.102138 0.045276
27.700792 1.114200 36.849851 2.018334
0.467227 0.099136 -0.018608 -0.002861
0.099136 0.044704 -0.002847 -0.000541
-0.018608 -0.002847 0.485510 0.102218
-0.002861 -0.000541 0.102218 0.045264
28.249309 1.113266 38.221396 2.094573
0.465847 0.098927 -0.018749 -0.002806
0.098927 0.044646 -0.002786 -0.000529
-0.018749 -0.002786 0.488146 0.102681
-0.002806 -0.000529 0.102681 0.045336
28.963969 1.145047 38.564494 1.946968
0.467314 0.099326 -0.017047 -0.002379
0.099326 0.044720 -0.002363 -0.000444
-0.017047 -0.002363 0.487771 0.102480
-0.002379 -0.000444 0.102480 0.045269
30.130808 1.271226 39.450953 1.930235
0.466539 0.099187 -0.016218 -0.002195
0.099187 0.044670 -0.002178 -0.000420
-0.016218 -0.002178 0.487959 0.102428
-0.002195 -0.000420 0.102428 0.045243
30.863945 1.291618 40.277786 1.901467
0.463723 0.098612 -0.016692 -0.002315
0.098612 0.044530 -0.002297 -0.000463
-0.016692 -0.002297 0.487101 0.102170
-0.002315 -0.000463 0.102170 0.045180
31.654212 1.323562 41.692986 1.999259
0.456960 0.097233 -0.019544 -0.002935
0.097233 0.044229 -0.002915 -0.000608
-0.019544 -0.002915 0.486228 0.101938
-0.002935 -0.000608 0.101938 0.045130
32.278214 1.314168 42.193833 1.894546
0.459132 0.097882 -0.019438 -0.002855
0.097882 0.044385 -0.002840 -0.000589
-0.019438 -0.002840 0.487721 0.102241
-0.002855 -0.000589 0.102241 0.045200
32.892182 1.304781 43.075335 1.880638
0.465759 0.099380 -0.023416 -0.003636
0.099380 0.044698 -0.003636 -0.000754
-0.023416 -0.003636 0.495577 0.103842
-0.003636 -0.000754 0.103842 0.045533
33.555780 1.307892 44.259969 1.931810
0.469282 0.100059 -0.025013 -0.003862
0.100059 0.044808 -0.003857 -0.000788
-0.025013 -0.003857 0.502648 0.105139
-0.003862 -0.000788 0.105139 0.045778
34.395942 1.348479 45.514067 1.992560
0.470496 0.100179 -0.026971 -0.004162
0.100179 0.044793 -0.004155 -0.000842
-0.026971 -0.004155 0.507784 0.105930
-0.004162 -0.000842 0.105930 0.045904
34.997179 1.332519 46.384148 1.966045
0.469459 0.099825 -0.027386 -0.004136
0.099825 0.044687 -0.004125 -0.000828
-0.027386 -0.004125 0.509091 0.105889
-0.004136 -0.000828 0.105889 0.045859
35.586736 1.315606 47.196395 1.930311
0.464184 0.098603 -0.031782 -0.004972
0.098603 0.044408 -0.004972 -0.001005
-0.031782 -0.004972 0.507277 0.105235
-0.004972 -0.001005 0.105235 0.045700
36.592194 1.387134 47.525280 1.799695
0.458614 0.097433 -0.038988 -0.006328
0.097433 0.044165 -0.006370 -0.001285
-0.038988 -0.006370 0.501233 0.103795
-0.006328 -0.001285 0.103795 0.045400
