5.806089 3.284580 -2.551379 -1.912621
2.446539 0.978637 -0.060692 -0.024277
0.978637 80.395530 -0.024277 -0.009711
-0.060692 -0.024277 2.532692 1.013099
-0.024277 -0.009711 1.013099 80.409315
6.858911 2.275894 0.911079 5.786218
2.260059 3.955871 -0.041860 -0.061126
3.955871 15.245982 -0.061211 -0.260557
-0.041860 -0.061211 2.303250 4.014351
-0.061126 -0.260557 4.014351 15.566330
7.615843 1.835738 3.200566 5.088524
1.972276 2.277573 -0.044654 -0.051027
2.277573 4.508443 -0.051033 -0.100965
-0.044654 -0.051033 2.010800 2.323786
-0.051027 -0.100965 2.323786 4.621526
7.054234 0.588294 2.305574 2.184423
1.694440 1.428386 -0.048490 -0.040755
1.428386 1.896263 -0.040743 -0.049995
-0.048490 -0.040743 1.733996 1.464096
-0.040755 -0.049995 1.464096 1.948502
5.474426 -0.649965 4.422752 2.862053
1.478605 0.977345 -0.019512 -0.012262
0.977345 0.975611 -0.012287 -0.015232
-0.019512 -0.012287 1.490535 0.986625
-0.012262 -0.015232 0.986625 0.991756
4.270736 -1.126920 4.755026 2.264065
1.283826 0.697196 -0.044386 -0.024401
0.697196 0.562892 -0.024375 -0.017524
-0.044386 -0.024375 1.288241 0.701315
-0.024401 -0.017524 0.701315 0.570804
5.734799 -0.190965 5.022976 1.864461
1.140980 0.526837 -0.044847 -0.020385
0.526837 0.358696 -0.020361 -0.011760
-0.044847 -0.020361 1.153437 0.534331
-0.020385 -0.011760 0.534331 0.365655
8.097416 0.798601 6.386470 2.040321
1.020746 0.410783 -0.033844 -0.012936
0.410783 0.244316 -0.012927 -0.006597
-0.033844 -0.012927 1.036197 0.418308
-0.012936 -0.006597 0.418308 0.249508
9.134501 1.026867 7.485984 2.069276
0.940446 0.336484 -0.028881 -0.009644
0.336484 0.178578 -0.009642 -0.004385
-0.028881 -0.009642 0.953220 0.341957
-0.009644 -0.004385 0.341957 0.181916
9.877220 1.101259 8.971609 2.215463
0.860939 0.278103 -0.015891 -0.004500
0.278103 0.135477 -0.004508 -0.002125
-0.015891 -0.004508 0.869470 0.281494
-0.004500 -0.002125 0.281494 0.137492
10.704834 1.183188 10.059569 2.209753
0.808322 0.239120 -0.007587 -0.001807
0.239120 0.108538 -0.001818 -0.001072
-0.007587 -0.001818 0.815202 0.241652
-0.001807 -0.001072 0.241652 0.109934
11.727432 1.301226 10.817547 2.114620
0.750244 0.205628 -0.014145 -0.003667
0.205628 0.089141 -0.003671 -0.001459
-0.014145 -0.003671 0.756747 0.207797
-0.003667 -0.001459 0.207797 0.090200
12.524677 1.338886 11.808639 2.097620
0.703721 0.180823 -0.017034 -0.004181
0.180823 0.075993 -0.004183 -0.001423
-0.017034 -0.004183 0.708989 0.182465
-0.004181 -0.001423 0.182465 0.076751
12.593532 1.192987 13.671056 2.295720
0.666161 0.162178 -0.012975 -0.002893
0.162178 0.066900 -0.002897 -0.000960
-0.012975 -0.002897 0.667874 0.162810
-0.002893 -0.000960 0.162810 0.067301
13.323089 1.223816 14.463481 2.212900
0.638085 0.148585 -0.009354 -0.001892
0.148585 0.060654 -0.001895 -0.000636
-0.009354 -0.001895 0.639607 0.149138
-0.001892 -0.000636 0.149138 0.060975
13.627034 1.154568 15.370749 2.167975
0.604462 0.135745 -0.007062 -0.001320
0.135745 0.055680 -0.001324 -0.000456
-0.007062 -0.001324 0.604974 0.136033
-0.001320 -0.000456 0.136033 0.055892
15.068820 1.343483 16.590084 2.197936
0.577212 0.126096 -0.006253 -0.001130
0.126096 0.052217 -0.001133 -0.000380
-0.006253 -0.001133 0.578072 0.126443
-0.001130 -0.000380 0.126443 0.052408
15.710771 1.337184 17.892879 2.241612
0.558041 0.119471 -0.003710 -0.000575
0.119471 0.049942 -0.000578 -0.000234
-0.003710 -0.000578 0.558273 0.119656
-0.000575 -0.000234 0.119656 0.050070
15.970524 1.250872 18.896082 2.216635
0.539163 0.113775 -0.003715 -0.000608
0.113775 0.048206 -0.000611 -0.000227
-0.003715 -0.000611 0.538738 0.113805
-0.000608 -0.000227 0.113805 0.048281
16.588253 1.249035 19.223420 2.053166
0.526866 0.110161 -0.004097 -0.000703
0.110161 0.047150 -0.000705 -0.000231
-0.004097 -0.000705 0.526487 0.110197
-0.000703 -0.000231 0.110197 0.047212
17.529656 1.314936 20.302603 2.064208
0.517829 0.107665 -0.002991 -0.000469
0.107665 0.046469 -0.000470 -0.000166
-0.002991 -0.000470 0.517533 0.107712
-0.000469 -0.000166 0.107712 0.046521
18.142365 1.305540 20.897969 1.973582
0.505880 0.104861 -0.001712 -0.000217
0.104861 0.045813 -0.000218 -0.000104
-0.001712 -0.000218 0.505527 0.104885
-0.000217 -0.000104 0.104885 0.045849
18.533579 1.251408 22.195694 2.038011
0.495636 0.102706 -0.002940 -0.000501
0.102706 0.045360 -0.000502 -0.000158
-0.002940 -0.000502 0.495097 0.102680
-0.000501 -0.000158 0.102680 0.045378
19.523739 1.326896 22.520331 1.893855
0.490637 0.101840 -0.000488 0.000014
0.101840 0.045214 0.000013 -0.000041
-0.000488 0.000013 0.490234 0.101837
0.000014 -0.000041 0.101837 0.045230
19.892974 1.265708 23.597205 1.920862
0.488014 0.101527 0.001562 0.000402
0.101527 0.045185 0.000400 0.000041
0.001562 0.000400 0.487628 0.101518
0.000402 0.000041 0.101518 0.045196
20.477737 1.255679 24.461520 1.900807
0.483182 0.100750 0.003813 0.000804
0.100750 0.045052 0.000802 0.000120
0.003813 0.000802 0.482897 0.100753
0.000804 0.000120 0.100753 0.045060
21.047782 1.243523 25.808548 1.983785
0.480002 0.100355 0.001619 0.000251
0.100355 0.044999 0.000251 -0.000004
0.001619 0.000251 0.480035 0.100416
0.000251 -0.000004 0.100416 0.045015
21.921820 1.296337 27.092838 2.045043
0.475873 0.099756 0.003529 0.000626
0.099756 0.044894 0.000625 0.000081
0.003529 0.000625 0.476346 0.099894
0.000626 0.000081 0.099894 0.044924
22.395756 1.259714 28.103419 2.042595
0.475361 0.099929 0.002139 0.000278
0.099929 0.044949 0.000278 0.000008
0.002139 0.000278 0.476132 0.100109
0.000278 0.000008 0.100109 0.044984
22.991542 1.252532 29.135614 2.044904
0.474512 0.099967 0.001880 0.000212
0.099967 0.044959 0.000212 0.000002
0.001880 0.000212 0.475673 0.100208
0.000212 0.000002 0.100208 0.045003
23.762881 1.283219 29.976993 2.006646
0.474798 0.100199 0.003366 0.000526
0.100199 0.045000 0.000525 0.000077
0.003366 0.000525 0.476204 0.100467
0.000526 0.000077 0.100467 0.045046
24.372785 1.276535 30.947181 1.999662
0.474545 0.100261 0.003571 0.000542
0.100261 0.044995 0.000542 0.000083
0.003571 0.000542 0.476431 0.100607
0.000542 0.000083 0.100607 0.045056
25.022351 1.278722 32.355095 2.085878
0.472248 0.099856 0.003269 0.000458
0.099856 0.044888 0.000457 0.000068
0.003269 0.000457 0.475213 0.100403
0.000458 0.000068 0.100403 0.044989
25.922544 1.334212 32.845365 1.968912
0.472681 0.100044 0.002150 0.000212
0.100044 0.044913 0.000211 0.000021
0.002150 0.000211 0.475434 0.100505
0.000212 0.000021 0.100505 0.044991
26.529788 1.321524 33.854297 1.974116
0.473379 0.100246 0.002604 0.000326
0.100246 0.044936 0.000325 0.000054
0.002604 0.000325 0.476856 0.100832
0.000326 0.000054 0.100832 0.045039
26.830511 1.245344 34.670061 1.938067
0.475310 0.100673 0.001680 0.000136
0.100673 0.045002 0.000135 0.000019
0.001680 0.000135 0.479402 0.101354
0.000136 0.000019 0.101354 0.045124
27.376978 1.229158 35.764187 1.964526
0.475823 0.100748 -0.000119 -0.000218
0.100748 0.044989 -0.000221 -0.000048
-0.000119 -0.000221 0.480921 0.101603
-0.000218 -0.000048 0.101603 0.045146
27.744890 1.176840 37.143178 2.048336
0.474582 0.100439 -0.000369 -0.000214
0.100439 0.044899 -0.000216 -0.000035
-0.000369 -0.000216 0.481404 0.101612
-0.000214 -0.000035 0.101612 0.045120
28.445223 1.200577 37.860505 1.983604
0.472766 0.100038 -0.002244 -0.000559
0.100038 0.044799 -0.000562 -0.000100
-0.002244 -0.000562 0.479916 0.101212
-0.000559 -0.000100 0.101212 0.045014
28.710361 1.129640 39.087379 2.033167
0.471887 0.099871 -0.004023 -0.000858
0.099871 0.044759 -0.000863 -0.000153
-0.004023 -0.000863 0.480727 0.101343
-0.000858 -0.000153 0.101343 0.045033
29.278371 1.130323 40.150451 2.042964
0.472622 0.100056 -0.005782 -0.001135
0.100056 0.044795 -0.001140 -0.000199
-0.005782 -0.001140 0.482514 0.101672
-0.001135 -0.000199 0.101672 0.045095
30.457659 1.260362 41.212397 2.051729
0.472076 0.099945 -0.005418 -0.000953
0.099945 0.044765 -0.000956 -0.000149
-0.005418 -0.000956 0.482647 0.101627
-0.000953 -0.000149 0.101627 0.045074
30.729975 1.184483 42.052157 2.012366
0.469034 0.099312 -0.008230 -0.001474
0.099312 0.044627 -0.001479 -0.000257
-0.008230 -0.001479 0.480845 0.101188
-0.001474 -0.000257 0.101188 0.044976
31.371796 1.194856 42.888184 1.976599
0.471252 0.099851 -0.007724 -0.001256
0.099851 0.044748 -0.001260 -0.000201
-0.007724 -0.001260 0.483584 0.101757
-0.001256 -0.000201 0.101757 0.045100
32.506231 1.308524 43.735187 1.947382
0.466288 0.098803 -0.010630 -0.001801
0.098803 0.044520 -0.001808 -0.000319
-0.010630 -0.001808 0.479361 0.100807
-0.001801 -0.000319 0.100807 0.044895
33.476733 1.375561 44.666266 1.938785
0.465322 0.098700 -0.011390 -0.001854
0.098700 0.044510 -0.001860 -0.000323
-0.011390 -0.001860 0.479213 0.100815
-0.001854 -0.000323 0.100815 0.044911
33.689707 1.274746 45.644171 1.939925
0.464029 0.098522 -0.011544 -0.001793
0.098522 0.044482 -0.001795 -0.000308
-0.011544 -0.001795 0.479856 0.100987
-0.001793 -0.000308 0.100987 0.044957
34.294227 1.267549 46.473575 1.910284
0.466879 0.099227 -0.011139 -0.001632
0.099227 0.044639 -0.001632 -0.000276
-0.011139 -0.001632 0.483353 0.101741
-0.001632 -0.000276 0.101741 0.045121
35.277065 1.341262 47.118426 1.845558
0.465558 0.098959 -0.012227 -0.001822
0.098959 0.044571 -0.001824 -0.000326
-0.012227 -0.001824 0.482163 0.101434
-0.001822 -0.000326 0.101434 0.045046
35.996809 1.351734 48.057004 1.848966
0.464701 0.098810 -0.012648 -0.001864
0.098810 0.044534 -0.001864 -0.000341
-0.012648 -0.001864 0.482661 0.101518
-0.001864 -0.000341 0.101518 0.045063
