7.717939 4.049337 0.243438 -0.794670
2.376840 0.950757 -0.109299 -0.043721
0.950757 80.384378 -0.043721 -0.017489
-0.109299 -0.043721 2.453459 0.981405
-0.043721 -0.017489 0.981405 80.396637
5.239865 -3.862395 -0.408616 -1.283254
2.209313 3.879878 -0.094452 -0.144252
3.879878 14.931744 -0.144255 -0.532794
-0.094452 -0.144255 2.275224 3.980473
-0.144252 -0.532794 3.980473 15.304310
3.753033 -3.343539 1.865076 2.081784
1.989626 2.298409 -0.078499 -0.086835
2.298409 4.483779 -0.086904 -0.176257
-0.078499 -0.086904 2.007979 2.317006
-0.086835 -0.176257 2.317006 4.558500
3.182129 -2.419205 3.442467 2.533373
1.697907 1.425510 -0.036033 -0.029929
1.425510 1.872661 -0.030002 -0.054954
-0.036033 -0.030002 1.703471 1.433068
-0.029929 -0.054954 1.433068 1.901392
4.111422 -1.011508 4.252943 2.229339
1.474351 0.969968 -0.052860 -0.036854
0.969968 0.961173 -0.036840 -0.039480
-0.052860 -0.036840 1.485084 0.980550
-0.036854 -0.039480 0.980550 0.979112
5.502967 0.015185 4.490399 1.751443
1.286924 0.695857 -0.060111 -0.033847
0.695857 0.557435 -0.033818 -0.026409
-0.060111 -0.033818 1.303240 0.707371
-0.033847 -0.026409 0.707371 0.569449
5.987597 0.234621 5.013176 1.588486
1.133827 0.521270 -0.065746 -0.030686
0.521270 0.353460 -0.030651 -0.018713
-0.065746 -0.030651 1.146767 0.529000
-0.030686 -0.018713 0.529000 0.360251
6.852158 0.534110 5.299660 1.384522
1.020094 0.409038 -0.035501 -0.013917
0.409038 0.242095 -0.013925 -0.008325
-0.035501 -0.013925 1.033488 0.415672
-0.013917 -0.008325 0.415672 0.246726
7.558351 0.690850 6.799734 1.673426
0.935450 0.333567 -0.025569 -0.008932
0.333567 0.176575 -0.008944 -0.005101
-0.025569 -0.008944 0.943819 0.337423
-0.008932 -0.005101 0.337423 0.179202
9.018295 1.049851 8.173592 1.846915
0.868740 0.279822 -0.026308 -0.008447
0.279822 0.135423 -0.008454 -0.004127
-0.026308 -0.008454 0.876445 0.282978
-0.008447 -0.004127 0.282978 0.137290
10.445360 1.315883 9.609354 1.998350
0.806728 0.237881 -0.020381 -0.005978
0.237881 0.107721 -0.005985 -0.002793
-0.020381 -0.005985 0.813346 0.240343
-0.005978 -0.002793 0.240343 0.109038
11.280868 1.364414 10.460626 1.957856
0.760215 0.207785 -0.018693 -0.005094
0.207785 0.089432 -0.005099 -0.002171
-0.018693 -0.005099 0.765962 0.209744
-0.005094 -0.002171 0.209744 0.090388
12.059602 1.389154 11.825698 2.056915
0.707949 0.181316 -0.017341 -0.004404
0.181316 0.075880 -0.004407 -0.001720
-0.017341 -0.004407 0.711718 0.182567
-0.004404 -0.001720 0.182567 0.076503
13.166055 1.489046 12.369714 1.939246
0.661361 0.160496 -0.010458 -0.002450
0.160496 0.066318 -0.002455 -0.001045
-0.010458 -0.002455 0.665521 0.161729
-0.002450 -0.001045 0.161729 0.066840
13.953641 1.499166 14.492402 2.207451
0.631582 0.146746 -0.009424 -0.002123
0.146746 0.060128 -0.002127 -0.000852
-0.009424 -0.002127 0.633258 0.147293
-0.002123 -0.000852 0.147293 0.060418
14.681604 1.494282 15.280189 2.136506
0.606738 0.136103 -0.008773 -0.001900
0.136103 0.055717 -0.001903 -0.000711
-0.008773 -0.001903 0.608160 0.136558
-0.001900 -0.000711 0.136558 0.055944
15.575593 1.526222 15.646305 1.983192
0.582547 0.127107 -0.006613 -0.001356
0.127107 0.052402 -0.001359 -0.000520
-0.006613 -0.001359 0.584286 0.127599
-0.001356 -0.000520 0.127599 0.052606
16.571086 1.575850 16.395559 1.931399
0.554200 0.118445 -0.006128 -0.001221
0.118445 0.049684 -0.001223 -0.000442
-0.006128 -0.001223 0.555880 0.118885
-0.001221 -0.000442 0.118885 0.049849
17.121456 1.525818 17.668262 1.996117
0.537750 0.113388 -0.002651 -0.000456
0.113388 0.048116 -0.000458 -0.000240
-0.002651 -0.000458 0.538688 0.113638
-0.000456 -0.000240 0.113638 0.048221
17.322715 1.408419 18.602555 1.982711
0.523005 0.109313 -0.003543 -0.000673
0.109313 0.046975 -0.000674 -0.000263
-0.003543 -0.000674 0.523341 0.109422
-0.000673 -0.000263 0.109422 0.047037
18.131729 1.430203 19.478084 1.958626
0.515019 0.107124 -0.001815 -0.000308
0.107124 0.046374 -0.000310 -0.000164
-0.001815 -0.000310 0.515273 0.107211
-0.000308 -0.000164 0.107211 0.046423
18.487079 1.355591 20.699153 2.008762
0.502961 0.104343 -0.007289 -0.001466
0.104343 0.045728 -0.001467 -0.000390
-0.007289 -0.001467 0.502817 0.104344
-0.001466 -0.000390 0.104344 0.045752
18.935720 1.308030 21.645170 1.996583
0.498045 0.103331 -0.006350 -0.001176
0.103331 0.045515 -0.001176 -0.000296
-0.006350 -0.001176 0.497735 0.103300
-0.001176 -0.000296 0.103300 0.045528
19.511260 1.291653 22.451066 1.956580
0.490882 0.101943 -0.005242 -0.000885
0.101943 0.045241 -0.000886 -0.000215
-0.005242 -0.000886 0.490520 0.101904
-0.000885 -0.000215 0.101904 0.045250
19.981627 1.255446 24.064917 2.088816
0.484352 0.100800 -0.001329 -0.000041
0.100800 0.045036 -0.000042 -0.000029
-0.001329 -0.000042 0.484058 0.100778
-0.000041 -0.000029 0.100778 0.045045
20.357114 1.202782 25.064070 2.079268
0.484101 0.101040 -0.000356 0.000114
0.101040 0.045125 0.000113 -0.000003
-0.000356 0.000113 0.483857 0.101028
0.000114 -0.000003 0.101028 0.045134
20.937562 1.198390 26.063171 2.070780
0.483283 0.101098 0.000416 0.000219
0.101098 0.045156 0.000219 0.000013
0.000416 0.000219 0.483217 0.101121
0.000219 0.000013 0.101121 0.045169
21.365225 1.162458 27.207227 2.093535
0.482173 0.101053 0.000648 0.000210
0.101053 0.045153 0.000210 0.000006
0.000648 0.000210 0.482427 0.101136
0.000210 0.000006 0.101136 0.045175
21.293277 1.025371 28.590968 2.164244
0.478401 0.100419 0.001342 0.000308
0.100419 0.045018 0.000308 0.000024
0.001342 0.000308 0.479238 0.100613
0.000308 0.000024 0.100613 0.045061
22.383541 1.146815 30.057396 2.245033
0.478477 0.100622 0.002386 0.000479
0.100622 0.045065 0.000479 0.000059
0.002386 0.000479 0.480138 0.100968
0.000479 0.000059 0.100968 0.045135
22.747738 1.102751 31.233168 2.256278
0.474440 0.099906 -0.000276 -0.000136
0.099906 0.044906 -0.000137 -0.000073
-0.000276 -0.000137 0.476785 0.100364
-0.000136 -0.000073 0.100364 0.044994
22.992262 1.038082 31.948375 2.169283
0.474468 0.100085 -0.002195 -0.000529
0.100085 0.044944 -0.000530 -0.000145
-0.002195 -0.000530 0.476977 0.100538
-0.000529 -0.000145 0.100538 0.045026
23.026777 0.935760 32.716622 2.102549
0.474849 0.100288 -0.001157 -0.000259
0.100288 0.044977 -0.000260 -0.000072
-0.001157 -0.000260 0.477727 0.100786
-0.000259 -0.000072 0.100786 0.045065
24.156157 1.075581 34.160210 2.185360
0.471164 0.099586 -0.000510 -0.000102
0.099586 0.044811 -0.000102 -0.000031
-0.000510 -0.000102 0.475439 0.100347
-0.000102 -0.000031 0.100347 0.044952
25.168351 1.175974 35.227090 2.179922
0.472784 0.100051 -0.000906 -0.000180
0.100051 0.044903 -0.000181 -0.000045
-0.000906 -0.000181 0.477731 0.100902
-0.000180 -0.000045 0.100902 0.045058
25.847579 1.195248 35.433513 1.993313
0.474743 0.100518 -0.000920 -0.000171
0.100518 0.044984 -0.000171 -0.000039
-0.000920 -0.000171 0.479069 0.101185
-0.000171 -0.000039 0.101185 0.045096
26.724213 1.254305 36.233160 1.951737
0.473552 0.100258 -0.001139 -0.000207
0.100258 0.044902 -0.000207 -0.000044
-0.001139 -0.000207 0.478505 0.101031
-0.000207 -0.000044 0.101031 0.045039
27.442972 1.273735 37.556126 2.025015
0.473933 0.100347 -0.000758 -0.000113
0.100347 0.044903 -0.000113 -0.000022
-0.000758 -0.000113 0.480486 0.101427
-0.000113 -0.000022 0.101427 0.045105
28.453008 1.352756 38.722287 2.057469
0.474339 0.100424 -0.001208 -0.000206
0.100424 0.044901 -0.000206 -0.000042
-0.001208 -0.000206 0.482019 0.101688
-0.000206 -0.000042 0.101688 0.045138
29.368553 1.403361 39.590755 2.023716
0.475880 0.100730 -0.000827 -0.000115
0.100730 0.044949 -0.000114 -0.000021
-0.000827 -0.000114 0.484071 0.102039
-0.000115 -0.000021 0.102039 0.045191
30.359440 1.464438 39.744427 1.843044
0.475780 0.100657 -0.000980 -0.000147
0.100657 0.044915 -0.000147 -0.000029
-0.000980 -0.000147 0.483010 0.101708
-0.000147 -0.000029 0.101708 0.045100
31.301120 1.508735 40.673078 1.844572
0.477781 0.101038 -0.004058 -0.000791
0.101038 0.044982 -0.000794 -0.000165
-0.004058 -0.000794 0.485827 0.102237
-0.000791 -0.000165 0.102237 0.045203
32.390645 1.579579 41.669323 1.860208
0.477336 0.100869 -0.007103 -0.001368
0.100869 0.044929 -0.001374 -0.000276
-0.007103 -0.001374 0.486341 0.102240
-0.001368 -0.000276 0.102240 0.045189
32.903555 1.521077 42.556362 1.851027
0.476401 0.100620 -0.008850 -0.001626
0.100620 0.044867 -0.001632 -0.000313
-0.008850 -0.001632 0.486785 0.102242
-0.001626 -0.000313 0.102242 0.045181
33.526766 1.491998 43.375254 1.828546
0.473820 0.100055 -0.007921 -0.001313
0.100055 0.044747 -0.001316 -0.000232
-0.007921 -0.001316 0.485349 0.101865
-0.001313 -0.000232 0.101865 0.045099
33.451445 1.318412 44.204238 1.809919
0.472435 0.099800 -0.006068 -0.000853
0.099800 0.044703 -0.000851 -0.000131
-0.006068 -0.000851 0.485950 0.101965
-0.000853 -0.000131 0.101965 0.045126
33.475368 1.184438 45.445323 1.879842
0.473540 0.100089 -0.007302 -0.001094
0.100089 0.044775 -0.001091 -0.000189
-0.007302 -0.001091 0.489702 0.102721
-0.001094 -0.000189 0.102721 0.045289
34.009934 1.172582 46.721062 1.950168
0.472134 0.099814 -0.007214 -0.001043
0.099814 0.044719 -0.001039 -0.000182
-0.007214 -0.001039 0.490485 0.102792
-0.001043 -0.000182 0.102792 0.045296
34.742513 1.203392 47.567751 1.923432
0.469863 0.099375 -0.010554 -0.001724
0.099375 0.044632 -0.001727 -0.000332
-0.010554 -0.001727 0.489017 0.102395
-0.001724 -0.000332 0.102395 0.045208
35.518496 1.240116 48.386169 1.893642
0.467594 0.098970 -0.015509 -0.002685
0.098970 0.044556 -0.002698 -0.000529
-0.015509 -0.002698 0.487531 0.102045
-0.002685 -0.000529 0.102045 0.045140
