3.348393 2.301481 0.375265 -0.741938
2.516402 1.006583 -0.226027 -0.090413
1.006583 80.406708 -0.090413 -0.036166
-0.226027 -0.090413 2.565127 1.026073
-0.090413 -0.036166 1.026073 80.414505
3.513992 0.648761 3.409224 5.165143
2.337632 4.074608 -0.193016 -0.290622
4.074608 15.617820 -0.291708 -1.074969
-0.193016 -0.291708 2.323251 4.039810
-0.290622 -1.074969 4.039810 15.679559
5.484651 2.530767 2.004151 0.563552
1.981109 2.282032 -0.171601 -0.190244
2.282032 4.560745 -0.190071 -0.375468
-0.171601 -0.190071 2.052263 2.370985
-0.190244 -0.375468 2.370985 4.697156
6.434223 2.264887 2.976349 1.145489
1.657343 1.399672 -0.150069 -0.124637
1.399672 1.893632 -0.124588 -0.165592
-0.150069 -0.124588 1.723343 1.453302
-0.124637 -0.165592 1.453302 1.946615
7.182425 2.010459 4.971802 2.088134
1.468646 0.976547 -0.118865 -0.077926
0.976547 0.986900 -0.077895 -0.080569
-0.118865 -0.077895 1.500433 0.994308
-0.077926 -0.080569 0.994308 1.001637
8.919969 2.410627 5.873896 2.010760
1.279908 0.699416 -0.102928 -0.056091
0.699416 0.570127 -0.056075 -0.046725
-0.102928 -0.056075 1.317953 0.718305
-0.056091 -0.046725 0.718305 0.582576
9.126632 1.946828 6.363172 1.771894
1.169860 0.543363 -0.091994 -0.042826
0.543363 0.369662 -0.042814 -0.029680
-0.091994 -0.042814 1.200151 0.555906
-0.042826 -0.029680 0.555906 0.376850
10.378485 2.059351 6.649950 1.530461
1.027090 0.414827 -0.062668 -0.025454
0.414827 0.247591 -0.025430 -0.016634
-0.062668 -0.025430 1.062744 0.428141
-0.025454 -0.016634 0.428141 0.253963
11.163589 1.971668 7.199897 1.453553
0.921849 0.330848 -0.042178 -0.015556
0.330848 0.177569 -0.015526 -0.010010
-0.042178 -0.015526 0.955013 0.341738
-0.015556 -0.010010 0.341738 0.182154
10.615924 1.473834 8.535599 1.651675
0.852214 0.276436 -0.034658 -0.011922
0.276436 0.135712 -0.011887 -0.007094
-0.034658 -0.011887 0.868695 0.280825
-0.011922 -0.007094 0.280825 0.137614
10.874855 1.331777 9.426695 1.671479
0.783516 0.232801 -0.040774 -0.012853
0.232801 0.107217 -0.012834 -0.006212
-0.040774 -0.012834 0.794726 0.235460
-0.012853 -0.006212 0.235460 0.108420
12.095618 1.484404 10.706680 1.793232
0.727732 0.200602 -0.034172 -0.009946
0.200602 0.088218 -0.009930 -0.004494
-0.034172 -0.009930 0.737346 0.202802
-0.009946 -0.004494 0.202802 0.089182
12.992173 1.524745 10.762979 1.576171
0.674411 0.174463 -0.035113 -0.009431
0.174463 0.074723 -0.009423 -0.003744
-0.035113 -0.009423 0.687282 0.177481
-0.009431 -0.003744 0.177481 0.075806
14.017365 1.589124 12.477096 1.803015
0.641534 0.157486 -0.027259 -0.006797
0.157486 0.066077 -0.006788 -0.002629
-0.027259 -0.006788 0.649536 0.159151
-0.006797 -0.002629 0.159151 0.066721
14.738237 1.571841 13.933466 1.933206
0.618191 0.145294 -0.028734 -0.006718
0.145294 0.060152 -0.006712 -0.002305
-0.028734 -0.006712 0.622697 0.146110
-0.006718 -0.002305 0.146110 0.060540
14.862624 1.422011 15.363593 2.037940
0.589177 0.133593 -0.026159 -0.005706
0.133593 0.055396 -0.005703 -0.001831
-0.026159 -0.005703 0.589514 0.133505
-0.005706 -0.001831 0.133505 0.055547
15.937933 1.502351 16.364421 2.034190
0.568898 0.125466 -0.017493 -0.003468
0.125466 0.052221 -0.003464 -0.001161
-0.017493 -0.003464 0.569627 0.125568
-0.003468 -0.001161 0.125568 0.052401
16.822738 1.530743 16.779519 1.904300
0.558427 0.120567 -0.017738 -0.003404
0.120567 0.050256 -0.003400 -0.001047
-0.017738 -0.003400 0.560185 0.120949
-0.003404 -0.001047 0.120949 0.050477
16.941020 1.393480 17.919460 1.943612
0.541357 0.114961 -0.015922 -0.002898
0.114961 0.048464 -0.002897 -0.000857
-0.015922 -0.002897 0.541096 0.114927
-0.002898 -0.000857 0.114927 0.048572
17.550633 1.375329 19.036878 1.974120
0.529689 0.111225 -0.011966 -0.001982
0.111225 0.047329 -0.001982 -0.000604
-0.011966 -0.001982 0.528759 0.111090
-0.001982 -0.000604 0.111090 0.047401
18.321762 1.392542 19.838962 1.935612
0.513293 0.106989 -0.008994 -0.001360
0.106989 0.046253 -0.001360 -0.000441
-0.008994 -0.001360 0.512424 0.106901
-0.001360 -0.000441 0.106901 0.046323
18.881937 1.364666 21.235168 2.024595
0.507154 0.105374 -0.005833 -0.000735
0.105374 0.045854 -0.000736 -0.000290
-0.005833 -0.000736 0.505797 0.105206
-0.000735 -0.000290 0.105206 0.045893
19.534141 1.358351 22.167628 2.007985
0.500599 0.103861 -0.007793 -0.001218
0.103861 0.045523 -0.001219 -0.000380
-0.007793 -0.001219 0.499297 0.103724
-0.001218 -0.000380 0.103724 0.045558
20.148549 1.344468 22.605803 1.890358
0.492781 0.102251 -0.007817 -0.001237
0.102251 0.045206 -0.001238 -0.000365
-0.007817 -0.001238 0.491493 0.102126
-0.001237 -0.000365 0.102126 0.045233
20.948692 1.370809 23.241744 1.826093
0.491094 0.102069 -0.005071 -0.000664
0.102069 0.045211 -0.000665 -0.000227
-0.005071 -0.000665 0.490077 0.102003
-0.000664 -0.000227 0.102003 0.045240
21.535360 1.350666 24.737902 1.947586
0.485343 0.101039 -0.004015 -0.000492
0.101039 0.045031 -0.000492 -0.000185
-0.004015 -0.000492 0.485032 0.101113
-0.000492 -0.000185 0.101113 0.045079
22.327252 1.375010 25.743422 1.954286
0.486494 0.101523 -0.004476 -0.000637
0.101523 0.045172 -0.000637 -0.000210
-0.004476 -0.000637 0.486699 0.101683
-0.000637 -0.000210 0.101683 0.045227
22.847051 1.339956 26.724222 1.954957
0.483574 0.101080 -0.003252 -0.000407
0.101080 0.045097 -0.000407 -0.000154
-0.003252 -0.000407 0.484445 0.101351
-0.000407 -0.000154 0.101351 0.045165
22.931954 1.217149 27.111634 1.831045
0.482487 0.101037 -0.001322 -0.000042
0.101037 0.045105 -0.000042 -0.000073
-0.001322 -0.000042 0.483225 0.101241
-0.000042 -0.000073 0.101241 0.045149
23.248565 1.156076 28.488835 1.927793
0.482649 0.101230 0.000402 0.000256
0.101230 0.045153 0.000256 -0.000011
0.000402 0.000256 0.485180 0.101783
0.000256 -0.000011 0.101783 0.045265
23.472979 1.081773 29.178875 1.870244
0.483247 0.101470 0.004690 0.001076
0.101470 0.045201 0.001077 0.000158
0.004690 0.001077 0.486238 0.102061
0.001076 0.000158 0.102061 0.045311
23.809924 1.038865 30.640993 1.980899
0.478631 0.100569 -0.001678 -0.000404
0.100569 0.045000 -0.000404 -0.000167
-0.001678 -0.000404 0.484389 0.101688
-0.000404 -0.000167 0.101688 0.045214
24.747321 1.126785 31.914044 2.040220
0.475485 0.100042 0.003375 0.000676
0.100042 0.044892 0.000677 0.000079
0.003375 0.000677 0.483310 0.101501
0.000676 0.000079 0.101501 0.045165
25.197309 1.102912 32.827763 2.017893
0.473050 0.099690 -0.000483 -0.000214
0.099690 0.044825 -0.000216 -0.000111
-0.000483 -0.000216 0.482242 0.101324
-0.000214 -0.000111 0.101324 0.045120
25.214319 0.990093 33.852907 2.021405
0.468378 0.098870 -0.002450 -0.000609
0.098870 0.044657 -0.000613 -0.000178
-0.002450 -0.000613 0.480185 0.100943
-0.000609 -0.000178 0.100943 0.045035
25.665305 0.980768 34.919911 2.033253
0.471794 0.099806 -0.003538 -0.000781
0.099806 0.044867 -0.000785 -0.000194
-0.003538 -0.000785 0.485392 0.102114
-0.000781 -0.000194 0.102114 0.045281
25.611911 0.865639 36.025159 2.051849
0.467061 0.098892 -0.000305 -0.000031
0.098892 0.044659 -0.000030 -0.000016
-0.000305 -0.000030 0.484219 0.101818
-0.000031 -0.000016 0.101818 0.045196
26.162954 0.890705 36.971284 2.035079
0.464281 0.098455 -0.005417 -0.001113
0.098455 0.044566 -0.001121 -0.000245
-0.005417 -0.001121 0.483575 0.101662
-0.001113 -0.000245 0.101662 0.045149
27.076843 0.990257 38.092410 2.056978
0.459005 0.097498 -0.007765 -0.001512
0.097498 0.044364 -0.001522 -0.000310
-0.007765 -0.001522 0.481435 0.101205
-0.001512 -0.000310 0.101205 0.045044
27.905238 1.061442 39.554338 2.148305
0.459180 0.097759 -0.009291 -0.001710
0.097759 0.044430 -0.001720 -0.000332
-0.009291 -0.001720 0.485904 0.102178
-0.001710 -0.000332 0.102178 0.045250
28.539645 1.083198 40.181676 2.054481
0.455372 0.097105 -0.012175 -0.002195
0.097105 0.044286 -0.002211 -0.000419
-0.012175 -0.002211 0.483001 0.101502
-0.002195 -0.000419 0.101502 0.045090
29.079792 1.082356 40.738317 1.955564
0.451179 0.096393 -0.017719 -0.003212
0.096393 0.044134 -0.003244 -0.000619
-0.017719 -0.003244 0.480017 0.100875
-0.003212 -0.000619 0.100875 0.044956
29.821155 1.125265 41.733879 1.959632
0.450583 0.096484 -0.019903 -0.003448
0.096484 0.044159 -0.003476 -0.000641
-0.019903 -0.003476 0.482333 0.101422
-0.003448 -0.000641 0.101422 0.045080
30.887703 1.234115 43.049368 2.031312
0.453435 0.097268 -0.020143 -0.003279
0.097268 0.044322 -0.003296 -0.000584
-0.020143 -0.003296 0.488699 0.102764
-0.003279 -0.000584 0.102764 0.045359
31.772807 1.292610 44.445211 2.111858
0.450765 0.096735 -0.028835 -0.004950
0.096735 0.044176 -0.004989 -0.000937
-0.028835 -0.004989 0.491949 0.103300
-0.004950 -0.000937 0.103300 0.045440
32.955610 1.408135 45.558906 2.125634
0.447977 0.096213 -0.033339 -0.005614
0.096213 0.044046 -0.005658 -0.001053
-0.033339 -0.005658 0.492577 0.103256
-0.005614 -0.001053 0.103256 0.045400
33.843552 1.445826 46.112019 2.019489
0.457794 0.098447 -0.033001 -0.005200
0.098447 0.044519 -0.005245 -0.000935
-0.033001 -0.005245 0.499184 0.104506
-0.005200 -0.000935 0.104506 0.045646
34.576665 1.444013 46.157934 1.817940
0.457976 0.098375 -0.029812 -0.004319
0.098375 0.044453 -0.004351 -0.000749
-0.029812 -0.004351 0.495866 0.103589
-0.004319 -0.000749 0.103589 0.045425
35.394871 1.464979 47.135712 1.832736
0.457758 0.098206 -0.031319 -0.004544
0.098206 0.044374 -0.004563 -0.000818
-0.031319 -0.004563 0.499244 0.104168
-0.004544 -0.000818 0.104168 0.045540
36.649831 1.577186 48.065641 1.837935
0.462669 0.099173 -0.030269 -0.004217
0.099173 0.044554 -0.004224 -0.000764
-0.030269 -0.004224 0.504435 0.105103
-0.004217 -0.000764 0.105103 0.045727
