3.269671 2.269991 -1.031480 -1.304648
2.381362 0.952565 -0.227509 -0.091005
0.952565 80.385101 -0.091005 -0.036403
-0.227509 -0.091005 2.426426 0.970591
-0.091005 -0.036403 0.970591 80.392312
6.526559 6.031967 0.087415 1.841412
2.176300 3.818454 -0.198414 -0.304526
3.818454 14.824602 -0.302085 -1.115084
-0.198414 -0.302085 2.338630 4.094375
-0.304526 -1.115084 4.094375 15.424100
3.706944 -0.726574 0.967382 1.774325
1.859339 2.152123 -0.285398 -0.321108
2.152123 4.316257 -0.321951 -0.529558
-0.285398 -0.321951 1.992914 2.286505
-0.321108 -0.529558 2.286505 4.502432
4.871433 0.570736 2.095440 1.987528
1.642102 1.390717 -0.234863 -0.185948
1.390717 1.847478 -0.186365 -0.213427
-0.234863 -0.186365 1.720567 1.444769
-0.185948 -0.213427 1.444769 1.909057
6.306928 1.333389 3.039081 1.961137
1.455139 0.964053 -0.207486 -0.128434
0.964053 0.956819 -0.128624 -0.112781
-0.207486 -0.128624 1.520069 1.001586
-0.128434 -0.112781 1.001586 0.992114
6.958091 1.323336 3.676129 1.774974
1.262585 0.685658 -0.154731 -0.077897
0.685658 0.550217 -0.077946 -0.058337
-0.154731 -0.077946 1.316655 0.712524
-0.077897 -0.058337 0.712524 0.571629
9.252424 2.078707 5.147205 2.049012
1.095804 0.505339 -0.120334 -0.051849
0.505339 0.344633 -0.051841 -0.034369
-0.120334 -0.051841 1.148683 0.528553
-0.051849 -0.034369 0.528553 0.359906
8.351416 1.298775 6.664821 2.242990
1.014267 0.408025 -0.097702 -0.037094
0.408025 0.240674 -0.037128 -0.022131
-0.097702 -0.037128 1.039679 0.417481
-0.037094 -0.022131 0.417481 0.247553
9.472179 1.467368 7.929945 2.294914
0.919884 0.328535 -0.089017 -0.030573
0.328535 0.173857 -0.030597 -0.016113
-0.089017 -0.030597 0.940764 0.335886
-0.030573 -0.016113 0.335886 0.178779
9.866163 1.358364 9.688118 2.491710
0.844779 0.272415 -0.071566 -0.022266
0.272415 0.132329 -0.022293 -0.010975
-0.071566 -0.022293 0.853825 0.275533
-0.022266 -0.010975 0.275533 0.135057
10.801559 1.433888 10.690364 2.419793
0.793069 0.234217 -0.062148 -0.017819
0.234217 0.106140 -0.017841 -0.008109
-0.062148 -0.017841 0.801404 0.237153
-0.017819 -0.008109 0.237153 0.108348
11.907593 1.540187 11.501254 2.310503
0.740443 0.202658 -0.049294 -0.013084
0.202658 0.087636 -0.013105 -0.005748
-0.049294 -0.013105 0.749775 0.205778
-0.013084 -0.005748 0.205778 0.089527
12.742635 1.556452 11.671242 2.056933
0.691524 0.177444 -0.043493 -0.010858
0.177444 0.074602 -0.010874 -0.004468
-0.043493 -0.010874 0.702903 0.180903
-0.010858 -0.004468 0.180903 0.076283
13.823052 1.629831 12.394969 1.982753
0.643044 0.156409 -0.035255 -0.008281
0.156409 0.065110 -0.008296 -0.003324
-0.035255 -0.008296 0.654600 0.159646
-0.008281 -0.003324 0.159646 0.066493
14.036698 1.489867 13.785497 2.075673
0.622997 0.145198 -0.031957 -0.007142
0.145198 0.059618 -0.007157 -0.002693
-0.031957 -0.007157 0.629274 0.146964
-0.007142 -0.002693 0.146964 0.060475
14.575454 1.443954 15.663282 2.264883
0.601713 0.135363 -0.024339 -0.005119
0.135363 0.055420 -0.005136 -0.001959
-0.024339 -0.005136 0.603224 0.135960
-0.005119 -0.001959 0.135960 0.055899
15.152472 1.412323 16.926618 2.293484
0.579913 0.126832 -0.018542 -0.003704
0.126832 0.052221 -0.003720 -0.001457
-0.018542 -0.003720 0.579622 0.127037
-0.003704 -0.001457 0.127037 0.052544
15.961734 1.434166 17.649602 2.202597
0.560549 0.120009 -0.017448 -0.003416
0.120009 0.049902 -0.003429 -0.001258
-0.017448 -0.003429 0.560460 0.120276
-0.003416 -0.001258 0.120276 0.050187
16.879587 1.476332 18.464869 2.142261
0.543846 0.114672 -0.008544 -0.001467
0.114672 0.048254 -0.001481 -0.000733
-0.008544 -0.001481 0.544044 0.114994
-0.001467 -0.000733 0.114994 0.048503
17.851120 1.524987 19.406716 2.115319
0.527049 0.110003 -0.009944 -0.001844
0.110003 0.046982 -0.001854 -0.000748
-0.009944 -0.001854 0.527340 0.110319
-0.001844 -0.000748 0.110319 0.047190
18.418046 1.484318 20.270633 2.074939
0.516829 0.107269 -0.007162 -0.001272
0.107269 0.046280 -0.001281 -0.000563
-0.007162 -0.001281 0.516698 0.107467
-0.001272 -0.000563 0.107467 0.046430
18.593388 1.367080 21.563657 2.127736
0.506370 0.104811 -0.003587 -0.000564
0.104811 0.045723 -0.000573 -0.000367
-0.003587 -0.000573 0.505263 0.104782
-0.000564 -0.000367 0.104782 0.045800
19.319717 1.375913 22.521622 2.105789
0.498370 0.103127 -0.005130 -0.000957
0.103127 0.045385 -0.000964 -0.000416
-0.005130 -0.000964 0.497320 0.103102
-0.000957 -0.000416 0.103102 0.045445
20.052397 1.385160 23.464967 2.083059
0.497315 0.103046 -0.003727 -0.000676
0.103046 0.045407 -0.000682 -0.000319
-0.003727 -0.000682 0.496461 0.103050
-0.000676 -0.000319 0.103050 0.045458
20.745226 1.385271 24.911364 2.167193
0.491520 0.101977 -0.000655 -0.000058
0.101977 0.045216 -0.000064 -0.000161
-0.000655 -0.000064 0.491302 0.102095
-0.000058 -0.000161 0.102095 0.045277
21.096259 1.314250 26.153614 2.200212
0.491049 0.102097 0.000178 0.000052
0.102097 0.045281 0.000047 -0.000122
0.000178 0.000047 0.491401 0.102306
0.000052 -0.000122 0.102306 0.045347
22.301346 1.428415 26.886626 2.123634
0.485204 0.101060 0.003726 0.000737
0.101060 0.045089 0.000732 0.000036
0.003726 0.000732 0.485890 0.101301
0.000737 0.000036 0.101301 0.045150
22.799046 1.383160 28.102114 2.155805
0.486120 0.101506 -0.004703 -0.001128
0.101506 0.045214 -0.001131 -0.000350
-0.004703 -0.001131 0.487947 0.101948
-0.001128 -0.000350 0.101948 0.045308
23.549832 1.395540 29.209371 2.161939
0.485839 0.101621 -0.003119 -0.000705
0.101621 0.045248 -0.000708 -0.000223
-0.003119 -0.000708 0.488742 0.102236
-0.000705 -0.000223 0.102236 0.045368
24.386738 1.424684 30.035516 2.108596
0.481992 0.100949 -0.000573 -0.000123
0.100949 0.045107 -0.000125 -0.000077
-0.000573 -0.000125 0.485495 0.101628
-0.000123 -0.000077 0.101628 0.045231
24.324403 1.262166 30.797572 2.047370
0.479722 0.100644 -0.002873 -0.000612
0.100644 0.045049 -0.000614 -0.000171
-0.002873 -0.000614 0.484482 0.101527
-0.000612 -0.000171 0.101527 0.045208
24.330637 1.130841 31.653513 2.012138
0.476854 0.100211 -0.002997 -0.000594
0.100211 0.044962 -0.000595 -0.000151
-0.002997 -0.000595 0.483227 0.101363
-0.000594 -0.000151 0.101363 0.045170
24.547319 1.057348 32.188921 1.913263
0.479374 0.100921 -0.003511 -0.000662
0.100921 0.045115 -0.000663 -0.000153
-0.003511 -0.000663 0.485867 0.102012
-0.000662 -0.000153 0.102012 0.045302
24.832771 1.005998 32.720726 1.823994
0.480554 0.101250 -0.004151 -0.000753
0.101250 0.045168 -0.000755 -0.000162
-0.004151 -0.000755 0.487445 0.102357
-0.000753 -0.000162 0.102357 0.045356
25.810660 1.106076 33.612180 1.819845
0.474911 0.100087 -0.008288 -0.001577
0.100087 0.044900 -0.001581 -0.000327
-0.008288 -0.001581 0.483747 0.101551
-0.001577 -0.000327 0.101551 0.045163
26.658444 1.168597 35.065479 1.934145
0.473056 0.099818 -0.010993 -0.002027
0.099818 0.044842 -0.002031 -0.000401
-0.010993 -0.002031 0.485819 0.102030
-0.002027 -0.000401 0.102030 0.045258
27.986492 1.325436 35.689910 1.862857
0.472611 0.099850 -0.009380 -0.001543
0.099850 0.044848 -0.001544 -0.000278
-0.009380 -0.001544 0.484948 0.101838
-0.001543 -0.000278 0.101838 0.045203
28.105039 1.210612 36.872342 1.914991
0.472922 0.100013 -0.010013 -0.001596
0.100013 0.044875 -0.001593 -0.000285
-0.010013 -0.001593 0.489411 0.102778
-0.001596 -0.000285 0.102778 0.045391
28.534023 1.173647 38.117681 1.975179
0.466573 0.098731 -0.009578 -0.001441
0.098731 0.044591 -0.001433 -0.000252
-0.009578 -0.001433 0.487695 0.102330
-0.001441 -0.000252 0.102330 0.045273
28.890341 1.125005 39.275435 2.010572
0.458887 0.097264 -0.011989 -0.001913
0.097264 0.044288 -0.001905 -0.000357
-0.011989 -0.001905 0.484617 0.101642
-0.001913 -0.000357 0.101642 0.045117
29.224135 1.076448 40.324760 2.019473
0.456186 0.096966 -0.012246 -0.001892
0.096966 0.044252 -0.001881 -0.000350
-0.012246 -0.001881 0.485337 0.101822
-0.001892 -0.000350 0.101822 0.045160
30.172360 1.163578 41.167954 1.985189
0.454729 0.096904 -0.020073 -0.003473
0.096904 0.044253 -0.003489 -0.000689
-0.020073 -0.003489 0.485174 0.101784
-0.003473 -0.000689 0.101784 0.045148
30.677300 1.147108 42.136798 1.980045
0.457444 0.097708 -0.020231 -0.003302
0.097708 0.044431 -0.003311 -0.000626
-0.020231 -0.003311 0.489996 0.102807
-0.003302 -0.000626 0.102807 0.045364
30.988210 1.092360 43.729223 2.105760
0.454401 0.097170 -0.016842 -0.002446
0.097170 0.044298 -0.002421 -0.000431
-0.016842 -0.002421 0.494346 0.103640
-0.002446 -0.000431 0.103640 0.045522
31.688450 1.125430 44.809522 2.111885
0.456751 0.097802 -0.017022 -0.002431
0.097802 0.044422 -0.002406 -0.000439
-0.017022 -0.002406 0.498913 0.104438
-0.002431 -0.000439 0.104438 0.045661
32.791208 1.239408 45.174914 1.968934
0.453999 0.097230 -0.025120 -0.004099
0.097230 0.044268 -0.004126 -0.000813
-0.025120 -0.004126 0.494710 0.103327
-0.004099 -0.000813 0.103327 0.045393
33.574272 1.273318 45.772556 1.888621
0.453415 0.097173 -0.028554 -0.004640
0.097173 0.044239 -0.004680 -0.000913
-0.028554 -0.004680 0.494631 0.103222
-0.004640 -0.000913 0.103222 0.045369
33.911086 1.206663 46.033336 1.744915
0.447789 0.096037 -0.025916 -0.003909
0.096037 0.043983 -0.003923 -0.000741
-0.025916 -0.003923 0.489628 0.102133
-0.003909 -0.000741 0.102133 0.045149
34.906652 1.291089 46.930839 1.751554
0.450549 0.096771 -0.029093 -0.004462
0.096771 0.044143 -0.004486 -0.000862
-0.029093 -0.004486 0.494145 0.103123
-0.004462 -0.000862 0.103123 0.045378
35.834042 1.350510 47.490671 1.686660
0.452382 0.097221 -0.029009 -0.004308
0.097221 0.044224 -0.004328 -0.000828
-0.029009 -0.004328 0.495617 0.103395
-0.004308 -0.000828 0.103395 0.045438
