3.524509 2.371928 1.440376 -0.315884
2.328815 0.931546 -0.663388 -0.265361
0.931546 80.376693 -0.265361 -0.106147
-0.663388 -0.265361 4.378763 1.751543
-0.265361 -0.106147 1.751543 80.704699
3.050385 -0.432603 3.631085 3.361470
3.527024 6.188127 -0.566463 -0.724627
6.188127 18.768033 -0.950463 -2.932265
-0.566463 -0.950463 0.926878 1.455844
-0.724627 -2.932265 1.455844 15.551315
1.348444 -2.010234 3.955815 1.228950
2.873230 3.113191 -0.843336 -1.060994
3.113191 5.311534 -0.956325 -1.618032
-0.843336 -0.956325 2.624604 3.867777
-1.060994 -1.618032 3.867777 7.608656
3.692904 0.631896 3.442803 0.285815
0.486443 0.383301 -0.374758 -0.331474
0.383301 1.066721 -0.290874 -0.413540
-0.374758 -0.290874 2.604977 2.390401
-0.331474 -0.413540 2.390401 2.788211
5.613074 1.990697 4.811486 1.077911
0.822908 0.667132 -0.471993 -0.323716
0.667132 0.868911 -0.335504 -0.302750
-0.471993 -0.335504 2.007216 1.337319
-0.323716 -0.302750 1.337319 1.166618
6.121344 1.662133 5.040765 0.918556
1.169687 0.758479 -0.477551 -0.260454
0.758479 0.652563 -0.268330 -0.185018
-0.477551 -0.268330 1.847672 0.976704
-0.260454 -0.185018 0.976704 0.672213
7.131356 1.748019 5.041403 0.716970
1.298923 0.674916 -0.460355 -0.206434
0.674916 0.444017 -0.211963 -0.118291
-0.460355 -0.211963 1.680490 0.737913
-0.206434 -0.118291 0.737913 0.424265
8.268716 1.869209 5.903530 0.906263
1.119736 0.482133 -0.388031 -0.147359
0.482133 0.269580 -0.149747 -0.072127
-0.388031 -0.149747 1.456667 0.548808
-0.147359 -0.072127 0.548808 0.277613
9.163136 1.869396 7.828879 1.395101
0.908039 0.335805 -0.338575 -0.112023
0.335805 0.169810 -0.114008 -0.048410
-0.338575 -0.114008 1.211015 0.401972
-0.112023 -0.048410 0.401972 0.187381
9.290919 1.609972 9.377139 1.648461
0.877541 0.287638 -0.331308 -0.097427
0.287638 0.130666 -0.100050 -0.037260
-0.331308 -0.100050 1.046414 0.313106
-0.097427 -0.037260 0.313106 0.137340
10.138511 1.621328 10.049372 1.606682
0.868068 0.256846 -0.292524 -0.076962
0.256846 0.106920 -0.078602 -0.026622
-0.292524 -0.078602 0.973896 0.267605
-0.076962 -0.026622 0.267605 0.110644
11.233225 1.695249 10.428814 1.499352
0.726445 0.196092 -0.279227 -0.067598
0.196092 0.080562 -0.069374 -0.021492
-0.279227 -0.069374 0.792841 0.202194
-0.067598 -0.021492 0.202194 0.084419
12.254384 1.748897 12.105968 1.727697
0.673411 0.170068 -0.212659 -0.046289
0.170068 0.068615 -0.047361 -0.014054
-0.212659 -0.047361 0.701669 0.169824
-0.046289 -0.014054 0.169824 0.071143
13.182270 1.757763 12.578987 1.636305
0.649336 0.155058 -0.199101 -0.040387
0.155058 0.061517 -0.041137 -0.011439
-0.199101 -0.041137 0.677068 0.157270
-0.040387 -0.011439 0.157270 0.064658
14.813152 1.922989 12.598351 1.462964
0.586031 0.133918 -0.149862 -0.027584
0.133918 0.054432 -0.027665 -0.007663
-0.149862 -0.027665 0.641324 0.144207
-0.027584 -0.007663 0.144207 0.059255
15.123146 1.782669 13.841714 1.568842
0.562720 0.124492 -0.137886 -0.024161
0.124492 0.051026 -0.024372 -0.006514
-0.137886 -0.024372 0.600301 0.131216
-0.024161 -0.006514 0.131216 0.054634
15.500573 1.668195 14.427354 1.519797
0.561588 0.121316 -0.128113 -0.021288
0.121316 0.049551 -0.021509 -0.005533
-0.128113 -0.021509 0.592595 0.127019
-0.021288 -0.005533 0.127019 0.052600
16.032173 1.604976 15.329956 1.546694
0.539808 0.114426 -0.107744 -0.016674
0.114426 0.047582 -0.016917 -0.004348
-0.107744 -0.016917 0.561531 0.118473
-0.016674 -0.004348 0.118473 0.049990
16.989127 1.640766 16.396931 1.610403
0.510717 0.107113 -0.072895 -0.009514
0.107113 0.045847 -0.009732 -0.002745
-0.072895 -0.009732 0.527231 0.110374
-0.009514 -0.002745 0.110374 0.047853
17.618019 1.604398 17.591426 1.690109
0.518795 0.108258 -0.058770 -0.006916
0.108258 0.046055 -0.007197 -0.002166
-0.058770 -0.007197 0.525314 0.109640
-0.006916 -0.002166 0.109640 0.047456
18.033604 1.525609 18.640114 1.729104
0.517896 0.107383 -0.058096 -0.007383
0.107383 0.045821 -0.007677 -0.002271
-0.058096 -0.007677 0.516423 0.107363
-0.007383 -0.002271 0.107363 0.046768
18.288113 1.419815 19.446838 1.712839
0.489581 0.101089 -0.049209 -0.006201
0.101089 0.044527 -0.006482 -0.002037
-0.049209 -0.006482 0.481689 0.099995
-0.006201 -0.002037 0.099995 0.045116
18.758043 1.372918 20.721181 1.798531
0.495602 0.102652 -0.030552 -0.002679
0.102652 0.045002 -0.002976 -0.001255
-0.030552 -0.002976 0.483000 0.100887
-0.002679 -0.001255 0.100887 0.045353
19.252926 1.336662 22.236761 1.926709
0.484017 0.100331 -0.022969 -0.001833
0.100331 0.044599 -0.002100 -0.001100
-0.022969 -0.002100 0.468744 0.098244
-0.001833 -0.001100 0.098244 0.044785
20.006402 1.353497 23.003563 1.885680
0.481794 0.100145 -0.023077 -0.002495
0.100145 0.044660 -0.002698 -0.001227
-0.023077 -0.002698 0.468806 0.098745
-0.002495 -0.001227 0.098745 0.044905
21.014171 1.422592 23.956844 1.889222
0.479521 0.099992 -0.012555 -0.000726
0.099992 0.044718 -0.000903 -0.000813
-0.012555 -0.000903 0.471645 0.099745
-0.000726 -0.000813 0.099745 0.045111
21.805434 1.440067 25.187039 1.949990
0.470459 0.098403 0.000611 0.001518
0.098403 0.044454 0.001359 -0.000322
0.000611 0.001359 0.469317 0.099478
0.001518 -0.000322 0.099478 0.045016
22.003264 1.331233 26.771135 2.078458
0.455198 0.095613 0.018825 0.004733
0.095613 0.043943 0.004584 0.000355
0.018825 0.004584 0.467065 0.099188
0.004733 0.000355 0.099188 0.044916
22.752715 1.348887 27.984519 2.115480
0.460212 0.097279 0.007601 0.001532
0.097279 0.044388 0.001423 -0.000351
0.007601 0.001423 0.479640 0.102003
0.001532 -0.000351 0.102003 0.045473
23.758480 1.418669 29.509471 2.214358
0.437560 0.092851 -0.007664 -0.002052
0.092851 0.043478 -0.002157 -0.001047
-0.007664 -0.002157 0.476953 0.101276
-0.002052 -0.001047 0.101276 0.045229
24.572003 1.441281 30.248942 2.136279
0.433133 0.092625 -0.009696 -0.002415
0.092625 0.043514 -0.002504 -0.000991
-0.009696 -0.002504 0.474776 0.100710
-0.002415 -0.000991 0.100710 0.045048
24.884980 1.353602 31.158229 2.102816
0.446578 0.096153 -0.010872 -0.002538
0.096153 0.044320 -0.002616 -0.000899
-0.010872 -0.002616 0.490963 0.104089
-0.002538 -0.000899 0.104089 0.045724
25.434097 1.326044 32.281337 2.117984
0.452136 0.097539 -0.013915 -0.003020
0.097539 0.044569 -0.003098 -0.000902
-0.013915 -0.003098 0.506277 0.106946
-0.003020 -0.000902 0.106946 0.046234
25.542882 1.206439 33.199708 2.088308
0.441328 0.095208 -0.006851 -0.001328
0.095208 0.043989 -0.001346 -0.000446
-0.006851 -0.001346 0.510213 0.107164
-0.001328 -0.000446 0.107164 0.046162
25.658964 1.101035 33.978562 2.032712
0.430511 0.093063 -0.012302 -0.002426
0.093063 0.043500 -0.002476 -0.000644
-0.012302 -0.002476 0.512208 0.107020
-0.002426 -0.000644 0.107020 0.046048
26.174683 1.093640 35.220884 2.079698
0.426486 0.092544 -0.013701 -0.002568
0.092544 0.043396 -0.002608 -0.000620
-0.013701 -0.002608 0.526640 0.109552
-0.002568 -0.000620 0.109552 0.046525
26.868636 1.125780 36.349603 2.098225
0.441626 0.096174 -0.020560 -0.003817
0.096174 0.044187 -0.003922 -0.000847
-0.020560 -0.003922 0.542681 0.112226
-0.003817 -0.000847 0.112226 0.047007
27.446720 1.128586 37.070624 2.030858
0.440713 0.095891 -0.023755 -0.004220
0.095891 0.044045 -0.004343 -0.000881
-0.023755 -0.004343 0.542560 0.111406
-0.004220 -0.000881 0.111406 0.046754
28.983797 1.339769 37.870145 1.988719
0.373865 0.081238 -0.046294 -0.008700
0.081238 0.040786 -0.008953 -0.001810
-0.046294 -0.008953 0.546246 0.111514
-0.008700 -0.001810 0.111514 0.046736
29.237865 1.249045 39.224854 2.060537
0.386618 0.085396 -0.049277 -0.008613
0.085396 0.041919 -0.008850 -0.001669
-0.049277 -0.008850 0.564204 0.114651
-0.008613 -0.001669 0.114651 0.047368
29.397678 1.145004 40.210729 2.049265
0.395722 0.088157 -0.052024 -0.008581
0.088157 0.042578 -0.008853 -0.001597
-0.052024 -0.008853 0.568128 0.114726
-0.008581 -0.001597 0.114726 0.047341
29.830810 1.113624 41.216667 2.044673
0.408768 0.091423 -0.050491 -0.007746
0.091423 0.043263 -0.008003 -0.001379
-0.050491 -0.008003 0.568486 0.114206
-0.007746 -0.001379 0.114206 0.047226
31.179132 1.284774 41.254031 1.852192
0.365470 0.081842 -0.017420 -0.001104
0.081842 0.041037 -0.000471 0.000059
-0.017420 -0.000471 0.533772 0.107001
-0.001104 0.000059 0.107001 0.045839
31.800963 1.281371 42.402280 1.896760
0.393956 0.089104 -0.019203 -0.001639
0.089104 0.042747 -0.001305 -0.000197
-0.019203 -0.001305 0.539975 0.108502
-0.001639 -0.000197 0.108502 0.046276
32.496064 1.294084 43.430895 1.913184
0.408090 0.092269 -0.016621 -0.001336
0.092269 0.043345 -0.001087 -0.000229
-0.016621 -0.001087 0.537442 0.108139
-0.001336 -0.000229 0.108139 0.046294
33.370875 1.342998 43.828670 1.801449
0.408226 0.091977 0.000285 0.001779
0.091977 0.043129 0.002238 0.000367
0.000285 0.002238 0.505239 0.101892
0.001779 0.000367 0.101892 0.045128
33.706672 1.267608 44.715766 1.797710
0.435935 0.097807 -0.012729 -0.001326
0.097807 0.044306 -0.001322 -0.000443
-0.012729 -0.001322 0.503663 0.102269
-0.001326 -0.000443 0.102269 0.045358
34.595398 1.324593 45.728593 1.821632
0.458582 0.101958 -0.007373 -0.000374
0.101958 0.045028 -0.000368 -0.000250
-0.007373 -0.000368 0.488873 0.099890
-0.000374 -0.000250 0.099890 0.044984
35.423526 1.360548 46.401298 1.772919
0.462415 0.101635 0.012106 0.003389
0.101635 0.044743 0.003559 0.000538
0.012106 0.003559 0.441521 0.090947
0.003389 0.000538 0.090947 0.043261
35.999077 1.337722 47.232846 1.761357
0.479925 0.104424 0.008274 0.002039
0.104424 0.045209 0.002115 0.000166
0.008274 0.002115 0.419294 0.087780
0.002039 0.000166 0.087780 0.042807
