2.730734 2.054412 0.182872 -0.818897
2.423948 0.969600 -0.056416 -0.022567
0.969600 80.391915 -0.022567 -0.009027
-0.056416 -0.022567 2.432533 0.973034
-0.022567 -0.009027 0.973034 80.393289
4.701913 3.711682 0.396399 0.276968
2.248120 3.939212 -0.078735 -0.126889
3.939212 15.158908 -0.126835 -0.366355
-0.078735 -0.126835 2.271129 3.977838
-0.126889 -0.366355 3.977838 15.248507
3.872667 0.614865 1.635537 1.537596
2.027858 2.341356 -0.058313 -0.060611
2.341356 4.566334 -0.060622 -0.108794
-0.058313 -0.060622 2.037369 2.349582
-0.060611 -0.108794 2.349582 4.581619
5.913246 2.070894 3.324363 2.311861
1.713609 1.438317 -0.031676 -0.024216
1.438317 1.895989 -0.024209 -0.036997
-0.031676 -0.024209 1.723872 1.446237
-0.024216 -0.036997 1.446237 1.905888
7.080016 2.157355 4.452540 2.293600
1.447693 0.953153 -0.018175 -0.011899
0.953153 0.956583 -0.011895 -0.016779
-0.018175 -0.011895 1.456511 0.958667
-0.011899 -0.016779 0.958667 0.961928
8.827596 2.520477 5.318671 2.140913
1.282731 0.696014 -0.016747 -0.009910
0.696014 0.561857 -0.009910 -0.010677
-0.016747 -0.009910 1.292276 0.701040
-0.009910 -0.010677 0.701040 0.565575
8.241401 1.668410 6.352977 2.125732
1.154347 0.532731 -0.025468 -0.012686
0.532731 0.361283 -0.012684 -0.009133
-0.025468 -0.012684 1.159202 0.534826
-0.012686 -0.009133 0.534826 0.362847
9.838591 1.975145 7.326754 2.089497
1.038988 0.417637 -0.021421 -0.009194
0.417637 0.246904 -0.009193 -0.005727
-0.021421 -0.009193 1.044388 0.419764
-0.009194 -0.005727 0.419764 0.248179
11.271776 2.134421 7.982899 1.950562
0.945211 0.337525 -0.014544 -0.005576
0.337525 0.178765 -0.005576 -0.003330
-0.014544 -0.005576 0.951046 0.339585
-0.005576 -0.003330 0.339585 0.179794
10.974960 1.694869 8.231819 1.716883
0.869706 0.280432 -0.012679 -0.004406
0.280432 0.136132 -0.004406 -0.002362
-0.012679 -0.004406 0.874317 0.281884
-0.004406 -0.002362 0.281884 0.136804
12.161548 1.794854 9.569635 1.858289
0.802085 0.236815 -0.012221 -0.003858
0.236815 0.107788 -0.003857 -0.001816
-0.012221 -0.003857 0.805783 0.237872
-0.003858 -0.001816 0.237872 0.108250
12.430192 1.622513 11.273309 2.070472
0.747605 0.204705 -0.007094 -0.002110
0.204705 0.088897 -0.002109 -0.001069
-0.007094 -0.002109 0.749315 0.205141
-0.002110 -0.001069 0.205141 0.089129
13.717877 1.744885 12.269467 2.060332
0.702497 0.180426 -0.004233 -0.001240
0.180426 0.075924 -0.001240 -0.000694
-0.004233 -0.001240 0.704319 0.180884
-0.001240 -0.000694 0.180884 0.076133
14.020948 1.606173 13.808429 2.184311
0.662805 0.161336 -0.002825 -0.000844
0.161336 0.066732 -0.000843 -0.000499
-0.002825 -0.000843 0.663517 0.161506
-0.000844 -0.000499 0.161506 0.066846
14.213025 1.463863 14.845970 2.171741
0.629457 0.146622 -0.005592 -0.001459
0.146622 0.060242 -0.001459 -0.000572
-0.005592 -0.001459 0.629600 0.146666
-0.001459 -0.000572 0.146666 0.060312
14.598180 1.385776 16.614914 2.325423
0.604962 0.136034 -0.003567 -0.000900
0.136034 0.055807 -0.000899 -0.000375
-0.003567 -0.000899 0.604388 0.135930
-0.000900 -0.000375 0.135930 0.055834
15.464795 1.423849 17.092148 2.175447
0.578565 0.126524 -0.004561 -0.001066
0.126524 0.052352 -0.001066 -0.000366
-0.004561 -0.001066 0.578240 0.126496
-0.001066 -0.000366 0.126496 0.052390
16.305713 1.451503 17.598823 2.050908
0.560994 0.120186 -0.005323 -0.001159
0.120186 0.050118 -0.001159 -0.000345
-0.005323 -0.001159 0.560864 0.120209
-0.001159 -0.000345 0.120209 0.050160
16.914439 1.426817 18.769540 2.081570
0.545726 0.115175 -0.007165 -0.001470
0.115175 0.048508 -0.001469 -0.000377
-0.007165 -0.001469 0.545469 0.115171
-0.001470 -0.000377 0.115171 0.048537
17.795854 1.461761 19.193374 1.952674
0.529753 0.110663 -0.006615 -0.001252
0.110663 0.047238 -0.001251 -0.000299
-0.006615 -0.001251 0.529642 0.110690
-0.001252 -0.000299 0.110690 0.047267
17.573838 1.263948 20.368458 1.993603
0.516600 0.107280 -0.006271 -0.001106
0.107280 0.046371 -0.001106 -0.000249
-0.006271 -0.001106 0.516186 0.107240
-0.001106 -0.000249 0.107240 0.046381
18.307665 1.285083 21.442362 2.009631
0.508398 0.105308 -0.004741 -0.000734
0.105308 0.045901 -0.000734 -0.000159
-0.004741 -0.000734 0.508020 0.105276
-0.000734 -0.000159 0.105276 0.045909
19.200836 1.336754 22.037720 1.924959
0.500164 0.103543 -0.003120 -0.000383
0.103543 0.045526 -0.000383 -0.000084
-0.003120 -0.000383 0.499879 0.103529
-0.000383 -0.000084 0.103529 0.045535
19.042944 1.165421 22.804838 1.884046
0.494056 0.102386 -0.003943 -0.000572
0.102386 0.045310 -0.000572 -0.000127
-0.003943 -0.000572 0.493672 0.102349
-0.000572 -0.000127 0.102349 0.045310
19.762095 1.193728 23.695641 1.873475
0.488166 0.101369 -0.003467 -0.000472
0.101369 0.045134 -0.000472 -0.000105
-0.003467 -0.000472 0.487872 0.101348
-0.000472 -0.000105 0.101348 0.045137
20.289803 1.179413 24.802032 1.908778
0.484123 0.100802 -0.002833 -0.000348
0.100802 0.045057 -0.000348 -0.000081
-0.002833 -0.000348 0.483933 0.100799
-0.000348 -0.000081 0.100799 0.045061
20.580413 1.117138 26.141939 1.989166
0.479496 0.100127 -0.001074 0.000001
0.100127 0.044951 0.000001 -0.000011
-0.001074 0.000001 0.479474 0.100154
0.000001 -0.000011 0.100154 0.044959
20.826699 1.051683 27.022464 1.965152
0.479549 0.100449 -0.001740 -0.000185
0.100449 0.045049 -0.000185 -0.000057
-0.001740 -0.000185 0.479607 0.100485
-0.000185 -0.000057 0.100485 0.045057
21.074392 0.993195 27.730586 1.907429
0.479328 0.100635 -0.002224 -0.000310
0.100635 0.045096 -0.000310 -0.000085
-0.002224 -0.000310 0.479446 0.100676
-0.000310 -0.000085 0.100676 0.045104
21.380859 0.953077 28.265341 1.819249
0.479096 0.100761 -0.001163 -0.000095
0.100761 0.045118 -0.000095 -0.000039
-0.001163 -0.000095 0.479248 0.100802
-0.000095 -0.000039 0.100802 0.045124
22.352016 1.057247 29.223543 1.829606
0.477490 0.100551 -0.000201 0.000081
0.100551 0.045060 0.000081 -0.000004
-0.000201 0.000081 0.477931 0.100646
0.000081 -0.000004 0.100646 0.045077
22.711776 1.021666 30.251515 1.853433
0.476008 0.100356 0.001009 0.000297
0.100356 0.045005 0.000297 0.000038
0.001009 0.000297 0.476782 0.100511
0.000297 0.000038 0.100511 0.045033
23.794563 1.142393 31.349631 1.889638
0.475207 0.100296 0.001667 0.000383
0.100296 0.044980 0.000383 0.000051
0.001667 0.000383 0.476345 0.100513
0.000383 0.000051 0.100513 0.045019
24.512887 1.173472 32.312963 1.893540
0.476437 0.100646 0.000266 0.000034
0.100646 0.045038 0.000034 -0.000027
0.000266 0.000034 0.477867 0.100906
0.000034 -0.000027 0.100906 0.045085
25.146768 1.183403 33.705461 1.987669
0.473894 0.100142 0.000295 0.000029
0.100142 0.044909 0.000029 -0.000024
0.000295 0.000029 0.475993 0.100524
0.000029 -0.000024 0.100524 0.044979
25.797294 1.195837 34.753963 1.999214
0.474465 0.100329 -0.000273 -0.000098
0.100329 0.044936 -0.000099 -0.000046
-0.000273 -0.000099 0.476956 0.100766
-0.000098 -0.000046 0.100766 0.045015
26.677845 1.255606 35.973608 2.045682
0.474408 0.100349 0.001099 0.000199
0.100349 0.044923 0.000200 0.000023
0.001099 0.000200 0.477418 0.100866
0.000199 0.000023 0.100866 0.045017
27.705370 1.340170 37.011838 2.048889
0.474193 0.100321 0.000255 0.000002
0.100321 0.044901 0.000001 -0.000018
0.000255 0.000001 0.477542 0.100878
0.000002 -0.000018 0.100878 0.045001
28.378227 1.340720 38.385901 2.122729
0.474614 0.100421 0.000144 -0.000019
0.100421 0.044908 -0.000019 -0.000018
0.000144 -0.000019 0.478756 0.101115
-0.000019 -0.000018 0.101115 0.045035
29.020614 1.334786 39.627714 2.160827
0.475895 0.100686 0.000180 -0.000005
0.100686 0.044949 -0.000005 -0.000011
0.000180 -0.000005 0.480708 0.101483
-0.000005 -0.000011 0.101483 0.045095
29.616394 1.319698 39.980739 2.007389
0.474198 0.100292 0.000192 0.000003
0.100292 0.044848 0.000002 -0.000007
0.000192 0.000002 0.478823 0.101008
0.000003 -0.000007 0.101008 0.044974
29.418164 1.138214 40.946828 1.999519
0.474337 0.100323 0.001308 0.000242
0.100323 0.044847 0.000243 0.000046
0.001308 0.000243 0.479894 0.101210
0.000242 0.000046 0.101210 0.045011
30.219255 1.187288 41.852814 1.979724
0.473045 0.100047 -0.000340 -0.000123
0.100047 0.044782 -0.000124 -0.000033
-0.000340 -0.000124 0.479033 0.100987
-0.000123 -0.000033 0.100987 0.044956
30.580836 1.138199 42.822846 1.975560
0.473692 0.100205 -0.001674 -0.000385
0.100205 0.044814 -0.000387 -0.000084
-0.001674 -0.000387 0.480371 0.101254
-0.000385 -0.000084 0.101254 0.045011
31.521894 1.216880 43.609925 1.933279
0.473853 0.100240 -0.003309 -0.000688
0.100240 0.044817 -0.000691 -0.000139
-0.003309 -0.000691 0.480729 0.101291
-0.000688 -0.000139 0.101291 0.045013
32.321952 1.257368 44.279607 1.870761
0.472074 0.099860 -0.001080 -0.000153
0.099860 0.044732 -0.000154 -0.000015
-0.001080 -0.000154 0.479192 0.100932
-0.000153 -0.000015 0.100932 0.044934
32.904024 1.247523 45.319918 1.892855
0.472024 0.099881 -0.001504 -0.000236
0.099881 0.044739 -0.000237 -0.000035
-0.001504 -0.000237 0.479999 0.101105
-0.000236 -0.000035 0.101105 0.044975
33.799835 1.305158 46.547647 1.952154
0.470942 0.099676 -0.003973 -0.000744
0.099676 0.044697 -0.000747 -0.000143
-0.003973 -0.000747 0.479903 0.101072
-0.000744 -0.000143 0.101072 0.044968
34.434898 1.301361 47.245406 1.893535
0.470166 0.099550 -0.005261 -0.000958
0.099550 0.044674 -0.000962 -0.000181
-0.005261 -0.000962 0.479477 0.100975
-0.000958 -0.000181 0.100975 0.044949
35.857463 1.464660 47.733583 1.797312
0.470851 0.099739 -0.007693 -0.001401
0.099739 0.044717 -0.001407 -0.000267
-0.007693 -0.001407 0.479587 0.101002
-0.001401 -0.000267 0.101002 0.044958
