-0.166521 0.895485 4.408098 0.871230
41.654389 16.662117 -56.581437 -22.633065
16.662117 86.669058 -22.633065 -9.053422
-56.581437 -22.633065 81.110339 32.444838
-22.633065 -9.053422 32.444838 92.982283
1.766318 1.930604 3.205904 0.247846
70.866295 42.962996 -88.342576 -39.456521
42.962996 47.497604 -51.630364 -43.124696
-88.342576 -51.630364 113.182798 52.097288
-39.456521 -43.124696 52.097288 59.648764
-3.779421 -1.401126 11.296252 3.812416
104.549496 58.442032 -109.021259 -41.101672
58.442032 43.968334 -60.404501 -36.318211
-109.021259 -60.404501 115.737824 44.613048
-41.101672 -36.318211 44.613048 37.700560
1.721710 1.454491 7.314241 1.831767
3.768367 1.996959 -6.621082 -4.272378
1.996959 7.834581 -3.808645 -10.978376
-6.621082 -3.808645 15.120269 11.022974
-4.272378 -10.978376 11.022974 19.909139
2.038815 1.317598 10.378282 3.088385
7.114706 5.652117 -10.698347 -8.143106
5.652117 7.715982 -8.207623 -10.320106
-10.698347 -8.207623 18.449322 13.459012
-8.143106 -10.320106 13.459012 15.447354
2.856429 1.461171 12.041811 3.083751
11.580708 7.252789 -18.990982 -11.309108
7.252789 6.080676 -11.607985 -8.884704
-18.990982 -11.607985 33.602921 19.520166
-11.309108 -8.884704 19.520166 14.141416
3.679009 1.526564 13.604149 3.064734
13.366051 6.471148 -24.029029 -11.142720
6.471148 3.991853 -11.341027 -6.368998
-24.029029 -11.341027 45.806055 20.841206
-11.142720 -6.368998 20.841206 11.090860
1.835761 0.405453 19.180721 4.716652
12.282952 4.733196 -24.112581 -9.035439
4.733196 2.364322 -8.969150 -4.060949
-24.112581 -8.969150 50.300232 18.471199
-9.035439 -4.060949 18.471199 7.814861
5.880648 1.699811 14.123635 2.308499
0.941188 0.294813 -2.033348 -0.634052
0.294813 0.472836 -0.174834 -0.542530
-2.033348 -0.174834 8.894821 2.286258
-0.634052 -0.542530 2.286258 1.289616
6.644102 1.514422 13.670908 2.041636
1.339767 0.512940 -2.705463 -0.924761
0.512940 0.444156 -0.713120 -0.585216
-2.705463 -0.713120 9.238203 2.559312
-0.924761 -0.585216 2.559312 1.232474
7.781654 1.769242 15.571429 2.079289
1.943844 0.721332 -3.736449 -1.222602
0.721332 0.427693 -1.202602 -0.614597
-3.736449 -1.202602 9.788500 2.798071
-1.222602 -0.614597 2.798071 1.173938
9.040936 1.905088 16.073525 1.897404
2.555662 0.838120 -5.113110 -1.477207
0.838120 0.387384 -1.526740 -0.592690
-5.113110 -1.526740 12.681944 3.356437
-1.477207 -0.592690 3.356437 1.160838
9.460779 1.691014 17.032843 2.009057
3.353349 0.978571 -6.745230 -1.742312
0.978571 0.369850 -1.833509 -0.583060
-6.745230 -1.833509 16.008914 3.884563
-1.742312 -0.583060 3.884563 1.151054
9.632098 1.520957 19.506475 2.340877
3.801123 0.972255 -8.016366 -1.830986
0.972255 0.315081 -1.927649 -0.521512
-8.016366 -1.927649 19.337334 4.224843
-1.830986 -0.521512 4.224843 1.086934
12.887936 2.131982 16.138763 1.353884
1.383743 0.299053 -3.352050 -0.667250
0.299053 0.120420 -0.589947 -0.180178
-3.352050 -0.589947 10.945321 2.021918
-0.667250 -0.180178 2.021918 0.505965
14.416129 2.170368 14.448572 0.974539
1.500367 0.338304 -3.033520 -0.596013
0.338304 0.122952 -0.579854 -0.163803
-3.033520 -0.579854 8.399769 1.514710
-0.596013 -0.163803 1.514710 0.387409
15.199732 2.131564 16.120101 1.163733
1.331960 0.319993 -1.821639 -0.376995
0.319993 0.115694 -0.385540 -0.118617
-1.821639 -0.385540 3.686271 0.676353
-0.376995 -0.118617 0.676353 0.223589
16.189262 2.228250 19.632477 1.592119
1.618618 0.370891 -2.001941 -0.398753
0.370891 0.118841 -0.434062 -0.116504
-2.001941 -0.434062 3.088788 0.581678
-0.398753 -0.116504 0.581678 0.196047
16.936562 2.143366 20.713282 1.648180
1.613573 0.341000 -2.048623 -0.380842
0.341000 0.103633 -0.403621 -0.099561
-2.048623 -0.403621 3.321732 0.605063
-0.380842 -0.099561 0.605063 0.186580
17.079826 1.954674 22.595600 1.832387
1.511433 0.298191 -1.941895 -0.339511
0.298191 0.089042 -0.346691 -0.081003
-1.941895 -0.346691 3.382711 0.596741
-0.339511 -0.081003 0.596741 0.173681
17.923488 1.927386 23.625861 1.850150
0.733643 0.143390 -0.783240 -0.126426
0.143390 0.057421 -0.109449 -0.034730
-0.783240 -0.109449 1.911941 0.333002
-0.126426 -0.034730 0.333002 0.120052
19.193264 1.978569 24.014870 1.759670
0.445121 0.095942 -0.200592 -0.025172
0.095942 0.048997 -0.004152 -0.014220
-0.200592 -0.004152 1.142444 0.204696
-0.025172 -0.014220 0.204696 0.093326
20.810027 2.087092 23.622172 1.531759
0.389607 0.093363 0.116015 0.027700
0.093363 0.049094 0.046060 -0.003954
0.116015 0.046060 0.671390 0.127172
0.027700 -0.003954 0.127172 0.075831
21.883230 2.095591 24.536790 1.561984
0.493501 0.118724 0.159754 0.027359
0.118724 0.054000 0.045085 -0.003744
0.159754 0.045085 0.730140 0.148216
0.027359 -0.003744 0.148216 0.077091
22.940663 2.097416 25.463387 1.593046
0.597094 0.140358 0.120278 0.010172
0.140358 0.057493 0.026241 -0.007220
0.120278 0.026241 0.686716 0.144527
0.010172 -0.007220 0.144527 0.073141
23.614427 2.022173 25.233161 1.379306
0.661700 0.151665 -0.059750 -0.033742
0.151665 0.058632 -0.017563 -0.015462
-0.059750 -0.017563 0.388881 0.087242
-0.033742 -0.015462 0.087242 0.058517
24.003217 1.891550 25.456779 1.285054
0.688035 0.152783 -0.196411 -0.063208
0.152783 0.057452 -0.047514 -0.019961
-0.196411 -0.047514 0.387984 0.096125
-0.063208 -0.019961 0.096125 0.058967
24.594757 1.817003 26.027390 1.271078
0.773508 0.165666 -0.302547 -0.083662
0.165666 0.058893 -0.066970 -0.022128
-0.302547 -0.066970 0.464552 0.118736
-0.083662 -0.022128 0.118736 0.062064
25.078329 1.728524 26.289735 1.175246
0.883041 0.181541 -0.436412 -0.108369
0.181541 0.060810 -0.089106 -0.024977
-0.436412 -0.089106 0.535512 0.134711
-0.108369 -0.024977 0.134711 0.062890
25.825919 1.701992 26.659195 1.117088
1.035717 0.203784 -0.568966 -0.128717
0.203784 0.063815 -0.107737 -0.026719
-0.568966 -0.107737 0.644890 0.156258
-0.128717 -0.026719 0.156258 0.064885
26.499873 1.664833 27.149259 1.094453
1.180378 0.221221 -0.717584 -0.150320
0.221221 0.065535 -0.126322 -0.028510
-0.717584 -0.126322 0.797622 0.184099
-0.150320 -0.028510 0.184099 0.068148
27.216737 1.643583 27.752114 1.104166
1.334937 0.238074 -0.881318 -0.172271
0.238074 0.066996 -0.144640 -0.030168
-0.881318 -0.144640 0.985426 0.215285
-0.172271 -0.030168 0.215285 0.071822
28.122793 1.663566 28.395223 1.129963
1.522276 0.258683 -1.068615 -0.195452
0.258683 0.069040 -0.164469 -0.031930
-1.068615 -0.164469 1.204191 0.247905
-0.195452 -0.031930 0.247905 0.075368
29.031690 1.680469 29.006803 1.144453
1.713024 0.276818 -1.281733 -0.221277
0.276818 0.070390 -0.186031 -0.034057
-1.281733 -0.186031 1.454295 0.281675
-0.221277 -0.034057 0.281675 0.078702
30.023881 1.706847 29.523304 1.139313
1.912778 0.294000 -1.518263 -0.248411
0.294000 0.071450 -0.208794 -0.036285
-1.518263 -0.208794 1.732657 0.315827
-0.248411 -0.036285 0.315827 0.081759
30.502500 1.637034 30.108143 1.123628
2.058522 0.298931 -1.769636 -0.277937
0.298931 0.070251 -0.230228 -0.038616
-1.769636 -0.230228 2.055134 0.354196
-0.277937 -0.038616 0.354196 0.085372
31.773343 1.723288 30.695494 1.152911
2.311493 0.322315 -2.051698 -0.304447
0.322315 0.072539 -0.254601 -0.040359
-2.051698 -0.254601 2.401120 0.390924
-0.304447 -0.040359 0.390924 0.088490
33.032725 1.801932 31.351610 1.190552
2.533530 0.337262 -2.348997 -0.332643
0.337262 0.073217 -0.276837 -0.042001
-2.348997 -0.276837 2.803687 0.433817
-0.332643 -0.042001 0.433817 0.092532
34.480228 1.911301 32.086359 1.247827
2.740101 0.348067 -2.654695 -0.360101
0.348067 0.073283 -0.296700 -0.043284
-2.654695 -0.296700 3.250556 0.479837
-0.360101 -0.043284 0.479837 0.096884
35.704253 1.965618 32.792288 1.278151
2.909705 0.351217 -2.970224 -0.388424
0.351217 0.072121 -0.314843 -0.044587
-2.970224 -0.314843 3.741224 0.528295
-0.388424 -0.044587 0.528295 0.101280
36.055539 1.864730 33.663440 1.283775
3.044141 0.347579 -3.299540 -0.418121
0.347579 0.069928 -0.332322 -0.046057
-3.299540 -0.332322 4.274608 0.578390
-0.418121 -0.046057 0.578390 0.105536
37.290230 1.944539 34.665649 1.364101
3.344457 0.370380 -3.707075 -0.448579
0.370380 0.072022 -0.361804 -0.047964
-3.707075 -0.361804 4.840543 0.624367
-0.448579 -0.047964 0.624367 0.108703
38.107233 1.942936 35.741906 1.421312
3.661903 0.392530 -4.151593 -0.481434
0.392530 0.073632 -0.394342 -0.050310
-4.151593 -0.394342 5.441887 0.669799
-0.481434 -0.050310 0.669799 0.111458
39.194187 1.915280 35.762524 1.315069
4.043549 0.423961 -4.617551 -0.510949
0.423961 0.076318 -0.434626 -0.053199
-4.617551 -0.434626 5.968101 0.697610
-0.510949 -0.053199 0.697610 0.111402
40.562508 1.994238 36.446512 1.345343
4.401871 0.446816 -5.111626 -0.544228
0.446816 0.077893 -0.465573 -0.054948
-5.111626 -0.465573 6.655497 0.747859
-0.544228 -0.054948 0.747859 0.114900
41.465960 1.940860 36.649556 1.265129
4.735151 0.462216 -5.626338 -0.579767
0.462216 0.078031 -0.495644 -0.056972
-5.626338 -0.495644 7.388686 0.799900
-0.579767 -0.056972 0.799900 0.118324
41.680653 1.814320 37.493018 1.247082
5.004023 0.467006 -6.115794 -0.612883
0.467006 0.076944 -0.516101 -0.058109
-6.115794 -0.516101 8.170171 0.856998
-0.612883 -0.058109 0.856998 0.122499
42.800845 1.850180 38.056278 1.252653
5.442200 0.496711 -6.703949 -0.646698
0.496711 0.079315 -0.553937 -0.060146
-6.703949 -0.553937 8.971593 0.905629
-0.646698 -0.060146 0.905629 0.125049
43.205809 1.742405 38.588682 1.201559
5.862686 0.519104 -7.318964 -0.683577
0.519104 0.080273 -0.589825 -0.062336
-7.318964 -0.589825 9.838093 0.958782
-0.683577 -0.062336 0.958782 0.127969
44.270846 1.765677 39.022302 1.190917
6.357025 0.551720 -7.971505 -0.718085
0.551720 0.082724 -0.631041 -0.064466
-7.971505 -0.631041 10.711605 1.006551
-0.718085 -0.064466 1.006551 0.130136
