3.397838 2.321259 1.658342 -0.228696
2.528909 1.011585 -0.087974 -0.035190
1.011585 80.408710 -0.035190 -0.014076
-0.087974 -0.035190 2.546716 1.018709
-0.035190 -0.014076 1.018709 80.411559
6.207173 5.193761 1.309982 -0.623860
2.228761 3.884595 -0.120778 -0.193554
3.884595 15.328840 -0.193370 -0.559082
-0.120778 -0.193370 2.277559 3.966189
-0.193554 -0.559082 3.966189 15.515950
4.131086 -0.229467 1.859719 0.349548
1.956982 2.272466 -0.122112 -0.131064
2.272466 4.559095 -0.131167 -0.212497
-0.122112 -0.131167 1.984300 2.298193
-0.131064 -0.212497 2.298193 4.601188
7.588125 2.796055 1.052022 -0.467769
1.670838 1.416880 -0.078745 -0.059801
1.416880 1.904548 -0.059676 -0.074899
-0.078745 -0.059676 1.723384 1.459183
-0.059801 -0.074899 1.459183 1.946979
9.497374 3.141261 3.370963 1.226598
1.446946 0.962313 -0.050355 -0.030548
0.962313 0.973112 -0.030495 -0.033479
-0.050355 -0.030495 1.479159 0.981068
-0.030548 -0.033479 0.981068 0.988392
9.993272 2.554276 4.839499 1.692409
1.281853 0.700691 -0.002698 -0.000804
0.700691 0.568483 -0.000728 -0.008508
-0.002698 -0.000728 1.303369 0.710739
-0.000804 -0.008508 0.710739 0.575831
10.332769 2.118624 6.160268 1.913337
1.139809 0.528964 -0.016837 -0.009124
0.528964 0.361308 -0.009091 -0.009880
-0.016837 -0.009091 1.154977 0.535053
-0.009124 -0.009880 0.535053 0.365497
9.821901 1.484986 6.628946 1.718738
1.022096 0.412953 -0.025302 -0.011719
0.412953 0.245950 -0.011702 -0.008501
-0.025302 -0.011702 1.033652 0.417142
-0.011719 -0.008501 0.417142 0.248665
10.673973 1.524341 7.459204 1.708158
0.934171 0.335215 -0.016272 -0.007043
0.335215 0.178471 -0.007031 -0.005040
-0.016272 -0.007031 0.944712 0.338780
-0.007043 -0.005040 0.338780 0.180523
10.788793 1.313575 9.249703 2.012106
0.866090 0.280498 -0.014926 -0.005892
0.280498 0.136444 -0.005878 -0.003674
-0.014926 -0.005878 0.870859 0.281949
-0.005892 -0.003674 0.281949 0.137494
12.178542 1.530682 10.310924 2.027653
0.793203 0.235028 -0.012818 -0.004665
0.235028 0.107385 -0.004656 -0.002642
-0.012818 -0.004656 0.798607 0.236666
-0.004665 -0.002642 0.236666 0.108330
12.423125 1.388104 10.812130 1.887272
0.744471 0.204524 -0.011665 -0.003911
0.204524 0.088910 -0.003905 -0.001991
-0.011665 -0.003905 0.749163 0.205891
-0.003911 -0.001991 0.205891 0.089641
12.982341 1.352828 12.465507 2.070242
0.701567 0.180681 -0.017579 -0.005083
0.180681 0.076000 -0.005076 -0.001982
-0.017579 -0.005076 0.703923 0.181378
-0.005083 -0.001982 0.181378 0.076456
13.290243 1.262946 13.501104 2.070530
0.669911 0.163402 -0.016267 -0.004284
0.163402 0.067212 -0.004279 -0.001519
-0.016267 -0.004279 0.671162 0.163820
-0.004284 -0.001519 0.163820 0.067534
14.204167 1.328802 14.437930 2.047512
0.634905 0.147993 -0.005809 -0.001475
0.147993 0.060495 -0.001473 -0.000678
-0.005809 -0.001473 0.636194 0.148422
-0.001475 -0.000678 0.148422 0.060772
14.603654 1.269297 15.179294 1.984017
0.604149 0.135815 -0.008930 -0.002113
0.135815 0.055676 -0.002111 -0.000737
-0.008930 -0.002111 0.604995 0.136130
-0.002113 -0.000737 0.136130 0.055888
14.713539 1.154590 15.739786 1.889609
0.574874 0.125677 -0.005568 -0.001238
0.125677 0.052101 -0.001236 -0.000464
-0.005568 -0.001236 0.575175 0.125862
-0.001238 -0.000464 0.125862 0.052252
14.626250 1.012198 16.685584 1.889808
0.554392 0.118782 -0.001724 -0.000358
0.118782 0.049774 -0.000358 -0.000227
-0.001724 -0.000358 0.553719 0.118753
-0.000358 -0.000227 0.118753 0.049857
15.861342 1.166197 17.465979 1.854999
0.540591 0.114196 -0.002656 -0.000577
0.114196 0.048284 -0.000577 -0.000248
-0.002656 -0.000577 0.540598 0.114320
-0.000577 -0.000248 0.114320 0.048383
16.977036 1.277612 18.335300 1.842808
0.525672 0.109966 -0.001185 -0.000257
0.109966 0.047087 -0.000257 -0.000154
-0.001185 -0.000257 0.525950 0.110135
-0.000257 -0.000154 0.110135 0.047180
17.693741 1.293781 20.129495 2.024519
0.514264 0.106976 -0.000103 -0.000042
0.106976 0.046308 -0.000042 -0.000093
-0.000103 -0.000042 0.514046 0.107024
-0.000042 -0.000093 0.107024 0.046360
18.901072 1.410047 21.275375 2.052217
0.505169 0.104810 -0.003708 -0.000812
0.104810 0.045796 -0.000812 -0.000241
-0.003708 -0.000812 0.505146 0.104890
-0.000812 -0.000241 0.104890 0.045844
19.368266 1.360729 22.420272 2.076862
0.493067 0.102252 -0.004026 -0.000821
0.102252 0.045257 -0.000821 -0.000218
-0.004026 -0.000821 0.492898 0.102289
-0.000821 -0.000218 0.102289 0.045288
19.679293 1.283866 22.609037 1.900158
0.489509 0.101709 -0.002376 -0.000422
0.101709 0.045183 -0.000422 -0.000116
-0.002376 -0.000422 0.489144 0.101696
-0.000422 -0.000116 0.101696 0.045197
19.893652 1.194871 23.787170 1.947597
0.486571 0.101320 -0.002118 -0.000354
0.101320 0.045138 -0.000354 -0.000094
-0.002118 -0.000354 0.486196 0.101300
-0.000354 -0.000094 0.101300 0.045146
20.689086 1.236238 24.976333 1.992609
0.483826 0.100978 -0.003266 -0.000585
0.100978 0.045095 -0.000585 -0.000138
-0.003266 -0.000585 0.483695 0.101004
-0.000585 -0.000138 0.101004 0.045109
21.051800 1.182924 26.393621 2.080641
0.482532 0.100937 -0.002701 -0.000436
0.100937 0.045108 -0.000436 -0.000098
-0.002701 -0.000436 0.482737 0.101024
-0.000436 -0.000098 0.101024 0.045132
21.837718 1.223660 27.365373 2.066323
0.480412 0.100690 -0.002602 -0.000402
0.100690 0.045067 -0.000402 -0.000088
-0.002602 -0.000402 0.480872 0.100816
-0.000402 -0.000088 0.100816 0.045095
22.040989 1.137808 28.203706 2.025277
0.479867 0.100762 -0.003764 -0.000637
0.100762 0.045088 -0.000637 -0.000136
-0.003764 -0.000637 0.480513 0.100910
-0.000637 -0.000136 0.100910 0.045117
22.428554 1.099601 29.026924 1.985376
0.478237 0.100568 -0.001750 -0.000184
0.100568 0.045044 -0.000184 -0.000035
-0.001750 -0.000184 0.479148 0.100754
-0.000184 -0.000035 0.100754 0.045078
23.029431 1.110189 29.540126 1.884451
0.475270 0.100079 -0.002640 -0.000389
0.100079 0.044935 -0.000389 -0.000083
-0.002640 -0.000389 0.476250 0.100262
-0.000389 -0.000083 0.100262 0.044966
23.825838 1.161188 30.776760 1.946604
0.474029 0.099971 -0.002957 -0.000452
0.099971 0.044910 -0.000452 -0.000096
-0.002957 -0.000452 0.475809 0.100307
-0.000452 -0.000096 0.100307 0.044972
24.577887 1.197458 31.912038 1.980853
0.472317 0.099744 -0.002164 -0.000276
0.099744 0.044856 -0.000275 -0.000058
-0.002164 -0.000275 0.474856 0.100213
-0.000276 -0.000058 0.100213 0.044943
24.837540 1.125608 32.488671 1.893322
0.468459 0.099057 -0.000647 0.000035
0.099057 0.044704 0.000036 0.000005
-0.000647 0.000036 0.471322 0.099559
0.000035 0.000005 0.099559 0.044795
25.079885 1.057765 33.548860 1.917243
0.473615 0.100314 -0.003986 -0.000707
0.100314 0.044971 -0.000707 -0.000159
-0.003986 -0.000707 0.477272 0.100949
-0.000707 -0.000159 0.100949 0.045087
24.962838 0.920890 34.394364 1.893086
0.474143 0.100441 -0.003371 -0.000540
0.100441 0.044970 -0.000539 -0.000115
-0.003371 -0.000539 0.478605 0.101206
-0.000540 -0.000115 0.101206 0.045110
25.553283 0.948541 35.626471 1.953491
0.472440 0.100071 -0.003797 -0.000613
0.100071 0.044864 -0.000612 -0.000128
-0.003797 -0.000612 0.478179 0.101060
-0.000613 -0.000128 0.101060 0.045048
26.377545 1.022701 36.630209 1.959350
0.472381 0.100075 -0.003911 -0.000615
0.100075 0.044848 -0.000614 -0.000126
-0.003911 -0.000614 0.478903 0.101170
-0.000615 -0.000126 0.101170 0.045049
27.112822 1.070244 37.812129 2.002163
0.471176 0.099828 -0.002838 -0.000370
0.099828 0.044780 -0.000368 -0.000072
-0.002838 -0.000368 0.478940 0.101125
-0.000370 -0.000072 0.101125 0.045019
27.901168 1.123896 38.788622 1.997093
0.469998 0.099601 -0.004780 -0.000787
0.099601 0.044722 -0.000787 -0.000164
-0.004780 -0.000787 0.478627 0.101012
-0.000787 -0.000164 0.101012 0.044981
28.280343 1.085483 40.407662 2.127909
0.473804 0.100445 -0.004058 -0.000600
0.100445 0.044895 -0.000598 -0.000119
-0.004058 -0.000598 0.484647 0.102251
-0.000600 -0.000119 0.102251 0.045234
28.767729 1.074036 41.975015 2.233936
0.471122 0.099825 -0.004357 -0.000655
0.099825 0.044743 -0.000652 -0.000132
-0.004357 -0.000652 0.484466 0.102067
-0.000655 -0.000132 0.102067 0.045166
29.827660 1.185239 43.758831 2.374584
0.468755 0.099331 -0.005549 -0.000894
0.099331 0.044632 -0.000892 -0.000182
-0.005549 -0.000892 0.484729 0.102011
-0.000894 -0.000182 0.102011 0.045139
30.671393 1.238338 44.728483 2.328985
0.469289 0.099495 -0.008425 -0.001465
0.099495 0.044670 -0.001468 -0.000300
-0.008425 -0.001468 0.485770 0.102137
-0.001465 -0.000300 0.102137 0.045156
32.003481 1.389144 45.417104 2.229597
0.471093 0.099906 -0.007715 -0.001232
0.099906 0.044755 -0.001233 -0.000238
-0.007715 -0.001233 0.486837 0.102274
-0.001232 -0.000238 0.102274 0.045179
32.687457 1.386367 45.960771 2.109698
0.472220 0.100128 -0.007829 -0.001206
0.100128 0.044792 -0.001207 -0.000229
-0.007829 -0.001207 0.487748 0.102379
-0.001206 -0.000229 0.102379 0.045197
33.915430 1.499774 47.062880 2.120148
0.470427 0.099708 -0.008493 -0.001309
0.099708 0.044691 -0.001310 -0.000251
-0.008493 -0.001310 0.487192 0.102180
-0.001309 -0.000251 0.102180 0.045153
34.576095 1.480605 47.888357 2.070867
0.469845 0.099586 -0.011335 -0.001864
0.099586 0.044663 -0.001871 -0.000368
-0.011335 -0.001871 0.487668 0.102229
-0.001864 -0.000368 0.102229 0.045168
35.362561 1.489691 48.370500 1.954972
0.469440 0.099511 -0.014155 -0.002370
0.099511 0.044647 -0.002383 -0.000467
-0.014155 -0.002383 0.487200 0.102085
-0.002370 -0.000467 0.102085 0.045142
36.281147 1.526147 49.093038 1.901815
0.468987 0.099430 -0.016766 -0.002798
0.099430 0.044630 -0.002814 -0.000544
-0.016766 -0.002814 0.487383 0.102101
-0.002798 -0.000544 0.102101 0.045154
