2.719504 2.049920 -0.507401 -1.095012
2.410382 0.964174 -0.177989 -0.071197
0.964174 80.389744 -0.071197 -0.028479
-0.177989 -0.071197 2.424585 0.969855
-0.071197 -0.028479 0.969855 80.392017
5.622576 5.382966 1.484035 3.383571
2.227098 3.904191 -0.099272 -0.139462
3.904191 15.056763 -0.138989 -0.699665
-0.099272 -0.138989 2.265534 3.968796
-0.139462 -0.699665 3.968796 15.206371
5.807180 2.486692 3.099459 3.298711
1.997114 2.307494 -0.089683 -0.105954
2.307494 4.517105 -0.105868 -0.246473
-0.089683 -0.105868 2.021335 2.330876
-0.105954 -0.246473 2.330876 4.553705
5.924086 1.543467 3.319391 2.101834
1.725500 1.450158 -0.060320 -0.054854
1.450158 1.902221 -0.054809 -0.092552
-0.060320 -0.054809 1.745710 1.465229
-0.054854 -0.092552 1.465229 1.919897
7.135534 1.839115 2.037588 0.567476
1.443883 0.950087 -0.095578 -0.066867
0.950087 0.951679 -0.066920 -0.066024
-0.095578 -0.066920 1.476552 0.970697
-0.066867 -0.066024 0.970697 0.968057
8.500842 2.080485 2.573958 0.703702
1.274993 0.691245 -0.061355 -0.034665
0.691245 0.557657 -0.034672 -0.029861
-0.061355 -0.034672 1.305367 0.706591
-0.034665 -0.029861 0.706591 0.567383
9.039217 1.847226 5.011190 1.663924
1.129678 0.520993 -0.035460 -0.017375
0.520993 0.354955 -0.017351 -0.014598
-0.035460 -0.017351 1.145170 0.527074
-0.017375 -0.014598 0.527074 0.358595
9.748771 1.760396 6.522945 1.937103
1.013475 0.407589 -0.024910 -0.011167
0.407589 0.242462 -0.011145 -0.008840
-0.024910 -0.011145 1.024383 0.411312
-0.011167 -0.008840 0.411312 0.244613
10.356553 1.662981 7.486985 1.935844
0.934675 0.334278 -0.018709 -0.007890
0.334278 0.177434 -0.007873 -0.005839
-0.018709 -0.007873 0.943575 0.337067
-0.007890 -0.005839 0.337067 0.178949
10.846206 1.551881 9.004399 2.113589
0.863444 0.278838 -0.021089 -0.007961
0.278838 0.135477 -0.007947 -0.004726
-0.021089 -0.007947 0.868739 0.280318
-0.007961 -0.004726 0.280318 0.136364
10.564825 1.239736 9.719311 2.013823
0.798316 0.236005 -0.021426 -0.007276
0.236005 0.107420 -0.007265 -0.003694
-0.021426 -0.007265 0.801321 0.236796
-0.007276 -0.003694 0.236796 0.107986
10.472626 1.045149 10.125246 1.849799
0.741167 0.203140 -0.018231 -0.005699
0.203140 0.088347 -0.005690 -0.002673
-0.018231 -0.005690 0.743219 0.203698
-0.005699 -0.002673 0.203698 0.088772
12.313491 1.383380 11.977015 2.087177
0.693017 0.178175 -0.021128 -0.005943
0.178175 0.075251 -0.005936 -0.002341
-0.021128 -0.005936 0.695174 0.178781
-0.005943 -0.002341 0.178781 0.075629
12.623101 1.290319 12.849187 2.045534
0.660265 0.160946 -0.017240 -0.004478
0.160946 0.066575 -0.004474 -0.001676
-0.017240 -0.004474 0.661496 0.161319
-0.004478 -0.001676 0.161319 0.066843
13.761833 1.405281 14.632839 2.222985
0.627923 0.146429 -0.009633 -0.002361
0.146429 0.060135 -0.002359 -0.000978
-0.009633 -0.002359 0.628323 0.146610
-0.002361 -0.000978 0.146610 0.060321
14.233356 1.353264 15.775242 2.229974
0.607189 0.136649 -0.006323 -0.001496
0.136649 0.055886 -0.001495 -0.000668
-0.006323 -0.001495 0.606925 0.136691
-0.001496 -0.000668 0.136691 0.056012
14.667572 1.300285 16.496435 2.143792
0.582499 0.127406 -0.002498 -0.000610
0.127406 0.052479 -0.000609 -0.000397
-0.002498 -0.000609 0.581986 0.127407
-0.000610 -0.000397 0.127407 0.052575
14.745178 1.177660 17.808666 2.195397
0.563118 0.120568 -0.002044 -0.000532
0.120568 0.050129 -0.000532 -0.000332
-0.002044 -0.000532 0.561618 0.120367
-0.000532 -0.000332 0.120367 0.050164
15.340303 1.179007 18.807002 2.174421
0.544402 0.114785 0.000799 0.000062
0.114785 0.048361 0.000061 -0.000166
0.000799 0.000061 0.542825 0.114587
0.000062 -0.000166 0.114587 0.048385
15.639372 1.118232 20.406639 2.281613
0.533045 0.111273 0.000482 -0.000052
0.111273 0.047320 -0.000052 -0.000164
0.000482 -0.000052 0.530991 0.110989
-0.000052 -0.000164 0.110989 0.047315
16.410606 1.162533 20.618965 2.088678
0.520077 0.107873 -0.001267 -0.000433
0.107873 0.046448 -0.000433 -0.000216
-0.001267 -0.000433 0.518362 0.107676
-0.000433 -0.000216 0.107676 0.046453
17.596204 1.287662 21.109901 1.973893
0.509045 0.105270 -0.000362 -0.000217
0.105270 0.045848 -0.000217 -0.000142
-0.000362 -0.000217 0.507933 0.105199
-0.000217 -0.000142 0.105199 0.045871
18.033628 1.245004 22.061126 1.966551
0.502172 0.103807 -0.000347 -0.000201
0.103807 0.045549 -0.000201 -0.000117
-0.000347 -0.000201 0.501075 0.103728
-0.000201 -0.000117 0.103728 0.045560
19.183871 1.354101 23.494468 2.059682
0.495158 0.102458 -0.000434 -0.000202
0.102458 0.045298 -0.000202 -0.000100
-0.000434 -0.000202 0.494512 0.102460
-0.000202 -0.000100 0.102460 0.045318
19.629804 1.306159 24.619385 2.079463
0.490109 0.101629 0.001581 0.000236
0.101629 0.045171 0.000235 0.000006
0.001581 0.000235 0.489606 0.101641
0.000236 0.000006 0.101641 0.045185
20.218868 1.292885 25.504194 2.047237
0.486550 0.101161 -0.001771 -0.000481
0.101161 0.045118 -0.000481 -0.000138
-0.001771 -0.000481 0.486214 0.101188
-0.000481 -0.000138 0.101188 0.045129
21.048361 1.331051 26.512520 2.044024
0.482910 0.100681 -0.002621 -0.000605
0.100681 0.045054 -0.000605 -0.000147
-0.002621 -0.000605 0.482909 0.100759
-0.000605 -0.000147 0.100759 0.045070
21.441285 1.274053 27.075376 1.947970
0.479054 0.100160 -0.001131 -0.000233
0.100160 0.044974 -0.000233 -0.000054
-0.001131 -0.000233 0.479102 0.100225
-0.000233 -0.000054 0.100225 0.044983
22.404746 1.342522 28.478295 2.037959
0.478989 0.100436 0.000325 0.000091
0.100436 0.045054 0.000091 0.000019
0.000325 0.000091 0.479730 0.100629
0.000091 0.000019 0.100629 0.045088
23.052179 1.337530 30.250603 2.196275
0.477043 0.100245 0.000300 0.000073
0.100245 0.045018 0.000073 0.000013
0.000300 0.000073 0.478903 0.100644
0.000073 0.000013 0.100644 0.045090
23.437025 1.277752 31.094091 2.142678
0.474548 0.099915 0.002260 0.000476
0.099915 0.044946 0.000476 0.000096
0.002260 0.000476 0.476749 0.100343
0.000476 0.000096 0.100343 0.045019
24.230270 1.310357 31.739768 2.052940
0.473806 0.099946 0.002865 0.000557
0.099946 0.044948 0.000557 0.000105
0.002865 0.000557 0.476087 0.100352
0.000557 0.000105 0.100352 0.045012
25.083668 1.352272 32.569549 2.011392
0.475549 0.100463 0.002599 0.000453
0.100463 0.045046 0.000453 0.000077
0.002599 0.000453 0.478136 0.100901
0.000453 0.000077 0.100901 0.045115
26.124617 1.429463 33.311798 1.955679
0.474455 0.100299 -0.000135 -0.000155
0.100299 0.044986 -0.000156 -0.000053
-0.000135 -0.000156 0.477289 0.100760
-0.000155 -0.000053 0.100760 0.045060
26.591989 1.377239 33.802388 1.852831
0.472907 0.100031 0.000939 0.000103
0.100031 0.044907 0.000103 0.000012
0.000939 0.000103 0.475962 0.100514
0.000103 0.000012 0.100514 0.044986
27.247886 1.370393 34.307297 1.763785
0.472223 0.099952 -0.000023 -0.000095
0.099952 0.044873 -0.000096 -0.000027
-0.000023 -0.000096 0.475457 0.100450
-0.000095 -0.000027 0.100450 0.044956
28.130314 1.412126 35.450090 1.818897
0.472823 0.100134 0.000381 0.000014
0.100134 0.044895 0.000014 0.000002
0.000381 0.000014 0.477076 0.100828
0.000014 0.000002 0.100828 0.045021
28.666570 1.376208 35.924704 1.727028
0.472187 0.100020 0.001053 0.000167
0.100020 0.044851 0.000167 0.000037
0.001053 0.000167 0.476648 0.100724
0.000167 0.000037 0.100724 0.044978
29.107437 1.323833 36.731342 1.715042
0.472436 0.100094 -0.001037 -0.000279
0.100094 0.044851 -0.000280 -0.000058
-0.001037 -0.000280 0.477772 0.100954
-0.000279 -0.000058 0.100954 0.045011
29.618874 1.291940 37.816400 1.763111
0.471261 0.099849 -0.002387 -0.000526
0.099849 0.044783 -0.000528 -0.000103
-0.002387 -0.000528 0.477970 0.100962
-0.000526 -0.000103 0.100962 0.044994
29.813582 1.196339 39.113241 1.850768
0.471968 0.100019 -0.003353 -0.000673
0.100019 0.044809 -0.000675 -0.000125
-0.003353 -0.000675 0.480655 0.101494
-0.000673 -0.000125 0.101494 0.045092
30.563147 1.228439 40.120938 1.868166
0.472400 0.100107 -0.005081 -0.000974
0.100107 0.044815 -0.000977 -0.000181
-0.005081 -0.000977 0.481944 0.101682
-0.000974 -0.000181 0.101682 0.045111
30.443419 1.073127 41.582568 1.979091
0.470613 0.099713 -0.004316 -0.000731
0.099713 0.044719 -0.000732 -0.000119
-0.004316 -0.000732 0.483018 0.101815
-0.000731 -0.000119 0.101815 0.045122
31.271368 1.134976 42.774768 2.021910
0.468300 0.099242 -0.006889 -0.001227
0.099242 0.044615 -0.001230 -0.000223
-0.006889 -0.001230 0.482020 0.101510
-0.001227 -0.000223 0.101510 0.045042
31.732233 1.112205 43.540246 1.970168
0.468306 0.099301 -0.009944 -0.001784
0.099301 0.044632 -0.001791 -0.000333
-0.009944 -0.001791 0.482550 0.101566
-0.001784 -0.000333 0.101566 0.045050
32.718349 1.203465 44.557038 1.977237
0.468882 0.099467 -0.010932 -0.001867
0.099467 0.044667 -0.001873 -0.000337
-0.010932 -0.001873 0.483786 0.101776
-0.001867 -0.000337 0.101776 0.045092
33.355319 1.210968 45.568281 1.982035
0.469278 0.099569 -0.012463 -0.002075
0.099569 0.044684 -0.002082 -0.000373
-0.012463 -0.002082 0.485305 0.102033
-0.002075 -0.000373 0.102033 0.045143
33.797704 1.176793 46.872506 2.047620
0.469852 0.099698 -0.011288 -0.001713
0.099698 0.044706 -0.001713 -0.000289
-0.011288 -0.001713 0.488061 0.102539
-0.001713 -0.000289 0.102539 0.045244
34.326114 1.164264 48.028341 2.075241
0.468282 0.099351 -0.013057 -0.002026
0.099351 0.044623 -0.002028 -0.000361
-0.013057 -0.002028 0.488404 0.102498
-0.002026 -0.000361 0.102498 0.045225
35.298023 1.247270 49.229350 2.110165
0.465929 0.098869 -0.015467 -0.002459
0.098869 0.044519 -0.002463 -0.000455
-0.015467 -0.002463 0.487689 0.102255
-0.002459 -0.000455 0.102255 0.045169
