3.691914 2.438892 2.124879 -0.042077
2.624684 1.049897 -0.243222 -0.097291
1.049897 80.424034 -0.097291 -0.038917
-0.243222 -0.097291 2.669319 1.067751
-0.097291 -0.038917 1.067751 80.431176
6.080583 4.444533 0.964293 -1.991302
2.386285 4.138070 -0.153968 -0.217475
4.138070 15.998836 -0.215448 -0.974388
-0.153968 -0.215448 2.512973 4.348431
-0.217475 -0.974388 4.348431 16.473416
7.258349 3.240100 0.568302 -1.303843
1.961325 2.262133 -0.160074 -0.183643
2.262133 4.612316 -0.183558 -0.378599
-0.160074 -0.183558 2.110874 2.419662
-0.183643 -0.378599 2.419662 4.824472
8.766034 3.144446 2.542356 0.908328
1.723199 1.464444 -0.207606 -0.176072
1.464444 1.978490 -0.176543 -0.211087
-0.207606 -0.176543 1.817010 1.530773
-0.176072 -0.211087 1.530773 2.047451
8.394633 1.850018 3.744763 1.399895
1.530568 1.020324 -0.172331 -0.110975
1.020324 1.027153 -0.111161 -0.100845
-0.172331 -0.111161 1.590823 1.053300
-0.110975 -0.100845 1.053300 1.057681
8.663232 1.491657 4.714502 1.545258
1.357492 0.742217 -0.111294 -0.057387
0.742217 0.598709 -0.057398 -0.045990
-0.111294 -0.057398 1.401174 0.762769
-0.057387 -0.045990 0.762769 0.616044
8.722317 1.173628 5.754182 1.667870
1.198823 0.555680 -0.091907 -0.040933
0.555680 0.377911 -0.040943 -0.028384
-0.091907 -0.040943 1.229422 0.568503
-0.040933 -0.028384 0.568503 0.388203
9.005652 1.051538 7.054343 1.855576
1.077721 0.434649 -0.095072 -0.037574
0.434649 0.257381 -0.037589 -0.021527
-0.095072 -0.037589 1.097231 0.442181
-0.037574 -0.021527 0.442181 0.263562
10.449604 1.380281 7.971956 1.852582
0.950577 0.340315 -0.048734 -0.016786
0.340315 0.182102 -0.016800 -0.010381
-0.048734 -0.016800 0.974234 0.349022
-0.016786 -0.010381 0.349022 0.187543
10.569332 1.195674 8.594972 1.754283
0.875432 0.283301 -0.042143 -0.013592
0.283301 0.138782 -0.013602 -0.007674
-0.042143 -0.013602 0.894208 0.289712
-0.013592 -0.007674 0.289712 0.142542
11.171214 1.196815 9.677546 1.815277
0.812837 0.240983 -0.039459 -0.011927
0.240983 0.110293 -0.011932 -0.006010
-0.039459 -0.011932 0.827071 0.245573
-0.011927 -0.006010 0.245573 0.112904
11.788744 1.201892 11.079730 1.951451
0.746681 0.205254 -0.031483 -0.008923
0.205254 0.089968 -0.008927 -0.004323
-0.031483 -0.008927 0.755414 0.208026
-0.008923 -0.004323 0.208026 0.091673
12.940277 1.343840 12.266315 2.005759
0.687491 0.177357 -0.029143 -0.007787
0.177357 0.075844 -0.007790 -0.003443
-0.029143 -0.007790 0.695546 0.179821
-0.007787 -0.003443 0.179821 0.077208
13.954961 1.427604 13.852226 2.148751
0.654279 0.160219 -0.023701 -0.005990
0.160219 0.067054 -0.005993 -0.002565
-0.023701 -0.005993 0.659540 0.161865
-0.005990 -0.002565 0.161865 0.068020
15.281674 1.571450 14.175906 1.972236
0.618245 0.144953 -0.016349 -0.003949
0.144953 0.060321 -0.003956 -0.001776
-0.016349 -0.003956 0.626488 0.147224
-0.003949 -0.001776 0.147224 0.061293
15.610273 1.467900 15.265696 1.995834
0.593193 0.134350 -0.017152 -0.003991
0.134350 0.055805 -0.003995 -0.001576
-0.017152 -0.003995 0.598529 0.135802
-0.003991 -0.001576 0.135802 0.056464
16.100001 1.414087 16.098812 1.959469
0.571600 0.125969 -0.018057 -0.004005
0.125969 0.052534 -0.004007 -0.001404
-0.018057 -0.004007 0.575572 0.127036
-0.004005 -0.001404 0.127036 0.053022
16.810243 1.414797 17.189203 1.983385
0.554296 0.119637 -0.020765 -0.004380
0.119637 0.050228 -0.004382 -0.001340
-0.020765 -0.004382 0.557068 0.120389
-0.004380 -0.001340 0.120389 0.050586
17.473074 1.405517 18.547618 2.061400
0.539282 0.114627 -0.013386 -0.002557
0.114627 0.048560 -0.002560 -0.000826
-0.013386 -0.002560 0.540566 0.115028
-0.002557 -0.000826 0.115028 0.048798
18.263171 1.423580 19.096143 1.959938
0.530588 0.111586 -0.007299 -0.001194
0.111586 0.047552 -0.001198 -0.000471
-0.007299 -0.001198 0.532004 0.112005
-0.001194 -0.000471 0.112005 0.047763
18.739622 1.374373 19.928648 1.928994
0.517241 0.107964 -0.009784 -0.001752
0.107964 0.046572 -0.001755 -0.000555
-0.009784 -0.001755 0.517974 0.108220
-0.001752 -0.000555 0.108220 0.046721
19.589269 1.408410 21.306458 2.015113
0.514163 0.106905 -0.008449 -0.001435
0.106905 0.046250 -0.001438 -0.000447
-0.008449 -0.001438 0.514561 0.107082
-0.001435 -0.000447 0.107082 0.046362
19.916036 1.330331 22.616638 2.077677
0.500489 0.103790 -0.008997 -0.001538
0.103790 0.045549 -0.001541 -0.000440
-0.008997 -0.001541 0.500346 0.103846
-0.001538 -0.000440 0.103846 0.045620
20.662237 1.347302 23.873000 2.122904
0.494840 0.102663 -0.006023 -0.000887
0.102663 0.045331 -0.000889 -0.000278
-0.006023 -0.000889 0.494861 0.102752
-0.000887 -0.000278 0.102752 0.045397
20.760245 1.227802 25.079680 2.152699
0.493570 0.102544 -0.006754 -0.001060
0.102544 0.045338 -0.001061 -0.000301
-0.006754 -0.001061 0.493678 0.102644
-0.001060 -0.000301 0.102644 0.045395
21.174934 1.186082 25.769623 2.072112
0.486945 0.101309 -0.001507 0.000033
0.101309 0.045105 0.000030 -0.000060
-0.001507 0.000030 0.486951 0.101377
0.000033 -0.000060 0.101377 0.045147
21.436070 1.116668 26.421593 1.991796
0.482612 0.100640 -0.007511 -0.001315
0.100640 0.045001 -0.001316 -0.000348
-0.007511 -0.001316 0.482626 0.100700
-0.001315 -0.000348 0.100700 0.045034
21.410719 0.994447 27.141041 1.933595
0.480593 0.100485 -0.008975 -0.001574
0.100485 0.045003 -0.001575 -0.000381
-0.008975 -0.001575 0.480850 0.100586
-0.001574 -0.000381 0.100586 0.045038
22.064531 1.027158 27.965665 1.903908
0.481996 0.101024 -0.009197 -0.001548
0.101024 0.045137 -0.001548 -0.000354
-0.009197 -0.001548 0.482934 0.101254
-0.001548 -0.000354 0.101254 0.045195
22.436484 0.997883 29.413958 2.007985
0.481221 0.101016 -0.009835 -0.001620
0.101016 0.045135 -0.001618 -0.000353
-0.009835 -0.001618 0.484403 0.101693
-0.001620 -0.000353 0.101693 0.045280
23.117462 1.036175 30.444520 2.013759
0.479991 0.100884 -0.009244 -0.001435
0.100884 0.045102 -0.001431 -0.000302
-0.009244 -0.001431 0.484611 0.101799
-0.001435 -0.000302 0.101799 0.045284
23.653852 1.039678 31.144598 1.949304
0.476899 0.100346 -0.009532 -0.001461
0.100346 0.044980 -0.001457 -0.000303
-0.009532 -0.001457 0.482273 0.101341
-0.001461 -0.000303 0.101341 0.045167
24.004781 1.004123 32.151429 1.955866
0.483296 0.101834 -0.008260 -0.001150
0.101834 0.045291 -0.001145 -0.000233
-0.008260 -0.001145 0.490073 0.103045
-0.001150 -0.000233 0.103045 0.045514
23.977517 0.892345 32.909612 1.909067
0.482986 0.101738 -0.009619 -0.001437
0.101738 0.045237 -0.001432 -0.000298
-0.009619 -0.001432 0.491154 0.103156
-0.001437 -0.000298 0.103156 0.045494
24.729332 0.956804 33.933312 1.923963
0.478231 0.100711 -0.008873 -0.001261
0.100711 0.044994 -0.001253 -0.000260
-0.008873 -0.001253 0.488882 0.102562
-0.001261 -0.000260 0.102562 0.045335
25.601362 1.040485 35.465492 2.044034
0.470177 0.099076 -0.011106 -0.001734
0.099076 0.044644 -0.001724 -0.000364
-0.011106 -0.001724 0.485675 0.101834
-0.001734 -0.000364 0.101834 0.045166
25.563278 0.922232 36.239956 1.991346
0.462698 0.097707 -0.007341 -0.000906
0.097707 0.044378 -0.000890 -0.000185
-0.007341 -0.000890 0.480674 0.100811
-0.000906 -0.000185 0.100811 0.044954
26.434811 1.009635 37.588041 2.065878
0.462485 0.097961 -0.010396 -0.001584
0.097961 0.044466 -0.001572 -0.000339
-0.010396 -0.001572 0.484045 0.101627
-0.001584 -0.000339 0.101627 0.045142
27.268283 1.078859 38.207650 1.979515
0.465812 0.098904 -0.008441 -0.001138
0.098904 0.044680 -0.001124 -0.000240
-0.008441 -0.001124 0.486879 0.102246
-0.001138 -0.000240 0.102246 0.045270
28.116683 1.144323 39.036881 1.946224
0.461524 0.098096 -0.009355 -0.001352
0.098096 0.044494 -0.001341 -0.000292
-0.009355 -0.001341 0.484648 0.101734
-0.001352 -0.000292 0.101734 0.045148
29.008662 1.212738 40.248031 1.996630
0.461325 0.098203 -0.013981 -0.002318
0.098203 0.044513 -0.002318 -0.000498
-0.013981 -0.002318 0.488001 0.102441
-0.002318 -0.000498 0.102441 0.045293
29.734627 1.238494 41.415505 2.032310
0.462758 0.098623 -0.014571 -0.002345
0.098623 0.044592 -0.002342 -0.000487
-0.014571 -0.002342 0.492701 0.103367
-0.002345 -0.000487 0.103367 0.045474
30.623369 1.296022 42.460653 2.038848
0.460828 0.098258 -0.016108 -0.002586
0.098258 0.044492 -0.002584 -0.000527
-0.016108 -0.002584 0.493717 0.103437
-0.002586 -0.000527 0.103437 0.045461
31.352641 1.313369 43.481342 2.039268
0.462083 0.098589 -0.018190 -0.002924
0.098589 0.044548 -0.002926 -0.000588
-0.018190 -0.002926 0.497513 0.104097
-0.002924 -0.000588 0.104097 0.045580
32.282547 1.372436 44.845287 2.111801
0.460932 0.098353 -0.021488 -0.003504
0.098353 0.044475 -0.003510 -0.000699
-0.021488 -0.003510 0.501277 0.104703
-0.003504 -0.000699 0.104703 0.045683
33.319712 1.445046 44.948748 1.914013
0.466270 0.099521 -0.021882 -0.003423
0.099521 0.044709 -0.003443 -0.000667
-0.021882 -0.003443 0.501084 0.104456
-0.003423 -0.000667 0.104456 0.045608
34.380214 1.516864 45.795970 1.892056
0.466348 0.099432 -0.026341 -0.004234
0.099432 0.044653 -0.004268 -0.000833
-0.026341 -0.004268 0.502834 0.104655
-0.004234 -0.000833 0.104655 0.045638
34.992838 1.486079 46.841700 1.912350
0.464394 0.098926 -0.029601 -0.004745
0.098926 0.044518 -0.004775 -0.000925
-0.029601 -0.004775 0.505625 0.105080
-0.004745 -0.000925 0.105080 0.045720
35.442431 1.422269 47.433684 1.835695
0.460807 0.098122 -0.033670 -0.005408
0.098122 0.044334 -0.005446 -0.001052
-0.033670 -0.005446 0.504581 0.104690
-0.005408 -0.001052 0.104690 0.045630
35.588608 1.301777 48.360021 1.835243
0.457761 0.097512 -0.037137 -0.005914
0.097512 0.044208 -0.005942 -0.001140
-0.037137 -0.005942 0.507228 0.105130
-0.005914 -0.001140 0.105130 0.045727
