4.073265 2.591436 4.475825 0.898322
1.505444 0.602191 0.029941 0.011977
0.602191 80.244948 0.011977 0.004791
0.029941 0.011977 3.327233 1.330922
0.011977 0.004791 1.330922 80.536447
2.378055 -2.891663 0.574164 -6.394253
3.749497 6.890837 -1.084327 -1.829234
6.890837 18.098590 -2.002234 -3.290465
-1.084327 -2.002234 3.929381 6.596081
-1.829234 -3.290465 6.596081 21.811308
4.559175 1.023448 0.616405 -2.625670
2.898790 3.027528 -1.523844 -1.542440
3.027528 4.499497 -1.585312 -1.652904
-1.523844 -1.585312 1.052411 1.089172
-1.542440 -1.652904 1.089172 3.736926
6.993465 2.757528 0.238310 -0.754431
2.145439 1.637167 -0.865395 -0.454582
1.637167 1.788466 -0.541581 -0.346581
-0.865395 -0.541581 1.110036 1.197221
-0.454582 -0.346581 1.197221 2.017977
6.094425 1.445622 1.424756 0.257310
1.469131 0.913417 0.007054 0.221407
0.913417 0.838580 0.060244 0.083107
0.007054 0.060244 0.843365 0.726791
0.221407 0.083107 0.726791 0.873271
9.302529 2.744498 4.098562 2.047817
1.147111 0.590153 0.067277 0.111606
0.590153 0.460771 0.040973 -0.000363
0.067277 0.040973 0.756933 0.492567
0.111606 -0.000363 0.492567 0.435457
7.978020 1.538296 5.511505 2.197473
0.389766 0.173552 -0.010073 0.002443
0.173552 0.178445 -0.020063 -0.044905
-0.010073 -0.020063 0.919288 0.479282
0.002443 -0.044905 0.479282 0.317161
8.990350 1.642448 6.667918 2.219597
0.504394 0.219692 -0.064226 -0.033555
0.219692 0.164362 -0.048211 -0.046856
-0.064226 -0.048211 1.023069 0.442809
-0.033555 -0.046856 0.442809 0.237494
8.498327 1.142335 6.799448 1.884202
0.410191 0.166171 -0.286140 -0.112682
0.166171 0.116426 -0.127197 -0.064759
-0.286140 -0.127197 0.869572 0.324808
-0.112682 -0.064759 0.324808 0.156055
8.710837 1.006442 8.933133 2.273737
0.489207 0.182027 -0.278182 -0.096884
0.182027 0.105127 -0.105194 -0.046582
-0.278182 -0.105194 0.840515 0.275138
-0.096884 -0.046582 0.275138 0.118764
9.809586 1.208211 9.873595 2.210909
0.553898 0.187309 -0.274184 -0.084941
0.187309 0.093771 -0.089986 -0.034947
-0.274184 -0.089986 0.840711 0.246248
-0.084941 -0.034947 0.246248 0.097483
11.173811 1.440107 10.321430 2.032541
0.579504 0.178472 -0.261587 -0.072558
0.178472 0.081266 -0.075841 -0.026252
-0.261587 -0.075841 0.792714 0.211215
-0.072558 -0.026252 0.211215 0.079818
12.371962 1.577669 11.378615 2.041634
0.582738 0.165247 -0.217846 -0.054698
0.165247 0.070753 -0.055847 -0.018003
-0.217846 -0.055847 0.736350 0.181370
-0.054698 -0.018003 0.181370 0.067309
12.629409 1.440033 12.832067 2.141405
0.610230 0.160935 -0.207853 -0.047664
0.160935 0.064979 -0.048585 -0.014269
-0.207853 -0.048585 0.696715 0.161162
-0.047664 -0.014269 0.161162 0.059560
13.933745 1.579400 13.240400 1.996884
0.599072 0.148259 -0.176165 -0.036984
0.148259 0.058547 -0.036960 -0.010273
-0.176165 -0.036960 0.673118 0.148235
-0.036984 -0.010273 0.148235 0.054901
14.133542 1.441824 14.474962 2.044223
0.607386 0.142600 -0.156766 -0.030343
0.142600 0.055080 -0.030251 -0.007932
-0.156766 -0.030251 0.638507 0.135259
-0.030343 -0.007932 0.135259 0.051080
15.411214 1.575308 16.138487 2.180871
0.576522 0.129384 -0.135330 -0.024371
0.129384 0.050654 -0.024253 -0.006135
-0.135330 -0.024253 0.585150 0.120528
-0.024371 -0.006135 0.120528 0.047529
15.758495 1.479921 17.339907 2.200184
0.556915 0.120703 -0.133930 -0.023110
0.120703 0.047962 -0.023322 -0.005588
-0.133930 -0.023322 0.541270 0.109627
-0.023110 -0.005588 0.109627 0.045220
16.676053 1.516617 18.326233 2.178657
0.544071 0.115344 -0.101524 -0.015642
0.115344 0.046535 -0.015527 -0.003714
-0.101524 -0.015527 0.525408 0.106069
-0.015642 -0.003714 0.106069 0.044731
17.351361 1.497399 19.263389 2.146894
0.532783 0.111064 -0.085960 -0.012319
0.111064 0.045538 -0.012185 -0.002936
-0.085960 -0.012185 0.509338 0.102788
-0.012319 -0.002936 0.102788 0.044309
18.114747 1.500838 20.372004 2.154207
0.519113 0.107105 -0.064547 -0.008103
0.107105 0.044790 -0.007942 -0.002044
-0.064547 -0.007942 0.494039 0.100106
-0.008103 -0.002044 0.100106 0.044046
18.650732 1.456214 21.407499 2.143719
0.501302 0.102921 -0.041760 -0.003960
0.102921 0.044105 -0.003828 -0.001247
-0.041760 -0.003828 0.474494 0.096815
-0.003960 -0.001247 0.096815 0.043652
19.347256 1.450974 22.625548 2.173641
0.502224 0.102989 -0.034725 -0.003167
0.102989 0.044339 -0.003042 -0.001141
-0.034725 -0.003042 0.477536 0.098287
-0.003167 -0.001141 0.098287 0.044204
19.887234 1.414036 23.875066 2.206155
0.493706 0.101261 -0.021405 -0.001102
0.101261 0.044192 -0.001003 -0.000770
-0.021405 -0.001003 0.472596 0.097946
-0.001102 -0.000770 0.097946 0.044304
20.030023 1.295348 24.509290 2.105291
0.467845 0.096147 -0.014511 -0.000529
0.096147 0.043343 -0.000468 -0.000730
-0.014511 -0.000468 0.447824 0.093382
-0.000529 -0.000730 0.093382 0.043473
20.657386 1.292812 25.960934 2.189293
0.465277 0.096373 0.003543 0.002613
0.096373 0.043658 0.002640 -0.000089
0.003543 0.002640 0.455234 0.095948
0.002613 -0.000089 0.095948 0.044184
21.867528 1.409391 26.656887 2.106018
0.462334 0.096382 0.003978 0.001865
0.096382 0.043847 0.001898 -0.000288
0.003978 0.001898 0.457608 0.097018
0.001865 -0.000288 0.097018 0.044461
22.555639 1.405791 27.581427 2.078662
0.471300 0.098845 0.013086 0.003189
0.098845 0.044505 0.003194 0.000001
0.013086 0.003194 0.471880 0.100440
0.003189 0.000001 0.100440 0.045193
23.079334 1.368027 28.800445 2.116988
0.448695 0.094375 0.012574 0.002464
0.094375 0.043622 0.002461 -0.000142
0.012574 0.002461 0.468156 0.099627
0.002464 -0.000142 0.099627 0.044945
23.486202 1.309569 29.667793 2.076690
0.441797 0.093587 0.010311 0.001557
0.093587 0.043570 0.001544 -0.000288
0.010311 0.001544 0.470894 0.100246
0.001557 -0.000288 0.100246 0.045027
23.992444 1.278858 30.192356 1.967646
0.436169 0.093061 0.000852 -0.000693
0.093061 0.043547 -0.000715 -0.000690
0.000852 -0.000715 0.468499 0.099703
-0.000693 -0.000690 0.099703 0.044859
24.610606 1.274517 31.051975 1.941257
0.438283 0.094124 0.000609 -0.000708
0.094124 0.043830 -0.000739 -0.000580
0.000609 -0.000739 0.478268 0.101769
-0.000708 -0.000580 0.101769 0.045259
25.041572 1.229837 32.134627 1.965400
0.438235 0.094520 0.002283 -0.000275
0.094520 0.043918 -0.000318 -0.000390
0.002283 -0.000318 0.492675 0.104604
-0.000275 -0.000390 0.104604 0.045789
25.716377 1.242456 33.340654 2.012508
0.439339 0.095067 -0.008234 -0.002442
0.095067 0.044018 -0.002552 -0.000785
-0.008234 -0.002552 0.509627 0.107731
-0.002442 -0.000785 0.107731 0.046350
26.097626 1.190655 34.109436 1.962885
0.433415 0.093968 -0.021039 -0.004846
0.093968 0.043740 -0.005031 -0.001199
-0.021039 -0.005031 0.514617 0.108073
-0.004846 -0.001199 0.108073 0.046295
26.098806 1.061510 35.014010 1.946798
0.412920 0.089743 -0.022241 -0.004612
0.089743 0.042797 -0.004768 -0.001021
-0.022241 -0.004768 0.518014 0.108120
-0.004612 -0.001021 0.108120 0.046213
26.848157 1.109283 35.931998 1.935514
0.410058 0.089690 -0.033312 -0.006500
0.089690 0.042828 -0.006735 -0.001346
-0.033312 -0.006735 0.527855 0.109577
-0.006500 -0.001346 0.109577 0.046456
27.694891 1.173348 36.799110 1.915380
0.424107 0.093262 -0.037747 -0.006847
0.093262 0.043626 -0.007102 -0.001326
-0.037747 -0.007102 0.538430 0.111127
-0.006847 -0.001326 0.111127 0.046721
27.942775 1.097691 37.444484 1.850121
0.427330 0.094005 -0.042009 -0.007219
0.094005 0.043710 -0.007487 -0.001342
-0.042009 -0.007487 0.541455 0.111062
-0.007219 -0.001342 0.111062 0.046655
28.156065 1.023505 38.302109 1.834908
0.440281 0.096786 -0.043640 -0.007045
0.096786 0.044237 -0.007305 -0.001254
-0.043640 -0.007305 0.549965 0.112233
-0.007045 -0.001254 0.112233 0.046874
29.463337 1.198659 39.330196 1.861369
0.411178 0.090058 -0.039827 -0.006057
0.090058 0.042641 -0.006015 -0.001014
-0.039827 -0.006015 0.558840 0.113482
-0.006057 -0.001014 0.113482 0.047114
29.990521 1.183742 40.444815 1.898206
0.427598 0.093992 -0.040775 -0.005941
0.093992 0.043538 -0.005966 -0.001002
-0.040775 -0.005966 0.567700 0.114676
-0.005941 -0.001002 0.114676 0.047338
30.267745 1.113840 41.275861 1.872654
0.417022 0.091551 -0.039890 -0.005671
0.091551 0.042939 -0.005623 -0.000976
-0.039890 -0.005623 0.566222 0.113781
-0.005671 -0.000976 0.113781 0.047145
30.715275 1.090957 42.425129 1.914737
0.425368 0.093524 -0.037701 -0.005087
0.093524 0.043373 -0.005042 -0.000883
-0.037701 -0.005042 0.568402 0.113813
-0.005087 -0.000883 0.113813 0.047178
31.673032 1.180632 43.193594 1.879339
0.437702 0.096210 -0.025375 -0.002541
0.096210 0.043933 -0.002433 -0.000390
-0.025375 -0.002433 0.550143 0.109894
-0.002541 -0.000390 0.109894 0.046443
33.151853 1.377494 44.524089 1.962222
0.414355 0.090915 0.011216 0.004418
0.090915 0.042722 0.005242 0.001036
0.011216 0.005242 0.533886 0.106915
0.004418 0.001036 0.106915 0.045986
34.063766 1.426103 45.375844 1.936957
0.431750 0.094930 0.015854 0.004573
0.094930 0.043634 0.005170 0.000857
0.015854 0.005170 0.505533 0.101593
0.004573 0.000857 0.101593 0.045047
34.621361 1.391743 46.175420 1.902527
0.450928 0.098885 0.008944 0.002449
0.098885 0.044439 0.002744 0.000252
0.008944 0.002744 0.480841 0.097406
0.002449 0.000252 0.097406 0.044380
35.405435 1.411065 47.296124 1.937276
0.482987 0.105269 -0.001453 -0.000128
0.105269 0.045713 -0.000046 -0.000351
-0.001453 -0.000046 0.468328 0.095960
-0.000128 -0.000351 0.095960 0.044280
35.880459 1.361275 47.842300 1.849693
0.503497 0.108547 -0.012557 -0.002574
0.108547 0.046222 -0.002609 -0.000847
-0.012557 -0.002609 0.437145 0.090613
-0.002574 -0.000847 0.090613 0.043323
