1.898908 1.721674 -0.551283 -1.112565
2.379939 0.951996 -0.057487 -0.022995
0.951996 80.384873 -0.022995 -0.009198
-0.057487 -0.022995 2.384736 0.953915
-0.022995 -0.009198 0.953915 80.385641
5.726462 6.925384 -2.409463 -3.383548
2.260379 3.969638 -0.024215 -0.031156
3.969638 15.099948 -0.030925 -0.201898
-0.024215 -0.030925 2.308310 4.052847
-0.031156 -0.201898 4.052847 15.258363
4.275191 1.261815 1.303002 2.826276
2.026248 2.333171 -0.045474 -0.054378
2.333171 4.525691 -0.054385 -0.103092
-0.045474 -0.054385 2.033016 2.334136
-0.054378 -0.103092 2.334136 4.529611
6.828275 2.870903 3.787886 3.722386
1.703889 1.426492 -0.044123 -0.037168
1.426492 1.876127 -0.037175 -0.045094
-0.044123 -0.037175 1.713825 1.433449
-0.037168 -0.045094 1.433449 1.885939
7.671388 2.481777 6.180859 4.071570
1.467471 0.964421 -0.038682 -0.024965
0.964421 0.960138 -0.024969 -0.022691
-0.038682 -0.024969 1.472148 0.967148
-0.024965 -0.022691 0.967148 0.964277
9.350879 2.718571 7.100841 3.468007
1.286764 0.696143 -0.027546 -0.014327
0.696143 0.559606 -0.014329 -0.011131
-0.027546 -0.014329 1.293220 0.699747
-0.014327 -0.011131 0.699747 0.563036
9.995353 2.388902 6.637578 2.456192
1.152644 0.530499 -0.010795 -0.004608
0.530499 0.359020 -0.004610 -0.004234
-0.010795 -0.004610 1.160743 0.534386
-0.004608 -0.004234 0.534386 0.361729
11.798689 2.633160 7.287507 2.224201
1.029105 0.412764 -0.011341 -0.004620
0.412764 0.244296 -0.004621 -0.003369
-0.011341 -0.004621 1.037976 0.416416
-0.004620 -0.003369 0.416416 0.246340
10.786111 1.802252 9.545350 2.633321
0.940132 0.335290 -0.006169 -0.002395
0.335290 0.177657 -0.002395 -0.001933
-0.006169 -0.002395 0.943100 0.336365
-0.002395 -0.001933 0.336365 0.178413
11.432979 1.720903 9.173744 2.089359
0.864234 0.278445 -0.004620 -0.001781
0.278445 0.135320 -0.001781 -0.001374
-0.004620 -0.001781 0.868334 0.279824
-0.001781 -0.001374 0.279824 0.136042
12.079755 1.657581 10.857920 2.278221
0.800539 0.236269 -0.006193 -0.002152
0.236269 0.107534 -0.002152 -0.001236
-0.006193 -0.002152 0.802888 0.237011
-0.002152 -0.001236 0.237011 0.107956
12.589829 1.570454 11.685693 2.193095
0.748607 0.204921 -0.002900 -0.001076
0.204921 0.088892 -0.001076 -0.000739
-0.002900 -0.001076 0.750473 0.205486
-0.001076 -0.000739 0.205486 0.089201
13.318889 1.556030 12.794683 2.196312
0.703308 0.180566 -0.006369 -0.001907
0.180566 0.075908 -0.001907 -0.000831
-0.006369 -0.001907 0.704695 0.180976
-0.001907 -0.000831 0.180976 0.076132
13.841337 1.493854 13.875767 2.192230
0.662494 0.161188 -0.004324 -0.001241
0.161188 0.066655 -0.001241 -0.000551
-0.004324 -0.001241 0.663357 0.161450
-0.001241 -0.000551 0.161450 0.066811
13.990569 1.354645 15.159934 2.236166
0.629331 0.146535 -0.005397 -0.001398
0.146535 0.060192 -0.001398 -0.000512
-0.005397 -0.001398 0.629410 0.146606
-0.001398 -0.000512 0.146606 0.060281
14.989493 1.426975 15.962436 2.165157
0.599865 0.134842 -0.005639 -0.001342
0.134842 0.055517 -0.001342 -0.000437
-0.005639 -0.001342 0.600097 0.134952
-0.001342 -0.000437 0.134952 0.055601
15.375715 1.355384 16.967598 2.148218
0.578073 0.126458 -0.005516 -0.001214
0.126458 0.052337 -0.001214 -0.000360
-0.005516 -0.001214 0.578010 0.126501
-0.001214 -0.000360 0.126501 0.052394
15.861964 1.314353 17.998479 2.138932
0.557965 0.119574 -0.003649 -0.000729
0.119574 0.049986 -0.000729 -0.000221
-0.003649 -0.000729 0.557704 0.119574
-0.000729 -0.000221 0.119574 0.050024
16.894272 1.393494 18.467950 2.012208
0.539139 0.113861 -0.003756 -0.000718
0.113861 0.048237 -0.000718 -0.000200
-0.003756 -0.000718 0.539098 0.113909
-0.000718 -0.000200 0.113909 0.048278
17.411756 1.355848 18.750241 1.860667
0.526056 0.110061 -0.000788 -0.000063
0.110061 0.047135 -0.000063 -0.000048
-0.000788 -0.000063 0.526049 0.110110
-0.000063 -0.000048 0.110110 0.047169
18.611777 1.464511 19.985989 1.924308
0.515393 0.107224 -0.001234 -0.000183
0.107224 0.046381 -0.000183 -0.000072
-0.001234 -0.000183 0.515444 0.107279
-0.000183 -0.000072 0.107279 0.046411
19.394310 1.474940 20.928351 1.920207
0.508259 0.105447 -0.001794 -0.000309
0.105447 0.045942 -0.000309 -0.000094
-0.001794 -0.000309 0.508296 0.105492
-0.000309 -0.000094 0.105492 0.045964
20.056266 1.459263 21.701327 1.881400
0.500425 0.103722 -0.002774 -0.000507
0.103722 0.045564 -0.000507 -0.000128
-0.002774 -0.000507 0.500441 0.103755
-0.000507 -0.000128 0.103755 0.045580
20.754940 1.452886 22.878421 1.930436
0.494178 0.102497 -0.000886 -0.000091
0.102497 0.045326 -0.000091 -0.000033
-0.000886 -0.000091 0.494192 0.102524
-0.000091 -0.000033 0.102524 0.045337
21.285967 1.412340 24.183634 2.001057
0.487901 0.101369 -0.000372 0.000001
0.101369 0.045123 0.000001 -0.000015
-0.000372 0.000001 0.487951 0.101399
0.000001 -0.000015 0.101399 0.045133
22.042895 1.423021 26.098850 2.191618
0.483541 0.100721 -0.001701 -0.000297
0.100721 0.045028 -0.000297 -0.000078
-0.001701 -0.000297 0.483799 0.100789
-0.000297 -0.000078 0.100789 0.045044
22.011619 1.267806 26.817141 2.112648
0.482487 0.100787 -0.000907 -0.000120
0.100787 0.045078 -0.000120 -0.000037
-0.000907 -0.000120 0.482732 0.100844
-0.000120 -0.000037 0.100844 0.045090
22.644528 1.267523 27.307259 1.994093
0.481643 0.100849 -0.002939 -0.000552
0.100849 0.045110 -0.000552 -0.000126
-0.002939 -0.000552 0.481820 0.100885
-0.000552 -0.000126 0.100885 0.045116
22.701148 1.146549 28.804315 2.098865
0.480363 0.100775 -0.000913 -0.000091
0.100775 0.045100 -0.000091 -0.000021
-0.000913 -0.000091 0.480917 0.100887
-0.000091 -0.000021 0.100887 0.045122
23.248039 1.141048 30.088648 2.148214
0.479727 0.100808 -0.003010 -0.000543
0.100808 0.045106 -0.000543 -0.000119
-0.003010 -0.000543 0.480599 0.100976
-0.000543 -0.000119 0.100976 0.045138
24.038102 1.187121 30.690415 2.048913
0.477277 0.100424 -0.001460 -0.000185
0.100424 0.045017 -0.000185 -0.000037
-0.001460 -0.000185 0.478146 0.100578
-0.000185 -0.000037 0.100578 0.045044
25.136181 1.293426 31.717565 2.049604
0.476836 0.100472 0.001169 0.000363
0.100472 0.045021 0.000364 0.000077
0.001169 0.000364 0.477928 0.100661
0.000363 0.000077 0.100661 0.045055
25.463384 1.226028 32.700345 2.040705
0.477696 0.100759 0.000284 0.000120
0.100759 0.045070 0.000121 0.000014
0.000284 0.000121 0.479132 0.101009
0.000120 0.000014 0.101009 0.045115
25.937748 1.196741 33.355638 1.963705
0.476954 0.100657 -0.000897 -0.000156
0.100657 0.045029 -0.000156 -0.000047
-0.000897 -0.000156 0.478525 0.100920
-0.000156 -0.000047 0.100920 0.045076
26.541741 1.197969 34.864965 2.074984
0.478400 0.101009 -0.002246 -0.000437
0.101009 0.045085 -0.000437 -0.000103
-0.002246 -0.000437 0.480717 0.101414
-0.000437 -0.000103 0.101414 0.045162
27.196469 1.209629 35.123717 1.910749
0.477741 0.100868 -0.003603 -0.000693
0.100868 0.045032 -0.000693 -0.000150
-0.003603 -0.000693 0.479820 0.101197
-0.000693 -0.000150 0.101197 0.045090
27.205613 1.083871 36.135788 1.922558
0.475954 0.100495 -0.001856 -0.000274
0.100495 0.044935 -0.000273 -0.000051
-0.001856 -0.000273 0.478749 0.100961
-0.000274 -0.000051 0.100961 0.045022
27.797743 1.094508 37.234386 1.951532
0.474657 0.100253 -0.000120 0.000098
0.100253 0.044875 0.000099 0.000026
-0.000120 0.000099 0.478053 0.100821
0.000098 0.000026 0.100821 0.044981
27.974367 1.016153 38.013484 1.909977
0.475749 0.100528 -0.001352 -0.000193
0.100528 0.044928 -0.000192 -0.000042
-0.001352 -0.000192 0.479545 0.101150
-0.000193 -0.000042 0.101150 0.045043
28.404511 0.999648 38.781515 1.870535
0.474655 0.100305 -0.001937 -0.000316
0.100305 0.044869 -0.000316 -0.000069
-0.001937 -0.000316 0.478838 0.100979
-0.000316 -0.000069 0.100979 0.044994
29.037800 1.027968 40.215051 1.975635
0.472519 0.099877 -0.002211 -0.000363
0.099877 0.044773 -0.000363 -0.000077
-0.002211 -0.000363 0.477784 0.100750
-0.000363 -0.000077 0.100750 0.044938
30.690699 1.268703 40.642297 1.857694
0.472575 0.099946 -0.003488 -0.000618
0.099946 0.044788 -0.000619 -0.000128
-0.003488 -0.000619 0.477286 0.100659
-0.000618 -0.000128 0.100659 0.044916
31.472858 1.300073 41.868906 1.920552
0.472476 0.099966 -0.003826 -0.000653
0.099966 0.044790 -0.000653 -0.000130
-0.003826 -0.000653 0.478028 0.100834
-0.000653 -0.000130 0.100834 0.044952
32.220334 1.320637 42.682901 1.889735
0.470033 0.099478 -0.005129 -0.000894
0.099478 0.044682 -0.000895 -0.000177
-0.005129 -0.000895 0.476028 0.100410
-0.000894 -0.000177 0.100410 0.044858
32.806329 1.304862 43.560407 1.875483
0.470691 0.099687 -0.003607 -0.000519
0.099687 0.044730 -0.000519 -0.000091
-0.003607 -0.000519 0.477211 0.100698
-0.000519 -0.000091 0.100698 0.044922
33.624853 1.340101 44.589771 1.894906
0.471771 0.099952 -0.004427 -0.000682
0.099952 0.044783 -0.000682 -0.000128
-0.004427 -0.000682 0.478873 0.101052
-0.000682 -0.000128 0.101052 0.044993
34.171701 1.314192 45.873431 1.965761
0.472667 0.100145 -0.005719 -0.000932
0.100145 0.044815 -0.000933 -0.000181
-0.005719 -0.000933 0.480912 0.101450
-0.000932 -0.000181 0.101450 0.045068
34.745973 1.296321 46.367533 1.862660
0.473424 0.100286 -0.006230 -0.000998
0.100286 0.044833 -0.000999 -0.000192
-0.006230 -0.000999 0.481621 0.101532
-0.000998 -0.000192 0.101532 0.045071
35.605800 1.341235 47.417717 1.887859
0.472066 0.099966 -0.006396 -0.000994
0.099966 0.044753 -0.000994 -0.000188
-0.006396 -0.000994 0.481010 0.101337
-0.000994 -0.000188 0.101337 0.045019
36.048768 1.293027 48.364469 1.888267
0.471722 0.099892 -0.007671 -0.001229
0.099892 0.044734 -0.001230 -0.000238
-0.007671 -0.001230 0.481539 0.101407
-0.001229 -0.000238 0.101407 0.045030
