5.363519 3.107548 -1.418901 -1.459620
2.422513 0.969026 -0.129194 -0.051679
0.969026 80.391685 -0.051679 -0.020672
-0.129194 -0.051679 2.484353 0.993763
-0.051679 -0.020672 0.993763 80.401580
4.553308 -1.027202 -1.402756 -0.182736
2.251180 3.944560 -0.075345 -0.106436
3.944560 15.161934 -0.106140 -0.514580
-0.075345 -0.106140 2.313722 4.041769
-0.106436 -0.514580 4.041769 15.489319
7.061155 2.458827 1.082078 2.784337
1.965965 2.269154 -0.059461 -0.069736
2.269154 4.481600 -0.069678 -0.170348
-0.059461 -0.069678 2.019114 2.326955
-0.069736 -0.170348 2.326955 4.591169
7.340749 1.661493 1.059995 1.596079
1.721287 1.449910 -0.110012 -0.095911
1.449910 1.908202 -0.095940 -0.114842
-0.110012 -0.095940 1.770405 1.490016
-0.095911 -0.114842 1.490016 1.958972
7.805359 1.420748 3.627393 2.761583
1.472307 0.970577 -0.072596 -0.047320
0.970577 0.967440 -0.047327 -0.045480
-0.072596 -0.047327 1.498830 0.987384
-0.047320 -0.045480 0.987384 0.986785
8.040053 1.163284 5.992925 3.295336
1.291199 0.699920 -0.066283 -0.035398
0.699920 0.562835 -0.035405 -0.027003
-0.066283 -0.035405 1.304376 0.707239
-0.035398 -0.027003 0.707239 0.571690
9.155308 1.408299 5.821824 2.456359
1.136592 0.523771 -0.051055 -0.022953
0.523771 0.356403 -0.022957 -0.015274
-0.051055 -0.022957 1.154629 0.532770
-0.022953 -0.015274 0.532770 0.363717
9.619317 1.311788 7.044905 2.454206
1.035645 0.416196 -0.039172 -0.015331
0.416196 0.246057 -0.015340 -0.009255
-0.039172 -0.015340 1.049104 0.422228
-0.015331 -0.009255 0.422228 0.250535
9.911647 1.181914 7.963070 2.343630
0.940070 0.335641 -0.037326 -0.013124
0.335641 0.177923 -0.013128 -0.006858
-0.037326 -0.013128 0.950460 0.339915
-0.013124 -0.006858 0.339915 0.180850
10.222289 1.091555 9.314623 2.401631
0.861175 0.277701 -0.032642 -0.010350
0.277701 0.135149 -0.010354 -0.004888
-0.032642 -0.010354 0.867842 0.280353
-0.010350 -0.004888 0.280353 0.136994
10.656212 1.058450 10.234361 2.318408
0.799554 0.236187 -0.028671 -0.008286
0.236187 0.107556 -0.008290 -0.003581
-0.028671 -0.008290 0.804691 0.238170
-0.008286 -0.003581 0.238170 0.108865
11.164673 1.052720 11.239805 2.276193
0.741533 0.203139 -0.022718 -0.006017
0.203139 0.088428 -0.006022 -0.002493
-0.022718 -0.006022 0.745282 0.204583
-0.006017 -0.002493 0.204583 0.089360
11.985622 1.128299 11.877603 2.147420
0.697382 0.179255 -0.010113 -0.002389
0.179255 0.075604 -0.002399 -0.001260
-0.010113 -0.002399 0.701310 0.180636
-0.002389 -0.001260 0.180636 0.076364
12.278180 1.062181 13.502427 2.281928
0.662301 0.161375 -0.010208 -0.002410
0.161375 0.066732 -0.002417 -0.001118
-0.010208 -0.002417 0.663782 0.162046
-0.002410 -0.001118 0.162046 0.067199
12.759275 1.050509 14.161110 2.169287
0.633283 0.147623 -0.005236 -0.001190
0.147623 0.060457 -0.001197 -0.000705
-0.005236 -0.001197 0.634486 0.148186
-0.001190 -0.000705 0.148186 0.060823
13.450529 1.087822 15.456447 2.216743
0.604852 0.136019 -0.006463 -0.001497
0.136019 0.055769 -0.001502 -0.000691
-0.006463 -0.001502 0.605319 0.136372
-0.001497 -0.000691 0.136372 0.056028
14.035757 1.096869 16.433326 2.187935
0.580037 0.126842 -0.004063 -0.000936
0.126842 0.052391 -0.000941 -0.000490
-0.004063 -0.000941 0.580077 0.127073
-0.000936 -0.000490 0.127073 0.052580
15.339239 1.258575 17.542544 2.191120
0.555010 0.118866 -0.000566 -0.000185
0.118866 0.049805 -0.000189 -0.000272
-0.000566 -0.000189 0.555383 0.119145
-0.000185 -0.000272 0.119145 0.049971
15.883202 1.240595 18.467324 2.155022
0.542072 0.114468 0.000096 -0.000096
0.114468 0.048353 -0.000099 -0.000218
0.000096 -0.000099 0.542127 0.114650
-0.000096 -0.000218 0.114650 0.048472
16.813559 1.305295 19.995190 2.249225
0.530100 0.110842 0.000475 -0.000053
0.110842 0.047278 -0.000056 -0.000177
0.000475 -0.000056 0.529966 0.110961
-0.000053 -0.000177 0.110961 0.047364
17.508798 1.314271 20.751927 2.172675
0.514505 0.106915 0.000401 -0.000090
0.106915 0.046290 -0.000092 -0.000157
0.000401 -0.000092 0.514250 0.106988
-0.000090 -0.000157 0.106988 0.046350
18.996732 1.486390 22.148276 2.236716
0.507792 0.105269 -0.000188 -0.000219
0.105269 0.045892 -0.000221 -0.000158
-0.000188 -0.000221 0.507906 0.105403
-0.000219 -0.000158 0.105403 0.045952
19.447590 1.426229 22.061480 1.986941
0.496723 0.102901 0.001222 0.000090
0.102901 0.045389 0.000089 -0.000069
0.001222 0.000089 0.496567 0.102956
0.000090 -0.000069 0.102956 0.045422
19.736018 1.338107 23.090802 1.994532
0.491025 0.101873 0.003099 0.000473
0.101873 0.045207 0.000471 0.000027
0.003099 0.000471 0.490775 0.101894
0.000473 0.000027 0.101894 0.045227
20.076109 1.269699 24.089390 1.994948
0.486824 0.101233 0.001771 0.000160
0.101233 0.045114 0.000159 -0.000031
0.001771 0.000159 0.486568 0.101242
0.000160 -0.000031 0.101242 0.045126
20.418620 1.208691 25.224526 2.023788
0.482822 0.100662 0.001519 0.000111
0.100662 0.045032 0.000110 -0.000027
0.001519 0.000110 0.482687 0.100686
0.000111 -0.000027 0.100686 0.045043
21.014862 1.206858 26.576541 2.094930
0.482740 0.100923 0.004061 0.000653
0.100923 0.045118 0.000652 0.000098
0.004061 0.000652 0.482961 0.101012
0.000653 0.000098 0.101012 0.045139
21.894252 1.264767 27.437400 2.055688
0.479540 0.100467 0.004100 0.000625
0.100467 0.045034 0.000624 0.000094
0.004100 0.000624 0.479972 0.100584
0.000625 0.000094 0.100584 0.045057
22.096501 1.174147 29.016755 2.171738
0.476825 0.100117 0.005562 0.000906
0.100117 0.044970 0.000905 0.000157
0.005562 0.000905 0.478040 0.100382
0.000906 0.000157 0.100382 0.045021
22.924834 1.225028 29.928731 2.134996
0.477157 0.100403 0.003961 0.000522
0.100403 0.045036 0.000520 0.000074
0.003961 0.000520 0.478631 0.100694
0.000522 0.000074 0.100694 0.045088
23.341841 1.184158 30.495740 2.029702
0.478562 0.100849 0.002201 0.000148
0.100849 0.045121 0.000146 0.000003
0.002201 0.000146 0.480027 0.101112
0.000148 0.000003 0.101112 0.045165
23.763602 1.148567 30.950328 1.911724
0.478424 0.100894 0.004650 0.000700
0.100894 0.045109 0.000699 0.000133
0.004650 0.000699 0.479892 0.101137
0.000700 0.000133 0.101137 0.045147
24.474145 1.177397 31.778877 1.884798
0.477651 0.100782 0.001821 0.000087
0.100782 0.045063 0.000085 0.000005
0.001821 0.000085 0.479605 0.101112
0.000087 0.000005 0.101112 0.045119
24.924720 1.148194 32.809756 1.903529
0.478789 0.101065 0.001051 -0.000033
0.101065 0.045103 -0.000034 -0.000008
0.001051 -0.000034 0.481557 0.101546
-0.000033 -0.000008 0.101546 0.045190
25.417607 1.131274 33.238871 1.793386
0.477413 0.100775 -0.000651 -0.000340
0.100775 0.045018 -0.000342 -0.000062
-0.000651 -0.000342 0.480268 0.101244
-0.000340 -0.000062 0.101244 0.045100
26.232290 1.183780 34.408573 1.850867
0.475867 0.100468 -0.001854 -0.000519
0.100468 0.044937 -0.000521 -0.000087
-0.001854 -0.000521 0.479818 0.101143
-0.000519 -0.000087 0.101143 0.045062
26.496791 1.114646 35.209301 1.824612
0.475247 0.100375 0.001188 0.000204
0.100375 0.044908 0.000204 0.000077
0.001188 0.000204 0.479988 0.101177
0.000204 0.000077 0.101177 0.045056
27.755608 1.262870 36.009694 1.800959
0.476230 0.100619 -0.002937 -0.000663
0.100619 0.044951 -0.000666 -0.000112
-0.002937 -0.000666 0.481194 0.101422
-0.000663 -0.000112 0.101422 0.045096
28.838883 1.358340 36.916421 1.802310
0.475574 0.100484 -0.004437 -0.000898
0.100484 0.044910 -0.000901 -0.000152
-0.004437 -0.000901 0.481097 0.101367
-0.000898 -0.000152 0.101367 0.045070
29.238443 1.299191 37.583313 1.752889
0.474671 0.100304 -0.003293 -0.000566
0.100304 0.044863 -0.000567 -0.000072
-0.003293 -0.000567 0.480863 0.101290
-0.000566 -0.000072 0.101290 0.045044
29.616182 1.241946 39.049097 1.876907
0.474257 0.100240 -0.000839 -0.000003
0.100240 0.044844 -0.000001 0.000046
-0.000839 -0.000001 0.482671 0.101652
-0.000003 0.000046 0.101652 0.045114
30.362359 1.268484 40.195313 1.920682
0.472178 0.099822 -0.001588 -0.000177
0.099822 0.044751 -0.000176 -0.000003
-0.001588 -0.000176 0.481904 0.101438
-0.000177 -0.000003 0.101438 0.045058
31.641166 1.404822 41.140564 1.917719
0.471176 0.099665 -0.004068 -0.000701
0.099665 0.044720 -0.000702 -0.000122
-0.004068 -0.000702 0.481215 0.101266
-0.000701 -0.000122 0.101266 0.045017
32.028474 1.338174 42.207706 1.940370
0.471685 0.099834 -0.004547 -0.000755
0.099834 0.044759 -0.000757 -0.000130
-0.004547 -0.000757 0.483208 0.101679
-0.000755 -0.000130 0.101679 0.045105
32.451118 1.285721 42.647878 1.828760
0.471762 0.099883 -0.006559 -0.001135
0.099883 0.044766 -0.001139 -0.000209
-0.006559 -0.001139 0.483252 0.101643
-0.001135 -0.000209 0.101643 0.045090
33.216978 1.312109 44.072033 1.936032
0.470395 0.099616 -0.007095 -0.001178
0.099616 0.044704 -0.001181 -0.000212
-0.007095 -0.001181 0.484082 0.101783
-0.001178 -0.000212 0.101783 0.045116
34.071473 1.354402 45.352396 2.001842
0.471497 0.099889 -0.008459 -0.001400
0.099889 0.044762 -0.001403 -0.000255
-0.008459 -0.001403 0.486701 0.102290
-0.001400 -0.000255 0.102290 0.045219
34.788928 1.363184 46.617743 2.057414
0.469722 0.099520 -0.009092 -0.001461
0.099520 0.044676 -0.001463 -0.000264
-0.009092 -0.001463 0.486837 0.102235
-0.001461 -0.000264 0.102235 0.045196
35.203429 1.306285 47.387869 2.002850
0.471658 0.099968 -0.009886 -0.001558
0.099968 0.044771 -0.001561 -0.000282
-0.009886 -0.001561 0.489344 0.102694
-0.001558 -0.000282 0.102694 0.045287
35.906537 1.316421 48.017980 1.925053
0.472655 0.100166 -0.011240 -0.001777
0.100166 0.044804 -0.001782 -0.000328
-0.011240 -0.001782 0.490281 0.102790
-0.001777 -0.000328 0.102790 0.045297
