4.155799 2.624450 0.856373 -0.549490
2.566666 1.026689 -0.273975 -0.109592
1.026689 80.414751 -0.109592 -0.043838
-0.273975 -0.109592 2.639285 1.055737
-0.109592 -0.043838 1.055737 80.426371
4.283933 0.577438 1.175606 0.453016
2.160295 3.753378 -0.280082 -0.435355
3.753378 15.176811 -0.434758 -1.443963
-0.280082 -0.434758 2.260158 3.913213
-0.435355 -1.443963 3.913213 15.636878
5.087147 1.177239 1.213460 0.238382
2.040387 2.383312 -0.290341 -0.317976
2.383312 4.711838 -0.318004 -0.555713
-0.290341 -0.318004 2.134520 2.483176
-0.317976 -0.555713 2.483176 4.877145
5.103418 0.707530 3.708051 2.240012
1.704659 1.442721 -0.190077 -0.149814
1.442721 1.926309 -0.149981 -0.199907
-0.190077 -0.149981 1.734404 1.462918
-0.149814 -0.199907 1.462918 1.964089
5.073538 0.454250 5.358483 2.590959
1.510679 1.002044 -0.116306 -0.073441
1.002044 0.999471 -0.073562 -0.086357
-0.116306 -0.073562 1.512349 1.003026
-0.073441 -0.086357 1.003026 1.012094
6.952031 1.353101 5.684495 2.061387
1.284665 0.698839 -0.102059 -0.056279
0.698839 0.567005 -0.056343 -0.053031
-0.102059 -0.056343 1.309686 0.714404
-0.056279 -0.053031 0.714404 0.582939
8.258758 1.644661 6.686163 2.046981
1.169524 0.541139 -0.079581 -0.038665
0.541139 0.367260 -0.038721 -0.031894
-0.079581 -0.038721 1.194769 0.554423
-0.038665 -0.031894 0.554423 0.377847
8.341286 1.347249 7.520158 1.971992
1.065397 0.429041 -0.079138 -0.034102
0.429041 0.252669 -0.034111 -0.022995
-0.079138 -0.034111 1.080347 0.436232
-0.034102 -0.022995 0.436232 0.258337
10.116316 1.741108 8.235903 1.873096
0.949048 0.339085 -0.084522 -0.032088
0.339085 0.179955 -0.032096 -0.017739
-0.084522 -0.032096 0.970829 0.347852
-0.032088 -0.017739 0.347852 0.184951
11.050024 1.762118 8.718303 1.726184
0.872409 0.281488 -0.061521 -0.021082
0.281488 0.136923 -0.021102 -0.011114
-0.061521 -0.021102 0.894391 0.289240
-0.021082 -0.011114 0.289240 0.140673
10.748662 1.412829 9.579997 1.727138
0.789130 0.233184 -0.062042 -0.019269
0.233184 0.107052 -0.019271 -0.008791
-0.062042 -0.019271 0.802290 0.237444
-0.019269 -0.008791 0.237444 0.109160
11.431303 1.406729 9.849102 1.563860
0.734246 0.201451 -0.042341 -0.012138
0.201451 0.088313 -0.012146 -0.005567
-0.042341 -0.012146 0.748221 0.205559
-0.012138 -0.005567 0.205559 0.090057
13.162850 1.671501 10.783947 1.602729
0.684509 0.176341 -0.025889 -0.007043
0.176341 0.075144 -0.007054 -0.003499
-0.025889 -0.007054 0.700475 0.180605
-0.007043 -0.003499 0.180605 0.076688
14.148225 1.707932 11.832700 1.663117
0.639536 0.156356 -0.018452 -0.004894
0.156356 0.065765 -0.004900 -0.002509
-0.018452 -0.004900 0.653012 0.159647
-0.004894 -0.002509 0.159647 0.066884
14.441420 1.576020 13.424595 1.841542
0.614004 0.143905 -0.014695 -0.003844
0.143905 0.059846 -0.003845 -0.001938
-0.014695 -0.003845 0.620881 0.145409
-0.003844 -0.001938 0.145409 0.060423
14.973689 1.518142 14.316119 1.835094
0.595027 0.134719 -0.014681 -0.003713
0.134719 0.055709 -0.003713 -0.001662
-0.014681 -0.003713 0.600020 0.135743
-0.003713 -0.001662 0.135743 0.056119
15.722116 1.515567 15.665144 1.930023
0.579246 0.127533 -0.019991 -0.004714
0.127533 0.052719 -0.004713 -0.001680
-0.019991 -0.004713 0.581957 0.128039
-0.004714 -0.001680 0.128039 0.052976
16.451998 1.509461 17.121839 2.035867
0.562601 0.121162 -0.012283 -0.002758
0.121162 0.050401 -0.002756 -0.001071
-0.012283 -0.002756 0.563320 0.121261
-0.002758 -0.001071 0.121261 0.050546
17.074752 1.481534 17.689422 1.940477
0.544192 0.115287 -0.004065 -0.000901
0.115287 0.048553 -0.000899 -0.000562
-0.004065 -0.000899 0.544812 0.115410
-0.000901 -0.000562 0.115410 0.048688
17.021067 1.315060 18.730867 1.955531
0.532430 0.111562 -0.007866 -0.001737
0.111562 0.047424 -0.001735 -0.000673
-0.007866 -0.001735 0.531126 0.111311
-0.001737 -0.000673 0.111311 0.047465
18.352875 1.455319 19.901011 1.995538
0.521548 0.108499 -0.008208 -0.001740
0.108499 0.046594 -0.001739 -0.000602
-0.008208 -0.001739 0.521015 0.108460
-0.001740 -0.000602 0.108460 0.046671
18.895612 1.416962 20.397878 1.891646
0.511591 0.106001 -0.008300 -0.001679
0.106001 0.045990 -0.001678 -0.000529
-0.008300 -0.001678 0.510954 0.105961
-0.001679 -0.000529 0.105961 0.046054
19.606537 1.417506 21.506156 1.925293
0.500821 0.103621 -0.008095 -0.001557
0.103621 0.045481 -0.001556 -0.000456
-0.008095 -0.001556 0.500068 0.103567
-0.001557 -0.000456 0.103567 0.045531
20.383421 1.431522 22.228143 1.875428
0.494666 0.102439 -0.005542 -0.000956
0.102439 0.045268 -0.000956 -0.000294
-0.005542 -0.000956 0.494040 0.102418
-0.000956 -0.000294 0.102418 0.045314
20.708135 1.350500 23.434624 1.931084
0.484808 0.100589 -0.003860 -0.000593
0.100589 0.044929 -0.000594 -0.000199
-0.003860 -0.000594 0.484216 0.100573
-0.000593 -0.000199 0.100573 0.044965
20.489806 1.164549 24.627724 1.978143
0.478466 0.099617 -0.000154 0.000165
0.099617 0.044790 0.000164 -0.000031
-0.000154 0.000164 0.477973 0.099616
0.000165 -0.000031 0.099616 0.044820
21.709885 1.297887 25.696129 1.994902
0.480602 0.100459 0.002003 0.000540
0.100459 0.045023 0.000539 0.000045
0.002003 0.000539 0.480903 0.100616
0.000540 0.000045 0.100616 0.045079
22.081944 1.239855 26.595414 1.974302
0.480614 0.100723 0.004707 0.001009
0.100723 0.045099 0.001008 0.000138
0.004707 0.001008 0.481328 0.100943
0.001009 0.000138 0.100943 0.045159
22.934044 1.288724 27.046210 1.861582
0.478628 0.100501 0.004632 0.000868
0.100501 0.045055 0.000868 0.000099
0.004632 0.000868 0.479155 0.100653
0.000868 0.000099 0.100653 0.045092
24.007286 1.378959 27.935775 1.852731
0.475430 0.100008 0.006348 0.001139
0.100008 0.044949 0.001138 0.000156
0.006348 0.001138 0.476638 0.100282
0.001139 0.000156 0.100282 0.045007
24.050114 1.242430 29.242579 1.933312
0.477486 0.100632 0.007453 0.001270
0.100632 0.045081 0.001268 0.000181
0.007453 0.001268 0.480884 0.101338
0.001270 0.000181 0.101338 0.045224
24.617957 1.230951 30.473911 1.989151
0.474177 0.100029 0.008104 0.001317
0.100029 0.044934 0.001313 0.000192
0.008104 0.001313 0.479499 0.101074
0.001317 0.000192 0.101074 0.045138
25.213025 1.226529 31.580703 2.012836
0.476532 0.100654 0.007748 0.001159
0.100654 0.045057 0.001155 0.000161
0.007748 0.001155 0.483308 0.101916
0.001159 0.000161 0.101916 0.045293
25.810765 1.223633 32.236552 1.938964
0.480930 0.101626 0.005818 0.000699
0.101626 0.045238 0.000694 0.000072
0.005818 0.000694 0.487641 0.102774
0.000699 0.000072 0.102774 0.045437
25.936378 1.120973 33.189268 1.935959
0.477488 0.100833 0.004131 0.000355
0.100833 0.045030 0.000348 0.000018
0.004131 0.000348 0.486563 0.102408
0.000355 0.000018 0.102408 0.045316
26.345327 1.089529 33.588407 1.816491
0.475973 0.100522 0.000064 -0.000454
0.100522 0.044946 -0.000463 -0.000131
0.000064 -0.000463 0.484847 0.101955
-0.000454 -0.000131 0.101955 0.045194
27.537556 1.225988 34.927310 1.906537
0.473107 0.099942 0.000344 -0.000273
0.099942 0.044812 -0.000282 -0.000061
0.000344 -0.000282 0.484782 0.101895
-0.000273 -0.000061 0.101895 0.045169
27.449987 1.077561 36.488334 2.034612
0.461721 0.097608 -0.000944 -0.000447
0.097608 0.044318 -0.000459 -0.000078
-0.000944 -0.000459 0.480113 0.100879
-0.000447 -0.000078 0.100879 0.044948
28.036739 1.087826 37.223128 1.975199
0.457855 0.097067 -0.001653 -0.000498
0.097067 0.044240 -0.000510 -0.000073
-0.001653 -0.000510 0.477294 0.100351
-0.000498 -0.000073 0.100351 0.044849
28.759356 1.125860 37.959068 1.922208
0.463044 0.098460 -0.001041 -0.000282
0.098460 0.044567 -0.000290 -0.000016
-0.001041 -0.000290 0.482400 0.101531
-0.000282 -0.000016 0.101531 0.045114
29.309107 1.123057 38.812278 1.899504
0.459084 0.097730 -0.005974 -0.001265
0.097730 0.044402 -0.001283 -0.000223
-0.005974 -0.001283 0.480809 0.101177
-0.001265 -0.000223 0.101177 0.045030
29.474311 1.038482 39.511529 1.846670
0.462251 0.098563 -0.001726 -0.000232
0.098563 0.044580 -0.000235 0.000015
-0.001726 -0.000235 0.485382 0.102155
-0.000232 0.000015 0.102155 0.045235
30.385982 1.122202 40.448025 1.849566
0.460437 0.098223 -0.005175 -0.000938
0.098223 0.044485 -0.000950 -0.000145
-0.005175 -0.000950 0.485702 0.102140
-0.000938 -0.000145 0.102140 0.045212
30.714336 1.072838 42.030272 1.987617
0.455999 0.097337 -0.007395 -0.001328
0.097337 0.044281 -0.001341 -0.000224
-0.007395 -0.001341 0.488838 0.102726
-0.001328 -0.000224 0.102726 0.045322
31.396366 1.104336 43.553209 2.098793
0.451887 0.096581 -0.016642 -0.003170
0.096581 0.044118 -0.003211 -0.000610
-0.016642 -0.003211 0.491279 0.103114
-0.003170 -0.000610 0.103114 0.045383
31.900143 1.093926 44.565789 2.091013
0.452817 0.096955 -0.019248 -0.003457
0.096955 0.044206 -0.003499 -0.000636
-0.019248 -0.003499 0.494784 0.103707
-0.003457 -0.000636 0.103707 0.045488
32.913436 1.194036 45.674529 2.105092
0.453413 0.097179 -0.026890 -0.004808
0.097179 0.044245 -0.004876 -0.000899
-0.026890 -0.004876 0.497978 0.104187
-0.004808 -0.000899 0.104187 0.045564
34.219917 1.345616 46.453086 2.049630
0.449546 0.096401 -0.032030 -0.005558
0.096401 0.044061 -0.005638 -0.001026
-0.032030 -0.005638 0.495057 0.103370
-0.005558 -0.001026 0.103370 0.045370
34.660453 1.293834 46.909257 1.930108
0.452009 0.097063 -0.028736 -0.004508
0.097063 0.044204 -0.004557 -0.000767
-0.028736 -0.004557 0.496314 0.103554
-0.004508 -0.000767 0.103554 0.045415
35.645220 1.366258 47.812471 1.918464
0.449944 0.096640 -0.031523 -0.004900
0.096640 0.044092 -0.004947 -0.000858
-0.031523 -0.004947 0.496794 0.103553
-0.004900 -0.000858 0.103553 0.045416
