4.748543 2.861553 2.329834 0.039907
2.429492 0.971818 -0.207084 -0.082836
0.971818 80.392802 -0.082836 -0.033135
-0.207084 -0.082836 2.471908 0.988785
-0.082836 -0.033135 0.988785 80.399589
5.939826 2.438550 2.161507 -0.293592
2.158390 3.778696 -0.171184 -0.260549
3.778696 14.881599 -0.259388 -0.984290
-0.171184 -0.259388 2.258078 3.945056
-0.260549 -0.984290 3.945056 15.281165
7.254606 2.554201 3.334654 1.232752
1.875697 2.179265 -0.119454 -0.132226
2.179265 4.381974 -0.131872 -0.296217
-0.119454 -0.131872 1.962831 2.268942
-0.132226 -0.296217 2.268942 4.515215
8.001133 2.106756 -0.145473 -2.226265
1.575494 1.337218 -0.258854 -0.220257
1.337218 1.811894 -0.220868 -0.243117
-0.258854 -0.220868 1.728642 1.460142
-0.220257 -0.243117 1.460142 1.929458
7.453404 1.048868 0.952604 -0.771004
1.384208 0.923268 -0.157539 -0.097831
0.923268 0.936155 -0.097801 -0.087391
-0.157539 -0.097801 1.486940 0.982832
-0.097831 -0.087391 0.982832 0.980898
9.567065 1.927177 2.375378 0.217283
1.249301 0.684578 -0.097569 -0.048544
0.684578 0.553329 -0.048353 -0.039314
-0.097569 -0.048353 1.331384 0.723109
-0.048544 -0.039314 0.723109 0.577917
9.387267 1.398914 3.927093 0.880327
1.127446 0.523528 -0.104044 -0.045979
0.523528 0.354460 -0.045977 -0.029926
-0.104044 -0.045977 1.181256 0.544201
-0.045979 -0.029926 0.544201 0.366763
10.077353 1.396906 5.595098 1.372808
1.035677 0.417833 -0.102280 -0.039696
0.417833 0.244802 -0.039729 -0.021783
-0.102280 -0.039729 1.072229 0.429946
-0.039696 -0.021783 0.429946 0.251905
10.196639 1.190573 6.826316 1.566033
0.945977 0.338106 -0.071557 -0.024288
0.338106 0.177127 -0.024286 -0.012663
-0.071557 -0.024286 0.971080 0.345609
-0.024288 -0.012663 0.345609 0.181632
11.129769 1.300329 8.607838 1.887147
0.881458 0.283868 -0.060585 -0.018675
0.283868 0.135738 -0.018675 -0.008956
-0.060585 -0.018675 0.897671 0.288359
-0.018675 -0.008956 0.288359 0.138669
12.021516 1.371277 9.338762 1.824792
0.792867 0.233292 -0.050363 -0.014273
0.233292 0.105520 -0.014270 -0.006424
-0.050363 -0.014270 0.810541 0.238259
-0.014273 -0.006424 0.238259 0.108194
12.330080 1.268315 10.135767 1.793099
0.744525 0.203152 -0.035750 -0.009338
0.203152 0.087561 -0.009337 -0.004249
-0.035750 -0.009337 0.758995 0.207061
-0.009338 -0.004249 0.207061 0.089586
13.110159 1.305834 11.547341 1.924982
0.701606 0.179518 -0.024010 -0.005893
0.179518 0.074993 -0.005893 -0.002849
-0.024010 -0.005893 0.711957 0.182231
-0.005893 -0.002849 0.182231 0.076447
13.832213 1.322622 12.738682 1.980520
0.669923 0.162415 -0.017882 -0.004256
0.162415 0.066453 -0.004258 -0.002113
-0.017882 -0.004258 0.677843 0.164473
-0.004256 -0.002113 0.164473 0.067560
14.481526 1.319898 12.906304 1.789603
0.633969 0.146960 -0.017096 -0.004006
0.146960 0.059879 -0.004008 -0.001807
-0.017096 -0.004008 0.643533 0.149352
-0.004006 -0.001807 0.149352 0.060921
14.822733 1.248518 14.464596 1.938216
0.596164 0.133372 -0.015963 -0.003637
0.133372 0.054861 -0.003637 -0.001517
-0.015963 -0.003637 0.600908 0.134567
-0.003637 -0.001517 0.134567 0.055509
15.836790 1.333381 16.811506 2.238781
0.574847 0.125265 -0.010329 -0.002282
0.125265 0.051845 -0.002283 -0.001054
-0.010329 -0.002283 0.575672 0.125590
-0.002282 -0.001054 0.125590 0.052223
15.693668 1.160442 17.013151 2.042447
0.556498 0.118897 -0.023666 -0.005106
0.118897 0.049679 -0.005103 -0.001542
-0.023666 -0.005103 0.556278 0.119043
-0.005106 -0.001542 0.119043 0.049967
16.432337 1.193932 18.310597 2.100823
0.542708 0.114330 -0.022276 -0.004484
0.114330 0.048221 -0.004481 -0.001261
-0.022276 -0.004481 0.541886 0.114386
-0.004484 -0.001261 0.114386 0.048446
16.839934 1.154238 19.141696 2.054798
0.531254 0.110850 -0.014128 -0.002520
0.110850 0.047204 -0.002522 -0.000743
-0.014128 -0.002522 0.529920 0.110822
-0.002520 -0.000743 0.110822 0.047375
17.551994 1.181902 19.813859 1.981062
0.517361 0.107295 -0.015429 -0.002726
0.107295 0.046313 -0.002727 -0.000735
-0.015429 -0.002727 0.516257 0.107328
-0.002726 -0.000735 0.107328 0.046464
17.742680 1.099341 21.034004 2.028238
0.511724 0.105857 -0.016397 -0.002830
0.105857 0.045966 -0.002831 -0.000709
-0.016397 -0.002831 0.509744 0.105705
-0.002830 -0.000709 0.105705 0.046050
18.408360 1.123170 21.934145 2.004774
0.502028 0.103755 -0.010832 -0.001577
0.103755 0.045524 -0.001581 -0.000411
-0.010832 -0.001581 0.500224 0.103643
-0.001577 -0.000411 0.103643 0.045594
19.218864 1.174916 23.122524 2.043680
0.496198 0.102654 -0.010849 -0.001597
0.102654 0.045328 -0.001599 -0.000406
-0.010849 -0.001599 0.494897 0.102638
-0.001597 -0.000406 0.102638 0.045398
19.814739 1.176602 24.099311 2.034330
0.490543 0.101689 -0.004475 -0.000281
0.101689 0.045173 -0.000285 -0.000123
-0.004475 -0.000285 0.489527 0.101711
-0.000281 -0.000123 0.101711 0.045231
20.038608 1.100491 24.778767 1.963599
0.485577 0.100925 -0.003357 -0.000173
0.100925 0.045060 -0.000177 -0.000114
-0.003357 -0.000177 0.484449 0.100894
-0.000173 -0.000114 0.100894 0.045091
20.425764 1.066329 25.570663 1.923797
0.484259 0.100961 0.004692 0.001396
0.100961 0.045111 0.001390 0.000204
0.004692 0.001390 0.483407 0.100966
0.001396 0.000204 0.100966 0.045137
20.901613 1.054432 26.770529 1.973593
0.477805 0.099870 0.002826 0.000762
0.099870 0.044907 0.000759 0.000042
0.002826 0.000759 0.478080 0.100082
0.000762 0.000042 0.100082 0.044966
21.477429 1.064626 27.829402 1.988725
0.478644 0.100366 0.007780 0.001656
0.100366 0.045041 0.001652 0.000224
0.007780 0.001652 0.479940 0.100750
0.001656 0.000224 0.100750 0.045124
22.076486 1.078457 29.328327 2.094797
0.475055 0.099836 0.006848 0.001257
0.099836 0.044934 0.001253 0.000126
0.006848 0.001253 0.478633 0.100643
0.001257 0.000126 0.100643 0.045095
22.771387 1.111224 30.414562 2.102871
0.473213 0.099683 0.002952 0.000305
0.099683 0.044906 0.000300 -0.000072
0.002952 0.000300 0.478262 0.100710
0.000305 -0.000072 0.100710 0.045098
23.851378 1.221995 31.351994 2.078468
0.477080 0.100702 0.004592 0.000630
0.100702 0.045118 0.000626 0.000020
0.004592 0.000626 0.482911 0.101794
0.000630 0.000020 0.101794 0.045310
24.234765 1.173907 32.404165 2.081372
0.475042 0.100340 0.003874 0.000445
0.100340 0.045012 0.000440 -0.000002
0.003874 0.000440 0.482896 0.101768
0.000445 -0.000002 0.101768 0.045266
24.495626 1.105069 33.322919 2.055941
0.472879 0.099962 0.002642 0.000182
0.099962 0.044911 0.000176 -0.000039
0.002642 0.000176 0.482570 0.101671
0.000182 -0.000039 0.101671 0.045214
25.220031 1.141320 34.506444 2.088580
0.467999 0.099025 -0.004019 -0.001190
0.099025 0.044698 -0.001204 -0.000307
-0.004019 -0.001204 0.480620 0.101238
-0.001190 -0.000307 0.101238 0.045099
25.552336 1.090814 35.534799 2.085317
0.469007 0.099393 0.000476 -0.000085
0.099393 0.044774 -0.000091 -0.000031
0.000476 -0.000091 0.483854 0.101927
-0.000085 -0.000031 0.101927 0.045230
26.141017 1.100061 36.360357 2.039598
0.472713 0.100271 -0.002766 -0.000730
0.100271 0.044947 -0.000740 -0.000157
-0.002766 -0.000740 0.488451 0.102834
-0.000730 -0.000157 0.102834 0.045397
26.756919 1.114061 37.119630 1.984819
0.469978 0.099677 -0.003983 -0.000889
0.099677 0.044789 -0.000900 -0.000172
-0.003983 -0.000900 0.487310 0.102450
-0.000889 -0.000172 0.102450 0.045281
28.297918 1.322838 38.301797 2.024776
0.466887 0.099054 -0.011238 -0.002313
0.099054 0.044640 -0.002337 -0.000458
-0.011238 -0.002337 0.486964 0.102283
-0.002313 -0.000458 0.102283 0.045228
28.880498 1.305960 39.070323 1.973540
0.467192 0.099200 -0.009237 -0.001673
0.099200 0.044667 -0.001686 -0.000287
-0.009237 -0.001686 0.488667 0.102575
-0.001673 -0.000287 0.102575 0.045280
29.557898 1.311074 39.968808 1.955043
0.466028 0.098999 -0.011389 -0.001995
0.098999 0.044614 -0.002009 -0.000344
-0.011389 -0.002009 0.489882 0.102743
-0.001995 -0.000344 0.102743 0.045304
30.620710 1.397540 40.848024 1.934905
0.470119 0.099923 -0.011980 -0.001975
0.099923 0.044803 -0.001987 -0.000330
-0.011980 -0.001987 0.494586 0.103639
-0.001975 -0.000330 0.103639 0.045483
31.487535 1.433091 41.699474 1.910861
0.472069 0.100284 -0.017296 -0.002971
0.100284 0.044853 -0.002996 -0.000538
-0.017296 -0.002996 0.497984 0.104183
-0.002971 -0.000538 0.104183 0.045576
31.755293 1.338072 42.810524 1.942582
0.462977 0.098266 -0.020983 -0.003571
0.098266 0.044397 -0.003592 -0.000652
-0.020983 -0.003592 0.495485 0.103468
-0.003571 -0.000652 0.103468 0.045404
32.686385 1.394596 44.151662 2.020358
0.460634 0.097886 -0.020350 -0.003231
0.097886 0.044332 -0.003235 -0.000562
-0.020350 -0.003235 0.497908 0.103882
-0.003231 -0.000562 0.103882 0.045493
33.174230 1.350003 45.162363 2.019939
0.461547 0.098210 -0.022825 -0.003597
0.098210 0.044415 -0.003604 -0.000638
-0.022825 -0.003604 0.501924 0.104599
-0.003597 -0.000638 0.104599 0.045638
34.541127 1.497601 46.225942 2.033062
0.461783 0.098329 -0.028382 -0.004601
0.098329 0.044440 -0.004629 -0.000851
-0.028382 -0.004629 0.503757 0.104805
-0.004601 -0.000851 0.104805 0.045668
35.801719 1.606595 47.196454 2.025176
0.456175 0.097180 -0.031786 -0.005110
0.097180 0.044189 -0.005142 -0.000950
-0.031786 -0.005142 0.500733 0.104012
-0.005110 -0.000950 0.104012 0.045495
36.851533 1.656773 47.548275 1.888764
0.460817 0.098318 -0.034013 -0.005326
0.098318 0.044446 -0.005379 -0.000985
-0.034013 -0.005379 0.501543 0.104120
-0.005326 -0.000985 0.104120 0.045530
37.563543 1.629595 47.943277 1.774117
0.461688 0.098517 -0.036014 -0.005532
0.098517 0.044473 -0.005590 -0.001025
-0.036014 -0.005590 0.501447 0.104043
-0.005532 -0.001025 0.104043 0.045526
