2.302249 1.883014 1.531817 -0.279307
2.451491 0.980618 -0.097225 -0.038891
0.980618 80.396322 -0.038891 -0.015557
-0.097225 -0.038891 2.450713 0.980306
-0.038891 -0.015557 0.980306 80.396198
3.808703 2.868537 1.017878 -0.929584
2.294751 4.015405 -0.058967 -0.083856
4.015405 15.361499 -0.083724 -0.393677
-0.058967 -0.083724 2.309875 4.042028
-0.083856 -0.393677 4.042028 15.406112
5.623781 3.307143 1.388507 0.032005
1.984266 2.286567 -0.071782 -0.083232
2.286567 4.521964 -0.083237 -0.163685
-0.071782 -0.083237 2.002864 2.305639
-0.083232 -0.163685 2.305639 4.543302
7.794328 3.742471 2.448258 0.909672
1.717778 1.446538 -0.028399 -0.023979
1.446538 1.914553 -0.023940 -0.044823
-0.028399 -0.023940 1.734873 1.458869
-0.023979 -0.044823 1.458869 1.924939
8.700459 3.103925 4.142321 1.727656
1.459584 0.963500 -0.023487 -0.017281
0.963500 0.967942 -0.017262 -0.023871
-0.023487 -0.017262 1.470985 0.969578
-0.017281 -0.023871 0.969578 0.972201
8.812943 2.322878 4.096316 1.235891
1.279034 0.695169 -0.022517 -0.014071
0.695169 0.563375 -0.014065 -0.014568
-0.022517 -0.014065 1.290074 0.700270
-0.014071 -0.014568 0.700270 0.566473
9.986051 2.326154 6.356277 1.994136
1.145933 0.529807 -0.000738 -0.001846
0.529807 0.361085 -0.001827 -0.004964
-0.000738 -0.001827 1.151988 0.531973
-0.001846 -0.004964 0.531973 0.362358
10.117389 1.910258 7.524231 2.064546
1.032422 0.415909 -0.003011 -0.002844
0.415909 0.246966 -0.002831 -0.003902
-0.003011 -0.002831 1.036276 0.417090
-0.002844 -0.003902 0.417090 0.247692
11.499971 2.062456 9.071660 2.248153
0.941123 0.336852 -0.004527 -0.003086
0.336852 0.179023 -0.003078 -0.002975
-0.004527 -0.003078 0.944356 0.337808
-0.003086 -0.002975 0.337808 0.179582
10.388320 1.372145 8.627953 1.744722
0.865565 0.279730 -0.004024 -0.002527
0.279730 0.136229 -0.002521 -0.002105
-0.004024 -0.002521 0.868212 0.280479
-0.002527 -0.002105 0.280479 0.136649
10.414260 1.175564 10.501402 2.041704
0.799275 0.236502 -0.001520 -0.001456
0.236502 0.107911 -0.001450 -0.001335
-0.001520 -0.001450 0.799383 0.236482
-0.001456 -0.001335 0.236482 0.108049
11.434892 1.294984 10.943865 1.882507
0.747398 0.205070 -0.004881 -0.002194
0.205070 0.089140 -0.002191 -0.001256
-0.004881 -0.002191 0.748402 0.205356
-0.002194 -0.001256 0.205356 0.089342
11.968307 1.265200 12.348275 2.001792
0.700741 0.180282 -0.001724 -0.001106
0.180282 0.075973 -0.001102 -0.000747
-0.001724 -0.001102 0.700923 0.180359
-0.001106 -0.000747 0.180359 0.076092
12.306603 1.193609 13.157985 1.955412
0.661480 0.161263 -0.001006 -0.000792
0.161263 0.066770 -0.000790 -0.000532
-0.001006 -0.000790 0.661367 0.161284
-0.000792 -0.000532 0.161284 0.066857
12.799664 1.169532 13.966596 1.916029
0.625568 0.145916 -0.002687 -0.001080
0.145916 0.060112 -0.001077 -0.000501
-0.002687 -0.001077 0.625319 0.145918
-0.001080 -0.000501 0.145918 0.060179
13.621733 1.222900 15.054360 1.945127
0.599786 0.135073 0.002220 0.000155
0.135073 0.055619 0.000156 -0.000142
0.002220 0.000156 0.599508 0.135077
0.000155 -0.000142 0.135077 0.055674
14.632523 1.310449 15.922707 1.922053
0.575540 0.126093 -0.002072 -0.000784
0.126093 0.052286 -0.000783 -0.000311
-0.002072 -0.000783 0.575452 0.126142
-0.000784 -0.000311 0.126142 0.052340
16.018187 1.466831 17.788582 2.116046
0.555666 0.119263 -0.002494 -0.000776
0.119263 0.049940 -0.000775 -0.000261
-0.002494 -0.000775 0.555496 0.119289
-0.000776 -0.000261 0.119289 0.049980
16.545173 1.423338 18.267230 1.993501
0.539086 0.114021 -0.000401 -0.000242
0.114021 0.048286 -0.000242 -0.000111
-0.000401 -0.000242 0.538916 0.114044
-0.000242 -0.000111 0.114044 0.048317
17.281566 1.428469 19.464644 2.035546
0.525467 0.110063 -0.001447 -0.000427
0.110063 0.047138 -0.000427 -0.000131
-0.001447 -0.000427 0.525219 0.110065
-0.000427 -0.000131 0.110065 0.047159
17.669414 1.360576 19.992279 1.933482
0.515079 0.107259 -0.001008 -0.000286
0.107259 0.046386 -0.000286 -0.000084
-0.001008 -0.000286 0.514780 0.107246
-0.000286 -0.000084 0.107246 0.046399
18.069572 1.302357 21.638143 2.074565
0.507593 0.105385 -0.001092 -0.000271
0.105385 0.045922 -0.000271 -0.000070
-0.001092 -0.000271 0.507150 0.105339
-0.000271 -0.000070 0.105339 0.045924
19.309113 1.424375 22.861053 2.113062
0.503885 0.104503 0.000906 0.000172
0.104503 0.045718 0.000172 0.000030
0.000906 0.000172 0.503634 0.104497
0.000172 0.000030 0.104497 0.045726
19.743793 1.366822 24.059503 2.142519
0.498267 0.103321 0.000316 0.000035
0.103321 0.045473 0.000035 -0.000000
0.000316 0.000035 0.498043 0.103315
0.000035 -0.000000 0.103315 0.045479
19.953786 1.268561 25.158741 2.148357
0.494288 0.102591 0.001599 0.000301
0.102591 0.045343 0.000301 0.000057
0.001599 0.000301 0.494097 0.102587
0.000301 0.000057 0.102587 0.045347
20.511740 1.252689 26.289379 2.160105
0.489543 0.101758 0.001709 0.000300
0.101758 0.045198 0.000300 0.000053
0.001709 0.000300 0.489487 0.101777
0.000300 0.000053 0.101777 0.045204
21.795803 1.389701 27.306947 2.146984
0.485644 0.101159 -0.001450 -0.000378
0.101159 0.045105 -0.000378 -0.000090
-0.001450 -0.000378 0.485797 0.101215
-0.000378 -0.000090 0.101215 0.045117
22.322663 1.354638 28.179462 2.105026
0.482489 0.100741 -0.001663 -0.000377
0.100741 0.045048 -0.000377 -0.000079
-0.001663 -0.000377 0.482768 0.100813
-0.000377 -0.000079 0.100813 0.045062
23.433870 1.445454 29.357944 2.131403
0.480900 0.100653 -0.002560 -0.000524
0.100653 0.045054 -0.000524 -0.000102
-0.002560 -0.000524 0.481447 0.100771
-0.000524 -0.000102 0.100771 0.045075
24.366649 1.489503 30.358300 2.117726
0.479102 0.100491 0.000649 0.000199
0.100491 0.045033 0.000199 0.000057
0.000649 0.000199 0.479853 0.100639
0.000199 0.000057 0.100639 0.045059
25.069933 1.480786 31.384067 2.110769
0.476314 0.100100 0.000931 0.000233
0.100100 0.044956 0.000233 0.000057
0.000931 0.000233 0.477353 0.100295
0.000233 0.000057 0.100295 0.044990
25.367794 1.387601 32.315802 2.084733
0.475725 0.100172 -0.000188 -0.000029
0.100172 0.044975 -0.000029 -0.000005
-0.000188 -0.000029 0.477084 0.100418
-0.000029 -0.000005 0.100418 0.045018
25.663579 1.303660 33.172969 2.045689
0.475937 0.100370 0.001661 0.000362
0.100370 0.045011 0.000362 0.000077
0.001661 0.000362 0.477586 0.100658
0.000362 0.000077 0.100658 0.045061
26.033940 1.244242 34.161500 2.038466
0.477724 0.100850 0.000658 0.000114
0.100850 0.045097 0.000114 0.000018
0.000658 0.000114 0.479748 0.101198
0.000114 0.000018 0.101198 0.045159
26.295459 1.168045 35.863311 2.182489
0.478403 0.101026 0.001441 0.000271
0.101026 0.045109 0.000271 0.000051
0.001441 0.000271 0.481451 0.101568
0.000271 0.000051 0.101568 0.045210
26.847579 1.161358 36.513733 2.089529
0.478421 0.101031 0.001059 0.000169
0.101031 0.045083 0.000169 0.000027
0.001059 0.000169 0.481523 0.101547
0.000169 0.000027 0.101547 0.045175
26.941332 1.058571 37.328338 2.041073
0.476776 0.100674 0.000614 0.000067
0.100674 0.044984 0.000066 0.000005
0.000614 0.000066 0.480335 0.101259
0.000067 0.000005 0.101259 0.045089
27.742282 1.115963 38.202667 2.010221
0.477346 0.100812 -0.001116 -0.000295
0.100812 0.044999 -0.000296 -0.000069
-0.001116 -0.000296 0.481178 0.101424
-0.000295 -0.000069 0.101424 0.045108
28.556291 1.170050 38.828657 1.930322
0.478241 0.100997 -0.002800 -0.000613
0.100997 0.045022 -0.000615 -0.000127
-0.002800 -0.000615 0.482110 0.101589
-0.000613 -0.000127 0.101589 0.045127
29.333812 1.210676 39.608572 1.891321
0.477916 0.100902 -0.002903 -0.000572
0.100902 0.044986 -0.000573 -0.000107
-0.002903 -0.000573 0.482090 0.101538
-0.000572 -0.000107 0.101538 0.045101
29.875087 1.197134 40.450111 1.869387
0.478026 0.100906 -0.003017 -0.000545
0.100906 0.044975 -0.000546 -0.000095
-0.003017 -0.000546 0.482696 0.101626
-0.000545 -0.000095 0.101626 0.045108
30.486988 1.199878 41.129837 1.815733
0.474446 0.100131 -0.002142 -0.000320
0.100131 0.044801 -0.000320 -0.000044
-0.002142 -0.000320 0.479540 0.100919
-0.000320 -0.000044 0.100919 0.044950
30.551669 1.086685 41.493860 1.701087
0.475315 0.100368 -0.003640 -0.000621
0.100368 0.044857 -0.000623 -0.000110
-0.003640 -0.000623 0.480603 0.101170
-0.000621 -0.000110 0.101170 0.045008
31.412151 1.153534 41.994437 1.627537
0.474558 0.100230 -0.006568 -0.001200
0.100230 0.044827 -0.001203 -0.000230
-0.006568 -0.001203 0.479903 0.101022
-0.001200 -0.000230 0.101022 0.044977
32.152949 1.188379 43.139847 1.697455
0.473694 0.100078 -0.008008 -0.001417
0.100078 0.044795 -0.001420 -0.000265
-0.008008 -0.001420 0.479998 0.101056
-0.001417 -0.000265 0.101056 0.044986
32.983361 1.238351 44.042786 1.709052
0.472250 0.099814 -0.006512 -0.001008
0.099814 0.044741 -0.001009 -0.000169
-0.006512 -0.001009 0.479141 0.100886
-0.001008 -0.000169 0.100886 0.044951
33.637747 1.245801 44.901230 1.709907
0.472086 0.099837 -0.006752 -0.001018
0.099837 0.044750 -0.001018 -0.000173
-0.006752 -0.001018 0.479562 0.100998
-0.001018 -0.000173 0.100998 0.044978
34.392046 1.273839 46.009892 1.763470
0.473402 0.100162 -0.006517 -0.000933
0.100162 0.044820 -0.000933 -0.000159
-0.006517 -0.000933 0.481681 0.101454
-0.000933 -0.000159 0.101454 0.045074
35.569447 1.387575 46.233978 1.625513
0.474047 0.100305 -0.006916 -0.000999
0.100305 0.044844 -0.001000 -0.000179
-0.006916 -0.001000 0.481530 0.101386
-0.000999 -0.000179 0.101386 0.045051
36.333230 1.402811 47.471801 1.715065
0.473952 0.100272 -0.009124 -0.001446
0.100272 0.044828 -0.001447 -0.000278
-0.009124 -0.001447 0.482600 0.101584
-0.001446 -0.000278 0.101584 0.045087
