4.588835 2.797668 -2.166159 -1.758529
2.301778 0.920731 -0.308726 -0.123493
0.920731 80.372367 -0.123493 -0.049398
-0.308726 -0.123493 2.378555 0.951442
-0.123493 -0.049398 0.951442 80.384652
4.486905 0.184159 -1.820594 0.352583
2.217538 3.902967 -0.290830 -0.450756
3.902967 14.753987 -0.447698 -1.585422
-0.290830 -0.447698 2.402530 4.213002
-0.450756 -1.585422 4.213002 15.497263
6.337069 2.221839 0.615152 2.940069
1.888987 2.172698 -0.173703 -0.187956
2.172698 4.283835 -0.186878 -0.432723
-0.173703 -0.186878 2.027270 2.312106
-0.187956 -0.432723 2.312106 4.496768
6.219915 1.189538 2.033492 2.899938
1.657323 1.393483 -0.157586 -0.135602
1.393483 1.831702 -0.135266 -0.201877
-0.157586 -0.135266 1.749018 1.460228
-0.135602 -0.201877 1.460228 1.912390
7.567975 1.689894 1.824220 1.810195
1.422970 0.936899 -0.121386 -0.084188
0.936899 0.932156 -0.084083 -0.097708
-0.121386 -0.084083 1.525258 0.999882
-0.084188 -0.097708 0.999882 0.987829
8.921622 1.961905 3.807557 2.389522
1.243130 0.673128 -0.110570 -0.063959
0.673128 0.541269 -0.063875 -0.057919
-0.110570 -0.063875 1.317797 0.710611
-0.063959 -0.057919 0.710611 0.569817
8.762923 1.436372 5.360894 2.557493
1.085218 0.499701 -0.070598 -0.035680
0.499701 0.341144 -0.035553 -0.030288
-0.070598 -0.035553 1.133862 0.520437
-0.035680 -0.030288 0.520437 0.356099
8.864797 1.191180 5.792561 2.219658
0.977417 0.392937 -0.085818 -0.037454
0.392937 0.234180 -0.037389 -0.024086
-0.085818 -0.037389 1.018823 0.408898
-0.037454 -0.024086 0.408898 0.244407
8.523151 0.854603 7.597566 2.470194
0.915180 0.327304 -0.053749 -0.021326
0.327304 0.173346 -0.021235 -0.013585
-0.053749 -0.021235 0.933903 0.333775
-0.021326 -0.013585 0.333775 0.178397
8.571921 0.733550 8.303005 2.299912
0.841820 0.271740 -0.042325 -0.015495
0.271740 0.132017 -0.015429 -0.009204
-0.042325 -0.015429 0.854551 0.276147
-0.015495 -0.009204 0.276147 0.135535
9.372924 0.861517 9.620684 2.348717
0.782456 0.231261 -0.041220 -0.013778
0.231261 0.105173 -0.013726 -0.007121
-0.041220 -0.013726 0.791509 0.234508
-0.013778 -0.007121 0.234508 0.107749
9.829917 0.868592 10.862240 2.367144
0.737025 0.201959 -0.039817 -0.012176
0.201959 0.087391 -0.012132 -0.005565
-0.039817 -0.012132 0.741462 0.203870
-0.012176 -0.005565 0.203870 0.089167
10.346201 0.889822 11.905318 2.330811
0.703565 0.180711 -0.034472 -0.009766
0.180711 0.075386 -0.009736 -0.004147
-0.034472 -0.009736 0.705926 0.182086
-0.009766 -0.004147 0.182086 0.076723
11.312377 1.016217 13.410614 2.413366
0.671217 0.163181 -0.039422 -0.010212
0.163181 0.066659 -0.010181 -0.003700
-0.039422 -0.010181 0.672092 0.164174
-0.010212 -0.003700 0.164174 0.067673
11.527495 0.948211 14.511038 2.388654
0.639343 0.148491 -0.040845 -0.009733
0.148491 0.060216 -0.009704 -0.003142
-0.040845 -0.009704 0.636623 0.148611
-0.009733 -0.003142 0.148611 0.060850
13.195248 1.215398 15.432329 2.327566
0.607204 0.135947 -0.029258 -0.006393
0.135947 0.055387 -0.006382 -0.002054
-0.029258 -0.006382 0.608539 0.136995
-0.006393 -0.002054 0.136995 0.056105
13.840815 1.223668 16.635916 2.336302
0.586554 0.127699 -0.021073 -0.004230
0.127699 0.052291 -0.004231 -0.001383
-0.021073 -0.004231 0.586343 0.128307
-0.004230 -0.001383 0.128307 0.052793
15.131610 1.367944 17.215981 2.210884
0.560747 0.119508 -0.015416 -0.002861
0.119508 0.049708 -0.002865 -0.000970
-0.015416 -0.002865 0.562252 0.120407
-0.002861 -0.000970 0.120407 0.050182
16.182164 1.444775 18.075248 2.159243
0.538641 0.113167 -0.008483 -0.001353
0.113167 0.047892 -0.001362 -0.000577
-0.008483 -0.001362 0.540245 0.113974
-0.001353 -0.000577 0.113974 0.048269
17.385119 1.545143 19.548186 2.241783
0.529635 0.110332 -0.007648 -0.001244
0.110332 0.047053 -0.001251 -0.000513
-0.007648 -0.001251 0.531052 0.111004
-0.001244 -0.000513 0.111004 0.047342
18.276200 1.569584 20.468120 2.200103
0.517223 0.107157 -0.004652 -0.000669
0.107157 0.046262 -0.000677 -0.000356
-0.004652 -0.000677 0.518305 0.107673
-0.000669 -0.000356 0.107673 0.046473
18.781698 1.511909 21.704587 2.228240
0.505637 0.104517 -0.003009 -0.000405
0.104517 0.045677 -0.000413 -0.000276
-0.003009 -0.000413 0.505851 0.104784
-0.000405 -0.000276 0.104784 0.045803
19.339280 1.470905 22.865748 2.237927
0.497946 0.102959 -0.000021 0.000139
0.102959 0.045375 0.000132 -0.000142
-0.000021 0.000132 0.497752 0.103097
0.000139 -0.000142 0.103097 0.045451
19.284987 1.307363 24.411875 2.326463
0.489284 0.101341 -0.001440 -0.000258
0.101341 0.045081 -0.000263 -0.000211
-0.001440 -0.000263 0.488668 0.101360
-0.000258 -0.000211 0.101360 0.045118
19.937422 1.307105 25.435110 2.297342
0.481828 0.100101 -0.006517 -0.001354
0.100101 0.044881 -0.001357 -0.000417
-0.006517 -0.001357 0.481407 0.100141
-0.001354 -0.000417 0.100141 0.044911
20.581708 1.305188 26.679083 2.317238
0.476645 0.099407 -0.006007 -0.001172
0.099407 0.044796 -0.001174 -0.000340
-0.006007 -0.001174 0.477000 0.099588
-0.001172 -0.000340 0.099588 0.044847
21.470543 1.354747 28.135999 2.379820
0.474446 0.099346 -0.007646 -0.001456
0.099346 0.044831 -0.001457 -0.000371
-0.007646 -0.001457 0.476359 0.099821
-0.001456 -0.000371 0.099821 0.044935
22.019497 1.327428 28.650269 2.237759
0.475990 0.100018 -0.007965 -0.001437
0.100018 0.044999 -0.001438 -0.000339
-0.007965 -0.001438 0.477414 0.100333
-0.001437 -0.000339 0.100333 0.045058
22.551482 1.299424 29.375844 2.154851
0.477314 0.100527 -0.004808 -0.000695
0.100527 0.045105 -0.000696 -0.000162
-0.004808 -0.000696 0.479115 0.100886
-0.000695 -0.000162 0.100886 0.045168
23.139658 1.286575 30.648646 2.195993
0.477425 0.100689 -0.000827 0.000143
0.100689 0.045120 0.000145 0.000016
-0.000827 0.000145 0.481365 0.101464
0.000143 0.000016 0.101464 0.045266
23.295365 1.183573 31.581956 2.161029
0.476914 0.100668 -0.000520 0.000129
0.100668 0.045090 0.000131 -0.000001
-0.000520 0.000131 0.482392 0.101699
0.000129 -0.000001 0.101699 0.045281
23.758332 1.156263 32.379282 2.101292
0.481001 0.101595 0.000912 0.000364
0.101595 0.045260 0.000367 0.000041
0.000912 0.000367 0.487252 0.102704
0.000364 0.000041 0.102704 0.045457
24.076472 1.101277 32.927279 1.995421
0.481691 0.101695 0.002569 0.000633
0.101695 0.045239 0.000636 0.000089
0.002569 0.000636 0.488382 0.102818
0.000633 0.000089 0.102818 0.045433
24.719206 1.120709 33.821445 1.973649
0.478827 0.101029 -0.001326 -0.000279
0.101029 0.045063 -0.000280 -0.000113
-0.001326 -0.000280 0.487640 0.102534
-0.000279 -0.000113 0.102534 0.045334
25.693300 1.208000 34.448191 1.898010
0.474295 0.100073 -0.005056 -0.001056
0.100073 0.044843 -0.001060 -0.000265
-0.005056 -0.001060 0.484168 0.101713
-0.001056 -0.000265 0.101713 0.045137
26.024709 1.150424 35.330050 1.883854
0.470835 0.099427 0.000247 0.000140
0.099427 0.044708 0.000143 0.000011
0.000247 0.000143 0.483481 0.101564
0.000140 0.000011 0.101564 0.045102
26.499697 1.129192 35.910164 1.807832
0.463872 0.098084 -0.001885 -0.000346
0.098084 0.044433 -0.000346 -0.000096
-0.001885 -0.000346 0.478285 0.100480
-0.000346 -0.000096 0.100480 0.044874
27.555590 1.233281 36.516900 1.745401
0.467557 0.099100 -0.001700 -0.000292
0.099100 0.044675 -0.000291 -0.000077
-0.001700 -0.000291 0.481917 0.101352
-0.000292 -0.000077 0.101352 0.045076
28.326600 1.266084 37.699402 1.810588
0.464550 0.098563 -0.009291 -0.001880
0.098563 0.044556 -0.001893 -0.000410
-0.009291 -0.001893 0.482951 0.101580
-0.001880 -0.000410 0.101580 0.045120
29.341840 1.347141 38.311284 1.749070
0.465663 0.098931 -0.011462 -0.002178
0.098931 0.044635 -0.002193 -0.000441
-0.011462 -0.002193 0.484219 0.101833
-0.002178 -0.000441 0.101833 0.045166
29.636665 1.266995 39.637342 1.843677
0.460966 0.098004 -0.012434 -0.002219
0.098004 0.044427 -0.002228 -0.000424
-0.012434 -0.002228 0.485636 0.102093
-0.002219 -0.000424 0.102093 0.045210
30.607976 1.339034 40.646462 1.862416
0.460989 0.098151 -0.013447 -0.002283
0.098151 0.044462 -0.002291 -0.000420
-0.013447 -0.002291 0.487850 0.102499
-0.002283 -0.000420 0.102499 0.045283
31.148369 1.310980 41.214679 1.786014
0.461538 0.098371 -0.012685 -0.001990
0.098371 0.044504 -0.001993 -0.000347
-0.012685 -0.001993 0.488922 0.102635
-0.001990 -0.000347 0.102635 0.045296
32.045152 1.363010 42.451208 1.858471
0.458407 0.097765 -0.011442 -0.001651
0.097765 0.044362 -0.001642 -0.000276
-0.011442 -0.001642 0.490099 0.102792
-0.001651 -0.000276 0.102792 0.045316
32.599714 1.335337 43.047738 1.788524
0.461073 0.098430 -0.014388 -0.002229
0.098430 0.044500 -0.002233 -0.000410
-0.014388 -0.002233 0.493036 0.103308
-0.002229 -0.000410 0.103308 0.045413
33.204947 1.322418 44.165010 1.835090
0.456922 0.097551 -0.019640 -0.003258
0.097551 0.044292 -0.003274 -0.000631
-0.019640 -0.003274 0.493858 0.103342
-0.003258 -0.000631 0.103342 0.045404
34.115037 1.375330 44.947981 1.807498
0.456199 0.097482 -0.022117 -0.003618
0.097482 0.044275 -0.003640 -0.000693
-0.022117 -0.003640 0.494303 0.103318
-0.003618 -0.000693 0.103318 0.045390
35.240521 1.469547 46.059159 1.851964
0.462170 0.098839 -0.022381 -0.003490
0.098839 0.044562 -0.003506 -0.000649
-0.022381 -0.003506 0.501390 0.104707
-0.003490 -0.000649 0.104707 0.045678
35.344762 1.333298 46.484214 1.745716
0.463763 0.099107 -0.024741 -0.003850
0.099107 0.044587 -0.003874 -0.000724
-0.024741 -0.003874 0.503656 0.104967
-0.003850 -0.000724 0.104967 0.045708
35.745449 1.275271 46.968580 1.664021
0.463713 0.099008 -0.023651 -0.003487
0.099008 0.044538 -0.003498 -0.000644
-0.023651 -0.003498 0.504180 0.104880
-0.003487 -0.000644 0.104880 0.045675
