1.093839 1.399640 1.358326 -0.348705
1.818189 0.727291 0.057253 0.022902
0.727291 80.294990 0.022902 0.009161
0.057253 0.022902 3.728533 1.491446
0.022902 0.009161 1.491446 80.600658
8.394096 13.335186 -0.436224 -3.049300
2.618716 4.739945 -1.588775 -2.629762
4.739945 15.011659 -2.885742 -4.616786
-1.588775 -2.885742 3.055355 5.040756
-2.629762 -4.616786 5.040756 20.075654
9.325209 6.994877 0.664892 -0.760127
0.745440 0.921931 0.831817 1.128717
0.921931 2.589167 1.063069 1.207556
0.831817 1.063069 1.338769 1.758680
1.128717 1.207556 1.758680 4.839861
10.318297 3.742177 1.805081 1.936276
0.808102 0.801937 0.650190 0.455877
0.801937 1.201837 0.469201 0.340859
0.650190 0.469201 1.333997 1.309303
0.455877 0.340859 1.309303 1.981986
10.141047 2.011091 3.732502 3.058067
0.681304 0.507475 0.358961 0.168830
0.507475 0.540555 0.151535 0.106133
0.358961 0.151535 1.338986 1.008038
0.168830 0.106133 1.008038 1.032375
8.950276 0.773051 3.254347 2.026128
0.508841 0.306262 0.067476 -0.000390
0.306262 0.269433 -0.030165 0.002842
0.067476 -0.030165 1.456816 0.872092
-0.000390 0.002842 0.872092 0.661726
9.259582 0.675403 6.922277 3.311328
0.683849 0.344316 -0.039315 -0.038008
0.344316 0.225657 -0.046682 -0.003106
-0.039315 -0.046682 1.214855 0.588213
-0.038008 -0.003106 0.588213 0.370112
10.291113 0.968200 8.572531 3.305343
0.726325 0.307268 -0.112527 -0.049893
0.307268 0.166940 -0.055356 -0.005191
-0.112527 -0.055356 1.110170 0.453853
-0.049893 -0.005191 0.453853 0.244252
9.728502 0.584822 9.220414 2.941348
0.738947 0.269075 -0.225789 -0.075704
0.269075 0.127082 -0.080695 -0.014050
-0.225789 -0.080695 0.970645 0.343894
-0.075704 -0.014050 0.343894 0.166098
9.537052 0.414576 9.110754 2.430051
0.729728 0.233090 -0.345338 -0.099387
0.233090 0.099330 -0.104754 -0.020973
-0.345338 -0.104754 0.803886 0.251349
-0.099387 -0.020973 0.251349 0.114437
9.900938 0.459451 10.245946 2.410243
0.727583 0.209060 -0.337602 -0.082175
0.209060 0.082690 -0.086722 -0.014360
-0.337602 -0.086722 0.763158 0.217602
-0.082175 -0.014360 0.217602 0.092824
11.651177 0.858633 10.759422 2.263985
0.673437 0.177548 -0.272277 -0.055356
0.177548 0.068284 -0.057938 -0.006608
-0.272277 -0.057938 0.739260 0.196460
-0.055356 -0.006608 0.196460 0.079796
11.993857 0.827030 11.490171 2.157246
0.661782 0.162644 -0.235876 -0.040544
0.162644 0.060936 -0.042759 -0.003382
-0.235876 -0.042759 0.721562 0.179748
-0.040544 -0.003382 0.179748 0.070358
13.055084 0.987710 12.802799 2.234353
0.596604 0.138556 -0.175976 -0.024685
0.138556 0.053010 -0.026555 -0.000723
-0.175976 -0.026555 0.645175 0.152308
-0.024685 -0.000723 0.152308 0.060284
13.579268 1.001063 14.192263 2.298758
0.574486 0.128072 -0.134395 -0.014456
0.128072 0.049522 -0.016442 0.000596
-0.134395 -0.016442 0.604443 0.137040
-0.014456 0.000596 0.137040 0.054712
14.431390 1.084300 15.605793 2.367661
0.570454 0.123027 -0.112408 -0.009726
0.123027 0.047791 -0.011515 0.000791
-0.112408 -0.011515 0.594727 0.130530
-0.009726 0.000791 0.130530 0.051944
14.990091 1.065904 15.717053 2.134606
0.543244 0.113562 -0.117832 -0.012252
0.113562 0.045350 -0.013686 -0.000621
-0.117832 -0.013686 0.560948 0.119194
-0.012252 -0.000621 0.119194 0.048479
15.064433 0.964321 16.499174 2.063264
0.554236 0.113937 -0.110627 -0.010854
0.113937 0.045451 -0.012271 -0.000794
-0.110627 -0.012271 0.562102 0.117309
-0.010854 -0.000794 0.117309 0.047682
15.741765 1.010813 17.876209 2.139795
0.544180 0.110557 -0.087855 -0.006889
0.110557 0.044894 -0.008215 -0.000440
-0.087855 -0.008215 0.544950 0.112362
-0.006889 -0.000440 0.112362 0.046478
16.222444 1.006977 19.019111 2.154449
0.532077 0.107428 -0.062268 -0.002776
0.107428 0.044498 -0.004042 -0.000041
-0.062268 -0.004042 0.524731 0.107524
-0.002776 -0.000041 0.107524 0.045485
16.624252 0.988332 20.232267 2.180759
0.525934 0.105967 -0.039072 0.000622
0.105967 0.044493 -0.000577 0.000266
-0.039072 -0.000577 0.511232 0.104611
0.000622 0.000266 0.104611 0.045002
17.273202 1.018577 21.237400 2.165357
0.517934 0.104192 -0.032986 0.000277
0.104192 0.044387 -0.000715 -0.000134
-0.032986 -0.000715 0.502379 0.102741
0.000277 -0.000134 0.102741 0.044733
17.706442 1.008612 22.880779 2.279728
0.501764 0.101194 -0.013614 0.002778
0.101194 0.044073 0.001883 0.000120
-0.013614 0.001883 0.481716 0.098834
0.002778 0.000120 0.098834 0.044106
18.594837 1.083840 23.650463 2.206522
0.495638 0.100483 -0.000247 0.004112
0.100483 0.044218 0.003374 0.000214
-0.000247 0.003374 0.479808 0.099066
0.004112 0.000214 0.099066 0.044353
18.798752 1.012297 24.184546 2.086510
0.475678 0.096896 -0.009819 0.000690
0.096896 0.043711 0.000125 -0.000637
-0.009819 0.000125 0.455293 0.094393
0.000690 -0.000637 0.094393 0.043503
19.806118 1.115121 25.162075 2.074790
0.476646 0.097951 -0.009105 0.000033
0.097951 0.044177 -0.000402 -0.000770
-0.009105 -0.000402 0.464713 0.097244
0.000033 -0.000770 0.097244 0.044284
20.265978 1.094715 26.110327 2.055759
0.468428 0.096985 0.011552 0.003744
0.096985 0.044155 0.003338 0.000030
0.011552 0.003338 0.461795 0.097202
0.003744 0.000030 0.097202 0.044364
21.478286 1.233314 26.922338 2.010771
0.448671 0.093573 0.005376 0.001577
0.093573 0.043578 0.001283 -0.000434
0.005376 0.001283 0.452318 0.095637
0.001577 -0.000434 0.095637 0.044077
22.390639 1.295626 27.897223 2.004252
0.440858 0.092874 0.000971 0.000155
0.092874 0.043577 -0.000076 -0.000674
0.000971 -0.000076 0.453890 0.096497
0.000155 -0.000674 0.096497 0.044309
22.383319 1.155396 29.757271 2.187762
0.407186 0.086573 0.021743 0.004370
0.086573 0.042333 0.004148 0.000319
0.021743 0.004148 0.451612 0.096357
0.004370 0.000319 0.096357 0.044282
23.110674 1.186988 31.163340 2.254301
0.422609 0.091278 0.010575 0.001380
0.091278 0.043514 0.001152 -0.000320
0.010575 0.001152 0.477273 0.102181
0.001380 -0.000320 0.102181 0.045527
23.828118 1.215286 31.793826 2.147966
0.433654 0.094365 0.010730 0.001225
0.094365 0.044178 0.001052 -0.000258
0.010730 0.001052 0.483930 0.103285
0.001225 -0.000258 0.103285 0.045636
23.955701 1.110753 32.782236 2.131027
0.412680 0.090044 0.006941 0.000394
0.090044 0.043144 0.000174 -0.000345
0.006941 0.000174 0.485911 0.103309
0.000394 -0.000345 0.103309 0.045525
24.413006 1.089756 33.638707 2.086983
0.415076 0.091179 -0.002555 -0.001584
0.091179 0.043385 -0.001852 -0.000683
-0.002555 -0.001852 0.495260 0.104939
-0.001584 -0.000683 0.104939 0.045787
24.967998 1.090900 35.229919 2.202469
0.416406 0.091831 -0.006787 -0.002227
0.091831 0.043470 -0.002531 -0.000712
-0.006787 -0.002531 0.521382 0.109964
-0.002227 -0.000712 0.109964 0.046756
25.932339 1.183319 36.446629 2.226114
0.416884 0.092140 -0.013546 -0.003337
0.092140 0.043461 -0.003677 -0.000850
-0.013546 -0.003677 0.535552 0.112029
-0.003337 -0.000850 0.112029 0.047038
26.538255 1.186581 37.308556 2.174041
0.419567 0.092838 -0.029734 -0.006312
0.092838 0.043532 -0.006811 -0.001404
-0.029734 -0.006811 0.542966 0.112587
-0.006312 -0.001404 0.112587 0.047019
27.497404 1.267068 37.868526 2.065969
0.425654 0.094165 -0.028455 -0.005427
0.094165 0.043734 -0.005816 -0.001076
-0.028455 -0.005816 0.537924 0.110649
-0.005427 -0.001076 0.110649 0.046527
28.596675 1.370287 39.077307 2.102889
0.418738 0.092447 -0.032654 -0.005844
0.092447 0.043248 -0.006183 -0.001091
-0.032654 -0.006183 0.552338 0.113000
-0.005844 -0.001091 0.113000 0.046991
29.173257 1.346562 40.223262 2.121801
0.436626 0.096367 -0.038453 -0.006543
0.096367 0.044059 -0.006939 -0.001190
-0.038453 -0.006939 0.562328 0.114311
-0.006543 -0.001190 0.114311 0.047222
29.786704 1.330130 40.376298 1.937930
0.421457 0.092617 -0.036781 -0.005842
0.092617 0.043116 -0.006143 -0.001011
-0.036781 -0.006143 0.542599 0.109619
-0.005842 -0.001011 0.109619 0.046249
30.627727 1.370169 41.654238 2.001137
0.431134 0.094732 -0.036891 -0.005528
0.094732 0.043565 -0.005759 -0.000924
-0.036891 -0.005759 0.555626 0.112086
-0.005528 -0.000924 0.112086 0.046827
31.809450 1.477054 42.187836 1.909489
0.399111 0.087576 -0.014801 -0.001031
0.087576 0.041962 -0.000745 0.000032
-0.014801 -0.000745 0.537199 0.108151
-0.001031 0.000032 0.108151 0.046089
32.378919 1.440623 43.358505 1.952291
0.412025 0.090908 -0.016795 -0.001609
0.090908 0.042785 -0.001463 -0.000197
-0.016795 -0.001463 0.540085 0.108812
-0.001609 -0.000197 0.108812 0.046322
33.325154 1.487756 43.594183 1.803827
0.408982 0.090398 -0.000110 0.001569
0.090398 0.042681 0.001882 0.000407
-0.000110 0.001882 0.503762 0.101602
0.001569 0.000407 0.101602 0.044957
33.806886 1.427714 43.765034 1.654606
0.426303 0.094337 -0.006335 -0.000098
0.094337 0.043547 -0.000066 -0.000082
-0.006335 -0.000066 0.483296 0.098147
-0.000098 -0.000082 0.098147 0.044431
34.747737 1.478491 44.904001 1.719037
0.450221 0.099330 -0.005723 -0.000174
0.099330 0.044568 -0.000188 -0.000139
-0.005723 -0.000188 0.485310 0.099532
-0.000174 -0.000139 0.099532 0.044902
35.513313 1.484076 45.660185 1.697733
0.473848 0.103750 -0.008854 -0.000998
0.103750 0.045381 -0.001118 -0.000350
-0.008854 -0.001118 0.469499 0.096990
-0.000998 -0.000350 0.096990 0.044478
36.088913 1.448287 46.690817 1.735366
0.493755 0.106963 -0.017711 -0.002929
0.106963 0.045887 -0.003140 -0.000767
-0.017711 -0.003140 0.461679 0.096214
-0.002929 -0.000767 0.096214 0.044417
36.542622 1.390777 47.798334 1.785306
0.523908 0.112135 -0.036277 -0.006695
0.112135 0.046808 -0.006994 -0.001530
-0.036277 -0.006994 0.459486 0.096535
-0.006695 -0.001530 0.096535 0.044547
