1.508299 1.565427 3.952053 0.688808
1.860560 0.744240 -0.642202 -0.256886
0.744240 80.301769 -0.256886 -0.102757
-0.642202 -0.256886 2.605957 1.042405
-0.256886 -0.102757 1.042405 80.421038
2.660895 2.075639 1.546566 -4.071928
2.604851 4.616795 -1.504040 -2.466166
4.616795 14.678159 -2.519205 -6.026746
-1.504040 -2.519205 3.425138 5.869956
-2.466166 -6.026746 5.869956 18.770844
5.170903 3.847983 2.202973 -0.983731
2.228818 2.468153 -0.657620 -0.599199
2.468153 4.267048 -0.712294 -1.224335
-0.657620 -0.712294 0.544905 0.567755
-0.599199 -1.224335 0.567755 2.701178
6.926604 3.695709 2.521413 -0.044638
1.368099 1.088442 -0.211808 -0.083130
1.088442 1.462001 -0.184530 -0.305092
-0.211808 -0.184530 0.716062 0.822135
-0.083130 -0.305092 0.822135 1.544675
7.476237 2.834018 3.388437 0.646549
0.837730 0.535774 0.007370 0.041192
0.535774 0.633972 -0.025618 -0.097733
0.007370 -0.025618 0.869975 0.729523
0.041192 -0.097733 0.729523 0.835196
7.834138 2.216402 4.432515 1.105424
0.708700 0.395828 -0.027013 -0.017976
0.395828 0.382926 -0.053387 -0.083805
-0.027013 -0.053387 1.000406 0.635194
-0.017976 -0.083805 0.635194 0.514390
9.154703 2.307941 5.377228 1.300561
0.646322 0.319688 -0.138265 -0.079386
0.319688 0.256844 -0.099328 -0.081911
-0.138265 -0.099328 1.031883 0.523876
-0.079386 -0.081911 0.523876 0.332676
9.551272 1.941788 7.976992 2.130147
0.571871 0.250715 -0.205458 -0.095207
0.250715 0.175546 -0.107775 -0.065138
-0.205458 -0.107775 0.944518 0.399379
-0.095207 -0.065138 0.399379 0.214778
9.460065 1.534308 8.619059 1.991538
0.533297 0.210322 -0.322301 -0.123095
0.210322 0.130270 -0.133528 -0.060996
-0.322301 -0.133528 0.794680 0.290581
-0.123095 -0.060996 0.290581 0.141358
10.383598 1.588784 8.988044 1.789377
0.587644 0.209423 -0.334179 -0.110332
0.209423 0.111311 -0.117677 -0.045765
-0.334179 -0.117677 0.797455 0.257892
-0.110332 -0.045765 0.257892 0.112528
10.719573 1.445296 10.612061 2.001480
0.619873 0.200360 -0.310397 -0.089911
0.200360 0.095107 -0.094777 -0.032482
-0.310397 -0.094777 0.747608 0.217554
-0.089911 -0.032482 0.217554 0.089056
11.711460 1.516098 10.815096 1.788521
0.633272 0.186916 -0.303649 -0.078406
0.186916 0.081723 -0.082043 -0.025009
-0.303649 -0.082043 0.730533 0.194741
-0.078406 -0.025009 0.194741 0.075767
12.480171 1.513120 11.320200 1.690919
0.619047 0.168608 -0.285110 -0.066402
0.168608 0.070231 -0.069082 -0.019121
-0.285110 -0.069082 0.691347 0.171169
-0.066402 -0.019121 0.171169 0.065231
13.044047 1.459817 12.001579 1.649735
0.591034 0.150559 -0.251600 -0.053168
0.150559 0.061378 -0.054968 -0.014105
-0.251600 -0.054968 0.639475 0.149218
-0.053168 -0.014105 0.149218 0.057216
13.569493 1.414283 13.112473 1.712202
0.571733 0.137719 -0.236139 -0.046083
0.137719 0.055516 -0.047631 -0.011432
-0.236139 -0.047631 0.599239 0.133492
-0.046083 -0.011432 0.133492 0.052009
14.191442 1.392014 13.868351 1.688642
0.559324 0.128787 -0.224077 -0.040732
0.128787 0.051703 -0.042021 -0.009527
-0.224077 -0.042021 0.574601 0.123726
-0.040732 -0.009527 0.123726 0.048984
15.310038 1.493533 14.914692 1.740088
0.526723 0.117247 -0.192056 -0.032196
0.117247 0.048096 -0.032993 -0.007230
-0.192056 -0.032993 0.536329 0.112929
-0.032196 -0.007230 0.112929 0.046294
15.444038 1.356488 15.811584 1.733966
0.499910 0.108491 -0.175623 -0.027950
0.108491 0.045618 -0.028722 -0.006200
-0.175623 -0.028722 0.497435 0.103204
-0.027950 -0.006200 0.103204 0.044134
15.902809 1.326273 17.501740 1.905298
0.491511 0.105122 -0.159292 -0.023844
0.105122 0.044712 -0.024697 -0.005246
-0.159292 -0.024697 0.473016 0.097764
-0.023844 -0.005246 0.097764 0.043139
16.503215 1.314083 18.521824 1.918381
0.477964 0.101192 -0.143772 -0.020476
0.101192 0.043834 -0.021213 -0.004532
-0.143772 -0.021213 0.454075 0.094092
-0.020476 -0.004532 0.094092 0.042598
17.788128 1.446703 19.322659 1.898044
0.457269 0.096516 -0.118440 -0.015480
0.096516 0.042965 -0.015898 -0.003510
-0.118440 -0.015898 0.439098 0.091840
-0.015480 -0.003510 0.091840 0.042423
18.627348 1.466718 20.035169 1.849368
0.454334 0.095894 -0.108906 -0.013932
0.095894 0.042989 -0.014229 -0.003264
-0.108906 -0.014229 0.437688 0.092312
-0.013932 -0.003264 0.092312 0.042739
18.711632 1.338965 21.572628 1.969279
0.424179 0.090099 -0.070728 -0.006809
0.090099 0.042006 -0.007182 -0.001955
-0.070728 -0.007182 0.402860 0.086001
-0.006809 -0.001955 0.086001 0.041637
19.118489 1.287556 22.868092 2.032695
0.420602 0.090020 -0.060149 -0.005691
0.090020 0.042208 -0.006031 -0.001886
-0.060149 -0.006031 0.398203 0.086160
-0.005691 -0.001886 0.086160 0.041875
19.852420 1.306399 23.834537 2.023065
0.412605 0.088879 -0.053555 -0.005461
0.088879 0.042119 -0.005717 -0.001971
-0.053555 -0.005717 0.392425 0.085839
-0.005461 -0.001971 0.085839 0.041922
20.768879 1.361260 24.640543 1.980838
0.410938 0.089067 -0.055573 -0.006894
0.089067 0.042281 -0.007059 -0.002345
-0.055573 -0.007059 0.392968 0.086700
-0.006894 -0.002345 0.086700 0.042166
21.682108 1.414429 25.814465 2.024657
0.412062 0.089749 -0.062204 -0.009031
0.089749 0.042506 -0.009061 -0.002788
-0.062204 -0.009061 0.400530 0.088884
-0.009031 -0.002788 0.088884 0.042646
22.215364 1.379753 27.166110 2.098827
0.413865 0.090565 -0.060002 -0.008849
0.090565 0.042744 -0.008800 -0.002658
-0.060002 -0.008800 0.409922 0.091275
-0.008849 -0.002658 0.091275 0.043137
22.770510 1.356660 28.870151 2.244110
0.400285 0.087855 -0.056808 -0.008542
0.087855 0.042166 -0.008355 -0.002526
-0.056808 -0.008355 0.411522 0.091622
-0.008542 -0.002526 0.091622 0.043118
23.343285 1.330571 29.720286 2.182224
0.403905 0.089067 -0.064037 -0.010332
0.089067 0.042470 -0.010171 -0.002859
-0.064037 -0.010171 0.415442 0.092321
-0.010332 -0.002859 0.092321 0.043166
23.833327 1.289236 30.578721 2.128528
0.405634 0.089709 -0.067493 -0.011058
0.089709 0.042611 -0.010908 -0.002920
-0.067493 -0.010908 0.419341 0.092979
-0.011058 -0.002920 0.092979 0.043221
24.246072 1.236363 31.534502 2.102011
0.415317 0.091952 -0.076612 -0.012863
0.091952 0.043072 -0.012724 -0.003205
-0.076612 -0.012724 0.431503 0.095360
-0.012863 -0.003205 0.095360 0.043655
25.418494 1.357719 32.368400 2.059775
0.392615 0.086828 -0.073896 -0.012193
0.086828 0.041869 -0.011926 -0.002971
-0.073896 -0.011926 0.423288 0.093119
-0.012193 -0.002971 0.093119 0.043062
25.626115 1.250362 33.255579 2.022848
0.383451 0.085237 -0.069067 -0.010978
0.085237 0.041566 -0.010652 -0.002628
-0.069067 -0.010652 0.423112 0.092954
-0.010978 -0.002628 0.092954 0.043009
26.183543 1.236171 34.360353 2.042718
0.373720 0.083558 -0.066882 -0.010489
0.083558 0.041237 -0.010076 -0.002483
-0.066882 -0.010076 0.426006 0.093472
-0.010489 -0.002483 0.093472 0.043111
26.674030 1.207710 35.426563 2.051138
0.373919 0.084030 -0.079026 -0.013100
0.084030 0.041358 -0.012705 -0.003039
-0.079026 -0.012705 0.438396 0.095886
-0.013100 -0.003039 0.095886 0.043592
27.422663 1.237447 36.188966 1.995005
0.368062 0.083007 -0.088435 -0.014924
0.083007 0.041107 -0.014551 -0.003393
-0.088435 -0.014551 0.443860 0.096594
-0.014924 -0.003393 0.096594 0.043672
27.962187 1.217746 37.080635 1.970718
0.358261 0.081093 -0.096808 -0.016429
0.081093 0.040654 -0.015921 -0.003640
-0.096808 -0.015921 0.456146 0.098791
-0.016429 -0.003640 0.098791 0.044091
28.773468 1.264169 38.030062 1.965853
0.362727 0.082621 -0.101547 -0.016838
0.082621 0.041021 -0.016429 -0.003649
-0.101547 -0.016429 0.465167 0.100152
-0.016838 -0.003649 0.100152 0.044318
29.214434 1.222718 39.201966 2.003920
0.371182 0.084870 -0.102510 -0.016403
0.084870 0.041506 -0.016098 -0.003490
-0.102510 -0.016098 0.473088 0.101264
-0.016403 -0.003490 0.101264 0.044505
30.227296 1.306841 39.647748 1.890250
0.373683 0.085546 -0.095793 -0.014534
0.085546 0.041589 -0.014389 -0.003096
-0.095793 -0.014389 0.463254 0.098631
-0.014534 -0.003096 0.098631 0.043911
31.021826 1.336326 40.397082 1.850369
0.374388 0.085624 -0.092559 -0.013699
0.085624 0.041513 -0.013565 -0.002953
-0.092559 -0.013565 0.461781 0.098088
-0.013699 -0.002953 0.098088 0.043827
31.888156 1.380229 41.195861 1.826450
0.368035 0.084102 -0.085541 -0.012283
0.084102 0.041095 -0.011980 -0.002686
-0.085541 -0.011980 0.460055 0.097660
-0.012283 -0.002686 0.097660 0.043794
32.121819 1.274627 42.136719 1.824970
0.354222 0.080979 -0.079459 -0.011330
0.080979 0.040347 -0.010766 -0.002541
-0.079459 -0.010766 0.459719 0.097591
-0.011330 -0.002541 0.097591 0.043838
32.740300 1.268195 42.922989 1.797557
0.334437 0.076951 -0.061420 -0.007958
0.076951 0.039495 -0.007105 -0.001880
-0.061420 -0.007105 0.445411 0.094738
-0.007958 -0.001880 0.094738 0.043319
33.292693 1.255416 44.249491 1.888419
0.355097 0.082378 -0.065446 -0.008996
0.082378 0.040831 -0.008647 -0.002233
-0.065446 -0.008647 0.448784 0.095626
-0.008996 -0.002233 0.095626 0.043580
34.861459 1.464831 44.387839 1.727487
0.310380 0.072782 -0.000768 0.003991
0.072782 0.038705 0.004976 0.000523
-0.000768 0.004976 0.368077 0.079251
0.003991 0.000523 0.079251 0.040281
35.129985 1.353101 45.080684 1.685913
0.331179 0.078455 -0.016751 -0.000812
0.078455 0.040107 -0.000498 -0.000867
-0.016751 -0.000498 0.368201 0.080769
-0.000812 -0.000867 0.080769 0.040870
35.408980 1.256519 45.634007 1.618734
0.359233 0.085167 -0.035149 -0.005546
0.085167 0.041604 -0.005732 -0.002032
-0.035149 -0.005732 0.370325 0.082418
-0.005546 -0.002032 0.082418 0.041371
35.549252 1.142043 46.558863 1.641841
0.387462 0.091120 -0.056885 -0.010491
0.091120 0.042775 -0.010959 -0.003080
-0.056885 -0.010959 0.381599 0.085775
-0.010491 -0.003080 0.085775 0.042154
