3.275030 2.272135 3.419696 0.475861
2.368443 0.947398 0.933987 0.373603
0.947398 80.383034 0.373603 0.149444
0.933987 0.373603 5.379294 2.151764
0.373603 0.149444 2.151764 80.864791
3.001835 -0.211850 3.686426 0.617691
4.378666 7.739043 -0.394974 -0.910551
7.739043 21.658911 -0.952358 0.306739
-0.394974 -0.952358 3.709465 5.732837
-0.910551 0.306739 5.732837 24.281165
7.510512 4.564062 0.385642 -3.372094
2.660804 2.810753 -0.407558 -0.366666
2.810753 4.952214 -0.284571 0.283813
-0.407558 -0.284571 4.353174 5.013663
-0.366666 0.283813 5.013663 9.441945
7.705567 2.971003 0.494478 -1.978767
2.559250 2.049417 0.746751 0.746624
2.049417 2.420413 0.656196 0.791450
0.746751 0.656196 2.007921 1.708786
0.746624 0.791450 1.708786 2.808414
7.112233 1.672681 -0.848183 -2.220271
2.604323 1.628216 0.737581 0.510860
1.628216 1.403996 0.470981 0.387480
0.737581 0.470981 1.913833 1.348589
0.510860 0.387480 1.348589 1.569052
9.918248 2.662730 2.710925 0.501620
1.955353 0.994713 0.498045 0.260839
0.994713 0.729183 0.251124 0.166018
0.498045 0.251124 0.907310 0.526960
0.260839 0.166018 0.526960 0.633071
9.966217 2.093432 4.095273 1.155489
1.069442 0.463447 0.395017 0.184601
0.463447 0.344107 0.163252 0.098553
0.395017 0.163252 1.116594 0.596769
0.184601 0.098553 0.596769 0.507579
11.059392 2.101579 5.476860 1.533564
0.991836 0.390569 0.319899 0.122639
0.390569 0.252453 0.110769 0.057561
0.319899 0.110769 1.284973 0.597347
0.122639 0.057561 0.597347 0.395656
10.970436 1.680661 6.938837 1.841791
0.800278 0.287751 0.163524 0.048773
0.287751 0.175231 0.043716 0.023676
0.163524 0.043716 1.293681 0.522838
0.048773 0.023676 0.522838 0.291598
10.925344 1.376891 8.748044 2.170785
0.814845 0.271615 0.089369 0.020168
0.271615 0.145450 0.018999 0.012161
0.089369 0.018999 1.241973 0.440989
0.020168 0.012161 0.440989 0.215666
11.586126 1.366336 10.206855 2.289446
0.861390 0.265095 0.073242 0.016120
0.265095 0.125689 0.015971 0.009936
0.073242 0.015971 1.215546 0.384915
0.016120 0.009936 0.384915 0.168369
11.852718 1.247656 11.411182 2.308397
0.818926 0.232919 0.006088 -0.001937
0.232919 0.103377 -0.001578 0.003917
0.006088 -0.001578 1.052715 0.301608
-0.001937 0.003917 0.301608 0.125123
12.495247 1.252827 12.278617 2.232767
0.852407 0.226005 0.015869 0.003094
0.226005 0.092504 0.003431 0.004798
0.015869 0.003431 1.047902 0.276261
0.003094 0.004798 0.276261 0.106612
12.368244 1.065456 12.741001 2.072304
0.777215 0.192869 -0.050050 -0.011890
0.192869 0.077480 -0.011915 0.000416
-0.050050 -0.011915 0.872852 0.213667
-0.011890 0.000416 0.213667 0.082923
13.331386 1.167441 14.035076 2.133190
0.752367 0.177100 -0.003644 0.001165
0.177100 0.069388 0.001229 0.003263
-0.003644 0.001229 0.810430 0.187692
0.001165 0.003263 0.187692 0.072049
14.755656 1.355675 14.843102 2.078768
0.741698 0.166955 0.042317 0.011837
0.166955 0.064051 0.012092 0.005152
0.042317 0.012092 0.810911 0.179603
0.011837 0.005152 0.179603 0.067040
15.906347 1.456823 15.454970 1.989215
0.726520 0.157310 0.065470 0.015960
0.157310 0.059772 0.016266 0.005372
0.065470 0.016266 0.800998 0.170462
0.015960 0.005372 0.170462 0.062710
16.409057 1.409326 16.306496 1.959412
0.707819 0.148349 0.070656 0.015783
0.148349 0.056370 0.016019 0.004697
0.070656 0.016019 0.761212 0.156537
0.015783 0.004697 0.156537 0.058144
17.328771 1.453291 17.416618 1.985670
0.695746 0.142079 0.100781 0.020632
0.142079 0.054082 0.020935 0.005188
0.100781 0.020935 0.734999 0.147271
0.020632 0.005188 0.147271 0.055217
18.077599 1.457614 18.507867 2.004995
0.677286 0.135443 0.121747 0.023198
0.135443 0.052090 0.023540 0.005229
0.121747 0.023540 0.699620 0.137423
0.023198 0.005229 0.137423 0.052606
18.473219 1.390654 19.859317 2.073945
0.689616 0.135805 0.132888 0.023621
0.135805 0.051776 0.024007 0.004898
0.132888 0.024007 0.689101 0.133605
0.023621 0.004898 0.133605 0.051512
19.008633 1.362009 20.404132 1.979746
0.680850 0.132290 0.123087 0.020175
0.132290 0.050822 0.020528 0.003915
0.123087 0.020528 0.669074 0.128559
0.020175 0.003915 0.128559 0.050353
19.090828 1.250023 20.813400 1.872130
0.660837 0.127219 0.101929 0.015090
0.127219 0.049728 0.015438 0.002776
0.101929 0.015438 0.636246 0.121722
0.015090 0.002776 0.121722 0.049001
20.052030 1.315439 21.660998 1.852484
0.658116 0.125753 0.128731 0.019675
0.125753 0.049393 0.019985 0.003599
0.128731 0.019985 0.630240 0.120354
0.019675 0.003599 0.120354 0.048755
20.387657 1.250604 22.912124 1.918202
0.656259 0.124761 0.145980 0.022104
0.124761 0.049212 0.022399 0.003967
0.145980 0.022399 0.621816 0.118714
0.022104 0.003967 0.118714 0.048484
20.677857 1.181949 24.269947 1.999228
0.649438 0.122902 0.169346 0.025699
0.122902 0.048872 0.025935 0.004573
0.169346 0.025935 0.611300 0.116707
0.025699 0.004573 0.116707 0.048132
21.090824 1.144126 25.544361 2.055245
0.654206 0.123619 0.180300 0.026584
0.123619 0.049083 0.026792 0.004623
0.180300 0.026792 0.612613 0.117266
0.026584 0.004623 0.117266 0.048315
21.306237 1.064575 27.293682 2.202424
0.661794 0.124832 0.191028 0.027486
0.124832 0.049365 0.027540 0.004689
0.191028 0.027540 0.625596 0.119994
0.027486 0.004689 0.119994 0.048882
21.957420 1.089264 28.290781 2.179911
0.669988 0.126349 0.184874 0.025145
0.126349 0.049723 0.025411 0.004219
0.184874 0.025411 0.622007 0.119433
0.025145 0.004219 0.119433 0.048789
21.678667 0.937966 28.947236 2.109030
0.637756 0.120210 0.163690 0.020933
0.120210 0.048611 0.021140 0.003535
0.163690 0.021140 0.595178 0.114564
0.020933 0.003535 0.114564 0.047878
22.600414 1.030829 29.710588 2.043032
0.656581 0.124193 0.159015 0.019513
0.124193 0.049487 0.020068 0.003366
0.159015 0.020068 0.594077 0.114856
0.019513 0.003366 0.114856 0.048001
23.732793 1.142193 31.171871 2.119165
0.666647 0.125656 0.179294 0.023447
0.125656 0.049711 0.023629 0.004188
0.179294 0.023629 0.613154 0.118605
0.023447 0.004188 0.118605 0.048686
24.365634 1.152977 32.293660 2.130384
0.667652 0.126091 0.155689 0.018521
0.126091 0.049879 0.018845 0.003299
0.155689 0.018845 0.611964 0.118775
0.018521 0.003299 0.118775 0.048762
24.854985 1.142331 33.014515 2.063600
0.662785 0.125493 0.123320 0.012477
0.125493 0.049850 0.013107 0.002317
0.123320 0.013107 0.597172 0.116325
0.012477 0.002317 0.116325 0.048326
25.074036 1.083219 33.529537 1.966997
0.639074 0.121152 0.098874 0.008860
0.121152 0.049067 0.009426 0.001871
0.098874 0.009426 0.579192 0.113248
0.008860 0.001871 0.113248 0.047754
26.056298 1.165988 34.642205 1.985956
0.649317 0.123437 0.091304 0.008263
0.123437 0.049574 0.008841 0.001926
0.091304 0.008841 0.585057 0.114848
0.008263 0.001926 0.114848 0.048103
26.314071 1.104681 35.550317 1.973530
0.614824 0.116959 0.080571 0.007626
0.116959 0.048359 0.007762 0.001964
0.080571 0.007762 0.580361 0.114198
0.007626 0.001964 0.114198 0.047969
27.595866 1.247823 36.320436 1.921619
0.637284 0.121985 0.070312 0.006241
0.121985 0.049450 0.006773 0.001820
0.070312 0.006773 0.573063 0.113043
0.006241 0.001820 0.113043 0.047753
28.305932 1.264883 37.236672 1.911831
0.632923 0.121427 0.050785 0.003362
0.121427 0.049377 0.003889 0.001347
0.050785 0.003889 0.571500 0.113187
0.003362 0.001347 0.113187 0.047822
28.825020 1.242640 38.238837 1.922058
0.633011 0.121793 0.023188 -0.001050
0.121793 0.049492 -0.000467 0.000575
0.023188 -0.000467 0.574557 0.114231
-0.001050 0.000575 0.114231 0.048064
29.090454 1.175099 39.037890 1.892234
0.609344 0.117399 0.005729 -0.003033
0.117399 0.048650 -0.002573 0.000306
0.005729 -0.002573 0.569246 0.113342
-0.003033 0.000306 0.113342 0.047867
29.924518 1.221702 40.232520 1.940614
0.630017 0.121911 -0.014693 -0.005893
0.121911 0.049589 -0.005337 -0.000176
-0.014693 -0.005337 0.577729 0.115237
-0.005893 -0.000176 0.115237 0.048239
30.302139 1.176589 41.204368 1.941508
0.620090 0.120003 -0.032618 -0.008061
0.120003 0.049187 -0.007525 -0.000524
-0.032618 -0.007525 0.576699 0.114986
-0.008061 -0.000524 0.114986 0.048139
31.475079 1.289806 41.616995 1.830116
0.651928 0.126302 -0.049326 -0.010040
0.126302 0.050400 -0.009503 -0.000860
-0.049326 -0.009503 0.561537 0.111897
-0.010040 -0.000860 0.111897 0.047480
32.480141 1.359317 42.496811 1.823704
0.667838 0.128894 -0.064960 -0.011813
0.128894 0.050788 -0.011296 -0.001174
-0.064960 -0.011296 0.563405 0.112441
-0.011813 -0.001174 0.112441 0.047594
33.290894 1.384351 43.361893 1.814822
0.676718 0.129887 -0.083808 -0.014291
0.129887 0.050843 -0.013742 -0.001640
-0.083808 -0.013742 0.566790 0.113164
-0.014291 -0.001640 0.113164 0.047717
33.727730 1.336492 44.447102 1.849046
0.674917 0.128751 -0.105156 -0.017309
0.128751 0.050499 -0.016597 -0.002204
-0.105156 -0.016597 0.577534 0.115220
-0.017309 -0.002204 0.115220 0.048082
34.415325 1.342368 45.637366 1.902493
0.683179 0.129704 -0.122525 -0.019396
0.129704 0.050604 -0.018638 -0.002586
-0.122525 -0.018638 0.587235 0.116854
-0.019396 -0.002586 0.116854 0.048330
35.714067 1.461705 46.541497 1.898982
0.713797 0.134888 -0.137854 -0.020881
0.134888 0.051519 -0.020407 -0.002883
-0.137854 -0.020407 0.587081 0.116355
-0.020881 -0.002883 0.116355 0.048135
35.671056 1.314332 47.461286 1.884429
0.702517 0.131549 -0.163637 -0.024980
0.131549 0.050727 -0.024108 -0.003673
-0.163637 -0.024108 0.594906 0.117382
-0.024980 -0.003673 0.117382 0.048238
