1.598015 1.601314 8.152958 2.369207
4.819859 1.927985 9.178966 3.671666
1.927985 80.775277 3.671666 1.468698
9.178966 3.671666 44.426916 17.771152
3.671666 1.468698 17.771152 87.112681
2.844731 2.189833 10.087500 2.847664
4.809047 7.263649 3.732146 1.834642
7.263649 22.223427 3.793181 8.398764
3.732146 3.793181 11.633202 8.094583
1.834642 8.398764 8.094583 47.014705
7.140454 5.561662 12.138815 2.952448
3.630857 3.793314 1.554363 1.004805
3.793314 7.004123 1.442289 4.039975
1.554363 1.442289 5.516806 5.531249
1.004805 4.039975 5.531249 20.477838
7.108089 3.257258 10.269971 -0.146470
2.678880 2.059365 -1.195739 -1.405692
2.059365 2.776948 -0.887088 0.138383
-1.195739 -0.887088 1.576172 1.664070
-1.405692 0.138383 1.664070 6.812469
6.765697 1.445336 7.599670 -3.563868
2.406484 1.429381 -1.624782 -1.276803
1.429381 1.346694 -0.897536 -0.430011
-1.624782 -0.897536 1.510717 1.332159
-1.276803 -0.430011 1.332159 2.582559
6.878180 1.054407 5.803129 -3.781442
1.383311 0.653511 -1.159896 -0.724450
0.653511 0.595249 -0.261344 -0.042951
-1.159896 -0.261344 2.441768 2.107054
-0.724450 -0.042951 2.107054 2.314081
6.989556 0.887217 4.350935 -3.554264
1.167788 0.543491 -0.585186 -0.186482
0.543491 0.433448 0.127438 0.165798
-0.585186 0.127438 3.786865 2.533933
-0.186482 0.165798 2.533933 1.914647
7.721967 0.939266 1.471523 -4.099310
1.303040 0.549549 -0.345853 -0.040412
0.549549 0.348320 0.255497 0.166575
-0.345853 0.255497 5.993331 3.095426
-0.040412 0.166575 3.095426 1.718900
7.908444 0.998669 3.257110 -2.518480
1.240911 0.497686 0.657364 0.353950
0.497686 0.264857 0.280334 0.127577
0.657364 0.280334 0.732731 0.347814
0.353950 0.127577 0.347814 0.239482
8.816789 1.143158 2.119587 -2.467089
1.261502 0.441286 0.697017 0.289370
0.441286 0.203407 0.236068 0.082742
0.697017 0.236068 0.957240 0.392690
0.289370 0.082742 0.392690 0.212925
9.074294 1.054328 0.434932 -2.627937
1.290915 0.400966 0.707856 0.238362
0.400966 0.164067 0.193708 0.054381
0.707856 0.193708 1.224409 0.439117
0.238362 0.054381 0.439117 0.196947
10.826513 1.398309 -0.267252 -2.456899
1.129131 0.316943 0.566927 0.158644
0.316943 0.122614 0.121904 0.025962
0.566927 0.121904 1.379504 0.438406
0.158644 0.025962 0.438406 0.171606
12.664101 1.698408 -1.184006 -2.394186
1.010479 0.261322 0.434565 0.101746
0.261322 0.097570 0.067873 0.009338
0.434565 0.067873 1.579340 0.450121
0.101746 0.009338 0.450121 0.156354
13.282366 1.646204 -2.588646 -2.443150
0.975808 0.233979 0.404715 0.083251
0.233979 0.083686 0.052085 0.005783
0.404715 0.052085 1.752682 0.449462
0.083251 0.005783 0.449462 0.140925
13.521315 1.505277 -3.658677 -2.394662
0.940541 0.210706 0.400508 0.074955
0.210706 0.073228 0.050187 0.006067
0.400508 0.050187 1.743594 0.405407
0.074955 0.006067 0.405407 0.118678
14.098503 1.485141 -5.677245 -2.570276
0.931938 0.199039 0.324429 0.052167
0.199039 0.067768 0.030770 0.002159
0.324429 0.030770 1.802042 0.386558
0.052167 0.002159 0.386558 0.106867
14.197613 1.337317 -6.354834 -2.435797
0.904829 0.184091 0.309564 0.046166
0.184091 0.062194 0.033547 0.003410
0.309564 0.033547 1.546776 0.307050
0.046166 0.003410 0.307050 0.084870
14.707391 1.296664 -7.119086 -2.346826
0.868154 0.170467 0.253908 0.033560
0.170467 0.058106 0.025075 0.002254
0.253908 0.025075 1.384800 0.259056
0.033560 0.002254 0.259056 0.072677
15.035608 1.243535 -8.826673 -2.438511
0.872886 0.166824 0.207566 0.023747
0.166824 0.056637 0.017025 0.001131
0.207566 0.017025 1.337644 0.239018
0.023747 0.001131 0.239018 0.067412
15.772748 1.261378 -9.794849 -2.396513
0.849506 0.158886 0.144243 0.012690
0.158886 0.054677 0.007864 -0.000014
0.144243 0.007864 1.208956 0.208223
0.012690 -0.000014 0.208223 0.061143
16.805790 1.335146 -10.931963 -2.391465
0.833905 0.153605 0.077398 0.002130
0.153605 0.053535 -0.001990 -0.001233
0.077398 -0.001990 1.125699 0.189161
0.002130 -0.001233 0.189161 0.057685
17.382091 1.312245 -11.628820 -2.307854
0.822927 0.149312 0.059795 0.000645
0.149312 0.052633 -0.001811 -0.000738
0.059795 -0.001811 1.013770 0.167149
0.000645 -0.000738 0.167149 0.054069
17.925005 1.294710 -13.048561 -2.350376
0.841427 0.151071 0.041170 -0.001276
0.151071 0.052995 -0.003004 -0.000627
0.041170 -0.003004 0.971808 0.159017
-0.001276 -0.000627 0.159017 0.053110
18.541686 1.287251 -14.000528 -2.313637
0.847587 0.150703 0.025236 -0.002566
0.150703 0.052991 -0.003570 -0.000446
0.025236 -0.003570 0.901355 0.147173
-0.002566 -0.000446 0.147173 0.051635
19.508214 1.341642 -14.798161 -2.256697
0.849277 0.149913 -0.002317 -0.005761
0.149913 0.052974 -0.006485 -0.000707
-0.002317 -0.006485 0.839433 0.137868
-0.005761 -0.000707 0.137868 0.050681
20.155569 1.335373 -15.525998 -2.190097
0.855902 0.150118 -0.006548 -0.005046
0.150118 0.053138 -0.005375 -0.000337
-0.006548 -0.005375 0.785639 0.130458
-0.005046 -0.000337 0.130458 0.050032
20.747660 1.322507 -16.706940 -2.204346
0.883004 0.154073 -0.008205 -0.004169
0.154073 0.053970 -0.004288 -0.000050
-0.008205 -0.004288 0.763141 0.128735
-0.004169 -0.000050 0.128735 0.050308
21.645560 1.361115 -16.786550 -2.029519
0.872665 0.151394 -0.018204 -0.004832
0.151394 0.053610 -0.004817 -0.000076
-0.018204 -0.004817 0.697271 0.119563
-0.004832 -0.000076 0.119563 0.049211
21.949897 1.295914 -17.647957 -2.002340
0.894449 0.154632 -0.002589 -0.001169
0.154632 0.054316 -0.001162 0.000591
-0.002589 -0.001162 0.681150 0.119391
-0.001169 0.000591 0.119391 0.049646
22.755248 1.322830 -18.037342 -1.892962
0.901900 0.155290 -0.008169 -0.001655
0.155290 0.054538 -0.001603 0.000466
-0.008169 -0.001603 0.650763 0.116384
-0.001655 0.000466 0.116384 0.049445
23.315080 1.305219 -19.467254 -1.981236
0.951633 0.163289 -0.001066 0.000112
0.163289 0.056018 0.000065 0.000721
-0.001066 0.000065 0.665922 0.121550
0.000112 0.000721 0.121550 0.050648
24.412172 1.381026 -20.422763 -1.974495
0.988058 0.168451 -0.012379 -0.001748
0.168451 0.056908 -0.001650 0.000324
-0.012379 -0.001650 0.656334 0.121434
-0.001748 0.000324 0.121434 0.050708
25.490487 1.446486 -21.553220 -2.000962
1.033981 0.174943 -0.015401 -0.001970
0.174943 0.057980 -0.001879 0.000230
-0.015401 -0.001879 0.652780 0.122188
-0.001970 0.000230 0.122188 0.050869
25.716265 1.363220 -22.451535 -1.982232
1.065383 0.178660 0.014820 0.004025
0.178660 0.058540 0.003407 0.001176
0.014820 0.003407 0.642395 0.121381
0.004025 0.001176 0.121381 0.050682
25.758923 1.257487 -23.076446 -1.913008
1.089426 0.181023 0.044517 0.009367
0.181023 0.058867 0.008094 0.001934
0.044517 0.008094 0.625685 0.119201
0.009367 0.001934 0.119201 0.050206
26.235744 1.232452 -24.098246 -1.925551
1.134353 0.186806 0.056814 0.010925
0.186806 0.059767 0.009531 0.002024
0.056814 0.009531 0.624321 0.119907
0.010925 0.002024 0.119907 0.050280
27.118680 1.276340 -25.680880 -2.045580
1.204446 0.196403 0.060433 0.010672
0.196403 0.061255 0.009457 0.001832
0.060433 0.009457 0.637734 0.123210
0.010672 0.001832 0.123210 0.050819
28.248194 1.355857 -26.924158 -2.089049
1.266952 0.204173 0.059929 0.009680
0.204173 0.062371 0.008790 0.001562
0.059929 0.008790 0.632716 0.122500
0.009680 0.001562 0.122500 0.050519
28.772176 1.331688 -28.141836 -2.122350
1.322195 0.210324 0.083433 0.013493
0.210324 0.063181 0.012052 0.002098
0.083433 0.012052 0.629541 0.122049
0.013493 0.002098 0.122049 0.050279
28.914506 1.248728 -28.958061 -2.073265
1.361287 0.213656 0.113278 0.018277
0.213656 0.063535 0.016111 0.002764
0.113278 0.016111 0.615912 0.119479
0.018277 0.002764 0.119479 0.049636
28.842332 1.142735 -30.567305 -2.182427
1.428029 0.221250 0.149404 0.023829
0.221250 0.064573 0.020781 0.003501
0.149404 0.020781 0.630057 0.122416
0.023829 0.003501 0.122416 0.050106
30.195809 1.261063 -31.327066 -2.121484
1.484103 0.227075 0.137519 0.019616
0.227075 0.065343 0.017975 0.002746
0.137519 0.017975 0.605870 0.117715
0.019616 0.002746 0.117715 0.049077
30.726196 1.242692 -31.860507 -2.017504
1.522763 0.229912 0.154093 0.021583
0.229912 0.065628 0.019808 0.003013
0.154093 0.019808 0.587378 0.114320
0.021583 0.003013 0.114320 0.048350
30.901064 1.173139 -32.492148 -1.940200
1.559535 0.232483 0.179039 0.025148
0.232483 0.065898 0.022778 0.003507
0.179039 0.022778 0.579764 0.113202
0.025148 0.003507 0.113202 0.048100
31.659148 1.202052 -33.890943 -2.026588
1.634323 0.240850 0.195730 0.026594
0.240850 0.067069 0.024237 0.003642
0.195730 0.024237 0.592533 0.116156
0.026594 0.003642 0.116156 0.048667
32.346554 1.206878 -34.036321 -1.854522
1.663906 0.242268 0.205306 0.026987
0.242268 0.067183 0.024965 0.003703
0.205306 0.024965 0.570385 0.111840
0.026987 0.003703 0.111840 0.047726
32.689431 1.172019 -35.264251 -1.912337
1.726044 0.248420 0.234244 0.031058
0.248420 0.068001 0.028193 0.004242
0.234244 0.028193 0.586083 0.115210
0.031058 0.004242 0.115210 0.048352
33.904112 1.261049 -36.090868 -1.892644
1.790352 0.254927 0.242110 0.030622
0.254927 0.068887 0.028444 0.004155
0.242110 0.028444 0.584452 0.114899
0.030622 0.004155 0.114899 0.048211
33.949174 1.171551 -36.513615 -1.781041
1.817754 0.255688 0.273960 0.035589
0.255688 0.068892 0.032224 0.004873
0.273960 0.032224 0.581680 0.114063
0.035589 0.004873 0.114063 0.047911
35.194864 1.266957 -37.578378 -1.823873
1.892911 0.263665 0.288084 0.036095
0.263665 0.069996 0.033173 0.004895
0.288084 0.033173 0.591723 0.116026
0.036095 0.004895 0.116026 0.048245
