1.441392 1.538664 3.679252 0.579685
4.869108 1.947686 9.859747 3.943984
1.947686 80.783158 3.943984 1.577628
9.859747 3.943984 30.041498 12.016860
3.943984 1.577628 12.016860 84.810915
3.531063 4.504333 1.809192 -1.845292
3.232029 6.234317 -2.022086 -2.896996
6.234317 24.875710 -16.413012 -6.766484
-2.022086 -16.413012 41.112504 38.901276
-2.896996 -6.766484 38.901276 72.764069
2.164436 0.374855 -0.024155 -3.614588
4.444690 5.128473 -0.146293 1.154184
5.128473 8.409141 -0.498490 4.902647
-0.146293 -0.498490 7.379152 5.902511
1.154184 4.902647 5.902511 19.005065
6.903823 4.080771 0.159572 -1.000053
2.904362 2.250979 -1.180315 -0.385739
2.250979 2.660132 -0.869727 1.065206
-1.180315 -0.869727 1.451955 0.971639
-0.385739 1.065206 0.971639 6.082932
7.947434 3.980526 2.890422 2.375292
1.470858 1.113324 0.813537 1.416079
1.113324 1.214328 0.713859 1.457971
0.813537 0.713859 1.016955 1.433093
1.416079 1.457971 1.433093 3.546731
7.329762 2.455711 2.503267 0.873845
0.545170 0.340874 0.662997 0.636492
0.340874 0.405392 0.509897 0.567179
0.662997 0.509897 2.245031 2.164652
0.636492 0.567179 2.164652 2.555528
8.999169 2.704328 4.030914 1.613124
0.771219 0.425422 1.081592 0.722313
0.425422 0.344516 0.624832 0.454520
1.081592 0.624832 4.151556 2.833239
0.722313 0.454520 2.833239 2.145193
10.667824 2.852247 5.251582 1.822709
0.964335 0.450093 1.407476 0.715222
0.450093 0.280040 0.636758 0.345130
1.407476 0.636758 6.852684 3.567295
0.715222 0.345130 3.567295 1.977565
10.448738 2.201855 3.075780 0.551490
0.582705 0.235667 0.343159 0.134411
0.235667 0.144787 0.090703 0.048749
0.343159 0.090703 6.996110 2.939196
0.134411 0.048749 2.939196 1.314378
11.231674 2.089415 2.697303 0.323988
0.691243 0.249334 0.514824 0.176269
0.249334 0.127796 0.136305 0.056570
0.514824 0.136305 9.504670 3.330870
0.176269 0.056570 3.330870 1.225692
11.566471 1.845019 5.681712 1.172238
0.673306 0.214939 1.073233 0.321403
0.214939 0.099664 0.307528 0.099606
1.073233 0.307528 9.515222 2.855495
0.321403 0.099606 2.855495 0.903453
12.650261 1.890448 6.812863 1.315412
0.682620 0.199435 0.927005 0.243623
0.199435 0.085458 0.219039 0.063272
0.927005 0.219039 11.247073 2.953839
0.243623 0.063272 2.953839 0.815289
12.989929 1.722230 7.692882 1.366410
0.659475 0.179830 0.419407 0.098807
0.179830 0.073882 0.060300 0.018761
0.419407 0.060300 10.891967 2.541942
0.098807 0.018761 2.541942 0.628526
14.091873 1.774741 10.495910 1.812524
0.692871 0.176593 0.276260 0.059951
0.176593 0.068461 0.021920 0.008611
0.276260 0.021920 11.174549 2.348948
0.059951 0.008611 2.348948 0.526537
14.897896 1.746460 13.758568 2.263016
0.720814 0.173195 0.028760 0.008074
0.173195 0.064296 -0.023105 -0.000964
0.028760 -0.023105 8.109003 1.551367
0.008074 -0.000964 1.551367 0.328155
15.441760 1.672790 14.516890 2.195856
0.732180 0.166652 -0.161624 -0.025348
0.166652 0.060305 -0.049182 -0.005645
-0.161624 -0.049182 4.294434 0.755953
-0.025348 -0.005645 0.755953 0.163740
16.124088 1.639582 15.551906 2.184653
0.739570 0.160225 -0.176456 -0.025168
0.160225 0.057110 -0.043432 -0.004432
-0.176456 -0.043432 3.090727 0.509031
-0.025168 -0.004432 0.509031 0.114299
16.695415 1.588539 15.407496 1.989222
0.722402 0.150129 -0.199270 -0.026634
0.150129 0.053822 -0.042394 -0.004176
-0.199270 -0.042394 2.219950 0.346692
-0.026634 -0.004176 0.346692 0.084704
17.092826 1.509265 17.011835 2.078525
0.742128 0.149268 -0.198863 -0.024389
0.149268 0.052983 -0.037884 -0.003401
-0.198863 -0.037884 1.994984 0.300696
-0.024389 -0.003401 0.300696 0.076164
17.638459 1.468833 18.284303 2.111130
0.750430 0.146816 -0.171882 -0.018747
0.146816 0.052084 -0.029448 -0.002171
-0.171882 -0.029448 1.733757 0.254649
-0.018747 -0.002171 0.254649 0.068614
18.085592 1.416237 20.051369 2.211965
0.775004 0.148237 -0.148082 -0.014087
0.148237 0.052145 -0.022827 -0.001298
-0.148082 -0.022827 1.561963 0.226018
-0.014087 -0.001298 0.226018 0.064322
19.309731 1.509735 20.333346 2.097916
0.751276 0.141076 -0.072791 -0.002987
0.141076 0.050723 -0.008028 0.000591
-0.072791 -0.008028 1.290776 0.186042
-0.002987 0.000591 0.186042 0.058821
19.886404 1.481376 22.420570 2.247533
0.793709 0.147033 -0.059671 -0.001071
0.147033 0.051900 -0.005469 0.000722
-0.059671 -0.005469 1.234990 0.179429
-0.001071 0.000722 0.179429 0.058404
20.043945 1.373492 23.269371 2.201839
0.807305 0.147317 -0.076358 -0.004025
0.147317 0.051959 -0.009161 -0.000115
-0.076358 -0.009161 1.078059 0.158030
-0.004025 -0.000115 0.158030 0.055741
20.648682 1.362665 25.234534 2.330975
0.852121 0.153722 -0.056888 -0.001166
0.153722 0.053213 -0.005527 0.000259
-0.056888 -0.005527 1.028988 0.154105
-0.001166 0.000259 0.154105 0.055802
21.010944 1.303515 25.896973 2.251222
0.863845 0.153828 -0.054992 -0.001494
0.153828 0.053262 -0.005776 -0.000022
-0.054992 -0.005776 0.905211 0.138454
-0.001494 -0.000022 0.138454 0.053923
22.453510 1.442424 26.881875 2.234938
0.881869 0.155572 -0.001961 0.006325
0.155572 0.053690 0.003250 0.001209
-0.001961 0.003250 0.834399 0.131830
0.006325 0.001209 0.131830 0.053478
23.318359 1.465975 27.542423 2.161310
0.896903 0.156712 0.007369 0.006678
0.156712 0.053981 0.003875 0.001048
0.007369 0.003875 0.766617 0.125048
0.006678 0.001048 0.125048 0.052807
23.770126 1.416280 28.212753 2.090801
0.912946 0.158133 -0.004620 0.003519
0.158133 0.054327 0.000918 0.000335
-0.004620 0.000918 0.718944 0.121200
0.003519 0.000335 0.121200 0.052478
25.066422 1.516207 28.572605 1.973606
0.924923 0.159047 0.017756 0.006579
0.159047 0.054604 0.004217 0.000777
0.017756 0.004217 0.670152 0.116797
0.006579 0.000777 0.116797 0.051934
25.764400 1.505632 29.165663 1.902633
0.943478 0.161184 0.008655 0.003935
0.161184 0.055090 0.001977 0.000237
0.008655 0.001977 0.646356 0.116279
0.003935 0.000237 0.116279 0.051937
26.545244 1.510446 30.492384 1.972088
0.991698 0.168387 -0.002305 0.001255
0.168387 0.056423 -0.000295 -0.000241
-0.002305 -0.000295 0.655358 0.121162
0.001255 -0.000241 0.121162 0.052803
27.360427 1.520557 31.387910 1.955115
1.028005 0.173156 -0.012652 -0.001080
0.173156 0.057264 -0.002211 -0.000611
-0.012652 -0.002211 0.644723 0.121413
-0.001080 -0.000611 0.121413 0.052640
28.177895 1.530106 32.368151 1.955693
1.069459 0.178587 -0.026118 -0.003780
0.178587 0.058182 -0.004446 -0.001007
-0.026118 -0.004446 0.639151 0.122109
-0.003780 -0.001007 0.122109 0.052501
27.810963 1.342839 33.262712 1.938170
1.093091 0.180814 -0.076546 -0.013396
0.180814 0.058530 -0.012586 -0.002518
-0.076546 -0.012586 0.639377 0.123394
-0.013396 -0.002518 0.123394 0.052427
28.525435 1.349861 34.198844 1.931854
1.138585 0.186670 -0.084582 -0.013906
0.186670 0.059486 -0.013103 -0.002429
-0.084582 -0.013103 0.633452 0.123074
-0.013906 -0.002429 0.123074 0.052022
28.603358 1.252627 35.075110 1.912445
1.175952 0.190881 -0.112209 -0.018279
0.190881 0.060127 -0.016825 -0.003003
-0.112209 -0.016825 0.630911 0.123090
-0.018279 -0.003003 0.123090 0.051681
29.209168 1.250194 36.278868 1.960984
1.233456 0.198247 -0.123461 -0.019026
0.198247 0.061272 -0.017655 -0.002973
-0.123461 -0.017655 0.635284 0.124270
-0.019026 -0.002973 0.124270 0.051595
29.631840 1.218398 37.362898 1.980301
1.286269 0.204446 -0.140075 -0.020865
0.204446 0.062175 -0.019389 -0.003155
-0.140075 -0.019389 0.634608 0.124128
-0.020865 -0.003155 0.124128 0.051244
30.030445 1.186603 38.602246 2.028071
1.345702 0.211402 -0.158339 -0.022909
0.211402 0.063169 -0.021318 -0.003380
-0.158339 -0.021318 0.637972 0.124635
-0.022909 -0.003380 0.124635 0.051050
30.986789 1.247067 40.177903 2.141164
1.425064 0.221213 -0.165608 -0.022556
0.221213 0.064587 -0.021447 -0.003235
-0.165608 -0.021447 0.645355 0.125850
-0.022556 -0.003235 0.125850 0.051034
32.213679 1.338643 41.066825 2.110140
1.487641 0.227931 -0.166521 -0.021225
0.227931 0.065471 -0.020890 -0.003015
-0.166521 -0.020890 0.626760 0.121825
-0.021225 -0.003015 0.121825 0.050008
31.262573 1.092069 42.105395 2.093546
1.517979 0.229013 -0.224980 -0.031699
0.229013 0.065412 -0.029027 -0.004589
-0.224980 -0.029027 0.632655 0.122459
-0.031699 -0.004589 0.122459 0.049900
32.043813 1.126681 43.069767 2.079533
1.579688 0.235529 -0.229252 -0.030354
0.235529 0.066309 -0.028605 -0.004310
-0.229252 -0.028605 0.622113 0.120219
-0.030354 -0.004310 0.120219 0.049340
32.416987 1.095021 43.788336 2.014302
1.627905 0.239693 -0.244272 -0.031531
0.239693 0.066817 -0.029959 -0.004461
-0.244272 -0.029959 0.610706 0.117848
-0.031531 -0.004461 0.117848 0.048776
33.996936 1.242038 44.357941 1.939206
1.689408 0.246070 -0.234459 -0.027681
0.246070 0.067704 -0.027755 -0.003897
-0.234459 -0.027755 0.592221 0.114498
-0.027681 -0.003897 0.114498 0.048112
34.892347 1.282982 45.410543 1.958874
1.755236 0.252488 -0.256208 -0.030541
0.252488 0.068522 -0.030134 -0.004315
-0.256208 -0.030134 0.598803 0.115976
-0.030541 -0.004315 0.115976 0.048368
35.650346 1.298741 46.308912 1.944138
1.813124 0.257511 -0.282992 -0.034354
0.257511 0.069122 -0.033181 -0.004863
-0.282992 -0.033181 0.603202 0.116743
-0.034354 -0.004863 0.116743 0.048433
35.715258 1.210902 46.935548 1.867676
1.847882 0.259039 -0.319877 -0.040241
0.259039 0.069212 -0.037555 -0.005689
-0.319877 -0.037555 0.606058 0.116941
-0.040241 -0.005689 0.116941 0.048343
35.059790 1.035290 48.041029 1.884811
1.888960 0.261501 -0.368192 -0.047908
0.261501 0.069458 -0.043081 -0.006683
-0.368192 -0.043081 0.626387 0.120402
-0.047908 -0.006683 0.120402 0.048879
