0.953170 1.343371 -0.113968 -0.937635
1.738799 0.695535 0.140465 0.056187
0.695535 80.282287 0.056187 0.022475
0.140465 0.056187 3.964693 1.585912
0.056187 0.022475 1.585912 80.638445
4.003478 5.653450 -0.034164 -0.071094
3.141832 5.719057 -1.509493 -2.497113
5.719057 16.590327 -2.769596 -4.192633
-1.509493 -2.769596 2.602316 4.259409
-2.497113 -4.192633 4.259409 19.308163
5.596272 4.414804 1.623821 1.873482
2.544511 2.809152 -0.118688 0.227915
2.809152 4.548898 -0.036927 0.213109
-0.118688 -0.036927 1.250913 1.553803
0.227915 0.213109 1.553803 4.499797
7.785690 4.411871 3.512114 2.793549
1.594138 1.250001 0.114925 0.186214
1.250001 1.550575 0.106510 0.068410
0.114925 0.106510 1.407041 1.367141
0.186214 0.068410 1.367141 2.138509
7.771752 3.024160 4.318031 2.347929
1.385032 0.870080 -0.044461 -0.026107
0.870080 0.831379 -0.044870 -0.073754
-0.044461 -0.044870 1.646413 1.211907
-0.026107 -0.073754 1.211907 1.239918
8.994368 2.882362 4.519418 1.786076
1.187130 0.621806 -0.211745 -0.125406
0.621806 0.489519 -0.127055 -0.098321
-0.211745 -0.127055 1.721689 0.996395
-0.125406 -0.098321 0.996395 0.761089
7.809398 1.703545 5.700674 1.926460
0.331867 0.149492 -0.148117 -0.070641
0.149492 0.171969 -0.073644 -0.048680
-0.148117 -0.073644 1.540545 0.729852
-0.070641 -0.048680 0.729852 0.458870
8.650946 1.695972 5.684091 1.532231
0.449082 0.202598 -0.194338 -0.079444
0.202598 0.161572 -0.083494 -0.042755
-0.194338 -0.083494 1.473308 0.593370
-0.079444 -0.042755 0.593370 0.316086
9.398585 1.652124 6.082271 1.403271
0.553947 0.227883 -0.198654 -0.069948
0.227883 0.143294 -0.073763 -0.031817
-0.198654 -0.073763 1.323536 0.464188
-0.069948 -0.031817 0.464188 0.219919
9.746294 1.477518 7.121386 1.508035
0.459306 0.168131 -0.258415 -0.080091
0.168131 0.099211 -0.087383 -0.031286
-0.258415 -0.087383 1.137240 0.354911
-0.080091 -0.031286 0.354911 0.156048
10.344022 1.432290 8.146355 1.584366
0.531635 0.178871 -0.239314 -0.064945
0.178871 0.090869 -0.070562 -0.022282
-0.239314 -0.070562 1.036820 0.293912
-0.064945 -0.022282 0.293912 0.121274
12.361608 1.839838 9.016478 1.615932
0.527376 0.162427 -0.200283 -0.048255
0.162427 0.076494 -0.051897 -0.014970
-0.200283 -0.051897 0.910023 0.237895
-0.048255 -0.014970 0.237895 0.095468
12.668057 1.674102 10.786820 1.847470
0.555558 0.158448 -0.173864 -0.037447
0.158448 0.069157 -0.040593 -0.010760
-0.173864 -0.040593 0.805236 0.197076
-0.037447 -0.010760 0.197076 0.078479
13.263997 1.617969 12.452687 2.019025
0.587912 0.156493 -0.139436 -0.026488
0.156493 0.064196 -0.028782 -0.007127
-0.139436 -0.028782 0.742438 0.172703
-0.026488 -0.007127 0.172703 0.068435
14.017074 1.607325 13.777074 2.089316
0.605747 0.151291 -0.120345 -0.020754
0.151291 0.059590 -0.022630 -0.005343
-0.120345 -0.022630 0.703445 0.157082
-0.020754 -0.005343 0.157082 0.062032
14.700703 1.571490 14.098348 1.930634
0.569930 0.134527 -0.107928 -0.017750
0.134527 0.053275 -0.019277 -0.004514
-0.107928 -0.019277 0.636908 0.137560
-0.017750 -0.004514 0.137560 0.055816
15.357903 1.545023 15.359120 1.992272
0.569002 0.128809 -0.087159 -0.012889
0.128809 0.050689 -0.014076 -0.003260
-0.087159 -0.014076 0.605607 0.128100
-0.012889 -0.003260 0.128100 0.052663
15.686070 1.452820 16.977000 2.118382
0.558283 0.122244 -0.056765 -0.006599
0.122244 0.048471 -0.007537 -0.001863
-0.056765 -0.007537 0.559720 0.116788
-0.006599 -0.001863 0.116788 0.049585
16.204794 1.408043 17.989197 2.106857
0.558439 0.119025 -0.052927 -0.006300
0.119025 0.047343 -0.007118 -0.001824
-0.052927 -0.007118 0.548091 0.113552
-0.006300 -0.001824 0.113552 0.048506
16.399637 1.299207 18.706056 2.033355
0.548421 0.114401 -0.056103 -0.007457
0.114401 0.046158 -0.008195 -0.002082
-0.056103 -0.008195 0.526006 0.108422
-0.007457 -0.002082 0.108422 0.047165
16.928105 1.274988 19.843753 2.057513
0.540254 0.111113 -0.045284 -0.005497
0.111113 0.045483 -0.006123 -0.001636
-0.045284 -0.006123 0.512774 0.105711
-0.005497 -0.001636 0.105711 0.046491
17.295222 1.220125 20.932342 2.068128
0.522556 0.106540 -0.026438 -0.002048
0.106540 0.044675 -0.002621 -0.000929
-0.026438 -0.002621 0.489859 0.101247
-0.002048 -0.000929 0.101247 0.045523
18.176783 1.276364 22.189058 2.115938
0.526358 0.106934 -0.018265 -0.000906
0.106934 0.044968 -0.001378 -0.000701
-0.018265 -0.001378 0.500679 0.104053
-0.000906 -0.000701 0.104053 0.046121
18.829406 1.279330 23.257720 2.118228
0.514181 0.104216 -0.004046 0.001407
0.104216 0.044615 0.000968 -0.000255
-0.004046 0.000968 0.492131 0.102489
0.001407 -0.000255 0.102489 0.045743
19.564274 1.300073 24.922834 2.245034
0.494392 0.100261 -0.008434 -0.000278
0.100261 0.044031 -0.000572 -0.000632
-0.008434 -0.000572 0.481934 0.100593
-0.000278 -0.000632 0.100593 0.045306
20.433358 1.344729 26.048937 2.246254
0.493983 0.100692 -0.000130 0.001028
0.100692 0.044379 0.000756 -0.000337
-0.000130 0.000756 0.489318 0.102525
0.001028 -0.000337 0.102525 0.045706
20.975453 1.317708 26.707500 2.148654
0.482720 0.098852 0.005649 0.001757
0.098852 0.044204 0.001514 -0.000172
0.005649 0.001514 0.480766 0.100851
0.001757 -0.000172 0.100851 0.045300
21.614827 1.313644 28.241298 2.245249
0.478696 0.098641 0.015421 0.003362
0.098641 0.044348 0.003124 0.000178
0.015421 0.003124 0.492776 0.103606
0.003362 0.000178 0.103606 0.045855
22.604262 1.382685 29.290607 2.229574
0.475243 0.098529 0.004024 0.000458
0.098529 0.044471 0.000289 -0.000417
0.004024 0.000289 0.498282 0.104688
0.000458 -0.000417 0.104688 0.046005
23.948034 1.517625 31.216188 2.398877
0.443587 0.092499 -0.018002 -0.004268
0.092499 0.043324 -0.004419 -0.001328
-0.018002 -0.004419 0.502784 0.105457
-0.004268 -0.001328 0.105457 0.046086
24.481967 1.470338 32.154109 2.344245
0.430015 0.090676 -0.023732 -0.005112
0.090676 0.043109 -0.005247 -0.001353
-0.023732 -0.005247 0.500121 0.104634
-0.005112 -0.001353 0.104634 0.045831
24.804755 1.382139 32.932117 2.261663
0.420471 0.089703 -0.036497 -0.007370
0.089703 0.043034 -0.007530 -0.001703
-0.036497 -0.007530 0.499364 0.104298
-0.007370 -0.001703 0.104298 0.045712
25.528878 1.388971 33.906729 2.229117
0.419824 0.090557 -0.041351 -0.007794
0.090557 0.043304 -0.007940 -0.001655
-0.041351 -0.007940 0.507213 0.105802
-0.007794 -0.001655 0.105802 0.045995
26.144560 1.371078 34.798752 2.182489
0.434901 0.094608 -0.037924 -0.006468
0.094608 0.044205 -0.006568 -0.001259
-0.037924 -0.006568 0.517611 0.107727
-0.006468 -0.001259 0.107727 0.046350
26.278173 1.250835 35.961552 2.195106
0.432402 0.094309 -0.029962 -0.004466
0.094309 0.044051 -0.004403 -0.000775
-0.029962 -0.004403 0.529537 0.109828
-0.004466 -0.000775 0.109828 0.046726
27.131743 1.298385 36.504426 2.081485
0.438612 0.095842 -0.027069 -0.003724
0.095842 0.044299 -0.003679 -0.000638
-0.027069 -0.003679 0.526125 0.108579
-0.003724 -0.000638 0.108579 0.046388
27.473582 1.228579 36.936891 1.954935
0.450249 0.098322 -0.029803 -0.004218
0.098322 0.044724 -0.004274 -0.000784
-0.029803 -0.004274 0.524431 0.107850
-0.004218 -0.000784 0.107850 0.046204
28.090671 1.227919 37.621847 1.894856
0.454136 0.098806 -0.038823 -0.006010
0.098806 0.044677 -0.006151 -0.001189
-0.038823 -0.006151 0.532044 0.109131
-0.006010 -0.001189 0.109131 0.046459
29.707153 1.446723 38.797128 1.946254
0.374453 0.081106 -0.046588 -0.007783
0.081106 0.040706 -0.007544 -0.001547
-0.046588 -0.007544 0.547394 0.111926
-0.007783 -0.001547 0.111926 0.047010
30.487375 1.459895 39.878652 1.968683
0.358923 0.079079 -0.042782 -0.006733
0.079079 0.040495 -0.006340 -0.001275
-0.042782 -0.006340 0.556649 0.113320
-0.006733 -0.001275 0.113320 0.047255
30.876702 1.379577 40.258476 1.843902
0.366197 0.082112 -0.040584 -0.006029
0.082112 0.041350 -0.005788 -0.001145
-0.040584 -0.005788 0.544275 0.110251
-0.006029 -0.001145 0.110251 0.046589
31.603509 1.387679 41.131825 1.834284
0.355423 0.080557 -0.034962 -0.004857
0.080557 0.041026 -0.004421 -0.000899
-0.034962 -0.004421 0.549984 0.111239
-0.004857 -0.000899 0.111239 0.046826
32.181971 1.362108 42.194695 1.863040
0.375886 0.086094 -0.035759 -0.004919
0.086094 0.042301 -0.004683 -0.000961
-0.035759 -0.004683 0.555771 0.112154
-0.004919 -0.000961 0.112154 0.047027
32.882841 1.366099 43.035056 1.844774
0.402877 0.092420 -0.033942 -0.004436
0.092420 0.043609 -0.004413 -0.000906
-0.033942 -0.004413 0.546860 0.110087
-0.004436 -0.000906 0.110087 0.046622
32.719910 1.169270 43.343796 1.716240
0.393494 0.089698 -0.028754 -0.003551
0.089698 0.042730 -0.003491 -0.000776
-0.028754 -0.003491 0.521233 0.104912
-0.003551 -0.000776 0.104912 0.045635
33.599871 1.238791 44.621820 1.802820
0.420477 0.095574 -0.021652 -0.002142
0.095574 0.043931 -0.002059 -0.000496
-0.021652 -0.002059 0.521372 0.105432
-0.002142 -0.000496 0.105432 0.045877
34.811643 1.372911 45.643570 1.830026
0.463181 0.104329 -0.018089 -0.001514
0.104329 0.045674 -0.001636 -0.000427
-0.018089 -0.001636 0.507046 0.102908
-0.001514 -0.000427 0.102908 0.045456
35.810883 1.441599 46.390274 1.796903
0.480480 0.106556 -0.003020 0.001299
0.106556 0.045838 0.001219 0.000112
-0.003020 0.001219 0.463216 0.094581
0.001299 0.000112 0.094581 0.043871
36.153329 1.360026 47.637834 1.868056
0.503672 0.109877 -0.022215 -0.003156
0.109877 0.046274 -0.003497 -0.000935
-0.022215 -0.003497 0.465349 0.096224
-0.003156 -0.000935 0.096224 0.044400
36.598769 1.310764 48.977729 1.952201
0.533604 0.114482 -0.040107 -0.006877
0.114482 0.047016 -0.007349 -0.001698
-0.040107 -0.007349 0.461425 0.096301
-0.006877 -0.001698 0.096301 0.044507
