-0.807989 0.638892 3.672317 0.576911
2.914050 1.165645 -1.416139 -0.566468
1.165645 80.470335 -0.566468 -0.226592
-1.416139 -0.566468 3.535301 1.414151
-0.566468 -0.226592 1.414151 80.569739
2.613663 5.859759 2.927764 -0.799560
1.336814 2.183065 -1.037065 -1.582269
2.183065 12.916820 -1.411750 -5.871086
-1.037065 -1.411750 3.304347 5.404774
-1.582269 -5.871086 5.404774 19.821883
5.374547 5.451100 -0.165757 -3.813418
2.123625 2.733739 -1.049267 -1.186594
2.733739 5.329726 -1.216486 -2.332990
-1.049267 -1.216486 2.469122 2.769495
-1.186594 -2.332990 2.769495 5.764536
6.461765 4.064355 1.235925 -1.015858
1.187339 1.047987 0.195185 0.176682
1.047987 1.547959 0.179906 -0.193759
0.195185 0.179906 0.492279 0.420246
0.176682 -0.193759 0.420246 1.344176
8.864334 4.138323 2.325819 0.386825
1.081566 0.764784 0.024752 -0.065076
0.764784 0.818849 -0.062257 -0.238615
0.024752 -0.062257 0.675069 0.603253
-0.065076 -0.238615 0.603253 0.921247
9.613126 3.367365 2.755997 0.627200
0.915482 0.527134 -0.075019 -0.104071
0.527134 0.449679 -0.118040 -0.157613
-0.075019 -0.118040 0.906243 0.640538
-0.104071 -0.157613 0.640538 0.623610
10.417217 2.925223 3.505840 0.901965
0.784376 0.380478 -0.126015 -0.099054
0.380478 0.272532 -0.111440 -0.096376
-0.126015 -0.111440 0.978998 0.548023
-0.099054 -0.096376 0.548023 0.400406
10.620199 2.375706 4.834103 1.333828
0.577232 0.241952 -0.105415 -0.062475
0.241952 0.160688 -0.074993 -0.050873
-0.105415 -0.074993 0.945304 0.434243
-0.062475 -0.050873 0.434243 0.259365
11.180212 2.145616 5.349427 1.286007
0.606961 0.229452 -0.180586 -0.080987
0.229452 0.130441 -0.087528 -0.044188
-0.180586 -0.087528 0.951993 0.373417
-0.080987 -0.044188 0.373417 0.189670
11.184537 1.768235 7.452990 1.793699
0.600687 0.204582 -0.201420 -0.074890
0.204582 0.104323 -0.078271 -0.032554
-0.201420 -0.078271 0.858521 0.293833
-0.074890 -0.032554 0.293833 0.134687
12.024990 1.757793 7.782489 1.621278
0.573432 0.178126 -0.246247 -0.077755
0.178126 0.084621 -0.080464 -0.027875
-0.246247 -0.080464 0.851570 0.260333
-0.077755 -0.027875 0.260333 0.108555
13.443098 1.912243 8.179553 1.506899
0.578501 0.165882 -0.245228 -0.067657
0.165882 0.073621 -0.069669 -0.021050
-0.245228 -0.069669 0.831144 0.230394
-0.067657 -0.021050 0.230394 0.089863
13.627336 1.710182 10.040431 1.787199
0.515271 0.137618 -0.228842 -0.056212
0.137618 0.060870 -0.057709 -0.015602
-0.228842 -0.057709 0.738854 0.188386
-0.056212 -0.015602 0.188386 0.072352
14.446512 1.699780 10.813230 1.757707
0.530566 0.134389 -0.227450 -0.050207
0.134389 0.057015 -0.051678 -0.012572
-0.227450 -0.051678 0.716930 0.171109
-0.050207 -0.012572 0.171109 0.064264
14.676109 1.555809 12.408076 1.914772
0.514454 0.124569 -0.188339 -0.037070
0.124569 0.052497 -0.038394 -0.008553
-0.188339 -0.038394 0.635087 0.143691
-0.037070 -0.008553 0.143691 0.055525
15.809448 1.643148 13.547393 1.960192
0.497142 0.115890 -0.171085 -0.030884
0.115890 0.049036 -0.032054 -0.006712
-0.171085 -0.032054 0.590172 0.128500
-0.030884 -0.006712 0.128500 0.050867
16.257067 1.559448 14.708626 1.993446
0.489410 0.110851 -0.156655 -0.026113
0.110851 0.047031 -0.027266 -0.005440
-0.156655 -0.027266 0.554887 0.117638
-0.026113 -0.005440 0.117638 0.047868
16.658348 1.472096 15.614810 1.967633
0.481367 0.106487 -0.151257 -0.023959
0.106487 0.045513 -0.025110 -0.004902
-0.151257 -0.025110 0.528966 0.110156
-0.023959 -0.004902 0.110156 0.045988
16.710514 1.336365 17.515802 2.148991
0.456280 0.099433 -0.127098 -0.018489
0.099433 0.043729 -0.019712 -0.003813
-0.127098 -0.019712 0.471641 0.097387
-0.018489 -0.003813 0.097387 0.043308
16.685728 1.188668 18.879791 2.197180
0.448812 0.097219 -0.104414 -0.013586
0.097219 0.043261 -0.014738 -0.002837
-0.104414 -0.014738 0.443779 0.092151
-0.013586 -0.002837 0.092151 0.042468
17.480731 1.234677 20.086164 2.223988
0.447068 0.096465 -0.089481 -0.010709
0.096465 0.043158 -0.011616 -0.002311
-0.089481 -0.011616 0.437776 0.091864
-0.010709 -0.002311 0.091864 0.042683
18.234614 1.268207 21.415146 2.273079
0.445007 0.095617 -0.085825 -0.010513
0.095617 0.043017 -0.011302 -0.002418
-0.085825 -0.011302 0.431061 0.091151
-0.010513 -0.002418 0.091151 0.042696
18.836447 1.260083 22.483326 2.257741
0.454312 0.097321 -0.088887 -0.011543
0.097321 0.043444 -0.012240 -0.002716
-0.088887 -0.012240 0.436733 0.092996
-0.011543 -0.002716 0.092996 0.043209
18.963989 1.151985 23.656544 2.259218
0.435033 0.093080 -0.071005 -0.008362
0.093080 0.042625 -0.008968 -0.002152
-0.071005 -0.008968 0.414021 0.088775
-0.008362 -0.002152 0.088775 0.042402
19.066205 1.040911 24.193407 2.122383
0.429709 0.092074 -0.070125 -0.008879
0.092074 0.042529 -0.009439 -0.002374
-0.070125 -0.009439 0.403086 0.087149
-0.008879 -0.002374 0.087149 0.042141
19.604742 1.047185 25.430062 2.161361
0.423258 0.090938 -0.069843 -0.009406
0.090938 0.042406 -0.009792 -0.002526
-0.069843 -0.009792 0.400863 0.087472
-0.009406 -0.002526 0.087472 0.042296
20.447060 1.117085 26.547204 2.173787
0.419443 0.090485 -0.069507 -0.009756
0.090485 0.042430 -0.009972 -0.002596
-0.069507 -0.009972 0.404054 0.088843
-0.009756 -0.002596 0.088843 0.042636
21.152362 1.148942 27.614581 2.171348
0.431000 0.093311 -0.077197 -0.011598
0.093311 0.043129 -0.011710 -0.002950
-0.077197 -0.011710 0.418457 0.092366
-0.011598 -0.002950 0.092366 0.043379
21.789339 1.166407 29.007470 2.240686
0.420231 0.091171 -0.066754 -0.009467
0.091171 0.042712 -0.009467 -0.002443
-0.066754 -0.009467 0.418060 0.092396
-0.009467 -0.002443 0.092396 0.043315
22.203407 1.125800 29.833673 2.173062
0.408711 0.089046 -0.056201 -0.007492
0.089046 0.042322 -0.007487 -0.002034
-0.056201 -0.007487 0.409551 0.090567
-0.007492 -0.002034 0.090567 0.042843
22.882741 1.148073 30.612760 2.105852
0.408214 0.089414 -0.052988 -0.007157
0.089414 0.042477 -0.007146 -0.001983
-0.052988 -0.007146 0.410508 0.090909
-0.007157 -0.001983 0.090909 0.042880
23.630672 1.182664 31.289024 2.023735
0.419109 0.092068 -0.062901 -0.009598
0.092068 0.043074 -0.009599 -0.002518
-0.062901 -0.009599 0.419228 0.092775
-0.009598 -0.002518 0.092775 0.043224
23.633533 1.045408 31.610476 1.864052
0.410422 0.090057 -0.075655 -0.012578
0.090057 0.042569 -0.012506 -0.003141
-0.075655 -0.012506 0.416229 0.091809
-0.012578 -0.003141 0.091809 0.042905
24.609869 1.150230 32.918514 1.952704
0.381702 0.083808 -0.085205 -0.014742
0.083808 0.041177 -0.014272 -0.003502
-0.085205 -0.014272 0.424626 0.093519
-0.014742 -0.003502 0.093519 0.043229
25.862246 1.303620 34.005686 1.985656
0.377276 0.083527 -0.093358 -0.016103
0.083527 0.041218 -0.015546 -0.003668
-0.093358 -0.015546 0.436899 0.095926
-0.016103 -0.003668 0.095926 0.043688
26.659756 1.332953 34.732733 1.928781
0.366410 0.081758 -0.095270 -0.016090
0.081758 0.040886 -0.015505 -0.003576
-0.095270 -0.015505 0.437437 0.095584
-0.016090 -0.003576 0.095584 0.043523
27.544433 1.385612 35.868784 1.969973
0.382033 0.085948 -0.105749 -0.017654
0.085948 0.041875 -0.017212 -0.003820
-0.105749 -0.017212 0.456994 0.099394
-0.017654 -0.003820 0.099394 0.044283
27.739913 1.263152 36.372101 1.856119
0.380332 0.085882 -0.098747 -0.015572
0.085882 0.041819 -0.015220 -0.003321
-0.098747 -0.015220 0.451165 0.097548
-0.015572 -0.003321 0.097548 0.043802
28.425985 1.264732 36.661327 1.717173
0.369845 0.083620 -0.097000 -0.015082
0.083620 0.041224 -0.014726 -0.003256
-0.097000 -0.014726 0.444404 0.095675
-0.015082 -0.003256 0.095675 0.043359
28.873050 1.227125 37.819559 1.779513
0.382108 0.086643 -0.103412 -0.016078
0.086643 0.041873 -0.015769 -0.003450
-0.103412 -0.015769 0.462477 0.099338
-0.016078 -0.003450 0.099338 0.044158
29.633868 1.265246 38.933957 1.830967
0.374149 0.084650 -0.107334 -0.016841
0.084650 0.041300 -0.016219 -0.003594
-0.107334 -0.016219 0.478762 0.102323
-0.016841 -0.003594 0.102323 0.044748
30.101379 1.231626 40.102447 1.882745
0.375844 0.085214 -0.103881 -0.015787
0.085214 0.041407 -0.015176 -0.003359
-0.103881 -0.015176 0.483935 0.102801
-0.015787 -0.003359 0.102801 0.044793
31.177457 1.341490 41.215796 1.927859
0.375641 0.085312 -0.096180 -0.014009
0.085312 0.041404 -0.013399 -0.003003
-0.096180 -0.013399 0.483555 0.102205
-0.014009 -0.003003 0.102205 0.044645
31.906121 1.359633 42.443193 1.985177
0.361640 0.082261 -0.083246 -0.011555
0.082261 0.040689 -0.010680 -0.002532
-0.083246 -0.010680 0.479074 0.100970
-0.011555 -0.002532 0.100970 0.044410
32.329405 1.293825 43.068421 1.902766
0.364990 0.083364 -0.078613 -0.010791
0.083364 0.040961 -0.010342 -0.002525
-0.078613 -0.010342 0.462830 0.097278
-0.010791 -0.002525 0.097278 0.043663
32.978133 1.293954 44.001707 1.898938
0.386594 0.088428 -0.080962 -0.011285
0.088428 0.042095 -0.011440 -0.002747
-0.080962 -0.011440 0.454628 0.095609
-0.011285 -0.002747 0.095609 0.043401
33.695997 1.312186 45.072634 1.925934
0.398512 0.090813 -0.075448 -0.010205
0.090813 0.042533 -0.010628 -0.002576
-0.075448 -0.010628 0.440242 0.092918
-0.010205 -0.002576 0.092918 0.042961
34.280774 1.296647 46.090200 1.936648
0.415009 0.093930 -0.076204 -0.010488
0.093930 0.043100 -0.011269 -0.002711
-0.076204 -0.011269 0.426241 0.090442
-0.010488 -0.002711 0.090442 0.042563
35.131252 1.343266 47.115132 1.951671
0.430907 0.096735 -0.070562 -0.009348
0.096735 0.043596 -0.010434 -0.002512
-0.070562 -0.010434 0.403721 0.086377
-0.009348 -0.002512 0.086377 0.041843
35.551684 1.279707 47.531910 1.826013
0.439805 0.097720 -0.068211 -0.009101
0.097720 0.043665 -0.010473 -0.002538
-0.068211 -0.010473 0.372189 0.080538
-0.009101 -0.002538 0.080538 0.040733
