1.527375 1.573058 -3.152326 -2.153005
2.985028 1.194037 0.885301 0.354128
1.194037 80.481692 0.354128 0.141654
0.885301 0.354128 7.473496 2.989463
0.354128 0.141654 2.989463 81.199878
2.799342 2.146231 0.265255 4.197918
4.264850 7.351883 -1.171131 -1.905205
7.351883 22.405882 -2.057592 -1.439975
-1.171131 -2.057592 1.001886 1.488729
-1.905205 -1.439975 1.488729 21.581188
9.220685 7.977020 1.750864 4.164991
2.798121 2.964239 -0.935241 -1.023603
2.964239 5.435135 -0.826423 -1.076903
-0.935241 -0.826423 1.481792 2.257426
-1.023603 -1.076903 2.257426 5.457996
10.709379 5.872991 3.122850 3.237937
1.373526 1.133262 0.085873 0.201227
1.133262 1.828894 0.256436 0.185000
0.085873 0.256436 2.484169 2.520906
0.201227 0.185000 2.520906 3.113619
9.517652 3.042987 5.586772 3.778152
0.283566 0.197461 0.119094 0.087665
0.197461 0.554224 0.126528 0.003683
0.119094 0.126528 2.566267 1.809257
0.087665 0.003683 1.809257 1.517099
9.232956 1.666260 5.853363 2.995783
0.333982 0.260020 -0.254391 -0.156298
0.260020 0.396176 -0.212153 -0.169415
-0.254391 -0.212153 1.627871 0.897573
-0.156298 -0.169415 0.897573 0.628106
9.573437 1.324761 6.054543 2.437712
0.548991 0.363991 -0.344840 -0.174804
0.363991 0.338157 -0.214066 -0.128860
-0.344840 -0.214066 1.790998 0.810594
-0.174804 -0.128860 0.810594 0.451473
9.979169 1.176007 6.435655 2.127812
0.727261 0.390303 -0.337440 -0.144531
0.390303 0.266433 -0.162520 -0.081698
-0.337440 -0.162520 1.769723 0.675526
-0.144531 -0.081698 0.675526 0.317663
9.843109 0.859353 8.220272 2.374948
0.819512 0.363925 -0.265930 -0.099441
0.363925 0.200485 -0.103548 -0.046564
-0.265930 -0.103548 1.532464 0.506464
-0.099441 -0.046564 0.506464 0.213454
10.698078 1.015304 8.731522 2.173433
0.885499 0.334504 -0.208276 -0.069464
0.334504 0.156263 -0.067698 -0.028024
-0.208276 -0.067698 1.393340 0.408667
-0.069464 -0.028024 0.408667 0.157880
10.656756 0.837782 10.384215 2.326739
0.855099 0.281106 -0.176082 -0.052275
0.281106 0.117636 -0.050768 -0.018955
-0.176082 -0.050768 1.129839 0.299884
-0.052275 -0.018955 0.299884 0.112710
11.301720 0.904182 11.548582 2.326022
0.849765 0.248889 -0.123295 -0.033751
0.248889 0.095695 -0.030773 -0.011358
-0.123295 -0.030773 0.992261 0.243093
-0.033751 -0.011358 0.243093 0.089626
12.480624 1.096475 12.483422 2.271668
0.843033 0.223969 -0.059067 -0.015868
0.223969 0.081120 -0.011445 -0.005416
-0.059067 -0.011445 0.945150 0.217051
-0.015868 -0.005416 0.217051 0.078015
13.039919 1.097410 13.091740 2.156895
0.834527 0.203953 -0.045875 -0.011868
0.203953 0.071019 -0.008211 -0.003984
-0.045875 -0.008211 0.897072 0.195239
-0.011868 -0.003984 0.195239 0.069498
13.810666 1.147949 14.140752 2.150343
0.763205 0.173931 -0.014215 -0.004412
0.173931 0.060819 -0.001279 -0.001999
-0.014215 -0.001279 0.786211 0.163721
-0.004412 -0.001999 0.163721 0.060423
14.531555 1.179151 14.893603 2.084905
0.757209 0.163425 0.005742 -0.000319
0.163425 0.056726 0.002444 -0.000962
0.005742 0.002444 0.769495 0.155528
-0.000319 -0.000962 0.155528 0.057397
14.210725 0.990053 14.099973 1.724548
0.662276 0.136650 -0.069145 -0.015132
0.136650 0.050078 -0.013843 -0.003955
-0.069145 -0.013843 0.662357 0.130888
-0.015132 -0.003955 0.130888 0.051655
15.027468 1.055309 15.400540 1.810141
0.660177 0.132574 -0.015639 -0.003503
0.132574 0.048999 -0.002192 -0.001267
-0.015639 -0.002192 0.651600 0.127579
-0.003503 -0.001267 0.127579 0.050697
15.640510 1.072266 16.460065 1.840145
0.669278 0.131596 0.015982 0.002713
0.131596 0.048752 0.003860 0.000050
0.015982 0.003860 0.652722 0.127002
0.002713 0.000050 0.127002 0.050405
16.753052 1.183709 17.593376 1.880725
0.680314 0.131494 0.061498 0.011074
0.131494 0.048781 0.012019 0.001656
0.061498 0.012019 0.667714 0.129197
0.011074 0.001656 0.129197 0.050698
16.940328 1.105664 19.146762 1.999887
0.670577 0.127768 0.090610 0.015625
0.127768 0.048175 0.016377 0.002416
0.090610 0.016377 0.629784 0.121042
0.015625 0.002416 0.121042 0.048995
17.148501 1.041179 19.932969 1.960289
0.661458 0.124891 0.091137 0.014440
0.124891 0.047842 0.015102 0.002071
0.091137 0.015102 0.605761 0.116435
0.014440 0.002071 0.116435 0.048150
18.104950 1.120571 21.437256 2.059103
0.683247 0.128145 0.132279 0.021235
0.128145 0.048680 0.021623 0.003276
0.132279 0.021623 0.620669 0.119492
0.021235 0.003276 0.119492 0.048795
19.006390 1.179868 23.096753 2.178710
0.719538 0.134027 0.163758 0.025581
0.134027 0.049955 0.025796 0.003942
0.163758 0.025796 0.648951 0.124855
0.025581 0.003942 0.124855 0.049824
19.516792 1.163843 24.300008 2.201751
0.712296 0.131530 0.177506 0.026729
0.131530 0.049588 0.026859 0.004080
0.177506 0.026859 0.635683 0.121771
0.026729 0.004080 0.121771 0.049141
20.528138 1.244082 25.402320 2.196366
0.731786 0.134549 0.180235 0.025520
0.134549 0.050324 0.025720 0.003764
0.180235 0.025720 0.647454 0.123977
0.025520 0.003764 0.123977 0.049576
20.613299 1.146077 26.354853 2.175851
0.711712 0.130326 0.163880 0.021496
0.130326 0.049697 0.021780 0.003079
0.163880 0.021780 0.628199 0.120192
0.021496 0.003079 0.120192 0.048842
21.101492 1.120609 28.089602 2.303634
0.712426 0.129974 0.181015 0.024235
0.129974 0.049759 0.024142 0.003654
0.181015 0.024142 0.640259 0.122337
0.024235 0.003654 0.122337 0.049224
21.731907 1.143936 28.602484 2.177506
0.705575 0.128949 0.159713 0.019480
0.128949 0.049795 0.019875 0.002914
0.159713 0.019875 0.616183 0.117849
0.019480 0.002914 0.117849 0.048398
21.866011 1.065128 29.516982 2.150772
0.670309 0.122394 0.160265 0.020049
0.122394 0.048717 0.020016 0.003211
0.160265 0.020016 0.601272 0.115155
0.020049 0.003211 0.115155 0.047896
22.393436 1.073824 30.022430 2.038642
0.658938 0.121073 0.149939 0.018064
0.121073 0.048723 0.018231 0.003012
0.149939 0.018231 0.583939 0.112368
0.018064 0.003012 0.112368 0.047448
23.308244 1.138292 31.441769 2.111235
0.668356 0.123460 0.155795 0.019160
0.123460 0.049351 0.019106 0.003293
0.155795 0.019106 0.601588 0.116386
0.019160 0.003293 0.116386 0.048306
23.939857 1.157560 32.064189 2.024238
0.656619 0.121945 0.141701 0.016637
0.121945 0.049222 0.016753 0.002979
0.141701 0.016753 0.587734 0.114078
0.016637 0.002979 0.114078 0.047884
23.833346 1.037449 32.469447 1.915292
0.611002 0.114094 0.125057 0.014429
0.114094 0.047878 0.014229 0.002757
0.125057 0.014229 0.567550 0.110697
0.014429 0.002757 0.110697 0.047266
25.154629 1.185708 33.782362 1.973001
0.643328 0.121491 0.122780 0.013906
0.121491 0.049489 0.014005 0.002730
0.122780 0.014005 0.585349 0.114871
0.013906 0.002730 0.114871 0.048162
25.615251 1.155287 35.089367 2.039090
0.638316 0.121274 0.099439 0.009867
0.121274 0.049530 0.009897 0.002047
0.099439 0.009897 0.594557 0.117202
0.009867 0.002047 0.117202 0.048653
26.621937 1.250459 35.225504 1.856941
0.630664 0.120232 0.091868 0.009328
0.120232 0.049334 0.009708 0.002191
0.091868 0.009708 0.565332 0.111348
0.009328 0.002191 0.111348 0.047412
26.584162 1.121767 36.205445 1.875853
0.593699 0.113727 0.071272 0.006510
0.113727 0.048129 0.006437 0.001741
0.071272 0.006437 0.568340 0.112609
0.006510 0.001741 0.112609 0.047729
27.597061 1.207069 37.368499 1.915685
0.607898 0.117462 0.061754 0.005380
0.117462 0.048955 0.005459 0.001618
0.061754 0.005459 0.575172 0.114294
0.005380 0.001618 0.114294 0.048067
28.445874 1.251918 38.627285 1.973386
0.619787 0.120398 0.041749 0.002200
0.120398 0.049551 0.002409 0.001073
0.041749 0.002409 0.582382 0.115952
0.002200 0.001073 0.115952 0.048386
28.978625 1.230682 39.996959 2.050514
0.623103 0.121346 0.014259 -0.002206
0.121346 0.049702 -0.001955 0.000299
0.014259 -0.001955 0.591049 0.117749
-0.002206 0.000299 0.117749 0.048711
28.877453 1.089958 41.219935 2.094075
0.588088 0.114608 -0.008655 -0.005210
0.114608 0.048324 -0.005123 -0.000166
-0.008655 -0.005123 0.591468 0.117647
-0.005210 -0.000166 0.117647 0.048618
30.033041 1.208913 42.425798 2.123410
0.625320 0.122472 -0.025840 -0.007349
0.122472 0.049896 -0.007090 -0.000477
-0.025840 -0.007090 0.588442 0.116818
-0.007349 -0.000477 0.116818 0.048391
30.599172 1.201808 43.161590 2.058885
0.646161 0.126320 -0.055537 -0.011865
0.126320 0.050534 -0.011532 -0.001280
-0.055537 -0.011532 0.577634 0.114526
-0.011865 -0.001280 0.114526 0.047901
31.936059 1.344894 44.047873 2.031321
0.675697 0.131454 -0.067442 -0.012608
0.131454 0.051371 -0.012339 -0.001338
-0.067442 -0.012339 0.568786 0.112787
-0.012608 -0.001338 0.112787 0.047555
33.034684 1.426411 44.811658 1.982598
0.693778 0.133880 -0.085020 -0.014642
0.133880 0.051625 -0.014409 -0.001697
-0.085020 -0.014409 0.561785 0.111513
-0.014642 -0.001697 0.111513 0.047317
34.062195 1.486166 45.696920 1.963089
0.713961 0.136506 -0.107051 -0.017582
0.136506 0.051920 -0.017320 -0.002239
-0.107051 -0.017320 0.563386 0.111980
-0.017582 -0.002239 0.111980 0.047423
34.804233 1.485097 46.567786 1.940892
0.722246 0.136675 -0.130338 -0.020804
0.136675 0.051749 -0.020389 -0.002830
-0.130338 -0.020389 0.567535 0.112823
-0.020804 -0.002830 0.112823 0.047572
35.452491 1.466116 47.427307 1.917689
0.723411 0.135606 -0.149693 -0.023239
0.135606 0.051397 -0.022649 -0.003267
-0.149693 -0.022649 0.571356 0.113481
-0.023239 -0.003267 0.113481 0.047660
35.712656 1.380993 48.727684 1.981076
0.710774 0.132144 -0.167060 -0.025454
0.132144 0.050655 -0.024440 -0.003651
-0.167060 -0.024440 0.584784 0.115975
-0.025454 -0.003651 0.115975 0.048099
