5.163709 3.027623 12.550576 4.128292
4.006458 1.602618 8.024354 3.209811
1.602618 80.645128 3.209811 1.283952
8.024354 3.209811 35.945432 14.378484
3.209811 1.283952 14.378484 85.755585
5.578369 2.128643 10.160852 0.660451
4.065759 7.143129 -0.531399 -1.355932
7.143129 21.667975 -1.083762 4.976269
-0.531399 -1.083762 0.738285 0.735036
-1.355932 4.976269 0.735036 39.789098
5.864449 0.905675 8.286980 -3.429100
3.700711 3.882794 -0.807122 -1.005854
3.882794 6.014332 -0.600044 -0.394411
-0.807122 -0.600044 1.617440 2.831021
-1.005854 -0.394411 2.831021 7.279359
6.109547 0.620134 5.084159 -5.005534
2.752325 2.012293 -1.410485 -1.302138
2.012293 2.242241 -0.802489 -0.717379
-1.410485 -0.802489 3.452175 3.533544
-1.302138 -0.717379 3.533544 4.192126
7.013454 1.119983 4.851779 -3.356867
1.757895 1.116444 0.522734 0.449051
1.116444 1.093693 0.426823 0.331495
0.522734 0.426823 1.773716 1.290523
0.449051 0.331495 1.290523 1.184386
7.723972 1.196079 2.965290 -3.471227
1.837746 0.972331 0.657748 0.385961
0.972331 0.733017 0.386529 0.209362
0.657748 0.386529 3.080848 1.723904
0.385961 0.209362 1.723904 1.097768
8.520352 1.285058 3.300401 -2.544192
1.611819 0.721538 1.000604 0.447867
0.721538 0.461153 0.448109 0.190102
1.000604 0.448109 2.497927 1.118243
0.447867 0.190102 1.118243 0.585330
8.761269 1.130112 1.681840 -2.671575
1.558321 0.605457 1.036347 0.377456
0.605457 0.330198 0.368533 0.127354
1.036347 0.368533 3.166205 1.190448
0.377456 0.127354 1.190448 0.507899
10.947510 1.671150 2.284821 -2.059670
1.279041 0.439793 0.797001 0.243474
0.439793 0.220924 0.231703 0.066236
0.797001 0.231703 2.894081 0.934801
0.243474 0.066236 0.934801 0.348644
11.792169 1.684537 0.698021 -2.219854
1.233157 0.383086 0.739872 0.194912
0.383086 0.173431 0.172978 0.042261
0.739872 0.172978 3.471174 0.986881
0.194912 0.042261 0.986881 0.319329
12.140724 1.544078 -0.669415 -2.278894
1.163386 0.328669 0.737166 0.172464
0.328669 0.137318 0.154068 0.033987
0.737166 0.154068 3.527957 0.892117
0.172464 0.033987 0.892117 0.259540
12.427923 1.407061 -1.475191 -2.195427
1.092488 0.284407 0.697557 0.146454
0.284407 0.111938 0.137366 0.027730
0.697557 0.137366 3.079860 0.701554
0.146454 0.027730 0.701554 0.190890
13.880382 1.575322 -1.281470 -1.932363
0.947041 0.231226 0.509419 0.095152
0.231226 0.090082 0.085864 0.015374
0.509419 0.085864 2.618821 0.546796
0.095152 0.015374 0.546796 0.143603
14.478430 1.541622 -2.980669 -2.073601
0.927530 0.214623 0.445166 0.075284
0.214623 0.080513 0.064361 0.010464
0.445166 0.064361 2.651981 0.514094
0.075284 0.010464 0.514094 0.128229
15.293707 1.541881 -3.360565 -1.953835
0.859166 0.189448 0.370206 0.057248
0.189448 0.070679 0.049589 0.007620
0.370206 0.049589 2.300109 0.416719
0.057248 0.007620 0.416719 0.103709
15.695396 1.466008 -4.650817 -2.003711
0.843061 0.178638 0.336951 0.048367
0.178638 0.065519 0.042573 0.006306
0.336951 0.042573 2.151868 0.368513
0.048367 0.006306 0.368513 0.091322
16.910664 1.573742 -6.130062 -2.088007
0.813140 0.167734 0.210842 0.025515
0.167734 0.061494 0.016556 0.002004
0.210842 0.016556 2.020766 0.331106
0.025515 0.002004 0.331106 0.082703
17.886489 1.604096 -6.529545 -1.987807
0.771484 0.154969 0.150790 0.015915
0.154969 0.057499 0.009090 0.001125
0.150790 0.009090 1.723900 0.271676
0.015915 0.001125 0.271676 0.071640
18.518481 1.572099 -7.678507 -2.010119
0.767723 0.150916 0.129302 0.012806
0.150916 0.055762 0.007746 0.001147
0.129302 0.007746 1.581734 0.242484
0.012806 0.001147 0.242484 0.066466
18.924689 1.502864 -9.136869 -2.075438
0.781727 0.150791 0.123486 0.012162
0.150791 0.055064 0.008988 0.001491
0.123486 0.008988 1.465438 0.220335
0.012162 0.001491 0.220335 0.062922
19.277609 1.424736 -9.960312 -2.040437
0.779866 0.147843 0.119741 0.011976
0.147843 0.053994 0.010751 0.001883
0.119741 0.010751 1.293817 0.192235
0.011976 0.001883 0.192235 0.058851
19.917076 1.408920 -10.740110 -2.004068
0.776021 0.145251 0.093485 0.008416
0.145251 0.053226 0.007485 0.001475
0.093485 0.007485 1.161074 0.172467
0.008416 0.001475 0.172467 0.056361
19.840017 1.262492 -11.609548 -1.979007
0.786998 0.145472 0.115975 0.012255
0.145472 0.053045 0.013137 0.002395
0.115975 0.013137 1.061324 0.158719
0.012255 0.002395 0.158719 0.054852
20.245277 1.222031 -12.749627 -2.000479
0.804313 0.147353 0.099583 0.009864
0.147353 0.053305 0.010695 0.002011
0.099583 0.010695 0.996066 0.151273
0.009864 0.002011 0.151273 0.054366
20.637647 1.187413 -14.474160 -2.111581
0.844894 0.153460 0.085194 0.007743
0.153460 0.054354 0.008510 0.001657
0.085194 0.008510 0.968411 0.149896
0.007743 0.001657 0.149896 0.054755
21.784022 1.284459 -15.141748 -2.053597
0.848026 0.152659 0.034085 0.000152
0.152659 0.054145 0.000282 0.000405
0.034085 0.000282 0.878206 0.138687
0.000152 0.000405 0.138687 0.053507
22.288221 1.257146 -15.682686 -1.974227
0.855388 0.152572 0.029657 0.000405
0.152572 0.054070 0.000864 0.000613
0.029657 0.000864 0.807179 0.130529
0.000405 0.000613 0.130529 0.052652
22.530128 1.189286 -16.810507 -1.995985
0.886343 0.156812 0.038856 0.002688
0.156812 0.054801 0.003415 0.001089
0.038856 0.003415 0.781314 0.129796
0.002688 0.001089 0.129796 0.052935
23.033165 1.173247 -17.820207 -1.997638
0.915493 0.160599 0.034703 0.002488
0.160599 0.055439 0.003290 0.001068
0.034703 0.003290 0.752001 0.128086
0.002488 0.001068 0.128086 0.052920
23.076895 1.078601 -18.753848 -1.984484
0.944171 0.164096 0.050351 0.005682
0.164096 0.055999 0.006517 0.001621
0.050351 0.006517 0.725533 0.126411
0.005682 0.001621 0.126411 0.052785
24.041699 1.151486 -19.586485 -1.957422
0.971795 0.167425 0.026642 0.001598
0.167425 0.056545 0.002602 0.000863
0.026642 0.002602 0.696841 0.124087
0.001598 0.000863 0.124087 0.052461
24.951635 1.207411 -20.067457 -1.867903
0.990445 0.169095 0.012554 -0.000494
0.169095 0.056794 0.000628 0.000504
0.012554 0.000628 0.661625 0.120204
-0.000494 0.000504 0.120204 0.051768
25.958347 1.275218 -20.742863 -1.820883
1.019642 0.172602 0.002796 -0.001743
0.172602 0.057372 -0.000559 0.000295
0.002796 -0.000559 0.642530 0.119069
-0.001743 0.000295 0.119069 0.051533
26.000785 1.175422 -21.737798 -1.835865
1.052739 0.176624 0.032653 0.004482
0.176624 0.058018 0.004898 0.001338
0.032653 0.004898 0.643247 0.121217
0.004482 0.001338 0.121217 0.051835
25.874267 1.057055 -23.106640 -1.920747
1.102171 0.183226 0.065074 0.010612
0.183226 0.059080 0.010232 0.002267
0.065074 0.010232 0.656570 0.125195
0.010612 0.002267 0.125195 0.052400
25.665974 0.934825 -23.434669 -1.797616
1.117399 0.183840 0.087285 0.014306
0.183840 0.059109 0.013454 0.002735
0.087285 0.013454 0.629416 0.120750
0.014306 0.002735 0.120750 0.051266
26.238916 0.952238 -24.412794 -1.813314
1.162455 0.189554 0.083355 0.012565
0.189554 0.060020 0.012125 0.002290
0.083355 0.012125 0.626874 0.121231
0.012565 0.002290 0.121231 0.051159
26.718369 0.953940 -25.704997 -1.888488
1.220347 0.197058 0.087464 0.012536
0.197058 0.061182 0.012230 0.002175
0.087464 0.012230 0.634074 0.123288
0.012536 0.002175 0.123288 0.051334
27.270554 0.967171 -26.985884 -1.954604
1.279642 0.204380 0.091316 0.012492
0.204380 0.062263 0.012343 0.002087
0.091316 0.012343 0.636291 0.123988
0.012492 0.002087 0.123988 0.051214
27.892262 0.990353 -28.298337 -2.020802
1.341998 0.211809 0.096302 0.012702
0.211809 0.063320 0.012680 0.002063
0.096302 0.012680 0.636064 0.123995
0.012702 0.002063 0.123995 0.050965
29.115929 1.104246 -29.336856 -2.029871
1.402511 0.218652 0.087101 0.010171
0.218652 0.064262 0.010874 0.001635
0.087101 0.010874 0.622208 0.121295
0.010171 0.001635 0.121295 0.050225
30.336575 1.206068 -30.076644 -1.979337
1.454575 0.223859 0.087068 0.009759
0.223859 0.064923 0.010698 0.001582
0.087068 0.010698 0.602442 0.117547
0.009759 0.001582 0.117547 0.049334
31.263365 1.256403 -31.294562 -2.025832
1.517542 0.230503 0.106837 0.013252
0.230503 0.065793 0.013477 0.002111
0.106837 0.013477 0.603664 0.118057
0.013252 0.002111 0.118057 0.049329
31.907390 1.256919 -31.928855 -1.951365
1.556884 0.233327 0.132861 0.017812
0.233327 0.066073 0.017066 0.002777
0.132861 0.017066 0.589968 0.115454
0.017812 0.002777 0.115454 0.048695
32.070201 1.187197 -32.805226 -1.928989
1.596062 0.236147 0.170862 0.024372
0.236147 0.066379 0.022110 0.003685
0.170862 0.022110 0.590907 0.115807
0.024372 0.003685 0.115807 0.048674
33.101476 1.253101 -34.007186 -1.979056
1.666063 0.243693 0.189881 0.026430
0.243693 0.067425 0.023998 0.003876
0.189881 0.023998 0.597091 0.117182
0.026430 0.003876 0.117182 0.048869
33.362585 1.193720 -34.172282 -1.812401
1.686740 0.243683 0.218944 0.030759
0.243683 0.067327 0.027466 0.004445
0.218944 0.027466 0.579758 0.113593
0.030759 0.004445 0.113593 0.048031
33.369636 1.109723 -35.195818 -1.830756
1.733674 0.247675 0.257036 0.036399
0.247675 0.067850 0.031816 0.005137
0.257036 0.031816 0.593339 0.116327
0.036399 0.005137 0.116327 0.048500
33.850317 1.100370 -36.233123 -1.854457
1.793888 0.253665 0.281550 0.038799
0.253665 0.068679 0.034062 0.005358
0.281550 0.034062 0.602516 0.117953
0.038799 0.005358 0.117953 0.048718
34.219894 1.080954 -37.691874 -1.959106
1.868623 0.261454 0.312506 0.042260
0.261454 0.069731 0.037069 0.005728
0.312506 0.037069 0.622174 0.121392
0.042260 0.005728 0.121392 0.049263
