1.352832 1.503239 0.268612 -0.784600
1.643270 0.657322 0.219613 0.087847
0.657322 80.267001 0.087847 0.035140
0.219613 0.087847 3.755414 1.502198
0.087847 0.035140 1.502198 80.604959
4.077545 5.069065 1.656254 2.107748
2.897417 5.307302 -1.214028 -2.051477
5.307302 15.592973 -2.257666 -3.195065
-1.214028 -2.257666 2.335297 3.865331
-2.051477 -3.195065 3.865331 18.217465
7.818965 6.384054 2.411208 1.890527
2.332781 2.550119 -0.458799 -0.270267
2.550119 4.160075 -0.355291 -0.181756
-0.458799 -0.355291 2.164876 2.661648
-0.270267 -0.181756 2.661648 5.698921
8.004882 4.017265 3.250514 1.610576
0.969367 0.768012 0.187239 0.226479
0.768012 1.148122 0.207876 0.161604
0.187239 0.207876 1.933164 1.731720
0.226479 0.161604 1.731720 2.376152
8.432429 2.965012 5.858735 2.845032
0.604463 0.400994 0.147403 0.101751
0.400994 0.527935 0.095350 0.027982
0.147403 0.095350 1.613522 1.106526
0.101751 0.027982 1.106526 1.136740
9.494625 2.725351 6.698793 2.528542
0.780096 0.459877 -0.064979 -0.054094
0.459877 0.413733 -0.058671 -0.061377
-0.064979 -0.058671 1.554601 0.871684
-0.054094 -0.061377 0.871684 0.695290
9.710070 2.175619 5.597957 1.438073
0.669630 0.335198 -0.350348 -0.174484
0.335198 0.254381 -0.185551 -0.101314
-0.350348 -0.185551 1.412996 0.667461
-0.174484 -0.101314 0.667461 0.442511
10.715230 2.142639 7.489030 1.914157
0.744585 0.323153 -0.320704 -0.129862
0.323153 0.198510 -0.136296 -0.060805
-0.320704 -0.136296 1.274482 0.517567
-0.129862 -0.060805 0.517567 0.296281
11.114434 1.879467 7.454922 1.553244
0.636461 0.240532 -0.372397 -0.129095
0.240532 0.133808 -0.134390 -0.050541
-0.372397 -0.134390 1.176601 0.419866
-0.129095 -0.050541 0.419866 0.212763
12.578252 2.057398 7.962404 1.473569
0.629014 0.214060 -0.278738 -0.081269
0.214060 0.106987 -0.084246 -0.027459
-0.278738 -0.084246 1.054156 0.337737
-0.081269 -0.027459 0.337737 0.157298
13.507012 2.029165 8.954276 1.547432
0.631904 0.195701 -0.225915 -0.056685
0.195701 0.089506 -0.059014 -0.017107
-0.225915 -0.059014 0.964715 0.281785
-0.056685 -0.017107 0.281785 0.122721
13.722839 1.806088 10.324417 1.697714
0.588059 0.166906 -0.218524 -0.050396
0.166906 0.073123 -0.052487 -0.014170
-0.218524 -0.052487 0.868101 0.233649
-0.050396 -0.014170 0.233649 0.097708
13.632786 1.543823 11.565954 1.782137
0.542387 0.143185 -0.218694 -0.047190
0.143185 0.061697 -0.049342 -0.012546
-0.218694 -0.049342 0.763287 0.191710
-0.047190 -0.012546 0.191710 0.079331
14.366145 1.543637 13.164584 1.953665
0.543757 0.136498 -0.164494 -0.030520
0.136498 0.057117 -0.032474 -0.007592
-0.164494 -0.032474 0.696334 0.166592
-0.030520 -0.007592 0.166592 0.068661
14.320139 1.352366 14.704331 2.071097
0.552503 0.132351 -0.147416 -0.024969
0.132351 0.053983 -0.027208 -0.006057
-0.147416 -0.027208 0.641918 0.147337
-0.024969 -0.006057 0.147337 0.061020
14.843086 1.317675 15.818388 2.086309
0.541960 0.124920 -0.107919 -0.015423
0.124920 0.050836 -0.017345 -0.003733
-0.107919 -0.017345 0.595349 0.132822
-0.015423 -0.003733 0.132822 0.055765
15.128097 1.228359 16.436035 1.986721
0.546501 0.121903 -0.094340 -0.012503
0.121903 0.049213 -0.014242 -0.003088
-0.094340 -0.014242 0.578340 0.126192
-0.012503 -0.003088 0.126192 0.052946
15.495269 1.171235 17.148526 1.922521
0.545735 0.118631 -0.065072 -0.006527
0.118631 0.047928 -0.008011 -0.001809
-0.065072 -0.008011 0.562666 0.120861
-0.006527 -0.001809 0.120861 0.050897
16.103281 1.179821 18.509425 2.007933
0.537445 0.114345 -0.046043 -0.003395
0.114345 0.046668 -0.004712 -0.001266
-0.046043 -0.004712 0.538041 0.114083
-0.003395 -0.001266 0.114083 0.048813
16.349897 1.109396 19.719295 2.047956
0.539607 0.112914 -0.042176 -0.003527
0.112914 0.046213 -0.004715 -0.001392
-0.042176 -0.004715 0.525210 0.110384
-0.003527 -0.001392 0.110384 0.047625
16.790566 1.085510 20.700894 2.038117
0.540618 0.111697 -0.035515 -0.002925
0.111697 0.045928 -0.003938 -0.001297
-0.035515 -0.003938 0.521012 0.108933
-0.002925 -0.001297 0.108933 0.047077
17.660400 1.149677 21.188604 1.929515
0.517046 0.105897 -0.012084 0.001076
0.105897 0.044803 0.000217 -0.000503
-0.012084 0.000217 0.499665 0.104182
0.001076 -0.000503 0.104182 0.045945
17.818679 1.063006 21.730085 1.839082
0.516033 0.105288 -0.025971 -0.002786
0.105288 0.044836 -0.003441 -0.001337
-0.025971 -0.003441 0.493066 0.102736
-0.002786 -0.001337 0.102736 0.045572
18.728043 1.140521 22.802655 1.872647
0.499725 0.101823 -0.020204 -0.002097
0.101823 0.044308 -0.002619 -0.001142
-0.020204 -0.002619 0.482677 0.100719
-0.002097 -0.001142 0.100719 0.045136
19.207101 1.122363 23.932120 1.912777
0.500800 0.102281 -0.025910 -0.003696
0.102281 0.044617 -0.004085 -0.001408
-0.025910 -0.004085 0.486588 0.101804
-0.003696 -0.001408 0.101804 0.045372
20.155881 1.203003 25.425811 2.026646
0.478539 0.097963 -0.027495 -0.004269
0.097963 0.043907 -0.004531 -0.001441
-0.027495 -0.004531 0.476361 0.099793
-0.004269 -0.001441 0.099793 0.044933
20.744581 1.199667 26.147121 1.965200
0.457428 0.094300 -0.015609 -0.001887
0.094300 0.043374 -0.002125 -0.000866
-0.015609 -0.002125 0.459191 0.096515
-0.001887 -0.000866 0.096515 0.044265
21.223174 1.174477 27.161504 1.971608
0.469150 0.097695 -0.015206 -0.002006
0.097695 0.044304 -0.002198 -0.000840
-0.015206 -0.002198 0.475474 0.100509
-0.002006 -0.000840 0.100509 0.045166
22.046788 1.223614 27.940512 1.928365
0.468055 0.098026 -0.002421 0.000524
0.098026 0.044477 0.000350 -0.000263
-0.002421 0.000350 0.479533 0.101485
0.000524 -0.000263 0.101485 0.045335
22.604952 1.212946 29.467201 2.047291
0.446596 0.093953 -0.000178 0.000601
0.093953 0.043679 0.000490 -0.000245
-0.000178 0.000490 0.481292 0.101821
0.000601 -0.000245 0.101821 0.045346
23.481773 1.270437 30.798635 2.112555
0.449302 0.095283 -0.006542 -0.001046
0.095283 0.044064 -0.001134 -0.000579
-0.006542 -0.001134 0.497900 0.105242
-0.001046 -0.000579 0.105242 0.046012
23.908275 1.226021 32.093531 2.162683
0.437416 0.093273 -0.009704 -0.001805
0.093273 0.043670 -0.001876 -0.000688
-0.009704 -0.001876 0.506462 0.106631
-0.001805 -0.000688 0.106631 0.046197
24.830226 1.292396 33.281112 2.185121
0.439425 0.094330 -0.014902 -0.002875
0.094330 0.043941 -0.002954 -0.000854
-0.014902 -0.002954 0.519138 0.108781
-0.002875 -0.000854 0.108781 0.046544
25.993855 1.404469 34.988662 2.313666
0.393695 0.084877 -0.031098 -0.006150
0.084877 0.041892 -0.006290 -0.001487
-0.031098 -0.006290 0.524812 0.109302
-0.006150 -0.001487 0.109302 0.046542
25.884244 1.226161 35.830390 2.246853
0.379331 0.082993 -0.022783 -0.004011
0.082993 0.041627 -0.004006 -0.000905
-0.022783 -0.004006 0.521020 0.107919
-0.004011 -0.000905 0.107919 0.046180
26.781717 1.288291 36.515926 2.157114
0.392407 0.087133 -0.020832 -0.003377
0.087133 0.042647 -0.003373 -0.000723
-0.020832 -0.003373 0.521214 0.107563
-0.003377 -0.000723 0.107563 0.046084
27.272232 1.252861 37.201433 2.075786
0.383283 0.085690 -0.024629 -0.004069
0.085690 0.042273 -0.004110 -0.000863
-0.024629 -0.004110 0.520980 0.107202
-0.004069 -0.000863 0.107202 0.046007
27.869503 1.243436 37.316225 1.885999
0.393412 0.088566 -0.030839 -0.005152
0.088566 0.042873 -0.005368 -0.001092
-0.030839 -0.005368 0.511810 0.105085
-0.005152 -0.001092 0.105085 0.045586
28.075088 1.150514 38.553184 1.944934
0.403883 0.091127 -0.028373 -0.004376
0.091127 0.043332 -0.004465 -0.000867
-0.028373 -0.004465 0.530869 0.109042
-0.004376 -0.000867 0.109042 0.046461
28.469029 1.108222 39.166589 1.870624
0.420560 0.094705 -0.035861 -0.005725
0.094705 0.043967 -0.005998 -0.001167
-0.035861 -0.005998 0.535031 0.109544
-0.005725 -0.001167 0.109544 0.046542
28.880188 1.076607 40.205000 1.891083
0.436693 0.097764 -0.040496 -0.006388
0.097764 0.044442 -0.006709 -0.001280
-0.040496 -0.006709 0.548346 0.111933
-0.006388 -0.001280 0.111933 0.047017
29.286935 1.047990 41.287516 1.918342
0.427660 0.094957 -0.038128 -0.005714
0.094957 0.043603 -0.005841 -0.001099
-0.038128 -0.005841 0.557111 0.113252
-0.005714 -0.001099 0.113252 0.047250
29.812349 1.045576 41.697575 1.807054
0.423444 0.093600 -0.032582 -0.004470
0.093600 0.043208 -0.004516 -0.000842
-0.032582 -0.004516 0.543156 0.109924
-0.004470 -0.000842 0.109924 0.046543
30.630202 1.108749 42.202241 1.727802
0.412909 0.091059 -0.022313 -0.002440
0.091059 0.042614 -0.002284 -0.000433
-0.022313 -0.002284 0.533260 0.107828
-0.002440 -0.000433 0.107828 0.046168
31.147644 1.101799 43.330993 1.781279
0.432851 0.095470 -0.024066 -0.002889
0.095470 0.043605 -0.002859 -0.000589
-0.024066 -0.002859 0.539534 0.109173
-0.002889 -0.000589 0.109173 0.046510
32.429188 1.261878 44.091770 1.758100
0.418278 0.091970 0.003155 0.002423
0.091970 0.042793 0.002897 0.000523
0.003155 0.002897 0.519504 0.105206
0.002423 0.000523 0.105206 0.045769
33.611779 1.383060 44.944582 1.754332
0.433134 0.095250 0.015135 0.004302
0.095250 0.043541 0.004784 0.000799
0.015135 0.004784 0.501211 0.101868
0.004302 0.000799 0.101868 0.045192
34.715912 1.472874 45.386604 1.665857
0.439730 0.096386 0.030799 0.006816
0.096386 0.043749 0.007370 0.001220
0.030799 0.007370 0.461504 0.094388
0.006816 0.001220 0.094388 0.043790
35.546961 1.493295 46.592716 1.743116
0.478009 0.104362 0.010428 0.001733
0.104362 0.045445 0.001979 -0.000010
0.010428 0.001979 0.469804 0.097360
0.001733 -0.000010 0.097360 0.044614
36.216426 1.476562 47.515114 1.753849
0.505207 0.109143 -0.006720 -0.002118
0.109143 0.046304 -0.001989 -0.000811
-0.006720 -0.001989 0.457797 0.095673
-0.002118 -0.000811 0.095673 0.044345
