2.957047 2.144939 2.995191 0.306055
2.380902 0.952381 0.985299 0.394128
0.952381 80.385027 0.394128 0.157655
0.985299 0.394128 5.464607 2.185890
0.394128 0.157655 2.185890 80.878442
5.532069 4.999084 0.273716 -4.210134
3.750007 6.646818 -0.616650 -1.217873
6.646818 19.787396 -1.379656 -0.176075
-0.616650 -1.379656 4.046766 6.249067
-1.217873 -0.176075 6.249067 25.234764
6.218906 3.156563 1.233161 -0.816407
3.281236 3.594021 1.018628 1.364621
3.594021 5.871933 1.147483 2.025612
1.018628 1.147483 1.121761 1.344732
1.364621 2.025612 1.344732 5.365654
6.793477 2.354430 3.331304 2.088546
2.343893 1.832170 1.226746 1.168243
1.832170 2.196507 0.956017 1.093281
1.226746 0.956017 1.143631 1.174815
1.168243 1.093281 1.174815 2.273159
6.918705 1.666872 4.407377 2.262699
0.970920 0.600415 0.559618 0.382979
0.600415 0.752713 0.282223 0.287500
0.559618 0.282223 1.423320 1.236928
0.382979 0.287500 1.236928 1.468423
7.790080 1.704380 5.185552 2.022143
1.192585 0.670973 0.465822 0.230636
0.670973 0.590189 0.187019 0.147942
0.465822 0.187019 1.890927 1.241315
0.230636 0.147942 1.241315 1.001592
8.341868 1.558970 6.126982 1.995788
0.957953 0.467390 0.079784 0.009716
0.467390 0.357160 -0.007626 0.024312
0.079784 -0.007626 1.801280 0.938217
0.009716 0.024312 0.938217 0.595872
8.856275 1.433413 8.199436 2.459076
1.059223 0.452968 0.018843 -0.002676
0.452968 0.279222 -0.010624 0.019789
0.018843 -0.010624 1.653143 0.708409
-0.002676 0.019789 0.708409 0.374374
10.605777 1.824624 8.193458 2.008459
0.977005 0.366888 -0.075066 -0.026824
0.366888 0.199143 -0.032377 0.008093
-0.075066 -0.032377 1.441690 0.526497
-0.026824 0.008093 0.526497 0.244092
11.747794 1.901397 9.084163 1.973740
1.015678 0.340899 -0.026416 -0.001093
0.340899 0.161643 -0.004560 0.014791
-0.026416 -0.004560 1.426838 0.457140
-0.001093 0.014791 0.457140 0.187500
12.198289 1.752150 10.474122 2.084161
0.961719 0.291059 -0.024414 0.002383
0.291059 0.126684 -0.000471 0.012561
-0.024414 -0.000471 1.264700 0.361497
0.002383 0.012561 0.361497 0.137933
12.589647 1.614722 11.050625 1.957836
0.893917 0.247173 -0.052382 -0.003918
0.247173 0.101559 -0.006719 0.008125
-0.052382 -0.006719 1.130894 0.293497
-0.003918 0.008125 0.293497 0.106857
13.929995 1.745362 11.253044 1.777410
0.810921 0.207998 -0.029872 0.002219
0.207998 0.083166 0.000753 0.007888
-0.029872 0.000753 1.050629 0.252134
0.002219 0.007888 0.252134 0.088801
14.766513 1.737449 12.239378 1.798947
0.809026 0.195374 0.012283 0.012177
0.195374 0.074837 0.011456 0.008763
0.012283 0.011456 1.016438 0.228751
0.012177 0.008763 0.228751 0.078344
15.344520 1.673850 13.501613 1.872928
0.748248 0.171221 0.035236 0.015509
0.171221 0.065479 0.015083 0.007929
0.035236 0.015083 0.905045 0.192727
0.015509 0.007929 0.192727 0.067086
15.864843 1.604769 14.466442 1.875735
0.732832 0.160675 0.048660 0.016781
0.160675 0.060717 0.016440 0.006980
0.048660 0.016440 0.854705 0.174491
0.016781 0.006980 0.174491 0.061263
17.151344 1.708856 15.745773 1.946767
0.734341 0.155581 0.101398 0.025686
0.155581 0.058003 0.026051 0.007901
0.101398 0.026051 0.839364 0.166143
0.025686 0.007901 0.166143 0.058380
18.087847 1.724439 16.361729 1.878595
0.699394 0.143674 0.109900 0.024827
0.143674 0.054349 0.025265 0.006767
0.109900 0.025265 0.796385 0.153456
0.024827 0.006767 0.153456 0.055076
18.554582 1.645834 17.866256 1.984098
0.684882 0.137551 0.130898 0.026638
0.137551 0.052417 0.027216 0.006398
0.130898 0.027216 0.745899 0.141080
0.026638 0.006398 0.141080 0.052306
19.092477 1.589362 18.979087 2.006694
0.686240 0.135451 0.135911 0.025437
0.135451 0.051581 0.025980 0.005568
0.135911 0.025980 0.725840 0.135809
0.025437 0.005568 0.135809 0.051193
19.354007 1.485315 19.962626 2.004384
0.667840 0.129952 0.133262 0.023109
0.129952 0.050244 0.023620 0.004694
0.133262 0.023620 0.685096 0.127359
0.023109 0.004694 0.127359 0.049626
19.648755 1.396777 21.265645 2.062821
0.652312 0.125646 0.149381 0.024670
0.125646 0.049300 0.025332 0.004727
0.149381 0.025332 0.647607 0.120265
0.024670 0.004727 0.120265 0.048435
19.680766 1.270831 21.928384 1.998441
0.642039 0.123167 0.128432 0.019289
0.123167 0.048873 0.019865 0.003469
0.128432 0.019865 0.620097 0.115883
0.019289 0.003469 0.115883 0.047869
19.967326 1.201255 23.155071 2.045027
0.644384 0.123145 0.140952 0.020771
0.123145 0.048908 0.021403 0.003674
0.140952 0.021403 0.608928 0.114597
0.020771 0.003674 0.114597 0.047832
20.454516 1.173736 24.679287 2.142828
0.664302 0.126532 0.157572 0.022870
0.126532 0.049595 0.023506 0.003975
0.157572 0.023506 0.619115 0.117353
0.022870 0.003975 0.117353 0.048517
21.253398 1.215408 25.687136 2.127766
0.663791 0.125671 0.177987 0.025934
0.125671 0.049396 0.026511 0.004520
0.177987 0.026511 0.612071 0.116362
0.025934 0.004520 0.116362 0.048366
21.501284 1.151470 26.380014 2.060595
0.647605 0.122308 0.171744 0.023929
0.122308 0.048810 0.024459 0.004113
0.171744 0.024459 0.592623 0.113299
0.023929 0.004113 0.113299 0.047858
21.949798 1.128397 27.317055 2.044289
0.654337 0.123776 0.161455 0.021089
0.123776 0.049216 0.021653 0.003552
0.161455 0.021653 0.593892 0.114517
0.021089 0.003552 0.114517 0.048211
22.716706 1.170443 28.165358 2.006315
0.666619 0.126145 0.154029 0.019109
0.126145 0.049742 0.019768 0.003229
0.154029 0.019768 0.596947 0.115793
0.019109 0.003229 0.115793 0.048498
22.687772 1.054114 29.050559 1.993482
0.646385 0.122160 0.140443 0.016749
0.122160 0.049014 0.017140 0.002906
0.140443 0.017140 0.589957 0.114953
0.016749 0.002906 0.114953 0.048326
23.519948 1.114869 29.928847 1.964655
0.651471 0.123120 0.145826 0.017966
0.123120 0.049240 0.018298 0.003270
0.145826 0.018298 0.592170 0.115601
0.017966 0.003270 0.115601 0.048392
24.583208 1.221040 30.379904 1.850021
0.662065 0.125296 0.138047 0.016380
0.125296 0.049723 0.017036 0.003092
0.138047 0.017036 0.582979 0.114080
0.016380 0.003092 0.114080 0.048061
25.528034 1.289341 31.053790 1.794279
0.661084 0.125000 0.133716 0.015855
0.125000 0.049678 0.016442 0.003099
0.133716 0.016442 0.580767 0.113971
0.015855 0.003099 0.113971 0.048017
26.157525 1.287851 31.858802 1.776069
0.662651 0.125600 0.106751 0.010792
0.125600 0.049885 0.011470 0.002200
0.106751 0.011470 0.583920 0.115247
0.010792 0.002200 0.115247 0.048319
25.395111 1.011394 33.242044 1.895883
0.595274 0.112709 0.093444 0.009926
0.112709 0.047442 0.009444 0.002151
0.093444 0.009444 0.594809 0.117643
0.009926 0.002151 0.117643 0.048743
25.556152 0.954221 33.475111 1.757889
0.592573 0.113500 0.067896 0.005581
0.113500 0.047839 0.005589 0.001492
0.067896 0.005589 0.574227 0.113653
0.005581 0.001492 0.113653 0.047908
26.284845 1.002418 34.411540 1.766414
0.607049 0.117170 0.062220 0.005309
0.117170 0.048674 0.005448 0.001567
0.062220 0.005448 0.580298 0.115055
0.005309 0.001567 0.115055 0.048171
27.024475 1.045395 35.641928 1.833200
0.621256 0.120411 0.053075 0.004290
0.120411 0.049341 0.004466 0.001441
0.053075 0.004466 0.592726 0.117603
0.004290 0.001441 0.117603 0.048647
27.707711 1.073859 36.889737 1.897646
0.627878 0.121846 0.041134 0.002782
0.121846 0.049595 0.002968 0.001210
0.041134 0.002968 0.600534 0.118999
0.002782 0.001210 0.118999 0.048861
28.649037 1.150162 38.171295 1.960681
0.645676 0.125307 0.025962 0.000579
0.125307 0.050224 0.000878 0.000836
0.025962 0.000878 0.605563 0.119738
0.000579 0.000836 0.119738 0.048942
29.332082 1.170527 39.254046 1.980295
0.634989 0.122890 0.014128 -0.000704
0.122890 0.049660 -0.000442 0.000652
0.014128 -0.000442 0.599381 0.118187
-0.000704 0.000652 0.118187 0.048570
30.559788 1.295536 40.036230 1.936776
0.654013 0.126457 0.000027 -0.002607
0.126457 0.050315 -0.002212 0.000329
0.000027 -0.002212 0.584741 0.115147
-0.002607 0.000329 0.115147 0.047952
31.527162 1.356550 41.252053 1.984735
0.662458 0.127667 -0.020154 -0.005633
0.127667 0.050468 -0.005205 -0.000230
-0.020154 -0.005205 0.587020 0.115731
-0.005633 -0.000230 0.115731 0.048104
31.898554 1.297862 41.875410 1.912244
0.645065 0.123821 -0.044095 -0.009252
0.123821 0.049649 -0.008785 -0.000887
-0.044095 -0.008785 0.573984 0.113208
-0.009252 -0.000887 0.113208 0.047621
31.380627 1.073857 42.731763 1.891244
0.601812 0.115360 -0.067700 -0.012732
0.115360 0.048019 -0.012165 -0.001505
-0.067700 -0.012165 0.573282 0.113290
-0.012732 -0.001505 0.113290 0.047678
32.059724 1.102430 43.972367 1.950250
0.616616 0.118800 -0.080043 -0.013775
0.118800 0.048803 -0.013276 -0.001651
-0.080043 -0.013276 0.579190 0.114631
-0.013775 -0.001651 0.114631 0.047966
32.790655 1.132603 44.147242 1.792166
0.637591 0.123032 -0.095837 -0.015571
0.123032 0.049644 -0.015318 -0.002010
-0.095837 -0.015318 0.559330 0.110654
-0.015571 -0.002010 0.110654 0.047155
33.496302 1.160312 45.130995 1.810722
0.665859 0.128209 -0.115843 -0.018189
0.128209 0.050579 -0.018000 -0.002500
-0.115843 -0.018000 0.568711 0.112776
-0.018189 -0.002500 0.112776 0.047606
33.755540 1.099522 46.165653 1.833645
0.667544 0.127780 -0.132486 -0.020326
0.127780 0.050357 -0.019992 -0.002901
-0.132486 -0.019992 0.576653 0.114363
-0.020326 -0.002901 0.114363 0.047893
34.683533 1.178582 47.606142 1.943042
0.706480 0.134575 -0.151525 -0.022543
0.134575 0.051558 -0.022359 -0.003304
-0.151525 -0.022359 0.593590 0.117525
-0.022543 -0.003304 0.117525 0.048459
