4.898726 2.921627 18.433194 6.481390
4.051873 1.620784 7.409588 2.963899
1.620784 80.652394 2.963899 1.185585
7.409588 2.963899 67.929227 27.172279
2.963899 1.185585 27.172279 90.873214
4.776553 1.195409 14.067643 1.902362
4.394233 7.373273 -0.151582 -0.628495
7.373273 23.257245 -0.314172 2.954521
-0.151582 -0.314172 0.498083 0.330834
-0.628495 2.954521 0.330834 46.047458
3.775856 -0.896761 10.673856 -6.376321
4.252259 4.593426 -0.001494 0.149493
4.593426 7.602758 0.054839 0.341352
-0.001494 0.054839 0.671134 1.269848
0.149493 0.341352 1.269848 4.236969
3.111264 -1.078625 6.998048 -6.929084
3.135765 2.468417 0.748141 0.876785
2.468417 2.990695 0.645193 0.754397
0.748141 0.645193 2.281739 2.583716
0.876785 0.754397 2.583716 3.337864
3.524799 -0.484483 3.874451 -6.676538
1.958759 1.228406 -0.288098 -0.219524
1.228406 1.291103 -0.210596 -0.160475
-0.288098 -0.210596 4.249498 3.174646
-0.219524 -0.160475 3.174646 2.540021
4.092013 -0.052055 0.122648 -6.904673
2.041865 1.090783 -0.755050 -0.416551
1.090783 0.877088 -0.403682 -0.222709
-0.755050 -0.403682 4.499036 2.481817
-0.416551 -0.222709 2.481817 1.461574
8.070375 1.802095 -0.574079 -5.690480
1.609055 0.735920 -0.378508 -0.162556
0.735920 0.519634 -0.166521 -0.071690
-0.378508 -0.166521 1.163262 0.508516
-0.162556 -0.071690 0.508516 0.282938
10.627321 2.488692 -2.448360 -5.318079
1.306701 0.528554 -0.142006 -0.046904
0.528554 0.336765 -0.041121 -0.013475
-0.142006 -0.041121 1.133805 0.424727
-0.046904 -0.013475 0.424727 0.203689
9.164320 1.537045 -2.347699 -4.423880
1.081069 0.398898 0.328813 0.112794
0.398898 0.234886 0.130246 0.043680
0.328813 0.130246 0.775337 0.256077
0.112794 0.043680 0.256077 0.120192
11.716447 2.134262 -3.233557 -4.030408
0.995870 0.335021 0.262819 0.076425
0.335021 0.178527 0.085987 0.024294
0.262819 0.085987 0.809476 0.242189
0.076425 0.024294 0.242189 0.102764
12.676005 2.079370 -3.167939 -3.456740
0.899976 0.277510 0.309375 0.080071
0.277510 0.137459 0.088561 0.022502
0.309375 0.088561 0.772827 0.211071
0.080071 0.022502 0.211071 0.084748
12.969559 1.844280 -3.876433 -3.187669
0.876962 0.250386 0.347920 0.081239
0.250386 0.114286 0.088072 0.020390
0.347920 0.088072 0.810013 0.204933
0.081239 0.020390 0.204933 0.077053
12.582078 1.474186 -5.013961 -3.061046
0.908859 0.241637 0.393428 0.083816
0.241637 0.100989 0.090036 0.019235
0.393428 0.090036 0.850494 0.200740
0.083816 0.019235 0.200740 0.071517
13.211027 1.435916 -6.129478 -2.964325
0.904447 0.226054 0.354793 0.067658
0.226054 0.089221 0.070806 0.013641
0.354793 0.070806 0.866339 0.193157
0.067658 0.013641 0.193157 0.066688
13.967563 1.432971 -7.119899 -2.857757
0.886672 0.209694 0.303717 0.051831
0.209694 0.079599 0.052620 0.009198
0.303717 0.052620 0.865592 0.183763
0.051831 0.009198 0.183763 0.062466
14.312267 1.322408 -7.559602 -2.645467
0.863391 0.193805 0.279596 0.044175
0.193805 0.071670 0.044867 0.007554
0.279596 0.044867 0.822961 0.166993
0.044175 0.007554 0.166993 0.057399
14.799843 1.280205 -8.725708 -2.611073
0.863626 0.185880 0.241364 0.034394
0.185880 0.067033 0.033909 0.005327
0.241364 0.033909 0.833217 0.163802
0.034394 0.005327 0.163802 0.055949
15.185501 1.215896 -9.567163 -2.516431
0.856229 0.177389 0.209741 0.027309
0.177389 0.063056 0.026647 0.004079
0.209741 0.026647 0.814406 0.155636
0.027309 0.004079 0.155636 0.053805
15.260554 1.102238 -10.603006 -2.465991
0.867258 0.173714 0.191923 0.023393
0.173714 0.060707 0.022980 0.003545
0.191923 0.022980 0.803038 0.150035
0.023393 0.003545 0.150035 0.052467
16.666583 1.251324 -10.748212 -2.275017
0.809436 0.158177 0.118175 0.010440
0.158177 0.056653 0.009363 0.001347
0.118175 0.009363 0.752722 0.138958
0.010440 0.001347 0.138958 0.050473
17.092311 1.193880 -10.735414 -2.060001
0.777292 0.148485 0.107786 0.009933
0.148485 0.054076 0.009260 0.001708
0.107786 0.009260 0.708294 0.129432
0.009933 0.001708 0.129432 0.048837
18.271348 1.302154 -11.607434 -2.037678
0.773823 0.146069 0.062167 0.002471
0.146069 0.053370 0.001374 0.000455
0.062167 0.001374 0.723525 0.132409
0.002471 0.000455 0.132409 0.049758
18.890438 1.295043 -12.532536 -2.020195
0.787323 0.146816 0.047213 0.001007
0.146816 0.053300 0.000041 0.000433
0.047213 0.000041 0.733749 0.133964
0.001007 0.000433 0.133964 0.050273
19.913749 1.362948 -13.384082 -1.994236
0.796587 0.147047 0.017869 -0.003049
0.147047 0.053226 -0.003882 -0.000103
0.017869 -0.003882 0.736974 0.134358
-0.003049 -0.000103 0.134358 0.050563
19.825318 1.215892 -13.530986 -1.834884
0.788518 0.143827 0.043686 0.003242
0.143827 0.052494 0.002776 0.001304
0.043686 0.002776 0.702251 0.127562
0.003242 0.001304 0.127562 0.049459
21.289753 1.365797 -13.542754 -1.673842
0.767368 0.139217 0.000580 -0.003697
0.139217 0.051714 -0.003990 0.000109
0.000580 -0.003990 0.676118 0.123389
-0.003697 0.000109 0.123389 0.048994
21.932713 1.359427 -14.585950 -1.711584
0.799317 0.144512 -0.001427 -0.002910
0.144512 0.052767 -0.003137 0.000328
-0.001427 -0.003137 0.697970 0.128161
-0.002910 0.000328 0.128161 0.050140
22.867359 1.406296 -15.838813 -1.785200
0.840972 0.151229 -0.013045 -0.004107
0.151229 0.054010 -0.004222 0.000141
-0.013045 -0.004222 0.719709 0.132522
-0.004107 0.000141 0.132522 0.051100
23.570065 1.405910 -16.487254 -1.740255
0.860596 0.153519 -0.010971 -0.002769
0.153519 0.054377 -0.002845 0.000404
-0.010971 -0.002845 0.706545 0.130071
-0.002769 0.000404 0.130071 0.050714
23.917419 1.343057 -17.661389 -1.796295
0.900078 0.159291 0.007712 0.001383
0.159291 0.055365 0.001177 0.001109
0.007712 0.001177 0.715421 0.131915
0.001383 0.001109 0.131915 0.051148
24.718235 1.365595 -19.589969 -1.986344
0.970511 0.170145 0.009764 0.002007
0.170145 0.057195 0.001804 0.001119
0.009764 0.001804 0.744656 0.137363
0.002007 0.001119 0.137363 0.052205
25.035539 1.302139 -21.162588 -2.093042
1.025851 0.177581 0.032876 0.006374
0.177581 0.058317 0.005936 0.001769
0.032876 0.005936 0.745064 0.137054
0.006374 0.001769 0.137054 0.052118
25.563494 1.281099 -22.476803 -2.142173
1.076555 0.183772 0.044073 0.008101
0.183772 0.059183 0.007590 0.001910
0.044073 0.007590 0.726637 0.133360
0.008101 0.001910 0.133360 0.051428
26.085647 1.261126 -23.386370 -2.112463
1.115747 0.187725 0.053579 0.009344
0.187725 0.059659 0.008800 0.001968
0.053579 0.008800 0.692957 0.127215
0.009344 0.001968 0.127215 0.050349
26.769840 1.270384 -24.871539 -2.191646
1.176940 0.195264 0.061479 0.010163
0.195264 0.060752 0.009632 0.001964
0.061479 0.009632 0.685025 0.126311
0.010163 0.001964 0.126311 0.050307
27.464616 1.280487 -26.225451 -2.239588
1.235761 0.202022 0.071041 0.011230
0.202022 0.061685 0.010691 0.002017
0.071041 0.010691 0.670437 0.124185
0.011230 0.002017 0.124185 0.050018
27.748958 1.222949 -27.255575 -2.222092
1.281335 0.206327 0.092991 0.014568
0.206327 0.062202 0.013704 0.002451
0.092991 0.013704 0.648703 0.120794
0.014568 0.002451 0.120794 0.049483
28.679269 1.272133 -27.835253 -2.123117
1.319802 0.209508 0.091070 0.013205
0.209508 0.062572 0.012752 0.002128
0.091070 0.012752 0.614167 0.115221
0.013205 0.002128 0.115221 0.048555
29.282688 1.268111 -29.211905 -2.182934
1.382413 0.216466 0.109294 0.015759
0.216466 0.063556 0.014997 0.002446
0.109294 0.014997 0.615372 0.116656
0.015759 0.002446 0.116656 0.048967
29.939397 1.272865 -30.596038 -2.239208
1.447752 0.223566 0.127580 0.018155
0.223566 0.064538 0.017126 0.002733
0.127580 0.017126 0.615495 0.117582
0.018155 0.002733 0.117582 0.049200
30.264750 1.221363 -30.932546 -2.086213
1.474222 0.224445 0.146781 0.020791
0.224445 0.064548 0.019433 0.003083
0.146781 0.019433 0.587271 0.112780
0.020791 0.003083 0.112780 0.048268
29.445320 1.003139 -31.600928 -2.004330
1.496766 0.224840 0.191182 0.028253
0.224840 0.064519 0.025311 0.004131
0.191182 0.025311 0.583728 0.112861
0.028253 0.004131 0.112861 0.048289
29.489278 0.934004 -32.513553 -1.983275
1.544883 0.229538 0.205883 0.029164
0.229538 0.065217 0.026371 0.004147
0.205883 0.026371 0.583182 0.113517
0.029164 0.004147 0.113517 0.048418
30.288891 0.981349 -33.286317 -1.942625
1.595987 0.234777 0.200275 0.026076
0.234777 0.066009 0.024540 0.003617
0.200275 0.024540 0.575397 0.112668
0.026076 0.003617 0.112668 0.048232
30.276519 0.910318 -34.544122 -1.995203
1.658043 0.241236 0.221841 0.028744
0.241236 0.066924 0.026782 0.003966
0.221841 0.026782 0.587347 0.115429
0.028744 0.003966 0.115429 0.048701
30.585346 0.889236 -35.559782 -1.997333
1.716411 0.247076 0.231129 0.028863
0.247076 0.067742 0.027299 0.003966
0.231129 0.027299 0.588129 0.115689
0.028863 0.003966 0.115689 0.048633
32.282399 1.062033 -35.900794 -1.878653
1.765709 0.251829 0.207438 0.022568
0.251829 0.068437 0.023408 0.003114
0.207438 0.023408 0.565543 0.111489
0.022568 0.003114 0.111489 0.047737
32.787204 1.058809 -36.884251 -1.887272
1.822986 0.257108 0.228655 0.025960
0.257108 0.069124 0.025946 0.003647
0.228655 0.025946 0.573210 0.113183
0.025960 0.003647 0.113183 0.047988
34.087080 1.164464 -37.571270 -1.844146
1.884144 0.263027 0.234668 0.026000
0.263027 0.069924 0.026355 0.003701
0.234668 0.026355 0.569877 0.112588
0.026000 0.003701 0.112588 0.047782
34.008643 1.067245 -38.082030 -1.753128
1.910533 0.263576 0.271154 0.032712
0.263576 0.069910 0.030988 0.004680
0.271154 0.030988 0.572465 0.112829
0.032712 0.004680 0.112829 0.047680
