2.298486 1.881509 2.562758 0.133078
3.455963 1.382415 0.228850 0.091542
1.382415 80.557045 0.091542 0.036618
0.228850 0.091542 6.167525 2.467063
0.091542 0.036618 2.467063 80.990913
2.481442 0.628807 1.879343 -0.971087
4.090444 6.836824 -0.875840 -1.365283
6.836824 22.492836 -1.519021 -1.856263
-0.875840 -1.519021 3.807330 5.677496
-1.365283 -1.856263 5.677496 25.547659
5.677020 3.833911 2.389976 0.366041
3.063519 3.305547 -1.602299 -1.699792
3.305547 6.282675 -1.699300 -1.844856
-1.602299 -1.699300 1.607000 1.790900
-1.699792 -1.844856 1.790900 6.045911
7.309142 3.503450 1.994111 -0.355605
2.362652 2.016316 -0.416835 0.022900
2.016316 2.746436 -0.105163 0.094319
-0.416835 -0.105163 1.877621 2.057397
0.022900 0.094319 2.057397 3.458687
7.890153 2.822640 4.019910 1.303585
1.248708 0.880789 0.813838 0.750847
0.880789 1.094438 0.627855 0.434508
0.813838 0.627855 1.631500 1.366463
0.750847 0.434508 1.366463 1.590662
7.516018 1.798281 2.711273 0.085462
0.862573 0.516290 0.509830 0.302564
0.516290 0.557024 0.222994 0.060323
0.509830 0.222994 1.979356 1.276053
0.302564 0.060323 1.276053 1.039444
7.746598 1.457747 2.213893 -0.162095
1.116972 0.591689 0.459855 0.182243
0.591689 0.454726 0.150378 0.017233
0.459855 0.150378 2.002186 1.022820
0.182243 0.017233 1.022820 0.647516
7.721516 1.022334 4.159756 0.746555
1.322669 0.598346 0.383682 0.106630
0.598346 0.358619 0.111238 0.006519
0.383682 0.111238 1.594990 0.671439
0.106630 0.006519 0.671439 0.364277
7.725576 0.791679 5.404123 1.087410
0.970607 0.375413 0.253328 0.058511
0.375413 0.206230 0.047735 -0.003536
0.253328 0.047735 1.526950 0.555998
0.058511 -0.003536 0.555998 0.260532
8.376968 0.854093 6.897463 1.387640
1.022544 0.352593 0.164633 0.022412
0.352593 0.167604 0.017352 -0.008963
0.164633 0.017352 1.419575 0.455389
0.022412 -0.008963 0.455389 0.191293
9.124490 0.946435 7.921636 1.475400
0.948545 0.294749 0.039596 -0.011850
0.294749 0.128733 -0.016375 -0.013917
0.039596 -0.016375 1.256833 0.362879
-0.011850 -0.013917 0.362879 0.142191
10.863462 1.288131 9.566598 1.689720
0.931276 0.262236 0.060602 -0.002009
0.262236 0.105639 -0.003867 -0.006903
0.060602 -0.003867 1.176532 0.308406
-0.002009 -0.006903 0.308406 0.113499
11.891213 1.370562 11.607819 1.974010
0.925631 0.239409 0.077774 0.004434
0.239409 0.090481 0.004897 -0.002740
0.077774 0.004897 1.060653 0.256134
0.004434 -0.002740 0.256134 0.091589
12.596776 1.375486 12.592621 1.973245
0.892502 0.214836 0.056117 0.001099
0.214836 0.078343 0.001736 -0.002220
0.056117 0.001736 0.976457 0.220954
0.001099 -0.002220 0.220954 0.077947
13.812051 1.498472 13.255707 1.897926
0.860774 0.194682 0.065074 0.004630
0.194682 0.069550 0.005186 -0.000580
0.065074 0.005186 0.947938 0.203157
0.004630 -0.000580 0.203157 0.070419
14.722900 1.529156 14.682091 1.994534
0.835171 0.179239 0.087617 0.010215
0.179239 0.063402 0.011203 0.001196
0.087617 0.011203 0.884222 0.180901
0.010215 0.001196 0.180901 0.063297
15.328516 1.505363 14.538112 1.769361
0.730485 0.150653 0.036522 0.001039
0.150653 0.055770 0.001352 -0.000355
0.036522 0.001352 0.780927 0.154694
0.001039 -0.000355 0.154694 0.056648
15.558017 1.394989 16.194115 1.922927
0.711999 0.142766 0.056901 0.005925
0.142766 0.053290 0.006629 0.000971
0.056901 0.006629 0.715316 0.138513
0.005925 0.000971 0.138513 0.052726
16.595594 1.461301 17.263329 1.941357
0.690503 0.135475 0.084015 0.011547
0.135475 0.051328 0.012291 0.002199
0.084015 0.012291 0.686698 0.131289
0.011547 0.002199 0.131289 0.051003
17.162108 1.430695 18.035878 1.904655
0.686879 0.132882 0.083277 0.011173
0.132882 0.050606 0.011837 0.002105
0.083277 0.011837 0.673915 0.128107
0.011173 0.002105 0.128107 0.050297
17.702463 1.394881 19.315547 1.968227
0.699223 0.133725 0.100057 0.014080
0.133725 0.050652 0.014774 0.002647
0.100057 0.014774 0.669153 0.126700
0.014080 0.002647 0.126700 0.049990
18.825046 1.474901 20.431435 1.990026
0.681009 0.128721 0.136078 0.020652
0.128721 0.049601 0.021244 0.003868
0.136078 0.021244 0.647947 0.122196
0.020652 0.003868 0.122196 0.049101
19.659641 1.494190 21.329087 1.970544
0.682966 0.128409 0.142535 0.020921
0.128409 0.049611 0.021430 0.003777
0.142535 0.021430 0.646523 0.122115
0.020921 0.003777 0.122115 0.049175
19.849346 1.383499 22.821417 2.073599
0.672244 0.125743 0.158567 0.023254
0.125743 0.049167 0.023715 0.004158
0.158567 0.023715 0.627527 0.118547
0.023254 0.004158 0.118547 0.048537
20.486400 1.372178 23.938901 2.089835
0.675861 0.126219 0.165165 0.023535
0.126219 0.049380 0.023967 0.004118
0.165165 0.023967 0.625015 0.118516
0.023535 0.004118 0.118516 0.048631
20.202343 1.182685 25.385791 2.181237
0.655580 0.122217 0.168027 0.023542
0.122217 0.048725 0.023853 0.004110
0.168027 0.023853 0.606218 0.115302
0.023542 0.004110 0.115302 0.048075
20.904579 1.197382 26.912827 2.264889
0.685846 0.128251 0.168925 0.022538
0.128251 0.050036 0.022938 0.003829
0.168925 0.022938 0.627459 0.120127
0.022538 0.003829 0.120127 0.049120
21.313151 1.160315 28.100268 2.278729
0.677905 0.126426 0.172836 0.022973
0.126426 0.049710 0.023261 0.003969
0.172836 0.023261 0.620461 0.118846
0.022973 0.003969 0.118846 0.048834
21.537563 1.099912 28.786911 2.195715
0.661498 0.123485 0.158648 0.020050
0.123485 0.049253 0.020445 0.003514
0.158648 0.020445 0.599054 0.115102
0.020050 0.003514 0.115102 0.048134
21.839549 1.044245 30.381988 2.298176
0.664428 0.124302 0.155930 0.019387
0.124302 0.049511 0.019554 0.003422
0.155930 0.019554 0.612444 0.118282
0.019387 0.003422 0.118282 0.048803
21.937655 0.972862 30.951785 2.190925
0.645594 0.121149 0.137031 0.016017
0.121149 0.049018 0.016348 0.002950
0.137031 0.016348 0.588959 0.114085
0.016017 0.002950 0.114085 0.047990
23.117676 1.103968 32.161299 2.201939
0.671898 0.126523 0.140045 0.016533
0.126523 0.050122 0.017048 0.003137
0.140045 0.017048 0.599741 0.116611
0.016533 0.003137 0.116611 0.048500
23.349960 1.053731 32.570690 2.069868
0.646969 0.121952 0.120312 0.013368
0.121952 0.049285 0.013889 0.002701
0.120312 0.013889 0.576593 0.112488
0.013368 0.002701 0.112488 0.047697
24.534825 1.165886 34.535045 2.244761
0.684077 0.129445 0.114033 0.012128
0.129445 0.050796 0.012676 0.002475
0.114033 0.012676 0.609626 0.119626
0.012128 0.002475 0.119626 0.049161
24.945570 1.139741 35.174237 2.151318
0.644170 0.121591 0.102325 0.011074
0.121591 0.049243 0.011317 0.002454
0.102325 0.011317 0.589571 0.115562
0.011074 0.002454 0.115562 0.048260
25.542275 1.140106 36.618187 2.224074
0.631644 0.119678 0.090225 0.009508
0.119678 0.048966 0.009525 0.002224
0.090225 0.009525 0.597515 0.117418
0.009508 0.002224 0.117418 0.048627
26.613519 1.247603 36.773242 2.028319
0.640581 0.122059 0.072677 0.006641
0.122059 0.049525 0.007270 0.001840
0.072677 0.007270 0.564139 0.110936
0.006641 0.001840 0.110936 0.047323
27.368255 1.271798 37.878090 2.044944
0.647288 0.123792 0.048679 0.002696
0.123792 0.049913 0.003407 0.001151
0.048679 0.003407 0.567900 0.112433
0.002696 0.001151 0.112433 0.047719
28.120058 1.299310 38.292234 1.922689
0.644461 0.123438 0.027381 -0.000375
0.123438 0.049846 0.000478 0.000693
0.027381 0.000478 0.551461 0.109628
-0.000375 0.000693 0.109628 0.047190
29.165544 1.376256 39.102317 1.889621
0.653449 0.125286 0.012049 -0.002235
0.125286 0.050194 -0.001344 0.000432
0.012049 -0.001344 0.550408 0.110003
-0.002235 0.000432 0.110003 0.047311
29.752529 1.355445 40.356720 1.952262
0.640341 0.122709 -0.005784 -0.004476
0.122709 0.049664 -0.003711 0.000063
-0.005784 -0.003711 0.562142 0.112819
-0.004476 0.000063 0.112819 0.047892
30.394118 1.348604 41.299085 1.945598
0.635119 0.121840 -0.024663 -0.006969
0.121840 0.049503 -0.006193 -0.000356
-0.024663 -0.006193 0.562824 0.113063
-0.006969 -0.000356 0.113063 0.047891
31.044480 1.344204 41.889039 1.868739
0.639064 0.122751 -0.045873 -0.009921
0.122751 0.049686 -0.009095 -0.000875
-0.045873 -0.009095 0.556072 0.111725
-0.009921 -0.000875 0.111725 0.047565
31.092308 1.224406 42.958054 1.895160
0.624125 0.119881 -0.068516 -0.013118
0.119881 0.049113 -0.012210 -0.001444
-0.068516 -0.012210 0.565914 0.113772
-0.013118 -0.001444 0.113772 0.047938
31.960497 1.272108 43.487030 1.811794
0.639417 0.123060 -0.080520 -0.014033
0.123060 0.049745 -0.013282 -0.001592
-0.080520 -0.013282 0.557020 0.111815
-0.014033 -0.001592 0.111815 0.047469
32.739880 1.300781 44.553444 1.844938
0.649700 0.124927 -0.092727 -0.015143
0.124927 0.050058 -0.014440 -0.001797
-0.092727 -0.014440 0.564248 0.113248
-0.015143 -0.001797 0.113248 0.047719
33.800953 1.382187 45.739926 1.901182
0.673724 0.129235 -0.106816 -0.016638
0.129235 0.050810 -0.016049 -0.002100
-0.106816 -0.016049 0.573101 0.114819
-0.016638 -0.002100 0.114819 0.047967
34.391040 1.362430 46.657517 1.893635
0.688218 0.131222 -0.129729 -0.020041
0.131222 0.051039 -0.019432 -0.002789
-0.129729 -0.019432 0.578209 0.115386
-0.020041 -0.002789 0.115386 0.047975
34.140438 1.183412 47.577377 1.878343
0.676361 0.127970 -0.154860 -0.024035
0.127970 0.050256 -0.023086 -0.003562
-0.154860 -0.023086 0.585675 0.116335
-0.024035 -0.003562 0.116335 0.048055
34.258419 1.092485 48.510517 1.871163
0.689792 0.129934 -0.176317 -0.026819
0.129934 0.050560 -0.025924 -0.004083
-0.176317 -0.025924 0.592026 0.116999
-0.026819 -0.004083 0.116999 0.048086
