3.857704 2.505209 12.549672 4.127930
4.300279 1.720149 8.255991 3.302468
1.720149 80.692141 3.302468 1.321016
8.255991 3.302468 46.731108 18.692848
3.302468 1.321016 18.692848 87.481368
4.720544 2.686248 10.068527 0.834834
4.272384 7.199269 0.110629 -0.707392
7.199269 22.494138 0.070137 4.880548
0.110629 0.070137 0.632277 0.447686
-0.707392 4.880548 0.447686 42.455261
4.923025 1.133481 7.777600 -4.177770
3.853059 4.056767 -0.600468 -1.145924
4.056767 6.701734 -0.544233 -0.662626
-0.600468 -0.544233 0.815320 1.516943
-1.145924 -0.662626 1.516943 5.101575
6.545231 1.954009 5.554145 -4.291383
3.067507 2.370807 -0.516561 -0.473830
2.370807 2.811557 -0.039427 0.101533
-0.516561 -0.039427 3.334347 3.797554
-0.473830 0.101533 3.797554 4.834286
8.453629 2.620028 4.924595 -3.137912
1.859712 1.200674 0.766475 0.613819
1.200674 1.258422 0.799986 0.633877
0.766475 0.799986 5.656712 4.243740
0.613819 0.633877 4.243740 3.388527
8.566334 1.967447 2.645701 -3.540325
1.706739 0.941024 1.475555 0.829133
0.941024 0.787850 1.000724 0.561572
1.475555 1.000724 9.321968 5.151799
0.829133 0.561572 5.151799 2.958553
9.480876 1.949943 2.905051 -2.656686
1.645603 0.773136 1.504492 0.659672
0.773136 0.528088 0.735461 0.322240
1.504492 0.735461 5.368963 2.342216
0.659672 0.322240 2.342216 1.094037
9.460245 1.530489 3.280502 -2.035659
1.482665 0.600919 1.798658 0.648291
0.600919 0.353858 0.714368 0.257394
1.798658 0.714368 4.852680 1.755408
0.648291 0.257394 1.755408 0.687718
10.170186 1.516031 1.903540 -2.147648
1.411671 0.506321 1.649923 0.503826
0.506321 0.260938 0.528843 0.161478
1.649923 0.528843 5.375013 1.668513
0.503826 0.161478 1.668513 0.559911
11.322279 1.652495 0.809774 -2.157447
1.270769 0.411163 1.299398 0.343103
0.411163 0.193388 0.337134 0.089106
1.299398 0.337134 5.260646 1.431210
0.343103 0.089106 1.431210 0.425089
11.911538 1.578420 -0.284724 -2.158722
1.186613 0.350059 1.090776 0.253900
0.350059 0.151244 0.246334 0.057728
1.090776 0.246334 4.666364 1.129636
0.253900 0.057728 1.129636 0.305473
11.724801 1.323309 -2.686459 -2.440596
1.182071 0.321430 0.966815 0.201083
0.321430 0.127402 0.196772 0.041520
0.966815 0.196772 4.165825 0.910472
0.201083 0.041520 0.910472 0.228866
13.048377 1.470253 -2.341787 -2.130966
1.023287 0.261107 0.585955 0.107825
0.261107 0.101209 0.104074 0.019880
0.585955 0.104074 2.790176 0.558249
0.107825 0.019880 0.558249 0.140413
13.766243 1.467797 -3.512192 -2.150535
0.972412 0.233131 0.468958 0.078322
0.233131 0.087120 0.072651 0.012911
0.468958 0.072651 2.511218 0.467795
0.078322 0.012911 0.467795 0.115346
14.716918 1.508481 -3.973982 -2.044156
0.900714 0.204591 0.359739 0.054757
0.204591 0.075467 0.049352 0.008371
0.359739 0.049352 2.136658 0.374396
0.054757 0.008371 0.374396 0.093699
15.375950 1.489265 -5.123825 -2.064745
0.872573 0.189341 0.297971 0.041837
0.189341 0.068676 0.036484 0.006017
0.297971 0.036484 1.960849 0.327029
0.041837 0.006017 0.327029 0.082801
16.108851 1.484528 -5.997300 -2.038986
0.839376 0.175237 0.239115 0.030964
0.175237 0.063290 0.026187 0.004321
0.239115 0.026187 1.750915 0.280490
0.030964 0.004321 0.280490 0.073529
17.302526 1.578388 -7.106795 -2.056983
0.810073 0.164375 0.148626 0.016237
0.164375 0.059555 0.009356 0.001728
0.148626 0.009356 1.616511 0.251677
0.016237 0.001728 0.251677 0.068218
18.045420 1.580824 -9.133246 -2.209197
0.832718 0.164743 0.106831 0.009902
0.164743 0.058526 0.003104 0.000877
0.106831 0.003104 1.556155 0.237085
0.009902 0.000877 0.237085 0.065637
18.884499 1.599436 -11.135886 -2.344423
0.856184 0.165438 0.063885 0.003916
0.165438 0.057802 -0.002397 0.000183
0.063885 -0.002397 1.448191 0.217123
0.003916 0.000183 0.217123 0.062563
18.567924 1.377894 -11.118655 -2.161521
0.835672 0.157060 0.125484 0.014134
0.157060 0.055372 0.013723 0.002775
0.125484 0.013723 1.158539 0.171585
0.014134 0.002775 0.171585 0.055900
19.933609 1.493358 -10.932265 -1.975254
0.783298 0.145099 0.057312 0.004328
0.145099 0.052874 0.002631 0.001127
0.057312 0.002631 0.986802 0.147613
0.004328 0.001127 0.147613 0.052990
20.328160 1.429997 -12.117849 -2.003876
0.800683 0.146800 0.060367 0.005451
0.146800 0.053087 0.004453 0.001442
0.060367 0.004453 0.949697 0.145010
0.005451 0.001442 0.145010 0.053345
21.471859 1.504818 -12.591946 -1.923218
0.789323 0.143564 0.023538 0.000319
0.143564 0.052476 -0.001078 0.000597
0.023538 -0.001078 0.876319 0.136837
0.000319 0.000597 0.136837 0.052729
21.879714 1.445272 -14.122580 -2.013264
0.826973 0.149403 0.032671 0.002511
0.149403 0.053549 0.001666 0.001060
0.032671 0.001666 0.872263 0.139664
0.002511 0.001060 0.139664 0.053751
22.206705 1.374381 -15.144068 -2.014620
0.848275 0.151948 0.042938 0.004722
0.151948 0.053971 0.004378 0.001487
0.042938 0.004378 0.834340 0.136436
0.004722 0.001487 0.136436 0.053615
23.036187 1.399204 -16.011585 -1.991604
0.866339 0.153971 0.027393 0.002413
0.153971 0.054319 0.002142 0.001054
0.027393 0.002142 0.792747 0.132470
0.002413 0.001054 0.132470 0.053268
23.889251 1.425904 -16.873331 -1.969024
0.888208 0.156645 0.016366 0.000929
0.156645 0.054785 0.000778 0.000785
0.016366 0.000778 0.758321 0.129522
0.000929 0.000785 0.129522 0.053005
24.991861 1.495313 -18.442208 -2.071620
0.940196 0.164532 0.003332 -0.000943
0.164532 0.056157 -0.000995 0.000441
0.003332 -0.000995 0.757629 0.132192
-0.000943 0.000441 0.132192 0.053632
25.059814 1.377308 -19.276994 -2.035264
0.961847 0.166563 0.035207 0.005246
0.166563 0.056421 0.005133 0.001517
0.035207 0.005133 0.725567 0.128642
0.005246 0.001517 0.128642 0.053019
25.412225 1.319752 -20.395072 -2.052975
0.999358 0.171380 0.050522 0.007930
0.171380 0.057191 0.007764 0.001884
0.050522 0.007764 0.709793 0.127892
0.007930 0.001884 0.127892 0.052877
25.679444 1.252899 -21.308177 -2.031616
1.031859 0.175132 0.065486 0.010332
0.175132 0.057757 0.010081 0.002177
0.065486 0.010081 0.687964 0.125698
0.010332 0.002177 0.125698 0.052411
26.146884 1.227217 -22.851299 -2.129004
1.090033 0.183103 0.075126 0.011507
0.183103 0.059032 0.011253 0.002241
0.075126 0.011253 0.691399 0.127988
0.011507 0.002241 0.127988 0.052746
27.065666 1.277659 -23.808092 -2.109719
1.133418 0.188180 0.066709 0.009259
0.188180 0.059771 0.009410 0.001760
0.066709 0.009410 0.666211 0.124463
0.009259 0.001760 0.124463 0.051927
27.867976 1.304672 -24.923082 -2.121607
1.183539 0.194143 0.069862 0.009382
0.194143 0.060639 0.009631 0.001716
0.069862 0.009631 0.652394 0.123040
0.009382 0.001716 0.123040 0.051519
28.303866 1.269155 -25.850671 -2.095444
1.224797 0.198370 0.086613 0.012140
0.198370 0.061200 0.012067 0.002115
0.086613 0.012067 0.636817 0.121070
0.012140 0.002115 0.121070 0.050989
28.686574 1.228971 -26.947562 -2.103867
1.273097 0.203630 0.105442 0.015067
0.203630 0.061933 0.014624 0.002512
0.105442 0.014624 0.630555 0.120781
0.015067 0.002512 0.120781 0.050785
28.934135 1.171255 -28.090319 -2.119708
1.323553 0.209047 0.127159 0.018334
0.209047 0.062683 0.017454 0.002944
0.127159 0.017454 0.627347 0.120851
0.018334 0.002944 0.120851 0.050631
29.594577 1.179439 -28.460551 -1.985849
1.353854 0.211228 0.129472 0.017708
0.211228 0.062932 0.017206 0.002777
0.129472 0.017206 0.598248 0.115765
0.017708 0.002777 0.115765 0.049479
29.562970 1.083039 -29.418485 -1.975097
1.396286 0.215259 0.156408 0.021977
0.215259 0.063479 0.020700 0.003370
0.156408 0.020700 0.599650 0.116739
0.021977 0.003370 0.116739 0.049551
29.609252 1.004460 -30.013711 -1.894067
1.429273 0.217855 0.173283 0.024031
0.217855 0.063820 0.022524 0.003614
0.173283 0.022524 0.589883 0.115284
0.024031 0.003614 0.115284 0.049120
31.269746 1.176162 -30.432489 -1.798406
1.475397 0.222837 0.149000 0.017721
0.222837 0.064590 0.018142 0.002611
0.149000 0.018142 0.569233 0.111942
0.017721 0.002611 0.111942 0.048391
32.174575 1.226384 -31.646686 -1.864115
1.542175 0.230463 0.164012 0.019773
0.230463 0.065691 0.019831 0.002907
0.164012 0.019831 0.582542 0.115178
0.019773 0.002907 0.115178 0.048940
32.008854 1.112539 -32.810083 -1.903653
1.587958 0.234408 0.204945 0.027099
0.234408 0.066172 0.025290 0.003977
0.204945 0.025290 0.598519 0.118276
0.027099 0.003977 0.118276 0.049350
32.093480 1.033789 -32.783662 -1.702848
1.601217 0.233764 0.222136 0.029346
0.233764 0.066019 0.027253 0.004305
0.222136 0.027253 0.576873 0.113656
0.029346 0.004305 0.113656 0.048217
32.414765 1.001733 -33.303523 -1.634030
1.638165 0.236937 0.237033 0.030794
0.236937 0.066484 0.028618 0.004468
0.237033 0.028618 0.575944 0.113570
0.030794 0.004468 0.113570 0.048099
32.555411 0.953352 -34.460373 -1.698689
1.697429 0.243250 0.262024 0.034021
0.243250 0.067392 0.031231 0.004859
0.262024 0.031231 0.594526 0.117224
0.034021 0.004859 0.117224 0.048714
33.818577 1.069419 -35.541154 -1.754823
1.772648 0.251927 0.263093 0.032037
0.251927 0.068650 0.030466 0.004526
0.263093 0.030466 0.600785 0.118256
0.032037 0.004526 0.118256 0.048801
35.320467 1.205329 -36.258929 -1.734606
1.839829 0.259014 0.266542 0.030970
0.259014 0.069617 0.030335 0.004396
0.266542 0.030335 0.597044 0.117115
0.030970 0.004396 0.117115 0.048438
35.956761 1.214114 -37.431435 -1.796511
1.902365 0.264763 0.300977 0.036434
0.264763 0.070311 0.034399 0.005157
0.300977 0.034399 0.614219 0.119896
0.036434 0.005157 0.119896 0.048827
