1.447890 1.541263 1.904713 -0.130145
1.449578 0.579844 0.372249 0.148903
0.579844 80.236009 0.148903 0.059562
0.372249 0.148903 3.341616 1.336675
0.148903 0.059562 1.336675 80.538748
7.848513 11.997580 -0.566742 -4.350531
2.422498 4.525241 -1.834015 -3.155604
4.525241 13.679923 -3.455697 -4.857174
-1.834015 -3.455697 2.300416 3.918802
-3.155604 -4.857174 3.918802 17.429579
9.154057 6.988188 0.973072 -0.666375
0.761750 1.026395 0.715321 1.219320
1.026395 2.438694 1.005174 1.473800
0.715321 1.005174 0.927171 1.497137
1.219320 1.473800 1.497137 4.164501
10.052035 4.317867 -0.639919 -1.434403
1.001007 0.987505 0.687712 0.535021
0.987505 1.285155 0.489532 0.324385
0.687712 0.489532 1.343770 1.439098
0.535021 0.324385 1.439098 1.976989
10.570020 2.753486 1.850561 1.346048
0.974368 0.691995 0.500147 0.262104
0.691995 0.612179 0.279786 0.159392
0.500147 0.279786 1.022282 0.743557
0.262104 0.159392 0.743557 0.701934
9.167947 1.091936 3.781838 2.314528
0.403086 0.213163 0.330367 0.165701
0.213163 0.178725 0.133194 0.085784
0.330367 0.133194 1.035076 0.592091
0.165701 0.085784 0.592091 0.420013
9.953843 1.132046 6.871712 3.225350
0.467238 0.220866 0.198012 0.072895
0.220866 0.147815 0.058995 0.033755
0.198012 0.058995 0.948269 0.443206
0.072895 0.033755 0.443206 0.259481
10.148867 0.990848 7.954029 3.023395
0.542638 0.224623 0.080732 0.018061
0.224623 0.124726 0.008916 0.008899
0.080732 0.008916 0.952839 0.378112
0.018061 0.008899 0.378112 0.188106
9.824784 0.707023 8.610442 2.739823
0.540309 0.197473 -0.095731 -0.040209
0.197473 0.097762 -0.047601 -0.010881
-0.095731 -0.047601 0.821304 0.284133
-0.040209 -0.010881 0.284133 0.128759
9.415369 0.457385 10.438956 2.882567
0.625445 0.203134 -0.128637 -0.041088
0.203134 0.088335 -0.046547 -0.008774
-0.128637 -0.046547 0.803131 0.246903
-0.041088 -0.008774 0.246903 0.102168
9.964822 0.550983 10.660677 2.543864
0.644506 0.188221 -0.164675 -0.043472
0.188221 0.075716 -0.048044 -0.008195
-0.164675 -0.048044 0.743994 0.206742
-0.043472 -0.008195 0.206742 0.081396
10.903311 0.729322 12.061113 2.582612
0.635030 0.169460 -0.150861 -0.033520
0.169460 0.065280 -0.036979 -0.004776
-0.150861 -0.036979 0.698124 0.178725
-0.033520 -0.004776 0.178725 0.068475
11.373617 0.750813 12.761331 2.440834
0.622589 0.154029 -0.158404 -0.031191
0.154029 0.058017 -0.034223 -0.004096
-0.158404 -0.034223 0.643413 0.153832
-0.031191 -0.004096 0.153832 0.058923
12.290476 0.879143 14.055604 2.465407
0.617273 0.143884 -0.134510 -0.022389
0.143884 0.053630 -0.024643 -0.001980
-0.134510 -0.024643 0.636605 0.144835
-0.022389 -0.001980 0.144835 0.054923
12.524709 0.833592 15.330987 2.471751
0.628197 0.139342 -0.131657 -0.019650
0.139342 0.051361 -0.021748 -0.001612
-0.131657 -0.021748 0.624011 0.136009
-0.019650 -0.001612 0.136009 0.051678
13.220304 0.891300 16.388405 2.437931
0.606438 0.129346 -0.103486 -0.012644
0.129346 0.048511 -0.014329 -0.000430
-0.103486 -0.014329 0.594725 0.125645
-0.012644 -0.000430 0.125645 0.048786
13.990326 0.956396 17.407055 2.401116
0.587857 0.121680 -0.089350 -0.009554
0.121680 0.046625 -0.010929 -0.000189
-0.089350 -0.010929 0.571977 0.118087
-0.009554 -0.000189 0.118087 0.046902
14.996054 1.059874 18.277119 2.341123
0.557303 0.113008 -0.072170 -0.006469
0.113008 0.044875 -0.007542 0.000027
-0.072170 -0.007542 0.541834 0.110249
-0.006469 0.000027 0.110249 0.045264
15.523272 1.059948 19.496521 2.351035
0.544376 0.109239 -0.053826 -0.003244
0.109239 0.044373 -0.004239 0.000308
-0.053826 -0.004239 0.520334 0.105255
-0.003244 0.000308 0.105255 0.044426
16.321430 1.105798 19.994213 2.216766
0.532601 0.106356 -0.036105 -0.000456
0.106356 0.044129 -0.001251 0.000544
-0.036105 -0.001251 0.512651 0.103704
-0.000456 0.000544 0.103704 0.044377
16.485712 1.028820 21.173865 2.226885
0.514737 0.102865 -0.005336 0.004691
0.102865 0.043818 0.003836 0.001222
-0.005336 0.003836 0.482289 0.097921
0.004691 0.001222 0.097921 0.043495
17.279730 1.084438 22.234800 2.218577
0.507124 0.101623 0.001099 0.004626
0.101623 0.043925 0.003947 0.000907
0.001099 0.003947 0.479078 0.097951
0.004626 0.000907 0.097951 0.043794
18.262546 1.166631 22.178783 1.981602
0.472649 0.095030 -0.016288 -0.000360
0.095030 0.042898 -0.000799 -0.000351
-0.016288 -0.000799 0.445983 0.091659
-0.000360 -0.000351 0.091659 0.042702
18.600696 1.114562 22.688604 1.880104
0.466766 0.094940 -0.013120 -0.000317
0.094940 0.043261 -0.000687 -0.000409
-0.013120 -0.000687 0.439461 0.091509
-0.000317 -0.000409 0.091509 0.042963
19.005989 1.080776 22.922236 1.730539
0.451410 0.092810 -0.016150 -0.001536
0.092810 0.043113 -0.001810 -0.000706
-0.016150 -0.001810 0.424422 0.089414
-0.001536 -0.000706 0.089414 0.042724
19.438292 1.058592 23.895295 1.753175
0.457954 0.095306 -0.022518 -0.003197
0.095306 0.043879 -0.003376 -0.001037
-0.022518 -0.003376 0.434999 0.092807
-0.003197 -0.001037 0.092807 0.043616
19.406655 0.941563 25.032257 1.807297
0.469300 0.098501 -0.016381 -0.001952
0.098501 0.044686 -0.002125 -0.000723
-0.016381 -0.002125 0.449012 0.096516
-0.001952 -0.000723 0.096516 0.044460
20.551648 1.085299 26.558844 1.943517
0.455948 0.096082 -0.014528 -0.001797
0.096082 0.044203 -0.001891 -0.000671
-0.014528 -0.001891 0.454762 0.097962
-0.001797 -0.000671 0.097962 0.044713
21.285580 1.127078 28.070181 2.060282
0.444878 0.094303 -0.008241 -0.000646
0.094303 0.043879 -0.000701 -0.000406
-0.008241 -0.000701 0.461477 0.099427
-0.000646 -0.000406 0.099427 0.044946
21.350228 1.021077 29.368324 2.116946
0.428205 0.091387 -0.002812 0.000244
0.091387 0.043309 0.000223 -0.000215
-0.002812 0.000223 0.461828 0.099342
0.000244 -0.000215 0.099342 0.044826
22.022678 1.055671 30.202635 2.069020
0.442986 0.095385 0.004571 0.001567
0.095385 0.044240 0.001553 0.000069
0.004571 0.001553 0.477911 0.102639
0.001567 0.000069 0.102639 0.045454
22.782981 1.105864 31.205744 2.062429
0.439019 0.094816 -0.001096 -0.000005
0.094816 0.044069 -0.000023 -0.000288
-0.001096 -0.000023 0.486475 0.103985
-0.000005 -0.000288 0.103985 0.045616
23.923144 1.233043 32.164428 2.047119
0.438863 0.095054 -0.001588 -0.000255
0.095054 0.044077 -0.000271 -0.000315
-0.001588 -0.000271 0.495939 0.105435
-0.000255 -0.000315 0.105435 0.045810
24.712831 1.270624 32.932655 1.993161
0.428864 0.093064 -0.005236 -0.001110
0.093064 0.043592 -0.001144 -0.000466
-0.005236 -0.001144 0.496964 0.105018
-0.001110 -0.000466 0.105018 0.045617
25.830374 1.375636 34.093796 2.027784
0.434789 0.094672 -0.015917 -0.003331
0.094672 0.043924 -0.003437 -0.000900
-0.015917 -0.003437 0.514107 0.108111
-0.003331 -0.000900 0.108111 0.046208
26.695249 1.414050 34.796769 1.962933
0.429807 0.093679 -0.016374 -0.003184
0.093679 0.043648 -0.003270 -0.000784
-0.016374 -0.003270 0.514691 0.107505
-0.003184 -0.000784 0.107505 0.045995
26.515567 1.220405 35.741613 1.954431
0.419231 0.091513 -0.022259 -0.004204
0.091513 0.043136 -0.004313 -0.000945
-0.022259 -0.004313 0.525147 0.109107
-0.004204 -0.000945 0.109107 0.046288
27.095065 1.213838 36.815879 1.974436
0.420360 0.092079 -0.021941 -0.003848
0.092079 0.043261 -0.003912 -0.000801
-0.021941 -0.003912 0.537250 0.110985
-0.003848 -0.000801 0.110985 0.046637
27.962040 1.271812 38.206588 2.057845
0.424424 0.093165 -0.024573 -0.004158
0.093165 0.043475 -0.004215 -0.000826
-0.024573 -0.004215 0.556486 0.114234
-0.004158 -0.000826 0.114234 0.047258
28.912659 1.340969 39.233884 2.058307
0.405515 0.089047 -0.027473 -0.004578
0.089047 0.042518 -0.004608 -0.000890
-0.027473 -0.004608 0.561934 0.114454
-0.004578 -0.000890 0.114454 0.047233
29.944710 1.421600 40.523872 2.112198
0.413404 0.091204 -0.029171 -0.004668
0.091204 0.043025 -0.004714 -0.000883
-0.029171 -0.004714 0.572860 0.115894
-0.004668 -0.000883 0.115894 0.047491
30.897389 1.473187 41.017243 1.999832
0.404224 0.089315 -0.027112 -0.004085
0.089315 0.042576 -0.004097 -0.000753
-0.027112 -0.004097 0.558742 0.112291
-0.004085 -0.000753 0.112291 0.046742
31.338030 1.405835 41.556270 1.906308
0.408300 0.090491 -0.029700 -0.004473
0.090491 0.042836 -0.004594 -0.000855
-0.029700 -0.004594 0.547245 0.109661
-0.004473 -0.000855 0.109661 0.046276
32.058541 1.408276 42.136105 1.831487
0.423217 0.093911 -0.030612 -0.004472
0.093911 0.043560 -0.004686 -0.000864
-0.030612 -0.004686 0.537622 0.107730
-0.004472 -0.000864 0.107730 0.045998
32.880472 1.434150 42.997452 1.821045
0.427812 0.094694 -0.023757 -0.002984
0.094694 0.043639 -0.003058 -0.000543
-0.023757 -0.003058 0.531629 0.106771
-0.002984 -0.000543 0.106771 0.045939
33.397688 1.390851 44.114626 1.861893
0.424032 0.093566 -0.015232 -0.001347
0.093566 0.043305 -0.001253 -0.000223
-0.015232 -0.001253 0.525108 0.105799
-0.001347 -0.000223 0.105799 0.045868
34.472202 1.474627 45.114380 1.877174
0.433077 0.095434 0.002046 0.001968
0.095434 0.043683 0.002234 0.000430
0.002046 0.002234 0.500510 0.101265
0.001968 0.000430 0.101265 0.045070
35.102347 1.451251 46.114429 1.889441
0.468954 0.102916 -0.014151 -0.001741
0.102916 0.045245 -0.001885 -0.000491
-0.014151 -0.001885 0.494783 0.100816
-0.001741 -0.000491 0.100816 0.045121
35.748739 1.433692 46.907832 1.858200
0.498596 0.108292 -0.026862 -0.004390
0.108292 0.046220 -0.004761 -0.001073
-0.026862 -0.004761 0.478870 0.098240
-0.004390 -0.001073 0.098240 0.044699
35.659838 1.261213 47.968989 1.883415
0.508252 0.108899 -0.043470 -0.007656
0.108899 0.046118 -0.008127 -0.001722
-0.043470 -0.008127 0.468512 0.096916
-0.007656 -0.001722 0.096916 0.044530
