1.557692 1.585185 0.186352 -0.817505
3.117842 1.247164 0.674760 0.269910
1.247164 80.502943 0.269910 0.107966
0.674760 0.269910 6.564458 2.625840
0.269910 0.107966 2.625840 81.054425
1.648213 0.236424 3.288608 4.363340
3.949484 6.761463 -1.380714 -2.202543
6.761463 21.706081 -2.430001 -2.369035
-1.380714 -2.430001 1.955881 2.930593
-2.202543 -2.369035 2.930593 22.180538
3.511818 1.856463 2.523989 0.491464
1.277085 1.449597 0.144174 0.414898
1.449597 4.052898 0.581551 0.881768
0.144174 0.581551 3.653785 5.183616
0.414898 0.881768 5.183616 10.333136
4.525346 1.942667 3.141220 0.829318
2.099825 1.937919 -0.241204 -0.176109
1.937919 2.610018 -0.186281 -0.242802
-0.241204 -0.186281 1.878372 1.694760
-0.176109 -0.242802 1.694760 2.484637
7.078724 3.040926 4.032331 1.177508
2.074639 1.436672 0.068800 0.066567
1.436672 1.366052 0.058585 -0.001813
0.068800 0.058585 1.717455 1.205404
0.066567 -0.001813 1.205404 1.277201
8.528551 2.999065 5.289591 1.558159
1.678649 0.923603 0.142540 0.077271
0.923603 0.711759 0.069992 0.007947
0.142540 0.069992 1.910669 1.087155
0.077271 0.007947 1.087155 0.850692
7.836377 1.994584 5.293763 1.209546
0.463864 0.215997 -0.245893 -0.119678
0.215997 0.227336 -0.128626 -0.079353
-0.245893 -0.128626 1.831773 0.866463
-0.119678 -0.079353 0.866463 0.551761
9.049248 2.091767 5.941964 1.226351
0.588408 0.264458 -0.193473 -0.079783
0.264458 0.202631 -0.082571 -0.044616
-0.193473 -0.082571 1.777222 0.716339
-0.079783 -0.044616 0.716339 0.384444
10.520673 2.265628 6.662216 1.263112
0.683656 0.277971 -0.129131 -0.046663
0.277971 0.171614 -0.045181 -0.023486
-0.129131 -0.045181 1.664020 0.584408
-0.046663 -0.023486 0.584408 0.275103
11.926749 2.367238 7.856193 1.437991
0.769551 0.279843 -0.055946 -0.018963
0.279843 0.145776 -0.014475 -0.010079
-0.055946 -0.014475 1.529404 0.477123
-0.018963 -0.010079 0.477123 0.203272
11.915875 1.978027 8.674906 1.469186
0.667895 0.217478 -0.116474 -0.034551
0.217478 0.106234 -0.034830 -0.014040
-0.116474 -0.034830 1.294552 0.365067
-0.034551 -0.014040 0.365067 0.147736
12.382213 1.820224 8.683633 1.281850
0.634138 0.188854 -0.144878 -0.038582
0.188854 0.086474 -0.040243 -0.013489
-0.144878 -0.040243 1.178195 0.305678
-0.038582 -0.013489 0.305678 0.117860
13.149177 1.783106 10.090556 1.466982
0.667293 0.184472 -0.084281 -0.020347
0.184472 0.078033 -0.019767 -0.006912
-0.084281 -0.019767 1.086536 0.262606
-0.020347 -0.006912 0.262606 0.097906
13.351525 1.606298 11.199145 1.552113
0.637296 0.164310 -0.076800 -0.017233
0.164310 0.067450 -0.016951 -0.005508
-0.076800 -0.016951 0.950244 0.216328
-0.017233 -0.005508 0.216328 0.080941
13.921699 1.551801 12.745998 1.719497
0.663876 0.161697 -0.031622 -0.006286
0.161697 0.063333 -0.005091 -0.002364
-0.031622 -0.005091 0.883857 0.192145
-0.006286 -0.002364 0.192145 0.071624
14.276206 1.454610 13.724713 1.744181
0.644504 0.149013 -0.021943 -0.004236
0.149013 0.057793 -0.003280 -0.001763
-0.021943 -0.003280 0.788288 0.165111
-0.004236 -0.001763 0.165111 0.063199
14.809540 1.411583 14.580732 1.740847
0.663998 0.147189 -0.004683 -0.000775
0.147189 0.055713 0.000256 -0.000869
-0.004683 0.000256 0.768017 0.156806
-0.000775 -0.000869 0.156806 0.059798
15.345004 1.375141 15.382477 1.727154
0.651720 0.139192 0.011319 0.002122
0.139192 0.052793 0.003123 -0.000201
0.011319 0.003123 0.718711 0.143675
0.002122 -0.000201 0.143675 0.055945
15.364262 1.236396 15.282823 1.537793
0.604455 0.125344 -0.016354 -0.003765
0.125344 0.049187 -0.003287 -0.001409
-0.016354 -0.003287 0.645720 0.127356
-0.003765 -0.001409 0.127356 0.051969
15.597521 1.158126 16.738289 1.672988
0.611584 0.124534 0.016859 0.002908
0.124534 0.048761 0.003533 0.000088
0.016859 0.003533 0.614401 0.120744
0.002908 0.000088 0.120744 0.050312
16.389082 1.200404 18.141448 1.784181
0.622257 0.124774 0.060270 0.011023
0.124774 0.048663 0.011722 0.001724
0.060270 0.011722 0.604149 0.118770
0.011023 0.001724 0.118770 0.049718
16.478624 1.098058 19.534196 1.884480
0.638927 0.126424 0.079252 0.013671
0.126424 0.048917 0.014346 0.002145
0.079252 0.014346 0.588342 0.115784
0.013671 0.002145 0.115784 0.048975
17.321191 1.157146 20.104349 1.809328
0.617572 0.120660 0.099179 0.016601
0.120660 0.047740 0.017118 0.002637
0.099179 0.017118 0.561347 0.110705
0.016601 0.002637 0.110705 0.047861
17.547309 1.084121 21.674356 1.944771
0.641527 0.124447 0.123722 0.020106
0.124447 0.048562 0.020570 0.003216
0.123722 0.020570 0.564382 0.111853
0.020106 0.003216 0.111853 0.048045
18.253346 1.119659 22.221132 1.857608
0.621473 0.119520 0.138912 0.022014
0.119520 0.047645 0.022296 0.003530
0.138912 0.022296 0.541493 0.107583
0.022014 0.003530 0.107583 0.047100
19.417109 1.233332 23.480022 1.917355
0.649950 0.124403 0.170814 0.026832
0.124403 0.048690 0.026804 0.004332
0.170814 0.026804 0.570226 0.113780
0.026832 0.004332 0.113780 0.048284
19.867037 1.196316 24.776465 1.988705
0.654048 0.124333 0.189399 0.029046
0.124333 0.048711 0.028821 0.004678
0.189399 0.028821 0.576166 0.114761
0.029046 0.004678 0.114761 0.048303
20.632775 1.224424 26.042251 2.041373
0.676250 0.128037 0.197161 0.028776
0.128037 0.049503 0.028548 0.004518
0.197161 0.028548 0.597389 0.118852
0.028776 0.004518 0.118852 0.048988
21.434404 1.261852 27.020028 2.029062
0.686031 0.129244 0.195442 0.027056
0.129244 0.049774 0.026924 0.004190
0.195442 0.026924 0.605820 0.120051
0.027056 0.004190 0.120051 0.049050
21.774872 1.202836 28.193498 2.067110
0.681101 0.127750 0.186122 0.024447
0.127750 0.049539 0.024249 0.003764
0.186122 0.024249 0.610814 0.120579
0.024447 0.003764 0.120579 0.049007
22.393933 1.195966 29.753787 2.173345
0.678975 0.126660 0.195648 0.025996
0.126660 0.049344 0.025369 0.004152
0.195648 0.025369 0.627676 0.123097
0.025996 0.004152 0.123097 0.049312
22.231234 1.053194 30.681388 2.156827
0.631208 0.117361 0.187673 0.024902
0.117361 0.047660 0.023807 0.004137
0.187673 0.023807 0.612047 0.119252
0.024902 0.004137 0.119252 0.048394
22.252318 0.957220 31.683766 2.152042
0.612816 0.114762 0.169533 0.021308
0.114762 0.047433 0.020343 0.003600
0.169533 0.020343 0.603889 0.117550
0.021308 0.003600 0.117550 0.048069
22.971311 1.001907 32.856779 2.166519
0.628104 0.118726 0.157357 0.018615
0.118726 0.048437 0.018145 0.003231
0.157357 0.018145 0.607360 0.118230
0.018615 0.003231 0.118230 0.048241
24.020480 1.106050 34.065366 2.180700
0.645903 0.122673 0.149040 0.016983
0.122673 0.049307 0.016935 0.003091
0.149040 0.016935 0.610240 0.118670
0.016983 0.003091 0.118670 0.048337
25.203251 1.222552 35.463536 2.230062
0.668006 0.127223 0.132234 0.013787
0.127223 0.050242 0.014160 0.002632
0.132234 0.014160 0.614227 0.119482
0.013787 0.002632 0.119482 0.048540
25.965105 1.256006 36.325971 2.177529
0.660382 0.125779 0.103915 0.009160
0.125779 0.049968 0.009752 0.001980
0.103915 0.009752 0.597325 0.116298
0.009160 0.001980 0.116298 0.047968
26.120572 1.165574 37.382412 2.178437
0.624303 0.118986 0.074627 0.005101
0.118986 0.048696 0.005286 0.001412
0.074627 0.005286 0.589909 0.115272
0.005101 0.001412 0.115272 0.047863
26.990643 1.219495 38.580317 2.196069
0.633468 0.121349 0.053566 0.002180
0.121349 0.049264 0.002584 0.001048
0.053566 0.002584 0.587122 0.115081
0.002180 0.001048 0.115081 0.047907
27.597782 1.220738 39.516691 2.164223
0.647567 0.124521 0.019212 -0.003282
0.124521 0.049951 -0.002549 0.000180
0.019212 -0.002549 0.578558 0.113865
-0.003282 0.000180 0.113865 0.047764
28.886739 1.350079 40.735276 2.185616
0.677556 0.130223 0.000461 -0.005448
0.130223 0.051023 -0.004502 -0.000055
0.000461 -0.004502 0.577837 0.114067
-0.005448 -0.000055 0.114067 0.047861
29.854355 1.407960 41.454842 2.110202
0.675223 0.129193 -0.018123 -0.007350
0.129193 0.050719 -0.006395 -0.000269
-0.018123 -0.006395 0.563103 0.111414
-0.007350 -0.000269 0.111414 0.047369
30.742306 1.443099 42.473846 2.102474
0.670948 0.127910 -0.036207 -0.009245
0.127910 0.050410 -0.008330 -0.000540
-0.036207 -0.008330 0.560728 0.111372
-0.009245 -0.000540 0.111372 0.047418
31.518930 1.453595 42.690884 1.936296
0.654361 0.124416 -0.050135 -0.010410
0.124416 0.049716 -0.009548 -0.000710
-0.050135 -0.009548 0.538443 0.107271
-0.010410 -0.000710 0.107271 0.046631
32.081170 1.420790 43.038023 1.811459
0.643744 0.122362 -0.066978 -0.012354
0.122362 0.049352 -0.011482 -0.001074
-0.066978 -0.011482 0.529581 0.106110
-0.012354 -0.001074 0.106110 0.046468
32.799397 1.420878 43.649098 1.751939
0.657938 0.125166 -0.087887 -0.015137
0.125166 0.049928 -0.014223 -0.001612
-0.087887 -0.014223 0.534641 0.107704
-0.015137 -0.001612 0.107704 0.046833
32.770491 1.279815 44.556142 1.753624
0.634470 0.120505 -0.103970 -0.017157
0.120505 0.049021 -0.015989 -0.002000
-0.103970 -0.015989 0.546161 0.110352
-0.017157 -0.002000 0.110352 0.047350
33.073883 1.217010 45.626484 1.790213
0.635057 0.120833 -0.118171 -0.018697
0.120833 0.049133 -0.017460 -0.002312
-0.118171 -0.017460 0.559420 0.113015
-0.018697 -0.002312 0.113015 0.047809
33.865334 1.253051 46.589046 1.805878
0.663078 0.126340 -0.133740 -0.020327
0.126340 0.050209 -0.019340 -0.002672
-0.133740 -0.019340 0.568505 0.114493
-0.020327 -0.002672 0.114493 0.047977
34.374341 1.227023 47.233393 1.751794
0.677203 0.128620 -0.149482 -0.022214
0.128620 0.050558 -0.021398 -0.003111
-0.149482 -0.021398 0.569546 0.114160
-0.022214 -0.003111 0.114160 0.047763
