-1.628194 0.310802 -6.385714 -3.446388
2.624618 1.049870 1.867394 0.746974
1.049870 80.424024 0.746974 0.298796
1.867394 0.746974 7.559821 3.023994
0.746974 0.298796 3.023994 81.213690
1.168930 4.050797 -0.964473 6.396946
3.525224 6.362594 -1.596034 -2.706188
6.362594 19.858694 -2.943590 -0.865156
-1.596034 -2.943590 1.233307 1.952127
-2.706188 -0.865156 1.952127 22.338107
4.324553 5.672292 3.514863 8.867186
3.293769 3.668797 -0.790215 -0.301180
3.668797 5.807095 -0.325138 0.326161
-0.790215 -0.325138 2.565442 4.011954
-0.301180 0.326161 4.011954 8.105334
7.281993 5.527774 4.744390 5.837941
2.290363 1.721278 -1.183857 -0.897289
1.721278 1.928538 -0.811580 -0.770008
-1.183857 -0.811580 1.653262 1.452218
-0.897289 -0.770008 1.452218 1.757742
9.036935 4.740423 4.888418 3.847265
1.000804 0.575639 -0.900166 -0.566145
0.575639 0.654281 -0.453312 -0.379555
-0.900166 -0.453312 1.955882 1.306513
-0.566145 -0.379555 1.306513 1.092127
8.034699 2.857913 7.618506 4.179132
0.394614 0.191590 -0.557084 -0.287346
0.191590 0.278408 -0.201521 -0.163792
-0.557084 -0.201521 1.898697 1.003013
-0.287346 -0.163792 1.003013 0.654247
9.828095 3.022255 8.961581 3.853677
0.484606 0.259515 -0.423434 -0.186815
0.259515 0.250982 -0.130947 -0.097333
-0.423434 -0.130947 1.700597 0.738198
-0.186815 -0.097333 0.738198 0.401479
10.957174 2.686431 8.293679 2.909543
0.596996 0.286808 -0.426647 -0.166091
0.286808 0.205618 -0.157268 -0.087513
-0.426647 -0.157268 1.203215 0.447736
-0.166091 -0.087513 0.447736 0.224960
11.894820 2.479401 9.099295 2.704283
0.625216 0.262632 -0.372725 -0.128868
0.262632 0.156947 -0.119819 -0.059539
-0.372725 -0.119819 1.115227 0.366359
-0.128868 -0.059539 0.366359 0.165664
11.843076 1.952242 9.574182 2.460152
0.605911 0.222499 -0.370764 -0.114255
0.222499 0.116825 -0.111181 -0.047154
-0.370764 -0.111181 1.013595 0.299987
-0.114255 -0.047154 0.299987 0.126238
12.590170 1.883931 11.200478 2.567900
0.663725 0.220704 -0.291105 -0.081891
0.220704 0.102275 -0.074424 -0.030600
-0.291105 -0.074424 0.971181 0.262615
-0.081891 -0.030600 0.262615 0.103586
13.332743 1.819208 12.334581 2.531213
0.707787 0.213611 -0.231502 -0.060212
0.213611 0.089715 -0.051729 -0.020915
-0.231502 -0.051729 0.933871 0.233769
-0.060212 -0.020915 0.233769 0.088029
13.263961 1.556318 14.276626 2.691717
0.720078 0.199038 -0.164618 -0.040188
0.199038 0.078207 -0.032431 -0.013814
-0.164618 -0.032431 0.821882 0.192618
-0.040188 -0.013814 0.192618 0.072746
14.391215 1.630453 14.395733 2.418135
0.701599 0.179183 -0.127044 -0.029477
0.179183 0.067901 -0.022934 -0.010060
-0.127044 -0.022934 0.759837 0.169300
-0.029477 -0.010060 0.169300 0.064155
14.738198 1.523233 16.138918 2.533081
0.722000 0.172869 -0.071726 -0.016288
0.172869 0.063100 -0.010007 -0.006162
-0.071726 -0.010007 0.721480 0.154542
-0.016288 -0.006162 0.154542 0.058837
16.266465 1.688900 16.314772 2.305367
0.691208 0.156288 -0.031276 -0.007575
0.156288 0.056999 -0.002013 -0.003785
-0.031276 -0.002013 0.697234 0.144852
-0.007575 -0.003785 0.144852 0.055437
15.932393 1.431048 16.774494 2.167456
0.641854 0.138426 -0.042851 -0.010151
0.138426 0.051704 -0.006275 -0.004158
-0.042851 -0.006275 0.623925 0.126678
-0.010151 -0.004158 0.126678 0.050875
16.818901 1.467026 17.942458 2.183977
0.663646 0.138546 -0.005037 -0.002495
0.138546 0.051102 0.001053 -0.002210
-0.005037 0.001053 0.636770 0.127783
-0.002495 -0.002210 0.127783 0.050720
16.958500 1.345605 18.415321 2.062781
0.656448 0.133109 -0.009909 -0.003857
0.133109 0.049563 -0.001036 -0.002312
-0.009909 -0.001036 0.616741 0.122460
-0.003857 -0.002312 0.122460 0.049381
17.307525 1.281107 18.888833 1.953705
0.637538 0.126455 0.001759 -0.001608
0.126455 0.048081 0.000643 -0.001653
0.001759 0.000643 0.591425 0.116682
-0.001608 -0.001653 0.116682 0.048113
17.152756 1.125604 19.998877 1.982620
0.640906 0.125252 0.015232 0.000852
0.125252 0.047902 0.002696 -0.000996
0.015232 0.002696 0.575712 0.113398
0.000852 -0.000996 0.113398 0.047468
17.679416 1.118147 21.307830 2.045455
0.654136 0.126354 0.051895 0.007761
0.126354 0.048233 0.009172 0.000472
0.051895 0.009172 0.577775 0.113848
0.007761 0.000472 0.113848 0.047597
17.702657 1.015961 22.180693 2.018498
0.652418 0.124790 0.062500 0.009099
0.124790 0.048072 0.010235 0.000770
0.062500 0.010235 0.561684 0.110756
0.009099 0.000770 0.110756 0.047027
18.413730 1.054295 23.265978 2.032342
0.678446 0.128837 0.085019 0.012686
0.128837 0.049013 0.013511 0.001475
0.085019 0.013511 0.580906 0.114845
0.012686 0.001475 0.114845 0.047901
19.149365 1.094376 24.182504 2.010967
0.689333 0.129823 0.105918 0.015882
0.129823 0.049311 0.016401 0.002089
0.105918 0.016401 0.587920 0.116088
0.015882 0.002089 0.116088 0.048120
19.620343 1.078841 25.337848 2.041456
0.687208 0.128398 0.132291 0.020154
0.128398 0.049141 0.020290 0.002900
0.132291 0.020290 0.587562 0.115675
0.020154 0.002900 0.115675 0.047975
20.039016 1.051549 26.823171 2.135308
0.686420 0.127444 0.163136 0.025104
0.127444 0.049077 0.024790 0.003796
0.163136 0.024790 0.595280 0.116828
0.025104 0.003796 0.116828 0.048139
20.802909 1.094392 28.051357 2.164256
0.694099 0.128417 0.179983 0.026915
0.128417 0.049410 0.026443 0.004069
0.179983 0.026443 0.605670 0.118538
0.026915 0.004069 0.118538 0.048429
21.145958 1.065107 28.498631 2.040544
0.672829 0.124296 0.170880 0.024036
0.124296 0.048811 0.023746 0.003575
0.170880 0.023746 0.584463 0.114148
0.024036 0.003575 0.114148 0.047541
21.962257 1.118751 29.519319 2.035943
0.670287 0.123753 0.185141 0.026018
0.123753 0.048859 0.025471 0.003995
0.185141 0.025471 0.591369 0.115397
0.026018 0.003995 0.115397 0.047776
22.626682 1.135557 30.714317 2.069587
0.662459 0.122418 0.190864 0.026391
0.122418 0.048762 0.025578 0.004102
0.190864 0.025578 0.600811 0.117164
0.026391 0.004102 0.117164 0.048114
23.273131 1.161906 31.155960 1.948986
0.653667 0.121477 0.171942 0.021979
0.121477 0.048804 0.021660 0.003413
0.171942 0.021660 0.583950 0.113945
0.021979 0.003413 0.113945 0.047511
23.557072 1.105245 32.117691 1.952240
0.639514 0.119569 0.151470 0.017918
0.119569 0.048637 0.017558 0.002786
0.151470 0.017558 0.584778 0.114585
0.017918 0.002786 0.114585 0.047726
24.708291 1.221478 33.036616 1.929257
0.654809 0.123157 0.144304 0.016412
0.123157 0.049459 0.016418 0.002699
0.144304 0.016418 0.587784 0.115296
0.016412 0.002699 0.115296 0.047880
25.403291 1.239649 33.895658 1.906529
0.648507 0.122462 0.124183 0.012926
0.122462 0.049415 0.013031 0.002242
0.124183 0.013031 0.584970 0.115006
0.012926 0.002242 0.115006 0.047860
26.176247 1.264499 35.115196 1.957176
0.648127 0.122897 0.104689 0.009775
0.122897 0.049578 0.009869 0.001825
0.104689 0.009869 0.592720 0.116813
0.009775 0.001825 0.116813 0.048256
27.253571 1.350506 36.067370 1.944959
0.647768 0.123131 0.091880 0.008208
0.123131 0.049652 0.008440 0.001761
0.091880 0.008440 0.588299 0.115886
0.008208 0.001761 0.115886 0.048049
27.263947 1.226461 36.773168 1.901181
0.610430 0.116469 0.060153 0.003451
0.116469 0.048442 0.003481 0.001056
0.060153 0.003481 0.577735 0.114096
0.003451 0.001056 0.114096 0.047743
28.014563 1.249670 38.003372 1.955140
0.619392 0.119070 0.039020 0.000452
0.119070 0.049069 0.000619 0.000652
0.039020 0.000619 0.584935 0.115808
0.000452 0.000652 0.115808 0.048132
28.344472 1.190550 39.203124 2.002010
0.605346 0.116876 0.017412 -0.002269
0.116876 0.048689 -0.002188 0.000295
0.017412 -0.002188 0.588220 0.116540
-0.002269 0.000295 0.116540 0.048283
28.939145 1.193327 39.789171 1.919839
0.602397 0.116880 0.000609 -0.004096
0.116880 0.048736 -0.003868 0.000112
0.000609 -0.003868 0.571784 0.113227
-0.004096 0.000112 0.113227 0.047612
29.815784 1.247044 40.923112 1.953053
0.621128 0.120998 -0.016828 -0.006202
0.120998 0.049560 -0.005883 -0.000200
-0.016828 -0.005883 0.575174 0.114124
-0.006202 -0.000200 0.114124 0.047832
30.360026 1.231454 41.970847 1.967367
0.624671 0.121699 -0.037316 -0.008856
0.121699 0.049634 -0.008513 -0.000643
-0.037316 -0.008513 0.575853 0.114357
-0.008856 -0.000643 0.114357 0.047890
30.733668 1.184275 42.684159 1.913668
0.620173 0.120703 -0.055923 -0.011115
0.120703 0.049366 -0.010764 -0.001026
-0.055923 -0.010764 0.567633 0.112745
-0.011115 -0.001026 0.112745 0.047566
31.870715 1.290817 43.791922 1.944979
0.643687 0.125222 -0.065838 -0.011626
0.125222 0.050194 -0.011349 -0.001089
-0.065838 -0.011349 0.568806 0.113113
-0.011626 -0.001089 0.113113 0.047654
32.560610 1.299854 44.850038 1.962252
0.660575 0.127953 -0.087677 -0.014696
0.127953 0.050594 -0.014408 -0.001691
-0.087677 -0.014408 0.572944 0.113944
-0.014696 -0.001691 0.113944 0.047806
33.069850 1.272932 45.878542 1.970847
0.657124 0.126531 -0.102836 -0.016474
0.126531 0.050174 -0.016123 -0.002038
-0.102836 -0.016123 0.573074 0.113881
-0.016474 -0.002038 0.113881 0.047761
33.753523 1.277528 46.334200 1.865186
0.672452 0.128873 -0.120746 -0.018720
0.128873 0.050527 -0.018523 -0.002509
-0.120746 -0.018523 0.562542 0.111625
-0.018720 -0.002509 0.111625 0.047269
34.290303 1.258541 47.329434 1.876751
0.686677 0.130790 -0.140095 -0.021273
0.130790 0.050776 -0.021013 -0.003004
-0.140095 -0.021013 0.570178 0.113157
-0.021273 -0.003004 0.113157 0.047564
34.709968 1.213546 47.881614 1.796480
0.701449 0.132661 -0.160489 -0.024005
0.132661 0.051007 -0.023788 -0.003554
-0.160489 -0.023788 0.569112 0.112722
-0.024005 -0.003554 0.112722 0.047420
