1.201972 1.442894 -0.220610 -0.980293
3.036897 1.214785 0.810668 0.324274
1.214785 80.489991 0.324274 0.129712
0.810668 0.324274 6.576960 2.630841
0.324274 0.129712 2.630841 81.056426
4.594541 5.950185 0.085467 0.042463
3.548395 6.115673 -1.301761 -2.101730
6.115673 20.429719 -2.353005 -1.973513
-1.301761 -2.353005 2.493501 3.727583
-2.101730 -1.973513 3.727583 23.365186
6.893725 5.368233 1.927993 2.358878
2.710801 3.160501 0.880419 1.583553
3.160501 5.961911 1.131401 1.955415
0.880419 1.131401 1.325027 1.894747
1.583553 1.955415 1.894747 6.126431
8.266912 4.282978 2.429616 1.696722
2.459367 2.055271 0.836944 0.776353
2.055271 2.555994 0.607266 0.546314
0.836944 0.607266 2.362580 2.491165
0.776353 0.546314 2.491165 3.573746
9.666892 3.793643 3.292276 1.737757
1.844422 1.191670 0.638677 0.407890
1.191670 1.169624 0.320571 0.210206
0.638677 0.320571 2.656010 1.982827
0.407890 0.210206 1.982827 1.867982
9.138149 2.465132 4.540046 2.026861
1.088699 0.579087 0.425025 0.213878
0.579087 0.531225 0.159374 0.091173
0.425025 0.159374 2.472684 1.415560
0.213878 0.091173 1.415560 1.014012
8.403234 1.560964 4.019134 1.350034
0.498078 0.238307 -0.007983 -0.014023
0.238307 0.251954 -0.057251 -0.018886
-0.007983 -0.057251 2.250470 1.052510
-0.014023 -0.018886 1.052510 0.617230
8.375614 1.179319 5.696737 1.749456
0.581677 0.264941 0.035085 0.010604
0.264941 0.210314 -0.009058 0.004375
0.035085 -0.009058 1.941620 0.764677
0.010604 0.004375 0.764677 0.386587
9.567787 1.414249 8.341236 2.355110
0.702165 0.289789 0.035873 0.012390
0.289789 0.181549 0.002176 0.007457
0.035873 0.002176 1.601241 0.547896
0.012390 0.007457 0.547896 0.250846
10.490543 1.498021 8.608360 2.078039
0.800825 0.294777 0.006554 0.003845
0.294777 0.154560 -0.004820 0.003986
0.006554 -0.004820 1.499771 0.457258
0.003845 0.003986 0.457258 0.189565
11.037067 1.431075 9.773220 2.112073
0.815664 0.268457 -0.033945 -0.006572
0.268457 0.125092 -0.014429 0.000425
-0.033945 -0.014429 1.269149 0.350125
-0.006572 0.000425 0.350125 0.138456
11.870209 1.465534 11.737024 2.343497
0.829960 0.247117 -0.002910 0.002918
0.247117 0.104736 -0.001533 0.003276
-0.002910 -0.001533 1.086811 0.276435
0.002918 0.003276 0.276435 0.106825
12.562324 1.454318 12.510276 2.248418
0.824017 0.224528 -0.011125 0.001001
0.224528 0.088970 -0.002689 0.002273
-0.011125 -0.002689 0.979998 0.233328
0.001001 0.002273 0.233328 0.088527
12.136588 1.162507 12.771623 2.048632
0.784726 0.197904 -0.083838 -0.015468
0.197904 0.075693 -0.020253 -0.002265
-0.083838 -0.020253 0.840360 0.189270
-0.015468 -0.002265 0.189270 0.073236
13.428539 1.330298 13.607599 2.011704
0.777731 0.184101 -0.027234 -0.001560
0.184101 0.068212 -0.004215 0.001168
-0.027234 -0.004215 0.826953 0.179468
-0.001560 0.001168 0.179468 0.067966
14.699919 1.465183 14.270222 1.942945
0.721638 0.161806 0.008115 0.005597
0.161806 0.060310 0.004113 0.002482
0.008115 0.004113 0.768355 0.161292
0.005597 0.002482 0.161292 0.061793
15.456316 1.471875 15.854296 2.068342
0.736496 0.158407 0.053723 0.014313
0.158407 0.057852 0.013475 0.003986
0.053723 0.013475 0.749942 0.153621
0.014313 0.003986 0.153621 0.058683
16.711966 1.579315 16.716682 2.035394
0.715510 0.148356 0.085571 0.019156
0.148356 0.054522 0.018728 0.004526
0.085571 0.018728 0.732905 0.147053
0.019156 0.004526 0.147053 0.056248
17.510567 1.580960 18.207070 2.128600
0.709946 0.143017 0.118226 0.023787
0.143017 0.052701 0.023588 0.005015
0.118226 0.023588 0.706942 0.139467
0.023787 0.005015 0.139467 0.053962
17.802107 1.483905 18.716271 2.021175
0.684039 0.134719 0.098016 0.017828
0.134719 0.050639 0.017662 0.003437
0.098016 0.017662 0.670635 0.130750
0.017828 0.003437 0.130750 0.051764
18.743648 1.522327 19.823344 2.039177
0.692716 0.134218 0.120813 0.020882
0.134218 0.050369 0.020762 0.003807
0.120813 0.020762 0.674830 0.130679
0.020882 0.003807 0.130679 0.051473
19.197230 1.464000 20.703962 2.014040
0.690115 0.131992 0.117722 0.018831
0.131992 0.049882 0.018782 0.003220
0.117722 0.018782 0.664093 0.127865
0.018831 0.003220 0.127865 0.050728
19.943131 1.463641 22.129481 2.094763
0.685631 0.129611 0.151229 0.024213
0.129611 0.049408 0.024139 0.004151
0.151229 0.024139 0.652307 0.124877
0.024213 0.004151 0.124877 0.049983
20.510871 1.433709 23.044872 2.070791
0.680956 0.127885 0.150750 0.022711
0.127885 0.049186 0.022705 0.003734
0.150750 0.022705 0.641673 0.122660
0.022711 0.003734 0.122660 0.049514
19.904431 1.181832 24.190978 2.107104
0.637546 0.119146 0.149143 0.021750
0.119146 0.047665 0.021754 0.003576
0.149143 0.021754 0.596707 0.113981
0.021750 0.003576 0.113981 0.047823
20.516157 1.179522 25.739444 2.203608
0.657785 0.123103 0.167689 0.024191
0.123103 0.048636 0.024179 0.003977
0.167689 0.024179 0.611215 0.117325
0.024191 0.003977 0.117325 0.048548
21.484316 1.262368 26.101434 2.052558
0.655904 0.122766 0.168482 0.023420
0.122766 0.048728 0.023621 0.003860
0.168482 0.023621 0.594297 0.114349
0.023420 0.003860 0.114349 0.047986
22.095385 1.258866 27.105688 2.048525
0.663435 0.124395 0.162649 0.021424
0.124395 0.049199 0.021667 0.003480
0.162649 0.021667 0.599515 0.116026
0.021424 0.003480 0.116026 0.048385
22.597292 1.233344 28.196586 2.063926
0.661867 0.124102 0.159991 0.020539
0.124102 0.049238 0.020672 0.003381
0.159991 0.020672 0.603044 0.117064
0.020539 0.003381 0.117064 0.048582
23.181676 1.231072 28.997291 2.018481
0.663498 0.124686 0.144789 0.017285
0.124686 0.049474 0.017593 0.002871
0.144789 0.017593 0.599546 0.116758
0.017285 0.002871 0.116758 0.048526
23.301443 1.135144 30.065375 2.038678
0.638818 0.119961 0.142478 0.017422
0.119961 0.048621 0.017305 0.003054
0.142478 0.017305 0.597374 0.116454
0.017422 0.003054 0.116454 0.048410
23.873079 1.138582 30.924122 2.006635
0.638768 0.120507 0.133074 0.015707
0.120507 0.048867 0.015726 0.002858
0.133074 0.015726 0.594445 0.116111
0.015707 0.002858 0.116111 0.048328
24.562448 1.165617 31.683673 1.956132
0.647290 0.122747 0.115543 0.012413
0.122747 0.049425 0.012749 0.002364
0.115543 0.012749 0.590476 0.115682
0.012413 0.002364 0.115682 0.048260
24.945746 1.119679 33.161726 2.058714
0.645712 0.122752 0.100399 0.010065
0.122752 0.049486 0.010168 0.002014
0.100399 0.010168 0.606856 0.119247
0.010065 0.002014 0.119247 0.048972
24.909277 1.003729 34.281701 2.085047
0.624726 0.119092 0.078043 0.006725
0.119092 0.048844 0.006668 0.001536
0.078043 0.006668 0.605503 0.119012
0.006725 0.001536 0.119012 0.048881
25.726107 1.065158 35.264969 2.069442
0.640552 0.122667 0.065354 0.005014
0.122667 0.049612 0.005278 0.001382
0.065354 0.005278 0.601339 0.118093
0.005014 0.001382 0.118093 0.048650
26.068081 1.030532 36.100838 2.032241
0.624384 0.119707 0.052397 0.003682
0.119707 0.049045 0.003895 0.001282
0.052397 0.003895 0.590990 0.116042
0.003682 0.001282 0.116042 0.048221
26.923110 1.094554 37.288613 2.063035
0.642887 0.123675 0.038055 0.001710
0.123675 0.049861 0.002089 0.000996
0.038055 0.002089 0.593751 0.116766
0.001710 0.000996 0.116766 0.048386
27.909860 1.179179 38.324233 2.060620
0.644958 0.124007 0.032150 0.001607
0.124007 0.049886 0.002001 0.001070
0.032150 0.002001 0.587618 0.115579
0.001607 0.001070 0.115579 0.048142
28.408160 1.162034 39.281229 2.046703
0.649247 0.124860 0.004539 -0.002929
0.124860 0.050039 -0.002425 0.000241
0.004539 -0.002425 0.583339 0.114988
-0.002929 0.000241 0.114988 0.048062
29.554622 1.272417 39.826397 1.950037
0.659565 0.126679 -0.005179 -0.003694
0.126679 0.050347 -0.003120 0.000179
-0.005179 -0.003120 0.564997 0.111530
-0.003694 0.000179 0.111530 0.047394
30.600996 1.350289 41.142176 2.016564
0.671329 0.128626 -0.021046 -0.005776
0.128626 0.050663 -0.005192 -0.000191
-0.021046 -0.005192 0.573549 0.113676
-0.005776 -0.000191 0.113676 0.047882
31.613931 1.414634 42.592983 2.104141
0.681434 0.130091 -0.040785 -0.008594
0.130091 0.050870 -0.007964 -0.000703
-0.040785 -0.007964 0.583388 0.115811
-0.008594 -0.000703 0.115811 0.048308
31.796912 1.315078 43.761389 2.126707
0.660505 0.125526 -0.068200 -0.012874
0.125526 0.049920 -0.012108 -0.001487
-0.068200 -0.012108 0.585707 0.116189
-0.012874 -0.001487 0.116189 0.048337
32.477869 1.318232 44.463412 2.055029
0.663593 0.125962 -0.086868 -0.015190
0.125962 0.050010 -0.014463 -0.001887
-0.086868 -0.014463 0.573757 0.113662
-0.015190 -0.001887 0.113662 0.047783
32.553373 1.205857 45.276034 2.009179
0.645081 0.122226 -0.105649 -0.017653
0.122226 0.049291 -0.016822 -0.002327
-0.105649 -0.016822 0.569755 0.112895
-0.017653 -0.002327 0.112895 0.047616
33.291425 1.233618 46.519328 2.057895
0.664113 0.125976 -0.121294 -0.019252
0.125976 0.050053 -0.018524 -0.002601
-0.121294 -0.018524 0.576829 0.114360
-0.019252 -0.002601 0.114360 0.047898
33.637097 1.173409 46.727015 1.890844
0.674395 0.127633 -0.141271 -0.021866
0.127633 0.050326 -0.021340 -0.003139
-0.141271 -0.021340 0.562295 0.111261
-0.021866 -0.003139 0.111261 0.047218
33.735154 1.079712 47.661593 1.882962
0.675841 0.127466 -0.157935 -0.023906
0.127466 0.050232 -0.023246 -0.003516
-0.157935 -0.023246 0.569232 0.112729
-0.023906 -0.003516 0.112729 0.047505
34.375683 1.098302 48.553923 1.874413
0.707397 0.133074 -0.174680 -0.025598
0.133074 0.051251 -0.025232 -0.003847
-0.174680 -0.025232 0.575221 0.113795
-0.025598 -0.003847 0.113795 0.047671
