-1.070460 0.533901 -2.641327 -1.948601
5.453732 2.181540 11.214836 4.486032
2.181540 80.876702 4.486032 1.794452
11.214836 4.486032 28.045199 11.218323
4.486032 1.794452 11.218323 84.491493
7.521691 14.791524 -2.799334 -4.296682
3.075769 6.184531 -2.119313 -3.256159
6.184531 20.837358 -4.410482 5.932970
-2.119313 -4.410482 1.853963 2.632047
-3.256159 5.932970 2.632047 37.612742
8.552656 7.918863 -1.518641 -1.672046
2.372994 3.586367 2.198047 4.955026
3.586367 6.159743 3.445038 7.675247
2.198047 3.445038 2.453824 5.302853
4.955026 7.675247 5.302853 12.735823
10.368508 5.555640 2.328486 3.710909
2.713821 2.427983 2.773284 2.917475
2.427983 2.403021 2.468011 2.578254
2.773284 2.468011 3.037319 3.208732
2.917475 2.578254 3.208732 3.674244
9.543768 3.271676 0.390849 1.106624
0.847976 0.528019 0.952783 0.664638
0.528019 0.441311 0.488023 0.333324
0.952783 0.488023 1.729114 1.313950
0.664638 0.333324 1.313950 1.115437
10.305526 2.749173 0.805624 1.117546
1.089588 0.544207 1.235188 0.642244
0.544207 0.336765 0.488903 0.253687
1.235188 0.488903 2.670080 1.511913
0.642244 0.253687 1.511913 0.918453
8.618937 1.242167 1.588763 1.435855
1.099791 0.425675 1.662854 0.715940
0.425675 0.203728 0.579240 0.256207
1.662854 0.579240 3.483760 1.544225
0.715940 0.256207 1.544225 0.723217
8.846528 1.089214 2.099689 1.375352
1.157606 0.389227 1.724478 0.612351
0.389227 0.161626 0.502693 0.183648
1.724478 0.502693 3.985474 1.463787
0.612351 0.183648 1.463787 0.567440
9.944074 1.237829 3.948443 1.735794
1.079880 0.319861 1.599116 0.484134
0.319861 0.121039 0.386831 0.121203
1.599116 0.386831 4.327607 1.361284
0.484134 0.121203 1.361284 0.453525
10.901050 1.328222 5.298923 1.862991
0.971880 0.259037 1.409986 0.372110
0.259037 0.093261 0.272373 0.075060
1.409986 0.272373 4.866316 1.342462
0.372110 0.075060 1.342462 0.393457
11.066718 1.211075 5.378698 1.661115
0.725269 0.182089 0.859821 0.198597
0.182089 0.068764 0.101778 0.025801
0.859821 0.101778 4.741584 1.168680
0.198597 0.025801 1.168680 0.310190
11.726597 1.220726 6.391739 1.701077
0.691397 0.164536 0.689677 0.142366
0.164536 0.061600 0.042367 0.010530
0.689677 0.042367 5.448982 1.209899
0.142366 0.010530 1.209899 0.290600
12.681925 1.290146 7.942913 1.838716
0.674910 0.154033 0.521950 0.096925
0.154033 0.057259 -0.002517 0.000918
0.521950 -0.002517 6.071541 1.225875
0.096925 0.000918 1.225875 0.269766
12.921809 1.189142 9.290156 1.922176
0.651620 0.146825 0.175379 0.026122
0.146825 0.054798 -0.061630 -0.009777
0.175379 -0.061630 5.643352 1.046165
0.026122 -0.009777 1.046165 0.216823
13.129803 1.106341 10.131731 1.904237
0.642879 0.142514 -0.124441 -0.025607
0.142514 0.053022 -0.095742 -0.014571
-0.124441 -0.095742 4.599068 0.789725
-0.025607 -0.014571 0.789725 0.159334
13.342665 1.048632 9.894672 1.714794
0.633366 0.136996 -0.323659 -0.053962
0.136996 0.051088 -0.108683 -0.015367
-0.323659 -0.108683 3.481180 0.558939
-0.053962 -0.015367 0.558939 0.114453
13.812333 1.024212 12.401988 1.965195
0.670684 0.139853 -0.307068 -0.046260
0.139853 0.050989 -0.091980 -0.011678
-0.307068 -0.091980 3.627355 0.550411
-0.046260 -0.011678 0.550411 0.109291
14.375745 1.028061 14.605476 2.141733
0.687436 0.138696 -0.251379 -0.034089
0.138696 0.050253 -0.067281 -0.007357
-0.251379 -0.067281 3.249744 0.468649
-0.034089 -0.007357 0.468649 0.094463
14.717507 0.990763 16.847000 2.303095
0.711562 0.139828 -0.208196 -0.025164
0.139828 0.050248 -0.049030 -0.004449
-0.208196 -0.049030 2.699514 0.373078
-0.025164 -0.004449 0.373078 0.079562
15.343542 1.015035 18.624594 2.388114
0.724408 0.139196 -0.132880 -0.013057
0.139196 0.050035 -0.028284 -0.001540
-0.132880 -0.028284 2.170646 0.290894
-0.013057 -0.001540 0.290894 0.068095
17.126777 1.255853 19.000848 2.289588
0.696637 0.131505 0.007842 0.006201
0.131505 0.048625 0.001483 0.002240
0.007842 0.001483 1.708252 0.225621
0.006201 0.002240 0.225621 0.059964
18.072536 1.315271 20.391386 2.324117
0.713630 0.133328 0.031122 0.008945
0.133328 0.049190 0.006055 0.002534
0.031122 0.006055 1.484707 0.195785
0.008945 0.002534 0.195785 0.056931
18.776616 1.323868 21.491022 2.316091
0.729588 0.135087 0.027143 0.007846
0.135087 0.049731 0.005066 0.002094
0.027143 0.005066 1.276406 0.169783
0.007846 0.002094 0.169783 0.054512
19.237262 1.286959 22.003226 2.227486
0.733965 0.134833 0.005840 0.004359
0.134833 0.049887 0.000958 0.001266
0.005840 0.000958 1.080771 0.146667
0.004359 0.001266 0.146667 0.052486
19.372833 1.194193 23.447884 2.271754
0.768798 0.140409 -0.018672 0.000654
0.140409 0.051122 -0.003426 0.000475
-0.018672 -0.003426 1.001192 0.140398
0.000654 0.000475 0.140398 0.052731
19.785392 1.160771 24.675099 2.284286
0.798684 0.144790 -0.019987 0.000376
0.144790 0.052055 -0.003283 0.000369
-0.019987 -0.003283 0.923086 0.134239
0.000376 0.000369 0.134239 0.052814
20.107687 1.114617 26.192500 2.340021
0.840682 0.151166 -0.022624 -0.000093
0.151166 0.053296 -0.003464 0.000231
-0.022624 -0.003464 0.873852 0.132081
-0.000093 0.000231 0.132081 0.053302
21.072161 1.187752 28.004625 2.442381
0.890882 0.158666 0.006404 0.004411
0.158666 0.054668 0.001959 0.000986
0.006404 0.001959 0.845293 0.132724
0.004411 0.000986 0.132724 0.054039
21.706169 1.195124 29.649098 2.511192
0.942115 0.165859 0.011248 0.004755
0.165859 0.055903 0.002565 0.000938
0.011248 0.002565 0.806206 0.130858
0.004755 0.000938 0.130858 0.054149
22.129287 1.164543 30.279007 2.406069
0.965270 0.167754 0.003827 0.002954
0.167754 0.056156 0.000974 0.000528
0.003827 0.000974 0.730249 0.122211
0.002954 0.000528 0.122211 0.052957
23.153307 1.240443 31.597222 2.426852
1.012206 0.173852 0.019673 0.005340
0.173852 0.057167 0.003558 0.000885
0.019673 0.003558 0.702967 0.121724
0.005340 0.000885 0.121724 0.053076
23.605121 1.211957 32.280397 2.332105
1.038968 0.176242 0.007929 0.002661
0.176242 0.057512 0.001244 0.000360
0.007929 0.001244 0.658469 0.117415
0.002661 0.000360 0.117415 0.052350
24.363453 1.237583 33.197007 2.286465
1.076585 0.180523 0.007019 0.002173
0.180523 0.058199 0.000978 0.000257
0.007019 0.000978 0.634573 0.116433
0.002173 0.000257 0.116433 0.052137
24.274789 1.120435 34.038807 2.229409
1.107930 0.183676 -0.023229 -0.003781
0.183676 0.058692 -0.004116 -0.000739
-0.023229 -0.004116 0.616497 0.115912
-0.003781 -0.000739 0.115912 0.051899
25.552113 1.238025 34.523975 2.109192
1.136849 0.186420 -0.004724 0.000051
0.186420 0.059125 -0.000774 -0.000050
-0.004724 -0.000774 0.589766 0.113185
0.000051 -0.000050 0.113185 0.051159
26.020879 1.213642 35.624449 2.118047
1.183703 0.192114 -0.021028 -0.003207
0.192114 0.060048 -0.003389 -0.000576
-0.021028 -0.003389 0.591726 0.115674
-0.003207 -0.000576 0.115674 0.051398
26.709689 1.226735 36.477470 2.077351
1.226061 0.196862 -0.030250 -0.004799
0.196862 0.060789 -0.004653 -0.000795
-0.030250 -0.004653 0.585336 0.115831
-0.004799 -0.000795 0.115831 0.051093
26.452145 1.088253 37.350257 2.043112
1.260703 0.200231 -0.066953 -0.011769
0.200231 0.061293 -0.010196 -0.001858
-0.066953 -0.010196 0.585066 0.116765
-0.011769 -0.001858 0.116765 0.050920
26.388113 0.991896 37.955777 1.958275
1.292316 0.203112 -0.089091 -0.015227
0.203112 0.061726 -0.013039 -0.002303
-0.089091 -0.013039 0.577041 0.115742
-0.015227 -0.002303 0.115742 0.050343
27.708950 1.121738 39.393833 2.053415
1.366570 0.212753 -0.075739 -0.011152
0.212753 0.063235 -0.010146 -0.001554
-0.075739 -0.010146 0.588966 0.118666
-0.011152 -0.001554 0.118666 0.050615
28.932413 1.222352 39.976637 1.966102
1.412497 0.217463 -0.070502 -0.009285
0.217463 0.063902 -0.008915 -0.001248
-0.070502 -0.008915 0.573720 0.115601
-0.009285 -0.001248 0.115601 0.049643
29.964516 1.287132 41.123158 2.000754
1.476373 0.224744 -0.082421 -0.011061
0.224744 0.064948 -0.010384 -0.001517
-0.082421 -0.010384 0.579232 0.116809
-0.011061 -0.001517 0.116809 0.049611
30.821626 1.318753 41.989454 1.974539
1.528371 0.229889 -0.102435 -0.014401
0.229889 0.065633 -0.013035 -0.002017
-0.102435 -0.013035 0.576791 0.116139
-0.014401 -0.002017 0.116139 0.049200
31.133595 1.263565 42.253990 1.826968
1.550998 0.230489 -0.132531 -0.019645
0.230489 0.065632 -0.017086 -0.002785
-0.132531 -0.017086 0.562545 0.113013
-0.019645 -0.002785 0.113013 0.048328
31.621521 1.244972 43.633623 1.920529
1.617193 0.237751 -0.164460 -0.024612
0.237751 0.066662 -0.020976 -0.003434
-0.164460 -0.020976 0.582482 0.116993
-0.024612 -0.003434 0.116993 0.048971
32.595098 1.299537 45.076354 2.020213
1.696058 0.246622 -0.186876 -0.027178
0.246622 0.067900 -0.023285 -0.003714
-0.186876 -0.023285 0.597429 0.119557
-0.027178 -0.003714 0.119557 0.049284
33.381256 1.318577 45.998266 2.003417
1.755023 0.252167 -0.213025 -0.030483
0.252167 0.068603 -0.026173 -0.004132
-0.213025 -0.026173 0.596890 0.118698
-0.030483 -0.004132 0.118698 0.048886
34.704417 1.414307 47.077553 2.024302
1.829883 0.259903 -0.233059 -0.032230
0.259903 0.069623 -0.028045 -0.004315
-0.233059 -0.028045 0.599584 0.118617
-0.032230 -0.004315 0.118617 0.048710
35.865360 1.477878 48.017338 2.013796
1.896289 0.266043 -0.262611 -0.035920
0.266043 0.070374 -0.031244 -0.004788
-0.262611 -0.031244 0.601806 0.118369
-0.035920 -0.004788 0.118369 0.048512
36.448190 1.451061 48.576812 1.922649
1.937723 0.268402 -0.302415 -0.041686
0.268402 0.070571 -0.035799 -0.005553
-0.302415 -0.035799 0.600441 0.117328
-0.041686 -0.005553 0.117328 0.048161
