2.999640 2.161976 11.076558 3.538672
4.496922 1.798808 8.575946 3.430453
1.798808 80.723605 3.430453 1.372211
8.575946 3.430453 46.458374 18.583752
3.430453 1.372211 18.583752 87.437729
2.005660 -0.551035 8.793096 0.920291
4.892683 8.088913 0.727739 -0.395983
8.088913 24.011886 1.057807 5.625108
0.727739 1.057807 0.866715 0.505536
-0.395983 5.625108 0.505536 42.318645
2.721387 0.157649 6.240678 -4.719668
3.885471 4.372652 2.900520 4.892784
4.372652 7.536465 3.334803 6.387950
2.900520 3.334803 2.816424 4.847784
4.892784 6.387950 4.847784 11.176806
5.265010 2.187826 5.551144 -3.233726
1.050597 0.929037 0.189913 0.041020
0.929037 1.815997 -0.127451 0.033078
0.189913 -0.127451 2.455389 2.754564
0.041020 0.033078 2.754564 3.800289
5.838455 1.753340 5.018465 -2.400893
1.437460 1.063793 0.680565 0.479548
1.063793 1.216883 0.357535 0.406394
0.680565 0.357535 4.264795 3.209209
0.479548 0.406394 3.209209 2.700626
6.508900 1.610578 4.701047 -1.908101
1.635466 0.965528 1.186009 0.669725
0.965528 0.792767 0.595746 0.423062
1.186009 0.595746 5.991999 3.354565
0.669725 0.423062 3.354565 2.031268
9.409116 2.633205 5.017438 -1.323544
1.515436 0.737849 1.044107 0.478070
0.737849 0.493123 0.388695 0.231202
1.044107 0.388695 8.585848 3.801365
0.478070 0.231202 3.801365 1.780067
9.104726 1.945704 4.679910 -1.229375
0.796806 0.322778 1.197610 0.447550
0.322778 0.219991 0.367420 0.171644
1.197610 0.367420 12.332704 4.505744
0.447550 0.171644 4.505744 1.714900
11.178416 2.337225 7.062401 -0.281127
0.776531 0.284696 1.295008 0.416040
0.284696 0.168882 0.335136 0.132051
1.295008 0.335136 15.590976 4.839521
0.416040 0.132051 4.839521 1.555412
11.904194 2.183653 6.770298 -0.331986
0.739354 0.254020 0.507248 0.153041
0.254020 0.136561 0.037595 0.031933
0.507248 0.037595 14.933623 4.013483
0.153041 0.031933 4.013483 1.122707
13.177163 2.239596 6.857975 -0.267547
0.742920 0.235838 0.169436 0.057658
0.235838 0.114471 -0.069102 0.000770
0.169436 -0.069102 16.763838 3.981069
0.057658 0.000770 3.981069 0.983927
14.000990 2.154559 6.424173 -0.338239
0.722843 0.213223 -0.263390 -0.039500
0.213223 0.096315 -0.177042 -0.024162
-0.263390 -0.177042 17.961015 3.819112
-0.039500 -0.024162 3.819112 0.847156
13.887051 1.833611 5.515540 -0.507831
0.659332 0.182270 -0.768102 -0.133794
0.182270 0.079854 -0.287415 -0.044962
-0.768102 -0.287415 19.996290 3.849273
-0.133794 -0.044962 3.849273 0.774009
14.190567 1.674213 6.145967 -0.364748
0.670784 0.174023 -0.830027 -0.132183
0.174023 0.072077 -0.268417 -0.038709
-0.830027 -0.268417 23.845606 4.206724
-0.132183 -0.038709 4.206724 0.774085
15.011428 1.668305 7.554033 -0.105115
0.705646 0.172775 -0.883647 -0.129350
0.172775 0.067653 -0.248535 -0.033120
-0.883647 -0.248535 27.275268 4.439637
-0.129350 -0.033120 4.439637 0.754161
15.734467 1.639931 13.183473 0.754594
0.746167 0.173091 -0.791907 -0.105090
0.173091 0.064574 -0.195980 -0.023336
-0.791907 -0.195980 27.135240 4.100402
-0.105090 -0.023336 4.100402 0.651130
16.304951 1.584925 15.205112 0.982712
0.749762 0.165567 -0.412201 -0.044345
0.165567 0.060512 -0.090537 -0.007524
-0.412201 -0.090537 8.805239 1.238800
-0.044345 -0.007524 1.238800 0.206119
17.248544 1.614770 12.847972 0.604033
0.702731 0.148849 -0.266427 -0.023320
0.148849 0.055315 -0.053574 -0.002920
-0.266427 -0.053574 3.784313 0.501933
-0.023320 -0.002920 0.501933 0.098945
17.867448 1.577426 13.953608 0.704802
0.705941 0.144939 -0.245416 -0.019718
0.144939 0.053576 -0.044393 -0.002102
-0.245416 -0.044393 3.354388 0.429851
-0.019718 -0.002102 0.429851 0.088141
17.945867 1.439263 15.970352 0.902840
0.739017 0.147737 -0.274008 -0.022340
0.147737 0.053501 -0.046807 -0.002691
-0.274008 -0.046807 3.015292 0.375497
-0.022340 -0.002691 0.375497 0.080553
17.856591 1.282152 16.900995 0.949036
0.752579 0.146730 -0.294274 -0.024227
0.146730 0.052801 -0.048865 -0.003248
-0.294274 -0.048865 2.420855 0.294729
-0.024227 -0.003248 0.294729 0.070415
18.665931 1.321916 18.863942 1.135092
0.765757 0.146726 -0.185423 -0.010262
0.146726 0.052594 -0.025137 -0.000580
-0.185423 -0.025137 2.157038 0.262586
-0.010262 -0.000580 0.262586 0.067223
19.616377 1.381491 20.318551 1.249071
0.776687 0.146573 -0.094289 0.000550
0.146573 0.052442 -0.008006 0.001135
-0.094289 -0.008006 1.837104 0.225166
0.000550 0.001135 0.225166 0.063480
19.857909 1.305286 22.389428 1.423285
0.820680 0.152433 -0.093201 0.000032
0.152433 0.053407 -0.008921 0.000642
-0.093201 -0.008921 1.629568 0.202156
0.000032 0.000642 0.202156 0.061472
20.464877 1.297481 23.213947 1.437076
0.833437 0.152445 -0.061351 0.002971
0.152445 0.053307 -0.004491 0.000804
-0.061351 -0.004491 1.346441 0.170765
0.002971 0.000804 0.170765 0.058430
20.718174 1.230338 24.863920 1.555275
0.874866 0.157803 -0.062068 0.001913
0.157803 0.054226 -0.005596 0.000345
-0.062068 -0.005596 1.213027 0.159158
0.001913 0.000345 0.159158 0.057868
21.200960 1.208557 26.061572 1.611439
0.904854 0.160984 -0.046447 0.002999
0.160984 0.054748 -0.003666 0.000325
-0.046447 -0.003666 1.074806 0.146748
0.002999 0.000325 0.146748 0.057043
21.604868 1.176272 27.636764 1.719749
0.949813 0.166766 -0.039625 0.002988
0.166766 0.055735 -0.003189 0.000162
-0.039625 -0.003189 0.992035 0.141631
0.002988 0.000162 0.141631 0.057048
21.660593 1.084375 28.612597 1.732851
0.980175 0.169716 -0.051334 0.000127
0.169716 0.056190 -0.005963 -0.000473
-0.051334 -0.005963 0.893904 0.133264
0.000127 -0.000473 0.133264 0.056321
21.725992 1.003745 29.797586 1.779280
1.019083 0.174196 -0.057238 -0.001607
0.174196 0.056932 -0.007314 -0.000827
-0.057238 -0.007314 0.832131 0.129853
-0.001607 -0.000827 0.129853 0.056172
22.340970 1.021372 30.157407 1.693437
1.028850 0.173727 -0.036477 0.000935
0.173727 0.056843 -0.004065 -0.000431
-0.036477 -0.004065 0.750042 0.122353
0.000935 -0.000431 0.122353 0.055171
22.963149 1.041364 31.575894 1.791747
1.078762 0.180287 -0.024395 0.002246
0.180287 0.057983 -0.002340 -0.000237
-0.024395 -0.002340 0.734938 0.125368
0.002246 -0.000237 0.125368 0.055771
23.109183 0.979928 32.740871 1.837421
1.121100 0.185244 -0.034493 -0.000414
0.185244 0.058801 -0.004406 -0.000709
-0.034493 -0.004406 0.711806 0.125662
-0.000414 -0.000709 0.125662 0.055659
23.714485 0.997605 32.891472 1.698253
1.128077 0.184311 -0.024430 0.000658
0.184311 0.058642 -0.002991 -0.000530
-0.024430 -0.002991 0.656630 0.119305
0.000658 -0.000530 0.119305 0.054221
24.554327 1.052505 33.468982 1.648780
1.152679 0.186600 -0.012612 0.002161
0.186600 0.059065 -0.001313 -0.000278
-0.012612 -0.001313 0.633277 0.118416
0.002161 -0.000278 0.118416 0.053756
25.941501 1.190176 33.540580 1.507416
1.163096 0.186684 0.011026 0.005863
0.186684 0.059141 0.002174 0.000318
0.011026 0.002174 0.599465 0.114819
0.005863 0.000318 0.114819 0.052694
26.445034 1.175556 34.578957 1.562896
1.204539 0.191941 -0.006948 0.001344
0.191941 0.060068 -0.001172 -0.000425
-0.006948 -0.001172 0.608867 0.119087
0.001344 -0.000425 0.119087 0.053120
26.874168 1.150448 35.431280 1.576653
1.239899 0.196037 -0.027076 -0.003157
0.196037 0.060771 -0.004514 -0.001093
-0.027076 -0.004514 0.610441 0.120870
-0.003157 -0.001093 0.120870 0.052957
28.034482 1.242124 36.620638 1.657691
1.298869 0.203725 -0.028077 -0.003349
0.203725 0.062015 -0.004544 -0.001032
-0.028077 -0.004544 0.618861 0.123441
-0.003349 -0.001032 0.123441 0.052937
29.050014 1.303394 37.997966 1.768078
1.362732 0.211774 -0.042699 -0.006215
0.211774 0.063253 -0.006672 -0.001396
-0.042699 -0.006672 0.629914 0.125930
-0.006215 -0.001396 0.125930 0.052887
30.262388 1.389520 38.533713 1.699550
1.402628 0.215717 -0.052780 -0.007921
0.215717 0.063802 -0.007926 -0.001561
-0.052780 -0.007926 0.609390 0.121636
-0.007921 -0.001561 0.121636 0.051495
31.194800 1.425772 39.464050 1.716162
1.450064 0.220737 -0.079381 -0.012753
0.220737 0.064516 -0.011600 -0.002200
-0.079381 -0.011600 0.608317 0.121413
-0.012753 -0.002200 0.121413 0.051046
32.100964 1.455886 40.932035 1.838542
1.515370 0.228283 -0.113670 -0.018625
0.228283 0.065597 -0.016140 -0.002957
-0.113670 -0.016140 0.624347 0.124439
-0.018625 -0.002957 0.124439 0.051288
32.916691 1.468366 41.620963 1.792965
1.557302 0.231978 -0.146012 -0.023646
0.231978 0.066061 -0.020139 -0.003565
-0.146012 -0.020139 0.613775 0.121752
-0.023646 -0.003565 0.121752 0.050383
32.996559 1.371804 42.551901 1.796865
1.593057 0.234648 -0.195598 -0.031725
0.234648 0.066371 -0.026404 -0.004600
-0.195598 -0.026404 0.619381 0.122371
-0.031725 -0.004600 0.122371 0.050216
33.254980 1.309436 43.500542 1.804328
1.639950 0.239021 -0.234010 -0.036862
0.239021 0.066953 -0.030667 -0.005167
-0.234010 -0.030667 0.624007 0.122691
-0.036862 -0.005167 0.122691 0.050022
33.188410 1.202178 44.102251 1.739293
1.673145 0.241302 -0.270047 -0.041289
0.241302 0.067224 -0.034473 -0.005650
-0.270047 -0.034473 0.620424 0.121286
-0.041289 -0.005650 0.121286 0.049511
33.852140 1.215871 45.443937 1.833752
1.747516 0.249704 -0.293342 -0.042592
0.249704 0.068410 -0.036168 -0.005664
-0.293342 -0.036168 0.634201 0.123506
-0.042592 -0.005664 0.123506 0.049794
34.894849 1.278384 46.372961 1.840693
1.814869 0.256808 -0.306360 -0.041985
0.256808 0.069370 -0.036626 -0.005487
-0.306360 -0.036626 0.631628 0.122330
-0.041985 -0.005487 0.122330 0.049400
35.315004 1.256547 48.008027 1.980126
1.894823 0.265094 -0.344038 -0.046388
0.265094 0.070423 -0.040408 -0.006014
-0.344038 -0.040408 0.654448 0.126012
-0.046388 -0.006014 0.126012 0.049958
