1.050446 1.382282 -0.611071 -1.136481
1.562520 0.625022 -0.363682 -0.145476
0.625022 80.254081 -0.145476 -0.058192
-0.363682 -0.145476 2.789628 1.115875
-0.145476 -0.058192 1.115875 80.450427
1.638215 1.294038 1.915910 4.190054
2.907473 5.278001 -1.506514 -2.499165
5.278001 15.176756 -2.696879 -5.560989
-1.506514 -2.696879 1.941145 3.293379
-2.499165 -5.560989 3.293379 14.859855
3.790722 2.973104 4.260181 4.740133
2.289389 2.445508 -1.254405 -1.272834
2.445508 3.952441 -1.228320 -1.653839
-1.254405 -1.228320 2.378077 2.880788
-1.272834 -1.653839 2.880788 5.343154
6.049911 3.473248 3.762090 2.284806
1.960046 1.522418 -0.802325 -0.546043
1.522418 1.716137 -0.570933 -0.585078
-0.802325 -0.570933 1.662103 1.394239
-0.546043 -0.585078 1.394239 1.822440
7.690356 3.381586 3.147671 1.091679
1.030747 0.626371 -0.461626 -0.264616
0.626371 0.651156 -0.254484 -0.254305
-0.461626 -0.254484 1.617848 1.073271
-0.264616 -0.254305 1.073271 1.019464
7.181570 2.235057 5.110449 1.819418
0.398715 0.211199 0.043145 0.030883
0.211199 0.268695 0.034580 -0.042333
0.043145 0.034580 1.048646 0.569888
0.030883 -0.042333 0.569888 0.481906
8.580690 2.378150 6.137965 1.865892
0.522049 0.268445 -0.055519 -0.042044
0.268445 0.234123 -0.040418 -0.065117
-0.055519 -0.040418 1.034029 0.485662
-0.042044 -0.065117 0.485662 0.335720
9.369613 2.201961 6.680777 1.721104
0.565851 0.259184 -0.189644 -0.096102
0.259184 0.181627 -0.099481 -0.071558
-0.189644 -0.099481 0.995380 0.410359
-0.096102 -0.071558 0.410359 0.242260
10.623493 2.261077 7.774402 1.800526
0.593842 0.239850 -0.245562 -0.103297
0.239850 0.141790 -0.106637 -0.058421
-0.245562 -0.106637 0.938474 0.342175
-0.103297 -0.058421 0.342175 0.178332
11.031531 2.003251 8.637388 1.801088
0.574760 0.206447 -0.295674 -0.105054
0.206447 0.108992 -0.109222 -0.048027
-0.295674 -0.109222 0.883688 0.289277
-0.105054 -0.048027 0.289277 0.136774
11.960225 1.980421 10.232246 2.006016
0.617268 0.200119 -0.289404 -0.090504
0.200119 0.093882 -0.092968 -0.035641
-0.289404 -0.092968 0.830430 0.246855
-0.090504 -0.035641 0.246855 0.108467
12.648596 1.889889 11.068328 1.961149
0.634929 0.187450 -0.284860 -0.079157
0.187450 0.080926 -0.080995 -0.027374
-0.284860 -0.080995 0.788898 0.215900
-0.079157 -0.027374 0.215900 0.089816
12.632257 1.633087 13.082843 2.223182
0.617555 0.168015 -0.253013 -0.063063
0.168015 0.069327 -0.064519 -0.019821
-0.253013 -0.064519 0.688087 0.175452
-0.063063 -0.019821 0.175452 0.072727
13.852265 1.728428 13.297309 2.007023
0.587597 0.149194 -0.232472 -0.052674
0.149194 0.060421 -0.053714 -0.015144
-0.232472 -0.053714 0.643688 0.155488
-0.052674 -0.015144 0.155488 0.063815
14.076690 1.578846 14.893997 2.139799
0.577610 0.138938 -0.202024 -0.041507
0.138938 0.055436 -0.042466 -0.011152
-0.202024 -0.042466 0.595715 0.137893
-0.041507 -0.011152 0.137893 0.057083
15.746033 1.774557 15.171549 1.970074
0.536653 0.123339 -0.177857 -0.033804
0.123339 0.050180 -0.034291 -0.008578
-0.177857 -0.034291 0.564618 0.126631
-0.033804 -0.008578 0.126631 0.052880
15.851740 1.596398 16.100454 1.946267
0.505617 0.112385 -0.166148 -0.029810
0.112385 0.046833 -0.030353 -0.007279
-0.166148 -0.030353 0.518472 0.113384
-0.029810 -0.007279 0.113384 0.048858
16.717456 1.613634 17.215912 1.978791
0.505658 0.110139 -0.148680 -0.024579
0.110139 0.045987 -0.025063 -0.005746
-0.148680 -0.025063 0.513031 0.110844
-0.024579 -0.005746 0.110844 0.047772
17.071779 1.509330 17.872513 1.898338
0.499168 0.106696 -0.149472 -0.024093
0.106696 0.044989 -0.024582 -0.005488
-0.149472 -0.024582 0.499638 0.106579
-0.024093 -0.005488 0.106579 0.046407
17.432142 1.416837 18.392791 1.798088
0.481194 0.101663 -0.135342 -0.020660
0.101663 0.043877 -0.021123 -0.004663
-0.135342 -0.021123 0.476983 0.101091
-0.020660 -0.004663 0.101091 0.045020
17.337908 1.249329 19.568876 1.843106
0.471818 0.099082 -0.127690 -0.018844
0.099082 0.043414 -0.019410 -0.004269
-0.127690 -0.019410 0.456594 0.096553
-0.018844 -0.004269 0.096553 0.043965
17.868224 1.237338 20.948367 1.940760
0.463967 0.097453 -0.107118 -0.014386
0.097453 0.043266 -0.014976 -0.003313
-0.107118 -0.014976 0.444012 0.094385
-0.014386 -0.003313 0.094385 0.043575
18.256994 1.192329 22.157123 1.988389
0.450806 0.094659 -0.100689 -0.013533
0.094659 0.042819 -0.014085 -0.003236
-0.100689 -0.014085 0.426819 0.091070
-0.013533 -0.003236 0.091070 0.042883
18.534597 1.119358 22.875298 1.922161
0.455463 0.095981 -0.095653 -0.012682
0.095981 0.043289 -0.013168 -0.003068
-0.095653 -0.013168 0.430547 0.092552
-0.012682 -0.003068 0.092552 0.043283
19.247294 1.151447 23.792093 1.915100
0.448342 0.094699 -0.088353 -0.011597
0.094699 0.043149 -0.011968 -0.002888
-0.088353 -0.011968 0.426378 0.092100
-0.011597 -0.002888 0.092100 0.043202
19.808974 1.152676 25.021932 1.974815
0.428729 0.090939 -0.076102 -0.009666
0.090939 0.042491 -0.009914 -0.002558
-0.076102 -0.009914 0.412846 0.089634
-0.009666 -0.002558 0.089634 0.042684
20.262106 1.135501 26.655918 2.115887
0.416692 0.089225 -0.056994 -0.006173
0.089225 0.042329 -0.006368 -0.001865
-0.056994 -0.006368 0.406976 0.089112
-0.006173 -0.001865 0.089112 0.042647
20.811963 1.131671 27.718739 2.116726
0.410985 0.088757 -0.051014 -0.005725
0.088757 0.042370 -0.005831 -0.001850
-0.051014 -0.005831 0.406940 0.089616
-0.005725 -0.001850 0.089616 0.042768
21.370464 1.125160 28.346420 2.020832
0.398005 0.086598 -0.048891 -0.006133
0.086598 0.041991 -0.006181 -0.002015
-0.048891 -0.006181 0.397385 0.087817
-0.006133 -0.002015 0.087817 0.042339
22.227830 1.191138 29.443657 2.043356
0.387481 0.085127 -0.042049 -0.005273
0.085127 0.041774 -0.005227 -0.001829
-0.042049 -0.005227 0.396460 0.088102
-0.005273 -0.001829 0.088102 0.042415
22.954513 1.222532 30.706381 2.098571
0.377519 0.083735 -0.039859 -0.005407
0.083735 0.041541 -0.005252 -0.001849
-0.039859 -0.005252 0.399782 0.089175
-0.005407 -0.001849 0.089175 0.042632
23.707408 1.250958 31.337824 2.006052
0.381157 0.085346 -0.042374 -0.006349
0.085346 0.041952 -0.006255 -0.002036
-0.042374 -0.006255 0.400302 0.089407
-0.006349 -0.002036 0.089407 0.042624
23.831489 1.136474 32.196500 1.969817
0.384793 0.086630 -0.049181 -0.008077
0.086630 0.042211 -0.007973 -0.002354
-0.049181 -0.007973 0.409530 0.091497
-0.008077 -0.002354 0.091497 0.043026
25.014600 1.275631 33.138749 1.964965
0.385665 0.087054 -0.056346 -0.009669
0.087054 0.042233 -0.009558 -0.002613
-0.056346 -0.009558 0.416967 0.092945
-0.009669 -0.002613 0.092945 0.043249
25.569288 1.254263 33.820615 1.897176
0.386442 0.087323 -0.065020 -0.011404
0.087323 0.042205 -0.011304 -0.002889
-0.065020 -0.011304 0.423447 0.094020
-0.011404 -0.002889 0.094020 0.043379
26.441027 1.312013 34.994875 1.949562
0.380673 0.085981 -0.077046 -0.013761
0.085981 0.041803 -0.013567 -0.003282
-0.077046 -0.013567 0.437490 0.096659
-0.013761 -0.003282 0.096659 0.043854
27.454852 1.393617 35.956372 1.950263
0.381259 0.086275 -0.078790 -0.013561
0.086275 0.041828 -0.013367 -0.003096
-0.078790 -0.013367 0.443201 0.097312
-0.013561 -0.003096 0.097312 0.043886
27.583552 1.262357 36.826637 1.920780
0.381076 0.086270 -0.083351 -0.014073
0.086270 0.041765 -0.013894 -0.003121
-0.083351 -0.013894 0.448591 0.097861
-0.014073 -0.003121 0.097861 0.043911
27.951844 1.199419 37.575939 1.871285
0.387634 0.087702 -0.092989 -0.015622
0.087702 0.042018 -0.015517 -0.003389
-0.092989 -0.015517 0.459826 0.099645
-0.015622 -0.003389 0.099645 0.044216
28.529242 1.200656 38.972409 1.971452
0.379186 0.085627 -0.094137 -0.015427
0.085627 0.041469 -0.015077 -0.003251
-0.094137 -0.015077 0.471823 0.101599
-0.015427 -0.003251 0.101599 0.044575
30.944106 1.605585 39.154519 1.823394
0.259137 0.058592 -0.062901 -0.009910
0.058592 0.035343 -0.007701 -0.002004
-0.062901 -0.007701 0.458398 0.098394
-0.009910 -0.002004 0.098394 0.043884
31.434185 1.529084 39.979702 1.800256
0.288334 0.068213 -0.072810 -0.011594
0.068213 0.038081 -0.010392 -0.002501
-0.072810 -0.010392 0.466821 0.099704
-0.011594 -0.002501 0.099704 0.044152
32.076197 1.504139 41.204760 1.868334
0.305550 0.073689 -0.076701 -0.012065
0.073689 0.039455 -0.011377 -0.002658
-0.076701 -0.011377 0.473993 0.100787
-0.012065 -0.002658 0.100787 0.044382
32.632399 1.449397 41.731983 1.778351
0.305297 0.074216 -0.068633 -0.010243
0.074216 0.039459 -0.009650 -0.002302
-0.068633 -0.009650 0.460507 0.097595
-0.010243 -0.002302 0.097595 0.043726
33.492363 1.488127 42.963158 1.853444
0.331422 0.080897 -0.070129 -0.010293
0.080897 0.040931 -0.010241 -0.002386
-0.070129 -0.010241 0.460951 0.097623
-0.010293 -0.002386 0.097623 0.043802
33.945239 1.417428 43.941791 1.860528
0.360168 0.087236 -0.078443 -0.011807
0.087236 0.042141 -0.012474 -0.002820
-0.078443 -0.012474 0.457510 0.096764
-0.011807 -0.002820 0.096764 0.043663
34.278598 1.326664 44.874640 1.855899
0.376979 0.090055 -0.078601 -0.011624
0.090055 0.042443 -0.012582 -0.002811
-0.078601 -0.012582 0.443670 0.093912
-0.011624 -0.002811 0.093912 0.043132
35.039367 1.341621 45.220927 1.732185
0.381852 0.090074 -0.059356 -0.007471
0.090074 0.042175 -0.008474 -0.001937
-0.059356 -0.008474 0.399316 0.085035
-0.007471 -0.001937 0.085035 0.041395
35.484038 1.293437 46.460144 1.810511
0.413295 0.095981 -0.075683 -0.011067
0.095981 0.043281 -0.012436 -0.002804
-0.075683 -0.012436 0.407371 0.087762
-0.011067 -0.002804 0.087762 0.042173
36.223827 1.309522 46.945906 1.719518
0.422698 0.096645 -0.062852 -0.008209
0.096645 0.043208 -0.009810 -0.002214
-0.062852 -0.009810 0.365430 0.079508
-0.008209 -0.002214 0.079508 0.040504
