3.569344 2.389863 7.569777 2.135929
4.378864 1.751583 8.946100 3.578518
1.751583 80.704715 3.578518 1.431438
8.946100 3.578518 27.563178 11.025510
3.578518 1.431438 11.025510 84.414366
1.838994 -1.970752 6.154257 0.651795
4.890315 8.410572 0.486687 -1.029281
8.410572 22.921911 0.412336 8.016977
0.486687 0.412336 1.437243 1.227758
-1.029281 8.016977 1.227758 36.236037
2.771328 0.188367 7.539322 2.342102
2.748651 3.095006 1.519948 2.425772
3.095006 5.607674 3.567843 7.164575
1.519948 3.567843 10.784941 17.813025
2.425772 7.164575 17.813025 33.718658
9.607848 5.538499 12.389709 5.887820
2.162696 1.764913 1.944167 1.850594
1.764913 2.149509 2.045891 2.331313
1.944167 2.045891 8.940417 8.378847
1.850594 2.331313 8.378847 9.106146
9.067696 3.381734 9.889331 2.257080
1.582183 0.942922 -1.054920 -0.663049
0.942922 0.900413 -0.622343 -0.217598
-1.054920 -0.622343 0.966729 0.614807
-0.663049 -0.217598 0.614807 0.965473
10.451878 3.217743 11.174817 2.310181
1.649374 0.837978 -1.042201 -0.455643
0.837978 0.621673 -0.384321 -0.067973
-1.042201 -0.384321 1.312606 0.849317
-0.455643 -0.067973 0.849317 0.840484
9.335956 1.306349 8.878202 -0.396497
1.365978 0.533492 -1.181656 -0.522279
0.533492 0.308306 -0.416724 -0.175398
-1.181656 -0.416724 1.329236 0.649934
-0.522279 -0.175398 0.649934 0.439084
10.569151 1.513650 8.220917 -0.554542
1.275313 0.445300 -1.086766 -0.389847
0.445300 0.228406 -0.295692 -0.100305
-1.086766 -0.295692 1.544125 0.670079
-0.389847 -0.100305 0.670079 0.369652
10.621432 1.272856 8.335853 -0.462002
1.153217 0.356931 -1.010180 -0.315030
0.356931 0.166344 -0.206664 -0.062110
-1.010180 -0.206664 1.933811 0.741893
-0.315030 -0.062110 0.741893 0.338384
11.269205 1.295081 8.346718 -0.371773
1.120876 0.318637 -0.930176 -0.250329
0.318637 0.136091 -0.140748 -0.036500
-0.930176 -0.140748 2.407596 0.811563
-0.250329 -0.036500 0.811563 0.314133
11.621847 1.189932 7.909999 -0.468456
0.987650 0.253625 -0.870051 -0.214474
0.253625 0.103157 -0.100467 -0.026152
-0.870051 -0.100467 2.900559 0.860668
-0.214474 -0.026152 0.860668 0.288011
11.932346 1.127192 8.040146 -0.381092
0.939974 0.224826 -0.820372 -0.183431
0.224826 0.087451 -0.068197 -0.017327
-0.820372 -0.068197 3.520851 0.929575
-0.183431 -0.017327 0.929575 0.274019
12.177691 1.086506 8.959025 -0.121752
0.951277 0.216343 -0.758070 -0.153053
0.216343 0.080137 -0.038483 -0.009753
-0.758070 -0.038483 4.220443 1.001475
-0.153053 -0.009753 1.001475 0.264165
12.493895 1.080345 10.475504 0.217423
0.949460 0.206983 -0.649180 -0.118534
0.206983 0.074075 -0.009150 -0.003523
-0.649180 -0.009150 4.787842 1.030501
-0.118534 -0.003523 1.030501 0.247336
14.030125 1.282954 9.772427 0.074387
0.827291 0.174539 -0.427304 -0.069732
0.174539 0.063885 0.015051 0.000339
-0.427304 0.015051 4.371313 0.860772
-0.069732 0.000339 0.860772 0.194716
14.245640 1.230048 11.598985 0.395829
0.839938 0.170926 -0.395403 -0.061118
0.170926 0.061021 0.014965 -0.000197
-0.395403 0.014965 4.675018 0.849357
-0.061118 -0.000197 0.849357 0.179715
14.745666 1.220569 12.576166 0.526874
0.809678 0.159709 -0.338903 -0.049775
0.159709 0.057058 0.005951 -0.002117
-0.338903 0.005951 4.173058 0.704393
-0.049775 -0.002117 0.704393 0.144794
15.195022 1.223134 15.052953 0.877324
0.818183 0.158347 -0.248990 -0.034095
0.158347 0.055995 0.012049 -0.001188
-0.248990 0.012049 3.943266 0.624607
-0.034095 -0.001188 0.624607 0.125537
15.698378 1.234244 17.877268 1.234602
0.832885 0.158609 -0.148886 -0.018673
0.158609 0.055479 0.016899 -0.000499
-0.148886 0.016899 3.402826 0.509635
-0.018673 -0.000499 0.509635 0.103766
16.545706 1.278741 18.597124 1.249839
0.813496 0.152373 -0.065108 -0.007279
0.152373 0.053837 0.015608 -0.000736
-0.065108 0.015608 2.446218 0.349579
-0.007279 -0.000736 0.349579 0.078315
17.972082 1.421655 18.949040 1.212682
0.784074 0.145230 0.030191 0.004838
0.145230 0.052390 0.023802 0.000421
0.030191 0.023802 1.933181 0.267806
0.004838 0.000421 0.267806 0.066401
18.681866 1.428790 20.580190 1.352360
0.804688 0.147339 0.032875 0.003600
0.147339 0.052717 0.018291 -0.000331
0.032875 0.018291 1.717875 0.234103
0.003600 -0.000331 0.234103 0.062114
18.917023 1.343912 21.610067 1.401498
0.816825 0.147747 -0.009728 -0.003423
0.147747 0.052731 0.005799 -0.001931
-0.009728 0.005799 1.456744 0.197317
-0.003423 -0.001931 0.197317 0.057774
19.248503 1.284233 22.665753 1.450966
0.833457 0.149347 -0.026320 -0.006278
0.149347 0.053049 0.000207 -0.002477
-0.026320 0.000207 1.274541 0.173768
-0.006278 -0.002477 0.173768 0.055464
20.335862 1.363611 23.458914 1.458840
0.839101 0.149253 0.010848 -0.001329
0.149253 0.053111 0.005248 -0.001513
0.010848 0.005248 1.128874 0.156374
-0.001329 -0.001513 0.156374 0.054018
20.538763 1.278919 24.142245 1.454129
0.849915 0.150127 -0.017618 -0.005772
0.150127 0.053343 -0.001331 -0.002237
-0.017618 -0.001331 1.008291 0.143399
-0.005772 -0.002237 0.143399 0.053170
20.969316 1.242998 25.528894 1.551761
0.886350 0.155662 -0.022394 -0.006523
0.155662 0.054410 -0.002809 -0.002208
-0.022394 -0.002809 0.958393 0.140835
-0.006523 -0.002208 0.140835 0.053705
20.922538 1.126840 26.760453 1.623061
0.922162 0.160757 -0.049242 -0.010473
0.160757 0.055334 -0.007856 -0.002730
-0.049242 -0.007856 0.902206 0.137021
-0.010473 -0.002730 0.137021 0.053872
20.860328 1.018284 27.182860 1.563538
0.932954 0.161269 -0.066814 -0.012663
0.161269 0.055420 -0.010781 -0.002908
-0.066814 -0.010781 0.816664 0.128163
-0.012663 -0.002908 0.128163 0.053068
21.791427 1.091576 28.547558 1.657858
0.971613 0.166789 -0.034826 -0.006740
0.166789 0.056406 -0.004837 -0.001679
-0.034826 -0.004837 0.796363 0.129532
-0.006740 -0.001679 0.129532 0.053764
21.988368 1.032448 29.568784 1.690325
1.005358 0.171116 -0.042356 -0.007712
0.171116 0.057127 -0.006149 -0.001743
-0.042356 -0.006149 0.762147 0.127872
-0.007712 -0.001743 0.127872 0.053767
22.439598 1.021772 30.605938 1.723462
1.040768 0.175568 -0.037470 -0.006469
0.175568 0.057850 -0.005210 -0.001431
-0.037470 -0.005210 0.734270 0.126732
-0.006469 -0.001431 0.126732 0.053715
23.368778 1.092217 31.800307 1.782529
1.083700 0.181126 -0.017219 -0.002568
0.181126 0.058742 -0.001754 -0.000703
-0.017219 -0.001754 0.716044 0.126741
-0.002568 -0.000703 0.126741 0.053743
23.687993 1.055421 33.256303 1.884517
1.138031 0.188258 -0.027837 -0.004485
0.188258 0.059853 -0.003670 -0.000997
-0.027837 -0.003670 0.709680 0.128290
-0.004485 -0.000997 0.128290 0.053938
24.281294 1.066655 34.591584 1.956780
1.190679 0.194740 -0.027971 -0.004317
0.194740 0.060814 -0.003683 -0.000925
-0.027971 -0.003683 0.695538 0.127786
-0.004317 -0.000925 0.127786 0.053661
25.433980 1.166484 35.354732 1.917236
1.227625 0.198396 -0.011483 -0.001072
0.198396 0.061293 -0.001020 -0.000367
-0.011483 -0.001020 0.660854 0.123053
-0.001072 -0.000367 0.123053 0.052553
25.892658 1.146723 36.447745 1.942518
1.272835 0.203293 -0.027970 -0.004286
0.203293 0.061977 -0.003808 -0.000880
-0.027970 -0.003808 0.647356 0.122222
-0.004286 -0.000880 0.122222 0.052196
27.385277 1.291275 36.876317 1.839719
1.305716 0.206137 -0.011285 -0.000903
0.206137 0.062340 -0.001124 -0.000312
-0.011285 -0.001124 0.611937 0.116900
-0.000903 -0.000312 0.116900 0.050958
27.877820 1.267797 38.282254 1.933683
1.361575 0.212569 -0.039545 -0.006463
0.212569 0.063278 -0.005630 -0.001177
-0.039545 -0.005630 0.619458 0.119884
-0.006463 -0.001177 0.119884 0.051357
28.478899 1.262344 38.913081 1.868072
1.394762 0.215244 -0.059939 -0.010028
0.215244 0.063611 -0.008562 -0.001670
-0.059939 -0.008562 0.600781 0.117169
-0.010028 -0.001670 0.117169 0.050568
29.567693 1.332061 39.738621 1.847525
1.443280 0.220340 -0.069341 -0.011122
0.220340 0.064340 -0.009587 -0.001756
-0.069341 -0.009587 0.591355 0.116227
-0.011122 -0.001756 0.116227 0.050162
30.567236 1.382817 40.814064 1.878343
1.499677 0.226467 -0.088739 -0.014121
0.226467 0.065211 -0.012058 -0.002135
-0.088739 -0.012058 0.592565 0.117186
-0.014121 -0.002135 0.117186 0.050131
30.931253 1.333632 41.678586 1.862516
1.538368 0.229673 -0.125170 -0.020334
0.229673 0.065616 -0.016932 -0.002983
-0.125170 -0.016932 0.591534 0.117333
-0.020334 -0.002983 0.117333 0.049908
32.026815 1.398997 43.062353 1.954554
1.611225 0.238008 -0.146654 -0.022931
0.238008 0.066803 -0.019228 -0.003245
-0.146654 -0.019228 0.602539 0.119725
-0.022931 -0.003245 0.119725 0.050150
32.323500 1.340202 44.086134 1.961876
1.658136 0.242046 -0.186915 -0.029240
0.242046 0.067299 -0.024221 -0.004068
-0.186915 -0.024221 0.606023 0.120151
-0.029240 -0.004068 0.120151 0.049953
33.382666 1.393195 44.541456 1.859208
1.703597 0.245983 -0.202554 -0.030150
0.245983 0.067809 -0.025485 -0.004102
-0.202554 -0.025485 0.590286 0.116720
-0.030150 -0.004102 0.116720 0.049034
33.498929 1.311719 45.723363 1.905570
1.754709 0.250477 -0.246995 -0.036852
0.250477 0.068372 -0.030692 -0.004955
-0.246995 -0.030692 0.605630 0.119530
-0.036852 -0.004955 0.119530 0.049402
34.237961 1.320069 46.308955 1.832693
1.802170 0.254576 -0.268544 -0.038505
0.254576 0.068907 -0.032577 -0.005102
-0.268544 -0.032577 0.599318 0.117819
-0.038505 -0.005102 0.117819 0.048866
34.773840 1.300416 47.038265 1.793939
1.850961 0.258746 -0.296569 -0.041471
0.258746 0.069441 -0.035302 -0.005445
-0.296569 -0.035302 0.601958 0.117933
-0.041471 -0.005445 0.117933 0.048729
35.085931 1.253400 47.974636 1.798139
1.904067 0.263403 -0.329829 -0.045348
0.263403 0.070033 -0.038623 -0.005910
-0.329829 -0.038623 0.612706 0.119540
-0.045348 -0.005910 0.119540 0.048890
