2.546788 1.980832 -0.625723 -1.142342
2.122241 0.848915 -0.960019 -0.384016
0.848915 80.343640 -0.384016 -0.153610
-0.960019 -0.384016 3.335959 1.334413
-0.384016 -0.153610 1.334413 80.537843
3.457020 2.046749 1.387802 3.198001
3.009270 5.278683 -1.110151 -1.623715
5.278683 16.470193 -1.866403 -5.407150
-1.110151 -1.866403 1.410922 2.283073
-1.623715 -5.407150 2.283073 14.319687
7.422535 5.251290 1.707672 1.787884
2.153462 2.345492 -0.949589 -1.050322
2.345492 4.306519 -1.031743 -1.851445
-0.949589 -1.031743 1.542703 1.996340
-1.050322 -1.851445 1.996340 4.538053
9.684408 4.956932 2.636987 1.798953
1.438204 1.161601 -0.485284 -0.370237
1.161601 1.617990 -0.383066 -0.568681
-0.485284 -0.383066 1.578828 1.462342
-0.370237 -0.568681 1.462342 1.991406
8.737334 2.708728 4.755042 2.596847
0.357052 0.233779 0.083722 0.064207
0.233779 0.482019 0.051593 -0.093412
0.083722 0.051593 1.240183 0.868614
0.064207 -0.093412 0.868614 0.895398
8.398953 1.580207 5.658987 2.490896
0.357507 0.245028 -0.125047 -0.096029
0.245028 0.335328 -0.121255 -0.148962
-0.125047 -0.121255 1.151938 0.663352
-0.096029 -0.148962 0.663352 0.536555
8.696931 1.306193 5.814496 2.009965
0.545169 0.329694 -0.277958 -0.164891
0.329694 0.289981 -0.186985 -0.139545
-0.277958 -0.186985 1.214778 0.588071
-0.164891 -0.139545 0.588071 0.379250
9.303579 1.286696 6.286397 1.798812
0.694498 0.348827 -0.369569 -0.176513
0.348827 0.231162 -0.192578 -0.108622
-0.369569 -0.192578 1.208594 0.498410
-0.176513 -0.108622 0.498410 0.269705
9.531782 1.110595 8.167046 2.151978
0.752000 0.317889 -0.385237 -0.153534
0.317889 0.173690 -0.163547 -0.075784
-0.385237 -0.163547 1.077096 0.385885
-0.153534 -0.075784 0.385885 0.185925
10.488465 1.255476 8.563656 1.933907
0.768967 0.280310 -0.388372 -0.132119
0.280310 0.132875 -0.139181 -0.054571
-0.388372 -0.139181 0.990562 0.315235
-0.132119 -0.054571 0.315235 0.138533
10.328072 1.001830 9.857751 2.031600
0.720391 0.231541 -0.350652 -0.104037
0.231541 0.100451 -0.108731 -0.037453
-0.350652 -0.108731 0.846356 0.243552
-0.104037 -0.037453 0.243552 0.102632
11.057096 1.070187 11.036716 2.075271
0.688748 0.199592 -0.308659 -0.081191
0.199592 0.081325 -0.084185 -0.026054
-0.308659 -0.084185 0.757952 0.201127
-0.081191 -0.026054 0.201127 0.082430
12.236583 1.242220 11.872770 2.028681
0.651956 0.173327 -0.272885 -0.064445
0.173327 0.068224 -0.066344 -0.018729
-0.272885 -0.066344 0.703846 0.175012
-0.064445 -0.018729 0.175012 0.070397
12.922484 1.254320 12.536740 1.945387
0.631891 0.156387 -0.264275 -0.057049
0.156387 0.060222 -0.058607 -0.015151
-0.264275 -0.058607 0.668976 0.157644
-0.057049 -0.015151 0.157644 0.062671
13.601197 1.267016 13.535295 1.952037
0.568157 0.132929 -0.215099 -0.042157
0.132929 0.052427 -0.043229 -0.010575
-0.215099 -0.043229 0.588669 0.133050
-0.042157 -0.010575 0.133050 0.054768
14.204108 1.253732 14.108588 1.860825
0.553694 0.124281 -0.201460 -0.036687
0.124281 0.049288 -0.037507 -0.008663
-0.201460 -0.037507 0.570655 0.125398
-0.036687 -0.008663 0.125398 0.051762
14.488793 1.158596 13.922735 1.608105
0.522238 0.113106 -0.208173 -0.036796
0.113106 0.046086 -0.037425 -0.008341
-0.208173 -0.037425 0.539367 0.115525
-0.036796 -0.008341 0.115525 0.048659
15.148247 1.182909 15.079313 1.686927
0.498716 0.106181 -0.173870 -0.027902
0.106181 0.044482 -0.028492 -0.006108
-0.173870 -0.028492 0.508243 0.107738
-0.027902 -0.006108 0.107738 0.046619
16.136627 1.280783 16.506374 1.822565
0.488842 0.102886 -0.158781 -0.023967
0.102886 0.043810 -0.024530 -0.005162
-0.158781 -0.024530 0.493407 0.103960
-0.023967 -0.005162 0.103960 0.045603
17.295624 1.397778 17.676458 1.890237
0.472539 0.098816 -0.141493 -0.020166
0.098816 0.043083 -0.020593 -0.004354
-0.141493 -0.020593 0.478260 0.100571
-0.020166 -0.004354 0.100571 0.044793
17.577360 1.323595 19.363037 2.041505
0.449694 0.094097 -0.115033 -0.014917
0.094097 0.042331 -0.015540 -0.003400
-0.115033 -0.015540 0.442595 0.093271
-0.014917 -0.003400 0.093271 0.043258
18.108413 1.297259 20.470931 2.057650
0.442524 0.092893 -0.106715 -0.013719
0.092893 0.042317 -0.014339 -0.003275
-0.106715 -0.014339 0.429911 0.091192
-0.013719 -0.003275 0.091192 0.042893
19.161882 1.394642 22.034000 2.182791
0.430084 0.090788 -0.093940 -0.011706
0.090788 0.042112 -0.012183 -0.002949
-0.093940 -0.012183 0.419824 0.089874
-0.011706 -0.002949 0.089874 0.042717
19.840883 1.396910 23.470494 2.258337
0.433946 0.092247 -0.088881 -0.011169
0.092247 0.042642 -0.011548 -0.002888
-0.088881 -0.011548 0.425143 0.091788
-0.011169 -0.002888 0.091788 0.043204
20.114309 1.303295 24.514441 2.231913
0.424954 0.090924 -0.073435 -0.008560
0.090924 0.042528 -0.008937 -0.002423
-0.073435 -0.008937 0.414570 0.090091
-0.008560 -0.002423 0.090091 0.042864
20.996982 1.351449 25.490467 2.204701
0.431670 0.092779 -0.077778 -0.010208
0.092779 0.043026 -0.010479 -0.002831
-0.077778 -0.010479 0.422643 0.092245
-0.010208 -0.002831 0.092245 0.043316
21.469402 1.309769 26.779697 2.243024
0.422465 0.090997 -0.079554 -0.011269
0.090997 0.042681 -0.011403 -0.003091
-0.079554 -0.011403 0.418399 0.091440
-0.011269 -0.003091 0.091440 0.043071
21.776296 1.239966 28.368325 2.341624
0.412821 0.089401 -0.071597 -0.009965
0.089401 0.042426 -0.009940 -0.002770
-0.071597 -0.009940 0.419672 0.092038
-0.009965 -0.002770 0.092038 0.043191
22.371779 1.226703 28.931078 2.206424
0.419223 0.091298 -0.072862 -0.010532
0.091298 0.042911 -0.010614 -0.002889
-0.072862 -0.010614 0.418450 0.091836
-0.010532 -0.002889 0.091836 0.043090
22.338952 1.080119 29.707882 2.125700
0.400673 0.087603 -0.061324 -0.008463
0.087603 0.042133 -0.008429 -0.002422
-0.061324 -0.008429 0.408658 0.089891
-0.008463 -0.002422 0.089891 0.042646
23.147249 1.134780 30.357421 2.037017
0.387762 0.085275 -0.063374 -0.009451
0.085275 0.041670 -0.009340 -0.002650
-0.063374 -0.009340 0.402715 0.088778
-0.009451 -0.002650 0.088778 0.042382
23.852372 1.169444 31.713313 2.113855
0.392551 0.087079 -0.061283 -0.009124
0.087079 0.042154 -0.008947 -0.002502
-0.061283 -0.008947 0.415307 0.091913
-0.009124 -0.002502 0.091913 0.043096
24.881760 1.265700 32.442995 2.045871
0.372937 0.083009 -0.068398 -0.011110
0.083009 0.041218 -0.010807 -0.002930
-0.068398 -0.010807 0.411676 0.090960
-0.011110 -0.002930 0.090960 0.042796
25.305810 1.215666 33.229943 1.990909
0.349607 0.078490 -0.066354 -0.010837
0.078490 0.040260 -0.010406 -0.002812
-0.066354 -0.010406 0.404828 0.089484
-0.010837 -0.002812 0.089484 0.042439
26.031905 1.240630 34.039992 1.950879
0.369403 0.084027 -0.072998 -0.012003
0.084027 0.041620 -0.011757 -0.002984
-0.072998 -0.011757 0.419912 0.092930
-0.012003 -0.002984 0.092930 0.043193
26.596368 1.230470 35.235177 1.999185
0.364318 0.083023 -0.085541 -0.014680
0.083023 0.041283 -0.014320 -0.003501
-0.085541 -0.014320 0.436392 0.096238
-0.014680 -0.003501 0.096238 0.043824
27.542875 1.297058 35.473970 1.834677
0.365100 0.083659 -0.077499 -0.012444
0.083659 0.041403 -0.012246 -0.002929
-0.077499 -0.012246 0.424832 0.093261
-0.012444 -0.002929 0.093261 0.043075
27.411663 1.114761 36.322472 1.808976
0.359136 0.082410 -0.080074 -0.012927
0.082410 0.041023 -0.012594 -0.002992
-0.080074 -0.012594 0.433818 0.095040
-0.012927 -0.002992 0.095040 0.043434
27.970260 1.113554 37.122957 1.786022
0.370213 0.085185 -0.083327 -0.013291
0.085185 0.041608 -0.013075 -0.003030
-0.083327 -0.013075 0.444036 0.096923
-0.013291 -0.003030 0.096923 0.043793
28.782056 1.175426 38.182417 1.826220
0.366567 0.084127 -0.089516 -0.014508
0.084127 0.041227 -0.014153 -0.003260
-0.089516 -0.014153 0.458761 0.099607
-0.014508 -0.003260 0.099607 0.044298
29.402491 1.192103 39.693831 1.957447
0.371837 0.085248 -0.095246 -0.015388
0.085248 0.041404 -0.014997 -0.003391
-0.095246 -0.014997 0.476652 0.102775
-0.015388 -0.003391 0.102775 0.044888
30.084425 1.216440 40.950799 2.019063
0.328511 0.075246 -0.079806 -0.012356
0.075246 0.039050 -0.011132 -0.002667
-0.079806 -0.011132 0.477636 0.102351
-0.012356 -0.002667 0.102351 0.044730
30.901338 1.267203 42.064311 2.044551
0.351140 0.081402 -0.081595 -0.012338
0.081402 0.040619 -0.011766 -0.002734
-0.081595 -0.011766 0.476356 0.101321
-0.012338 -0.002734 0.101321 0.044445
31.437244 1.237311 42.641550 1.947815
0.361392 0.083916 -0.080608 -0.011964
0.083916 0.041151 -0.011854 -0.002739
-0.080608 -0.011854 0.462545 0.097871
-0.011964 -0.002739 0.097871 0.043705
32.551490 1.349103 43.308151 1.889249
0.361669 0.084010 -0.064364 -0.008531
0.084010 0.041117 -0.008412 -0.002024
-0.064364 -0.008412 0.442326 0.093700
-0.008531 -0.002024 0.093700 0.042940
33.153967 1.329663 44.071707 1.849416
0.390571 0.090413 -0.073190 -0.010404
0.090413 0.042489 -0.010941 -0.002559
-0.073190 -0.010941 0.437567 0.092902
-0.010404 -0.002559 0.092902 0.042882
34.128933 1.398985 44.807431 1.812805
0.395832 0.090935 -0.060541 -0.007796
0.090935 0.042447 -0.008376 -0.002022
-0.060541 -0.008376 0.415901 0.088822
-0.007796 -0.002022 0.088822 0.042164
34.583172 1.341888 45.650583 1.796006
0.422024 0.095961 -0.073375 -0.010674
0.095961 0.043414 -0.011633 -0.002728
-0.073375 -0.011633 0.414515 0.089125
-0.010674 -0.002728 0.089125 0.042356
35.143593 1.317612 46.611769 1.808452
0.443473 0.099519 -0.081499 -0.012297
0.099519 0.044011 -0.013453 -0.003070
-0.081499 -0.013453 0.408964 0.088474
-0.012297 -0.003070 0.088474 0.042302
35.704537 1.301776 48.005031 1.915016
0.457127 0.101137 -0.086102 -0.013092
0.101137 0.044182 -0.014266 -0.003190
-0.086102 -0.014266 0.403272 0.087806
-0.013092 -0.003190 0.087806 0.042226
