2.792727 2.079209 1.922473 -0.123041
3.098979 1.239618 0.457417 0.182971
1.239618 80.499925 0.182971 0.073190
0.457417 0.182971 6.194879 2.478005
0.182971 0.073190 2.478005 80.995290
6.027816 5.811304 1.644302 -0.513303
3.637751 6.186496 -0.445825 -0.775753
6.186496 20.633427 -0.876010 -0.459259
-0.445825 -0.876010 3.848906 5.735857
-0.775753 -0.459259 5.735857 25.666441
5.772859 2.334682 1.865669 -0.085250
2.293026 2.573689 1.587933 1.941548
2.573689 5.336498 1.818396 2.378583
1.587933 1.818396 2.458657 2.926461
1.941548 2.378583 2.926461 7.581130
7.796364 2.906011 4.033537 2.013692
2.275885 1.977916 0.910923 0.562974
1.977916 2.600129 0.658428 0.517741
0.910923 0.658428 1.805202 1.680855
0.562974 0.517741 1.680855 2.899772
7.634568 1.690643 7.152608 3.817538
0.524536 0.354268 0.107351 0.033820
0.354268 0.646977 -0.020934 0.063887
0.107351 -0.020934 1.851654 1.436058
0.033820 0.063887 1.436058 1.655269
8.097649 1.493909 6.381063 2.181447
0.696355 0.462092 -0.307120 -0.197203
0.462092 0.514608 -0.222289 -0.076105
-0.307120 -0.222289 1.060869 0.653594
-0.197203 -0.076105 0.653594 0.677121
9.005294 1.566747 6.687586 1.765388
0.892448 0.500383 -0.335238 -0.143544
0.500383 0.396545 -0.159349 -0.030837
-0.335238 -0.159349 1.326010 0.700871
-0.143544 -0.030837 0.700871 0.528240
9.248055 1.326165 8.202242 2.030296
1.064180 0.502251 -0.241858 -0.062682
0.502251 0.309820 -0.075296 0.005778
-0.241858 -0.075296 1.412874 0.635899
-0.062682 0.005778 0.635899 0.386355
9.675389 1.219049 8.746058 1.836532
1.102897 0.441548 -0.210515 -0.041277
0.441548 0.227498 -0.051303 0.005934
-0.210515 -0.051303 1.377351 0.532531
-0.041277 0.005934 0.532531 0.275206
9.413373 0.923307 10.143527 1.974163
1.014534 0.351617 -0.204842 -0.039066
0.351617 0.160617 -0.048101 -0.000295
-0.204842 -0.048101 1.140343 0.385069
-0.039066 -0.000295 0.385069 0.181916
10.328481 1.022616 8.871956 1.290661
0.869405 0.265639 -0.265903 -0.058824
0.265639 0.113142 -0.066446 -0.010343
-0.265903 -0.066446 0.880792 0.264178
-0.058824 -0.010343 0.264178 0.120775
9.989618 0.798129 10.384977 1.515426
0.874291 0.243943 -0.199158 -0.033967
0.243943 0.096205 -0.040271 -0.003489
-0.199158 -0.040271 0.855607 0.238220
-0.033967 -0.003489 0.238220 0.101636
11.337431 1.049714 11.404051 1.606877
0.838656 0.216572 -0.099369 -0.006474
0.216572 0.081778 -0.011023 0.002891
-0.099369 -0.011023 0.842837 0.220386
-0.006474 0.002891 0.220386 0.088854
11.650837 0.997022 12.105744 1.577521
0.797066 0.191623 -0.079924 -0.003818
0.191623 0.070580 -0.007420 0.002084
-0.079924 -0.007420 0.788757 0.193228
-0.003818 0.002084 0.193228 0.075887
12.056280 0.975733 12.887259 1.574250
0.795244 0.180484 -0.047496 0.002400
0.180484 0.064795 -0.000747 0.002590
-0.047496 -0.000747 0.776572 0.180558
0.002400 0.002590 0.180558 0.068863
13.024790 1.083148 13.995512 1.652450
0.755586 0.163454 0.003090 0.011297
0.163454 0.058921 0.008568 0.003663
0.003090 0.008568 0.733312 0.163206
0.011297 0.003663 0.163206 0.062169
13.298288 1.030616 15.205124 1.731634
0.706011 0.146813 0.019472 0.011836
0.146813 0.054077 0.009395 0.002933
0.019472 0.009395 0.650496 0.139502
0.011836 0.002933 0.139502 0.055156
14.043628 1.079127 16.432563 1.809037
0.714922 0.144609 0.056764 0.017523
0.144609 0.052948 0.015203 0.003599
0.056764 0.015203 0.649292 0.136158
0.017523 0.003599 0.136158 0.053465
14.871372 1.135689 17.257682 1.794136
0.715863 0.141339 0.079275 0.019650
0.141339 0.051841 0.017592 0.003573
0.079275 0.017592 0.651827 0.133957
0.019650 0.003573 0.133957 0.052281
16.122133 1.267885 18.261428 1.816837
0.726348 0.140604 0.117261 0.024910
0.140604 0.051442 0.022913 0.004237
0.117261 0.022913 0.674464 0.136212
0.024910 0.004237 0.136212 0.052218
16.894083 1.292281 19.927261 1.967153
0.721688 0.137292 0.155863 0.029960
0.137292 0.050656 0.028074 0.004884
0.155863 0.028074 0.650889 0.129123
0.029960 0.004884 0.129123 0.050369
17.615091 1.305345 21.096523 2.003422
0.730146 0.137125 0.169021 0.029735
0.137125 0.050611 0.028123 0.004544
0.169021 0.028123 0.651305 0.127679
0.029735 0.004544 0.127679 0.049881
18.099930 1.266883 22.879038 2.158069
0.736464 0.136652 0.197844 0.032920
0.136652 0.050522 0.031490 0.004977
0.197844 0.031490 0.642042 0.124463
0.032920 0.004977 0.124463 0.049100
18.963351 1.310225 23.934742 2.150906
0.729268 0.134056 0.208642 0.032729
0.134056 0.050101 0.031500 0.004818
0.208642 0.031500 0.632013 0.121643
0.032729 0.004818 0.121643 0.048516
19.474260 1.283860 24.968805 2.144814
0.714239 0.130529 0.209145 0.030984
0.130529 0.049579 0.029983 0.004469
0.209145 0.029983 0.616849 0.118264
0.030984 0.004469 0.118264 0.047898
20.162618 1.295313 25.881763 2.112585
0.714251 0.130419 0.199435 0.027455
0.130419 0.049772 0.026787 0.003833
0.199435 0.026787 0.613580 0.117729
0.027455 0.003833 0.117729 0.047917
20.572552 1.249338 27.012106 2.131561
0.704044 0.128373 0.195363 0.025809
0.128373 0.049552 0.025185 0.003650
0.195363 0.025185 0.609951 0.117071
0.025809 0.003650 0.117071 0.047866
21.651075 1.324582 28.583580 2.223018
0.729715 0.133181 0.197425 0.025039
0.133181 0.050616 0.024512 0.003565
0.197425 0.024512 0.634692 0.121972
0.025039 0.003565 0.121972 0.048897
22.254567 1.314964 29.625424 2.210407
0.708427 0.129000 0.189678 0.023521
0.129000 0.049920 0.022922 0.003505
0.189678 0.022922 0.626053 0.120012
0.023521 0.003505 0.120012 0.048494
22.617689 1.279201 29.773903 2.027389
0.677932 0.124009 0.157385 0.017573
0.124009 0.049210 0.017542 0.002718
0.157385 0.017542 0.589139 0.113176
0.017573 0.002718 0.113176 0.047264
23.378291 1.305837 30.592792 1.986467
0.673615 0.123895 0.146367 0.015882
0.123895 0.049381 0.015925 0.002634
0.146367 0.015925 0.586778 0.113330
0.015882 0.002634 0.113330 0.047428
23.761845 1.252416 31.722257 2.018523
0.660553 0.122213 0.129471 0.013356
0.122213 0.049244 0.013215 0.002350
0.129471 0.013215 0.591733 0.114982
0.013356 0.002350 0.114982 0.047874
24.136822 1.204611 32.744728 2.025537
0.658116 0.122798 0.102457 0.008821
0.122798 0.049554 0.008885 0.001700
0.102457 0.008885 0.592982 0.115861
0.008821 0.001700 0.115861 0.048151
24.174678 1.101287 33.520003 1.987342
0.614818 0.115115 0.096953 0.009553
0.115115 0.048167 0.009137 0.002111
0.096953 0.009137 0.582488 0.113911
0.009553 0.002111 0.113911 0.047748
25.151927 1.186938 34.232805 1.925563
0.637326 0.120709 0.082218 0.007225
0.120709 0.049432 0.007382 0.001835
0.082218 0.007382 0.577527 0.113361
0.007225 0.001835 0.113361 0.047705
26.094055 1.258486 34.827822 1.848162
0.646186 0.123027 0.070222 0.005792
0.123027 0.049924 0.006216 0.001720
0.070222 0.006216 0.569299 0.112126
0.005792 0.001720 0.112126 0.047506
26.699182 1.254123 35.727843 1.843642
0.638154 0.121833 0.056811 0.004287
0.121833 0.049692 0.004616 0.001532
0.056811 0.004616 0.571172 0.112974
0.004287 0.001532 0.112974 0.047728
27.477580 1.287967 36.136244 1.740012
0.626529 0.119927 0.049843 0.004070
0.119927 0.049320 0.004407 0.001599
0.049843 0.004407 0.557201 0.110467
0.004070 0.001599 0.110467 0.047238
29.077166 1.471974 37.017875 1.734769
0.658599 0.126550 0.042334 0.003240
0.126550 0.050616 0.003792 0.001469
0.042334 0.003792 0.560854 0.111661
0.003240 0.001469 0.111661 0.047523
30.046786 1.517029 37.860784 1.728331
0.663904 0.127462 0.020015 -0.000380
0.127462 0.050714 0.000258 0.000785
0.020015 0.000258 0.564241 0.112728
-0.000380 0.000785 0.112728 0.047763
30.851348 1.526290 38.631137 1.709325
0.644252 0.123424 0.008054 -0.001608
0.123424 0.049849 -0.001073 0.000593
0.008054 -0.001073 0.561788 0.112395
-0.001608 0.000593 0.112395 0.047674
30.793751 1.369881 39.186113 1.652123
0.604568 0.115929 -0.014150 -0.004914
0.115929 0.048407 -0.004412 -0.000019
-0.014150 -0.004412 0.557732 0.111759
-0.004914 -0.000019 0.111759 0.047535
31.970735 1.464349 40.374593 1.724042
0.632778 0.122066 -0.031626 -0.007335
0.122066 0.049684 -0.006765 -0.000459
-0.031626 -0.006765 0.573030 0.114982
-0.007335 -0.000459 0.114982 0.048167
32.400860 1.406307 41.609569 1.798675
0.619631 0.119574 -0.048343 -0.009518
0.119574 0.049165 -0.008920 -0.000852
-0.048343 -0.008920 0.584431 0.117067
-0.009518 -0.000852 0.117067 0.048509
33.334544 1.450851 42.477035 1.792797
0.634733 0.122702 -0.065841 -0.011806
0.122702 0.049765 -0.011244 -0.001280
-0.065841 -0.011244 0.583285 0.116424
-0.011806 -0.001280 0.116424 0.048280
33.963410 1.434361 43.871401 1.891786
0.644852 0.124491 -0.088864 -0.015174
0.124491 0.050039 -0.014550 -0.001909
-0.088864 -0.014550 0.599286 0.119238
-0.015174 -0.001909 0.119238 0.048764
34.233122 1.347124 44.720239 1.869839
0.647659 0.124637 -0.114673 -0.019005
0.124637 0.049964 -0.018371 -0.002633
-0.114673 -0.018371 0.599566 0.118629
-0.019005 -0.002633 0.118629 0.048525
34.742265 1.318024 45.974167 1.931913
0.654025 0.125498 -0.131022 -0.020780
0.125498 0.050048 -0.020174 -0.002934
-0.131022 -0.020174 0.606143 0.119404
-0.020780 -0.002934 0.119404 0.048606
35.686308 1.370579 46.693388 1.885810
0.674868 0.129099 -0.144094 -0.021813
0.129099 0.050660 -0.021568 -0.003147
-0.144094 -0.021568 0.596404 0.116915
-0.021813 -0.003147 0.116915 0.048045
36.080428 1.317216 47.865961 1.927975
0.685391 0.130281 -0.164891 -0.024616
0.130281 0.050742 -0.024314 -0.003681
-0.164891 -0.024314 0.605319 0.118285
-0.024616 -0.003681 0.118285 0.048282
