3.241394 2.258680 4.452657 0.889054
2.670925 1.068393 0.661312 0.264531
1.068393 80.431433 0.264531 0.105814
0.661312 0.264531 5.239283 2.095759
0.264531 0.105814 2.095759 80.842388
3.399489 0.745854 1.374228 -4.507632
4.296493 7.448743 -0.047077 -0.280663
7.448743 21.823755 -0.328052 0.745852
-0.047077 -0.328052 5.092923 7.871885
-0.280663 0.745852 7.871885 27.340688
1.429168 -1.717580 2.535986 -0.827948
4.362812 4.650340 -0.646844 -0.634941
4.650340 7.182930 -0.668160 -0.246683
-0.646844 -0.668160 2.005581 2.172182
-0.634941 -0.246683 2.172182 6.255044
5.326513 1.891824 1.125118 -1.533930
1.744962 1.301128 -0.889866 -0.748769
1.301128 1.865078 -0.575999 -0.374515
-0.889866 -0.575999 2.438607 2.236512
-0.748769 -0.374515 2.236512 3.396983
6.760770 2.370968 2.949876 0.411276
1.734405 1.145594 -0.107337 0.056802
1.145594 1.192592 0.007831 0.107568
-0.107337 0.007831 1.324909 0.966457
0.056802 0.107568 0.966457 1.294549
6.913023 1.807024 3.250931 0.424652
1.640576 0.908022 0.222387 0.209938
0.908022 0.743027 0.175797 0.141293
0.222387 0.175797 1.596159 0.996720
0.209938 0.141293 0.996720 0.921666
9.134512 2.434895 4.504544 0.983285
1.359851 0.637752 0.292963 0.174925
0.637752 0.447101 0.158210 0.084418
0.292963 0.158210 1.678667 0.867693
0.174925 0.084418 0.867693 0.621080
8.284832 1.588897 3.936817 0.514052
0.932691 0.381282 0.191252 0.086739
0.381282 0.255327 0.080883 0.030573
0.191252 0.080883 1.824301 0.795852
0.086739 0.030573 0.795852 0.458394
9.202845 1.631235 5.293091 0.926485
0.959618 0.355252 0.191460 0.069017
0.355252 0.202965 0.065693 0.019594
0.191460 0.065693 1.674635 0.628307
0.069017 0.019594 0.628307 0.314034
10.000991 1.615148 7.597801 1.535971
1.021410 0.342596 0.170132 0.049979
0.342596 0.169302 0.049090 0.011572
0.170132 0.049090 1.466631 0.484284
0.049979 0.011572 0.484284 0.219179
11.781192 1.906872 9.212325 1.780577
0.997772 0.303930 0.156758 0.039226
0.303930 0.136334 0.038939 0.007755
0.156758 0.038939 1.369050 0.406096
0.039226 0.007755 0.406096 0.168070
12.632345 1.874396 10.647478 1.929154
0.994322 0.277893 0.136978 0.029309
0.277893 0.114657 0.029574 0.004916
0.136978 0.029574 1.270400 0.343462
0.029309 0.004916 0.343462 0.133062
14.272050 2.050424 12.509568 2.148385
0.929563 0.240156 0.148156 0.029804
0.240156 0.094678 0.030498 0.005288
0.148156 0.030498 1.141188 0.284600
0.029804 0.005288 0.284600 0.106365
14.676405 1.899224 13.633387 2.165035
0.825307 0.199912 0.083318 0.012855
0.199912 0.078239 0.013248 0.001344
0.083318 0.013248 0.967756 0.226135
0.012855 0.001344 0.226135 0.085064
14.884580 1.721950 15.637996 2.376025
0.769798 0.176916 0.079047 0.011705
0.176916 0.068640 0.012605 0.001536
0.079047 0.012605 0.815545 0.180983
0.011705 0.001536 0.180983 0.070276
14.551131 1.464721 15.830932 2.171081
0.701507 0.154980 0.007631 -0.003607
0.154980 0.061043 -0.003025 -0.001558
0.007631 -0.003025 0.696104 0.149561
-0.003607 -0.001558 0.149561 0.060822
14.852590 1.373159 16.783771 2.145731
0.714724 0.153005 0.009506 -0.002271
0.153005 0.058804 -0.001636 -0.000900
0.009506 -0.001636 0.680908 0.143230
-0.002271 -0.000900 0.143230 0.057814
15.726454 1.412172 17.846126 2.142660
0.711013 0.147764 0.040072 0.004872
0.147764 0.056304 0.005476 0.000835
0.040072 0.005476 0.664792 0.137220
0.004872 0.000835 0.137220 0.055302
16.423614 1.412099 18.491967 2.055999
0.717770 0.145585 0.045556 0.006018
0.145585 0.054887 0.006531 0.001109
0.045556 0.006531 0.665563 0.135414
0.006018 0.001109 0.135414 0.054042
16.836748 1.358127 18.457163 1.843522
0.674939 0.134084 0.031432 0.003315
0.134084 0.051908 0.003753 0.000617
0.031432 0.003753 0.621044 0.124782
0.003315 0.000617 0.124782 0.051231
17.675019 1.391346 18.850414 1.737174
0.650683 0.127531 0.048643 0.007038
0.127531 0.050270 0.007290 0.001403
0.048643 0.007290 0.605201 0.120825
0.007038 0.001403 0.120825 0.050053
18.392397 1.395346 19.776370 1.748518
0.665776 0.129432 0.068506 0.010750
0.129432 0.050489 0.010871 0.002084
0.068506 0.010871 0.620232 0.123375
0.010750 0.002084 0.123375 0.050309
18.977958 1.372680 20.862052 1.791046
0.650703 0.125360 0.101539 0.016890
0.125360 0.049555 0.016824 0.003212
0.101539 0.016824 0.603180 0.119217
0.016890 0.003212 0.119217 0.049217
19.827478 1.399442 22.516968 1.940651
0.677617 0.129796 0.141431 0.023634
0.129796 0.050360 0.023398 0.004339
0.141431 0.023398 0.625331 0.123148
0.023634 0.004339 0.123148 0.049833
20.197536 1.333346 23.820035 2.009374
0.680256 0.129389 0.155275 0.024881
0.129389 0.050213 0.024638 0.004386
0.155275 0.024638 0.624597 0.122329
0.024881 0.004386 0.122329 0.049498
20.515627 1.266635 24.816891 2.011532
0.677793 0.128270 0.154725 0.023392
0.128270 0.049985 0.023240 0.003968
0.154725 0.023240 0.617994 0.120579
0.023392 0.003968 0.120579 0.049049
20.903177 1.216889 26.050146 2.059522
0.680705 0.128273 0.161465 0.023595
0.128273 0.049987 0.023439 0.003936
0.161465 0.023439 0.620079 0.120632
0.023595 0.003936 0.120632 0.048985
20.781776 1.079822 26.903994 2.034692
0.659108 0.123860 0.153140 0.021292
0.123860 0.049187 0.021194 0.003521
0.153140 0.021194 0.600178 0.116542
0.021292 0.003521 0.116542 0.048146
21.400807 1.092412 28.096979 2.068323
0.669530 0.125756 0.162098 0.022294
0.125756 0.049616 0.022188 0.003720
0.162098 0.022188 0.608393 0.118134
0.022294 0.003720 0.118134 0.048457
21.135762 0.929511 29.624781 2.178789
0.632175 0.118166 0.183613 0.026562
0.118166 0.048149 0.025770 0.004585
0.183613 0.025770 0.607057 0.117473
0.026562 0.004585 0.117473 0.048238
22.183072 1.041594 30.729345 2.171830
0.656935 0.123507 0.185746 0.025664
0.123507 0.049343 0.025311 0.004380
0.185746 0.025311 0.614040 0.118838
0.025664 0.004380 0.118838 0.048523
22.793332 1.060591 31.721123 2.151496
0.659662 0.124373 0.171040 0.022063
0.124373 0.049601 0.021992 0.003739
0.171040 0.021992 0.609383 0.118051
0.022063 0.003739 0.118051 0.048399
23.785966 1.151454 32.714744 2.126688
0.678020 0.128196 0.153970 0.018157
0.128196 0.050402 0.018581 0.003097
0.153970 0.018581 0.606618 0.117737
0.018157 0.003097 0.117737 0.048385
24.565392 1.193167 33.639158 2.095464
0.670950 0.126712 0.138641 0.015516
0.126712 0.050098 0.015952 0.002768
0.138641 0.015952 0.599567 0.116540
0.015516 0.002768 0.116540 0.048172
24.626744 1.091617 34.614898 2.090335
0.638255 0.120673 0.110675 0.011041
0.120673 0.048994 0.011131 0.002090
0.110675 0.011131 0.592733 0.115689
0.011041 0.002090 0.115689 0.048077
25.256931 1.127373 34.417704 1.842717
0.635315 0.120809 0.084843 0.006810
0.120809 0.049142 0.007592 0.001585
0.084843 0.007592 0.554572 0.108603
0.006810 0.001585 0.108603 0.046742
25.796469 1.127612 34.988133 1.773147
0.628215 0.119885 0.070334 0.005176
0.119885 0.049032 0.005876 0.001461
0.070334 0.005876 0.549983 0.108575
0.005176 0.001461 0.108575 0.046866
26.292326 1.116536 35.707471 1.740521
0.623018 0.119357 0.055781 0.003508
0.119357 0.048996 0.004102 0.001283
0.055781 0.004102 0.551566 0.109674
0.003508 0.001283 0.109674 0.047177
26.842203 1.114502 36.618609 1.748811
0.618718 0.118951 0.044663 0.002512
0.118951 0.048967 0.002968 0.001199
0.044663 0.002968 0.558220 0.111549
0.002512 0.001199 0.111549 0.047586
28.180684 1.264545 37.615236 1.766624
0.643627 0.124121 0.039568 0.002398
0.124121 0.049996 0.002968 0.001256
0.039568 0.002968 0.564697 0.113084
0.002398 0.001256 0.113084 0.047870
29.312063 1.357135 39.055676 1.874954
0.660962 0.127394 0.023803 0.000105
0.127394 0.050581 0.000702 0.000837
0.023803 0.000702 0.581673 0.116619
0.000105 0.000837 0.116619 0.048544
29.934889 1.344253 40.424245 1.961539
0.650362 0.125012 0.001651 -0.003210
0.125012 0.050040 -0.002656 0.000239
0.001651 -0.002656 0.591503 0.118379
-0.003210 0.000239 0.118379 0.048808
30.939535 1.408272 41.340038 1.947385
0.664584 0.127606 -0.021854 -0.006757
0.127606 0.050508 -0.006059 -0.000378
-0.021854 -0.006059 0.585505 0.116798
-0.006757 -0.000378 0.116798 0.048392
31.426633 1.366212 42.775034 2.039504
0.660489 0.126438 -0.049705 -0.010958
0.126438 0.050218 -0.010197 -0.001118
-0.049705 -0.010197 0.596988 0.118839
-0.010958 -0.001118 0.118839 0.048743
32.707473 1.480094 43.484268 1.978278
0.675202 0.128964 -0.063054 -0.012089
0.128964 0.050663 -0.011399 -0.001261
-0.063054 -0.011399 0.580325 0.115079
-0.012089 -0.001261 0.115079 0.047914
33.122072 1.417500 44.301717 1.943328
0.663097 0.126124 -0.086295 -0.015352
0.126124 0.050046 -0.014587 -0.001847
-0.086295 -0.014587 0.576103 0.114117
-0.015352 -0.001847 0.114117 0.047713
33.769969 1.403851 44.903691 1.869504
0.670291 0.127222 -0.107467 -0.018067
0.127222 0.050235 -0.017340 -0.002335
-0.107467 -0.017340 0.569714 0.112774
-0.018067 -0.002335 0.112774 0.047444
34.333546 1.377128 45.795704 1.859974
0.669685 0.126755 -0.123189 -0.019741
0.126755 0.050113 -0.018988 -0.002625
-0.123189 -0.018988 0.571748 0.113213
-0.019741 -0.002625 0.113213 0.047544
35.214939 1.420184 47.344677 1.985701
0.693050 0.130861 -0.142472 -0.022001
0.130861 0.050866 -0.021231 -0.003020
-0.142472 -0.021231 0.591175 0.117005
-0.022001 -0.003020 0.117005 0.048285
35.516435 1.343808 48.461783 2.005943
0.690113 0.129585 -0.161225 -0.024452
0.129585 0.050528 -0.023554 -0.003500
-0.161225 -0.023554 0.595827 0.117447
-0.024452 -0.003500 0.117447 0.048280
