5.004160 2.963802 13.796281 4.626585
4.039400 1.615795 7.914976 3.166059
1.615795 80.650399 3.166059 1.266451
7.914976 3.166059 43.687662 17.475444
3.166059 1.266451 17.475444 86.994396
4.694052 0.384329 13.563176 3.026430
4.652285 7.916050 0.157574 -0.759131
7.916050 23.299394 -0.215832 4.639071
0.157574 -0.215832 2.566437 1.924258
-0.759131 4.639071 1.924258 42.901566
2.360694 -2.554890 11.822161 -2.009408
4.694377 5.009408 0.405229 0.695242
5.009408 7.746441 0.555737 2.035783
0.405229 0.555737 1.568091 2.413949
0.695242 2.035783 2.413949 10.707581
6.878364 1.833829 11.034613 -1.798363
2.643065 2.094938 1.610238 1.861832
2.094938 2.613208 1.369828 1.847659
1.610238 1.369828 2.495719 2.903970
1.861832 1.847659 2.903970 5.027534
7.391233 1.588982 8.620305 -3.059864
1.655284 1.053526 0.052009 -0.062805
1.053526 1.141025 0.018939 0.066373
0.052009 0.018939 1.729924 1.466801
-0.062805 0.066373 1.466801 1.857935
7.053617 0.974248 7.035729 -3.072897
1.571509 0.849752 -0.412943 -0.302015
0.849752 0.723323 -0.201945 -0.084428
-0.412943 -0.201945 3.024526 1.989026
-0.302015 -0.084428 1.989026 1.601220
8.968703 1.636290 4.892054 -3.380856
1.345930 0.625644 -0.459101 -0.231841
0.625644 0.454074 -0.139471 -0.032609
-0.459101 -0.139471 5.281544 2.723253
-0.231841 -0.032609 2.723253 1.571745
7.896416 0.859952 3.625726 -3.226193
1.057647 0.445497 0.582083 0.256731
0.445497 0.296608 0.322494 0.162786
0.582083 0.322494 5.998440 2.520073
0.256731 0.162786 2.520073 1.168013
8.589078 0.960010 2.300805 -3.122029
1.129347 0.426551 0.737060 0.271527
0.426551 0.238131 0.316809 0.130316
0.737060 0.316809 5.806167 2.047845
0.271527 0.130316 2.047845 0.800791
9.011342 0.937345 -0.345213 -3.451225
1.182294 0.399879 0.692464 0.220323
0.399879 0.193280 0.250026 0.089035
0.692464 0.250026 5.709631 1.735804
0.220323 0.089035 1.735804 0.588555
10.904823 1.371913 -1.693611 -3.340546
1.075428 0.328036 0.330706 0.095802
0.328036 0.146415 0.103687 0.036942
0.330706 0.103687 4.381328 1.170584
0.095802 0.036942 1.170584 0.362847
11.589422 1.371601 -3.895119 -3.467690
1.077481 0.301070 0.290680 0.076333
0.301070 0.123077 0.080791 0.026405
0.290680 0.080791 3.481707 0.835070
0.076333 0.026405 0.835070 0.243596
13.530977 1.695215 -4.583472 -3.232724
0.979735 0.252971 0.122923 0.032026
0.252971 0.099481 0.029921 0.011826
0.122923 0.029921 2.596214 0.567636
0.032026 0.011826 0.567636 0.163014
14.183955 1.647080 -4.515101 -2.892196
0.914355 0.220869 0.208033 0.046634
0.220869 0.084389 0.049066 0.014102
0.208033 0.049066 1.876751 0.381416
0.046634 0.014102 0.381416 0.113538
14.821116 1.603449 -5.266355 -2.759587
0.877454 0.200459 0.223945 0.045933
0.200459 0.074788 0.048909 0.012502
0.223945 0.048909 1.646842 0.316563
0.045933 0.012502 0.316563 0.094949
14.667069 1.391304 -5.310800 -2.516036
0.842464 0.183409 0.297275 0.055949
0.183409 0.067599 0.061649 0.013602
0.297275 0.061649 1.367122 0.251437
0.055949 0.013602 0.251437 0.079057
14.728918 1.259116 -6.906968 -2.575550
0.858126 0.179707 0.294940 0.051481
0.179707 0.064479 0.056205 0.011469
0.294940 0.056205 1.334863 0.238026
0.051481 0.011469 0.238026 0.074393
15.635879 1.314663 -8.014471 -2.545179
0.829566 0.168081 0.221999 0.035473
0.168081 0.060414 0.037604 0.007399
0.221999 0.037604 1.246121 0.216629
0.035473 0.007399 0.216629 0.069034
16.059690 1.268109 -9.267355 -2.540541
0.829941 0.163600 0.192430 0.028511
0.163600 0.058351 0.030008 0.005657
0.192430 0.030008 1.167118 0.199050
0.028511 0.005657 0.199050 0.064946
16.582647 1.235004 -9.010847 -2.281251
0.784245 0.150899 0.170266 0.023825
0.150899 0.055037 0.025589 0.004705
0.170266 0.025589 0.985404 0.165803
0.023825 0.004705 0.165803 0.058651
17.537180 1.292210 -9.275055 -2.135098
0.747385 0.141672 0.127047 0.015964
0.141672 0.052873 0.016819 0.003102
0.127047 0.016819 0.912146 0.153784
0.015964 0.003102 0.153784 0.056502
18.061129 1.271267 -10.602640 -2.178521
0.765739 0.143778 0.108511 0.012499
0.143778 0.053084 0.012968 0.002381
0.108511 0.012968 0.916992 0.155662
0.012499 0.002381 0.155662 0.056827
19.010253 1.326035 -11.209649 -2.098341
0.754475 0.140431 0.072000 0.006464
0.140431 0.052325 0.006536 0.001318
0.072000 0.006536 0.873687 0.149121
0.006464 0.001318 0.149121 0.055680
19.875730 1.368582 -12.959684 -2.220590
0.793038 0.146715 0.042596 0.001698
0.146715 0.053449 0.001485 0.000484
0.042596 0.001485 0.896307 0.154193
0.001698 0.000484 0.154193 0.056579
20.314724 1.324663 -14.251033 -2.250398
0.821696 0.150523 0.040595 0.002089
0.150523 0.054012 0.002196 0.000710
0.040595 0.002196 0.873754 0.150705
0.002089 0.000710 0.150705 0.055872
20.607706 1.257164 -15.285481 -2.232793
0.845128 0.153172 0.045258 0.003564
0.153172 0.054357 0.004008 0.001092
0.045258 0.004008 0.834184 0.144396
0.003564 0.001092 0.144396 0.054713
20.990597 1.213684 -16.551169 -2.257753
0.878458 0.157588 0.043134 0.003626
0.157588 0.055045 0.004239 0.001144
0.043134 0.004239 0.809172 0.141009
0.003626 0.001144 0.141009 0.054132
21.059296 1.116564 -17.268347 -2.183254
0.897194 0.159154 0.054277 0.006017
0.159154 0.055206 0.006804 0.001601
0.054277 0.006804 0.759687 0.133353
0.006017 0.001601 0.133353 0.052800
21.675068 1.127014 -18.458912 -2.201066
0.931295 0.163598 0.038908 0.003399
0.163598 0.055926 0.004280 0.001102
0.038908 0.004280 0.740379 0.131517
0.003399 0.001102 0.131517 0.052570
22.354144 1.147201 -19.588177 -2.206626
0.966458 0.168021 0.025318 0.001254
0.168021 0.056622 0.002251 0.000723
0.025318 0.002251 0.718966 0.129179
0.001254 0.000723 0.129179 0.052208
23.318396 1.214390 -20.689025 -2.207313
1.003814 0.172650 0.006089 -0.001809
0.172650 0.057341 -0.000634 0.000205
0.006089 -0.000634 0.697829 0.126824
-0.001809 0.000205 0.126824 0.051818
23.812887 1.195071 -21.698938 -2.189840
1.040075 0.176857 0.011553 -0.000156
0.176857 0.057966 0.000861 0.000517
0.011553 0.000861 0.676415 0.124271
-0.000156 0.000517 0.124271 0.051355
24.399943 1.193252 -22.742303 -2.180243
1.080040 0.181565 0.014925 0.000903
0.181565 0.058674 0.001777 0.000684
0.014925 0.001777 0.659254 0.122455
0.000903 0.000684 0.122455 0.051013
25.224680 1.231009 -23.636101 -2.143713
1.118126 0.185805 0.012343 0.000705
0.185805 0.059296 0.001559 0.000617
0.012343 0.001559 0.638868 0.119927
0.000705 0.000617 0.119927 0.050516
25.324487 1.146264 -24.650774 -2.132248
1.156722 0.190005 0.037273 0.005693
0.190005 0.059908 0.005820 0.001399
0.037273 0.005820 0.628848 0.119275
0.005693 0.001399 0.119275 0.050357
25.773522 1.125213 -24.422048 -1.884096
1.154896 0.187552 0.041814 0.006384
0.187552 0.059441 0.006390 0.001421
0.041814 0.006390 0.580767 0.111164
0.006384 0.001421 0.111164 0.048742
26.273669 1.114784 -24.995639 -1.812409
1.183163 0.190421 0.048623 0.007408
0.190421 0.059917 0.007246 0.001498
0.048623 0.007246 0.572371 0.111110
0.007408 0.001498 0.111110 0.048754
26.661542 1.087482 -25.732388 -1.778737
1.218297 0.194379 0.060286 0.009294
0.194379 0.060567 0.008804 0.001714
0.060286 0.008804 0.572369 0.112405
0.009294 0.001714 0.112405 0.048968
27.239915 1.093007 -26.643461 -1.783131
1.263600 0.199859 0.067868 0.010200
0.199859 0.061443 0.009599 0.001769
0.067868 0.009599 0.577307 0.114320
0.010200 0.001769 0.114320 0.049244
28.503914 1.205744 -27.611074 -1.800479
1.319703 0.206852 0.060262 0.007992
0.206852 0.062531 0.007984 0.001347
0.060262 0.007984 0.579776 0.115409
0.007992 0.001347 0.115409 0.049312
29.338340 1.243251 -29.060686 -1.911075
1.388606 0.215431 0.076216 0.010695
0.215431 0.063810 0.010153 0.001724
0.076216 0.010153 0.597246 0.119160
0.010695 0.001724 0.119160 0.049876
30.068724 1.261338 -30.444349 -1.996976
1.454212 0.223024 0.098479 0.014434
0.223024 0.064877 0.013160 0.002244
0.098479 0.013160 0.608068 0.121095
0.014434 0.002244 0.121095 0.050021
30.699063 1.260978 -31.361974 -1.980868
1.504209 0.227885 0.122066 0.018169
0.227885 0.065493 0.016218 0.002748
0.122066 0.016218 0.602505 0.119515
0.018169 0.002748 0.119515 0.049465
30.995013 1.213061 -32.847703 -2.077801
1.569227 0.234828 0.158212 0.024028
0.234828 0.066417 0.020885 0.003531
0.158212 0.020885 0.616287 0.121837
0.024028 0.003531 0.121837 0.049737
32.582242 1.356413 -33.497846 -2.006186
1.630192 0.241093 0.156681 0.021932
0.241093 0.067248 0.019848 0.003133
0.156681 0.019848 0.595727 0.117298
0.021932 0.003133 0.117298 0.048677
33.254019 1.354350 -34.330289 -1.972277
1.679498 0.245234 0.187504 0.026631
0.245234 0.067723 0.023630 0.003767
0.187504 0.023630 0.592580 0.116426
0.026631 0.003767 0.116426 0.048406
33.657433 1.311815 -34.950478 -1.897575
1.718008 0.247754 0.221299 0.031658
0.247754 0.067975 0.027651 0.004425
0.221299 0.027651 0.588091 0.115303
0.031658 0.004425 0.115303 0.048101
34.633830 1.357236 -35.823671 -1.885153
1.778196 0.253575 0.244698 0.034095
0.253575 0.068743 0.029922 0.004680
0.244698 0.029922 0.590716 0.115724
0.034095 0.004680 0.115724 0.048140
35.491876 1.388868 -37.360457 -2.005545
1.857694 0.261853 0.280819 0.038808
0.261853 0.069832 0.033757 0.005233
0.280819 0.033757 0.613466 0.119953
0.038808 0.005233 0.119953 0.048904
36.431013 1.424456 -38.454725 -2.026348
1.926397 0.268291 0.313550 0.042641
0.268291 0.070627 0.037120 0.005690
0.313550 0.037120 0.621314 0.120799
0.042641 0.005690 0.120799 0.048929
