3.214869 2.248070 3.011139 0.312435
2.682303 1.072944 0.704181 0.281679
1.072944 80.433254 0.281679 0.112674
0.704181 0.281679 5.671920 2.268817
0.281679 0.112674 2.268817 80.911613
4.311574 2.483293 -2.443263 -8.206359
4.175947 7.250506 -0.319809 -0.695970
7.250506 21.524946 -0.814495 0.076875
-0.319809 -0.814495 5.171595 7.869583
-0.695970 0.076875 7.869583 28.036651
4.792714 1.762580 -1.194310 -2.377650
4.058902 4.352463 -0.125608 -0.017365
4.352463 6.884287 -0.117204 0.393409
-0.125608 -0.117204 0.986912 1.075223
-0.017365 0.393409 1.075223 5.305868
9.063427 4.562981 1.873938 2.405133
2.560907 1.979236 0.175643 0.265059
1.979236 2.414683 0.144813 0.302622
0.175643 0.144813 0.213777 0.240328
0.265059 0.302622 0.240328 1.471026
7.801407 2.369906 2.925692 2.314887
0.350442 0.220336 0.216051 0.250799
0.220336 0.582689 0.145591 0.197902
0.216051 0.145591 0.702186 0.838852
0.250799 0.197902 0.838852 1.314045
9.011235 2.371344 4.393589 2.565303
0.549992 0.396237 0.307047 0.228890
0.396237 0.504906 0.156227 0.130583
0.307047 0.156227 1.340622 1.074231
0.228890 0.130583 1.074231 0.981041
10.304883 2.423361 6.047883 2.783389
0.761763 0.465938 0.271855 0.146031
0.465938 0.399753 0.099013 0.061629
0.271855 0.099013 1.694457 0.998693
0.146031 0.061629 0.998693 0.652806
10.965599 2.126279 8.000277 3.050382
0.955079 0.482557 0.192884 0.079755
0.482557 0.312699 0.050566 0.026658
0.192884 0.050566 1.723451 0.800741
0.079755 0.026658 0.800741 0.414006
10.730910 1.605195 7.849840 2.413545
0.823047 0.352805 -0.142827 -0.059638
0.352805 0.198249 -0.087196 -0.029788
-0.142827 -0.087196 1.425687 0.548998
-0.059638 -0.029788 0.548998 0.243013
10.085612 1.070785 9.231785 2.472205
0.719084 0.266890 -0.239279 -0.079370
0.266890 0.134683 -0.099339 -0.028768
-0.239279 -0.099339 1.162846 0.383762
-0.079370 -0.028768 0.383762 0.153008
10.709368 1.100277 10.244997 2.407489
0.785860 0.258319 -0.196659 -0.054105
0.258319 0.114258 -0.067013 -0.015454
-0.196659 -0.067013 1.116122 0.325101
-0.054105 -0.015454 0.325101 0.118340
10.847721 0.978034 11.108588 2.315329
0.755178 0.222846 -0.191683 -0.045606
0.222846 0.091557 -0.055150 -0.010900
-0.191683 -0.055150 0.911578 0.238679
-0.045606 -0.010900 0.238679 0.084798
10.805013 0.830779 11.579598 2.144274
0.721085 0.194245 -0.196700 -0.041723
0.194245 0.076137 -0.049583 -0.008857
-0.196700 -0.049583 0.757966 0.182289
-0.041723 -0.008857 0.182289 0.065600
11.585339 0.920160 12.329515 2.074397
0.728907 0.182464 -0.147965 -0.026212
0.182464 0.068443 -0.031387 -0.004217
-0.147965 -0.031387 0.741502 0.168046
-0.026212 -0.004217 0.168046 0.059764
13.238420 1.198657 12.986469 2.004994
0.686196 0.161506 -0.075778 -0.008833
0.161506 0.060309 -0.011317 -0.000023
-0.075778 -0.011317 0.714517 0.154557
-0.008833 -0.000023 0.154557 0.055276
14.093350 1.256896 14.087773 2.028302
0.692802 0.155181 -0.029831 0.001058
0.155181 0.056942 -0.000321 0.001878
-0.029831 -0.000321 0.709196 0.147697
0.001058 0.001878 0.147697 0.052919
15.115182 1.341763 15.158285 2.043254
0.682946 0.146681 0.014443 0.009127
0.146681 0.053802 0.008551 0.003131
0.014443 0.008551 0.693793 0.140135
0.009127 0.003131 0.140135 0.050867
15.750798 1.337241 16.638880 2.133301
0.685054 0.142193 0.052857 0.015238
0.142193 0.052072 0.015007 0.003863
0.052857 0.015007 0.670033 0.132194
0.015238 0.003863 0.132194 0.049087
15.953711 1.241572 17.192359 2.031889
0.641637 0.129328 0.046029 0.011829
0.129328 0.048970 0.011556 0.002638
0.046029 0.011556 0.610050 0.118245
0.011829 0.002638 0.118245 0.046373
16.648758 1.256499 18.343151 2.058034
0.648804 0.128428 0.072430 0.015525
0.128428 0.048707 0.015411 0.003062
0.072430 0.015411 0.605806 0.116819
0.015525 0.003062 0.116819 0.046399
17.343643 1.269574 19.213104 2.027447
0.667589 0.130188 0.084400 0.016235
0.130188 0.049057 0.016166 0.002912
0.084400 0.016166 0.618938 0.119019
0.016235 0.002912 0.119019 0.047121
17.778553 1.230066 20.611634 2.101776
0.680153 0.130831 0.108329 0.019319
0.130831 0.049207 0.019316 0.003293
0.108329 0.019316 0.614898 0.117841
0.019319 0.003293 0.117841 0.047127
17.992214 1.154059 21.528550 2.077837
0.677004 0.128758 0.110057 0.018091
0.128758 0.048888 0.018150 0.002878
0.110057 0.018150 0.598215 0.114526
0.018091 0.002878 0.114526 0.046731
18.194868 1.090096 21.513374 1.876716
0.650099 0.122781 0.088808 0.012891
0.122781 0.047921 0.013060 0.001825
0.088808 0.013060 0.564276 0.108395
0.012891 0.001825 0.108395 0.045837
18.808168 1.100662 22.751790 1.934640
0.677685 0.127555 0.108425 0.015846
0.127555 0.049033 0.015925 0.002364
0.108425 0.015925 0.585692 0.113257
0.015846 0.002364 0.113257 0.047060
19.817387 1.186282 23.833202 1.952808
0.694783 0.129983 0.134386 0.020001
0.129983 0.049600 0.019885 0.003120
0.134386 0.019885 0.602858 0.116762
0.020001 0.003120 0.116762 0.047869
20.769241 1.253399 24.848370 1.956615
0.700133 0.130147 0.156080 0.023206
0.130147 0.049712 0.022911 0.003681
0.156080 0.022911 0.610872 0.118175
0.023206 0.003681 0.118175 0.048189
21.281847 1.237686 25.359212 1.866144
0.687657 0.127436 0.147288 0.020513
0.127436 0.049350 0.020338 0.003167
0.147288 0.020338 0.599103 0.115934
0.020513 0.003167 0.115934 0.047823
21.355592 1.127363 26.878032 1.988900
0.673972 0.124491 0.164341 0.023341
0.124491 0.048911 0.022778 0.003724
0.164341 0.022778 0.605201 0.117067
0.023341 0.003724 0.117067 0.048071
21.532193 1.049608 28.192907 2.057927
0.663596 0.122632 0.170909 0.023944
0.122632 0.048733 0.023225 0.003852
0.170909 0.023225 0.608325 0.117645
0.023944 0.003852 0.117645 0.048208
22.320869 1.097561 29.349562 2.078965
0.668998 0.123894 0.179833 0.024860
0.123894 0.049133 0.024180 0.004050
0.179833 0.024180 0.614873 0.118796
0.024860 0.004050 0.118796 0.048435
23.187371 1.153348 30.659087 2.127008
0.681637 0.126662 0.174534 0.022901
0.126662 0.049814 0.022427 0.003697
0.174534 0.022427 0.625135 0.120817
0.022901 0.003697 0.120817 0.048860
23.799637 1.158380 31.821013 2.145841
0.683780 0.127501 0.150874 0.017820
0.127501 0.050111 0.017665 0.002834
0.150874 0.017665 0.624032 0.120725
0.017820 0.002834 0.120725 0.048886
24.313860 1.146308 32.877618 2.143739
0.674307 0.125996 0.128980 0.013856
0.125996 0.049913 0.013835 0.002277
0.128980 0.013835 0.617374 0.119504
0.013856 0.002277 0.119504 0.048672
25.143591 1.201772 33.540535 2.059130
0.674722 0.126454 0.108646 0.010409
0.126454 0.050088 0.010818 0.001878
0.108646 0.010818 0.600019 0.116259
0.010409 0.001878 0.116259 0.048076
25.853997 1.223147 34.531306 2.049857
0.659801 0.123788 0.097473 0.009284
0.123788 0.049623 0.009542 0.001876
0.097473 0.009542 0.595181 0.115614
0.009284 0.001876 0.115614 0.048006
26.294348 1.190287 35.580118 2.056902
0.644245 0.121375 0.075448 0.006026
0.121375 0.049272 0.006212 0.001426
0.075448 0.006212 0.592389 0.115556
0.006026 0.001426 0.115556 0.048082
27.035083 1.219764 36.463537 2.026591
0.642699 0.121720 0.057294 0.003526
0.121720 0.049444 0.003868 0.001133
0.057294 0.003868 0.584746 0.114439
0.003526 0.001133 0.114439 0.047921
28.034096 1.295516 37.330601 1.993764
0.658125 0.125221 0.036562 0.000445
0.125221 0.050190 0.001073 0.000701
0.036562 0.001073 0.578797 0.113727
0.000445 0.000701 0.113727 0.047848
28.323850 1.223168 38.828287 2.095640
0.630711 0.120134 0.018984 -0.001486
0.120134 0.049216 -0.001180 0.000448
0.018984 -0.001180 0.590728 0.116506
-0.001486 0.000448 0.116506 0.048444
28.924655 1.218925 40.236587 2.166870
0.638853 0.122274 -0.006162 -0.005207
0.122274 0.049701 -0.004794 -0.000162
-0.006162 -0.004794 0.597518 0.117995
-0.005207 -0.000162 0.117995 0.048734
29.364779 1.187622 41.012825 2.106971
0.637382 0.122270 -0.030468 -0.008543
0.122270 0.049710 -0.008028 -0.000680
-0.030468 -0.008028 0.584293 0.115331
-0.008543 -0.000680 0.115331 0.048171
30.466468 1.285182 42.032130 2.099435
0.667486 0.128224 -0.048504 -0.010612
0.128224 0.050843 -0.010042 -0.000979
-0.048504 -0.010042 0.580305 0.114660
-0.010612 -0.000979 0.114660 0.048038
30.797283 1.225839 43.431089 2.168313
0.662309 0.126809 -0.071623 -0.013691
0.126809 0.050459 -0.013067 -0.001501
-0.071623 -0.013067 0.588909 0.116476
-0.013691 -0.001501 0.116476 0.048396
31.388059 1.223937 45.178819 2.299672
0.670395 0.128043 -0.090646 -0.015890
0.128043 0.050620 -0.015236 -0.001860
-0.090646 -0.015236 0.601646 0.118883
-0.015890 -0.001860 0.118883 0.048828
32.543641 1.324315 45.705800 2.179268
0.684314 0.130319 -0.098886 -0.015952
0.130319 0.050979 -0.015591 -0.001874
-0.098886 -0.015591 0.574979 0.113281
-0.015952 -0.001874 0.113281 0.047644
32.784016 1.243873 46.800448 2.177216
0.693263 0.131292 -0.127555 -0.020330
0.131292 0.051037 -0.019839 -0.002719
-0.127555 -0.019839 0.579534 0.114214
-0.020330 -0.002719 0.114214 0.047823
33.504699 1.251383 46.757320 1.952525
0.694805 0.130956 -0.136791 -0.020736
0.130956 0.050881 -0.020549 -0.002844
-0.136791 -0.020549 0.551254 0.108610
-0.020736 -0.002844 0.108610 0.046699
34.548426 1.328549 47.539431 1.918306
0.715694 0.134345 -0.147270 -0.021386
0.134345 0.051457 -0.021352 -0.002987
-0.147270 -0.021352 0.551828 0.109196
-0.021386 -0.002987 0.109196 0.046883
35.249196 1.328125 47.965065 1.810905
0.727437 0.135657 -0.162672 -0.023311
0.135657 0.051586 -0.023275 -0.003412
-0.162672 -0.023275 0.549475 0.108965
-0.023311 -0.003412 0.108965 0.046838
