1.622653 1.611170 2.189162 -0.016363
1.405528 0.562224 0.382110 0.152847
0.562224 80.228961 0.152847 0.061140
0.382110 0.152847 3.337696 1.335107
0.152847 0.061140 1.335107 80.538121
4.989590 6.450175 -0.986268 -5.416592
3.056947 5.699629 -1.527188 -2.665085
5.699629 15.709345 -2.941840 -4.007712
-1.527188 -2.941840 3.574055 6.048056
-2.665085 -4.007712 6.048056 20.978570
3.842593 1.784065 -1.751392 -3.685925
2.747446 3.013816 0.146820 0.491683
3.013816 4.492457 0.222157 0.722309
0.146820 0.222157 1.032133 1.208799
0.491683 0.722309 1.208799 3.890724
6.719242 3.361659 -0.219523 -0.338641
2.139385 1.627478 -0.174106 -0.112474
1.627478 1.713891 -0.123836 -0.065496
-0.174106 -0.123836 0.462905 0.447139
-0.112474 -0.065496 0.447139 1.226407
7.283591 2.748246 1.877351 1.621752
1.061650 0.637243 0.299132 0.295173
0.637243 0.628413 0.187713 0.181788
0.299132 0.187713 0.455533 0.409829
0.295173 0.181788 0.409829 0.671185
7.981332 2.347562 4.528280 2.993103
0.632747 0.322187 0.296931 0.203148
0.322187 0.308305 0.138311 0.093914
0.296931 0.138311 0.633202 0.458954
0.203148 0.093914 0.458954 0.468818
9.514661 2.494887 6.638159 3.341023
0.595508 0.281141 0.151402 0.066485
0.281141 0.224640 0.040361 0.015982
0.151402 0.040361 0.762927 0.444108
0.066485 0.015982 0.444108 0.333122
11.103710 2.638706 8.405802 3.378186
0.678892 0.290333 0.052529 0.006625
0.290333 0.186497 -0.006258 -0.007303
0.052529 -0.006258 0.897994 0.428256
0.006625 -0.007303 0.428256 0.252090
10.542383 1.959960 8.412138 2.736623
0.561826 0.217588 -0.201952 -0.090480
0.217588 0.129761 -0.094083 -0.038142
-0.201952 -0.094083 0.827026 0.334594
-0.090480 -0.038142 0.334594 0.170220
10.909475 1.746348 9.937904 2.794293
0.627329 0.219044 -0.222862 -0.080518
0.219044 0.112131 -0.082783 -0.027265
-0.222862 -0.082783 0.847702 0.296278
-0.080518 -0.027265 0.296278 0.131662
11.268035 1.581018 9.995415 2.378712
0.604252 0.190733 -0.299154 -0.091046
0.190733 0.090032 -0.093323 -0.026518
-0.299154 -0.093323 0.757834 0.233652
-0.091046 -0.026518 0.233652 0.096554
11.655764 1.466606 11.597174 2.491243
0.605026 0.175831 -0.245639 -0.063380
0.175831 0.077434 -0.064946 -0.015362
-0.245639 -0.064946 0.706169 0.197125
-0.063380 -0.015362 0.197125 0.077642
11.992377 1.354846 12.673075 2.441395
0.631542 0.170247 -0.245720 -0.055613
0.170247 0.070118 -0.057364 -0.011994
-0.245720 -0.057364 0.691995 0.177662
-0.055613 -0.011994 0.177662 0.067279
13.264331 1.503668 13.616030 2.382885
0.623919 0.157613 -0.209577 -0.041321
0.157613 0.062834 -0.042333 -0.007628
-0.209577 -0.042333 0.676050 0.162394
-0.041321 -0.007628 0.162394 0.060307
14.192371 1.559596 15.504179 2.547546
0.605766 0.144905 -0.170677 -0.029243
0.144905 0.057039 -0.030199 -0.004703
-0.170677 -0.030199 0.623808 0.141816
-0.029243 -0.004703 0.141816 0.053519
14.422151 1.435115 16.979419 2.582838
0.580863 0.133055 -0.126775 -0.018151
0.133055 0.052585 -0.019136 -0.002440
-0.126775 -0.019136 0.562353 0.122852
-0.018151 -0.002440 0.122852 0.048306
15.421731 1.487815 17.676544 2.459193
0.566709 0.125177 -0.109751 -0.014225
0.125177 0.049736 -0.014918 -0.001858
-0.109751 -0.014918 0.545798 0.116052
-0.014225 -0.001858 0.116052 0.046437
16.203219 1.485268 18.267223 2.324675
0.536866 0.115252 -0.095330 -0.011601
0.115252 0.046953 -0.012184 -0.001658
-0.095330 -0.012184 0.510135 0.106363
-0.011601 -0.001658 0.106363 0.044270
16.705419 1.424747 18.846161 2.198968
0.542121 0.114278 -0.085311 -0.009614
0.114278 0.046518 -0.010069 -0.001432
-0.085311 -0.010069 0.513175 0.106067
-0.009614 -0.001432 0.106067 0.044358
17.302016 1.399240 19.861938 2.179960
0.529142 0.109990 -0.066969 -0.006386
0.109990 0.045538 -0.006751 -0.001004
-0.066969 -0.006751 0.497595 0.102278
-0.006386 -0.001004 0.102278 0.043768
18.144698 1.438036 21.645400 2.325163
0.508705 0.104764 -0.054988 -0.004829
0.104764 0.044501 -0.005125 -0.000940
-0.054988 -0.005125 0.476754 0.097853
-0.004829 -0.000940 0.097853 0.043097
19.105806 1.479820 22.106951 2.182729
0.492094 0.101191 -0.029890 -0.000546
0.101191 0.043971 -0.000757 -0.000248
-0.029890 -0.000757 0.464261 0.095824
-0.000546 -0.000248 0.095824 0.043009
19.743960 1.463721 23.712474 2.288756
0.490104 0.100901 -0.019209 0.000621
0.100901 0.044132 0.000474 -0.000188
-0.019209 0.000474 0.466634 0.096916
0.000621 -0.000188 0.096916 0.043513
20.179475 1.398267 24.276221 2.165306
0.492272 0.101433 -0.024276 -0.001447
0.101433 0.044415 -0.001558 -0.000761
-0.024276 -0.001558 0.467968 0.097560
-0.001447 -0.000761 0.097560 0.043828
20.773599 1.377052 25.439761 2.181627
0.504982 0.104239 -0.015827 -0.000300
0.104239 0.045157 -0.000383 -0.000558
-0.015827 -0.000383 0.486024 0.101743
-0.000300 -0.000558 0.101743 0.044860
21.210338 1.323373 26.149935 2.100782
0.495473 0.102187 -0.014276 -0.000727
0.102187 0.044816 -0.000777 -0.000700
-0.014276 -0.000777 0.480842 0.100610
-0.000727 -0.000700 0.100610 0.044664
22.202001 1.391091 27.063250 2.073206
0.487884 0.100827 0.004470 0.002625
0.100827 0.044659 0.002561 -0.000014
0.004470 0.002561 0.482137 0.101026
0.002625 -0.000014 0.101026 0.044824
22.674985 1.344978 28.103566 2.073562
0.460457 0.095442 0.014010 0.003810
0.095442 0.043659 0.003767 0.000185
0.014010 0.003767 0.470780 0.098708
0.003810 0.000185 0.098708 0.044380
23.354678 1.346413 28.829279 2.008168
0.451901 0.094422 0.005804 0.001340
0.094422 0.043623 0.001318 -0.000355
0.005804 0.001318 0.468483 0.098491
0.001340 -0.000355 0.098491 0.044406
24.139865 1.370296 29.345199 1.905197
0.439400 0.092566 0.014962 0.002900
0.092566 0.043372 0.002879 0.000025
0.014962 0.002879 0.460401 0.097045
0.002900 0.000025 0.097045 0.044156
25.169756 1.444178 29.943999 1.829770
0.435531 0.092623 0.002579 -0.000149
0.092623 0.043511 -0.000183 -0.000589
0.002579 -0.000183 0.459367 0.097216
-0.000149 -0.000589 0.097216 0.044260
25.614549 1.384472 31.016131 1.863629
0.441993 0.094737 0.003011 -0.000118
0.094737 0.044033 -0.000165 -0.000487
0.003011 -0.000165 0.478146 0.101505
-0.000118 -0.000487 0.101505 0.045207
26.585896 1.444935 31.726134 1.816127
0.449782 0.096841 -0.006662 -0.002187
0.096841 0.044480 -0.002257 -0.000842
-0.006662 -0.002257 0.486522 0.103148
-0.002187 -0.000842 0.103148 0.045502
27.376729 1.459703 32.608247 1.810557
0.449229 0.096857 -0.015056 -0.003734
0.096857 0.044421 -0.003837 -0.001058
-0.015056 -0.003837 0.495428 0.104743
-0.003734 -0.001058 0.104743 0.045767
27.244214 1.273641 33.506847 1.809523
0.437724 0.094455 -0.027568 -0.005993
0.094455 0.043842 -0.006150 -0.001423
-0.027568 -0.006150 0.506634 0.106688
-0.005993 -0.001423 0.106688 0.046095
27.570283 1.206214 34.204022 1.765788
0.456319 0.098751 -0.024318 -0.004744
0.098751 0.044758 -0.004850 -0.001016
-0.024318 -0.004850 0.520017 0.108941
-0.004744 -0.001016 0.108941 0.046478
27.862579 1.138973 35.025935 1.752616
0.450580 0.097290 -0.034760 -0.006552
0.097290 0.044335 -0.006694 -0.001332
-0.034760 -0.006694 0.529462 0.110197
-0.006552 -0.001332 0.110197 0.046638
28.255562 1.101715 36.243545 1.822800
0.435097 0.093872 -0.039608 -0.007096
0.093872 0.043540 -0.007178 -0.001362
-0.039608 -0.007178 0.543781 0.112431
-0.007096 -0.001362 0.112431 0.047016
28.674439 1.073571 37.283681 1.848791
0.432830 0.093624 -0.044244 -0.007571
0.093624 0.043499 -0.007639 -0.001399
-0.044244 -0.007639 0.555767 0.114057
-0.007571 -0.001399 0.114057 0.047263
29.664767 1.173459 38.510426 1.912492
0.399127 0.086501 -0.052288 -0.008902
0.086501 0.041951 -0.008852 -0.001637
-0.052288 -0.008852 0.569904 0.116054
-0.008902 -0.001637 0.116054 0.047591
30.191258 1.163554 40.069365 2.034238
0.400017 0.087590 -0.050024 -0.007916
0.087590 0.042319 -0.007741 -0.001363
-0.050024 -0.007741 0.588080 0.118843
-0.007916 -0.001363 0.118843 0.048093
30.957722 1.203892 40.999192 2.017849
0.403264 0.089003 -0.041090 -0.005753
0.089003 0.042690 -0.005502 -0.000907
-0.041090 -0.005502 0.579786 0.116208
-0.005753 -0.000907 0.116208 0.047500
31.362587 1.159051 41.845285 1.984076
0.401511 0.088993 -0.041384 -0.005738
0.088993 0.042667 -0.005562 -0.000971
-0.041384 -0.005562 0.575077 0.114630
-0.005738 -0.000971 0.114630 0.047193
32.302317 1.238093 42.634020 1.945883
0.379420 0.084521 -0.017076 -0.000986
0.084521 0.041670 -0.000252 0.000011
-0.017076 -0.000252 0.555089 0.110429
-0.000986 0.000011 0.110429 0.046442
32.863707 1.224075 43.414359 1.907199
0.402560 0.090371 -0.018564 -0.001541
0.090371 0.043016 -0.001194 -0.000265
-0.018564 -0.001194 0.541001 0.107690
-0.001541 -0.000265 0.107690 0.046018
33.500603 1.228831 44.195369 1.872817
0.424343 0.095232 -0.016431 -0.001328
0.095232 0.043997 -0.001184 -0.000319
-0.016431 -0.001184 0.523099 0.104480
-0.001328 -0.000319 0.104480 0.045529
33.907085 1.183466 45.390000 1.923923
0.450400 0.100462 -0.023804 -0.003018
0.100462 0.044966 -0.003183 -0.000759
-0.023804 -0.003183 0.519582 0.104382
-0.003018 -0.000759 0.104382 0.045674
34.747978 1.237446 46.069947 1.867817
0.457111 0.100994 -0.003174 0.001049
0.100994 0.044857 0.001107 0.000099
-0.003174 0.001107 0.474165 0.095873
0.001049 0.000099 0.095873 0.044099
35.150668 1.189449 46.743212 1.813819
0.481611 0.105358 -0.012822 -0.001340
0.105358 0.045623 -0.001543 -0.000506
-0.012822 -0.001543 0.456093 0.093445
-0.001340 -0.000506 0.093445 0.043820
35.474078 1.129395 47.053647 1.689151
0.476860 0.103100 0.002895 0.001716
0.103100 0.044941 0.001566 0.000132
0.002895 0.001566 0.401237 0.083442
0.001716 0.000132 0.083442 0.041931
