1.797125 1.680960 5.732839 1.401138
4.782770 1.913150 9.502794 3.801200
1.913150 80.769343 3.801200 1.520513
9.502794 3.801200 34.573363 13.829645
3.801200 1.520513 13.829645 85.536044
3.574744 2.657914 8.751779 3.151070
4.153505 5.596896 5.583773 3.702571
5.596896 19.300698 -0.279477 7.249422
5.583773 -0.279477 36.403973 29.944072
3.702571 7.249422 29.944072 62.743986
5.656463 3.501380 10.106513 3.015808
3.695212 3.984853 0.837620 0.764089
3.984853 7.185064 0.472398 4.682800
0.837620 0.472398 5.510354 4.127411
0.764089 4.682800 4.127411 19.993741
6.648068 2.711356 7.836220 -0.635599
2.790996 2.143766 -0.946567 -0.725896
2.143766 2.740146 -0.712733 0.975122
-0.946567 -0.712733 0.600359 0.512588
-0.725896 0.975122 0.512588 6.773153
7.959898 2.255214 5.950330 -3.112164
1.711214 0.900814 -1.057136 -1.052115
0.900814 0.945428 -0.170180 0.134115
-1.057136 -0.170180 2.076062 2.883260
-1.052115 0.134115 2.883260 4.893141
6.895667 1.231030 5.908647 -2.121078
0.535129 0.325523 0.207484 0.282521
0.325523 0.473038 0.720477 0.698188
0.207484 0.720477 4.625454 4.239363
0.282521 0.698188 4.239363 4.128788
8.223006 1.635756 5.414087 -1.710021
0.778584 0.447838 0.702593 0.502253
0.447838 0.411612 0.965101 0.623531
0.702593 0.965101 9.727740 6.184246
0.502253 0.623531 6.184246 4.047802
9.042731 1.651235 5.005333 -1.494977
0.881877 0.441812 1.284197 0.649828
0.441812 0.314797 1.117050 0.539007
1.284197 1.117050 16.307236 7.901220
0.649828 0.539007 7.901220 3.898536
10.530846 1.948661 6.084352 -0.772703
0.932828 0.403849 1.774352 0.706172
0.403849 0.237003 1.136645 0.438527
1.774352 1.136645 23.041981 9.008782
0.706172 0.438527 9.008782 3.571645
10.731277 1.643629 2.810282 -1.721799
0.704510 0.255174 0.606552 0.202210
0.255174 0.137703 0.489145 0.153460
0.606552 0.489145 24.731031 8.096512
0.202210 0.153460 8.096512 2.689464
11.481616 1.584691 -2.901785 -3.089182
0.809272 0.263809 0.688300 0.193784
0.263809 0.121741 0.389220 0.103684
0.688300 0.389220 22.743606 6.410571
0.193784 0.103684 6.410571 1.839876
12.109320 1.539528 -3.910238 -2.955874
0.866879 0.253793 0.362115 0.086963
0.253793 0.104221 0.131941 0.027348
0.362115 0.131941 5.313603 1.314932
0.086963 0.027348 1.314932 0.355130
12.366614 1.405277 -4.498714 -2.755125
0.911306 0.243970 0.366504 0.076930
0.243970 0.092266 0.105629 0.018767
0.366504 0.105629 2.941525 0.653264
0.076930 0.018767 0.653264 0.173055
13.635572 1.545612 -3.889106 -2.352608
0.856887 0.211784 0.276435 0.050521
0.211784 0.077596 0.068714 0.009856
0.276435 0.068714 2.017024 0.410663
0.050521 0.009856 0.410663 0.110724
14.083896 1.471899 -5.849006 -2.499845
0.885227 0.204842 0.257140 0.041617
0.204842 0.071731 0.055752 0.006835
0.257140 0.055752 1.959880 0.373029
0.041617 0.006835 0.373029 0.097798
15.698218 1.660047 -5.829976 -2.278872
0.812099 0.177521 0.154929 0.020274
0.177521 0.062711 0.028273 0.001864
0.154929 0.028273 1.625879 0.292359
0.020274 0.001864 0.292359 0.079392
15.671767 1.474648 -5.645881 -2.041716
0.777017 0.161967 0.225025 0.031286
0.161967 0.057558 0.041257 0.004419
0.225025 0.041257 1.357327 0.232406
0.031286 0.004419 0.232406 0.066853
16.417563 1.480597 -7.360753 -2.158424
0.792231 0.159690 0.182679 0.021894
0.159690 0.056091 0.028716 0.002300
0.182679 0.028716 1.372088 0.228520
0.021894 0.002300 0.228520 0.065502
16.436363 1.336261 -8.129592 -2.099287
0.792272 0.154738 0.200100 0.023661
0.154738 0.054336 0.030792 0.002845
0.200100 0.030792 1.244131 0.201479
0.023661 0.002845 0.201479 0.060497
16.902662 1.291916 -8.491685 -1.985891
0.769653 0.146726 0.177505 0.019262
0.146726 0.052379 0.025251 0.002165
0.177505 0.025251 1.115429 0.177811
0.019262 0.002165 0.177811 0.056667
16.780931 1.148848 -9.731114 -2.015709
0.791758 0.148167 0.184908 0.019628
0.148167 0.052468 0.025500 0.002362
0.184908 0.025500 1.072689 0.169845
0.019628 0.002362 0.169845 0.055648
17.383677 1.157759 -11.116881 -2.076719
0.802665 0.148221 0.138732 0.011673
0.148221 0.052461 0.015861 0.000988
0.138732 0.015861 1.038695 0.164829
0.011673 0.000988 0.164829 0.055299
17.503213 1.071455 -11.955606 -2.038743
0.811479 0.147838 0.128611 0.010252
0.147838 0.052361 0.014403 0.001031
0.128611 0.014403 0.959613 0.152554
0.010252 0.001031 0.152554 0.053707
18.017512 1.071799 -13.419894 -2.110553
0.835099 0.150726 0.092726 0.004629
0.150726 0.052972 0.007951 0.000208
0.092726 0.007951 0.933451 0.150066
0.004629 0.000208 0.150066 0.053828
18.735248 1.103895 -14.415195 -2.102835
0.845466 0.151219 0.054744 -0.000745
0.151219 0.053137 0.002040 -0.000463
0.054744 0.002040 0.878665 0.142988
-0.000745 -0.000463 0.142988 0.053130
19.474090 1.136484 -15.388137 -2.091720
0.860431 0.152633 0.025392 -0.004420
0.152633 0.053476 -0.001930 -0.000817
0.025392 -0.001930 0.832394 0.137512
-0.004420 -0.000817 0.137512 0.052655
20.268555 1.177878 -16.682630 -2.135380
0.890791 0.156807 0.000365 -0.007336
0.156807 0.054301 -0.005044 -0.001074
0.000365 -0.005044 0.808593 0.135879
-0.007336 -0.001074 0.135879 0.052767
21.180411 1.234771 -17.870176 -2.157910
0.921312 0.160811 -0.021601 -0.009616
0.160811 0.055054 -0.007444 -0.001235
-0.021601 -0.007444 0.779595 0.133158
-0.009616 -0.001235 0.133158 0.052599
21.789709 1.230988 -18.160087 -2.021099
0.924201 0.159812 -0.021171 -0.007849
0.159812 0.054900 -0.005822 -0.000712
-0.021171 -0.005822 0.715408 0.124106
-0.007849 -0.000712 0.124106 0.051244
22.998915 1.332704 -19.057145 -2.002756
0.951644 0.163390 -0.042482 -0.010305
0.163390 0.055592 -0.008382 -0.001028
-0.042482 -0.008382 0.694110 0.122949
-0.010305 -0.001028 0.122949 0.051290
24.060118 1.399988 -20.194671 -2.027814
0.991302 0.168914 -0.048510 -0.010001
0.168914 0.056584 -0.008284 -0.000888
-0.048510 -0.008284 0.684103 0.123467
-0.010001 -0.000888 0.123467 0.051531
24.732628 1.396073 -20.640046 -1.923588
1.005660 0.169906 -0.034842 -0.006246
0.169906 0.056764 -0.005056 -0.000219
-0.034842 -0.005056 0.648964 0.118970
-0.006246 -0.000219 0.118970 0.050754
24.977455 1.319911 -21.671870 -1.937105
1.039285 0.174303 -0.005713 -0.000013
0.174303 0.057543 0.000392 0.000792
-0.005713 0.000392 0.644872 0.120242
-0.000013 0.000792 0.120242 0.051033
26.043199 1.387446 -22.624401 -1.933620
1.081278 0.179849 -0.007231 -0.000143
0.179849 0.058471 0.000164 0.000646
-0.007231 0.000164 0.635613 0.120055
-0.000143 0.000646 0.120055 0.050941
26.655636 1.374166 -23.535989 -1.923174
1.118820 0.184439 0.011300 0.003497
0.184439 0.059208 0.003210 0.001135
0.011300 0.003210 0.627468 0.119811
0.003497 0.001135 0.119811 0.050797
27.246185 1.357830 -24.824201 -1.986166
1.171482 0.191324 0.032520 0.007318
0.191324 0.060299 0.006424 0.001623
0.032520 0.006424 0.632962 0.121932
0.007318 0.001623 0.121932 0.051076
28.521617 1.454253 -25.772298 -1.977273
1.223573 0.197718 0.032383 0.006647
0.197718 0.061258 0.005883 0.001354
0.032383 0.005883 0.620925 0.120227
0.006647 0.001354 0.120227 0.050559
28.668251 1.361609 -26.540934 -1.934356
1.253746 0.200331 0.069942 0.013381
0.200331 0.061584 0.011443 0.002309
0.069942 0.011443 0.611555 0.118992
0.013381 0.002309 0.118992 0.050155
29.100431 1.322516 -27.826650 -1.996371
1.309965 0.207074 0.097544 0.017577
0.207074 0.062582 0.014994 0.002807
0.097544 0.014994 0.619424 0.121035
0.017577 0.002807 0.121035 0.050402
29.584928 1.295352 -29.067358 -2.043525
1.368127 0.213791 0.121737 0.020767
0.213791 0.063539 0.017789 0.003138
0.121737 0.017789 0.622644 0.121816
0.020767 0.003138 0.121816 0.050364
30.415046 1.322070 -29.645891 -1.957121
1.410604 0.217818 0.131014 0.020865
0.217818 0.064057 0.018218 0.003014
0.131014 0.018218 0.602403 0.117836
0.020865 0.003014 0.117836 0.049398
31.051574 1.319099 -30.790965 -1.989829
1.469822 0.224293 0.152979 0.023494
0.224293 0.064950 0.020576 0.003303
0.152979 0.020576 0.606144 0.118774
0.023494 0.003303 0.118774 0.049463
31.543900 1.294225 -31.861147 -2.003761
1.525742 0.229985 0.178297 0.026669
0.229985 0.065698 0.023374 0.003687
0.178297 0.023374 0.607950 0.119108
0.026669 0.003687 0.119108 0.049388
32.097242 1.278158 -32.585624 -1.948228
1.572535 0.234158 0.198255 0.028672
0.234158 0.066214 0.025340 0.003912
0.198255 0.025340 0.599713 0.117362
0.028672 0.003912 0.117362 0.048906
33.506964 1.393112 -33.637399 -1.969675
1.645511 0.242279 0.204721 0.027752
0.242279 0.067340 0.025225 0.003707
0.204721 0.025225 0.599032 0.117295
0.027752 0.003707 0.117295 0.048814
33.839657 1.340582 -34.709928 -1.983952
1.698235 0.246777 0.241427 0.033251
0.246777 0.067854 0.029602 0.004473
0.241427 0.029602 0.607535 0.118725
0.033251 0.004473 0.118725 0.048964
35.090005 1.424804 -35.702911 -1.989786
1.768914 0.254036 0.258109 0.034208
0.254036 0.068811 0.030941 0.004566
0.258109 0.030941 0.608076 0.118561
0.034208 0.004566 0.118561 0.048820
35.463061 1.369698 -36.157136 -1.878439
1.803354 0.255624 0.291149 0.038875
0.255624 0.068899 0.034740 0.005229
0.291149 0.034740 0.602127 0.116901
0.038875 0.005229 0.116901 0.048351
35.816086 1.323331 -37.163148 -1.887902
1.857317 0.260128 0.327532 0.043710
0.260128 0.069442 0.038623 0.005848
0.327532 0.038623 0.615071 0.119074
0.043710 0.005848 0.119074 0.048678
35.630744 1.199065 -37.778945 -1.811357
1.890477 0.261625 0.364974 0.048741
0.261625 0.069560 0.042636 0.006509
0.364974 0.042636 0.619699 0.119311
0.048741 0.006509 0.119311 0.048578
