5.474091 3.151778 13.185861 4.382411
3.934948 1.574013 7.890930 3.156441
1.574013 80.633686 3.156441 1.262604
7.890930 3.156441 36.275505 14.510517
3.156441 1.262604 14.510517 85.808399
3.276070 -2.383234 10.863062 1.467401
4.588813 8.107557 -0.783952 -1.657792
8.107557 23.372085 -1.480826 4.311593
-0.783952 -1.480826 0.569905 0.644793
-1.657792 4.311593 0.644793 39.925929
8.174743 4.217827 11.715025 2.629289
2.943929 3.423795 1.327883 2.922969
3.423795 5.939063 2.026203 4.290066
1.327883 2.026203 3.227293 6.202595
2.922969 4.290066 6.202595 13.535054
7.468853 1.921218 11.062280 0.591872
2.306948 1.835037 -0.680093 -0.631480
1.835037 2.193374 -0.498793 -0.499076
-0.680093 -0.498793 2.248717 2.242229
-0.631480 -0.499076 2.242229 2.643286
6.567067 0.759618 12.029278 1.030156
2.554195 1.596030 -0.791068 -0.511109
1.596030 1.360708 -0.433228 -0.300435
-0.791068 -0.433228 2.925630 2.024226
-0.511109 -0.300435 2.024226 1.581426
8.951196 1.722618 9.168680 -0.736019
1.991128 1.013510 -0.403536 -0.192697
1.013510 0.724991 -0.185166 -0.102869
-0.403536 -0.185166 1.132030 0.595113
-0.192697 -0.102869 0.595113 0.415397
9.175306 1.432034 8.076591 -1.061995
1.410250 0.603809 -0.595784 -0.250497
0.603809 0.393071 -0.232110 -0.107969
-0.595784 -0.232110 1.536691 0.673962
-0.250497 -0.107969 0.673962 0.362818
10.285689 1.580290 7.320324 -1.142869
1.281711 0.484675 -0.599716 -0.213090
0.484675 0.277159 -0.187730 -0.074038
-0.599716 -0.187730 2.103223 0.784543
-0.213090 -0.074038 0.784543 0.341608
10.223518 1.287577 6.992038 -1.071107
1.085694 0.366133 -0.636675 -0.197331
0.366133 0.193158 -0.164053 -0.056499
-0.636675 -0.164053 2.834465 0.913024
-0.197331 -0.056499 0.913024 0.332926
10.093095 1.052691 7.119520 -0.888356
1.083789 0.333605 -0.678595 -0.185058
0.333605 0.157354 -0.145969 -0.044247
-0.678595 -0.145969 3.697408 1.043855
-0.185058 -0.044247 1.043855 0.327743
10.797544 1.110942 7.017192 -0.801367
1.074482 0.304650 -0.646974 -0.156895
0.304650 0.131341 -0.110717 -0.030408
-0.646974 -0.110717 4.602376 1.154452
-0.156895 -0.030408 1.154452 0.319300
11.470349 1.144934 6.757946 -0.768914
0.996133 0.260925 -0.631406 -0.138407
0.260925 0.106881 -0.087421 -0.022181
-0.631406 -0.087421 5.564176 1.254368
-0.138407 -0.022181 1.254368 0.310666
12.024648 1.149382 7.055144 -0.629275
0.992806 0.243813 -0.593893 -0.118481
0.243813 0.094168 -0.061584 -0.014847
-0.593893 -0.061584 6.699691 1.371099
-0.118481 -0.014847 1.371099 0.307599
12.383192 1.100977 7.003654 -0.580454
0.899159 0.206728 -0.633101 -0.116547
0.206728 0.078918 -0.061458 -0.013636
-0.633101 -0.061458 7.680501 1.438602
-0.116547 -0.013636 1.438602 0.296207
13.526185 1.237791 6.965092 -0.535869
0.845403 0.185789 -0.542952 -0.092318
0.185789 0.070339 -0.031580 -0.007405
-0.542952 -0.031580 8.748530 1.511354
-0.092318 -0.007405 1.511354 0.288021
14.798464 1.385059 7.270881 -0.443026
0.810175 0.171931 -0.431716 -0.068241
0.171931 0.064739 -0.001124 -0.001988
-0.431716 -0.001124 9.919266 1.590579
-0.068241 -0.001988 1.590579 0.282463
15.835308 1.466003 8.106990 -0.284504
0.781869 0.161017 -0.353923 -0.052467
0.161017 0.060554 0.016403 0.000755
-0.353923 0.016403 10.956144 1.639627
-0.052467 0.000755 1.639627 0.273490
16.438781 1.453941 9.925826 -0.009249
0.767434 0.153789 -0.350180 -0.049078
0.153789 0.057618 0.011174 -0.000036
-0.350180 0.011174 11.295108 1.585401
-0.049078 -0.000036 1.585401 0.251509
17.371835 1.512300 12.575654 0.341844
0.751082 0.148008 -0.221478 -0.029510
0.148008 0.055553 0.021362 0.001324
-0.221478 0.021362 10.010131 1.324276
-0.029510 0.001324 1.324276 0.205159
18.268375 1.551045 14.701898 0.586972
0.735141 0.142837 -0.120590 -0.015608
0.142837 0.053846 0.016862 0.000699
-0.120590 0.016862 6.971074 0.874337
-0.015608 0.000699 0.874337 0.140701
18.638908 1.491018 18.500324 1.008010
0.764591 0.146420 -0.139261 -0.017470
0.146420 0.054023 -0.000645 -0.001419
-0.139261 -0.000645 5.119090 0.614493
-0.017470 -0.001419 0.614493 0.105925
19.070495 1.432313 19.179689 1.028675
0.766231 0.144688 -0.127641 -0.015580
0.144688 0.053295 -0.010142 -0.002409
-0.127641 -0.010142 3.018193 0.350417
-0.015580 -0.002409 0.350417 0.073982
19.148059 1.311460 19.418509 0.997486
0.767295 0.143027 -0.159071 -0.018743
0.143027 0.052717 -0.020409 -0.003429
-0.159071 -0.020409 2.108386 0.241946
-0.018743 -0.003429 0.241946 0.062155
20.193406 1.384047 19.974545 1.004277
0.758365 0.140405 -0.074491 -0.008346
0.140405 0.052184 -0.005776 -0.001546
-0.074491 -0.005776 1.701815 0.197276
-0.008346 -0.001546 0.197276 0.058233
20.734359 1.359203 21.147291 1.083949
0.778709 0.143223 -0.063421 -0.007008
0.143223 0.052671 -0.005038 -0.001383
-0.063421 -0.005038 1.488373 0.177015
-0.007008 -0.001383 0.177015 0.057212
21.446286 1.367096 22.162403 1.142256
0.797198 0.145627 -0.041912 -0.004399
0.145627 0.053080 -0.002181 -0.000970
-0.041912 -0.002181 1.309801 0.161287
-0.004399 -0.000970 0.161287 0.056600
22.019543 1.349799 23.457395 1.235151
0.828525 0.150223 -0.036705 -0.003889
0.150223 0.053873 -0.002185 -0.000931
-0.036705 -0.002185 1.191606 0.153065
-0.003889 -0.000931 0.153065 0.056748
22.357418 1.293682 25.423181 1.416047
0.884019 0.158846 -0.048280 -0.005582
0.158846 0.055346 -0.004901 -0.001254
-0.048280 -0.004901 1.132709 0.152223
-0.005582 -0.001254 0.152223 0.057651
22.914147 1.278914 26.533656 1.472400
0.915610 0.162648 -0.042095 -0.004742
0.162648 0.055884 -0.004317 -0.001116
-0.042095 -0.004317 1.018152 0.142801
-0.004742 -0.001116 0.142801 0.057111
22.954803 1.173307 27.130450 1.451053
0.933135 0.163768 -0.063262 -0.007935
0.163768 0.055941 -0.008514 -0.001691
-0.063262 -0.008514 0.908340 0.133322
-0.007935 -0.001691 0.133322 0.056337
23.658150 1.193996 27.991053 1.472129
0.960046 0.166767 -0.046562 -0.005185
0.166767 0.056394 -0.005593 -0.001165
-0.046562 -0.005593 0.840994 0.129608
-0.005185 -0.001165 0.129608 0.056235
25.117449 1.344253 29.392450 1.581602
1.010980 0.173917 -0.006912 0.001248
0.173917 0.057579 0.001125 -0.000038
-0.006912 0.001125 0.810405 0.130871
0.001248 -0.000038 0.130871 0.056712
25.455563 1.288572 30.691220 1.666278
1.054581 0.179231 -0.029696 -0.003059
0.179231 0.058365 -0.003343 -0.000830
-0.029696 -0.003343 0.783801 0.131543
-0.003059 -0.000830 0.131543 0.056846
25.553529 1.196961 31.596063 1.677721
1.085400 0.182174 -0.056078 -0.007755
0.182174 0.058741 -0.007972 -0.001611
-0.056078 -0.007972 0.746041 0.129277
-0.007755 -0.001611 0.129277 0.056300
25.807462 1.139296 32.216109 1.637879
1.109528 0.184041 -0.068700 -0.009732
0.184041 0.058965 -0.009895 -0.001876
-0.068700 -0.009895 0.705699 0.125805
-0.009732 -0.001876 0.125805 0.055430
26.664818 1.187537 33.422591 1.709737
1.160499 0.190467 -0.062432 -0.008068
0.190467 0.059978 -0.008498 -0.001519
-0.062432 -0.008498 0.694203 0.127040
-0.008068 -0.001519 0.127040 0.055355
27.562767 1.237195 34.372099 1.728424
1.204452 0.195441 -0.059684 -0.007223
0.195441 0.060717 -0.007846 -0.001341
-0.059684 -0.007846 0.674217 0.125853
-0.007223 -0.001341 0.125853 0.054731
28.673542 1.316141 35.212287 1.725578
1.248673 0.200301 -0.056235 -0.006325
0.200301 0.061426 -0.007158 -0.001176
-0.056235 -0.007158 0.653513 0.123981
-0.006325 -0.001176 0.123981 0.053943
29.354894 1.320279 36.228051 1.755126
1.293553 0.205063 -0.074729 -0.009737
0.205063 0.062103 -0.009985 -0.001705
-0.074729 -0.009985 0.646547 0.124262
-0.009737 -0.001705 0.124262 0.053551
29.403838 1.225261 37.381563 1.806403
1.334784 0.209069 -0.112993 -0.016737
0.209069 0.062648 -0.015657 -0.002754
-0.112993 -0.015657 0.649619 0.125919
-0.016737 -0.002754 0.125919 0.053398
30.107758 1.239342 38.261827 1.802341
1.380685 0.213835 -0.125467 -0.018090
0.213835 0.063332 -0.016950 -0.002867
-0.125467 -0.016950 0.637839 0.124245
-0.018090 -0.002867 0.124245 0.052601
30.416038 1.193494 39.580341 1.882745
1.436870 0.219987 -0.154305 -0.022553
0.219987 0.064210 -0.020632 -0.003455
-0.154305 -0.020632 0.645372 0.126111
-0.022553 -0.003455 0.126111 0.052532
31.055754 1.200684 40.636184 1.905580
1.491646 0.225763 -0.170191 -0.024132
0.225763 0.065018 -0.022197 -0.003597
-0.170191 -0.022197 0.639392 0.124960
-0.024132 -0.003597 0.124960 0.051882
31.594098 1.188164 41.113233 1.811214
1.526045 0.228296 -0.184644 -0.025523
0.228296 0.065324 -0.023622 -0.003747
-0.184644 -0.023622 0.618095 0.120703
-0.025523 -0.003747 0.120703 0.050676
32.425532 1.223857 42.062261 1.821727
1.582040 0.234138 -0.198208 -0.026550
0.234138 0.066148 -0.024769 -0.003829
-0.198208 -0.024769 0.615668 0.120397
-0.026550 -0.003829 0.120397 0.050354
33.040987 1.224715 43.012150 1.829511
1.634873 0.239256 -0.220293 -0.029316
0.239256 0.066836 -0.027163 -0.004182
-0.220293 -0.027163 0.616348 0.120497
-0.029316 -0.004182 0.120497 0.050117
33.396252 1.189785 44.200740 1.881524
1.692455 0.244864 -0.251108 -0.033631
0.244864 0.067576 -0.030665 -0.004744
-0.251108 -0.030665 0.626277 0.122211
-0.033631 -0.004744 0.122211 0.050201
34.189654 1.221841 45.452262 1.945471
1.762477 0.252214 -0.272514 -0.035655
0.252214 0.068572 -0.032681 -0.004965
-0.272514 -0.032681 0.633235 0.123166
-0.035655 -0.004965 0.123166 0.050150
35.261760 1.287493 46.385289 1.942816
1.827772 0.258659 -0.288855 -0.036670
0.258659 0.069415 -0.034065 -0.005077
-0.288855 -0.034065 0.629271 0.121851
-0.036670 -0.005077 0.121851 0.049670
35.104605 1.174713 47.429403 1.947564
1.872037 0.261562 -0.333204 -0.043555
0.261562 0.069689 -0.039271 -0.006008
-0.333204 -0.039271 0.638819 0.122964
-0.043555 -0.006008 0.122964 0.049653
