1.976489 1.752707 2.342848 0.045112
2.911279 1.164537 0.719753 0.287908
1.164537 80.469891 0.287908 0.115166
0.719753 0.287908 5.842075 2.336881
0.287908 0.115166 2.336881 80.938839
4.209108 4.033773 3.214162 1.257103
3.336556 5.772542 -1.107851 -1.839039
5.772542 19.551194 -2.053824 -1.710459
-1.107851 -2.053824 3.092208 4.720047
-1.839039 -1.710459 4.720047 23.602719
4.963562 2.569371 3.326300 0.475393
3.128234 3.563505 0.406175 0.859243
3.563505 6.287762 0.695384 1.365241
0.406175 0.695384 3.170223 3.958295
0.859243 1.365241 3.958295 8.511022
6.910072 3.130684 5.226098 1.959597
2.828183 2.293623 0.378296 0.400844
2.293623 2.705375 0.348065 0.351250
0.378296 0.348065 2.692639 2.388107
0.400844 0.351250 2.388107 3.340501
8.416758 3.094919 4.900811 1.064074
1.411198 0.888064 -0.202821 -0.139248
0.888064 0.974748 -0.129873 -0.097065
-0.202821 -0.129873 2.591062 1.777952
-0.139248 -0.097065 1.777952 1.779908
9.033466 2.588463 4.836663 0.728611
1.292111 0.699829 -0.066240 -0.030217
0.699829 0.613577 -0.026599 -0.016266
-0.066240 -0.026599 2.550317 1.414555
-0.030217 -0.016266 1.414555 1.089664
9.736198 2.309540 4.830117 0.554981
1.061771 0.498910 0.020811 0.013257
0.498910 0.379593 0.016272 0.005597
0.020811 0.016272 2.363203 1.093630
0.013257 0.005597 1.093630 0.693638
9.463939 1.716444 6.524718 1.116506
0.720656 0.300290 0.050452 0.020631
0.300290 0.222255 0.022989 0.006830
0.050452 0.022989 1.950218 0.774438
0.020631 0.006830 0.774438 0.433685
10.289703 1.702786 8.859651 1.738987
0.819741 0.314118 0.054088 0.017527
0.314118 0.189492 0.019626 0.004626
0.054088 0.019626 1.606999 0.562887
0.017527 0.004626 0.562887 0.288179
11.395713 1.789991 10.453035 1.966941
0.873907 0.303313 0.050237 0.013296
0.303313 0.157425 0.015148 0.002796
0.050237 0.015148 1.393181 0.440011
0.013296 0.002796 0.440011 0.208459
12.113478 1.736382 10.381582 1.662261
0.866374 0.272993 -0.019959 -0.008739
0.272993 0.127734 -0.008940 -0.004203
-0.019959 -0.008940 1.256007 0.363547
-0.008739 -0.004203 0.363547 0.160886
12.255689 1.526323 11.621084 1.773520
0.888369 0.256347 -0.022731 -0.008246
0.256347 0.109140 -0.008224 -0.003249
-0.022731 -0.008224 1.137999 0.305201
-0.008246 -0.003249 0.305201 0.128329
13.216321 1.579201 12.183626 1.691787
0.834977 0.222316 -0.017643 -0.005777
0.222316 0.090214 -0.005659 -0.002052
-0.017643 -0.005659 1.022576 0.256808
-0.005777 -0.002052 0.256808 0.104744
14.070616 1.595457 12.739043 1.622679
0.820936 0.204165 -0.000892 -0.001070
0.204165 0.079168 -0.000785 -0.000583
-0.000892 -0.000785 0.983652 0.233794
-0.001070 -0.000583 0.233794 0.091524
14.687145 1.552677 14.176743 1.764596
0.772851 0.181125 0.030137 0.006143
0.181125 0.069193 0.006630 0.001218
0.030137 0.006630 0.872744 0.197492
0.006143 0.001218 0.197492 0.077662
15.469242 1.554132 14.872231 1.723866
0.760104 0.169712 0.043857 0.008562
0.169712 0.063637 0.009032 0.001670
0.043857 0.009032 0.843881 0.183898
0.008562 0.001670 0.183898 0.070959
16.203453 1.545024 15.678164 1.712130
0.737697 0.158080 0.059684 0.011190
0.158080 0.059051 0.011633 0.002128
0.059684 0.011633 0.804897 0.169747
0.011190 0.002128 0.169747 0.065218
17.329594 1.617669 16.867737 1.779731
0.727729 0.150772 0.101498 0.018892
0.150772 0.056135 0.019348 0.003599
0.101498 0.019348 0.783556 0.160805
0.018892 0.003599 0.160805 0.061401
18.262199 1.640986 18.236632 1.875635
0.749331 0.151013 0.133358 0.023681
0.151013 0.055245 0.024150 0.004326
0.133358 0.024150 0.789362 0.158331
0.023681 0.004326 0.158331 0.059459
19.135885 1.647416 19.963985 2.031305
0.764768 0.150225 0.170291 0.029093
0.150225 0.054368 0.029607 0.005153
0.170291 0.029607 0.781874 0.153460
0.029093 0.005153 0.153460 0.057357
18.918777 1.451788 20.118025 1.871885
0.709149 0.136663 0.113491 0.016408
0.136663 0.051335 0.016962 0.002526
0.113491 0.016962 0.707416 0.136836
0.016408 0.002526 0.136836 0.053415
19.915677 1.507449 20.586437 1.779050
0.674791 0.128258 0.132144 0.019566
0.128258 0.049552 0.019973 0.003178
0.132144 0.019973 0.670914 0.128592
0.019566 0.003178 0.128592 0.051396
20.223293 1.418875 21.843931 1.854750
0.670310 0.126601 0.142509 0.020676
0.126601 0.049274 0.021066 0.003366
0.142509 0.021066 0.657338 0.125600
0.020676 0.003366 0.125600 0.050613
21.279071 1.488169 22.462607 1.790968
0.664144 0.124853 0.156320 0.022523
0.124853 0.049008 0.022831 0.003704
0.156320 0.022831 0.647974 0.123596
0.022523 0.003704 0.123596 0.050084
21.742036 1.428276 23.872752 1.894549
0.671498 0.125988 0.164155 0.023027
0.125988 0.049332 0.023265 0.003752
0.164155 0.023265 0.654913 0.124944
0.023027 0.003752 0.124944 0.050260
22.087258 1.357364 24.863265 1.908262
0.663891 0.124409 0.158493 0.021231
0.124409 0.049141 0.021474 0.003436
0.158493 0.021474 0.644990 0.123028
0.021231 0.003436 0.123028 0.049816
22.874122 1.378455 25.786400 1.900582
0.665147 0.124551 0.163795 0.021730
0.124551 0.049259 0.021987 0.003593
0.163795 0.021987 0.641053 0.122235
0.021730 0.003593 0.122235 0.049590
23.734173 1.412079 26.671589 1.885162
0.666821 0.124860 0.164733 0.021443
0.124860 0.049405 0.021727 0.003601
0.164733 0.021727 0.637829 0.121680
0.021443 0.003601 0.121680 0.049439
24.845164 1.479606 28.236823 2.000004
0.680377 0.127254 0.177120 0.023323
0.127254 0.049903 0.023426 0.003971
0.177120 0.023426 0.657122 0.125337
0.023323 0.003971 0.125337 0.050083
24.654935 1.303636 29.132114 1.995426
0.637121 0.119238 0.151474 0.018681
0.119238 0.048479 0.018489 0.003204
0.151474 0.018489 0.635317 0.121273
0.018681 0.003204 0.121273 0.049278
25.394750 1.320520 30.129939 1.993955
0.644351 0.121462 0.132440 0.014902
0.121462 0.049099 0.014986 0.002603
0.132440 0.014986 0.631928 0.121014
0.014902 0.002603 0.121014 0.049269
25.578317 1.229847 31.067845 1.990190
0.623478 0.117993 0.115010 0.012285
0.117993 0.048539 0.012246 0.002291
0.115010 0.012246 0.620527 0.119132
0.012285 0.002291 0.119132 0.048918
26.258163 1.234935 32.559337 2.086058
0.628983 0.119739 0.104981 0.010878
0.119739 0.048992 0.010792 0.002147
0.104981 0.010792 0.631357 0.121590
0.010878 0.002147 0.121590 0.049420
27.130059 1.284325 33.585373 2.079165
0.632159 0.120826 0.094170 0.009449
0.120826 0.049260 0.009577 0.002048
0.094170 0.009577 0.621646 0.119792
0.009449 0.002048 0.119792 0.049047
27.816938 1.291387 34.749991 2.102948
0.626007 0.120009 0.079632 0.007480
0.120009 0.049137 0.007596 0.001805
0.079632 0.007596 0.616273 0.119029
0.007480 0.001805 0.119029 0.048916
27.931681 1.189568 35.719744 2.093106
0.598414 0.115139 0.058307 0.004507
0.115139 0.048244 0.004448 0.001367
0.058307 0.004448 0.604500 0.117121
0.004507 0.001367 0.117121 0.048580
28.211836 1.127710 36.838408 2.110269
0.587965 0.113907 0.039171 0.001871
0.113907 0.048106 0.001780 0.000974
0.039171 0.001780 0.600073 0.116724
0.001871 0.000974 0.116724 0.048550
28.825157 1.136793 37.966540 2.124144
0.600653 0.117190 0.018173 -0.001243
0.117190 0.048832 -0.001192 0.000474
0.018173 -0.001192 0.597368 0.116632
-0.001243 0.000474 0.116632 0.048571
29.735124 1.207486 38.378254 1.994761
0.618906 0.121118 0.000828 -0.003523
0.121118 0.049591 -0.003229 0.000158
0.000828 -0.003229 0.573433 0.112281
-0.003523 0.000158 0.112281 0.047734
30.250923 1.190660 39.280059 1.976296
0.628305 0.122899 -0.022771 -0.006944
0.122899 0.049861 -0.006635 -0.000433
-0.022771 -0.006635 0.573376 0.112937
-0.006944 -0.000433 0.112937 0.047934
29.956398 1.017686 39.880199 1.901114
0.596925 0.116493 -0.041625 -0.009240
0.116493 0.048509 -0.008980 -0.000798
-0.041625 -0.008980 0.564858 0.111717
-0.009240 -0.000798 0.111717 0.047712
31.007123 1.123355 40.414264 1.818734
0.611134 0.119539 -0.041355 -0.007812
0.119539 0.049116 -0.007621 -0.000464
-0.041355 -0.007621 0.551920 0.109614
-0.007812 -0.000464 0.109614 0.047308
31.125876 1.037635 41.688235 1.890526
0.595487 0.116401 -0.051277 -0.008816
0.116401 0.048449 -0.008549 -0.000672
-0.051277 -0.008549 0.564611 0.112699
-0.008816 -0.000672 0.112699 0.047946
31.374767 0.985508 42.830589 1.928930
0.608094 0.119004 -0.071731 -0.011941
0.119004 0.048950 -0.011646 -0.001317
-0.071731 -0.011646 0.575085 0.114913
-0.011941 -0.001317 0.114913 0.048326
31.574571 0.922109 42.800357 1.727893
0.610017 0.119248 -0.085852 -0.013738
0.119248 0.048940 -0.013586 -0.001718
-0.085852 -0.013586 0.552258 0.110202
-0.013738 -0.001718 0.110202 0.047282
32.238467 0.959300 43.319068 1.659897
0.633830 0.123761 -0.096809 -0.014771
0.123761 0.049772 -0.014785 -0.001945
-0.096809 -0.014785 0.550402 0.110092
-0.014771 -0.001945 0.110092 0.047247
32.807165 0.979484 44.446378 1.720798
0.658330 0.127933 -0.112037 -0.016741
0.127933 0.050460 -0.016728 -0.002338
-0.112037 -0.016728 0.566564 0.113509
-0.016741 -0.002338 0.113509 0.047901
33.787404 1.078079 45.590765 1.783295
0.682866 0.131821 -0.119945 -0.017209
0.131821 0.051064 -0.017299 -0.002450
-0.119945 -0.017299 0.575422 0.115136
-0.017209 -0.002450 0.115136 0.048141
34.980939 1.203580 46.383233 1.770696
0.708045 0.135524 -0.128469 -0.017908
0.135524 0.051601 -0.018220 -0.002651
-0.128469 -0.018220 0.573188 0.114336
-0.017908 -0.002651 0.114336 0.047870
35.946541 1.276984 47.558525 1.833693
0.734762 0.139129 -0.148363 -0.020964
0.139129 0.052083 -0.021181 -0.003268
-0.148363 -0.021181 0.586284 0.116564
-0.020964 -0.003268 0.116564 0.048213
