1.436587 1.536741 7.434536 2.081832
4.858276 1.943353 9.305443 3.722258
1.943353 80.781425 3.722258 1.488935
9.305443 3.722258 42.916044 17.166790
3.722258 1.488935 17.166790 86.870931
1.722755 0.918877 7.608018 1.514063
4.955979 7.322588 4.499203 2.404400
7.322588 21.985249 4.787321 9.446895
4.499203 4.787321 12.534072 8.747519
2.404400 9.446895 8.747519 47.041416
4.558770 3.407638 8.916037 1.582625
3.884962 3.947645 3.467835 2.792388
3.947645 7.080365 3.261528 5.985775
3.467835 3.261528 8.673264 8.316229
2.792388 5.985775 8.316229 22.961592
7.445232 4.324231 6.593239 -1.523741
2.327508 1.811812 -0.446601 -0.818761
1.811812 2.655286 -0.346620 0.816832
-0.446601 -0.346620 0.825816 0.846765
-0.818761 0.816832 0.846765 6.449526
7.353840 2.740006 5.639043 -2.068887
0.594538 0.306218 -0.533509 -0.600003
0.306218 0.748620 0.243338 0.670250
-0.533509 0.243338 3.187726 3.987306
-0.600003 0.670250 3.987306 6.320435
7.981508 2.295685 5.166955 -1.730157
0.709435 0.464607 -0.168553 -0.018630
0.464607 0.627963 0.782922 0.802380
-0.168553 0.782922 8.282429 6.821429
-0.018630 0.802380 6.821429 6.096621
7.937337 1.813349 7.713434 0.162893
0.579531 0.410353 1.423073 0.901060
0.410353 0.445701 1.579979 0.998127
1.423073 1.579979 13.524246 8.140663
0.901060 0.998127 8.140663 5.132567
8.832178 1.724777 4.658737 -1.278958
0.512160 0.255971 -0.125624 -0.029178
0.255971 0.205413 0.040364 0.040168
-0.125624 0.040364 3.948033 1.807286
-0.029178 0.040168 1.807286 0.967540
10.063678 1.886255 3.939062 -1.294800
0.642357 0.283045 -0.027978 0.015160
0.283045 0.177072 0.093309 0.049655
-0.027978 0.093309 5.813799 2.225216
0.015160 0.049655 2.225216 0.947826
11.027257 1.891334 3.069635 -1.366636
0.741532 0.286773 0.172303 0.077121
0.286773 0.149576 0.161095 0.061237
0.172303 0.161095 7.608638 2.486368
0.077121 0.061237 2.486368 0.884076
11.334219 1.669116 1.633431 -1.592473
0.824518 0.282988 0.517786 0.162838
0.282988 0.128083 0.247398 0.075460
0.517786 0.247398 8.486525 2.415181
0.162838 0.075460 2.415181 0.744350
12.685331 1.828422 1.442775 -1.434054
0.832750 0.254618 0.576816 0.155276
0.254618 0.104421 0.215714 0.056858
0.576816 0.215714 7.533226 1.895489
0.155276 0.056858 1.895489 0.524923
13.719340 1.858164 -0.232134 -1.648825
0.850618 0.235227 0.582183 0.137852
0.235227 0.089242 0.184171 0.042774
0.582183 0.184171 7.514598 1.696943
0.137852 0.042774 1.696943 0.425457
14.673188 1.866109 -0.021147 -1.436755
0.815857 0.206922 0.583568 0.123076
0.206922 0.075435 0.156500 0.032403
0.583568 0.156500 5.612155 1.151466
0.123076 0.032403 1.151466 0.274826
14.950347 1.711349 -0.626581 -1.416239
0.803864 0.189687 0.669803 0.127356
0.189687 0.067174 0.158124 0.029585
0.669803 0.158124 4.920503 0.929241
0.127356 0.029585 0.929241 0.211717
15.618375 1.670839 -2.152933 -1.559739
0.791805 0.175971 0.594010 0.102861
0.175971 0.061404 0.124792 0.021220
0.594010 0.124792 4.547982 0.798522
0.102861 0.021220 0.798522 0.174976
16.158162 1.613046 -4.639962 -1.840418
0.796492 0.168649 0.492198 0.077799
0.168649 0.058147 0.092305 0.014274
0.492198 0.092305 4.084476 0.672484
0.077799 0.014274 0.672484 0.144658
16.391272 1.492190 -4.829383 -1.722704
0.778849 0.158212 0.438762 0.063931
0.158212 0.054860 0.078319 0.011216
0.438762 0.078319 2.850699 0.443120
0.063931 0.011216 0.443120 0.102414
17.144097 1.494673 -5.897232 -1.753839
0.754874 0.148756 0.327754 0.043278
0.148756 0.052429 0.052105 0.006732
0.327754 0.052105 2.402658 0.359010
0.043278 0.006732 0.359010 0.087069
17.605482 1.445345 -7.760446 -1.895482
0.765526 0.147387 0.268379 0.032143
0.147387 0.051922 0.038458 0.004511
0.268379 0.038458 2.138485 0.310383
0.032143 0.004511 0.310383 0.078537
18.439717 1.463690 -8.291756 -1.836900
0.743273 0.140522 0.184498 0.018988
0.140522 0.050546 0.022951 0.002307
0.184498 0.022951 1.733966 0.246741
0.018988 0.002307 0.246741 0.068759
18.934751 1.414150 -8.522140 -1.736519
0.725843 0.135248 0.159341 0.015245
0.135248 0.049605 0.019376 0.001959
0.159341 0.019376 1.444789 0.204049
0.015245 0.001959 0.204049 0.062659
19.384337 1.368159 -9.645196 -1.770320
0.736100 0.135945 0.138655 0.012155
0.135945 0.049920 0.015767 0.001568
0.138655 0.015767 1.325107 0.188356
0.012155 0.001568 0.188356 0.060787
19.794249 1.319483 -10.782040 -1.803934
0.750743 0.137630 0.121212 0.009731
0.137630 0.050421 0.013058 0.001317
0.121212 0.013058 1.218417 0.175310
0.009731 0.001317 0.175310 0.059344
20.578591 1.351433 -12.893851 -1.983454
0.793164 0.144672 0.079393 0.003606
0.144672 0.051926 0.005581 0.000317
0.079393 0.005581 1.187411 0.174134
0.003606 0.000317 0.174134 0.059684
21.016073 1.313393 -14.632421 -2.092987
0.832902 0.150541 0.068055 0.002465
0.150541 0.053063 0.004691 0.000358
0.068055 0.004691 1.108176 0.165171
0.002465 0.000358 0.165171 0.058703
21.377572 1.265633 -16.511794 -2.217472
0.880935 0.157549 0.062466 0.002199
0.157549 0.054339 0.004760 0.000514
0.062466 0.004760 1.038636 0.157778
0.002199 0.000514 0.157778 0.057916
22.452940 1.339484 -16.804927 -2.093856
0.883677 0.156338 0.019699 -0.003505
0.156338 0.054129 -0.001416 -0.000267
0.019699 -0.001416 0.889002 0.138180
-0.003505 -0.000267 0.138180 0.055211
22.977819 1.313862 -17.798813 -2.084464
0.911197 0.159619 0.019639 -0.002376
0.159619 0.054735 -0.000166 0.000107
0.019639 -0.000166 0.824240 0.132167
-0.002376 0.000107 0.132167 0.054607
23.565277 1.302048 -18.912669 -2.095989
0.945288 0.164002 0.018610 -0.001596
0.164002 0.055527 0.000575 0.000341
0.018610 0.000575 0.779484 0.129072
-0.001596 0.000341 0.129072 0.054359
24.299703 1.316686 -20.079935 -2.116697
0.984342 0.169099 0.014439 -0.001504
0.169099 0.056418 0.000559 0.000405
0.014439 0.000559 0.745196 0.127222
-0.001504 0.000405 0.127222 0.054188
25.340092 1.382061 -21.365273 -2.157780
1.031906 0.175443 0.003946 -0.002639
0.175443 0.057490 -0.000653 0.000232
0.003946 -0.000653 0.720203 0.126424
-0.002639 0.000232 0.126424 0.054076
26.055776 1.386496 -22.711570 -2.205916
1.081511 0.181787 0.013638 -0.000156
0.181787 0.058512 0.001531 0.000661
0.013638 0.001531 0.701927 0.126164
-0.000156 0.000661 0.126164 0.053938
26.650035 1.370208 -24.048415 -2.248615
1.132083 0.187993 0.030089 0.003319
0.187993 0.059475 0.004553 0.001201
0.030089 0.004553 0.685706 0.125692
0.003319 0.001201 0.125692 0.053670
26.875273 1.294610 -24.861599 -2.189762
1.164546 0.190954 0.055884 0.008256
0.190954 0.059876 0.008787 0.001931
0.055884 0.008787 0.655546 0.122104
0.008256 0.001931 0.122104 0.052757
27.630803 1.312592 -26.411611 -2.276214
1.229502 0.199224 0.065952 0.009739
0.199224 0.061161 0.010057 0.002040
0.065952 0.010057 0.654805 0.123884
0.009739 0.002040 0.123884 0.052860
27.756243 1.227331 -27.339654 -2.234555
1.269434 0.203024 0.093229 0.014459
0.203024 0.061671 0.014002 0.002675
0.093229 0.014002 0.635713 0.121521
0.014459 0.002675 0.121521 0.052095
28.356249 1.225137 -28.441814 -2.231581
1.322798 0.208948 0.103920 0.015553
0.208948 0.062535 0.015009 0.002701
0.103920 0.015009 0.624213 0.120480
0.015553 0.002701 0.120480 0.051610
28.703683 1.182722 -29.241646 -2.168760
1.364721 0.212858 0.120597 0.017814
0.212858 0.063063 0.016942 0.002935
0.120597 0.016942 0.607806 0.118197
0.017814 0.002935 0.118197 0.050877
29.516869 1.218162 -30.613273 -2.226457
1.433136 0.220866 0.129002 0.018180
0.220866 0.064240 0.017437 0.002869
0.129002 0.017437 0.610020 0.119502
0.018180 0.002869 0.119502 0.050883
30.198544 1.228829 -31.642243 -2.210191
1.489788 0.226683 0.142258 0.019609
0.226683 0.065035 0.018756 0.003004
0.142258 0.018756 0.602345 0.118443
0.019609 0.003004 0.118443 0.050388
31.273048 1.293538 -31.930415 -2.050689
1.527580 0.229557 0.143320 0.018680
0.229557 0.065387 0.018323 0.002818
0.143320 0.018323 0.574806 0.113389
0.018680 0.002818 0.113389 0.049140
32.104029 1.317525 -32.413771 -1.943453
1.567466 0.232744 0.157876 0.020607
0.232744 0.065799 0.019921 0.003072
0.157876 0.019921 0.563659 0.111761
0.020607 0.003072 0.111761 0.048640
32.621361 1.293522 -32.950440 -1.854660
1.603321 0.235323 0.182062 0.024417
0.235323 0.066130 0.022835 0.003592
0.182062 0.022835 0.561043 0.111712
0.024417 0.003592 0.111712 0.048458
33.331538 1.305665 -34.230524 -1.926714
1.670085 0.242490 0.209568 0.028384
0.242490 0.067150 0.025922 0.004083
0.209568 0.025922 0.580198 0.115860
0.028384 0.004083 0.115860 0.049115
34.296426 1.346056 -34.667565 -1.822764
1.714356 0.246221 0.226211 0.030076
0.246221 0.067650 0.027528 0.004282
0.226211 0.027528 0.573434 0.114307
0.030076 0.004282 0.114307 0.048564
34.719573 1.304538 -35.020412 -1.706674
1.743853 0.247711 0.255205 0.034388
0.247711 0.067818 0.030838 0.004857
0.255205 0.030838 0.572306 0.113820
0.034388 0.004857 0.113820 0.048251
35.745181 1.352695 -35.429986 -1.620341
1.789161 0.251743 0.273467 0.036060
0.251743 0.068394 0.032470 0.005036
0.273467 0.032470 0.573035 0.113776
0.036060 0.005036 0.113776 0.048079
36.371037 1.344520 -36.156843 -1.602733
1.835505 0.255710 0.306039 0.040629
0.255710 0.068931 0.035955 0.005608
0.306039 0.035955 0.588002 0.116391
0.040629 0.005608 0.116391 0.048426
37.067551 1.351664 -37.231871 -1.658891
1.896738 0.261686 0.342089 0.045418
0.261686 0.069742 0.039683 0.006179
0.342089 0.039683 0.611821 0.120454
0.045418 0.006179 0.120454 0.049034
