1.183229 1.435396 2.646107 0.166419
1.461804 0.584734 -0.305949 -0.122382
0.584734 80.237965 -0.122382 -0.048954
-0.305949 -0.122382 2.311996 0.924819
-0.122382 -0.048954 0.924819 80.374002
2.789801 3.064880 2.458298 -0.285991
2.631414 4.797148 -1.741563 -2.994933
4.797148 14.020244 -3.119141 -6.311166
-1.741563 -3.119141 3.110792 5.433853
-2.994933 -6.311166 5.433853 17.405291
5.120591 4.034952 3.468401 1.125767
2.514098 2.736275 -1.149448 -1.050131
2.736275 4.215939 -1.156370 -1.406004
-1.149448 -1.156370 1.945905 2.112997
-1.050131 -1.406004 2.112997 4.136891
7.302337 4.101536 2.276025 -0.372420
1.771465 1.362012 -0.715772 -0.478864
1.362012 1.541199 -0.492105 -0.498997
-0.715772 -0.492105 1.935882 1.610931
-0.478864 -0.498997 1.610931 2.026876
7.445282 2.949991 3.108349 0.220678
1.091001 0.665930 -0.160399 -0.059977
0.665930 0.658086 -0.076539 -0.121121
-0.160399 -0.076539 1.240210 0.813616
-0.059977 -0.121121 0.813616 0.861497
7.764499 2.350341 3.793370 0.523648
0.786963 0.407860 -0.050927 -0.019044
0.407860 0.358062 -0.027783 -0.067691
-0.050927 -0.027783 1.082575 0.594968
-0.019044 -0.067691 0.594968 0.509719
8.934475 2.337155 5.035048 0.985218
0.787206 0.361351 -0.144707 -0.074228
0.361351 0.259593 -0.077430 -0.073385
-0.144707 -0.077430 1.023918 0.483401
-0.074228 -0.073385 0.483401 0.341701
9.895883 2.249786 5.867557 1.126744
0.745258 0.303126 -0.220157 -0.098221
0.303126 0.188078 -0.100303 -0.065692
-0.220157 -0.100303 1.030726 0.424793
-0.098221 -0.065692 0.424793 0.252011
10.879137 2.187968 7.797703 1.622073
0.672194 0.244901 -0.270996 -0.103890
0.244901 0.137413 -0.105256 -0.054255
-0.270996 -0.105256 0.945663 0.344241
-0.103890 -0.054255 0.344241 0.181650
11.235144 1.944451 8.720904 1.661999
0.641556 0.212304 -0.291375 -0.097772
0.212304 0.108516 -0.098740 -0.042833
-0.291375 -0.098740 0.876316 0.286416
-0.097772 -0.042833 0.286416 0.137734
11.864594 1.839808 9.371627 1.608330
0.648888 0.197146 -0.306242 -0.091174
0.197146 0.092039 -0.092015 -0.034455
-0.306242 -0.092015 0.847506 0.252312
-0.091174 -0.034455 0.252312 0.111706
13.254822 1.972709 10.084447 1.585137
0.626565 0.176145 -0.291024 -0.077600
0.176145 0.077842 -0.078299 -0.026211
-0.291024 -0.078299 0.792857 0.217430
-0.077600 -0.026211 0.217430 0.091468
13.320175 1.732258 11.502253 1.739665
0.595209 0.156802 -0.238846 -0.057128
0.156802 0.067246 -0.057847 -0.017996
-0.238846 -0.057847 0.691316 0.176953
-0.057128 -0.017996 0.176953 0.074107
13.906063 1.655907 11.863197 1.611541
0.548029 0.136369 -0.231996 -0.051460
0.136369 0.058393 -0.052033 -0.014920
-0.231996 -0.052033 0.638330 0.154713
-0.051460 -0.014920 0.154713 0.064358
14.511109 1.611910 13.459290 1.795977
0.527197 0.126016 -0.195729 -0.039443
0.126016 0.053697 -0.040063 -0.010852
-0.195729 -0.040063 0.585032 0.136122
-0.039443 -0.010852 0.136122 0.057282
14.792319 1.496346 14.931465 1.920417
0.524256 0.121219 -0.180596 -0.033741
0.121219 0.051085 -0.034565 -0.008829
-0.180596 -0.034565 0.552754 0.124673
-0.033741 -0.008829 0.124673 0.052922
15.766644 1.551489 16.091192 1.969147
0.519871 0.116686 -0.179928 -0.032076
0.116686 0.048979 -0.032871 -0.007964
-0.179928 -0.032871 0.538610 0.118587
-0.032076 -0.007964 0.118587 0.050395
16.707618 1.578196 16.459441 1.835205
0.487018 0.106979 -0.152782 -0.025262
0.106979 0.046192 -0.025807 -0.006142
-0.152782 -0.025807 0.504436 0.109313
-0.025262 -0.006142 0.109313 0.047654
17.043981 1.483861 17.725894 1.903554
0.470910 0.102196 -0.131849 -0.020276
0.102196 0.044867 -0.020886 -0.004924
-0.131849 -0.020886 0.475097 0.102067
-0.020276 -0.004924 0.102067 0.045693
17.459910 1.417837 18.997629 1.967557
0.462927 0.099823 -0.112252 -0.015942
0.099823 0.044257 -0.016583 -0.003928
-0.112252 -0.016583 0.456940 0.098006
-0.015942 -0.003928 0.098006 0.044651
18.457145 1.475314 19.661513 1.902811
0.454497 0.097600 -0.097408 -0.013060
0.097600 0.043751 -0.013524 -0.003294
-0.097408 -0.013524 0.450982 0.096888
-0.013060 -0.003294 0.096888 0.044337
19.291417 1.494791 20.518406 1.883817
0.464470 0.099434 -0.097102 -0.013253
0.099434 0.044145 -0.013639 -0.003325
-0.097102 -0.013639 0.460584 0.098970
-0.013253 -0.003325 0.098970 0.044700
20.291158 1.548650 21.412707 1.877546
0.450713 0.096245 -0.081918 -0.010523
0.096245 0.043479 -0.010830 -0.002781
-0.081918 -0.010830 0.447580 0.096139
-0.010523 -0.002781 0.096139 0.044016
20.911267 1.520276 22.696910 1.950394
0.440949 0.094145 -0.076235 -0.009964
0.094145 0.043089 -0.010228 -0.002724
-0.076235 -0.010228 0.436791 0.093900
-0.009964 -0.002724 0.093900 0.043497
20.464211 1.262291 23.896838 1.982496
0.424310 0.090800 -0.069791 -0.009279
0.090800 0.042465 -0.009506 -0.002636
-0.069791 -0.009506 0.418929 0.090323
-0.009279 -0.002636 0.090323 0.042734
21.285139 1.296836 24.355012 1.868210
0.408947 0.088074 -0.060133 -0.007814
0.088074 0.042025 -0.008044 -0.002357
-0.060133 -0.008044 0.400494 0.086942
-0.007814 -0.002357 0.086942 0.042075
22.020852 1.319631 25.606763 1.939421
0.408531 0.088702 -0.058586 -0.007977
0.088702 0.042304 -0.008108 -0.002374
-0.058586 -0.008108 0.404860 0.088700
-0.007977 -0.002374 0.088700 0.042554
22.478546 1.279599 26.984543 2.027695
0.413557 0.090419 -0.053753 -0.007247
0.090419 0.042774 -0.007308 -0.002167
-0.053753 -0.007308 0.414974 0.091486
-0.007247 -0.002167 0.091486 0.043194
22.997576 1.250947 27.799273 1.982219
0.412037 0.090263 -0.066674 -0.010533
0.090263 0.042722 -0.010545 -0.002882
-0.066674 -0.010545 0.415349 0.091554
-0.010533 -0.002882 0.091554 0.043113
23.784501 1.290888 29.202852 2.075594
0.408357 0.089730 -0.066938 -0.010624
0.089730 0.042613 -0.010549 -0.002804
-0.066938 -0.010549 0.419923 0.092651
-0.010624 -0.002804 0.092651 0.043301
24.360137 1.277205 30.416722 2.113977
0.411962 0.090791 -0.069117 -0.011024
0.090791 0.042849 -0.010920 -0.002801
-0.069117 -0.010920 0.428001 0.094360
-0.011024 -0.002801 0.094360 0.043603
24.900733 1.254543 31.392598 2.094956
0.400730 0.088315 -0.078720 -0.013172
0.088315 0.042247 -0.012997 -0.003219
-0.078720 -0.012997 0.426357 0.093649
-0.013172 -0.003219 0.093649 0.043329
25.282038 1.199654 32.447209 2.093720
0.396833 0.087767 -0.080342 -0.013247
0.087767 0.042142 -0.012992 -0.003124
-0.080342 -0.012992 0.432948 0.094938
-0.013247 -0.003124 0.094938 0.043559
25.800134 1.176708 33.118521 2.009768
0.396919 0.088127 -0.079533 -0.012755
0.088127 0.042237 -0.012550 -0.002947
-0.079533 -0.012550 0.433151 0.094721
-0.012755 -0.002947 0.094721 0.043448
26.308802 1.157978 34.061844 1.995190
0.399549 0.088947 -0.079346 -0.012453
0.088947 0.042408 -0.012256 -0.002829
-0.079346 -0.012256 0.438395 0.095652
-0.012453 -0.002829 0.095652 0.043611
26.579273 1.086327 34.899807 1.956112
0.397785 0.088530 -0.087533 -0.014109
0.088530 0.042249 -0.013902 -0.003176
-0.087533 -0.013902 0.444060 0.096498
-0.014109 -0.003176 0.096498 0.043725
27.267251 1.110889 35.288084 1.828774
0.398639 0.088772 -0.091544 -0.014668
0.088772 0.042262 -0.014588 -0.003278
-0.091544 -0.014588 0.440806 0.095400
-0.014668 -0.003278 0.095400 0.043431
27.229585 0.976049 36.153700 1.809616
0.391504 0.087203 -0.091647 -0.014474
0.087203 0.041875 -0.014235 -0.003184
-0.091647 -0.014235 0.445885 0.096336
-0.014474 -0.003184 0.096336 0.043633
27.968999 1.037616 37.359917 1.879232
0.391518 0.087315 -0.096122 -0.015191
0.087315 0.041885 -0.014825 -0.003293
-0.096122 -0.014825 0.459956 0.099105
-0.015191 -0.003293 0.099105 0.044209
28.949382 1.149533 38.747920 1.983925
0.387882 0.086646 -0.094322 -0.014566
0.086646 0.041729 -0.014029 -0.003113
-0.094322 -0.014029 0.471014 0.101070
-0.014566 -0.003113 0.101070 0.044589
29.592413 1.160656 39.463202 1.925107
0.389300 0.087141 -0.093466 -0.014169
0.087141 0.041835 -0.013797 -0.003062
-0.093466 -0.013797 0.468520 0.099946
-0.014169 -0.003062 0.099946 0.044280
29.794046 1.072193 40.291136 1.890156
0.392271 0.087872 -0.094365 -0.014203
0.087872 0.041972 -0.014002 -0.003112
-0.094365 -0.014002 0.466229 0.099035
-0.014203 -0.003112 0.099035 0.044065
30.753434 1.160234 40.717262 1.785207
0.374303 0.083917 -0.084048 -0.012179
0.083917 0.041066 -0.011780 -0.002712
-0.084048 -0.011780 0.455376 0.096620
-0.012179 -0.002712 0.096620 0.043594
31.249911 1.137899 41.408766 1.740656
0.387966 0.087361 -0.085890 -0.012463
0.087361 0.041882 -0.012466 -0.002852
-0.085890 -0.012466 0.450245 0.095515
-0.012463 -0.002852 0.095515 0.043415
32.142640 1.210045 42.161762 1.720343
0.378819 0.085363 -0.076676 -0.010711
0.085363 0.041408 -0.010503 -0.002493
-0.076676 -0.010503 0.446946 0.095102
-0.010711 -0.002493 0.095102 0.043430
32.923449 1.253582 43.242073 1.770425
0.381763 0.086242 -0.071850 -0.009868
0.086242 0.041618 -0.009726 -0.002367
-0.071850 -0.009726 0.444150 0.094753
-0.009868 -0.002367 0.094753 0.043431
33.753088 1.307836 44.676062 1.891840
0.406859 0.091914 -0.077529 -0.011044
0.091914 0.042865 -0.011290 -0.002679
-0.077529 -0.011290 0.448602 0.095838
-0.011044 -0.002679 0.095838 0.043704
34.604700 1.348843 45.339352 1.833427
0.415352 0.093403 -0.068687 -0.009199
0.093403 0.043090 -0.009790 -0.002354
-0.068687 -0.009790 0.421157 0.090117
-0.009199 -0.002354 0.090117 0.042516
35.357675 1.366855 46.279319 1.839508
0.424675 0.094921 -0.063271 -0.008243
0.094921 0.043318 -0.009056 -0.002215
-0.063271 -0.009056 0.400554 0.086332
-0.008243 -0.002215 0.086332 0.041823
36.350329 1.437448 47.317754 1.869422
0.454593 0.100786 -0.071911 -0.010171
0.100786 0.044493 -0.011303 -0.002676
-0.071911 -0.011303 0.393504 0.085588
-0.010171 -0.002676 0.085588 0.041779
