2.029011 1.773717 1.190830 -0.415705
2.769152 1.107685 0.866660 0.346672
1.107685 80.447150 0.346672 0.138672
0.866660 0.346672 6.100341 2.440189
0.346672 0.138672 2.440189 80.980164
4.496355 4.378634 3.022996 2.536692
3.501823 6.111265 -1.104818 -1.862073
6.111265 19.804608 -2.041835 -1.406633
-1.104818 -2.041835 2.232265 3.401764
-1.862073 -1.406633 3.401764 22.064423
3.886126 1.307364 5.018967 3.126646
2.920908 3.307088 0.301032 0.801244
3.307088 5.875831 0.633761 1.372949
0.301032 0.633761 3.055687 4.124515
0.801244 1.372949 4.124515 8.750790
3.098796 0.069401 3.417061 0.221438
3.199922 2.592537 0.390815 0.460255
2.592537 2.909436 0.398947 0.418665
0.390815 0.398947 3.539184 3.207433
0.460255 0.418665 3.207433 3.943397
4.616922 0.989409 3.497897 0.212986
2.063026 1.277350 -0.517431 -0.330106
1.277350 1.191450 -0.309378 -0.216791
-0.517431 -0.309378 2.596919 1.733275
-0.330106 -0.216791 1.733275 1.634556
6.250698 1.592268 5.084844 1.027050
1.923277 0.993065 -0.213674 -0.092564
0.993065 0.743498 -0.092810 -0.051611
-0.213674 -0.092810 1.937516 1.045037
-0.092564 -0.051611 1.045037 0.828999
8.877254 2.405330 6.437067 1.428430
1.619167 0.713589 -0.068334 -0.016683
0.713589 0.461456 -0.017363 -0.011068
-0.068334 -0.017363 1.836897 0.842153
-0.016683 -0.011068 0.842153 0.551090
10.121516 2.418126 6.324046 1.099951
1.464738 0.565724 -0.033470 -0.005643
0.565724 0.319784 -0.005527 -0.006152
-0.033470 -0.005527 1.870971 0.743241
-0.005643 -0.006152 0.743241 0.406893
11.222544 2.382982 7.915885 1.463296
1.268457 0.436897 0.027244 0.012783
0.436897 0.224964 0.012658 0.000520
0.027244 0.012658 1.654770 0.577607
0.012783 0.000520 0.577607 0.282698
11.853519 2.207845 8.777904 1.503896
1.072370 0.335109 -0.015697 -0.004599
0.335109 0.162612 -0.004656 -0.005037
-0.015697 -0.004656 1.477119 0.461826
-0.004599 -0.005037 0.461826 0.206909
12.721720 2.139600 10.116057 1.670845
0.961282 0.277165 -0.005081 -0.002094
0.277165 0.127099 -0.002086 -0.003494
-0.005081 -0.002086 1.299148 0.369644
-0.002094 -0.003494 0.369644 0.155886
12.707016 1.847989 10.692400 1.604246
0.839043 0.225876 -0.072105 -0.020086
0.225876 0.100873 -0.020505 -0.007717
-0.072105 -0.020505 1.126930 0.296200
-0.020086 -0.007717 0.296200 0.120803
12.466267 1.551280 12.670513 1.894452
0.760208 0.193484 -0.062606 -0.015916
0.193484 0.084474 -0.016157 -0.005641
-0.062606 -0.016157 0.910721 0.224184
-0.015916 -0.005641 0.224184 0.092900
12.658894 1.409656 13.767937 1.929671
0.787289 0.191310 -0.049393 -0.011551
0.191310 0.078380 -0.011648 -0.003923
-0.049393 -0.011648 0.863964 0.202752
-0.011551 -0.003923 0.202752 0.081676
13.381565 1.413265 13.986275 1.761601
0.748199 0.173636 -0.046691 -0.010182
0.173636 0.069894 -0.010275 -0.003198
-0.046691 -0.010275 0.788202 0.177447
-0.010182 -0.003198 0.177447 0.071504
14.243076 1.447821 14.831225 1.753917
0.709903 0.158547 -0.013490 -0.002335
0.158547 0.063448 -0.002261 -0.001146
-0.013490 -0.002261 0.727141 0.158504
-0.002335 -0.001146 0.158504 0.064316
14.921291 1.438427 16.405256 1.902186
0.726631 0.157330 0.033801 0.007611
0.157330 0.061054 0.007825 0.001102
0.033801 0.007825 0.708727 0.150794
0.007611 0.001102 0.150794 0.060575
16.192642 1.554448 17.468714 1.925266
0.689922 0.145003 0.076867 0.015598
0.145003 0.056779 0.015847 0.002685
0.076867 0.015847 0.666453 0.138834
0.015598 0.002685 0.138834 0.056506
16.182970 1.393695 17.931692 1.824593
0.669269 0.137631 0.054308 0.009406
0.137631 0.054179 0.009643 0.001231
0.054308 0.009643 0.627284 0.128846
0.009406 0.001231 0.128846 0.053405
16.521022 1.322753 18.363531 1.727931
0.643237 0.130049 0.052295 0.008267
0.130049 0.051912 0.008488 0.001004
0.052295 0.008488 0.592644 0.120688
0.008267 0.001004 0.120688 0.051046
17.012970 1.288780 19.238052 1.730857
0.644126 0.128677 0.068488 0.010964
0.128677 0.051180 0.011130 0.001571
0.068488 0.011130 0.584891 0.118627
0.010964 0.001571 0.118627 0.050172
17.686606 1.294122 20.187210 1.747685
0.650634 0.128596 0.090777 0.014721
0.128596 0.050823 0.014784 0.002306
0.090777 0.014784 0.586353 0.118491
0.014721 0.002306 0.118491 0.049782
18.311963 1.290228 21.006138 1.736715
0.651026 0.127426 0.107347 0.017128
0.127426 0.050336 0.017105 0.002740
0.107347 0.017105 0.583812 0.117501
0.017128 0.002740 0.117501 0.049278
19.160834 1.322713 22.751725 1.912442
0.670137 0.129834 0.156763 0.025940
0.129834 0.050576 0.025648 0.004398
0.156763 0.025648 0.597160 0.119468
0.025940 0.004398 0.119468 0.049374
19.788848 1.311735 24.120436 1.996188
0.686130 0.131734 0.176211 0.028036
0.131734 0.050779 0.027695 0.004640
0.176211 0.027695 0.609942 0.121343
0.028036 0.004640 0.121343 0.049511
20.374824 1.305342 24.573479 1.887184
0.682502 0.130164 0.161914 0.023591
0.130164 0.050396 0.023504 0.003701
0.161914 0.023504 0.600386 0.118942
0.023591 0.003701 0.118942 0.048872
21.681082 1.433734 25.359530 1.845906
0.699740 0.132502 0.173242 0.024638
0.132502 0.050757 0.024507 0.003883
0.173242 0.024507 0.615450 0.121364
0.024638 0.003883 0.121364 0.049200
22.367296 1.424108 26.522262 1.894483
0.694482 0.130411 0.183837 0.025954
0.130411 0.050259 0.025557 0.004156
0.183837 0.025557 0.622850 0.122040
0.025954 0.004156 0.122040 0.049160
23.136434 1.425635 28.031485 2.005836
0.688807 0.128379 0.204028 0.029214
0.128379 0.049811 0.028376 0.004781
0.204028 0.028376 0.637714 0.124023
0.029214 0.004781 0.124023 0.049375
23.917706 1.441400 28.886485 1.975154
0.686223 0.127966 0.181891 0.023823
0.127966 0.049862 0.023387 0.003792
0.181891 0.023387 0.631084 0.122351
0.023823 0.003792 0.122351 0.049019
24.638744 1.442169 29.835953 1.967591
0.674040 0.125605 0.169366 0.021182
0.125605 0.049494 0.020795 0.003427
0.169366 0.020795 0.625654 0.120942
0.021182 0.003427 0.120942 0.048715
25.087995 1.386909 31.001654 2.008530
0.653272 0.121896 0.154083 0.018476
0.121896 0.048907 0.017899 0.003060
0.154083 0.017899 0.624724 0.120653
0.018476 0.003060 0.120653 0.048678
25.482397 1.341369 31.358926 1.886405
0.635547 0.119376 0.122731 0.012817
0.119376 0.048629 0.012692 0.002238
0.122731 0.012692 0.597965 0.115618
0.012817 0.002238 0.115618 0.047773
25.799331 1.276759 32.109745 1.854430
0.611896 0.115503 0.111558 0.011721
0.115503 0.048021 0.011438 0.002264
0.111558 0.011438 0.588619 0.114107
0.011721 0.002264 0.114107 0.047559
26.449164 1.270349 33.582646 1.961910
0.613192 0.116682 0.101793 0.010507
0.116682 0.048415 0.010083 0.002149
0.101793 0.010083 0.604824 0.117736
0.010507 0.002149 0.117736 0.048374
26.797892 1.220699 34.161786 1.886858
0.596112 0.114224 0.084071 0.008046
0.114224 0.048058 0.007769 0.001880
0.084071 0.007769 0.587331 0.114482
0.008046 0.001880 0.114482 0.047773
27.146503 1.168500 35.200964 1.909081
0.587829 0.113555 0.067789 0.005850
0.113555 0.048048 0.005545 0.001588
0.067789 0.005545 0.588357 0.115129
0.005850 0.001588 0.115129 0.047985
28.046257 1.229670 36.205076 1.915354
0.609926 0.118785 0.048971 0.002885
0.118785 0.049165 0.002903 0.001133
0.048971 0.002903 0.589035 0.115628
0.002885 0.001133 0.115628 0.048147
28.629805 1.223948 37.120070 1.907224
0.602152 0.117502 0.037089 0.001765
0.117502 0.048874 0.001777 0.001049
0.037089 0.001777 0.583599 0.114757
0.001765 0.001049 0.114757 0.047996
28.544522 1.087122 38.100889 1.917767
0.586110 0.114767 0.009887 -0.002397
0.114767 0.048341 -0.002474 0.000317
0.009887 -0.002474 0.584570 0.115312
-0.002397 0.000317 0.115312 0.048157
29.421195 1.151527 39.261454 1.955858
0.605081 0.118949 -0.001643 -0.003484
0.118949 0.049172 -0.003451 0.000204
-0.001643 -0.003451 0.587050 0.115945
-0.003484 0.000204 0.115945 0.048286
29.677191 1.086512 40.902147 2.087801
0.597697 0.117508 -0.018649 -0.005617
0.117508 0.048820 -0.005645 -0.000161
-0.018649 -0.005645 0.601676 0.118903
-0.005617 -0.000161 0.118903 0.048862
30.359862 1.113520 42.264337 2.150379
0.615664 0.121126 -0.037285 -0.008114
0.121126 0.049488 -0.008108 -0.000603
-0.037285 -0.008108 0.602866 0.118903
-0.008114 -0.000603 0.118903 0.048802
31.092527 1.148258 43.622875 2.206295
0.622724 0.122213 -0.050283 -0.009442
0.122213 0.049598 -0.009437 -0.000824
-0.050283 -0.009437 0.599189 0.117932
-0.009442 -0.000824 0.117932 0.048560
31.319340 1.078635 44.109298 2.084021
0.628420 0.122887 -0.076775 -0.013501
0.122887 0.049618 -0.013540 -0.001616
-0.076775 -0.013540 0.578648 0.113693
-0.013501 -0.001616 0.113693 0.047692
31.922427 1.090553 45.037211 2.061781
0.644335 0.125516 -0.093047 -0.015338
0.125516 0.050032 -0.015438 -0.001942
-0.093047 -0.015438 0.573181 0.112799
-0.015338 -0.001942 0.112799 0.047552
33.050741 1.203886 46.027623 2.057699
0.687993 0.133300 -0.110746 -0.017314
0.133300 0.051423 -0.017635 -0.002310
-0.110746 -0.017635 0.572121 0.112777
-0.017314 -0.002310 0.112777 0.047575
33.789002 1.226073 46.580689 1.964070
0.708359 0.135842 -0.130268 -0.019850
0.135842 0.051688 -0.020245 -0.002811
-0.130268 -0.020245 0.563756 0.111210
-0.019850 -0.002811 0.111210 0.047262
35.042754 1.347743 47.443476 1.946904
0.734842 0.139490 -0.141883 -0.020713
0.139490 0.052193 -0.021221 -0.002971
-0.141883 -0.021221 0.563061 0.111317
-0.020713 -0.002971 0.111317 0.047304
35.469952 1.302445 48.548734 1.970452
0.738099 0.138366 -0.163716 -0.024032
0.138366 0.051762 -0.024103 -0.003596
-0.163716 -0.024103 0.574477 0.113646
-0.024032 -0.003596 0.113646 0.047739
