1.948650 1.741571 2.675911 0.178340
1.913194 0.765294 1.500735 0.600307
0.765294 80.310191 0.600307 0.240128
1.500735 0.600307 5.081064 2.032470
0.600307 0.240128 2.032470 80.817072
4.105866 4.123488 2.299706 -0.699182
3.135099 5.888534 -1.850765 -3.258550
5.888534 17.447968 -3.727015 -2.619985
-1.850765 -3.727015 3.240493 5.280540
-3.258550 -2.619985 5.280540 23.208051
5.310250 3.000312 0.893600 -2.243908
3.623127 4.127187 -0.301595 0.449395
4.127187 6.054838 0.048975 1.452207
-0.301595 0.048975 3.046349 3.815568
0.449395 1.452207 3.815568 7.699725
11.025922 6.379637 1.934572 0.047761
2.309865 1.788994 0.157061 0.362265
1.788994 1.892349 0.232269 0.455916
0.157061 0.232269 1.825057 1.601364
0.362265 0.455916 1.601364 2.354350
9.575676 3.655223 3.106683 0.632250
0.513446 0.325655 0.667250 0.480279
0.325655 0.463728 0.460997 0.350825
0.667250 0.460997 2.108271 1.475669
0.480279 0.350825 1.475669 1.459806
11.513799 3.695333 4.290018 1.124876
0.671374 0.400862 0.617784 0.320894
0.400862 0.380332 0.316940 0.175289
0.617784 0.316940 2.104755 1.177904
0.320894 0.175289 1.177904 0.890645
9.986130 1.909599 4.151623 0.963142
0.228696 0.117042 0.161742 0.065541
0.117042 0.143604 0.025406 0.018516
0.161742 0.025406 1.773801 0.839083
0.065541 0.018516 0.839083 0.538036
11.077971 1.959373 5.393772 1.267904
0.338838 0.169808 0.142616 0.047961
0.169808 0.138429 0.026465 0.015782
0.142616 0.026465 1.733497 0.699587
0.047961 0.015782 0.699587 0.377466
11.612436 1.730402 7.571875 1.820570
0.424578 0.188566 0.094821 0.026422
0.188566 0.120637 0.013711 0.009352
0.094821 0.013711 1.515554 0.533587
0.026422 0.009352 0.533587 0.257253
12.378823 1.678462 9.507460 2.143764
0.541678 0.210696 0.082257 0.021017
0.210696 0.110274 0.014211 0.008392
0.082257 0.014211 1.382534 0.433875
0.021017 0.008392 0.433875 0.190170
12.463658 1.433724 8.970206 1.689396
0.545427 0.187842 -0.059636 -0.019641
0.187842 0.088499 -0.030785 -0.005224
-0.059636 -0.030785 1.156559 0.329516
-0.019641 -0.005224 0.329516 0.138260
12.790277 1.314461 9.589030 1.629799
0.593292 0.183188 -0.072188 -0.018667
0.183188 0.078013 -0.027232 -0.003630
-0.072188 -0.027232 1.107597 0.291189
-0.018667 -0.003630 0.291189 0.114679
13.174605 1.237000 11.039033 1.784490
0.666984 0.187067 -0.034915 -0.005990
0.187067 0.072787 -0.011368 0.000566
-0.034915 -0.011368 1.064470 0.260899
-0.005990 0.000566 0.260899 0.097939
13.471512 1.154292 13.274790 2.092676
0.723741 0.186367 0.017697 0.007656
0.186367 0.067914 0.004631 0.004000
0.017697 0.004631 0.967347 0.223130
0.007656 0.004000 0.223130 0.082718
14.500738 1.261966 13.767796 1.973415
0.685047 0.163658 0.026223 0.008859
0.163658 0.059080 0.006761 0.003765
0.026223 0.006761 0.863528 0.189439
0.008859 0.003765 0.189439 0.070986
14.834504 1.195042 14.708037 1.962453
0.713235 0.160541 0.034499 0.010055
0.160541 0.056449 0.008372 0.003576
0.034499 0.008372 0.843205 0.178080
0.010055 0.003576 0.178080 0.065832
14.965883 1.095563 16.054477 2.035638
0.693761 0.148408 0.046584 0.011649
0.148408 0.052550 0.010411 0.003500
0.046584 0.010411 0.748984 0.153170
0.011649 0.003500 0.153170 0.058762
15.600980 1.113522 17.129090 2.047184
0.718865 0.147799 0.070743 0.015583
0.147799 0.051766 0.014655 0.003944
0.070743 0.014655 0.748848 0.150100
0.015583 0.003944 0.150100 0.057017
15.899105 1.061274 19.314387 2.275687
0.736614 0.146393 0.118182 0.023647
0.146393 0.051087 0.023006 0.005184
0.118182 0.023006 0.702127 0.138250
0.023647 0.005184 0.138250 0.053831
16.589066 1.092568 20.267455 2.239346
0.726222 0.140301 0.131742 0.024388
0.140301 0.049723 0.023902 0.004913
0.131742 0.023902 0.668817 0.130255
0.024388 0.004913 0.130255 0.051779
17.835865 1.226648 21.160445 2.192280
0.710145 0.134246 0.160006 0.028123
0.134246 0.048606 0.027604 0.005291
0.160006 0.027604 0.650441 0.125867
0.028123 0.005291 0.125867 0.050640
18.591282 1.253042 22.303127 2.200337
0.721059 0.134388 0.169496 0.027897
0.134388 0.048849 0.027466 0.004930
0.169496 0.027466 0.652847 0.125978
0.027897 0.004930 0.125978 0.050506
18.728943 1.163602 23.213119 2.167946
0.708198 0.130627 0.156862 0.023794
0.130627 0.048417 0.023642 0.003986
0.156862 0.023642 0.628490 0.121027
0.023794 0.003986 0.121027 0.049437
18.637042 1.036105 24.529560 2.221098
0.689997 0.126310 0.165491 0.024484
0.126310 0.047905 0.024341 0.004073
0.165491 0.024341 0.602364 0.115904
0.024484 0.004073 0.115904 0.048372
19.506931 1.102630 25.544154 2.197503
0.689361 0.125707 0.185375 0.027290
0.125707 0.048105 0.026984 0.004537
0.185375 0.026984 0.598987 0.115464
0.027290 0.004537 0.115464 0.048266
19.726604 1.048532 26.114093 2.097771
0.678861 0.124027 0.165344 0.022281
0.124027 0.048180 0.022371 0.003590
0.165344 0.022371 0.581103 0.112676
0.022281 0.003590 0.112676 0.047792
20.063522 1.009981 27.389669 2.146140
0.681286 0.124576 0.172323 0.023063
0.124576 0.048567 0.022982 0.003766
0.172323 0.022982 0.587978 0.114504
0.023063 0.003766 0.114504 0.048155
20.270543 0.956740 28.306721 2.120112
0.685258 0.125843 0.154937 0.019001
0.125843 0.049113 0.019260 0.003069
0.154937 0.019260 0.586312 0.114781
0.019001 0.003069 0.114781 0.048239
20.178245 0.861566 28.658983 1.988117
0.665599 0.122652 0.133884 0.015111
0.122652 0.048758 0.015646 0.002548
0.133884 0.015646 0.562979 0.110644
0.015111 0.002548 0.110644 0.047412
21.343192 0.996274 29.864783 2.018112
0.693863 0.128145 0.149619 0.018175
0.128145 0.049942 0.018497 0.003213
0.149619 0.018497 0.586913 0.115664
0.018175 0.003213 0.115664 0.048364
21.739861 0.979903 30.706725 1.986193
0.690679 0.127735 0.137418 0.015924
0.127735 0.049992 0.016303 0.002901
0.137418 0.016303 0.586442 0.115730
0.015924 0.002901 0.115730 0.048323
22.108774 0.957572 31.671740 1.982533
0.676965 0.125247 0.134603 0.015955
0.125247 0.049613 0.016043 0.003029
0.134603 0.016043 0.588600 0.116119
0.015955 0.003029 0.116119 0.048316
23.203008 1.071868 32.774493 1.995161
0.692347 0.128408 0.136475 0.016425
0.128408 0.050313 0.016562 0.003191
0.136475 0.016562 0.598903 0.118022
0.016425 0.003191 0.118022 0.048616
23.697811 1.059581 34.078108 2.057009
0.682517 0.126790 0.121983 0.013973
0.126790 0.050094 0.013978 0.002783
0.121983 0.013978 0.607467 0.119654
0.013973 0.002783 0.119654 0.048891
24.555341 1.118660 35.299167 2.090632
0.686707 0.127947 0.107403 0.011493
0.127947 0.050407 0.011675 0.002410
0.107403 0.011675 0.610260 0.119982
0.011493 0.002410 0.119982 0.048895
25.315399 1.160341 36.047546 2.029097
0.666174 0.124286 0.095257 0.010022
0.124286 0.049767 0.010211 0.002281
0.095257 0.010211 0.595384 0.116763
0.010022 0.002281 0.116763 0.048198
26.121026 1.203165 37.040963 2.022163
0.669421 0.125542 0.071976 0.006075
0.125542 0.050127 0.006541 0.001633
0.071976 0.006541 0.590361 0.115958
0.006075 0.001633 0.115958 0.048084
27.354249 1.328713 37.460743 1.898491
0.669907 0.125959 0.061170 0.004907
0.125959 0.050251 0.005622 0.001567
0.061170 0.005622 0.568064 0.111647
0.004907 0.001567 0.111647 0.047253
27.807224 1.285530 38.767038 1.971235
0.649568 0.122488 0.036927 0.001252
0.122488 0.049650 0.001781 0.000930
0.036927 0.001781 0.577651 0.114150
0.001252 0.000930 0.114150 0.047860
28.383387 1.275945 39.331235 1.888182
0.638349 0.120952 0.014018 -0.002061
0.120952 0.049440 -0.001416 0.000413
0.014018 -0.001416 0.563801 0.111682
-0.002061 0.000413 0.111682 0.047407
29.294896 1.328857 40.114123 1.854611
0.640016 0.121847 -0.000407 -0.003658
0.121847 0.049676 -0.002975 0.000202
-0.000407 -0.002975 0.558791 0.111074
-0.003658 0.000202 0.111074 0.047336
30.478605 1.427679 41.145301 1.873424
0.658949 0.125875 -0.016861 -0.005764
0.125875 0.050470 -0.005010 -0.000143
-0.016861 -0.005010 0.562128 0.112121
-0.005764 -0.000143 0.112121 0.047585
31.007437 1.392533 41.934600 1.844303
0.653169 0.124759 -0.041840 -0.009490
0.124759 0.050205 -0.008665 -0.000811
-0.041840 -0.008665 0.561404 0.112200
-0.009490 -0.000811 0.112200 0.047606
32.084753 1.465791 43.276062 1.928381
0.668832 0.127773 -0.058795 -0.011484
0.127773 0.050743 -0.010652 -0.001137
-0.058795 -0.010652 0.573468 0.114744
-0.011484 -0.001137 0.114744 0.048101
32.490416 1.403249 44.221894 1.923905
0.664163 0.126558 -0.084571 -0.015296
0.126558 0.050417 -0.014361 -0.001834
-0.084571 -0.014361 0.576198 0.115103
-0.015296 -0.001834 0.115103 0.048101
33.067515 1.376647 44.663109 1.819081
0.657944 0.125164 -0.099526 -0.016831
0.125164 0.050092 -0.015973 -0.002104
-0.099526 -0.015973 0.563374 0.112306
-0.016831 -0.002104 0.112306 0.047474
33.716676 1.370675 45.771717 1.858770
0.677112 0.128654 -0.122178 -0.019853
0.128654 0.050713 -0.018979 -0.002654
-0.122178 -0.018979 0.575724 0.114723
-0.019853 -0.002654 0.114723 0.047930
34.082551 1.305990 46.338287 1.782980
0.672596 0.127326 -0.137352 -0.021517
0.127326 0.050365 -0.020668 -0.002979
-0.137352 -0.020668 0.570564 0.113403
-0.021517 -0.002979 0.113403 0.047595
34.849185 1.325442 47.036744 1.745371
0.692555 0.130786 -0.152691 -0.023038
0.130786 0.050963 -0.022398 -0.003283
-0.152691 -0.022398 0.572092 0.113512
-0.023038 -0.003283 0.113512 0.047572
35.345583 1.293832 47.923487 1.746044
0.705804 0.132606 -0.170470 -0.025218
0.132606 0.051192 -0.024561 -0.003713
-0.170470 -0.024561 0.580666 0.114962
-0.025218 -0.003713 0.114962 0.047806
