1.218616 1.449551 0.020699 -0.883767
2.299489 0.919816 1.431731 0.572705
0.919816 80.372001 0.572705 0.229087
1.431731 0.572705 5.994344 2.397790
0.572705 0.229087 2.397790 80.963203
4.962507 6.520867 2.280236 2.869127
3.212541 5.796413 -0.987589 -1.819247
5.796413 18.069688 -2.006785 -0.166592
-0.987589 -2.006785 2.473717 3.825373
-1.819247 -0.166592 3.825373 22.448273
8.538264 6.843255 3.414342 2.523678
2.413146 2.732021 0.327682 0.767714
2.732021 4.822870 0.707641 1.750526
0.327682 0.707641 3.384354 4.441280
0.767714 1.750526 4.441280 9.054801
8.819253 4.312274 4.279565 2.016788
0.862314 0.701872 0.294006 0.302358
0.701872 1.222789 0.364299 0.453807
0.294006 0.364299 3.429654 3.038152
0.302358 0.453807 3.038152 3.763484
8.681162 2.716967 6.110157 2.513640
0.491352 0.343847 0.043996 0.039315
0.343847 0.544089 0.057688 0.080432
0.043996 0.057688 2.717072 1.799969
0.039315 0.080432 1.799969 1.691703
9.557898 2.405127 6.217547 1.888748
0.748499 0.474868 -0.015129 0.006728
0.474868 0.458307 0.003746 0.027206
-0.015129 0.003746 2.492569 1.334100
0.006728 0.027206 1.334100 0.992361
9.732325 1.853884 5.135290 0.961197
0.652759 0.342722 -0.272122 -0.111711
0.342722 0.271548 -0.133688 -0.046561
-0.272122 -0.133688 2.085827 0.933055
-0.111711 -0.046561 0.933055 0.591400
10.413068 1.749910 6.516999 1.308205
0.774719 0.350728 -0.142217 -0.038135
0.350728 0.218880 -0.048571 -0.007065
-0.142217 -0.048571 1.834490 0.714556
-0.038135 -0.007065 0.714556 0.396912
10.626860 1.482041 6.102515 0.924842
0.645383 0.251447 -0.200853 -0.056896
0.251447 0.141440 -0.065341 -0.015789
-0.200853 -0.065341 1.664139 0.572781
-0.056896 -0.015789 0.572781 0.283266
12.237234 1.794114 7.562636 1.253460
0.676577 0.235526 -0.087497 -0.014079
0.235526 0.116216 -0.018130 -0.000300
-0.087497 -0.018130 1.461144 0.454624
-0.014079 -0.000300 0.454624 0.207732
13.247760 1.834255 8.811860 1.432884
0.706721 0.221701 -0.026920 0.003839
0.221701 0.098380 0.001288 0.004090
-0.026920 0.001288 1.343177 0.382719
0.003839 0.004090 0.382719 0.162529
13.230420 1.567573 9.559160 1.429221
0.654600 0.186611 -0.057178 -0.006804
0.186611 0.078882 -0.009631 -0.000405
-0.057178 -0.009631 1.183788 0.311165
-0.006804 -0.000405 0.311165 0.126777
12.952866 1.287814 10.419831 1.453968
0.599161 0.157913 -0.086551 -0.014980
0.157913 0.065505 -0.017927 -0.003137
-0.086551 -0.017927 1.010377 0.248191
-0.014980 -0.003137 0.248191 0.100230
13.783681 1.340337 12.377065 1.743842
0.628071 0.156094 -0.016061 0.002529
0.156094 0.061696 0.000562 0.001200
-0.016061 0.000562 0.926771 0.216797
0.002529 0.001200 0.216797 0.086047
13.729051 1.172714 14.005668 1.907690
0.653464 0.153765 0.000055 0.005170
0.153765 0.058604 0.003257 0.001397
0.000055 0.003257 0.838747 0.187960
0.005170 0.001397 0.187960 0.074679
14.500025 1.215519 15.470315 2.019424
0.659228 0.147868 0.040605 0.012698
0.147868 0.055455 0.011264 0.002765
0.040605 0.011264 0.774481 0.167995
0.012698 0.002765 0.167995 0.067037
14.976657 1.187070 16.295017 1.979917
0.669512 0.144155 0.048665 0.012583
0.144155 0.053417 0.011384 0.002385
0.048665 0.011384 0.740393 0.156463
0.012583 0.002385 0.156463 0.062257
15.771934 1.229009 17.434869 2.011183
0.677921 0.141008 0.078300 0.017102
0.141008 0.051946 0.016159 0.003085
0.078300 0.016159 0.717323 0.148435
0.017102 0.003085 0.148435 0.058907
16.408285 1.232695 18.829744 2.090368
0.689493 0.139308 0.107114 0.021108
0.139308 0.051089 0.020364 0.003655
0.107114 0.020364 0.693749 0.141048
0.021108 0.003655 0.141048 0.056154
16.623869 1.152899 20.003769 2.117696
0.703355 0.138737 0.111662 0.019984
0.138737 0.050685 0.019490 0.003208
0.111662 0.019490 0.672831 0.134948
0.019984 0.003208 0.134948 0.054038
17.137529 1.140835 21.039575 2.113450
0.716957 0.138549 0.121256 0.020178
0.138549 0.050491 0.019844 0.003109
0.121256 0.019844 0.664651 0.131941
0.020178 0.003109 0.131941 0.052805
18.148058 1.228300 21.628949 2.017526
0.694353 0.131752 0.140601 0.022736
0.131752 0.049119 0.022365 0.003547
0.140601 0.022365 0.635405 0.124944
0.022736 0.003547 0.124944 0.050928
18.102369 1.109070 21.984919 1.894497
0.682422 0.128399 0.109859 0.015266
0.128399 0.048669 0.015350 0.002084
0.109859 0.015350 0.608570 0.119504
0.015266 0.002084 0.119504 0.049647
18.782111 1.133137 22.885148 1.883866
0.684120 0.127706 0.127778 0.018179
0.127706 0.048698 0.018117 0.002700
0.127778 0.018117 0.605851 0.118780
0.018179 0.002700 0.118780 0.049314
19.100149 1.085701 23.894214 1.900080
0.697328 0.129630 0.127843 0.017281
0.129630 0.049273 0.017324 0.002550
0.127843 0.017324 0.611345 0.119884
0.017281 0.002550 0.119884 0.049416
19.537602 1.063915 25.019805 1.936220
0.700477 0.129482 0.143117 0.019747
0.129482 0.049386 0.019646 0.003079
0.143117 0.019646 0.611719 0.119625
0.019747 0.003079 0.119625 0.049199
19.931050 1.043119 25.584456 1.857998
0.678628 0.124904 0.152086 0.021181
0.124904 0.048685 0.020981 0.003443
0.152086 0.020981 0.589879 0.115033
0.021181 0.003443 0.115033 0.048160
20.570493 1.062458 26.712475 1.895936
0.698149 0.128647 0.155750 0.020962
0.128647 0.049618 0.020808 0.003381
0.155750 0.020808 0.606550 0.118555
0.020962 0.003381 0.118555 0.048845
21.620885 1.159959 27.643810 1.884777
0.704147 0.129383 0.173642 0.023935
0.129383 0.049858 0.023584 0.003980
0.173642 0.023584 0.613894 0.119625
0.023935 0.003980 0.119625 0.048926
21.969696 1.109904 29.018294 1.974485
0.689385 0.126367 0.183117 0.025400
0.126367 0.049400 0.024635 0.004261
0.183117 0.024635 0.622462 0.120960
0.025400 0.004261 0.120960 0.049082
22.929619 1.179077 30.425252 2.051047
0.704940 0.129549 0.180940 0.024009
0.129549 0.050175 0.023408 0.003979
0.180940 0.023408 0.638464 0.123845
0.024009 0.003979 0.123845 0.049589
23.269996 1.128577 31.662586 2.097308
0.682504 0.125534 0.166310 0.021076
0.125534 0.049551 0.020379 0.003513
0.166310 0.020379 0.636221 0.123072
0.021076 0.003513 0.123072 0.049365
24.313817 1.214824 32.954137 2.136900
0.691627 0.127753 0.155285 0.018637
0.127753 0.050128 0.018287 0.003167
0.155285 0.018287 0.638270 0.123186
0.018637 0.003167 0.123186 0.049346
24.796959 1.185681 34.360694 2.205404
0.664559 0.123027 0.138515 0.015979
0.123027 0.049348 0.015384 0.002810
0.138515 0.015384 0.637302 0.122828
0.015979 0.002810 0.122828 0.049256
24.640541 1.049659 35.107186 2.147810
0.604148 0.112460 0.115574 0.012858
0.112460 0.047521 0.011947 0.002452
0.115574 0.011947 0.612407 0.117949
0.012858 0.002452 0.117949 0.048311
25.774232 1.169708 35.949302 2.093224
0.620720 0.117150 0.104107 0.010937
0.117150 0.048671 0.010724 0.002281
0.104107 0.010724 0.597580 0.115310
0.010937 0.002281 0.115310 0.047873
26.114888 1.128067 36.621903 2.023369
0.602318 0.114750 0.079439 0.007094
0.114750 0.048356 0.006999 0.001721
0.079439 0.006999 0.580081 0.112553
0.007094 0.001721 0.112553 0.047468
26.719966 1.146677 36.795946 1.858129
0.609756 0.117411 0.052634 0.002714
0.117411 0.049007 0.003138 0.001078
0.052634 0.003138 0.554246 0.108336
0.002714 0.001078 0.108336 0.046791
27.269614 1.137749 38.131888 1.938928
0.599836 0.116092 0.043516 0.002291
0.116092 0.048760 0.002432 0.001117
0.043516 0.002432 0.566762 0.111743
0.002291 0.001117 0.111743 0.047596
27.830291 1.138645 38.814767 1.882086
0.614276 0.119686 0.017062 -0.001938
0.119686 0.049501 -0.001550 0.000406
0.017062 -0.001550 0.560338 0.111131
-0.001938 0.000406 0.111131 0.047542
28.488203 1.154901 39.918844 1.914002
0.629609 0.122940 -0.003892 -0.004829
0.122940 0.050079 -0.004375 -0.000051
-0.003892 -0.004375 0.567348 0.113077
-0.004829 -0.000051 0.113077 0.047964
28.868337 1.115636 41.079829 1.955527
0.625889 0.122079 -0.022963 -0.007164
0.122079 0.049797 -0.006746 -0.000407
-0.022963 -0.006746 0.573589 0.114570
-0.007164 -0.000407 0.114570 0.048236
29.391537 1.109663 41.568285 1.857897
0.631298 0.123017 -0.041158 -0.009357
0.123017 0.049890 -0.008898 -0.000750
-0.041158 -0.008898 0.560598 0.112000
-0.009357 -0.000750 0.112000 0.047661
30.116281 1.142484 42.203446 1.799171
0.648671 0.126147 -0.057439 -0.011184
0.126147 0.050402 -0.010731 -0.001053
-0.057439 -0.010731 0.555976 0.111264
-0.011184 -0.001053 0.111264 0.047493
30.866188 1.177789 43.318062 1.842817
0.663919 0.128553 -0.072137 -0.012735
0.128553 0.050735 -0.012280 -0.001322
-0.072137 -0.012280 0.564852 0.113225
-0.012735 -0.001322 0.113225 0.047865
31.993614 1.282175 44.312615 1.859984
0.694199 0.133648 -0.086960 -0.014305
0.133648 0.051573 -0.013938 -0.001621
-0.086960 -0.013938 0.568480 0.113878
-0.014305 -0.001621 0.113878 0.047930
33.303423 1.410350 45.225193 1.860693
0.727726 0.138908 -0.103776 -0.016290
0.138908 0.052386 -0.016033 -0.002016
-0.103776 -0.016033 0.570259 0.114039
-0.016290 -0.002016 0.114039 0.047884
34.366484 1.475843 45.851174 1.802272
0.738422 0.139402 -0.120388 -0.018404
0.139402 0.052253 -0.018132 -0.002448
-0.120388 -0.018132 0.565847 0.112905
-0.018404 -0.002448 0.112905 0.047578
35.460684 1.543672 46.812781 1.817830
0.751964 0.140491 -0.138917 -0.020876
0.140491 0.052282 -0.020470 -0.002922
-0.138917 -0.020470 0.573224 0.114201
-0.020876 -0.002922 0.114201 0.047781
36.180782 1.533355 47.667884 1.806409
0.749228 0.138541 -0.158428 -0.023684
0.138541 0.051772 -0.022977 -0.003456
-0.158428 -0.022977 0.578832 0.114972
-0.023684 -0.003456 0.114972 0.047852
