2.094126 1.799763 4.873169 1.057262
4.718742 1.887538 9.580072 3.832112
1.887538 80.759098 3.832112 1.532878
9.580072 3.832112 29.313612 11.725699
3.832112 1.532878 11.725699 84.694448
4.723143 3.953980 8.132968 3.081248
3.625675 5.432144 2.788001 1.486708
5.432144 22.078491 -12.500543 -3.038824
2.788001 -12.500543 55.699338 51.390368
1.486708 -3.038824 51.390368 83.150487
6.139843 3.566583 6.713103 0.818530
3.577596 4.073440 -1.242054 -0.292180
4.073440 7.310176 -1.459345 4.014549
-1.242054 -1.459345 0.999704 0.517397
-0.292180 4.014549 0.517397 15.466741
10.504223 5.651556 6.747529 1.170558
2.471897 1.966228 -0.469137 0.159873
1.966228 2.525526 0.901921 2.451183
-0.469137 0.901921 4.687959 7.370330
0.159873 2.451183 7.370330 13.477347
9.844907 3.404830 6.632054 0.002950
1.232930 0.547487 -1.986728 -1.615799
0.547487 0.621299 -0.035832 0.077998
-1.986728 -0.035832 10.848120 9.546285
-1.615799 0.077998 9.546285 8.881027
10.241876 2.634328 5.659579 -0.734559
1.154210 0.446804 -2.644583 -1.557329
0.446804 0.385933 -0.257551 -0.125409
-2.644583 -0.257551 17.516804 10.789030
-1.557329 -0.125409 10.789030 6.871754
10.577344 2.285560 7.839553 0.430853
1.208018 0.451589 -2.646907 -1.199488
0.451589 0.317466 0.037121 0.034928
-2.646907 0.037121 28.131062 13.372697
-1.199488 0.034928 13.372697 6.491897
10.775885 1.968670 10.275845 1.256267
1.253544 0.446092 -2.152713 -0.786856
0.446092 0.244803 -0.249366 -0.089563
-2.152713 -0.249366 19.883164 7.636229
-0.786856 -0.089563 7.636229 3.024093
12.259175 2.144801 10.757412 1.221680
1.125691 0.383600 -0.906994 -0.265972
0.383600 0.187346 -0.103350 -0.032272
-0.906994 -0.103350 9.342862 3.022721
-0.265972 -0.032272 3.022721 1.046101
12.563698 1.847971 8.616696 0.430295
1.082336 0.328325 -1.004001 -0.263767
0.328325 0.142050 -0.236790 -0.068165
-1.004001 -0.236790 4.605359 1.282565
-0.263767 -0.068165 1.282565 0.411743
13.763587 1.926835 8.736952 0.410669
0.999445 0.276671 -0.884467 -0.207324
0.276671 0.112527 -0.174183 -0.045728
-0.884467 -0.174183 5.024523 1.252129
-0.207324 -0.045728 1.252129 0.358298
12.692220 1.386578 9.356907 0.478840
0.938809 0.235028 -1.147684 -0.248733
0.235028 0.090409 -0.229974 -0.054477
-1.147684 -0.229974 5.255645 1.179342
-0.248733 -0.054477 1.179342 0.305540
13.447569 1.410738 10.169184 0.598379
0.892484 0.211027 -0.968349 -0.190007
0.211027 0.078951 -0.167189 -0.036661
-0.968349 -0.167189 5.219709 1.070661
-0.190007 -0.036661 1.070661 0.257105
13.823649 1.330752 10.370706 0.576111
0.852905 0.191232 -0.867495 -0.156220
0.191232 0.070141 -0.140891 -0.028808
-0.867495 -0.140891 4.650073 0.878156
-0.156220 -0.028808 0.878156 0.201150
14.182695 1.272031 11.450354 0.713480
0.830848 0.178543 -0.762138 -0.126669
0.178543 0.064583 -0.112187 -0.021664
-0.762138 -0.112187 4.405268 0.774296
-0.126669 -0.021664 0.774296 0.170085
14.565635 1.229135 12.721493 0.863192
0.810177 0.168403 -0.632248 -0.097232
0.168403 0.060567 -0.084254 -0.015643
-0.632248 -0.084254 3.976324 0.655664
-0.097232 -0.015643 0.655664 0.141370
14.667597 1.127455 13.635861 0.934346
0.799756 0.161299 -0.549922 -0.079029
0.161299 0.057680 -0.072697 -0.012956
-0.549922 -0.072697 3.298977 0.513899
-0.079029 -0.012956 0.513899 0.112991
14.775600 1.048053 15.172355 1.090865
0.799925 0.157603 -0.459287 -0.061623
0.157603 0.056060 -0.056967 -0.009931
-0.459287 -0.056967 2.870507 0.427248
-0.061623 -0.009931 0.427248 0.096507
15.540569 1.111318 16.935919 1.269639
0.781621 0.151901 -0.290526 -0.034924
0.151901 0.054552 -0.025826 -0.005019
-0.290526 -0.025826 2.544854 0.366186
-0.034924 -0.005019 0.366186 0.085772
16.274988 1.153347 18.193561 1.358843
0.775007 0.148568 -0.178027 -0.018582
0.148568 0.053577 -0.009694 -0.002661
-0.178027 -0.009694 2.130948 0.298596
-0.018582 -0.002661 0.298596 0.075196
16.915127 1.167775 19.095139 1.390042
0.774306 0.146326 -0.116947 -0.010590
0.146326 0.052884 -0.003669 -0.001862
-0.116947 -0.003669 1.772347 0.244396
-0.010590 -0.001862 0.244396 0.067388
17.922252 1.240739 19.097126 1.297158
0.749017 0.139907 -0.057074 -0.003347
0.139907 0.051556 0.002684 -0.001064
-0.057074 0.002684 1.451964 0.199597
-0.003347 -0.001064 0.199597 0.061457
19.101271 1.345673 19.913666 1.323076
0.748921 0.138928 -0.001260 0.003262
0.138928 0.051420 0.009987 -0.000103
-0.001260 0.009987 1.326088 0.184384
0.003262 -0.000103 0.184384 0.059928
19.850270 1.365341 21.538162 1.459336
0.783757 0.144336 0.013772 0.004082
0.144336 0.052454 0.009985 -0.000155
0.013772 0.009985 1.269870 0.179452
0.004082 -0.000155 0.179452 0.059823
20.031860 1.276171 22.797578 1.534960
0.811901 0.148005 -0.015271 -0.001318
0.148005 0.053079 0.002091 -0.001305
-0.015271 0.002091 1.166807 0.167745
-0.001318 -0.001305 0.167745 0.058654
20.782714 1.296344 23.502553 1.525806
0.822261 0.148502 -0.002291 -0.000113
0.148502 0.053154 0.002837 -0.001107
-0.002291 0.002837 1.048256 0.154039
-0.000113 -0.001107 0.154039 0.057147
21.257746 1.265008 24.107342 1.502003
0.832478 0.149089 -0.009497 -0.001844
0.149089 0.053271 0.000258 -0.001399
-0.009497 0.000258 0.953448 0.144050
-0.001844 -0.001399 0.144050 0.056133
21.113961 1.126928 24.829351 1.498173
0.850208 0.151128 -0.045371 -0.007829
0.151128 0.053666 -0.006910 -0.002385
-0.045371 -0.006910 0.888562 0.138570
-0.007829 -0.002385 0.138570 0.055713
21.904443 1.167073 25.621137 1.504950
0.868748 0.153389 -0.025030 -0.004402
0.153389 0.054112 -0.003355 -0.001609
-0.025030 -0.003355 0.841961 0.135547
-0.004402 -0.001609 0.135547 0.055539
22.112443 1.101836 27.010732 1.610782
0.913204 0.160135 -0.037601 -0.006541
0.160135 0.055329 -0.005772 -0.001870
-0.037601 -0.005772 0.831626 0.137992
-0.006541 -0.001870 0.137992 0.056130
23.012405 1.163207 28.502543 1.727499
0.961362 0.167130 -0.016879 -0.002832
0.167130 0.056523 -0.002118 -0.001090
-0.016879 -0.002118 0.818932 0.139232
-0.002832 -0.001090 0.139232 0.056357
23.862524 1.209526 29.532751 1.756370
0.996802 0.171492 -0.005716 -0.000968
0.171492 0.057197 -0.000410 -0.000700
-0.005716 -0.000410 0.781557 0.135522
-0.000968 -0.000700 0.135522 0.055611
24.419463 1.201476 30.640071 1.796864
1.035979 0.176314 -0.012947 -0.002424
0.176314 0.057938 -0.001912 -0.000901
-0.012947 -0.001912 0.753884 0.133212
-0.002424 -0.000901 0.133212 0.055069
25.171305 1.227001 31.925562 1.866419
1.084419 0.182504 -0.014700 -0.002746
0.182504 0.058894 -0.002295 -0.000886
-0.014700 -0.002295 0.735565 0.132211
-0.002746 -0.000886 0.132211 0.054715
26.158423 1.289126 32.825832 1.860409
1.123474 0.186829 -0.010680 -0.001955
0.186829 0.059508 -0.001647 -0.000687
-0.010680 -0.001647 0.702134 0.128041
-0.001955 -0.000687 0.128041 0.053738
26.804904 1.289466 33.988021 1.903331
1.169550 0.192189 -0.026164 -0.004803
0.192189 0.060294 -0.004227 -0.001102
-0.026164 -0.004227 0.686600 0.127033
-0.004803 -0.001102 0.127033 0.053349
28.269738 1.422742 35.381240 1.986297
1.235263 0.200541 -0.018662 -0.003097
0.200541 0.061553 -0.002827 -0.000744
-0.018662 -0.002827 0.676255 0.126655
-0.003097 -0.000744 0.126655 0.053048
29.449502 1.497687 36.095835 1.933826
1.276491 0.204508 -0.028365 -0.004788
0.204508 0.062057 -0.004312 -0.000967
-0.028365 -0.004312 0.644065 0.121797
-0.004788 -0.000967 0.121797 0.051876
29.752340 1.427059 36.936178 1.909305
1.305975 0.206558 -0.068815 -0.012226
0.206558 0.062272 -0.010522 -0.002084
-0.068815 -0.010522 0.630315 0.120481
-0.012226 -0.002084 0.120481 0.051421
29.807849 1.323976 37.767930 1.884571
1.336063 0.208804 -0.109607 -0.019141
0.208804 0.062551 -0.016279 -0.003040
-0.109607 -0.016279 0.622510 0.120058
-0.019141 -0.003040 0.120058 0.051123
30.241736 1.289555 39.043569 1.948881
1.392264 0.215192 -0.137409 -0.022942
0.215192 0.063500 -0.019586 -0.003460
-0.137409 -0.019586 0.628734 0.122099
-0.022942 -0.003460 0.122099 0.051292
31.390657 1.366982 40.058158 1.958785
1.452672 0.222037 -0.144090 -0.022339
0.222037 0.064499 -0.019538 -0.003217
-0.144090 -0.019538 0.620385 0.120917
-0.022339 -0.003217 0.120917 0.050802
31.790085 1.324083 41.069359 1.963585
1.501118 0.226663 -0.174743 -0.026676
0.226663 0.065110 -0.023211 -0.003772
-0.174743 -0.023211 0.619664 0.121011
-0.026676 -0.003772 0.121011 0.050564
32.772925 1.370365 41.771192 1.910343
1.551567 0.231605 -0.187443 -0.027180
0.231605 0.065785 -0.024093 -0.003756
-0.187443 -0.024093 0.607134 0.118683
-0.027180 -0.003756 0.118683 0.049874
33.717834 1.410211 42.885806 1.943885
1.615262 0.238327 -0.209970 -0.029629
0.238327 0.066708 -0.026369 -0.004039
-0.209970 -0.026369 0.612005 0.119780
-0.029629 -0.004039 0.119780 0.049896
34.050339 1.354218 43.725596 1.914463
1.658656 0.241697 -0.244967 -0.034635
0.241697 0.067096 -0.030459 -0.004715
-0.244967 -0.030459 0.613530 0.119862
-0.034635 -0.004715 0.119862 0.049680
34.636201 1.334787 44.095285 1.796547
1.693980 0.244044 -0.266785 -0.036780
0.244044 0.067370 -0.032588 -0.004983
-0.266785 -0.032588 0.601859 0.117310
-0.036780 -0.004983 0.117310 0.048977
35.633393 1.381979 44.954039 1.792231
1.754265 0.250111 -0.287325 -0.038380
0.250111 0.068207 -0.034333 -0.005148
-0.287325 -0.034333 0.607097 0.118273
-0.038380 -0.005148 0.118273 0.049032
36.540540 1.411326 45.725847 1.769901
1.809646 0.255215 -0.312992 -0.041091
0.255215 0.068874 -0.036831 -0.005494
-0.312992 -0.036831 0.612680 0.119056
-0.041091 -0.005494 0.119056 0.049023
36.728513 1.342063 46.912266 1.823678
1.862532 0.259584 -0.357383 -0.047512
0.259584 0.069392 -0.041707 -0.006329
-0.357383 -0.041707 0.635790 0.122964
-0.047512 -0.006329 0.122964 0.049589
