0.994617 1.359950 -0.007271 -0.894956
1.530733 0.612306 -0.395168 -0.158070
0.612306 80.248995 -0.158070 -0.063230
-0.395168 -0.158070 2.585795 1.034340
-0.158070 -0.063230 1.034340 80.417812
3.312677 4.368821 -0.394632 -0.731375
2.875652 5.218926 -1.646721 -2.760540
5.218926 14.959894 -2.930947 -6.110849
-1.646721 -2.930947 2.542592 4.363010
-2.760540 -6.110849 4.363010 16.182065
4.762076 3.685952 1.376120 1.751549
2.238535 2.435640 -0.581579 -0.429427
2.435640 3.961530 -0.574118 -0.836798
-0.581579 -0.574118 1.127820 1.287324
-0.429427 -0.836798 1.287324 3.394620
7.360424 4.280196 3.077824 2.577317
1.573369 1.227089 -0.331030 -0.209179
1.227089 1.478528 -0.252562 -0.348030
-0.331030 -0.252562 1.148997 1.059070
-0.209179 -0.348030 1.059070 1.629031
7.459074 3.017704 4.324308 2.491241
1.292863 0.803223 -0.355912 -0.222315
0.803223 0.761348 -0.232965 -0.239643
-0.355912 -0.232965 1.330315 0.952801
-0.222315 -0.239643 0.952801 0.971314
9.006430 3.043688 4.826926 2.066080
1.125876 0.584555 -0.447177 -0.243129
0.584555 0.455577 -0.242547 -0.183442
-0.447177 -0.242547 1.437143 0.818052
-0.243129 -0.183442 0.818052 0.621363
7.903082 1.874109 6.606785 2.401055
0.348594 0.155810 -0.272017 -0.125824
0.155810 0.167455 -0.124755 -0.088974
-0.272017 -0.124755 1.300185 0.610164
-0.125824 -0.088974 0.610164 0.383046
8.909010 1.894157 6.639937 1.934840
0.461047 0.203344 -0.323928 -0.131700
0.203344 0.156027 -0.133612 -0.074558
-0.323928 -0.133612 1.230377 0.492703
-0.131700 -0.074558 0.492703 0.264040
9.709564 1.822715 6.777237 1.646206
0.547223 0.220202 -0.334740 -0.119271
0.220202 0.136057 -0.122282 -0.057319
-0.334740 -0.122282 1.119838 0.391899
-0.119271 -0.057319 0.391899 0.187220
9.948443 1.568844 7.231761 1.532582
0.470920 0.168738 -0.363191 -0.114073
0.168738 0.096891 -0.119813 -0.047393
-0.363191 -0.119813 0.989619 0.309113
-0.114073 -0.047393 0.309113 0.136790
10.565614 1.516976 8.287840 1.614652
0.522285 0.172616 -0.340194 -0.095005
0.172616 0.087015 -0.099475 -0.035006
-0.340194 -0.099475 0.909149 0.258238
-0.095005 -0.035006 0.258238 0.107547
12.538831 1.899017 9.032043 1.607811
0.505517 0.153845 -0.284331 -0.071300
0.153845 0.072831 -0.073763 -0.024061
-0.284331 -0.073763 0.800480 0.210015
-0.071300 -0.024061 0.210015 0.085496
12.845919 1.731090 10.858762 1.856428
0.518418 0.146953 -0.251599 -0.057253
0.146953 0.065293 -0.059500 -0.017973
-0.251599 -0.059500 0.714966 0.175928
-0.057253 -0.017973 0.175928 0.071267
13.367128 1.649433 12.440342 2.007848
0.534421 0.142202 -0.220240 -0.045662
0.142202 0.060106 -0.047598 -0.013488
-0.220240 -0.047598 0.655530 0.153532
-0.045662 -0.013488 0.153532 0.062392
14.221771 1.665537 13.894153 2.111755
0.544000 0.136596 -0.201034 -0.038574
0.136596 0.055846 -0.040315 -0.010781
-0.201034 -0.040315 0.619706 0.139713
-0.038574 -0.010781 0.139713 0.056945
15.059711 1.657043 14.403223 1.989570
0.512639 0.122291 -0.178611 -0.032259
0.122291 0.050419 -0.033657 -0.008738
-0.178611 -0.033657 0.563713 0.123368
-0.032259 -0.008738 0.123368 0.051820
15.588113 1.588615 15.523865 2.012437
0.505146 0.116088 -0.159722 -0.027035
0.116088 0.047903 -0.028254 -0.007112
-0.159722 -0.028254 0.532552 0.114490
-0.027035 -0.007112 0.114490 0.049053
15.933729 1.497171 17.164915 2.142981
0.488956 0.109319 -0.129143 -0.019951
0.109319 0.045795 -0.021040 -0.005302
-0.129143 -0.021040 0.489955 0.104360
-0.019951 -0.005302 0.104360 0.046424
16.384880 1.428780 18.107072 2.110050
0.487518 0.106558 -0.125815 -0.019184
0.106558 0.044857 -0.020193 -0.004990
-0.125815 -0.020193 0.477986 0.101440
-0.019184 -0.004990 0.101440 0.045550
16.753380 1.350491 19.000418 2.069323
0.481347 0.103382 -0.123859 -0.018794
0.103382 0.044026 -0.019746 -0.004800
-0.123859 -0.019746 0.461587 0.097799
-0.018794 -0.004800 0.097799 0.044613
17.163914 1.293032 20.022039 2.062010
0.472213 0.100327 -0.113582 -0.016627
0.100327 0.043408 -0.017456 -0.004229
-0.113582 -0.017456 0.447529 0.095114
-0.016627 -0.004229 0.095114 0.044000
17.503633 1.227734 21.089627 2.064759
0.454357 0.096076 -0.094191 -0.012781
0.096076 0.042662 -0.013548 -0.003380
-0.094191 -0.013548 0.425054 0.090921
-0.012781 -0.003380 0.090921 0.043128
18.189022 1.243465 22.149250 2.071906
0.455813 0.096286 -0.090097 -0.012243
0.096286 0.042906 -0.012824 -0.003219
-0.090097 -0.012824 0.429920 0.092722
-0.012243 -0.003219 0.092722 0.043561
18.790180 1.238875 23.172028 2.068685
0.443753 0.093817 -0.076535 -0.009824
0.093817 0.042581 -0.010329 -0.002714
-0.076535 -0.010329 0.419513 0.091019
-0.009824 -0.002714 0.091019 0.043187
19.355843 1.233519 24.664884 2.169086
0.430361 0.091170 -0.076181 -0.010472
0.091170 0.042197 -0.010781 -0.002886
-0.076181 -0.010781 0.411971 0.089799
-0.010472 -0.002886 0.089799 0.042886
20.123031 1.265021 25.680828 2.155992
0.428829 0.091417 -0.070623 -0.009625
0.091417 0.042469 -0.009853 -0.002671
-0.070623 -0.009853 0.414640 0.090942
-0.009625 -0.002671 0.090942 0.043140
20.714338 1.251669 26.396533 2.074940
0.419574 0.089960 -0.063370 -0.008518
0.089960 0.042322 -0.008718 -0.002439
-0.063370 -0.008718 0.406711 0.089537
-0.008518 -0.002439 0.089537 0.042790
21.254350 1.237400 27.815219 2.158842
0.415126 0.089631 -0.056664 -0.007491
0.089631 0.042403 -0.007570 -0.002193
-0.056664 -0.007570 0.412254 0.091181
-0.007491 -0.002193 0.091181 0.043137
22.235875 1.316243 28.848849 2.152746
0.415909 0.090243 -0.065158 -0.009812
0.090243 0.042616 -0.009779 -0.002689
-0.065158 -0.009779 0.418864 0.092643
-0.009812 -0.002689 0.092643 0.043362
23.534259 1.464792 30.681072 2.328089
0.396720 0.086307 -0.078326 -0.013082
0.086307 0.041781 -0.012727 -0.003337
-0.078326 -0.012727 0.426461 0.094100
-0.013082 -0.003337 0.094100 0.043559
24.091453 1.423524 31.630368 2.278341
0.387569 0.085007 -0.080689 -0.013451
0.085007 0.041599 -0.013082 -0.003316
-0.080689 -0.013082 0.424986 0.093510
-0.013451 -0.003316 0.093510 0.043325
24.436263 1.337042 32.415214 2.195192
0.382822 0.084608 -0.089366 -0.015140
0.084608 0.041573 -0.014790 -0.003602
-0.089366 -0.014790 0.426496 0.093571
-0.015140 -0.003602 0.093571 0.043253
25.081807 1.328365 33.255234 2.137747
0.383510 0.085390 -0.094015 -0.015721
0.085390 0.041786 -0.015393 -0.003621
-0.094015 -0.015393 0.432505 0.094683
-0.015721 -0.003621 0.094683 0.043441
25.679970 1.310383 34.123183 2.092295
0.395908 0.088703 -0.093587 -0.015003
0.088703 0.042537 -0.014812 -0.003364
-0.093587 -0.014812 0.439963 0.096083
-0.015003 -0.003364 0.096083 0.043700
25.990670 1.237367 35.524141 2.165436
0.394085 0.088438 -0.086303 -0.013128
0.088438 0.042405 -0.012774 -0.002885
-0.086303 -0.012774 0.448022 0.097596
-0.013128 -0.002885 0.097596 0.043989
26.917755 1.300977 36.174466 2.075089
0.398878 0.089567 -0.084339 -0.012553
0.089567 0.042576 -0.012370 -0.002799
-0.084339 -0.012370 0.445357 0.096548
-0.012553 -0.002799 0.096548 0.043684
27.423408 1.262371 36.838599 1.991223
0.409465 0.091786 -0.087190 -0.013027
0.091786 0.042966 -0.013063 -0.002945
-0.087190 -0.013063 0.445377 0.096185
-0.013027 -0.002945 0.096185 0.043564
28.127498 1.276023 37.644531 1.950885
0.414922 0.092528 -0.095295 -0.014696
0.092528 0.042982 -0.014763 -0.003318
-0.095295 -0.014763 0.452456 0.097378
-0.014696 -0.003318 0.097378 0.043793
29.523490 1.444005 38.425877 1.919998
0.350209 0.077561 -0.093043 -0.015003
0.077561 0.039516 -0.013939 -0.003343
-0.093043 -0.013939 0.460849 0.098943
-0.015003 -0.003343 0.098943 0.044115
30.153325 1.419854 39.196784 1.877533
0.335518 0.075373 -0.090582 -0.014420
0.075373 0.039242 -0.013249 -0.003193
-0.090582 -0.013249 0.465239 0.099529
-0.014420 -0.003193 0.099529 0.044220
30.602316 1.351991 39.708940 1.781139
0.341153 0.077903 -0.089110 -0.013812
0.077903 0.040004 -0.013058 -0.003099
-0.089110 -0.013058 0.459055 0.097814
-0.013812 -0.003099 0.097814 0.043835
31.375308 1.375678 40.652160 1.794070
0.330528 0.076217 -0.085060 -0.013019
0.076217 0.039657 -0.012077 -0.002924
-0.085060 -0.012077 0.464809 0.098951
-0.013019 -0.002924 0.098951 0.044117
32.035018 1.374523 41.873297 1.863395
0.348557 0.081208 -0.088230 -0.013404
0.081208 0.040851 -0.012901 -0.003045
-0.088230 -0.012901 0.471792 0.100158
-0.013404 -0.003045 0.100158 0.044376
32.858995 1.409193 42.935246 1.893521
0.371553 0.086761 -0.088523 -0.013096
0.086761 0.042042 -0.013159 -0.003029
-0.088523 -0.013159 0.466594 0.098731
-0.013096 -0.003029 0.098731 0.044069
32.917172 1.252151 43.607333 1.824541
0.363122 0.084359 -0.080195 -0.011510
0.084359 0.041272 -0.011585 -0.002753
-0.080195 -0.011585 0.445928 0.094322
-0.011510 -0.002753 0.094322 0.043182
33.800967 1.318391 44.875484 1.904991
0.385371 0.089361 -0.077345 -0.010753
0.089361 0.042331 -0.011173 -0.002626
-0.077345 -0.011173 0.440891 0.093618
-0.010753 -0.002626 0.093618 0.043152
34.885662 1.415543 45.699424 1.883498
0.419743 0.096558 -0.079063 -0.010898
0.096558 0.043795 -0.011978 -0.002740
-0.079063 -0.011978 0.426554 0.090878
-0.010898 -0.002740 0.090878 0.042653
35.710989 1.436929 46.251746 1.800619
0.428722 0.097376 -0.065944 -0.008200
0.097376 0.043728 -0.009536 -0.002231
-0.065944 -0.009536 0.390383 0.083823
-0.008200 -0.002231 0.083823 0.041277
36.076539 1.362199 47.534935 1.880111
0.451040 0.100858 -0.083034 -0.012171
0.100858 0.044253 -0.013529 -0.003130
-0.083034 -0.013529 0.397968 0.086466
-0.012171 -0.003130 0.086466 0.042002
36.516866 1.313852 48.881518 1.967116
0.478267 0.105243 -0.099253 -0.015480
0.105243 0.044999 -0.016904 -0.003793
-0.099253 -0.016904 0.400415 0.087591
-0.015480 -0.003793 0.087591 0.042285
