1.626408 1.612672 -1.760382 -1.596215
2.629047 1.051642 1.154033 0.461623
1.051642 80.424732 0.461623 0.184653
1.154033 0.461623 6.828194 2.731337
0.461623 0.184653 2.731337 81.096625
6.149379 7.866927 0.166718 2.077930
3.433361 6.055786 -1.032684 -1.771704
6.055786 19.349977 -1.909130 -0.640077
-1.032684 -1.909130 1.429394 2.160817
-1.771704 -0.640077 2.160817 21.450700
8.013662 5.569471 1.452345 2.093447
3.148376 3.605202 0.450926 1.213539
3.605202 6.107649 0.856542 1.906639
0.450926 0.856542 2.631665 4.017581
1.213539 1.906639 4.017581 8.739799
7.499127 2.910674 1.528396 1.052550
1.429296 1.171123 1.118392 1.107599
1.171123 1.710794 0.980448 0.913997
1.118392 0.980448 3.193139 3.047795
1.107599 0.913997 3.047795 3.678339
7.655700 1.955383 3.795026 2.297445
1.218399 0.807784 1.220103 0.808325
0.807784 0.889487 0.779575 0.495193
1.220103 0.779575 2.168618 1.465336
0.808325 0.495193 1.465336 1.335107
9.109502 2.184563 5.822492 2.769819
1.191217 0.689537 0.833183 0.384602
0.689537 0.590485 0.366709 0.157812
0.833183 0.366709 1.941658 1.062468
0.384602 0.157812 1.062468 0.771780
8.944543 1.613264 5.834419 2.195285
0.824224 0.424367 0.148493 0.016410
0.424367 0.330731 -0.024015 -0.029963
0.148493 -0.024015 1.542076 0.729246
0.016410 -0.029963 0.729246 0.461218
9.637707 1.541048 7.439712 2.405481
0.974126 0.433449 0.073076 -0.010005
0.433449 0.264867 -0.032581 -0.020961
0.073076 -0.032581 1.551974 0.625533
-0.010005 -0.020961 0.625533 0.330786
10.706355 1.655915 8.645276 2.399026
0.957636 0.369806 -0.021648 -0.031514
0.369806 0.193879 -0.046468 -0.017229
-0.021648 -0.046468 1.412613 0.496281
-0.031514 -0.017229 0.496281 0.232221
10.592570 1.339498 9.662703 2.355936
0.872315 0.298320 -0.142689 -0.057052
0.298320 0.141540 -0.068296 -0.018890
-0.142689 -0.068296 1.184030 0.370809
-0.057052 -0.018890 0.370809 0.161839
10.494666 1.113914 9.790419 2.063071
0.815865 0.251190 -0.229513 -0.069724
0.251190 0.110149 -0.078681 -0.018463
-0.229513 -0.078681 1.007906 0.286680
-0.069724 -0.018463 0.286680 0.119778
11.064457 1.117535 10.802696 2.058032
0.801953 0.225169 -0.183384 -0.046668
0.225169 0.092011 -0.052440 -0.009294
-0.183384 -0.052440 0.931221 0.244524
-0.046668 -0.009294 0.244524 0.097678
12.249032 1.280179 11.797188 2.053514
0.806732 0.209451 -0.107150 -0.021274
0.209451 0.080743 -0.024716 -0.001713
-0.107150 -0.024716 0.922674 0.226887
-0.021274 -0.001713 0.226887 0.086165
13.215269 1.363526 13.616770 2.240346
0.763164 0.185147 -0.031982 -0.001386
0.185147 0.069850 -0.003477 0.002900
-0.031982 -0.003477 0.819154 0.190113
-0.001386 0.002900 0.190113 0.072481
14.134704 1.414058 14.022995 2.083915
0.734153 0.168211 -0.018260 0.001675
0.168211 0.062686 0.000161 0.002971
-0.018260 0.000161 0.784383 0.173757
0.001675 0.002971 0.173757 0.065556
15.034189 1.458120 15.428233 2.162789
0.727202 0.159223 0.029904 0.011682
0.159223 0.058640 0.010622 0.004582
0.029904 0.010622 0.754012 0.161010
0.011682 0.004582 0.161010 0.060643
15.299463 1.361686 16.765934 2.213061
0.721121 0.151879 0.047836 0.014087
0.151879 0.055666 0.013137 0.004407
0.047836 0.013137 0.709095 0.146834
0.014087 0.004407 0.146834 0.056189
15.809622 1.327550 18.086026 2.255523
0.717661 0.146427 0.073326 0.017771
0.146427 0.053635 0.016959 0.004592
0.073326 0.016959 0.676935 0.137122
0.017771 0.004592 0.137122 0.053301
17.266902 1.484320 18.522537 2.119486
0.650891 0.129413 0.102042 0.021639
0.129413 0.049683 0.021028 0.004854
0.102042 0.021028 0.620784 0.123821
0.021639 0.004854 0.123821 0.050100
16.973783 1.281829 19.049427 2.014657
0.618010 0.121195 0.076087 0.014589
0.121195 0.047961 0.014180 0.003042
0.076087 0.014180 0.572103 0.113387
0.014589 0.003042 0.113387 0.047823
18.045552 1.366171 19.975020 1.997235
0.623490 0.121383 0.103087 0.018815
0.121383 0.048065 0.018371 0.003641
0.103087 0.018371 0.579950 0.115065
0.018815 0.003641 0.115065 0.048145
18.700466 1.361177 20.879652 1.978644
0.624595 0.120883 0.116821 0.020151
0.120883 0.048053 0.019738 0.003680
0.116821 0.019738 0.577903 0.114593
0.020151 0.003680 0.114593 0.048007
18.675553 1.222626 22.082309 2.026409
0.635757 0.122594 0.116698 0.018687
0.122594 0.048500 0.018440 0.003225
0.116698 0.018440 0.576833 0.114408
0.018687 0.003225 0.114408 0.047948
19.267496 1.218378 23.150910 2.037673
0.645820 0.123893 0.133349 0.020881
0.123893 0.048807 0.020627 0.003558
0.133349 0.020627 0.580688 0.115042
0.020881 0.003558 0.115042 0.048020
19.363644 1.122849 23.829698 1.975018
0.620485 0.118410 0.141608 0.021717
0.118410 0.047799 0.021485 0.003708
0.141608 0.021485 0.551838 0.109109
0.021717 0.003708 0.109109 0.046777
19.841264 1.107056 24.781338 1.968845
0.630649 0.120347 0.150875 0.022429
0.120347 0.048314 0.022221 0.003777
0.150875 0.022221 0.557774 0.110650
0.022429 0.003777 0.110650 0.047130
20.498742 1.129928 25.577086 1.929103
0.640225 0.122045 0.158436 0.022906
0.122045 0.048730 0.022721 0.003837
0.158436 0.022721 0.564063 0.112062
0.022906 0.003837 0.112062 0.047406
20.597869 1.038386 26.609515 1.950231
0.641015 0.122045 0.157634 0.021939
0.122045 0.048800 0.021747 0.003653
0.157634 0.021747 0.567962 0.112930
0.021939 0.003653 0.112930 0.047557
21.156731 1.044843 27.660122 1.964921
0.645582 0.122551 0.172663 0.024360
0.122551 0.048909 0.023997 0.004157
0.172663 0.023997 0.576874 0.114433
0.024360 0.004157 0.114433 0.047763
21.601646 1.028234 28.730453 1.984155
0.645198 0.122207 0.180838 0.025369
0.122207 0.048868 0.024858 0.004370
0.180838 0.024858 0.584630 0.115665
0.025369 0.004370 0.115665 0.047923
22.114222 1.023995 29.934710 2.027270
0.654105 0.123946 0.177288 0.023851
0.123946 0.049278 0.023396 0.004074
0.177288 0.023396 0.597351 0.118008
0.023851 0.004074 0.118008 0.048348
23.267105 1.148295 30.960836 2.017669
0.675596 0.127926 0.176898 0.023004
0.127926 0.050069 0.022871 0.003970
0.176898 0.022871 0.606516 0.119356
0.023004 0.003970 0.119356 0.048532
23.725833 1.132032 31.649475 1.955386
0.656651 0.124017 0.162033 0.020201
0.124017 0.049317 0.020054 0.003575
0.162033 0.020054 0.595821 0.116895
0.020201 0.003575 0.116895 0.047990
23.883831 1.040607 33.300327 2.098085
0.635728 0.120066 0.150064 0.018299
0.120066 0.048626 0.017535 0.003266
0.150064 0.017535 0.614250 0.120498
0.018299 0.003266 0.120498 0.048715
24.616448 1.076937 34.612549 2.146801
0.635807 0.120529 0.138325 0.016223
0.120529 0.048833 0.015607 0.003004
0.138325 0.015607 0.617979 0.120837
0.016223 0.003004 0.120837 0.048739
25.023334 1.046348 35.984194 2.208202
0.611455 0.116232 0.124320 0.014308
0.116232 0.048096 0.013444 0.002785
0.124320 0.013444 0.619027 0.120710
0.014308 0.002785 0.120710 0.048689
25.050052 0.954811 36.784697 2.156133
0.591596 0.113478 0.089286 0.008260
0.113478 0.047763 0.007669 0.001814
0.089286 0.007669 0.599367 0.116897
0.008260 0.001814 0.116897 0.048002
25.966200 1.043978 37.616821 2.101530
0.601932 0.116358 0.077560 0.006822
0.116358 0.048447 0.006709 0.001759
0.077560 0.006709 0.585312 0.114193
0.006822 0.001759 0.114193 0.047529
26.723848 1.090143 38.660883 2.097307
0.621117 0.120789 0.052395 0.002674
0.120789 0.049391 0.002923 0.001099
0.052395 0.002923 0.580023 0.113640
0.002674 0.001099 0.113640 0.047553
27.696394 1.181342 38.965125 1.946120
0.635028 0.123611 0.033328 0.000080
0.123611 0.049906 0.000726 0.000793
0.033328 0.000726 0.554732 0.109066
0.000080 0.000793 0.109066 0.046747
28.336257 1.187702 40.334256 2.024223
0.632248 0.122872 0.015042 -0.002139
0.122872 0.049687 -0.001658 0.000461
0.015042 -0.001658 0.565583 0.111977
-0.002139 0.000461 0.111977 0.047465
28.867567 1.174978 41.447532 2.044690
0.642156 0.124704 -0.013214 -0.006423
0.124704 0.050004 -0.005861 -0.000277
-0.013214 -0.005861 0.568505 0.113012
-0.006423 -0.000277 0.113012 0.047734
29.895717 1.259949 42.562940 2.061683
0.663300 0.128455 -0.031314 -0.008524
0.128455 0.050656 -0.007895 -0.000576
-0.031314 -0.007895 0.568517 0.113229
-0.008524 -0.000576 0.113229 0.047787
30.274867 1.211488 43.790767 2.101222
0.646651 0.124578 -0.051154 -0.010923
0.124578 0.049793 -0.010300 -0.000964
-0.051154 -0.010300 0.571526 0.113956
-0.010923 -0.000964 0.113956 0.047923
31.653178 1.358939 44.136072 1.961449
0.676265 0.129980 -0.063522 -0.011840
0.129980 0.050802 -0.011316 -0.001096
-0.063522 -0.011316 0.549679 0.109596
-0.011840 -0.001096 0.109596 0.047022
32.861229 1.461178 45.380261 2.016023
0.712678 0.136153 -0.087401 -0.015154
0.136153 0.051869 -0.014590 -0.001710
-0.087401 -0.014590 0.561093 0.112194
-0.015154 -0.001710 0.112194 0.047570
33.465576 1.435193 46.055791 1.948528
0.708999 0.134160 -0.110036 -0.018306
0.134160 0.051308 -0.017602 -0.002301
-0.110036 -0.017602 0.557598 0.111467
-0.018306 -0.002301 0.111467 0.047380
34.687950 1.525915 46.440415 1.833449
0.726798 0.136560 -0.124970 -0.019710
0.136560 0.051666 -0.019162 -0.002568
-0.124970 -0.019162 0.548305 0.109612
-0.019710 -0.002568 0.109612 0.046976
34.791084 1.404612 47.647553 1.885965
0.716309 0.133369 -0.151319 -0.023799
0.133369 0.050941 -0.022673 -0.003309
-0.151319 -0.022673 0.568215 0.113656
-0.023799 -0.003309 0.113656 0.047757
35.226713 1.355788 48.697275 1.904490
0.716328 0.132619 -0.168804 -0.025838
0.132619 0.050772 -0.024544 -0.003675
-0.168804 -0.024544 0.577641 0.115209
-0.025838 -0.003675 0.115209 0.047969
