2.087995 1.797310 -2.074845 -1.722003
2.273533 0.909433 -0.482155 -0.192866
0.909433 80.367848 -0.192866 -0.077148
-0.482155 -0.192866 4.845318 1.938169
-0.192866 -0.077148 1.938169 80.779351
3.462717 2.776065 0.796924 4.155743
3.597285 6.315112 -1.088699 -1.576485
6.315112 18.867506 -1.882562 -3.952228
-1.088699 -1.882562 1.106796 1.697432
-1.576485 -3.952228 1.697432 16.945913
8.879208 7.154295 2.870529 4.772767
2.416119 2.602617 -0.591724 -0.530340
2.602617 4.712157 -0.588342 -0.989281
-0.591724 -0.588342 1.386339 2.027121
-0.530340 -0.989281 2.027121 4.971627
10.632052 5.678545 3.791482 3.222640
1.392963 1.114776 -0.324771 -0.240699
1.114776 1.639429 -0.243193 -0.380804
-0.324771 -0.243193 2.079491 2.032962
-0.240699 -0.380804 2.032962 2.573626
9.299955 2.909684 4.948366 2.858766
0.289055 0.191695 -0.113601 -0.076316
0.191695 0.487429 -0.073071 -0.147699
-0.113601 -0.073071 1.941243 1.357176
-0.076316 -0.147699 1.357176 1.208284
8.946831 1.595502 5.964295 2.718794
0.330351 0.238693 -0.236408 -0.143537
0.238693 0.348659 -0.164122 -0.147808
-0.236408 -0.164122 1.625410 0.892155
-0.143537 -0.147808 0.892155 0.632694
9.288492 1.284087 5.818481 2.067160
0.530196 0.334639 -0.334823 -0.171069
0.334639 0.303327 -0.193145 -0.124523
-0.334823 -0.193145 1.596104 0.724826
-0.171069 -0.124523 0.724826 0.419768
9.684319 1.142375 5.950220 1.731330
0.690361 0.358252 -0.358307 -0.154559
0.358252 0.241499 -0.168273 -0.087972
-0.358307 -0.168273 1.490519 0.575559
-0.154559 -0.087972 0.575559 0.285811
9.684090 0.904840 7.922466 2.108692
0.762339 0.330594 -0.323034 -0.120073
0.330594 0.181860 -0.126890 -0.057102
-0.323034 -0.126890 1.248309 0.420340
-0.120073 -0.057102 0.420340 0.189987
10.617183 1.080765 8.535527 1.972340
0.802103 0.297943 -0.307931 -0.099723
0.297943 0.140526 -0.104056 -0.040550
-0.307931 -0.104056 1.129498 0.339958
-0.099723 -0.040550 0.339958 0.141818
10.531934 0.879981 10.055921 2.120948
0.766950 0.249616 -0.273153 -0.078190
0.249616 0.106527 -0.081198 -0.028209
-0.273153 -0.081198 0.942952 0.258204
-0.078190 -0.028209 0.258204 0.104687
11.092906 0.915616 11.118290 2.121313
0.744170 0.217070 -0.233132 -0.059851
0.217070 0.086190 -0.061377 -0.019520
-0.233132 -0.061377 0.836363 0.212391
-0.059851 -0.019520 0.212391 0.084438
12.306113 1.117481 12.070440 2.096807
0.713145 0.189793 -0.194980 -0.045310
0.189793 0.072178 -0.045753 -0.013579
-0.194980 -0.045753 0.781093 0.186773
-0.045310 -0.013579 0.186773 0.072932
13.052507 1.161998 12.857377 2.037794
0.695318 0.171371 -0.187817 -0.040175
0.171371 0.063409 -0.040613 -0.011073
-0.187817 -0.040613 0.741009 0.168604
-0.040175 -0.011073 0.168604 0.065208
13.787304 1.198162 13.904108 2.044807
0.629868 0.145916 -0.145997 -0.028478
0.145916 0.054911 -0.028609 -0.007552
-0.145997 -0.028609 0.652088 0.142615
-0.028478 -0.007552 0.142615 0.057142
14.394737 1.196558 14.523053 1.958289
0.618303 0.136747 -0.130539 -0.023625
0.136747 0.051541 -0.023644 -0.005945
-0.130539 -0.023644 0.635896 0.135529
-0.023625 -0.005945 0.135529 0.054283
14.294774 1.032987 13.949384 1.626172
0.571212 0.121406 -0.155073 -0.028048
0.121406 0.047424 -0.028234 -0.006623
-0.155073 -0.028234 0.585091 0.121800
-0.028048 -0.006623 0.121800 0.050414
15.045903 1.086757 15.196354 1.719058
0.552138 0.114920 -0.118224 -0.019020
0.114920 0.045935 -0.019178 -0.004365
-0.118224 -0.019178 0.558042 0.115178
-0.019020 -0.004365 0.115178 0.048641
15.906597 1.157131 16.493176 1.813294
0.541511 0.111032 -0.104682 -0.015725
0.111032 0.045173 -0.015897 -0.003543
-0.104682 -0.015897 0.542839 0.111463
-0.015725 -0.003543 0.111463 0.047626
17.267196 1.322507 17.866012 1.918709
0.525883 0.106886 -0.085798 -0.011722
0.106886 0.044499 -0.011836 -0.002657
-0.085798 -0.011836 0.531559 0.108990
-0.011722 -0.002657 0.108990 0.046995
17.544455 1.251480 19.518220 2.057526
0.504139 0.102188 -0.060852 -0.006902
0.102188 0.043811 -0.007204 -0.001743
-0.060852 -0.007204 0.494552 0.101484
-0.006902 -0.001743 0.101484 0.045401
17.844493 1.183461 20.383307 2.020177
0.495106 0.100468 -0.054746 -0.006224
0.100468 0.043751 -0.006534 -0.001681
-0.054746 -0.006534 0.480171 0.099087
-0.006224 -0.001681 0.099087 0.044949
19.069144 1.319213 22.107343 2.175304
0.482149 0.098252 -0.041179 -0.004001
0.098252 0.043595 -0.004250 -0.001270
-0.041179 -0.004250 0.472883 0.098358
-0.004001 -0.001270 0.098358 0.044872
19.881416 1.354401 23.687983 2.280125
0.489818 0.100462 -0.031104 -0.002439
0.100462 0.044329 -0.002654 -0.000976
-0.031104 -0.002654 0.485069 0.101622
-0.002439 -0.000976 0.101622 0.045601
20.162593 1.272096 24.728423 2.256401
0.483981 0.099726 -0.011983 0.000860
0.099726 0.044373 0.000610 -0.000355
-0.011983 0.000610 0.479249 0.100737
0.000860 -0.000355 0.100737 0.045382
21.086352 1.331165 25.752312 2.235898
0.491318 0.101641 -0.014133 -0.000443
0.101641 0.044913 -0.000620 -0.000688
-0.014133 -0.000620 0.491045 0.103436
-0.000443 -0.000688 0.103436 0.045898
21.467689 1.272415 26.929160 2.247202
0.476821 0.098827 -0.019916 -0.002351
0.098827 0.044407 -0.002442 -0.001102
-0.019916 -0.002442 0.484629 0.101978
-0.002351 -0.001102 0.101978 0.045489
21.859373 1.223053 28.607018 2.363176
0.466886 0.097255 -0.009707 -0.000569
0.097255 0.044199 -0.000614 -0.000680
-0.009707 -0.000614 0.491788 0.103558
-0.000569 -0.000680 0.103558 0.045775
22.338115 1.193668 29.025394 2.202345
0.473886 0.099288 -0.010396 -0.001122
0.099288 0.044732 -0.001177 -0.000775
-0.010396 -0.001177 0.490567 0.103162
-0.001122 -0.000775 0.103162 0.045614
22.427777 1.086769 29.932248 2.160684
0.454845 0.095614 0.002568 0.001284
0.095614 0.043999 0.001263 -0.000225
0.002568 0.001263 0.484927 0.101897
0.001284 -0.000225 0.101897 0.045298
23.269296 1.149603 30.611282 2.076545
0.435971 0.092224 -0.004105 -0.000571
0.092224 0.043363 -0.000590 -0.000609
-0.004105 -0.000590 0.475968 0.100026
-0.000571 -0.000609 0.100026 0.044881
23.871525 1.155501 31.831824 2.114927
0.441038 0.094149 0.000136 0.000146
0.094149 0.043879 0.000145 -0.000396
0.000136 0.000145 0.493381 0.103875
0.000146 -0.000396 0.103875 0.045704
25.013410 1.276637 32.704296 2.075965
0.412743 0.088610 -0.013834 -0.002975
0.088610 0.042712 -0.003043 -0.001019
-0.013834 -0.003043 0.486106 0.102137
-0.002975 -0.001019 0.102137 0.045275
25.360675 1.213370 33.372277 1.998184
0.382956 0.083111 -0.017438 -0.003583
0.083111 0.041612 -0.003659 -0.001047
-0.017438 -0.003659 0.476093 0.100002
-0.003583 -0.001047 0.100002 0.044809
26.250727 1.275910 34.415199 2.007633
0.406281 0.089596 -0.019260 -0.003729
0.089596 0.043178 -0.003808 -0.000981
-0.019260 -0.003808 0.497477 0.104670
-0.003729 -0.000981 0.104670 0.045814
26.893901 1.277544 35.757706 2.078717
0.396476 0.087887 -0.034244 -0.006667
0.087887 0.042730 -0.006869 -0.001552
-0.034244 -0.006869 0.516721 0.108394
-0.006667 -0.001552 0.108394 0.046523
27.721146 1.317088 35.787795 1.868492
0.398979 0.089001 -0.026114 -0.004486
0.089001 0.042938 -0.004575 -0.000964
-0.026114 -0.004575 0.500444 0.104403
-0.004486 -0.000964 0.104403 0.045580
27.671187 1.158512 36.768607 1.876111
0.391299 0.087571 -0.028628 -0.004815
0.087571 0.042529 -0.004861 -0.000994
-0.028628 -0.004861 0.514126 0.107078
-0.004815 -0.000994 0.107078 0.046127
28.356652 1.182626 37.769839 1.889599
0.404636 0.090920 -0.028487 -0.004520
0.090920 0.043220 -0.004549 -0.000892
-0.028487 -0.004549 0.528853 0.109746
-0.004520 -0.000892 0.109746 0.046634
29.203130 1.240783 38.926067 1.934241
0.399437 0.089650 -0.034167 -0.005560
0.089650 0.042794 -0.005599 -0.001108
-0.034167 -0.005599 0.546375 0.112760
-0.005560 -0.001108 0.112760 0.047179
29.676371 1.209047 40.211480 1.998941
0.403674 0.090595 -0.039630 -0.006438
0.090595 0.042913 -0.006515 -0.001273
-0.039630 -0.006515 0.565028 0.115784
-0.006438 -0.001273 0.115784 0.047701
30.221756 1.195903 41.240361 2.004650
0.354869 0.079579 -0.027079 -0.003844
0.079579 0.040357 -0.003397 -0.000667
-0.027079 -0.003397 0.568217 0.115542
-0.003844 -0.000667 0.115542 0.047557
31.057812 1.250692 42.382394 2.033996
0.381132 0.086524 -0.025425 -0.003374
0.086524 0.042067 -0.003099 -0.000607
-0.025425 -0.003099 0.567865 0.114680
-0.003374 -0.000607 0.114680 0.047327
31.624582 1.235596 43.011404 1.955714
0.393949 0.089566 -0.023348 -0.002952
0.089566 0.042690 -0.002815 -0.000574
-0.023348 -0.002815 0.550092 0.110518
-0.002952 -0.000574 0.110518 0.046483
32.814129 1.364452 43.772491 1.914550
0.399928 0.090769 -0.003346 0.000993
0.090769 0.042854 0.001499 0.000261
-0.003346 0.001499 0.526589 0.105766
0.000993 0.000261 0.105766 0.045626
33.534514 1.372906 44.676314 1.903893
0.433985 0.098081 -0.010299 -0.000749
0.098081 0.044373 -0.000652 -0.000245
-0.010299 -0.000652 0.516909 0.104152
-0.000749 -0.000245 0.104152 0.045445
34.545222 1.444796 45.398998 1.858282
0.447767 0.100134 0.003859 0.001908
0.100134 0.044599 0.002162 0.000296
0.003859 0.002162 0.483880 0.097998
0.001908 0.000296 0.097998 0.044351
35.134528 1.415439 46.366539 1.865941
0.477960 0.105640 -0.009595 -0.001250
0.105640 0.045604 -0.001326 -0.000475
-0.009595 -0.001326 0.476478 0.097480
-0.001250 -0.000475 0.097480 0.044447
35.692410 1.382757 47.270758 1.859803
0.502926 0.109530 -0.020649 -0.003603
0.109530 0.046209 -0.003841 -0.000972
-0.020649 -0.003841 0.461987 0.095425
-0.003603 -0.000972 0.095425 0.044170
36.064931 1.314720 48.410443 1.903077
0.517249 0.110888 -0.030069 -0.005409
0.110888 0.046274 -0.005699 -0.001298
-0.030069 -0.005699 0.448095 0.093528
-0.005409 -0.001298 0.093528 0.043899
