1.781931 1.674882 13.729975 4.600062
4.761543 1.904658 8.356894 3.342830
1.904658 80.765947 3.342830 1.337161
8.356894 3.342830 63.599537 25.440366
3.342830 1.337161 25.440366 90.180434
4.925343 6.125379 11.235589 1.172498
4.229170 6.769224 1.110939 0.124215
6.769224 22.933907 1.677991 4.822809
1.110939 1.677991 1.004083 0.493642
0.124215 4.822809 0.493642 45.399465
4.865798 2.737108 11.532739 1.277425
3.999266 4.290036 -0.679870 -2.084353
4.290036 7.642171 -0.582360 -0.984984
-0.679870 -0.582360 3.202075 6.085297
-2.084353 -0.984984 6.085297 14.585694
7.165652 3.298646 8.880809 -2.135188
3.064017 2.453592 -0.390335 -0.476974
2.453592 3.121653 -0.252395 0.000546
-0.390335 -0.252395 1.085842 1.128119
-0.476974 0.000546 1.128119 1.918727
6.545353 1.764864 7.099665 -2.732458
1.492137 0.868907 -1.115323 -0.843681
0.868907 1.061782 -0.540785 -0.280826
-1.115323 -0.540785 2.068557 1.594219
-0.843681 -0.280826 1.594219 1.531308
6.512827 1.208743 5.812330 -2.742311
1.179043 0.592603 -1.148666 -0.629219
0.592603 0.613427 -0.290491 -0.092729
-1.148666 -0.290491 3.540434 2.097544
-0.629219 -0.092729 2.097544 1.397291
7.009730 1.159386 4.542064 -2.699861
1.209856 0.577289 -0.902060 -0.364967
0.577289 0.471664 -0.014911 0.043885
-0.902060 -0.014911 5.160617 2.440560
-0.364967 0.043885 2.440560 1.248057
7.515587 1.101438 2.823265 -2.848121
1.258529 0.558522 -0.392645 -0.100172
0.558522 0.371588 0.218628 0.116076
-0.392645 0.218628 6.237365 2.436244
-0.100172 0.116076 2.436244 1.015905
7.498004 0.855832 0.955085 -3.012540
1.333564 0.539805 0.221950 0.114369
0.539805 0.296585 0.316201 0.122848
0.221950 0.316201 5.119455 1.701129
0.114369 0.122848 1.701129 0.613891
9.160511 1.257812 -1.384940 -3.225149
1.290207 0.451049 0.130723 0.065060
0.451049 0.213423 0.196383 0.065798
0.130723 0.196383 4.890012 1.404578
0.065060 0.065798 1.404578 0.443165
9.926359 1.311206 -2.497245 -3.096286
1.253565 0.391702 0.252662 0.083257
0.391702 0.165073 0.147806 0.042585
0.252662 0.147806 3.120285 0.794517
0.083257 0.042585 0.794517 0.236895
9.609891 1.081922 -1.473508 -2.517529
1.203815 0.342793 0.487705 0.124387
0.342793 0.133002 0.159973 0.039096
0.487705 0.159973 1.514263 0.351936
0.124387 0.039096 0.351936 0.113332
11.790073 1.514411 -1.255582 -2.193470
1.010296 0.262115 0.365672 0.082721
0.262115 0.099323 0.104959 0.022465
0.365672 0.104959 1.369287 0.295764
0.082721 0.022465 0.295764 0.093563
12.590936 1.525266 -2.213128 -2.165139
0.957765 0.231072 0.356946 0.072125
0.231072 0.084561 0.089519 0.017082
0.356946 0.089519 1.430360 0.291197
0.072125 0.017082 0.291197 0.087861
12.647446 1.364944 -3.465036 -2.195026
0.947487 0.214907 0.381282 0.069982
0.214907 0.076006 0.084652 0.014731
0.381282 0.084652 1.454150 0.280429
0.069982 0.014731 0.280429 0.082055
14.049089 1.519323 -4.220539 -2.136685
0.870183 0.187391 0.287158 0.047067
0.187391 0.066695 0.055605 0.008449
0.287158 0.055605 1.421270 0.261891
0.047067 0.008449 0.261891 0.075978
14.439147 1.444744 -5.673802 -2.202163
0.868053 0.179341 0.270509 0.040606
0.179341 0.062881 0.047063 0.006548
0.270509 0.047063 1.420906 0.251435
0.040606 0.006548 0.251435 0.072195
15.196918 1.456843 -7.400398 -2.310528
0.863694 0.172552 0.211002 0.027760
0.172552 0.060067 0.031370 0.003669
0.211002 0.031370 1.412088 0.241710
0.027760 0.003669 0.241710 0.069229
16.224773 1.509628 -7.862931 -2.197552
0.815944 0.158427 0.153880 0.017352
0.158427 0.056293 0.019568 0.001854
0.153880 0.019568 1.254170 0.208551
0.017352 0.001854 0.208551 0.062790
17.221144 1.546942 -7.912807 -2.027695
0.763506 0.145141 0.119154 0.011769
0.145141 0.053184 0.013345 0.001115
0.119154 0.013345 1.112126 0.181496
0.011769 0.001115 0.181496 0.058049
17.613872 1.479579 -9.461665 -2.111031
0.785810 0.147360 0.114118 0.010774
0.147360 0.053361 0.012206 0.001094
0.114118 0.012206 1.109315 0.179505
0.010774 0.001094 0.179505 0.057810
18.357687 1.470529 -9.321749 -1.917718
0.743222 0.137600 0.096631 0.008534
0.137600 0.051366 0.009972 0.001004
0.096631 0.009972 0.978555 0.157351
0.008534 0.001004 0.157351 0.054376
18.138022 1.292853 -10.149604 -1.887681
0.754010 0.138448 0.128232 0.013910
0.138448 0.051495 0.016222 0.002177
0.128232 0.016222 0.941350 0.151712
0.013910 0.002177 0.151712 0.053797
18.741336 1.292604 -12.022527 -2.039377
0.793472 0.145154 0.099716 0.008834
0.145154 0.052820 0.010358 0.001230
0.099716 0.010358 0.965950 0.157197
0.008834 0.001230 0.157197 0.055145
19.549318 1.329657 -13.995875 -2.197637
0.835236 0.151851 0.061788 0.002638
0.151851 0.054055 0.003563 0.000200
0.061788 0.003563 0.971618 0.159200
0.002638 0.000200 0.159200 0.055796
20.627582 1.403132 -14.936879 -2.174902
0.846109 0.152495 0.020543 -0.003350
0.152495 0.054114 -0.002640 -0.000619
0.020543 -0.002640 0.902556 0.148687
-0.003350 -0.000619 0.148687 0.054304
21.071270 1.356136 -15.861836 -2.146202
0.865459 0.154494 0.022606 -0.001840
0.154494 0.054401 -0.000761 -0.000085
0.022606 -0.000761 0.844085 0.140267
-0.001840 -0.000085 0.140267 0.053167
21.639633 1.337299 -17.062365 -2.167098
0.896557 0.158633 0.018185 -0.001678
0.158633 0.055096 -0.000487 0.000097
0.018185 -0.000487 0.809229 0.136291
-0.001678 0.000097 0.136291 0.052804
22.330807 1.342621 -18.528766 -2.232664
0.939580 0.164696 0.010632 -0.002187
0.164696 0.056112 -0.000964 0.000104
0.010632 -0.000964 0.788352 0.134766
-0.002187 0.000104 0.134766 0.052817
22.964282 1.334005 -18.871466 -2.098371
0.947112 0.164241 0.008413 -0.001682
0.164241 0.055949 -0.000453 0.000282
0.008413 -0.000453 0.720078 0.124852
-0.001682 0.000282 0.124852 0.051300
23.232618 1.266296 -20.357923 -2.174694
0.995904 0.171118 0.023743 0.001676
0.171118 0.057103 0.002757 0.000882
0.023743 0.002757 0.715891 0.126548
0.001676 0.000882 0.126548 0.051834
24.083413 1.303043 -21.263958 -2.142592
1.028339 0.174854 0.014310 0.000320
0.174854 0.057673 0.001430 0.000621
0.014310 0.001430 0.685170 0.123080
0.000320 0.000621 0.123080 0.051334
24.029749 1.183924 -21.887872 -2.059633
1.048948 0.176464 0.040489 0.005524
0.176464 0.057877 0.006144 0.001476
0.040489 0.006144 0.653787 0.119324
0.005524 0.001476 0.119324 0.050723
24.256481 1.123400 -23.218851 -2.114860
1.099403 0.183164 0.053164 0.007738
0.183164 0.058961 0.008112 0.001750
0.053164 0.008112 0.653631 0.121298
0.007738 0.001750 0.121298 0.051145
24.681684 1.101054 -24.385786 -2.135148
1.146742 0.189005 0.056924 0.008092
0.189005 0.059857 0.008439 0.001704
0.056924 0.008439 0.644803 0.121169
0.008092 0.001704 0.121169 0.051076
25.847450 1.200959 -25.226609 -2.093648
1.187454 0.193547 0.037628 0.004051
0.193547 0.060522 0.005009 0.000959
0.037628 0.005009 0.623307 0.118400
0.004051 0.000959 0.118400 0.050469
26.425126 1.197581 -26.440825 -2.125747
1.240269 0.199856 0.047350 0.005887
0.199856 0.061457 0.006527 0.001224
0.047350 0.006527 0.620455 0.119074
0.005887 0.001224 0.119074 0.050507
27.544734 1.279336 -26.869371 -2.004326
1.271950 0.202556 0.039860 0.004284
0.202556 0.061797 0.005217 0.000931
0.039860 0.005217 0.591218 0.114372
0.004284 0.000931 0.114372 0.049471
28.717537 1.363867 -28.153119 -2.060828
1.336165 0.210412 0.043941 0.004989
0.210412 0.062970 0.005777 0.001015
0.043941 0.005777 0.595269 0.116287
0.004989 0.001015 0.116287 0.049763
29.171056 1.327907 -28.977839 -2.019728
1.374473 0.213801 0.071134 0.010251
0.213801 0.063395 0.009910 0.001809
0.071134 0.009910 0.587702 0.115457
0.010251 0.001809 0.115457 0.049445
29.654891 1.300906 -30.281653 -2.077339
1.432355 0.220205 0.099274 0.015177
0.220205 0.064302 0.013817 0.002486
0.099274 0.013817 0.596357 0.117709
0.015177 0.002486 0.117709 0.049738
30.713062 1.363084 -31.362727 -2.087288
1.494105 0.226993 0.111920 0.016588
0.226993 0.065252 0.015114 0.002597
0.111920 0.015114 0.593594 0.117379
0.016588 0.002597 0.117379 0.049488
31.062877 1.312327 -32.191225 -2.043040
1.536308 0.230496 0.143903 0.021853
0.230496 0.065672 0.019283 0.003301
0.143903 0.019283 0.588850 0.116474
0.021853 0.003301 0.116474 0.049121
31.493276 1.277451 -32.962174 -1.991884
1.580621 0.234344 0.170578 0.025633
0.234344 0.066165 0.022400 0.003754
0.170578 0.022400 0.584541 0.115643
0.025633 0.003754 0.115643 0.048798
32.155490 1.280175 -33.842211 -1.968856
1.634192 0.239566 0.191908 0.028035
0.239566 0.066874 0.024560 0.003994
0.191908 0.024560 0.584401 0.115641
0.028035 0.003994 0.115641 0.048666
32.775191 1.275724 -34.632933 -1.929881
1.684926 0.244234 0.214457 0.030596
0.244234 0.067491 0.026846 0.004273
0.214457 0.026846 0.583765 0.115430
0.030596 0.004273 0.115430 0.048492
32.768486 1.180737 -35.395265 -1.883771
1.724824 0.247148 0.248866 0.035520
0.247148 0.067838 0.030754 0.004898
0.248866 0.030754 0.587649 0.115961
0.035520 0.004898 0.115961 0.048453
32.862264 1.107358 -36.126978 -1.836714
1.768778 0.250771 0.275390 0.038503
0.250771 0.068312 0.033381 0.005236
0.275390 0.033381 0.590340 0.116191
0.038503 0.005236 0.116191 0.048366
33.796548 1.161381 -37.033800 -1.838484
1.833828 0.257585 0.285113 0.037757
0.257585 0.069273 0.033565 0.005053
0.285113 0.033565 0.593376 0.116581
0.037757 0.005053 0.116581 0.048353
35.050322 1.258151 -38.090858 -1.874174
1.910130 0.265713 0.296808 0.037523
0.265713 0.070381 0.034116 0.004979
0.296808 0.034116 0.600074 0.117607
0.037523 0.004979 0.117607 0.048462
