6.333868 3.495697 11.980878 3.900408
3.742977 1.497223 7.806344 3.122605
1.497223 80.602969 3.122605 1.249069
7.806344 3.122605 19.913117 7.965419
3.122605 1.249069 7.965419 83.190303
5.690184 -0.031722 11.659515 2.218037
4.167185 7.750652 -0.791931 -2.275456
7.750652 21.485982 -2.239563 6.185814
-0.791931 -2.239563 2.420494 2.920751
-2.275456 6.185814 2.920751 34.102261
6.100505 -0.314556 8.608317 -3.778276
3.684530 3.949263 -0.276141 0.238630
3.949263 5.507031 -0.251281 2.041198
-0.276141 -0.251281 0.270193 0.346179
0.238630 2.041198 0.346179 5.367131
7.817111 1.101739 6.838680 -3.405647
2.825523 2.095047 0.048320 0.359342
2.095047 2.067912 0.603612 1.321600
0.048320 0.603612 1.849359 2.845150
0.359342 1.321600 2.845150 4.995899
6.866718 0.227411 4.821692 -3.755716
1.130652 0.633518 0.048097 0.095420
0.633518 0.625521 0.792485 0.784520
0.048097 0.792485 5.781779 5.161963
0.095420 0.784520 5.161963 4.795199
7.364476 0.615432 5.876231 -1.923008
1.259832 0.661674 1.017851 0.671571
0.661674 0.462532 0.702500 0.476120
1.017851 0.702500 3.185542 2.009810
0.671571 0.476120 2.009810 1.359544
6.907501 0.281386 4.273189 -2.243728
1.031294 0.453895 0.959577 0.477912
0.453895 0.274876 0.562285 0.287181
0.959577 0.562285 4.791030 2.318949
0.477912 0.287181 2.318949 1.178816
9.207964 1.105771 5.357143 -1.360587
0.999968 0.379680 0.918476 0.368704
0.379680 0.197792 0.446476 0.183723
0.918476 0.446476 5.847987 2.294818
0.368704 0.183723 2.294818 0.941053
8.506034 0.689930 3.957657 -1.605171
0.653201 0.221511 0.831979 0.277952
0.221511 0.116832 0.358092 0.122776
0.831979 0.358092 7.952254 2.622914
0.277952 0.122776 2.622914 0.897615
9.071418 0.772411 5.908540 -0.822066
0.708661 0.221474 1.126117 0.322981
0.221474 0.103488 0.380221 0.111363
1.126117 0.380221 6.788688 1.933297
0.322981 0.111363 1.933297 0.578812
8.855077 0.598981 3.678564 -1.278716
0.463829 0.132963 0.487851 0.122931
0.132963 0.067839 0.143496 0.037887
0.487851 0.143496 6.671476 1.672299
0.122931 0.037887 1.672299 0.445208
8.888933 0.527718 1.649198 -1.590562
0.548469 0.150143 0.565747 0.127294
0.150143 0.067912 0.145520 0.034078
0.565747 0.145520 7.761981 1.740621
0.127294 0.034078 1.740621 0.415328
9.526213 0.627272 0.023577 -1.758990
0.594771 0.154291 0.455210 0.092474
0.154291 0.064943 0.102188 0.021823
0.455210 0.102188 6.958743 1.412139
0.092474 0.021823 1.412139 0.311271
10.183083 0.715114 -1.804901 -1.935350
0.633123 0.155890 0.315429 0.058377
0.155890 0.062139 0.061685 0.012284
0.315429 0.061685 5.532465 1.027411
0.058377 0.012284 1.027411 0.215695
10.820514 0.777279 -1.622152 -1.737818
0.657992 0.154008 0.258886 0.044055
0.154008 0.059145 0.050795 0.009380
0.258886 0.050795 3.152117 0.541570
0.044055 0.009380 0.541570 0.118458
11.037430 0.737924 -2.291461 -1.705274
0.691089 0.154353 0.275039 0.043502
0.154353 0.057304 0.052569 0.008952
0.275039 0.052569 2.481019 0.401030
0.043502 0.008952 0.401030 0.090941
12.148932 0.898358 -3.166838 -1.710732
0.684842 0.147027 0.186053 0.026934
0.147027 0.054390 0.029756 0.004836
0.186053 0.029756 2.293108 0.353600
0.026934 0.004836 0.353600 0.081458
12.520020 0.889045 -5.475455 -1.926369
0.726681 0.150946 0.143231 0.018978
0.150946 0.054335 0.019020 0.002959
0.143231 0.019020 2.262075 0.335583
0.018978 0.002959 0.335583 0.077579
14.115270 1.120234 -6.165981 -1.891009
0.702905 0.141879 0.027418 0.001604
0.141879 0.051877 -0.003762 -0.000403
0.027418 -0.003762 1.959270 0.281481
0.001604 -0.000403 0.281481 0.069112
16.004814 1.382417 -7.138250 -1.898309
0.690356 0.136398 -0.075688 -0.012473
0.136398 0.050511 -0.022198 -0.002878
-0.075688 -0.022198 1.798967 0.252992
-0.012473 -0.002878 0.252992 0.065114
16.716963 1.388155 -8.722296 -1.986322
0.715673 0.138775 -0.060854 -0.009218
0.138775 0.050817 -0.016103 -0.001808
-0.060854 -0.016103 1.629376 0.225883
-0.009218 -0.001808 0.225883 0.061667
17.681656 1.439762 -9.741275 -1.989858
0.725723 0.138385 -0.061479 -0.008413
0.138385 0.050658 -0.013935 -0.001386
-0.061479 -0.013935 1.426198 0.196629
-0.008413 -0.001386 0.196629 0.058210
18.303732 1.421150 -10.331691 -1.933888
0.727909 0.136875 -0.032693 -0.003690
0.136875 0.050373 -0.006822 -0.000337
-0.032693 -0.006822 1.225434 0.169860
-0.003690 -0.000337 0.169860 0.055296
19.588051 1.527945 -10.481308 -1.817615
0.713388 0.132723 -0.051096 -0.005983
0.132723 0.049682 -0.009441 -0.000735
-0.051096 -0.009441 1.071425 0.151043
-0.005983 -0.000735 0.151043 0.053562
19.684134 1.404355 -11.457698 -1.829124
0.732111 0.135405 -0.003088 0.001429
0.135405 0.050361 0.000320 0.000674
-0.003088 0.000320 1.000207 0.144994
0.001429 0.000674 0.144994 0.053642
20.060158 1.344067 -12.756829 -1.887317
0.764545 0.140533 0.013638 0.003835
0.140533 0.051448 0.003364 0.001028
0.013638 0.003364 0.961402 0.143592
0.003835 0.001028 0.143592 0.054245
21.417641 1.468914 -13.977943 -1.928709
0.791537 0.144351 -0.024812 -0.002381
0.144351 0.052220 -0.003959 -0.000218
-0.024812 -0.003959 0.922486 0.141697
-0.002381 -0.000218 0.141697 0.054583
21.652045 1.378048 -15.379707 -1.998813
0.830221 0.150189 0.003886 0.002308
0.150189 0.053332 0.001530 0.000622
0.003886 0.001530 0.888927 0.140403
0.002308 0.000622 0.140403 0.054880
22.447669 1.396637 -17.064158 -2.109640
0.880616 0.157758 -0.001171 0.001275
0.157758 0.054686 0.000434 0.000360
-0.001171 0.000434 0.868248 0.140689
0.001275 0.000360 0.140689 0.055275
23.125066 1.392604 -18.633485 -2.194943
0.929913 0.164654 0.002761 0.001776
0.164654 0.055844 0.001023 0.000397
0.002761 0.001023 0.836241 0.138600
0.001776 0.000397 0.138600 0.055142
23.898224 1.405908 -19.998802 -2.240194
0.975880 0.170569 0.003915 0.001766
0.170569 0.056779 0.001068 0.000345
0.003915 0.001068 0.795037 0.134581
0.001766 0.000345 0.134581 0.054583
24.476152 1.384312 -21.234911 -2.260355
1.019430 0.175790 0.015498 0.003558
0.175790 0.057569 0.002917 0.000614
0.015498 0.002917 0.754799 0.130482
0.003558 0.000614 0.130482 0.053942
25.269616 1.401544 -22.400361 -2.266536
1.064345 0.181044 0.018635 0.003756
0.181044 0.058354 0.003179 0.000595
0.018635 0.003179 0.718391 0.126795
0.003756 0.000595 0.126795 0.053311
25.185495 1.269856 -23.556232 -2.270635
1.104601 0.185321 0.054919 0.009932
0.185321 0.058965 0.009007 0.001590
0.054919 0.009007 0.693003 0.124817
0.009932 0.001590 0.124817 0.052929
25.806844 1.267952 -25.001314 -2.327470
1.162665 0.192474 0.060384 0.010046
0.192474 0.060061 0.009243 0.001508
0.060384 0.009243 0.679096 0.124573
0.010046 0.001508 0.124573 0.052798
26.399077 1.261049 -26.119224 -2.318858
1.211964 0.197852 0.067109 0.010454
0.197852 0.060830 0.009756 0.001507
0.067109 0.009756 0.655420 0.122056
0.010454 0.001507 0.122056 0.052176
26.587230 1.189380 -27.127666 -2.289228
1.256173 0.202217 0.086559 0.013316
0.202217 0.061426 0.012347 0.001921
0.086559 0.012347 0.635537 0.119983
0.013316 0.001921 0.119983 0.051609
27.047159 1.165935 -27.674530 -2.174209
1.288028 0.204594 0.092138 0.013409
0.204594 0.061722 0.012626 0.001888
0.092138 0.012626 0.605317 0.115720
0.013409 0.001888 0.115720 0.050609
27.549456 1.153460 -28.811537 -2.183579
1.341992 0.210553 0.101040 0.014143
0.210553 0.062611 0.013399 0.001962
0.101040 0.013399 0.601213 0.116459
0.014143 0.001962 0.116459 0.050591
28.368260 1.191346 -29.961953 -2.196259
1.401011 0.217131 0.103367 0.013584
0.217131 0.063581 0.013173 0.001850
0.103367 0.013173 0.596848 0.116759
0.013584 0.001850 0.116759 0.050443
28.647373 1.141689 -30.857621 -2.154493
1.446472 0.221301 0.121916 0.016441
0.221301 0.064144 0.015556 0.002292
0.121916 0.015556 0.589077 0.115972
0.016441 0.002292 0.115972 0.050036
29.689958 1.211149 -31.586079 -2.087797
1.496097 0.226200 0.119959 0.015013
0.226200 0.064844 0.014744 0.002071
0.119959 0.014744 0.575672 0.113995
0.015013 0.002071 0.113995 0.049423
30.808221 1.287284 -32.514899 -2.067995
1.555038 0.232363 0.125403 0.015225
0.232363 0.065724 0.015126 0.002115
0.125403 0.015126 0.572015 0.113874
0.015225 0.002115 0.113874 0.049199
31.755333 1.328827 -33.041330 -1.967831
1.597670 0.235871 0.138764 0.017200
0.235871 0.066184 0.016768 0.002439
0.138764 0.016768 0.561047 0.112040
0.017200 0.002439 0.112040 0.048619
32.785739 1.379826 -33.655024 -1.895545
1.644723 0.240044 0.155789 0.019774
0.240044 0.066754 0.018829 0.002824
0.155789 0.018829 0.557198 0.111615
0.019774 0.002824 0.111615 0.048352
33.770599 1.424886 -34.893869 -1.956917
1.711603 0.246991 0.184116 0.024328
0.246991 0.067721 0.022284 0.003450
0.184116 0.022284 0.573450 0.115068
0.024328 0.003450 0.115068 0.048865
34.216397 1.382870 -35.432329 -1.865319
1.745369 0.248881 0.219808 0.030293
0.248881 0.067925 0.026745 0.004280
0.219808 0.026745 0.573052 0.114628
0.030293 0.004280 0.114628 0.048523
34.870492 1.367403 -35.292826 -1.646932
1.762896 0.248736 0.242671 0.033327
0.248736 0.067887 0.029279 0.004681
0.242671 0.029279 0.557425 0.111158
0.033327 0.004681 0.111158 0.047621
36.338939 1.482762 -36.528550 -1.739018
1.844384 0.257908 0.267335 0.035939
0.257908 0.069208 0.031589 0.004938
0.267335 0.031589 0.580546 0.115810
0.035939 0.004938 0.115810 0.048452
36.679530 1.426998 -37.435823 -1.742323
1.886862 0.260930 0.313690 0.043283
0.260930 0.069570 0.036931 0.005884
0.313690 0.036931 0.600102 0.118971
0.043283 0.005884 0.118971 0.048846
