2.571578 1.990748 1.936080 -0.117598
2.071191 0.828494 -0.317100 -0.126843
0.828494 80.335472 -0.126843 -0.050738
-0.317100 -0.126843 3.965168 1.586102
-0.126843 -0.050738 1.586102 80.638521
5.653784 5.642994 -0.885512 -4.568139
3.368075 5.972392 -1.440179 -2.261203
5.972392 17.786870 -2.478336 -4.745652
-1.440179 -2.478336 3.543534 5.740081
-2.261203 -4.745652 5.740081 21.625166
5.509236 2.514342 -0.423155 -1.640752
2.735448 2.990197 -0.016799 0.206020
2.990197 5.009298 0.033586 -0.083067
-0.016799 0.033586 1.247526 1.439366
0.206020 -0.083067 1.439366 4.573439
8.636315 3.909519 2.862300 2.375896
1.651781 1.295245 0.318543 0.329866
1.295245 1.700017 0.244794 0.111931
0.318543 0.244794 0.324325 0.319349
0.329866 0.111931 0.319349 1.265271
7.758967 2.098929 3.583520 2.120528
0.353133 0.217115 0.129032 0.105999
0.217115 0.469366 0.000641 -0.043361
0.129032 0.000641 0.691883 0.713695
0.105999 -0.043361 0.713695 1.042547
8.635752 2.008237 4.321779 1.890611
0.508778 0.340820 0.056622 0.009812
0.340820 0.400702 -0.051901 -0.059274
0.056622 -0.051901 1.095086 0.815865
0.009812 -0.059274 0.815865 0.737751
10.271647 2.307052 6.668336 2.663027
0.672795 0.388034 -0.074277 -0.064416
0.388034 0.318081 -0.096390 -0.062552
-0.074277 -0.096390 1.209725 0.687435
-0.064416 -0.062552 0.687435 0.461943
10.873771 2.032571 8.491917 2.895919
0.819204 0.394888 -0.171172 -0.090976
0.394888 0.249445 -0.109784 -0.051971
-0.171172 -0.109784 1.219325 0.558122
-0.090976 -0.051971 0.558122 0.302188
10.848652 1.626074 8.507896 2.355066
0.788182 0.323204 -0.329150 -0.130890
0.323204 0.174414 -0.145895 -0.054578
-0.329150 -0.145895 1.130093 0.434193
-0.130890 -0.054578 0.434193 0.201645
10.113823 1.075651 9.462694 2.278578
0.704303 0.251014 -0.355679 -0.117157
0.251014 0.122203 -0.127734 -0.039718
-0.355679 -0.127734 0.967040 0.320980
-0.117157 -0.039718 0.320980 0.135128
10.606161 1.057907 10.148434 2.143057
0.734740 0.233735 -0.321475 -0.089526
0.233735 0.101981 -0.096839 -0.025274
-0.321475 -0.096839 0.925667 0.273061
-0.089526 -0.025274 0.273061 0.105752
10.824840 0.965684 11.081083 2.101675
0.694347 0.199770 -0.286476 -0.069310
0.199770 0.082167 -0.074987 -0.016961
-0.286476 -0.074987 0.789919 0.210698
-0.069310 -0.016961 0.210698 0.079568
11.065421 0.895553 11.805772 2.015933
0.655495 0.173276 -0.270384 -0.058357
0.173276 0.068855 -0.063350 -0.012917
-0.270384 -0.063350 0.679948 0.167230
-0.058357 -0.012917 0.167230 0.063574
12.053606 1.030431 12.684139 1.994599
0.639630 0.158187 -0.236718 -0.045150
0.158187 0.061340 -0.048679 -0.008775
-0.236718 -0.048679 0.652807 0.151691
-0.045150 -0.008775 0.151691 0.057323
13.794482 1.319930 13.413122 1.957040
0.583029 0.136715 -0.179763 -0.029774
0.136715 0.053916 -0.031589 -0.004903
-0.179763 -0.031589 0.608779 0.135580
-0.029774 -0.004903 0.135580 0.052193
14.440609 1.314259 14.263944 1.928611
0.576041 0.129906 -0.145062 -0.020642
0.129906 0.051084 -0.021885 -0.002912
-0.145062 -0.021885 0.593610 0.128030
-0.020642 -0.002912 0.128030 0.049727
15.200775 1.333926 15.055947 1.893666
0.557826 0.121948 -0.108364 -0.012596
0.121948 0.048548 -0.013353 -0.001434
-0.108364 -0.013353 0.571688 0.120390
-0.012596 -0.001434 0.120390 0.047678
16.052245 1.386651 16.743915 2.052231
0.539358 0.115047 -0.085641 -0.008451
0.115047 0.046627 -0.009190 -0.000982
-0.085641 -0.009190 0.536716 0.110970
-0.008451 -0.000982 0.110970 0.045531
16.779966 1.394134 17.782798 2.055424
0.501380 0.104849 -0.082557 -0.009068
0.104849 0.044267 -0.009752 -0.001553
-0.082557 -0.009752 0.491349 0.100379
-0.009068 -0.001553 0.100379 0.043367
17.475379 1.395382 18.919251 2.077887
0.495381 0.102961 -0.065620 -0.006148
0.102961 0.044021 -0.006705 -0.001141
-0.065620 -0.006705 0.481327 0.098554
-0.006148 -0.001141 0.098554 0.043302
17.867488 1.325659 19.505036 1.979886
0.509863 0.105598 -0.056246 -0.004741
0.105598 0.044747 -0.005202 -0.000991
-0.056246 -0.005202 0.494083 0.101574
-0.004741 -0.000991 0.101574 0.044211
18.274090 1.276913 20.869950 2.054439
0.506735 0.104516 -0.041796 -0.002601
0.104516 0.044659 -0.003033 -0.000734
-0.041796 -0.003033 0.485399 0.099969
-0.002601 -0.000734 0.099969 0.044076
18.696647 1.232864 21.948796 2.062950
0.496876 0.102147 -0.040170 -0.003287
0.102147 0.044301 -0.003653 -0.001050
-0.040170 -0.003653 0.473544 0.097753
-0.003287 -0.001050 0.097753 0.043786
18.984666 1.156941 22.001889 1.856437
0.485869 0.099844 -0.043482 -0.004812
0.099844 0.043992 -0.005125 -0.001471
-0.043482 -0.005125 0.459143 0.095190
-0.004812 -0.001471 0.095190 0.043427
19.595657 1.165888 23.227156 1.918946
0.492222 0.101474 -0.039093 -0.004332
0.101474 0.044533 -0.004567 -0.001370
-0.039093 -0.004567 0.469785 0.098148
-0.004332 -0.001370 0.098148 0.044244
20.514376 1.235734 24.238609 1.932211
0.490200 0.101280 -0.028246 -0.002529
0.101280 0.044642 -0.002704 -0.000999
-0.028246 -0.002704 0.475118 0.099700
-0.002529 -0.000999 0.099700 0.044673
21.289803 1.267965 25.126490 1.916661
0.485765 0.100626 -0.014625 -0.000242
0.100626 0.044635 -0.000394 -0.000549
-0.014625 -0.000394 0.476418 0.100226
-0.000242 -0.000549 0.100226 0.044834
22.122457 1.308393 25.880598 1.874511
0.471446 0.097874 -0.021829 -0.002502
0.097874 0.044158 -0.002574 -0.001068
-0.021829 -0.002574 0.468294 0.098582
-0.002502 -0.001068 0.098582 0.044492
22.247284 1.200147 27.473360 2.010988
0.453224 0.094614 -0.010738 -0.000577
0.094614 0.043614 -0.000598 -0.000637
-0.010738 -0.000598 0.466979 0.098592
-0.000577 -0.000637 0.098592 0.044540
22.277678 1.080816 28.703361 2.056938
0.446452 0.093975 -0.000631 0.001093
0.093975 0.043631 0.001097 -0.000276
-0.000631 0.001097 0.472940 0.100093
0.001093 -0.000276 0.100093 0.044885
23.249381 1.172656 29.967021 2.107413
0.430921 0.091405 -0.002794 0.000089
0.091405 0.043192 0.000118 -0.000494
-0.002794 0.000118 0.474209 0.100394
0.000089 -0.000494 0.100394 0.044932
23.824517 1.170299 31.069346 2.117697
0.442197 0.094690 -0.003646 -0.000409
0.094690 0.044003 -0.000384 -0.000564
-0.003646 -0.000384 0.491584 0.104067
-0.000409 -0.000564 0.104067 0.045688
24.890091 1.273766 32.454912 2.186792
0.424508 0.091303 -0.027409 -0.005634
0.091303 0.043271 -0.005704 -0.001636
-0.027409 -0.005704 0.499257 0.105319
-0.005634 -0.001636 0.105319 0.045868
25.320203 1.228839 33.453927 2.166730
0.427606 0.092639 -0.031856 -0.006220
0.092639 0.043601 -0.006296 -0.001613
-0.031856 -0.006296 0.509826 0.107097
-0.006220 -0.001613 0.107097 0.046160
25.956966 1.232604 33.999060 2.054227
0.437855 0.095291 -0.033377 -0.006133
0.095291 0.044160 -0.006222 -0.001468
-0.033377 -0.006222 0.511601 0.106914
-0.006133 -0.001468 0.106914 0.046035
27.015826 1.329279 35.094788 2.069691
0.407696 0.088770 -0.041172 -0.007491
0.088770 0.042650 -0.007551 -0.001671
-0.041172 -0.007551 0.514356 0.107004
-0.007491 -0.001671 0.107004 0.045999
27.271107 1.239061 36.060660 2.053871
0.415062 0.091046 -0.042983 -0.007395
0.091046 0.043193 -0.007445 -0.001550
-0.042983 -0.007445 0.526603 0.109136
-0.007395 -0.001550 0.109136 0.046412
27.890491 1.237973 36.858492 2.006540
0.418143 0.092040 -0.044767 -0.007371
0.092040 0.043376 -0.007422 -0.001484
-0.044767 -0.007422 0.532533 0.109815
-0.007371 -0.001484 0.109815 0.046503
28.711936 1.281409 37.612383 1.956296
0.428186 0.094382 -0.049292 -0.007927
0.094382 0.043824 -0.008052 -0.001567
-0.049292 -0.008052 0.539583 0.110721
-0.007927 -0.001567 0.110721 0.046652
29.451563 1.306231 39.097324 2.060642
0.385053 0.084710 -0.051337 -0.008277
0.084710 0.041580 -0.008038 -0.001594
-0.051337 -0.008038 0.560203 0.114411
-0.008277 -0.001594 0.114411 0.047377
30.038270 1.293245 40.404278 2.116490
0.388992 0.086375 -0.053244 -0.008314
0.086375 0.042042 -0.008085 -0.001573
-0.053244 -0.008085 0.575593 0.116754
-0.008314 -0.001573 0.116754 0.047785
30.429320 1.233523 41.125397 2.046622
0.397008 0.088692 -0.051453 -0.007626
0.088692 0.042576 -0.007518 -0.001439
-0.051453 -0.007518 0.567213 0.114199
-0.007626 -0.001439 0.114199 0.047202
31.446197 1.322400 42.004110 2.020441
0.400419 0.089718 -0.039630 -0.005071
0.089718 0.042766 -0.004782 -0.000900
-0.039630 -0.004782 0.559944 0.112311
-0.005071 -0.000900 0.112311 0.046849
32.536623 1.417869 42.871311 1.994716
0.350203 0.078698 -0.002683 0.001881
0.078698 0.040261 0.003223 0.000564
-0.002683 0.003223 0.541688 0.108650
0.001881 0.000564 0.108650 0.046215
33.005494 1.367047 44.598018 2.140006
0.378473 0.086154 -0.009634 -0.000073
0.086154 0.042075 0.000730 -0.000062
-0.009634 0.000730 0.552924 0.110993
-0.000073 -0.000062 0.110993 0.046783
34.253121 1.491698 44.704637 1.948764
0.371903 0.084967 0.031789 0.007761
0.084967 0.041756 0.009228 0.001562
0.031789 0.009228 0.472947 0.095032
0.007761 0.001562 0.095032 0.043664
34.517296 1.381577 45.776089 1.968293
0.400926 0.091774 0.013085 0.002882
0.091774 0.043241 0.003567 0.000241
0.013085 0.003567 0.473700 0.096570
0.002882 0.000241 0.096570 0.044270
34.810089 1.291076 46.060493 1.824290
0.429200 0.097645 -0.003037 -0.000944
0.097645 0.044374 -0.000719 -0.000655
-0.003037 -0.000719 0.453034 0.093425
-0.000944 -0.000655 0.093425 0.043802
35.581167 1.319314 46.958441 1.821223
0.463615 0.104274 -0.009275 -0.002308
0.104274 0.045594 -0.002197 -0.000882
-0.009275 -0.002197 0.443531 0.092695
-0.002308 -0.000882 0.092695 0.043812
36.140770 1.297202 47.367862 1.715240
0.490056 0.108477 -0.014904 -0.003376
0.108477 0.046202 -0.003328 -0.001019
-0.014904 -0.003328 0.415980 0.088009
-0.003376 -0.001019 0.088009 0.042922
