4.621489 2.810730 3.352721 0.449070
2.180092 0.872056 -1.063173 -0.425279
0.872056 80.352897 -0.425279 -0.170115
-1.063173 -0.425279 3.278908 1.311592
-0.425279 -0.170115 1.311592 80.528715
2.492051 -3.802271 -0.013251 -5.925685
2.729833 4.762744 -1.070837 -1.562259
4.762744 15.669128 -1.668173 -5.374087
-1.070837 -1.668173 2.654162 4.382347
-1.562259 -5.374087 4.382347 17.682032
5.595559 1.765189 -0.300244 -2.598058
2.277981 2.510913 -1.263446 -1.384594
2.510913 4.530339 -1.390771 -2.316082
-1.263446 -1.390771 0.899995 1.000737
-1.384594 -2.316082 1.000737 3.520089
4.565499 0.326084 1.300727 0.728158
1.026823 0.857974 -0.030805 0.273204
0.857974 1.395794 -0.012475 -0.095639
-0.030805 -0.012475 0.238005 0.311660
0.273204 -0.095639 0.311660 1.082352
6.683632 1.452706 3.439314 2.692888
1.125388 0.806192 -0.120004 -0.050058
0.806192 0.887407 -0.157967 -0.246142
-0.120004 -0.157967 0.533980 0.544580
-0.050058 -0.246142 0.544580 0.748985
7.817999 1.692209 4.705073 2.640665
1.145321 0.674646 -0.251486 -0.164855
0.674646 0.559620 -0.226952 -0.216126
-0.251486 -0.226952 0.895883 0.650335
-0.164855 -0.216126 0.650335 0.556885
8.192363 1.461680 6.155364 2.711474
1.070818 0.527276 -0.363633 -0.198638
0.527276 0.356238 -0.233889 -0.161152
-0.363633 -0.233889 1.066662 0.588346
-0.198638 -0.161152 0.588346 0.373335
9.007582 1.449437 8.801080 3.282641
1.060173 0.445156 -0.423623 -0.190473
0.445156 0.251447 -0.210132 -0.114240
-0.423623 -0.210132 1.064931 0.472839
-0.190473 -0.114240 0.472839 0.243697
10.019821 1.569499 9.633586 2.981366
0.969091 0.354065 -0.430402 -0.163097
0.354065 0.176870 -0.174715 -0.079141
-0.430402 -0.174715 0.983428 0.366591
-0.163097 -0.079141 0.366591 0.163258
11.386687 1.769782 9.915687 2.590803
0.864985 0.280617 -0.390719 -0.127911
0.280617 0.128887 -0.135661 -0.053428
-0.390719 -0.135661 0.912960 0.294911
-0.127911 -0.053428 0.294911 0.118310
11.829003 1.645646 10.199256 2.301121
0.750457 0.220803 -0.387718 -0.111790
0.220803 0.097056 -0.117142 -0.040353
-0.387718 -0.117142 0.825666 0.237025
-0.111790 -0.040353 0.237025 0.089363
12.177424 1.516886 11.649962 2.378670
0.675060 0.183482 -0.312357 -0.080325
0.183482 0.078413 -0.083602 -0.026479
-0.312357 -0.083602 0.718287 0.187300
-0.080325 -0.026479 0.187300 0.069441
12.318707 1.358360 12.952685 2.403359
0.635322 0.161983 -0.283754 -0.066153
0.161983 0.067621 -0.068585 -0.019885
-0.283754 -0.068585 0.646852 0.156396
-0.066153 -0.019885 0.156396 0.058263
13.594438 1.499524 13.620829 2.284436
0.595686 0.144260 -0.245218 -0.052129
0.144260 0.059875 -0.053557 -0.014515
-0.245218 -0.053557 0.608708 0.139104
-0.052129 -0.014515 0.139104 0.052406
13.528296 1.301624 14.508897 2.219299
0.566952 0.131647 -0.229467 -0.045248
0.131647 0.054654 -0.046569 -0.011796
-0.229467 -0.046569 0.557421 0.121858
-0.045248 -0.011796 0.121858 0.047590
14.897985 1.451873 14.682050 2.024915
0.535606 0.120543 -0.201806 -0.036834
0.120543 0.050726 -0.037406 -0.009043
-0.201806 -0.037406 0.538166 0.114510
-0.036834 -0.009043 0.114510 0.045726
15.089210 1.334594 15.902506 2.061234
0.510500 0.112319 -0.180389 -0.030778
0.112319 0.048028 -0.031338 -0.007311
-0.180389 -0.031338 0.498086 0.103909
-0.030778 -0.007311 0.103909 0.043453
15.458121 1.278528 17.447344 2.165559
0.498326 0.108197 -0.154357 -0.024254
0.108197 0.046671 -0.024742 -0.005636
-0.154357 -0.024742 0.472096 0.097845
-0.024254 -0.005636 0.097845 0.042446
15.982511 1.252319 18.489934 2.154914
0.477912 0.102610 -0.137928 -0.020631
0.102610 0.045147 -0.021065 -0.004804
-0.137928 -0.021065 0.445586 0.092287
-0.020631 -0.004804 0.092287 0.041600
15.349562 0.988468 20.141947 2.254026
0.458697 0.098153 -0.113205 -0.015551
0.098153 0.044101 -0.016210 -0.003786
-0.113205 -0.016210 0.407006 0.084916
-0.015551 -0.003786 0.084916 0.040448
16.291996 1.085153 21.210155 2.249746
0.451008 0.096407 -0.102253 -0.013639
0.096407 0.043713 -0.014078 -0.003387
-0.102253 -0.014078 0.402831 0.085334
-0.013639 -0.003387 0.085334 0.040959
17.297102 1.200007 23.055166 2.415920
0.430840 0.092287 -0.083303 -0.010316
0.092287 0.042879 -0.010608 -0.002757
-0.083303 -0.010608 0.387344 0.083275
-0.010316 -0.002757 0.083275 0.040843
18.011757 1.215174 23.713373 2.296151
0.426728 0.091823 -0.076067 -0.009479
0.091823 0.042864 -0.009711 -0.002653
-0.076067 -0.009711 0.384339 0.083803
-0.009479 -0.002653 0.083803 0.041199
18.451518 1.170413 24.371748 2.184002
0.415902 0.089761 -0.076737 -0.010486
0.089761 0.042454 -0.010700 -0.002974
-0.076737 -0.010700 0.371509 0.081811
-0.010486 -0.002974 0.081811 0.040875
19.253463 1.219172 25.535325 2.203504
0.417220 0.090454 -0.082482 -0.012236
0.090454 0.042663 -0.012278 -0.003329
-0.082482 -0.012278 0.378572 0.084288
-0.012236 -0.003329 0.084288 0.041529
19.937769 1.234323 26.548416 2.184465
0.409803 0.089227 -0.080021 -0.012010
0.089227 0.042440 -0.011925 -0.003230
-0.080021 -0.011925 0.379939 0.085218
-0.012010 -0.003230 0.085218 0.041762
20.778088 1.280932 27.447016 2.143550
0.410931 0.089974 -0.075780 -0.011210
0.089974 0.042661 -0.011076 -0.002989
-0.075780 -0.011076 0.387480 0.087380
-0.011210 -0.002989 0.087380 0.042236
21.593186 1.321875 28.668112 2.180165
0.405211 0.089001 -0.075001 -0.011338
0.089001 0.042447 -0.011034 -0.002975
-0.075001 -0.011034 0.395971 0.089397
-0.011338 -0.002975 0.089397 0.042606
22.392919 1.346621 29.309332 2.079776
0.414632 0.091452 -0.073588 -0.011038
0.091452 0.043005 -0.010840 -0.002869
-0.073588 -0.010840 0.402884 0.090811
-0.011038 -0.002869 0.090811 0.042813
22.703066 1.268284 30.547484 2.119955
0.381207 0.084243 -0.057124 -0.007898
0.084243 0.041388 -0.007466 -0.002176
-0.057124 -0.007466 0.395171 0.088951
-0.007898 -0.002176 0.088951 0.042308
23.203638 1.228319 30.803251 1.936154
0.387743 0.086420 -0.056381 -0.008035
0.086420 0.041956 -0.007796 -0.002246
-0.056381 -0.007796 0.393572 0.088463
-0.008035 -0.002246 0.088463 0.042134
23.920678 1.249677 31.611961 1.901274
0.383446 0.085918 -0.048501 -0.006613
0.085918 0.041860 -0.006346 -0.001922
-0.048501 -0.006346 0.396635 0.089170
-0.006613 -0.001922 0.089170 0.042275
24.099784 1.147082 32.399556 1.859886
0.379867 0.085381 -0.055527 -0.008622
0.085381 0.041708 -0.008308 -0.002382
-0.055527 -0.008308 0.403340 0.090465
-0.008622 -0.002382 0.090465 0.042503
24.413002 1.087538 33.289415 1.848284
0.384430 0.086659 -0.065024 -0.010820
0.086659 0.041967 -0.010507 -0.002815
-0.065024 -0.010507 0.416189 0.093011
-0.010820 -0.002815 0.093011 0.043003
25.506171 1.213145 34.267950 1.866027
0.395538 0.089248 -0.073305 -0.012412
0.089248 0.042493 -0.012164 -0.003070
-0.073305 -0.012164 0.429762 0.095503
-0.012412 -0.003070 0.095503 0.043464
26.134096 1.216344 35.051208 1.832928
0.392731 0.088364 -0.081593 -0.013982
0.088364 0.042179 -0.013706 -0.003320
-0.081593 -0.013706 0.437880 0.096578
-0.013982 -0.003320 0.096578 0.043588
27.154046 1.311593 36.105435 1.868132
0.387189 0.086993 -0.085616 -0.014491
0.086993 0.041804 -0.014103 -0.003313
-0.085616 -0.014103 0.448826 0.098299
-0.014491 -0.003313 0.098299 0.043885
27.362425 1.216039 37.531041 1.970624
0.383066 0.086142 -0.083797 -0.013683
0.086142 0.041600 -0.013181 -0.003030
-0.083797 -0.013181 0.458978 0.099828
-0.013683 -0.003030 0.099828 0.044154
28.488544 1.338426 38.828577 2.045413
0.391760 0.088184 -0.088518 -0.014269
0.088184 0.042046 -0.013895 -0.003113
-0.088518 -0.013895 0.469036 0.101192
-0.014269 -0.003113 0.101192 0.044375
29.487078 1.410758 39.654857 2.007270
0.379210 0.085166 -0.091610 -0.014771
0.085166 0.041297 -0.014297 -0.003202
-0.091610 -0.014297 0.472215 0.101062
-0.014771 -0.003202 0.101062 0.044284
30.078005 1.390170 41.039951 2.087829
0.389670 0.087678 -0.096733 -0.015370
0.087678 0.041877 -0.015063 -0.003294
-0.096733 -0.015063 0.482186 0.102503
-0.015370 -0.003294 0.102503 0.044570
30.741966 1.378258 41.768126 2.019759
0.391035 0.087940 -0.093879 -0.014391
0.087940 0.041903 -0.014274 -0.003092
-0.093879 -0.014274 0.472405 0.099793
-0.014391 -0.003092 0.099793 0.043988
31.420153 1.371483 42.502493 1.960740
0.401388 0.090195 -0.092678 -0.013780
0.090195 0.042378 -0.013965 -0.002995
-0.092678 -0.013965 0.463361 0.097593
-0.013780 -0.002995 0.097593 0.043585
31.747078 1.288052 43.366302 1.930377
0.382425 0.085732 -0.079812 -0.011233
0.085732 0.041327 -0.011107 -0.002474
-0.079812 -0.011107 0.450900 0.095123
-0.011233 -0.002474 0.095123 0.043196
33.788552 1.595002 43.595518 1.793615
0.291970 0.066482 0.000098 0.004378
0.066482 0.037234 0.005935 0.000826
0.000098 0.005935 0.386994 0.082880
0.004378 0.000826 0.082880 0.040932
34.375641 1.541100 44.057441 1.696943
0.309676 0.072483 -0.009203 0.001028
0.072483 0.038936 0.001831 -0.000292
-0.009203 0.001831 0.378176 0.082186
0.001028 -0.000292 0.082186 0.041019
34.886303 1.473670 44.156531 1.529757
0.328693 0.077997 -0.018563 -0.001908
0.077997 0.040297 -0.001661 -0.001132
-0.018563 -0.001661 0.365091 0.080483
-0.001908 -0.001132 0.080483 0.040821
35.544683 1.457206 45.302443 1.614757
0.351829 0.083755 -0.029340 -0.004763
0.083755 0.041551 -0.004796 -0.001789
-0.029340 -0.004796 0.372985 0.083448
-0.004763 -0.001789 0.083448 0.041619
36.342399 1.472508 45.904657 1.568691
0.370765 0.087837 -0.032871 -0.005639
0.087837 0.042290 -0.005885 -0.001919
-0.032871 -0.005885 0.356328 0.080428
-0.005639 -0.001919 0.080428 0.040947
37.357861 1.533373 45.776891 1.361437
0.375356 0.088229 -0.008964 -0.000174
0.088229 0.042148 -0.000590 -0.000599
-0.008964 -0.000590 0.288493 0.065949
-0.000174 -0.000599 0.065949 0.037697
