5.160425 3.026309 16.171709 5.576777
3.998590 1.599471 7.623841 3.049603
1.599471 80.643869 3.049603 1.219867
7.623841 3.049603 54.604485 21.842267
3.049603 1.219867 21.842267 88.741163
5.446282 1.993653 12.057304 1.012187
4.104008 7.007147 -0.420018 -0.909637
7.007147 22.241250 -0.747671 3.466886
-0.420018 -0.747671 0.244922 0.232058
-0.909637 3.466886 0.232058 44.031359
4.131460 -0.982208 8.830691 -6.447377
4.044012 4.320356 -0.724224 -1.025623
4.320356 6.980457 -0.747570 -1.192472
-0.724224 -0.747570 0.343841 0.599177
-1.025623 -1.192472 0.599177 1.855569
4.821067 -0.065190 5.421502 -6.593088
2.861362 2.216115 -0.499077 -0.410935
2.216115 2.665619 -0.255892 -0.258213
-0.499077 -0.255892 1.129349 1.288300
-0.410935 -0.258213 1.288300 1.653159
7.347348 1.496660 1.413611 -7.069013
2.350674 1.446593 -0.465658 -0.295412
1.446593 1.365603 -0.134816 -0.119574
-0.465658 -0.134816 2.503003 1.878540
-0.295412 -0.119574 1.878540 1.484631
9.455955 2.317057 0.896037 -5.388141
1.705724 0.900295 0.309026 0.186484
0.900295 0.744459 0.211189 0.093598
0.309026 0.211189 1.356490 0.752998
0.186484 0.093598 0.752998 0.460915
7.259157 0.811568 0.952448 -4.168210
1.367895 0.629390 0.999103 0.441370
0.629390 0.457940 0.461768 0.184251
0.999103 0.461768 1.009742 0.446331
0.441370 0.184251 0.446331 0.227434
9.678273 1.413149 2.079982 -2.937186
1.208637 0.514336 0.672478 0.230805
0.514336 0.328470 0.259654 0.076977
0.672478 0.259654 0.591499 0.216390
0.230805 0.076977 0.216390 0.103192
10.824121 1.562608 0.940820 -2.833897
1.152985 0.431904 0.612495 0.177242
0.431904 0.238980 0.176768 0.042709
0.612495 0.176768 0.660691 0.218967
0.177242 0.042709 0.218967 0.093532
11.450066 1.463757 -0.212281 -2.740193
1.060961 0.351297 0.553358 0.140439
0.351297 0.173847 0.118303 0.024406
0.553358 0.118303 0.760864 0.229719
0.140439 0.024406 0.229719 0.088537
11.958308 1.372931 -1.480960 -2.702424
1.034901 0.310138 0.509111 0.114259
0.310138 0.138396 0.081920 0.014569
0.509111 0.081920 0.877902 0.241565
0.114259 0.014569 0.241565 0.084930
12.149109 1.166439 -2.284679 -2.542207
0.978478 0.265776 0.477755 0.098049
0.265776 0.109357 0.064508 0.011401
0.477755 0.064508 0.950303 0.238492
0.098049 0.011401 0.238492 0.078187
13.010349 1.186741 -2.764806 -2.357450
0.904720 0.228357 0.405733 0.075270
0.228357 0.089743 0.042401 0.007045
0.405733 0.042401 0.983674 0.228232
0.075270 0.007045 0.228232 0.071641
14.000289 1.267973 -3.575558 -2.283813
0.856664 0.204380 0.330111 0.054923
0.204380 0.077841 0.021786 0.003195
0.330111 0.021786 1.043286 0.226440
0.054923 0.003195 0.226440 0.068463
13.741038 0.980040 -3.365781 -1.984325
0.792031 0.174958 0.352280 0.058487
0.174958 0.065297 0.034324 0.006809
0.352280 0.034324 0.996142 0.201417
0.058487 0.006809 0.201417 0.060783
14.285232 0.992604 -4.359477 -1.985585
0.780313 0.166330 0.302909 0.046187
0.166330 0.061177 0.022445 0.004535
0.302909 0.022445 1.053264 0.203128
0.046187 0.004535 0.203128 0.060136
14.505015 0.958874 -6.044659 -2.111744
0.807020 0.166998 0.262814 0.036686
0.166998 0.059765 0.013582 0.002933
0.262814 0.013582 1.131802 0.209243
0.036686 0.002933 0.209243 0.060571
15.493118 1.055443 -6.794533 -2.063688
0.773504 0.156307 0.183851 0.022276
0.156307 0.056440 0.001346 0.001050
0.183851 0.001346 1.109081 0.197582
0.022276 0.001050 0.197582 0.057999
16.622365 1.156483 -7.097445 -1.943942
0.730970 0.144719 0.119625 0.012070
0.144719 0.053343 -0.005959 0.000178
0.119625 -0.005959 1.054955 0.182308
0.012070 0.000178 0.182308 0.055198
17.207015 1.168236 -8.505502 -2.018000
0.750310 0.145997 0.088479 0.007704
0.145997 0.053146 -0.008482 -0.000005
0.088479 -0.008482 1.078976 0.182220
0.007704 -0.000005 0.182220 0.055332
17.767027 1.163576 -9.514061 -2.017743
0.755940 0.144518 0.066816 0.005341
0.144518 0.052484 -0.008047 0.000290
0.066816 -0.008047 1.048083 0.173541
0.005341 0.000290 0.173541 0.054107
17.654832 1.017155 -9.610568 -1.864442
0.740335 0.138645 0.094629 0.011243
0.138645 0.050996 0.002396 0.002167
0.094629 0.002396 0.944325 0.154011
0.011243 0.002167 0.154011 0.051245
18.348064 1.054836 -10.767533 -1.902007
0.754159 0.140145 0.062453 0.006543
0.140145 0.051345 -0.001497 0.001477
0.062453 -0.001497 0.939273 0.152962
0.006543 0.001477 0.152962 0.051717
18.775356 1.042013 -12.208585 -1.981559
0.785221 0.144651 0.047550 0.004834
0.144651 0.052215 -0.002085 0.001344
0.047550 -0.002085 0.936499 0.152560
0.004834 0.001344 0.152560 0.052239
19.345867 1.052990 -13.403196 -2.014981
0.808004 0.147459 0.028689 0.002511
0.147459 0.052744 -0.003330 0.001097
0.028689 -0.003330 0.907369 0.148111
0.002511 0.001097 0.148111 0.052051
20.371204 1.145185 -14.674245 -2.059075
0.833040 0.150748 -0.008123 -0.002732
0.150748 0.053382 -0.008024 0.000278
-0.008123 -0.008024 0.881682 0.144719
-0.002732 0.000278 0.144719 0.052027
21.051658 1.163436 -15.502259 -2.025785
0.849593 0.152209 -0.015848 -0.002938
0.152209 0.053637 -0.007207 0.000399
-0.015848 -0.007207 0.829149 0.137140
-0.002938 0.000399 0.137140 0.051265
21.917055 1.214473 -16.722939 -2.060373
0.882518 0.156686 -0.028876 -0.004185
0.156686 0.054454 -0.007843 0.000242
-0.028876 -0.007843 0.803946 0.134613
-0.004185 0.000242 0.134613 0.051338
22.274998 1.170789 -17.829692 -2.073810
0.913835 0.160629 -0.013895 -0.000754
0.160629 0.055135 -0.003741 0.000875
-0.013895 -0.003741 0.772265 0.131087
-0.000754 0.000875 0.131087 0.051175
22.787578 1.157955 -18.585742 -2.025570
0.935813 0.162844 -0.007478 0.000798
0.162844 0.055505 -0.001725 0.001088
-0.007478 -0.001725 0.730024 0.125795
0.000798 0.001088 0.125795 0.050641
22.898265 1.077169 -19.993135 -2.095906
0.982131 0.169300 0.014828 0.004971
0.169300 0.056619 0.002673 0.001709
0.014828 0.002673 0.722509 0.126747
0.004971 0.001709 0.126747 0.051157
23.230633 1.042016 -20.989893 -2.087222
1.017249 0.173492 0.023626 0.006326
0.173492 0.057293 0.004251 0.001785
0.023626 0.004251 0.696382 0.124019
0.006326 0.001785 0.124019 0.050896
23.609461 1.018018 -22.078148 -2.095517
1.057701 0.178456 0.029755 0.007055
0.178456 0.058087 0.005174 0.001751
0.029755 0.005174 0.677843 0.122574
0.007055 0.001751 0.122574 0.050809
24.324215 1.052345 -22.925194 -2.058500
1.092299 0.182254 0.023782 0.005472
0.182254 0.058666 0.003961 0.001341
0.023782 0.003961 0.652649 0.119711
0.005472 0.001341 0.119711 0.050393
25.390289 1.141474 -24.097712 -2.084833
1.142668 0.188584 0.012085 0.002938
0.188584 0.059664 0.001891 0.000817
0.012085 0.001891 0.642590 0.119579
0.002938 0.000817 0.119579 0.050445
26.044060 1.154997 -24.968736 -2.052508
1.181653 0.192760 0.020195 0.004310
0.192760 0.060274 0.003214 0.000977
0.020195 0.003214 0.624647 0.117690
0.004310 0.000977 0.117690 0.050103
26.332025 1.108232 -25.726930 -2.001443
1.214541 0.195862 0.040432 0.007870
0.195862 0.060712 0.006359 0.001480
0.040432 0.006359 0.608717 0.116053
0.007870 0.001480 0.116053 0.049777
26.953381 1.119081 -26.892105 -2.033178
1.267459 0.202173 0.050923 0.009259
0.202173 0.061676 0.007675 0.001602
0.050923 0.007675 0.608015 0.117200
0.009259 0.001602 0.117200 0.049958
27.955895 1.189854 -28.597068 -2.167466
1.345095 0.212121 0.056288 0.009527
0.212121 0.063184 0.008075 0.001548
0.056288 0.008075 0.620754 0.120617
0.009527 0.001548 0.120617 0.050524
28.639419 1.204361 -30.076050 -2.244742
1.412104 0.219817 0.075374 0.012487
0.219817 0.064264 0.010627 0.001934
0.075374 0.010627 0.622700 0.121407
0.012487 0.001934 0.121407 0.050501
29.489846 1.241548 -30.797844 -2.166937
1.458096 0.223942 0.087669 0.013924
0.223942 0.064765 0.012015 0.002081
0.087669 0.012015 0.600097 0.117187
0.013924 0.002081 0.117187 0.049491
30.129868 1.243374 -31.533445 -2.098629
1.501645 0.227643 0.108354 0.016949
0.227643 0.065216 0.014604 0.002472
0.108354 0.014604 0.585731 0.114795
0.016949 0.002472 0.114795 0.048906
30.287151 1.172541 -32.299409 -2.040902
1.539651 0.230472 0.140330 0.022030
0.230472 0.065548 0.018717 0.003156
0.140330 0.018717 0.579518 0.114024
0.022030 0.003156 0.114024 0.048659
30.620531 1.135450 -33.408030 -2.057227
1.595508 0.236046 0.166666 0.025546
0.236046 0.066316 0.021700 0.003570
0.166666 0.021700 0.584245 0.115350
0.025546 0.003570 0.115350 0.048829
31.022090 1.108496 -34.045904 -1.978276
1.637626 0.239489 0.185658 0.027464
0.239489 0.066765 0.023556 0.003766
0.185658 0.023556 0.575842 0.113831
0.027464 0.003766 0.113831 0.048403
32.458838 1.232023 -34.396180 -1.856350
1.684820 0.243878 0.180847 0.024536
0.243878 0.067389 0.021999 0.003287
0.180847 0.021999 0.558758 0.110748
0.024536 0.003287 0.110748 0.047717
33.314692 1.268322 -35.522365 -1.898131
1.749786 0.250535 0.204890 0.027696
0.250535 0.068301 0.024593 0.003698
0.204890 0.024593 0.571413 0.113594
0.027696 0.003698 0.113594 0.048217
33.593114 1.216116 -36.324899 -1.865465
1.793082 0.253772 0.239346 0.032967
0.253772 0.068687 0.028642 0.004419
0.239346 0.028642 0.577999 0.114745
0.032967 0.004419 0.114745 0.048296
34.567593 1.262355 -36.731238 -1.762427
1.838248 0.257516 0.255009 0.034050
0.257516 0.069187 0.029980 0.004547
0.255009 0.029980 0.571814 0.113295
0.034050 0.004547 0.113295 0.047873
35.241753 1.264967 -37.321519 -1.703856
1.882973 0.261068 0.281955 0.037478
0.261068 0.069647 0.032804 0.004997
0.281955 0.032804 0.576641 0.114029
0.037478 0.004997 0.114029 0.047900
