1.776182 1.672583 2.108604 -0.048587
2.727685 1.091098 -0.972613 -0.389054
1.091098 80.440515 -0.389054 -0.155625
-0.972613 -0.389054 4.741105 1.896483
-0.389054 -0.155625 1.896483 80.762676
4.697339 5.294760 2.274532 0.403994
2.972821 5.039268 -1.450734 -2.074860
5.039268 17.533330 -2.296711 -5.692329
-1.450734 -2.296711 2.934831 4.530322
-2.074860 -5.692329 4.530322 21.018695
4.480854 2.039963 2.243019 -0.174432
2.966965 3.332411 -0.613425 -0.446927
3.332411 5.884038 -0.584178 -1.187545
-0.613425 -0.584178 2.392866 2.864015
-0.446927 -1.187545 2.864015 6.587473
7.320570 3.513113 0.932867 -1.216898
2.325916 1.878782 -0.521629 -0.396713
1.878782 2.338342 -0.428451 -0.650163
-0.521629 -0.428451 1.901513 1.692295
-0.396713 -0.650163 1.692295 2.599242
7.402062 2.413515 3.105937 0.733836
1.034436 0.648440 0.492067 0.360366
0.648440 0.807986 0.300752 0.068965
0.492067 0.300752 0.789985 0.565137
0.360366 0.068965 0.565137 0.897057
7.452493 1.609193 4.378065 1.480072
0.610764 0.335924 0.320885 0.161876
0.335924 0.402973 0.095096 -0.025958
0.320885 0.095096 0.900014 0.594047
0.161876 -0.025958 0.594047 0.632606
8.319854 1.558485 5.980009 1.972777
0.658841 0.354261 0.121658 0.002810
0.354261 0.316713 -0.031390 -0.072759
0.121658 -0.031390 0.997123 0.564964
0.002810 -0.072759 0.564964 0.451861
8.426430 1.198920 7.568794 2.306639
0.764511 0.366955 -0.050517 -0.077289
0.366955 0.253419 -0.091852 -0.074008
-0.050517 -0.091852 1.031306 0.494928
-0.077289 -0.074008 0.494928 0.318283
8.249667 0.893198 8.440422 2.226838
0.868903 0.363078 -0.191632 -0.115383
0.363078 0.204214 -0.121258 -0.065174
-0.191632 -0.121258 1.043441 0.429729
-0.115383 -0.065174 0.429729 0.232235
9.740792 1.264452 9.631211 2.226999
0.886622 0.322293 -0.228416 -0.103289
0.322293 0.156579 -0.106952 -0.044950
-0.228416 -0.106952 1.041152 0.372067
-0.103289 -0.044950 0.372067 0.174524
10.678778 1.371973 9.988078 1.986036
0.888516 0.286220 -0.263381 -0.095135
0.286220 0.124371 -0.097638 -0.033347
-0.263381 -0.097638 1.022155 0.323369
-0.095135 -0.033347 0.323369 0.136184
10.630889 1.162375 10.683446 1.906510
0.821379 0.238511 -0.320073 -0.095771
0.238511 0.097256 -0.097583 -0.027907
-0.320073 -0.097583 0.897954 0.256049
-0.095771 -0.027907 0.256049 0.102423
12.455625 1.492345 10.543337 1.621620
0.729616 0.194006 -0.276595 -0.071600
0.194006 0.077163 -0.072745 -0.017856
-0.276595 -0.072745 0.827125 0.216270
-0.071600 -0.017856 0.216270 0.083313
12.999417 1.441169 11.270070 1.599630
0.690416 0.171284 -0.236347 -0.053490
0.171284 0.066682 -0.054251 -0.011534
-0.236347 -0.054251 0.775054 0.188817
-0.053490 -0.011534 0.188817 0.071209
13.525012 1.397309 12.321155 1.656141
0.670483 0.157029 -0.228363 -0.046314
0.157029 0.060206 -0.047042 -0.009013
-0.228363 -0.047042 0.736495 0.169150
-0.046314 -0.009013 0.169150 0.063181
14.422558 1.450727 13.799039 1.803683
0.616795 0.138294 -0.166358 -0.029036
0.138294 0.054082 -0.029620 -0.004777
-0.166358 -0.029620 0.657179 0.144406
-0.029036 -0.004777 0.144406 0.055622
14.717544 1.356231 14.719789 1.801545
0.609660 0.132258 -0.142057 -0.021882
0.132258 0.051656 -0.022492 -0.003217
-0.142057 -0.022492 0.632072 0.134534
-0.021882 -0.003217 0.134534 0.052347
15.031912 1.290662 16.475500 1.976302
0.592835 0.125550 -0.096341 -0.011438
0.125550 0.049593 -0.012221 -0.001218
-0.096341 -0.012221 0.583583 0.121562
-0.011438 -0.001218 0.121562 0.049013
15.981415 1.350490 17.183539 1.922556
0.562575 0.116731 -0.076560 -0.007838
0.116731 0.047354 -0.008376 -0.000793
-0.076560 -0.008376 0.555939 0.114203
-0.007838 -0.000793 0.114203 0.047205
17.199197 1.457054 17.721765 1.842862
0.527281 0.107964 -0.068086 -0.006973
0.107964 0.045419 -0.007279 -0.000934
-0.068086 -0.007279 0.528685 0.107708
-0.006973 -0.000934 0.107708 0.045782
17.819813 1.439911 19.062656 1.927444
0.525658 0.107180 -0.061212 -0.006028
0.107180 0.045356 -0.006368 -0.000958
-0.061212 -0.006368 0.518971 0.105544
-0.006028 -0.000958 0.105544 0.045411
18.394947 1.404310 19.482217 1.814385
0.498172 0.101376 -0.047795 -0.004110
0.101376 0.044301 -0.004386 -0.000793
-0.047795 -0.004386 0.490660 0.099911
-0.004110 -0.000793 0.099911 0.044381
18.322087 1.246548 20.506293 1.830517
0.489569 0.099904 -0.048752 -0.005030
0.099904 0.044195 -0.005336 -0.001161
-0.048752 -0.005336 0.473171 0.096862
-0.005030 -0.001161 0.096862 0.043925
18.745847 1.213226 22.281210 2.006931
0.490274 0.100709 -0.027113 -0.001025
0.100709 0.044595 -0.001340 -0.000424
-0.027113 -0.001340 0.470006 0.097220
-0.001025 -0.000424 0.097220 0.044228
19.722780 1.294136 23.876586 2.133378
0.493357 0.101771 -0.019055 -0.000136
0.101771 0.044959 -0.000354 -0.000348
-0.019055 -0.000354 0.480468 0.100151
-0.000136 -0.000348 0.100151 0.044971
20.664313 1.353554 24.681406 2.080369
0.493984 0.102214 -0.008191 0.001337
0.102214 0.045148 0.001156 -0.000140
-0.008191 0.001156 0.484593 0.101409
0.001337 -0.000140 0.101409 0.045275
20.797486 1.241500 25.881992 2.111559
0.479548 0.099466 0.003847 0.002961
0.099466 0.044645 0.002816 0.000104
0.003847 0.002816 0.476238 0.099871
0.002961 0.000104 0.099871 0.044952
21.037418 1.162121 26.916379 2.106035
0.482402 0.100520 0.013805 0.004202
0.100520 0.044957 0.004077 0.000297
0.013805 0.004077 0.483571 0.101709
0.004202 0.000297 0.101709 0.045353
21.754390 1.190907 28.472335 2.211983
0.468495 0.097900 0.013053 0.003187
0.097900 0.044451 0.003103 0.000036
0.013053 0.003103 0.487743 0.102635
0.003187 0.000036 0.102635 0.045513
22.489854 1.220552 29.070383 2.105105
0.458459 0.096288 0.008836 0.001697
0.096288 0.044182 0.001631 -0.000268
0.008836 0.001631 0.480114 0.100973
0.001697 -0.000268 0.100973 0.045115
23.126864 1.225770 30.484070 2.181101
0.453703 0.095872 -0.002854 -0.001109
0.095872 0.044166 -0.001192 -0.000808
-0.002854 -0.001192 0.493241 0.103840
-0.001109 -0.000808 0.103840 0.045709
23.947708 1.269936 31.590124 2.184125
0.436948 0.092843 -0.005641 -0.001675
0.092843 0.043565 -0.001768 -0.000814
-0.005641 -0.001768 0.493687 0.103734
-0.001675 -0.000814 0.103734 0.045623
24.332629 1.216891 32.134960 2.069574
0.444837 0.095270 -0.016527 -0.003874
0.095270 0.044154 -0.003992 -0.001177
-0.016527 -0.003992 0.497158 0.104294
-0.003874 -0.001177 0.104294 0.045695
24.895119 1.206945 33.503701 2.139493
0.430963 0.092668 -0.026590 -0.005658
0.092668 0.043579 -0.005815 -0.001430
-0.026590 -0.005815 0.510521 0.106878
-0.005658 -0.001430 0.106878 0.046192
25.539681 1.215860 34.601824 2.145445
0.431026 0.093225 -0.032582 -0.006438
0.093225 0.043715 -0.006600 -0.001463
-0.032582 -0.006600 0.522903 0.109022
-0.006438 -0.001463 0.109022 0.046561
26.581878 1.309538 35.309266 2.070476
0.448361 0.097388 -0.031398 -0.005661
0.097388 0.044601 -0.005802 -0.001182
-0.031398 -0.005802 0.527881 0.109477
-0.005661 -0.001182 0.109477 0.046568
27.402825 1.345848 36.426587 2.087867
0.450002 0.097628 -0.038747 -0.006809
0.097628 0.044537 -0.006967 -0.001362
-0.038747 -0.006967 0.542194 0.111865
-0.006809 -0.001362 0.111865 0.046994
29.054272 1.556235 36.928684 1.980041
0.414945 0.089858 -0.045603 -0.007916
0.089858 0.042748 -0.008029 -0.001549
-0.045603 -0.008029 0.533850 0.109438
-0.007916 -0.001549 0.109438 0.046413
29.763408 1.542314 38.171522 2.031477
0.419225 0.091392 -0.046133 -0.007530
0.091392 0.043145 -0.007576 -0.001394
-0.046133 -0.007576 0.549317 0.112234
-0.007530 -0.001394 0.112234 0.046985
30.348259 1.500345 38.982686 1.988803
0.413600 0.090490 -0.049964 -0.007974
0.090490 0.042940 -0.008021 -0.001469
-0.049964 -0.008021 0.553280 0.112460
-0.007974 -0.001469 0.112460 0.046991
31.102566 1.502661 40.209189 2.035926
0.437190 0.096025 -0.055326 -0.008573
0.096025 0.044153 -0.008755 -0.001574
-0.055326 -0.008755 0.568497 0.115023
-0.008573 -0.001574 0.115023 0.047491
31.615608 1.450989 41.337196 2.056548
0.452591 0.099165 -0.054893 -0.008059
0.099165 0.044722 -0.008283 -0.001454
-0.054893 -0.008283 0.571008 0.114891
-0.008059 -0.001454 0.114891 0.047427
31.850446 1.341931 42.115607 2.002888
0.438683 0.095607 -0.049163 -0.006796
0.095607 0.043795 -0.006849 -0.001211
-0.049163 -0.006849 0.560434 0.112276
-0.006796 -0.001211 0.112276 0.046899
31.394691 1.094835 42.967082 1.964773
0.435433 0.094696 -0.054776 -0.007884
0.094696 0.043537 -0.008051 -0.001502
-0.054776 -0.008051 0.553614 0.110661
-0.007884 -0.001502 0.110661 0.046617
32.259938 1.162781 43.755349 1.928193
0.432176 0.094084 -0.033696 -0.003545
0.094084 0.043418 -0.003432 -0.000601
-0.033696 -0.003432 0.533283 0.106737
-0.003545 -0.000601 0.106737 0.045941
33.124640 1.223571 44.566981 1.899441
0.448725 0.097761 -0.023186 -0.001604
0.097761 0.044225 -0.001571 -0.000297
-0.023186 -0.001571 0.515240 0.103544
-0.001604 -0.000297 0.103544 0.045439
33.218881 1.109877 45.309631 1.854478
0.461229 0.100072 -0.029682 -0.003299
0.100072 0.044639 -0.003517 -0.000785
-0.029682 -0.003517 0.502591 0.101577
-0.003299 -0.000785 0.101577 0.045179
33.343661 1.015429 45.960107 1.795712
0.467993 0.100992 -0.029549 -0.003496
0.100992 0.044745 -0.003806 -0.000886
-0.029549 -0.003806 0.483916 0.098525
-0.003496 -0.000886 0.098525 0.044696
34.349760 1.122305 46.810154 1.788394
0.484271 0.104017 -0.012590 -0.000139
0.104017 0.045337 -0.000434 -0.000205
-0.012590 -0.000434 0.459893 0.094614
-0.000139 -0.000205 0.094614 0.044052
35.143372 1.173133 48.021623 1.855465
0.515016 0.109781 -0.017776 -0.001599
0.109781 0.046459 -0.002000 -0.000584
-0.017776 -0.002000 0.456482 0.095059
-0.001599 -0.000584 0.095059 0.044288
