0.353694 1.103575 2.340794 0.044291
2.734749 1.093923 1.081331 0.432542
1.093923 80.441645 0.432542 0.173020
1.081331 0.432542 5.461288 2.184563
0.432542 0.173020 2.184563 80.877911
2.899662 4.419090 4.107857 2.565275
1.924359 3.457612 -1.622109 -2.638621
3.457612 15.196453 -3.066559 -2.370728
-1.622109 -3.066559 3.313853 5.210170
-2.638621 -2.370728 5.210170 23.735090
6.326914 5.397283 1.641680 -1.891147
2.946605 3.718023 -0.558254 0.143659
3.718023 6.389771 -0.033778 0.901067
-0.558254 -0.033778 4.331639 5.397046
0.143659 0.901067 5.397046 9.903674
6.090329 3.033309 2.527484 -0.628979
1.995100 1.755105 1.539958 1.510011
1.755105 2.119892 1.384445 1.205272
1.539958 1.384445 1.746975 1.640285
1.510011 1.205272 1.640285 2.594646
6.416225 2.246907 1.323664 -1.194486
1.994051 1.345181 1.247456 0.736272
1.345181 1.173358 0.717040 0.357324
1.247456 0.717040 1.845418 1.388694
0.736272 0.357324 1.388694 1.490924
7.534997 2.172829 1.585714 -0.623782
1.920515 1.050780 0.743120 0.252985
1.050780 0.716855 0.298430 0.071337
0.743120 0.298430 1.589818 0.961918
0.252985 0.071337 0.961918 0.800084
9.303537 2.423653 2.509820 -0.029204
1.711946 0.770875 0.478766 0.112399
0.770875 0.434606 0.141321 0.022027
0.478766 0.141321 1.511837 0.756232
0.112399 0.022027 0.756232 0.500169
8.223288 1.463398 4.324162 0.892304
0.714543 0.258781 0.557150 0.203089
0.258781 0.153996 0.166007 0.068122
0.557150 0.166007 1.428349 0.590695
0.203089 0.068122 0.590695 0.319459
9.702246 1.687872 6.039016 1.333066
0.744345 0.252137 0.432549 0.127375
0.252137 0.131707 0.108024 0.037580
0.432549 0.108024 1.372573 0.494428
0.127375 0.037580 0.494428 0.233136
11.258979 1.877583 8.178729 1.791013
0.760110 0.238402 0.316772 0.076242
0.238402 0.112120 0.066466 0.020712
0.316772 0.066466 1.274625 0.407212
0.076242 0.020712 0.407212 0.173327
12.087536 1.848155 8.931963 1.752369
0.762925 0.221481 0.214476 0.041540
0.221481 0.096049 0.035259 0.010600
0.214476 0.035259 1.227776 0.354119
0.041540 0.010600 0.354119 0.138230
13.231343 1.899222 10.301708 1.878983
0.789047 0.212124 0.180155 0.031398
0.212124 0.085275 0.027816 0.008438
0.180155 0.027816 1.183118 0.310752
0.031398 0.008438 0.310752 0.113318
13.423640 1.717363 10.543325 1.720433
0.727095 0.183189 0.065139 0.004437
0.183189 0.072271 0.001340 0.002088
0.065139 0.001340 1.067548 0.259795
0.004437 0.002088 0.259795 0.092212
14.138556 1.678876 11.813572 1.815464
0.695652 0.165252 0.047408 0.003208
0.165252 0.064101 0.001323 0.002450
0.047408 0.001323 0.965766 0.219616
0.003208 0.002450 0.219616 0.077285
15.002994 1.683580 12.852603 1.843595
0.693935 0.156942 0.053735 0.006517
0.156942 0.059646 0.005406 0.003371
0.053735 0.005406 0.922517 0.198542
0.006517 0.003371 0.198542 0.069122
14.365828 1.354843 15.119212 2.128000
0.666083 0.144609 0.040513 0.005063
0.144609 0.055220 0.004755 0.003103
0.040513 0.004755 0.760317 0.156471
0.005063 0.003103 0.156471 0.058090
14.790149 1.301463 16.211615 2.134512
0.694607 0.146038 0.047009 0.007197
0.146038 0.054443 0.007156 0.003362
0.047009 0.007156 0.746709 0.149646
0.007197 0.003362 0.149646 0.055641
15.079282 1.228268 17.014327 2.083377
0.686531 0.140181 0.042914 0.006878
0.140181 0.052433 0.006936 0.003066
0.042914 0.006936 0.693462 0.136086
0.006878 0.003066 0.136086 0.052274
16.366912 1.362532 18.156191 2.101687
0.695103 0.138605 0.085813 0.015488
0.138605 0.051621 0.015788 0.004535
0.085813 0.015788 0.695174 0.134728
0.015488 0.004535 0.134728 0.051685
16.978165 1.348286 19.427094 2.144141
0.707887 0.138403 0.105582 0.018653
0.138403 0.051278 0.019032 0.004785
0.105582 0.019032 0.681998 0.130825
0.018653 0.004785 0.130825 0.050726
17.056481 1.234184 20.270481 2.102485
0.690993 0.132890 0.098643 0.016471
0.132890 0.050047 0.016866 0.004026
0.098643 0.016866 0.635946 0.121218
0.016471 0.004026 0.121218 0.048819
17.834933 1.265881 21.110503 2.061308
0.703184 0.133699 0.108926 0.017673
0.133699 0.050192 0.018036 0.003980
0.108926 0.018036 0.638121 0.121699
0.017673 0.003980 0.121699 0.049001
18.811682 1.329101 22.477721 2.123907
0.723536 0.136088 0.140440 0.022813
0.136088 0.050644 0.023074 0.004701
0.140440 0.023074 0.650557 0.123989
0.022813 0.004701 0.123989 0.049483
19.245098 1.291157 22.755614 1.975047
0.705124 0.131513 0.120365 0.017913
0.131513 0.049848 0.018270 0.003557
0.120365 0.018270 0.623010 0.118751
0.017913 0.003557 0.118751 0.048539
19.585012 1.234289 23.709499 1.971143
0.700381 0.129925 0.124891 0.018164
0.129925 0.049671 0.018462 0.003486
0.124891 0.018462 0.614060 0.117349
0.018164 0.003486 0.117349 0.048361
20.656691 1.320170 24.574778 1.943516
0.698345 0.128940 0.150396 0.022507
0.128940 0.049599 0.022552 0.004198
0.150396 0.022552 0.613683 0.117484
0.022507 0.004198 0.117484 0.048435
21.337613 1.317724 26.148730 2.060595
0.697516 0.128287 0.182159 0.027776
0.128287 0.049586 0.027436 0.005035
0.182159 0.027436 0.624171 0.119578
0.027776 0.005035 0.119578 0.048847
21.711567 1.263264 27.267937 2.081732
0.677784 0.124483 0.190316 0.028351
0.124483 0.049025 0.027843 0.005014
0.190316 0.027843 0.616579 0.118165
0.028351 0.005014 0.118165 0.048571
22.434074 1.280595 28.294214 2.077483
0.673904 0.124085 0.192367 0.027627
0.124085 0.049145 0.027152 0.004781
0.192367 0.027152 0.615501 0.118182
0.027627 0.004781 0.118182 0.048600
22.598548 1.189815 29.372677 2.093338
0.651777 0.120455 0.181736 0.024942
0.120455 0.048652 0.024369 0.004255
0.181736 0.024369 0.609575 0.117387
0.024942 0.004255 0.117387 0.048480
23.371865 1.222261 30.508980 2.107911
0.657476 0.122333 0.173999 0.022718
0.122333 0.049205 0.022347 0.003856
0.173999 0.022347 0.613260 0.118451
0.022718 0.003856 0.118451 0.048716
24.492045 1.314409 31.856444 2.156809
0.671909 0.125620 0.168120 0.021031
0.125620 0.049945 0.020857 0.003592
0.168120 0.020857 0.622983 0.120525
0.021031 0.003592 0.120525 0.049112
24.502212 1.193387 32.771774 2.136324
0.621872 0.116403 0.151880 0.018727
0.116403 0.048238 0.018038 0.003325
0.151880 0.018038 0.608689 0.117805
0.018727 0.003325 0.117805 0.048536
25.155008 1.199710 34.089860 2.184823
0.625362 0.118309 0.130561 0.014616
0.118309 0.048811 0.014174 0.002653
0.130561 0.014174 0.611688 0.118824
0.014616 0.002653 0.118824 0.048787
25.994565 1.253336 34.760403 2.097332
0.621160 0.118314 0.115356 0.012254
0.118314 0.048900 0.012216 0.002439
0.115356 0.012216 0.592392 0.115176
0.012254 0.002439 0.115176 0.048058
27.058739 1.335423 35.989576 2.126133
0.631595 0.121067 0.099498 0.009700
0.121067 0.049500 0.009873 0.002097
0.099498 0.009873 0.593600 0.115896
0.009700 0.002097 0.115896 0.048257
27.386883 1.272037 36.875204 2.095895
0.623122 0.120121 0.061576 0.003247
0.120121 0.049374 0.003536 0.001022
0.061576 0.003536 0.584475 0.114760
0.003247 0.001022 0.114760 0.048119
28.464559 1.356800 38.007851 2.107313
0.632285 0.122246 0.047183 0.001685
0.122246 0.049772 0.002108 0.000927
0.047183 0.002108 0.582515 0.114723
0.001685 0.000927 0.114723 0.048127
28.686701 1.271807 38.704532 2.041156
0.603798 0.116903 0.023219 -0.001395
0.116903 0.048702 -0.001105 0.000511
0.023219 -0.001105 0.569184 0.112474
-0.001395 0.000511 0.112474 0.047705
29.665242 1.342616 39.166372 1.927678
0.610079 0.118618 0.010507 -0.002511
0.118618 0.049063 -0.002049 0.000453
0.010507 -0.002049 0.551641 0.109409
-0.002511 0.000453 0.109409 0.047124
29.357025 1.155512 39.400620 1.787392
0.565245 0.110172 -0.008907 -0.004786
0.110172 0.047408 -0.004479 0.000105
-0.008907 -0.004479 0.535898 0.106921
-0.004786 0.000105 0.106921 0.046693
30.091459 1.186458 40.232258 1.774473
0.581475 0.114283 -0.021247 -0.005974
0.114283 0.048317 -0.005637 -0.000076
-0.021247 -0.005637 0.540895 0.108652
-0.005974 -0.000076 0.108652 0.047106
31.066431 1.261538 41.522346 1.855406
0.608592 0.120041 -0.034806 -0.007494
0.120041 0.049443 -0.007147 -0.000358
-0.034806 -0.007147 0.557238 0.112389
-0.007494 -0.000358 0.112389 0.047860
31.755843 1.272979 42.372850 1.839895
0.618803 0.121843 -0.051094 -0.009604
0.121843 0.049678 -0.009254 -0.000774
-0.051094 -0.009254 0.558851 0.112708
-0.009604 -0.000774 0.112708 0.047841
32.528878 1.300746 43.567504 1.895759
0.635351 0.124681 -0.068632 -0.011944
0.124681 0.050100 -0.011581 -0.001236
-0.068632 -0.011581 0.569758 0.114806
-0.011944 -0.001236 0.114806 0.048178
31.914778 1.050205 43.959966 1.777709
0.610630 0.119093 -0.098203 -0.016869
0.119093 0.048833 -0.016310 -0.002218
-0.098203 -0.016310 0.565007 0.113444
-0.016869 -0.002218 0.113444 0.047774
32.687521 1.098511 44.812329 1.772113
0.631987 0.123171 -0.107110 -0.017104
0.123171 0.049603 -0.016742 -0.002235
-0.107110 -0.016742 0.566242 0.113502
-0.017104 -0.002235 0.113502 0.047719
33.451287 1.138603 45.495522 1.733091
0.651421 0.126464 -0.117473 -0.017836
0.126464 0.050148 -0.017675 -0.002403
-0.117473 -0.017675 0.564089 0.112832
-0.017836 -0.002403 0.112832 0.047518
34.070365 1.152935 46.779808 1.818042
0.678625 0.130883 -0.136936 -0.020455
0.130883 0.050859 -0.020285 -0.002921
-0.136936 -0.020285 0.581391 0.116038
-0.020455 -0.002921 0.116038 0.048096
34.792660 1.178434 47.466923 1.775030
0.692237 0.132397 -0.148085 -0.021489
0.132397 0.050981 -0.021483 -0.003173
-0.148085 -0.021483 0.576953 0.114634
-0.021489 -0.003173 0.114634 0.047713
