0.957727 1.345194 0.711561 -0.607416
2.256859 0.902763 -0.328132 -0.131256
0.902763 80.365180 -0.131256 -0.052503
-0.328132 -0.131256 4.164155 1.665698
-0.131256 -0.052503 1.665698 80.670360
3.570343 4.825860 2.383507 2.635957
2.929285 5.134939 -1.643755 -2.580068
5.134939 16.752135 -2.846498 -5.335287
-1.643755 -2.846498 2.263061 3.614424
-2.580068 -5.335287 3.614424 18.574868
5.113934 3.815428 3.570288 2.297631
2.458666 2.771660 -0.518889 -0.225350
2.771660 4.925731 -0.387694 -0.552017
-0.518889 -0.387694 2.149608 2.757635
-0.225350 -0.552017 2.757635 6.050290
6.288703 3.220165 4.752248 2.285250
2.025729 1.639563 -0.394380 -0.241188
1.639563 2.014179 -0.279768 -0.411460
-0.394380 -0.279768 2.194408 1.973180
-0.241188 -0.411460 1.973180 2.603984
8.500284 3.602804 5.099246 1.752334
1.369016 0.869678 -0.481985 -0.305905
0.869678 0.889957 -0.307920 -0.320223
-0.481985 -0.307920 2.073945 1.407441
-0.305905 -0.320223 1.407441 1.335694
9.522253 3.186507 5.883041 1.699635
1.167353 0.624053 -0.429198 -0.230325
0.624053 0.525118 -0.231151 -0.193248
-0.429198 -0.231151 1.862655 1.013651
-0.230325 -0.193248 1.013651 0.762247
10.363065 2.839368 6.122015 1.423956
0.923980 0.426603 -0.403514 -0.185825
0.426603 0.317171 -0.186722 -0.127929
-0.403514 -0.186722 1.668803 0.759576
-0.185825 -0.127929 0.759576 0.477593
9.816187 2.032354 7.314202 1.620837
0.627275 0.257066 -0.339414 -0.135650
0.257066 0.187069 -0.136827 -0.081877
-0.339414 -0.136827 1.400955 0.549565
-0.135650 -0.081877 0.549565 0.306021
10.580280 1.944527 9.612224 2.136655
0.681453 0.257777 -0.292884 -0.104957
0.257777 0.156659 -0.105142 -0.056255
-0.292884 -0.105142 1.160623 0.402957
-0.104957 -0.056255 0.402957 0.206586
11.556288 1.946754 10.833695 2.184581
0.711327 0.245436 -0.254791 -0.082748
0.245436 0.130052 -0.082290 -0.039910
-0.254791 -0.082290 1.020306 0.320472
-0.082748 -0.039910 0.320472 0.152826
12.516407 1.937339 11.007354 1.920105
0.723912 0.227928 -0.267140 -0.078899
0.227928 0.108627 -0.079272 -0.033066
-0.267140 -0.079272 0.951074 0.274583
-0.078899 -0.033066 0.274583 0.122185
12.701005 1.710369 12.247905 1.995622
0.733749 0.212471 -0.251111 -0.067619
0.212471 0.093083 -0.067982 -0.025579
-0.251111 -0.067982 0.870917 0.233513
-0.067619 -0.025579 0.233513 0.099459
13.610834 1.721615 12.692588 1.856148
0.689157 0.185019 -0.216637 -0.053473
0.185019 0.077905 -0.053564 -0.018843
-0.216637 -0.053564 0.787612 0.198360
-0.053473 -0.018843 0.198360 0.082772
14.325040 1.680563 13.057644 1.720361
0.674178 0.169931 -0.192371 -0.043848
0.169931 0.068992 -0.043742 -0.014414
-0.192371 -0.043742 0.755007 0.180722
-0.043848 -0.014414 0.180722 0.073357
15.038727 1.654864 14.591753 1.874949
0.622116 0.148633 -0.151225 -0.031821
0.148633 0.060402 -0.031691 -0.010255
-0.151225 -0.031691 0.664642 0.152331
-0.031821 -0.010255 0.152331 0.063177
15.708954 1.615914 15.156906 1.790821
0.608656 0.139481 -0.133066 -0.026241
0.139481 0.056110 -0.026080 -0.008088
-0.133066 -0.026080 0.642673 0.142887
-0.026241 -0.008088 0.142887 0.058788
16.593606 1.633486 16.118332 1.805704
0.582427 0.128958 -0.116686 -0.021720
0.128958 0.052296 -0.021597 -0.006484
-0.116686 -0.021597 0.607276 0.131652
-0.021720 -0.006484 0.131652 0.054712
17.331462 1.615310 16.879067 1.774731
0.565170 0.122131 -0.078777 -0.012964
0.122131 0.049954 -0.012793 -0.004141
-0.078777 -0.012793 0.584814 0.124667
-0.012964 -0.004141 0.124667 0.052175
18.005155 1.588181 17.970872 1.817019
0.569663 0.120798 -0.060653 -0.009116
0.120798 0.049129 -0.009005 -0.003083
-0.060653 -0.009005 0.580372 0.122117
-0.009116 -0.003083 0.122117 0.050904
18.651886 1.560814 19.467597 1.938827
0.564575 0.117821 -0.038776 -0.004842
0.117821 0.048143 -0.004806 -0.002051
-0.038776 -0.004806 0.563667 0.117313
-0.004842 -0.002051 0.117313 0.049368
18.808918 1.430213 20.013351 1.848302
0.545037 0.112194 -0.052878 -0.008382
0.112194 0.046746 -0.008371 -0.002721
-0.052878 -0.008371 0.538592 0.111125
-0.008382 -0.002721 0.111125 0.047714
19.881701 1.501759 20.553347 1.770710
0.510735 0.104471 -0.030935 -0.004068
0.104471 0.045146 -0.004068 -0.001700
-0.030935 -0.004068 0.508509 0.104710
-0.004068 -0.001700 0.104710 0.046240
19.883750 1.348668 21.522238 1.785103
0.510144 0.104453 -0.014285 -0.000996
0.104453 0.045277 -0.001041 -0.000990
-0.014285 -0.001041 0.503669 0.104044
-0.000996 -0.000990 0.104044 0.046081
21.225707 1.485466 22.396540 1.783168
0.489124 0.100229 -0.011119 -0.000952
0.100229 0.044516 -0.000980 -0.000952
-0.011119 -0.000980 0.487558 0.100980
-0.000952 -0.000952 0.100980 0.045415
21.524743 1.394744 23.654344 1.858561
0.493400 0.101609 -0.005458 -0.000202
0.101609 0.044960 -0.000235 -0.000740
-0.005458 -0.000235 0.493242 0.102664
-0.000202 -0.000740 0.102664 0.045781
22.176246 1.385601 24.918183 1.928317
0.480720 0.099310 -0.012546 -0.002102
0.099310 0.044581 -0.002108 -0.001082
-0.012546 -0.002108 0.485070 0.101196
-0.002102 -0.001082 0.101196 0.045436
22.756586 1.362086 25.671126 1.884016
0.483123 0.100333 -0.002906 -0.000216
0.100333 0.044906 -0.000236 -0.000595
-0.002906 -0.000236 0.488141 0.102171
-0.000216 -0.000595 0.102171 0.045625
23.388572 1.351800 26.369292 1.832882
0.487938 0.101702 0.004110 0.001005
0.101702 0.045252 0.000980 -0.000284
0.004110 0.000980 0.493345 0.103428
0.001005 -0.000284 0.103428 0.045845
23.963951 1.330743 27.473243 1.872225
0.502238 0.104873 0.017174 0.003440
0.104873 0.045927 0.003407 0.000261
0.017174 0.003407 0.513270 0.107600
0.003440 0.000261 0.107600 0.046651
24.153998 1.231262 28.687276 1.930845
0.476584 0.099396 0.007111 0.000911
0.099396 0.044738 0.000867 -0.000261
0.007111 0.000867 0.504988 0.105465
0.000911 -0.000261 0.105465 0.046075
24.824674 1.242801 29.643225 1.928788
0.482905 0.101117 -0.004582 -0.001673
0.101117 0.045156 -0.001724 -0.000741
-0.004582 -0.001724 0.514630 0.107304
-0.001673 -0.000741 0.107304 0.046398
25.031861 1.155920 30.617532 1.931335
0.475203 0.099669 -0.007348 -0.002085
0.099669 0.044855 -0.002145 -0.000722
-0.007348 -0.002145 0.518222 0.107704
-0.002085 -0.000722 0.107704 0.046401
25.720182 1.178740 32.101971 2.038712
0.470281 0.098913 -0.018676 -0.004228
0.098913 0.044718 -0.004327 -0.001081
-0.018676 -0.004327 0.532891 0.110400
-0.004228 -0.001081 0.110400 0.046896
26.577204 1.235204 33.131446 2.040806
0.466548 0.098421 -0.022909 -0.004708
0.098421 0.044634 -0.004807 -0.001069
-0.022909 -0.004807 0.536136 0.110509
-0.004708 -0.001069 0.110509 0.046827
27.593345 1.319825 34.474638 2.107390
0.442055 0.093519 -0.036799 -0.007176
0.093519 0.043608 -0.007321 -0.001499
-0.036799 -0.007321 0.539154 0.110617
-0.007176 -0.001499 0.110617 0.046786
28.004133 1.266882 35.623343 2.126291
0.422893 0.090124 -0.042824 -0.007862
0.090124 0.042965 -0.007983 -0.001538
-0.042824 -0.007983 0.542470 0.110843
-0.007862 -0.001538 0.110843 0.046793
28.420995 1.220646 36.823112 2.153404
0.415147 0.089358 -0.047706 -0.008305
0.089358 0.042899 -0.008402 -0.001547
-0.047706 -0.008402 0.551851 0.112346
-0.008305 -0.001547 0.112346 0.047076
29.280378 1.275331 37.993925 2.173674
0.403858 0.087711 -0.055838 -0.009473
0.087711 0.042594 -0.009568 -0.001739
-0.055838 -0.009568 0.562445 0.113992
-0.009473 -0.001739 0.113992 0.047373
30.264263 1.347610 38.411087 2.040249
0.404598 0.088741 -0.054933 -0.008724
0.088741 0.042867 -0.008857 -0.001546
-0.054933 -0.008857 0.550861 0.111110
-0.008724 -0.001546 0.111110 0.046755
30.672944 1.288152 39.332671 2.018526
0.424371 0.093683 -0.061244 -0.009467
0.093683 0.043932 -0.009776 -0.001697
-0.061244 -0.009776 0.559160 0.112542
-0.009467 -0.001697 0.112542 0.047069
30.839793 1.179164 39.929012 1.931624
0.394725 0.087125 -0.056717 -0.008410
0.087125 0.042345 -0.008375 -0.001472
-0.056717 -0.008375 0.554339 0.111321
-0.008410 -0.001472 0.111321 0.046841
31.712135 1.238791 40.461136 1.846584
0.400159 0.089009 -0.045151 -0.005812
0.089009 0.042786 -0.005670 -0.000947
-0.045151 -0.005670 0.542739 0.108955
-0.005812 -0.000947 0.108955 0.046423
31.761957 1.114271 41.767267 1.919197
0.408916 0.091235 -0.045121 -0.005809
0.091235 0.043216 -0.005663 -0.001015
-0.045121 -0.005663 0.555499 0.111645
-0.005809 -0.001015 0.111645 0.047036
31.977541 1.039224 42.910087 1.953440
0.423011 0.094347 -0.046391 -0.006053
0.094347 0.043796 -0.006047 -0.001143
-0.046391 -0.006047 0.559136 0.112245
-0.006053 -0.001143 0.112245 0.047171
32.062243 0.935054 42.929345 1.757610
0.433514 0.096324 -0.045039 -0.005795
0.096324 0.044080 -0.006077 -0.001194
-0.045039 -0.006077 0.527616 0.105771
-0.005795 -0.001194 0.105771 0.045881
32.729319 0.976096 43.369061 1.670382
0.432941 0.095761 -0.028914 -0.002669
0.095761 0.043821 -0.002708 -0.000567
-0.028914 -0.002708 0.509058 0.102611
-0.002669 -0.000567 0.102611 0.045384
33.194617 0.973030 44.507706 1.731934
0.453832 0.099918 -0.028738 -0.002901
0.099918 0.044629 -0.003033 -0.000699
-0.028738 -0.003033 0.513838 0.104289
-0.002901 -0.000699 0.104289 0.045857
33.975588 1.039396 45.716470 1.803633
0.477795 0.104387 -0.022930 -0.001927
0.104387 0.045459 -0.002119 -0.000551
-0.022930 -0.002119 0.508344 0.103675
-0.001927 -0.000551 0.103675 0.045802
34.940683 1.135618 46.591918 1.800432
0.503921 0.108932 -0.016176 -0.000821
0.108932 0.046261 -0.001140 -0.000390
-0.016176 -0.001140 0.485098 0.099407
-0.000821 -0.000390 0.099407 0.044980
35.916745 1.223325 47.634136 1.831448
0.529491 0.112983 -0.011294 -0.000173
0.112983 0.046924 -0.000603 -0.000322
-0.011294 -0.000603 0.459029 0.094827
-0.000173 -0.000322 0.094827 0.044131
