1.516064 1.568533 3.139809 0.363903
2.004351 0.801758 1.440775 0.576322
0.801758 80.324777 0.576322 0.230534
1.440775 0.576322 4.907344 1.962980
0.576322 0.230534 1.962980 80.789276
4.403771 5.523023 1.825331 -2.227226
3.296651 5.989815 -0.495795 -1.150753
5.989815 17.605632 -1.381301 0.900758
-0.495795 -1.381301 4.348454 6.898113
-1.150753 0.900758 6.898113 25.203216
5.968154 4.331434 3.279970 0.554634
2.965934 3.270763 1.221038 1.585318
3.270763 5.199131 1.370394 2.616819
1.221038 1.370394 1.070791 1.287692
1.585318 2.616819 1.287692 5.019019
9.926557 5.690323 3.153741 -0.178463
2.234735 1.735648 0.824995 0.657753
1.735648 1.977368 0.689379 0.852080
0.824995 0.689379 1.854211 2.076685
0.657753 0.852080 2.076685 3.305198
9.689094 3.831057 3.183835 0.124824
1.072832 0.659097 0.656604 0.458719
0.659097 0.722929 0.437688 0.442957
0.656604 0.437688 2.393286 1.890335
0.458719 0.442957 1.890335 1.864784
10.202048 3.085513 3.797857 0.493643
0.894343 0.477738 0.589279 0.330626
0.477738 0.437345 0.319754 0.253290
0.589279 0.319754 2.382836 1.417120
0.330626 0.253290 1.417120 1.033142
11.049182 2.753053 4.797450 0.858774
1.050889 0.495543 0.503669 0.233494
0.495543 0.347527 0.229657 0.151028
0.503669 0.229657 2.160818 1.030277
0.233494 0.151028 1.030277 0.606891
11.548086 2.393891 4.552501 0.589337
1.036957 0.426036 0.386902 0.154716
0.426036 0.252320 0.151085 0.089451
0.386902 0.151085 2.081551 0.831153
0.154716 0.089451 0.831153 0.410703
13.181752 2.545442 7.387918 1.463469
1.031858 0.374295 0.315760 0.112759
0.374295 0.192424 0.109994 0.059233
0.315760 0.109994 1.690231 0.581622
0.112759 0.059233 0.581622 0.258738
12.967348 2.062598 8.002620 1.419592
0.778934 0.252846 0.097512 0.033981
0.252846 0.126504 0.029261 0.024492
0.097512 0.029261 1.431167 0.435211
0.033981 0.024492 0.435211 0.178993
14.060792 2.081466 9.260073 1.570479
0.770839 0.229947 0.096049 0.032958
0.229947 0.105431 0.029454 0.020436
0.096049 0.029454 1.322870 0.364006
0.032958 0.020436 0.364006 0.139417
13.177448 1.547989 8.774871 1.232108
0.631980 0.174344 -0.067305 -0.010897
0.174344 0.080081 -0.016471 0.005248
-0.067305 -0.016471 1.160637 0.291644
-0.010897 0.005248 0.291644 0.107806
13.886343 1.534742 10.189388 1.418970
0.655474 0.171175 -0.017462 0.004185
0.171175 0.073533 0.000507 0.008059
-0.017462 0.000507 1.076107 0.252728
0.004185 0.008059 0.252728 0.090852
14.154906 1.411167 10.879850 1.408196
0.637574 0.157696 -0.020335 0.003878
0.157696 0.065764 0.000656 0.006522
-0.020335 0.000656 0.988674 0.218809
0.003878 0.006522 0.218809 0.077936
14.609955 1.352530 11.674118 1.423968
0.647143 0.152931 -0.001638 0.008110
0.152931 0.061582 0.005591 0.006367
-0.001638 0.005591 0.940454 0.198616
0.008110 0.006367 0.198616 0.070189
14.948747 1.280753 13.140300 1.572970
0.655729 0.148812 0.029359 0.013926
0.148812 0.058406 0.012061 0.006595
0.029359 0.012061 0.864907 0.175933
0.013926 0.006595 0.175933 0.063238
14.908761 1.134865 14.429281 1.664911
0.649962 0.142172 0.035543 0.013787
0.142172 0.055285 0.011994 0.005545
0.035543 0.011994 0.777984 0.153708
0.013787 0.005545 0.153708 0.057344
15.110183 1.058659 15.562754 1.720039
0.665764 0.141279 0.050721 0.015528
0.141279 0.053972 0.014031 0.005147
0.050721 0.014031 0.738306 0.143348
0.015528 0.005147 0.143348 0.054538
16.019929 1.138377 16.823147 1.799134
0.692271 0.143062 0.093869 0.022451
0.143062 0.053532 0.021693 0.005950
0.093869 0.021693 0.738467 0.141948
0.022451 0.005950 0.141948 0.053839
16.916345 1.204096 17.585832 1.774374
0.707548 0.142572 0.114409 0.024329
0.142572 0.052793 0.023885 0.005696
0.114409 0.023885 0.742074 0.141225
0.024329 0.005696 0.141225 0.053353
17.399117 1.180187 18.870558 1.849165
0.706890 0.139289 0.135168 0.026131
0.139289 0.051693 0.025975 0.005524
0.135168 0.025975 0.707517 0.133435
0.026131 0.005524 0.133435 0.051623
18.221807 1.226395 19.483634 1.790058
0.687878 0.133114 0.143602 0.025659
0.133114 0.050242 0.025632 0.005006
0.143602 0.025632 0.678427 0.127430
0.025659 0.005006 0.127430 0.050404
19.032682 1.260600 21.050081 1.915949
0.685950 0.130939 0.182231 0.031097
0.130939 0.049732 0.031307 0.005744
0.182231 0.031307 0.658449 0.123516
0.031097 0.005744 0.123516 0.049653
19.880842 1.298738 22.417357 1.992086
0.708642 0.133998 0.198929 0.031949
0.133998 0.050332 0.032215 0.005563
0.198929 0.032215 0.670738 0.126095
0.031949 0.005563 0.126095 0.050194
20.036829 1.203141 23.549164 2.023729
0.702944 0.131833 0.186929 0.027767
0.131833 0.049964 0.028116 0.004572
0.186929 0.028116 0.654201 0.123161
0.027767 0.004572 0.123161 0.049665
20.493116 1.175386 24.573521 2.028115
0.690765 0.128580 0.192728 0.027706
0.128580 0.049396 0.028054 0.004522
0.192728 0.028054 0.635857 0.119836
0.027706 0.004522 0.119836 0.049034
20.792748 1.124901 25.314283 1.979608
0.675808 0.125464 0.182544 0.024815
0.125464 0.048958 0.025222 0.003989
0.182544 0.025222 0.615247 0.116509
0.024815 0.003989 0.116509 0.048470
20.634279 0.993706 25.956238 1.923958
0.658426 0.122510 0.156595 0.019317
0.122510 0.048630 0.019862 0.003044
0.156595 0.019862 0.593203 0.113335
0.019317 0.003044 0.113335 0.047993
21.294286 1.026110 26.840222 1.905697
0.662239 0.123269 0.165758 0.020956
0.123269 0.048906 0.021393 0.003484
0.165758 0.021393 0.593979 0.114146
0.020956 0.003484 0.114146 0.048174
21.755945 1.012703 27.997450 1.947167
0.674730 0.125926 0.159319 0.019299
0.125926 0.049569 0.019734 0.003230
0.159319 0.019734 0.605205 0.117120
0.019299 0.003230 0.117120 0.048801
22.863584 1.120460 29.363957 2.014315
0.698048 0.130131 0.169468 0.020989
0.130131 0.050407 0.021319 0.003621
0.169468 0.021319 0.626174 0.121343
0.020989 0.003621 0.121343 0.049542
23.686420 1.170291 30.376649 2.010670
0.695063 0.129255 0.165548 0.020285
0.129255 0.050256 0.020552 0.003603
0.165548 0.020552 0.625104 0.121011
0.020285 0.003603 0.121011 0.049360
24.205165 1.156966 31.424061 2.020185
0.679856 0.126374 0.151402 0.017869
0.126374 0.049780 0.017997 0.003262
0.151402 0.017997 0.621455 0.120362
0.017869 0.003262 0.120362 0.049172
24.305198 1.060882 32.752231 2.091307
0.639083 0.118773 0.146112 0.017854
0.118773 0.048420 0.017275 0.003379
0.146112 0.017275 0.622845 0.120585
0.017854 0.003379 0.120585 0.049138
25.168842 1.126962 33.643906 2.055348
0.640399 0.119933 0.134603 0.015820
0.119933 0.048840 0.015625 0.003127
0.134603 0.015625 0.611991 0.118471
0.015820 0.003127 0.118471 0.048690
26.137137 1.203642 34.723843 2.059153
0.652556 0.123134 0.114228 0.012045
0.123134 0.049616 0.012263 0.002517
0.114228 0.012263 0.607901 0.118014
0.012045 0.002517 0.118014 0.048639
27.346480 1.314853 36.106512 2.119680
0.656668 0.124249 0.105569 0.011039
0.124249 0.049870 0.011284 0.002447
0.105569 0.011284 0.610770 0.118743
0.011039 0.002447 0.118743 0.048780
28.673418 1.447891 36.806623 2.039792
0.667704 0.126746 0.083168 0.007259
0.126746 0.050394 0.008017 0.001886
0.083168 0.008017 0.589150 0.114757
0.007259 0.001886 0.114757 0.048021
29.264711 1.425791 37.552429 1.987401
0.653106 0.124216 0.047784 0.001503
0.124216 0.049937 0.002301 0.000925
0.047784 0.002301 0.576868 0.113069
0.001503 0.000925 0.113069 0.047793
29.620148 1.360196 38.269001 1.936235
0.636680 0.121448 0.014957 -0.003406
0.121448 0.049453 -0.002632 0.000149
0.014957 -0.002632 0.569362 0.112307
-0.003406 0.000149 0.112307 0.047729
29.970518 1.295544 39.460527 1.982940
0.621206 0.118915 -0.007304 -0.006044
0.118915 0.049018 -0.005427 -0.000208
-0.007304 -0.005427 0.576734 0.114326
-0.006044 -0.000208 0.114326 0.048173
30.698735 1.310970 40.458556 1.983862
0.617975 0.118808 -0.020868 -0.007055
0.118808 0.049053 -0.006471 -0.000273
-0.020868 -0.006471 0.574264 0.114051
-0.007055 -0.000273 0.114051 0.048095
31.055399 1.253419 41.408066 1.976103
0.612377 0.118173 -0.042268 -0.009779
0.118173 0.048964 -0.009188 -0.000727
-0.042268 -0.009188 0.574067 0.114200
-0.009779 -0.000727 0.114200 0.048102
31.776400 1.271468 42.101880 1.917544
0.617982 0.119649 -0.055787 -0.010943
0.119649 0.049266 -0.010396 -0.000901
-0.055787 -0.010396 0.565301 0.112540
-0.010943 -0.000901 0.112540 0.047734
32.640319 1.316221 43.203353 1.946625
0.633917 0.122904 -0.070645 -0.012483
0.122904 0.049867 -0.011981 -0.001186
-0.070645 -0.011981 0.570477 0.113740
-0.012483 -0.001186 0.113740 0.047955
33.018113 1.260839 43.995735 1.909134
0.635602 0.122998 -0.090841 -0.015230
0.122998 0.049789 -0.014716 -0.001735
-0.090841 -0.014716 0.569719 0.113546
-0.015230 -0.001735 0.113546 0.047860
33.315292 1.191723 44.351475 1.786853
0.630825 0.121821 -0.105146 -0.016825
0.121821 0.049473 -0.016370 -0.002077
-0.105146 -0.016370 0.558188 0.111180
-0.016825 -0.002077 0.111180 0.047333
34.314664 1.270051 45.224083 1.786218
0.656847 0.126732 -0.116444 -0.017649
0.126732 0.050372 -0.017392 -0.002259
-0.116444 -0.017392 0.562450 0.112166
-0.017649 -0.002259 0.112166 0.047519
35.434654 1.362929 46.001767 1.768022
0.685796 0.131706 -0.130176 -0.019063
0.131706 0.051200 -0.019018 -0.002585
-0.130176 -0.019018 0.565617 0.112749
-0.019063 -0.002585 0.112749 0.047588
36.310491 1.403318 47.113955 1.816460
0.713638 0.135911 -0.152598 -0.022308
0.135911 0.051803 -0.022198 -0.003237
-0.152598 -0.022198 0.581926 0.115782
-0.022308 -0.003237 0.115782 0.048116
