2.294426 1.879885 5.411354 1.272541
1.639713 0.655899 1.433970 0.573600
0.655899 80.266432 0.573600 0.229445
1.433970 0.573600 4.120966 1.648422
0.573600 0.229445 1.648422 80.663450
5.879532 7.104934 2.945041 -4.095334
2.647541 4.782927 0.631675 0.711936
4.782927 14.204551 0.607216 4.402610
0.631675 0.607216 4.616397 7.440862
0.711936 4.402610 7.440862 24.426945
7.064712 4.549297 0.912701 -4.150931
3.086016 3.344919 1.053956 1.230268
3.344919 4.967410 1.175865 2.382251
1.053956 1.175865 3.050060 3.320322
1.230268 2.382251 3.320322 6.769930
7.576360 3.326592 2.276978 -1.311784
2.490796 1.903123 1.300853 1.096835
1.903123 1.992040 1.014493 1.232081
1.300853 1.014493 1.400453 1.170707
1.096835 1.232081 1.170707 2.175211
7.033680 2.087446 2.665023 -0.294123
1.323821 0.797173 1.125087 0.785624
0.797173 0.756585 0.695156 0.663212
1.125087 0.695156 1.533665 1.128045
0.785624 0.663212 1.128045 1.356123
8.223058 2.155058 3.679439 0.477928
1.285762 0.656024 0.939299 0.491997
0.656024 0.497013 0.473882 0.346857
0.939299 0.473882 1.531099 0.933051
0.491997 0.346857 0.933051 0.838393
9.242024 2.126346 4.214723 0.646176
1.317622 0.579309 0.765716 0.315902
0.579309 0.359654 0.326171 0.196071
0.765716 0.326171 1.614027 0.828657
0.315902 0.196071 0.828657 0.582069
10.168662 2.071228 4.997518 0.862933
1.193014 0.457202 0.547403 0.187200
0.457202 0.248906 0.202483 0.110828
0.547403 0.202483 1.615929 0.708193
0.187200 0.110828 0.708193 0.410726
11.134201 2.042969 7.622949 1.714642
0.945126 0.321864 0.310604 0.089639
0.321864 0.165145 0.103205 0.059392
0.310604 0.103205 1.399454 0.531765
0.089639 0.059392 0.531765 0.272379
11.750371 1.918209 9.126150 1.940484
0.838542 0.259809 0.153534 0.036942
0.259809 0.124882 0.048961 0.033597
0.153534 0.048961 1.249106 0.419980
0.036942 0.033597 0.419980 0.194511
12.099915 1.746931 10.750572 2.142927
0.842303 0.240916 0.099805 0.024044
0.240916 0.106166 0.033360 0.024396
0.099805 0.033360 1.150873 0.347576
0.024044 0.024396 0.347576 0.148003
13.002739 1.754741 11.825880 2.143964
0.871202 0.231683 0.103979 0.027986
0.231683 0.094241 0.034907 0.021510
0.103979 0.034907 1.141935 0.314374
0.027986 0.021510 0.314374 0.123145
13.751358 1.718285 12.267500 1.983931
0.826583 0.205148 0.064880 0.018689
0.205148 0.080535 0.023784 0.015764
0.064880 0.023784 1.063444 0.269566
0.018689 0.015764 0.269566 0.100825
14.103952 1.597927 13.009048 1.922252
0.775714 0.181590 0.034961 0.012168
0.181590 0.070199 0.015659 0.011656
0.034961 0.015659 0.958198 0.226408
0.012168 0.011656 0.226408 0.083365
14.298019 1.460802 13.701254 1.858267
0.749979 0.167413 0.017880 0.008943
0.167413 0.063846 0.011289 0.009048
0.017880 0.011289 0.886074 0.197779
0.008943 0.009048 0.197779 0.072342
14.605244 1.366578 14.224065 1.768477
0.727422 0.156152 0.010827 0.007775
0.156152 0.059258 0.009355 0.007337
0.010827 0.009355 0.831673 0.177357
0.007775 0.007337 0.177357 0.064970
15.438422 1.404321 15.892349 1.930889
0.705774 0.147262 0.064058 0.018731
0.147262 0.056047 0.019717 0.008400
0.064058 0.019717 0.762328 0.157271
0.018731 0.008400 0.157271 0.058959
15.805280 1.334816 16.645083 1.885993
0.675697 0.137497 0.064742 0.017508
0.137497 0.053088 0.018082 0.006969
0.064742 0.018082 0.701201 0.141032
0.017508 0.006969 0.141032 0.054505
16.692778 1.378741 17.597942 1.889098
0.691654 0.138375 0.091393 0.021686
0.138375 0.052727 0.022163 0.006945
0.091393 0.022163 0.708787 0.140447
0.021686 0.006945 0.140447 0.053765
17.415680 1.386275 18.811870 1.941705
0.703034 0.138404 0.117956 0.025268
0.138404 0.052312 0.025634 0.006855
0.117956 0.025634 0.701675 0.137131
0.025268 0.006855 0.137131 0.052636
18.223543 1.408627 19.893358 1.963158
0.692984 0.134428 0.142225 0.028009
0.134428 0.051231 0.028307 0.006685
0.142225 0.028307 0.677407 0.130911
0.028009 0.006685 0.130911 0.051112
18.983796 1.418696 21.269764 2.039014
0.695891 0.133474 0.169679 0.031196
0.133474 0.050884 0.031463 0.006707
0.169679 0.031463 0.665698 0.127740
0.031196 0.006707 0.127740 0.050344
19.580573 1.395927 22.541170 2.088100
0.709257 0.134805 0.176854 0.030284
0.134805 0.051053 0.030561 0.006022
0.176854 0.030561 0.666696 0.127399
0.030284 0.006022 0.127399 0.050215
20.312322 1.401522 23.694594 2.108893
0.717742 0.135235 0.181558 0.029177
0.135235 0.051070 0.029467 0.005444
0.181558 0.029467 0.666174 0.126840
0.029177 0.005444 0.126840 0.050064
20.537632 1.311118 24.779882 2.119780
0.698674 0.130599 0.180408 0.027506
0.130599 0.050159 0.027781 0.004921
0.180408 0.027781 0.642972 0.122043
0.027506 0.004921 0.122043 0.049120
20.607738 1.195632 26.225037 2.201636
0.676569 0.125719 0.196538 0.029571
0.125719 0.049258 0.029654 0.005198
0.196538 0.029654 0.626329 0.118723
0.029571 0.005198 0.118723 0.048489
20.923520 1.148307 26.892643 2.121433
0.648370 0.120288 0.202486 0.029789
0.120288 0.048343 0.029831 0.005192
0.202486 0.029831 0.597260 0.113351
0.029789 0.005192 0.113351 0.047510
21.731123 1.187147 28.298861 2.185431
0.665917 0.124061 0.208051 0.029365
0.124061 0.049245 0.029413 0.004977
0.208051 0.029413 0.612711 0.117090
0.029365 0.004977 0.117090 0.048373
22.573208 1.228682 29.723999 2.246531
0.677637 0.126488 0.205977 0.027778
0.126488 0.049811 0.027828 0.004621
0.205977 0.027828 0.624807 0.119868
0.027778 0.004621 0.119868 0.048961
22.671768 1.146340 29.995704 2.087916
0.649674 0.121752 0.168277 0.020245
0.121752 0.049052 0.020652 0.003363
0.168277 0.020652 0.589333 0.113595
0.020245 0.003363 0.113595 0.047806
23.651402 1.223740 31.091532 2.090034
0.665460 0.125224 0.159916 0.018416
0.125224 0.049815 0.018975 0.003145
0.159916 0.018975 0.596677 0.115703
0.018416 0.003145 0.115703 0.048284
23.632385 1.100183 32.238813 2.122845
0.635457 0.119754 0.139760 0.015386
0.119754 0.048820 0.015399 0.002740
0.139760 0.015399 0.596146 0.116192
0.015386 0.002740 0.116192 0.048406
24.235105 1.118145 32.876039 2.037270
0.641142 0.121686 0.115711 0.011117
0.121686 0.049332 0.011613 0.002154
0.115711 0.011613 0.583823 0.114268
0.011117 0.002154 0.114268 0.048051
25.353047 1.218301 34.355495 2.119633
0.661185 0.125819 0.109561 0.010549
0.125819 0.050154 0.011054 0.002200
0.109561 0.011054 0.600485 0.117904
0.010549 0.002200 0.117904 0.048763
25.903968 1.208773 35.304832 2.098559
0.653581 0.124520 0.084727 0.006721
0.124520 0.049910 0.007274 0.001658
0.084727 0.007274 0.593974 0.116840
0.006721 0.001658 0.116840 0.048529
25.782886 1.073637 36.035731 2.045205
0.615448 0.117452 0.058263 0.003208
0.117452 0.048580 0.003477 0.001191
0.058263 0.003477 0.581537 0.114659
0.003208 0.001191 0.114659 0.048090
26.380837 1.087791 36.844538 2.002073
0.615192 0.118072 0.044971 0.001925
0.118072 0.048797 0.002294 0.001122
0.044971 0.002294 0.574729 0.113567
0.001925 0.001122 0.113567 0.047874
26.805480 1.068898 37.383399 1.911367
0.621035 0.119827 0.021404 -0.001512
0.119827 0.049213 -0.000929 0.000592
0.021404 -0.000929 0.563565 0.111756
-0.001512 0.000592 0.111756 0.047547
27.442402 1.093024 37.692133 1.781828
0.619073 0.119712 0.011917 -0.001952
0.119712 0.049192 -0.001334 0.000634
0.011917 -0.001334 0.548019 0.109040
-0.001952 0.000634 0.109040 0.047029
28.105077 1.115532 38.582875 1.781219
0.626125 0.121311 0.000632 -0.002974
0.121311 0.049500 -0.002391 0.000479
0.000632 -0.002391 0.553557 0.110716
-0.002974 0.000479 0.110716 0.047418
28.848446 1.152321 39.159261 1.717634
0.634032 0.122883 -0.011215 -0.004207
0.122883 0.049771 -0.003617 0.000261
-0.011215 -0.003617 0.549699 0.110267
-0.004207 0.000261 0.110267 0.047327
28.594177 0.991745 39.817098 1.678354
0.604597 0.117058 -0.029956 -0.006846
0.117058 0.048587 -0.006267 -0.000255
-0.029956 -0.006267 0.551570 0.110943
-0.006846 -0.000255 0.110943 0.047457
29.233945 1.020265 41.192579 1.786473
0.620860 0.120575 -0.039982 -0.007721
0.120575 0.049307 -0.007167 -0.000422
-0.039982 -0.007167 0.570359 0.114881
-0.007721 -0.000422 0.114881 0.048218
30.057375 1.081242 42.113686 1.792756
0.634095 0.123135 -0.047621 -0.008209
0.123135 0.049768 -0.007735 -0.000545
-0.047621 -0.007735 0.570241 0.114600
-0.008209 -0.000545 0.114600 0.048060
31.046626 1.167680 42.848370 1.761854
0.656418 0.127189 -0.059135 -0.009566
0.127189 0.050477 -0.009199 -0.000862
-0.059135 -0.009199 0.565684 0.113433
-0.009566 -0.000862 0.113433 0.047743
31.739726 1.188117 43.598898 1.736185
0.671302 0.129393 -0.077832 -0.012424
0.129393 0.050768 -0.012055 -0.001465
-0.077832 -0.012055 0.565703 0.113251
-0.012424 -0.001465 0.113251 0.047649
32.009449 1.124248 44.250826 1.690759
0.657513 0.125935 -0.092072 -0.014447
0.125935 0.049969 -0.013961 -0.001886
-0.092072 -0.013961 0.562691 0.112480
-0.014447 -0.001886 0.112480 0.047449
32.944370 1.196295 45.145739 1.703568
0.690708 0.131837 -0.110335 -0.016919
0.131837 0.051048 -0.016557 -0.002374
-0.110335 -0.016557 0.569379 0.113679
-0.016919 -0.002374 0.113679 0.047655
33.779285 1.242118 46.053799 1.717039
0.706901 0.133995 -0.125399 -0.018818
0.133995 0.051333 -0.018475 -0.002744
-0.125399 -0.018475 0.574071 0.114368
-0.018818 -0.002744 0.114368 0.047742
34.279830 1.218255 46.827057 1.698624
0.705846 0.132745 -0.140390 -0.020867
0.132745 0.050968 -0.020398 -0.003149
-0.140390 -0.020398 0.575290 0.114283
-0.020867 -0.003149 0.114283 0.047663
