2.546934 1.980890 3.035533 0.322192
0.881813 0.352733 0.813636 0.325461
0.352733 80.145163 0.325461 0.130187
0.813636 0.325461 2.716363 1.086569
0.325461 0.130187 1.086569 80.438704
3.913295 2.716183 2.946461 -0.139832
3.085429 5.960122 -1.079307 -2.106016
5.960122 14.706517 -2.296476 -1.867804
-1.079307 -2.296476 3.125558 5.493954
-2.106016 -1.867804 5.493954 18.637355
6.074292 3.603258 3.464166 0.610425
2.601941 2.743372 -0.408082 -0.212072
2.743372 3.635358 -0.345057 0.396869
-0.408082 -0.345057 1.564224 1.748255
-0.212072 0.396869 1.748255 3.982769
7.826472 3.597302 4.228438 1.010055
1.904591 1.385388 -0.237541 -0.055728
1.385388 1.309087 -0.058296 0.219121
-0.237541 -0.058296 1.757278 1.525904
-0.055728 0.219121 1.525904 2.036968
7.789701 2.577573 5.176303 1.199526
0.664745 0.374657 -0.052332 0.004307
0.374657 0.368601 0.056634 0.123397
-0.052332 0.056634 1.747907 1.176609
0.004307 0.123397 1.176609 1.115006
7.699818 1.852191 4.553182 0.462840
0.427165 0.203793 -0.210668 -0.091011
0.203793 0.191503 -0.045119 0.015634
-0.210668 -0.045119 1.661976 0.888624
-0.091011 0.015634 0.888624 0.652995
7.773413 1.491636 5.652604 0.804916
0.432304 0.193367 -0.115411 -0.025915
0.193367 0.148515 -0.006641 0.022974
-0.115411 -0.006641 1.418150 0.637259
-0.025915 0.022974 0.637259 0.398388
9.599906 1.968807 7.338857 1.364691
0.503763 0.203286 -0.131676 -0.025065
0.203286 0.125904 -0.021628 0.009151
-0.131676 -0.021628 1.235737 0.477138
-0.025065 0.009151 0.477138 0.261586
9.396347 1.532382 7.974463 1.296427
0.445402 0.157211 -0.275695 -0.075934
0.157211 0.089123 -0.079327 -0.017246
-0.275695 -0.079327 0.992364 0.331523
-0.075934 -0.017246 0.331523 0.168015
9.381966 1.259331 8.259873 1.145352
0.449987 0.145097 -0.298734 -0.073969
0.145097 0.074689 -0.080688 -0.017617
-0.298734 -0.080688 0.843338 0.253654
-0.073969 -0.017617 0.253654 0.121773
9.461192 1.069412 8.244904 0.944215
0.443814 0.131584 -0.317341 -0.072390
0.131584 0.063479 -0.080172 -0.017399
-0.317341 -0.080172 0.737855 0.203249
-0.072390 -0.017399 0.203249 0.093914
9.722035 1.005124 9.281035 1.089004
0.493867 0.138471 -0.296885 -0.057717
0.138471 0.061392 -0.065772 -0.012257
-0.296885 -0.065772 0.736708 0.192336
-0.057717 -0.012257 0.192336 0.083455
10.456834 1.074869 9.975846 1.140804
0.518888 0.137512 -0.255018 -0.041895
0.137512 0.057871 -0.049298 -0.007885
-0.255018 -0.049298 0.715061 0.177922
-0.041895 -0.007885 0.177922 0.074250
10.983950 1.101508 11.564751 1.397250
0.531354 0.133794 -0.202950 -0.027060
0.133794 0.054505 -0.034363 -0.004662
-0.202950 -0.034363 0.658417 0.156866
-0.027060 -0.004662 0.156866 0.065111
11.869798 1.187292 12.368310 1.435833
0.534699 0.127789 -0.184127 -0.022960
0.127789 0.051136 -0.029553 -0.004321
-0.184127 -0.029553 0.622115 0.142236
-0.022960 -0.004321 0.142236 0.058722
11.959131 1.074257 13.344942 1.477918
0.539397 0.123541 -0.163688 -0.018869
0.123541 0.048955 -0.025106 -0.003886
-0.163688 -0.025106 0.579508 0.128281
-0.018869 -0.003886 0.128281 0.053634
12.915260 1.173299 14.273494 1.533640
0.528454 0.117178 -0.126192 -0.011828
0.117178 0.046892 -0.016877 -0.002604
-0.126192 -0.016877 0.554533 0.120687
-0.011828 -0.002604 0.120687 0.050900
13.506511 1.176406 15.152695 1.558455
0.548728 0.118485 -0.110829 -0.009425
0.118485 0.046835 -0.013794 -0.002277
-0.110829 -0.013794 0.565799 0.121287
-0.009425 -0.002277 0.121287 0.050267
14.975836 1.372478 16.413882 1.682707
0.518934 0.109641 -0.076071 -0.004221
0.109641 0.044794 -0.007605 -0.001485
-0.076071 -0.007605 0.533455 0.112938
-0.004221 -0.001485 0.112938 0.047946
16.831783 1.619763 17.380998 1.732244
0.496035 0.103486 -0.048280 -0.000551
0.103486 0.043609 -0.003041 -0.000941
-0.048280 -0.003041 0.522715 0.109956
-0.000551 -0.000941 0.109956 0.047048
17.581893 1.617290 19.170751 1.925413
0.489182 0.101381 -0.036288 0.000023
0.101381 0.043389 -0.002191 -0.001057
-0.036288 -0.002191 0.496753 0.103827
0.000023 -0.001057 0.103827 0.045570
18.262103 1.590208 20.075117 1.911613
0.487625 0.100819 -0.020196 0.001748
0.100819 0.043543 -0.000122 -0.000801
-0.020196 -0.000122 0.489994 0.102428
0.001748 -0.000801 0.102428 0.045268
19.120815 1.601011 20.629153 1.828073
0.485242 0.100143 -0.025056 -0.000838
0.100143 0.043634 -0.002335 -0.001396
-0.025056 -0.002335 0.487437 0.101826
-0.000838 -0.001396 0.101826 0.045122
19.727963 1.562282 21.834394 1.887709
0.456252 0.094307 0.002823 0.003737
0.094307 0.042684 0.002504 -0.000436
0.002823 0.002504 0.453472 0.094963
0.003737 -0.000436 0.094963 0.043736
19.454594 1.342995 22.869321 1.902619
0.455204 0.094750 0.007440 0.003424
0.094750 0.043075 0.002404 -0.000501
0.007440 0.002404 0.446739 0.094246
0.003424 -0.000501 0.094246 0.043709
20.197443 1.357947 24.128556 1.968159
0.453559 0.095003 -0.002422 0.000294
0.095003 0.043355 -0.000499 -0.001105
-0.002422 -0.000499 0.448267 0.095222
0.000294 -0.001105 0.095222 0.044003
20.823152 1.346206 25.738537 2.101760
0.437661 0.092177 0.022640 0.005099
0.092177 0.042925 0.004403 0.000044
0.022640 0.004403 0.440575 0.094079
0.005099 0.000044 0.094079 0.043798
21.729014 1.395528 26.843640 2.113077
0.443800 0.094303 0.001589 -0.000285
0.094303 0.043564 -0.000821 -0.001054
0.001589 -0.000821 0.452480 0.097175
-0.000285 -0.001054 0.097175 0.044499
22.401876 1.389492 28.166614 2.170413
0.450207 0.096139 0.004084 0.000077
0.096139 0.044035 -0.000391 -0.000810
0.004084 -0.000391 0.468708 0.100780
0.000077 -0.000810 0.100780 0.045219
23.163158 1.403513 29.333477 2.187791
0.459760 0.098434 -0.000427 -0.001021
0.098434 0.044546 -0.001423 -0.000902
-0.000427 -0.001423 0.485794 0.104185
-0.001021 -0.000902 0.104185 0.045834
24.081857 1.449971 30.418458 2.185482
0.465202 0.099592 -0.007040 -0.002377
0.099592 0.044761 -0.002727 -0.001042
-0.007040 -0.002727 0.498554 0.106333
-0.002377 -0.001042 0.106333 0.046140
24.383796 1.359444 31.565975 2.197678
0.457844 0.097873 -0.005594 -0.001829
0.097873 0.044341 -0.002135 -0.000771
-0.005594 -0.002135 0.507373 0.107463
-0.001829 -0.000771 0.107463 0.046227
24.988635 1.343553 32.576981 2.179283
0.459417 0.098242 -0.006481 -0.001833
0.098242 0.044411 -0.002094 -0.000657
-0.006481 -0.002094 0.516658 0.108660
-0.001833 -0.000657 0.108660 0.046355
25.496730 1.308598 33.622466 2.170167
0.456100 0.097535 -0.023666 -0.005234
0.097535 0.044248 -0.005541 -0.001293
-0.023666 -0.005541 0.526515 0.109959
-0.005234 -0.001293 0.109959 0.046527
26.025972 1.281855 34.803713 2.190062
0.470518 0.100670 -0.025464 -0.005104
0.100670 0.044918 -0.005366 -0.001130
-0.025464 -0.005366 0.544011 0.112802
-0.005104 -0.001130 0.112802 0.047034
26.720088 1.293163 35.854293 2.180983
0.467130 0.099680 -0.031347 -0.005884
0.099680 0.044645 -0.006129 -0.001201
-0.031347 -0.006129 0.551481 0.113398
-0.005884 -0.001201 0.113398 0.047062
27.144062 1.245550 36.867289 2.164695
0.452896 0.096493 -0.039062 -0.007033
0.096493 0.043939 -0.007261 -0.001365
-0.039062 -0.007261 0.556596 0.113577
-0.007033 -0.001365 0.113577 0.047037
27.897908 1.272001 37.418642 2.057329
0.450053 0.096056 -0.043202 -0.007378
0.096056 0.043884 -0.007616 -0.001372
-0.043202 -0.007616 0.550157 0.111526
-0.007378 -0.001372 0.111526 0.046595
28.965142 1.364429 38.455751 2.060786
0.453581 0.096990 -0.049367 -0.008147
0.096990 0.044115 -0.008386 -0.001479
-0.049367 -0.008386 0.560355 0.113144
-0.008147 -0.001479 0.113144 0.046956
29.167465 1.262389 39.675842 2.096618
0.422384 0.090399 -0.045765 -0.007116
0.090399 0.042710 -0.007071 -0.001214
-0.045765 -0.007071 0.567661 0.114157
-0.007116 -0.001214 0.114157 0.047186
29.912653 1.286002 40.535213 2.059338
0.424998 0.091662 -0.045484 -0.006738
0.091662 0.043100 -0.006723 -0.001142
-0.045484 -0.006723 0.565885 0.113323
-0.006738 -0.001142 0.113323 0.047038
30.182698 1.203402 41.312352 2.006521
0.411938 0.089339 -0.038919 -0.005293
0.089339 0.042650 -0.005143 -0.000864
-0.038919 -0.005143 0.556897 0.111251
-0.005293 -0.000864 0.111251 0.046677
31.145294 1.281628 42.185091 1.982623
0.397437 0.086879 -0.023448 -0.002249
0.086879 0.042191 -0.001797 -0.000262
-0.023448 -0.001797 0.548676 0.109644
-0.002249 -0.000262 0.109644 0.046457
32.054600 1.338002 42.649980 1.878669
0.388540 0.085750 -0.008362 0.000471
0.085750 0.042024 0.001069 0.000209
-0.008362 0.001069 0.526814 0.105468
0.000471 0.000209 0.105468 0.045734
33.207337 1.444006 43.202654 1.802948
0.385764 0.085940 0.008953 0.003465
0.085940 0.042123 0.004238 0.000730
0.008953 0.004238 0.506654 0.101992
0.003465 0.000730 0.101992 0.045193
34.334627 1.536062 44.539525 1.892249
0.417631 0.093661 0.008551 0.002769
0.093661 0.043848 0.003307 0.000431
0.008551 0.003307 0.509968 0.103440
0.002769 0.000431 0.103440 0.045649
34.309197 1.357847 44.883601 1.768566
0.416681 0.093133 0.002554 0.000999
0.093133 0.043547 0.001266 -0.000056
0.002554 0.001266 0.478283 0.097537
0.000999 -0.000056 0.097537 0.044533
34.986844 1.356956 44.918067 1.593426
0.438777 0.097802 0.001761 0.000543
0.097802 0.044456 0.000711 -0.000172
0.001761 0.000711 0.446999 0.092123
0.000543 -0.000172 0.092123 0.043571
36.165991 1.467829 46.183119 1.691379
0.470183 0.104038 0.003966 0.000801
0.104038 0.045641 0.000964 -0.000100
0.003966 0.000964 0.446493 0.093413
0.000801 -0.000100 0.093413 0.044021
36.715980 1.427643 46.953496 1.675526
0.493324 0.107842 -0.007093 -0.001728
0.107842 0.046211 -0.001660 -0.000636
-0.007093 -0.001660 0.428913 0.090773
-0.001728 -0.000636 0.090773 0.043541
