2.148370 1.821461 3.331008 0.440385
4.711316 1.884567 9.793119 3.917332
1.884567 80.757910 3.917332 1.566967
9.793119 3.917332 23.346871 9.338951
3.917332 1.566967 9.338951 83.739728
1.984198 0.769089 1.290970 -1.535677
4.002784 7.694994 -1.522580 -3.126962
7.694994 26.345453 -13.840480 -4.859630
-1.522580 -13.840480 29.305253 31.494047
-3.126962 -4.859630 31.494047 65.919187
2.770517 1.164334 1.563611 -0.541653
4.392439 5.032708 -3.090469 -1.677286
5.032708 8.139999 -3.790573 2.347455
-3.090469 -3.790573 7.248403 5.580266
-1.677286 2.347455 5.580266 15.753913
3.709570 1.512998 1.736445 0.001064
3.695139 2.904575 -1.974951 -0.425798
2.904575 3.081136 -1.080235 1.426644
-1.974951 -1.080235 5.452196 4.273793
-0.425798 1.426644 4.273793 7.335562
3.935360 1.218822 2.171535 0.176688
3.160803 1.914704 -0.937071 0.182739
1.914704 1.499525 -0.154401 0.879865
-0.937071 -0.154401 4.472790 3.067701
0.182739 0.879865 3.067701 3.683351
7.236660 2.583922 2.559644 0.869890
2.265026 1.091594 -0.506496 0.130919
1.091594 0.700160 0.029068 0.426110
-0.506496 0.029068 3.746961 2.137171
0.130919 0.426110 2.137171 1.940806
7.710315 2.197839 2.187965 0.354043
2.010083 0.835207 0.056813 0.314062
0.835207 0.460551 0.359342 0.397711
0.056813 0.359342 5.711370 2.836387
0.314062 0.397711 2.836387 1.806639
8.781905 2.167848 1.888425 0.155822
1.698659 0.626600 0.625072 0.434567
0.626600 0.308270 0.515130 0.333849
0.625072 0.515130 6.897334 2.892973
0.434567 0.333849 2.892973 1.455808
9.874517 2.191492 2.641688 0.391172
1.426029 0.476404 1.098732 0.494718
0.476404 0.214454 0.552088 0.264487
1.098732 0.552088 6.811321 2.453722
0.494718 0.264487 2.453722 1.046371
11.093059 2.228814 2.970756 0.438833
1.239196 0.374322 1.243042 0.449572
0.374322 0.157114 0.529878 0.205238
1.243042 0.529878 8.183351 2.545719
0.449572 0.205238 2.545719 0.910159
11.854275 2.130238 2.710324 0.294569
1.111002 0.308030 1.379278 0.419129
0.308030 0.122552 0.511011 0.166078
1.379278 0.511011 9.867638 2.692996
0.419129 0.166078 2.692996 0.826635
13.615316 2.303693 3.359590 0.439655
0.985341 0.251638 1.267077 0.337804
0.251638 0.097018 0.426001 0.121709
1.267077 0.426001 11.050155 2.676072
0.337804 0.121709 2.676072 0.722906
14.511325 2.243555 3.372397 0.387509
0.874896 0.209976 1.296923 0.304887
0.209976 0.080376 0.392122 0.098615
1.296923 0.392122 12.940288 2.819511
0.304887 0.098615 2.819511 0.677981
15.366754 2.178319 2.150058 0.103713
0.857513 0.195219 1.335110 0.282509
0.195219 0.072626 0.363292 0.081933
1.335110 0.363292 14.999105 2.969310
0.282509 0.081933 2.969310 0.643932
16.078896 2.090705 -0.620404 -0.411199
0.844632 0.183445 1.290669 0.249159
0.183445 0.066875 0.314977 0.064882
1.290669 0.314977 15.557489 2.822323
0.249159 0.064882 2.822323 0.562912
16.040162 1.863966 -2.977195 -0.786901
0.841002 0.175406 1.168375 0.208276
0.175406 0.062928 0.252239 0.048347
1.168375 0.252239 10.337735 1.737827
0.208276 0.048347 1.737827 0.339437
16.261825 1.721194 -4.855520 -1.026794
0.811527 0.163792 0.821973 0.138101
0.163792 0.059036 0.161696 0.029948
0.821973 0.161696 6.258511 0.983568
0.138101 0.029948 0.983568 0.199376
16.824195 1.662723 -5.707797 -1.079377
0.772749 0.152339 0.542697 0.086760
0.152339 0.055834 0.098010 0.017976
0.542697 0.098010 3.996117 0.594349
0.086760 0.017976 0.594349 0.131476
17.509903 1.632011 -5.696682 -1.001708
0.737212 0.142870 0.390654 0.059303
0.142870 0.053430 0.065403 0.011861
0.390654 0.065403 2.812090 0.402223
0.059303 0.011861 0.402223 0.099412
18.321100 1.632699 -6.505601 -1.044736
0.720323 0.138080 0.289299 0.041656
0.138080 0.052227 0.043675 0.007942
0.289299 0.043675 2.356504 0.329573
0.041656 0.007942 0.329573 0.087110
19.275021 1.662649 -7.606209 -1.124804
0.715919 0.136303 0.199875 0.027183
0.136303 0.051763 0.025837 0.004944
0.199875 0.025837 2.060776 0.284906
0.027183 0.004944 0.284906 0.079747
19.695416 1.590328 -9.104945 -1.253176
0.738984 0.139596 0.184165 0.023915
0.139596 0.052253 0.023340 0.004307
0.184165 0.023340 1.845910 0.254345
0.023915 0.004307 0.254345 0.074867
20.269359 1.550068 -9.958014 -1.283848
0.746587 0.139897 0.151364 0.018569
0.139897 0.052192 0.018149 0.003376
0.151364 0.018149 1.585427 0.219218
0.018569 0.003376 0.219218 0.069662
21.148869 1.570547 -10.740715 -1.304053
0.751928 0.140007 0.101544 0.011170
0.140007 0.052163 0.009795 0.002078
0.101544 0.009795 1.389136 0.194713
0.011170 0.002078 0.194713 0.066189
21.486729 1.489734 -11.747521 -1.352984
0.773086 0.142829 0.104942 0.011693
0.142829 0.052609 0.011561 0.002288
0.104942 0.011561 1.260326 0.180267
0.011693 0.002288 0.180267 0.064195
22.131252 1.476216 -13.238872 -1.472284
0.808532 0.148314 0.085177 0.008709
0.148314 0.053572 0.008485 0.001772
0.085177 0.008485 1.183444 0.173548
0.008709 0.001772 0.173548 0.063325
22.864296 1.480603 -14.909968 -1.613130
0.852307 0.154947 0.065445 0.005821
0.154947 0.054693 0.005585 0.001303
0.065445 0.005585 1.116683 0.167941
0.005821 0.001303 0.167941 0.062540
23.201216 1.412553 -16.615544 -1.750105
0.901262 0.161904 0.074797 0.007522
0.161904 0.055787 0.008099 0.001687
0.074797 0.008099 1.052787 0.162181
0.007522 0.001687 0.162181 0.061626
24.660573 1.547670 -17.770302 -1.797661
0.936482 0.166282 0.020787 -0.000853
0.166282 0.056433 -0.000803 0.000256
0.020787 -0.000803 0.952712 0.150549
-0.000853 0.000256 0.150549 0.059758
25.421846 1.544820 -18.496017 -1.769489
0.961755 0.168484 0.021349 0.000044
0.168484 0.056650 0.000522 0.000547
0.021349 0.000522 0.860570 0.139747
0.000044 0.000547 0.139747 0.057942
25.717443 1.463008 -19.621851 -1.808481
0.997261 0.172449 0.046980 0.004969
0.172449 0.057204 0.005742 0.001450
0.046980 0.005742 0.816089 0.136544
0.004969 0.001450 0.136544 0.057331
25.836484 1.358146 -20.456657 -1.794774
1.024896 0.174983 0.072355 0.009535
0.174983 0.057524 0.010347 0.002196
0.072355 0.010347 0.769192 0.132269
0.009535 0.002196 0.132269 0.056431
26.455848 1.348326 -21.450453 -1.811628
1.063538 0.179484 0.073752 0.009525
0.179484 0.058217 0.010409 0.002098
0.073752 0.010409 0.736347 0.129992
0.009525 0.002098 0.129992 0.055821
26.130700 1.182587 -22.745076 -1.878311
1.107256 0.184585 0.112759 0.016298
0.184585 0.058983 0.016670 0.003135
0.112759 0.016670 0.729117 0.131598
0.016298 0.003135 0.131598 0.055810
26.479247 1.143297 -23.898414 -1.916670
1.153881 0.190091 0.117009 0.016181
0.190091 0.059822 0.016700 0.002970
0.117009 0.016700 0.709384 0.130260
0.016181 0.002970 0.130260 0.055195
27.757841 1.255476 -24.123392 -1.783262
1.174745 0.191343 0.084469 0.009370
0.191343 0.059973 0.010943 0.001778
0.084469 0.010943 0.653209 0.121818
0.009370 0.001778 0.121818 0.053260
29.228263 1.390612 -24.814888 -1.749929
1.218997 0.196484 0.064815 0.005420
0.196484 0.060779 0.007658 0.001131
0.064815 0.007658 0.629488 0.119533
0.005420 0.001131 0.119533 0.052542
29.828469 1.375922 -25.806049 -1.771874
1.262307 0.201126 0.084975 0.009492
0.201126 0.061459 0.010918 0.001801
0.084975 0.010918 0.628253 0.121009
0.009492 0.001801 0.121009 0.052487
30.297352 1.342520 -26.967290 -1.824435
1.311053 0.206492 0.111064 0.014351
0.206492 0.062244 0.014808 0.002534
0.111064 0.014808 0.634031 0.123257
0.014351 0.002534 0.123257 0.052532
30.869429 1.327098 -27.893388 -1.826569
1.356138 0.211140 0.131763 0.017761
0.211140 0.062908 0.017599 0.003000
0.131763 0.017599 0.629777 0.123010
0.017761 0.003000 0.123010 0.052062
31.500491 1.325327 -29.412723 -1.946009
1.423601 0.219112 0.157343 0.021721
0.219112 0.064077 0.020852 0.003508
0.157343 0.020852 0.645161 0.126343
0.021721 0.003508 0.126343 0.052317
31.852610 1.280213 -30.765918 -2.018860
1.483040 0.225435 0.188961 0.026614
0.225435 0.064943 0.024866 0.004149
0.188961 0.024866 0.652326 0.127479
0.026614 0.004149 0.127479 0.052105
32.228033 1.240169 -31.768838 -2.015446
1.534717 0.230394 0.214149 0.029907
0.230394 0.065591 0.027754 0.004541
0.214149 0.027754 0.645658 0.125673
0.029907 0.004541 0.125673 0.051352
32.580322 1.201537 -32.947570 -2.046782
1.593845 0.236350 0.239915 0.033037
0.236350 0.066386 0.030542 0.004895
0.239915 0.030542 0.645893 0.125274
0.033037 0.004895 0.125274 0.050954
33.074161 1.187264 -34.135400 -2.078156
1.657613 0.242846 0.261167 0.035048
0.242846 0.067255 0.032564 0.005089
0.261167 0.032564 0.644900 0.124616
0.035048 0.005089 0.124616 0.050556
34.321895 1.282327 -35.105068 -2.071574
1.727392 0.250176 0.265668 0.033629
0.250176 0.068251 0.032210 0.004817
0.265668 0.032210 0.633255 0.122023
0.033629 0.004817 0.122023 0.049855
35.109363 1.302913 -36.087921 -2.062820
1.789596 0.255922 0.288435 0.036180
0.255922 0.068960 0.034555 0.005148
0.288435 0.034555 0.630232 0.121098
0.036180 0.005148 0.121098 0.049502
35.236377 1.226758 -37.038907 -2.040422
1.838502 0.259457 0.324789 0.041476
0.259457 0.069326 0.038708 0.005859
0.324789 0.038708 0.633092 0.121188
0.041476 0.005859 0.121188 0.049343
35.359608 1.152948 -37.745718 -1.971791
1.882615 0.262454 0.353672 0.044999
0.262454 0.069653 0.041691 0.006308
0.353672 0.041691 0.629910 0.120107
0.044999 0.006308 0.120107 0.048985
36.397389 1.211289 -38.285358 -1.889727
1.938661 0.267507 0.362251 0.044151
0.267507 0.070331 0.041841 0.006157
0.362251 0.041841 0.619608 0.117938
0.044151 0.006157 0.117938 0.048495
