0.978821 1.353631 8.007454 2.311004
4.958949 1.983622 9.278765 3.711587
1.983622 80.797533 3.711587 1.484667
9.278765 3.711587 47.577908 19.031576
3.711587 1.484667 19.031576 87.616862
5.472845 7.413471 10.547005 2.570943
4.078322 6.011876 3.787878 1.986935
6.011876 20.432338 4.396643 8.726915
3.787878 4.396643 9.445174 6.232584
1.986935 8.726915 6.232584 46.214734
6.347438 4.443470 8.974934 0.035644
2.997709 3.361266 -1.596222 -2.746919
3.361266 6.830141 -1.828505 0.022045
-1.596222 -1.828505 1.671557 2.428233
-2.746919 0.022045 2.428233 17.234675
5.908650 2.290237 10.644533 1.492101
3.255836 2.675300 -1.838521 -1.510440
2.675300 3.211338 -0.649835 0.216789
-1.838521 -0.649835 4.947613 6.666375
-1.510440 0.216789 6.666375 11.186315
6.410348 1.611918 8.889839 -0.826991
2.817107 1.831375 -0.785461 -0.221523
1.831375 1.573155 -0.372541 -0.045339
-0.785461 -0.372541 1.642149 1.320063
-0.221523 -0.045339 1.320063 1.716108
9.948200 3.000770 7.332100 -1.331136
1.964574 1.016306 -0.502896 -0.146856
1.016306 0.740815 -0.133246 -0.025522
-0.502896 -0.133246 2.442921 1.597612
-0.146856 -0.025522 1.597612 1.338461
9.750530 2.259248 7.099871 -1.200683
1.425853 0.614079 -0.626352 -0.247843
0.614079 0.401561 -0.141550 -0.067781
-0.626352 -0.141550 4.199024 2.176396
-0.247843 -0.067781 2.176396 1.290060
9.554577 1.738598 6.341537 -1.314440
1.051718 0.389291 -0.927124 -0.357874
0.389291 0.239028 -0.221439 -0.102334
-0.927124 -0.221439 6.201627 2.608052
-0.357874 -0.102334 2.608052 1.201006
9.555525 1.436311 6.011142 -1.217028
0.883682 0.295530 -0.986330 -0.331378
0.295530 0.169435 -0.187203 -0.076613
-0.986330 -0.187203 8.812523 3.109512
-0.331378 -0.076613 3.109512 1.172048
10.526329 1.514382 5.089310 -1.309209
0.854262 0.265582 -0.955956 -0.280251
0.265582 0.137874 -0.129555 -0.048844
-0.955956 -0.129555 11.866417 3.594422
-0.280251 -0.048844 3.594422 1.147014
11.547272 1.591261 4.181246 -1.374960
0.802007 0.234722 -0.696759 -0.180323
0.234722 0.113892 -0.020204 -0.013931
-0.696759 -0.020204 14.896414 3.946003
-0.180323 -0.013931 3.946003 1.093524
12.654610 1.678182 3.378509 -1.401787
0.751372 0.209590 -0.271420 -0.063162
0.209590 0.096610 0.095232 0.014776
-0.271420 0.095232 16.507654 3.881137
-0.063162 0.014776 3.881137 0.954529
13.463744 1.648868 0.073836 -1.951929
0.786396 0.208191 -0.029238 -0.008243
0.208191 0.088389 0.137221 0.022221
-0.029238 0.137221 17.660370 3.731994
-0.008243 0.022221 3.731994 0.826770
13.855423 1.545077 -0.274645 -1.829347
0.782607 0.197990 0.473918 0.087165
0.197990 0.079669 0.170538 0.026756
0.473918 0.170538 8.204007 1.572752
0.087165 0.026756 1.572752 0.337207
14.038168 1.405893 -1.130280 -1.814507
0.793087 0.189907 0.600955 0.100580
0.189907 0.072971 0.165306 0.023824
0.600955 0.165306 5.753040 1.014788
0.100580 0.023824 1.014788 0.213261
15.157568 1.500570 -1.708139 -1.764127
0.753698 0.171125 0.442356 0.065701
0.171125 0.065085 0.106659 0.012704
0.442356 0.106659 4.563079 0.751504
0.065701 0.012704 0.751504 0.157242
16.030760 1.527699 -3.224578 -1.864826
0.743582 0.161877 0.349728 0.045922
0.161877 0.060725 0.074096 0.007124
0.349728 0.074096 3.960909 0.615534
0.045922 0.007124 0.615534 0.128783
17.408265 1.657718 -4.440065 -1.914851
0.717472 0.150983 0.188898 0.018938
0.150983 0.056846 0.033241 0.001054
0.188898 0.033241 3.326842 0.493063
0.018938 0.001054 0.493063 0.106158
17.946378 1.598200 -5.454054 -1.919213
0.715261 0.146274 0.192910 0.018421
0.146274 0.054793 0.032320 0.001288
0.192910 0.032320 2.687339 0.381851
0.018421 0.001288 0.381851 0.087497
18.014101 1.451683 -6.477919 -1.918691
0.724072 0.144458 0.232739 0.022989
0.144458 0.053660 0.038908 0.002507
0.232739 0.038908 2.209928 0.304143
0.022989 0.002507 0.304143 0.075392
18.506179 1.405874 -7.486234 -1.922232
0.724330 0.141724 0.198261 0.017340
0.141724 0.052638 0.030255 0.001568
0.198261 0.030255 1.872499 0.253553
0.017340 0.001568 0.253553 0.068233
19.580966 1.480053 -8.816611 -1.977683
0.725566 0.140038 0.113221 0.005377
0.140038 0.052070 0.012596 -0.000539
0.113221 0.012596 1.658698 0.224386
0.005377 -0.000539 0.224386 0.064618
20.185966 1.457374 -10.345868 -2.049743
0.747387 0.142345 0.089805 0.002432
0.142345 0.052317 0.008559 -0.000725
0.089805 0.008559 1.485360 0.201765
0.002432 -0.000725 0.201765 0.061978
20.802499 1.440233 -12.071118 -2.145083
0.778630 0.146414 0.068456 -0.000086
0.146414 0.052934 0.005217 -0.000850
0.068456 0.005217 1.344903 0.184876
-0.000086 -0.000850 0.184876 0.060220
21.459564 1.431333 -13.664639 -2.217550
0.810620 0.150439 0.048942 -0.002156
0.150439 0.053541 0.002557 -0.000900
0.048942 0.002557 1.207355 0.169023
-0.002156 -0.000900 0.169023 0.058608
22.173037 1.436705 -15.944573 -2.385917
0.865986 0.158584 0.032147 -0.003941
0.158584 0.054907 0.000308 -0.000962
0.032147 0.000308 1.132731 0.162545
-0.003941 -0.000962 0.162545 0.058296
22.494130 1.364310 -16.969709 -2.357783
0.892416 0.160840 0.042112 -0.001402
0.160840 0.055120 0.003388 -0.000212
0.042112 0.003388 0.984760 0.144845
-0.001402 -0.000212 0.144845 0.056178
23.060512 1.345474 -18.606532 -2.426758
0.938665 0.166771 0.037175 -0.001430
0.166771 0.056052 0.003131 -0.000062
0.037175 0.003131 0.910297 0.138570
-0.001430 -0.000062 0.138570 0.055745
23.288160 1.264965 -19.061175 -2.303941
0.952129 0.166633 0.047122 0.001097
0.166633 0.055891 0.005585 0.000527
0.047122 0.005585 0.797466 0.125654
0.001097 0.000527 0.125654 0.054088
22.718387 1.052290 -18.683341 -2.044710
0.935645 0.161572 0.081833 0.007717
0.161572 0.054947 0.012009 0.001752
0.081833 0.012009 0.692527 0.113501
0.007717 0.001752 0.113501 0.052390
23.096820 1.028082 -20.022311 -2.098423
0.979874 0.167805 0.074248 0.006370
0.167805 0.056099 0.010295 0.001452
0.074248 0.010295 0.685156 0.117852
0.006370 0.001452 0.117852 0.053416
23.648393 1.035997 -21.481323 -2.172109
1.030863 0.174883 0.062539 0.004317
0.174883 0.057335 0.008063 0.001071
0.062539 0.008063 0.681649 0.121732
0.004317 0.001071 0.121732 0.054120
24.325733 1.061637 -22.258565 -2.116276
1.060439 0.177987 0.047919 0.002001
0.177987 0.057841 0.005660 0.000702
0.047919 0.005660 0.652746 0.119875
0.002001 0.000702 0.119875 0.053584
24.961649 1.080593 -23.762902 -2.200998
1.118880 0.185842 0.043333 0.001530
0.185842 0.059135 0.005017 0.000647
0.043333 0.005017 0.656076 0.123398
0.001530 0.000647 0.123398 0.053968
25.930818 1.151602 -25.055282 -2.240038
1.174012 0.192737 0.031910 -0.000206
0.192737 0.060211 0.003330 0.000391
0.031910 0.003330 0.647741 0.123831
-0.000206 0.000391 0.123831 0.053657
26.468106 1.145713 -26.321531 -2.268169
1.227083 0.198912 0.041757 0.002306
0.198912 0.061123 0.005208 0.000835
0.041757 0.005208 0.640304 0.123777
0.002306 0.000835 0.123777 0.053199
27.453670 1.212834 -27.935078 -2.363534
1.298165 0.207751 0.042577 0.002727
0.207751 0.062446 0.005418 0.000894
0.042577 0.005418 0.641756 0.125085
0.002727 0.000894 0.125085 0.053018
27.926540 1.190906 -28.689251 -2.279170
1.336934 0.210984 0.060539 0.006584
0.210984 0.062824 0.008346 0.001496
0.060539 0.008346 0.616339 0.120602
0.006584 0.001496 0.120602 0.051683
28.324534 1.160208 -29.867262 -2.285972
1.390295 0.216535 0.082465 0.010794
0.216535 0.063593 0.011581 0.002093
0.082465 0.011581 0.610748 0.120121
0.010794 0.002093 0.120121 0.051232
28.329850 1.069153 -29.978302 -2.079162
1.404582 0.215911 0.106344 0.015168
0.215911 0.063405 0.014917 0.002688
0.106344 0.014917 0.577854 0.114009
0.015168 0.002688 0.114009 0.049686
29.423873 1.155790 -31.453174 -2.168749
1.480851 0.225165 0.108488 0.014551
0.225165 0.064801 0.014581 0.002466
0.108488 0.014581 0.587742 0.116817
0.014551 0.002466 0.116817 0.050047
30.539481 1.231475 -31.192023 -1.902004
1.497559 0.225007 0.105538 0.013326
0.225007 0.064720 0.013745 0.002228
0.105538 0.013745 0.548411 0.109314
0.013326 0.002228 0.109314 0.048293
31.785427 1.323237 -31.658903 -1.807738
1.541250 0.229159 0.112448 0.014096
0.229159 0.065333 0.014360 0.002292
0.112448 0.014360 0.541194 0.108689
0.014096 0.002292 0.108689 0.048039
32.954578 1.397462 -32.428277 -1.783403
1.593866 0.234535 0.131099 0.017176
0.234535 0.066116 0.016644 0.002693
0.131099 0.016644 0.546826 0.110446
0.017176 0.002693 0.110446 0.048245
33.434888 1.366212 -33.440042 -1.806520
1.639087 0.238579 0.170615 0.024325
0.238579 0.066672 0.021787 0.003663
0.170615 0.021787 0.563839 0.114049
0.024325 0.003663 0.114049 0.048762
34.345966 1.397747 -34.118568 -1.762241
1.686906 0.243036 0.198117 0.028370
0.243036 0.067299 0.024936 0.004148
0.198117 0.024936 0.568642 0.114759
0.028370 0.004148 0.114759 0.048654
35.104386 1.405098 -34.845412 -1.731209
1.733525 0.247201 0.231415 0.033309
0.247201 0.067871 0.028738 0.004749
0.231415 0.028738 0.577643 0.116120
0.033309 0.004749 0.116120 0.048685
35.353285 1.339296 -35.586284 -1.701654
1.770866 0.249903 0.273831 0.039824
0.249903 0.068218 0.033624 0.005555
0.273831 0.033624 0.590860 0.118059
0.039824 0.005555 0.118059 0.048822
36.619432 1.423972 -36.456551 -1.711734
1.838713 0.257163 0.297616 0.041732
0.257163 0.069247 0.035664 0.005693
0.297616 0.035664 0.601642 0.119453
0.041732 0.005693 0.119453 0.048890
37.351331 1.426508 -37.290881 -1.707587
1.892263 0.261944 0.335501 0.046638
0.261944 0.069862 0.039636 0.006275
0.335501 0.039636 0.615972 0.121262
0.046638 0.006275 0.121262 0.049017
