1.510468 1.566295 1.280032 -0.380023
0.880966 0.352394 0.942334 0.376942
0.352394 80.145027 0.376942 0.150780
0.942334 0.376942 2.869069 1.147653
0.376942 0.150780 1.147653 80.463138
6.544732 9.887936 -1.373876 -4.993077
2.733341 5.338592 -1.448820 -2.733229
5.338592 13.569013 -2.995514 -2.675078
-1.448820 -2.995514 2.642228 4.671879
-2.733229 -2.675078 4.671879 17.623485
7.401129 5.708835 -0.626573 -1.742300
1.601016 1.823749 0.638119 1.066941
1.823749 2.744028 0.790362 1.776002
0.638119 0.790362 0.902542 1.220014
1.066941 1.776002 1.220014 3.503731
7.834559 4.078667 1.754156 1.545823
1.137258 0.896152 0.763161 0.747874
0.896152 0.963303 0.614685 0.743616
0.763161 0.614685 0.746141 0.736060
0.747874 0.743616 0.736060 1.286804
10.117222 4.225238 3.014501 1.950273
0.997309 0.605119 0.556938 0.347343
0.605119 0.499380 0.336363 0.275879
0.556938 0.336363 0.823496 0.660025
0.347343 0.275879 0.660025 0.759647
10.452242 3.345658 2.731562 1.272645
0.765458 0.379754 0.325782 0.145004
0.379754 0.268604 0.157712 0.108249
0.325782 0.157712 0.987631 0.638772
0.145004 0.108249 0.638772 0.525159
11.953031 3.271956 3.685749 1.450550
0.678973 0.288658 0.176119 0.055279
0.288658 0.177370 0.073298 0.047576
0.176119 0.073298 1.063944 0.553435
0.055279 0.047576 0.553435 0.353343
12.563104 2.891515 6.080573 2.204191
0.578432 0.216207 0.081914 0.018221
0.216207 0.121604 0.032256 0.024343
0.081914 0.032256 0.995274 0.428585
0.018221 0.024343 0.428585 0.229035
13.673164 2.776267 6.647922 2.011760
0.617621 0.207916 0.018680 -0.001596
0.207916 0.102789 0.010674 0.012872
0.018680 0.010674 1.028408 0.378685
-0.001596 0.012872 0.378685 0.173430
13.822469 2.398187 7.765806 2.053125
0.562875 0.171844 -0.041414 -0.015746
0.171844 0.080515 -0.006687 0.005598
-0.041414 -0.006687 0.960451 0.309169
-0.015746 0.005598 0.309169 0.127855
13.660522 2.012040 8.679572 2.017463
0.546949 0.154119 -0.084545 -0.023022
0.154119 0.068647 -0.016564 0.001812
-0.084545 -0.016564 0.903655 0.259699
-0.023022 0.001812 0.259699 0.099858
13.124984 1.611561 10.552394 2.233001
0.511947 0.134779 -0.109231 -0.024989
0.134779 0.059017 -0.021162 -0.000022
-0.109231 -0.021162 0.781097 0.203981
-0.024989 -0.000022 0.203981 0.076815
13.247840 1.433024 11.169996 2.103788
0.459658 0.114086 -0.163535 -0.034840
0.114086 0.050878 -0.033157 -0.003511
-0.163535 -0.033157 0.668259 0.161222
-0.034840 -0.003511 0.161222 0.061601
14.138689 1.476964 12.293175 2.123188
0.455811 0.109366 -0.152239 -0.027990
0.109366 0.048297 -0.027181 -0.002224
-0.152239 -0.027181 0.624459 0.142687
-0.027990 -0.002224 0.142687 0.054982
14.514403 1.389009 13.293239 2.102321
0.470833 0.109989 -0.139207 -0.021970
0.109989 0.047493 -0.021823 -0.001259
-0.139207 -0.021823 0.603603 0.132440
-0.021970 -0.001259 0.132440 0.051391
15.180054 1.381209 14.291375 2.090195
0.484106 0.110482 -0.116702 -0.015177
0.110482 0.046927 -0.015273 -0.000214
-0.116702 -0.015273 0.589135 0.125530
-0.015177 -0.000214 0.125530 0.049193
16.309980 1.481702 15.370481 2.106585
0.494204 0.110233 -0.101897 -0.011262
0.110233 0.046334 -0.011467 0.000093
-0.101897 -0.011467 0.581860 0.121169
-0.011262 0.000093 0.121169 0.047876
17.137777 1.498701 16.303795 2.083398
0.489635 0.107190 -0.077520 -0.006327
0.107190 0.045333 -0.006533 0.000560
-0.077520 -0.006533 0.556797 0.114119
-0.006327 0.000560 0.114119 0.046276
17.455573 1.400476 17.106071 2.026400
0.498209 0.107213 -0.075295 -0.006321
0.107213 0.045118 -0.006806 0.000009
-0.075295 -0.006806 0.545941 0.110577
-0.006321 0.000009 0.110577 0.045544
18.142747 1.391960 17.764067 1.953915
0.490313 0.104190 -0.059420 -0.003876
0.104190 0.044405 -0.004272 0.000074
-0.059420 -0.004272 0.526477 0.106116
-0.003876 0.000074 0.106116 0.044790
19.297069 1.491527 18.904500 1.993921
0.480372 0.101337 -0.039190 -0.000786
0.101337 0.043870 -0.001038 0.000330
-0.039190 -0.001038 0.507739 0.102434
-0.000786 0.000330 0.102434 0.044291
19.550663 1.387614 19.886992 1.984747
0.485562 0.101943 -0.032944 -0.000545
0.101943 0.044112 -0.000848 0.000050
-0.032944 -0.000848 0.501156 0.101430
-0.000545 0.000050 0.101430 0.044333
20.543677 1.451530 20.995381 2.011566
0.487090 0.101752 -0.037783 -0.002550
0.101752 0.044164 -0.002873 -0.000617
-0.037783 -0.002873 0.497852 0.101104
-0.002550 -0.000617 0.101104 0.044471
21.093083 1.413954 21.917894 1.992917
0.474419 0.099047 -0.009924 0.002285
0.099047 0.043769 0.002101 0.000227
-0.009924 0.002101 0.479748 0.098108
0.002285 0.000227 0.098108 0.044097
21.099853 1.271133 23.458598 2.100324
0.466486 0.097580 0.012681 0.005789
0.097580 0.043650 0.005686 0.000775
0.012681 0.005686 0.468394 0.096626
0.005789 0.000775 0.096626 0.044013
21.454867 1.215487 25.344277 2.272854
0.460822 0.096686 0.029656 0.008012
0.096686 0.043634 0.007975 0.001075
0.029656 0.007975 0.466978 0.097176
0.008012 0.001075 0.097176 0.044301
21.955228 1.192972 26.572324 2.291923
0.448428 0.094396 0.020659 0.004806
0.094396 0.043294 0.004773 0.000264
0.020659 0.004773 0.459421 0.096221
0.004806 0.000264 0.096221 0.044197
22.823014 1.250289 27.863138 2.322253
0.466081 0.098662 0.027765 0.005483
0.098662 0.044348 0.005457 0.000396
0.027765 0.005457 0.480972 0.101404
0.005483 0.000396 0.101404 0.045366
23.529104 1.268368 28.638014 2.240529
0.444995 0.094314 0.010799 0.001233
0.094314 0.043471 0.001182 -0.000483
0.010799 0.001182 0.465729 0.098285
0.001233 -0.000483 0.098285 0.044666
23.763704 1.183156 29.779691 2.246171
0.421225 0.089756 0.002923 -0.000548
0.089756 0.042606 -0.000647 -0.000743
0.002923 -0.000647 0.459022 0.097204
-0.000548 -0.000743 0.097204 0.044447
24.013268 1.110496 30.549292 2.171934
0.430374 0.092593 -0.000583 -0.001257
0.092593 0.043365 -0.001347 -0.000761
-0.000583 -0.001347 0.469047 0.099703
-0.001257 -0.000761 0.099703 0.044989
24.505038 1.096787 31.627265 2.170376
0.433374 0.093735 -0.010045 -0.003107
0.093735 0.043657 -0.003235 -0.001033
-0.010045 -0.003235 0.482278 0.102594
-0.003107 -0.001033 0.102594 0.045557
24.239985 0.920520 32.582418 2.143940
0.414797 0.089979 -0.003396 -0.001309
0.089979 0.042833 -0.001409 -0.000498
-0.003396 -0.001409 0.484667 0.102842
-0.001309 -0.000498 0.102842 0.045508
25.069795 1.001632 33.224766 2.052635
0.433376 0.094622 0.000553 -0.000324
0.094622 0.043896 -0.000368 -0.000206
0.000553 -0.000368 0.493851 0.104522
-0.000324 -0.000206 0.104522 0.045782
25.502866 0.987145 33.875710 1.973548
0.424707 0.092774 -0.005261 -0.001472
0.092774 0.043426 -0.001559 -0.000414
-0.005261 -0.001559 0.495266 0.104427
-0.001472 -0.000414 0.104427 0.045673
26.313426 1.056520 34.880308 1.977154
0.432915 0.094762 -0.011978 -0.002708
0.094762 0.043836 -0.002839 -0.000631
-0.011978 -0.002839 0.510840 0.107357
-0.002708 -0.000631 0.107357 0.046228
26.813798 1.050416 35.852160 1.973653
0.432579 0.094635 -0.016964 -0.003471
0.094635 0.043739 -0.003622 -0.000732
-0.016964 -0.003622 0.523072 0.109334
-0.003471 -0.000732 0.109334 0.046548
27.635661 1.115351 36.914185 1.989529
0.429560 0.093918 -0.020048 -0.003797
0.093918 0.043527 -0.003939 -0.000742
-0.020048 -0.003939 0.534853 0.111089
-0.003797 -0.000742 0.111089 0.046818
28.289795 1.136751 38.116586 2.032518
0.418085 0.091402 -0.028641 -0.005280
0.091402 0.042941 -0.005461 -0.001018
-0.028641 -0.005461 0.550067 0.113458
-0.005280 -0.001018 0.113458 0.047217
28.782553 1.120792 39.406644 2.088415
0.419575 0.091959 -0.032573 -0.005681
0.091959 0.043080 -0.005851 -0.001046
-0.032573 -0.005851 0.565160 0.115672
-0.005681 -0.001046 0.115672 0.047580
30.401601 1.352936 40.289784 2.059008
0.382699 0.084018 -0.025758 -0.004034
0.084018 0.041334 -0.003941 -0.000648
-0.025758 -0.003941 0.565306 0.114778
-0.004034 -0.000648 0.114778 0.047317
30.867338 1.306981 41.565417 2.107963
0.399452 0.088604 -0.031606 -0.004976
0.088604 0.042482 -0.005049 -0.000868
-0.031606 -0.005049 0.573910 0.115770
-0.004976 -0.000868 0.115770 0.047486
31.292315 1.256270 42.676092 2.118435
0.408903 0.091014 -0.031542 -0.004705
0.091014 0.043009 -0.004819 -0.000814
-0.031542 -0.004819 0.569109 0.114114
-0.004705 -0.000814 0.114114 0.047140
32.250623 1.328744 43.467267 2.066239
0.399821 0.089076 -0.010681 -0.000424
0.089076 0.042527 -0.000107 0.000104
-0.010681 -0.000107 0.543017 0.108562
-0.000424 0.000104 0.108562 0.046085
33.215638 1.394956 44.245247 2.016229
0.415387 0.092740 -0.002139 0.001080
0.092740 0.043323 0.001389 0.000325
-0.002139 0.001389 0.519717 0.104085
0.001080 0.000325 0.104085 0.045328
34.959934 1.624215 43.844276 1.735275
0.340295 0.076013 0.086723 0.018389
0.076013 0.039548 0.020431 0.004020
0.086723 0.020431 0.410073 0.082825
0.018389 0.004020 0.082825 0.041276
34.994183 1.451176 43.554605 1.497124
0.356986 0.081311 0.062235 0.011342
0.081311 0.040995 0.012620 0.002041
0.062235 0.012620 0.395109 0.082250
0.011342 0.002041 0.082250 0.041626
35.621024 1.428963 44.225196 1.481179
0.387970 0.089191 0.046525 0.006803
0.089191 0.042838 0.007736 0.000886
0.046525 0.007736 0.406430 0.086974
0.006803 0.000886 0.086974 0.042945
36.315220 1.422226 45.211947 1.535132
0.419615 0.096257 0.031064 0.002874
0.096257 0.044288 0.003612 0.000034
0.031064 0.003612 0.419934 0.091428
0.002874 0.000034 0.091428 0.043996
37.054128 1.428066 46.039728 1.548130
0.457361 0.103912 0.011850 -0.001432
0.103912 0.045743 -0.000691 -0.000777
0.011850 -0.000691 0.424027 0.093155
-0.001432 -0.000777 0.093155 0.044301
