-0.208547 0.878674 -0.255761 -0.994354
3.063491 1.225423 1.003880 0.401561
1.225423 80.494246 0.401561 0.160628
1.003880 0.401561 6.375634 2.550309
0.401561 0.160628 2.550309 81.024212
1.274385 2.433067 2.529835 3.790175
3.332880 5.773700 -1.448281 -2.368163
5.773700 19.919449 -2.652749 -2.053629
-1.448281 -2.652749 2.749361 4.164648
-2.368163 -2.053629 4.164648 23.689652
5.473484 5.673045 2.684277 2.033154
2.787837 3.156341 -0.517164 -0.190699
3.156341 5.820285 -0.159042 0.359506
-0.517164 -0.159042 3.796731 4.875817
-0.190699 0.359506 4.875817 9.689065
7.157167 4.610750 1.283347 -0.175109
2.316386 1.928363 0.432524 0.543075
1.928363 2.439012 0.529652 0.517073
0.432524 0.529652 3.721785 3.305514
0.543075 0.517073 3.305514 4.086748
6.367415 2.619862 2.217876 0.454935
1.498680 0.982502 1.407304 0.955297
0.982502 1.044785 0.929176 0.577468
1.407304 0.929176 1.997821 1.345171
0.955297 0.577468 1.345171 1.440466
8.085967 2.674638 4.423770 1.687164
1.304017 0.729994 1.053785 0.505519
0.729994 0.623305 0.514788 0.227128
1.053785 0.514788 1.563317 0.872219
0.505519 0.227128 0.872219 0.769808
8.017427 2.028701 3.993117 1.158791
0.866140 0.425765 0.507840 0.170298
0.425765 0.338102 0.135342 0.032338
0.507840 0.135342 1.437134 0.737870
0.170298 0.032338 0.737870 0.542449
9.113975 2.017191 5.290256 1.483807
1.028407 0.453215 0.384424 0.085986
0.453215 0.281808 0.074220 0.009330
0.384424 0.074220 1.513791 0.666602
0.085986 0.009330 0.666602 0.397261
7.762276 1.077519 6.059828 1.635222
0.345012 0.142065 -0.104671 -0.061600
0.142065 0.115066 -0.102221 -0.034706
-0.104671 -0.102221 1.294860 0.514089
-0.061600 -0.034706 0.514089 0.273116
8.550073 1.181760 6.479030 1.492227
0.453952 0.175348 -0.119578 -0.051452
0.175348 0.109396 -0.078951 -0.020123
-0.119578 -0.078951 1.386584 0.480853
-0.051452 -0.020123 0.480853 0.218513
9.097105 1.162567 7.554045 1.593453
0.572857 0.200882 -0.100593 -0.033701
0.200882 0.103346 -0.051313 -0.008396
-0.100593 -0.051313 1.367193 0.420383
-0.033701 -0.008396 0.420383 0.170867
10.407760 1.394702 8.077875 1.519947
0.640874 0.203069 -0.067824 -0.016917
0.203069 0.092156 -0.028372 -0.001022
-0.067824 -0.028372 1.321553 0.366150
-0.016917 -0.001022 0.366150 0.136865
11.849820 1.607662 10.045099 1.830619
0.684141 0.197389 -0.004001 0.003371
0.197389 0.081822 -0.003004 0.005195
-0.004001 -0.003004 1.176894 0.298181
0.003371 0.005195 0.298181 0.107119
12.646329 1.605810 11.487666 1.954463
0.720721 0.191325 0.018914 0.009684
0.191325 0.074021 0.005208 0.006164
0.018914 0.005208 1.073873 0.252480
0.009684 0.006164 0.252480 0.088528
13.020281 1.500561 12.963354 2.061463
0.726129 0.179067 0.018926 0.009331
0.179067 0.066562 0.005647 0.005222
0.018926 0.005647 0.937847 0.207182
0.009331 0.005222 0.207182 0.073455
13.824575 1.513859 14.494698 2.167197
0.763426 0.176869 0.058267 0.017321
0.176869 0.063067 0.014913 0.006380
0.058267 0.014913 0.898704 0.189558
0.017321 0.006380 0.189558 0.066787
13.854582 1.355038 15.911058 2.230671
0.744573 0.163193 0.050546 0.014225
0.163193 0.057881 0.012090 0.004913
0.050546 0.012090 0.770960 0.156360
0.014225 0.004913 0.156360 0.058018
14.520667 1.352081 16.465223 2.119640
0.736227 0.154307 0.049507 0.012855
0.154307 0.054690 0.011102 0.004070
0.049507 0.011102 0.729805 0.144541
0.012855 0.004070 0.144541 0.054680
15.076550 1.327911 17.736031 2.160349
0.755358 0.152734 0.072652 0.016416
0.152734 0.053593 0.015090 0.004359
0.072652 0.015090 0.713596 0.139128
0.016416 0.004359 0.139128 0.053066
16.019220 1.382717 18.379844 2.076766
0.753606 0.147774 0.085164 0.017512
0.147774 0.052119 0.016472 0.004156
0.085164 0.016472 0.705731 0.135975
0.017512 0.004156 0.135975 0.052109
16.824788 1.403709 20.039717 2.195426
0.747151 0.142929 0.129296 0.024595
0.142929 0.050953 0.023807 0.005164
0.129296 0.023807 0.674090 0.128703
0.024595 0.005164 0.128703 0.050506
17.468183 1.393777 20.819301 2.134900
0.732958 0.137657 0.130050 0.022901
0.137657 0.049938 0.022293 0.004466
0.130050 0.022293 0.649745 0.123591
0.022901 0.004466 0.123591 0.049487
18.266984 1.412525 21.933959 2.143435
0.745102 0.138141 0.141450 0.023448
0.138141 0.050149 0.022922 0.004284
0.141450 0.022922 0.654820 0.124535
0.023448 0.004284 0.124535 0.049705
18.955605 1.409794 22.930184 2.129093
0.738935 0.135521 0.148645 0.023402
0.135521 0.049815 0.022948 0.004077
0.148645 0.022948 0.644426 0.122443
0.023402 0.004077 0.122443 0.049319
19.708176 1.417882 24.072633 2.143650
0.725456 0.131949 0.168299 0.025988
0.131949 0.049343 0.025435 0.004424
0.168299 0.025435 0.632500 0.120112
0.025988 0.004424 0.120112 0.048885
19.683123 1.279731 25.443748 2.209540
0.688431 0.124562 0.185899 0.028406
0.124562 0.048220 0.027668 0.004793
0.185899 0.027668 0.605565 0.115035
0.028406 0.004793 0.115035 0.047934
20.250789 1.264602 26.681191 2.236436
0.690014 0.125179 0.190467 0.027825
0.125179 0.048679 0.027179 0.004565
0.190467 0.027179 0.606759 0.115929
0.027825 0.004565 0.115929 0.048224
21.049729 1.308791 26.946513 2.065893
0.675693 0.123064 0.179148 0.024634
0.123064 0.048598 0.024367 0.003998
0.179148 0.024367 0.583006 0.111963
0.024634 0.003998 0.111963 0.047536
21.048843 1.186344 27.956677 2.072694
0.651012 0.119082 0.174013 0.023318
0.119082 0.048122 0.022851 0.003811
0.174013 0.022851 0.575933 0.111417
0.023318 0.003811 0.111417 0.047514
21.608067 1.189101 28.487353 1.972080
0.640480 0.118022 0.170812 0.022390
0.118022 0.048184 0.022036 0.003752
0.170812 0.022036 0.565717 0.110113
0.022390 0.003752 0.110113 0.047299
22.309721 1.202449 29.845747 2.045102
0.653672 0.121434 0.170734 0.021840
0.121434 0.049049 0.021417 0.003671
0.170734 0.021417 0.586250 0.114927
0.021840 0.003671 0.114927 0.048295
23.497989 1.316264 30.799067 2.019687
0.669080 0.124917 0.169814 0.021251
0.124917 0.049820 0.021076 0.003666
0.169814 0.021076 0.593549 0.116530
0.021251 0.003666 0.116530 0.048538
24.136711 1.308897 31.998366 2.058279
0.650920 0.121628 0.167789 0.021241
0.121628 0.049215 0.020625 0.003776
0.167789 0.020625 0.601008 0.117983
0.021241 0.003776 0.117983 0.048719
24.809768 1.316866 32.797962 2.011729
0.651441 0.122720 0.138001 0.015295
0.122720 0.049589 0.015216 0.002782
0.138001 0.015216 0.593184 0.116730
0.015295 0.002782 0.116730 0.048464
24.756777 1.187602 33.375438 1.938601
0.615750 0.116609 0.108754 0.010707
0.116609 0.048507 0.010506 0.002138
0.108754 0.010506 0.578245 0.114087
0.010707 0.002138 0.114087 0.047927
25.534278 1.223322 34.333452 1.933315
0.625778 0.119512 0.093031 0.008351
0.119512 0.049188 0.008415 0.001876
0.093031 0.008415 0.581197 0.114979
0.008351 0.001876 0.114979 0.048108
26.299565 1.244207 35.905819 2.052251
0.624807 0.119793 0.085439 0.007949
0.119793 0.049258 0.007771 0.001934
0.085439 0.007771 0.599216 0.118635
0.007949 0.001934 0.118635 0.048796
27.238397 1.302648 37.162994 2.094187
0.626888 0.120641 0.073053 0.006469
0.120641 0.049434 0.006397 0.001790
0.073053 0.006397 0.600637 0.118691
0.006469 0.001790 0.118691 0.048731
28.043632 1.330983 38.345922 2.119415
0.632825 0.122232 0.048163 0.002485
0.122232 0.049757 0.002630 0.001138
0.048163 0.002630 0.598125 0.118118
0.002485 0.001138 0.118118 0.048590
28.929309 1.376420 39.104475 2.057842
0.650065 0.125825 0.017806 -0.002432
0.125825 0.050436 -0.001909 0.000334
0.017806 -0.001909 0.584245 0.115378
-0.002432 0.000334 0.115378 0.048046
29.310450 1.313968 40.600313 2.152233
0.645420 0.124763 -0.012471 -0.006861
0.124763 0.050149 -0.006408 -0.000401
-0.012471 -0.006408 0.595976 0.117897
-0.006861 -0.000401 0.117897 0.048580
29.864804 1.295310 41.393514 2.096830
0.627062 0.121021 -0.026574 -0.007863
0.121021 0.049355 -0.007444 -0.000440
-0.026574 -0.007444 0.580105 0.114591
-0.007863 -0.000440 0.114591 0.047890
30.347577 1.264249 41.913197 1.992628
0.623895 0.120526 -0.046292 -0.010212
0.120526 0.049257 -0.009763 -0.000810
-0.046292 -0.009763 0.563898 0.111511
-0.010212 -0.000810 0.111511 0.047307
31.332764 1.332103 42.506678 1.912965
0.653987 0.126437 -0.066079 -0.012602
0.126437 0.050392 -0.012169 -0.001223
-0.066079 -0.012169 0.556519 0.110385
-0.012602 -0.001223 0.110385 0.047140
32.178784 1.368344 43.883341 1.997340
0.668558 0.128763 -0.082526 -0.014356
0.128763 0.050732 -0.013893 -0.001520
-0.082526 -0.013893 0.570567 0.113544
-0.014356 -0.001520 0.113544 0.047816
33.043807 1.398175 44.020559 1.826106
0.678838 0.130054 -0.098089 -0.016022
0.130054 0.050853 -0.015693 -0.001862
-0.098089 -0.015693 0.551420 0.109701
-0.016022 -0.001862 0.109701 0.047014
33.411786 1.336793 45.201236 1.877453
0.677384 0.128969 -0.117583 -0.018653
0.128969 0.050518 -0.018075 -0.002357
-0.117583 -0.018075 0.566612 0.112998
-0.018653 -0.002357 0.112998 0.047689
34.384688 1.394152 46.047021 1.861583
0.692239 0.131214 -0.128977 -0.019499
0.131214 0.050876 -0.019044 -0.002542
-0.128977 -0.019044 0.567537 0.113104
-0.019499 -0.002542 0.113104 0.047659
34.997592 1.371396 46.404819 1.745027
0.704525 0.132707 -0.148386 -0.022134
0.132707 0.051051 -0.021735 -0.003108
-0.148386 -0.021735 0.563284 0.112020
-0.022134 -0.003108 0.112020 0.047365
35.625261 1.363322 47.497473 1.788834
0.706415 0.132235 -0.160181 -0.023331
0.132235 0.050875 -0.022730 -0.003345
-0.160181 -0.022730 0.574909 0.114293
-0.023331 -0.003345 0.114293 0.047783
