2.536530 1.976728 4.211483 0.792582
2.552839 1.021158 -0.848647 -0.339466
1.021158 80.412539 -0.339466 -0.135789
-0.848647 -0.339466 4.216960 1.686820
-0.339466 -0.135789 1.686820 80.678809
3.462337 1.930319 5.556135 2.320009
2.961274 5.103037 -0.958613 -1.352241
5.103037 17.320119 -1.466968 -4.236645
-0.958613 -1.466968 3.106623 4.953662
-1.352241 -4.236645 4.953662 20.748572
4.949455 2.465300 4.084365 -0.732079
2.623700 2.913533 -0.729901 -0.739783
2.913533 5.272208 -0.758108 -1.400809
-0.729901 -0.758108 3.123329 3.617395
-0.739783 -1.400809 3.617395 7.188864
5.598776 1.991253 3.249238 -1.139462
1.780506 1.442846 -0.038531 -0.003771
1.442846 1.951969 -0.025937 -0.252316
-0.038531 -0.025937 1.899317 1.610496
-0.003771 -0.252316 1.610496 2.464723
6.670833 2.010950 4.308494 -0.018330
1.602336 1.044819 -0.055212 -0.059489
1.044819 1.059411 -0.061100 -0.171218
-0.055212 -0.061100 1.360575 0.937995
-0.059489 -0.171218 0.937995 1.155722
7.239703 1.746715 5.506298 0.695762
0.796369 0.428784 0.045146 0.012070
0.428784 0.441986 -0.006529 -0.068533
0.045146 -0.006529 1.305297 0.762948
0.012070 -0.068533 0.762948 0.716614
7.423473 1.411226 5.817036 0.696597
0.568182 0.281526 -0.174880 -0.103380
0.281526 0.268606 -0.116473 -0.095960
-0.174880 -0.116473 1.254882 0.632060
-0.103380 -0.095960 0.632060 0.478793
7.608285 1.166072 7.001529 1.067895
0.534842 0.244674 -0.297560 -0.138994
0.244674 0.195755 -0.149217 -0.085994
-0.297560 -0.149217 1.201813 0.524785
-0.138994 -0.085994 0.524785 0.333318
7.903368 1.046608 8.088171 1.280357
0.668134 0.277127 -0.323577 -0.127741
0.277127 0.173099 -0.134279 -0.063478
-0.323577 -0.134279 1.170860 0.448169
-0.127741 -0.063478 0.448169 0.244811
8.836257 1.200102 8.986212 1.368423
0.740075 0.273302 -0.311257 -0.105454
0.273302 0.144354 -0.109971 -0.044461
-0.311257 -0.109971 1.086457 0.369652
-0.105454 -0.044461 0.369652 0.181022
10.979900 1.704028 8.249201 0.937227
0.685075 0.226279 -0.276734 -0.082111
0.226279 0.109557 -0.085186 -0.030530
-0.276734 -0.085186 0.949888 0.291825
-0.082111 -0.030530 0.291825 0.133903
12.062643 1.775734 8.888735 0.987650
0.689075 0.207271 -0.254690 -0.067086
0.207271 0.092017 -0.069284 -0.022248
-0.254690 -0.069284 0.908856 0.256573
-0.067086 -0.022248 0.256573 0.109708
12.561159 1.683254 11.088799 1.435502
0.665772 0.184587 -0.202207 -0.047209
0.184587 0.077725 -0.049007 -0.014600
-0.202207 -0.049007 0.785700 0.206013
-0.047209 -0.014600 0.206013 0.086774
13.428574 1.688218 11.627195 1.390963
0.636958 0.164451 -0.187970 -0.040418
0.164451 0.067138 -0.041777 -0.011589
-0.187970 -0.041777 0.740088 0.182947
-0.040418 -0.011589 0.182947 0.075006
14.200016 1.675374 12.820717 1.508701
0.641567 0.156290 -0.170290 -0.033479
0.156290 0.061682 -0.034728 -0.009005
-0.170290 -0.034728 0.710900 0.167327
-0.033479 -0.009005 0.167327 0.067205
15.661028 1.830465 14.472421 1.720716
0.615465 0.142570 -0.148260 -0.026892
0.142570 0.056073 -0.027947 -0.006946
-0.148260 -0.027947 0.661943 0.149508
-0.026892 -0.006946 0.149508 0.060300
16.529563 1.822358 15.566382 1.771861
0.614292 0.136842 -0.123875 -0.020339
0.136842 0.053305 -0.021234 -0.005096
-0.123875 -0.021234 0.646205 0.141539
-0.020339 -0.005096 0.141539 0.056706
17.578723 1.854370 16.658050 1.817703
0.578916 0.124683 -0.111269 -0.017498
0.124683 0.049656 -0.018207 -0.004342
-0.111269 -0.018207 0.604153 0.128853
-0.017498 -0.004342 0.128853 0.052660
18.661584 1.893367 18.180867 1.949231
0.549671 0.115819 -0.084463 -0.011827
0.115819 0.047318 -0.012447 -0.003049
-0.084463 -0.012447 0.563785 0.118282
-0.011827 -0.003049 0.118282 0.049679
18.720295 1.709044 19.289461 1.968066
0.519037 0.108019 -0.047907 -0.004648
0.108019 0.045563 -0.005227 -0.001558
-0.047907 -0.005227 0.521562 0.108619
-0.004648 -0.001558 0.108619 0.047289
18.383584 1.462523 20.334914 1.970293
0.487232 0.100701 -0.041693 -0.004367
0.100701 0.044071 -0.004909 -0.001608
-0.041693 -0.004909 0.476997 0.099115
-0.004367 -0.001608 0.099115 0.045124
18.728965 1.384558 21.624773 2.031222
0.471927 0.097662 -0.031210 -0.002900
0.097662 0.043628 -0.003385 -0.001323
-0.031210 -0.003385 0.456044 0.095410
-0.002900 -0.001323 0.095410 0.044370
19.321697 1.364655 22.785629 2.061296
0.474074 0.098513 -0.030001 -0.003265
0.098513 0.044006 -0.003659 -0.001385
-0.030001 -0.003659 0.458783 0.096841
-0.003265 -0.001385 0.096841 0.044718
19.359834 1.229364 23.648827 2.022116
0.463513 0.096657 -0.023901 -0.002517
0.096657 0.043771 -0.002862 -0.001208
-0.023901 -0.002862 0.445841 0.094690
-0.002517 -0.001208 0.094690 0.044248
19.642881 1.156619 23.854927 1.848241
0.460536 0.096461 -0.038730 -0.006168
0.096461 0.043865 -0.006393 -0.001942
-0.038730 -0.006393 0.439382 0.093895
-0.006168 -0.001942 0.093895 0.044059
20.116122 1.136688 25.321875 1.964731
0.457191 0.096322 -0.016080 -0.001321
0.096322 0.043972 -0.001572 -0.000803
-0.016080 -0.001572 0.444581 0.095734
-0.001321 -0.000803 0.095734 0.044466
20.644522 1.128201 26.295415 1.962674
0.469774 0.099424 -0.013949 -0.001261
0.099424 0.044710 -0.001462 -0.000768
-0.013949 -0.001462 0.462361 0.099888
-0.001261 -0.000768 0.099888 0.045289
20.754401 1.031791 27.211892 1.947352
0.461755 0.097854 0.003691 0.002148
0.097854 0.044385 0.001940 -0.000025
0.003691 0.001940 0.461995 0.099679
0.002148 -0.000025 0.099679 0.045100
20.460385 0.860125 28.455743 2.004254
0.441657 0.093833 0.030861 0.007343
0.093833 0.043559 0.007123 0.001051
0.030861 0.007123 0.458451 0.098773
0.007343 0.001051 0.098773 0.044788
20.878923 0.857810 29.304783 1.971309
0.452156 0.096640 0.026958 0.005482
0.096640 0.044238 0.005304 0.000561
0.026958 0.005304 0.473023 0.101800
0.005482 0.000561 0.101800 0.045352
22.168153 1.042455 30.185349 1.946921
0.439081 0.094101 0.004074 -0.000071
0.094101 0.043699 -0.000244 -0.000634
0.004074 -0.000244 0.474860 0.101829
-0.000071 -0.000634 0.101829 0.045240
22.698074 1.044655 31.017540 1.916721
0.426070 0.091691 0.008997 0.000990
0.091691 0.043205 0.000830 -0.000281
0.008997 0.000830 0.475706 0.101608
0.000990 -0.000281 0.101608 0.045090
23.530547 1.112235 31.808920 1.880433
0.443409 0.096011 0.009575 0.000995
0.096011 0.044191 0.000868 -0.000199
0.009575 0.000868 0.492641 0.104884
0.000995 -0.000199 0.104884 0.045720
24.528405 1.207488 32.943172 1.920459
0.417014 0.090372 -0.000391 -0.001081
0.090372 0.042914 -0.001300 -0.000568
-0.000391 -0.001300 0.494633 0.104727
-0.001081 -0.000568 0.104727 0.045587
26.012411 1.399605 33.823163 1.901854
0.375939 0.082039 -0.029492 -0.006940
0.082039 0.041157 -0.007392 -0.001731
-0.029492 -0.007392 0.485885 0.102427
-0.006940 -0.001731 0.102427 0.045048
27.444102 1.561778 35.095641 1.969482
0.374005 0.082886 -0.043257 -0.009102
0.082886 0.041507 -0.009618 -0.002017
-0.043257 -0.009618 0.502898 0.105779
-0.009102 -0.002017 0.105779 0.045752
28.213928 1.559729 36.287712 2.012900
0.385898 0.086555 -0.040079 -0.007556
0.086555 0.042397 -0.007909 -0.001488
-0.040079 -0.007909 0.519984 0.108865
-0.007556 -0.001488 0.108865 0.046349
28.901118 1.539732 37.561577 2.068259
0.398548 0.089835 -0.045978 -0.008145
0.089835 0.043069 -0.008500 -0.001525
-0.045978 -0.008500 0.541478 0.112602
-0.008145 -0.001525 0.112602 0.047041
29.971789 1.605585 38.140845 1.975732
0.396919 0.089440 -0.051921 -0.008828
0.089440 0.042832 -0.009214 -0.001626
-0.051921 -0.009214 0.542508 0.111822
-0.008828 -0.001626 0.111822 0.046763
30.847021 1.623227 39.348412 2.021267
0.386485 0.087033 -0.057975 -0.009607
0.087033 0.042165 -0.009869 -0.001742
-0.057975 -0.009869 0.561475 0.114925
-0.009607 -0.001742 0.114925 0.047344
31.257799 1.530622 40.105306 1.966742
0.394363 0.089002 -0.058674 -0.009182
0.089002 0.042557 -0.009462 -0.001625
-0.058674 -0.009462 0.561435 0.113991
-0.009182 -0.001625 0.113991 0.047084
32.273797 1.587044 41.037253 1.958283
0.412023 0.092974 -0.052970 -0.007512
0.092974 0.043371 -0.007736 -0.001256
-0.052970 -0.007736 0.561491 0.113350
-0.007512 -0.001256 0.113350 0.046951
33.155937 1.600430 41.172637 1.788812
0.410686 0.092272 -0.040078 -0.004786
0.092272 0.043070 -0.004854 -0.000738
-0.040078 -0.004854 0.535187 0.107623
-0.004786 -0.000738 0.107623 0.045836
33.690657 1.539493 41.886633 1.750362
0.420512 0.094074 -0.040816 -0.005012
0.094074 0.043361 -0.005158 -0.000885
-0.040816 -0.005158 0.535319 0.107732
-0.005012 -0.000885 0.107732 0.045981
34.114943 1.461528 42.638942 1.723003
0.435109 0.096788 -0.042035 -0.005295
0.096788 0.043850 -0.005569 -0.001028
-0.042035 -0.005569 0.532008 0.107164
-0.005295 -0.001028 0.107164 0.045970
34.520540 1.385924 42.976969 1.614783
0.433004 0.095655 -0.031946 -0.003398
0.095655 0.043485 -0.003568 -0.000691
-0.031946 -0.003568 0.508999 0.102762
-0.003398 -0.000691 0.102762 0.045193
34.979272 1.335267 43.928856 1.642661
0.461837 0.101414 -0.041569 -0.005463
0.101414 0.044678 -0.005908 -0.001208
-0.041569 -0.005908 0.515326 0.104568
-0.005463 -0.001208 0.104568 0.045698
37.103952 1.647254 43.832972 1.464641
0.371449 0.081520 0.091459 0.021024
0.081520 0.040376 0.022176 0.004373
0.091459 0.022176 0.367350 0.075574
0.021024 0.004373 0.075574 0.040031
37.608030 1.575804 44.685115 1.491180
0.394491 0.087700 0.068276 0.013566
0.087700 0.042001 0.014307 0.002259
0.068276 0.014307 0.384029 0.082109
0.013566 0.002259 0.082109 0.041900
38.364455 1.565522 45.925838 1.600282
0.425088 0.094960 0.044398 0.006740
0.094960 0.043695 0.007313 0.000580
0.044398 0.007313 0.404008 0.088524
0.006740 0.000580 0.088524 0.043486
