-0.010686 0.957820 0.300054 -0.772023
2.555468 1.022209 -0.578025 -0.231215
1.022209 80.412959 -0.231215 -0.092488
-0.578025 -0.231215 4.583669 1.833507
-0.231215 -0.092488 1.833507 80.737486
5.639656 9.935566 -0.854627 -1.764531
2.631745 4.520765 -1.480096 -2.234140
4.520765 16.353630 -2.445988 -5.154480
-1.480096 -2.445988 3.020764 4.731287
-2.234140 -5.154480 4.731287 21.155568
7.657015 6.601809 -0.407434 -0.515687
2.165976 2.524579 0.130309 0.437602
2.524579 4.910985 0.256292 0.002924
0.130309 0.256292 1.504265 1.858361
0.437602 0.002924 1.858361 5.365559
7.309218 3.449115 1.682977 1.766556
1.133510 0.934468 0.721654 0.692740
0.934468 1.490056 0.576900 0.326684
0.721654 0.576900 1.041608 1.003374
0.692740 0.326684 1.003374 1.951097
8.385173 2.656135 4.519549 3.583517
0.711083 0.480747 0.478874 0.301843
0.480747 0.641878 0.214535 0.064539
0.478874 0.214535 1.058932 0.847950
0.301843 0.064539 0.847950 1.056427
9.268099 2.471236 5.369498 3.001680
0.833811 0.521751 0.229615 0.046381
0.521751 0.489318 0.008497 -0.060497
0.229615 0.008497 1.245829 0.816941
0.046381 -0.060497 0.816941 0.718180
9.164275 1.912033 4.612957 1.900375
0.696665 0.379012 -0.143787 -0.129847
0.379012 0.297976 -0.167225 -0.108389
-0.143787 -0.167225 1.360093 0.736134
-0.129847 -0.108389 0.736134 0.499119
9.991145 1.852335 5.607387 1.924714
0.828299 0.380417 -0.213162 -0.125124
0.380417 0.233208 -0.142665 -0.068155
-0.213162 -0.142665 1.336528 0.594599
-0.125124 -0.068155 0.594599 0.329711
10.091244 1.514327 7.560058 2.310441
0.777529 0.306093 -0.247252 -0.106611
0.306093 0.162580 -0.117168 -0.042380
-0.247252 -0.117168 1.205388 0.455820
-0.106611 -0.042380 0.455820 0.219598
11.049515 1.586787 8.202438 2.140586
0.822692 0.284227 -0.262416 -0.090839
0.284227 0.131461 -0.097854 -0.028482
-0.262416 -0.097854 1.166469 0.385279
-0.090839 -0.028482 0.385279 0.164641
11.288705 1.416084 8.992602 2.056988
0.761405 0.234530 -0.290093 -0.084050
0.234530 0.100522 -0.089362 -0.022003
-0.290093 -0.089362 1.049017 0.308587
-0.084050 -0.022003 0.308587 0.122453
11.810921 1.367727 10.775772 2.258819
0.722665 0.202529 -0.239947 -0.059026
0.202529 0.082170 -0.062826 -0.012540
-0.239947 -0.062826 0.902579 0.241249
-0.059026 -0.012540 0.241249 0.092767
13.200952 1.554449 12.121049 2.320968
0.686478 0.177685 -0.217782 -0.046677
0.177685 0.069765 -0.049628 -0.008434
-0.217782 -0.049628 0.821868 0.203328
-0.046677 -0.008434 0.203328 0.076555
13.716763 1.485372 12.867332 2.219525
0.656907 0.159244 -0.199822 -0.037949
0.159244 0.061499 -0.040404 -0.006027
-0.199822 -0.040404 0.756035 0.175660
-0.037949 -0.006027 0.175660 0.065875
13.926933 1.353111 13.401644 2.081450
0.627178 0.144229 -0.177154 -0.029945
0.144229 0.055663 -0.031998 -0.004202
-0.177154 -0.031998 0.697447 0.154286
-0.029945 -0.004202 0.154286 0.058534
14.382649 1.304548 14.511105 2.092618
0.605931 0.133926 -0.142701 -0.020668
0.133926 0.051993 -0.022418 -0.002335
-0.142701 -0.022418 0.648244 0.138444
-0.020668 -0.002335 0.138444 0.053654
14.819093 1.257864 15.571636 2.091891
0.567708 0.121787 -0.103421 -0.012055
0.121787 0.048588 -0.013525 -0.000889
-0.103421 -0.013525 0.585622 0.122116
-0.012055 -0.000889 0.122116 0.049428
15.351680 1.243790 17.045287 2.179338
0.565379 0.118634 -0.094718 -0.010265
0.118634 0.047529 -0.011691 -0.000894
-0.094718 -0.011691 0.564228 0.115901
-0.010265 -0.000894 0.115901 0.047765
16.375099 1.328744 18.221468 2.203580
0.536099 0.110964 -0.055987 -0.002979
0.110964 0.045831 -0.004035 0.000254
-0.055987 -0.004035 0.531848 0.108722
-0.002979 0.000254 0.108722 0.046229
16.928842 1.309477 19.600598 2.258933
0.514293 0.105816 -0.019060 0.003383
0.105816 0.044867 0.002442 0.001141
-0.019060 0.002442 0.498104 0.101962
0.003383 0.001141 0.101962 0.044929
17.918189 1.373617 20.287319 2.171663
0.486690 0.099847 -0.004347 0.004665
0.099847 0.043791 0.003948 0.000995
-0.004347 0.003948 0.472377 0.097140
0.004665 0.000995 0.097140 0.044066
18.395284 1.328598 21.124993 2.118428
0.477990 0.098336 0.001490 0.004402
0.098336 0.043714 0.003799 0.000650
0.001490 0.003799 0.460748 0.095518
0.004402 0.000650 0.095518 0.043897
18.947069 1.303881 21.899538 2.058237
0.459071 0.094997 0.029607 0.008943
0.094997 0.043272 0.008397 0.001385
0.029607 0.008397 0.440987 0.092376
0.008943 0.001385 0.092376 0.043415
19.574054 1.298519 22.844402 2.040346
0.463925 0.096720 0.019462 0.005319
0.096720 0.043854 0.004911 0.000446
0.019462 0.004911 0.447670 0.094769
0.005319 0.000446 0.094769 0.044053
20.271220 1.308542 24.111928 2.093082
0.469693 0.098448 0.008186 0.001975
0.098448 0.044358 0.001682 -0.000300
0.008186 0.001682 0.457880 0.097581
0.001975 -0.000300 0.097581 0.044690
20.487354 1.216732 24.832247 2.023593
0.464052 0.097569 0.011585 0.002236
0.097569 0.044246 0.001990 -0.000190
0.011585 0.001990 0.453163 0.096837
0.002236 -0.000190 0.096837 0.044489
20.924937 1.180121 26.165196 2.092656
0.464440 0.097993 0.021682 0.004011
0.097993 0.044399 0.003766 0.000243
0.021682 0.003766 0.461811 0.098946
0.004011 0.000243 0.098946 0.044903
21.823851 1.245469 27.226112 2.095051
0.467223 0.098844 0.026704 0.004616
0.098844 0.044614 0.004383 0.000403
0.026704 0.004383 0.472324 0.101192
0.004616 0.000403 0.101192 0.045302
23.242865 1.415699 27.890011 2.010397
0.449628 0.095313 0.013969 0.001525
0.095313 0.043880 0.001344 -0.000202
0.013969 0.001344 0.460962 0.098560
0.001525 -0.000202 0.098560 0.044637
24.047169 1.435819 29.017532 2.036244
0.465878 0.099271 0.003104 -0.000894
0.099271 0.044789 -0.001056 -0.000630
0.003104 -0.001056 0.483345 0.103396
-0.000894 -0.000630 0.103396 0.045637
24.722276 1.429129 29.222690 1.863237
0.467000 0.099482 0.015395 0.001960
0.099482 0.044786 0.001851 0.000122
0.015395 0.001851 0.478131 0.101779
0.001960 0.000122 0.101779 0.045158
25.507843 1.443971 30.249771 1.883309
0.475068 0.101195 0.009754 0.000707
0.101195 0.045117 0.000589 -0.000096
0.009754 0.000589 0.494515 0.105006
0.000707 -0.000096 0.105006 0.045786
25.492499 1.288095 30.853410 1.813815
0.463436 0.098545 0.002384 -0.000705
0.098545 0.044494 -0.000842 -0.000319
0.002384 -0.000842 0.495325 0.104648
-0.000705 -0.000319 0.104648 0.045613
25.790315 1.214846 31.562707 1.772958
0.461776 0.098239 0.012399 0.001653
0.098239 0.044423 0.001550 0.000267
0.012399 0.001550 0.501545 0.105488
0.001653 0.000267 0.105488 0.045724
27.120178 1.368243 32.672808 1.818331
0.447233 0.095272 -0.007723 -0.002525
0.095272 0.043804 -0.002713 -0.000600
-0.007723 -0.002713 0.503609 0.105500
-0.002525 -0.000600 0.105500 0.045684
27.937167 1.396046 34.067215 1.919440
0.441004 0.094314 -0.026457 -0.006027
0.094314 0.043653 -0.006302 -0.001259
-0.026457 -0.006302 0.520779 0.108707
-0.006027 -0.001259 0.108707 0.046330
28.392917 1.344090 35.360782 1.988647
0.446258 0.095833 -0.024165 -0.004869
0.095833 0.044024 -0.005070 -0.000880
-0.024165 -0.005070 0.539069 0.111870
-0.004869 -0.000880 0.111870 0.046920
28.664896 1.258146 36.487249 2.015339
0.436916 0.093993 -0.034718 -0.006570
0.093993 0.043620 -0.006802 -0.001179
-0.034718 -0.006802 0.550537 0.113384
-0.006570 -0.001179 0.113384 0.047139
29.897998 1.387903 37.182199 1.952895
0.408229 0.088079 -0.051123 -0.009426
0.088079 0.042354 -0.009732 -0.001731
-0.051123 -0.009732 0.548711 0.112116
-0.009426 -0.001731 0.112116 0.046797
30.558940 1.381717 38.408439 2.003617
0.402296 0.087619 -0.051259 -0.008727
0.087619 0.042365 -0.008905 -0.001484
-0.051259 -0.008905 0.559511 0.113709
-0.008727 -0.001484 0.113709 0.047109
31.333874 1.398213 39.031354 1.927328
0.410278 0.090130 -0.050854 -0.008028
0.090130 0.042982 -0.008234 -0.001308
-0.050854 -0.008234 0.554688 0.112085
-0.008028 -0.001308 0.112085 0.046763
31.870741 1.362380 40.008001 1.928905
0.414376 0.091392 -0.053460 -0.008127
0.091392 0.043232 -0.008319 -0.001332
-0.053460 -0.008319 0.562537 0.113259
-0.008127 -0.001332 0.113259 0.047029
32.794320 1.418543 41.317310 2.000043
0.437208 0.096639 -0.050498 -0.007044
0.096639 0.044335 -0.007239 -0.001106
-0.050498 -0.007239 0.571371 0.114638
-0.007044 -0.001106 0.114638 0.047335
33.211593 1.353255 42.207865 1.975949
0.419227 0.092331 -0.038984 -0.004730
0.092331 0.043233 -0.004591 -0.000668
-0.038984 -0.004591 0.561305 0.112239
-0.004730 -0.000668 0.112239 0.046880
33.371104 1.236895 42.891560 1.911382
0.419868 0.092515 -0.035861 -0.004202
0.092515 0.043227 -0.004149 -0.000674
-0.035861 -0.004149 0.544249 0.108678
-0.004202 -0.000674 0.108678 0.046232
33.673192 1.167599 43.934286 1.926704
0.423526 0.093340 -0.030384 -0.003243
0.093340 0.043368 -0.003175 -0.000559
-0.030384 -0.003175 0.535104 0.107085
-0.003243 -0.000559 0.107085 0.046036
34.152663 1.141081 44.321901 1.810263
0.427586 0.094199 -0.017474 -0.000873
0.094199 0.043516 -0.000815 -0.000165
-0.017474 -0.000815 0.498703 0.100196
-0.000873 -0.000165 0.100196 0.044785
34.677174 1.128039 44.661094 1.695138
0.447220 0.098326 -0.016046 -0.000932
0.098326 0.044360 -0.001087 -0.000301
-0.016046 -0.001087 0.474702 0.096281
-0.000932 -0.000301 0.096281 0.044191
35.333677 1.146458 45.089044 1.609305
0.455900 0.099693 -0.003292 0.001318
0.099693 0.044545 0.001199 0.000103
-0.003292 0.001199 0.445674 0.091578
0.001318 0.000103 0.091578 0.043437
35.725139 1.107931 46.207219 1.674207
0.469743 0.102046 -0.004210 0.000603
0.102046 0.044943 0.000443 -0.000132
-0.004210 0.000443 0.441603 0.092210
0.000603 -0.000132 0.092210 0.043770
