-0.010211 0.958010 2.767565 0.215003
2.539097 1.015661 -0.566832 -0.226738
1.015661 80.410340 -0.226738 -0.090697
-0.566832 -0.226738 4.157005 1.662838
-0.226738 -0.090697 1.662838 80.669216
2.309142 4.183488 3.235750 0.879947
2.711164 4.659809 -1.542866 -2.375463
4.659809 16.552177 -2.527533 -5.358820
-1.542866 -2.527533 3.682708 5.888418
-2.375463 -5.358820 5.888418 22.172680
5.944150 5.749000 0.248787 -2.936534
2.629850 2.968295 -1.022980 -0.928350
2.968295 5.326650 -0.988594 -1.445552
-1.022980 -0.988594 3.059107 3.441323
-0.928350 -1.445552 3.441323 6.913075
7.091910 4.410047 1.852610 -0.403553
1.397399 1.162186 0.544864 0.534403
1.162186 1.715153 0.465643 0.187126
0.544864 0.465643 0.694087 0.619019
0.534403 0.187126 0.619019 1.672857
8.098329 3.161406 4.476294 2.349182
0.776869 0.499938 0.472776 0.337262
0.499938 0.660060 0.238575 0.083861
0.472776 0.238575 0.776813 0.655573
0.337262 0.083861 0.655573 0.976924
8.800548 2.579539 5.731900 2.535939
0.637634 0.391571 0.168054 0.034538
0.391571 0.419549 -0.015830 -0.075261
0.168054 -0.015830 0.921923 0.667135
0.034538 -0.075261 0.667135 0.672854
9.971308 2.501594 7.168931 2.643823
0.748939 0.409501 -0.042795 -0.087470
0.409501 0.324386 -0.110697 -0.092253
-0.042795 -0.110697 1.102735 0.642306
-0.087470 -0.092253 0.642306 0.474946
10.543210 2.216634 7.924388 2.409218
0.891374 0.413225 -0.149375 -0.110473
0.413225 0.254948 -0.121039 -0.068232
-0.149375 -0.121039 1.208690 0.573161
-0.110473 -0.068232 0.573161 0.334633
10.579861 1.835133 7.567417 1.820441
0.758901 0.304645 -0.329761 -0.148416
0.304645 0.167196 -0.156457 -0.062944
-0.329761 -0.156457 1.145800 0.459294
-0.148416 -0.062944 0.459294 0.228500
10.675694 1.547678 8.619108 1.875660
0.732173 0.258008 -0.342036 -0.123345
0.258008 0.125880 -0.128536 -0.041490
-0.342036 -0.128536 1.078504 0.373006
-0.123345 -0.041490 0.373006 0.163771
10.533711 1.259229 10.200184 2.070512
0.729654 0.230074 -0.293453 -0.088151
0.230074 0.101856 -0.091539 -0.024023
-0.293453 -0.091539 0.949730 0.290213
-0.088151 -0.024023 0.290213 0.118078
11.860547 1.458747 10.939215 1.993854
0.698292 0.200227 -0.239985 -0.060981
0.200227 0.083423 -0.063221 -0.013477
-0.239985 -0.063221 0.868975 0.240070
-0.060981 -0.013477 0.240070 0.092643
12.214551 1.361257 12.228456 2.064601
0.670444 0.177187 -0.229870 -0.051218
0.177187 0.070915 -0.053493 -0.010020
-0.229870 -0.053493 0.771717 0.195730
-0.051218 -0.010020 0.195730 0.074203
12.713982 1.312501 13.019540 2.003729
0.659229 0.163252 -0.187682 -0.035782
0.163252 0.063461 -0.037554 -0.005694
-0.187682 -0.037554 0.726205 0.172650
-0.035782 -0.005694 0.172650 0.064664
13.346672 1.304565 13.860872 1.966577
0.649828 0.152004 -0.176734 -0.030344
0.152004 0.058063 -0.031983 -0.004456
-0.176734 -0.031983 0.692053 0.155813
-0.030344 -0.004456 0.155813 0.058241
14.222261 1.349795 14.487181 1.891786
0.624963 0.139270 -0.173504 -0.027906
0.139270 0.053368 -0.029338 -0.004089
-0.173504 -0.029338 0.655147 0.141125
-0.027906 -0.004089 0.141125 0.053416
14.826933 1.338483 15.684499 1.944144
0.600298 0.129186 -0.146191 -0.020860
0.129186 0.050186 -0.022145 -0.002772
-0.146191 -0.022145 0.609979 0.127439
-0.020860 -0.002772 0.127439 0.049701
15.457172 1.331177 16.717812 1.956239
0.592720 0.124513 -0.113254 -0.013344
0.124513 0.048724 -0.014368 -0.001399
-0.113254 -0.014368 0.593068 0.121714
-0.013344 -0.001399 0.121714 0.048218
15.737074 1.252267 17.790212 1.969184
0.571329 0.117671 -0.090340 -0.009058
0.117671 0.047038 -0.010064 -0.000911
-0.090340 -0.010064 0.554371 0.112224
-0.009058 -0.000911 0.112224 0.046152
16.705074 1.321295 18.697574 1.958763
0.541931 0.110343 -0.060319 -0.003879
0.110343 0.045537 -0.004599 -0.000203
-0.060319 -0.004599 0.526305 0.106182
-0.003879 -0.000203 0.106182 0.045058
17.596810 1.371782 19.938764 2.015127
0.514095 0.104026 -0.049229 -0.002921
0.104026 0.044376 -0.003519 -0.000381
-0.049229 -0.003519 0.495627 0.099999
-0.002921 -0.000381 0.099999 0.043987
18.363123 1.390588 21.159274 2.059555
0.499133 0.101287 -0.020712 0.001807
0.101287 0.044109 0.001303 0.000326
-0.020712 0.001303 0.479788 0.097659
0.001807 0.000326 0.097659 0.043826
18.855048 1.352757 22.589007 2.139790
0.473753 0.096472 -0.014345 0.001613
0.096472 0.043373 0.001188 -0.000002
-0.014345 0.001188 0.452246 0.092801
0.001613 -0.000002 0.092801 0.043064
19.794067 1.410346 24.181626 2.250444
0.472555 0.097024 -0.012757 0.000844
0.097024 0.043769 0.000546 -0.000301
-0.012757 0.000546 0.457955 0.095146
0.000844 -0.000301 0.095146 0.043808
20.368456 1.379922 24.654563 2.112933
0.475634 0.098400 -0.005601 0.001477
0.098400 0.044270 0.001206 -0.000252
-0.005601 0.001206 0.459324 0.096288
0.001477 -0.000252 0.096288 0.044196
21.116591 1.391443 25.544735 2.078070
0.473477 0.098521 0.007955 0.003509
0.098521 0.044438 0.003269 0.000119
0.007955 0.003269 0.462304 0.097576
0.003509 0.000119 0.097576 0.044550
21.513662 1.329055 26.606076 2.082203
0.461482 0.096473 0.007109 0.002422
0.096473 0.044103 0.002250 -0.000160
0.007109 0.002250 0.459235 0.097319
0.002422 -0.000160 0.097319 0.044509
21.748082 1.238562 27.586680 2.069079
0.475154 0.099948 0.002295 0.000774
0.099948 0.044932 0.000644 -0.000496
0.002295 0.000644 0.477063 0.101459
0.000774 -0.000496 0.101459 0.045389
21.819300 1.123004 28.754746 2.097526
0.479378 0.101035 0.000348 0.000004
0.101035 0.045162 -0.000102 -0.000599
0.000348 -0.000102 0.491625 0.104444
0.000004 -0.000599 0.104444 0.045937
22.464960 1.140775 29.769362 2.090253
0.482017 0.101645 0.003764 0.000530
0.101645 0.045265 0.000435 -0.000409
0.003764 0.000435 0.502986 0.106443
0.000530 -0.000409 0.106443 0.046234
22.891295 1.110913 30.322376 1.986789
0.478681 0.100920 0.004132 0.000430
0.100920 0.045077 0.000352 -0.000361
0.004132 0.000352 0.501752 0.105621
0.000430 -0.000361 0.105621 0.045931
23.458635 1.113557 31.203992 1.963339
0.480162 0.101268 0.005876 0.000680
0.101268 0.045132 0.000609 -0.000242
0.005876 0.000609 0.511265 0.107190
0.000680 -0.000242 0.107190 0.046182
24.003010 1.110651 32.394851 2.007004
0.470283 0.099175 0.006470 0.000725
0.099175 0.044668 0.000641 -0.000176
0.006470 0.000641 0.522059 0.108922
0.000725 -0.000176 0.108922 0.046465
24.629520 1.126320 32.972414 1.918527
0.468454 0.098975 0.003967 0.000147
0.098975 0.044643 0.000069 -0.000242
0.003967 0.000069 0.520940 0.108080
0.000147 -0.000242 0.108080 0.046211
25.700026 1.234438 33.410394 1.810115
0.458876 0.097116 0.006319 0.000669
0.097116 0.044260 0.000617 -0.000068
0.006319 0.000617 0.512548 0.105894
0.000669 -0.000068 0.105894 0.045726
25.877936 1.142349 33.467650 1.635847
0.465073 0.098768 -0.004953 -0.001675
0.098768 0.044649 -0.001770 -0.000523
-0.004953 -0.001770 0.507257 0.104644
-0.001675 -0.000523 0.104644 0.045498
26.502596 1.153090 34.957556 1.774394
0.421753 0.089679 -0.014263 -0.003333
0.089679 0.042706 -0.003517 -0.000799
-0.014263 -0.003517 0.517552 0.106759
-0.003333 -0.000799 0.106759 0.045985
27.049190 1.146596 36.351403 1.878717
0.403525 0.086713 -0.027785 -0.005759
0.086713 0.042212 -0.006032 -0.001232
-0.027785 -0.006032 0.536020 0.110370
-0.005759 -0.001232 0.110370 0.046737
28.195020 1.271528 37.552568 1.933082
0.403785 0.087855 -0.038784 -0.007474
0.087855 0.042593 -0.007813 -0.001496
-0.038784 -0.007813 0.552961 0.113343
-0.007474 -0.001496 0.113343 0.047298
29.024987 1.313759 38.336576 1.896371
0.375188 0.082366 -0.047021 -0.008602
0.082366 0.041428 -0.008922 -0.001644
-0.047021 -0.008922 0.555886 0.113229
-0.008602 -0.001644 0.113229 0.047196
30.015474 1.389184 39.513687 1.944258
0.378152 0.084229 -0.048390 -0.008222
0.084229 0.041945 -0.008463 -0.001469
-0.048390 -0.008463 0.569042 0.115315
-0.008222 -0.001469 0.115315 0.047580
30.851035 1.422241 40.724303 1.993178
0.383499 0.086259 -0.045986 -0.007200
0.086259 0.042401 -0.007318 -0.001199
-0.045986 -0.007318 0.577991 0.116453
-0.007200 -0.001199 0.116453 0.047764
31.480171 1.404901 41.930321 2.034724
0.393191 0.088918 -0.041668 -0.005953
0.088918 0.042924 -0.005987 -0.000933
-0.041668 -0.005987 0.579198 0.116037
-0.005953 -0.000933 0.116037 0.047645
32.186787 1.405094 42.826969 2.010625
0.408496 0.092465 -0.036790 -0.004746
0.092465 0.043585 -0.004822 -0.000729
-0.036790 -0.004822 0.565917 0.112871
-0.004746 -0.000729 0.112871 0.047012
33.139287 1.460385 43.638134 1.973453
0.406918 0.091857 -0.016184 -0.000670
0.091857 0.043270 -0.000340 0.000089
-0.016184 -0.000340 0.539316 0.107526
-0.000670 0.000089 0.107526 0.046033
33.617522 1.400332 43.991396 1.845298
0.432346 0.097225 -0.022563 -0.002218
0.097225 0.044316 -0.002381 -0.000422
-0.022563 -0.002381 0.514287 0.102837
-0.002218 -0.000422 0.102837 0.045228
34.295517 1.393967 44.615042 1.784890
0.439457 0.098018 -0.012049 -0.000313
0.098018 0.044279 -0.000369 -0.000082
-0.012049 -0.000369 0.489453 0.098651
-0.000313 -0.000082 0.098651 0.044581
34.769809 1.341335 44.644163 1.608020
0.428214 0.094768 0.007052 0.003135
0.094768 0.043400 0.003281 0.000565
0.007052 0.003281 0.441902 0.090109
0.003135 0.000565 0.090109 0.043055
34.955610 1.234708 45.528202 1.623509
0.438443 0.096588 0.000229 0.001078
0.096588 0.043739 0.001087 0.000000
0.000229 0.001087 0.442557 0.091953
0.001078 0.000000 0.091953 0.043700
35.473746 1.213594 46.765596 1.713077
0.469160 0.102768 -0.013053 -0.002062
0.102768 0.045023 -0.002194 -0.000716
-0.013053 -0.002194 0.454459 0.095769
-0.002062 -0.000716 0.095769 0.044631
