0.601028 1.202511 -1.742867 -1.589209
1.830025 0.732026 0.134921 0.053970
0.732026 80.296883 0.053970 0.021588
0.134921 0.053970 4.145131 1.658088
0.053970 0.021588 1.658088 80.667316
4.722205 7.533839 -0.181197 2.182186
2.919302 5.287519 -1.361679 -2.234046
5.287519 16.043643 -2.478880 -3.699402
-1.361679 -2.478880 1.775987 2.886835
-2.234046 -3.699402 2.886835 17.461633
7.032794 6.100224 2.986051 4.779201
1.221089 1.438884 0.617484 1.090654
1.438884 3.176618 0.791636 1.112349
0.617484 0.791636 0.949676 1.434888
1.090654 1.112349 1.434888 4.348827
7.993525 4.273119 4.221379 3.735616
1.431732 1.299969 0.334744 0.215147
1.299969 1.695197 0.154346 -0.012426
0.334744 0.154346 1.501243 1.609740
0.215147 -0.012426 1.609740 2.312837
7.287996 2.321056 5.924070 3.774841
0.454527 0.328906 -0.269817 -0.230856
0.328906 0.468322 -0.278569 -0.230652
-0.269817 -0.278569 1.636531 1.256345
-0.230856 -0.230652 1.256345 1.197664
8.416081 2.304640 7.456103 3.569135
0.697787 0.436247 -0.371189 -0.221905
0.436247 0.392436 -0.246978 -0.144250
-0.371189 -0.246978 1.634855 0.951305
-0.221905 -0.144250 0.951305 0.676766
9.592699 2.304202 6.334085 2.203589
0.832833 0.427778 -0.527404 -0.242755
0.427778 0.291312 -0.266256 -0.120668
-0.527404 -0.266256 1.372670 0.641766
-0.242755 -0.120668 0.641766 0.377056
10.098747 2.023082 7.637021 2.273380
0.891802 0.385509 -0.454094 -0.167039
0.385509 0.215246 -0.181019 -0.065502
-0.454094 -0.181019 1.290449 0.509490
-0.167039 -0.065502 0.509490 0.255284
10.609649 1.818544 7.881321 1.952518
0.768256 0.284533 -0.414999 -0.130328
0.284533 0.141897 -0.138603 -0.043230
-0.414999 -0.138603 1.142303 0.390800
-0.130328 -0.043230 0.390800 0.175196
12.504895 2.139614 8.239420 1.780418
0.738637 0.243268 -0.311931 -0.081849
0.243268 0.110004 -0.086084 -0.022492
-0.311931 -0.086084 1.050123 0.320598
-0.081849 -0.022492 0.320598 0.132112
12.904053 1.934449 9.039107 1.741538
0.723318 0.215027 -0.259801 -0.058844
0.215027 0.089976 -0.061799 -0.014157
-0.259801 -0.061799 0.975914 0.269982
-0.058844 -0.014157 0.269982 0.104546
13.057213 1.700660 9.420443 1.599630
0.696473 0.189098 -0.246757 -0.050936
0.189098 0.075220 -0.053217 -0.011445
-0.246757 -0.053217 0.927090 0.235498
-0.050936 -0.011445 0.235498 0.087034
12.555745 1.367659 11.152223 1.800294
0.617818 0.155277 -0.230050 -0.044485
0.155277 0.061720 -0.046651 -0.009773
-0.230050 -0.046651 0.794952 0.187561
-0.044485 -0.009773 0.187561 0.069901
12.834057 1.273485 12.328629 1.856162
0.616211 0.146514 -0.207663 -0.036385
0.146514 0.056987 -0.038696 -0.007573
-0.207663 -0.038696 0.734290 0.164175
-0.036385 -0.007573 0.164175 0.061509
13.891221 1.367191 13.023367 1.812554
0.554301 0.126132 -0.148067 -0.022472
0.126132 0.050664 -0.023946 -0.004412
-0.148067 -0.023946 0.641048 0.138010
-0.022472 -0.004412 0.138010 0.054063
13.711977 1.165164 13.379926 1.680102
0.512396 0.112193 -0.167896 -0.026888
0.112193 0.046543 -0.028675 -0.005659
-0.167896 -0.028675 0.568885 0.118523
-0.026888 -0.005659 0.118523 0.048825
14.322796 1.170928 14.193535 1.675045
0.519148 0.111702 -0.147833 -0.021511
0.111702 0.046185 -0.022998 -0.004330
-0.147833 -0.022998 0.562437 0.116042
-0.021511 -0.004330 0.116042 0.048034
14.847232 1.168881 15.681242 1.809914
0.522432 0.110808 -0.125071 -0.016304
0.110808 0.045855 -0.017758 -0.003257
-0.125071 -0.017758 0.541441 0.110911
-0.016304 -0.003257 0.110911 0.046814
15.625070 1.212568 16.737127 1.844834
0.525397 0.110008 -0.111990 -0.013689
0.110008 0.045611 -0.014934 -0.002788
-0.111990 -0.014934 0.536180 0.109454
-0.013689 -0.002788 0.109454 0.046461
16.353895 1.238255 17.654796 1.845972
0.522256 0.108477 -0.083500 -0.008242
0.108477 0.045344 -0.009231 -0.001762
-0.083500 -0.009231 0.527841 0.107815
-0.008242 -0.001762 0.107815 0.046173
16.720970 1.190099 18.881325 1.904667
0.499592 0.102973 -0.070592 -0.006790
0.102973 0.044253 -0.007767 -0.001736
-0.070592 -0.007767 0.488678 0.099708
-0.006790 -0.001736 0.099708 0.044516
17.660976 1.258933 19.620292 1.865269
0.503274 0.103635 -0.058018 -0.005000
0.103635 0.044579 -0.005740 -0.001453
-0.058018 -0.005740 0.496404 0.102048
-0.005000 -0.001453 0.102048 0.045167
18.655209 1.335769 20.681618 1.896410
0.496342 0.102195 -0.039049 -0.002081
0.102195 0.044456 -0.002671 -0.000968
-0.039049 -0.002671 0.490947 0.101435
-0.002081 -0.000968 0.101435 0.045137
18.969568 1.262200 21.571694 1.880781
0.486312 0.100280 -0.022063 0.000275
0.100280 0.044236 -0.000262 -0.000620
-0.022063 -0.000262 0.475924 0.098788
0.000275 -0.000620 0.098788 0.044660
19.897082 1.323466 22.498672 1.880261
0.478087 0.098925 -0.005743 0.002483
0.098925 0.044136 0.002041 -0.000265
-0.005743 0.002041 0.470370 0.098266
0.002483 -0.000265 0.098266 0.044642
20.366171 1.286474 24.103563 2.018860
0.474230 0.098564 0.008288 0.004235
0.098564 0.044225 0.003859 0.000020
0.008288 0.003859 0.468664 0.098472
0.004235 0.000020 0.098472 0.044744
20.849034 1.254305 25.689971 2.140097
0.469504 0.097984 0.012713 0.004001
0.097984 0.044230 0.003706 -0.000081
0.012713 0.003706 0.471064 0.099386
0.004001 -0.000081 0.099386 0.044954
21.282050 1.213625 26.786212 2.145481
0.470605 0.098640 0.020894 0.004794
0.098640 0.044470 0.004541 0.000086
0.020894 0.004541 0.477086 0.100908
0.004794 0.000086 0.100908 0.045259
22.056048 1.248540 28.044770 2.184642
0.477701 0.100457 0.016061 0.002924
0.100457 0.044915 0.002713 -0.000289
0.016061 0.002713 0.492351 0.104188
0.002924 -0.000289 0.104188 0.045901
22.661547 1.245193 28.872153 2.128757
0.475376 0.100055 0.024279 0.004165
0.100055 0.044835 0.003982 0.000058
0.024279 0.003982 0.494388 0.104306
0.004165 0.000058 0.104306 0.045815
23.225139 1.231842 30.217213 2.188031
0.468791 0.098785 0.026439 0.004147
0.098785 0.044576 0.003946 0.000120
0.026439 0.003946 0.504644 0.106169
0.004147 0.000120 0.106169 0.046121
23.441426 1.148321 31.063979 2.137695
0.468750 0.098995 0.027897 0.004076
0.098995 0.044644 0.003894 0.000185
0.027897 0.003894 0.510369 0.106920
0.004076 0.000185 0.106920 0.046182
24.550400 1.258672 32.796725 2.274022
0.427093 0.090439 0.005678 -0.000657
0.090439 0.042861 -0.001047 -0.000728
0.005678 -0.001047 0.509920 0.106456
-0.000657 -0.000728 0.106456 0.046023
25.513504 1.329007 34.219348 2.332197
0.410348 0.087858 -0.010754 -0.003780
0.087858 0.042466 -0.004283 -0.001230
-0.010754 -0.004283 0.517823 0.107788
-0.003780 -0.001230 0.107788 0.046262
26.150757 1.324067 35.008759 2.254202
0.407066 0.088231 -0.023308 -0.005843
0.088231 0.042681 -0.006373 -0.001481
-0.023308 -0.006373 0.518103 0.107427
-0.005843 -0.001481 0.107427 0.046138
26.459577 1.246875 36.041564 2.235017
0.401648 0.087906 -0.030428 -0.006627
0.087906 0.042667 -0.007149 -0.001469
-0.030428 -0.007149 0.525857 0.108682
-0.006627 -0.001469 0.108682 0.046372
27.001929 1.228853 36.978065 2.197677
0.413532 0.091264 -0.033331 -0.006535
0.091264 0.043424 -0.006999 -0.001302
-0.033331 -0.006999 0.533781 0.109898
-0.006535 -0.001302 0.109898 0.046591
27.894061 1.289515 37.650033 2.110697
0.411110 0.090986 -0.036576 -0.006622
0.090986 0.043277 -0.007041 -0.001227
-0.036576 -0.007041 0.533171 0.109306
-0.006622 -0.001227 0.109306 0.046435
28.461656 1.272819 38.846403 2.139295
0.416753 0.092447 -0.036449 -0.006070
0.092447 0.043522 -0.006381 -0.001038
-0.036449 -0.006381 0.546147 0.111627
-0.006070 -0.001038 0.111627 0.046908
28.363468 1.108573 39.647466 2.081517
0.408837 0.090671 -0.038444 -0.006137
0.090671 0.043018 -0.006388 -0.001036
-0.038444 -0.006388 0.546480 0.111196
-0.006137 -0.001036 0.111196 0.046788
29.071521 1.141190 40.342660 2.012067
0.402021 0.089308 -0.032477 -0.004646
0.089308 0.042660 -0.004716 -0.000708
-0.032477 -0.004716 0.542533 0.110050
-0.004646 -0.000708 0.110050 0.046559
29.630739 1.140452 41.715840 2.086456
0.409961 0.091306 -0.029244 -0.003832
0.091306 0.043075 -0.003804 -0.000557
-0.029244 -0.003804 0.554908 0.112371
-0.003832 -0.000557 0.112371 0.047061
30.247595 1.149619 42.507486 2.035848
0.418336 0.093141 -0.026769 -0.003288
0.093141 0.043407 -0.003296 -0.000504
-0.026769 -0.003296 0.546873 0.110388
-0.003288 -0.000504 0.110388 0.046657
30.973235 1.183410 43.578731 2.047348
0.442520 0.098284 -0.024258 -0.002735
0.098284 0.044450 -0.002833 -0.000447
-0.024258 -0.002833 0.541788 0.109247
-0.002735 -0.000447 0.109247 0.046469
32.005829 1.278578 44.123719 1.952728
0.424175 0.093601 0.000311 0.002000
0.093601 0.043261 0.002336 0.000513
0.000311 0.002336 0.512241 0.103409
0.002000 0.000513 0.103409 0.045370
32.243874 1.189929 45.005022 1.932124
0.433366 0.095397 -0.005591 0.000280
0.095397 0.043612 0.000390 -0.000003
-0.005591 0.000390 0.503836 0.102238
0.000280 -0.000003 0.102238 0.045268
33.520723 1.338616 45.617010 1.861542
0.433083 0.095047 0.020515 0.005273
0.095047 0.043491 0.005671 0.001017
0.020515 0.005671 0.469307 0.095868
0.005273 0.001017 0.095868 0.044104
33.700180 1.231295 46.359343 1.822277
0.442313 0.096784 0.009825 0.002324
0.096784 0.043837 0.002497 0.000242
0.009825 0.002497 0.457270 0.094497
0.002324 0.000242 0.094497 0.044003
34.422684 1.254625 46.855641 1.735518
0.468644 0.102122 0.004382 0.000809
0.102122 0.044951 0.000907 -0.000112
0.004382 0.000907 0.439590 0.091909
0.000809 -0.000112 0.091909 0.043601
35.270048 1.302422 47.234428 1.631826
0.496049 0.107186 0.001780 0.000079
0.107186 0.045919 0.000173 -0.000244
0.001780 0.000173 0.417506 0.088422
0.000079 -0.000244 0.088422 0.042981
