2.869347 2.109858 4.778626 1.019445
2.676312 1.070548 0.695362 0.278151
1.070548 80.432295 0.278151 0.111263
0.695362 0.278151 5.097044 2.038862
0.278151 0.111263 2.038862 80.819629
2.011417 -0.905637 -0.551346 -7.960165
3.757129 6.496789 0.272982 0.231764
6.496789 20.154602 0.189597 1.670427
0.272982 0.189597 5.530112 8.582427
0.231764 1.670427 8.582427 28.183685
4.930741 2.758847 -0.117592 -3.208846
3.164439 3.426919 -1.074618 -1.130368
3.426919 5.905443 -1.162642 -0.760349
-1.074618 -1.162642 0.854063 0.907917
-1.130368 -0.760349 0.907917 4.852389
6.425996 3.172975 0.240469 -0.676307
2.584538 2.133841 -0.216388 0.227240
2.133841 2.590676 -0.031321 0.344614
-0.216388 -0.031321 0.930431 1.147793
0.227240 0.344614 1.147793 2.398436
7.226934 2.901467 3.728866 2.619816
2.052695 1.347994 0.581549 0.674119
1.347994 1.280816 0.423672 0.426706
0.581549 0.423672 0.856937 0.798545
0.674119 0.426706 0.798545 1.065064
7.140690 2.068024 5.250251 2.749253
0.766306 0.410558 0.202680 0.147002
0.410558 0.441880 0.090443 0.035271
0.202680 0.090443 1.176307 0.809662
0.147002 0.035271 0.809662 0.703644
8.116914 2.052705 6.108632 2.471432
0.829145 0.411284 0.063990 0.025846
0.411284 0.339521 -0.004690 -0.023233
0.063990 -0.004690 1.401997 0.755467
0.025846 -0.023233 0.755467 0.490444
8.815069 1.881498 8.651857 3.050327
0.886422 0.390900 -0.030372 -0.024057
0.390900 0.260745 -0.040395 -0.031514
-0.030372 -0.040395 1.322966 0.582096
-0.024057 -0.031514 0.582096 0.311295
9.770448 1.899933 9.298229 2.723050
0.979097 0.381464 -0.086166 -0.041976
0.381464 0.210913 -0.052415 -0.028697
-0.086166 -0.052415 1.305995 0.487026
-0.041976 -0.028697 0.487026 0.222522
10.500162 1.836156 9.445925 2.331878
0.999510 0.345640 -0.149271 -0.055975
0.345640 0.166807 -0.063824 -0.026653
-0.149271 -0.063824 1.250602 0.405907
-0.055975 -0.026653 0.405907 0.164850
11.039995 1.724160 9.802037 2.100904
1.003230 0.311233 -0.165528 -0.052833
0.311233 0.134878 -0.058629 -0.020706
-0.165528 -0.058629 1.214301 0.350148
-0.052833 -0.020706 0.350148 0.129657
11.558298 1.628139 10.661778 2.052385
0.914105 0.257519 -0.153966 -0.042955
0.257519 0.105390 -0.046847 -0.014559
-0.153966 -0.046847 1.068898 0.278546
-0.042955 -0.014559 0.278546 0.098777
12.554971 1.676883 10.506614 1.769044
0.851518 0.221319 -0.150084 -0.037178
0.221319 0.086962 -0.040115 -0.011073
-0.150084 -0.040115 1.017044 0.243921
-0.037178 -0.011073 0.243921 0.083328
13.219053 1.634570 11.493104 1.791836
0.835682 0.203077 -0.100064 -0.022289
0.203077 0.076669 -0.023642 -0.006156
-0.100064 -0.023642 0.971547 0.217343
-0.022289 -0.006156 0.217343 0.072783
13.483371 1.507342 12.168290 1.744709
0.782305 0.179373 -0.090811 -0.018483
0.179373 0.067158 -0.019458 -0.004679
-0.090811 -0.019458 0.894197 0.188826
-0.018483 -0.004679 0.188826 0.063813
13.591056 1.370155 14.940298 2.127533
0.703367 0.154061 -0.014419 -0.001765
0.154061 0.059029 -0.001549 -0.000685
-0.014419 -0.001549 0.705051 0.142452
-0.001765 -0.000685 0.142452 0.052773
14.696256 1.458912 15.868747 2.101332
0.713020 0.151085 0.020223 0.004895
0.151085 0.056894 0.005556 0.000743
0.020223 0.005556 0.706694 0.139630
0.004895 0.000743 0.139630 0.051764
14.937136 1.359013 17.712368 2.254979
0.731450 0.150504 0.054248 0.010768
0.150504 0.055670 0.011669 0.001847
0.054248 0.011669 0.669428 0.129868
0.010768 0.001847 0.129868 0.049610
15.456516 1.326999 18.736182 2.235238
0.735730 0.147409 0.066326 0.011942
0.147409 0.054220 0.012798 0.001921
0.066326 0.012798 0.647833 0.124366
0.011942 0.001921 0.124366 0.048548
15.639741 1.235109 18.831951 2.041003
0.683529 0.133956 0.045411 0.006978
0.133956 0.051034 0.007600 0.000848
0.045411 0.007600 0.578959 0.110616
0.006978 0.000848 0.110616 0.046051
16.367548 1.258646 19.164147 1.908106
0.650987 0.125921 0.053188 0.008058
0.125921 0.049291 0.008559 0.001068
0.053188 0.008559 0.549714 0.105664
0.008058 0.001068 0.105664 0.045422
17.464212 1.348129 20.242320 1.930240
0.662318 0.127190 0.086647 0.013990
0.127190 0.049526 0.014315 0.002191
0.086647 0.014315 0.564821 0.109594
0.013990 0.002191 0.109594 0.046498
18.577314 1.430492 21.514605 1.987886
0.685917 0.130785 0.119736 0.019390
0.130785 0.050205 0.019500 0.003128
0.119736 0.019500 0.589936 0.115043
0.019390 0.003128 0.115043 0.047734
19.627943 1.492678 22.735171 2.029846
0.701778 0.132703 0.145429 0.023050
0.132703 0.050530 0.022961 0.003696
0.145429 0.022961 0.608543 0.118692
0.023050 0.003696 0.118692 0.048490
20.573066 1.529581 23.834230 2.044444
0.698511 0.130948 0.167297 0.025986
0.130948 0.050154 0.025687 0.004153
0.167297 0.025687 0.611843 0.118979
0.025986 0.004153 0.118979 0.048508
21.595330 1.576196 25.035511 2.076671
0.713056 0.133004 0.174258 0.025710
0.133004 0.050584 0.025375 0.003978
0.174258 0.025375 0.629359 0.122204
0.025710 0.003978 0.122204 0.049135
21.106784 1.349900 24.995777 1.881659
0.661903 0.123436 0.117465 0.013993
0.123436 0.048945 0.014130 0.001867
0.117465 0.014130 0.582849 0.113380
0.013993 0.001867 0.113380 0.047490
21.922175 1.371718 26.276666 1.946992
0.673146 0.125480 0.135821 0.017436
0.125480 0.049432 0.017302 0.002643
0.135821 0.017302 0.600270 0.116897
0.017436 0.002643 0.116897 0.048204
22.335627 1.323925 26.986743 1.898765
0.664016 0.123903 0.128260 0.015816
0.123903 0.049258 0.015728 0.002467
0.128260 0.015728 0.594269 0.115816
0.015816 0.002467 0.115816 0.048012
22.514186 1.221793 28.655481 2.048323
0.640005 0.119084 0.160110 0.022444
0.119084 0.048367 0.021605 0.003832
0.160110 0.021605 0.604532 0.117470
0.022444 0.003832 0.117470 0.048257
22.605548 1.124870 29.531716 2.027032
0.632031 0.118543 0.139341 0.017844
0.118543 0.048503 0.017302 0.003001
0.139341 0.017302 0.597341 0.116325
0.017844 0.003001 0.116325 0.048097
23.106374 1.106103 30.984288 2.115123
0.626924 0.117974 0.152535 0.020459
0.117974 0.048484 0.019657 0.003579
0.152535 0.019657 0.609693 0.118602
0.020459 0.003579 0.118602 0.048511
23.924360 1.150801 32.439326 2.189683
0.634516 0.120027 0.154978 0.020550
0.120027 0.048983 0.019815 0.003631
0.154978 0.019815 0.621476 0.120738
0.020550 0.003631 0.120738 0.048905
24.437663 1.135566 33.727587 2.228947
0.621767 0.118076 0.146228 0.018825
0.118076 0.048676 0.018063 0.003375
0.146228 0.018063 0.620960 0.120442
0.018825 0.003375 0.120442 0.048820
25.409202 1.213740 34.865304 2.227016
0.641096 0.122689 0.123933 0.014105
0.122689 0.049690 0.013970 0.002573
0.123933 0.013970 0.614162 0.119178
0.014105 0.002573 0.119178 0.048611
25.912214 1.193786 35.963930 2.225678
0.629301 0.120768 0.099104 0.009870
0.120768 0.049330 0.009783 0.001925
0.099104 0.009783 0.605110 0.117618
0.009870 0.001925 0.117618 0.048357
26.950489 1.285097 36.690085 2.143458
0.640857 0.123415 0.079012 0.006563
0.123415 0.049862 0.006973 0.001509
0.079012 0.006973 0.585954 0.114117
0.006563 0.001509 0.114117 0.047728
28.025344 1.367058 37.909273 2.167130
0.652562 0.125783 0.058832 0.003483
0.125783 0.050292 0.004032 0.001077
0.058832 0.004032 0.585260 0.114528
0.003483 0.001077 0.114528 0.047911
29.037827 1.432584 38.805830 2.126784
0.651614 0.125450 0.038630 0.000723
0.125450 0.050163 0.001360 0.000727
0.038630 0.001360 0.573898 0.112729
0.000723 0.000727 0.112729 0.047622
29.941013 1.470829 39.604030 2.072768
0.650345 0.125100 0.014697 -0.002685
0.125100 0.050057 -0.001968 0.000226
0.014697 -0.001968 0.563620 0.111261
-0.002685 0.000226 0.111261 0.047412
30.789724 1.495066 40.239965 1.992615
0.653048 0.125526 -0.011140 -0.006382
0.125526 0.050113 -0.005560 -0.000343
-0.011140 -0.005560 0.553930 0.109943
-0.006382 -0.000343 0.109943 0.047225
31.529667 1.494458 41.001007 1.945759
0.655159 0.125755 -0.036328 -0.009827
0.125755 0.050125 -0.008956 -0.000883
-0.036328 -0.008956 0.552888 0.110327
-0.009827 -0.000883 0.110327 0.047359
31.775998 1.398404 42.121064 1.975894
0.634247 0.121511 -0.057358 -0.012338
0.121511 0.049275 -0.011484 -0.001259
-0.057358 -0.011484 0.562289 0.112619
-0.012338 -0.001259 0.112619 0.047831
32.764775 1.454198 43.222812 1.999097
0.655124 0.125623 -0.076394 -0.014480
0.125623 0.050092 -0.013634 -0.001592
-0.076394 -0.013634 0.569558 0.114159
-0.014480 -0.001592 0.114159 0.048090
33.496826 1.453486 43.837047 1.921741
0.665354 0.127263 -0.097360 -0.017063
0.127263 0.050353 -0.016244 -0.002049
-0.097360 -0.016244 0.565277 0.113148
-0.017063 -0.002049 0.113148 0.047801
33.975199 1.407126 44.983682 1.957593
0.668430 0.127362 -0.117908 -0.019613
0.127362 0.050295 -0.018687 -0.002496
-0.117908 -0.018687 0.577375 0.115456
-0.019613 -0.002496 0.115456 0.048195
34.408396 1.354321 45.855060 1.933680
0.678479 0.128763 -0.140033 -0.022438
0.128763 0.050489 -0.021507 -0.003024
-0.140033 -0.021507 0.582725 0.116111
-0.022438 -0.003024 0.116111 0.048211
34.170113 1.173642 46.357386 1.830309
0.653136 0.123349 -0.153323 -0.023847
0.123349 0.049380 -0.022763 -0.003316
-0.153323 -0.022763 0.576073 0.114340
-0.023847 -0.003316 0.114340 0.047750
35.438306 1.297069 46.723834 1.728499
0.688215 0.130108 -0.159887 -0.023279
0.130108 0.050713 -0.022921 -0.003264
-0.159887 -0.022921 0.566625 0.112228
-0.023279 -0.003264 0.112228 0.047285
36.037188 1.290187 47.758662 1.762280
0.702011 0.132034 -0.173781 -0.024794
0.132034 0.050980 -0.024361 -0.003589
-0.173781 -0.024361 0.579503 0.114690
-0.024794 -0.003589 0.114690 0.047748
