1.978214 1.753397 2.802274 0.228887
1.142598 0.457049 0.012606 0.005042
0.457049 80.186890 0.005042 0.002017
0.012606 0.005042 2.177398 0.870978
0.005042 0.002017 0.870978 80.352465
3.997215 3.894374 2.040766 -1.326567
2.876245 5.390673 -2.062190 -3.662121
5.390673 14.327968 -3.866867 -6.826661
-2.062190 -3.866867 3.051496 5.416321
-3.662121 -6.826661 5.416321 17.144928
5.659611 3.533517 0.888517 -1.954964
2.544381 2.740208 -1.117463 -0.923273
2.740208 3.930882 -1.051922 -0.980030
-1.117463 -1.051922 2.209348 2.453465
-0.923273 -0.980030 2.453465 4.389547
9.574069 5.226052 0.849747 -0.966848
1.495112 1.131190 -0.376714 -0.181888
1.131190 1.249316 -0.229712 -0.197798
-0.376714 -0.229712 1.305622 1.067988
-0.181888 -0.197798 1.067988 1.482941
8.986273 3.349939 3.042053 0.672377
0.495260 0.303300 0.275840 0.209197
0.303300 0.388879 0.180703 0.073071
0.275840 0.180703 0.778039 0.535438
0.209197 0.073071 0.535438 0.656217
10.280415 3.132050 3.299085 0.645585
0.556691 0.318015 0.126574 0.045719
0.318015 0.296837 0.036616 -0.025944
0.126574 0.036616 0.813778 0.484026
0.045719 -0.025944 0.484026 0.442491
9.474970 1.898177 4.842704 1.387633
0.276978 0.134772 0.088639 0.030658
0.134772 0.136036 0.011502 -0.014895
0.088639 0.011502 0.811419 0.407138
0.030658 -0.014895 0.407138 0.295689
10.351574 1.871595 5.331921 1.302461
0.354321 0.165084 -0.002887 -0.019389
0.165084 0.124090 -0.029988 -0.027690
-0.002887 -0.029988 0.817496 0.355283
-0.019389 -0.027690 0.355283 0.215574
10.936786 1.697590 7.193652 1.772121
0.412536 0.172330 -0.079478 -0.045132
0.172330 0.106127 -0.051736 -0.028616
-0.079478 -0.051736 0.784185 0.298836
-0.045132 -0.028616 0.298836 0.158563
11.533302 1.598178 8.542175 1.932900
0.488069 0.181122 -0.129564 -0.054726
0.181122 0.094306 -0.058890 -0.025163
-0.129564 -0.058890 0.772467 0.261784
-0.054726 -0.025163 0.261784 0.124063
12.053000 1.510981 8.885624 1.747950
0.507233 0.168381 -0.197331 -0.066309
0.168381 0.079184 -0.070714 -0.024141
-0.197331 -0.070714 0.763440 0.233642
-0.066309 -0.024141 0.233642 0.101377
12.536989 1.429643 9.602163 1.705235
0.535021 0.160889 -0.224150 -0.064466
0.160889 0.069655 -0.068148 -0.019878
-0.224150 -0.068148 0.751190 0.209831
-0.064466 -0.019878 0.209831 0.085253
12.673978 1.269834 10.606835 1.742904
0.562909 0.155356 -0.229466 -0.057767
0.155356 0.063172 -0.060849 -0.015536
-0.229466 -0.060849 0.714161 0.184324
-0.057767 -0.015536 0.184324 0.072328
12.808853 1.148730 12.559624 2.003120
0.570212 0.146280 -0.205117 -0.045480
0.146280 0.057464 -0.048035 -0.010848
-0.205117 -0.048035 0.649911 0.157175
-0.045480 -0.010848 0.157175 0.061711
14.049723 1.308675 13.263649 1.941422
0.526899 0.127002 -0.183276 -0.036640
0.127002 0.050567 -0.038512 -0.007933
-0.183276 -0.038512 0.589906 0.135674
-0.036640 -0.007933 0.135674 0.054354
14.618376 1.291468 14.452884 1.989617
0.534276 0.122902 -0.185299 -0.034066
0.122902 0.048467 -0.035835 -0.006881
-0.185299 -0.035835 0.576381 0.127718
-0.034066 -0.006881 0.127718 0.051216
14.920351 1.221585 15.969944 2.099028
0.505346 0.112042 -0.162666 -0.027236
0.112042 0.045389 -0.028896 -0.005214
-0.162666 -0.028896 0.518258 0.111641
-0.027236 -0.005214 0.111641 0.046912
15.548648 1.225627 17.029166 2.101480
0.507410 0.109696 -0.153561 -0.023781
0.109696 0.044677 -0.025221 -0.004347
-0.153561 -0.025221 0.511696 0.108656
-0.023781 -0.004347 0.108656 0.045989
15.409343 1.075689 18.816519 2.245311
0.493349 0.105002 -0.118018 -0.015495
0.105002 0.043723 -0.017033 -0.002682
-0.118018 -0.017033 0.472166 0.099567
-0.015495 -0.002682 0.099567 0.044003
16.038037 1.090786 19.697801 2.195175
0.473493 0.099524 -0.103109 -0.012710
0.099524 0.042680 -0.013989 -0.002311
-0.103109 -0.013989 0.448319 0.094434
-0.012710 -0.002311 0.094434 0.042976
17.372178 1.255789 20.643356 2.177748
0.444966 0.093150 -0.082056 -0.009031
0.093150 0.041615 -0.009954 -0.001756
-0.082056 -0.009954 0.426108 0.090292
-0.009031 -0.001756 0.090292 0.042274
18.428085 1.351482 22.014835 2.246857
0.438546 0.091881 -0.083079 -0.009996
0.091881 0.041657 -0.010673 -0.002148
-0.083079 -0.010673 0.422560 0.090111
-0.009996 -0.002148 0.090111 0.042378
18.791984 1.284722 23.122702 2.238039
0.433577 0.091176 -0.082270 -0.010396
0.091176 0.041809 -0.010978 -0.002376
-0.082270 -0.010978 0.414851 0.089024
-0.010396 -0.002376 0.089024 0.042260
18.830425 1.159732 24.529672 2.291136
0.415464 0.087967 -0.068643 -0.008125
0.087967 0.041429 -0.008644 -0.002027
-0.068643 -0.008644 0.396289 0.085804
-0.008125 -0.002027 0.085804 0.041701
19.566294 1.190601 25.479030 2.250138
0.407176 0.087164 -0.053439 -0.005475
0.087164 0.041566 -0.005938 -0.001559
-0.053439 -0.005938 0.389728 0.085435
-0.005475 -0.001559 0.085435 0.041785
20.035543 1.158370 26.231022 2.165173
0.405262 0.087460 -0.059023 -0.007529
0.087460 0.041819 -0.007858 -0.002116
-0.059023 -0.007858 0.388546 0.085842
-0.007529 -0.002116 0.085842 0.041919
20.527741 1.142223 27.557264 2.218736
0.396155 0.086160 -0.059018 -0.008128
0.086160 0.041683 -0.008258 -0.002271
-0.059018 -0.008258 0.389867 0.086742
-0.008128 -0.002271 0.086742 0.042142
21.132461 1.151293 28.809593 2.251368
0.400478 0.087763 -0.067688 -0.010373
0.087763 0.042142 -0.010384 -0.002744
-0.067688 -0.010384 0.399439 0.089203
-0.010373 -0.002744 0.089203 0.042652
21.324043 1.059843 29.409259 2.128076
0.397039 0.087484 -0.068996 -0.010776
0.087484 0.042128 -0.010787 -0.002798
-0.068996 -0.010787 0.395474 0.088380
-0.010776 -0.002798 0.088380 0.042385
22.611363 1.230804 30.616482 2.169604
0.392379 0.086853 -0.072145 -0.011543
0.086853 0.042009 -0.011367 -0.002891
-0.072145 -0.011367 0.405835 0.090810
-0.011543 -0.002891 0.090810 0.042872
22.881868 1.148878 31.334017 2.082520
0.395875 0.088026 -0.076032 -0.012278
0.088026 0.042281 -0.012109 -0.002992
-0.076032 -0.012109 0.411798 0.091948
-0.012278 -0.002992 0.091948 0.043020
23.223742 1.094691 32.233521 2.047700
0.387128 0.086315 -0.074326 -0.011838
0.086315 0.041875 -0.011555 -0.002835
-0.074326 -0.011555 0.415016 0.092420
-0.011838 -0.002835 0.092420 0.043031
24.247285 1.200468 33.101671 2.018874
0.381131 0.085254 -0.078332 -0.012692
0.085254 0.041622 -0.012307 -0.002983
-0.078332 -0.012307 0.422326 0.093702
-0.012692 -0.002983 0.093702 0.043221
24.883735 1.213252 34.452153 2.095526
0.375123 0.084202 -0.083716 -0.013769
0.084202 0.041373 -0.013229 -0.003159
-0.083716 -0.013229 0.435856 0.096252
-0.013769 -0.003159 0.096252 0.043690
25.234333 1.151576 35.276843 2.042493
0.387724 0.087451 -0.087400 -0.014118
0.087451 0.042114 -0.013758 -0.003181
-0.087400 -0.013758 0.445248 0.097684
-0.014118 -0.003181 0.097684 0.043896
25.791952 1.138543 35.684771 1.906903
0.376202 0.084873 -0.083632 -0.013170
0.084873 0.041457 -0.012755 -0.002958
-0.083632 -0.012755 0.441015 0.096140
-0.013170 -0.002958 0.096140 0.043472
26.428063 1.154304 36.666780 1.914133
0.387805 0.087691 -0.088600 -0.013930
0.087691 0.042068 -0.013664 -0.003107
-0.088600 -0.013664 0.451328 0.097911
-0.013930 -0.003107 0.097911 0.043820
27.507475 1.261749 37.111424 1.809402
0.388048 0.087716 -0.083419 -0.012595
0.087716 0.042006 -0.012430 -0.002821
-0.083419 -0.012430 0.444876 0.096054
-0.012595 -0.002821 0.096054 0.043393
28.039737 1.245803 38.458129 1.904347
0.383389 0.086445 -0.088404 -0.013710
0.086445 0.041629 -0.013323 -0.003050
-0.088404 -0.013323 0.461032 0.099242
-0.013710 -0.003050 0.099242 0.044089
28.544326 1.213767 39.084123 1.831844
0.388254 0.087546 -0.089737 -0.013780
0.087546 0.041847 -0.013595 -0.003085
-0.089737 -0.013595 0.458817 0.098232
-0.013780 -0.003085 0.098232 0.043837
29.124053 1.206781 39.949379 1.820483
0.405408 0.091328 -0.091346 -0.013748
0.091328 0.042660 -0.013859 -0.003081
-0.091346 -0.013859 0.459865 0.098110
-0.013748 -0.003081 0.098110 0.043823
30.739409 1.435103 40.735553 1.808790
0.357725 0.080246 -0.074267 -0.010695
0.080246 0.040087 -0.009893 -0.002395
-0.074267 -0.009893 0.458399 0.097804
-0.010695 -0.002395 0.097804 0.043827
31.815325 1.516393 41.581349 1.801322
0.335549 0.075974 -0.064350 -0.009034
0.075974 0.039271 -0.007997 -0.002096
-0.064350 -0.007997 0.454668 0.096959
-0.009034 -0.002096 0.096959 0.043700
32.767161 1.563296 42.619665 1.833538
0.339059 0.077852 -0.060036 -0.008328
0.077852 0.039881 -0.007487 -0.002018
-0.060036 -0.007487 0.454359 0.096886
-0.008328 -0.002018 0.096886 0.043741
33.094693 1.457540 43.572024 1.835478
0.362786 0.083891 -0.072966 -0.011118
0.083891 0.041304 -0.010986 -0.002743
-0.072966 -0.010986 0.455316 0.096902
-0.011118 -0.002743 0.096902 0.043755
33.541363 1.389000 44.292330 1.789537
0.385534 0.089035 -0.081373 -0.012671
0.089035 0.042377 -0.013137 -0.003120
-0.081373 -0.013137 0.445593 0.094722
-0.012671 -0.003120 0.094722 0.043315
34.207055 1.386178 45.476373 1.851501
0.407164 0.093408 -0.084441 -0.012953
0.093408 0.043195 -0.013730 -0.003144
-0.084441 -0.013730 0.439453 0.093609
-0.012953 -0.003144 0.093609 0.043155
34.552114 1.306131 46.395782 1.845505
0.429692 0.097433 -0.095678 -0.014990
0.097433 0.043859 -0.016150 -0.003578
-0.095678 -0.016150 0.432215 0.092234
-0.014990 -0.003578 0.092234 0.042913
35.287786 1.320162 46.982305 1.773522
0.443402 0.099385 -0.087119 -0.012680
0.099385 0.044096 -0.014144 -0.003052
-0.087119 -0.014144 0.401238 0.086063
-0.012680 -0.003052 0.086063 0.041689
36.044014 1.340167 47.760687 1.751072
0.454664 0.100686 -0.080073 -0.010989
0.100686 0.044212 -0.012649 -0.002708
-0.080073 -0.012649 0.375166 0.081402
-0.010989 -0.002708 0.081402 0.040847
