1.504763 1.564013 3.374119 0.457630
1.659353 0.663756 0.141337 0.056536
0.663756 80.269575 0.056536 0.022615
0.141337 0.056536 3.324734 1.329922
0.056536 0.022615 1.329922 80.536047
2.506390 1.984320 1.958875 -2.304157
2.658858 4.861969 -1.375447 -2.340815
4.861969 14.818196 -2.550602 -3.932401
-1.375447 -2.550602 3.612891 6.080061
-2.340815 -3.932401 6.080061 20.961359
4.641698 3.379219 2.860099 0.163279
2.808260 3.077244 -1.076021 -0.933643
3.077244 4.740491 -1.114385 -1.013442
-1.076021 -1.114385 1.545377 1.652817
-0.933643 -1.013442 1.652817 4.281482
6.427668 3.385826 1.683821 -1.022306
2.172845 1.686823 -0.496807 -0.227303
1.686823 1.850556 -0.298594 -0.180121
-0.496807 -0.298594 1.691761 1.553038
-0.227303 -0.180121 1.553038 2.291144
6.739405 2.583395 2.650467 -0.042133
1.618060 0.986710 0.017024 0.110332
0.986710 0.875576 0.042497 0.031675
0.017024 0.042497 1.203653 0.867561
0.110332 0.031675 0.867561 1.002966
6.988502 2.058989 3.224638 0.283931
1.196424 0.604312 0.137867 0.109365
0.604312 0.466008 0.073066 0.021019
0.137867 0.073066 1.126057 0.666508
0.109365 0.021019 0.666508 0.593031
8.514728 2.264120 4.650347 0.922234
1.100295 0.482377 0.009809 0.006892
0.482377 0.315711 -0.006500 -0.024359
0.009809 -0.006500 1.093233 0.542818
0.006892 -0.024359 0.542818 0.388567
9.337987 2.142897 5.285519 0.997659
0.954863 0.369529 -0.082258 -0.039031
0.369529 0.216044 -0.044901 -0.034389
-0.082258 -0.044901 1.129028 0.481213
-0.039031 -0.034389 0.481213 0.284189
11.029954 2.337556 7.899907 1.779372
0.809099 0.281757 -0.160849 -0.063751
0.281757 0.152835 -0.065598 -0.034695
-0.160849 -0.065598 1.033481 0.384217
-0.063751 -0.034695 0.384217 0.200065
11.489904 2.111521 9.015987 1.856488
0.732102 0.233273 -0.202983 -0.069464
0.233273 0.117770 -0.070071 -0.030023
-0.202983 -0.070071 0.965599 0.319480
-0.069464 -0.030023 0.319480 0.150213
12.056381 1.968234 9.596415 1.752804
0.724881 0.213745 -0.224425 -0.067599
0.213745 0.099294 -0.067893 -0.024829
-0.224425 -0.067893 0.938196 0.280711
-0.067599 -0.024829 0.280711 0.120774
13.717325 2.154580 10.631800 1.797755
0.696686 0.191292 -0.210128 -0.056313
0.191292 0.084156 -0.056547 -0.018451
-0.210128 -0.056547 0.885727 0.242678
-0.056313 -0.018451 0.242678 0.098466
14.296658 2.029458 12.535983 2.052219
0.677290 0.174931 -0.150637 -0.035719
0.174931 0.073804 -0.035972 -0.011087
-0.150637 -0.035972 0.785526 0.199788
-0.035719 -0.011087 0.199788 0.079765
14.594254 1.848463 12.593226 1.815728
0.601865 0.147027 -0.170922 -0.038167
0.147027 0.062590 -0.038496 -0.010683
-0.170922 -0.038496 0.706121 0.168974
-0.038167 -0.010683 0.168974 0.067479
15.036624 1.737764 13.975564 1.921628
0.582882 0.137019 -0.134926 -0.027040
0.137019 0.057634 -0.027331 -0.007177
-0.134926 -0.027331 0.649835 0.148660
-0.027040 -0.007177 0.148660 0.059862
15.412219 1.629448 15.518947 2.047363
0.585630 0.133295 -0.116564 -0.021279
0.133295 0.054963 -0.021672 -0.005388
-0.116564 -0.021672 0.617614 0.136536
-0.021279 -0.005388 0.136536 0.055298
16.265829 1.638164 16.549184 2.049116
0.578578 0.127798 -0.119196 -0.020913
0.127798 0.052368 -0.021338 -0.005023
-0.119196 -0.021338 0.599263 0.128932
-0.020913 -0.005023 0.128932 0.052408
16.936873 1.597359 16.653447 1.852075
0.542524 0.117093 -0.095405 -0.015252
0.117093 0.049152 -0.015491 -0.003600
-0.095405 -0.015491 0.561941 0.118592
-0.015252 -0.003600 0.118592 0.049448
17.204966 1.486347 17.853570 1.904592
0.528744 0.112531 -0.073899 -0.010485
0.112531 0.047707 -0.010747 -0.002515
-0.073899 -0.010747 0.531490 0.110935
-0.010485 -0.002515 0.110935 0.047447
17.433238 1.378546 18.940708 1.927991
0.524194 0.110530 -0.052110 -0.006040
0.110530 0.047019 -0.006299 -0.001574
-0.052110 -0.006299 0.514487 0.106938
-0.006040 -0.001574 0.106938 0.046451
18.527485 1.461948 19.711316 1.891097
0.520286 0.108939 -0.031661 -0.002258
0.108939 0.046527 -0.002390 -0.000816
-0.031661 -0.002390 0.515479 0.107073
-0.002258 -0.000816 0.107073 0.046420
19.204077 1.448933 20.410798 1.839625
0.534177 0.111173 -0.027275 -0.001970
0.111173 0.046888 -0.002074 -0.000819
-0.027275 -0.002074 0.529426 0.109747
-0.001970 -0.000819 0.109747 0.046901
20.235656 1.512535 21.341912 1.843697
0.522008 0.107944 -0.010158 0.000852
0.107944 0.046129 0.000783 -0.000302
-0.010158 0.000783 0.518962 0.107202
0.000852 -0.000302 0.107202 0.046288
20.787887 1.471679 22.560419 1.904050
0.510337 0.105155 -0.006598 0.000741
0.105155 0.045543 0.000680 -0.000404
-0.006598 0.000680 0.505986 0.104345
0.000741 -0.000404 0.104345 0.045667
20.364155 1.233635 23.793140 1.958719
0.491923 0.101307 -0.002099 0.000959
0.101307 0.044804 0.000905 -0.000395
-0.002099 0.000905 0.486157 0.100361
0.000959 -0.000395 0.100361 0.044874
20.985676 1.233431 24.046633 1.808190
0.471544 0.097425 0.002990 0.001418
0.097425 0.044117 0.001369 -0.000304
0.002990 0.001369 0.463824 0.096197
0.001418 -0.000304 0.096197 0.044099
21.914148 1.298586 25.497706 1.922761
0.471631 0.098107 0.006504 0.001657
0.098107 0.044411 0.001618 -0.000234
0.006504 0.001618 0.471791 0.098657
0.001657 -0.000234 0.098657 0.044742
22.409464 1.266234 26.915035 2.018590
0.480331 0.100452 0.016759 0.003390
0.100452 0.044995 0.003346 0.000159
0.016759 0.003346 0.489327 0.102795
0.003390 0.000159 0.102795 0.045648
22.939159 1.244789 27.743993 1.980834
0.471936 0.098959 -0.001716 -0.000972
0.098959 0.044708 -0.001006 -0.000739
-0.001716 -0.001006 0.485773 0.102068
-0.000972 -0.000739 0.102068 0.045443
23.581194 1.248614 28.974274 2.031227
0.463708 0.097573 -0.004580 -0.001547
0.097573 0.044451 -0.001591 -0.000753
-0.004580 -0.001591 0.490211 0.103045
-0.001547 -0.000753 0.103045 0.045610
24.031651 1.211832 30.034165 2.040707
0.465987 0.098475 -0.006426 -0.001832
0.098475 0.044680 -0.001878 -0.000711
-0.006426 -0.001878 0.500827 0.105203
-0.001832 -0.000711 0.105203 0.046011
24.504476 1.183736 30.907211 2.009944
0.445707 0.094458 -0.023363 -0.005216
0.094458 0.043833 -0.005304 -0.001334
-0.023363 -0.005304 0.494631 0.103635
-0.005216 -0.001334 0.103635 0.045603
25.110336 1.186829 32.237010 2.077938
0.440796 0.094006 -0.023256 -0.004725
0.094006 0.043796 -0.004790 -0.001095
-0.023256 -0.004790 0.507250 0.106165
-0.004725 -0.001095 0.106165 0.046099
25.767492 1.200289 33.090632 2.039334
0.441382 0.094680 -0.020548 -0.003779
0.094680 0.043976 -0.003810 -0.000802
-0.020548 -0.003810 0.511605 0.106736
-0.003779 -0.000802 0.106736 0.046149
26.268988 1.178880 34.020075 2.020401
0.444060 0.095646 -0.019128 -0.003228
0.095646 0.044178 -0.003232 -0.000636
-0.019128 -0.003232 0.520016 0.108132
-0.003228 -0.000636 0.108132 0.046381
26.517905 1.104912 34.821653 1.976490
0.438300 0.094594 -0.030155 -0.005357
0.094594 0.043907 -0.005435 -0.001076
-0.030155 -0.005435 0.525466 0.108796
-0.005357 -0.001076 0.108796 0.046452
27.169770 1.124630 35.153092 1.841223
0.437020 0.094561 -0.036617 -0.006355
0.094561 0.043872 -0.006496 -0.001248
-0.036617 -0.006496 0.519641 0.107134
-0.006355 -0.001248 0.107134 0.046057
27.148910 0.997842 36.030907 1.830311
0.427909 0.092785 -0.037078 -0.006099
0.092785 0.043456 -0.006154 -0.001139
-0.037078 -0.006154 0.527992 0.108629
-0.006099 -0.001139 0.108629 0.046367
27.906677 1.055573 37.255407 1.894962
0.425277 0.092512 -0.042362 -0.006891
0.092512 0.043387 -0.006913 -0.001276
-0.042362 -0.006913 0.546292 0.112044
-0.006891 -0.001276 0.112044 0.047048
28.851483 1.148619 38.578968 1.973891
0.419797 0.091606 -0.040760 -0.006264
0.091606 0.043178 -0.006153 -0.001108
-0.040760 -0.006153 0.562210 0.114723
-0.006264 -0.001108 0.114723 0.047538
29.573567 1.180269 39.418865 1.944809
0.421737 0.092350 -0.038902 -0.005660
0.092350 0.043335 -0.005550 -0.000991
-0.038902 -0.005550 0.562445 0.114033
-0.005660 -0.000991 0.114033 0.047322
29.726365 1.082836 40.161062 1.895879
0.425000 0.093232 -0.039784 -0.005702
0.093232 0.043492 -0.005665 -0.001035
-0.039784 -0.005665 0.559427 0.112841
-0.005702 -0.001035 0.112841 0.047049
30.706058 1.176452 40.615006 1.798845
0.405112 0.088942 -0.031303 -0.004017
0.088942 0.042503 -0.003775 -0.000704
-0.031303 -0.003775 0.549168 0.110446
-0.004017 -0.000704 0.110446 0.046589
31.060509 1.122411 41.082922 1.710726
0.420862 0.092841 -0.032659 -0.004281
0.092841 0.043391 -0.004252 -0.000830
-0.032659 -0.004252 0.539852 0.108474
-0.004281 -0.000830 0.108474 0.046252
32.068051 1.221442 42.016437 1.728841
0.411295 0.090749 -0.022601 -0.002372
0.090749 0.042873 -0.002084 -0.000443
-0.022601 -0.002084 0.543129 0.109317
-0.002372 -0.000443 0.109317 0.046523
32.734306 1.233973 42.931069 1.739226
0.415799 0.091927 -0.016802 -0.001415
0.091927 0.043119 -0.001109 -0.000304
-0.016802 -0.001109 0.539438 0.108659
-0.001415 -0.000304 0.108659 0.046455
33.555950 1.281674 44.381089 1.857175
0.445364 0.098460 -0.018542 -0.001945
0.098460 0.044516 -0.001828 -0.000484
-0.018542 -0.001828 0.545456 0.109995
-0.001945 -0.000484 0.109995 0.046784
34.433216 1.332873 45.103106 1.816325
0.458809 0.100795 -0.007764 0.000053
0.100795 0.044871 0.000170 -0.000107
-0.007764 0.000170 0.512242 0.103339
0.000053 -0.000107 0.103339 0.045476
35.262734 1.368838 46.158729 1.846702
0.473271 0.103149 -0.000542 0.001181
0.103149 0.045225 0.001269 0.000069
-0.000542 0.001269 0.485930 0.098636
0.001181 0.000069 0.098636 0.044655
36.383451 1.463585 47.355450 1.903540
0.510707 0.110274 -0.007224 -0.000550
0.110274 0.046607 -0.000649 -0.000362
-0.007224 -0.000649 0.471435 0.096633
-0.000550 -0.000362 0.096633 0.044408
