1.430856 1.534449 1.901451 -0.131450
2.073783 0.829531 -0.788557 -0.315430
0.829531 80.335886 -0.315430 -0.126175
-0.788557 -0.315430 3.006215 1.202512
-0.315430 -0.126175 1.202512 80.485082
3.546814 3.996610 2.604708 1.272422
2.715168 4.738694 -1.664645 -2.656764
4.738694 15.385249 -2.797803 -6.714822
-1.664645 -2.797803 2.604459 4.331957
-2.656764 -6.714822 4.331957 16.994587
4.488768 2.795834 3.223952 1.126617
2.217110 2.463832 -0.818133 -0.728221
2.463832 4.422338 -0.809248 -1.420606
-0.818133 -0.809248 1.814490 2.101100
-0.728221 -1.420606 2.101100 4.628550
5.186122 2.228137 3.880703 1.174728
1.886358 1.523194 -0.732118 -0.557069
1.523194 1.878175 -0.574782 -0.737670
-0.732118 -0.574782 1.740993 1.512407
-0.557069 -0.737670 1.512407 2.093654
7.997986 3.305930 4.285224 1.089746
1.457579 0.925620 -0.617563 -0.389512
0.925620 0.906611 -0.393132 -0.396185
-0.617563 -0.393132 1.631762 1.106676
-0.389512 -0.396185 1.106676 1.112337
8.829722 2.872248 4.923763 1.133014
1.148016 0.607056 -0.508064 -0.269980
0.607056 0.502842 -0.271299 -0.226716
-0.508064 -0.271299 1.468909 0.810561
-0.269980 -0.226716 0.810561 0.646587
9.867941 2.690682 5.464935 1.119950
0.903751 0.413060 -0.427639 -0.196421
0.413060 0.303726 -0.197030 -0.140694
-0.427639 -0.197030 1.337037 0.621702
-0.196421 -0.140694 0.621702 0.412934
9.627546 2.046364 7.089263 1.549602
0.618958 0.251530 -0.322138 -0.130218
0.251530 0.180852 -0.130540 -0.085314
-0.322138 -0.130540 1.152969 0.463623
-0.130218 -0.085314 0.463623 0.270798
10.346648 1.935810 9.142202 2.004724
0.658015 0.246584 -0.316582 -0.115737
0.246584 0.149676 -0.116113 -0.064559
-0.316582 -0.116113 0.992810 0.353937
-0.115737 -0.064559 0.353937 0.188090
10.905909 1.793479 9.791675 1.893277
0.668531 0.228941 -0.307294 -0.101481
0.228941 0.122592 -0.101964 -0.049257
-0.307294 -0.101964 0.881473 0.284129
-0.101481 -0.049257 0.284129 0.139920
11.963710 1.841349 10.186040 1.729937
0.676572 0.212308 -0.321566 -0.096189
0.212308 0.102700 -0.097022 -0.040381
-0.321566 -0.097022 0.844510 0.249912
-0.096189 -0.040381 0.249912 0.113740
12.271288 1.666069 11.641173 1.891227
0.678698 0.196563 -0.309230 -0.084006
0.196563 0.087915 -0.084846 -0.031584
-0.309230 -0.084846 0.782071 0.214449
-0.084006 -0.031584 0.214449 0.093073
13.234902 1.698166 12.184620 1.787725
0.633777 0.170767 -0.275881 -0.068486
0.170767 0.073790 -0.069054 -0.023736
-0.275881 -0.069054 0.710767 0.182715
-0.068486 -0.023736 0.182715 0.077633
14.061141 1.688108 12.682529 1.689831
0.614778 0.156035 -0.256406 -0.058674
0.156035 0.065367 -0.059067 -0.018739
-0.256406 -0.059067 0.679084 0.165680
-0.058674 -0.018739 0.165680 0.068702
14.745159 1.656989 14.219454 1.852311
0.562937 0.135981 -0.212302 -0.044748
0.135981 0.057362 -0.045096 -0.013741
-0.212302 -0.045096 0.598429 0.139775
-0.044748 -0.013741 0.139775 0.059351
15.564328 1.652167 14.946538 1.806278
0.547741 0.127387 -0.196157 -0.038718
0.127387 0.053392 -0.038986 -0.011206
-0.196157 -0.038986 0.576213 0.130582
-0.038718 -0.011206 0.130582 0.055250
16.370406 1.647355 15.835307 1.802765
0.521864 0.117686 -0.179121 -0.033342
0.117686 0.049874 -0.033588 -0.009234
-0.179121 -0.033588 0.542834 0.120049
-0.033342 -0.009234 0.120049 0.051507
17.057189 1.613663 16.550714 1.759375
0.498430 0.110167 -0.147365 -0.025264
0.110167 0.047467 -0.025426 -0.006900
-0.147365 -0.025426 0.514697 0.112178
-0.025264 -0.006900 0.112178 0.048947
17.638425 1.565512 17.555836 1.783451
0.496199 0.108076 -0.135186 -0.022020
0.108076 0.046559 -0.022232 -0.005859
-0.135186 -0.022232 0.505169 0.108970
-0.022020 -0.005859 0.108970 0.047690
18.172278 1.518737 18.952642 1.889643
0.486256 0.104744 -0.117109 -0.017906
0.104744 0.045561 -0.018198 -0.004778
-0.117109 -0.018198 0.485537 0.103997
-0.017906 -0.004778 0.103997 0.046247
18.344737 1.385705 19.518970 1.798511
0.474596 0.101150 -0.123096 -0.019393
0.101150 0.044580 -0.019697 -0.005011
-0.123096 -0.019697 0.468712 0.099770
-0.019393 -0.005011 0.099770 0.045057
19.427780 1.464687 20.070705 1.729324
0.443453 0.094302 -0.098614 -0.014358
0.094302 0.043131 -0.014559 -0.003834
-0.098614 -0.014559 0.440484 0.093972
-0.014358 -0.003834 0.093972 0.043762
19.534949 1.332641 21.153923 1.767177
0.440074 0.093990 -0.084689 -0.011583
0.093990 0.043195 -0.011824 -0.003182
-0.084689 -0.011824 0.432784 0.092942
-0.011583 -0.003182 0.092942 0.043573
20.864032 1.476028 22.015908 1.772269
0.423895 0.090802 -0.077386 -0.010642
0.090802 0.042587 -0.010790 -0.002994
-0.077386 -0.010790 0.420018 0.090687
-0.010642 -0.002994 0.090687 0.043080
21.017717 1.351752 23.126004 1.813285
0.425525 0.091694 -0.075049 -0.010514
0.091694 0.042892 -0.010640 -0.002936
-0.075049 -0.010640 0.421548 0.091613
-0.010514 -0.002936 0.091613 0.043297
21.555820 1.324632 24.264845 1.862658
0.417719 0.090306 -0.078386 -0.011703
0.090306 0.042632 -0.011766 -0.003183
-0.078386 -0.011766 0.415847 0.090674
-0.011703 -0.003183 0.090674 0.043043
22.280982 1.338130 25.172088 1.858152
0.418955 0.091136 -0.070316 -0.010052
0.091136 0.042898 -0.010120 -0.002752
-0.070316 -0.010120 0.416884 0.091392
-0.010052 -0.002752 0.091392 0.043202
22.775259 1.294958 25.720575 1.771507
0.420525 0.091822 -0.066985 -0.009567
0.091822 0.043071 -0.009634 -0.002616
-0.066985 -0.009634 0.417920 0.091883
-0.009567 -0.002616 0.091883 0.043264
23.521775 1.321464 27.003929 1.860978
0.430625 0.094317 -0.059445 -0.008037
0.094317 0.043628 -0.008072 -0.002222
-0.059445 -0.008072 0.430842 0.094952
-0.008037 -0.002222 0.094952 0.043899
23.875648 1.258715 28.382075 1.956679
0.414745 0.090677 -0.062318 -0.009219
0.090677 0.042747 -0.009115 -0.002502
-0.062318 -0.009115 0.426608 0.093739
-0.009219 -0.002502 0.093739 0.043495
24.583500 1.276180 29.373058 1.960304
0.422987 0.092637 -0.073021 -0.011661
0.092637 0.043172 -0.011566 -0.002986
-0.073021 -0.011566 0.436044 0.095599
-0.011661 -0.002986 0.095599 0.043810
25.048166 1.240967 30.643216 2.022353
0.419370 0.091862 -0.073300 -0.011646
0.091862 0.042973 -0.011491 -0.002894
-0.073300 -0.011491 0.439935 0.096167
-0.011646 -0.002894 0.096167 0.043849
25.759391 1.266498 32.153517 2.132999
0.419169 0.091802 -0.082575 -0.013559
0.091802 0.042927 -0.013309 -0.003225
-0.082575 -0.013309 0.452627 0.098536
-0.013559 -0.003225 0.098536 0.044273
26.507853 1.289858 33.033853 2.093614
0.417271 0.091413 -0.086546 -0.014131
0.091413 0.042822 -0.013911 -0.003269
-0.086546 -0.013911 0.453589 0.098192
-0.014131 -0.003269 0.098192 0.044096
27.302102 1.322595 34.048956 2.088523
0.400303 0.087632 -0.095614 -0.015962
0.087632 0.041955 -0.015586 -0.003600
-0.095614 -0.015586 0.456150 0.098230
-0.015962 -0.003600 0.098230 0.044025
27.790027 1.286416 35.279695 2.126748
0.386470 0.084964 -0.097890 -0.016129
0.084964 0.041420 -0.015613 -0.003546
-0.097890 -0.015613 0.459637 0.098607
-0.016129 -0.003546 0.098607 0.044072
28.275697 1.254177 36.562315 2.172022
0.381873 0.084524 -0.101049 -0.016402
0.084524 0.041397 -0.015838 -0.003534
-0.101049 -0.015838 0.467435 0.099915
-0.016402 -0.003534 0.099915 0.044327
29.028958 1.280778 37.519393 2.146091
0.374232 0.083268 -0.107547 -0.017484
0.083268 0.041140 -0.016868 -0.003732
-0.107547 -0.016868 0.475120 0.101065
-0.017484 -0.003732 0.101065 0.044524
30.188931 1.393586 38.229971 2.076559
0.375245 0.084138 -0.105702 -0.016584
0.084138 0.041385 -0.016184 -0.003528
-0.105702 -0.016184 0.469569 0.099443
-0.016584 -0.003528 0.099443 0.044154
30.670557 1.343902 39.261014 2.071291
0.393664 0.088640 -0.113271 -0.017581
0.088640 0.042375 -0.017558 -0.003745
-0.113271 -0.017558 0.477308 0.100742
-0.017581 -0.003745 0.100742 0.044428
30.994164 1.260793 40.136706 2.030714
0.368817 0.082931 -0.104695 -0.015870
0.082931 0.040974 -0.015366 -0.003377
-0.104695 -0.015366 0.472271 0.099509
-0.015870 -0.003377 0.099509 0.044190
32.012545 1.345751 40.898112 1.983327
0.372693 0.084431 -0.093907 -0.013349
0.084431 0.041368 -0.013069 -0.002891
-0.093907 -0.013069 0.460030 0.096930
-0.013349 -0.002891 0.096930 0.043708
31.932917 1.173599 42.004343 1.994487
0.379798 0.086166 -0.097018 -0.014044
0.086166 0.041702 -0.013912 -0.003122
-0.097018 -0.013912 0.464853 0.098027
-0.014044 -0.003122 0.098027 0.043999
32.155155 1.092105 43.158209 2.021689
0.392436 0.088967 -0.099874 -0.014534
0.088967 0.042252 -0.014679 -0.003291
-0.099874 -0.014679 0.465937 0.098232
-0.014534 -0.003291 0.098232 0.044072
32.432338 1.017708 43.466861 1.866322
0.401290 0.090689 -0.097074 -0.013852
0.090689 0.042528 -0.014485 -0.003255
-0.097074 -0.014485 0.442859 0.093348
-0.013852 -0.003255 0.093348 0.043068
32.984479 1.015968 43.731595 1.722895
0.398882 0.089870 -0.082868 -0.010983
0.089870 0.042265 -0.011640 -0.002694
-0.082868 -0.011640 0.420627 0.089295
-0.010983 -0.002694 0.089295 0.042357
33.406447 0.999747 44.796804 1.765783
0.416267 0.093392 -0.085778 -0.011742
0.093392 0.042977 -0.012529 -0.002907
-0.085778 -0.012529 0.423684 0.090724
-0.011742 -0.002907 0.090724 0.042799
34.100168 1.046529 45.868101 1.810117
0.434379 0.096828 -0.084030 -0.011391
0.096828 0.043640 -0.012364 -0.002864
-0.084030 -0.012364 0.419043 0.090315
-0.011391 -0.002864 0.090315 0.042784
35.038578 1.138204 46.694465 1.799259
0.453080 0.100144 -0.079728 -0.010497
0.100144 0.044252 -0.011777 -0.002727
-0.079728 -0.011777 0.403306 0.087454
-0.010497 -0.002727 0.087454 0.042212
35.898842 1.202689 47.603355 1.805655
0.470585 0.102930 -0.076509 -0.009932
0.102930 0.044725 -0.011458 -0.002661
-0.076509 -0.011458 0.385583 0.084298
-0.009932 -0.002661 0.084298 0.041588
