-1.069162 0.534420 -3.896513 -2.450686
2.576221 1.030511 1.706768 0.682722
1.030511 80.416280 0.682722 0.273095
1.706768 0.682722 6.894286 2.757774
0.682722 0.273095 2.757774 81.107200
3.349944 7.378107 -1.449349 2.415695
3.358708 6.067604 -1.592261 -2.710592
6.067604 19.269436 -3.013844 -1.215115
-1.592261 -3.013844 1.934623 3.003628
-2.710592 -1.215115 3.003628 22.803988
4.399290 4.501082 0.825006 3.302027
3.453686 4.099437 0.472454 1.584974
4.099437 6.581951 0.815671 2.311953
0.472454 0.815671 1.484666 2.303440
1.584974 2.311953 2.303440 6.288598
6.694463 4.540950 2.605061 3.432671
2.810785 2.259984 0.730306 0.879804
2.259984 2.461236 0.648947 0.716244
0.730306 0.648947 2.010890 2.037761
0.879804 0.716244 2.037761 2.802626
7.539301 3.661153 4.799852 3.771219
2.229740 1.369746 0.543008 0.403550
1.369746 1.163424 0.322926 0.211257
0.543008 0.322926 2.320911 1.679703
0.403550 0.211257 1.679703 1.531297
8.824789 3.408158 4.934300 2.795054
1.546608 0.780273 0.062528 0.024041
0.780273 0.581753 0.001653 -0.019353
0.062528 0.001653 2.351448 1.315529
0.024041 -0.019353 1.315529 0.906735
7.806036 2.234556 5.522309 2.446463
0.395252 0.175111 -0.361074 -0.167012
0.175111 0.199028 -0.176686 -0.089618
-0.361074 -0.176686 2.014823 0.918733
-0.167012 -0.089618 0.918733 0.525894
8.973696 2.245651 5.556946 1.987009
0.507578 0.226859 -0.332539 -0.126195
0.226859 0.182695 -0.131250 -0.054949
-0.332539 -0.131250 1.975775 0.762556
-0.126195 -0.054949 0.762556 0.368720
10.028766 2.219970 6.737740 2.049457
0.604031 0.249035 -0.238287 -0.075445
0.249035 0.159446 -0.075008 -0.027346
-0.238287 -0.075008 1.749013 0.586226
-0.075445 -0.027346 0.586226 0.252630
10.037140 1.785233 6.017175 1.520390
0.471575 0.171933 -0.343968 -0.099246
0.171933 0.105035 -0.110284 -0.034948
-0.343968 -0.110284 1.415586 0.420092
-0.099246 -0.034948 0.420092 0.169877
10.689620 1.713901 7.509298 1.716920
0.536141 0.182398 -0.256437 -0.063541
0.182398 0.095962 -0.067840 -0.019138
-0.256437 -0.067840 1.277861 0.345032
-0.063541 -0.019138 0.345032 0.131584
12.492887 2.013437 8.229073 1.693559
0.542596 0.170378 -0.163953 -0.034605
0.170378 0.082139 -0.033629 -0.008883
-0.163953 -0.033629 1.151007 0.287144
-0.034605 -0.008883 0.287144 0.105668
12.868568 1.847613 10.452292 2.009396
0.585833 0.170630 -0.099835 -0.017094
0.170630 0.075112 -0.014941 -0.003914
-0.099835 -0.014941 1.015143 0.236869
-0.017094 -0.003914 0.236869 0.086443
13.672546 1.828006 12.568486 2.254685
0.649059 0.176028 -0.031301 -0.001212
0.176028 0.071259 0.002483 0.000086
-0.031301 0.002483 0.942664 0.208651
-0.001212 0.000086 0.208651 0.075490
14.543949 1.820790 14.100628 2.340120
0.697544 0.176443 0.013313 0.007218
0.176443 0.067118 0.011276 0.001709
0.013313 0.011276 0.901452 0.190939
0.007218 0.001709 0.190939 0.068537
15.221659 1.760850 14.470613 2.176063
0.653376 0.154795 0.002539 0.002999
0.154795 0.058703 0.005326 0.000107
0.002539 0.005326 0.784378 0.159982
0.002999 0.000107 0.159982 0.059960
16.000602 1.739419 15.911211 2.246088
0.672793 0.151637 0.036901 0.008750
0.151637 0.056126 0.011342 0.001224
0.036901 0.011342 0.753314 0.150147
0.008750 0.001224 0.150147 0.056791
16.533448 1.668180 17.755448 2.387275
0.679074 0.146548 0.073823 0.014545
0.146548 0.053719 0.017262 0.002259
0.073823 0.017262 0.699609 0.137014
0.014545 0.002259 0.137014 0.053415
17.082312 1.608891 18.803366 2.359605
0.689816 0.143519 0.078862 0.013787
0.143519 0.052240 0.016093 0.001882
0.078862 0.016093 0.679290 0.131763
0.013787 0.001882 0.131763 0.051969
17.139121 1.459278 19.383858 2.246832
0.672385 0.135727 0.059410 0.008708
0.135727 0.050150 0.010457 0.000756
0.059410 0.010457 0.633003 0.122128
0.008708 0.000756 0.122128 0.049866
17.655591 1.417081 20.522710 2.250938
0.678206 0.133785 0.076289 0.011211
0.133785 0.049555 0.012789 0.001282
0.076289 0.012789 0.619655 0.119554
0.011211 0.001282 0.119554 0.049288
18.032213 1.352750 21.616250 2.246893
0.666203 0.128968 0.094612 0.014048
0.128968 0.048552 0.015402 0.001865
0.094612 0.015402 0.592019 0.114352
0.014048 0.001865 0.114352 0.048235
19.061471 1.418738 23.015105 2.297923
0.696699 0.133082 0.121281 0.018118
0.133082 0.049418 0.019225 0.002603
0.121281 0.019225 0.615529 0.119419
0.018118 0.002603 0.119419 0.049239
19.739431 1.413273 24.102922 2.286234
0.691698 0.130376 0.138280 0.020425
0.130376 0.048962 0.021252 0.003023
0.138280 0.021252 0.607066 0.117732
0.020425 0.003023 0.117732 0.048824
19.990472 1.325582 25.405262 2.322802
0.688305 0.128602 0.143834 0.020452
0.128602 0.048782 0.021092 0.003008
0.143834 0.021092 0.602846 0.117075
0.020452 0.003008 0.117075 0.048658
21.000455 1.390161 26.634035 2.331629
0.700985 0.130119 0.158941 0.022351
0.130119 0.049238 0.022779 0.003356
0.158941 0.022779 0.613095 0.119134
0.022351 0.003356 0.119134 0.049004
21.433297 1.349038 27.182389 2.213119
0.677356 0.125158 0.150613 0.020128
0.125158 0.048503 0.020530 0.003020
0.150613 0.020530 0.590214 0.114712
0.020128 0.003020 0.114712 0.048085
22.227291 1.363698 28.835594 2.319980
0.681979 0.125702 0.168845 0.023112
0.125702 0.048801 0.023027 0.003599
0.168845 0.023027 0.610398 0.118779
0.023112 0.003599 0.118779 0.048842
23.077398 1.398710 29.778153 2.273952
0.686117 0.126704 0.154195 0.019428
0.126704 0.049244 0.019640 0.002971
0.154195 0.019640 0.607060 0.118271
0.019428 0.002971 0.118271 0.048723
23.785064 1.394069 31.306300 2.351630
0.682297 0.126053 0.147189 0.017880
0.126053 0.049304 0.017873 0.002767
0.147189 0.017873 0.619350 0.120749
0.017880 0.002767 0.120749 0.049171
23.978784 1.306952 32.000722 2.264484
0.651034 0.120640 0.121593 0.013323
0.120640 0.048502 0.013398 0.002125
0.121593 0.013398 0.598055 0.116619
0.013323 0.002125 0.116619 0.048326
23.901443 1.178023 32.533021 2.157153
0.627088 0.117164 0.088465 0.007562
0.117164 0.048126 0.007868 0.001279
0.088465 0.007868 0.577528 0.113108
0.007562 0.001279 0.113108 0.047699
24.539705 1.189441 33.464596 2.127246
0.631765 0.118990 0.077956 0.006329
0.118990 0.048686 0.006742 0.001268
0.077956 0.006742 0.577226 0.113503
0.006329 0.001268 0.113503 0.047820
25.459851 1.252177 34.476711 2.112789
0.641120 0.121422 0.072139 0.006029
0.121422 0.049278 0.006510 0.001396
0.072139 0.006510 0.579219 0.114202
0.006029 0.001396 0.114202 0.047970
25.817307 1.199094 35.689398 2.146961
0.615716 0.116949 0.066401 0.006109
0.116949 0.048486 0.006207 0.001547
0.066401 0.006207 0.583407 0.115237
0.006109 0.001547 0.115237 0.048165
26.847505 1.286401 36.300499 2.050674
0.625361 0.119573 0.057370 0.005011
0.119573 0.049108 0.005392 0.001465
0.057370 0.005392 0.569216 0.112532
0.005011 0.001465 0.112532 0.047612
27.384809 1.270855 36.764617 1.939913
0.620751 0.119241 0.036683 0.001744
0.119241 0.049108 0.002264 0.000931
0.036683 0.002264 0.555620 0.110266
0.001744 0.000931 0.110266 0.047210
28.050145 1.278500 37.469468 1.886754
0.631876 0.121891 0.014815 -0.001712
0.121891 0.049664 -0.001053 0.000347
0.014815 -0.001053 0.554507 0.110618
-0.001712 0.000347 0.110618 0.047346
28.692157 1.278027 38.608162 1.925842
0.632353 0.122113 0.000843 -0.003333
0.122113 0.049680 -0.002747 0.000116
0.000843 -0.002747 0.564694 0.113051
-0.003333 0.000116 0.113051 0.047853
29.260442 1.263826 39.735264 1.958987
0.620467 0.119865 -0.008737 -0.004047
0.119865 0.049209 -0.003562 0.000046
-0.008737 -0.003562 0.569966 0.114186
-0.004047 0.000046 0.114186 0.048041
29.675177 1.222747 40.127661 1.841907
0.606111 0.117305 -0.021798 -0.005583
0.117305 0.048714 -0.005105 -0.000210
-0.021798 -0.005105 0.554420 0.111020
-0.005583 -0.000210 0.111020 0.047352
30.140104 1.194320 41.138646 1.860013
0.611173 0.118670 -0.038965 -0.008010
0.118670 0.049007 -0.007508 -0.000663
-0.038965 -0.007508 0.561873 0.112717
-0.008010 -0.000663 0.112717 0.047693
30.839227 1.214495 42.244833 1.895523
0.629224 0.122358 -0.055987 -0.010331
0.122358 0.049709 -0.009829 -0.001095
-0.055987 -0.009829 0.570187 0.114368
-0.010331 -0.001095 0.114368 0.047984
31.845886 1.291668 43.048297 1.867845
0.648577 0.125922 -0.067484 -0.011476
0.125922 0.050321 -0.011072 -0.001306
-0.067484 -0.011072 0.566314 0.113396
-0.011476 -0.001306 0.113396 0.047724
31.457766 1.088699 43.518916 1.769955
0.611064 0.118078 -0.085519 -0.014259
0.118078 0.048667 -0.013670 -0.001859
-0.085519 -0.013670 0.558618 0.111698
-0.014259 -0.001859 0.111698 0.047333
32.623116 1.212118 44.761765 1.846044
0.640294 0.123980 -0.091327 -0.014126
0.123980 0.049842 -0.013740 -0.001816
-0.091327 -0.013740 0.567504 0.113531
-0.014126 -0.001816 0.113531 0.047698
34.268587 1.413749 45.638582 1.845083
0.689036 0.133052 -0.102503 -0.015095
0.133052 0.051515 -0.015103 -0.002045
-0.102503 -0.015103 0.566520 0.113137
-0.015095 -0.002045 0.113137 0.047569
35.251170 1.467567 46.625197 1.860503
0.705634 0.134994 -0.121066 -0.017900
0.134994 0.051662 -0.017851 -0.002622
-0.121066 -0.017851 0.572007 0.114004
-0.017900 -0.002622 0.114004 0.047689
35.635235 1.403522 47.827169 1.911551
0.700289 0.132605 -0.142552 -0.021405
0.132605 0.050997 -0.020972 -0.003293
-0.142552 -0.020972 0.583743 0.116002
-0.021405 -0.003293 0.116002 0.048018
36.080377 1.359813 49.208357 1.994054
0.715273 0.134353 -0.168885 -0.025472
0.134353 0.051201 -0.024817 -0.004032
-0.168885 -0.024817 0.600597 0.118773
-0.025472 -0.004032 0.118773 0.048467
