3.744183 2.459800 13.710148 4.592131
4.322605 1.729080 8.126420 3.250638
1.729080 80.695714 3.250638 1.300283
8.126420 3.250638 52.654170 21.062124
3.250638 1.300283 21.062124 88.429099
2.446127 -0.933656 10.842858 1.386217
4.825054 8.066576 0.173051 -0.670794
8.066576 24.247958 0.194469 4.284978
0.173051 0.194469 0.583883 0.381053
-0.670794 4.284978 0.381053 43.673980
3.943349 0.808667 8.367420 -4.586474
3.935016 4.364207 1.819349 3.319594
4.364207 7.452914 2.068661 4.126328
1.819349 2.068661 1.316937 2.425221
3.319594 4.126328 2.425221 6.593429
4.160474 0.698332 5.648679 -5.066514
3.480627 2.763078 1.968230 1.924943
2.763078 3.204013 1.315804 1.411685
1.968230 1.315804 3.172698 3.514638
1.924943 1.411685 3.514638 4.387838
7.326708 2.442565 4.713908 -3.997533
2.091798 1.377813 0.092134 -0.037802
1.377813 1.391664 -0.111848 -0.054829
0.092134 -0.111848 2.289700 1.734401
-0.037802 -0.054829 1.734401 1.510810
8.412976 2.360872 2.974318 -3.848493
1.731693 0.926954 0.442728 0.220026
0.926954 0.764322 0.124102 0.114425
0.442728 0.124102 3.632124 2.047540
0.220026 0.114425 2.047540 1.259810
8.776740 1.909364 4.750876 -2.190431
1.334846 0.593202 1.348698 0.598240
0.593202 0.428558 0.583769 0.297050
1.348698 0.583769 2.159182 0.960649
0.598240 0.297050 0.960649 0.495292
9.871924 1.965830 3.782752 -2.143370
1.287904 0.510273 1.300071 0.482195
0.510273 0.314380 0.448137 0.191746
1.300071 0.448137 2.547584 0.951345
0.482195 0.191746 0.951345 0.404572
11.320024 2.129984 3.188691 -1.990989
1.191821 0.422902 1.181339 0.376743
0.422902 0.231005 0.321261 0.120785
1.181339 0.321261 2.947909 0.946668
0.376743 0.120785 0.946668 0.343139
12.559624 2.198577 2.101684 -2.017066
1.146680 0.369565 1.076733 0.301626
0.369565 0.180795 0.230065 0.078335
1.076733 0.230065 3.436538 0.966874
0.301626 0.078335 0.966874 0.305343
12.328498 1.744246 1.454166 -1.926781
1.001426 0.285608 1.123622 0.281108
0.285608 0.129734 0.220178 0.066060
1.123622 0.220178 3.742791 0.936328
0.281108 0.066060 0.936328 0.264195
12.669559 1.553052 1.319016 -1.740643
0.937738 0.246539 1.081718 0.244266
0.246539 0.104737 0.197325 0.053400
1.081718 0.197325 3.680249 0.829546
0.244266 0.053400 0.829546 0.215069
13.272929 1.524147 -0.169517 -1.867742
0.917159 0.228327 0.966674 0.199074
0.228327 0.091835 0.148938 0.037937
0.966674 0.148938 3.832592 0.787890
0.199074 0.037937 0.787890 0.189125
13.660354 1.404043 -0.382100 -1.731395
0.871056 0.205246 0.859074 0.162859
0.205246 0.079398 0.128912 0.030533
0.859074 0.128912 3.366770 0.637351
0.162859 0.030533 0.637351 0.147492
14.051816 1.352442 -2.211545 -1.901237
0.860007 0.194488 0.741688 0.130446
0.194488 0.072797 0.096155 0.022086
0.741688 0.096155 3.313173 0.584024
0.130446 0.022086 0.584024 0.129880
14.574658 1.300865 -2.530104 -1.796377
0.814472 0.177481 0.600040 0.098596
0.177481 0.065685 0.075196 0.016838
0.600040 0.075196 2.722169 0.450366
0.098596 0.016838 0.450366 0.101815
14.789981 1.221583 -4.258295 -1.926315
0.815152 0.171902 0.516695 0.079892
0.171902 0.062301 0.059278 0.013077
0.516695 0.059278 2.534699 0.398301
0.079892 0.013077 0.398301 0.090448
15.377859 1.208260 -4.818683 -1.865448
0.780028 0.160134 0.398063 0.058094
0.160134 0.058256 0.042184 0.009623
0.398063 0.042184 2.104344 0.316683
0.058094 0.009623 0.316683 0.076182
15.603781 1.098765 -4.160362 -1.631161
0.736991 0.146655 0.365612 0.051163
0.146655 0.054158 0.044511 0.009402
0.365612 0.044511 1.648681 0.240315
0.051163 0.009402 0.240315 0.064271
15.914230 1.058683 -5.436072 -1.696591
0.739326 0.144567 0.318921 0.042604
0.144567 0.053226 0.035263 0.007529
0.318921 0.035263 1.595081 0.229254
0.042604 0.007529 0.229254 0.062904
16.746062 1.125784 -6.670383 -1.753740
0.728203 0.140976 0.230369 0.028798
0.140976 0.052316 0.018935 0.004830
0.230369 0.018935 1.520237 0.216766
0.028798 0.004830 0.216766 0.061523
16.820319 1.042212 -8.279894 -1.855447
0.754380 0.144028 0.211084 0.025644
0.144028 0.052614 0.017706 0.004455
0.211084 0.017706 1.444543 0.205023
0.025644 0.004455 0.205023 0.060308
17.938308 1.141173 -8.164967 -1.710133
0.711059 0.134621 0.126444 0.013745
0.134621 0.050729 0.005864 0.002669
0.126444 0.005864 1.227861 0.174627
0.013745 0.002669 0.174627 0.056566
18.186970 1.092264 -9.940776 -1.841508
0.749205 0.140753 0.112653 0.012173
0.140753 0.051865 0.005316 0.002510
0.112653 0.005316 1.211709 0.174601
0.012173 0.002510 0.174601 0.057307
19.228552 1.174085 -9.910803 -1.704762
0.720541 0.134396 0.059242 0.005135
0.134396 0.050667 -0.001196 0.001537
0.059242 -0.001196 1.057052 0.154453
0.005135 0.001537 0.154453 0.055021
20.288197 1.268141 -11.390191 -1.800412
0.748551 0.139198 0.014495 -0.000690
0.139198 0.051681 -0.007441 0.000571
0.014495 -0.007441 1.044942 0.156343
-0.000690 0.000571 0.156343 0.056024
20.993359 1.284168 -12.677737 -1.859715
0.776738 0.143395 0.001876 -0.001454
0.143395 0.052454 -0.007175 0.000619
0.001876 -0.007175 1.003924 0.153287
-0.001454 0.000619 0.153287 0.056092
21.599634 1.281808 -14.369597 -1.978430
0.821213 0.150291 -0.001721 -0.000961
0.150291 0.053681 -0.005711 0.000816
-0.001721 -0.005711 0.980671 0.152822
-0.000961 0.000816 0.152822 0.056454
22.262503 1.286930 -15.656014 -2.025619
0.854830 0.154757 -0.004964 -0.000600
0.154757 0.054402 -0.004465 0.000944
-0.004964 -0.004465 0.925283 0.146929
-0.000600 0.000944 0.146929 0.055838
22.558709 1.225944 -17.137590 -2.101948
0.897107 0.160520 0.012600 0.002962
0.160520 0.055331 0.000062 0.001578
0.012600 0.000062 0.884620 0.143385
0.002962 0.001578 0.143385 0.055539
23.368491 1.261841 -18.864075 -2.213422
0.950563 0.168011 0.003662 0.001804
0.168011 0.056547 -0.000758 0.001285
0.003662 -0.000758 0.855052 0.141421
0.001804 0.001285 0.141421 0.055412
24.002867 1.262219 -19.718688 -2.170924
0.979179 0.170695 0.006743 0.002595
0.170695 0.056868 0.000475 0.001345
0.006743 0.000475 0.785664 0.132441
0.002595 0.001345 0.132441 0.054018
24.169819 1.182368 -20.856639 -2.180683
1.016459 0.174895 0.030618 0.006834
0.174895 0.057481 0.005000 0.001970
0.030618 0.005000 0.747320 0.128889
0.006834 0.001970 0.128889 0.053539
24.655481 1.164535 -22.216048 -2.228221
1.065375 0.180972 0.038142 0.007864
0.180972 0.058419 0.006232 0.001988
0.038142 0.006232 0.723487 0.127559
0.007864 0.001988 0.127559 0.053366
25.587437 1.223256 -23.530340 -2.264029
1.117432 0.187310 0.030648 0.006081
0.187310 0.059376 0.004788 0.001537
0.030648 0.004788 0.698638 0.125612
0.006081 0.001537 0.125612 0.052993
26.365566 1.251009 -25.052892 -2.335483
1.178025 0.194771 0.036370 0.006813
0.194771 0.060494 0.005627 0.001547
0.036370 0.005627 0.685204 0.125410
0.006813 0.001547 0.125410 0.052878
27.001001 1.252462 -25.995591 -2.293682
1.220568 0.198919 0.047681 0.008508
0.198919 0.061035 0.007292 0.001720
0.047681 0.007292 0.653485 0.121376
0.008508 0.001720 0.121376 0.051985
27.405356 1.216811 -27.162511 -2.297284
1.269659 0.204063 0.068263 0.011817
0.204063 0.061753 0.010284 0.002145
0.068263 0.010284 0.638319 0.120328
0.011817 0.002145 0.120328 0.051647
28.061908 1.224639 -28.423052 -2.318745
1.326979 0.210391 0.081034 0.013374
0.210391 0.062659 0.011789 0.002268
0.081034 0.011789 0.628006 0.119886
0.013374 0.002268 0.119886 0.051388
27.748304 1.079438 -29.479575 -2.296677
1.368641 0.213977 0.119731 0.019883
0.213977 0.063110 0.017264 0.003176
0.119731 0.017264 0.618543 0.119217
0.019883 0.003176 0.119217 0.051041
28.491692 1.111308 -30.732224 -2.317745
1.431347 0.220937 0.123446 0.019011
0.220937 0.064119 0.016926 0.002892
0.123446 0.016926 0.611271 0.118799
0.019011 0.002892 0.118799 0.050746
29.633671 1.198910 -31.456085 -2.234878
1.481697 0.225786 0.118103 0.016571
0.225786 0.064786 0.015394 0.002434
0.118103 0.015394 0.588945 0.115219
0.016571 0.002434 0.115219 0.049827
30.788013 1.282246 -32.499386 -2.223053
1.544808 0.232435 0.123788 0.016553
0.232435 0.065718 0.015662 0.002385
0.123788 0.015662 0.582491 0.114779
0.016553 0.002385 0.114779 0.049562
32.276748 1.403376 -32.709863 -2.048205
1.586201 0.235660 0.123997 0.015646
0.235660 0.066124 0.015285 0.002249
0.123997 0.015285 0.555488 0.110074
0.015646 0.002249 0.110074 0.048444
33.026921 1.406381 -33.068510 -1.914633
1.616574 0.237178 0.149812 0.020117
0.237178 0.066280 0.018670 0.002907
0.149812 0.018670 0.546283 0.108969
0.020117 0.002907 0.108969 0.048077
33.026083 1.301669 -33.729370 -1.849648
1.641892 0.238046 0.192288 0.027683
0.238046 0.066364 0.024173 0.003960
0.192288 0.024173 0.554347 0.111114
0.027683 0.003960 0.111114 0.048341
33.542522 1.282188 -34.648139 -1.847347
1.692698 0.242924 0.222083 0.031869
0.242924 0.067080 0.027472 0.004463
0.222083 0.027472 0.567410 0.113964
0.031869 0.004463 0.113964 0.048720
34.183520 1.283537 -35.715867 -1.876792
1.753250 0.249108 0.250928 0.035501
0.249108 0.067970 0.030475 0.004878
0.250928 0.030475 0.583090 0.116927
0.035501 0.004878 0.116927 0.049078
34.586123 1.249836 -36.685144 -1.880696
1.807562 0.254163 0.283631 0.039766
0.254163 0.068664 0.033954 0.005394
0.283631 0.033954 0.596036 0.118900
0.039766 0.005394 0.118900 0.049195
34.911884 1.204170 -37.342711 -1.819722
1.852210 0.257787 0.312522 0.043092
0.257787 0.069148 0.036877 0.005796
0.312522 0.036877 0.600147 0.118860
0.043092 0.005796 0.118860 0.048911
