2.979435 2.153894 3.359713 0.451867
1.437547 0.575031 1.764535 0.705829
0.575031 80.234084 0.705829 0.282338
1.764535 0.705829 4.867834 1.947176
0.705829 0.282338 1.947176 80.782954
3.933078 1.741706 4.858394 2.481802
3.796938 7.157199 -0.654345 -1.579901
7.157199 18.216762 -1.679419 1.105043
-0.654345 -1.679419 3.217724 5.181236
-1.579901 1.105043 5.181236 22.388385
5.429997 2.227526 3.620998 -0.394452
3.633542 3.845126 0.006280 0.322969
3.845126 5.178757 0.283180 1.693757
0.006280 0.283180 3.880167 4.588899
0.322969 1.693757 4.588899 8.571430
6.733777 2.421556 4.412736 0.440462
2.218003 1.668243 0.920475 0.907417
1.668243 1.691015 0.809007 1.122257
0.920475 0.809007 2.459740 2.105184
0.907417 1.122257 2.105184 2.926718
6.428491 1.588813 5.241820 0.810439
0.938405 0.547053 0.432904 0.309470
0.547053 0.543878 0.336715 0.389760
0.432904 0.336715 2.360760 1.579814
0.309470 0.389760 1.579814 1.581749
7.573289 1.771686 6.051667 1.038753
1.089007 0.544190 0.317532 0.200187
0.544190 0.404826 0.213686 0.210358
0.317532 0.213686 2.231656 1.217530
0.200187 0.210358 1.217530 0.953324
8.355683 1.717083 6.037557 0.793008
1.139753 0.487572 0.191763 0.115203
0.487572 0.295438 0.123350 0.114877
0.191763 0.123350 2.092635 0.958734
0.115203 0.114877 0.958734 0.617814
9.592993 1.870148 7.174543 1.092943
1.040357 0.387375 0.102172 0.064035
0.387375 0.206166 0.068857 0.065140
0.102172 0.068857 1.811218 0.714745
0.064035 0.065140 0.714745 0.402364
9.167428 1.398165 6.259145 0.555066
0.698105 0.227304 -0.217502 -0.060350
0.227304 0.121496 -0.049278 0.006977
-0.217502 -0.049278 1.470571 0.506419
-0.060350 0.006977 0.506419 0.261155
9.867167 1.406578 6.984200 0.696697
0.701877 0.213370 -0.143302 -0.024237
0.213370 0.103624 -0.018768 0.013244
-0.143302 -0.018768 1.380767 0.432615
-0.024237 0.013244 0.432615 0.202067
11.403444 1.652523 7.750099 0.843409
0.719662 0.204874 -0.055900 0.006094
0.204874 0.091379 0.007938 0.017154
-0.055900 0.007938 1.310012 0.377644
0.006094 0.017154 0.377644 0.162260
12.365611 1.684287 7.900974 0.774951
0.761539 0.202890 -0.001641 0.020911
0.202890 0.083420 0.021164 0.017023
-0.001641 0.021164 1.314871 0.350818
0.020911 0.017023 0.350818 0.138294
13.365278 1.733713 9.017097 0.958943
0.722340 0.180414 0.035254 0.025994
0.180414 0.072063 0.025537 0.014435
0.035254 0.025537 1.198097 0.297183
0.025994 0.014435 0.297183 0.112534
13.229087 1.512012 10.759426 1.231995
0.690610 0.163041 0.034166 0.021586
0.163041 0.064044 0.019928 0.010379
0.034166 0.019928 1.032634 0.240174
0.021586 0.010379 0.240174 0.090742
13.740396 1.462674 11.984265 1.362337
0.665170 0.150041 0.039797 0.019548
0.150041 0.058562 0.017608 0.007973
0.039797 0.017608 0.921046 0.203817
0.019548 0.007973 0.203817 0.077321
14.666465 1.509529 13.286180 1.496608
0.660697 0.143856 0.070041 0.023398
0.143856 0.055596 0.021580 0.007496
0.070041 0.021580 0.859957 0.183434
0.023398 0.007496 0.183434 0.069522
15.301426 1.486139 14.391817 1.569075
0.660156 0.139429 0.083372 0.023381
0.139429 0.053529 0.021723 0.006439
0.083372 0.021723 0.811606 0.167938
0.023381 0.006439 0.167938 0.063878
16.756549 1.633453 15.526024 1.643798
0.663196 0.136637 0.126468 0.029497
0.136637 0.052209 0.028284 0.006924
0.126468 0.028284 0.803800 0.162569
0.029497 0.006924 0.162569 0.061134
17.267668 1.571902 17.231697 1.817670
0.662677 0.133621 0.144854 0.030185
0.133621 0.051085 0.029261 0.006361
0.144854 0.029261 0.746985 0.147915
0.030185 0.006361 0.147915 0.056947
18.241156 1.607484 18.739421 1.934539
0.672693 0.133231 0.172875 0.032905
0.133231 0.050682 0.032301 0.006370
0.172875 0.032301 0.728264 0.142189
0.032905 0.006370 0.142189 0.055015
19.051168 1.606391 20.099997 2.010979
0.688759 0.134334 0.186106 0.032677
0.134334 0.050689 0.032324 0.005885
0.186106 0.032324 0.722254 0.139483
0.032677 0.005885 0.139483 0.053915
20.101385 1.654350 21.122284 2.012167
0.702276 0.135102 0.191130 0.031134
0.135102 0.050697 0.030937 0.005263
0.191130 0.030937 0.724741 0.138719
0.031134 0.005263 0.138719 0.053343
20.310592 1.534835 22.151187 2.023331
0.686660 0.130627 0.173873 0.025997
0.130627 0.049782 0.026014 0.004147
0.173873 0.026014 0.691952 0.131474
0.025997 0.004147 0.131474 0.051650
19.597706 1.250520 23.186046 2.046728
0.634635 0.119787 0.158361 0.022377
0.119787 0.047755 0.022620 0.003567
0.158361 0.022620 0.621010 0.117551
0.022377 0.003567 0.117551 0.048828
20.399339 1.285292 24.148786 2.032397
0.652361 0.123189 0.161858 0.021958
0.123189 0.048606 0.022352 0.003484
0.161858 0.022352 0.624818 0.118968
0.021958 0.003484 0.118968 0.049152
21.035767 1.285638 25.063154 2.012612
0.667645 0.126064 0.152732 0.019318
0.126064 0.049309 0.019867 0.003015
0.152732 0.019867 0.627368 0.120089
0.019318 0.003015 0.120089 0.049398
21.569298 1.259469 26.404650 2.080008
0.666064 0.125073 0.171289 0.022749
0.125073 0.049124 0.023107 0.003790
0.171289 0.023107 0.626698 0.119925
0.022749 0.003790 0.119925 0.049254
21.912836 1.200295 27.708970 2.136787
0.662511 0.124160 0.172953 0.022688
0.124160 0.049036 0.022920 0.003836
0.172953 0.022920 0.626249 0.120040
0.022688 0.003836 0.120040 0.049228
22.688801 1.223714 29.383792 2.253031
0.677975 0.126973 0.178040 0.023072
0.126973 0.049662 0.023200 0.003919
0.178040 0.023200 0.644488 0.123695
0.023072 0.003919 0.123695 0.049884
23.710753 1.300866 30.588672 2.261061
0.684546 0.127996 0.176299 0.022345
0.127996 0.049909 0.022609 0.003868
0.176299 0.022609 0.642673 0.123150
0.022345 0.003868 0.123150 0.049677
23.389484 1.125339 31.141099 2.165155
0.636292 0.119107 0.140193 0.016011
0.119107 0.048352 0.016143 0.002854
0.140193 0.016143 0.608441 0.116902
0.016011 0.002854 0.116902 0.048479
23.984946 1.135973 31.967472 2.114186
0.633376 0.119210 0.129613 0.014408
0.119210 0.048546 0.014695 0.002732
0.129613 0.014695 0.598103 0.115377
0.014408 0.002732 0.115377 0.048219
24.250941 1.083775 32.663834 2.048098
0.606067 0.114480 0.124820 0.014484
0.114480 0.047756 0.014519 0.002933
0.124820 0.014519 0.583755 0.113030
0.014484 0.002933 0.113030 0.047776
25.607182 1.240518 33.740143 2.045355
0.628419 0.119577 0.128230 0.015289
0.119577 0.048886 0.015594 0.003178
0.128230 0.015594 0.588141 0.114398
0.015289 0.003178 0.114398 0.048080
26.171257 1.229031 34.802117 2.054027
0.632289 0.121083 0.098620 0.009768
0.121083 0.049303 0.010216 0.002170
0.098620 0.010216 0.588109 0.115215
0.009768 0.002170 0.115215 0.048332
26.920705 1.262117 35.325541 1.952100
0.632746 0.121579 0.076974 0.006346
0.121579 0.049437 0.007047 0.001684
0.076974 0.007047 0.571764 0.112473
0.006346 0.001684 0.112473 0.047804
27.875146 1.327724 36.054451 1.898875
0.632623 0.121726 0.065648 0.005191
0.121726 0.049461 0.005905 0.001611
0.065648 0.005905 0.564896 0.111636
0.005191 0.001611 0.111636 0.047655
28.981569 1.411938 37.141455 1.921547
0.637331 0.122764 0.054667 0.004021
0.122764 0.049655 0.004676 0.001474
0.054667 0.004676 0.569124 0.112998
0.004021 0.001474 0.112998 0.047943
29.542141 1.387891 37.638316 1.830194
0.629050 0.121321 0.027135 -0.000363
0.121321 0.049381 0.000373 0.000720
0.027135 0.000373 0.557953 0.111229
-0.000363 0.000720 0.111229 0.047597
30.210783 1.385928 38.114676 1.742516
0.623846 0.120482 0.007515 -0.002970
0.120482 0.049227 -0.002214 0.000322
0.007515 -0.002214 0.549700 0.110027
-0.002970 0.000322 0.110027 0.047362
30.590144 1.325292 38.986971 1.744304
0.597181 0.115466 -0.001668 -0.003343
0.115466 0.048260 -0.002805 0.000327
-0.001668 -0.002805 0.552335 0.110957
-0.003343 0.000327 0.110957 0.047543
31.350980 1.343059 40.366079 1.846026
0.609878 0.118503 -0.020462 -0.006004
0.118503 0.048928 -0.005444 -0.000168
-0.020462 -0.005444 0.571821 0.115143
-0.006004 -0.000168 0.115143 0.048359
31.948433 1.328537 41.465258 1.881505
0.608634 0.118459 -0.036929 -0.008092
0.118459 0.048917 -0.007536 -0.000543
-0.036929 -0.007536 0.577153 0.116007
-0.008092 -0.000543 0.116007 0.048425
32.261754 1.259526 41.966778 1.793125
0.602679 0.117429 -0.056735 -0.010859
0.117429 0.048700 -0.010305 -0.001067
-0.056735 -0.010305 0.567094 0.113669
-0.010859 -0.001067 0.113669 0.047848
32.575274 1.198927 43.223369 1.864412
0.601454 0.117349 -0.073028 -0.012872
0.117349 0.048674 -0.012293 -0.001435
-0.073028 -0.012293 0.579250 0.115981
-0.012872 -0.001435 0.115981 0.048258
33.420597 1.246482 44.035798 1.841636
0.623604 0.121793 -0.087672 -0.014466
0.121793 0.049523 -0.014058 -0.001750
-0.087672 -0.014058 0.576254 0.115014
-0.014466 -0.001750 0.115014 0.047975
33.919798 1.223104 45.083677 1.866242
0.630345 0.122750 -0.103191 -0.016376
0.122750 0.049606 -0.015990 -0.002132
-0.103191 -0.015990 0.580586 0.115590
-0.016376 -0.002132 0.115590 0.048028
34.150990 1.148614 46.010797 1.861779
0.636116 0.123376 -0.122805 -0.019135
0.123376 0.049615 -0.018752 -0.002690
-0.122805 -0.018752 0.583757 0.115832
-0.019135 -0.002690 0.115832 0.048004
33.639126 0.925707 45.970225 1.655958
0.606967 0.117188 -0.135166 -0.020748
0.117188 0.048309 -0.020310 -0.003068
-0.135166 -0.020310 0.562080 0.111140
-0.020748 -0.003068 0.111140 0.047005
34.289466 0.965265 47.010661 1.701025
0.643571 0.124408 -0.149634 -0.022069
0.124408 0.049738 -0.021945 -0.003315
-0.149634 -0.021945 0.574051 0.113586
-0.022069 -0.003315 0.113586 0.047521
