3.713426 2.447497 8.944939 2.686006
4.342576 1.737068 8.740102 3.496117
1.737068 80.698909 3.496117 1.398477
8.740102 3.496117 32.137282 12.855191
3.496117 1.398477 12.855191 85.146255
6.822248 5.644736 10.530455 2.401015
3.963353 6.590006 1.008140 -0.157399
6.590006 20.368942 0.110652 7.192536
1.008140 0.110652 6.158820 5.193429
-0.157399 7.192536 5.193429 41.762967
8.778442 4.602909 8.245195 -1.772766
2.923782 3.063116 -1.594145 -1.885109
3.063116 5.573326 -1.615453 0.731254
-1.594145 -1.615453 2.479244 2.952824
-1.885109 0.731254 2.952824 14.083604
7.888669 1.983825 8.186208 -1.779370
1.716319 1.111187 -2.243654 -2.208360
1.111187 1.568302 -0.746447 -0.170779
-2.243654 -0.746447 7.203484 8.138508
-2.208360 -0.170779 8.138508 11.583429
8.359783 1.342887 4.566139 -4.122931
1.780526 0.991703 -2.651055 -1.731613
0.991703 0.907521 -1.101072 -0.604915
-2.651055 -1.101072 7.699038 5.628290
-1.731613 -0.604915 5.628290 4.972071
8.458012 1.003785 2.453736 -4.255662
1.370578 0.724856 -1.054428 -0.398209
0.724856 0.586896 -0.079882 0.072222
-1.054428 -0.079882 7.349487 4.284023
-0.398209 0.072222 4.284023 2.936440
8.812961 1.077927 3.470598 -2.773357
1.182830 0.598803 0.653119 0.440752
0.598803 0.410782 0.416506 0.245454
0.653119 0.416506 2.225516 1.131959
0.440752 0.245454 1.131959 0.827281
9.463122 1.121967 1.954354 -2.822794
1.283074 0.548999 0.816587 0.399711
0.548999 0.306394 0.395220 0.173621
0.816587 0.395220 3.113425 1.342944
0.399711 0.173621 1.342944 0.739429
10.415211 1.277603 3.151813 -1.863954
1.177197 0.434706 0.967558 0.370225
0.434706 0.212672 0.366453 0.127582
0.967558 0.366453 2.664163 0.987213
0.370225 0.127582 0.987213 0.477241
12.753617 1.831004 3.615767 -1.421008
1.032289 0.336224 0.829422 0.262974
0.336224 0.150605 0.255778 0.072162
0.829422 0.255778 3.183561 1.038976
0.262974 0.072162 1.038976 0.422004
13.778772 1.864145 2.890604 -1.427355
0.971839 0.284826 0.803633 0.218052
0.284826 0.117938 0.203652 0.048624
0.803633 0.203652 4.008832 1.162954
0.218052 0.048624 1.162954 0.402573
13.639427 1.570135 1.948649 -1.464260
0.868920 0.230970 0.887586 0.214800
0.230970 0.091734 0.194265 0.042223
0.887586 0.194265 4.823990 1.250369
0.214800 0.042223 1.250369 0.377872
13.531854 1.332847 1.778479 -1.309911
0.816642 0.199980 0.996034 0.217707
0.199980 0.076699 0.200238 0.040444
0.996034 0.200238 5.070205 1.181832
0.217707 0.040444 1.181832 0.321806
14.427201 1.398016 0.398724 -1.472870
0.800232 0.185884 0.868204 0.168514
0.185884 0.069429 0.145802 0.025578
0.868204 0.145802 5.475661 1.166589
0.168514 0.025578 1.166589 0.290037
14.261263 1.218888 -2.205484 -1.824075
0.827693 0.182828 0.857426 0.150828
0.182828 0.065616 0.133973 0.021616
0.857426 0.133973 5.403063 1.055673
0.150828 0.021616 1.055673 0.244538
15.066991 1.267664 -3.527893 -1.904289
0.777334 0.166511 0.563102 0.085879
0.166511 0.060246 0.073735 0.009678
0.563102 0.073735 4.257363 0.772098
0.085879 0.009678 0.772098 0.176215
15.389903 1.208484 -5.110734 -2.006413
0.774130 0.160668 0.436983 0.058754
0.160668 0.057562 0.054133 0.006261
0.436983 0.054133 3.356942 0.569728
0.058754 0.006261 0.569728 0.131575
16.114808 1.238810 -6.586438 -2.085976
0.760122 0.153938 0.282855 0.031024
0.153938 0.055298 0.027709 0.002168
0.282855 0.027709 2.703283 0.435787
0.031024 0.002168 0.435787 0.104372
16.734094 1.245645 -8.269180 -2.185987
0.765985 0.151612 0.188597 0.015632
0.151612 0.054196 0.013805 0.000390
0.188597 0.013805 2.240679 0.346877
0.015632 0.000390 0.346877 0.087417
16.810334 1.145442 -10.027835 -2.277980
0.794466 0.153489 0.172161 0.013299
0.153489 0.054012 0.015321 0.001015
0.172161 0.015321 1.856686 0.278319
0.013299 0.001015 0.278319 0.075272
17.150285 1.103887 -11.476131 -2.320544
0.812893 0.153865 0.128414 0.007304
0.153865 0.053745 0.010299 0.000597
0.128414 0.010299 1.545450 0.227643
0.007304 0.000597 0.227643 0.067066
18.405823 1.223851 -11.275983 -2.128869
0.778472 0.145030 0.042838 -0.003736
0.145030 0.051951 -0.002203 -0.000814
0.042838 -0.002203 1.213136 0.178476
-0.003736 -0.000814 0.178476 0.059824
18.139691 1.059257 -11.929461 -2.058081
0.789531 0.144819 0.081768 0.003726
0.144819 0.051826 0.007601 0.001005
0.081768 0.007601 1.058286 0.157124
0.003726 0.001005 0.157124 0.056899
18.843899 1.090130 -12.815889 -2.038007
0.796219 0.144649 0.048655 -0.000263
0.144649 0.051885 0.002641 0.000436
0.048655 0.002641 0.972947 0.147974
-0.000263 0.000436 0.147974 0.056015
18.897544 1.003575 -14.218551 -2.093989
0.831191 0.149620 0.054608 0.001697
0.149620 0.052866 0.004818 0.000925
0.054608 0.004818 0.928737 0.144866
0.001697 0.000925 0.144866 0.055936
19.360304 0.997040 -15.358345 -2.108592
0.855384 0.152570 0.037049 -0.000215
0.152570 0.053463 0.002520 0.000660
0.037049 0.002520 0.874862 0.140051
-0.000215 0.000660 0.140051 0.055495
20.125824 1.040964 -15.550639 -1.968431
0.848477 0.150006 0.013144 -0.002983
0.150006 0.053074 -0.000684 0.000264
0.013144 -0.000684 0.786876 0.129344
-0.002983 0.000264 0.129344 0.053983
20.459282 1.009275 -16.960936 -2.039760
0.889601 0.156259 0.011635 -0.002228
0.156259 0.054290 -0.000090 0.000444
0.011635 -0.000090 0.778300 0.131852
-0.002228 0.000444 0.131852 0.054619
21.621306 1.123488 -17.801118 -2.010948
0.909388 0.158498 -0.022153 -0.007144
0.158498 0.054742 -0.005239 -0.000393
-0.022153 -0.005239 0.744317 0.129297
-0.007144 -0.000393 0.129297 0.054236
22.253115 1.135776 -19.100243 -2.063239
0.950851 0.164439 -0.023938 -0.006263
0.164439 0.055820 -0.004568 -0.000191
-0.023938 -0.004568 0.734015 0.130386
-0.006263 -0.000191 0.130386 0.054390
22.924534 1.153301 -20.642252 -2.155605
1.003235 0.171933 -0.023986 -0.005263
0.171933 0.057107 -0.003798 -0.000015
-0.023986 -0.003798 0.730639 0.132110
-0.005263 -0.000015 0.132110 0.054558
23.332857 1.124555 -21.892275 -2.187151
1.047005 0.177533 -0.010713 -0.002002
0.177533 0.058006 -0.000980 0.000504
-0.010713 -0.000980 0.711275 0.130312
-0.002002 0.000504 0.130312 0.054002
24.162146 1.168991 -23.203417 -2.227372
1.097267 0.183945 -0.012838 -0.001947
0.183945 0.059008 -0.001100 0.000426
-0.012838 -0.001100 0.694706 0.128759
-0.001947 0.000426 0.128759 0.053478
24.886345 1.191652 -24.589173 -2.278210
1.151737 0.190756 -0.005869 -0.000269
0.190756 0.060044 0.000227 0.000617
-0.005869 0.000227 0.681103 0.127518
-0.000269 0.000617 0.127518 0.053006
25.654750 1.220738 -25.244385 -2.186692
1.184468 0.193678 0.000952 0.001159
0.193678 0.060410 0.001308 0.000739
0.000952 0.001308 0.643257 0.121469
0.001159 0.000739 0.121469 0.051624
26.859188 1.317246 -26.011528 -2.123961
1.226281 0.198087 -0.002089 0.000548
0.198087 0.061039 0.000691 0.000530
-0.002089 0.000691 0.617827 0.117942
0.000548 0.000530 0.117942 0.050784
27.379530 1.295826 -26.655287 -2.043319
1.256269 0.200558 0.021480 0.005082
0.200558 0.061368 0.004362 0.001166
0.021480 0.004362 0.597489 0.115372
0.005082 0.001166 0.115372 0.050147
27.488640 1.211673 -26.817136 -1.875656
1.265531 0.199833 0.051536 0.010484
0.199833 0.061216 0.008735 0.001895
0.051536 0.008735 0.571162 0.111514
0.010484 0.001895 0.111514 0.049257
28.553140 1.283400 -28.115205 -1.947076
1.330576 0.208147 0.058051 0.010802
0.208147 0.062533 0.009118 0.001795
0.058051 0.009118 0.582520 0.115086
0.010802 0.001795 0.115086 0.049849
28.405208 1.160925 -28.822033 -1.893041
1.358570 0.210263 0.096567 0.017533
0.210263 0.062823 0.014474 0.002720
0.096567 0.014474 0.579786 0.115224
0.017533 0.002720 0.115224 0.049662
28.581280 1.099287 -29.955081 -1.929390
1.411265 0.216256 0.122474 0.021150
0.216256 0.063728 0.017508 0.003118
0.122474 0.017508 0.589069 0.117528
0.021150 0.003118 0.117528 0.049901
28.986803 1.078140 -31.129665 -1.970952
1.470550 0.223033 0.139922 0.022795
0.223033 0.064724 0.019111 0.003221
0.139922 0.019111 0.595703 0.118922
0.022795 0.003221 0.118922 0.049928
29.370026 1.052185 -31.613645 -1.869653
1.505781 0.225923 0.151878 0.023398
0.225923 0.065103 0.019972 0.003214
0.151878 0.019972 0.581414 0.115882
0.023398 0.003214 0.115882 0.049066
29.729714 1.025519 -32.253124 -1.809350
1.546795 0.229709 0.165160 0.024312
0.229709 0.065629 0.021043 0.003279
0.165160 0.021043 0.575897 0.114775
0.024312 0.003279 0.114775 0.048667
30.338222 1.041251 -33.370171 -1.852762
1.609730 0.236713 0.176839 0.024804
0.236713 0.066634 0.021821 0.003287
0.176839 0.021821 0.583708 0.116363
0.024804 0.003287 0.116363 0.048842
31.075234 1.073449 -34.356406 -1.866446
1.670250 0.243087 0.187098 0.025108
0.243087 0.067512 0.022496 0.003304
0.187098 0.022496 0.585770 0.116573
0.025108 0.003304 0.116573 0.048724
31.852526 1.108153 -35.268935 -1.864257
1.729178 0.248982 0.199731 0.026001
0.248982 0.068295 0.023593 0.003432
0.199731 0.023593 0.585865 0.116299
0.026001 0.003432 0.116299 0.048519
32.879794 1.173109 -35.897189 -1.807298
1.782073 0.253868 0.209049 0.026317
0.253868 0.068923 0.024307 0.003500
0.209049 0.024307 0.578646 0.114577
0.026317 0.003500 0.114577 0.048053
33.873284 1.231807 -36.879696 -1.826996
1.846468 0.260192 0.228814 0.028719
0.260192 0.069740 0.026413 0.003847
0.228814 0.026413 0.584536 0.115530
0.028719 0.003847 0.115530 0.048150
34.809160 1.276482 -37.758794 -1.823258
1.905810 0.265553 0.253954 0.032139
0.265553 0.070399 0.029229 0.004333
0.253954 0.029229 0.589039 0.116034
0.032139 0.004333 0.116034 0.048139
