1.178583 1.433538 3.347981 0.447174
2.251869 0.900767 -0.401514 -0.160609
0.900767 80.364381 -0.160609 -0.064245
-0.401514 -0.160609 3.884598 1.553873
-0.160609 -0.064245 1.553873 80.625629
5.462004 7.723865 3.058438 -0.276949
2.107782 3.695931 -0.965275 -1.511347
3.695931 14.209323 -1.607148 -3.590890
-0.965275 -1.607148 3.077593 5.005189
-1.511347 -3.590890 5.005189 20.262026
8.471114 6.606954 0.360370 -3.337275
2.363839 2.748720 -0.436806 -0.334607
2.748720 4.920402 -0.386675 -0.662327
-0.436806 -0.386675 2.711542 3.141775
-0.334607 -0.662327 3.141775 6.445785
6.431385 2.220853 -0.218836 -2.538313
1.182379 0.980982 0.798610 0.713144
0.980982 1.459014 0.669006 0.419059
0.798610 0.669006 1.181998 1.031720
0.713144 0.419059 1.031720 1.919326
9.522961 3.164360 3.104341 0.977822
1.076444 0.764786 0.375589 0.139470
0.764786 0.827884 0.239980 0.038901
0.375589 0.239980 0.356906 0.237372
0.139470 0.038901 0.237372 0.584612
8.150140 1.424491 3.069117 1.004846
0.357578 0.198821 0.158003 0.076110
0.198821 0.262011 0.030341 0.001662
0.158003 0.030341 0.534047 0.423258
0.076110 0.001662 0.423258 0.512330
9.327571 1.588352 4.770909 1.734515
0.461505 0.249787 0.103863 0.022784
0.249787 0.224152 -0.001293 -0.011499
0.103863 -0.001293 0.739421 0.467393
0.022784 -0.011499 0.467393 0.384835
9.127441 1.107934 5.711662 1.824095
0.437007 0.210552 -0.019472 -0.032807
0.210552 0.158032 -0.051495 -0.026268
-0.019472 -0.051495 0.906017 0.464579
-0.032807 -0.026268 0.464579 0.291912
9.562009 1.030530 7.715812 2.288483
0.570187 0.241860 -0.083129 -0.049330
0.241860 0.142299 -0.058838 -0.022601
-0.083129 -0.058838 0.959052 0.407270
-0.049330 -0.022601 0.407270 0.210589
10.407305 1.156419 8.513298 2.159803
0.636766 0.236273 -0.132032 -0.054462
0.236273 0.118444 -0.060636 -0.018338
-0.132032 -0.060636 0.972252 0.352319
-0.054462 -0.018338 0.352319 0.157235
10.614770 1.034821 9.622842 2.170082
0.669103 0.220029 -0.179826 -0.058526
0.220029 0.098279 -0.063063 -0.016018
-0.179826 -0.063063 0.913868 0.289619
-0.058526 -0.016018 0.289619 0.117109
11.440974 1.126300 10.743350 2.181146
0.676650 0.200147 -0.201470 -0.055042
0.200147 0.082484 -0.058712 -0.012734
-0.201470 -0.058712 0.854685 0.242074
-0.055042 -0.012734 0.242074 0.091660
13.223051 1.453897 11.139963 2.009710
0.632307 0.170869 -0.186371 -0.043816
0.170869 0.068077 -0.046371 -0.008396
-0.186371 -0.046371 0.799274 0.206336
-0.043816 -0.008396 0.206336 0.075268
13.145211 1.250914 12.279263 2.033938
0.630245 0.158425 -0.168387 -0.034219
0.158425 0.061090 -0.036441 -0.005472
-0.168387 -0.036441 0.740846 0.177271
-0.034219 -0.005472 0.177271 0.063992
13.150978 1.114088 14.374217 2.272106
0.613474 0.145368 -0.129037 -0.021945
0.145368 0.055522 -0.024009 -0.002561
-0.129037 -0.024009 0.648566 0.146261
-0.021945 -0.002561 0.146261 0.054528
14.509010 1.293075 15.209582 2.216894
0.568538 0.128488 -0.090394 -0.012301
0.128488 0.050203 -0.013553 -0.000598
-0.090394 -0.013553 0.600155 0.129976
-0.012301 -0.000598 0.129976 0.049881
15.803821 1.439355 16.632965 2.292189
0.551637 0.120155 -0.092920 -0.012446
0.120155 0.047582 -0.013562 -0.000992
-0.092920 -0.013562 0.573430 0.120351
-0.012446 -0.000992 0.120351 0.047290
16.733210 1.486994 18.001062 2.341099
0.554807 0.117665 -0.093274 -0.011985
0.117665 0.046699 -0.013010 -0.001141
-0.093274 -0.013010 0.566585 0.116453
-0.011985 -0.001141 0.116453 0.046321
17.529765 1.495739 18.980385 2.302662
0.548266 0.113888 -0.089097 -0.010907
0.113888 0.045769 -0.011797 -0.001156
-0.089097 -0.011797 0.552803 0.111974
-0.010907 -0.001156 0.111974 0.045429
17.467717 1.330297 20.285680 2.323140
0.532729 0.109220 -0.069271 -0.006977
0.109220 0.044874 -0.007850 -0.000620
-0.069271 -0.007850 0.518035 0.104193
-0.006977 -0.000620 0.104193 0.044048
18.086455 1.318530 21.257809 2.284152
0.513868 0.104670 -0.045837 -0.002775
0.104670 0.044148 -0.003475 -0.000029
-0.045837 -0.003475 0.494550 0.099663
-0.002775 -0.000029 0.099663 0.043469
18.455412 1.255426 22.038419 2.207296
0.510934 0.103704 -0.049132 -0.004178
0.103704 0.044179 -0.004795 -0.000571
-0.049132 -0.004795 0.487008 0.098536
-0.004178 -0.000571 0.098536 0.043547
18.908702 1.211284 22.268029 2.026638
0.491858 0.099827 -0.039904 -0.003030
0.099827 0.043648 -0.003555 -0.000543
-0.039904 -0.003555 0.464957 0.094718
-0.003030 -0.000543 0.094718 0.043070
20.100713 1.328458 22.974439 1.968740
0.484220 0.098700 -0.033659 -0.002416
0.098700 0.043710 -0.002781 -0.000554
-0.033659 -0.002781 0.465127 0.095755
-0.002416 -0.000554 0.095755 0.043586
20.747256 1.324007 23.852938 1.946558
0.476032 0.097544 -0.032655 -0.002886
0.097544 0.043725 -0.003149 -0.000772
-0.032655 -0.003149 0.460908 0.095666
-0.002886 -0.000772 0.095666 0.043770
20.752953 1.188859 24.900578 1.957382
0.459695 0.094955 -0.009164 0.001417
0.094955 0.043445 0.001173 0.000028
-0.009164 0.001173 0.449121 0.094087
0.001417 0.000028 0.094087 0.043623
21.449026 1.210751 26.017474 1.987145
0.445167 0.092700 -0.018527 -0.001483
0.092700 0.043172 -0.001601 -0.000699
-0.018527 -0.001601 0.443579 0.093642
-0.001483 -0.000699 0.093642 0.043639
21.986148 1.196638 27.072735 1.999972
0.454222 0.095637 -0.002429 0.001533
0.095637 0.043996 0.001421 -0.000071
-0.002429 0.001421 0.458545 0.097628
0.001533 -0.000071 0.097628 0.044591
22.119713 1.098318 28.116613 2.007929
0.446607 0.094623 0.008308 0.003129
0.094623 0.043861 0.003053 0.000212
0.008308 0.003053 0.461603 0.098549
0.003129 0.000212 0.098549 0.044767
22.988993 1.166308 28.926118 1.966836
0.443473 0.094548 0.017264 0.004321
0.094548 0.043906 0.004264 0.000414
0.017264 0.004264 0.465011 0.099382
0.004321 0.000414 0.099382 0.044897
23.645599 1.182039 29.948361 1.975119
0.442814 0.094907 0.008096 0.001650
0.094907 0.044011 0.001594 -0.000196
0.008096 0.001594 0.474750 0.101441
0.001650 -0.000196 0.101441 0.045274
24.795776 1.302308 30.995047 1.987205
0.445420 0.095851 0.000483 -0.000310
0.095851 0.044211 -0.000379 -0.000575
0.000483 -0.000379 0.486061 0.103620
-0.000310 -0.000575 0.103620 0.045648
25.297448 1.269816 32.217710 2.035993
0.433757 0.093548 -0.001993 -0.000891
0.093548 0.043678 -0.000978 -0.000614
-0.001993 -0.000978 0.495436 0.105178
-0.000891 -0.000614 0.105178 0.045868
25.823093 1.246155 33.237865 2.036560
0.433107 0.093799 -0.016170 -0.003855
0.093799 0.043735 -0.004013 -0.001166
-0.016170 -0.004013 0.507031 0.107101
-0.003855 -0.001166 0.107101 0.046169
26.435917 1.244001 33.981600 1.978931
0.424416 0.092191 -0.023803 -0.005121
0.092191 0.043365 -0.005305 -0.001308
-0.023803 -0.005305 0.508088 0.106665
-0.005121 -0.001308 0.106665 0.045970
27.011572 1.233774 34.805289 1.944266
0.436073 0.095100 -0.031086 -0.006201
0.095100 0.043997 -0.006414 -0.001417
-0.031086 -0.006414 0.519956 0.108606
-0.006201 -0.001417 0.108606 0.046312
27.285001 1.158508 35.598936 1.906595
0.420663 0.091746 -0.033636 -0.006265
0.091746 0.043193 -0.006431 -0.001319
-0.033636 -0.006431 0.522540 0.108501
-0.006265 -0.001319 0.108501 0.046221
27.697850 1.121829 36.468397 1.888809
0.416491 0.091141 -0.034274 -0.005964
0.091141 0.043058 -0.006074 -0.001172
-0.034274 -0.006074 0.529665 0.109438
-0.005964 -0.001172 0.109438 0.046380
28.335470 1.137999 37.213017 1.847954
0.423942 0.093072 -0.037926 -0.006332
0.093072 0.043475 -0.006474 -0.001206
-0.037926 -0.006474 0.536327 0.110260
-0.006332 -0.001206 0.110260 0.046519
28.650093 1.082683 38.294652 1.879195
0.429651 0.094371 -0.040428 -0.006487
0.094371 0.043705 -0.006601 -0.001199
-0.040428 -0.006601 0.550835 0.112699
-0.006487 -0.001199 0.112699 0.046999
28.863325 1.012023 39.546028 1.941159
0.429058 0.094135 -0.040360 -0.006184
0.094135 0.043579 -0.006203 -0.001107
-0.040360 -0.006203 0.565265 0.114980
-0.006184 -0.001107 0.114980 0.047425
29.358511 1.009467 40.481715 1.934041
0.438761 0.096155 -0.044490 -0.006755
0.096155 0.043961 -0.006868 -0.001237
-0.044490 -0.006868 0.569892 0.115132
-0.006755 -0.001237 0.115132 0.047403
30.564366 1.161884 41.237299 1.895348
0.417259 0.091224 -0.031651 -0.004068
0.091224 0.042812 -0.003846 -0.000660
-0.031651 -0.003846 0.563629 0.113287
-0.004068 -0.000660 0.113287 0.047027
31.629692 1.266744 41.907575 1.842289
0.391192 0.085796 -0.015896 -0.001097
0.085796 0.041666 -0.000542 -0.000081
-0.015896 -0.000542 0.552430 0.110741
-0.001097 -0.000081 0.110741 0.046566
32.486441 1.317375 43.087786 1.895234
0.409901 0.090646 -0.014255 -0.000994
0.090646 0.042853 -0.000597 -0.000162
-0.014255 -0.000597 0.553337 0.110851
-0.000994 -0.000162 0.110851 0.046671
33.018743 1.290626 44.354160 1.958617
0.417057 0.092373 -0.010824 -0.000581
0.092373 0.043212 -0.000243 -0.000155
-0.010824 -0.000243 0.546821 0.109517
-0.000581 -0.000155 0.109517 0.046480
33.331592 1.217675 45.533741 1.997758
0.435669 0.096395 -0.017426 -0.002154
0.096395 0.044037 -0.002117 -0.000573
-0.017426 -0.002117 0.534940 0.107228
-0.002154 -0.000573 0.107228 0.046104
34.035334 1.238477 46.497818 1.991023
0.470619 0.103598 -0.024093 -0.003527
0.103598 0.045494 -0.003781 -0.000895
-0.024093 -0.003781 0.515230 0.103580
-0.003527 -0.000895 0.103580 0.045479
34.829524 1.275959 47.278116 1.947962
0.505846 0.110126 -0.029059 -0.004426
0.110126 0.046686 -0.004886 -0.001079
-0.029059 -0.004886 0.488590 0.098820
-0.004426 -0.001079 0.098820 0.044658
35.160533 1.209404 48.041489 1.903918
0.510830 0.109572 -0.027993 -0.004110
0.109572 0.046290 -0.004592 -0.000988
-0.027993 -0.004592 0.453893 0.092742
-0.004110 -0.000988 0.092742 0.043595
