1.012852 1.367244 1.218482 -0.404644
2.438630 0.975473 -1.206848 -0.482750
0.975473 80.394264 -0.482750 -0.193104
-1.206848 -0.482750 3.116531 1.246639
-0.482750 -0.193104 1.246639 80.502733
7.032232 10.700536 0.521196 -0.707288
2.235392 3.761578 -1.676228 -2.626457
3.761578 14.386522 -2.757281 -7.683460
-1.676228 -2.757281 1.883479 3.035705
-2.626457 -7.683460 3.035705 14.844684
8.222774 5.844681 2.077651 0.970579
0.583069 0.745563 0.234440 0.457585
0.745563 2.771247 0.402330 -0.374385
0.234440 0.402330 0.887582 1.278393
0.457585 -0.374385 1.278393 3.777996
8.557635 2.871065 3.697592 2.579822
0.470970 0.482960 0.237927 0.173023
0.482960 0.988788 0.113702 -0.213137
0.237927 0.113702 1.113525 1.128744
0.173023 -0.213137 1.128744 1.660306
8.282401 1.515171 4.150573 2.205486
0.520075 0.441720 -0.037221 -0.106737
0.441720 0.558714 -0.161110 -0.259226
-0.037221 -0.161110 1.281743 0.974837
-0.106737 -0.259226 0.974837 0.946419
8.256436 1.006826 5.325946 2.319078
0.625053 0.414701 -0.222853 -0.185029
0.414701 0.361540 -0.215606 -0.187949
-0.222853 -0.215606 1.296081 0.762500
-0.185029 -0.187949 0.762500 0.553505
7.725675 0.486517 6.083205 2.189905
0.544534 0.293738 -0.432608 -0.229587
0.293738 0.209032 -0.262116 -0.149446
-0.432608 -0.262116 1.280816 0.615172
-0.229587 -0.149446 0.615172 0.359378
8.622014 0.774870 7.052867 2.122975
0.618270 0.276238 -0.408084 -0.176519
0.276238 0.158243 -0.191887 -0.089395
-0.408084 -0.191887 1.119684 0.448907
-0.176519 -0.089395 0.448907 0.225142
9.492306 0.959297 7.698645 1.975142
0.671540 0.256194 -0.398480 -0.144206
0.256194 0.124895 -0.153350 -0.059751
-0.398480 -0.153350 1.034144 0.358142
-0.144206 -0.059751 0.358142 0.159312
10.239507 1.051783 9.382827 2.187341
0.690337 0.230343 -0.363296 -0.112662
0.230343 0.100083 -0.118402 -0.039729
-0.363296 -0.118402 0.925570 0.283673
-0.112662 -0.039729 0.283673 0.116691
11.546880 1.282461 9.806699 2.003741
0.645369 0.192134 -0.329970 -0.089445
0.192134 0.078431 -0.093506 -0.027604
-0.329970 -0.093506 0.814470 0.225648
-0.089445 -0.027604 0.225648 0.089087
11.855000 1.195308 11.281027 2.123125
0.630104 0.171033 -0.303202 -0.072875
0.171033 0.066735 -0.076129 -0.020081
-0.303202 -0.076129 0.735930 0.187898
-0.072875 -0.020081 0.187898 0.072720
12.014394 1.080333 12.180098 2.077651
0.610907 0.153738 -0.270742 -0.058236
0.153738 0.058701 -0.060871 -0.014571
-0.270742 -0.060871 0.673201 0.161121
-0.058236 -0.014571 0.161121 0.062294
12.856792 1.156837 13.420643 2.129722
0.598732 0.141767 -0.242042 -0.046948
0.141767 0.053650 -0.049029 -0.010785
-0.242042 -0.049029 0.640682 0.145964
-0.046948 -0.010785 0.145964 0.056470
14.011624 1.285502 14.194905 2.074629
0.567364 0.127757 -0.219496 -0.039215
0.127757 0.049130 -0.040789 -0.008474
-0.219496 -0.040789 0.601798 0.131794
-0.039215 -0.008474 0.131794 0.051858
14.566919 1.265109 15.185953 2.062725
0.528407 0.114995 -0.175965 -0.028188
0.114995 0.045783 -0.029493 -0.005825
-0.175965 -0.029493 0.546295 0.116569
-0.028188 -0.005825 0.116569 0.047842
14.988016 1.219144 16.226845 2.060431
0.502121 0.106659 -0.155893 -0.023364
0.106659 0.043841 -0.024607 -0.004808
-0.155893 -0.024607 0.504183 0.105794
-0.023364 -0.004808 0.105794 0.045230
15.903270 1.280054 17.006810 2.013162
0.482804 0.101030 -0.143288 -0.020558
0.101030 0.042756 -0.021525 -0.004239
-0.143288 -0.021525 0.484067 0.100906
-0.020558 -0.004239 0.100906 0.044166
16.183417 1.206906 18.198234 2.045048
0.467817 0.096937 -0.145358 -0.021111
0.096937 0.042087 -0.022127 -0.004487
-0.145358 -0.022127 0.455131 0.094395
-0.021111 -0.004487 0.094395 0.042806
16.612229 1.157111 18.604370 1.908328
0.451245 0.093569 -0.126244 -0.017118
0.093569 0.041750 -0.017975 -0.003682
-0.126244 -0.017975 0.437083 0.091359
-0.017118 -0.003682 0.091359 0.042410
17.223526 1.161773 19.445129 1.884454
0.448233 0.093290 -0.118441 -0.015664
0.093290 0.042035 -0.016412 -0.003445
-0.118441 -0.016412 0.432125 0.091112
-0.015664 -0.003445 0.091112 0.042558
18.831957 1.380092 20.302281 1.888491
0.407536 0.085248 -0.099727 -0.012801
0.085248 0.040643 -0.013263 -0.003049
-0.099727 -0.013263 0.398633 0.084814
-0.012801 -0.003049 0.084814 0.041367
19.245534 1.330169 21.749465 1.993687
0.399474 0.084794 -0.089080 -0.011146
0.084794 0.040934 -0.011593 -0.002814
-0.089080 -0.011593 0.388319 0.083879
-0.011146 -0.002814 0.083879 0.041383
19.203585 1.185336 23.277075 2.097893
0.383773 0.082707 -0.072357 -0.008376
0.082707 0.040798 -0.008825 -0.002364
-0.072357 -0.008825 0.370457 0.081276
-0.008376 -0.002364 0.081276 0.040985
19.388561 1.092133 24.165029 2.053910
0.391722 0.085593 -0.072037 -0.008996
0.085593 0.041648 -0.009412 -0.002579
-0.072037 -0.009412 0.375721 0.083601
-0.008996 -0.002579 0.083601 0.041606
20.038098 1.117447 25.329145 2.086915
0.404151 0.089109 -0.069787 -0.008969
0.089109 0.042528 -0.009295 -0.002576
-0.069787 -0.009295 0.389806 0.087568
-0.008969 -0.002576 0.087568 0.042510
20.456968 1.090355 26.656240 2.149375
0.403656 0.089282 -0.067962 -0.009185
0.089282 0.042548 -0.009376 -0.002650
-0.067962 -0.009376 0.394449 0.088838
-0.009185 -0.002650 0.088838 0.042687
21.393442 1.174223 27.455188 2.092211
0.395227 0.087600 -0.066738 -0.009527
0.087600 0.042142 -0.009638 -0.002755
-0.066738 -0.009638 0.389016 0.087606
-0.009527 -0.002755 0.087606 0.042277
21.968373 1.169430 28.341598 2.055685
0.407427 0.090577 -0.072978 -0.011146
0.090577 0.042795 -0.011199 -0.003057
-0.072978 -0.011199 0.403091 0.090804
-0.011146 -0.003057 0.090804 0.042904
23.227246 1.321173 29.401810 2.071763
0.396289 0.087925 -0.082541 -0.013597
0.087925 0.042107 -0.013426 -0.003543
-0.082541 -0.013426 0.406842 0.091254
-0.013597 -0.003543 0.091254 0.042843
24.036682 1.353044 30.311343 2.045150
0.400176 0.089046 -0.081258 -0.013080
0.089046 0.042367 -0.012901 -0.003304
-0.081258 -0.012901 0.414410 0.092682
-0.013080 -0.003304 0.092682 0.043067
24.194826 1.239025 31.545952 2.085983
0.386343 0.086136 -0.070655 -0.010753
0.086136 0.041710 -0.010425 -0.002713
-0.070655 -0.010425 0.414569 0.092433
-0.010753 -0.002713 0.092433 0.042932
24.849276 1.248570 32.715197 2.114752
0.384984 0.086085 -0.075487 -0.011941
0.086085 0.041702 -0.011521 -0.002941
-0.075487 -0.011521 0.426409 0.094656
-0.011941 -0.002941 0.094656 0.043338
24.661613 1.068495 34.089064 2.174880
0.363426 0.081553 -0.068900 -0.010688
0.081553 0.040699 -0.009992 -0.002615
-0.068900 -0.009992 0.431136 0.095257
-0.010688 -0.002615 0.095257 0.043396
25.089633 1.045019 35.239574 2.187531
0.367679 0.083119 -0.074700 -0.011947
0.083119 0.041117 -0.011359 -0.002880
-0.074700 -0.011359 0.441508 0.096952
-0.011947 -0.002880 0.096952 0.043685
26.895093 1.336943 36.108504 2.154111
0.346255 0.078587 -0.075975 -0.012390
0.078587 0.040077 -0.011698 -0.002968
-0.075975 -0.011698 0.439281 0.095834
-0.012390 -0.002968 0.095834 0.043363
27.732511 1.370922 36.799182 2.071491
0.360453 0.082576 -0.083100 -0.013595
0.082576 0.041059 -0.013266 -0.003210
-0.083100 -0.013266 0.443549 0.096272
-0.013595 -0.003210 0.096272 0.043430
28.283155 1.333391 37.403718 1.975361
0.378987 0.087028 -0.091210 -0.014864
0.087028 0.042020 -0.014920 -0.003453
-0.091210 -0.014920 0.447005 0.096551
-0.014864 -0.003453 0.096551 0.043472
29.224675 1.398308 38.460833 1.994397
0.385368 0.088243 -0.090653 -0.014326
0.088243 0.042161 -0.014378 -0.003256
-0.090653 -0.014378 0.451966 0.097324
-0.014326 -0.003256 0.097324 0.043658
29.787063 1.359978 39.017709 1.896626
0.382738 0.087218 -0.091455 -0.014314
0.087218 0.041779 -0.014345 -0.003235
-0.091455 -0.014345 0.450759 0.096715
-0.014314 -0.003235 0.096715 0.043529
30.210598 1.301390 40.006062 1.901472
0.388821 0.088296 -0.095075 -0.014811
0.088296 0.041934 -0.014884 -0.003317
-0.095075 -0.014884 0.456562 0.097709
-0.014811 -0.003317 0.097709 0.043765
30.316689 1.176419 40.976391 1.897318
0.397626 0.089896 -0.099621 -0.015452
0.089896 0.042205 -0.015634 -0.003438
-0.099621 -0.015634 0.461036 0.098352
-0.015452 -0.003438 0.098352 0.043908
31.157474 1.234599 41.947221 1.906120
0.373236 0.084089 -0.084056 -0.012248
0.084089 0.040848 -0.011829 -0.002691
-0.084056 -0.011829 0.459559 0.098018
-0.012248 -0.002691 0.098018 0.043897
31.857426 1.251986 42.801535 1.886107
0.385804 0.087151 -0.082617 -0.011819
0.087151 0.041603 -0.011750 -0.002673
-0.082617 -0.011750 0.454092 0.096659
-0.011819 -0.002673 0.096659 0.043628
32.700984 1.299649 43.607822 1.859925
0.398072 0.089836 -0.079656 -0.011133
0.089836 0.042199 -0.011380 -0.002599
-0.079656 -0.011380 0.444002 0.094504
-0.011133 -0.002599 0.094504 0.043222
33.274880 1.273788 43.959834 1.734001
0.398700 0.089656 -0.073355 -0.009974
0.089656 0.042105 -0.010427 -0.002444
-0.073355 -0.010427 0.422336 0.090123
-0.009974 -0.002444 0.090123 0.042376
34.281782 1.348181 44.160023 1.594351
0.378170 0.085058 -0.045400 -0.004493
0.085058 0.041106 -0.004791 -0.001336
-0.045400 -0.004791 0.387571 0.083579
-0.004493 -0.001336 0.083579 0.041173
34.873705 1.331378 45.105140 1.625882
0.400410 0.090144 -0.053927 -0.006861
0.090144 0.042291 -0.007348 -0.001961
-0.053927 -0.007348 0.394345 0.086111
-0.006861 -0.001961 0.086111 0.041903
34.976279 1.204677 45.956645 1.627917
0.412872 0.092445 -0.068114 -0.010331
0.092445 0.042725 -0.010888 -0.002761
-0.068114 -0.010888 0.396717 0.087239
-0.010331 -0.002761 0.087239 0.042198
35.707148 1.237043 47.082649 1.699093
0.438531 0.097615 -0.075502 -0.011747
0.097615 0.043806 -0.012489 -0.003014
-0.075502 -0.012489 0.397099 0.087790
-0.011747 -0.003014 0.087790 0.042330
