0.615870 1.208448 -1.308869 -1.415606
3.027928 1.211198 0.943449 0.377388
1.211198 80.488556 0.377388 0.150958
0.943449 0.377388 6.801973 2.720848
0.377388 0.150958 2.720848 81.092430
3.096999 4.239638 0.690259 2.405541
3.924957 6.810596 -1.882186 -2.984066
6.810596 21.650421 -3.314984 -3.164071
-1.882186 -3.314984 1.686096 2.570980
-2.984066 -3.164071 2.570980 22.098325
2.603027 1.607460 4.004547 4.966841
3.986718 4.623299 -0.023779 1.076332
4.623299 7.507791 0.140315 1.053299
-0.023779 0.140315 0.882129 1.368354
1.076332 1.053299 1.368354 4.580031
6.064553 3.735125 5.317152 3.902993
2.069324 1.651578 0.685529 0.866090
1.651578 2.137338 0.542144 0.469653
0.685529 0.542144 1.823894 1.980968
0.866090 0.469653 1.980968 2.754706
5.829893 2.379491 6.762892 3.538158
1.062624 0.720580 -0.493585 -0.377417
0.720580 0.884278 -0.388055 -0.390247
-0.493585 -0.388055 1.360291 1.023435
-0.377417 -0.390247 1.023435 1.018035
7.119408 2.452387 6.654344 2.449132
1.307147 0.758413 -0.568122 -0.334537
0.758413 0.653396 -0.336491 -0.245623
-0.568122 -0.336491 1.085863 0.631811
-0.334537 -0.245623 0.631811 0.499188
9.774694 3.147948 7.150918 2.103412
1.251057 0.610538 -0.425575 -0.200932
0.610538 0.426940 -0.199492 -0.122144
-0.425575 -0.199492 1.209924 0.580082
-0.200932 -0.122144 0.580082 0.359547
9.663823 2.423228 6.655827 1.472624
0.743704 0.309668 -0.485045 -0.195126
0.309668 0.214899 -0.193302 -0.095953
-0.485045 -0.193302 1.305596 0.528413
-0.195126 -0.095953 0.528413 0.270328
11.657759 2.705795 6.121687 1.029550
0.676480 0.256470 -0.374220 -0.129084
0.256470 0.158994 -0.123360 -0.055114
-0.374220 -0.123360 1.312542 0.459140
-0.129084 -0.055114 0.459140 0.203554
11.864523 2.333540 8.659203 1.651974
0.668899 0.234073 -0.223984 -0.067658
0.234073 0.128901 -0.059447 -0.027087
-0.223984 -0.059447 1.151751 0.355409
-0.067658 -0.027087 0.355409 0.144866
12.948912 2.314408 10.005851 1.796701
0.682588 0.219673 -0.148638 -0.040867
0.219673 0.108461 -0.032564 -0.015900
-0.148638 -0.032564 1.072514 0.298140
-0.040867 -0.015900 0.298140 0.113479
13.690526 2.189571 10.826348 1.777189
0.674261 0.199723 -0.120701 -0.031179
0.199723 0.091145 -0.024608 -0.011801
-0.120701 -0.024608 0.999229 0.254273
-0.031179 -0.011801 0.254273 0.092556
13.343566 1.787364 11.282207 1.677073
0.621819 0.170443 -0.153629 -0.037176
0.170443 0.075081 -0.034554 -0.012647
-0.153629 -0.034554 0.887201 0.209738
-0.037176 -0.012647 0.209738 0.075815
13.442203 1.583226 12.414820 1.743161
0.633583 0.163545 -0.129197 -0.029233
0.163545 0.068327 -0.026806 -0.009479
-0.129197 -0.026806 0.822400 0.183355
-0.029233 -0.009479 0.183355 0.066200
14.214421 1.581287 13.663586 1.823452
0.652316 0.159711 -0.075184 -0.016006
0.159711 0.063826 -0.012607 -0.005448
-0.075184 -0.012607 0.782669 0.166605
-0.016006 -0.005448 0.166605 0.060322
15.264848 1.641939 14.574210 1.823199
0.685782 0.159943 -0.030272 -0.006282
0.159943 0.061216 -0.002248 -0.002759
-0.030272 -0.002248 0.790588 0.162261
-0.006282 -0.002759 0.162261 0.057983
15.854076 1.591506 15.762233 1.878353
0.682768 0.152164 0.005523 0.000579
0.152164 0.057420 0.004465 -0.001120
0.005523 0.004465 0.741247 0.147421
0.000579 -0.001120 0.147421 0.054010
16.525375 1.563997 16.364171 1.812928
0.633135 0.135752 0.024817 0.003719
0.135752 0.052489 0.006972 -0.000441
0.024817 0.006972 0.665989 0.129592
0.003719 -0.000441 0.129592 0.050033
17.267691 1.555618 17.102538 1.780621
0.632307 0.131936 0.042256 0.006293
0.131936 0.050958 0.009204 0.000124
0.042256 0.009204 0.652260 0.125686
0.006293 0.000124 0.125686 0.049205
17.348760 1.412860 18.409940 1.863582
0.643494 0.131318 0.055941 0.008048
0.131318 0.050373 0.010663 0.000506
0.055941 0.010663 0.631761 0.121016
0.008048 0.000506 0.121016 0.048340
17.162526 1.233943 19.326099 1.865397
0.633588 0.126865 0.054770 0.007089
0.126865 0.049185 0.009274 0.000358
0.054770 0.009274 0.593375 0.113521
0.007089 0.000358 0.113521 0.047033
18.005321 1.275648 20.967212 2.000600
0.654164 0.128996 0.102652 0.015660
0.128996 0.049459 0.017806 0.002119
0.102652 0.017806 0.596278 0.114354
0.015660 0.002119 0.114354 0.047364
19.006855 1.344997 22.253140 2.053032
0.669363 0.130097 0.137413 0.021157
0.130097 0.049564 0.023049 0.003135
0.137413 0.023049 0.603411 0.115958
0.021157 0.003135 0.115958 0.047801
19.487764 1.305152 23.583010 2.114249
0.690921 0.132722 0.145714 0.021156
0.132722 0.050040 0.022829 0.003033
0.145714 0.022829 0.614039 0.118294
0.021156 0.003033 0.118294 0.048365
19.950027 1.268693 24.628620 2.114339
0.684134 0.129811 0.157212 0.022348
0.129811 0.049438 0.023713 0.003269
0.157212 0.023713 0.603044 0.116109
0.022348 0.003269 0.116109 0.047963
20.325755 1.215552 25.976982 2.175250
0.692744 0.130405 0.161980 0.022114
0.130405 0.049612 0.023251 0.003213
0.161980 0.023251 0.609124 0.117527
0.022114 0.003213 0.117527 0.048306
20.919203 1.212477 27.089319 2.180345
0.697114 0.130337 0.164216 0.021666
0.130337 0.049673 0.022627 0.003175
0.164216 0.022627 0.610745 0.117932
0.021666 0.003175 0.117932 0.048407
21.579142 1.218616 28.445419 2.232009
0.706964 0.131498 0.164498 0.020954
0.131498 0.049986 0.021739 0.003093
0.164498 0.021739 0.621436 0.120094
0.020954 0.003093 0.120094 0.048843
21.492349 1.088661 29.470882 2.225862
0.677144 0.125414 0.151350 0.018473
0.125414 0.048953 0.018951 0.002782
0.151350 0.018951 0.607469 0.117396
0.018473 0.002782 0.117396 0.048309
22.094533 1.101642 30.456173 2.199654
0.690517 0.128214 0.132735 0.014473
0.128214 0.049706 0.015279 0.002172
0.132735 0.015279 0.606209 0.117531
0.014473 0.002172 0.117531 0.048407
22.851341 1.150953 30.885515 2.063825
0.688958 0.127902 0.119494 0.012249
0.127902 0.049779 0.013298 0.002001
0.119494 0.013298 0.587559 0.114086
0.012249 0.002001 0.114086 0.047754
23.755380 1.208017 32.233400 2.121197
0.697176 0.129342 0.117722 0.012353
0.129342 0.050151 0.013146 0.002161
0.117722 0.013146 0.601752 0.117236
0.012353 0.002161 0.117236 0.048419
24.436768 1.222943 33.265258 2.114364
0.699914 0.129981 0.095649 0.008514
0.129981 0.050399 0.009437 0.001596
0.095649 0.009437 0.601152 0.117445
0.008514 0.001596 0.117445 0.048499
24.981895 1.221680 33.457042 1.944385
0.678221 0.125966 0.076772 0.005966
0.125966 0.049739 0.006978 0.001366
0.076772 0.006978 0.573523 0.112205
0.005966 0.001366 0.112205 0.047475
25.706393 1.247268 34.054028 1.868717
0.664483 0.123673 0.069318 0.005673
0.123673 0.049430 0.006505 0.001481
0.069318 0.006505 0.565650 0.111158
0.005673 0.001481 0.111158 0.047332
26.472777 1.282075 34.199137 1.710382
0.640176 0.119524 0.068484 0.006698
0.119524 0.048774 0.007327 0.001822
0.068484 0.007327 0.545817 0.107696
0.006698 0.001822 0.107696 0.046691
26.499798 1.164361 35.245270 1.754565
0.603780 0.113486 0.059233 0.005920
0.113486 0.047812 0.006080 0.001701
0.059233 0.006080 0.556726 0.110693
0.005920 0.001701 0.110693 0.047391
27.059897 1.160809 36.042389 1.738693
0.605437 0.115116 0.045452 0.003808
0.115116 0.048348 0.004059 0.001332
0.045452 0.004059 0.560242 0.111879
0.003808 0.001332 0.111879 0.047655
28.143773 1.255572 37.195431 1.791836
0.621224 0.119113 0.040347 0.003433
0.119113 0.049236 0.003720 0.001291
0.040347 0.003720 0.571604 0.114385
0.003433 0.001291 0.114385 0.048134
29.143337 1.324710 38.521510 1.875685
0.632633 0.121851 0.027788 0.001546
0.121851 0.049790 0.001874 0.000939
0.027788 0.001874 0.584052 0.116881
0.001546 0.000939 0.116881 0.048576
29.946114 1.353838 39.035244 1.790221
0.626243 0.120836 0.012819 -0.000642
0.120836 0.049559 -0.000232 0.000563
0.012819 -0.000232 0.568471 0.113527
-0.000642 0.000563 0.113527 0.047817
30.134938 1.259461 39.934490 1.792886
0.598499 0.115723 -0.004556 -0.003165
0.115723 0.048548 -0.002823 0.000106
-0.004556 -0.002823 0.568694 0.113640
-0.003165 0.000106 0.113640 0.047823
30.747775 1.255155 41.374603 1.901536
0.603032 0.117227 -0.021620 -0.005654
0.117227 0.048885 -0.005300 -0.000346
-0.021620 -0.005300 0.583440 0.116605
-0.005654 -0.000346 0.116605 0.048394
31.745841 1.327463 42.059182 1.848269
0.624770 0.121838 -0.039417 -0.008205
0.121838 0.049775 -0.007824 -0.000803
-0.039417 -0.007824 0.573165 0.114273
-0.008205 -0.000803 0.114273 0.047859
32.346894 1.315160 42.927515 1.837072
0.638693 0.124406 -0.064810 -0.012172
0.124406 0.050175 -0.011764 -0.001536
-0.064810 -0.011764 0.574757 0.114501
-0.012172 -0.001536 0.114501 0.047880
32.505617 1.217974 43.814588 1.829223
0.631750 0.122627 -0.087040 -0.015366
0.122627 0.049695 -0.014895 -0.002096
-0.087040 -0.014895 0.577039 0.114809
-0.015366 -0.002096 0.114809 0.047910
32.709469 1.136892 44.339702 1.749326
0.635240 0.123011 -0.107652 -0.018106
0.123011 0.049681 -0.017670 -0.002577
-0.107652 -0.017670 0.571495 0.113493
-0.018106 -0.002577 0.113493 0.047608
33.832219 1.248234 45.640948 1.838874
0.675959 0.130607 -0.123059 -0.019491
0.130607 0.051078 -0.019252 -0.002776
-0.123059 -0.019252 0.585129 0.116128
-0.019491 -0.002776 0.116128 0.048122
34.742914 1.303881 46.573092 1.844128
0.695743 0.133432 -0.136978 -0.020823
0.133432 0.051435 -0.020722 -0.003019
-0.136978 -0.020722 0.585620 0.115871
-0.020823 -0.003019 0.115871 0.048007
35.622355 1.355212 48.142293 1.976192
0.726844 0.138120 -0.159840 -0.023888
0.138120 0.052126 -0.023746 -0.003571
-0.159840 -0.023746 0.605617 0.119434
-0.023888 -0.003571 0.119434 0.048648
