2.898448 2.121499 1.917969 -0.124843
2.781633 1.112677 0.703316 0.281332
1.112677 80.449147 0.281332 0.112535
0.703316 0.281332 6.015531 2.406265
0.281332 0.112535 2.406265 80.966593
4.206399 2.440958 4.027446 3.116674
3.998731 6.947248 -1.086904 -1.824746
6.947248 21.275069 -1.935447 -1.602789
-1.086904 -1.935447 1.253995 1.931984
-1.824746 -1.602789 1.931984 19.718501
4.855869 1.435606 2.521295 -1.616958
3.835434 4.183458 -0.494254 -0.164578
4.183458 6.767255 -0.140976 0.289550
-0.494254 -0.140976 3.329713 4.973346
-0.164578 0.289550 4.973346 9.759258
4.843983 0.980412 4.446962 0.860349
3.420795 2.674317 -0.004916 0.174739
2.674317 2.949368 0.085990 0.108706
-0.004916 0.085990 2.130094 1.959530
0.174739 0.108706 1.959530 2.510957
5.096160 0.827713 4.068155 0.304960
2.830493 1.719245 0.065056 0.096148
1.719245 1.477578 0.065240 0.013031
0.065056 0.065240 2.547225 1.736206
0.096148 0.013031 1.736206 1.505401
5.870898 1.007872 4.650491 0.536279
2.379053 1.189273 0.100726 0.064961
1.189273 0.847689 0.049027 -0.005065
0.100726 0.049027 2.261378 1.208490
0.064961 -0.005065 1.208490 0.825564
7.699619 1.580713 3.681649 -0.012017
1.991043 0.850201 0.079940 0.031794
0.850201 0.526349 0.021535 -0.014742
0.079940 0.021535 2.279956 1.006178
0.031794 -0.014742 1.006178 0.558578
9.605887 1.989546 5.046492 0.497662
1.549464 0.580200 0.147688 0.048063
0.580200 0.330670 0.042052 -0.001704
0.147688 0.042052 1.871175 0.702287
0.048063 -0.001704 0.702287 0.343896
9.097349 1.474613 6.009635 0.744155
0.700610 0.236675 0.035789 0.006672
0.236675 0.163508 -0.002679 -0.012437
0.035789 -0.002679 1.648485 0.543206
0.006672 -0.012437 0.543206 0.239648
9.795093 1.468576 5.613789 0.517917
0.766406 0.250395 0.024113 -0.000544
0.250395 0.145832 -0.006689 -0.011093
0.024113 -0.006689 1.621836 0.478402
-0.000544 -0.011093 0.478402 0.189801
10.629535 1.492491 6.716298 0.742584
0.640051 0.197249 -0.000839 -0.006804
0.197249 0.111596 -0.011869 -0.009686
-0.000839 -0.011869 1.409282 0.377068
-0.006804 -0.009686 0.377068 0.141971
13.171579 2.013189 8.022619 0.955342
0.587858 0.172495 0.019911 -0.000893
0.172495 0.092475 -0.002993 -0.005497
0.019911 -0.002993 1.237939 0.304950
-0.000893 -0.005497 0.304950 0.111282
14.197159 2.010196 9.757783 1.244897
0.649360 0.181953 0.055515 0.006607
0.181953 0.086706 0.008084 -0.001949
0.055515 0.008084 1.133399 0.260615
0.006607 -0.001949 0.260615 0.092861
15.032363 1.962135 10.810270 1.340178
0.664527 0.176352 0.057867 0.006412
0.176352 0.078345 0.008343 -0.001213
0.057867 0.008343 1.053931 0.229091
0.006412 -0.001213 0.229091 0.080597
15.231011 1.763504 11.664530 1.385500
0.676175 0.170349 0.038343 0.001925
0.170349 0.071662 0.003150 -0.001751
0.038343 0.003150 0.983409 0.204262
0.001925 -0.001751 0.204262 0.071821
15.552903 1.617578 14.219859 1.763425
0.674945 0.161633 0.071779 0.008880
0.161633 0.065605 0.012084 0.000589
0.071779 0.012084 0.835517 0.166894
0.008880 0.000589 0.166894 0.061818
15.740994 1.470810 15.729957 1.891761
0.701976 0.160906 0.076823 0.009319
0.160906 0.062606 0.012619 0.000921
0.076823 0.012619 0.782026 0.152759
0.009319 0.000921 0.152759 0.057737
16.257282 1.420939 16.899447 1.936798
0.702422 0.154504 0.085486 0.010743
0.154504 0.059000 0.013981 0.001416
0.085486 0.013981 0.731097 0.140646
0.010743 0.001416 0.140646 0.054564
17.028090 1.436844 17.437004 1.853596
0.683083 0.145044 0.085321 0.010582
0.145044 0.055436 0.013308 0.001492
0.085321 0.013308 0.692296 0.132148
0.010582 0.001492 0.132148 0.052464
16.987323 1.275030 18.950528 1.972605
0.663731 0.136948 0.098154 0.012990
0.136948 0.052736 0.015718 0.002135
0.098154 0.015718 0.627380 0.119293
0.012990 0.002135 0.119293 0.049724
17.756131 1.300924 20.033586 1.990017
0.676990 0.136640 0.116030 0.015939
0.136640 0.052047 0.018493 0.002730
0.116030 0.018493 0.624505 0.119338
0.015939 0.002730 0.119338 0.049679
18.654452 1.352270 20.824382 1.947786
0.689192 0.136471 0.124691 0.016959
0.136471 0.051574 0.019164 0.002883
0.124691 0.019164 0.630233 0.120987
0.016959 0.002883 0.120987 0.049940
19.791745 1.444266 21.663890 1.916363
0.696476 0.135502 0.142645 0.019861
0.135502 0.051057 0.021703 0.003416
0.142645 0.021703 0.637382 0.122530
0.019861 0.003416 0.122530 0.050117
20.461043 1.434758 22.553805 1.903693
0.703721 0.135083 0.140420 0.018668
0.135083 0.050812 0.020214 0.003130
0.140420 0.020214 0.642121 0.123612
0.018668 0.003130 0.123612 0.050228
21.017720 1.401349 23.724115 1.948459
0.708856 0.134443 0.145214 0.019090
0.134443 0.050586 0.020350 0.003208
0.145214 0.020350 0.646943 0.124445
0.019090 0.003208 0.124445 0.050257
21.534618 1.363950 24.895900 1.989514
0.708692 0.133091 0.148156 0.019272
0.133091 0.050297 0.020273 0.003259
0.148156 0.020273 0.648203 0.124488
0.019272 0.003259 0.124488 0.050137
22.014206 1.320084 26.329898 2.077993
0.699922 0.130253 0.165137 0.022372
0.130253 0.049755 0.022968 0.003877
0.165137 0.022968 0.648445 0.124108
0.022372 0.003877 0.124108 0.049911
22.792695 1.345123 27.169911 2.037450
0.700948 0.130054 0.154806 0.019794
0.130054 0.049852 0.020461 0.003401
0.154806 0.020461 0.641439 0.122745
0.019794 0.003401 0.122745 0.049603
22.917293 1.249502 27.659115 1.942526
0.678328 0.125812 0.124784 0.014058
0.125812 0.049234 0.014813 0.002428
0.124784 0.014813 0.617118 0.118403
0.014058 0.002428 0.118403 0.048792
23.700220 1.288880 27.928149 1.803052
0.668618 0.124077 0.119901 0.013565
0.124077 0.049067 0.014356 0.002509
0.119901 0.014356 0.596827 0.114792
0.013565 0.002509 0.114792 0.048103
24.251175 1.265603 29.252368 1.887304
0.657833 0.122095 0.133070 0.016659
0.122095 0.048821 0.016898 0.003160
0.133070 0.016898 0.608250 0.117398
0.016659 0.003160 0.117398 0.048625
24.656696 1.226881 29.883176 1.829066
0.649174 0.121157 0.113658 0.013027
0.121157 0.048863 0.013374 0.002538
0.113658 0.013374 0.598873 0.116097
0.013027 0.002538 0.116097 0.048419
25.030017 1.179434 30.942796 1.860967
0.635459 0.119079 0.110839 0.013054
0.119079 0.048618 0.013131 0.002624
0.110839 0.013131 0.601944 0.117054
0.013054 0.002624 0.117054 0.048609
25.299125 1.117235 31.958616 1.882060
0.619549 0.116772 0.104079 0.012284
0.116772 0.048335 0.012185 0.002549
0.104079 0.012185 0.601765 0.117284
0.012284 0.002549 0.117284 0.048643
25.805802 1.107821 32.855000 1.873912
0.612588 0.116282 0.098775 0.011704
0.116282 0.048388 0.011612 0.002514
0.098775 0.011612 0.598034 0.116730
0.011704 0.002514 0.116730 0.048512
26.419234 1.119789 33.750739 1.865056
0.616995 0.118036 0.084963 0.009313
0.118036 0.048859 0.009380 0.002112
0.084963 0.009380 0.595869 0.116604
0.009313 0.002112 0.116604 0.048496
26.987909 1.115480 35.233018 1.973512
0.613038 0.117832 0.078314 0.008611
0.117832 0.048869 0.008502 0.002019
0.078314 0.008502 0.609282 0.119434
0.008611 0.002019 0.119434 0.049040
27.280598 1.059317 36.685804 2.068055
0.593921 0.114668 0.067268 0.007187
0.114668 0.048293 0.006874 0.001794
0.067268 0.006874 0.615391 0.120580
0.007187 0.001794 0.120580 0.049212
27.817490 1.060187 37.779324 2.079679
0.597192 0.116133 0.047300 0.003825
0.116133 0.048659 0.003697 0.001213
0.047300 0.003697 0.607827 0.119007
0.003825 0.001213 0.119007 0.048861
28.636163 1.121032 38.260081 1.967739
0.619167 0.121037 0.022998 -0.000304
0.121037 0.049645 -0.000042 0.000521
0.022998 -0.000042 0.584105 0.114426
-0.000304 0.000521 0.114426 0.047961
28.998034 1.078497 39.858806 2.089843
0.619455 0.121125 0.000467 -0.003657
0.121125 0.049586 -0.003506 -0.000054
0.000467 -0.003506 0.598928 0.117767
-0.003657 -0.000054 0.117767 0.048678
29.781881 1.125387 41.124719 2.132284
0.641162 0.125321 -0.021626 -0.006863
0.125321 0.050331 -0.006623 -0.000572
-0.021626 -0.006623 0.598840 0.117793
-0.006863 -0.000572 0.117793 0.048667
30.628562 1.180709 42.158811 2.125422
0.655864 0.127703 -0.040303 -0.009221
0.127703 0.050658 -0.008945 -0.000925
-0.040303 -0.008945 0.590303 0.116098
-0.009221 -0.000925 0.116098 0.048309
31.646474 1.263543 43.305988 2.142093
0.675928 0.130898 -0.058440 -0.011433
0.130898 0.051129 -0.011153 -0.001271
-0.058440 -0.011153 0.586401 0.115421
-0.011433 -0.001271 0.115421 0.048175
32.211148 1.249377 43.852074 2.038389
0.670944 0.128991 -0.078021 -0.013959
0.128991 0.050595 -0.013668 -0.001703
-0.078021 -0.013668 0.569186 0.112118
-0.013959 -0.001703 0.112118 0.047521
33.156403 1.310796 44.854567 2.036451
0.681474 0.130308 -0.092018 -0.015326
0.130308 0.050752 -0.015051 -0.001917
-0.092018 -0.015051 0.567490 0.112125
-0.015326 -0.001917 0.112125 0.047562
33.630076 1.274940 45.702355 2.001361
0.684001 0.129969 -0.113866 -0.018398
0.129969 0.050585 -0.018013 -0.002485
-0.113866 -0.018013 0.567399 0.112312
-0.018398 -0.002485 0.112312 0.047599
34.309212 1.281967 46.598017 1.980696
0.693538 0.131076 -0.130989 -0.020415
0.131076 0.050730 -0.020008 -0.002848
-0.130989 -0.020008 0.568602 0.112680
-0.020415 -0.002848 0.112680 0.047654
34.515637 1.201393 47.781295 2.014950
0.691702 0.129929 -0.151196 -0.023207
0.129929 0.050438 -0.022526 -0.003355
-0.151196 -0.022526 0.579234 0.114788
-0.023207 -0.003355 0.114788 0.048026
34.746734 1.134318 49.036642 2.060277
0.701260 0.131081 -0.172021 -0.025955
0.131081 0.050614 -0.025141 -0.003857
-0.172021 -0.025141 0.590407 0.116727
-0.025955 -0.003857 0.116727 0.048318
