2.058413 1.785477 3.225770 0.398289
0.683577 0.273437 0.507837 0.203139
0.273437 80.113444 0.203139 0.081257
0.507837 0.203139 1.863286 0.745330
0.203139 0.081257 0.745330 80.302205
2.736500 1.390264 3.079724 -0.213615
3.019536 5.885963 -1.511574 -2.882494
5.885963 14.028000 -3.069330 -4.131447
-1.511574 -3.069330 3.152542 5.766372
-2.882494 -4.131447 5.766372 17.071724
3.076552 1.013435 2.992218 -0.228383
2.842286 2.940157 -1.512357 -1.413065
2.940157 3.638008 -1.454886 -1.006157
-1.512357 -1.454886 2.756198 2.952599
-1.413065 -1.006157 2.952599 4.639893
3.437997 0.957376 3.744631 0.463692
2.306382 1.635845 -1.181846 -0.725446
1.635845 1.403750 -0.746397 -0.341210
-1.181846 -0.746397 2.154420 1.635520
-0.725446 -0.341210 1.635520 1.799510
4.551742 1.301155 3.638939 0.304712
1.947726 1.054815 -1.026860 -0.482226
1.054815 0.700679 -0.479507 -0.176773
-1.026860 -0.479507 1.995102 1.185860
-0.482226 -0.176773 1.185860 0.976294
6.735379 2.080541 5.308511 1.215720
1.455339 0.646489 -0.655387 -0.232359
0.646489 0.367504 -0.239280 -0.062566
-0.655387 -0.239280 1.458827 0.713878
-0.232359 -0.062566 0.713878 0.503715
7.569017 1.975594 5.300476 0.927840
1.311152 0.494541 -0.603429 -0.184977
0.494541 0.242763 -0.185244 -0.046133
-0.603429 -0.185244 1.392730 0.582317
-0.184977 -0.046133 0.582317 0.342236
8.813685 2.056249 5.523835 0.848675
1.105362 0.364741 -0.495035 -0.131436
0.364741 0.163349 -0.129459 -0.029364
-0.495035 -0.129459 1.257821 0.460208
-0.131436 -0.029364 0.460208 0.237350
9.935316 2.094015 6.260807 0.960311
0.879705 0.259601 -0.402180 -0.096657
0.259601 0.111866 -0.092581 -0.020507
-0.402180 -0.092581 1.095782 0.357011
-0.096657 -0.020507 0.357011 0.168133
10.906030 2.094556 7.589006 1.219851
0.752658 0.204364 -0.316837 -0.066839
0.204364 0.086101 -0.064710 -0.013374
-0.316837 -0.064710 0.951668 0.281634
-0.066839 -0.013374 0.281634 0.125019
11.339123 1.959493 9.316054 1.514764
0.668136 0.169753 -0.261684 -0.049690
0.169753 0.070842 -0.049281 -0.010005
-0.261684 -0.049281 0.821229 0.223821
-0.049690 -0.010005 0.223821 0.096334
12.759434 2.072282 10.204721 1.564255
0.606121 0.146200 -0.220447 -0.038287
0.146200 0.061182 -0.038366 -0.007788
-0.220447 -0.038366 0.742032 0.189473
-0.038287 -0.007788 0.189473 0.079663
13.916414 2.093543 10.625177 1.477307
0.563065 0.130172 -0.207982 -0.035142
0.130172 0.054899 -0.034826 -0.007367
-0.207982 -0.034826 0.706370 0.170661
-0.035142 -0.007367 0.170661 0.069874
14.904514 2.082478 11.488016 1.505326
0.545833 0.122549 -0.190896 -0.030435
0.122549 0.051648 -0.030553 -0.006475
-0.190896 -0.030553 0.672072 0.155145
-0.030435 -0.006475 0.155145 0.062764
15.470780 1.989359 12.961733 1.658581
0.520551 0.114382 -0.163651 -0.024190
0.114382 0.048860 -0.024979 -0.005358
-0.163651 -0.024979 0.609589 0.135669
-0.024190 -0.005358 0.135669 0.056051
15.244727 1.731359 14.466704 1.780234
0.493354 0.106643 -0.147846 -0.021232
0.106643 0.046545 -0.022433 -0.004988
-0.147846 -0.022433 0.546922 0.118478
-0.021232 -0.004988 0.118478 0.050820
15.456861 1.590084 15.473776 1.791173
0.482184 0.103293 -0.136910 -0.019186
0.103293 0.045510 -0.020493 -0.004643
-0.136910 -0.020493 0.515075 0.110015
-0.019186 -0.004643 0.110015 0.048210
16.229290 1.597716 17.059682 1.940941
0.462266 0.098535 -0.121606 -0.016513
0.098535 0.044332 -0.017835 -0.004179
-0.121606 -0.017835 0.476389 0.101072
-0.016513 -0.004179 0.101072 0.045852
16.998027 1.586141 17.747433 1.878853
0.448766 0.095574 -0.112591 -0.015228
0.095574 0.043660 -0.016353 -0.003946
-0.112591 -0.016353 0.457173 0.097074
-0.015228 -0.003946 0.097074 0.044797
17.774613 1.579899 18.533907 1.845205
0.438752 0.093730 -0.099735 -0.013056
0.093730 0.043312 -0.014001 -0.003496
-0.099735 -0.014001 0.443539 0.094659
-0.013056 -0.003496 0.094659 0.044200
18.383002 1.541525 19.529076 1.857679
0.428539 0.092097 -0.079716 -0.009430
0.092097 0.043054 -0.010264 -0.002755
-0.079716 -0.010264 0.428163 0.092095
-0.009430 -0.002755 0.092095 0.043637
18.917346 1.498801 21.046598 1.982901
0.423988 0.091583 -0.071912 -0.008607
0.091583 0.042997 -0.009382 -0.002654
-0.071912 -0.009382 0.416585 0.090229
-0.008607 -0.002654 0.090229 0.043200
19.040639 1.367225 22.447397 2.063653
0.409101 0.088955 -0.052001 -0.005210
0.088955 0.042501 -0.005928 -0.001987
-0.052001 -0.005928 0.395202 0.086424
-0.005210 -0.001987 0.086424 0.042390
20.087972 1.446304 23.391629 2.048959
0.404739 0.088586 -0.048083 -0.005359
0.088586 0.042475 -0.005923 -0.002067
-0.048083 -0.005923 0.391870 0.086575
-0.005359 -0.002067 0.086575 0.042440
20.331330 1.340026 24.408134 2.041693
0.398387 0.087682 -0.047972 -0.006198
0.087682 0.042301 -0.006637 -0.002262
-0.047972 -0.006637 0.385957 0.085924
-0.006198 -0.002262 0.085924 0.042262
20.956595 1.330962 25.525476 2.062993
0.403362 0.089309 -0.047027 -0.006496
0.089309 0.042688 -0.006836 -0.002264
-0.047027 -0.006836 0.392747 0.088068
-0.006496 -0.002264 0.088068 0.042708
21.355725 1.269104 26.265432 1.994654
0.410681 0.091169 -0.051107 -0.007772
0.091169 0.043063 -0.008021 -0.002466
-0.051107 -0.008021 0.401935 0.090367
-0.007772 -0.002466 0.090367 0.043117
21.339952 1.128238 27.783834 2.106667
0.395994 0.087941 -0.047722 -0.007335
0.087941 0.042276 -0.007431 -0.002281
-0.047722 -0.007431 0.400032 0.089916
-0.007335 -0.002281 0.089916 0.042880
22.246740 1.203744 28.684902 2.075139
0.394766 0.088036 -0.040018 -0.005770
0.088036 0.042308 -0.005836 -0.001848
-0.040018 -0.005836 0.402039 0.090386
-0.005770 -0.001848 0.090386 0.042888
22.954746 1.223056 29.097347 1.935129
0.401063 0.089636 -0.046590 -0.007464
0.089636 0.042635 -0.007539 -0.002180
-0.046590 -0.007539 0.404825 0.090837
-0.007464 -0.002180 0.090837 0.042872
23.669523 1.247123 30.190305 1.964085
0.399683 0.089269 -0.058252 -0.010125
0.089269 0.042478 -0.010113 -0.002684
-0.058252 -0.010113 0.413034 0.092418
-0.010125 -0.002684 0.092418 0.043116
23.790319 1.131616 30.842998 1.886252
0.403151 0.090055 -0.063033 -0.010896
0.090055 0.042608 -0.010877 -0.002729
-0.063033 -0.010877 0.418194 0.093211
-0.010896 -0.002729 0.093211 0.043187
24.339412 1.128574 31.868598 1.904523
0.393040 0.087716 -0.064398 -0.010952
0.087716 0.042030 -0.010822 -0.002629
-0.064398 -0.010822 0.421582 0.093581
-0.010952 -0.002629 0.093581 0.043180
24.385081 1.017185 33.390811 2.026470
0.377283 0.084286 -0.069499 -0.011911
0.084286 0.041250 -0.011584 -0.002748
-0.069499 -0.011584 0.431069 0.095273
-0.011911 -0.002748 0.095273 0.043477
25.137543 1.072216 34.382372 2.024182
0.383188 0.086013 -0.077807 -0.013289
0.086013 0.041684 -0.013034 -0.002973
-0.077807 -0.013034 0.440690 0.096828
-0.013289 -0.002973 0.096828 0.043729
26.046570 1.148793 34.681727 1.871305
0.385869 0.086911 -0.072607 -0.011631
0.086911 0.041899 -0.011532 -0.002554
-0.072607 -0.011532 0.431423 0.094272
-0.011631 -0.002554 0.094272 0.043106
26.745277 1.177631 35.661132 1.882406
0.374681 0.084544 -0.064040 -0.009632
0.084544 0.041347 -0.009364 -0.002088
-0.064040 -0.009364 0.430548 0.093934
-0.009632 -0.002088 0.093934 0.043055
27.642230 1.246117 36.445341 1.851602
0.383717 0.086763 -0.073849 -0.011654
0.086763 0.041832 -0.011525 -0.002568
-0.073849 -0.011525 0.439798 0.095669
-0.011654 -0.002568 0.095669 0.043424
28.678044 1.343306 37.598685 1.906478
0.374252 0.084490 -0.083048 -0.013588
0.084490 0.041240 -0.013292 -0.002973
-0.083048 -0.013292 0.453090 0.098168
-0.013588 -0.002973 0.098168 0.043937
29.389128 1.351279 38.471951 1.889559
0.389666 0.088164 -0.089370 -0.014401
0.088164 0.042073 -0.014355 -0.003118
-0.089370 -0.014355 0.459412 0.098982
-0.014401 -0.003118 0.098982 0.044062
29.889090 1.315777 39.752470 1.960024
0.373462 0.084234 -0.091303 -0.014677
0.084234 0.041093 -0.014249 -0.003118
-0.091303 -0.014249 0.472967 0.101418
-0.014677 -0.003118 0.101418 0.044554
30.675809 1.352535 41.216387 2.066342
0.386109 0.087297 -0.095166 -0.014968
0.087297 0.041805 -0.014725 -0.003154
-0.095166 -0.014725 0.482469 0.102774
-0.014968 -0.003154 0.102774 0.044786
31.481754 1.384765 42.410983 2.102916
0.393429 0.088872 -0.092995 -0.014081
0.088872 0.042117 -0.014044 -0.002977
-0.092995 -0.014044 0.477252 0.101019
-0.014081 -0.002977 0.101019 0.044373
32.270119 1.404106 43.293305 2.068212
0.378211 0.085344 -0.076634 -0.010650
0.085344 0.041285 -0.010437 -0.002279
-0.076634 -0.010437 0.458318 0.096822
-0.010650 -0.002279 0.096822 0.043540
33.541624 1.525037 43.701247 1.942682
0.341644 0.077658 -0.035693 -0.002609
0.077658 0.039660 -0.001943 -0.000654
-0.035693 -0.001943 0.414618 0.088141
-0.002609 -0.000654 0.088141 0.041896
34.472436 1.566826 44.902194 1.994286
0.359475 0.082529 -0.038617 -0.003904
0.082529 0.040898 -0.003710 -0.001164
-0.038617 -0.003710 0.409280 0.087817
-0.003904 -0.001164 0.087817 0.042026
34.510329 1.391769 45.661408 1.934600
0.372489 0.085589 -0.051679 -0.007288
0.085589 0.041551 -0.007533 -0.002067
-0.051679 -0.007533 0.401907 0.086897
-0.007288 -0.002067 0.086897 0.041952
34.932742 1.326275 46.400900 1.881797
0.392149 0.089919 -0.057974 -0.008743
0.089919 0.042458 -0.009340 -0.002417
-0.057974 -0.009340 0.388984 0.084826
-0.008743 -0.002417 0.084826 0.041612
34.836745 1.149554 47.086029 1.817236
0.413625 0.094080 -0.076534 -0.012746
0.094080 0.043226 -0.013565 -0.003275
-0.076534 -0.013565 0.389686 0.085715
-0.012746 -0.003275 0.085715 0.041885
35.682060 1.210669 47.960900 1.812747
0.445668 0.100366 -0.083817 -0.013716
0.100366 0.044463 -0.014809 -0.003375
-0.083817 -0.014809 0.384158 0.085105
-0.013716 -0.003375 0.085105 0.041784
