3.214668 2.247990 3.805523 0.630195
3.227747 1.291127 0.251253 0.100503
1.291127 80.520529 0.100503 0.040202
0.251253 0.100503 5.752163 2.300915
0.100503 0.040202 2.300915 80.924453
4.324387 2.324144 -1.671775 -8.128546
4.139882 6.984175 -0.250749 -0.450802
6.984175 22.254163 -0.517035 -0.325877
-0.250749 -0.517035 5.448439 8.243211
-0.450802 -0.325877 8.243211 28.738037
3.775323 0.516871 -0.598172 -2.587714
4.194963 4.555470 0.040268 0.111720
4.555470 7.545544 0.048788 0.243974
0.040268 0.048788 0.512571 0.556195
0.111720 0.243974 0.556195 4.848395
3.308515 -0.010793 1.296481 1.580005
3.592029 2.807362 -0.366472 -0.480184
2.807362 3.221962 -0.279524 -0.342744
-0.366472 -0.279524 0.585697 0.765645
-0.480184 -0.342744 0.765645 1.957258
4.226468 0.554883 1.959644 1.477156
2.661329 1.623817 -0.559530 -0.482079
1.623817 1.506048 -0.305312 -0.259590
-0.559530 -0.305312 1.176971 1.115332
-0.482079 -0.259590 1.115332 1.362454
4.596845 0.615145 3.045927 1.718971
2.378687 1.217360 -0.404715 -0.232983
1.217360 0.919915 -0.154490 -0.088522
-0.404715 -0.154490 1.575458 1.079569
-0.232983 -0.088522 1.079569 0.879076
8.646062 2.298613 4.888146 2.293132
1.686975 0.742198 -0.191933 -0.078804
0.742198 0.514289 -0.041732 -0.017936
-0.191933 -0.041732 1.634480 0.866499
-0.078804 -0.017936 0.866499 0.539118
11.487776 2.965629 6.130243 2.349775
1.334636 0.523758 -0.042965 -0.006473
0.523758 0.333132 0.015591 0.006398
-0.042965 0.015591 1.705909 0.737086
-0.006473 0.006398 0.737086 0.371837
10.405518 2.077136 9.334946 3.076200
0.847127 0.300740 -0.089113 -0.028056
0.300740 0.198449 -0.014244 -0.007683
-0.089113 -0.014244 1.391955 0.506869
-0.028056 -0.007683 0.506869 0.224580
12.340448 2.370243 10.079120 2.826941
0.825301 0.276600 -0.059399 -0.016296
0.276600 0.161704 -0.007141 -0.004595
-0.059399 -0.007141 1.278390 0.405654
-0.016296 -0.004595 0.405654 0.161452
13.138304 2.236426 9.925352 2.383132
0.716735 0.224298 -0.133816 -0.036685
0.224298 0.124263 -0.033664 -0.011662
-0.133816 -0.033664 1.091562 0.308457
-0.036685 -0.011662 0.308457 0.115757
13.674769 2.055335 10.110581 2.123089
0.682062 0.201503 -0.152265 -0.037977
0.201503 0.103670 -0.036828 -0.011129
-0.152265 -0.036828 1.038798 0.267094
-0.037977 -0.011129 0.267094 0.094900
13.464277 1.708696 11.411023 2.176874
0.672802 0.188243 -0.142927 -0.032344
0.188243 0.090076 -0.031797 -0.008771
-0.142927 -0.031797 0.952419 0.226123
-0.032344 -0.008771 0.226123 0.078605
14.082834 1.644869 12.410463 2.156292
0.692890 0.184144 -0.105461 -0.021338
0.184144 0.081767 -0.019727 -0.005260
-0.105461 -0.019727 0.907702 0.202043
-0.021338 -0.005260 0.202043 0.069243
14.675088 1.588098 13.662285 2.192250
0.703263 0.177569 -0.060890 -0.010566
0.177569 0.074557 -0.007974 -0.002380
-0.060890 -0.007974 0.849403 0.179352
-0.010566 -0.002380 0.179352 0.061908
14.882656 1.445161 14.525748 2.143401
0.689071 0.165512 -0.048967 -0.007945
0.165512 0.067404 -0.005959 -0.001875
-0.048967 -0.005959 0.773844 0.156724
-0.007945 -0.001875 0.156724 0.055804
15.394886 1.397535 15.725715 2.168117
0.707509 0.162875 -0.014923 -0.001138
0.162875 0.063799 0.001367 -0.000344
-0.014923 0.001367 0.745175 0.146657
-0.001138 -0.000344 0.146657 0.053103
15.858921 1.344350 16.552514 2.118133
0.713737 0.157846 0.001698 0.001583
0.157846 0.060369 0.003933 0.000116
0.001698 0.003933 0.717603 0.138277
0.001583 0.000116 0.138277 0.051137
16.148767 1.262205 17.447344 2.086594
0.726858 0.155124 0.012975 0.003111
0.155124 0.058086 0.005207 0.000317
0.012975 0.005207 0.698591 0.132717
0.003111 0.000317 0.132717 0.049987
16.958163 1.299227 18.570488 2.101634
0.698856 0.144569 0.058743 0.011083
0.144569 0.054661 0.013536 0.001854
0.058743 0.013536 0.651234 0.122624
0.011083 0.001854 0.122624 0.048145
17.256932 1.228367 18.995907 1.984464
0.669082 0.135102 0.056993 0.009595
0.135102 0.051978 0.011525 0.001365
0.056993 0.011525 0.608800 0.114544
0.009595 0.001365 0.114544 0.046860
17.759389 1.204302 21.056870 2.187440
0.665074 0.131948 0.117421 0.020152
0.131948 0.050921 0.022322 0.003379
0.117421 0.022322 0.579285 0.109455
0.020152 0.003379 0.109455 0.046184
18.357404 1.203259 22.197578 2.196495
0.675275 0.132156 0.133890 0.021590
0.132156 0.050711 0.023506 0.003445
0.133890 0.023506 0.578298 0.110309
0.021590 0.003445 0.110309 0.046672
19.297625 1.269038 23.326462 2.199448
0.684266 0.132191 0.157672 0.024594
0.132191 0.050523 0.026207 0.003871
0.157672 0.026207 0.583974 0.112189
0.024594 0.003871 0.112189 0.047244
19.143004 1.124167 23.674142 2.060837
0.655006 0.125452 0.132656 0.018459
0.125452 0.049171 0.019858 0.002629
0.132656 0.019858 0.550965 0.106724
0.018459 0.002629 0.106724 0.046377
20.349298 1.255886 24.112382 1.934496
0.645413 0.122730 0.154391 0.022121
0.122730 0.048633 0.023061 0.003385
0.154391 0.023061 0.546786 0.106692
0.022121 0.003385 0.106692 0.046479
21.068217 1.271940 25.185351 1.954373
0.659156 0.125021 0.162990 0.022691
0.125021 0.049156 0.023347 0.003458
0.162990 0.023347 0.564341 0.111052
0.022691 0.003458 0.111052 0.047446
21.776067 1.278224 26.637180 2.049220
0.667295 0.125864 0.184856 0.026191
0.125864 0.049312 0.026322 0.004131
0.184856 0.026322 0.585432 0.115368
0.026191 0.004131 0.115368 0.048236
22.432662 1.287116 27.348050 1.985287
0.661888 0.124552 0.179729 0.024321
0.124552 0.049130 0.024418 0.003824
0.179729 0.024418 0.583342 0.114985
0.024321 0.003824 0.114985 0.048087
23.271496 1.325426 28.306654 1.974623
0.677342 0.127645 0.163307 0.020105
0.127645 0.049856 0.020426 0.003063
0.163307 0.020426 0.595241 0.117640
0.020105 0.003063 0.117640 0.048611
23.505760 1.222966 30.374451 2.201346
0.656171 0.122806 0.180475 0.023949
0.122806 0.048872 0.023079 0.003884
0.180475 0.023079 0.625168 0.122987
0.023949 0.003884 0.122987 0.049480
23.778734 1.150180 31.877204 2.288704
0.641157 0.120287 0.165076 0.020783
0.120287 0.048542 0.019794 0.003378
0.165076 0.019794 0.631770 0.123786
0.020783 0.003378 0.123786 0.049515
24.196786 1.117322 33.158020 2.318915
0.628875 0.118519 0.148662 0.017733
0.118519 0.048364 0.016871 0.002976
0.148662 0.016871 0.628295 0.122558
0.017733 0.002976 0.122558 0.049170
24.909662 1.152506 34.023009 2.257708
0.632580 0.120071 0.125627 0.013393
0.120071 0.048840 0.013181 0.002384
0.125627 0.013181 0.611391 0.118963
0.013393 0.002384 0.118963 0.048440
25.893303 1.226377 35.444555 2.308634
0.646593 0.123299 0.108425 0.010456
0.123299 0.049561 0.010539 0.002007
0.108425 0.010539 0.614469 0.119585
0.010456 0.002007 0.119585 0.048600
26.782894 1.277428 36.750118 2.334152
0.650330 0.124281 0.085926 0.006903
0.124281 0.049790 0.007183 0.001534
0.085926 0.007183 0.609870 0.118731
0.006903 0.001534 0.118731 0.048472
27.653055 1.324928 37.701662 2.288713
0.660654 0.126526 0.054229 0.001706
0.126526 0.050262 0.002397 0.000768
0.054229 0.002397 0.594671 0.115996
0.001706 0.000768 0.115996 0.048013
28.309217 1.330168 38.267163 2.175198
0.643271 0.123074 0.032116 -0.000926
0.123074 0.049571 -0.000202 0.000518
0.032116 -0.000202 0.571279 0.111738
-0.000926 0.000518 0.111738 0.047256
28.771875 1.289343 39.587472 2.222814
0.628464 0.120402 0.010453 -0.003512
0.120402 0.049093 -0.002982 0.000174
0.010453 -0.002982 0.576087 0.113341
-0.003512 0.000174 0.113341 0.047698
29.157625 1.238250 40.923501 2.268791
0.615460 0.118253 -0.010607 -0.006017
0.118253 0.048743 -0.005577 -0.000177
-0.010607 -0.005577 0.579466 0.114419
-0.006017 -0.000177 0.114419 0.047974
29.423952 1.173246 41.214505 2.103452
0.604530 0.116610 -0.032862 -0.008807
0.116610 0.048498 -0.008294 -0.000592
-0.032862 -0.008294 0.554997 0.109816
-0.008807 -0.000592 0.109816 0.047087
29.549364 1.084341 41.756685 2.002704
0.613052 0.118764 -0.060299 -0.012690
0.118764 0.048981 -0.012116 -0.001267
-0.060299 -0.012116 0.549186 0.109226
-0.012690 -0.001267 0.109226 0.047046
29.773897 1.022292 42.605124 1.971573
0.616517 0.119634 -0.076032 -0.014146
0.119634 0.049146 -0.013591 -0.001478
-0.076032 -0.013591 0.551493 0.110173
-0.014146 -0.001478 0.110173 0.047279
30.281835 1.020649 43.380293 1.929225
0.623111 0.120991 -0.083673 -0.014106
0.120991 0.049383 -0.013645 -0.001446
-0.083673 -0.013645 0.549625 0.110112
-0.014106 -0.001446 0.110112 0.047267
30.526237 0.970416 44.576989 1.974336
0.635567 0.123260 -0.099959 -0.016034
0.123260 0.049757 -0.015542 -0.001838
-0.099959 -0.015542 0.561986 0.112782
-0.016034 -0.001838 0.112782 0.047776
31.004974 0.969143 45.562924 1.974032
0.655126 0.126694 -0.113112 -0.017315
0.126694 0.050329 -0.016956 -0.002130
-0.113112 -0.016956 0.565263 0.113311
-0.017315 -0.002130 0.113311 0.047798
32.522633 1.163888 45.982087 1.869647
0.694065 0.133713 -0.112992 -0.015805
0.133713 0.051579 -0.016081 -0.001935
-0.112992 -0.016081 0.549285 0.109981
-0.015805 -0.001935 0.109981 0.047062
33.469637 1.234631 46.943095 1.879075
0.723361 0.138042 -0.129092 -0.018033
0.138042 0.052182 -0.018338 -0.002452
-0.129092 -0.018338 0.556796 0.111506
-0.018033 -0.002452 0.111506 0.047330
33.974761 1.210005 47.634638 1.827317
0.715776 0.135058 -0.140606 -0.019741
0.135058 0.051381 -0.019772 -0.002869
-0.140606 -0.019772 0.555467 0.111102
-0.019741 -0.002869 0.111102 0.047181
34.151415 1.122255 48.091083 1.728543
0.715679 0.133809 -0.159750 -0.022896
0.133809 0.051003 -0.022665 -0.003544
-0.159750 -0.022665 0.555319 0.110841
-0.022896 -0.003544 0.110841 0.047051
