0.244571 1.059925 0.612839 -0.646906
1.704299 0.681734 1.936518 0.774624
0.681734 80.276766 0.774624 0.309856
1.936518 0.774624 5.085146 2.034102
0.774624 0.309856 2.034102 80.817725
5.566900 9.650679 1.673894 0.790026
2.151229 4.181419 -1.497405 -2.679571
4.181419 13.588598 -3.056028 -0.321183
-1.497405 -3.056028 1.990280 3.352572
-2.679571 -0.321183 3.352572 20.040871
7.650154 6.360398 2.410808 0.268626
1.306955 1.782224 0.827241 1.685390
1.782224 3.343519 1.552526 3.187321
0.827241 1.552526 2.487783 3.916981
1.685390 3.187321 3.916981 8.001804
7.986191 4.049191 3.970107 1.327212
0.760630 0.694963 1.128113 1.090041
0.694963 0.930242 1.088337 1.084080
1.128113 1.088337 2.804434 2.645978
1.090041 1.084080 2.645978 3.025919
9.839846 3.887886 5.753693 2.109776
0.717304 0.503873 0.726497 0.464948
0.503873 0.489493 0.459934 0.309341
0.726497 0.459934 2.316503 1.562954
0.464948 0.309341 1.562954 1.296724
10.569135 3.224652 5.189644 1.293098
0.664270 0.380359 0.307202 0.133873
0.380359 0.292830 0.118821 0.059121
0.307202 0.118821 2.011981 1.073425
0.133873 0.059121 1.073425 0.709139
9.245707 1.832541 4.945916 0.990849
0.290150 0.140464 -0.052141 -0.032105
0.140464 0.115956 -0.061857 -0.021784
-0.052141 -0.061857 1.792536 0.794434
-0.032105 -0.021784 0.794434 0.439467
9.630112 1.579864 7.692392 1.841828
0.370406 0.160335 -0.039656 -0.017866
0.160335 0.103554 -0.032803 -0.006445
-0.039656 -0.032803 1.532464 0.576759
-0.017866 -0.006445 0.576759 0.279264
10.279657 1.530578 7.703817 1.542100
0.439821 0.168745 -0.110862 -0.035842
0.168745 0.091552 -0.048732 -0.010697
-0.110862 -0.048732 1.307889 0.430548
-0.035842 -0.010697 0.430548 0.189695
10.989700 1.511429 9.058647 1.714182
0.512951 0.175147 -0.095178 -0.024184
0.175147 0.082674 -0.033085 -0.004805
-0.095178 -0.033085 1.196283 0.352769
-0.024184 -0.004805 0.352769 0.143446
11.160997 1.331381 9.683998 1.645927
0.540594 0.165908 -0.130523 -0.029754
0.165908 0.071741 -0.038214 -0.006057
-0.130523 -0.038214 1.026992 0.275305
-0.029754 -0.006057 0.275305 0.107895
11.804107 1.323354 10.094016 1.542394
0.582788 0.163293 -0.119604 -0.022887
0.163293 0.065621 -0.029607 -0.003626
-0.119604 -0.029607 0.983659 0.244534
-0.022887 -0.003626 0.244534 0.091517
12.636590 1.368254 10.965983 1.568192
0.609016 0.157741 -0.080458 -0.011114
0.157741 0.060416 -0.015899 -0.000491
-0.080458 -0.015899 0.934171 0.217991
-0.011114 -0.000491 0.217991 0.079446
12.807816 1.243632 11.711008 1.553287
0.629981 0.152374 -0.074170 -0.008793
0.152374 0.056503 -0.012987 -0.000238
-0.074170 -0.012987 0.878607 0.194019
-0.008793 -0.000238 0.194019 0.070069
13.011489 1.145963 12.149714 1.476823
0.629103 0.143540 -0.074082 -0.008496
0.143540 0.052735 -0.012178 -0.000481
-0.074082 -0.012178 0.817076 0.172431
-0.008496 -0.000481 0.172431 0.062801
12.972664 1.011273 12.703248 1.432273
0.597587 0.130012 -0.077084 -0.009269
0.130012 0.048751 -0.012508 -0.000949
-0.077084 -0.012508 0.719749 0.146601
-0.009269 -0.000949 0.146601 0.055815
13.657909 1.050222 13.583033 1.467038
0.631312 0.132993 -0.035886 -0.000415
0.132993 0.049037 -0.002881 0.000835
-0.035886 -0.002881 0.733666 0.146816
-0.000415 0.000835 0.146816 0.055108
14.246378 1.066468 14.884261 1.579299
0.646815 0.132395 0.008786 0.007842
0.132395 0.048690 0.005899 0.002230
0.008786 0.005899 0.709258 0.139586
0.007842 0.002230 0.139586 0.053095
14.504895 1.015892 16.635465 1.763749
0.664744 0.132795 0.049292 0.014439
0.132795 0.048691 0.012754 0.003158
0.049292 0.012754 0.666961 0.129700
0.014439 0.003158 0.129700 0.050828
15.097048 1.033772 18.129274 1.882076
0.680090 0.133044 0.086752 0.019864
0.133044 0.048749 0.018456 0.003836
0.086752 0.018456 0.645403 0.124790
0.019864 0.003836 0.124790 0.049760
16.827315 1.266969 19.032113 1.876493
0.670276 0.128786 0.133737 0.026727
0.128786 0.048005 0.025565 0.004792
0.133737 0.025565 0.647787 0.124916
0.026727 0.004792 0.124916 0.049761
17.613254 1.293817 20.603107 1.998103
0.677964 0.128584 0.166237 0.030434
0.128584 0.048151 0.029469 0.005143
0.166237 0.029469 0.634068 0.121832
0.030434 0.005143 0.121832 0.049126
18.302413 1.301241 21.685653 2.014008
0.680961 0.127887 0.175779 0.029688
0.127887 0.048238 0.028935 0.004708
0.175779 0.028935 0.625216 0.120004
0.029688 0.004708 0.120004 0.048792
18.602972 1.236997 22.499194 1.979781
0.664145 0.123894 0.170039 0.026543
0.123894 0.047737 0.026072 0.003983
0.170039 0.026072 0.597460 0.114754
0.026543 0.003983 0.114754 0.047825
18.713817 1.137601 23.744400 2.036481
0.669758 0.124635 0.169582 0.024752
0.124635 0.048167 0.024517 0.003598
0.169582 0.024517 0.591391 0.114087
0.024752 0.003598 0.114087 0.047796
19.193887 1.120304 24.795386 2.044296
0.679155 0.126121 0.171834 0.023853
0.126121 0.048687 0.023761 0.003450
0.171834 0.023761 0.592763 0.114814
0.023853 0.003450 0.114814 0.048000
19.518678 1.070197 26.156584 2.115679
0.687984 0.127393 0.179335 0.024310
0.127393 0.049101 0.024210 0.003598
0.179335 0.024210 0.598731 0.116210
0.024310 0.003598 0.116210 0.048273
20.723337 1.188507 27.698072 2.200340
0.720917 0.133005 0.198952 0.026907
0.133005 0.050267 0.026687 0.004092
0.198952 0.026687 0.628526 0.121950
0.026907 0.004092 0.121950 0.049336
21.783553 1.271179 29.082997 2.248362
0.741417 0.136295 0.195098 0.024992
0.136295 0.050979 0.024963 0.003774
0.195098 0.024963 0.643438 0.124586
0.024992 0.003774 0.124586 0.049770
22.476074 1.291316 29.702446 2.147135
0.729527 0.133762 0.167385 0.019312
0.133762 0.050619 0.019754 0.002924
0.167385 0.019754 0.622351 0.120289
0.019312 0.002924 0.120289 0.048876
23.618129 1.379747 31.012082 2.184588
0.731071 0.133557 0.166646 0.019330
0.133557 0.050648 0.019579 0.003099
0.166646 0.019579 0.630514 0.121677
0.019330 0.003099 0.121677 0.049094
24.187792 1.364517 31.704023 2.107805
0.705411 0.128898 0.138957 0.014565
0.128898 0.049941 0.014957 0.002451
0.138957 0.014957 0.610930 0.117979
0.014565 0.002451 0.117979 0.048391
24.900735 1.371986 32.654174 2.086832
0.685480 0.125520 0.124089 0.012622
0.125520 0.049486 0.012875 0.002310
0.124089 0.012875 0.604174 0.116903
0.012622 0.002310 0.116903 0.048220
25.458622 1.353048 33.383985 2.027131
0.679451 0.125348 0.089230 0.006615
0.125348 0.049712 0.007267 0.001400
0.089230 0.007267 0.592840 0.115326
0.006615 0.001400 0.115326 0.048030
26.172699 1.365444 34.012740 1.950777
0.651645 0.120604 0.084156 0.007254
0.120604 0.048951 0.007639 0.001777
0.084156 0.007639 0.578739 0.112820
0.007254 0.001777 0.112820 0.047559
26.899355 1.372419 35.090864 1.970508
0.647958 0.120922 0.066110 0.004771
0.120922 0.049219 0.005158 0.001436
0.066110 0.005158 0.583087 0.114326
0.004771 0.001436 0.114326 0.047956
27.088159 1.279207 36.012087 1.963343
0.611583 0.114896 0.051925 0.003510
0.114896 0.048225 0.003593 0.001337
0.051925 0.003593 0.579255 0.113954
0.003510 0.001337 0.113954 0.047916
26.959394 1.133907 36.875743 1.947123
0.586727 0.111522 0.026940 -0.000121
0.111522 0.047790 -0.000074 0.000746
0.026940 -0.000074 0.576622 0.113898
-0.000121 0.000746 0.113898 0.047955
27.370435 1.106545 37.467601 1.872590
0.595269 0.114595 0.006603 -0.002968
0.114595 0.048560 -0.002694 0.000311
0.006603 -0.002694 0.568152 0.112560
-0.002968 0.000311 0.112560 0.047713
28.733407 1.260974 38.962052 1.979466
0.628347 0.121872 0.004552 -0.002207
0.121872 0.050016 -0.001883 0.000532
0.004552 -0.001883 0.583566 0.115911
-0.002207 0.000532 0.115911 0.048388
29.554149 1.298876 39.627329 1.914432
0.627748 0.121875 -0.006108 -0.003241
0.121875 0.049923 -0.002893 0.000363
-0.006108 -0.002893 0.570761 0.113342
-0.003241 0.000363 0.113342 0.047830
30.387066 1.334188 40.818471 1.960646
0.633587 0.123063 -0.019900 -0.004998
0.123063 0.050067 -0.004648 0.000019
-0.019900 -0.004648 0.576044 0.114577
-0.004998 0.000019 0.114577 0.048075
30.867508 1.297948 41.725348 1.946052
0.625277 0.121338 -0.037572 -0.007532
0.121338 0.049630 -0.007162 -0.000480
-0.037572 -0.007162 0.572729 0.113939
-0.007532 -0.000480 0.113939 0.047918
31.782744 1.348353 42.019799 1.811333
0.647202 0.125582 -0.057496 -0.010430
0.125582 0.050387 -0.010095 -0.001051
-0.057496 -0.010095 0.556561 0.110749
-0.010430 -0.001051 0.110749 0.047258
32.577191 1.373429 43.394703 1.905550
0.664254 0.128435 -0.077611 -0.013281
0.128435 0.050807 -0.012876 -0.001581
-0.077611 -0.012876 0.574211 0.114538
-0.013281 -0.001581 0.114538 0.048034
32.813117 1.289281 44.865596 2.006880
0.649920 0.124963 -0.095436 -0.015745
0.124963 0.049982 -0.015137 -0.002031
-0.095436 -0.015137 0.588444 0.117230
-0.015745 -0.002031 0.117230 0.048509
33.635334 1.323228 45.825713 1.999463
0.669554 0.128372 -0.113099 -0.017928
0.128372 0.050566 -0.017466 -0.002452
-0.113099 -0.017466 0.586176 0.116338
-0.017928 -0.002452 0.116338 0.048226
34.768280 1.415296 46.969740 2.032419
0.695760 0.132755 -0.128011 -0.019484
0.132755 0.051297 -0.019213 -0.002750
-0.128011 -0.019213 0.587780 0.116315
-0.019484 -0.002750 0.116315 0.048151
35.495270 1.418689 47.957237 2.026883
0.704613 0.133401 -0.146165 -0.021904
0.133401 0.051256 -0.021630 -0.003230
-0.146165 -0.021630 0.587287 0.115832
-0.021904 -0.003230 0.115832 0.047984
35.911539 1.357330 48.534631 1.936155
0.706995 0.132798 -0.165806 -0.024666
0.132798 0.051000 -0.024370 -0.003786
-0.165806 -0.024370 0.580780 0.114160
-0.024666 -0.003786 0.114160 0.047587
