0.825796 1.292420 0.435048 -0.718024
2.306576 0.922650 1.454337 0.581747
0.922650 80.373135 0.581747 0.232704
1.454337 0.581747 5.793510 2.317454
0.581747 0.232704 2.317454 80.931069
5.224176 7.879853 0.661086 -0.229228
3.152225 5.789252 -1.908017 -3.230179
5.789252 18.239125 -3.606063 -2.542922
-1.908017 -3.606063 2.113152 3.409157
-3.230179 -2.542922 3.409157 21.609456
5.314204 3.483206 1.540973 0.014149
1.778660 2.397296 1.319527 2.510682
2.397296 4.681843 1.890514 3.461568
1.319527 1.890514 1.523449 2.665511
2.510682 3.461568 2.665511 6.812147
7.571634 3.746871 3.641142 2.310573
1.957528 1.790551 1.127740 1.012847
1.790551 2.101210 0.958368 0.846321
1.127740 0.958368 1.281020 1.296949
1.012847 0.846321 1.296949 1.851477
7.838562 2.535316 5.465793 3.024144
1.115731 0.752858 0.490364 0.280203
0.752858 0.719007 0.217779 0.122264
0.490364 0.217779 1.435269 1.113751
0.280203 0.122264 1.113751 1.077136
9.355715 2.615157 8.082285 3.675169
1.091577 0.605926 0.181990 0.044238
0.605926 0.451824 0.019763 -0.003543
0.181990 0.019763 1.502819 0.895323
0.044238 -0.003543 0.895323 0.642721
9.220909 2.016881 7.683173 2.652029
0.823610 0.393148 -0.354177 -0.196598
0.393148 0.259642 -0.198739 -0.092814
-0.354177 -0.198739 1.091720 0.534178
-0.196598 -0.092814 0.534178 0.328311
9.392170 1.691586 6.922287 1.808088
0.768111 0.315228 -0.512842 -0.214124
0.315228 0.179635 -0.215857 -0.079444
-0.512842 -0.215857 1.122593 0.460633
-0.214124 -0.079444 0.460633 0.235817
10.029102 1.614353 7.791693 1.792992
0.798974 0.288654 -0.441389 -0.148159
0.288654 0.142629 -0.148676 -0.042591
-0.441389 -0.148676 1.155728 0.409022
-0.148159 -0.042591 0.409022 0.180897
11.094106 1.693762 8.356216 1.692341
0.768426 0.248322 -0.337389 -0.092589
0.248322 0.111659 -0.091694 -0.019857
-0.337389 -0.091694 1.118101 0.349176
-0.092589 -0.019857 0.349176 0.139168
11.699009 1.627214 9.520172 1.778084
0.824616 0.242894 -0.242820 -0.052336
0.242894 0.098854 -0.051556 -0.006850
-0.242820 -0.051556 1.112735 0.312685
-0.052336 -0.006850 0.312685 0.114560
12.239854 1.547400 10.119738 1.697804
0.741079 0.199276 -0.192034 -0.035474
0.199276 0.078426 -0.034561 -0.003377
-0.192034 -0.034561 1.000644 0.255617
-0.035474 -0.003377 0.255617 0.089994
13.361567 1.629784 10.619509 1.620579
0.725725 0.181953 -0.125282 -0.016857
0.181953 0.069123 -0.015329 0.000583
-0.125282 -0.015329 0.976132 0.231229
-0.016857 0.000583 0.231229 0.078465
14.017869 1.592729 11.471637 1.627354
0.721667 0.170349 -0.075548 -0.005197
0.170349 0.063026 -0.003727 0.002341
-0.075548 -0.003727 0.942617 0.209202
-0.005197 0.002341 0.209202 0.069694
14.792359 1.592911 12.675156 1.709176
0.721695 0.161997 -0.017747 0.006358
0.161997 0.058919 0.007799 0.003948
-0.017747 0.007799 0.901416 0.189652
0.006358 0.003948 0.189652 0.063116
14.243201 1.303066 13.417865 1.671300
0.622941 0.133147 -0.044847 -0.001891
0.133147 0.051021 -0.001660 0.000969
-0.044847 -0.001660 0.743812 0.149000
-0.001891 0.000969 0.149000 0.053234
15.137108 1.359789 14.915765 1.803259
0.632868 0.132032 0.012752 0.008801
0.132032 0.050309 0.009372 0.002754
0.012752 0.009372 0.716783 0.140338
0.008801 0.002754 0.140338 0.051190
16.113499 1.424933 16.497207 1.935944
0.639679 0.130616 0.065034 0.017295
0.130616 0.049701 0.018119 0.003959
0.065034 0.018119 0.689768 0.132853
0.017295 0.003959 0.132853 0.049656
16.847344 1.430332 17.744636 1.989077
0.634197 0.127011 0.092341 0.020265
0.127011 0.048773 0.021088 0.004018
0.092341 0.021088 0.655070 0.124731
0.020265 0.004018 0.124731 0.048169
16.931108 1.306111 19.072604 2.051627
0.632856 0.124846 0.100563 0.019601
0.124846 0.048290 0.020306 0.003465
0.100563 0.020306 0.615142 0.116528
0.019601 0.003465 0.116528 0.046818
17.395985 1.270239 19.699639 1.976210
0.611299 0.119231 0.102942 0.018188
0.119231 0.047237 0.018815 0.002923
0.102942 0.018815 0.575496 0.109220
0.018188 0.002923 0.109220 0.045745
17.658259 1.196812 20.841990 2.007810
0.628761 0.121951 0.109899 0.017879
0.121951 0.047931 0.018511 0.002698
0.109899 0.018511 0.572902 0.109621
0.017879 0.002698 0.109621 0.046192
18.543266 1.256083 21.353127 1.909886
0.624066 0.120241 0.120226 0.018623
0.120241 0.047710 0.019162 0.002767
0.120226 0.019162 0.564633 0.108800
0.018623 0.002767 0.108800 0.046306
18.811045 1.186450 22.286422 1.909180
0.625787 0.120113 0.125608 0.018506
0.120113 0.047833 0.019016 0.002715
0.125608 0.019016 0.557487 0.108223
0.018506 0.002715 0.108223 0.046417
19.072346 1.114354 23.922731 2.048249
0.639954 0.122262 0.152852 0.022799
0.122262 0.048340 0.023194 0.003544
0.152852 0.023194 0.563062 0.109853
0.022799 0.003544 0.109853 0.046856
19.908346 1.167219 25.031581 2.061315
0.664578 0.126509 0.164778 0.023711
0.126509 0.049251 0.024054 0.003656
0.164778 0.024054 0.581287 0.113948
0.023711 0.003656 0.113948 0.047752
20.921592 1.248353 26.184324 2.079132
0.684226 0.129422 0.180533 0.025586
0.129422 0.049817 0.025788 0.003995
0.180533 0.025788 0.598662 0.117351
0.025586 0.003995 0.117351 0.048391
21.785758 1.293783 27.268656 2.084048
0.700815 0.131911 0.176187 0.023485
0.131911 0.050330 0.023758 0.003588
0.176187 0.023758 0.611392 0.119798
0.023485 0.003588 0.119798 0.048842
22.336803 1.269750 28.640602 2.151834
0.703640 0.131675 0.169982 0.021632
0.131675 0.050297 0.021751 0.003297
0.169982 0.021751 0.623577 0.121923
0.021632 0.003297 0.121923 0.049189
22.295872 1.134387 30.103645 2.241065
0.666119 0.123746 0.172819 0.022601
0.123746 0.048789 0.021993 0.003628
0.172819 0.021993 0.624179 0.121390
0.022601 0.003628 0.121390 0.048941
23.596964 1.274416 31.212792 2.225508
0.685820 0.127582 0.172654 0.021884
0.127582 0.049672 0.021705 0.003605
0.172654 0.021705 0.626596 0.121379
0.021884 0.003605 0.121379 0.048874
24.738483 1.385907 31.458950 2.044757
0.679191 0.126327 0.160190 0.019393
0.126327 0.049538 0.019773 0.003362
0.160190 0.019773 0.596045 0.115118
0.019393 0.003362 0.115118 0.047626
25.184895 1.346580 32.057767 1.965224
0.655566 0.122245 0.133521 0.014668
0.122245 0.048930 0.015032 0.002630
0.133521 0.015032 0.581399 0.112860
0.014668 0.002630 0.112860 0.047324
24.943353 1.187072 32.178751 1.809833
0.629756 0.118492 0.082713 0.005579
0.118492 0.048491 0.006260 0.001134
0.082713 0.006260 0.557380 0.109292
0.005579 0.001134 0.109292 0.046847
25.753729 1.226606 33.209613 1.831640
0.610654 0.115120 0.101682 0.010976
0.115120 0.047915 0.010975 0.002401
0.101682 0.010975 0.564519 0.110989
0.010976 0.002401 0.110989 0.047193
25.525606 1.064108 34.178418 1.854150
0.573022 0.108934 0.087774 0.009423
0.108934 0.046925 0.008950 0.002201
0.087774 0.008950 0.567832 0.112237
0.009423 0.002201 0.112237 0.047516
26.129823 1.079223 35.020757 1.836265
0.579569 0.111643 0.077578 0.008019
0.111643 0.047678 0.007762 0.002028
0.077578 0.007762 0.568978 0.112819
0.008019 0.002028 0.112819 0.047662
26.660258 1.068898 36.673848 1.983440
0.587130 0.114179 0.065509 0.006289
0.114179 0.048296 0.005950 0.001724
0.065509 0.005950 0.592399 0.117781
0.006289 0.001724 0.117781 0.048668
27.034611 1.030992 38.298303 2.111203
0.584205 0.114332 0.049464 0.003957
0.114332 0.048367 0.003550 0.001329
0.049464 0.003550 0.606860 0.120486
0.003957 0.001329 0.120486 0.049139
27.916717 1.114035 38.100962 1.859642
0.587508 0.115523 0.039595 0.002896
0.115523 0.048596 0.002996 0.001292
0.039595 0.002996 0.561221 0.110961
0.002896 0.001292 0.110961 0.047144
28.886487 1.194983 39.115250 1.873564
0.613774 0.121101 0.022063 0.000115
0.121101 0.049674 0.000378 0.000782
0.022063 0.000378 0.564520 0.112094
0.000115 0.000782 0.112094 0.047458
29.659032 1.227396 40.441932 1.950281
0.621189 0.122353 0.005497 -0.002209
0.122353 0.049796 -0.001973 0.000368
0.005497 -0.001973 0.574371 0.114356
-0.002209 0.000368 0.114356 0.047948
30.490034 1.270534 41.283175 1.922841
0.629582 0.123658 -0.013008 -0.004855
0.123658 0.049928 -0.004559 -0.000094
-0.013008 -0.004559 0.567842 0.113102
-0.004855 -0.000094 0.113102 0.047687
31.276952 1.300397 42.120850 1.897909
0.641373 0.125498 -0.034824 -0.008084
0.125498 0.050166 -0.007737 -0.000675
-0.034824 -0.007737 0.564582 0.112577
-0.008084 -0.000675 0.112577 0.047587
32.282540 1.369289 42.306505 1.745609
0.652308 0.126997 -0.050478 -0.009957
0.126997 0.050330 -0.009608 -0.000985
-0.050478 -0.009608 0.544810 0.108743
-0.009957 -0.000985 0.108743 0.046822
33.134982 1.402521 43.469991 1.804276
0.666110 0.128927 -0.071258 -0.012875
0.128927 0.050578 -0.012445 -0.001508
-0.071258 -0.012445 0.559052 0.111993
-0.012875 -0.001508 0.111993 0.047522
34.384895 1.508744 44.464679 1.825128
0.681681 0.131086 -0.084537 -0.014196
0.131086 0.050874 -0.013784 -0.001725
-0.084537 -0.013784 0.562895 0.112793
-0.014196 -0.001725 0.112793 0.047653
35.075678 1.497285 45.494196 1.848289
0.685755 0.130837 -0.108151 -0.017732
0.130837 0.050692 -0.017137 -0.002385
-0.108151 -0.017137 0.572481 0.114566
-0.017732 -0.002385 0.114566 0.047948
35.558049 1.445105 46.258333 1.814009
0.689450 0.130589 -0.133321 -0.021455
0.130589 0.050545 -0.020703 -0.003072
-0.133321 -0.020703 0.577066 0.115103
-0.021455 -0.003072 0.115103 0.047960
35.518036 1.306488 47.806995 1.935656
0.674811 0.126958 -0.154937 -0.024513
0.126958 0.049789 -0.023292 -0.003583
-0.154937 -0.023292 0.599061 0.119089
-0.024513 -0.003583 0.119089 0.048667
