2.378617 1.913562 2.885853 0.262319
1.889378 0.755768 -0.712475 -0.284996
0.755768 80.306380 -0.284996 -0.114001
-0.712475 -0.284996 2.718430 1.087395
-0.284996 -0.114001 1.087395 80.439034
3.655009 2.374849 1.192236 -2.874251
3.014450 5.333216 -1.629358 -2.628574
5.333216 16.004204 -2.738548 -6.503332
-1.629358 -2.738548 3.166451 5.374972
-2.628574 -6.503332 5.374972 18.138158
3.282760 0.791814 2.951656 0.649324
2.805541 3.042903 -1.034612 -0.978318
3.042903 4.891476 -1.063689 -1.628825
-1.034612 -1.063689 1.792623 1.964748
-0.978318 -1.628825 1.964748 4.302059
6.471810 2.955724 1.780552 -0.518244
2.042470 1.583396 -0.970396 -0.745389
1.583396 1.861918 -0.739295 -0.833257
-0.970396 -0.739295 1.987940 1.695568
-0.745389 -0.833257 1.695568 2.234666
6.870971 2.298322 2.796154 0.309823
1.288639 0.794620 -0.290307 -0.152253
0.794620 0.810195 -0.170655 -0.224128
-0.290307 -0.170655 1.176342 0.788721
-0.152253 -0.224128 0.788721 0.899406
7.663368 2.105166 3.777608 0.775868
1.079517 0.566951 -0.223370 -0.115483
0.566951 0.482015 -0.125401 -0.141451
-0.223370 -0.125401 1.098476 0.622044
-0.115483 -0.141451 0.622044 0.554902
9.097738 2.276063 4.392076 0.884946
0.843878 0.386718 -0.208177 -0.102042
0.386718 0.293614 -0.108487 -0.098391
-0.208177 -0.108487 1.084839 0.525433
-0.102042 -0.098391 0.525433 0.378105
8.956992 1.752350 5.119337 1.013718
0.670711 0.275500 -0.218494 -0.096451
0.275500 0.192448 -0.101452 -0.072914
-0.218494 -0.101452 1.062631 0.446080
-0.096451 -0.072914 0.446080 0.269912
9.860888 1.754714 6.591979 1.368152
0.670031 0.251490 -0.258159 -0.101297
0.251490 0.151958 -0.104251 -0.059377
-0.258159 -0.104251 0.992468 0.367001
-0.101297 -0.059377 0.367001 0.195538
10.545136 1.683255 8.630856 1.815012
0.700607 0.239892 -0.268241 -0.093621
0.239892 0.126523 -0.095214 -0.045957
-0.268241 -0.095214 0.910536 0.301402
-0.093621 -0.045957 0.301402 0.146134
11.837894 1.824219 9.607988 1.833742
0.680692 0.213058 -0.265318 -0.082642
0.213058 0.102933 -0.083767 -0.035220
-0.265318 -0.083767 0.838673 0.252374
-0.082642 -0.035220 0.252374 0.114041
12.596531 1.780426 10.873698 1.930559
0.680291 0.196554 -0.260686 -0.073151
0.196554 0.087935 -0.074007 -0.027543
-0.260686 -0.074007 0.791408 0.219523
-0.073151 -0.027543 0.219523 0.093769
13.828343 1.874363 12.190240 2.022183
0.628335 0.169019 -0.218882 -0.055683
0.169019 0.073393 -0.056126 -0.019460
-0.218882 -0.056126 0.708148 0.183193
-0.055683 -0.019460 0.183193 0.076927
14.660836 1.851454 13.823229 2.174709
0.580840 0.147248 -0.207303 -0.048590
0.147248 0.063226 -0.049093 -0.015583
-0.207303 -0.049093 0.631143 0.154376
-0.048590 -0.015583 0.154376 0.065141
14.691766 1.638014 15.586621 2.328571
0.538880 0.130546 -0.171080 -0.036749
0.130546 0.056251 -0.037232 -0.011275
-0.171080 -0.037232 0.550489 0.129193
-0.036749 -0.011275 0.129193 0.056303
14.798175 1.463566 16.207499 2.196216
0.519828 0.121378 -0.177549 -0.036208
0.121378 0.052178 -0.036850 -0.010243
-0.177549 -0.036850 0.510439 0.116407
-0.036208 -0.010243 0.116407 0.051603
15.135831 1.370953 17.194110 2.165868
0.524022 0.119014 -0.175391 -0.033535
0.119014 0.050405 -0.034176 -0.008833
-0.175391 -0.034176 0.502871 0.112627
-0.033535 -0.008833 0.112627 0.049661
15.757799 1.352834 18.024767 2.107962
0.508135 0.112851 -0.151467 -0.026615
0.112851 0.048187 -0.027149 -0.006736
-0.151467 -0.027149 0.483537 0.106912
-0.026615 -0.006736 0.106912 0.047651
16.523564 1.366701 18.699137 2.024449
0.504165 0.109851 -0.152014 -0.025816
0.109851 0.046944 -0.026214 -0.006234
-0.152014 -0.026214 0.480815 0.105145
-0.025816 -0.006234 0.105145 0.046711
17.263630 1.366292 18.951916 1.856682
0.482424 0.103592 -0.143524 -0.023439
0.103592 0.045230 -0.023759 -0.005539
-0.143524 -0.023759 0.459234 0.099534
-0.023439 -0.005539 0.099534 0.045093
17.823933 1.325270 19.090252 1.679242
0.463031 0.098851 -0.123953 -0.018843
0.098851 0.044119 -0.019082 -0.004421
-0.123953 -0.019082 0.443644 0.096046
-0.018843 -0.004421 0.096046 0.044181
18.509326 1.330849 19.964167 1.687271
0.461597 0.098291 -0.119391 -0.017712
0.098291 0.043986 -0.017875 -0.004116
-0.119391 -0.017875 0.444612 0.096248
-0.017712 -0.004116 0.096248 0.044118
19.242621 1.351610 21.137849 1.761560
0.433402 0.092328 -0.097754 -0.013428
0.092328 0.042760 -0.013594 -0.003266
-0.097754 -0.013594 0.418278 0.090675
-0.013428 -0.003266 0.090675 0.042849
19.924139 1.363518 22.622262 1.895600
0.430602 0.092307 -0.084321 -0.010843
0.092307 0.042900 -0.011001 -0.002742
-0.084321 -0.011001 0.417004 0.090985
-0.010843 -0.002742 0.090985 0.042964
20.423233 1.331566 24.050139 1.999158
0.426058 0.091775 -0.075069 -0.009419
0.091775 0.042875 -0.009558 -0.002513
-0.075069 -0.009558 0.413723 0.090648
-0.009419 -0.002513 0.090648 0.042885
20.860941 1.283125 25.146519 2.017123
0.422618 0.091374 -0.073041 -0.009638
0.091374 0.042839 -0.009730 -0.002633
-0.073041 -0.009730 0.411939 0.090492
-0.009638 -0.002633 0.090492 0.042819
21.244742 1.229751 26.380621 2.063611
0.419916 0.091164 -0.068927 -0.009260
0.091164 0.042843 -0.009294 -0.002574
-0.068927 -0.009294 0.412941 0.090956
-0.009260 -0.002574 0.090956 0.042901
21.570079 1.168458 27.595028 2.100393
0.405089 0.088233 -0.066690 -0.009413
0.088233 0.042227 -0.009353 -0.002645
-0.066690 -0.009353 0.404942 0.089298
-0.009413 -0.002645 0.089298 0.042491
22.101247 1.157914 28.740951 2.121084
0.405621 0.088940 -0.063062 -0.008934
0.088940 0.042460 -0.008844 -0.002510
-0.063062 -0.008844 0.409571 0.090607
-0.008934 -0.002510 0.090607 0.042785
22.016010 1.017250 30.381738 2.242692
0.371175 0.081896 -0.044915 -0.005613
0.081896 0.040960 -0.005281 -0.001786
-0.044915 -0.005281 0.398751 0.088461
-0.005613 -0.001786 0.088461 0.042307
23.484540 1.233054 31.521559 2.256872
0.357144 0.079621 -0.057001 -0.009006
0.079621 0.040543 -0.008582 -0.002576
-0.057001 -0.008582 0.401465 0.089169
-0.009006 -0.002576 0.089169 0.042430
24.260293 1.269178 32.638029 2.255823
0.359455 0.081181 -0.062418 -0.010294
0.081181 0.040998 -0.009932 -0.002794
-0.062418 -0.009932 0.408373 0.090790
-0.010294 -0.002794 0.090790 0.042763
25.159981 1.327877 33.559346 2.212352
0.373010 0.084966 -0.070515 -0.011898
0.084966 0.041865 -0.011697 -0.003063
-0.070515 -0.011697 0.418202 0.092848
-0.011898 -0.003063 0.092848 0.043157
25.584496 1.266398 34.111705 2.086111
0.375919 0.085834 -0.073246 -0.012249
0.085834 0.041964 -0.012114 -0.003047
-0.073246 -0.012114 0.420726 0.093119
-0.012249 -0.003047 0.093119 0.043135
25.951296 1.204127 35.088840 2.068375
0.358499 0.081785 -0.080443 -0.013802
0.081785 0.040900 -0.013470 -0.003311
-0.080443 -0.013470 0.427751 0.094335
-0.013802 -0.003311 0.094335 0.043324
26.940279 1.281538 35.163347 1.860093
0.358973 0.082297 -0.082156 -0.013772
0.082297 0.040999 -0.013661 -0.003250
-0.082156 -0.013661 0.417925 0.091779
-0.013772 -0.003250 0.091779 0.042690
27.249656 1.198508 35.681177 1.764077
0.370302 0.085188 -0.083798 -0.013632
0.085188 0.041624 -0.013654 -0.003141
-0.083798 -0.013654 0.422301 0.092671
-0.013632 -0.003141 0.092671 0.042893
27.809501 1.189172 36.552890 1.761229
0.372820 0.085624 -0.086985 -0.014031
0.085624 0.041602 -0.013985 -0.003172
-0.086985 -0.013985 0.431422 0.094513
-0.014031 -0.003172 0.094513 0.043281
28.133262 1.126500 37.457230 1.762490
0.381502 0.087445 -0.088909 -0.014059
0.087445 0.041917 -0.014026 -0.003128
-0.088909 -0.014026 0.441068 0.096320
-0.014059 -0.003128 0.096320 0.043638
29.004838 1.196495 38.241740 1.745821
0.396946 0.090643 -0.090173 -0.013885
0.090643 0.042534 -0.013995 -0.003063
-0.090173 -0.013995 0.448229 0.097443
-0.013885 -0.003063 0.097443 0.043826
29.672170 1.215976 39.346014 1.797628
0.406202 0.092013 -0.096361 -0.014955
0.092013 0.042674 -0.015002 -0.003270
-0.096361 -0.015002 0.464204 0.100369
-0.014955 -0.003270 0.100369 0.044394
30.176802 1.197870 40.597851 1.872968
0.401496 0.090206 -0.097138 -0.014979
0.090206 0.042130 -0.014780 -0.003241
-0.097138 -0.014780 0.475178 0.102056
-0.014979 -0.003241 0.102056 0.044676
30.876117 1.219590 41.464065 1.859324
0.414992 0.092803 -0.099206 -0.015015
0.092803 0.042667 -0.015114 -0.003270
-0.099206 -0.015114 0.473611 0.100929
-0.015015 -0.003270 0.100929 0.044354
31.776541 1.286141 42.451024 1.876210
0.371875 0.082785 -0.076856 -0.010722
0.082785 0.040409 -0.010004 -0.002328
-0.076856 -0.010004 0.466204 0.099157
-0.010722 -0.002328 0.099157 0.044022
33.508338 1.521838 42.638954 1.731549
0.312758 0.070595 -0.025435 -0.000784
0.070595 0.037953 0.000618 -0.000302
-0.025435 0.000618 0.420831 0.089895
-0.000784 -0.000302 0.089895 0.042211
33.991714 1.458923 43.619249 1.753019
0.333754 0.076875 -0.038395 -0.004391
0.076875 0.039669 -0.003704 -0.001365
-0.038395 -0.003704 0.423486 0.090914
-0.004391 -0.001365 0.090914 0.042568
34.548518 1.413544 44.026608 1.649625
0.347530 0.080815 -0.040552 -0.005322
0.080815 0.040653 -0.005134 -0.001698
-0.040552 -0.005134 0.406734 0.087741
-0.005322 -0.001698 0.087741 0.041994
35.069468 1.372433 45.104513 1.703252
0.373817 0.087054 -0.055016 -0.008678
0.087054 0.042031 -0.008944 -0.002482
-0.055016 -0.008944 0.411805 0.089466
-0.008678 -0.002482 0.089466 0.042489
35.608907 1.343366 46.500309 1.821471
0.410302 0.094894 -0.074737 -0.012731
0.094894 0.043640 -0.013410 -0.003320
-0.074737 -0.013410 0.424527 0.092584
-0.012731 -0.003320 0.092584 0.043207
36.414699 1.369216 46.914134 1.713401
0.406866 0.093146 -0.047424 -0.006405
0.093146 0.043007 -0.007313 -0.001858
-0.047424 -0.007313 0.357058 0.078140
-0.006405 -0.001858 0.078140 0.040075
