1.517087 1.568942 1.294469 -0.374249
0.650298 0.260125 0.439214 0.175689
0.260125 80.108119 0.175689 0.070277
0.439214 0.175689 1.771694 0.708693
0.175689 0.070277 0.708693 80.287550
6.711885 10.171647 -1.236827 -4.820692
2.596510 5.072669 -1.558292 -2.940799
5.072669 12.355015 -3.116392 -4.386146
-1.558292 -3.116392 2.547188 4.687006
-2.940799 -4.386146 4.687006 14.872840
6.690492 4.816185 -1.126715 -2.593778
1.037658 1.155208 0.328925 0.543240
1.155208 1.832392 0.416717 0.896501
0.328925 0.416717 0.737466 0.921854
0.543240 0.896501 0.921854 2.456249
7.822783 3.956956 1.579834 1.173789
0.910703 0.713515 0.406797 0.389575
0.713515 0.774578 0.324370 0.377825
0.406797 0.324370 0.365966 0.347797
0.389575 0.377825 0.347797 0.756442
10.203348 4.195733 2.712997 1.626724
0.833853 0.507010 0.276781 0.158806
0.507010 0.419887 0.162709 0.124952
0.276781 0.162709 0.495877 0.421049
0.158806 0.124952 0.421049 0.529336
10.537604 3.322229 2.683385 1.170933
0.640182 0.318644 0.121194 0.038800
0.318644 0.226814 0.054715 0.035747
0.121194 0.054715 0.684699 0.460867
0.038800 0.035747 0.460867 0.391998
12.218355 3.329245 3.849987 1.480724
0.579047 0.247149 0.022159 -0.009729
0.247149 0.152497 0.007551 0.007929
0.022159 0.007551 0.811442 0.432758
-0.009729 0.007929 0.432758 0.279055
12.936887 2.978063 6.405525 2.290686
0.496987 0.186487 -0.030999 -0.022635
0.186487 0.105589 -0.009863 0.001123
-0.030999 -0.009863 0.814306 0.356155
-0.022635 0.001123 0.356155 0.189439
13.864535 2.783288 6.728859 1.989500
0.525629 0.177637 -0.101213 -0.040982
0.177637 0.089157 -0.029696 -0.006029
-0.101213 -0.029696 0.849188 0.315608
-0.040982 -0.006029 0.315608 0.143932
13.782893 2.325952 7.543366 1.929698
0.485837 0.149138 -0.141683 -0.045404
0.149138 0.071124 -0.037107 -0.007525
-0.141683 -0.037107 0.807924 0.261475
-0.045404 -0.007525 0.261475 0.107694
13.656653 1.955015 8.525049 1.925909
0.479786 0.136220 -0.168600 -0.045632
0.136220 0.061819 -0.039843 -0.007562
-0.168600 -0.039843 0.772886 0.222834
-0.045632 -0.007562 0.222834 0.085554
13.209247 1.583375 10.546545 2.190191
0.457110 0.121554 -0.172455 -0.040562
0.121554 0.054211 -0.037191 -0.006379
-0.172455 -0.037191 0.686152 0.179636
-0.040562 -0.006379 0.179636 0.067574
13.358279 1.410190 11.236981 2.080869
0.425003 0.106680 -0.202147 -0.043573
0.106680 0.047986 -0.042184 -0.007463
-0.202147 -0.042184 0.608146 0.147013
-0.043573 -0.007463 0.147013 0.055887
14.314367 1.477922 12.487682 2.135336
0.422660 0.102520 -0.189864 -0.036294
0.102520 0.045789 -0.035780 -0.005662
-0.189864 -0.035780 0.569621 0.130288
-0.036294 -0.005662 0.130288 0.050299
14.667756 1.380451 13.450073 2.102420
0.433800 0.102369 -0.181370 -0.031093
0.102369 0.044985 -0.031336 -0.004575
-0.181370 -0.031336 0.547069 0.120078
-0.031093 -0.004575 0.120078 0.047168
15.428105 1.399149 14.571707 2.119786
0.442525 0.102096 -0.163970 -0.025044
0.102096 0.044423 -0.025575 -0.003404
-0.163970 -0.025575 0.529647 0.113045
-0.025044 -0.003404 0.113045 0.045328
16.531991 1.493884 15.623515 2.128561
0.449233 0.101427 -0.153370 -0.021559
0.101427 0.043889 -0.022240 -0.002940
-0.153370 -0.022240 0.518982 0.108543
-0.021559 -0.002940 0.108543 0.044301
17.115217 1.445429 16.275672 2.036280
0.439607 0.097567 -0.134070 -0.017245
0.097567 0.042819 -0.017961 -0.002414
-0.134070 -0.017961 0.490552 0.101316
-0.017245 -0.002414 0.101316 0.042908
17.699724 1.416248 17.376519 2.050330
0.447671 0.097990 -0.131102 -0.016501
0.097990 0.042831 -0.017422 -0.002604
-0.131102 -0.017422 0.482918 0.099090
-0.016501 -0.002604 0.099090 0.042671
18.381689 1.401312 18.028855 1.970916
0.437994 0.094921 -0.116676 -0.013939
0.094921 0.042184 -0.014745 -0.002393
-0.116676 -0.014745 0.463088 0.094991
-0.013939 -0.002393 0.094991 0.042128
19.402052 1.472261 19.024140 1.980465
0.425726 0.091899 -0.098259 -0.010840
0.091899 0.041677 -0.011467 -0.002039
-0.098259 -0.011467 0.443574 0.091544
-0.010840 -0.002039 0.091544 0.041778
19.761123 1.391423 20.115739 1.993803
0.428462 0.092331 -0.093181 -0.010478
0.092331 0.041938 -0.011127 -0.002222
-0.093181 -0.011127 0.437569 0.090999
-0.010478 -0.002222 0.090999 0.041986
20.518256 1.402248 20.979072 1.966485
0.429791 0.092329 -0.097937 -0.012241
0.092329 0.042052 -0.012864 -0.002806
-0.097937 -0.012864 0.434796 0.090991
-0.012241 -0.002806 0.090991 0.042214
20.952249 1.340412 21.783451 1.922847
0.412825 0.088989 -0.073734 -0.007903
0.088989 0.041555 -0.008375 -0.002032
-0.073734 -0.008375 0.413791 0.087612
-0.007903 -0.002032 0.087612 0.041788
21.118954 1.242589 23.488358 2.075429
0.402977 0.087473 -0.052865 -0.004429
0.087473 0.041469 -0.004803 -0.001448
-0.052865 -0.004803 0.400950 0.086109
-0.004429 -0.001448 0.086109 0.041733
21.403472 1.179689 25.300888 2.240140
0.395230 0.086406 -0.038901 -0.002593
0.086406 0.041436 -0.002840 -0.001205
-0.038901 -0.002840 0.395535 0.086079
-0.002593 -0.001205 0.086079 0.041919
21.824578 1.142603 26.439697 2.242202
0.388070 0.085281 -0.043946 -0.004929
0.085281 0.041310 -0.005098 -0.001855
-0.043946 -0.005098 0.390428 0.085712
-0.004929 -0.001855 0.085712 0.041910
22.320420 1.123278 27.312014 2.186005
0.399146 0.088332 -0.045103 -0.005798
0.088332 0.042117 -0.005935 -0.002035
-0.045103 -0.005935 0.401735 0.088970
-0.005798 -0.002035 0.088970 0.042692
23.043734 1.156501 28.092458 2.117730
0.387182 0.085824 -0.053689 -0.008354
0.085824 0.041572 -0.008418 -0.002596
-0.053689 -0.008418 0.393848 0.087441
-0.008354 -0.002596 0.087441 0.042291
23.435790 1.116961 29.398970 2.171573
0.372105 0.082896 -0.055046 -0.008949
0.082896 0.040985 -0.008892 -0.002639
-0.055046 -0.008892 0.390596 0.087101
-0.008949 -0.002639 0.087101 0.042198
23.838138 1.080487 30.351757 2.140185
0.381789 0.085740 -0.058647 -0.009694
0.085740 0.041720 -0.009660 -0.002689
-0.058647 -0.009660 0.399626 0.089454
-0.009694 -0.002689 0.089454 0.042700
24.430619 1.093531 31.550816 2.169738
0.387647 0.087294 -0.066773 -0.011392
0.087294 0.042055 -0.011320 -0.002953
-0.066773 -0.011320 0.411856 0.092175
-0.011392 -0.002953 0.092175 0.043217
24.306341 0.941607 32.684947 2.174100
0.372433 0.084003 -0.059093 -0.009559
0.084003 0.041282 -0.009337 -0.002431
-0.059093 -0.009337 0.411403 0.091888
-0.009559 -0.002431 0.091888 0.043048
25.050892 0.998358 33.209693 2.050784
0.387032 0.087704 -0.059707 -0.009469
0.087704 0.042143 -0.009405 -0.002358
-0.059707 -0.009405 0.415315 0.092523
-0.009469 -0.002358 0.092523 0.043097
25.492179 0.981417 33.869780 1.968530
0.381641 0.086367 -0.063386 -0.010287
0.086367 0.041753 -0.010186 -0.002510
-0.063386 -0.010186 0.416624 0.092493
-0.010287 -0.002510 0.092493 0.042997
26.303242 1.054741 34.874518 1.976450
0.390546 0.088377 -0.070673 -0.011670
0.088377 0.042161 -0.011587 -0.002753
-0.070673 -0.011587 0.429292 0.094989
-0.011670 -0.002753 0.094989 0.043479
26.921268 1.077063 36.012670 2.010727
0.392312 0.088565 -0.074830 -0.012306
0.088565 0.042124 -0.012169 -0.002820
-0.074830 -0.012169 0.439640 0.096773
-0.012306 -0.002820 0.096773 0.043780
27.788828 1.153425 37.146595 2.042894
0.391452 0.088163 -0.077296 -0.012558
0.088163 0.041970 -0.012357 -0.002812
-0.077296 -0.012357 0.448244 0.098062
-0.012558 -0.002812 0.098062 0.043970
28.403781 1.163740 38.301192 2.072571
0.384314 0.086338 -0.083663 -0.013747
0.086338 0.041505 -0.013420 -0.003025
-0.083663 -0.013420 0.459120 0.099743
-0.013747 -0.003025 0.099743 0.044243
28.891814 1.145623 39.588403 2.126093
0.386847 0.086932 -0.088080 -0.014297
0.086932 0.041644 -0.013983 -0.003090
-0.088080 -0.013983 0.469155 0.101178
-0.014297 -0.003090 0.101178 0.044472
30.193927 1.301666 39.909895 1.975198
0.354689 0.079738 -0.078567 -0.012285
0.079738 0.040030 -0.011602 -0.002630
-0.078567 -0.011602 0.461728 0.098966
-0.012285 -0.002630 0.098966 0.043953
30.586052 1.244414 41.056209 2.005912
0.369423 0.083722 -0.086712 -0.013668
0.083722 0.041051 -0.013317 -0.002952
-0.086712 -0.013317 0.470799 0.100397
-0.013668 -0.002952 0.100397 0.044249
30.968687 1.189793 42.102381 2.011817
0.376694 0.085588 -0.088281 -0.013653
0.085588 0.041478 -0.013507 -0.002957
-0.088281 -0.013507 0.470476 0.099843
-0.013653 -0.002957 0.099843 0.044129
31.919381 1.268826 42.905376 1.973496
0.363253 0.082730 -0.070383 -0.009819
0.082730 0.040829 -0.009474 -0.002136
-0.070383 -0.009474 0.453113 0.096060
-0.009819 -0.002136 0.096060 0.043400
32.845875 1.333019 43.661276 1.928094
0.372538 0.085190 -0.064564 -0.008632
0.085190 0.041418 -0.008590 -0.001986
-0.064564 -0.008590 0.439297 0.093265
-0.008632 -0.001986 0.093265 0.042913
34.639650 1.576006 43.362221 1.671373
0.282050 0.065415 0.022128 0.008505
0.065415 0.037050 0.009934 0.001658
0.022128 0.009934 0.353425 0.076315
0.008505 0.001658 0.076315 0.039624
34.869631 1.436417 43.258795 1.460381
0.301701 0.071795 0.003568 0.002748
0.071795 0.038810 0.003377 -0.000060
0.003568 0.003377 0.346807 0.076602
0.002748 -0.000060 0.076602 0.039994
35.545126 1.426149 43.994595 1.461510
0.331141 0.079729 -0.012821 -0.001832
0.079729 0.040725 -0.001641 -0.001225
-0.012821 -0.001641 0.358232 0.080741
-0.001832 -0.001225 0.080741 0.041121
36.210233 1.415333 44.971581 1.517575
0.361021 0.086758 -0.029472 -0.005913
0.086758 0.042206 -0.006000 -0.002113
-0.029472 -0.006000 0.370657 0.084493
-0.005913 -0.002113 0.084493 0.041994
36.871000 1.404185 45.736143 1.518769
0.395780 0.094077 -0.048815 -0.010092
0.094077 0.043615 -0.010408 -0.002923
-0.048815 -0.010408 0.376407 0.086151
-0.010092 -0.002923 0.086151 0.042265
