3.014511 2.167925 14.695038 4.986095
4.483253 1.793340 8.092220 3.236958
1.793340 80.721418 3.236958 1.294811
8.092220 3.236958 61.211925 24.485300
3.236958 1.294811 24.485300 89.798399
4.715412 3.969270 11.718073 1.304676
4.325819 7.086889 0.541079 -0.261093
7.086889 23.091231 0.784858 4.256847
0.541079 0.784858 0.780372 0.435541
-0.261093 4.256847 0.435541 45.097861
7.342200 4.623131 11.854135 0.287877
3.702593 3.993890 0.117114 -0.126399
3.993890 7.154951 0.381432 0.920920
0.117114 0.381432 3.530570 6.535103
-0.126399 0.920920 6.535103 14.787041
7.027209 2.409861 8.410243 -3.304759
2.781081 2.155463 -1.782764 -1.848396
2.155463 2.769822 -1.373300 -1.238493
-1.782764 -1.373300 1.392848 1.438088
-1.848396 -1.238493 1.438088 2.175767
6.343272 1.181752 7.889685 -2.583365
2.146429 1.290749 -1.578050 -1.100700
1.290749 1.314034 -0.636314 -0.371629
-1.578050 -0.636314 2.030791 1.647162
-1.100700 -0.371629 1.647162 1.600016
8.367217 1.621076 4.178129 -4.044147
1.696030 0.823538 -1.404149 -0.753448
0.823538 0.676856 -0.350397 -0.179045
-1.404149 -0.350397 2.755993 1.688521
-0.753448 -0.179045 1.688521 1.155343
8.084564 1.417138 5.020163 -2.664909
0.604159 0.376699 0.430272 0.255308
0.376699 0.376184 0.408635 0.200621
0.430272 0.408635 1.376758 0.722828
0.255308 0.200621 0.722828 0.448368
7.703057 0.890026 3.782127 -2.635098
0.621798 0.337911 0.678163 0.294243
0.337911 0.266185 0.436611 0.167702
0.678163 0.436611 2.077770 0.889876
0.294243 0.167702 0.889876 0.427961
7.611823 0.640600 1.645909 -2.924692
0.859313 0.395140 0.896638 0.312096
0.395140 0.235640 0.432126 0.136814
0.896638 0.432126 2.742737 0.987016
0.312096 0.136814 0.987016 0.390976
8.312053 0.790017 0.368563 -2.875650
0.952008 0.373131 0.805172 0.231524
0.373131 0.185618 0.307937 0.079201
0.805172 0.307937 2.734087 0.848729
0.231524 0.079201 0.848729 0.293273
11.094812 1.591117 2.158635 -2.032950
0.852332 0.291782 0.510341 0.120846
0.291782 0.131314 0.160453 0.031325
0.510341 0.160453 1.877308 0.513021
0.120846 0.031325 0.513021 0.166609
11.939790 1.607362 1.070034 -2.052419
0.885545 0.269455 0.523341 0.109697
0.269455 0.109005 0.136541 0.023595
0.523341 0.136541 2.213903 0.545833
0.109697 0.023595 0.545833 0.159222
12.622248 1.576416 -0.210725 -2.107920
0.899786 0.247123 0.519762 0.097811
0.247123 0.092406 0.115288 0.017872
0.519762 0.115288 2.458787 0.551596
0.097811 0.017872 0.551596 0.147561
13.417475 1.573217 -0.871512 -2.025440
0.865100 0.217374 0.494196 0.084778
0.217374 0.077796 0.096656 0.013781
0.494196 0.096656 2.440285 0.501979
0.084778 0.013781 0.501979 0.126848
13.830351 1.496868 -2.943796 -2.223899
0.887285 0.207501 0.456412 0.070445
0.207501 0.071106 0.077200 0.009690
0.456412 0.077200 2.552606 0.487303
0.070445 0.009690 0.487303 0.116845
14.790840 1.551537 -4.609691 -2.328536
0.861904 0.190144 0.335650 0.044355
0.190144 0.064346 0.045821 0.004156
0.335650 0.045821 2.408667 0.430796
0.044355 0.004156 0.430796 0.101350
15.515481 1.554512 -6.958987 -2.530062
0.868295 0.182459 0.242780 0.026210
0.182459 0.060837 0.025353 0.001027
0.242780 0.025353 2.257805 0.381407
0.026210 0.001027 0.381407 0.089399
16.346625 1.556879 -7.430268 -2.402217
0.830597 0.167118 0.178417 0.015794
0.167118 0.056364 0.017124 0.000353
0.178417 0.017124 1.770847 0.284300
0.015794 0.000353 0.284300 0.071377
17.462452 1.622772 -8.604086 -2.402785
0.810140 0.157840 0.103636 0.004592
0.157840 0.053901 0.004530 -0.001088
0.103636 0.004530 1.564276 0.242980
0.004592 -0.001088 0.242980 0.064310
18.283081 1.617857 -9.070712 -2.291001
0.782058 0.148228 0.080698 0.002423
0.148228 0.051705 0.003314 -0.000714
0.080698 0.003314 1.326890 0.201059
0.002423 -0.000714 0.201059 0.057859
18.177606 1.439065 -9.208023 -2.129131
0.759004 0.140534 0.127330 0.010729
0.140534 0.050120 0.014533 0.001415
0.127330 0.014533 1.128944 0.168469
0.010729 0.001415 0.168469 0.053317
18.601711 1.383849 -10.169648 -2.110442
0.760147 0.138994 0.116404 0.009454
0.138994 0.050012 0.012908 0.001360
0.116404 0.012908 1.054971 0.157970
0.009454 0.001360 0.157970 0.052542
18.968023 1.327762 -11.637046 -2.169881
0.783277 0.141953 0.105218 0.007996
0.141953 0.050785 0.011098 0.001220
0.105218 0.011098 1.018669 0.154071
0.007996 0.001220 0.154071 0.052778
19.133103 1.234653 -12.327264 -2.104198
0.786503 0.141242 0.105807 0.008655
0.141242 0.050842 0.011993 0.001530
0.105807 0.011993 0.930325 0.142344
0.008655 0.001530 0.142344 0.051711
18.954988 1.086087 -12.596780 -1.973795
0.782667 0.139500 0.120827 0.011590
0.139500 0.050725 0.015375 0.002209
0.120827 0.015375 0.840158 0.130799
0.011590 0.002209 0.130799 0.050621
19.796777 1.143727 -14.131780 -2.065062
0.810441 0.144239 0.078593 0.004830
0.144239 0.051885 0.007552 0.000981
0.078593 0.007552 0.838273 0.134402
0.004830 0.000981 0.134402 0.051995
20.226324 1.121693 -15.618814 -2.138644
0.847423 0.150150 0.062899 0.002758
0.150150 0.053123 0.005263 0.000714
0.062899 0.005263 0.825242 0.135356
0.002758 0.000714 0.135356 0.052688
20.882680 1.137368 -16.504329 -2.108566
0.865759 0.152465 0.040115 -0.000240
0.152465 0.053648 0.002096 0.000328
0.040115 0.002096 0.780676 0.130692
-0.000240 0.000328 0.130692 0.052301
21.610405 1.164888 -17.495851 -2.098916
0.891379 0.156011 0.020500 -0.002638
0.156011 0.054366 -0.000416 0.000039
0.020500 -0.000416 0.749786 0.128255
-0.002638 0.000039 0.128255 0.052209
21.969964 1.126754 -18.693499 -2.123553
0.928678 0.161360 0.021574 -0.001424
0.161360 0.055348 0.000715 0.000362
0.021574 0.000715 0.731938 0.127723
-0.001424 0.000362 0.127723 0.052332
22.375793 1.098847 -19.519332 -2.080888
0.955430 0.164625 0.021019 -0.000616
0.164625 0.055924 0.001395 0.000568
0.021019 0.001395 0.700439 0.124433
-0.000616 0.000568 0.124433 0.051870
23.242520 1.152356 -20.258418 -2.027535
0.981164 0.167679 0.004680 -0.002813
0.167679 0.056459 -0.000807 0.000215
0.004680 -0.000807 0.672180 0.121626
-0.002813 0.000215 0.121626 0.051452
24.248810 1.225469 -21.420114 -2.055973
1.025790 0.173859 -0.008812 -0.004483
0.173859 0.057513 -0.002478 -0.000047
-0.008812 -0.002478 0.664861 0.122447
-0.004483 -0.000047 0.122447 0.051640
25.143462 1.272757 -22.384723 -2.044652
1.065678 0.178893 -0.011087 -0.004009
0.178893 0.058321 -0.002215 0.000052
-0.011087 -0.002215 0.649985 0.121385
-0.004009 0.000052 0.121385 0.051387
25.375951 1.205755 -22.878365 -1.944301
1.084866 0.180278 0.011687 0.001088
0.180278 0.058499 0.002076 0.000888
0.011687 0.002076 0.623567 0.117857
0.001088 0.000888 0.117857 0.050622
26.390862 1.273424 -24.278888 -2.026640
1.145871 0.188662 0.010524 0.001075
0.188662 0.059857 0.001983 0.000803
0.010524 0.001983 0.631292 0.120836
0.001075 0.000803 0.120836 0.051108
27.800506 1.399104 -25.670259 -2.100083
1.212732 0.197497 0.004754 0.000120
0.197497 0.061218 0.001095 0.000569
0.004754 0.001095 0.632492 0.122019
0.000120 0.000569 0.122019 0.051166
28.449862 1.390759 -27.141636 -2.181753
1.272012 0.204614 0.032333 0.005678
0.204614 0.062241 0.005611 0.001401
0.032333 0.005611 0.636529 0.123403
0.005678 0.001401 0.123403 0.051229
28.869723 1.347131 -27.842218 -2.105685
1.306544 0.207452 0.062106 0.011134
0.207452 0.062553 0.010040 0.002147
0.062106 0.010040 0.614883 0.119483
0.011134 0.002147 0.119483 0.050242
29.147229 1.285166 -29.224285 -2.169440
1.363769 0.213882 0.096735 0.017026
0.213882 0.063458 0.014864 0.002915
0.096735 0.014864 0.620820 0.121112
0.017026 0.002915 0.121112 0.050403
29.571578 1.250932 -30.063122 -2.120783
1.409118 0.218205 0.120059 0.020217
0.218205 0.064014 0.017598 0.003232
0.120059 0.017598 0.607492 0.118674
0.020217 0.003232 0.118674 0.049742
30.792371 1.341994 -31.068755 -2.112062
1.472401 0.225253 0.124263 0.019372
0.225253 0.065004 0.017256 0.002937
0.124263 0.017256 0.598427 0.117211
0.019372 0.002937 0.117211 0.049328
32.059845 1.428717 -31.244089 -1.940846
1.509755 0.228087 0.128876 0.018880
0.228087 0.065329 0.017189 0.002768
0.128876 0.017189 0.569209 0.111774
0.018880 0.002768 0.111774 0.048149
32.311983 1.358750 -32.067381 -1.909203
1.547712 0.230924 0.166621 0.025116
0.230924 0.065657 0.022031 0.003617
0.166621 0.022031 0.573805 0.113216
0.025116 0.003617 0.113216 0.048376
33.181394 1.385577 -32.811763 -1.868368
1.598529 0.235823 0.187610 0.027464
0.235823 0.066329 0.024129 0.003858
0.187610 0.024129 0.574020 0.113583
0.027464 0.003858 0.113583 0.048360
34.062531 1.409051 -33.205620 -1.761250
1.638054 0.238963 0.207751 0.029637
0.238963 0.066735 0.026113 0.004100
0.207751 0.026113 0.567452 0.112422
0.029637 0.004100 0.112422 0.048019
33.864328 1.278785 -34.212431 -1.779056
1.675547 0.241594 0.255205 0.037284
0.241594 0.067046 0.031811 0.005107
0.255205 0.031811 0.588056 0.116491
0.037284 0.005107 0.116491 0.048695
34.857666 1.335926 -35.661776 -1.895677
1.758334 0.251063 0.279531 0.039241
0.251063 0.068395 0.033846 0.005251
0.279531 0.033846 0.610454 0.120639
0.039241 0.005251 0.120639 0.049366
35.061197 1.268688 -36.550843 -1.878746
1.807434 0.255097 0.315205 0.043825
0.255097 0.068881 0.037667 0.005835
0.315205 0.037667 0.619119 0.121436
0.043825 0.005835 0.121436 0.049274
35.675906 1.271013 -37.867663 -1.954498
1.881755 0.262755 0.345157 0.046681
0.262755 0.069899 0.040435 0.006145
0.345157 0.040435 0.635862 0.123831
0.046681 0.006145 0.123831 0.049546
