4.638382 2.817487 12.325117 4.038106
4.125376 1.650186 8.151615 3.260717
1.650186 80.664155 3.260717 1.304315
8.151615 3.260717 39.552402 15.821304
3.260717 1.304315 15.821304 86.332725
6.948065 5.238359 10.178636 0.521711
3.793980 6.533578 -0.152561 -0.920613
6.533578 20.847169 -0.484938 5.255620
-0.152561 -0.484938 1.061595 0.879939
-0.920613 5.255620 0.879939 40.947876
7.231475 2.838506 11.475319 2.199817
3.601902 3.761530 -1.146920 -1.798992
3.761530 6.144050 -0.516591 -0.169602
-1.146920 -0.516591 5.410474 9.408414
-1.798992 -0.169602 9.408414 19.827087
7.126428 1.418611 9.001312 -1.384823
3.040158 2.302229 -1.320339 -1.153120
2.302229 2.571460 -0.948657 -0.726202
-1.320339 -0.948657 1.390030 1.303310
-1.153120 -0.726202 1.303310 2.157953
7.792799 1.151918 5.967476 -3.285141
2.075589 1.189567 -1.424108 -0.962235
1.189567 1.091541 -0.738979 -0.483322
-1.424108 -0.738979 1.733261 1.272630
-0.962235 -0.483322 1.272630 1.314235
8.782855 1.351545 4.012926 -3.446638
1.739655 0.857927 -1.141322 -0.568155
0.857927 0.667247 -0.368823 -0.173324
-1.141322 -0.368823 2.453038 1.482958
-0.568155 -0.173324 1.482958 1.091444
8.382714 0.918788 3.325550 -2.992092
1.049288 0.499341 -0.044318 0.048091
0.499341 0.389772 0.167839 0.097073
-0.044318 0.167839 2.363013 1.199058
0.048091 0.097073 1.199058 0.721105
8.892560 0.921583 1.446040 -3.149841
1.173106 0.500386 0.164113 0.111078
0.500386 0.313274 0.224911 0.093511
0.164113 0.224911 3.253611 1.360064
0.111078 0.093511 1.360064 0.643065
10.168537 1.251277 0.834813 -2.796177
1.144448 0.433667 0.358949 0.147587
0.433667 0.233770 0.221846 0.071787
0.358949 0.221846 3.034934 1.072138
0.147587 0.071787 1.072138 0.433492
10.286482 1.102565 0.581033 -2.450906
1.122887 0.382540 0.622185 0.198134
0.382540 0.182577 0.250436 0.068300
0.622185 0.250436 2.606757 0.799762
0.198134 0.068300 0.799762 0.289023
10.295374 0.946408 0.530073 -2.130224
1.099024 0.337429 0.745434 0.200944
0.337429 0.145648 0.240754 0.056615
0.745434 0.240754 2.273316 0.617483
0.200944 0.056615 0.617483 0.204784
11.020517 1.016315 -0.146570 -2.036197
1.046871 0.292432 0.682321 0.159337
0.292432 0.117397 0.186741 0.037322
0.682321 0.186741 2.290793 0.562206
0.159337 0.037322 0.562206 0.170999
12.113336 1.171468 -1.434849 -2.106174
0.989933 0.255366 0.547176 0.110884
0.255366 0.097561 0.125669 0.020494
0.547176 0.125669 2.422979 0.545426
0.110884 0.020494 0.545426 0.153314
13.492895 1.361629 -1.993956 -2.014682
0.902372 0.217625 0.408311 0.071699
0.217625 0.081566 0.078143 0.009713
0.408311 0.078143 2.314621 0.481503
0.071699 0.009713 0.481503 0.129199
14.314191 1.390773 -2.672010 -1.952351
0.853351 0.194293 0.357382 0.056107
0.194293 0.071638 0.059922 0.006259
0.357382 0.059922 2.191589 0.424361
0.056107 0.006259 0.424361 0.110390
15.230961 1.444343 -4.060540 -2.032088
0.831062 0.180881 0.279513 0.037778
0.180881 0.065741 0.037914 0.002459
0.279513 0.037914 2.165815 0.394884
0.037778 0.002459 0.394884 0.099897
15.513309 1.356222 -5.558256 -2.109081
0.833040 0.173995 0.266265 0.033119
0.173995 0.062085 0.034338 0.002277
0.266265 0.034338 2.023475 0.348755
0.033119 0.002277 0.348755 0.088011
16.037581 1.328797 -6.988091 -2.169185
0.827190 0.167101 0.216053 0.023209
0.167101 0.059180 0.024247 0.001012
0.216053 0.024247 1.836509 0.302398
0.023209 0.001012 0.302398 0.077930
17.882919 1.542146 -6.076896 -1.866475
0.726178 0.143272 0.089334 0.003698
0.143272 0.053561 0.002288 -0.001790
0.089334 0.002288 1.455640 0.232079
0.003698 -0.001790 0.232079 0.065501
17.770538 1.365851 -6.590823 -1.789115
0.713834 0.137781 0.142731 0.013003
0.137781 0.051895 0.014862 0.000763
0.142731 0.014862 1.337632 0.207880
0.013003 0.000763 0.207880 0.061241
18.762266 1.426968 -7.661354 -1.820253
0.711131 0.135966 0.093853 0.005569
0.135966 0.051404 0.005628 -0.000361
0.093853 0.005628 1.299084 0.199955
0.005569 -0.000361 0.199955 0.060178
19.424497 1.418380 -8.703000 -1.839850
0.717073 0.135848 0.075652 0.003393
0.135848 0.051268 0.003377 -0.000368
0.075652 0.003377 1.239740 0.189398
0.003393 -0.000368 0.189398 0.058771
19.355430 1.277755 -10.384549 -1.948347
0.754763 0.141525 0.103291 0.008071
0.141525 0.052216 0.009678 0.000841
0.103291 0.009678 1.210584 0.184054
0.008071 0.000841 0.184054 0.058219
19.939785 1.269874 -11.655887 -1.993254
0.773419 0.143707 0.078267 0.004579
0.143707 0.052551 0.005860 0.000433
0.078267 0.005860 1.133961 0.172601
0.004579 0.000433 0.172601 0.056865
20.511586 1.252827 -11.891390 -1.875758
0.763337 0.140497 0.061025 0.002775
0.140497 0.051890 0.004198 0.000410
0.061025 0.004198 0.998068 0.152829
0.002775 0.000410 0.152829 0.054283
20.998038 1.228501 -13.036874 -1.907061
0.786508 0.143820 0.051248 0.001907
0.143820 0.052522 0.003304 0.000424
0.051248 0.003304 0.953457 0.148342
0.001907 0.000424 0.148342 0.054163
21.628093 1.231513 -14.014826 -1.911044
0.806199 0.146399 0.035704 0.000162
0.146399 0.053000 0.001405 0.000259
0.035704 0.001405 0.901501 0.142801
0.000162 0.000259 0.142801 0.053801
21.760784 1.145845 -15.280189 -1.958352
0.840403 0.151385 0.048392 0.002939
0.151385 0.053879 0.004567 0.000882
0.048392 0.004567 0.870554 0.140535
0.002939 0.000882 0.140535 0.053866
22.525333 1.180608 -16.378020 -1.978916
0.869377 0.155313 0.027406 -0.000024
0.155313 0.054557 0.001374 0.000409
0.027406 0.001374 0.830136 0.136725
-0.000024 0.000409 0.136725 0.053609
23.193541 1.194965 -17.528861 -2.006395
0.903870 0.159994 0.017745 -0.000982
0.159994 0.055338 0.000369 0.000311
0.017745 0.000369 0.796968 0.133934
-0.000982 0.000311 0.133934 0.053427
23.585883 1.160256 -18.994528 -2.084954
0.951204 0.166650 0.024791 0.000871
0.166650 0.056431 0.002241 0.000684
0.024791 0.002241 0.780846 0.133784
0.000871 0.000684 0.133784 0.053601
24.537688 1.224998 -20.199643 -2.114437
0.993934 0.172169 0.008981 -0.001428
0.172169 0.057289 -0.000067 0.000294
0.008981 -0.000067 0.749427 0.130668
-0.001428 0.000294 0.130668 0.053174
25.174292 1.228692 -20.969769 -2.063575
1.023135 0.175070 0.011970 -0.000264
0.175070 0.057668 0.000988 0.000518
0.011970 0.000988 0.706398 0.125258
-0.000264 0.000518 0.125258 0.052275
25.446356 1.171625 -22.811940 -2.209328
1.087589 0.183913 0.034597 0.004227
0.183913 0.059071 0.005124 0.001258
0.034597 0.005124 0.714482 0.129002
0.004227 0.001258 0.129002 0.052996
26.230074 1.204967 -24.229935 -2.267022
1.144650 0.190998 0.035809 0.004429
0.190998 0.060116 0.005282 0.001216
0.035809 0.005282 0.696822 0.127423
0.004429 0.001216 0.127423 0.052631
27.193306 1.264647 -25.670551 -2.324542
1.206395 0.198498 0.036530 0.004488
0.198498 0.061199 0.005320 0.001155
0.036530 0.005320 0.679901 0.125769
0.004488 0.001155 0.125769 0.052224
27.061021 1.140375 -26.579133 -2.275618
1.240664 0.201130 0.073885 0.011428
0.201130 0.061455 0.011290 0.002220
0.073885 0.011290 0.652599 0.121919
0.011428 0.002220 0.121919 0.051374
28.207791 1.232124 -27.408482 -2.218710
1.288401 0.206069 0.065488 0.009124
0.206069 0.062133 0.009428 0.001726
0.065488 0.009428 0.623317 0.117786
0.009124 0.001726 0.117786 0.050503
28.369548 1.160368 -28.514988 -2.216834
1.334825 0.210614 0.094016 0.014107
0.210614 0.062740 0.013554 0.002433
0.094016 0.013554 0.615624 0.117689
0.014107 0.002433 0.117689 0.050395
29.124988 1.185382 -28.815961 -2.061105
1.363177 0.212327 0.097661 0.013955
0.212327 0.062923 0.013556 0.002310
0.097661 0.013556 0.583273 0.112599
0.013955 0.002310 0.112599 0.049292
29.868880 1.210091 -30.231942 -2.137349
1.430925 0.220248 0.113445 0.016086
0.220248 0.064098 0.015352 0.002542
0.113445 0.015352 0.593105 0.115835
0.016086 0.002542 0.115835 0.049844
29.757235 1.101416 -31.423247 -2.158019
1.480057 0.224878 0.150128 0.022308
0.224878 0.064713 0.020258 0.003404
0.150128 0.020258 0.598836 0.117601
0.022308 0.003404 0.117601 0.049996
30.511319 1.132308 -32.546678 -2.168049
1.542523 0.231574 0.160296 0.022694
0.231574 0.065664 0.020885 0.003350
0.160296 0.020885 0.596517 0.117535
0.022694 0.003350 0.117535 0.049777
31.499096 1.196259 -33.806048 -2.205851
1.614115 0.239393 0.170445 0.023076
0.239393 0.066757 0.021536 0.003323
0.170445 0.021536 0.597678 0.117995
0.023076 0.003323 0.117995 0.049667
32.651258 1.271867 -34.089503 -2.046287
1.656104 0.242571 0.175151 0.022653
0.242571 0.067138 0.021617 0.003241
0.175151 0.021617 0.572811 0.113115
0.022653 0.003241 0.113115 0.048497
32.944439 1.223945 -35.360274 -2.093226
1.714496 0.247955 0.211922 0.028678
0.247955 0.067829 0.026144 0.004063
0.211922 0.026144 0.587201 0.116165
0.028678 0.004063 0.116165 0.048955
33.541248 1.218720 -36.069788 -2.025280
1.763267 0.251959 0.235367 0.031637
0.251959 0.068334 0.028653 0.004436
0.235367 0.028653 0.583538 0.115287
0.031637 0.004436 0.115287 0.048595
34.603032 1.276808 -36.440753 -1.900323
1.809397 0.255694 0.248154 0.032318
0.255694 0.068826 0.029638 0.004498
0.248154 0.029638 0.572330 0.112975
0.032318 0.004498 0.112975 0.047992
34.548809 1.182657 -37.731478 -1.961879
1.863470 0.260209 0.293766 0.039633
0.260209 0.069388 0.034927 0.005445
0.293766 0.034927 0.595846 0.117461
0.039633 0.005445 0.117461 0.048737
35.338518 1.211440 -38.790864 -1.980069
1.931889 0.266954 0.317594 0.041797
0.266954 0.070301 0.037063 0.005666
0.317594 0.037063 0.605087 0.118793
0.041797 0.005666 0.118793 0.048827
