2.823226 2.091409 -0.943556 -1.269478
2.592702 1.037103 0.966973 0.386798
1.037103 80.418917 0.386798 0.154722
0.966973 0.386798 6.752804 2.701180
0.386798 0.154722 2.701180 81.084562
3.775065 1.683074 2.132990 4.147360
4.298204 7.534478 -0.730633 -1.348751
7.534478 21.820959 -1.298404 -0.190708
-0.730633 -1.298404 0.391752 0.619334
-1.348751 -0.190708 0.619334 19.066046
4.291822 1.337327 4.251261 4.183712
3.924102 4.209288 -0.331544 -0.064816
4.209288 6.589394 0.036969 0.456154
-0.331544 0.036969 2.582094 4.620209
-0.064816 0.456154 4.620209 9.261040
4.794341 1.112918 4.264058 2.154151
3.348081 2.575713 0.064286 0.195516
2.575713 2.803922 0.210360 0.207174
0.064286 0.210360 3.459243 3.368460
0.195516 0.207174 3.368460 3.542549
7.994274 2.657839 2.782830 0.485081
2.410680 1.447070 0.070558 0.078519
1.447070 1.286855 0.097705 0.030055
0.070558 0.097705 3.484710 2.321491
0.078519 0.030055 2.321491 1.667082
6.807138 1.399105 3.005527 0.469436
1.147108 0.577576 0.786958 0.401616
0.577576 0.535794 0.405647 0.175234
0.786958 0.405647 2.518008 1.278641
0.401616 0.175234 1.278641 0.720604
6.806628 1.047582 4.271497 0.908428
1.044037 0.473935 0.765687 0.304933
0.473935 0.369397 0.319330 0.107787
0.765687 0.319330 1.855135 0.762501
0.304933 0.107787 0.762501 0.362462
7.366785 1.018695 5.826862 1.302052
1.120905 0.468182 0.548267 0.170705
0.468182 0.298562 0.175341 0.041296
0.548267 0.175341 1.587101 0.555968
0.170705 0.041296 0.555968 0.232421
8.240235 1.161204 6.461421 1.288579
1.174509 0.441389 0.399692 0.098482
0.441389 0.238592 0.094366 0.013488
0.399692 0.094366 1.516966 0.466397
0.098482 0.013488 0.466397 0.174643
9.790760 1.464590 8.012451 1.521638
1.101870 0.372602 0.239081 0.044288
0.372602 0.180440 0.035336 -0.001005
0.239081 0.035336 1.340151 0.368685
0.044288 -0.001005 0.368685 0.128957
9.774982 1.235003 8.676243 1.510205
0.896979 0.278712 0.001087 -0.015363
0.278712 0.129822 -0.031928 -0.014613
0.001087 -0.031928 1.085647 0.273823
-0.015363 -0.014613 0.273823 0.094481
10.819526 1.334346 10.402728 1.730400
0.912696 0.259580 0.017896 -0.008349
0.259580 0.110035 -0.017853 -0.008468
0.017896 -0.017853 0.999514 0.232350
-0.008349 -0.008468 0.232350 0.078350
11.322240 1.291867 11.223581 1.722540
0.917305 0.241432 0.000272 -0.010004
0.241432 0.095359 -0.017157 -0.006577
0.000272 -0.017157 0.946288 0.206210
-0.010004 -0.006577 0.206210 0.068816
12.185942 1.347039 11.962047 1.695291
0.917475 0.224839 0.012943 -0.005239
0.224839 0.084139 -0.010070 -0.003869
0.012943 -0.010070 0.923716 0.190722
-0.005239 -0.003869 0.190722 0.063180
13.417221 1.478538 12.552745 1.640631
0.784804 0.180852 0.001596 -0.005098
0.180852 0.068982 -0.008849 -0.002642
0.001596 -0.008849 0.801552 0.158500
-0.005098 -0.002642 0.158500 0.055299
13.905376 1.427704 12.881108 1.547366
0.720687 0.158890 -0.020563 -0.007809
0.158890 0.061285 -0.011249 -0.002541
-0.020563 -0.011249 0.740727 0.142560
-0.007809 -0.002541 0.142560 0.051683
14.513259 1.399414 14.514405 1.710294
0.698682 0.148611 0.016702 0.000607
0.148611 0.057231 -0.000989 -0.000207
0.016702 -0.000989 0.681429 0.128788
0.000607 -0.000207 0.128788 0.048921
15.607111 1.479060 15.735379 1.777819
0.699233 0.144550 0.054132 0.008068
0.144550 0.055156 0.007534 0.001515
0.054132 0.007534 0.672580 0.126159
0.008068 0.001515 0.126159 0.048576
16.047970 1.413919 17.500704 1.942904
0.728862 0.147103 0.086991 0.013874
0.147103 0.054806 0.014082 0.002686
0.086991 0.014082 0.662248 0.123708
0.013874 0.002686 0.123708 0.048319
16.722909 1.407448 18.493450 1.947030
0.737594 0.145568 0.097427 0.015082
0.145568 0.053824 0.015408 0.002813
0.097427 0.015408 0.660000 0.123203
0.015082 0.002813 0.123203 0.048465
16.898347 1.301925 19.887879 2.028815
0.743650 0.143927 0.108687 0.016427
0.143927 0.053027 0.016923 0.002992
0.108687 0.016923 0.640713 0.119626
0.016427 0.002992 0.119626 0.048014
17.672041 1.327855 20.576029 1.966502
0.722954 0.137609 0.116654 0.017298
0.137609 0.051504 0.017743 0.003086
0.116654 0.017743 0.619830 0.116110
0.017298 0.003086 0.116110 0.047593
18.340345 1.327491 21.700898 1.993383
0.713523 0.134183 0.136936 0.020468
0.134183 0.050719 0.020848 0.003620
0.136936 0.020848 0.607733 0.114434
0.020468 0.003620 0.114434 0.047501
19.633391 1.446017 22.714377 1.990656
0.720323 0.134261 0.162196 0.024315
0.134261 0.050697 0.024483 0.004221
0.162196 0.024483 0.620026 0.117442
0.024315 0.004221 0.117442 0.048262
20.033695 1.383537 23.869505 2.025204
0.710894 0.131649 0.166267 0.024071
0.131649 0.050237 0.024144 0.004079
0.166267 0.024144 0.614184 0.116824
0.024071 0.004079 0.116824 0.048264
20.856120 1.405854 25.050148 2.056207
0.717191 0.132283 0.174545 0.024632
0.132283 0.050429 0.024599 0.004105
0.174545 0.024599 0.622962 0.118968
0.024632 0.004105 0.118968 0.048760
21.894981 1.469753 26.012570 2.038521
0.710727 0.130483 0.187924 0.026478
0.130483 0.050138 0.026257 0.004436
0.187924 0.026257 0.622338 0.118935
0.026478 0.004436 0.118935 0.048747
22.392689 1.432092 26.600527 1.957630
0.692674 0.127308 0.165180 0.021406
0.127308 0.049719 0.021369 0.003510
0.165180 0.021369 0.607625 0.116648
0.021406 0.003510 0.116648 0.048384
22.614368 1.328467 28.232798 2.094577
0.676696 0.124351 0.170822 0.022468
0.124351 0.049277 0.021914 0.003753
0.170822 0.021914 0.620275 0.119406
0.022468 0.003753 0.119406 0.048925
23.408983 1.351884 29.349566 2.106055
0.678946 0.125325 0.163048 0.020554
0.125325 0.049638 0.020163 0.003463
0.163048 0.020163 0.622829 0.120097
0.020554 0.003463 0.120097 0.049053
23.736937 1.294519 29.909545 2.014789
0.651429 0.120697 0.146996 0.017784
0.120697 0.048907 0.017498 0.003124
0.146996 0.017498 0.600904 0.115999
0.017784 0.003124 0.115999 0.048238
23.714713 1.166514 30.958953 2.034486
0.625031 0.116609 0.131266 0.015313
0.116609 0.048315 0.014810 0.002791
0.131266 0.014810 0.597290 0.115838
0.015313 0.002791 0.115838 0.048260
24.197763 1.147896 31.941311 2.029228
0.633104 0.119452 0.109585 0.011287
0.119452 0.049076 0.011142 0.002160
0.109585 0.011142 0.597682 0.116510
0.011287 0.002160 0.116510 0.048458
25.246447 1.249191 32.298582 1.891896
0.642685 0.121971 0.102495 0.010502
0.121971 0.049624 0.010846 0.002242
0.102495 0.010846 0.579688 0.113174
0.010502 0.002242 0.113174 0.047783
25.291647 1.135923 33.369462 1.924836
0.614872 0.117067 0.090327 0.009268
0.117067 0.048704 0.009178 0.002124
0.090327 0.009178 0.583331 0.114462
0.009268 0.002124 0.114462 0.048084
26.048097 1.172044 34.357038 1.927416
0.619963 0.118805 0.082851 0.008506
0.118805 0.049112 0.008509 0.002086
0.082851 0.008509 0.585437 0.115193
0.008506 0.002086 0.115193 0.048230
26.201595 1.092076 34.985811 1.865905
0.615245 0.118652 0.053295 0.003462
0.118652 0.049148 0.003647 0.001214
0.053295 0.003647 0.577139 0.114002
0.003462 0.001214 0.114002 0.048026
27.430073 1.227824 35.592113 1.794325
0.635813 0.123024 0.050050 0.003739
0.123024 0.049982 0.004182 0.001409
0.050050 0.004182 0.569250 0.112642
0.003739 0.001409 0.112642 0.047739
28.591997 1.333394 36.579621 1.807782
0.649948 0.125734 0.042426 0.003074
0.125734 0.050428 0.003554 0.001338
0.042426 0.003554 0.573537 0.113830
0.003074 0.001338 0.113830 0.047986
29.415231 1.364487 37.360289 1.782158
0.648244 0.125174 0.025829 0.000678
0.125174 0.050223 0.001172 0.000917
0.025829 0.001172 0.570883 0.113537
0.000678 0.000917 0.113537 0.047920
30.336453 1.410726 38.222934 1.775202
0.657575 0.126805 0.004700 -0.002610
0.126805 0.050472 -0.002032 0.000320
0.004700 -0.002032 0.572880 0.114163
-0.002610 0.000320 0.114163 0.048040
31.179249 1.436438 39.321834 1.816818
0.648662 0.124727 -0.007597 -0.003906
0.124727 0.049986 -0.003398 0.000121
-0.007597 -0.003398 0.577957 0.115247
-0.003906 0.000121 0.115247 0.048224
32.071155 1.470496 39.804433 1.731632
0.629491 0.120869 -0.012958 -0.003871
0.120869 0.049207 -0.003427 0.000165
-0.012958 -0.003427 0.560374 0.111665
-0.003871 0.000165 0.111665 0.047458
32.615251 1.433670 40.981791 1.793956
0.630862 0.121306 -0.039163 -0.008217
0.121306 0.049321 -0.007664 -0.000681
-0.039163 -0.007664 0.575428 0.114916
-0.008217 -0.000681 0.114916 0.048122
32.171773 1.210501 42.044616 1.825728
0.589282 0.113376 -0.060875 -0.011474
0.113376 0.047801 -0.010812 -0.001281
-0.060875 -0.010812 0.582762 0.116253
-0.011474 -0.001281 0.116253 0.048334
33.261805 1.305937 43.325037 1.900601
0.621139 0.120290 -0.075808 -0.013110
0.120290 0.049257 -0.012562 -0.001561
-0.075808 -0.012562 0.591641 0.117751
-0.013110 -0.001561 0.117751 0.048560
33.595808 1.245944 44.645191 1.972613
0.625147 0.121036 -0.097112 -0.016155
0.121036 0.049357 -0.015577 -0.002134
-0.097112 -0.015577 0.601299 0.119220
-0.016155 -0.002134 0.119220 0.048758
34.266567 1.253660 45.418052 1.930545
0.644437 0.124646 -0.115864 -0.018493
0.124646 0.049999 -0.018140 -0.002588
-0.115864 -0.018140 0.593825 0.117158
-0.018493 -0.002588 0.117158 0.048248
34.923044 1.258608 46.295992 1.913459
0.656461 0.126513 -0.130139 -0.019979
0.126513 0.050251 -0.019780 -0.002875
-0.130139 -0.019780 0.589611 0.115981
-0.019979 -0.002875 0.115981 0.047971
35.830132 1.312453 47.243551 1.914626
0.688108 0.131957 -0.149573 -0.022346
0.131957 0.051173 -0.022404 -0.003336
-0.149573 -0.022404 0.592107 0.116183
-0.022346 -0.003336 0.116183 0.047981
