4.668325 2.829465 3.506618 0.510631
2.095909 0.838382 -0.570674 -0.228274
0.838382 80.339427 -0.228274 -0.091312
-0.570674 -0.228274 3.980983 1.592428
-0.228274 -0.091312 1.592428 80.641052
7.187274 4.741330 2.528157 -1.449575
2.972469 5.264424 -0.776313 -1.127944
5.264424 16.561040 -1.240421 -3.321802
-0.776313 -1.240421 3.107362 5.029746
-1.127944 -3.321802 5.029746 20.476702
6.775582 1.699596 2.704384 -0.505408
1.946420 2.137838 0.191798 0.292676
2.137838 4.087390 0.233614 -0.099120
0.191798 0.233614 1.911726 2.223431
0.292676 -0.099120 2.223431 5.467239
6.562927 0.755907 4.747061 1.598381
1.213892 0.982036 0.500806 0.417820
0.982036 1.456429 0.375945 0.165404
0.500806 0.375945 1.155183 1.029263
0.417820 0.165404 1.029263 1.917983
7.816505 1.376304 5.385708 1.394596
0.978665 0.678639 0.023182 -0.070041
0.678639 0.782763 -0.081220 -0.161882
0.023182 -0.081220 1.335855 1.037787
-0.070041 -0.161882 1.037787 1.233489
7.326640 0.671655 6.728609 1.851587
0.959507 0.562686 -0.247880 -0.201128
0.562686 0.496416 -0.201236 -0.160198
-0.247880 -0.201236 1.443532 0.901061
-0.201128 -0.160198 0.901061 0.776484
7.219348 0.490481 5.555775 0.802736
0.948529 0.472687 -0.573047 -0.308875
0.472687 0.335987 -0.299117 -0.162029
-0.573047 -0.299117 1.154686 0.594256
-0.308875 -0.162029 0.594256 0.430980
7.484510 0.499501 6.006749 0.824855
1.003958 0.428715 -0.532715 -0.225031
0.428715 0.250343 -0.219598 -0.093299
-0.532715 -0.219598 1.207214 0.527844
-0.225031 -0.093299 0.527844 0.312584
7.493553 0.430207 7.791285 1.350123
1.009503 0.376192 -0.431842 -0.147257
0.376192 0.189360 -0.146104 -0.050359
-0.431842 -0.146104 1.106605 0.419031
-0.147257 -0.050359 0.419031 0.217121
8.874093 0.827839 8.772865 1.479487
0.909966 0.300874 -0.308567 -0.086630
0.300874 0.138209 -0.086329 -0.024849
-0.308567 -0.086329 1.000996 0.336351
-0.086630 -0.024849 0.336351 0.157995
10.365806 1.148747 9.150200 1.389086
0.846939 0.252304 -0.276856 -0.068594
0.252304 0.107645 -0.068046 -0.017735
-0.276856 -0.068046 0.955720 0.289120
-0.068594 -0.017735 0.289120 0.124303
11.794174 1.388798 10.025052 1.455626
0.785808 0.214393 -0.244451 -0.054197
0.214393 0.087185 -0.053705 -0.012930
-0.244451 -0.053705 0.897099 0.247802
-0.054197 -0.012930 0.247802 0.100279
12.885709 1.492294 10.821432 1.480376
0.639389 0.162105 -0.189564 -0.038179
0.162105 0.067467 -0.037497 -0.008723
-0.189564 -0.037497 0.756577 0.193501
-0.038179 -0.008723 0.193501 0.078178
13.560095 1.474633 11.555535 1.477683
0.643700 0.155352 -0.153047 -0.026719
0.155352 0.062475 -0.026518 -0.005663
-0.153047 -0.026518 0.740294 0.178829
-0.026719 -0.005663 0.178829 0.069964
14.171991 1.448632 12.532464 1.531105
0.639188 0.147367 -0.137345 -0.022091
0.147367 0.058122 -0.022228 -0.004631
-0.137345 -0.022228 0.713109 0.163675
-0.022091 -0.004631 0.163675 0.063132
14.066576 1.283510 14.926956 1.881931
0.594204 0.132030 -0.095342 -0.012804
0.132030 0.053025 -0.013654 -0.002854
-0.095342 -0.013654 0.600732 0.132365
-0.012804 -0.002854 0.132365 0.054023
15.121977 1.373959 15.902643 1.894758
0.570942 0.123404 -0.075580 -0.009083
0.123404 0.050167 -0.009714 -0.002155
-0.075580 -0.009714 0.578043 0.124408
-0.009083 -0.002155 0.124408 0.051233
15.588132 1.322026 16.376688 1.791559
0.558373 0.117933 -0.094087 -0.013675
0.117933 0.048358 -0.014226 -0.003247
-0.094087 -0.014226 0.560395 0.118144
-0.013675 -0.003247 0.118144 0.049146
15.768531 1.235828 18.718513 2.089955
0.546520 0.113997 -0.061576 -0.006933
0.113997 0.047282 -0.007717 -0.001862
-0.061576 -0.007717 0.514812 0.107435
-0.006933 -0.001862 0.107435 0.046566
16.318098 1.220189 19.601436 2.055389
0.534050 0.110266 -0.053588 -0.005934
0.110266 0.046365 -0.006596 -0.001715
-0.053588 -0.006596 0.499360 0.103903
-0.005934 -0.001715 0.103903 0.045715
17.515871 1.338646 20.308301 1.993542
0.503673 0.103453 -0.035952 -0.003057
0.103453 0.044960 -0.003547 -0.001175
-0.035952 -0.003547 0.478159 0.099606
-0.003057 -0.001175 0.099606 0.044813
18.660822 1.434843 21.045171 1.942628
0.489330 0.100711 -0.011369 0.001291
0.100711 0.044542 0.000870 -0.000325
-0.011369 0.000870 0.471955 0.098856
0.001291 -0.000325 0.098856 0.044733
18.781174 1.312085 22.137021 1.964701
0.497691 0.102818 0.000028 0.002744
0.102818 0.045126 0.002338 -0.000099
0.000028 0.002338 0.476689 0.100288
0.002744 -0.000099 0.100288 0.045075
19.257842 1.273807 22.725932 1.881148
0.486824 0.100699 0.003084 0.002366
0.100699 0.044762 0.002034 -0.000245
0.003084 0.002034 0.466344 0.098297
0.002366 -0.000245 0.098297 0.044641
19.964555 1.288952 24.125621 1.978373
0.488877 0.101463 0.013093 0.003698
0.101463 0.045019 0.003398 0.000026
0.013093 0.003398 0.474263 0.100321
0.003698 0.000026 0.100321 0.045087
19.999051 1.162102 24.761455 1.903382
0.482236 0.100310 0.003556 0.000903
0.100310 0.044837 0.000699 -0.000556
0.003556 0.000699 0.467096 0.098882
0.000903 -0.000556 0.098882 0.044744
20.500936 1.145630 25.653980 1.890868
0.492053 0.102671 0.002409 0.000288
0.102671 0.045391 0.000120 -0.000610
0.002409 0.000120 0.480799 0.101977
0.000288 -0.000610 0.101977 0.045391
21.057659 1.142290 26.582794 1.887362
0.480626 0.100346 -0.002564 -0.000970
0.100346 0.044908 -0.001096 -0.000780
-0.002564 -0.001096 0.477731 0.101187
-0.000970 -0.000780 0.101187 0.045152
21.502313 1.115767 27.565836 1.895812
0.469928 0.098365 -0.000675 -0.000585
0.098365 0.044530 -0.000701 -0.000589
-0.000675 -0.000701 0.476962 0.100953
-0.000585 -0.000589 0.100953 0.045059
22.135731 1.131467 28.665313 1.927803
0.462877 0.097300 -0.005437 -0.001605
0.097300 0.044365 -0.001705 -0.000715
-0.005437 -0.001705 0.482411 0.102061
-0.001605 -0.000715 0.102061 0.045264
23.350871 1.268704 29.517597 1.903742
0.466382 0.098494 -0.006076 -0.001631
0.098494 0.044668 -0.001718 -0.000626
-0.006076 -0.001718 0.491589 0.103844
-0.001631 -0.000626 0.103844 0.045595
23.679678 1.204000 30.470374 1.904081
0.473126 0.100190 0.002174 0.000229
0.100190 0.045032 0.000163 -0.000153
0.002174 0.000163 0.506014 0.106567
0.000229 -0.000153 0.106567 0.046103
24.017144 1.148064 31.242936 1.866623
0.480490 0.101810 0.006373 0.001059
0.101810 0.045339 0.001014 0.000054
0.006373 0.001014 0.516703 0.108272
0.001059 0.000054 0.108272 0.046368
25.053399 1.246009 32.041848 1.838263
0.478083 0.101184 0.007006 0.001089
0.101184 0.045143 0.001050 0.000075
0.007006 0.001050 0.520070 0.108348
0.001089 0.000075 0.108348 0.046293
25.361300 1.179359 32.953479 1.837002
0.449254 0.095030 0.005434 0.000707
0.095030 0.043803 0.000645 0.000011
0.005434 0.000645 0.516715 0.107106
0.000707 0.000011 0.107106 0.045979
25.971133 1.183424 34.088918 1.881805
0.440448 0.093691 -0.007518 -0.001989
0.093691 0.043597 -0.002138 -0.000541
-0.007518 -0.002138 0.527130 0.108920
-0.001989 -0.000541 0.108920 0.046348
26.604323 1.192214 35.201003 1.917007
0.407087 0.087130 -0.015842 -0.003454
0.087130 0.042260 -0.003658 -0.000784
-0.015842 -0.003658 0.527035 0.108447
-0.003454 -0.000784 0.108447 0.046226
27.123142 1.175548 36.446989 1.975953
0.412693 0.089455 -0.026237 -0.005240
0.089455 0.042912 -0.005521 -0.001092
-0.026237 -0.005521 0.545143 0.111820
-0.005240 -0.001092 0.111820 0.046920
27.400629 1.107993 37.636862 2.016726
0.417173 0.091147 -0.034173 -0.006388
0.091147 0.043318 -0.006714 -0.001254
-0.034173 -0.006714 0.559884 0.114232
-0.006388 -0.001254 0.114232 0.047367
29.101145 1.361086 39.131621 2.118314
0.379313 0.083242 -0.040387 -0.007237
0.083242 0.041547 -0.007463 -0.001357
-0.040387 -0.007463 0.577621 0.117101
-0.007237 -0.001357 0.117101 0.047890
30.350264 1.488296 40.345126 2.151541
0.346023 0.076934 -0.039112 -0.006586
0.076934 0.040242 -0.006580 -0.001148
-0.039112 -0.006580 0.587236 0.118176
-0.006586 -0.001148 0.118176 0.048035
31.353261 1.542664 40.448547 1.958166
0.366009 0.083034 -0.034155 -0.005111
0.083034 0.041780 -0.005213 -0.000832
-0.034155 -0.005213 0.555105 0.110931
-0.005111 -0.000832 0.110931 0.046538
32.015435 1.519764 41.845284 2.041155
0.350466 0.080162 -0.027074 -0.003602
0.080162 0.041061 -0.003336 -0.000502
-0.027074 -0.003336 0.567427 0.113377
-0.003602 -0.000502 0.113377 0.047132
32.430960 1.440322 42.910345 2.048265
0.378626 0.087424 -0.034013 -0.004843
0.087424 0.042695 -0.005013 -0.000862
-0.034013 -0.005013 0.564209 0.112463
-0.004843 -0.000862 0.112463 0.046990
33.030413 1.414625 44.352960 2.131106
0.408888 0.094269 -0.036290 -0.005065
0.094269 0.044056 -0.005441 -0.000945
-0.036290 -0.005441 0.562692 0.112059
-0.005065 -0.000945 0.112059 0.046974
33.277464 1.309683 45.492595 2.143383
0.432253 0.098704 -0.041658 -0.005961
0.098704 0.044740 -0.006631 -0.001190
-0.041658 -0.006631 0.546500 0.108788
-0.005961 -0.001190 0.108788 0.046385
33.847896 1.289353 46.335951 2.097218
0.438905 0.099042 -0.023164 -0.002129
0.099042 0.044505 -0.002478 -0.000373
-0.023164 -0.002478 0.500310 0.099964
-0.002129 -0.000373 0.099964 0.044755
34.663987 1.319823 45.816027 1.780945
0.430760 0.096238 0.014523 0.005173
0.096238 0.043672 0.005269 0.001094
0.014523 0.005269 0.407799 0.082534
0.005173 0.001094 0.082534 0.041492
35.350101 1.325638 46.710057 1.781762
0.457198 0.101321 0.009988 0.003396
0.101321 0.044676 0.003332 0.000525
0.009988 0.003332 0.405848 0.084638
0.003396 0.000525 0.084638 0.042338
35.962791 1.315415 48.194747 1.908438
0.488355 0.106978 -0.003824 -0.000148
0.106978 0.045743 -0.000303 -0.000332
-0.003824 -0.000303 0.419205 0.089471
-0.000148 -0.000332 0.089471 0.043579
