1.246065 1.460531 5.828965 1.439589
4.906064 1.962468 9.568742 3.827580
1.962468 80.789071 3.827580 1.531065
9.568742 3.827580 38.637567 15.455362
3.827580 1.531065 15.455362 86.186345
3.206220 3.939317 4.934581 -0.186750
4.063700 5.036651 7.418505 5.071613
5.036651 17.143858 6.791800 12.561644
7.418505 6.791800 23.259351 17.217351
5.071613 12.561644 17.217351 52.217246
5.974169 4.789761 5.475124 0.181527
3.460484 3.530817 4.148939 2.833999
3.530817 6.911872 0.566722 3.934830
4.148939 0.566722 37.955196 32.531564
2.833999 3.934830 32.531564 44.731431
6.070849 2.923485 4.400163 -0.658324
1.455965 1.412438 -5.230719 -3.467682
1.412438 2.611838 -6.070050 -1.973014
-5.230719 -6.070050 44.621700 29.765538
-3.467682 -1.973014 29.765538 27.684437
6.939719 2.423062 3.800125 -1.143493
1.534826 1.239177 -1.992542 -0.376973
1.239177 1.510044 -0.903099 0.955762
-1.992542 -0.903099 36.338679 20.949871
-0.376973 0.955762 20.949871 16.160713
7.666263 2.070861 1.131349 -2.364862
1.770961 1.158471 0.691094 1.052540
1.158471 0.998308 0.927952 1.279934
0.691094 0.927952 26.247329 13.116882
1.052540 1.279934 13.116882 8.765537
9.112525 2.295611 1.007494 -1.819881
1.769368 0.919820 0.855776 0.836672
0.919820 0.610203 0.525558 0.651109
0.855776 0.525558 6.621256 2.936442
0.836672 0.651109 2.936442 2.594304
8.459356 1.573648 3.311585 -0.903559
1.697817 0.741387 1.710177 0.961913
0.741387 0.408567 0.757033 0.528298
1.710177 0.757033 2.521975 1.276800
0.961913 0.528298 1.276800 1.424182
9.992095 1.850627 3.573261 -0.586251
1.504537 0.560500 1.598569 0.725388
0.560500 0.269601 0.609855 0.341587
1.598569 0.609855 2.951836 1.441520
0.725388 0.341587 1.441520 1.178876
11.591279 2.070136 3.929596 -0.349696
1.313100 0.428908 1.459926 0.557797
0.428908 0.187217 0.489305 0.230996
1.459926 0.489305 3.681695 1.645747
0.557797 0.230996 1.645747 1.035031
12.342029 1.986597 3.291552 -0.516193
1.188072 0.347874 1.394242 0.463725
0.347874 0.140752 0.415417 0.169641
1.394242 0.415417 4.851588 1.922368
0.463725 0.169641 1.922368 0.959858
13.409129 2.006361 2.601158 -0.681036
1.115863 0.297862 1.333551 0.389986
0.297862 0.113283 0.355395 0.127322
1.333551 0.355395 6.238285 2.167184
0.389986 0.127322 2.167184 0.892275
13.493710 1.779892 1.096660 -0.988009
1.030264 0.253884 1.383777 0.369069
0.253884 0.093106 0.332525 0.106745
1.383777 0.332525 7.624639 2.320421
0.369069 0.106745 2.320421 0.809840
14.367867 1.776442 0.507826 -1.013523
0.932182 0.215241 1.175468 0.278932
0.215241 0.078201 0.255738 0.075009
1.175468 0.255738 7.463566 2.011418
0.278932 0.075009 2.011418 0.623667
15.105579 1.747273 -1.290719 -1.327040
0.877447 0.192521 0.978839 0.208254
0.192521 0.069463 0.193575 0.052795
0.978839 0.193575 7.271827 1.759829
0.208254 0.052795 1.759829 0.493248
14.782142 1.495895 -3.290174 -1.590424
0.884802 0.185972 0.944004 0.184989
0.185972 0.065503 0.179997 0.045108
0.944004 0.179997 5.725777 1.249895
0.184989 0.045108 1.249895 0.330647
14.735355 1.343229 -6.635839 -2.093406
0.876142 0.178114 0.724393 0.127917
0.178114 0.062178 0.128559 0.030948
0.724393 0.128559 4.579398 0.919257
0.127917 0.030948 0.919257 0.235861
15.132808 1.283996 -6.873713 -1.934891
0.832876 0.164892 0.454509 0.070794
0.164892 0.058375 0.077176 0.019109
0.454509 0.077176 2.725721 0.508657
0.070794 0.019109 0.508657 0.141705
16.371481 1.402883 -8.233351 -2.014784
0.787762 0.152874 0.240179 0.031046
0.152874 0.055346 0.034796 0.010413
0.240179 0.034796 2.264136 0.404090
0.031046 0.010413 0.404090 0.115648
16.893243 1.371610 -9.908075 -2.128030
0.799554 0.152475 0.178153 0.021242
0.152475 0.054795 0.025001 0.008169
0.178153 0.025001 1.920786 0.330011
0.021242 0.008169 0.330011 0.097803
17.089399 1.276728 -10.311436 -2.012664
0.799773 0.149928 0.169490 0.021164
0.149928 0.053934 0.025827 0.007907
0.169490 0.025827 1.506292 0.251317
0.021164 0.007907 0.251317 0.081211
17.658333 1.264486 -11.496712 -2.041793
0.808035 0.149518 0.126376 0.014914
0.149518 0.053661 0.018642 0.006275
0.126376 0.018642 1.336568 0.220495
0.014914 0.006275 0.220495 0.074246
18.524617 1.309212 -13.125772 -2.143416
0.827853 0.151514 0.071036 0.006765
0.151514 0.053917 0.009288 0.004372
0.071036 0.009288 1.239341 0.203819
0.006765 0.004372 0.203819 0.070242
18.837211 1.245319 -13.260807 -1.987759
0.822190 0.148753 0.073569 0.008597
0.148753 0.053309 0.011155 0.004452
0.073569 0.011155 1.041343 0.171112
0.008597 0.004452 0.171112 0.063872
19.155248 1.190559 -14.206122 -1.978667
0.839790 0.150666 0.070095 0.008894
0.150666 0.053646 0.011175 0.004170
0.070095 0.011175 0.962252 0.159964
0.008894 0.004170 0.159964 0.061497
20.414621 1.308367 -14.774818 -1.909435
0.837248 0.149061 0.019358 0.000994
0.149061 0.053373 0.002519 0.002437
0.019358 0.002519 0.884471 0.149314
0.000994 0.002437 0.149314 0.059322
21.438608 1.373857 -16.111721 -1.975670
0.870105 0.153998 -0.005246 -0.002224
0.153998 0.054303 -0.001017 0.001655
-0.005246 -0.001017 0.863077 0.148313
-0.002224 0.001655 0.148313 0.058845
22.240764 1.394233 -16.958656 -1.951132
0.891226 0.156589 -0.010269 -0.002024
0.156589 0.054767 -0.001055 0.001511
-0.010269 -0.001055 0.814953 0.142098
-0.002024 0.001511 0.142098 0.057414
23.140240 1.429628 -17.879608 -1.941319
0.917970 0.160104 -0.015689 -0.002124
0.160104 0.055383 -0.001378 0.001302
-0.015689 -0.001378 0.779045 0.137920
-0.002124 0.001302 0.137920 0.056370
23.561041 1.378618 -18.898315 -1.950384
0.948997 0.164282 0.003211 0.001969
0.164282 0.056104 0.002364 0.001821
0.003211 0.002364 0.753437 0.135393
0.001969 0.001821 0.135393 0.055631
24.264068 1.380474 -20.071644 -1.986439
0.989428 0.169853 0.008722 0.003183
0.169853 0.057031 0.003350 0.001797
0.008722 0.003350 0.736157 0.134056
0.003183 0.001797 0.134056 0.055096
25.230953 1.426543 -21.464696 -2.059634
1.041323 0.177057 0.007270 0.002927
0.177057 0.058192 0.002988 0.001530
0.007270 0.002988 0.726130 0.133705
0.002927 0.001530 0.133705 0.054727
26.046239 1.444175 -22.281952 -2.020015
1.075414 0.180857 0.014583 0.004209
0.180857 0.058729 0.004012 0.001541
0.014583 0.004012 0.692560 0.128640
0.004209 0.001541 0.128640 0.053473
26.460477 1.392245 -23.672272 -2.091684
1.126440 0.187411 0.040651 0.008866
0.187411 0.059734 0.008089 0.002135
0.040651 0.008089 0.688830 0.129238
0.008866 0.002135 0.129238 0.053341
27.598359 1.465371 -24.284664 -2.009618
1.161893 0.191013 0.036612 0.007399
0.191013 0.060209 0.006796 0.001677
0.036612 0.006796 0.651656 0.123119
0.007399 0.001677 0.123119 0.051909
28.618495 1.511943 -25.517488 -2.053145
1.218130 0.197957 0.047398 0.008881
0.197957 0.061243 0.008082 0.001766
0.047398 0.008082 0.645735 0.123156
0.008881 0.001766 0.123156 0.051728
28.401617 1.355778 -26.505125 -2.044945
1.249828 0.200612 0.095842 0.017492
0.200612 0.061552 0.015323 0.003009
0.095842 0.015323 0.639412 0.122796
0.017492 0.003009 0.122796 0.051442
29.564134 1.432864 -27.624924 -2.064713
1.309617 0.207792 0.097358 0.016277
0.207792 0.062611 0.014553 0.002618
0.097358 0.014553 0.629843 0.121629
0.016277 0.002618 0.121629 0.051006
30.230466 1.424208 -28.343893 -2.003618
1.350476 0.211625 0.115751 0.018572
0.211625 0.063102 0.016610 0.002847
0.115751 0.016610 0.613030 0.118888
0.018572 0.002847 0.118888 0.050267
31.467179 1.503493 -28.773864 -1.893765
1.391600 0.215512 0.118601 0.017709
0.215512 0.063621 0.016214 0.002605
0.118601 0.016214 0.589390 0.114894
0.017709 0.002605 0.114894 0.049330
31.906320 1.452179 -29.018094 -1.753619
1.411423 0.215987 0.144367 0.021647
0.215987 0.063610 0.019447 0.003144
0.144367 0.019447 0.573626 0.112476
0.021647 0.003144 0.112476 0.048727
32.536717 1.437336 -29.847176 -1.743551
1.456347 0.220517 0.169340 0.025057
0.220517 0.064263 0.022281 0.003565
0.169340 0.022281 0.580586 0.114557
0.025057 0.003565 0.114557 0.049032
33.316715 1.449588 -31.130072 -1.826285
1.521263 0.227933 0.196577 0.028592
0.227933 0.065340 0.025252 0.003986
0.196577 0.025252 0.600325 0.118786
0.028592 0.003986 0.118786 0.049708
34.008843 1.444132 -31.976060 -1.812557
1.571328 0.232796 0.222861 0.031846
0.232796 0.065992 0.028093 0.004393
0.222861 0.028093 0.604878 0.119431
0.031846 0.004393 0.119431 0.049595
34.712640 1.444227 -33.165065 -1.869089
1.634099 0.239374 0.253646 0.035719
0.239374 0.066886 0.031404 0.004873
0.253646 0.031404 0.620259 0.122043
0.035719 0.004873 0.122043 0.049879
33.677701 1.182189 -33.713392 -1.773536
1.643425 0.237585 0.308598 0.044758
0.237585 0.066485 0.038246 0.006134
0.308598 0.038246 0.626147 0.122183
0.044758 0.006134 0.122183 0.049594
34.596481 1.229008 -34.527662 -1.762918
1.704204 0.244297 0.315280 0.042852
0.244297 0.067482 0.037795 0.005760
0.315280 0.037795 0.624824 0.121366
0.042852 0.005760 0.121366 0.049274
35.438697 1.258615 -35.178236 -1.719680
1.758630 0.249748 0.326867 0.042404
0.249748 0.068242 0.038292 0.005670
0.326867 0.038292 0.621959 0.120229
0.042404 0.005670 0.120229 0.048908
35.544658 1.190840 -36.509411 -1.806670
1.822757 0.256041 0.363251 0.047025
0.256041 0.069052 0.042066 0.006268
0.363251 0.042066 0.645352 0.124089
0.047025 0.006268 0.124089 0.049509
36.598048 1.251599 -37.145190 -1.760127
1.882975 0.262035 0.371504 0.045816
0.262035 0.069859 0.042213 0.006120
0.371504 0.042213 0.638718 0.121994
0.045816 0.006120 0.121994 0.048961
