1.116642 1.408761 2.238365 0.003318
1.068045 0.427227 0.750552 0.300227
0.427227 80.174961 0.300227 0.120093
0.750552 0.300227 2.874524 1.149834
0.300227 0.120093 1.149834 80.464010
5.931292 9.119690 2.742062 0.580048
1.996228 3.857244 -1.373070 -2.496673
3.857244 11.313420 -2.760673 -2.693839
-1.373070 -2.760673 2.492917 4.376565
-2.496673 -2.693839 4.376565 17.114285
7.823840 5.974276 2.580853 -0.615286
0.945294 1.121806 0.219942 0.499191
1.121806 2.129933 0.498367 1.130515
0.219942 0.498367 2.067242 2.654112
0.499191 1.130515 2.654112 5.198376
7.687519 3.434246 3.327881 0.046668
0.531073 0.462774 0.608844 0.564978
0.462774 0.689589 0.565845 0.567469
0.608844 0.565845 1.598487 1.421791
0.564978 0.567469 1.421791 1.869518
9.467851 3.433922 4.829489 1.076136
0.591652 0.418920 0.388843 0.235661
0.418920 0.429575 0.241035 0.165909
0.388843 0.241035 1.348293 0.918717
0.235661 0.165909 0.918717 0.906034
10.212991 2.889711 4.502868 0.639109
0.626466 0.361054 0.172069 0.064136
0.361054 0.281603 0.064781 0.033983
0.172069 0.064781 1.341447 0.748395
0.064136 0.033983 0.748395 0.571767
9.049727 1.635645 5.111338 0.856228
0.310799 0.148223 0.042008 0.009835
0.148223 0.117896 -0.000055 0.006935
0.042008 -0.000055 1.265527 0.589872
0.009835 0.006935 0.589872 0.370823
9.345520 1.401270 6.815882 1.371821
0.383391 0.163897 -0.013422 -0.010132
0.163897 0.104046 -0.015651 -0.000113
-0.013422 -0.015651 1.112974 0.444061
-0.010132 -0.000113 0.444061 0.243513
9.855762 1.331589 6.837152 1.139265
0.440380 0.166937 -0.087467 -0.031382
0.166937 0.090114 -0.036799 -0.007419
-0.087467 -0.036799 1.044311 0.366047
-0.031382 -0.007419 0.366047 0.178116
10.610303 1.362462 8.361266 1.439560
0.499887 0.169122 -0.110231 -0.031711
0.169122 0.080182 -0.036488 -0.006413
-0.110231 -0.036488 0.948790 0.297349
-0.031711 -0.006413 0.297349 0.133196
10.731333 1.190656 8.992962 1.408728
0.522203 0.159258 -0.148026 -0.037188
0.159258 0.069501 -0.041966 -0.007576
-0.148026 -0.041966 0.860006 0.244897
-0.037188 -0.007576 0.244897 0.103709
11.434314 1.220205 9.590933 1.381904
0.551789 0.154009 -0.160334 -0.035204
0.154009 0.062949 -0.039594 -0.006492
-0.160334 -0.039594 0.824276 0.216839
-0.035204 -0.006492 0.216839 0.087224
12.333004 1.298201 10.589694 1.463029
0.561696 0.145341 -0.148455 -0.028259
0.145341 0.057237 -0.032078 -0.004454
-0.148455 -0.032078 0.771435 0.189801
-0.028259 -0.004454 0.189801 0.074478
12.618703 1.211002 11.513774 1.502458
0.572472 0.138855 -0.153908 -0.026858
0.138855 0.053360 -0.030499 -0.004156
-0.153908 -0.030499 0.726635 0.168880
-0.026858 -0.004156 0.168880 0.065522
13.092982 1.181095 12.323054 1.513300
0.564319 0.129615 -0.160033 -0.026387
0.129615 0.049737 -0.029698 -0.004149
-0.160033 -0.029698 0.678009 0.150376
-0.026387 -0.004149 0.150376 0.058704
13.159020 1.062489 12.976860 1.481249
0.534745 0.117667 -0.155785 -0.024311
0.117667 0.046279 -0.027251 -0.003854
-0.155785 -0.027251 0.608459 0.130199
-0.024311 -0.003854 0.130199 0.052677
13.998311 1.133665 14.011522 1.550297
0.544641 0.116600 -0.139026 -0.019235
0.116600 0.045841 -0.021788 -0.002764
-0.139026 -0.021788 0.604011 0.126841
-0.019235 -0.002764 0.126841 0.051176
14.661354 1.162420 15.353286 1.671590
0.537476 0.112633 -0.112218 -0.013149
0.112633 0.044971 -0.015474 -0.001692
-0.112218 -0.015474 0.572566 0.118475
-0.013149 -0.001692 0.118475 0.048903
14.884273 1.099648 17.021330 1.838192
0.531492 0.109787 -0.083731 -0.007443
0.109787 0.044515 -0.009757 -0.000825
-0.083731 -0.009757 0.533641 0.109573
-0.007443 -0.000825 0.109573 0.046819
15.539510 1.129477 18.536765 1.963630
0.520642 0.106478 -0.061137 -0.003640
0.106478 0.044049 -0.005693 -0.000362
-0.061137 -0.005693 0.508397 0.104320
-0.003640 -0.000362 0.104320 0.045692
17.006625 1.310108 19.201019 1.911718
0.496924 0.101259 -0.027861 0.001880
0.101259 0.043299 0.000356 0.000490
-0.027861 0.000356 0.497506 0.102672
0.001880 0.000490 0.102672 0.045444
17.673645 1.317491 20.657775 2.015802
0.487108 0.099390 -0.005911 0.004887
0.099390 0.043271 0.003520 0.000785
-0.005911 0.003520 0.479200 0.099358
0.004887 0.000785 0.099358 0.044817
18.265904 1.303824 21.656612 2.013291
0.484780 0.099203 0.003449 0.005256
0.099203 0.043552 0.004097 0.000607
0.003449 0.004097 0.474093 0.098863
0.005256 0.000607 0.098863 0.044782
18.493610 1.215610 22.416603 1.958897
0.478251 0.098221 0.011545 0.005492
0.098221 0.043624 0.004506 0.000475
0.011545 0.004506 0.462354 0.096925
0.005492 0.000475 0.096925 0.044423
18.691274 1.131777 23.731035 2.027963
0.477683 0.098557 0.010912 0.004102
0.098557 0.043933 0.003304 0.000086
0.010912 0.003304 0.460083 0.097026
0.004102 0.000086 0.097026 0.044493
19.190210 1.117931 24.794456 2.038320
0.477874 0.099027 0.010917 0.003162
0.099027 0.044220 0.002518 -0.000130
0.010917 0.002518 0.463489 0.098232
0.003162 -0.000130 0.098232 0.044768
19.559052 1.078122 26.183308 2.116841
0.474694 0.098739 0.012887 0.002884
0.098739 0.044300 0.002353 -0.000158
0.012887 0.002353 0.467870 0.099450
0.002884 -0.000158 0.099450 0.045003
20.281830 1.116274 27.373898 2.144815
0.490218 0.102349 0.021825 0.004237
0.102349 0.045165 0.003747 0.000171
0.021825 0.003747 0.491155 0.104505
0.004237 0.000171 0.104505 0.046023
21.689296 1.292391 28.960380 2.252176
0.475925 0.099428 0.001686 -0.000556
0.099428 0.044588 -0.000941 -0.000789
0.001686 -0.000941 0.500461 0.106102
-0.000556 -0.000789 0.106102 0.046227
22.875431 1.406003 29.887069 2.209099
0.459444 0.096304 -0.015964 -0.004234
0.096304 0.044008 -0.004539 -0.001415
-0.015964 -0.004539 0.495606 0.104567
-0.004234 -0.001415 0.104567 0.045771
23.985623 1.491556 31.171724 2.246544
0.453931 0.095690 -0.018267 -0.004311
0.095690 0.043977 -0.004579 -0.001250
-0.018267 -0.004579 0.504946 0.106185
-0.004311 -0.001250 0.106185 0.046036
24.695721 1.484168 31.958886 2.176181
0.448618 0.095102 -0.024401 -0.005201
0.095102 0.043927 -0.005434 -0.001293
-0.024401 -0.005434 0.504890 0.105713
-0.005201 -0.001293 0.105713 0.045856
25.077138 1.407133 32.751983 2.114341
0.458584 0.097744 -0.017845 -0.003376
0.097744 0.044543 -0.003537 -0.000778
-0.017845 -0.003537 0.513476 0.107150
-0.003376 -0.000778 0.107150 0.046112
25.636123 1.375922 33.493543 2.048561
0.465703 0.099431 -0.032159 -0.006107
0.099431 0.044877 -0.006320 -0.001302
-0.032159 -0.006320 0.521625 0.108382
-0.006107 -0.001302 0.108382 0.046313
26.536545 1.420676 34.206953 1.984682
0.441080 0.094154 -0.029636 -0.005177
0.094154 0.043693 -0.005292 -0.001018
-0.029636 -0.005292 0.514607 0.106442
-0.005177 -0.001018 0.106442 0.045864
27.132155 1.396122 35.227613 1.990201
0.446506 0.095765 -0.035735 -0.006099
0.095765 0.044079 -0.006218 -0.001166
-0.035735 -0.006218 0.528865 0.109128
-0.006099 -0.001166 0.109128 0.046423
27.176157 1.254972 36.124629 1.967661
0.442873 0.095233 -0.031116 -0.004804
0.095233 0.043958 -0.004820 -0.000844
-0.031116 -0.004820 0.535578 0.110084
-0.004804 -0.000844 0.110084 0.046593
27.113795 1.105790 37.033845 1.949636
0.434672 0.093667 -0.038465 -0.006158
0.093667 0.043603 -0.006184 -0.001135
-0.038465 -0.006184 0.544560 0.111432
-0.006158 -0.001135 0.111432 0.046836
28.445385 1.273175 37.712389 1.892711
0.379207 0.081930 -0.050803 -0.008651
0.081930 0.041057 -0.008575 -0.001664
-0.050803 -0.008575 0.545102 0.110977
-0.008651 -0.001664 0.110977 0.046702
29.656001 1.402362 39.117205 1.989241
0.382971 0.084174 -0.049483 -0.007884
0.084174 0.041759 -0.007714 -0.001431
-0.049483 -0.007714 0.564219 0.114491
-0.007884 -0.001431 0.114491 0.047422
30.235848 1.373080 39.768276 1.918946
0.398966 0.088742 -0.045827 -0.006716
0.088742 0.042851 -0.006654 -0.001184
-0.045827 -0.006654 0.556888 0.112393
-0.006716 -0.001184 0.112393 0.046958
31.093955 1.412595 40.887190 1.952263
0.393875 0.087985 -0.039970 -0.005422
0.087985 0.042615 -0.005159 -0.000921
-0.039970 -0.005159 0.564093 0.113535
-0.005422 -0.000921 0.113535 0.047212
31.465336 1.336922 41.809441 1.939213
0.406891 0.091232 -0.039922 -0.005332
0.091232 0.043275 -0.005227 -0.000970
-0.039922 -0.005227 0.561159 0.112555
-0.005332 -0.000970 0.112555 0.047022
32.294150 1.368241 42.061860 1.796361
0.416876 0.093428 -0.032832 -0.003886
0.093428 0.043639 -0.003851 -0.000730
-0.032832 -0.003851 0.537540 0.107635
-0.003886 -0.000730 0.107635 0.046079
32.960828 1.367233 43.431451 1.891058
0.436849 0.097548 -0.033298 -0.004045
0.097548 0.044400 -0.004088 -0.000819
-0.033298 -0.004088 0.547518 0.109906
-0.004045 -0.000819 0.109906 0.046652
33.257424 1.284005 44.848023 1.983626
0.443609 0.098318 -0.031329 -0.003781
0.098318 0.044368 -0.003824 -0.000813
-0.031329 -0.003824 0.545465 0.109563
-0.003781 -0.000813 0.109563 0.046643
34.101286 1.327571 45.668993 1.950295
0.454289 0.100015 -0.014987 -0.000615
0.100015 0.044598 -0.000594 -0.000196
-0.014987 -0.000594 0.508260 0.102259
-0.000615 -0.000196 0.102259 0.045243
35.605994 1.509267 46.180385 1.859895
0.448463 0.098121 0.031860 0.008411
0.098121 0.044081 0.008857 0.001630
0.031860 0.008857 0.432800 0.087915
0.008411 0.001630 0.087915 0.042533
36.299766 1.496137 47.182806 1.874858
0.473264 0.102946 0.018074 0.004376
0.102946 0.045058 0.004551 0.000543
0.018074 0.004551 0.424531 0.088143
0.004376 0.000543 0.088143 0.042900
36.638750 1.407983 47.883006 1.824761
0.495079 0.106721 -0.004172 -0.001010
0.106721 0.045746 -0.000951 -0.000674
-0.004172 -0.000951 0.415054 0.087834
-0.001010 -0.000674 0.087834 0.043032
