2.279224 1.873804 2.746305 0.206499
2.502605 1.001064 -1.211299 -0.484530
1.001064 80.404501 -0.484530 -0.193816
-1.211299 -0.484530 3.572870 1.429179
-0.484530 -0.193816 1.429179 80.575751
4.492303 4.103451 2.775459 0.208726
2.828872 4.814101 -1.467310 -2.165771
4.814101 16.454440 -2.289252 -6.621934
-1.467310 -2.289252 2.871264 4.638608
-2.165771 -6.621934 4.638608 18.655659
5.442631 2.881345 3.373000 0.712315
1.380523 1.552656 -0.012732 0.082130
1.552656 3.726829 0.025858 -0.801478
-0.012732 0.025858 1.167802 1.375054
0.082130 -0.801478 1.375054 4.214635
6.360984 2.448762 3.303033 0.322689
1.271795 1.131878 -0.167041 -0.215692
1.131878 1.708698 -0.241443 -0.575046
-0.167041 -0.241443 1.444207 1.403110
-0.215692 -0.575046 1.403110 2.204199
6.465031 1.638671 4.196166 0.900920
0.798970 0.550697 0.070531 0.020898
0.550697 0.693689 -0.004754 -0.136474
0.070531 -0.004754 1.176232 0.857543
0.020898 -0.136474 0.857543 0.983113
7.714349 1.852223 5.580349 1.434007
0.692414 0.413382 -0.092127 -0.088159
0.413382 0.413127 -0.105661 -0.132364
-0.092127 -0.105661 1.175528 0.701794
-0.088159 -0.132364 0.701794 0.605358
8.997976 2.068387 5.111355 0.837661
0.739016 0.383924 -0.286002 -0.168177
0.383924 0.297813 -0.181578 -0.128292
-0.286002 -0.181578 1.246623 0.623477
-0.168177 -0.128292 0.623477 0.422975
9.640868 1.882120 6.497960 1.250467
0.728897 0.324862 -0.290437 -0.137391
0.324862 0.209299 -0.144045 -0.081208
-0.290437 -0.144045 1.114424 0.471821
-0.137391 -0.081208 0.471821 0.273700
10.235842 1.745012 7.657307 1.449664
0.754127 0.293806 -0.344756 -0.134852
0.293806 0.161048 -0.139650 -0.063151
-0.344756 -0.139650 1.039486 0.383788
-0.134852 -0.063151 0.383788 0.195586
10.890843 1.670004 8.561826 1.509127
0.710559 0.245125 -0.381997 -0.127278
0.245125 0.121032 -0.131454 -0.049702
-0.381997 -0.131454 0.987420 0.323923
-0.127278 -0.049702 0.323923 0.148534
10.977999 1.439111 10.000825 1.709971
0.597674 0.185791 -0.344115 -0.100136
0.185791 0.088284 -0.103060 -0.034317
-0.344115 -0.103060 0.826503 0.244659
-0.100136 -0.034317 0.244659 0.107669
12.244720 1.594526 10.419183 1.594784
0.589863 0.169491 -0.308082 -0.079077
0.169491 0.075639 -0.081205 -0.024163
-0.308082 -0.081205 0.771833 0.210728
-0.079077 -0.024163 0.210728 0.088395
12.882702 1.565557 12.192941 1.846987
0.590270 0.158361 -0.281607 -0.064601
0.158361 0.067210 -0.066794 -0.018006
-0.281607 -0.066794 0.707242 0.180200
-0.064601 -0.018006 0.180200 0.073982
13.259852 1.460109 13.123954 1.841642
0.563995 0.142495 -0.247303 -0.051285
0.142495 0.059400 -0.053290 -0.013328
-0.247303 -0.053290 0.636626 0.153430
-0.051285 -0.013328 0.153430 0.063261
14.636397 1.613711 13.680541 1.767578
0.520380 0.125368 -0.201730 -0.037803
0.125368 0.052859 -0.039091 -0.009304
-0.201730 -0.039091 0.581134 0.134613
-0.037803 -0.009304 0.134613 0.056330
15.362535 1.602267 14.966631 1.859040
0.513419 0.119135 -0.190543 -0.033456
0.119135 0.049920 -0.034751 -0.007926
-0.190543 -0.034751 0.554338 0.124381
-0.033456 -0.007926 0.124381 0.052338
14.989187 1.339656 16.401205 1.948104
0.486405 0.109590 -0.167809 -0.027525
0.109590 0.046811 -0.029039 -0.006505
-0.167809 -0.029039 0.494042 0.108210
-0.027525 -0.006505 0.108210 0.047685
15.317619 1.247448 16.670099 1.782523
0.476182 0.105072 -0.157197 -0.024633
0.105072 0.045305 -0.025965 -0.005736
-0.157197 -0.025965 0.474513 0.102819
-0.024633 -0.005736 0.102819 0.045992
15.988167 1.263570 17.829725 1.843359
0.448361 0.097775 -0.126762 -0.018052
0.097775 0.043518 -0.019233 -0.004307
-0.126762 -0.019233 0.436527 0.094348
-0.018052 -0.004307 0.094348 0.043919
16.159648 1.172856 19.311470 1.957882
0.445687 0.096700 -0.110820 -0.014752
0.096700 0.043281 -0.015947 -0.003632
-0.110820 -0.015947 0.421582 0.091462
-0.014752 -0.003632 0.091462 0.043226
16.519560 1.117299 20.003802 1.889074
0.444258 0.095776 -0.111679 -0.015462
0.095776 0.043053 -0.016560 -0.003871
-0.111679 -0.016560 0.412197 0.089636
-0.015462 -0.003871 0.089636 0.042738
17.107911 1.116659 20.571487 1.805256
0.434369 0.093613 -0.091368 -0.011465
0.093613 0.042695 -0.012361 -0.003013
-0.091368 -0.012361 0.405017 0.088849
-0.011465 -0.003013 0.088849 0.042617
17.795746 1.140030 21.191597 1.744297
0.428777 0.092514 -0.078171 -0.009289
0.092514 0.042574 -0.010010 -0.002604
-0.078171 -0.010010 0.402613 0.088924
-0.009289 -0.002604 0.088924 0.042638
18.238957 1.113145 22.117260 1.754116
0.429599 0.092757 -0.076883 -0.009781
0.092757 0.042712 -0.010346 -0.002777
-0.076883 -0.010346 0.404553 0.089641
-0.009781 -0.002777 0.089641 0.042738
19.012392 1.162005 23.092112 1.779588
0.413892 0.089653 -0.058101 -0.006440
0.089653 0.042161 -0.006927 -0.002107
-0.058101 -0.006927 0.392960 0.087464
-0.006440 -0.002107 0.087464 0.042236
20.052326 1.264651 24.137366 1.821071
0.421395 0.091584 -0.063883 -0.008479
0.091584 0.042677 -0.008792 -0.002576
-0.063883 -0.008792 0.404255 0.090212
-0.008479 -0.002576 0.090212 0.042800
20.624748 1.254764 25.323700 1.882382
0.425754 0.092682 -0.065595 -0.009321
0.092682 0.042966 -0.009518 -0.002725
-0.065595 -0.009518 0.412675 0.092047
-0.009321 -0.002725 0.092047 0.043121
21.705569 1.352797 26.129394 1.857375
0.420268 0.091608 -0.058429 -0.008110
0.091608 0.042769 -0.008271 -0.002422
-0.058429 -0.008271 0.409711 0.091232
-0.008110 -0.002422 0.091232 0.042851
22.834688 1.455422 27.360972 1.930146
0.412130 0.089866 -0.068481 -0.010817
0.089866 0.042398 -0.010792 -0.002983
-0.068481 -0.010792 0.411973 0.091483
-0.010817 -0.002983 0.091483 0.042814
23.022259 1.339549 28.638630 1.994136
0.392403 0.086024 -0.050305 -0.006976
0.086024 0.041656 -0.006859 -0.002056
-0.050305 -0.006859 0.406058 0.090209
-0.006976 -0.002056 0.090209 0.042523
23.488133 1.298210 30.041459 2.082716
0.381599 0.084210 -0.055818 -0.008651
0.084210 0.041345 -0.008403 -0.002410
-0.055818 -0.008403 0.410481 0.091114
-0.008651 -0.002410 0.091114 0.042691
24.540584 1.385787 30.794331 2.022294
0.370574 0.082424 -0.061331 -0.010079
0.082424 0.041031 -0.009853 -0.002695
-0.061331 -0.009853 0.403303 0.089350
-0.010079 -0.002695 0.089350 0.042256
25.004887 1.332023 31.603392 1.974885
0.380482 0.085410 -0.067571 -0.011277
0.085410 0.041783 -0.011119 -0.002865
-0.067571 -0.011119 0.413083 0.091555
-0.011277 -0.002865 0.091555 0.042754
25.444716 1.281209 32.648264 1.985313
0.378766 0.085418 -0.065788 -0.010686
0.085418 0.041772 -0.010496 -0.002639
-0.065788 -0.010496 0.416799 0.092260
-0.010686 -0.002639 0.092260 0.042886
25.708532 1.200292 34.098262 2.083030
0.386337 0.087414 -0.067688 -0.010885
0.087414 0.042189 -0.010656 -0.002599
-0.067688 -0.010656 0.432310 0.095492
-0.010885 -0.002599 0.095492 0.043566
26.777487 1.314053 35.734904 2.219993
0.354302 0.079941 -0.083139 -0.014513
0.079941 0.040360 -0.013936 -0.003366
-0.083139 -0.013936 0.445473 0.097743
-0.014513 -0.003366 0.097743 0.043938
27.839232 1.407391 36.841457 2.224181
0.358565 0.081676 -0.083179 -0.013939
0.081676 0.040843 -0.013466 -0.003133
-0.083179 -0.013466 0.451094 0.098343
-0.013939 -0.003133 0.098343 0.043984
28.664947 1.433379 37.781753 2.188141
0.349095 0.079942 -0.081306 -0.013251
0.079942 0.040440 -0.012756 -0.002940
-0.081306 -0.012756 0.449179 0.097336
-0.013251 -0.002940 0.097336 0.043701
29.158448 1.368704 38.004338 1.994904
0.359314 0.082802 -0.084344 -0.013485
0.082802 0.041100 -0.013416 -0.003018
-0.084344 -0.013416 0.439811 0.094823
-0.013485 -0.003018 0.094823 0.043128
30.409304 1.501378 38.999391 2.002514
0.337624 0.077812 -0.085633 -0.013831
0.077812 0.039848 -0.013338 -0.003056
-0.085633 -0.013338 0.449602 0.096833
-0.013831 -0.003056 0.096833 0.043608
31.359394 1.550604 40.137106 2.035211
0.338165 0.078486 -0.087328 -0.013922
0.078486 0.040030 -0.013414 -0.003048
-0.087328 -0.013414 0.459802 0.098759
-0.013922 -0.003048 0.098759 0.044031
31.927224 1.499598 41.046671 2.008566
0.365132 0.085180 -0.093380 -0.014590
0.085180 0.041574 -0.014694 -0.003221
-0.093380 -0.014694 0.462111 0.098762
-0.014590 -0.003221 0.098762 0.044000
32.793908 1.513956 41.244753 1.836106
0.309767 0.072240 -0.060041 -0.008058
0.072240 0.038459 -0.006976 -0.001760
-0.060041 -0.006976 0.438405 0.093838
-0.008058 -0.001760 0.093838 0.043037
32.780213 1.320510 41.574158 1.697349
0.328794 0.077524 -0.072400 -0.010823
0.077524 0.039783 -0.010568 -0.002571
-0.072400 -0.010568 0.436186 0.093334
-0.010823 -0.002571 0.093334 0.042973
33.395113 1.312695 42.624031 1.740335
0.354933 0.083945 -0.077893 -0.011738
0.083945 0.041250 -0.011949 -0.002806
-0.077893 -0.011949 0.442301 0.094814
-0.011738 -0.002806 0.094814 0.043367
33.785643 1.248583 43.444182 1.725637
0.374225 0.087971 -0.082391 -0.012483
0.087971 0.042000 -0.013064 -0.003001
-0.082391 -0.013064 0.439479 0.094223
-0.012483 -0.003001 0.094223 0.043269
34.215406 1.202177 44.273066 1.715431
0.392640 0.091410 -0.083918 -0.012544
0.091410 0.042579 -0.013364 -0.003013
-0.083918 -0.013364 0.434784 0.093328
-0.012544 -0.003013 0.093328 0.043119
34.474321 1.128258 45.528930 1.797226
0.405410 0.093203 -0.086881 -0.013018
0.093203 0.042758 -0.013923 -0.003110
-0.086881 -0.013923 0.432782 0.093073
-0.013018 -0.003110 0.093073 0.043106
35.516851 1.232251 46.007295 1.712448
0.400384 0.091344 -0.054758 -0.006054
0.091344 0.042245 -0.007062 -0.001632
-0.054758 -0.007062 0.381682 0.082606
-0.006054 -0.001632 0.082606 0.040961
36.281593 1.263292 46.647311 1.666581
0.411699 0.093184 -0.046443 -0.004717
0.093184 0.042592 -0.005967 -0.001487
-0.046443 -0.005967 0.354385 0.077847
-0.004717 -0.001487 0.077847 0.040124
