2.317936 1.889289 4.863054 1.053217
2.932111 1.172870 0.574054 0.229626
1.172870 80.473225 0.229626 0.091853
0.574054 0.229626 5.154559 2.061868
0.229626 0.091853 2.061868 80.828832
4.302513 3.749795 3.432897 -2.023280
3.625358 6.204570 -0.044215 -0.219082
6.204570 20.265729 -0.273030 0.703384
-0.044215 -0.273030 4.753340 7.370308
-0.219082 0.703384 7.370308 26.432307
3.227982 0.504437 1.485658 -3.102815
4.128611 4.533830 0.481889 0.601285
4.533830 7.327512 0.560792 1.028571
0.481889 0.560792 2.955983 3.257468
0.601285 1.028571 3.257468 7.396657
4.312555 1.167266 2.304854 -1.058393
3.135820 2.443940 -0.663439 -0.579832
2.443940 2.831811 -0.511529 -0.327879
-0.663439 -0.511529 1.137479 0.983391
-0.579832 -0.327879 0.983391 2.249027
6.281729 2.092412 3.024821 0.018386
2.500365 1.548936 -0.232168 -0.068258
1.548936 1.421471 -0.110136 0.018896
-0.232168 -0.110136 0.716143 0.568232
-0.068258 0.018896 0.568232 1.039777
6.783340 1.871610 4.518443 1.056120
1.244868 0.655980 0.330173 0.282588
0.655980 0.610567 0.207580 0.177860
0.330173 0.207580 0.914576 0.664591
0.282588 0.177860 0.664591 0.754855
7.002987 1.538173 5.394317 1.258637
0.762760 0.357243 0.176734 0.106518
0.357243 0.331820 0.087273 0.052707
0.176734 0.087273 1.208692 0.712318
0.106518 0.052707 0.712318 0.564121
7.605017 1.462694 6.454397 1.467671
0.955240 0.416588 0.172142 0.078633
0.416588 0.289954 0.067147 0.030756
0.172142 0.067147 1.422655 0.686895
0.078633 0.030756 0.686895 0.420138
8.492719 1.538134 5.235070 0.673368
0.652308 0.256504 -0.211567 -0.089840
0.256504 0.176509 -0.091296 -0.038017
-0.211567 -0.091296 1.172986 0.477728
-0.089840 -0.038017 0.477728 0.255438
9.376969 1.582354 6.925310 1.152766
0.727088 0.264050 -0.144086 -0.049880
0.264050 0.151821 -0.050364 -0.016923
-0.144086 -0.050364 1.158439 0.409914
-0.049880 -0.016923 0.409914 0.190860
10.196624 1.594484 8.107933 1.343151
0.669712 0.221925 -0.137757 -0.040673
0.221925 0.117263 -0.041016 -0.011790
-0.137757 -0.041016 1.081481 0.338909
-0.040673 -0.011790 0.338909 0.143297
11.103810 1.627429 8.645461 1.305748
0.759034 0.232492 -0.093958 -0.022607
0.232492 0.107272 -0.021961 -0.004981
-0.093958 -0.021961 1.135897 0.321384
-0.022607 -0.004981 0.321384 0.122801
11.725639 1.571885 9.080134 1.248367
0.715661 0.201769 -0.101098 -0.022428
0.201769 0.088077 -0.022348 -0.004880
-0.101098 -0.022348 1.058855 0.273114
-0.022428 -0.004880 0.273114 0.099150
12.467986 1.562603 10.075453 1.336902
0.732496 0.192771 -0.059689 -0.010412
0.192771 0.078854 -0.009696 -0.001557
-0.059689 -0.009696 1.013260 0.242028
-0.010412 -0.001557 0.242028 0.084635
12.622447 1.418536 12.782315 1.790374
0.785626 0.194369 0.011178 0.006255
0.194369 0.074286 0.007592 0.002302
0.011178 0.007592 0.897116 0.200946
0.006255 0.002302 0.200946 0.070763
13.640555 1.489529 13.437862 1.740441
0.788718 0.183849 0.034686 0.010091
0.183849 0.067904 0.011538 0.002729
0.034686 0.011538 0.878655 0.187091
0.010091 0.002729 0.187091 0.065029
14.547990 1.526533 14.721948 1.825184
0.748893 0.165771 0.059759 0.013728
0.165771 0.061127 0.015185 0.003085
0.059759 0.015185 0.792755 0.161806
0.013728 0.003085 0.161806 0.057990
15.095580 1.481979 17.117474 2.118802
0.761585 0.161782 0.110395 0.022208
0.161782 0.058531 0.024041 0.004517
0.110395 0.024041 0.724025 0.143452
0.022208 0.004517 0.143452 0.053368
15.050191 1.320250 18.455466 2.174537
0.760025 0.155749 0.104128 0.018856
0.155749 0.056043 0.020358 0.003429
0.104128 0.020358 0.668327 0.129975
0.018856 0.003429 0.129975 0.050313
15.969747 1.373188 19.185498 2.104489
0.740318 0.147208 0.112026 0.018859
0.147208 0.053511 0.020149 0.003200
0.112026 0.020149 0.640553 0.123418
0.018859 0.003200 0.123418 0.048946
17.556342 1.548004 20.396897 2.130133
0.729518 0.141566 0.154697 0.025744
0.141566 0.051918 0.026846 0.004373
0.154697 0.026846 0.637317 0.122129
0.025744 0.004373 0.122129 0.048703
18.532934 1.583012 21.972924 2.227232
0.740329 0.141025 0.183648 0.029417
0.141025 0.051568 0.030353 0.004856
0.183648 0.030353 0.640867 0.122364
0.029417 0.004856 0.122364 0.048788
19.062326 1.534089 22.993573 2.212078
0.717411 0.134650 0.182998 0.027628
0.134650 0.050254 0.028399 0.004372
0.182998 0.028399 0.616660 0.117506
0.027628 0.004372 0.117506 0.047923
19.621366 1.497559 23.877628 2.171576
0.703712 0.130949 0.176205 0.024967
0.130949 0.049624 0.025632 0.003808
0.176205 0.025632 0.602717 0.115152
0.024967 0.003808 0.115152 0.047614
19.629192 1.368614 24.216912 2.036334
0.671655 0.124679 0.143833 0.018035
0.124679 0.048648 0.018813 0.002586
0.143833 0.018813 0.570037 0.109673
0.018035 0.002586 0.109673 0.046756
20.517675 1.404106 25.434104 2.072460
0.686399 0.127206 0.157108 0.020136
0.127206 0.049288 0.020633 0.003058
0.157108 0.020633 0.586575 0.113568
0.020136 0.003058 0.113568 0.047640
21.570348 1.470175 26.477224 2.067989
0.705931 0.130740 0.155431 0.019134
0.130740 0.050109 0.019612 0.002924
0.155431 0.019612 0.603352 0.117330
0.019134 0.002924 0.117330 0.048447
22.280764 1.469440 27.271658 2.020781
0.690334 0.127374 0.156619 0.019516
0.127374 0.049546 0.019729 0.003156
0.156619 0.019729 0.597499 0.116144
0.019516 0.003156 0.116144 0.048165
23.251416 1.511915 28.398980 2.040035
0.679861 0.125068 0.175347 0.023323
0.125068 0.049186 0.023014 0.003978
0.175347 0.023014 0.603783 0.117165
0.023323 0.003978 0.117165 0.048290
23.097763 1.352738 28.692562 1.911397
0.644799 0.119441 0.132346 0.014984
0.119441 0.048417 0.015017 0.002544
0.132346 0.015017 0.577381 0.112662
0.014984 0.002544 0.112662 0.047517
23.697910 1.338753 29.619797 1.907019
0.645948 0.120489 0.123555 0.013617
0.120489 0.048830 0.013649 0.002435
0.123555 0.013649 0.583497 0.114365
0.013617 0.002435 0.114365 0.047910
24.587516 1.378115 30.734260 1.935571
0.659698 0.123795 0.114575 0.012140
0.123795 0.049613 0.012263 0.002279
0.114575 0.012263 0.596677 0.117271
0.012140 0.002279 0.117271 0.048501
25.665193 1.447600 32.007969 1.990608
0.674417 0.126937 0.106272 0.010932
0.126937 0.050281 0.011115 0.002171
0.106272 0.011115 0.610905 0.120069
0.010932 0.002171 0.120069 0.049015
25.893335 1.347458 33.427578 2.081659
0.633343 0.119078 0.103998 0.011796
0.119078 0.048776 0.011305 0.002471
0.103998 0.011305 0.617203 0.120945
0.011796 0.002471 0.120945 0.049084
25.895106 1.220037 34.390548 2.074986
0.610554 0.115730 0.074444 0.006793
0.115730 0.048316 0.006394 0.001632
0.074444 0.006394 0.608761 0.119227
0.006793 0.001632 0.119227 0.048733
26.251299 1.171966 35.363179 2.065112
0.597962 0.114283 0.061793 0.005347
0.114283 0.048176 0.005024 0.001508
0.061793 0.005024 0.601059 0.117604
0.005347 0.001508 0.117604 0.048397
27.363585 1.270854 36.697297 2.119201
0.610096 0.117494 0.061409 0.006061
0.117494 0.048892 0.005891 0.001748
0.061409 0.005891 0.603825 0.118079
0.006061 0.001748 0.118079 0.048489
28.107429 1.291198 37.838839 2.134351
0.596104 0.115300 0.055725 0.005802
0.115300 0.048485 0.005620 0.001764
0.055725 0.005620 0.596475 0.116597
0.005802 0.001764 0.116597 0.048204
28.072777 1.161758 38.476063 2.055088
0.570152 0.111037 0.028745 0.001341
0.111037 0.047719 0.001167 0.000941
0.028745 0.001167 0.578343 0.113306
0.001341 0.000941 0.113306 0.047622
28.735227 1.183180 38.622964 1.881283
0.587840 0.115515 0.006473 -0.002234
0.115515 0.048686 -0.002108 0.000327
0.006473 -0.002108 0.552739 0.108745
-0.002234 0.000327 0.108745 0.046816
29.363842 1.190776 39.492249 1.866997
0.613342 0.120976 -0.017913 -0.006066
0.120976 0.049734 -0.005855 -0.000365
-0.017913 -0.005855 0.557238 0.110446
-0.006066 -0.000365 0.110446 0.047286
30.406458 1.278399 40.628614 1.906478
0.642938 0.126598 -0.033147 -0.007869
0.126598 0.050704 -0.007623 -0.000640
-0.033147 -0.007623 0.566207 0.112730
-0.007869 -0.000640 0.112730 0.047790
31.470691 1.361591 41.499479 1.890049
0.661390 0.129466 -0.046970 -0.009369
0.129466 0.051058 -0.009119 -0.000874
-0.046970 -0.009119 0.565052 0.112695
-0.009369 -0.000874 0.112695 0.047768
32.528573 1.435752 42.847758 1.971339
0.675877 0.131310 -0.062174 -0.011188
0.131310 0.051206 -0.010905 -0.001190
-0.062174 -0.010905 0.576787 0.115170
-0.011188 -0.001190 0.115170 0.048237
32.872769 1.363929 43.923563 1.988029
0.665056 0.128116 -0.085069 -0.014643
0.128116 0.050392 -0.014202 -0.001836
-0.085069 -0.014202 0.581452 0.115916
-0.014643 -0.001836 0.115916 0.048305
33.660358 1.382691 44.647688 1.934670
0.682931 0.130801 -0.107134 -0.017672
0.130801 0.050807 -0.017268 -0.002396
-0.107134 -0.017268 0.577745 0.114876
-0.017672 -0.002396 0.114876 0.048009
34.507281 1.414282 45.842186 1.981284
0.696254 0.132435 -0.124737 -0.019753
0.132435 0.051007 -0.019310 -0.002752
-0.124737 -0.019310 0.585944 0.116305
-0.019753 -0.002752 0.116305 0.048235
34.567621 1.288848 46.623197 1.933279
0.698239 0.131703 -0.153858 -0.024254
0.131703 0.050735 -0.023597 -0.003592
-0.153858 -0.023597 0.590246 0.116679
-0.024254 -0.003592 0.116679 0.048204
35.624932 1.364044 47.306758 1.881348
0.717908 0.134681 -0.163846 -0.024524
0.134681 0.051250 -0.024192 -0.003624
-0.163846 -0.024192 0.583906 0.115064
-0.024524 -0.003624 0.115064 0.047820
36.519104 1.399318 47.889867 1.812434
0.729395 0.135877 -0.175423 -0.025420
0.135877 0.051391 -0.025238 -0.003815
-0.175423 -0.025238 0.579338 0.113916
-0.025420 -0.003815 0.113916 0.047553
