3.705338 2.444262 12.492419 4.105029
4.334634 1.733891 8.286568 3.314699
1.733891 80.697638 3.314699 1.325908
8.286568 3.314699 47.565889 19.026768
3.314699 1.325908 19.026768 87.614939
5.751908 4.252975 12.252808 2.270720
4.295771 7.109800 0.741650 -0.238996
7.109800 22.308786 0.730056 5.321753
0.741650 0.730056 2.854158 1.961437
-0.238996 5.321753 1.961437 43.669152
3.292726 -0.795312 10.764877 -1.423685
4.187855 4.402096 -1.178148 -2.065986
4.402096 7.247151 -1.188185 -0.745574
-1.178148 -1.188185 1.193562 1.893474
-2.065986 -0.745574 1.893474 10.625899
4.582303 0.308891 8.275829 -3.540521
2.676676 2.297129 0.743491 1.388601
2.297129 2.942999 0.820508 1.575148
0.743491 0.820508 1.398369 1.973598
1.388601 1.575148 1.973598 4.226782
6.222480 1.249897 5.981923 -3.982977
2.432378 1.600357 0.800653 0.786386
1.600357 1.510156 0.604696 0.610167
0.800653 0.604696 2.424432 2.227897
0.786386 0.610167 2.227897 2.504136
7.065060 1.374977 5.493908 -2.991746
1.686715 0.905164 1.266190 0.836402
0.905164 0.741652 0.700374 0.470585
1.266190 0.700374 4.326269 2.852969
0.836402 0.470585 2.852969 2.094761
7.276904 1.138735 5.590448 -2.177450
1.235745 0.561422 1.717536 0.863521
0.561422 0.414261 0.743994 0.379096
1.717536 0.743994 6.448812 3.266912
0.863521 0.379096 3.266912 1.778564
7.470220 0.991327 3.730594 -2.490463
1.373133 0.555635 1.908604 0.768483
0.555635 0.332375 0.647528 0.264053
1.908604 0.647528 9.163931 3.755934
0.768483 0.264053 3.755934 1.621839
10.031987 1.679778 8.092918 -0.580336
1.168369 0.423699 1.353038 0.452201
0.423699 0.228492 0.449668 0.153990
1.353038 0.449668 3.734665 1.272454
0.452201 0.153990 1.272454 0.494289
10.910679 1.692236 7.855258 -0.565114
0.942571 0.313359 0.838552 0.237567
0.313359 0.161257 0.210056 0.062067
0.838552 0.210056 3.540672 1.056854
0.237567 0.062067 1.056854 0.363902
11.109983 1.525536 5.714220 -1.053172
0.607845 0.194432 0.108318 0.019498
0.194432 0.107551 -0.034341 -0.008617
0.108318 -0.034341 3.011140 0.805505
0.019498 -0.008617 0.805505 0.256320
11.838829 1.514213 5.247165 -1.038463
0.704016 0.211719 0.082721 0.012631
0.211719 0.101209 -0.043452 -0.009383
0.082721 -0.043452 3.878401 0.934420
0.012631 -0.009383 0.934420 0.261228
12.339241 1.441700 4.757760 -1.030233
0.661884 0.184988 0.068861 0.010652
0.184988 0.084118 -0.046974 -0.008604
0.068861 -0.046974 4.872997 1.065045
0.010652 -0.008604 1.065045 0.265939
13.036473 1.437749 4.029676 -1.072681
0.693920 0.182185 0.063103 0.009929
0.182185 0.076922 -0.047031 -0.007578
0.063103 -0.047031 5.966535 1.191536
0.009929 -0.007578 1.191536 0.269381
13.482229 1.379291 2.397835 -1.273433
0.766062 0.189627 0.053232 0.008329
0.189627 0.073884 -0.047235 -0.006858
0.053232 -0.047235 7.112690 1.306670
0.008329 -0.006858 1.306670 0.270554
14.269646 1.412233 0.292475 -1.523219
0.779745 0.181946 0.073590 0.012071
0.181946 0.068044 -0.035075 -0.004182
0.073590 -0.035075 7.630521 1.297466
0.012071 -0.004182 1.297466 0.250770
15.207299 1.467666 -1.175427 -1.635014
0.755895 0.167276 0.121545 0.019492
0.167276 0.061792 -0.009814 0.000135
0.121545 -0.009814 6.526060 1.033688
0.019492 0.000135 1.033688 0.193936
15.906687 1.474392 -4.910534 -2.069041
0.783882 0.166537 0.092083 0.014327
0.166537 0.059781 -0.008506 0.000293
0.092083 -0.008506 5.833980 0.867892
0.014327 0.000293 0.867892 0.159659
15.850040 1.317387 -7.349509 -2.267597
0.810704 0.165412 0.206553 0.029988
0.165412 0.058019 0.026734 0.005195
0.206553 0.026734 3.782422 0.532553
0.029988 0.005195 0.532553 0.106072
16.646802 1.342397 -7.893197 -2.187768
0.791445 0.156511 0.127371 0.017744
0.156511 0.055306 0.015308 0.003274
0.127371 0.015308 2.467074 0.333438
0.017744 0.003274 0.333438 0.076822
18.177935 1.508673 -9.002966 -2.189657
0.772899 0.149372 0.004917 0.000841
0.149372 0.053432 -0.006812 0.000122
0.004917 -0.006812 1.985264 0.262623
0.000841 0.000122 0.262623 0.067204
19.130074 1.549275 -11.091943 -2.320081
0.799134 0.151473 -0.021696 -0.002299
0.151473 0.053541 -0.009554 -0.000264
-0.021696 -0.009554 1.731138 0.227333
-0.002299 -0.000264 0.227333 0.062990
19.780967 1.525498 -11.923392 -2.276953
0.801659 0.149161 -0.004820 0.000376
0.149161 0.052884 -0.004093 0.000435
-0.004820 -0.004093 1.391859 0.183340
0.000376 0.000435 0.183340 0.057885
20.313495 1.483014 -12.900975 -2.255698
0.811439 0.148766 0.011014 0.002721
0.148766 0.052728 0.000028 0.000916
0.011014 0.000028 1.185479 0.159222
0.002721 0.000916 0.159222 0.055594
20.284231 1.342392 -13.270831 -2.151834
0.808614 0.146402 0.054610 0.008753
0.146402 0.052287 0.008565 0.001991
0.054610 0.008565 1.002240 0.138910
0.008753 0.001991 0.138910 0.053765
21.004128 1.351899 -14.813261 -2.219262
0.840811 0.150908 0.038726 0.006058
0.150908 0.053184 0.005406 0.001378
0.038726 0.005406 0.946454 0.136873
0.006058 0.001378 0.136873 0.054401
21.594460 1.337346 -16.317844 -2.278765
0.876895 0.155908 0.033383 0.005027
0.155908 0.054124 0.004413 0.001125
0.033383 0.004413 0.892719 0.134495
0.005027 0.001125 0.134495 0.054756
22.415364 1.363490 -17.073750 -2.218749
0.891606 0.156940 0.018774 0.002580
0.156940 0.054327 0.001917 0.000657
0.018774 0.001917 0.810854 0.127025
0.002580 0.000657 0.127025 0.054102
23.780932 1.482631 -18.072914 -2.201116
0.918527 0.160278 -0.012598 -0.002531
0.160278 0.054960 -0.003359 -0.000245
-0.012598 -0.003359 0.761451 0.124276
-0.002531 -0.000245 0.124276 0.054038
23.364719 1.281937 -18.558829 -2.096890
0.923925 0.159732 0.037366 0.006329
0.159732 0.054890 0.005845 0.001336
0.037366 0.005845 0.707767 0.120008
0.006329 0.001336 0.120008 0.053521
23.734338 1.235412 -19.659386 -2.105883
0.959362 0.164658 0.044964 0.007293
0.164658 0.055808 0.006894 0.001419
0.044964 0.006894 0.691699 0.121653
0.007293 0.001419 0.121653 0.053882
24.179237 1.206429 -20.993733 -2.156652
1.005957 0.171260 0.049576 0.007663
0.171260 0.056968 0.007346 0.001402
0.049576 0.007346 0.686489 0.124341
0.007663 0.001402 0.124341 0.054261
24.806291 1.211179 -22.437423 -2.224397
1.059403 0.178659 0.048618 0.006984
0.178659 0.058201 0.006842 0.001221
0.048618 0.006842 0.682992 0.126460
0.006984 0.001221 0.126460 0.054398
25.640620 1.249893 -23.786305 -2.269491
1.113239 0.185707 0.043274 0.005555
0.185707 0.059316 0.005698 0.000945
0.043274 0.005698 0.672878 0.126586
0.005555 0.000945 0.126586 0.054070
25.378023 1.103367 -24.855654 -2.254777
1.152903 0.189950 0.076776 0.011704
0.189950 0.059907 0.011097 0.001951
0.076776 0.011097 0.658318 0.125250
0.011704 0.001951 0.125250 0.053411
25.923073 1.101716 -25.792206 -2.218018
1.195913 0.194728 0.075996 0.010765
0.194728 0.060604 0.010483 0.001731
0.075996 0.010483 0.637964 0.122566
0.010765 0.001731 0.122566 0.052519
27.402695 1.251851 -27.041121 -2.248692
1.257817 0.202489 0.052656 0.005505
0.202489 0.061788 0.006313 0.000842
0.052656 0.006313 0.627562 0.121737
0.005505 0.000842 0.121737 0.052036
29.127228 1.426365 -28.090768 -2.238225
1.321227 0.210062 0.036099 0.002074
0.210062 0.062890 0.003647 0.000331
0.036099 0.003647 0.611207 0.119446
0.002074 0.000331 0.119446 0.051267
29.342031 1.346584 -28.709534 -2.137955
1.348192 0.211386 0.070911 0.009216
0.211386 0.062949 0.009283 0.001518
0.070911 0.009283 0.593102 0.116529
0.009216 0.001518 0.116529 0.050375
29.390029 1.246388 -28.828929 -1.947310
1.358930 0.210418 0.100695 0.014795
0.210418 0.062711 0.013692 0.002370
0.100695 0.013692 0.567975 0.112225
0.014795 0.002370 0.112225 0.049262
29.055738 1.099177 -29.765002 -1.935484
1.395613 0.213770 0.139206 0.021571
0.213770 0.063201 0.018994 0.003325
0.139206 0.018994 0.576691 0.114745
0.021571 0.003325 0.114745 0.049563
29.611973 1.101134 -30.910299 -1.971238
1.455962 0.220845 0.151058 0.022311
0.220845 0.064281 0.019882 0.003312
0.151058 0.019882 0.584888 0.116818
0.022311 0.003312 0.116818 0.049749
30.562426 1.160481 -31.746103 -1.943610
1.511157 0.226897 0.153189 0.021150
0.226897 0.065172 0.019405 0.003058
0.153189 0.019405 0.580755 0.116095
0.021150 0.003058 0.116095 0.049354
31.655061 1.239508 -33.071344 -2.018615
1.586798 0.235738 0.162840 0.021576
0.235738 0.066447 0.020082 0.003064
0.162840 0.020082 0.591098 0.118178
0.021576 0.003064 0.118178 0.049548
32.181380 1.226322 -34.159115 -2.033722
1.645331 0.241493 0.189102 0.025536
0.241493 0.067193 0.023283 0.003621
0.189102 0.023283 0.596182 0.118778
0.025536 0.003621 0.118778 0.049403
32.463475 1.175605 -34.901753 -1.975763
1.689880 0.245028 0.217105 0.029667
0.245028 0.067605 0.026641 0.004193
0.217105 0.026641 0.592915 0.117565
0.029667 0.004193 0.117565 0.048915
33.360455 1.222215 -36.086882 -2.018276
1.761630 0.252613 0.235229 0.031272
0.252613 0.068635 0.028310 0.004357
0.235229 0.028310 0.599831 0.118562
0.031272 0.004357 0.118562 0.048947
32.691729 1.037714 -36.977842 -1.981913
1.796957 0.254372 0.283056 0.039171
0.254372 0.068755 0.034208 0.005438
0.283056 0.034208 0.606971 0.119185
0.039171 0.005438 0.119185 0.048846
33.986299 1.143631 -37.608574 -1.918043
1.858495 0.260596 0.280479 0.036029
0.260596 0.069628 0.032846 0.004939
0.280479 0.032846 0.594958 0.116418
0.036029 0.004939 0.116418 0.048199
35.179588 1.225867 -38.156591 -1.842725
1.916329 0.265959 0.289657 0.035759
0.265959 0.070334 0.033313 0.004897
0.289657 0.033313 0.587633 0.114704
0.035759 0.004897 0.114704 0.047792
