2.120812 1.810438 3.866158 0.654450
2.107413 0.842984 -0.848774 -0.339517
0.842984 80.341267 -0.339517 -0.135810
-0.848774 -0.339517 3.021365 1.208572
-0.339517 -0.135810 1.208572 80.487506
4.757526 4.824708 3.159737 -0.982756
2.722195 4.750605 -1.464727 -2.300440
4.750605 15.494932 -2.387637 -6.154818
-1.464727 -2.387637 3.102057 5.185145
-2.300440 -6.154818 5.185145 18.484160
4.543239 1.893016 2.971245 -0.808333
1.140976 1.286023 0.174521 0.274681
1.286023 3.165051 0.239719 -0.359125
0.174521 0.239719 1.076830 1.244335
0.274681 -0.359125 1.244335 3.765298
5.358206 1.751826 2.868310 -0.507608
1.471965 1.342720 -0.243179 -0.342625
1.342720 1.824185 -0.308929 -0.604155
-0.243179 -0.308929 1.188600 1.166428
-0.342625 -0.604155 1.166428 1.906437
5.738192 1.343769 4.266153 0.731891
1.210071 0.824928 -0.041128 -0.071786
0.824928 0.832150 -0.062311 -0.149113
-0.041128 -0.062311 0.802118 0.595136
-0.071786 -0.149113 0.595136 0.762489
5.511894 0.851392 4.551106 0.705108
1.258529 0.703301 -0.261663 -0.192510
0.703301 0.541526 -0.180598 -0.162199
-0.261663 -0.180598 1.017907 0.630836
-0.192510 -0.162199 0.630836 0.556014
7.067374 1.362947 5.308799 0.895610
1.215828 0.567375 -0.383588 -0.209285
0.567375 0.357543 -0.200287 -0.125995
-0.383588 -0.200287 1.155671 0.589040
-0.209285 -0.125995 0.589040 0.397909
8.398922 1.616974 6.094684 1.037024
1.069979 0.427396 -0.399002 -0.174688
0.427396 0.234962 -0.168808 -0.084349
-0.399002 -0.168808 1.119065 0.478908
-0.174688 -0.084349 0.478908 0.270155
9.497934 1.718528 6.667179 1.057353
0.917967 0.322216 -0.408228 -0.149781
0.322216 0.161446 -0.145391 -0.060380
-0.408228 -0.145391 1.089625 0.402377
-0.149781 -0.060380 0.402377 0.196534
9.861707 1.566336 8.588649 1.510927
0.748436 0.236061 -0.360861 -0.114095
0.236061 0.113358 -0.111057 -0.040169
-0.360861 -0.111057 0.953021 0.310238
-0.114095 -0.040169 0.310238 0.139107
10.472712 1.520370 9.892069 1.672024
0.690411 0.200341 -0.326940 -0.090687
0.200341 0.091164 -0.089060 -0.028540
-0.326940 -0.089060 0.833717 0.244509
-0.090687 -0.028540 0.244509 0.103973
11.698801 1.650842 10.870599 1.716893
0.654147 0.177178 -0.281831 -0.069195
0.177178 0.077266 -0.068344 -0.019811
-0.281831 -0.068344 0.762209 0.205580
-0.069195 -0.019811 0.205580 0.084135
13.106684 1.785011 10.512918 1.412992
0.601101 0.153005 -0.271749 -0.061164
0.153005 0.065797 -0.060381 -0.016141
-0.271749 -0.060381 0.717229 0.180258
-0.061164 -0.016141 0.180258 0.071769
14.212611 1.837210 11.148951 1.399352
0.584024 0.141947 -0.244804 -0.049977
0.141947 0.059811 -0.049415 -0.012251
-0.244804 -0.049415 0.687941 0.163427
-0.049977 -0.012251 0.163427 0.063950
14.505901 1.712577 13.247181 1.713705
0.527155 0.123880 -0.169182 -0.030025
0.123880 0.053425 -0.030023 -0.007186
-0.169182 -0.030023 0.576831 0.131227
-0.030025 -0.007186 0.131227 0.054188
15.577656 1.770523 14.508637 1.808947
0.516589 0.118077 -0.151472 -0.025057
0.118077 0.050680 -0.025168 -0.005876
-0.151472 -0.025168 0.552938 0.122246
-0.025057 -0.005876 0.122246 0.050906
16.535214 1.782750 15.178332 1.758345
0.495930 0.110595 -0.145341 -0.023426
0.110595 0.047983 -0.023527 -0.005461
-0.145341 -0.023527 0.529820 0.114504
-0.023426 -0.005461 0.114504 0.048377
16.926577 1.670387 16.050499 1.748034
0.494449 0.108570 -0.132939 -0.020240
0.108570 0.046968 -0.020456 -0.004678
-0.132939 -0.020456 0.516115 0.109975
-0.020240 -0.004678 0.109975 0.046960
17.638846 1.648376 17.215165 1.808465
0.470727 0.101892 -0.124422 -0.018619
0.101892 0.045090 -0.018903 -0.004385
-0.124422 -0.018903 0.483776 0.101976
-0.018619 -0.004385 0.101976 0.044983
18.284583 1.610155 18.172783 1.816822
0.469040 0.100851 -0.118156 -0.017208
0.100851 0.044703 -0.017507 -0.004046
-0.118156 -0.017507 0.476171 0.100149
-0.017208 -0.004046 0.100149 0.044558
19.233715 1.638319 18.894339 1.779249
0.459279 0.098276 -0.109112 -0.015464
0.098276 0.044060 -0.015680 -0.003673
-0.109112 -0.015680 0.465782 0.097975
-0.015464 -0.003673 0.097975 0.044113
19.618789 1.545831 19.894393 1.795581
0.445008 0.095134 -0.094430 -0.012714
0.095134 0.043395 -0.012931 -0.003137
-0.094430 -0.012931 0.446409 0.094177
-0.012714 -0.003137 0.094177 0.043375
19.497666 1.352215 20.834495 1.790120
0.438160 0.093784 -0.088692 -0.011962
0.093784 0.043151 -0.012219 -0.003042
-0.088692 -0.012219 0.433619 0.091962
-0.011962 -0.003042 0.091962 0.042995
19.555815 1.221530 21.972619 1.833094
0.434164 0.093255 -0.078358 -0.010169
0.093255 0.043121 -0.010435 -0.002692
-0.078358 -0.010435 0.424996 0.090859
-0.010169 -0.002692 0.090859 0.042879
20.219327 1.248063 23.920454 2.058662
0.424623 0.091516 -0.069420 -0.008858
0.091516 0.042810 -0.009084 -0.002467
-0.069420 -0.009084 0.414357 0.089292
-0.008858 -0.002467 0.089292 0.042631
20.415997 1.158770 25.254290 2.119606
0.405998 0.087991 -0.055093 -0.006510
0.087991 0.042138 -0.006679 -0.002028
-0.055093 -0.006679 0.397099 0.086376
-0.006510 -0.002028 0.086376 0.042089
21.446283 1.262075 26.655002 2.200642
0.403426 0.087971 -0.063098 -0.008979
0.087971 0.042208 -0.009026 -0.002599
-0.063098 -0.009026 0.400783 0.087934
-0.008979 -0.002599 0.087934 0.042481
21.749808 1.192966 28.046472 2.261613
0.401240 0.088159 -0.054449 -0.007396
0.088159 0.042337 -0.007383 -0.002205
-0.054449 -0.007383 0.403917 0.089300
-0.007396 -0.002205 0.089300 0.042811
22.301345 1.182374 29.121134 2.248586
0.388653 0.085804 -0.055905 -0.008264
0.085804 0.041833 -0.008153 -0.002400
-0.055905 -0.008153 0.400471 0.088830
-0.008264 -0.002400 0.088830 0.042649
23.426496 1.295070 29.580119 2.105105
0.386319 0.085870 -0.058658 -0.009134
0.085870 0.041889 -0.009075 -0.002567
-0.058658 -0.009075 0.395296 0.087930
-0.009134 -0.002567 0.087930 0.042395
23.737656 1.221986 30.892330 2.160012
0.376057 0.084073 -0.058224 -0.009227
0.084073 0.041501 -0.009011 -0.002510
-0.058224 -0.009011 0.401681 0.089679
-0.009227 -0.002510 0.089679 0.042755
24.315553 1.209714 31.506622 2.054939
0.365948 0.082432 -0.052541 -0.008083
0.082432 0.041166 -0.007864 -0.002211
-0.052541 -0.007864 0.395428 0.088392
-0.008083 -0.002211 0.088392 0.042401
24.869076 1.199928 32.726900 2.097854
0.372399 0.084474 -0.059679 -0.009738
0.084474 0.041639 -0.009505 -0.002529
-0.059679 -0.009505 0.410120 0.091776
-0.009738 -0.002529 0.091776 0.043101
25.250300 1.146801 33.487485 2.030866
0.381315 0.086769 -0.066392 -0.011077
0.086769 0.042102 -0.010940 -0.002766
-0.066392 -0.010940 0.417432 0.093120
-0.011077 -0.002766 0.093120 0.043280
26.336878 1.259524 34.034749 1.931425
0.375241 0.085258 -0.078037 -0.013536
0.085258 0.041627 -0.013401 -0.003257
-0.078037 -0.013401 0.420020 0.093225
-0.013536 -0.003257 0.093225 0.043167
26.565537 1.167995 35.062432 1.940625
0.376741 0.085733 -0.078215 -0.013109
0.085733 0.041686 -0.012918 -0.003035
-0.078215 -0.012918 0.428762 0.094851
-0.013109 -0.003035 0.094851 0.043454
27.195847 1.182790 36.360251 2.014033
0.384328 0.087459 -0.082278 -0.013564
0.087459 0.042011 -0.013314 -0.003037
-0.082278 -0.013314 0.446544 0.098298
-0.013564 -0.003037 0.098298 0.044124
27.998174 1.228456 37.152801 1.969389
0.384759 0.087362 -0.083714 -0.013527
0.087362 0.041891 -0.013303 -0.002987
-0.083714 -0.013303 0.449966 0.098294
-0.013527 -0.002987 0.098294 0.043995
28.461169 1.195333 38.254206 1.992984
0.356234 0.080581 -0.088268 -0.014608
0.080581 0.040250 -0.013955 -0.003190
-0.088268 -0.013955 0.460196 0.099834
-0.014608 -0.003190 0.099834 0.044235
29.058884 1.199068 39.505361 2.048536
0.366342 0.083380 -0.093115 -0.015119
0.083380 0.040967 -0.014615 -0.003250
-0.093115 -0.014615 0.473597 0.101989
-0.015119 -0.003250 0.101989 0.044624
29.342285 1.117987 40.023173 1.934170
0.373218 0.085080 -0.096851 -0.015448
0.085080 0.041335 -0.015294 -0.003342
-0.096851 -0.015294 0.468054 0.099933
-0.015448 -0.003342 0.099933 0.044095
29.779288 1.086653 40.800365 1.891320
0.391819 0.089294 -0.099807 -0.015457
0.089294 0.042249 -0.015683 -0.003339
-0.099807 -0.015683 0.467338 0.099258
-0.015457 -0.003339 0.099258 0.043950
31.037518 1.249040 41.586711 1.868485
0.360823 0.081995 -0.078173 -0.011044
0.081995 0.040512 -0.010508 -0.002342
-0.078173 -0.010508 0.459917 0.097689
-0.011044 -0.002342 0.097689 0.043713
31.800795 1.284909 42.757253 1.921376
0.353055 0.080599 -0.069870 -0.009543
0.080599 0.040257 -0.008835 -0.002085
-0.069870 -0.008835 0.461487 0.098022
-0.009543 -0.002085 0.098022 0.043864
32.785513 1.366888 43.881515 1.961423
0.381135 0.087446 -0.072717 -0.010033
0.087446 0.041879 -0.010027 -0.002329
-0.072717 -0.010027 0.455305 0.096529
-0.010033 -0.002329 0.096529 0.043583
33.706602 1.423052 44.948238 1.983167
0.411928 0.094091 -0.078587 -0.011120
0.094091 0.043278 -0.011751 -0.002665
-0.078587 -0.011751 0.447607 0.094867
-0.011120 -0.002665 0.094867 0.043288
34.030482 1.334041 45.910536 1.971600
0.421591 0.095232 -0.082142 -0.011917
0.095232 0.043310 -0.012808 -0.002902
-0.082142 -0.012808 0.432172 0.091758
-0.011917 -0.002902 0.091758 0.042707
34.798528 1.345303 46.044717 1.788875
0.411659 0.092346 -0.055745 -0.006423
0.092346 0.042570 -0.007443 -0.001781
-0.055745 -0.007443 0.379607 0.081303
-0.006423 -0.001781 0.081303 0.040655
35.871711 1.430050 46.519685 1.701736
0.408002 0.091200 -0.033999 -0.002274
0.091200 0.042313 -0.003408 -0.001000
-0.033999 -0.003408 0.341186 0.074597
-0.002274 -0.001000 0.074597 0.039500
36.288391 1.364873 47.514461 1.730897
0.432347 0.096022 -0.055670 -0.007812
0.096022 0.043334 -0.008805 -0.002295
-0.055670 -0.008805 0.353504 0.079042
-0.007812 -0.002295 0.079042 0.040715
