1.727931 1.653282 4.455557 0.890214
2.034850 0.813958 -0.242643 -0.097059
0.813958 80.329657 -0.097059 -0.038825
-0.242643 -0.097059 3.521940 1.408806
-0.097059 -0.038825 1.408806 80.567601
1.918047 0.426545 0.506561 -6.430855
2.742618 4.881318 -1.023063 -1.645962
4.881318 15.780185 -1.746614 -3.481497
-1.023063 -1.746614 4.045296 6.707312
-1.645962 -3.481497 6.707312 22.352800
5.626539 4.425011 0.679398 -2.509313
2.653914 2.924194 -1.007102 -0.979911
2.924194 4.891450 -1.103485 -1.341330
-1.007102 -1.103485 0.580080 0.590643
-0.979911 -1.341330 0.590643 3.359692
6.408329 3.432068 1.407525 -0.028241
1.307297 1.076118 0.014779 0.364179
1.076118 1.534587 0.056093 0.168715
0.014779 0.056093 0.475413 0.688740
0.364179 0.168715 0.688740 1.612724
7.555445 3.017063 2.807147 1.263520
1.130161 0.750144 0.238902 0.305512
0.750144 0.807446 0.141156 0.091529
0.238902 0.141156 0.765072 0.737951
0.305512 0.091529 0.737951 0.892878
7.527023 2.133137 3.698546 1.426782
0.871814 0.483487 0.204455 0.147992
0.483487 0.438256 0.063187 0.000623
0.204455 0.063187 1.033949 0.709176
0.147992 0.000623 0.709176 0.570058
9.280491 2.423950 5.390749 1.937662
0.766916 0.373125 0.061706 0.024317
0.373125 0.285104 -0.021900 -0.040998
0.061706 -0.021900 1.110303 0.587333
0.024317 -0.040998 0.587333 0.360273
9.750288 2.042052 8.124666 2.708831
0.621751 0.269998 -0.103988 -0.054423
0.269998 0.185803 -0.081736 -0.054086
-0.103988 -0.081736 1.024464 0.442507
-0.054423 -0.054086 0.442507 0.225789
9.630123 1.620904 8.831574 2.490507
0.547974 0.217124 -0.291522 -0.114140
0.217124 0.135048 -0.131698 -0.060223
-0.291522 -0.131698 0.809676 0.298651
-0.114140 -0.060223 0.298651 0.137499
10.576918 1.675339 9.371720 2.264270
0.611553 0.218491 -0.299745 -0.101157
0.218491 0.115826 -0.113219 -0.044110
-0.299745 -0.113219 0.830331 0.267668
-0.101157 -0.044110 0.267668 0.109886
10.908860 1.511878 11.030610 2.417106
0.656646 0.212132 -0.270798 -0.080252
0.212132 0.099653 -0.087660 -0.030211
-0.270798 -0.087660 0.790936 0.227416
-0.080252 -0.030211 0.227416 0.087114
11.889329 1.574337 11.312194 2.174670
0.676924 0.199347 -0.257466 -0.067795
0.199347 0.085871 -0.072853 -0.022346
-0.257466 -0.072853 0.779815 0.204001
-0.067795 -0.022346 0.204001 0.074263
12.576624 1.542350 11.759425 2.019314
0.666069 0.180669 -0.238156 -0.056363
0.180669 0.073832 -0.059863 -0.016617
-0.238156 -0.059863 0.738890 0.178609
-0.056363 -0.016617 0.178609 0.063851
13.284526 1.524620 12.606079 1.981827
0.644063 0.163043 -0.200249 -0.042805
0.163043 0.064765 -0.044807 -0.011536
-0.200249 -0.044807 0.690033 0.156583
-0.042805 -0.011536 0.156583 0.056351
13.582024 1.410852 13.474818 1.952272
0.622713 0.148649 -0.189854 -0.037412
0.148649 0.058267 -0.039094 -0.009339
-0.189854 -0.039094 0.642276 0.138701
-0.037412 -0.009339 0.138701 0.051117
14.305323 1.413835 14.355022 1.932197
0.613186 0.139667 -0.174793 -0.031781
0.139667 0.054295 -0.032995 -0.007394
-0.174793 -0.032995 0.619112 0.129066
-0.031781 -0.007394 0.129066 0.048520
15.346593 1.488003 15.298641 1.930865
0.579510 0.127208 -0.142538 -0.023635
0.127208 0.050358 -0.024220 -0.005229
-0.142538 -0.024220 0.580530 0.118129
-0.023635 -0.005229 0.118129 0.046132
15.145723 1.277737 15.843594 1.835246
0.548429 0.117011 -0.132327 -0.020912
0.117011 0.047496 -0.021519 -0.004548
-0.132327 -0.021519 0.533993 0.106973
-0.020912 -0.004548 0.106973 0.043989
15.699676 1.271603 17.615435 2.007162
0.543214 0.113958 -0.114342 -0.016633
0.113958 0.046621 -0.017190 -0.003547
-0.114342 -0.017190 0.510741 0.102027
-0.016633 -0.003547 0.102027 0.043360
16.326953 1.270248 18.649893 2.013320
0.530393 0.109888 -0.097012 -0.013023
0.109888 0.045694 -0.013424 -0.002783
-0.097012 -0.013424 0.493678 0.098951
-0.013023 -0.002783 0.098951 0.043151
17.550351 1.388488 19.363807 1.961014
0.509593 0.104946 -0.068726 -0.007600
0.104946 0.044757 -0.007696 -0.001696
-0.068726 -0.007696 0.482850 0.097629
-0.007600 -0.001696 0.097629 0.043311
18.296325 1.394742 19.985970 1.888080
0.509072 0.104619 -0.055601 -0.005466
0.104619 0.044840 -0.005478 -0.001347
-0.055601 -0.005478 0.485401 0.098963
-0.005466 -0.001347 0.098963 0.043919
18.544433 1.309755 21.631197 2.027941
0.484780 0.099830 -0.013462 0.002280
0.099830 0.044062 0.002199 0.000078
-0.013462 0.002199 0.455157 0.093688
0.002280 0.000078 0.093688 0.043135
18.933370 1.256820 22.895417 2.077964
0.483906 0.100026 0.000345 0.003848
0.100026 0.044303 0.003768 0.000216
0.000345 0.003768 0.454619 0.094647
0.003848 0.000216 0.094647 0.043596
19.677774 1.280427 23.853508 2.061582
0.475089 0.098506 0.007774 0.004084
0.098506 0.044139 0.004029 0.000120
0.007774 0.004029 0.451149 0.094742
0.004084 0.000120 0.094742 0.043779
20.519809 1.321526 24.569711 1.995617
0.470798 0.098022 0.004772 0.002325
0.098022 0.044178 0.002307 -0.000324
0.004772 0.002307 0.451957 0.095594
0.002325 -0.000324 0.095594 0.044060
21.548881 1.398896 25.852703 2.056688
0.469731 0.098231 -0.001938 0.000133
0.098231 0.044339 0.000156 -0.000773
-0.001938 0.000156 0.461543 0.098143
0.000133 -0.000773 0.098143 0.044650
22.177441 1.384150 27.295122 2.144893
0.473836 0.099477 0.004475 0.001092
0.099477 0.044684 0.001095 -0.000497
0.004475 0.001095 0.477705 0.101785
0.001092 -0.000497 0.101785 0.045403
22.717724 1.351912 28.956841 2.270292
0.455432 0.095827 0.005750 0.000978
0.095827 0.043952 0.000966 -0.000457
0.005750 0.000966 0.481596 0.102415
0.000978 -0.000457 0.102415 0.045443
23.267476 1.325564 29.769918 2.202113
0.457133 0.096732 -0.002142 -0.000985
0.096732 0.044231 -0.000992 -0.000798
-0.002142 -0.000992 0.486397 0.103190
-0.000985 -0.000798 0.103190 0.045524
23.764965 1.290732 30.624703 2.150223
0.457975 0.097292 -0.005080 -0.001625
0.097292 0.044386 -0.001640 -0.000824
-0.005080 -0.001640 0.492743 0.104226
-0.001625 -0.000824 0.104226 0.045665
24.270601 1.260979 31.688032 2.147883
0.467837 0.099665 -0.012193 -0.003047
0.099665 0.044899 -0.003081 -0.001019
-0.012193 -0.003081 0.509424 0.107370
-0.003047 -0.001019 0.107370 0.046253
25.441467 1.376200 32.496210 2.091915
0.437343 0.093161 -0.015467 -0.003472
0.093161 0.043466 -0.003521 -0.000988
-0.015467 -0.003521 0.498085 0.104365
-0.003472 -0.000988 0.104365 0.045516
25.626856 1.268396 33.336545 2.048895
0.426800 0.091495 -0.010669 -0.002192
0.091495 0.043182 -0.002203 -0.000612
-0.010669 -0.002203 0.500648 0.104633
-0.002192 -0.000612 0.104633 0.045555
26.092797 1.232031 34.296201 2.035317
0.413524 0.089291 -0.010553 -0.002031
0.089291 0.042774 -0.002032 -0.000523
-0.010553 -0.002032 0.504694 0.105227
-0.002031 -0.000523 0.105227 0.045669
26.639162 1.216948 35.428221 2.059055
0.409339 0.089139 -0.025236 -0.004968
0.089139 0.042808 -0.005099 -0.001122
-0.025236 -0.005099 0.519015 0.107934
-0.004968 -0.001122 0.107934 0.046221
27.418315 1.254025 36.224258 2.010959
0.398462 0.087389 -0.038712 -0.007394
0.087389 0.042449 -0.007639 -0.001570
-0.038712 -0.007639 0.523892 0.108455
-0.007394 -0.001570 0.108455 0.046280
28.203870 1.290027 37.536668 2.074765
0.384802 0.085045 -0.048596 -0.008912
0.085045 0.041952 -0.009162 -0.001795
-0.048596 -0.009162 0.542154 0.111751
-0.008912 -0.001795 0.111751 0.046924
29.011762 1.326047 38.480747 2.056329
0.389046 0.086784 -0.052758 -0.009119
0.086784 0.042373 -0.009373 -0.001744
-0.052758 -0.009373 0.551398 0.112952
-0.009119 -0.001744 0.112952 0.047101
29.422994 1.269858 39.594333 2.072342
0.398601 0.089418 -0.052116 -0.008383
0.089418 0.042926 -0.008573 -0.001514
-0.052116 -0.008573 0.560748 0.114173
-0.008383 -0.001514 0.114173 0.047297
30.468997 1.358990 40.080598 1.963396
0.403962 0.090785 -0.043079 -0.006126
0.090785 0.043134 -0.006189 -0.001015
-0.043079 -0.006189 0.548369 0.111018
-0.006126 -0.001015 0.111018 0.046623
31.232149 1.375908 40.772444 1.905287
0.406247 0.091224 -0.038557 -0.005087
0.091224 0.043106 -0.005071 -0.000836
-0.038557 -0.005071 0.545174 0.110091
-0.005087 -0.000836 0.110091 0.046474
32.131025 1.422641 41.622975 1.886041
0.401506 0.090038 -0.029524 -0.003318
0.090038 0.042730 -0.003077 -0.000507
-0.029524 -0.003077 0.543995 0.109752
-0.003318 -0.000507 0.109752 0.046471
32.391631 1.321759 42.617404 1.893676
0.387276 0.086811 -0.023113 -0.002308
0.086811 0.041937 -0.001884 -0.000372
-0.023113 -0.001884 0.544038 0.109713
-0.002308 -0.000372 0.109713 0.046527
32.976829 1.303500 43.339400 1.847894
0.369413 0.083131 -0.003911 0.001200
0.083131 0.041129 0.001978 0.000305
-0.003911 0.001978 0.525025 0.105933
0.001200 0.000305 0.105933 0.045837
33.600134 1.299045 44.747879 1.945852
0.393781 0.089196 -0.005194 0.000485
0.089196 0.042556 0.000992 0.000013
-0.005194 0.000992 0.528035 0.106854
0.000485 0.000013 0.106854 0.046128
34.896682 1.441472 44.458284 1.691636
0.361206 0.081877 0.058386 0.012861
0.081877 0.040848 0.014519 0.002671
0.058386 0.014519 0.423676 0.086088
0.012861 0.002671 0.086088 0.042020
35.078049 1.318617 45.050901 1.640017
0.381207 0.087033 0.040763 0.007686
0.087033 0.042085 0.008692 0.001214
0.040763 0.008692 0.422773 0.088013
0.007686 0.001214 0.088013 0.042797
35.457063 1.255078 45.732525 1.611886
0.410998 0.093842 0.022960 0.003015
0.093842 0.043567 0.003650 0.000084
0.022960 0.003650 0.425719 0.090345
0.003015 0.000084 0.090345 0.043504
35.569448 1.137968 46.618918 1.631798
0.438561 0.099403 -0.000030 -0.002220
0.099403 0.044631 -0.001886 -0.001028
-0.000030 -0.001886 0.436179 0.093860
-0.002220 -0.001028 0.093860 0.044338
