1.775721 1.672398 2.980584 0.300212
2.257462 0.903004 -0.463719 -0.185492
0.903004 80.365276 -0.185492 -0.074198
-0.463719 -0.185492 4.009493 1.603832
-0.185492 -0.074198 1.603832 80.645613
4.839667 5.602705 2.901332 0.009704
2.926928 5.126630 -1.302333 -2.010938
5.126630 16.717058 -2.177377 -4.592534
-1.302333 -2.177377 3.369630 5.436143
-2.010938 -4.592534 5.436143 21.188643
5.532060 3.274534 3.616294 0.666968
1.286589 1.463361 0.562715 0.756721
1.463361 3.497853 0.698221 0.460557
0.562715 0.698221 1.592635 1.896202
0.756721 0.460557 1.896202 5.165956
5.831255 2.135718 2.797953 -0.309793
1.443317 1.308124 0.178204 0.024073
1.308124 1.826068 0.023878 -0.218760
0.178204 0.023878 1.858996 1.780062
0.024073 -0.218760 1.780062 2.657599
5.808224 1.312299 4.144676 0.843753
1.247990 0.852528 0.330822 0.164984
0.852528 0.867690 0.182988 0.057870
0.330822 0.182988 1.072372 0.757314
0.164984 0.057870 0.757314 0.942572
5.497437 0.777971 4.277921 0.719034
1.351458 0.759884 0.070566 -0.028252
0.759884 0.583514 -0.008061 -0.048209
0.070566 -0.008061 1.219430 0.738423
-0.028252 -0.048209 0.738423 0.660196
6.299710 0.973297 4.537353 0.655237
1.305440 0.612622 -0.135088 -0.110189
0.612622 0.384493 -0.094400 -0.065422
-0.135088 -0.094400 1.304732 0.662500
-0.110189 -0.065422 0.662500 0.461618
7.868813 1.395422 5.611134 0.955602
1.184341 0.474743 -0.216809 -0.112915
0.474743 0.257103 -0.101894 -0.048977
-0.216809 -0.101894 1.241296 0.534192
-0.112915 -0.048977 0.534192 0.312098
8.993127 1.544266 6.169705 0.982568
1.026624 0.360351 -0.265193 -0.105922
0.360351 0.176554 -0.098432 -0.036839
-0.265193 -0.098432 1.209159 0.451328
-0.105922 -0.036839 0.451328 0.227607
9.544793 1.476382 8.235721 1.501759
0.837223 0.263075 -0.256569 -0.084697
0.263075 0.122838 -0.079725 -0.024574
-0.256569 -0.079725 1.048264 0.345629
-0.084697 -0.024574 0.345629 0.159823
10.224021 1.462952 9.650729 1.699925
0.767844 0.221027 -0.241348 -0.067990
0.221027 0.097663 -0.064854 -0.017022
-0.241348 -0.064854 0.917516 0.272911
-0.067990 -0.017022 0.272911 0.118990
11.695422 1.666803 10.937927 1.827466
0.732045 0.196048 -0.195531 -0.047028
0.196048 0.082634 -0.045177 -0.009956
-0.195531 -0.045177 0.853836 0.233616
-0.047028 -0.009956 0.233616 0.096680
13.075823 1.792045 10.563028 1.502284
0.660761 0.165795 -0.199518 -0.043809
0.165795 0.069213 -0.042134 -0.008720
-0.199518 -0.042134 0.801899 0.203955
-0.043809 -0.008720 0.203955 0.081393
14.100626 1.820867 11.121892 1.457330
0.646960 0.154750 -0.169382 -0.032517
0.154750 0.063030 -0.031365 -0.005671
-0.169382 -0.031365 0.776486 0.186197
-0.032517 -0.005671 0.186197 0.072111
14.532840 1.729586 13.360673 1.799017
0.597690 0.137740 -0.094440 -0.013443
0.137740 0.056731 -0.013310 -0.001546
-0.094440 -0.013310 0.655737 0.149951
-0.013443 -0.001546 0.149951 0.060450
15.459821 1.746291 14.477755 1.848280
0.587140 0.131111 -0.076595 -0.009323
0.131111 0.053638 -0.009342 -0.000968
-0.076595 -0.009342 0.631504 0.139601
-0.009323 -0.000968 0.139601 0.056201
16.346452 1.745485 15.074966 1.777698
0.560487 0.121764 -0.075192 -0.009503
0.121764 0.050455 -0.009508 -0.001351
-0.075192 -0.009508 0.604242 0.129846
-0.009503 -0.001351 0.129846 0.052743
16.859195 1.669495 16.078929 1.798030
0.567099 0.121058 -0.055790 -0.005428
0.121058 0.049673 -0.005546 -0.000675
-0.055790 -0.005546 0.595893 0.125633
-0.005428 -0.000675 0.125633 0.051051
17.403456 1.609119 17.065738 1.813402
0.534213 0.112033 -0.057534 -0.006624
0.112033 0.047265 -0.006817 -0.001221
-0.057534 -0.006817 0.551955 0.114384
-0.006624 -0.001221 0.114384 0.048123
18.047184 1.576007 18.025159 1.822806
0.534632 0.111191 -0.049398 -0.005250
0.111191 0.046911 -0.005449 -0.001051
-0.049398 -0.005449 0.545630 0.112315
-0.005250 -0.001051 0.112315 0.047482
18.750869 1.554941 18.492510 1.730821
0.522053 0.107834 -0.042596 -0.004366
0.107834 0.046108 -0.004510 -0.000986
-0.042596 -0.004510 0.533294 0.109262
-0.004366 -0.000986 0.109262 0.046729
19.127123 1.473016 19.480451 1.752922
0.509193 0.104900 -0.027912 -0.001887
0.104900 0.045507 -0.002036 -0.000583
-0.027912 -0.002036 0.512789 0.104934
-0.001887 -0.000583 0.104934 0.045817
19.293381 1.357558 20.708227 1.821431
0.506482 0.104340 -0.019660 -0.000812
0.104340 0.045449 -0.000979 -0.000462
-0.019660 -0.000979 0.501227 0.102799
-0.000812 -0.000462 0.102799 0.045427
19.580221 1.278969 22.073129 1.912980
0.506685 0.104481 -0.005561 0.001471
0.104481 0.045546 0.001314 -0.000066
-0.005561 0.001314 0.496312 0.102223
0.001471 -0.000066 0.102223 0.045384
20.056639 1.248072 23.810295 2.073784
0.490735 0.101231 -0.002319 0.001335
0.101231 0.044919 0.001212 -0.000181
-0.002319 0.001212 0.481113 0.099463
0.001335 -0.000181 0.099463 0.044863
20.277807 1.165389 25.157976 2.137429
0.469203 0.097144 0.010053 0.003234
0.097144 0.044170 0.003135 0.000170
0.010053 0.003135 0.463286 0.096363
0.003234 0.000170 0.096363 0.044299
21.336752 1.264959 26.574839 2.210866
0.459192 0.095736 -0.002997 -0.000203
0.095736 0.044009 -0.000258 -0.000582
-0.002997 -0.000258 0.464536 0.097396
-0.000203 -0.000582 0.097396 0.044606
21.609220 1.189387 27.923070 2.261933
0.458364 0.096306 0.008865 0.002046
0.096306 0.044243 0.001995 -0.000054
0.008865 0.001995 0.473254 0.099812
0.002046 -0.000054 0.099812 0.045149
22.321365 1.214146 29.179055 2.288308
0.440541 0.093128 0.004622 0.000759
0.093128 0.043631 0.000711 -0.000307
0.004622 0.000711 0.470325 0.099441
0.000759 -0.000307 0.099441 0.045034
23.427391 1.321225 29.610020 2.136706
0.434944 0.092736 -0.001141 -0.000651
0.092736 0.043631 -0.000695 -0.000550
-0.001141 -0.000695 0.462509 0.098011
-0.000651 -0.000550 0.098011 0.044696
23.915563 1.283734 31.139242 2.234832
0.422146 0.090694 -0.000321 -0.000469
0.090694 0.043237 -0.000525 -0.000432
-0.000321 -0.000525 0.473733 0.100697
-0.000469 -0.000432 0.100697 0.045250
24.476644 1.266714 31.729245 2.122821
0.410163 0.088876 0.004171 0.000504
0.088876 0.042886 0.000473 -0.000151
0.004171 0.000473 0.467567 0.099364
0.000504 -0.000151 0.099364 0.044892
25.010101 1.244723 32.925719 2.151658
0.415117 0.090787 -0.002734 -0.001032
0.090787 0.043343 -0.001113 -0.000449
-0.002734 -0.001113 0.485457 0.103262
-0.001032 -0.000449 0.103262 0.045682
25.313123 1.174846 33.579060 2.062331
0.423485 0.093118 -0.009593 -0.002383
0.093118 0.043817 -0.002500 -0.000679
-0.009593 -0.002500 0.493412 0.104637
-0.002383 -0.000679 0.104637 0.045866
26.441196 1.294016 34.186390 1.972669
0.411649 0.090662 -0.026329 -0.005674
0.090662 0.043176 -0.005921 -0.001323
-0.026329 -0.005921 0.492892 0.104106
-0.005674 -0.001323 0.104106 0.045647
26.551472 1.175227 35.043875 1.945012
0.412530 0.091179 -0.026085 -0.005092
0.091179 0.043243 -0.005276 -0.001069
-0.026085 -0.005276 0.504311 0.106176
-0.005092 -0.001069 0.106176 0.046015
27.295027 1.210715 36.508556 2.048500
0.420917 0.093224 -0.026856 -0.004825
0.093224 0.043629 -0.004947 -0.000928
-0.026856 -0.004947 0.530311 0.111134
-0.004825 -0.000928 0.111134 0.046970
28.128715 1.260816 37.350255 2.011121
0.421047 0.093175 -0.027817 -0.004695
0.093175 0.043512 -0.004792 -0.000859
-0.027817 -0.004792 0.535756 0.111367
-0.004695 -0.000859 0.111367 0.046875
28.589915 1.223743 38.475431 2.035295
0.384597 0.084984 -0.037927 -0.006630
0.084984 0.041604 -0.006702 -0.001263
-0.037927 -0.006702 0.548605 0.113185
-0.006630 -0.001263 0.113185 0.047147
29.289345 1.244966 39.914541 2.122064
0.395766 0.088167 -0.039941 -0.006585
0.088167 0.042396 -0.006647 -0.001198
-0.039941 -0.006647 0.568131 0.116323
-0.006585 -0.001198 0.116323 0.047704
29.553408 1.161998 40.394548 2.002256
0.403134 0.090068 -0.044138 -0.007066
0.090068 0.042795 -0.007285 -0.001303
-0.044138 -0.007285 0.557866 0.113196
-0.007066 -0.001303 0.113196 0.046966
30.052092 1.142842 41.261338 1.974636
0.425217 0.095033 -0.044250 -0.006651
0.095033 0.043838 -0.006956 -0.001201
-0.044250 -0.006956 0.556188 0.112272
-0.006651 -0.001201 0.112272 0.046781
31.442098 1.325515 42.286693 1.987081
0.395858 0.088125 -0.018995 -0.001520
0.088125 0.042171 -0.001082 -0.000071
-0.018995 -0.001082 0.551451 0.111069
-0.001520 -0.000071 0.111069 0.046604
32.330273 1.377819 43.664558 2.065559
0.391494 0.087422 -0.006495 0.000696
0.087422 0.042037 0.001346 0.000307
-0.006495 0.001346 0.551628 0.110953
0.000696 0.000307 0.110953 0.046653
33.246505 1.428375 44.607980 2.048503
0.425238 0.095209 -0.008326 0.000006
0.095209 0.043789 0.000279 0.000004
-0.008326 0.000279 0.534007 0.107258
0.000006 0.000004 0.107258 0.045969
34.213975 1.484892 45.674905 2.057884
0.462222 0.102847 -0.013168 -0.001212
0.102847 0.045332 -0.001262 -0.000355
-0.013168 -0.001262 0.518609 0.104382
-0.001212 -0.000355 0.104382 0.045507
34.350110 1.350680 46.367362 1.988188
0.472229 0.103750 -0.022200 -0.003228
0.103750 0.045267 -0.003531 -0.000839
-0.022200 -0.003531 0.490423 0.099159
-0.003228 -0.000839 0.099159 0.044589
35.245274 1.396351 46.600017 1.833282
0.471221 0.102399 0.002615 0.001832
0.102399 0.044800 0.001744 0.000254
0.002615 0.001744 0.427406 0.087298
0.001832 0.000254 0.087298 0.042373
36.250583 1.461502 46.940958 1.713661
0.477179 0.102805 0.020821 0.005183
0.102805 0.044800 0.005137 0.000895
0.020821 0.005137 0.377489 0.078826
0.005183 0.000895 0.078826 0.040927
36.480133 1.354371 47.748488 1.703056
0.499048 0.106673 -0.003637 -0.000793
0.106673 0.045571 -0.000791 -0.000477
-0.003637 -0.000791 0.387989 0.083537
-0.000793 -0.000477 0.083537 0.042267
