0.916390 1.328658 5.123605 1.157439
2.931208 1.172509 0.744594 0.297844
1.172509 80.473080 0.297844 0.119140
0.744594 0.297844 4.885153 1.954104
0.297844 0.119140 1.954104 80.785725
1.012495 0.596270 1.305268 -5.708391
2.934243 5.014138 0.170197 0.106525
5.014138 18.186978 0.002963 1.553189
0.170197 0.002963 5.274943 8.264581
0.106525 1.553189 8.264581 27.343364
4.330576 4.013171 0.243141 -3.725985
2.982167 3.360902 -1.324804 -1.372363
3.360902 6.048849 -1.487729 -1.078650
-1.324804 -1.487729 1.831632 1.947371
-1.372363 -1.078650 1.947371 5.796505
6.990642 4.986995 2.293527 0.327900
2.175881 1.886412 0.267611 0.588564
1.886412 2.454859 0.266301 0.583674
0.267611 0.266301 0.355647 0.398835
0.588564 0.583674 0.398835 1.667534
7.046575 3.361484 2.907980 0.805729
0.768733 0.511404 0.471656 0.496101
0.511404 0.725027 0.312570 0.328141
0.471656 0.312570 0.888331 0.935594
0.496101 0.328141 0.935594 1.358691
8.024357 2.892298 3.616209 1.078480
0.928318 0.557935 0.574103 0.392822
0.557935 0.539549 0.277525 0.191647
0.574103 0.277525 1.425251 1.067478
0.392822 0.191647 1.067478 0.955189
7.716049 1.935210 4.244366 1.202579
0.477501 0.238292 0.390456 0.206928
0.238292 0.237422 0.121291 0.069733
0.390456 0.121291 1.693714 0.967054
0.206928 0.069733 0.967054 0.635568
8.920241 2.011464 5.753213 1.614951
0.523618 0.246629 0.280626 0.114489
0.246629 0.191400 0.061842 0.029394
0.280626 0.061842 1.711343 0.782375
0.114489 0.029394 0.782375 0.411578
10.229343 2.141328 6.624937 1.633995
0.627013 0.266312 0.195228 0.063316
0.266312 0.164383 0.028615 0.012435
0.195228 0.028615 1.679034 0.640563
0.063316 0.012435 0.640563 0.283956
11.240072 2.108731 7.844797 1.767229
0.703497 0.264753 0.120039 0.031335
0.264753 0.137687 0.008301 0.004692
0.120039 0.008301 1.537407 0.504405
0.031335 0.004692 0.504405 0.197483
11.418570 1.780393 10.650294 2.329740
0.743480 0.249053 0.055143 0.010669
0.249053 0.114075 -0.002971 0.001361
0.055143 -0.002971 1.223529 0.353750
0.010669 0.001361 0.353750 0.130099
12.635814 1.885257 11.318723 2.198837
0.743006 0.223886 0.016874 0.001395
0.223886 0.093982 -0.008510 0.000076
0.016874 -0.008510 1.084851 0.283093
0.001395 0.000076 0.283093 0.099392
13.515233 1.859667 13.361923 2.425249
0.757610 0.207836 0.038181 0.007806
0.207836 0.081224 0.002185 0.002746
0.038181 0.002185 0.953444 0.228548
0.007806 0.002746 0.228548 0.079086
14.126284 1.781204 14.202203 2.342029
0.709822 0.179851 0.011859 0.002190
0.179851 0.068555 -0.002099 0.001524
0.011859 -0.002099 0.811796 0.181890
0.002190 0.001524 0.181890 0.064495
14.226813 1.596488 14.685941 2.195210
0.676088 0.160642 -0.023255 -0.004710
0.160642 0.060587 -0.008547 -0.000033
-0.023255 -0.008547 0.718248 0.153124
-0.004710 -0.000033 0.153124 0.056218
15.001931 1.591625 15.613724 2.160178
0.674578 0.152070 -0.003190 0.000476
0.152070 0.056531 -0.002139 0.001223
-0.003190 -0.002139 0.689260 0.142020
0.000476 0.001223 0.142020 0.052889
15.715261 1.573601 16.949270 2.211313
0.687821 0.148450 0.028559 0.007237
0.148450 0.054373 0.005587 0.002580
0.028559 0.005587 0.673088 0.135269
0.007237 0.002580 0.135269 0.050983
15.965422 1.462542 17.140162 2.030034
0.661525 0.137631 0.009160 0.002977
0.137631 0.051209 0.001497 0.001450
0.009160 0.001497 0.630162 0.124241
0.002977 0.001450 0.124241 0.048528
16.711523 1.465553 18.114790 2.022175
0.651914 0.131990 0.038000 0.008548
0.131990 0.049628 0.007567 0.002437
0.038000 0.007567 0.610528 0.119261
0.008548 0.002437 0.119261 0.047583
17.458804 1.468492 19.030160 2.003580
0.665803 0.132070 0.056558 0.011575
0.132070 0.049471 0.010828 0.002812
0.056558 0.010828 0.618127 0.120211
0.011575 0.002812 0.120211 0.047901
18.173246 1.464935 19.826698 1.963825
0.649385 0.126577 0.078373 0.014957
0.126577 0.048326 0.014394 0.003241
0.078373 0.014394 0.599126 0.116039
0.014957 0.003241 0.116039 0.047210
18.260063 1.340679 20.661286 1.936582
0.618634 0.119208 0.089125 0.016010
0.119208 0.046997 0.015585 0.003225
0.089125 0.015585 0.560470 0.108528
0.016010 0.003225 0.108528 0.045933
18.698895 1.296326 21.579240 1.927680
0.621637 0.119251 0.101783 0.017374
0.119251 0.047240 0.017012 0.003290
0.101783 0.017012 0.557312 0.108589
0.017374 0.003290 0.108589 0.046210
19.103959 1.249841 22.498783 1.920431
0.626322 0.119771 0.112846 0.018423
0.119771 0.047558 0.018104 0.003330
0.112846 0.018104 0.556779 0.109107
0.018423 0.003330 0.109107 0.046513
20.290406 1.354845 23.823398 1.988289
0.667078 0.127174 0.139063 0.022240
0.127174 0.049151 0.021821 0.003880
0.139063 0.021821 0.595510 0.117182
0.022240 0.003880 0.117182 0.048231
20.471757 1.253441 25.448457 2.118655
0.666422 0.126067 0.162391 0.025645
0.126067 0.048977 0.025077 0.004410
0.162391 0.025077 0.600561 0.117773
0.025645 0.004410 0.117773 0.048291
20.932629 1.216334 26.950262 2.208725
0.678519 0.127772 0.172169 0.026060
0.127772 0.049399 0.025501 0.004346
0.172169 0.025501 0.614368 0.120193
0.026060 0.004346 0.120193 0.048740
21.747173 1.263160 27.520639 2.099687
0.670946 0.125738 0.176461 0.025796
0.125738 0.049084 0.025404 0.004282
0.176461 0.025404 0.599704 0.116804
0.025796 0.004282 0.116804 0.048006
22.386022 1.267565 28.375488 2.060732
0.671273 0.125681 0.168069 0.023090
0.125681 0.049216 0.022869 0.003751
0.168069 0.022869 0.597986 0.116517
0.023090 0.003751 0.116517 0.047993
23.079715 1.279848 29.354904 2.049589
0.671864 0.125713 0.161342 0.021121
0.125713 0.049344 0.020965 0.003422
0.161342 0.020965 0.600568 0.117078
0.021121 0.003422 0.117078 0.048135
23.776547 1.289558 30.448267 2.062292
0.667044 0.124717 0.157124 0.020047
0.124717 0.049253 0.019805 0.003304
0.157124 0.019805 0.604606 0.117829
0.020047 0.003304 0.117829 0.048287
24.310693 1.263560 31.765633 2.121134
0.646180 0.120676 0.159476 0.020733
0.120676 0.048564 0.020047 0.003533
0.159476 0.020047 0.611316 0.118938
0.020733 0.003533 0.118938 0.048470
25.186120 1.307052 33.010963 2.153643
0.650449 0.122123 0.144645 0.017546
0.122123 0.049031 0.017111 0.003013
0.144645 0.017111 0.614435 0.119551
0.017546 0.003013 0.119551 0.048615
26.079809 1.350467 34.245168 2.180780
0.654476 0.123479 0.122667 0.013313
0.123479 0.049440 0.013173 0.002344
0.122667 0.013173 0.613827 0.119496
0.013313 0.002344 0.119496 0.048640
26.779702 1.361108 34.962604 2.106783
0.652720 0.123737 0.089196 0.007324
0.123737 0.049616 0.007654 0.001429
0.089196 0.007654 0.595879 0.116202
0.007324 0.001429 0.116202 0.048056
27.804757 1.421210 36.432793 2.184116
0.658892 0.125196 0.070640 0.004665
0.125196 0.049952 0.005010 0.001112
0.070640 0.005010 0.604144 0.118120
0.004665 0.001112 0.118120 0.048498
27.479718 1.225994 37.298835 2.152236
0.603016 0.114790 0.039039 0.000355
0.114790 0.048014 0.000290 0.000519
0.039039 0.000290 0.591192 0.115815
0.000355 0.000519 0.115815 0.048088
28.419669 1.288929 38.369225 2.147907
0.620758 0.119180 0.020568 -0.002035
0.119180 0.049024 -0.001792 0.000263
0.020568 -0.001792 0.586971 0.115240
-0.002035 0.000263 0.115240 0.048026
28.645231 1.210383 39.144008 2.092139
0.604083 0.116461 -0.001768 -0.004833
0.116461 0.048556 -0.004586 -0.000101
-0.001768 -0.004586 0.575664 0.113305
-0.004833 -0.000101 0.113305 0.047695
29.797087 1.314744 40.500605 2.150723
0.633174 0.122686 -0.016201 -0.006306
0.122686 0.049824 -0.005940 -0.000263
-0.016201 -0.005940 0.581990 0.114908
-0.006306 -0.000263 0.114908 0.048066
30.585763 1.340296 41.520152 2.139353
0.642011 0.124353 -0.035597 -0.008715
0.124353 0.050088 -0.008305 -0.000640
-0.035597 -0.008305 0.577673 0.114216
-0.008715 -0.000640 0.114216 0.047941
31.470414 1.381832 41.845979 1.992026
0.646347 0.124947 -0.050193 -0.010162
0.124947 0.050120 -0.009756 -0.000855
-0.050193 -0.009756 0.555354 0.109955
-0.010162 -0.000855 0.109955 0.047105
31.813521 1.313611 42.343067 1.892074
0.629566 0.121388 -0.065297 -0.011853
0.121388 0.049352 -0.011421 -0.001156
-0.065297 -0.011421 0.545980 0.108567
-0.011853 -0.001156 0.108567 0.046889
32.461688 1.310129 42.876908 1.809457
0.637106 0.122823 -0.080395 -0.013570
0.122823 0.049612 -0.013157 -0.001486
-0.080395 -0.013157 0.542742 0.108417
-0.013570 -0.001486 0.108417 0.046907
32.876641 1.266148 44.161836 1.884638
0.637611 0.122728 -0.095379 -0.015379
0.122728 0.049547 -0.014812 -0.001827
-0.095379 -0.014812 0.560069 0.112307
-0.015379 -0.001827 0.112307 0.047706
33.473503 1.255203 44.635652 1.789733
0.641112 0.123229 -0.106280 -0.016397
0.123229 0.049604 -0.015933 -0.002071
-0.106280 -0.015933 0.552863 0.110816
-0.016397 -0.002071 0.110816 0.047334
34.379387 1.303573 44.984737 1.681856
0.665032 0.127591 -0.120198 -0.017951
0.127591 0.050395 -0.017725 -0.002432
-0.120198 -0.017725 0.548427 0.109933
-0.017951 -0.002432 0.109933 0.047103
35.039658 1.300682 45.438494 1.603261
0.668853 0.127710 -0.130053 -0.018951
0.127710 0.050311 -0.018717 -0.002681
-0.130053 -0.018717 0.547839 0.109890
-0.018951 -0.002681 0.109890 0.047056
35.622185 1.286824 46.180303 1.590213
0.677936 0.128813 -0.144030 -0.020822
0.128813 0.050427 -0.020457 -0.003081
-0.144030 -0.020457 0.558099 0.111947
-0.020822 -0.003081 0.111947 0.047418
36.474221 1.331119 47.265334 1.652261
0.701275 0.132563 -0.160159 -0.022932
0.132563 0.051052 -0.022508 -0.003501
-0.160159 -0.022508 0.576259 0.115341
-0.022932 -0.003501 0.115341 0.048010
