-0.279234 0.850398 -1.133145 -1.345315
3.674941 1.470008 0.521374 0.208554
1.470008 80.592083 0.208554 0.083423
0.521374 0.208554 7.097381 2.839014
0.208554 0.083423 2.839014 81.139697
3.715101 6.664198 0.740516 2.197311
3.063787 5.117269 -1.679124 -2.513626
5.117269 20.142176 -2.844816 -3.163959
-1.679124 -2.844816 2.149312 3.144012
-2.513626 -3.163959 3.144012 23.364774
5.027836 4.356869 2.708058 2.942126
3.647293 4.403259 -0.125363 0.747780
4.403259 7.831977 0.271286 0.897004
-0.125363 0.271286 2.591808 3.724840
0.747780 0.897004 3.724840 8.510721
7.034688 4.112689 0.179281 -0.831006
2.636688 2.198171 0.406996 0.547214
2.198171 2.749655 0.433947 0.246454
0.406996 0.433947 3.781013 3.581970
0.547214 0.246454 3.581970 4.336901
7.519300 3.069249 2.904972 1.301529
1.916299 1.233448 1.213929 0.832223
1.233448 1.234892 0.777181 0.388660
1.213929 0.777181 1.313072 0.897437
0.832223 0.388660 0.897437 1.039122
7.024115 1.826475 3.449920 1.462100
0.773923 0.393571 0.625308 0.331730
0.393571 0.441246 0.207692 0.042020
0.625308 0.207692 1.309032 0.807988
0.331730 0.042020 0.807988 0.713473
7.897586 1.711824 4.914964 1.873180
0.870413 0.433869 0.498677 0.174888
0.433869 0.358738 0.100725 -0.007725
0.498677 0.100725 1.465598 0.753572
0.174888 -0.007725 0.753572 0.510792
8.660583 1.532788 7.364503 2.566215
0.963210 0.437383 0.292967 0.052298
0.437383 0.285782 0.015228 -0.029917
0.292967 0.015228 1.415878 0.616857
0.052298 -0.029917 0.616857 0.347533
8.665247 1.232235 8.477879 2.545149
1.018295 0.411695 0.065359 -0.033577
0.411695 0.224770 -0.053825 -0.040825
0.065359 -0.053825 1.312293 0.497772
-0.033577 -0.040825 0.497772 0.244212
10.060638 1.511280 9.668779 2.487728
1.078619 0.379786 0.041128 -0.028273
0.379786 0.176904 -0.041061 -0.024148
0.041128 -0.041061 1.329343 0.439901
-0.028273 -0.024148 0.439901 0.188023
10.902493 1.565057 9.997069 2.215687
1.070745 0.335211 -0.025471 -0.036335
0.335211 0.139736 -0.045482 -0.018278
-0.025471 -0.045482 1.279800 0.377704
-0.036335 -0.018278 0.377704 0.146529
10.395685 1.220465 10.245466 2.010785
0.923515 0.263205 -0.184718 -0.066193
0.263205 0.104912 -0.073235 -0.020590
-0.184718 -0.073235 1.042685 0.280860
-0.066193 -0.020590 0.280860 0.106314
12.137969 1.527398 10.081806 1.711175
0.828152 0.215949 -0.148305 -0.045097
0.215949 0.083400 -0.050235 -0.011346
-0.148305 -0.050235 0.978412 0.242476
-0.045097 -0.011346 0.242476 0.088138
12.845047 1.512937 11.059411 1.739589
0.791933 0.192199 -0.107842 -0.028524
0.192199 0.072119 -0.031927 -0.005506
-0.107842 -0.031927 0.928509 0.214735
-0.028524 -0.005506 0.214735 0.076179
13.106334 1.400064 11.797748 1.711281
0.777254 0.177899 -0.096350 -0.021680
0.177899 0.065296 -0.024181 -0.003170
-0.096350 -0.024181 0.893869 0.195319
-0.021680 -0.003170 0.195319 0.068337
14.078622 1.459683 13.405405 1.868724
0.738551 0.160971 -0.025713 -0.004003
0.160971 0.059225 -0.005305 0.001006
-0.025713 -0.005305 0.816304 0.170310
-0.004003 0.001006 0.170310 0.060762
14.562238 1.408374 14.564436 1.913321
0.740357 0.155301 0.001188 0.002320
0.155301 0.056572 0.001438 0.002161
0.001188 0.001438 0.786448 0.158534
0.002320 0.002161 0.158534 0.057029
15.147869 1.386337 16.615769 2.127748
0.747628 0.151924 0.059033 0.013794
0.151924 0.054908 0.013360 0.004191
0.059033 0.013360 0.737720 0.144918
0.013794 0.004191 0.144918 0.053548
16.091284 1.435442 17.335078 2.061790
0.718841 0.142125 0.075375 0.015860
0.142125 0.052300 0.015600 0.004147
0.075375 0.015600 0.701946 0.135452
0.015860 0.004147 0.135452 0.051321
17.033662 1.479166 17.630447 1.921522
0.678952 0.131622 0.078023 0.015161
0.131622 0.049952 0.014977 0.003618
0.078023 0.014977 0.667425 0.127394
0.015161 0.003618 0.127394 0.049647
17.549966 1.435872 18.885714 1.977766
0.692024 0.132625 0.095483 0.017397
0.132625 0.050112 0.017292 0.003742
0.095483 0.017292 0.664598 0.126265
0.017397 0.003742 0.126265 0.049474
18.081396 1.402281 19.264498 1.862460
0.650294 0.123375 0.093673 0.015975
0.123375 0.048360 0.015907 0.003222
0.093673 0.015907 0.620245 0.117490
0.015975 0.003222 0.117490 0.047884
17.829731 1.221584 20.138622 1.855790
0.636924 0.120583 0.083443 0.013099
0.120583 0.048020 0.013131 0.002510
0.083443 0.013131 0.590112 0.112261
0.013099 0.002510 0.112261 0.047097
18.375151 1.203635 22.029793 2.041668
0.665879 0.125897 0.125312 0.020360
0.125897 0.049193 0.020384 0.003778
0.125312 0.020384 0.601216 0.115072
0.020360 0.003778 0.115072 0.047829
19.384883 1.276345 23.676593 2.159968
0.703228 0.132406 0.159151 0.025459
0.132406 0.050495 0.025402 0.004534
0.159151 0.025402 0.630983 0.121190
0.025459 0.004534 0.121190 0.049109
20.531343 1.373677 24.647426 2.133690
0.713501 0.133412 0.174687 0.026920
0.133412 0.050675 0.026842 0.004626
0.174687 0.026842 0.636195 0.122065
0.026920 0.004626 0.122065 0.049266
20.654357 1.265839 25.829775 2.162976
0.690894 0.128356 0.178250 0.026486
0.128356 0.049733 0.026323 0.004453
0.178250 0.026323 0.619804 0.118753
0.026486 0.004453 0.118753 0.048605
21.169830 1.241517 27.065032 2.194743
0.689773 0.127892 0.182098 0.026060
0.127892 0.049745 0.025881 0.004301
0.182098 0.025881 0.620091 0.118961
0.026060 0.004301 0.118961 0.048676
21.773818 1.232274 28.556790 2.272556
0.690747 0.127849 0.189958 0.026611
0.127849 0.049818 0.026285 0.004364
0.189958 0.026285 0.629051 0.120742
0.026611 0.004364 0.120742 0.049019
22.331190 1.232374 29.021937 2.141362
0.675604 0.125220 0.171850 0.022435
0.125220 0.049460 0.022477 0.003671
0.171850 0.022477 0.603338 0.115931
0.022435 0.003671 0.115931 0.048105
22.866907 1.212075 30.379176 2.199437
0.677775 0.126006 0.159830 0.019665
0.126006 0.049754 0.019670 0.003197
0.159830 0.019670 0.612480 0.118283
0.019665 0.003197 0.118283 0.048649
23.503105 1.219632 31.374828 2.178320
0.665294 0.123813 0.154074 0.018745
0.123813 0.049414 0.018670 0.003182
0.154074 0.018670 0.606967 0.117344
0.018745 0.003182 0.117344 0.048449
23.880440 1.185046 31.905538 2.071843
0.658046 0.123281 0.120888 0.012422
0.123281 0.049496 0.012820 0.002172
0.120888 0.012820 0.587397 0.114158
0.012422 0.002172 0.114158 0.047914
24.250778 1.138758 33.180731 2.122947
0.648187 0.121885 0.107094 0.010565
0.121885 0.049323 0.010709 0.001989
0.107094 0.010709 0.594927 0.116208
0.010565 0.001989 0.116208 0.048370
24.924464 1.157635 34.312234 2.135246
0.651266 0.123050 0.092296 0.008415
0.123050 0.049641 0.008659 0.001761
0.092296 0.008659 0.596629 0.116860
0.008415 0.001761 0.116860 0.048506
26.333842 1.318867 35.199459 2.088180
0.675575 0.128023 0.084055 0.007411
0.128023 0.050627 0.008088 0.001762
0.084055 0.008088 0.590024 0.115670
0.007411 0.001762 0.115670 0.048247
27.264922 1.369013 36.380388 2.111953
0.678716 0.128632 0.063407 0.004267
0.128632 0.050727 0.004984 0.001290
0.063407 0.004984 0.592070 0.116432
0.004267 0.001290 0.116432 0.048424
28.524418 1.484304 36.848621 1.989671
0.685232 0.129775 0.045869 0.001883
0.129775 0.050913 0.002888 0.001015
0.045869 0.002888 0.570965 0.112450
0.001883 0.001015 0.112450 0.047632
29.410661 1.509117 38.141709 2.047546
0.668252 0.126337 0.030890 0.000293
0.126337 0.050222 0.001036 0.000810
0.030890 0.001036 0.578224 0.114370
0.000293 0.000810 0.114370 0.048061
29.867487 1.454227 38.936767 2.004236
0.646780 0.122435 0.004016 -0.003690
0.122435 0.049521 -0.002946 0.000150
0.004016 -0.002946 0.571575 0.113368
-0.003690 0.000150 0.113368 0.047877
30.905978 1.512243 40.191927 2.053018
0.662978 0.125937 -0.019457 -0.007055
0.125937 0.050262 -0.006199 -0.000403
-0.019457 -0.006199 0.580374 0.115415
-0.007055 -0.000403 0.115415 0.048296
31.637015 1.507368 41.274295 2.064182
0.652404 0.123956 -0.037848 -0.009191
0.123956 0.049881 -0.008357 -0.000719
-0.037848 -0.008357 0.580110 0.115373
-0.009191 -0.000719 0.115373 0.048245
31.671775 1.370527 42.076557 2.018721
0.625241 0.118939 -0.061945 -0.012510
0.118939 0.048943 -0.011632 -0.001289
-0.061945 -0.011632 0.575589 0.114437
-0.012510 -0.001289 0.114437 0.048017
31.175198 1.143679 42.859308 1.971032
0.583447 0.111458 -0.079389 -0.014537
0.111458 0.047584 -0.013608 -0.001626
-0.079389 -0.013608 0.571417 0.113596
-0.014537 -0.001626 0.113596 0.047817
31.996900 1.191613 43.757515 1.954801
0.609893 0.117659 -0.091380 -0.015320
0.117659 0.048933 -0.014624 -0.001757
-0.091380 -0.014624 0.570459 0.113431
-0.015320 -0.001757 0.113431 0.047763
32.993832 1.268408 44.558541 1.922312
0.642779 0.124413 -0.104772 -0.016475
0.124413 0.050234 -0.016082 -0.002005
-0.104772 -0.016082 0.568506 0.113018
-0.016475 -0.002005 0.113018 0.047649
33.095338 1.162442 45.285285 1.870583
0.643257 0.124096 -0.123834 -0.019146
0.124096 0.050022 -0.018710 -0.002568
-0.123834 -0.018710 0.569439 0.113118
-0.019146 -0.002568 0.113118 0.047626
33.173140 1.061777 45.993068 1.819413
0.645836 0.124214 -0.139462 -0.021086
0.124214 0.049922 -0.020650 -0.002981
-0.139462 -0.020650 0.570261 0.113165
-0.021086 -0.002981 0.113165 0.047588
34.184269 1.155757 46.932883 1.831550
0.680888 0.130701 -0.148754 -0.021382
0.130701 0.051089 -0.021358 -0.003073
-0.148754 -0.021358 0.573954 0.113816
-0.021382 -0.003073 0.113816 0.047686
35.114968 1.227050 48.043139 1.875754
0.706306 0.134684 -0.159258 -0.022233
0.134684 0.051671 -0.022384 -0.003290
-0.159258 -0.022384 0.580910 0.115014
-0.022233 -0.003290 0.115014 0.047873
