4.782883 2.875289 16.469132 5.695748
4.082587 1.633070 7.646914 3.058832
1.633070 80.657309 3.058832 1.223559
7.646914 3.058832 58.745121 23.498558
3.058832 1.223559 23.498558 89.403693
7.883760 6.180000 15.742598 3.075492
4.181223 6.942399 0.631690 -0.172257
6.942399 22.186085 0.696719 4.211728
0.631690 0.696719 2.575753 1.628350
-0.172257 4.211728 1.628350 45.549819
5.975134 0.563518 12.101162 -4.735934
3.511293 3.706239 -1.638001 -2.815685
3.706239 6.557143 -1.720768 -1.935047
-1.638001 -1.720768 0.944528 1.597405
-2.815685 -1.935047 1.597405 9.986114
7.541935 1.230946 7.816364 -7.393371
2.764016 2.310414 -0.888056 -0.386714
2.310414 2.857289 -0.433654 -0.041377
-0.888056 -0.433654 1.426675 2.004528
-0.386714 -0.041377 2.004528 3.756672
7.608248 1.018896 5.731158 -5.970660
0.859408 0.616698 0.445927 0.535253
0.616698 0.880665 0.632020 0.532334
0.445927 0.632020 3.482380 3.302977
0.535253 0.532334 3.302977 3.352834
8.045791 1.029925 4.901664 -4.573325
1.146703 0.725593 1.194502 0.806938
0.725593 0.682178 0.828888 0.478183
1.194502 0.828888 4.126990 2.711684
0.806938 0.478183 2.711684 1.885242
8.711100 1.105247 3.129681 -4.315964
1.350362 0.705323 1.459407 0.716728
0.705323 0.497318 0.726789 0.311283
1.459407 0.726789 5.474623 2.739512
0.716728 0.311283 2.739512 1.433053
8.566209 0.809375 -0.315035 -4.826146
1.486364 0.653862 1.383154 0.530454
0.653862 0.370952 0.531694 0.174930
1.383154 0.531694 5.749484 2.321896
0.530454 0.174930 2.321896 0.981208
9.123141 0.833798 -0.751928 -4.149732
1.402878 0.537045 0.723376 0.213795
0.537045 0.263744 0.238845 0.051637
0.723376 0.238845 2.507049 0.844815
0.213795 0.051637 0.844815 0.318609
9.443736 0.760101 -0.704574 -3.511159
1.340794 0.448298 0.621089 0.153472
0.448298 0.194157 0.182991 0.032567
0.621089 0.182991 1.575983 0.457307
0.153472 0.032567 0.457307 0.161407
10.740693 0.973954 0.620954 -2.703491
1.128456 0.334278 0.549779 0.120436
0.334278 0.135173 0.145130 0.023191
0.549779 0.145130 1.076444 0.276543
0.120436 0.023191 0.276543 0.096831
10.312758 0.727169 -1.136445 -2.780417
1.128696 0.302914 0.557342 0.109140
0.302914 0.112828 0.124036 0.017702
0.557342 0.124036 1.221347 0.290628
0.109140 0.017702 0.290628 0.093543
11.834157 1.017008 -2.127613 -2.719144
1.003795 0.249465 0.410049 0.068026
0.249465 0.090695 0.070553 0.006232
0.410049 0.070553 1.272950 0.284837
0.068026 0.006232 0.284837 0.087390
12.090858 0.938722 -2.847970 -2.574184
0.945975 0.218545 0.389028 0.059790
0.218545 0.077276 0.060639 0.005415
0.389028 0.060639 1.239675 0.258437
0.059790 0.005415 0.258437 0.077231
12.296720 0.879308 -4.161745 -2.573088
0.925818 0.202156 0.347650 0.047918
0.202156 0.069871 0.046712 0.003420
0.347650 0.046712 1.254254 0.247113
0.047918 0.003420 0.247113 0.072156
13.433842 1.014408 -4.800500 -2.464250
0.850095 0.177828 0.252602 0.028885
0.177828 0.062338 0.025313 0.000372
0.252602 0.025313 1.197881 0.225580
0.028885 0.000372 0.225580 0.066267
13.965792 0.997752 -5.068249 -2.286685
0.797108 0.160245 0.226629 0.024596
0.160245 0.057041 0.022108 0.000829
0.226629 0.022108 1.102384 0.198682
0.024596 0.000829 0.198682 0.060046
14.604917 1.031678 -6.484394 -2.338219
0.791873 0.155373 0.176522 0.015502
0.155373 0.055311 0.011615 -0.000418
0.176522 0.011615 1.131758 0.198466
0.015502 -0.000418 0.198466 0.059617
15.265815 1.060239 -7.664569 -2.342791
0.782001 0.150302 0.132316 0.008595
0.150302 0.053801 0.004586 -0.000977
0.132316 0.004586 1.112800 0.190277
0.008595 -0.000977 0.190277 0.057943
16.343898 1.169556 -9.106840 -2.397448
0.777799 0.147515 0.065880 -0.001466
0.147515 0.053066 -0.006283 -0.002230
0.065880 -0.006283 1.110419 0.186599
-0.001466 -0.002230 0.186599 0.057369
17.314514 1.241667 -10.285854 -2.399427
0.776059 0.145283 0.022800 -0.006771
0.145283 0.052487 -0.011098 -0.002435
0.022800 -0.011098 1.065651 0.176274
-0.006771 -0.002435 0.176274 0.055755
17.906906 1.238706 -11.681245 -2.431133
0.793456 0.146669 0.008733 -0.007192
0.146669 0.052636 -0.010413 -0.001840
0.008733 -0.010413 1.023280 0.167328
-0.007192 -0.001840 0.167328 0.054517
18.561844 1.248668 -13.267840 -2.491748
0.820477 0.149966 -0.007762 -0.008167
0.149966 0.053195 -0.010622 -0.001520
-0.007762 -0.010622 0.986763 0.160477
-0.008167 -0.001520 0.160477 0.053769
19.520268 1.306149 -14.112517 -2.428678
0.824623 0.149096 -0.029718 -0.009919
0.149096 0.053013 -0.011773 -0.001406
-0.029718 -0.011773 0.905422 0.147178
-0.009919 -0.001406 0.147178 0.052049
20.188343 1.307068 -14.962038 -2.369093
0.834711 0.149483 -0.029934 -0.008219
0.149483 0.053101 -0.009416 -0.000797
-0.029934 -0.009416 0.839531 0.137377
-0.008219 -0.000797 0.137377 0.050977
20.694625 1.280545 -16.017157 -2.347330
0.855952 0.152037 -0.022686 -0.005615
0.152037 0.053609 -0.006359 -0.000170
-0.022686 -0.006359 0.796223 0.131965
-0.005615 -0.000170 0.131965 0.050644
21.150000 1.247910 -17.153586 -2.340903
0.883657 0.155727 -0.014447 -0.003180
0.155727 0.054312 -0.003668 0.000318
-0.014447 -0.003668 0.762974 0.128500
-0.003180 0.000318 0.128500 0.050584
21.801180 1.252975 -19.018165 -2.459879
0.939608 0.164246 -0.016318 -0.002771
0.164246 0.055835 -0.003189 0.000373
-0.016318 -0.003189 0.763563 0.130878
-0.002771 0.000373 0.130878 0.051442
22.578610 1.279182 -19.967110 -2.410910
0.968120 0.167449 -0.019389 -0.002718
0.167449 0.056344 -0.003101 0.000338
-0.019389 -0.003101 0.719260 0.125074
-0.002718 0.000338 0.125074 0.050742
22.952547 1.234852 -20.041386 -2.211068
0.967580 0.165646 -0.004547 0.000358
0.165646 0.056001 -0.000115 0.000799
-0.004547 -0.000115 0.652976 0.115537
0.000358 0.000799 0.115537 0.049347
23.608194 1.241682 -20.882509 -2.163140
0.996287 0.169195 -0.001877 0.000982
0.169195 0.056637 0.000495 0.000803
-0.001877 0.000495 0.634412 0.114873
0.000982 0.000803 0.114873 0.049533
23.804823 1.170054 -22.090331 -2.187040
1.039125 0.175052 0.018151 0.004726
0.175052 0.057647 0.003933 0.001333
0.018151 0.003933 0.633194 0.117086
0.004726 0.001333 0.117086 0.050137
23.604107 1.038836 -23.270645 -2.204053
1.082867 0.180763 0.047420 0.009884
0.180763 0.058585 0.008569 0.002057
0.047420 0.008569 0.631009 0.118587
0.009884 0.002057 0.118587 0.050479
24.336265 1.074085 -23.893545 -2.112903
1.111460 0.183668 0.038648 0.007385
0.183668 0.059018 0.006508 0.001468
0.038648 0.006508 0.607888 0.115639
0.007385 0.001468 0.115639 0.049879
24.845215 1.069369 -24.638162 -2.052820
1.145797 0.187506 0.041185 0.007291
0.187506 0.059612 0.006513 0.001343
0.041185 0.006513 0.595547 0.114696
0.007291 0.001343 0.114696 0.049653
25.617558 1.107473 -25.208061 -1.964168
1.176527 0.190677 0.036825 0.005892
0.190677 0.060094 0.005436 0.001033
0.036825 0.005436 0.580596 0.113036
0.005892 0.001033 0.113036 0.049253
26.199251 1.111839 -26.094264 -1.945344
1.219485 0.195772 0.043334 0.006760
0.195772 0.060886 0.006210 0.001121
0.043334 0.006210 0.579946 0.114040
0.006760 0.001121 0.114040 0.049359
27.430402 1.218115 -26.415176 -1.817411
1.248504 0.198492 0.031586 0.003984
0.198492 0.061283 0.004073 0.000640
0.031586 0.004073 0.561040 0.111128
0.003984 0.000640 0.111128 0.048649
28.728404 1.326558 -27.269999 -1.807987
1.300600 0.204850 0.029965 0.003458
0.204850 0.062262 0.003699 0.000551
0.029965 0.003699 0.562842 0.112365
0.003458 0.000551 0.112365 0.048790
29.265786 1.306840 -28.130066 -1.798918
1.341262 0.209089 0.055792 0.008531
0.209089 0.062866 0.007646 0.001344
0.055792 0.007646 0.567958 0.113904
0.008531 0.001344 0.113904 0.048941
30.688467 1.425213 -28.843882 -1.763383
1.394003 0.215145 0.059647 0.008693
0.215145 0.063754 0.007911 0.001325
0.059647 0.007911 0.564562 0.113481
0.008693 0.001325 0.113481 0.048681
31.076486 1.374658 -29.376205 -1.692056
1.420146 0.216813 0.094558 0.015211
0.216813 0.063934 0.012934 0.002290
0.094558 0.012934 0.563126 0.113291
0.015211 0.002290 0.113291 0.048466
31.742096 1.372611 -30.570212 -1.762264
1.477568 0.223345 0.125807 0.020316
0.223345 0.064882 0.016978 0.002967
0.125807 0.016978 0.581355 0.116985
0.020316 0.002967 0.116985 0.049052
32.682057 1.412143 -31.765965 -1.826820
1.542407 0.230724 0.152196 0.023974
0.230724 0.065926 0.020055 0.003403
0.152196 0.020055 0.594842 0.119301
0.023974 0.003403 0.119301 0.049311
33.550742 1.435835 -32.599234 -1.811573
1.595116 0.235947 0.180210 0.027747
0.235947 0.066610 0.023285 0.003865
0.180210 0.023285 0.596418 0.118949
0.027747 0.003865 0.118949 0.049021
34.011687 1.401528 -33.996509 -1.908516
1.658061 0.242411 0.223363 0.034235
0.242411 0.067453 0.028459 0.004694
0.223363 0.028459 0.617766 0.122485
0.034235 0.004694 0.122485 0.049535
33.942810 1.288814 -34.892257 -1.890992
1.699592 0.245470 0.268811 0.040818
0.245470 0.067774 0.033804 0.005535
0.268811 0.033804 0.623986 0.122620
0.040818 0.005535 0.122620 0.049332
34.870266 1.332511 -36.103269 -1.946450
1.774567 0.253603 0.291708 0.042131
0.253603 0.068878 0.035615 0.005587
0.291708 0.035615 0.631765 0.123255
0.042131 0.005587 0.123255 0.049307
36.038427 1.400611 -36.754728 -1.887670
1.836315 0.259546 0.308236 0.042362
0.259546 0.069634 0.036737 0.005561
0.308236 0.036737 0.622892 0.120613
0.042362 0.005561 0.120613 0.048661
36.471670 1.365672 -37.923492 -1.929292
1.898488 0.265051 0.348483 0.047471
0.265051 0.070273 0.040999 0.006206
0.348483 0.040999 0.637718 0.122688
0.047471 0.006206 0.122688 0.048965
