2.916162 2.128585 11.145848 3.566389
4.515442 1.806216 8.578557 3.431497
1.806216 80.726569 3.431497 1.372629
8.578557 3.431497 47.294151 18.918070
3.431497 1.372629 18.918070 87.571459
5.196215 4.486594 11.250773 2.098164
4.343663 7.064190 1.214332 0.076791
7.064190 22.299058 1.394356 5.986331
1.214332 1.394356 3.416250 2.292612
0.076791 5.986331 2.292612 43.744927
6.395315 3.202555 8.301257 -3.681384
3.374971 3.543921 -1.065799 -1.974717
3.543921 6.459606 -1.109156 -0.385387
-1.065799 -1.109156 0.567236 0.964162
-1.974717 -0.385387 0.964162 10.093105
5.499143 1.242492 7.337311 -2.904882
2.283977 1.649674 -1.342608 -1.610577
1.649674 2.240249 -0.266892 -0.064429
-1.342608 -0.266892 3.450080 5.377106
-1.610577 -0.064429 5.377106 9.193403
5.643405 0.792470 4.740235 -4.005115
2.242296 1.317554 -1.725390 -1.351257
1.317554 1.262582 -0.325951 -0.239857
-1.725390 -0.325951 7.453318 6.663000
-1.351257 -0.239857 6.663000 6.188246
5.760505 0.604785 2.176244 -4.372639
2.092777 1.102973 -0.622135 -0.292962
1.102973 0.844378 0.175427 0.111854
-0.622135 0.175427 8.179469 5.131315
-0.292962 0.111854 5.131315 3.329821
6.562574 0.918210 2.291219 -3.252858
1.887837 0.867219 0.213321 0.145661
0.867219 0.546603 0.157922 0.061500
0.213321 0.157922 1.627781 0.788873
0.145661 0.061500 0.788873 0.449466
8.436782 1.480254 1.068953 -3.079353
1.630214 0.643962 0.238714 0.109135
0.643962 0.355081 0.123610 0.031307
0.238714 0.123610 1.924702 0.771800
0.109135 0.031307 0.771800 0.356690
8.899345 1.389794 0.789555 -2.649157
1.403733 0.490050 0.505206 0.173015
0.490050 0.244710 0.183607 0.046324
0.505206 0.183607 1.710843 0.584324
0.173015 0.046324 0.584324 0.236378
9.394537 1.319327 0.838226 -2.234721
1.250550 0.391527 0.617265 0.177423
0.391527 0.179683 0.186485 0.041691
0.617265 0.186485 1.559507 0.465066
0.177423 0.041691 0.465066 0.169695
10.389269 1.407815 0.390485 -2.057138
1.135819 0.324262 0.586148 0.144639
0.324262 0.139151 0.147991 0.027604
0.586148 0.147991 1.642735 0.438679
0.144639 0.027604 0.438679 0.144830
11.955256 1.643563 -0.627843 -2.068822
1.049561 0.278277 0.468860 0.098802
0.278277 0.113498 0.093045 0.012505
0.468860 0.093045 1.841972 0.448438
0.098802 0.012505 0.448438 0.134987
13.175057 1.720719 -0.413610 -1.792644
0.911497 0.224792 0.439269 0.083668
0.224792 0.090382 0.076845 0.009363
0.439269 0.076845 1.796052 0.399585
0.083668 0.009363 0.399585 0.113695
14.163482 1.758881 -1.654387 -1.867347
0.887080 0.207825 0.385504 0.064701
0.207825 0.080535 0.053561 0.004653
0.385504 0.053561 1.969966 0.406724
0.064701 0.004653 0.406724 0.108425
15.536049 1.871714 -2.523323 -1.863600
0.830637 0.186361 0.297145 0.043102
0.186361 0.071490 0.029000 0.000532
0.297145 0.029000 2.022197 0.390155
0.043102 0.000532 0.390155 0.099769
16.413553 1.869848 -4.059891 -1.973497
0.822871 0.177802 0.250017 0.031734
0.177802 0.066610 0.017489 -0.000846
0.250017 0.017489 2.072287 0.375710
0.031734 -0.000846 0.375710 0.092943
17.044102 1.797726 -4.614903 -1.893931
0.783782 0.163087 0.238365 0.028792
0.163087 0.061071 0.019159 0.000300
0.238365 0.019159 1.888320 0.323041
0.028792 0.000300 0.323041 0.080608
17.675599 1.759228 -6.633328 -2.066845
0.803506 0.162936 0.202260 0.021386
0.162936 0.059577 0.012410 -0.000362
0.202260 0.012410 1.878271 0.307101
0.021386 -0.000362 0.307101 0.076228
17.945200 1.623906 -6.775649 -1.917200
0.770548 0.151676 0.211394 0.022897
0.151676 0.055976 0.019759 0.001414
0.211394 0.019759 1.575094 0.246751
0.022897 0.001414 0.246751 0.065399
18.447226 1.571030 -8.318136 -2.003227
0.781876 0.151194 0.182077 0.017777
0.151194 0.055207 0.015132 0.000983
0.182077 0.015132 1.498383 0.228862
0.017777 0.000983 0.228862 0.062475
19.086223 1.536443 -8.832960 -1.927728
0.761696 0.144943 0.146732 0.012706
0.144943 0.053497 0.011152 0.000744
0.146732 0.011152 1.316117 0.197351
0.012706 0.000744 0.197351 0.057859
19.624787 1.491094 -9.656418 -1.903970
0.758076 0.142514 0.124481 0.009819
0.142514 0.052747 0.008953 0.000714
0.124481 0.008953 1.204077 0.179263
0.009819 0.000714 0.179263 0.055653
19.833105 1.394630 -10.997189 -1.956485
0.780195 0.145084 0.124556 0.010209
0.145084 0.053030 0.010427 0.001154
0.124556 0.010427 1.142198 0.170095
0.010209 0.001154 0.170095 0.054911
20.300191 1.358339 -12.582239 -2.045706
0.809760 0.149203 0.103747 0.007368
0.149203 0.053676 0.007679 0.000895
0.103747 0.007679 1.090391 0.163498
0.007368 0.000895 0.163498 0.054619
20.619886 1.296410 -14.015287 -2.104791
0.839504 0.153023 0.093641 0.006352
0.153023 0.054235 0.007238 0.000988
0.093641 0.007238 1.022399 0.154827
0.006352 0.000988 0.154827 0.053962
21.112632 1.265539 -14.759511 -2.055861
0.848685 0.153043 0.074301 0.004137
0.153043 0.054122 0.005329 0.000862
0.074301 0.005329 0.921838 0.141703
0.004137 0.000862 0.141703 0.052600
21.540390 1.230992 -16.066196 -2.098223
0.880295 0.157223 0.063273 0.003105
0.157223 0.054809 0.004483 0.000849
0.063273 0.004483 0.874738 0.137462
0.003105 0.000849 0.137462 0.052597
22.155012 1.233524 -17.508294 -2.161615
0.918902 0.162503 0.046204 0.001054
0.162503 0.055684 0.002458 0.000617
0.046204 0.002458 0.837922 0.134854
0.001054 0.000617 0.134854 0.052750
22.691920 1.218738 -18.449092 -2.138032
0.944365 0.165151 0.037121 0.000457
0.165151 0.056058 0.002015 0.000651
0.037121 0.002015 0.781705 0.128770
0.000457 0.000651 0.128770 0.052193
23.559346 1.259406 -18.661262 -1.994386
0.946481 0.163803 0.016847 -0.001978
0.163803 0.055768 -0.000403 0.000344
0.016847 -0.000403 0.708547 0.119787
-0.001978 0.000344 0.119787 0.051061
24.248514 1.271159 -20.102997 -2.072086
0.995414 0.170766 0.014450 -0.001509
0.170766 0.056962 0.000023 0.000478
0.014450 0.000023 0.704914 0.122770
-0.001509 0.000478 0.122770 0.051913
25.232694 1.328770 -20.498153 -1.958877
1.010661 0.171627 0.002048 -0.002833
0.171627 0.057063 -0.001287 0.000293
0.002048 -0.001287 0.658997 0.117537
-0.002833 0.000293 0.117537 0.051132
25.702670 1.296589 -21.842179 -2.025080
1.058218 0.178035 0.017786 0.000866
0.178035 0.058126 0.002029 0.000925
0.017786 0.002029 0.661512 0.120875
0.000866 0.000925 0.120875 0.051832
25.841617 1.211558 -22.635092 -1.983278
1.085708 0.180767 0.041710 0.005771
0.180767 0.058529 0.006339 0.001691
0.041710 0.006339 0.643798 0.119723
0.005771 0.001691 0.119723 0.051555
26.241242 1.177160 -23.215846 -1.905207
1.110539 0.183082 0.051954 0.007661
0.183082 0.058878 0.007957 0.001892
0.051954 0.007957 0.622438 0.117559
0.007661 0.001892 0.117559 0.051034
26.659723 1.149357 -24.161374 -1.903467
1.150670 0.187936 0.063327 0.009556
0.187936 0.059656 0.009576 0.002079
0.063327 0.009576 0.618943 0.118573
0.009556 0.002079 0.118573 0.051093
27.752730 1.234448 -25.822680 -2.042451
1.224927 0.198156 0.060068 0.008355
0.198156 0.061283 0.008651 0.001754
0.060068 0.008651 0.634947 0.122959
0.008355 0.001754 0.122959 0.051753
28.805021 1.303883 -26.758706 -2.027124
1.275264 0.203897 0.061324 0.008213
0.203897 0.062101 0.008592 0.001649
0.061324 0.008592 0.621575 0.120940
0.008213 0.001649 0.120940 0.051077
28.781826 1.197429 -27.896405 -2.049308
1.317993 0.208135 0.099303 0.015303
0.208135 0.062654 0.014319 0.002697
0.099303 0.014319 0.623407 0.121737
0.015303 0.002697 0.121737 0.050969
29.452676 1.210373 -29.477502 -2.158853
1.389756 0.216878 0.116417 0.017554
0.216878 0.063927 0.016297 0.002911
0.116417 0.016297 0.633265 0.123911
0.017554 0.002911 0.123911 0.051142
29.186204 1.073904 -30.065571 -2.058392
1.417887 0.218351 0.151104 0.023282
0.218351 0.064014 0.020979 0.003688
0.151104 0.020979 0.614665 0.120066
0.023282 0.003688 0.120066 0.050099
29.787067 1.083021 -30.966857 -2.033542
1.469699 0.223734 0.158604 0.023079
0.223734 0.064764 0.021168 0.003517
0.158604 0.021168 0.605096 0.118356
0.023079 0.003517 0.118356 0.049591
31.141353 1.207131 -32.187777 -2.079169
1.543338 0.232335 0.154394 0.020536
0.232335 0.066000 0.019633 0.003028
0.154394 0.019633 0.602885 0.118205
0.020536 0.003028 0.118205 0.049439
31.589910 1.188092 -33.828070 -2.197102
1.618386 0.240499 0.184361 0.025090
0.240499 0.067089 0.023303 0.003640
0.184361 0.023303 0.618278 0.121207
0.025090 0.003640 0.121207 0.049866
32.740056 1.267704 -34.606171 -2.137953
1.678311 0.246241 0.191750 0.024937
0.246241 0.067812 0.023666 0.003577
0.191750 0.023666 0.601922 0.117729
0.024937 0.003577 0.117729 0.049007
34.214131 1.388410 -35.457296 -2.101789
1.746510 0.253025 0.201705 0.025344
0.253025 0.068682 0.024415 0.003609
0.201705 0.024415 0.592219 0.115812
0.025344 0.003609 0.115812 0.048528
34.447241 1.319926 -36.284751 -2.053192
1.786780 0.255275 0.243546 0.032412
0.255275 0.068846 0.029688 0.004598
0.243546 0.029688 0.593934 0.115984
0.032412 0.004598 0.115984 0.048439
35.714485 1.402018 -36.866651 -1.970437
1.844194 0.260363 0.261168 0.033928
0.260363 0.069491 0.031293 0.004762
0.261168 0.031293 0.586141 0.114396
0.033928 0.004762 0.114396 0.048047
36.952783 1.475667 -37.654039 -1.936572
1.906222 0.265914 0.288716 0.037376
0.265914 0.070187 0.034164 0.005187
0.288716 0.034164 0.590161 0.115134
0.037376 0.005187 0.115134 0.048120
36.969719 1.371403 -38.340291 -1.871501
1.934885 0.266419 0.338091 0.045415
0.266419 0.070137 0.039904 0.006236
0.338091 0.039904 0.601436 0.116928
0.045415 0.006236 0.116928 0.048331
