3.420919 2.330492 2.809550 0.231797
2.242561 0.897044 -1.097342 -0.438946
0.897044 80.362892 -0.438946 -0.175582
-1.097342 -0.438946 3.185618 1.274275
-0.438946 -0.175582 1.274275 80.513788
5.516380 3.814865 1.128728 -2.727545
2.788979 4.826690 -1.325046 -1.987672
4.826690 15.888147 -2.079229 -6.165017
-1.325046 -2.079229 2.939241 4.859383
-1.987672 -6.165017 4.859383 18.221421
5.640347 1.883817 2.011250 -0.230829
1.522645 1.698171 0.216667 0.323553
1.698171 3.705044 0.257100 -0.472655
0.216667 0.257100 0.696956 0.812246
0.323553 -0.472655 0.812246 3.353592
6.977613 2.029014 3.364671 1.314894
1.369146 1.201852 -0.088606 -0.204177
1.201852 1.697262 -0.198460 -0.520909
-0.088606 -0.198460 0.899200 0.972600
-0.204177 -0.520909 0.972600 1.752129
7.631079 1.587645 6.625789 3.394825
0.651478 0.440264 -0.013456 -0.039276
0.440264 0.587231 -0.083491 -0.152524
-0.013456 -0.083491 0.978862 0.776590
-0.039276 -0.152524 0.776590 0.887565
7.698043 1.258690 6.218393 2.126176
0.739317 0.452864 -0.368636 -0.254365
0.452864 0.430772 -0.261784 -0.204850
-0.368636 -0.261784 0.947216 0.596754
-0.254365 -0.204850 0.596754 0.513076
8.745403 1.478505 6.664429 1.809220
0.870375 0.448304 -0.467818 -0.245938
0.448304 0.321904 -0.250784 -0.145118
-0.467818 -0.250784 1.106601 0.565547
-0.245938 -0.145118 0.565547 0.370495
9.165003 1.341618 8.450618 2.184919
0.934388 0.407675 -0.478316 -0.202373
0.407675 0.238458 -0.205653 -0.095272
-0.478316 -0.205653 1.090541 0.464590
-0.202373 -0.095272 0.464590 0.253015
9.474300 1.195938 8.780665 1.900620
0.924896 0.348281 -0.477484 -0.169229
0.348281 0.175609 -0.171896 -0.066595
-0.477484 -0.171896 1.032325 0.377538
-0.169229 -0.066595 0.377538 0.179313
9.127350 0.879523 10.008104 1.980587
0.844590 0.280357 -0.426093 -0.129826
0.280357 0.128415 -0.132227 -0.044502
-0.426093 -0.132227 0.882698 0.283909
-0.129826 -0.044502 0.283909 0.124775
10.695329 1.198418 9.351850 1.507986
0.755643 0.225404 -0.392503 -0.105673
0.225404 0.097228 -0.108102 -0.032463
-0.392503 -0.108102 0.743504 0.215083
-0.105673 -0.032463 0.215083 0.091118
10.741339 1.063329 11.197898 1.799498
0.724581 0.198543 -0.354009 -0.084617
0.198543 0.081213 -0.086455 -0.023394
-0.354009 -0.086455 0.698498 0.186453
-0.084617 -0.023394 0.186453 0.075963
11.759775 1.187797 11.890023 1.755558
0.660993 0.168928 -0.285984 -0.060718
0.168928 0.068072 -0.061549 -0.015355
-0.285984 -0.061549 0.647562 0.162275
-0.060718 -0.015355 0.162275 0.065229
12.160369 1.137067 12.664035 1.725875
0.622427 0.149969 -0.259425 -0.050641
0.149969 0.059896 -0.051329 -0.012102
-0.259425 -0.051329 0.604034 0.143272
-0.050641 -0.012102 0.143272 0.057583
12.584566 1.100841 13.452918 1.705165
0.603766 0.138845 -0.240322 -0.043473
0.138845 0.055082 -0.044061 -0.009888
-0.240322 -0.044061 0.581499 0.132213
-0.043473 -0.009888 0.132213 0.053155
13.339878 1.148573 14.328305 1.715041
0.554190 0.123052 -0.197221 -0.032565
0.123052 0.050187 -0.032973 -0.007231
-0.197221 -0.032973 0.532850 0.117522
-0.032565 -0.007231 0.117522 0.048780
13.556250 1.074307 15.444037 1.764703
0.508899 0.110271 -0.165757 -0.025523
0.110271 0.046656 -0.026139 -0.005782
-0.165757 -0.026139 0.475194 0.102620
-0.025523 -0.005782 0.102620 0.044946
14.428288 1.158223 16.761884 1.868938
0.494759 0.105811 -0.146119 -0.021122
0.105811 0.045418 -0.021642 -0.004806
-0.146119 -0.021642 0.460643 0.098839
-0.021122 -0.004806 0.098839 0.044012
15.304463 1.221700 17.637887 1.862679
0.485053 0.102807 -0.133083 -0.018513
0.102807 0.044653 -0.018877 -0.004268
-0.133083 -0.018877 0.454442 0.097216
-0.018513 -0.004268 0.097216 0.043638
16.356947 1.314924 18.461865 1.848619
0.475344 0.100300 -0.117425 -0.015544
0.100300 0.044125 -0.015707 -0.003665
-0.117425 -0.015707 0.452867 0.096877
-0.015544 -0.003665 0.096877 0.043610
16.762531 1.269121 19.803207 1.934673
0.455362 0.096212 -0.087249 -0.009836
0.096212 0.043378 -0.010184 -0.002613
-0.087249 -0.010184 0.427016 0.091577
-0.009836 -0.002613 0.091577 0.042565
17.129892 1.209301 20.636443 1.900448
0.451519 0.095521 -0.082152 -0.009728
0.095521 0.043328 -0.010034 -0.002726
-0.082152 -0.010034 0.422591 0.090970
-0.009728 -0.002726 0.090970 0.042527
17.463048 1.162303 22.284085 2.048861
0.439764 0.093425 -0.064775 -0.006926
0.093425 0.043022 -0.007303 -0.002242
-0.064775 -0.007303 0.407134 0.088190
-0.006926 -0.002242 0.088190 0.042051
18.353254 1.228450 23.280348 2.047149
0.422128 0.090062 -0.058630 -0.006780
0.090062 0.042417 -0.007014 -0.002311
-0.058630 -0.007014 0.395830 0.086342
-0.006780 -0.002311 0.086342 0.041755
18.952933 1.226853 24.428520 2.074589
0.414739 0.089234 -0.049104 -0.005559
0.089234 0.042402 -0.005772 -0.002079
-0.049104 -0.005772 0.390030 0.085850
-0.005559 -0.002079 0.085850 0.041770
19.648274 1.243478 25.351268 2.049944
0.416823 0.090312 -0.052527 -0.007076
0.090312 0.042738 -0.007198 -0.002403
-0.052527 -0.007198 0.394948 0.087536
-0.007076 -0.002403 0.087536 0.042202
20.085164 1.205138 26.597203 2.097561
0.418576 0.091234 -0.046562 -0.006213
0.091234 0.043005 -0.006315 -0.002155
-0.046562 -0.006315 0.399148 0.088909
-0.006213 -0.002155 0.088909 0.042526
20.836097 1.239338 27.831219 2.140422
0.424981 0.092868 -0.056767 -0.008914
0.092868 0.043353 -0.008875 -0.002677
-0.056767 -0.008875 0.414362 0.092391
-0.008914 -0.002677 0.092391 0.043244
21.487689 1.246694 28.941153 2.149582
0.417851 0.091449 -0.052216 -0.008059
0.091449 0.043018 -0.007981 -0.002388
-0.052216 -0.007981 0.414800 0.092311
-0.008059 -0.002388 0.092311 0.043131
22.317392 1.287489 29.442337 2.023327
0.407109 0.089254 -0.057140 -0.009370
0.089254 0.042518 -0.009269 -0.002616
-0.057140 -0.009269 0.407097 0.090346
-0.009370 -0.002616 0.090346 0.042601
23.138390 1.325905 30.356154 2.002995
0.408278 0.089878 -0.060011 -0.009933
0.089878 0.042680 -0.009811 -0.002631
-0.060011 -0.009811 0.412738 0.091587
-0.009933 -0.002631 0.091587 0.042853
23.763300 1.321186 31.781253 2.097072
0.409200 0.090298 -0.065260 -0.010950
0.090298 0.042759 -0.010748 -0.002741
-0.065260 -0.010748 0.425288 0.094214
-0.010950 -0.002741 0.094214 0.043387
24.534238 1.347802 33.049182 2.146816
0.405258 0.089435 -0.081543 -0.014352
0.089435 0.042513 -0.014049 -0.003388
-0.081543 -0.014049 0.437543 0.096411
-0.014352 -0.003388 0.096411 0.043761
24.734011 1.239092 33.861197 2.084052
0.381655 0.084458 -0.074691 -0.012506
0.084458 0.041412 -0.012072 -0.002865
-0.074691 -0.012072 0.431127 0.094528
-0.012506 -0.002865 0.094528 0.043268
25.473698 1.259578 34.338208 1.960805
0.394472 0.087903 -0.082953 -0.013826
0.087903 0.042241 -0.013620 -0.003100
-0.082953 -0.013620 0.435203 0.095040
-0.013826 -0.003100 0.095040 0.043335
26.382745 1.319761 35.086842 1.913239
0.405010 0.090472 -0.084342 -0.013578
0.090472 0.042786 -0.013513 -0.002979
-0.084342 -0.013513 0.438381 0.095429
-0.013578 -0.002979 0.095429 0.043400
26.795433 1.261603 35.869608 1.871859
0.407808 0.090948 -0.087649 -0.013940
0.090948 0.042794 -0.013859 -0.003016
-0.087649 -0.013859 0.444839 0.096516
-0.013940 -0.003016 0.096516 0.043615
27.953341 1.375963 36.479401 1.807654
0.386243 0.085962 -0.083942 -0.013113
0.085962 0.041596 -0.012797 -0.002830
-0.083942 -0.012797 0.440024 0.095167
-0.013113 -0.002830 0.095167 0.043305
29.495485 1.567514 37.248599 1.790264
0.383374 0.085556 -0.089345 -0.014127
0.085556 0.041516 -0.013773 -0.003050
-0.089345 -0.013773 0.447364 0.096530
-0.014127 -0.003050 0.096530 0.043602
30.233547 1.554103 37.943817 1.745985
0.396756 0.088770 -0.098723 -0.015707
0.088770 0.042236 -0.015566 -0.003385
-0.098723 -0.015566 0.457006 0.098238
-0.015707 -0.003385 0.098238 0.043946
31.014307 1.554503 38.788685 1.739925
0.396287 0.088621 -0.097283 -0.015047
0.088621 0.042152 -0.014869 -0.003212
-0.097283 -0.014869 0.459744 0.098487
-0.015047 -0.003212 0.098487 0.043986
31.168549 1.411692 39.590016 1.715168
0.395770 0.088392 -0.100095 -0.015432
0.088392 0.042041 -0.015272 -0.003309
-0.100095 -0.015272 0.462209 0.098639
-0.015432 -0.003309 0.098639 0.043998
32.297234 1.516878 40.990088 1.839397
0.410625 0.091652 -0.104332 -0.015879
0.091652 0.042736 -0.015807 -0.003376
-0.104332 -0.015807 0.476282 0.101321
-0.015879 -0.003376 0.101321 0.044569
32.651263 1.430695 42.232668 1.902231
0.414699 0.092165 -0.106116 -0.015990
0.092165 0.042754 -0.015948 -0.003409
-0.106116 -0.015948 0.480554 0.101717
-0.015990 -0.003409 0.101717 0.044613
33.336253 1.422338 43.095055 1.882698
0.431294 0.095490 -0.107810 -0.015901
0.095490 0.043422 -0.016298 -0.003441
-0.107810 -0.016298 0.472653 0.099542
-0.015901 -0.003441 0.099542 0.044125
34.148941 1.449160 44.275449 1.935595
0.418427 0.092255 -0.088845 -0.011952
0.092255 0.042651 -0.012162 -0.002630
-0.088845 -0.012162 0.454834 0.095883
-0.011952 -0.002630 0.095883 0.043446
35.020176 1.472587 44.674023 1.815925
0.387728 0.085760 -0.049310 -0.004249
0.085760 0.041307 -0.004515 -0.001182
-0.049310 -0.004515 0.396816 0.084288
-0.004249 -0.001182 0.084288 0.041181
35.408178 1.396447 45.712294 1.839289
0.404959 0.089822 -0.060387 -0.007360
0.089822 0.042273 -0.007867 -0.002037
-0.060387 -0.007867 0.398249 0.085700
-0.007360 -0.002037 0.085700 0.041705
36.244555 1.427432 46.638963 1.842655
0.430097 0.095277 -0.069297 -0.009550
0.095277 0.043467 -0.010403 -0.002593
-0.069297 -0.010403 0.391691 0.085141
-0.009550 -0.002593 0.085141 0.041711
36.943312 1.422327 47.417014 1.810653
0.440532 0.097086 -0.064941 -0.008756
0.097086 0.043783 -0.009948 -0.002477
-0.064941 -0.009948 0.360733 0.079255
-0.008756 -0.002477 0.079255 0.040523
