0.363101 1.107338 2.355437 0.050148
1.999734 0.799911 -0.062828 -0.025132
0.799911 80.324038 -0.025132 -0.010053
-0.062828 -0.025132 3.680238 1.472127
-0.025132 -0.010053 1.472127 80.592930
2.978892 4.809571 4.385755 3.371418
1.908981 3.408909 -1.672322 -2.750949
3.408909 13.080810 -2.977981 -5.072366
-1.672322 -2.977981 3.062149 5.046695
-2.750949 -5.072366 5.046695 19.956251
6.233723 5.301324 1.762017 -1.813987
2.530615 3.008772 -1.128509 -0.831495
3.008772 5.024871 -0.960487 -0.971475
-1.128509 -0.960487 3.390982 3.975418
-0.831495 -0.971475 3.975418 7.183464
5.803298 2.822251 2.405341 -0.773801
1.158819 0.994330 0.730801 0.723026
0.994330 1.378036 0.652775 0.405071
0.730801 0.652775 1.006259 0.918487
0.723026 0.405071 0.918487 1.730791
6.666730 2.446777 1.736976 -0.932570
1.203225 0.847261 0.429315 0.187608
0.847261 0.836230 0.195016 -0.033770
0.429315 0.195016 1.059224 0.839539
0.187608 -0.033770 0.839539 1.038927
8.257657 2.563642 2.446995 -0.194925
1.247569 0.717365 0.118703 -0.050299
0.717365 0.537312 -0.018054 -0.106513
0.118703 -0.018054 1.054000 0.682654
-0.050299 -0.106513 0.682654 0.619973
9.983956 2.715583 3.456395 0.360283
1.146572 0.542386 -0.031053 -0.089591
0.542386 0.332464 -0.070865 -0.077868
-0.031053 -0.070865 1.078612 0.570679
-0.089591 -0.077868 0.570679 0.400944
8.620964 1.583548 5.121454 1.120551
0.383540 0.148880 0.114862 0.034946
0.148880 0.110120 0.012563 -0.001690
0.114862 0.012563 1.004711 0.435836
0.034946 -0.001690 0.435836 0.251831
9.870867 1.725644 6.764600 1.514383
0.450326 0.166961 0.033039 -0.002033
0.166961 0.101534 -0.013275 -0.009889
0.033039 -0.013275 0.967240 0.363890
-0.002033 -0.009889 0.363890 0.182867
10.958269 1.788036 8.274525 1.759112
0.510008 0.174453 -0.023623 -0.019404
0.174453 0.091478 -0.025374 -0.011254
-0.023623 -0.025374 0.915842 0.304490
-0.019404 -0.011254 0.304490 0.137675
12.021613 1.837970 9.384837 1.825333
0.556276 0.174598 -0.082067 -0.032688
0.174598 0.081934 -0.036737 -0.012268
-0.082067 -0.036737 0.886146 0.265156
-0.032688 -0.012268 0.265156 0.110197
13.175092 1.902121 10.745898 1.945251
0.590225 0.170288 -0.103130 -0.032936
0.170288 0.073517 -0.035651 -0.009919
-0.103130 -0.035651 0.841453 0.229552
-0.032936 -0.009919 0.229552 0.090157
13.585009 1.759410 11.174827 1.810235
0.590798 0.158032 -0.146273 -0.038852
0.158032 0.065111 -0.041414 -0.009949
-0.146273 -0.041414 0.796591 0.201041
-0.038852 -0.009949 0.201041 0.076319
14.519905 1.773832 12.671511 1.950270
0.570084 0.142858 -0.143603 -0.033332
0.142858 0.057836 -0.035321 -0.007386
-0.143603 -0.035321 0.716823 0.169446
-0.033332 -0.007386 0.169446 0.064531
15.301659 1.748075 13.498421 1.916287
0.567875 0.135045 -0.130385 -0.026656
0.135045 0.053813 -0.028170 -0.005123
-0.130385 -0.028170 0.683768 0.153745
-0.026656 -0.005123 0.153745 0.058469
14.496334 1.369828 15.442372 2.118089
0.548522 0.124973 -0.109376 -0.019671
0.124973 0.050117 -0.021101 -0.003316
-0.109376 -0.021101 0.590526 0.127615
-0.019671 -0.003316 0.127615 0.051228
14.985290 1.326805 16.557853 2.128256
0.561564 0.123753 -0.107680 -0.017629
0.123753 0.049038 -0.018949 -0.002764
-0.107680 -0.018949 0.581567 0.122802
-0.017629 -0.002764 0.122802 0.049518
15.692546 1.336931 17.688708 2.142701
0.544765 0.116624 -0.106402 -0.016418
0.116624 0.046958 -0.017642 -0.002555
-0.106402 -0.017642 0.544994 0.112977
-0.016418 -0.002555 0.112977 0.047043
16.770658 1.421893 18.592911 2.112888
0.535103 0.112544 -0.076276 -0.009427
0.112544 0.045949 -0.010265 -0.001103
-0.076276 -0.010265 0.536291 0.110510
-0.009427 -0.001103 0.110510 0.046483
17.393425 1.405507 19.834180 2.149998
0.531668 0.110320 -0.063269 -0.006727
0.110320 0.045463 -0.007469 -0.000727
-0.063269 -0.007469 0.523637 0.107362
-0.006727 -0.000727 0.107362 0.045814
17.451522 1.269503 20.637818 2.086817
0.521280 0.107106 -0.054216 -0.005234
0.107106 0.044866 -0.005953 -0.000649
-0.054216 -0.005953 0.500372 0.102375
-0.005234 -0.000649 0.102375 0.044837
18.222080 1.295054 21.444308 2.039410
0.521253 0.106514 -0.049295 -0.004621
0.106514 0.044893 -0.005190 -0.000683
-0.049295 -0.005190 0.501887 0.102963
-0.004621 -0.000683 0.102963 0.045088
19.200797 1.365636 22.782307 2.108368
0.515247 0.104992 -0.036642 -0.002518
0.104992 0.044762 -0.002955 -0.000398
-0.036642 -0.002955 0.500886 0.103053
-0.002518 -0.000398 0.103053 0.045218
19.849052 1.353608 23.211720 1.978936
0.505985 0.102915 -0.042496 -0.004425
0.102915 0.044503 -0.004766 -0.000953
-0.042496 -0.004766 0.490535 0.101024
-0.004425 -0.000953 0.101024 0.044852
20.592620 1.369149 24.460050 2.033141
0.488394 0.099458 -0.044513 -0.005363
0.099458 0.043992 -0.005577 -0.001236
-0.044513 -0.005577 0.479193 0.099011
-0.005363 -0.001236 0.099011 0.044522
21.601789 1.434385 25.274254 1.993407
0.475669 0.097482 -0.027789 -0.002219
0.097482 0.043840 -0.002402 -0.000635
-0.027789 -0.002402 0.471575 0.098064
-0.002219 -0.000635 0.098064 0.044453
22.070160 1.385529 26.695222 2.080659
0.464740 0.096034 -0.006378 0.001687
0.096034 0.043777 0.001551 0.000100
-0.006378 0.001551 0.471646 0.098754
0.001687 0.000100 0.098754 0.044708
22.520600 1.335676 27.877427 2.109335
0.446218 0.092975 0.003091 0.002781
0.092975 0.043324 0.002712 0.000208
0.003091 0.002712 0.465152 0.097826
0.002781 0.000208 0.097826 0.044554
23.012326 1.298051 28.730611 2.066259
0.447271 0.094184 0.011306 0.003721
0.094184 0.043758 0.003671 0.000324
0.011306 0.003671 0.470614 0.099423
0.003721 0.000324 0.099423 0.044925
23.076609 1.173957 29.743676 2.061281
0.441395 0.093672 0.014781 0.003680
0.093672 0.043741 0.003655 0.000257
0.014781 0.003655 0.476659 0.100906
0.003680 0.000257 0.100906 0.045220
23.862270 1.216400 30.861434 2.079686
0.438115 0.093646 0.007067 0.001407
0.093646 0.043794 0.001367 -0.000250
0.007067 0.001367 0.485175 0.102725
0.001407 -0.000250 0.102725 0.045554
24.834716 1.294568 32.076184 2.116326
0.440769 0.094788 0.000201 -0.000356
0.094788 0.044064 -0.000425 -0.000582
0.000201 -0.000425 0.499306 0.105537
-0.000356 -0.000582 0.105537 0.046071
25.073525 1.206384 33.147497 2.119525
0.413420 0.089237 0.001422 -0.000137
0.089237 0.042839 -0.000213 -0.000446
0.001422 -0.000213 0.497906 0.104800
-0.000137 -0.000446 0.104800 0.045804
25.376197 1.140869 34.259422 2.130820
0.430067 0.093677 -0.002854 -0.001100
0.093677 0.043870 -0.001197 -0.000585
-0.002854 -0.001197 0.517816 0.108655
-0.001100 -0.000585 0.108655 0.046546
26.285031 1.215127 34.930246 2.048190
0.420066 0.091737 -0.006463 -0.001761
0.091737 0.043383 -0.001881 -0.000642
-0.006463 -0.001881 0.514142 0.107238
-0.001761 -0.000642 0.107238 0.046136
27.717495 1.395819 36.234513 2.105868
0.392802 0.086129 -0.024225 -0.005278
0.086129 0.042126 -0.005601 -0.001330
-0.024225 -0.005601 0.523430 0.108738
-0.005278 -0.001330 0.108738 0.046398
28.149895 1.336944 37.131629 2.073508
0.397524 0.087990 -0.037852 -0.007616
0.087990 0.042597 -0.008069 -0.001713
-0.037852 -0.008069 0.534390 0.110480
-0.007616 -0.001713 0.110480 0.046702
28.930714 1.361931 38.147814 2.069506
0.411415 0.091582 -0.037530 -0.006879
0.091582 0.043377 -0.007244 -0.001406
-0.037530 -0.007244 0.543601 0.111774
-0.006879 -0.001406 0.111774 0.046910
29.309017 1.293451 38.861341 2.002810
0.399169 0.088881 -0.038116 -0.006547
0.088881 0.042664 -0.006812 -0.001255
-0.038116 -0.006812 0.542768 0.110968
-0.006547 -0.001255 0.110968 0.046692
29.873211 1.272699 39.286957 1.885085
0.425467 0.095024 -0.035557 -0.005525
0.095024 0.043994 -0.005830 -0.000993
-0.035557 -0.005830 0.533433 0.108610
-0.005525 -0.000993 0.108610 0.046203
29.640034 1.076056 39.555756 1.743954
0.414477 0.092144 -0.035957 -0.005432
0.092144 0.043178 -0.005675 -0.000979
-0.035957 -0.005675 0.523997 0.106517
-0.005432 -0.000979 0.106517 0.045822
30.228477 1.086855 40.342414 1.726822
0.422295 0.093761 -0.035694 -0.005164
0.093761 0.043461 -0.005355 -0.000920
-0.035694 -0.005355 0.531671 0.108150
-0.005164 -0.000920 0.108150 0.046236
30.998508 1.139097 41.595975 1.807461
0.435213 0.096345 -0.034433 -0.004732
0.096345 0.043943 -0.004846 -0.000830
-0.034433 -0.004846 0.548108 0.111438
-0.004732 -0.000830 0.111438 0.046948
31.701645 1.167989 42.387222 1.785328
0.431234 0.094989 -0.026287 -0.003067
0.094989 0.043533 -0.003018 -0.000504
-0.026287 -0.003018 0.543453 0.110194
-0.003067 -0.000504 0.110194 0.046686
32.581219 1.233829 43.461140 1.823523
0.424868 0.093324 -0.012681 -0.000474
0.093324 0.043123 -0.000188 -0.000001
-0.012681 -0.000188 0.539907 0.109367
-0.000474 -0.000001 0.109367 0.046548
32.806785 1.143587 43.294124 1.603432
0.379318 0.083298 0.011715 0.003921
0.083298 0.040935 0.004557 0.000826
0.011715 0.004557 0.492391 0.099776
0.003921 0.000826 0.099776 0.044657
34.030067 1.287339 43.764536 1.537183
0.355280 0.078907 0.043285 0.009617
0.078907 0.040156 0.010676 0.001935
0.043285 0.010676 0.468242 0.095736
0.009617 0.001935 0.095736 0.044027
34.783943 1.312313 44.401276 1.509757
0.372221 0.083910 0.043555 0.008534
0.083910 0.041477 0.009412 0.001494
0.043555 0.009412 0.457902 0.094698
0.008534 0.001494 0.094698 0.044001
35.411681 1.304072 45.697493 1.623268
0.406612 0.092283 0.027456 0.004183
0.092283 0.043401 0.004686 0.000400
0.027456 0.004686 0.470789 0.098517
0.004183 0.000400 0.098517 0.044950
36.067230 1.305474 46.358962 1.591617
0.432849 0.097799 0.020073 0.002229
0.097799 0.044468 0.002737 0.000028
0.020073 0.002737 0.445806 0.093824
0.002229 0.000028 0.093824 0.043973
