2.691091 2.038554 2.480007 0.099977
2.215227 0.886110 -1.008057 -0.403232
0.886110 80.358518 -0.403232 -0.161296
-1.008057 -0.403232 3.254773 1.301937
-0.403232 -0.161296 1.301937 80.524853
2.681479 0.380182 4.522437 3.377136
3.113974 5.400341 -1.536349 -2.330124
5.400341 16.845235 -2.512770 -6.612836
-1.536349 -2.512770 2.545222 4.167536
-2.330124 -6.612836 4.167536 17.222809
2.774942 0.132911 1.847969 -1.888007
1.449210 1.583457 -0.354444 -0.299080
1.583457 3.556250 -0.327510 -1.077213
-0.354444 -0.327510 1.937033 2.302454
-0.299080 -1.077213 2.302454 5.075435
4.660505 1.665209 2.778593 -0.248520
1.829398 1.574295 -0.923955 -0.818318
1.574295 2.032087 -0.803013 -1.015064
-0.923955 -0.803013 1.132517 0.998074
-0.818318 -1.015064 0.998074 1.705064
6.661239 2.445069 3.461589 0.422614
1.336115 0.886179 -0.430436 -0.263432
0.886179 0.908034 -0.282536 -0.314302
-0.430436 -0.282536 0.823898 0.606759
-0.263432 -0.314302 0.606759 0.812970
8.250318 2.638004 4.495133 0.956754
1.169445 0.640411 -0.377308 -0.203320
0.640411 0.529135 -0.213696 -0.192540
-0.377308 -0.213696 0.975545 0.608360
-0.203320 -0.192540 0.608360 0.566580
7.787967 1.805770 5.683933 1.299047
0.432448 0.201868 -0.154513 -0.073700
0.201868 0.205548 -0.080849 -0.084303
-0.154513 -0.080849 0.986951 0.514034
-0.073700 -0.084303 0.514034 0.377020
9.109064 1.988452 6.730892 1.471125
0.537137 0.239649 -0.224018 -0.102163
0.239649 0.181068 -0.106272 -0.076499
-0.224018 -0.106272 1.018914 0.449830
-0.102163 -0.076499 0.449830 0.270182
10.398791 2.108675 6.991888 1.288101
0.602859 0.242982 -0.268704 -0.108263
0.242982 0.150437 -0.111174 -0.062918
-0.268704 -0.111174 0.998400 0.381293
-0.108263 -0.062918 0.381293 0.197183
11.586050 2.156687 7.781977 1.335682
0.642347 0.232159 -0.282015 -0.100061
0.232159 0.123888 -0.102041 -0.048563
-0.282015 -0.102041 0.934056 0.314624
-0.100061 -0.048563 0.314624 0.146192
11.716146 1.847335 8.779603 1.440611
0.588250 0.191717 -0.288802 -0.090416
0.191717 0.095073 -0.092505 -0.037764
-0.288802 -0.092505 0.854170 0.258588
-0.090416 -0.037764 0.258588 0.111783
12.408345 1.776580 9.330275 1.394312
0.567517 0.169579 -0.303174 -0.084902
0.169579 0.078806 -0.087124 -0.030913
-0.303174 -0.087124 0.801222 0.221750
-0.084902 -0.030913 0.221750 0.090797
13.110707 1.728265 10.488529 1.512591
0.569266 0.158262 -0.275095 -0.069449
0.158262 0.069417 -0.070969 -0.022900
-0.275095 -0.070969 0.739113 0.189650
-0.069449 -0.022900 0.189650 0.075595
13.361911 1.568221 11.505991 1.572421
0.541962 0.141297 -0.249663 -0.057465
0.141297 0.060612 -0.058653 -0.017438
-0.249663 -0.058653 0.671377 0.161944
-0.057465 -0.017438 0.161944 0.064485
13.870937 1.507072 12.913735 1.714903
0.537603 0.133208 -0.223195 -0.046972
0.133208 0.055829 -0.048017 -0.013298
-0.223195 -0.048017 0.619816 0.142577
-0.046972 -0.013298 0.142577 0.057327
14.441530 1.467915 14.117129 1.790942
0.511848 0.121324 -0.202875 -0.039644
0.121324 0.051064 -0.040690 -0.010638
-0.202875 -0.040690 0.561317 0.124527
-0.039644 -0.010638 0.124527 0.051645
14.901197 1.400787 14.865113 1.754122
0.513191 0.117601 -0.194571 -0.035586
0.117601 0.049037 -0.036588 -0.008999
-0.194571 -0.036588 0.544617 0.118041
-0.035586 -0.008999 0.118041 0.049333
15.458296 1.366238 15.650595 1.731636
0.492811 0.109854 -0.175554 -0.030082
0.109854 0.046533 -0.030957 -0.007349
-0.175554 -0.030957 0.509775 0.108658
-0.030082 -0.007349 0.108658 0.046773
16.070639 1.343302 16.153661 1.651397
0.470768 0.102725 -0.168550 -0.027881
0.102725 0.044524 -0.028682 -0.006645
-0.168550 -0.028682 0.479741 0.101222
-0.027881 -0.006645 0.101222 0.044905
16.545908 1.315875 17.771309 1.819758
0.454873 0.098309 -0.146601 -0.022579
0.098309 0.043480 -0.023414 -0.005348
-0.146601 -0.023414 0.448534 0.094628
-0.022579 -0.005348 0.094628 0.043487
17.359204 1.359682 19.126336 1.920486
0.438805 0.094544 -0.121143 -0.017063
0.094544 0.042735 -0.017769 -0.004104
-0.121143 -0.017769 0.426961 0.090801
-0.017063 -0.004104 0.090801 0.042796
17.103381 1.154280 20.130766 1.910256
0.435046 0.093648 -0.110109 -0.014960
0.093648 0.042635 -0.015723 -0.003703
-0.110109 -0.015723 0.412951 0.088558
-0.014960 -0.003703 0.088558 0.042405
18.096798 1.240457 20.815497 1.858949
0.411984 0.088879 -0.087600 -0.010867
0.088879 0.041743 -0.011478 -0.002919
-0.087600 -0.011478 0.390578 0.084778
-0.010867 -0.002919 0.084778 0.041712
18.227988 1.142811 22.295554 1.972673
0.414903 0.090112 -0.074653 -0.008647
0.090112 0.042205 -0.009266 -0.002503
-0.074653 -0.009266 0.388562 0.085514
-0.008647 -0.002503 0.085514 0.042001
19.178538 1.222298 23.030595 1.922737
0.393150 0.085802 -0.057559 -0.006050
0.085802 0.041387 -0.006555 -0.002080
-0.057559 -0.006555 0.369376 0.082190
-0.006050 -0.002080 0.082190 0.041308
20.028314 1.275245 23.991336 1.926271
0.394291 0.086775 -0.050099 -0.005314
0.086775 0.041761 -0.005682 -0.001968
-0.050099 -0.005682 0.375468 0.084575
-0.005314 -0.001968 0.084575 0.041898
20.530194 1.249709 25.334729 2.011289
0.387274 0.085782 -0.040614 -0.004149
0.085782 0.041637 -0.004425 -0.001762
-0.040614 -0.004425 0.373480 0.084730
-0.004149 -0.001762 0.084730 0.041894
21.151561 1.250340 26.477128 2.042568
0.395461 0.088076 -0.043455 -0.005576
0.088076 0.042206 -0.005745 -0.002082
-0.043455 -0.005745 0.385716 0.087852
-0.005576 -0.002082 0.087852 0.042520
22.055538 1.313263 27.544298 2.055733
0.398195 0.088851 -0.047889 -0.007140
0.088851 0.042364 -0.007212 -0.002386
-0.047889 -0.007212 0.393340 0.089503
-0.007140 -0.002386 0.089503 0.042744
22.505450 1.268500 28.767629 2.098487
0.394532 0.088064 -0.054779 -0.009037
0.088064 0.042150 -0.008984 -0.002721
-0.054779 -0.008984 0.399988 0.090712
-0.009037 -0.002721 0.090712 0.042856
22.918953 1.221974 30.190376 2.181397
0.391047 0.087472 -0.049903 -0.007971
0.087472 0.042020 -0.007842 -0.002350
-0.049903 -0.007842 0.408390 0.092299
-0.007971 -0.002350 0.092299 0.043088
22.957075 1.093388 31.330936 2.187927
0.370238 0.083043 -0.039726 -0.005914
0.083043 0.041037 -0.005696 -0.001820
-0.039726 -0.005696 0.402486 0.090548
-0.005914 -0.001820 0.090548 0.042573
23.098721 1.001358 32.395458 2.178225
0.362868 0.081913 -0.044108 -0.007169
0.081913 0.040845 -0.006924 -0.002066
-0.044108 -0.006924 0.405857 0.090993
-0.007169 -0.002066 0.090993 0.042599
23.612308 1.003040 33.317207 2.140781
0.369962 0.084071 -0.052514 -0.009027
0.084071 0.041382 -0.008850 -0.002411
-0.052514 -0.008850 0.415272 0.092756
-0.009027 -0.002411 0.092756 0.042930
24.501011 1.090898 34.279571 2.119676
0.371953 0.084762 -0.058834 -0.010237
0.084762 0.041513 -0.010084 -0.002583
-0.058834 -0.010084 0.423545 0.094137
-0.010237 -0.002583 0.094137 0.043166
25.244119 1.137440 35.470506 2.150485
0.392623 0.089603 -0.065748 -0.011297
0.089603 0.042571 -0.011273 -0.002705
-0.065748 -0.011273 0.438381 0.096885
-0.011297 -0.002705 0.096885 0.043703
26.175032 1.217488 36.245898 2.087586
0.380420 0.086361 -0.072615 -0.012556
0.086361 0.041675 -0.012455 -0.002903
-0.072615 -0.012455 0.441050 0.096725
-0.012556 -0.002903 0.096725 0.043568
26.547720 1.164730 37.412484 2.112165
0.370044 0.083926 -0.075787 -0.012891
0.083926 0.041073 -0.012656 -0.002878
-0.075787 -0.012656 0.448608 0.097787
-0.012891 -0.002878 0.097787 0.043752
27.839414 1.326926 38.403470 2.105851
0.343297 0.077963 -0.078135 -0.013248
0.077963 0.039715 -0.012707 -0.002884
-0.078135 -0.012707 0.455824 0.098759
-0.013248 -0.002884 0.098759 0.043922
28.579902 1.340450 39.112305 2.031958
0.345558 0.079158 -0.086171 -0.014512
0.079158 0.040090 -0.014164 -0.003131
-0.086171 -0.014164 0.461104 0.099230
-0.014512 -0.003131 0.099230 0.043978
29.764980 1.462348 40.226687 2.060206
0.351089 0.080982 -0.086428 -0.013990
0.080982 0.040560 -0.013704 -0.002955
-0.086428 -0.013704 0.467581 0.100108
-0.013990 -0.002955 0.100108 0.044163
30.861461 1.545495 41.074748 2.026164
0.346660 0.080297 -0.078358 -0.011951
0.080297 0.040393 -0.011615 -0.002503
-0.078358 -0.011615 0.460185 0.098112
-0.011951 -0.002503 0.098112 0.043752
31.509130 1.517078 42.158710 2.039604
0.365490 0.084913 -0.081801 -0.012314
0.084913 0.041434 -0.012388 -0.002643
-0.081801 -0.012388 0.460409 0.097866
-0.012314 -0.002643 0.097866 0.043737
32.102959 1.468523 42.521151 1.895984
0.377084 0.087352 -0.080095 -0.011702
0.087352 0.041871 -0.012168 -0.002597
-0.080095 -0.012168 0.442133 0.093811
-0.011702 -0.002597 0.093811 0.042928
32.473078 1.371859 42.685607 1.721814
0.381585 0.087877 -0.078357 -0.011288
0.087877 0.041840 -0.011909 -0.002579
-0.078357 -0.011909 0.427436 0.090952
-0.011288 -0.002579 0.090952 0.042442
33.144409 1.362917 43.169796 1.639943
0.385607 0.088324 -0.074087 -0.010391
0.088324 0.041835 -0.010981 -0.002418
-0.074087 -0.010981 0.420159 0.089984
-0.010391 -0.002418 0.089984 0.042394
33.120496 1.203035 44.175131 1.670155
0.399745 0.090887 -0.085562 -0.012872
0.090887 0.042298 -0.013553 -0.002999
-0.085562 -0.013553 0.429201 0.092372
-0.012872 -0.002999 0.092372 0.043001
33.497204 1.152907 45.099259 1.686324
0.400839 0.090534 -0.078941 -0.011355
0.090534 0.042139 -0.011958 -0.002658
-0.078941 -0.011958 0.421305 0.091038
-0.011355 -0.002658 0.091038 0.042774
34.154536 1.176778 46.328142 1.772261
0.430041 0.096479 -0.087582 -0.012936
0.096479 0.043410 -0.013858 -0.003023
-0.087582 -0.013858 0.424579 0.092005
-0.012936 -0.003023 0.092005 0.043009
35.153402 1.261130 46.657343 1.655647
0.415914 0.092725 -0.053534 -0.005634
0.092725 0.042528 -0.006783 -0.001527
-0.053534 -0.006783 0.369521 0.080614
-0.005634 -0.001527 0.080614 0.040617
