3.309084 2.285757 1.770919 -0.183664
2.278525 0.911430 -0.618474 -0.247395
0.911430 80.368646 -0.247395 -0.098960
-0.618474 -0.247395 4.331257 1.732540
-0.247395 -0.098960 1.732540 80.697098
4.626395 2.600584 1.814799 0.042708
3.296777 5.782580 -0.880334 -1.252939
5.782580 17.916084 -1.464413 -3.691928
-0.880334 -1.464413 1.872926 2.964127
-1.252939 -3.691928 2.964127 17.851604
3.673569 0.169308 3.599810 2.172643
2.490163 2.719078 0.200631 0.449966
2.719078 4.860220 0.230927 0.017844
0.200631 0.230927 0.812064 1.074328
0.449966 0.017844 1.074328 4.016765
5.512030 1.674938 3.399350 0.761108
2.003099 1.639050 -0.308781 -0.369519
1.639050 2.071770 -0.367878 -0.564324
-0.308781 -0.367878 1.707199 1.833428
-0.369519 -0.564324 1.833428 2.699299
7.682256 2.549647 2.945375 0.120998
1.816452 1.171477 -0.458212 -0.360518
1.171477 1.108793 -0.350835 -0.326252
-0.458212 -0.350835 1.931772 1.459799
-0.360518 -0.326252 1.459799 1.402093
9.415368 2.796802 2.467055 -0.190967
1.235990 0.651591 -0.155654 -0.092410
0.651591 0.543583 -0.100470 -0.085347
-0.155654 -0.100470 1.614764 0.932391
-0.092410 -0.085347 0.932391 0.696393
8.143357 1.568694 3.926716 0.549406
0.431471 0.194492 0.328975 0.153472
0.194492 0.213743 0.142468 0.051384
0.328975 0.142468 1.108611 0.520737
0.153472 0.051384 0.520737 0.342264
8.470558 1.275228 6.330285 1.446601
0.362477 0.163687 0.197392 0.069132
0.163687 0.157230 0.059072 0.011047
0.197392 0.059072 0.928959 0.377724
0.069132 0.011047 0.377724 0.220515
9.734570 1.524385 7.861364 1.718226
0.428868 0.188722 0.095849 0.018280
0.188722 0.139856 0.008139 -0.007503
0.095849 0.008139 0.879582 0.318836
0.018280 -0.007503 0.318836 0.165237
10.646111 1.603798 8.107145 1.512688
0.489163 0.197461 -0.007905 -0.017997
0.197461 0.120760 -0.030032 -0.016806
-0.007905 -0.030032 0.857483 0.281029
-0.017997 -0.016806 0.281029 0.131419
11.383182 1.545185 10.488760 1.995672
0.550290 0.199472 -0.059354 -0.029630
0.199472 0.104278 -0.037963 -0.015362
-0.059354 -0.037963 0.764398 0.227789
-0.029630 -0.015362 0.227789 0.100875
11.786773 1.433765 10.904016 1.841616
0.579661 0.189498 -0.120706 -0.041054
0.189498 0.088798 -0.049184 -0.015447
-0.120706 -0.049184 0.721258 0.198769
-0.041054 -0.015447 0.198769 0.083873
12.899449 1.555476 11.161208 1.669184
0.590956 0.175669 -0.149242 -0.042185
0.175669 0.076170 -0.049194 -0.013070
-0.149242 -0.049194 0.708822 0.182322
-0.042185 -0.013070 0.182322 0.073575
14.369539 1.744115 12.233358 1.725988
0.591599 0.161817 -0.153138 -0.037628
0.161817 0.066624 -0.043028 -0.009945
-0.153138 -0.043028 0.685675 0.166051
-0.037628 -0.009945 0.166051 0.065424
14.384832 1.523655 12.432849 1.569684
0.551813 0.140551 -0.179418 -0.039541
0.140551 0.057370 -0.044320 -0.009289
-0.179418 -0.044320 0.639322 0.147112
-0.039541 -0.009289 0.147112 0.058210
14.853258 1.453442 13.387901 1.605338
0.554560 0.133854 -0.153252 -0.029693
0.133854 0.053567 -0.033106 -0.006044
-0.153252 -0.033106 0.614279 0.136180
-0.029693 -0.006044 0.136180 0.054092
15.463764 1.433148 14.905771 1.759875
0.569120 0.131343 -0.136105 -0.023296
0.131343 0.051544 -0.026056 -0.004191
-0.136105 -0.026056 0.596576 0.128468
-0.023296 -0.004191 0.128468 0.051351
16.499664 1.515752 16.776915 1.975358
0.537511 0.119447 -0.104787 -0.015478
0.119447 0.047929 -0.017521 -0.002421
-0.104787 -0.017521 0.542056 0.114269
-0.015478 -0.002421 0.114269 0.047707
17.431312 1.551223 17.555881 1.933684
0.511702 0.110754 -0.079238 -0.009818
0.110754 0.045616 -0.011243 -0.001299
-0.079238 -0.011243 0.513970 0.107323
-0.009818 -0.001299 0.107323 0.046041
17.969277 1.502827 18.737295 1.975524
0.515472 0.109713 -0.060192 -0.005775
0.109713 0.045298 -0.006941 -0.000594
-0.060192 -0.006941 0.508958 0.105932
-0.005775 -0.000594 0.105932 0.045722
18.446295 1.452246 20.394312 2.111883
0.495642 0.104094 -0.040856 -0.002418
0.104094 0.044114 -0.003401 -0.000157
-0.040856 -0.003401 0.478646 0.099439
-0.002418 -0.000157 0.099439 0.044377
18.824362 1.372537 20.732595 1.957937
0.482039 0.100275 -0.056001 -0.006457
0.100275 0.043404 -0.007255 -0.001243
-0.056001 -0.007255 0.462501 0.096154
-0.006457 -0.001243 0.096154 0.043742
19.107317 1.290555 21.942209 2.002246
0.478080 0.099439 -0.030465 -0.001406
0.099439 0.043496 -0.002111 -0.000279
-0.030465 -0.002111 0.456367 0.095706
-0.001406 -0.000279 0.095706 0.043842
19.492735 1.237216 23.045190 2.021456
0.485237 0.100949 -0.020425 0.000035
0.100949 0.044032 -0.000565 -0.000115
-0.020425 -0.000565 0.464377 0.098030
0.000035 -0.000115 0.098030 0.044448
19.946210 1.205198 24.420338 2.097494
0.473896 0.098554 -0.008148 0.001738
0.098554 0.043704 0.001250 0.000094
-0.008148 0.001250 0.458292 0.097083
0.001738 0.000094 0.097083 0.044284
20.899812 1.278855 25.573517 2.121616
0.471545 0.098297 0.001320 0.002861
0.098297 0.043841 0.002471 0.000216
0.001320 0.002471 0.464636 0.098786
0.002861 0.000216 0.098786 0.044679
21.757842 1.325351 26.904518 2.179906
0.445191 0.093028 -0.000580 0.001492
0.093028 0.042894 0.001244 -0.000171
-0.000580 0.001244 0.452436 0.096276
0.001492 -0.000171 0.096276 0.044120
22.267519 1.292704 27.760873 2.129690
0.456645 0.096210 0.009295 0.003021
0.096210 0.043786 0.002792 0.000133
0.009295 0.002792 0.466214 0.099549
0.003021 0.000133 0.099549 0.044846
22.343064 1.172040 28.991024 2.164482
0.441094 0.093309 0.012961 0.003139
0.093309 0.043277 0.002960 0.000133
0.012961 0.002960 0.467356 0.099742
0.003139 0.000133 0.099742 0.044835
22.496325 1.080081 29.764426 2.098792
0.434784 0.092587 0.017188 0.003493
0.092587 0.043249 0.003345 0.000210
0.017188 0.003345 0.468292 0.099859
0.003493 0.000210 0.099859 0.044813
22.884720 1.047367 30.929574 2.123685
0.438314 0.093980 0.006618 0.000756
0.093980 0.043647 0.000602 -0.000365
0.006618 0.000602 0.483580 0.103039
0.000756 -0.000365 0.103039 0.045454
23.407764 1.047668 31.759160 2.074383
0.441189 0.095011 -0.001162 -0.001023
0.095011 0.043903 -0.001181 -0.000666
-0.001162 -0.001181 0.491876 0.104418
-0.001023 -0.000666 0.104418 0.045659
24.113237 1.087171 32.616591 2.036121
0.448274 0.096787 -0.011079 -0.003030
0.096787 0.044281 -0.003211 -0.000991
-0.011079 -0.003211 0.503343 0.106371
-0.003030 -0.000991 0.106371 0.045987
24.931966 1.146854 33.341329 1.974252
0.448713 0.096896 -0.016423 -0.003846
0.096896 0.044255 -0.004026 -0.001038
-0.016423 -0.004026 0.508623 0.106874
-0.003846 -0.001038 0.106874 0.045999
26.474173 1.355959 34.635695 2.038365
0.413889 0.089360 -0.032546 -0.006843
0.089360 0.042581 -0.007103 -0.001569
-0.032546 -0.007103 0.514224 0.107470
-0.006843 -0.001569 0.107470 0.046056
27.077900 1.339381 35.325969 1.969851
0.428237 0.093171 -0.034783 -0.006674
0.093171 0.043505 -0.006913 -0.001391
-0.034783 -0.006913 0.521379 0.108406
-0.006674 -0.001391 0.108406 0.046202
27.769675 1.343262 35.919997 1.888979
0.439498 0.095826 -0.043513 -0.007928
0.095826 0.044062 -0.008231 -0.001570
-0.043513 -0.008231 0.527252 0.109049
-0.007928 -0.001570 0.109049 0.046292
27.936983 1.233895 37.050642 1.925504
0.429809 0.093623 -0.043035 -0.007296
0.093623 0.043508 -0.007449 -0.001340
-0.043035 -0.007449 0.540819 0.111324
-0.007296 -0.001340 0.111324 0.046738
28.250688 1.170468 38.648879 2.054401
0.433964 0.094654 -0.040419 -0.006309
0.094654 0.043714 -0.006306 -0.001069
-0.040419 -0.006306 0.565131 0.115671
-0.006309 -0.001069 0.115671 0.047589
29.378269 1.290615 40.006094 2.124238
0.407011 0.088746 -0.039283 -0.005944
0.088746 0.042379 -0.005719 -0.000986
-0.039283 -0.005719 0.579296 0.117608
-0.005944 -0.000986 0.117608 0.047895
30.231577 1.334397 40.700039 2.051099
0.412821 0.090582 -0.035287 -0.004908
0.090582 0.042857 -0.004747 -0.000801
-0.035287 -0.004747 0.567897 0.114343
-0.004908 -0.000801 0.114343 0.047163
30.844096 1.320528 41.389936 1.983429
0.410762 0.090420 -0.031850 -0.004171
0.090420 0.042826 -0.004017 -0.000698
-0.031850 -0.004017 0.557734 0.111778
-0.004171 -0.000698 0.111778 0.046670
31.055191 1.219868 42.128380 1.930306
0.418316 0.092304 -0.035610 -0.004916
0.092304 0.043228 -0.004948 -0.000925
-0.035610 -0.004948 0.550888 0.110179
-0.004916 -0.000925 0.110179 0.046422
31.509145 1.185803 43.172627 1.945319
0.424542 0.093695 -0.032879 -0.004317
0.093695 0.043486 -0.004332 -0.000824
-0.032879 -0.004332 0.548511 0.109722
-0.004317 -0.000824 0.109722 0.046435
31.896800 1.138910 43.842349 1.883506
0.439542 0.096850 -0.032857 -0.004287
0.096850 0.044108 -0.004460 -0.000870
-0.032857 -0.004460 0.532667 0.106627
-0.004287 -0.000870 0.106627 0.045911
33.143744 1.284027 44.058898 1.741067
0.422617 0.092848 0.001964 0.002565
0.092848 0.043150 0.002938 0.000566
0.001964 0.002938 0.490033 0.098609
0.002565 0.000566 0.098609 0.044465
33.720810 1.270678 45.183645 1.792544
0.440625 0.096757 -0.000952 0.001362
0.096757 0.043990 0.001552 0.000159
-0.000952 0.001552 0.490640 0.099792
0.001362 0.000159 0.099792 0.044924
34.368227 1.273203 46.033969 1.783148
0.467771 0.102266 -0.006951 -0.000292
0.102266 0.045107 -0.000315 -0.000283
-0.006951 -0.000315 0.479481 0.098337
-0.000292 -0.000283 0.098337 0.044757
35.164702 1.307137 46.551691 1.706078
0.492187 0.106661 -0.008151 -0.000771
0.106661 0.045899 -0.000895 -0.000410
-0.008151 -0.000895 0.454477 0.094038
-0.000771 -0.000410 0.094038 0.043977
35.606931 1.261534 47.196712 1.662183
0.512131 0.109715 -0.019158 -0.003235
0.109715 0.046365 -0.003437 -0.000932
-0.019158 -0.003437 0.441519 0.092458
-0.003235 -0.000932 0.092458 0.043775
