1.570982 1.590501 0.653321 -0.630713
2.636878 1.054774 -0.814495 -0.325805
1.054774 80.425985 -0.325805 -0.130325
-0.814495 -0.325805 4.745499 1.898241
-0.325805 -0.130325 1.898241 80.763379
4.073984 4.650912 1.867443 1.888012
3.110978 5.318615 -1.394010 -2.009263
5.318615 17.865120 -2.276386 -5.311790
-1.394010 -2.276386 2.366180 3.648964
-2.009263 -5.311790 3.648964 19.696638
6.211333 4.493403 3.915299 3.287783
1.833746 2.070577 0.210385 0.499768
2.070577 4.438309 0.299469 -0.084463
0.210385 0.299469 1.293513 1.693966
0.499768 -0.084463 1.693966 5.125446
6.803544 3.219755 2.944345 0.713910
1.020439 0.897868 -0.299513 -0.326654
0.897868 1.553916 -0.383868 -0.636922
-0.299513 -0.383868 2.136561 2.146531
-0.326654 -0.636922 2.146531 3.037605
6.493040 1.833451 3.603253 0.979277
0.659864 0.467584 0.271803 0.180392
0.467584 0.670815 0.160512 0.016608
0.271803 0.160512 1.486911 1.068568
0.180392 0.016608 1.068568 1.143704
7.737315 1.987119 5.438415 1.750003
0.659807 0.412558 0.153531 0.052802
0.412558 0.432291 0.043322 -0.034888
0.153531 0.043322 1.343187 0.779180
0.052802 -0.034888 0.779180 0.650482
8.820676 2.082251 4.945993 1.078236
0.716294 0.388799 -0.078374 -0.073890
0.388799 0.311235 -0.089395 -0.079140
-0.078374 -0.089395 1.379820 0.677247
-0.073890 -0.079140 0.677247 0.451849
9.533621 1.913267 6.356304 1.449705
0.760642 0.351126 -0.132749 -0.080041
0.351126 0.226269 -0.087453 -0.055539
-0.132749 -0.087453 1.241185 0.518187
-0.080041 -0.055539 0.518187 0.295859
10.477288 1.895987 8.007134 1.784527
0.808582 0.322762 -0.213215 -0.094035
0.322762 0.174575 -0.099481 -0.046850
-0.213215 -0.099481 1.151707 0.420587
-0.094035 -0.046850 0.420587 0.211410
10.838693 1.694568 8.488911 1.659160
0.745291 0.261487 -0.307092 -0.107704
0.261487 0.127369 -0.114055 -0.042238
-0.307092 -0.114055 1.064838 0.346703
-0.107704 -0.042238 0.346703 0.158028
10.750507 1.400703 9.656253 1.761049
0.622454 0.195568 -0.300454 -0.090000
0.195568 0.091266 -0.094714 -0.029976
-0.300454 -0.094714 0.879306 0.258783
-0.090000 -0.029976 0.258783 0.113587
12.104487 1.589317 10.266525 1.690621
0.623953 0.180044 -0.259043 -0.067521
0.180044 0.078335 -0.070519 -0.019594
-0.259043 -0.070519 0.836354 0.227226
-0.067521 -0.019594 0.227226 0.094295
12.811350 1.575203 12.166330 1.960161
0.633403 0.169703 -0.230416 -0.052888
0.169703 0.069795 -0.055437 -0.013711
-0.230416 -0.055437 0.768145 0.194718
-0.052888 -0.013711 0.194718 0.078788
13.170627 1.465552 13.096468 1.942661
0.610433 0.153259 -0.196486 -0.040129
0.153259 0.061626 -0.042236 -0.009493
-0.196486 -0.042236 0.693929 0.166238
-0.040129 -0.009493 0.166238 0.067229
14.526682 1.610664 13.631541 1.849829
0.566596 0.135010 -0.149955 -0.026902
0.135010 0.054707 -0.028197 -0.005830
-0.149955 -0.028197 0.640003 0.147050
-0.026902 -0.005830 0.147050 0.059885
15.032374 1.543006 14.696431 1.876975
0.559684 0.127938 -0.140702 -0.023487
0.127938 0.051518 -0.024748 -0.004920
-0.140702 -0.024748 0.608614 0.135115
-0.023487 -0.004920 0.135115 0.055257
14.547729 1.266798 16.044407 1.948055
0.533254 0.117942 -0.121810 -0.018747
0.117942 0.048315 -0.020177 -0.003931
-0.121810 -0.020177 0.539589 0.116693
-0.018747 -0.003931 0.116693 0.049976
15.133912 1.250880 16.602926 1.857238
0.526037 0.113698 -0.106781 -0.015123
0.113698 0.046903 -0.016318 -0.003121
-0.106781 -0.016318 0.524830 0.112170
-0.015123 -0.003121 0.112170 0.048391
15.860196 1.276173 17.805626 1.917604
0.497847 0.105923 -0.077118 -0.009084
0.105923 0.045029 -0.010138 -0.001946
-0.077118 -0.010138 0.485254 0.103038
-0.009084 -0.001946 0.103038 0.046080
16.202963 1.222006 19.458554 2.062127
0.500184 0.105568 -0.057261 -0.005256
0.105568 0.044964 -0.006318 -0.001258
-0.057261 -0.006318 0.473113 0.100523
-0.005256 -0.001258 0.100523 0.045407
16.422949 1.134443 20.010134 1.954668
0.495581 0.103673 -0.061204 -0.006937
0.103673 0.044558 -0.007861 -0.001772
-0.061204 -0.007861 0.460110 0.097693
-0.006937 -0.001772 0.097693 0.044663
17.227899 1.182310 20.797013 1.916555
0.490973 0.102460 -0.034161 -0.001714
0.102460 0.044440 -0.002532 -0.000722
-0.034161 -0.002532 0.460774 0.098389
-0.001714 -0.000722 0.098389 0.044827
18.021699 1.222683 21.523989 1.868879
0.488983 0.101897 -0.016299 0.001148
0.101897 0.044452 0.000432 -0.000237
-0.016299 0.000432 0.463897 0.099323
0.001148 -0.000237 0.099323 0.044983
18.601782 1.216977 22.588470 1.896516
0.491293 0.102247 -0.012801 0.000817
0.102247 0.044635 0.000233 -0.000422
-0.012801 0.000233 0.468763 0.100347
0.000817 -0.000422 0.100347 0.045114
19.432814 1.263605 23.612040 1.913820
0.476939 0.099244 0.008071 0.004291
0.099244 0.044125 0.003738 0.000230
0.008071 0.003738 0.460397 0.098511
0.004291 0.000230 0.098511 0.044649
20.272883 1.306752 24.448313 1.888652
0.482228 0.100553 0.000876 0.001671
0.100553 0.044531 0.001273 -0.000390
0.000876 0.001273 0.470993 0.100766
0.001671 -0.000390 0.100766 0.045080
20.829840 1.286858 25.616772 1.936337
0.487155 0.101694 0.000897 0.001008
0.101694 0.044860 0.000691 -0.000510
0.000897 0.000691 0.482632 0.103032
0.001008 -0.000510 0.103032 0.045484
21.705975 1.335380 26.191715 1.852893
0.480571 0.100339 0.007269 0.001872
0.100339 0.044633 0.001596 -0.000280
0.007269 0.001596 0.479408 0.101931
0.001872 -0.000280 0.101931 0.045150
22.891747 1.443479 27.481024 1.929698
0.465347 0.097328 -0.008172 -0.001860
0.097328 0.044077 -0.002042 -0.001015
-0.008172 -0.002042 0.478504 0.101472
-0.001860 -0.001015 0.101472 0.045001
23.237741 1.364237 28.934019 2.033125
0.447714 0.094048 0.014329 0.002899
0.094048 0.043492 0.002710 0.000106
0.014329 0.002710 0.480430 0.101677
0.002899 0.000106 0.101677 0.045016
23.835953 1.345656 30.510623 2.151556
0.431721 0.091376 0.006461 0.000839
0.091376 0.043062 0.000655 -0.000308
0.006461 0.000655 0.486932 0.102874
0.000839 -0.000308 0.102874 0.045252
24.728674 1.393536 31.062130 2.040741
0.413880 0.088452 -0.006046 -0.001907
0.088452 0.042573 -0.002096 -0.000816
-0.006046 -0.002096 0.472819 0.099646
-0.001907 -0.000816 0.099646 0.044544
25.241820 1.354023 31.936831 2.010227
0.424766 0.091833 -0.010376 -0.002664
0.091833 0.043433 -0.002842 -0.000866
-0.010376 -0.002842 0.485990 0.102498
-0.002664 -0.000866 0.102498 0.045186
25.439967 1.250060 32.666221 1.952453
0.420853 0.091525 -0.010118 -0.002359
0.091525 0.043371 -0.002505 -0.000691
-0.010118 -0.002505 0.489708 0.103082
-0.002359 -0.000691 0.103082 0.045290
25.478584 1.121861 33.808369 1.987339
0.428226 0.093605 -0.010518 -0.002236
0.093605 0.043813 -0.002357 -0.000586
-0.010518 -0.002357 0.509809 0.107082
-0.002236 -0.000586 0.107082 0.046111
26.615366 1.248173 35.497766 2.132901
0.380812 0.083382 -0.038437 -0.007903
0.083382 0.041501 -0.008262 -0.001770
-0.038437 -0.008262 0.520779 0.108801
-0.007903 -0.001770 0.108801 0.046390
27.706953 1.352170 36.655371 2.152802
0.385140 0.085451 -0.037072 -0.006917
0.085451 0.042079 -0.007170 -0.001400
-0.037072 -0.007170 0.531745 0.110436
-0.006917 -0.001400 0.110436 0.046653
28.434661 1.362724 37.415512 2.087638
0.373187 0.083490 -0.037379 -0.006505
0.083490 0.041650 -0.006678 -0.001233
-0.037379 -0.006678 0.530466 0.109462
-0.006505 -0.001233 0.109462 0.046379
28.912207 1.313087 37.612756 1.912650
0.385011 0.086925 -0.039376 -0.006464
0.086925 0.042436 -0.006733 -0.001196
-0.039376 -0.006733 0.520673 0.106924
-0.006464 -0.001196 0.106924 0.045833
30.188061 1.453878 38.613487 1.924900
0.356634 0.080716 -0.046952 -0.007840
0.080716 0.040923 -0.008006 -0.001480
-0.046952 -0.008006 0.534444 0.109518
-0.007840 -0.001480 0.109518 0.046399
31.104640 1.497981 39.676959 1.946739
0.356093 0.081382 -0.049476 -0.007959
0.081382 0.041100 -0.008058 -0.001467
-0.049476 -0.008058 0.549862 0.112276
-0.007959 -0.001467 0.112276 0.046961
31.719553 1.467215 40.682800 1.952429
0.387794 0.089282 -0.050026 -0.007515
0.089282 0.042895 -0.007790 -0.001359
-0.050026 -0.007790 0.555447 0.112842
-0.007515 -0.001359 0.112842 0.047045
32.788187 1.541158 41.215370 1.864885
0.328499 0.075487 -0.019471 -0.001544
0.075487 0.039550 -0.000589 -0.000028
-0.019471 -0.000589 0.542183 0.109845
-0.001544 -0.000028 0.109845 0.046461
32.738328 1.345223 41.426451 1.713677
0.349548 0.081341 -0.031350 -0.004153
0.081341 0.040990 -0.003955 -0.000802
-0.031350 -0.003955 0.532158 0.107551
-0.004153 -0.000802 0.107551 0.046023
33.319060 1.324613 42.428562 1.742557
0.380110 0.088729 -0.032705 -0.004336
0.088729 0.042631 -0.004375 -0.000892
-0.032705 -0.004375 0.537269 0.108659
-0.004336 -0.000892 0.108659 0.046333
33.628582 1.241626 43.125937 1.705289
0.402910 0.093415 -0.035038 -0.004772
0.093415 0.043475 -0.005045 -0.001041
-0.035038 -0.005045 0.530286 0.107229
-0.004772 -0.001041 0.107229 0.046097
34.194020 1.229996 44.172005 1.744216
0.426357 0.097779 -0.032224 -0.004131
0.097779 0.044203 -0.004427 -0.000915
-0.032224 -0.004427 0.526366 0.106602
-0.004131 -0.000915 0.106602 0.046047
34.295030 1.114520 45.223047 1.777823
0.441258 0.099768 -0.034933 -0.004730
0.099768 0.044362 -0.005150 -0.001084
-0.034933 -0.005150 0.518652 0.105226
-0.004730 -0.001084 0.105226 0.045833
35.356934 1.225503 45.776591 1.712114
0.443735 0.099110 0.000713 0.002484
0.099110 0.044024 0.002533 0.000466
0.000713 0.002533 0.460907 0.093964
0.002484 0.000466 0.093964 0.043652
36.128367 1.259896 46.454835 1.675943
0.461433 0.101904 0.010470 0.003852
0.101904 0.044509 0.003835 0.000612
0.010470 0.003835 0.425197 0.087922
0.003852 0.000612 0.087922 0.042637
