1.674819 1.632036 4.376717 0.858677
2.746583 1.098657 0.813860 0.325551
1.098657 80.443539 0.325551 0.130223
0.813860 0.325551 5.090223 2.036133
0.325551 0.130223 2.036133 80.818538
1.995505 1.032101 0.526459 -5.769043
3.215010 5.571150 -0.272667 -0.616398
5.571150 18.749826 -0.788561 0.433477
-0.272667 -0.788561 5.309106 8.275147
-0.616398 0.433477 8.275147 27.726572
6.226255 5.218537 0.845014 -2.159034
3.035421 3.351922 -1.003630 -0.963722
3.351922 5.867225 -1.104038 -0.604014
-1.003630 -1.104038 0.554448 0.559242
-0.963722 -0.604014 0.559242 4.384726
6.379792 3.449967 1.361930 -0.395338
1.454826 1.326945 0.347127 0.894019
1.326945 2.004590 0.449226 0.905043
0.347127 0.449226 0.696895 1.134201
0.894019 0.905043 1.134201 2.516728
7.838668 3.277697 2.893673 1.228853
1.617169 1.149039 0.743566 0.786667
1.149039 1.171750 0.535988 0.498392
0.743566 0.535988 1.186484 1.161545
0.786667 0.498392 1.161545 1.326195
7.390217 2.062978 3.165446 1.000754
1.127866 0.635905 0.658948 0.446817
0.635905 0.548861 0.317156 0.18