2.040038 1.778127 1.762720 -0.186944
2.137008 0.854822 -0.893561 -0.357432
0.854822 80.346003 -0.357432 -0.142976
-0.893561 -0.357432 3.198192 1.279304
-0.357432 -0.142976 1.279304 80.515800
5.192865 5.762710 1.016264 -1.120334
2.897955 5.039284 -1.648764 -2.570253
5.039284 16.042966 -2.724370 -6.753337
-1.648764 -2.724370 2.821568 4.649321
-2.570253 -6.753337 4.649321 17.940498
7.897278 5.673774 2.667011 1.488743
1.325749 1.490297 0.168367 0.328906
1.490297 3.424325 0.234766 -0.352378
0.168367 0.234766 0.945489 1.139491
0.328906 -0.352378 1.139491 3.729500
8.250676 3.625520 1.796691 0.011806
1.209576 1.078881 -0.155631 -0.225367
1.078881 1.584733 -0.255029 -0.545128
-0.155631 -0.255029 1.366899 1.379650
-0.225367 -0.545128 1.379650 2.125760
9.335031 3.091668 2.471583 0.534640
1.083795 0.755149 -0.201294 -0.191016
0.755149 0.805342 -0.201198 -0.260343
-0.201294 -0.201198 1.272905 0.948638
-0.191016 -0.260343 0.948638 1.013752
8.577156 1.778048 3.439244 1.001286
0.785660 0.443767 -0.092809 -0.073888
0.443767 0.401591 -0.083821 -0.097881
-0.092809 -0.083821 1.094645 0.641393
-0.073888 -0.097881 0.641393 0.536527
8.695026 1.373881 5.514649 1.780779
0.497846 0.240849 -0.031834 -0.025817
0.240849 0.209228 -0.035832 -0.042444
-0.031834 -0.035832 1.004316 0.487532
-0.025817 -0.042444 0.487532 0.334261
8.562815 1.013290 6.589528 1.874585
0.539302 0.238080 -0.164139 -0.079481
0.238080 0.167279 -0.087408 -0.052769
-0.164139 -0.087408 0.989784 0.414461
-0.079481 -0.052769 0.414461 0.239678
9.325841 1.109465 8.052718 2.062132
0.601906 0.237362 -0.214263 -0.086011
0.237362 0.138583 -0.091146 -0.043379
-0.214263 -0.091146 0.908992 0.333101
-0.086011 -0.043379 0.333101 0.170869
10.396039 1.291301 8.745308 1.948733
0.653200 0.230111 -0.274223 -0.093421
0.230111 0.116214 -0.098170 -0.038101
-0.274223 -0.098170 0.890902 0.291363
-0.093421 -0.038101 0.291363 0.134035
10.994753 1.277112 9.973699 2.023839
0.655697 0.207893 -0.288223 -0.085399
0.207893 0.095327 -0.089330 -0.029832
-0.288223 -0.089330 0.818096 0.241923
-0.085399 -0.029832 0.241923 0.104232
11.652542 1.287363 11.636683 2.202038
0.635358 0.183887 -0.258591 -0.067540
0.183887 0.079251 -0.070427 -0.020948
-0.258591 -0.070427 0.726293 0.197380
-0.067540 -0.020948 0.197380 0.082613
12.362916 1.302333 12.425334 2.122315
0.620213 0.165985 -0.253004 -0.059469
0.165985 0.068471 -0.061915 -0.016595
-0.253004 -0.061915 0.677138 0.171843
-0.059469 -0.016595 0.171843 0.070270
12.339345 1.125084 13.117644 2.023620
0.613578 0.153489 -0.267409 -0.057794
0.153489 0.061327 -0.060296 -0.014767
-0.267409 -0.060296 0.633505 0.151717
-0.057794 -0.014767 0.151717 0.061563
13.380534 1.234262 13.664144 1.921564
0.582804 0.138234 -0.233073 -0.045521
0.138234 0.055166 -0.047185 -0.010698
-0.233073 -0.047185 0.602894 0.138550
-0.045521 -0.010698 0.138550 0.056212
14.861127 1.434304 14.508735 1.911105
0.528439 0.120209 -0.195223 -0.034837
0.120209 0.049495 -0.035874 -0.007758
-0.195223 -0.035874 0.550096 0.122377
-0.034837 -0.007758 0.122377 0.051081
15.373077 1.394428 15.820764 1.986940
0.517933 0.114785 -0.166563 -0.026835
0.114785 0.047566 -0.027817 -0.005719
-0.166563 -0.027817 0.525391 0.114537
-0.026835 -0.005719 0.114537 0.048550
16.476217 1.478840 16.509307 1.928046
0.489715 0.106261 -0.142769 -0.021325
0.106261 0.045264 -0.021969 -0.004495
-0.142769 -0.021969 0.500044 0.107484
-0.021325 -0.004495 0.107484 0.046528
17.042402 1.446440 17.760787 1.987286
0.469377 0.100683 -0.119432 -0.016365
0.100683 0.043939 -0.017008 -0.003531
-0.119432 -0.017008 0.470672 0.100406
-0.016365 -0.003531 0.100406 0.044772
17.620111 1.410886 18.548492 1.939550
0.461578 0.098180 -0.118095 -0.016425
0.098180 0.043377 -0.016999 -0.003662
-0.118095 -0.016999 0.459148 0.097539
-0.016425 -0.003662 0.097539 0.044039
18.389747 1.424227 19.488201 1.934279
0.457463 0.097078 -0.106257 -0.014087
0.097078 0.043251 -0.014571 -0.003209
-0.106257 -0.014571 0.453988 0.096583
-0.014087 -0.003209 0.096583 0.043856
18.665049 1.325200 20.189489 1.868299
0.456160 0.096580 -0.105387 -0.014284
0.096580 0.043231 -0.014729 -0.003336
-0.105387 -0.014729 0.449438 0.095626
-0.014284 -0.003336 0.095626 0.043640
18.933376 1.240779 21.155114 1.867951
0.439451 0.093283 -0.081984 -0.009803
0.093283 0.042700 -0.010242 -0.002475
-0.081984 -0.010242 0.429501 0.091831
-0.009803 -0.002475 0.091831 0.042915
19.803938 1.298713 22.335835 1.925961
0.432185 0.091971 -0.081260 -0.010442
0.091971 0.042551 -0.010777 -0.002725
-0.081260 -0.010777 0.422962 0.090852
-0.010442 -0.002725 0.090852 0.042760
19.649488 1.134681 23.964337 2.058986
0.414448 0.088859 -0.058562 -0.006271
0.088859 0.042082 -0.006645 -0.001927
-0.058562 -0.006645 0.400952 0.086873
-0.006271 -0.001927 0.086873 0.042021
20.164497 1.129167 25.434600 2.155511
0.416002 0.089906 -0.053703 -0.006010
0.089906 0.042472 -0.006291 -0.001934
-0.053703 -0.006291 0.404970 0.088607
-0.006010 -0.001934 0.088607 0.042509
21.443969 1.280435 26.075636 2.067552
0.407215 0.088506 -0.050022 -0.006049
0.088506 0.042257 -0.006266 -0.002010
-0.050022 -0.006266 0.397228 0.087433
-0.006049 -0.002010 0.087433 0.042272
22.479651 1.370030 27.356220 2.126899
0.400204 0.087390 -0.062797 -0.009588
0.087390 0.042064 -0.009621 -0.002792
-0.062797 -0.009621 0.399852 0.088406
-0.009588 -0.002792 0.088406 0.042473
22.907205 1.312682 28.389000 2.117268
0.400639 0.088091 -0.063252 -0.009836
0.088091 0.042296 -0.009815 -0.002756
-0.063252 -0.009815 0.404856 0.089876
-0.009836 -0.002756 0.089876 0.042784
23.385864 1.269431 29.090382 2.035361
0.406875 0.089858 -0.069954 -0.011346
0.089858 0.042701 -0.011324 -0.003004
-0.069954 -0.011324 0.411096 0.091336
-0.011346 -0.003004 0.091336 0.043038
23.802895 1.224615 30.460786 2.111970
0.394030 0.087249 -0.064584 -0.010177
0.087249 0.042105 -0.010013 -0.002648
-0.064584 -0.010013 0.412181 0.091585
-0.010177 -0.002648 0.091585 0.043025
24.603477 1.266707 31.505396 2.111472
0.390918 0.086904 -0.069179 -0.011224
0.086904 0.042031 -0.011020 -0.002824
-0.069179 -0.011020 0.416309 0.092356
-0.011224 -0.002824 0.092356 0.043110
25.310705 1.280770 32.330854 2.060883
0.401033 0.089460 -0.076933 -0.012704
0.089460 0.042590 -0.012583 -0.003077
-0.076933 -0.012583 0.424216 0.093853
-0.012704 -0.003077 0.093853 0.043352
25.466450 1.174041 33.575537 2.102905
0.403959 0.090042 -0.087030 -0.014647
0.090042 0.042635 -0.014413 -0.003399
-0.087030 -0.014413 0.441259 0.097213
-0.014647 -0.003399 0.097213 0.043991
25.576217 1.065829 34.581552 2.086868
0.389269 0.086582 -0.095259 -0.016214
0.086582 0.041769 -0.015786 -0.003653
-0.095259 -0.015786 0.448654 0.098136
-0.016214 -0.003653 0.098136 0.044051
26.295364 1.107213 35.566744 2.076590
0.398585 0.088944 -0.098171 -0.016163
0.088944 0.042313 -0.015876 -0.003541
-0.098171 -0.015876 0.455542 0.098988
-0.016163 -0.003541 0.098988 0.044138
26.745837 1.081124 36.424457 2.035526
0.387323 0.086418 -0.095759 -0.015325
0.086418 0.041699 -0.014918 -0.003307
-0.095759 -0.014918 0.455278 0.098338
-0.015325 -0.003307 0.098338 0.043925
27.184804 1.058241 37.457195 2.037244
0.407321 0.091114 -0.100415 -0.015694
0.091114 0.042754 -0.015576 -0.003355
-0.100415 -0.015576 0.464535 0.099804
-0.015694 -0.003355 0.099804 0.044201
27.729990 1.059286 38.314300 2.002435
0.414919 0.092608 -0.095896 -0.014300
0.092608 0.043007 -0.014299 -0.003046
-0.095896 -0.014299 0.463454 0.099096
-0.014300 -0.003046 0.099096 0.044027
28.447242 1.101561 39.309525 2.004094
0.404723 0.089821 -0.098512 -0.014927
0.089821 0.042256 -0.014697 -0.003205
-0.098512 -0.014697 0.469220 0.099905
-0.014927 -0.003205 0.099905 0.044186
29.384595 1.179314 39.730033 1.884982
0.402000 0.089209 -0.091541 -0.013314
0.089209 0.042120 -0.013200 -0.002904
-0.091541 -0.013200 0.457948 0.097189
-0.013314 -0.002904 0.097189 0.043624
30.290541 1.253860 40.872780 1.933089
0.397395 0.088158 -0.089445 -0.012963
0.088158 0.041885 -0.012659 -0.002844
-0.089445 -0.012659 0.465294 0.098731
-0.012963 -0.002844 0.098731 0.044020
31.163950 1.314588 42.161909 2.006212
0.396596 0.088096 -0.086098 -0.012317
0.088096 0.041898 -0.011950 -0.002733
-0.086098 -0.011950 0.470121 0.099632
-0.012317 -0.002733 0.099632 0.044250
31.790304 1.312426 43.476165 2.072394
0.386856 0.086076 -0.078580 -0.010974
0.086076 0.041477 -0.010536 -0.002504
-0.078580 -0.010536 0.464520 0.098314
-0.010974 -0.002504 0.098314 0.044002
32.787038 1.383968 44.144961 1.998726
0.373491 0.083612 -0.057869 -0.006960
0.083612 0.041023 -0.006624 -0.001754
-0.057869 -0.006624 0.433719 0.091962
-0.006960 -0.001754 0.091962 0.042744
33.089882 1.297220 45.265645 2.019690
0.386264 0.086839 -0.066469 -0.009205
0.086839 0.041789 -0.009278 -0.002381
-0.066469 -0.009278 0.428801 0.091343
-0.009205 -0.002381 0.091343 0.042728
33.895437 1.334225 46.379370 2.044144
0.397731 0.089590 -0.060737 -0.008117
0.089590 0.042408 -0.008478 -0.002195
-0.060737 -0.008478 0.411564 0.088264
-0.008117 -0.002195 0.088264 0.042199
34.413534 1.287268 46.311390 1.804528
0.396881 0.089327 -0.047564 -0.005625
0.089327 0.042301 -0.006353 -0.001764
-0.047564 -0.006353 0.365056 0.079079
-0.005625 -0.001764 0.079079 0.040361
35.035618 1.280302 47.021433 1.761542
0.397074 0.089267 -0.039553 -0.004403
0.089267 0.042250 -0.005176 -0.001554
-0.039553 -0.005176 0.344429 0.076160
-0.004403 -0.001554 0.076160 0.039969
35.670309 1.274354 47.409514 1.649641
0.411285 0.092324 -0.037395 -0.004375
0.092324 0.042902 -0.005311 -0.001602
-0.037395 -0.005311 0.325360 0.073487
-0.004375 -0.001602 0.073487 0.039550
