1.483850 1.555647 3.022551 0.316999
0.860189 0.344083 0.306666 0.122669
0.344083 80.141703 0.122669 0.049069
0.306666 0.122669 1.926590 0.770653
0.122669 0.049069 0.770653 80.312334
5.900478 8.494485 2.769335 -0.533875
1.884983 3.627236 -1.289351 -2.375113
3.627236 10.202142 -2.533015 -3.648899
-1.289351 -2.533015 2.588178 4.691742
-2.375113 -3.648899 4.691742 15.255957
7.604600 5.618877 2.465293 -0.981671
0.869715 0.987017 0.056945 0.205241
0.987017 1.830940 0.189662 0.473867
0.056945 0.189662 1.542774 1.825277
0.205241 0.473867 1.825277 3.604866
7.751842 3.489687 3.657322 0.294477
0.468295 0.394322 0.398330 0.362348
0.394322 0.599526 0.355900 0.331275
0.398330 0.355900 1.057901 0.915941
0.362348 0.331275 0.915941 1.312594
9.387165 3.375735 4.839523 1.033698
0.510502 0.358025 0.203347 0.110389
0.358025 0.377474 0.111026 0.063010
0.203347 0.111026 0.998184 0.692712
0.110389 0.063010 0.692712 0.721962
10.007700 2.784680 4.361629 0.516409
0.551129 0.318235 0.005086 -0.023870
0.318235 0.254003 -0.023749 -0.020964
0.005086 -0.023749 1.041014 0.595378
-0.023870 -0.020964 0.595378 0.472073
9.110790 1.676805 5.656148 1.064180
0.303746 0.145428 -0.016615 -0.015360
0.145428 0.114904 -0.021030 -0.007289
-0.016615 -0.021030 1.008381 0.478546
-0.015360 -0.007289 0.478546 0.308695
9.252735 1.376319 6.804749 1.320007
0.368523 0.157633 -0.090275 -0.039780
0.157633 0.100192 -0.043773 -0.014621
-0.090275 -0.043773 0.913216 0.370752
-0.039780 -0.014621 0.370752 0.207170
9.856614 1.344274 7.024395 1.162979
0.424842 0.160936 -0.156882 -0.054918
0.160936 0.086986 -0.059222 -0.017628
-0.156882 -0.059222 0.882244 0.313867
-0.054918 -0.017628 0.313867 0.154554
10.603727 1.374075 8.457520 1.435764
0.475374 0.160776 -0.181248 -0.053190
0.160776 0.076766 -0.057517 -0.014712
-0.181248 -0.057517 0.818378 0.259624
-0.053190 -0.014712 0.259624 0.117247
10.905165 1.256665 9.368421 1.486449
0.496883 0.151623 -0.209644 -0.053919
0.151623 0.066761 -0.058341 -0.013515
-0.209644 -0.058341 0.759334 0.218359
-0.053919 -0.013515 0.218359 0.092854
11.587865 1.269391 9.872376 1.422697
0.519966 0.145339 -0.224185 -0.051168
0.145339 0.060234 -0.055435 -0.011648
-0.224185 -0.055435 0.728138 0.192935
-0.051168 -0.011648 0.192935 0.078247
12.471181 1.338340 10.797732 1.482306
0.522887 0.135756 -0.212958 -0.043162
0.135756 0.054569 -0.046974 -0.008876
-0.212958 -0.046974 0.682545 0.169018
-0.043162 -0.008876 0.169018 0.067196
12.779368 1.250880 11.722888 1.518557
0.529472 0.129126 -0.216475 -0.040275
0.129126 0.050883 -0.043957 -0.007872
-0.216475 -0.043957 0.647255 0.151372
-0.040275 -0.007872 0.151372 0.059688
13.181704 1.196503 12.419547 1.498652
0.521197 0.120624 -0.217771 -0.037922
0.120624 0.047595 -0.041301 -0.007193
-0.217771 -0.041301 0.607977 0.135731
-0.037922 -0.007193 0.135731 0.054002
13.410855 1.113055 13.251134 1.507666
0.495603 0.110216 -0.204101 -0.033198
0.110216 0.044595 -0.036216 -0.006151
-0.204101 -0.036216 0.552696 0.119239
-0.033198 -0.006151 0.119239 0.049138
14.231635 1.177768 14.247058 1.568558
0.500358 0.108485 -0.191242 -0.028613
0.108485 0.044079 -0.031268 -0.005069
-0.191242 -0.031268 0.544589 0.115384
-0.028613 -0.005069 0.115384 0.047775
14.932583 1.215676 15.612114 1.698483
0.489325 0.104179 -0.165585 -0.022410
0.104179 0.043195 -0.024848 -0.003889
-0.165585 -0.024848 0.514249 0.107609
-0.022410 -0.003889 0.107609 0.045835
15.154601 1.150126 17.258564 1.860186
0.478004 0.100678 -0.138552 -0.016703
0.100678 0.042645 -0.019158 -0.002969
-0.138552 -0.019158 0.477410 0.099402
-0.016703 -0.002969 0.099402 0.044046
15.955743 1.215123 18.922231 2.024423
0.466233 0.097629 -0.115645 -0.012513
0.097629 0.042270 -0.014723 -0.002375
-0.115645 -0.014723 0.453264 0.094673
-0.012513 -0.002375 0.094673 0.043158
17.413956 1.389489 19.589534 1.971165
0.441771 0.092522 -0.086029 -0.007556
0.092522 0.041542 -0.009161 -0.001603
-0.086029 -0.009161 0.435670 0.091933
-0.007556 -0.001603 0.091933 0.042790
18.009987 1.375840 20.964426 2.053291
0.428137 0.090115 -0.066645 -0.004874
0.090115 0.041398 -0.006295 -0.001355
-0.066645 -0.006295 0.415987 0.088621
-0.004874 -0.001355 0.088621 0.042245
18.765919 1.392729 22.131090 2.085137
0.424663 0.089957 -0.058338 -0.004474
0.089957 0.041686 -0.005682 -0.001502
-0.058338 -0.005682 0.409866 0.088222
-0.004474 -0.001502 0.088222 0.042302
18.984825 1.285828 22.875942 2.011852
0.415969 0.088682 -0.051849 -0.004433
0.088682 0.041676 -0.005467 -0.001680
-0.051849 -0.005467 0.397093 0.086253
-0.004433 -0.001680 0.086253 0.041968
19.227214 1.203559 24.235821 2.084395
0.415390 0.089187 -0.052161 -0.005588
0.089187 0.042007 -0.006427 -0.002016
-0.052161 -0.006427 0.395356 0.086688
-0.005588 -0.002016 0.086688 0.042143
19.592852 1.150945 25.159904 2.055140
0.415069 0.089659 -0.053816 -0.006774
0.089659 0.042272 -0.007427 -0.002287
-0.053816 -0.007427 0.395922 0.087461
-0.006774 -0.002287 0.087461 0.042344
20.091211 1.139182 26.704370 2.169881
0.413714 0.089865 -0.051268 -0.006786
0.089865 0.042440 -0.007271 -0.002248
-0.051268 -0.007271 0.399476 0.088770
-0.006786 -0.002248 0.088770 0.042634
20.768744 1.163429 27.852509 2.185158
0.424601 0.092681 -0.049354 -0.006703
0.092681 0.043141 -0.007090 -0.002157
-0.049354 -0.007090 0.413150 0.092116
-0.006703 -0.002157 0.092116 0.043338
21.944906 1.295994 29.199716 2.247666
0.419988 0.091633 -0.063926 -0.010389
0.091633 0.042884 -0.010512 -0.002904
-0.063926 -0.010512 0.422962 0.094037
-0.010389 -0.002904 0.094037 0.043615
22.914462 1.362850 29.875085 2.150689
0.410923 0.089720 -0.076120 -0.013117
0.089720 0.042462 -0.013114 -0.003391
-0.076120 -0.013114 0.420856 0.093124
-0.013117 -0.003391 0.093124 0.043259
23.896416 1.429791 31.004728 2.165857
0.407336 0.089256 -0.078439 -0.013289
0.089256 0.042407 -0.013186 -0.003265
-0.078439 -0.013186 0.427350 0.094336
-0.013289 -0.003265 0.094336 0.043450
24.455050 1.389890 31.602233 2.056350
0.403764 0.088749 -0.083575 -0.014090
0.088749 0.042319 -0.013973 -0.003331
-0.083575 -0.013973 0.427177 0.093922
-0.014090 -0.003331 0.093922 0.043266
24.814521 1.312053 32.378066 1.996379
0.410695 0.090666 -0.080417 -0.012879
0.090666 0.042781 -0.012809 -0.002950
-0.080417 -0.012809 0.432062 0.094797
-0.012879 -0.002950 0.094797 0.043423
25.677002 1.359934 33.517484 2.030180
0.421147 0.092942 -0.091119 -0.014862
0.092942 0.043225 -0.014812 -0.003322
-0.091119 -0.014812 0.444226 0.097040
-0.014862 -0.003322 0.097040 0.043838
26.673233 1.428381 34.372657 1.999187
0.401345 0.088433 -0.084820 -0.013335
0.088433 0.042162 -0.013090 -0.002941
-0.084820 -0.013090 0.438568 0.095395
-0.013335 -0.002941 0.095395 0.043419
27.287733 1.406863 35.430432 2.010591
0.407448 0.089974 -0.091477 -0.014487
0.089974 0.042511 -0.014252 -0.003159
-0.091477 -0.014252 0.449738 0.097487
-0.014487 -0.003159 0.097487 0.043842
27.388798 1.271586 36.422068 1.999006
0.403533 0.089212 -0.088415 -0.013579
0.089212 0.042330 -0.013282 -0.002934
-0.088415 -0.013282 0.452382 0.097685
-0.013579 -0.002934 0.097685 0.043852
27.399163 1.131771 37.466079 1.999631
0.398768 0.088178 -0.093833 -0.014663
0.088178 0.042070 -0.014295 -0.003175
-0.093833 -0.014295 0.459127 0.098691
-0.014663 -0.003175 0.098691 0.044027
28.654665 1.281283 38.086064 1.927470
0.356547 0.078864 -0.093990 -0.015080
0.078864 0.039980 -0.014161 -0.003273
-0.093990 -0.014161 0.459037 0.098254
-0.015080 -0.003273 0.098254 0.043899
29.860107 1.417430 39.487220 2.031057
0.360615 0.080893 -0.093355 -0.014570
0.080893 0.040624 -0.013699 -0.003120
-0.093355 -0.013699 0.471430 0.100642
-0.014570 -0.003120 0.100642 0.044425
30.476005 1.391007 40.201156 1.964547
0.373635 0.084628 -0.092435 -0.013967
0.084628 0.041540 -0.013595 -0.003046
-0.092435 -0.013595 0.464095 0.098591
-0.013967 -0.003046 0.098591 0.043958
31.341394 1.432897 41.339614 2.000884
0.368963 0.083843 -0.086848 -0.012766
0.083843 0.041316 -0.012281 -0.002801
-0.086848 -0.012281 0.465633 0.098804
-0.012766 -0.002801 0.098804 0.044049
31.721609 1.353986 42.279044 1.982470
0.379714 0.086509 -0.088981 -0.013109
0.086509 0.041869 -0.012994 -0.002957
-0.088981 -0.012994 0.461797 0.097759
-0.013109 -0.002957 0.097759 0.043844
32.469670 1.356339 42.405534 1.797982
0.386623 0.088076 -0.083487 -0.011865
0.088076 0.042137 -0.012139 -0.002779
-0.083487 -0.012139 0.440380 0.093212
-0.011865 -0.002779 0.093212 0.042937
32.949072 1.313397 43.485215 1.833867
0.402627 0.091389 -0.088201 -0.012812
0.091389 0.042762 -0.013249 -0.003012
-0.088201 -0.013249 0.446321 0.094840
-0.012812 -0.003012 0.094840 0.043398
33.327872 1.259133 45.002935 1.959417
0.407490 0.091906 -0.087100 -0.012594
0.091906 0.042728 -0.012978 -0.002965
-0.087100 -0.012978 0.447613 0.095372
-0.012594 -0.002965 0.095372 0.043581
34.276919 1.331175 45.944158 1.955906
0.412718 0.092723 -0.072320 -0.009426
0.092723 0.042840 -0.010065 -0.002343
-0.072320 -0.010065 0.419919 0.089765
-0.009426 -0.002343 0.089765 0.042453
35.580562 1.464668 46.185286 1.804553
0.397008 0.089168 -0.029629 -0.000762
0.089168 0.042058 -0.001654 -0.000632
-0.029629 -0.001654 0.353395 0.076555
-0.000762 -0.000632 0.076555 0.039821
36.011161 1.394859 46.915917 1.762783
0.417108 0.093316 -0.043263 -0.004748
0.093316 0.042938 -0.005728 -0.001681
-0.043263 -0.005728 0.352393 0.077986
-0.004748 -0.001681 0.077986 0.040383
36.372033 1.318184 47.646786 1.725112
0.437994 0.097247 -0.060684 -0.009137
0.097247 0.043706 -0.010052 -0.002669
-0.060684 -0.010052 0.354394 0.079696
-0.009137 -0.002669 0.079696 0.040873
