4.884686 2.916011 10.608940 3.351621
4.074164 1.629701 8.303648 3.321531
1.629701 80.655961 3.321531 1.328641
8.303648 3.321531 28.948263 11.579556
3.321531 1.328641 11.579556 84.635989
5.825639 2.827550 9.311553 0.737548
4.015074 7.134335 -0.410246 -1.481926
7.134335 21.164598 -1.141045 6.131563
-0.410246 -1.141045 1.543789 1.543546
-1.481926 6.131563 1.543546 37.611657
4.364722 -0.501468 8.357498 -1.750783
3.883419 3.935599 -1.508261 -2.013120
3.935599 5.743550 -1.281332 -0.683476
-1.508261 -1.281332 2.036322 3.147699
-2.013120 -0.683476 3.147699 9.144676
6.060218 0.869724 6.321553 -2.751123
2.564132 2.054602 0.360314 0.751995
2.054602 2.315863 0.577375 1.064972
0.360314 0.577375 2.249053 2.514239
0.751995 1.064972 2.514239 3.877739
7.006522 1.184746 5.052511 -2.640425
2.446306 1.512524 0.608946 0.605465
1.512524 1.269088 0.688017 0.645162
0.608946 0.688017 5.563503 4.285641
0.605465 0.645162 4.285641 3.714916
7.501536 1.137652 3.762640 -2.626109
2.028091 1.033696 1.185395 0.730808
1.033696 0.720113 0.846869 0.519683
1.185395 0.846869 9.066356 5.168241
0.730808 0.519683 5.168241 3.161442
8.029346 1.114658 2.060344 -2.800769
1.859886 0.802395 1.353629 0.633822
0.802395 0.469896 0.705652 0.331252
1.353629 0.705652 9.238077 4.151166
0.633822 0.331252 4.151166 1.998920
9.093787 1.296529 -0.057874 -3.062468
1.637804 0.609616 0.917444 0.351397
0.609616 0.313566 0.389737 0.150003
0.917444 0.389737 7.536401 2.793746
0.351397 0.150003 2.793746 1.128568
10.123212 1.427831 0.619530 -2.363027
1.426254 0.470452 0.737797 0.237754
0.470452 0.220371 0.251559 0.081669
0.737797 0.251559 3.338341 1.057712
0.237754 0.081669 1.057712 0.405357
10.601835 1.354353 1.358290 -1.823345
1.235970 0.368048 0.849146 0.236541
0.368048 0.161523 0.249571 0.069979
0.849146 0.249571 2.589724 0.725993
0.236541 0.069979 0.725993 0.259985
11.916436 1.525078 1.385718 -1.587774
1.070365 0.292638 0.755061 0.185129
0.292638 0.123358 0.190833 0.047186
0.755061 0.190833 2.685236 0.681770
0.185129 0.047186 0.681770 0.220719
12.653764 1.523533 0.109545 -1.700793
1.027753 0.262142 0.699867 0.152922
0.262142 0.104517 0.151929 0.033549
0.699867 0.151929 3.007522 0.698718
0.152922 0.033549 0.698718 0.204105
13.286905 1.492894 -0.842083 -1.721081
0.964871 0.231212 0.642745 0.126955
0.231212 0.089156 0.123193 0.024761
0.642745 0.123193 3.043074 0.650177
0.126955 0.024761 0.650177 0.176796
14.922830 1.698440 -1.408047 -1.673625
0.862864 0.197349 0.450405 0.079069
0.197349 0.076240 0.069035 0.012455
0.450405 0.069035 2.967865 0.589570
0.079069 0.012455 0.589570 0.152438
14.708519 1.474562 -3.532691 -1.901549
0.886966 0.193710 0.495792 0.081760
0.193710 0.071550 0.075743 0.013084
0.495792 0.075743 2.965054 0.549246
0.081760 0.013084 0.549246 0.135416
15.474261 1.487135 -5.017061 -1.995926
0.854186 0.180290 0.370070 0.054705
0.180290 0.066050 0.048245 0.007706
0.370070 0.048245 2.643212 0.461222
0.054705 0.007706 0.461222 0.113166
15.641098 1.368082 -6.130099 -2.008444
0.845538 0.172562 0.339770 0.046961
0.172562 0.062359 0.045397 0.007075
0.339770 0.045397 2.203440 0.364545
0.046961 0.007075 0.364545 0.092461
16.174268 1.326715 -6.187015 -1.854491
0.802023 0.159229 0.279368 0.035737
0.159229 0.058234 0.036526 0.005604
0.279368 0.036526 1.756336 0.279051
0.035737 0.005604 0.279051 0.076261
17.202331 1.382160 -5.644132 -1.628247
0.730081 0.142156 0.204930 0.023796
0.142156 0.054019 0.024000 0.003742
0.204930 0.024000 1.454656 0.225641
0.023796 0.003742 0.225641 0.066886
17.506654 1.318515 -7.518302 -1.788102
0.761940 0.146634 0.188047 0.020596
0.146634 0.054440 0.020251 0.003138
0.188047 0.020251 1.471785 0.225851
0.020596 0.003138 0.225851 0.066602
17.673038 1.233681 -9.335683 -1.924249
0.792121 0.150393 0.174725 0.018275
0.150393 0.054727 0.018344 0.002870
0.174725 0.018344 1.420137 0.215653
0.018275 0.002870 0.215653 0.064790
18.544811 1.277823 -9.897349 -1.865952
0.772918 0.145076 0.113122 0.009322
0.145076 0.053421 0.008653 0.001524
0.113122 0.008653 1.248251 0.188662
0.009322 0.001524 0.188662 0.060675
19.451992 1.328353 -10.871639 -1.874721
0.773934 0.144061 0.065683 0.002880
0.144061 0.053078 0.001567 0.000595
0.065683 0.001567 1.153942 0.175270
0.002880 0.000595 0.175270 0.058886
20.410653 1.388440 -12.510393 -1.984755
0.803212 0.148420 0.025276 -0.002390
0.148420 0.053791 -0.004215 -0.000156
0.025276 -0.004215 1.114285 0.170958
-0.002390 -0.000156 0.170958 0.058553
20.931367 1.358923 -13.853135 -2.038026
0.830509 0.151855 0.022746 -0.001522
0.151855 0.054257 -0.002492 0.000274
0.022746 -0.002492 1.041634 0.161372
-0.001522 0.000274 0.161372 0.057327
21.472901 1.334059 -14.892201 -2.040534
0.851138 0.153954 0.020223 -0.000798
0.153954 0.054494 -0.001157 0.000585
0.020223 -0.001157 0.958310 0.150514
-0.000798 0.000585 0.150514 0.055917
21.243144 1.167771 -14.442971 -1.802138
0.825954 0.147706 0.057361 0.006256
0.147706 0.053241 0.007118 0.001986
0.057361 0.007118 0.817103 0.130589
0.006256 0.001986 0.130589 0.053028
22.032609 1.204543 -15.392062 -1.810766
0.846870 0.150660 0.035573 0.002954
0.150660 0.053820 0.003555 0.001320
0.035573 0.003555 0.790230 0.130224
0.002954 0.001320 0.130224 0.053403
22.596912 1.199816 -16.982762 -1.926772
0.895888 0.158409 0.030401 0.002475
0.158409 0.055213 0.003072 0.001187
0.030401 0.003072 0.794229 0.134482
0.002475 0.001187 0.134482 0.054392
23.301181 1.217819 -17.819873 -1.905202
0.920001 0.161257 0.020283 0.001166
0.161257 0.055657 0.001787 0.000929
0.020283 0.001787 0.756970 0.130841
0.001166 0.000929 0.130841 0.053848
23.842286 1.207329 -19.514738 -2.036000
0.976997 0.169726 0.023471 0.002135
0.169726 0.057075 0.002752 0.001059
0.023471 0.002752 0.761664 0.134311
0.002135 0.001059 0.134311 0.054490
24.632870 1.239544 -20.606955 -2.049607
1.016076 0.174555 0.017029 0.001280
0.174555 0.057788 0.001947 0.000864
0.017029 0.001947 0.732732 0.131096
0.001280 0.000864 0.131096 0.053817
24.859266 1.172938 -21.841186 -2.087055
1.059050 0.179813 0.037000 0.005212
0.179813 0.058559 0.005612 0.001486
0.037000 0.005612 0.715448 0.129785
0.005212 0.001486 0.129785 0.053464
24.683174 1.044858 -22.742557 -2.059777
1.091326 0.183040 0.066033 0.010474
0.183040 0.058975 0.010419 0.002274
0.066033 0.010419 0.688841 0.126464
0.010474 0.002274 0.126464 0.052706
25.742284 1.132576 -22.891668 -1.897028
1.103685 0.183004 0.042208 0.005521
0.183004 0.058878 0.006061 0.001317
0.042208 0.006061 0.636319 0.118308
0.005521 0.001317 0.118308 0.051065
26.109241 1.099752 -23.782072 -1.885586
1.140571 0.187206 0.053503 0.007524
0.187206 0.059527 0.007792 0.001580
0.053503 0.007792 0.627524 0.118550
0.007524 0.001580 0.118550 0.051043
26.747345 1.114222 -24.792467 -1.898768
1.185910 0.192678 0.057078 0.007864
0.192678 0.060376 0.008109 0.001555
0.057078 0.008109 0.623052 0.119236
0.007864 0.001555 0.119236 0.051046
27.452099 1.138852 -26.146635 -1.977527
1.245976 0.200292 0.063911 0.008770
0.200292 0.061544 0.008913 0.001629
0.063911 0.008913 0.629234 0.121585
0.008770 0.001629 0.121585 0.051319
27.926002 1.123354 -27.012179 -1.953238
1.287477 0.204539 0.077588 0.011003
0.204539 0.062124 0.010796 0.001926
0.077588 0.010796 0.617982 0.120045
0.011003 0.001926 0.120045 0.050777
28.180815 1.074087 -27.647016 -1.885240
1.319476 0.207193 0.095790 0.013981
0.207193 0.062456 0.013270 0.002329
0.095790 0.013270 0.603445 0.117754
0.013981 0.002329 0.117754 0.050108
28.574536 1.053683 -29.109363 -1.986948
1.384840 0.215089 0.114421 0.016682
0.215089 0.063627 0.015553 0.002652
0.114421 0.015553 0.616581 0.120896
0.016682 0.002652 0.120896 0.050542
29.062988 1.049678 -30.533901 -2.071796
1.451557 0.222811 0.130238 0.018621
0.222811 0.064725 0.017293 0.002857
0.130238 0.017293 0.623106 0.122285
0.018621 0.002857 0.122285 0.050581
30.367029 1.165269 -31.004882 -1.964635
1.496032 0.226924 0.120038 0.015429
0.226924 0.065256 0.015178 0.002321
0.120038 0.015178 0.594800 0.116695
0.015429 0.002321 0.116695 0.049267
30.839722 1.145426 -31.401892 -1.848101
1.525564 0.228590 0.138928 0.018455
0.228590 0.065406 0.017619 0.002766
0.138928 0.017619 0.577793 0.113569
0.018455 0.002766 0.113569 0.048513
31.556535 1.168340 -32.557893 -1.895207
1.586827 0.235140 0.158755 0.021256
0.235140 0.066322 0.019911 0.003125
0.158755 0.019911 0.586269 0.115654
0.021256 0.003125 0.115654 0.048842
32.388955 1.204716 -33.479543 -1.891800
1.642776 0.240681 0.176876 0.023572
0.240681 0.067067 0.021900 0.003416
0.176876 0.021900 0.586713 0.115834
0.023572 0.003416 0.115834 0.048749
32.894489 1.195692 -35.073803 -2.020709
1.716237 0.248503 0.211125 0.028849
0.248503 0.068119 0.026001 0.004105
0.211125 0.026001 0.608173 0.119981
0.028849 0.004105 0.119981 0.049426
33.407034 1.181891 -35.913694 -1.985931
1.767377 0.252842 0.237868 0.032397
0.252842 0.068643 0.029003 0.004560
0.237868 0.029003 0.604728 0.118754
0.032397 0.004560 0.118754 0.048982
35.135058 1.328497 -35.299599 -1.675650
1.791028 0.253578 0.227920 0.028655
0.253578 0.068709 0.027049 0.004042
0.227920 0.027049 0.559766 0.109660
0.028655 0.004042 0.109660 0.047081
35.464991 1.284951 -36.491282 -1.743407
1.841834 0.257824 0.272127 0.036001
0.257824 0.069236 0.032277 0.005006
0.272127 0.032277 0.584699 0.114806
0.036001 0.005006 0.114806 0.048077
