2.095779 1.800424 1.497975 -0.292844
1.808400 0.723376 -0.009930 -0.003972
0.723376 80.293423 -0.003972 -0.001589
-0.009930 -0.003972 3.734514 1.493838
-0.003972 -0.001589 1.493838 80.601615
5.707175 6.701665 0.579470 -1.562103
3.131301 5.660246 -1.464879 -2.409847
5.660246 16.633770 -2.646432 -4.381294
-1.464879 -2.646432 2.530639 4.166387
-2.409847 -4.381294 4.166387 18.634137
6.330631 3.803248 1.519179 0.216900
1.722800 1.940866 0.484383 0.837275
1.940866 3.696395 0.615975 0.797699
0.484383 0.615975 1.139896 1.488028
0.837275 0.797699 1.488028 4.402052
7.017223 2.679571 3.882966 2.530391
1.135663 0.925798 0.620422 0.578515
0.925798 1.319377 0.476880 0.370143
0.620422 0.476880 0.972186 0.952181
0.578515 0.370143 0.952181 1.682342
6.918976 1.734526 4.307304 1.993288
0.579530 0.400658 0.129717 0.044578
0.400658 0.543550 -0.017204 -0.061041
0.129717 -0.017204 1.157885 0.937643
0.044578 -0.061041 0.937643 1.060058
7.974846 1.854109 5.217162 1.927850
0.809838 0.496129 -0.047374 -0.077558
0.496129 0.443256 -0.102661 -0.084889
-0.047374 -0.102661 1.384466 0.868627
-0.077558 -0.084889 0.868627 0.695066
8.663484 1.723675 6.561245 2.124653
0.772196 0.395496 -0.225495 -0.134852
0.395496 0.285237 -0.150348 -0.078217
-0.225495 -0.150348 1.366216 0.689141
-0.134852 -0.078217 0.689141 0.436529
9.009007 1.493751 8.300507 2.412578
0.862775 0.375498 -0.273721 -0.122715
0.375498 0.218852 -0.130970 -0.052194
-0.273721 -0.130970 1.252451 0.526155
-0.122715 -0.052194 0.526155 0.281151
10.745869 1.866730 8.270281 1.966291
0.827070 0.310915 -0.296014 -0.106550
0.310915 0.157985 -0.112232 -0.036080
-0.296014 -0.112232 1.131624 0.408728
-0.106550 -0.036080 0.408728 0.192500
11.736577 1.884109 8.906654 1.855577
0.844074 0.280447 -0.268362 -0.080112
0.280447 0.126257 -0.084065 -0.022045
-0.268362 -0.084065 1.086372 0.346227
-0.080112 -0.022045 0.346227 0.146542
12.404063 1.808226 10.655542 2.089889
0.796878 0.237603 -0.244768 -0.062650
0.237603 0.099257 -0.065803 -0.014669
-0.244768 -0.065803 0.958993 0.274425
-0.062650 -0.014669 0.274425 0.109581
12.742075 1.646772 11.150560 1.937260
0.752544 0.204727 -0.235282 -0.053210
0.204727 0.081382 -0.055713 -0.011069
-0.235282 -0.055713 0.883160 0.231206
-0.053210 -0.011069 0.231206 0.088478
13.947235 1.733261 11.184172 1.711645
0.684497 0.172726 -0.197118 -0.039237
0.172726 0.067716 -0.040626 -0.006996
-0.197118 -0.040626 0.820361 0.199849
-0.039237 -0.006996 0.199849 0.074772
14.940854 1.768550 12.399730 1.797276
0.665099 0.158165 -0.173144 -0.030529
0.158165 0.060896 -0.031795 -0.004856
-0.173144 -0.031795 0.768811 0.176465
-0.030529 -0.004856 0.176465 0.065511
15.316028 1.652881 13.389885 1.809905
0.613588 0.139119 -0.131788 -0.019992
0.139119 0.054423 -0.020941 -0.002674
-0.131788 -0.020941 0.691465 0.151511
-0.019992 -0.002674 0.151511 0.057618
15.736021 1.562097 14.231273 1.790213
0.597216 0.130608 -0.113358 -0.015379
0.130608 0.051324 -0.016243 -0.001932
-0.113358 -0.016243 0.655987 0.138906
-0.015379 -0.001932 0.138906 0.053563
16.792113 1.622801 15.248475 1.819678
0.579066 0.123384 -0.078568 -0.008025
0.123384 0.049103 -0.008620 -0.000633
-0.078568 -0.008620 0.627446 0.129840
-0.008025 -0.000633 0.129840 0.050939
17.493885 1.592900 15.592385 1.702376
0.555082 0.115935 -0.056055 -0.004119
0.115935 0.047172 -0.004449 -0.000155
-0.056055 -0.004449 0.603665 0.122831
-0.004119 -0.000155 0.122831 0.049090
17.942563 1.528147 17.114351 1.833816
0.535473 0.110458 -0.035299 -0.000860
0.110458 0.045932 -0.001274 0.000147
-0.035299 -0.001274 0.559467 0.112613
-0.000860 0.000147 0.112613 0.046854
18.409059 1.468335 18.169023 1.858581
0.533647 0.109255 -0.028968 -0.000537
0.109255 0.045718 -0.000946 -0.000054
-0.028968 -0.000946 0.546738 0.109706
-0.000537 -0.000054 0.109706 0.046307
18.925405 1.426498 19.440340 1.925528
0.515409 0.104962 -0.026058 -0.000979
0.104962 0.044920 -0.001371 -0.000369
-0.026058 -0.001371 0.518096 0.103921
-0.000979 -0.000369 0.103921 0.045236
19.142994 1.327326 20.699040 1.981874
0.498707 0.101636 -0.005142 0.002398
0.101636 0.044431 0.002069 0.000177
-0.005142 0.002069 0.491934 0.099305
0.002398 0.000177 0.099305 0.044508
19.207590 1.203632 21.426855 1.925254
0.498600 0.101908 -0.010059 0.000452
0.101908 0.044679 0.000156 -0.000347
-0.010059 0.000156 0.486398 0.099059
0.000452 -0.000347 0.099059 0.044659
19.500817 1.141309 22.677145 1.983201
0.491846 0.100867 -0.000853 0.001674
0.100867 0.044633 0.001425 -0.000144
-0.000853 0.001425 0.477177 0.098044
0.001674 -0.000144 0.098044 0.044610
19.779591 1.081970 24.036683 2.058739
0.498077 0.102578 0.007884 0.002841
0.102578 0.045135 0.002628 0.000068
0.007884 0.002628 0.484337 0.100386
0.002841 0.000068 0.100386 0.045218
20.612854 1.142307 25.081505 2.062273
0.483328 0.099773 0.021354 0.004969
0.099773 0.044642 0.004780 0.000480
0.021354 0.004780 0.475936 0.099155
0.004969 0.000480 0.099155 0.044994
21.006222 1.105574 25.917817 2.021553
0.471978 0.097892 0.024132 0.004808
0.097892 0.044363 0.004650 0.000416
0.024132 0.004650 0.468354 0.098100
0.004808 0.000416 0.098100 0.044799
21.490045 1.091236 26.898875 2.015420
0.474838 0.099105 0.016367 0.002561
0.099105 0.044729 0.002437 -0.000053
0.016367 0.002437 0.476406 0.100352
0.002561 -0.000053 0.100352 0.045294
22.542530 1.197372 27.959051 2.025249
0.468031 0.098126 0.001695 -0.000799
0.098126 0.044581 -0.000902 -0.000691
0.001695 -0.000902 0.479835 0.101341
-0.000799 -0.000691 0.101341 0.045464
22.706098 1.105659 29.004323 2.033118
0.457851 0.096429 -0.002059 -0.001455
0.096429 0.044267 -0.001563 -0.000702
-0.002059 -0.001563 0.481914 0.101859
-0.001455 -0.000702 0.101859 0.045506
23.407089 1.137435 29.807886 1.987842
0.458680 0.097122 0.003936 0.000009
0.097122 0.044458 -0.000084 -0.000274
0.003936 -0.000084 0.487299 0.102969
0.000009 -0.000274 0.102969 0.045665
24.671803 1.286099 30.392316 1.900280
0.452533 0.096213 -0.005977 -0.002008
0.096213 0.044277 -0.002102 -0.000631
-0.005977 -0.002102 0.483428 0.102025
-0.002008 -0.000631 0.102025 0.045387
25.665349 1.361183 31.106963 1.850239
0.448413 0.095733 -0.009225 -0.002423
0.095733 0.044182 -0.002512 -0.000626
-0.009225 -0.002512 0.484285 0.102151
-0.002423 -0.000626 0.102151 0.045363
26.220995 1.334481 31.876105 1.817418
0.461398 0.098890 -0.023052 -0.005057
0.098890 0.044857 -0.005179 -0.001113
-0.023052 -0.005179 0.499858 0.105362
-0.005057 -0.001113 0.105362 0.045997
25.639634 1.067220 33.405370 1.946974
0.431935 0.092569 -0.020185 -0.003966
0.092569 0.043428 -0.004024 -0.000773
-0.020185 -0.004024 0.515286 0.108222
-0.003966 -0.000773 0.108222 0.046506
25.935813 1.015140 33.728031 1.810697
0.432636 0.093278 -0.030604 -0.005796
0.093278 0.043626 -0.005919 -0.001119
-0.030604 -0.005919 0.511752 0.106857
-0.005796 -0.001119 0.106857 0.046100
26.629325 1.055440 34.635193 1.811522
0.434320 0.094041 -0.035199 -0.006282
0.094041 0.043793 -0.006398 -0.001155
-0.035199 -0.006398 0.522660 0.108704
-0.006282 -0.001155 0.108704 0.046427
27.868706 1.211702 36.015545 1.912238
0.403172 0.087467 -0.053006 -0.009633
0.087467 0.042324 -0.009757 -0.001831
-0.053006 -0.009757 0.536724 0.111030
-0.009633 -0.001831 0.111030 0.046831
28.394480 1.195201 37.196065 1.958094
0.412013 0.090234 -0.054585 -0.009223
0.090234 0.043015 -0.009307 -0.001646
-0.054585 -0.009307 0.553066 0.113722
-0.009223 -0.001646 0.113722 0.047309
29.450622 1.297916 38.418707 2.010742
0.401018 0.088206 -0.058376 -0.009522
0.088206 0.042546 -0.009496 -0.001667
-0.058376 -0.009496 0.567794 0.115889
-0.009522 -0.001667 0.115889 0.047657
30.256463 1.333021 39.457363 2.018612
0.385116 0.085250 -0.051082 -0.007667
0.085250 0.041903 -0.007378 -0.001246
-0.051082 -0.007378 0.570298 0.115540
-0.007667 -0.001246 0.115540 0.047508
31.125270 1.376348 40.195167 1.965300
0.409302 0.091408 -0.047187 -0.006461
0.091408 0.043318 -0.006376 -0.001039
-0.047187 -0.006376 0.563447 0.113433
-0.006461 -0.001039 0.113433 0.047047
31.922758 1.402305 41.372485 2.005283
0.420591 0.093919 -0.043796 -0.005643
0.093919 0.043757 -0.005539 -0.000919
-0.043796 -0.005539 0.569177 0.114166
-0.005643 -0.000919 0.114166 0.047221
32.284208 1.323857 42.018584 1.931352
0.427660 0.095177 -0.042010 -0.005295
0.095177 0.043879 -0.005325 -0.000944
-0.042010 -0.005325 0.555334 0.110981
-0.005295 -0.000944 0.110981 0.046607
31.900930 1.090980 42.893401 1.905803
0.424887 0.094075 -0.047172 -0.006459
0.094075 0.043476 -0.006607 -0.001277
-0.047172 -0.006607 0.551044 0.110033
-0.006459 -0.001277 0.110033 0.046494
32.713782 1.150867 43.941837 1.926831
0.415445 0.091851 -0.023344 -0.001756
0.091851 0.042933 -0.001415 -0.000286
-0.023344 -0.001415 0.535555 0.107175
-0.001756 -0.000286 0.107175 0.046049
33.226540 1.132730 44.202215 1.785128
0.436929 0.096545 -0.022566 -0.001901
0.096545 0.043943 -0.001917 -0.000467
-0.022566 -0.001917 0.506662 0.101714
-0.001901 -0.000467 0.101714 0.045072
33.776304 1.129820 45.236001 1.813654
0.465129 0.102209 -0.026359 -0.002909
0.102209 0.045074 -0.003151 -0.000761
-0.026359 -0.003151 0.503745 0.101924
-0.002909 -0.000761 0.101924 0.045291
33.953762 1.046254 46.320384 1.848041
0.484411 0.105361 -0.034933 -0.004831
0.105361 0.045571 -0.005253 -0.001210
-0.034933 -0.005253 0.499693 0.101779
-0.004831 -0.001210 0.101779 0.045379
35.148068 1.191176 47.320507 1.866828
0.494093 0.106405 -0.005039 0.001293
0.106405 0.045650 0.001013 0.000092
-0.005039 0.001013 0.456708 0.093747
0.001293 0.000092 0.093747 0.043846
