0.647722 1.221189 2.069862 -0.064085
5.052449 2.021023 10.223476 4.089479
2.021023 80.812494 4.089479 1.635827
10.223476 4.089479 30.404074 12.161893
4.089479 1.635827 12.161893 84.868929
2.497823 3.660732 1.119283 -1.318041
3.738861 7.717378 -3.883941 -4.818171
7.717378 26.295772 -12.183099 -3.079759
-3.883941 -12.183099 16.964537 17.034494
-4.818171 -3.079759 17.034494 53.060730
4.705252 4.218436 3.231033 1.696742
3.795636 4.476836 -0.655275 0.846162
4.476836 7.373760 -0.749146 3.750138
-0.655275 -0.749146 0.708843 0.469562
0.846162 3.750138 0.469562 11.419005
7.201395 4.803802 5.370951 3.737352
1.829465 1.630453 0.780474 1.583349
1.630453 2.202456 1.370065 2.685599
0.780474 1.370065 3.491805 5.458664
1.583349 2.685599 5.458664 10.081519
7.783313 3.531837 5.495951 2.037841
1.105739 0.622810 -0.891697 -0.715996
0.622810 0.664620 -0.194656 -0.078758
-0.891697 -0.194656 4.720574 4.163507
-0.715996 -0.078758 4.163507 4.133346
7.389753 2.326751 5.811932 1.459569
0.964079 0.423920 -1.922381 -1.165511
0.423920 0.360102 -0.650177 -0.375932
-1.922381 -0.650177 7.658075 4.759114
-1.165511 -0.375932 4.759114 3.176166
7.743064 1.854316 5.229632 0.760692
1.127886 0.454534 -2.379486 -1.106022
0.454534 0.291755 -0.781412 -0.357256
-2.379486 -0.781412 8.693554 4.149121
-1.106022 -0.357256 4.149121 2.109473
8.146345 1.640711 6.163554 0.954827
1.045645 0.370501 -2.369095 -0.897653
0.370501 0.208690 -0.575722 -0.215075
-2.369095 -0.575722 11.336972 4.442766
-0.897653 -0.215075 4.442766 1.828443
8.745687 1.591634 7.741277 1.317622
1.097849 0.358397 -2.291768 -0.727685
0.358397 0.175015 -0.444535 -0.139421
-2.291768 -0.444535 13.191648 4.365263
-0.727685 -0.139421 4.365263 1.509462
9.375498 1.558375 9.285125 1.569600
1.063956 0.329719 -1.626779 -0.437799
0.329719 0.145111 -0.282987 -0.076055
-1.626779 -0.282987 10.163209 2.902895
-0.437799 -0.076055 2.902895 0.880991
10.748071 1.669901 6.848705 0.761501
0.974568 0.284353 -0.964315 -0.221286
0.284353 0.115263 -0.206376 -0.049834
-0.964315 -0.206376 4.160157 1.038522
-0.221286 -0.049834 1.038522 0.303053
11.736398 1.713228 7.207158 0.759767
0.935274 0.248244 -0.911279 -0.189569
0.248244 0.094586 -0.161294 -0.035788
-0.911279 -0.161294 4.801620 1.088260
-0.189569 -0.035788 1.088260 0.285525
12.486066 1.685296 7.593181 0.759037
0.879411 0.214545 -0.885436 -0.169480
0.214545 0.078823 -0.134941 -0.028042
-0.885436 -0.134941 5.361848 1.110177
-0.169480 -0.028042 1.110177 0.265582
12.776824 1.578093 9.672954 1.078043
0.905526 0.207165 -0.865537 -0.152320
0.207165 0.072660 -0.113640 -0.022005
-0.865537 -0.113640 6.019505 1.146950
-0.152320 -0.022005 1.146950 0.252326
13.515472 1.598342 12.389915 1.465398
0.890016 0.194337 -0.667540 -0.106691
0.194337 0.066960 -0.065825 -0.012219
-0.667540 -0.065825 5.974140 1.055242
-0.106691 -0.012219 1.055242 0.219064
14.126871 1.578172 14.701783 1.725088
0.869833 0.182597 -0.466450 -0.067317
0.182597 0.062290 -0.040433 -0.007531
-0.466450 -0.040433 4.665898 0.768313
-0.067317 -0.007531 0.768313 0.158641
14.419985 1.452773 13.612458 1.415791
0.829036 0.166621 -0.422421 -0.057842
0.166621 0.057132 -0.056979 -0.009995
-0.422421 -0.056979 2.608578 0.402819
-0.057842 -0.009995 0.402819 0.094186
15.077408 1.448023 15.117032 1.534752
0.812444 0.158598 -0.331435 -0.042060
0.158598 0.054830 -0.039084 -0.006916
-0.331435 -0.039084 2.394770 0.356413
-0.042060 -0.006916 0.356413 0.085157
15.937531 1.469226 15.401709 1.465719
0.768388 0.146500 -0.250600 -0.029549
0.146500 0.052081 -0.027172 -0.005046
-0.250600 -0.027172 1.984288 0.286566
-0.029549 -0.005046 0.286566 0.073755
16.811250 1.498425 16.398317 1.504590
0.750574 0.140945 -0.184852 -0.019972
0.140945 0.050965 -0.016535 -0.003448
-0.184852 -0.016535 1.806287 0.256452
-0.019972 -0.003448 0.256452 0.069110
17.311085 1.463183 18.349621 1.671988
0.774373 0.143731 -0.153282 -0.015561
0.143731 0.051533 -0.012183 -0.002778
-0.153282 -0.012183 1.723570 0.242249
-0.015561 -0.002778 0.242249 0.067095
18.315579 1.508108 18.556867 1.585703
0.744132 0.136742 -0.097091 -0.008350
0.136742 0.050319 -0.005225 -0.001848
-0.097091 -0.005225 1.445149 0.202080
-0.008350 -0.001848 0.202080 0.061637
18.652287 1.437097 20.059625 1.683378
0.767938 0.140098 -0.098369 -0.009199
0.140098 0.051080 -0.007462 -0.002174
-0.098369 -0.007462 1.354763 0.190662
-0.009199 -0.002174 0.190662 0.060498
18.781076 1.331279 21.115405 1.710716
0.783827 0.141861 -0.110595 -0.011513
0.141861 0.051505 -0.011538 -0.002737
-0.110595 -0.011538 1.222309 0.173817
-0.011513 -0.002737 0.173817 0.058593
19.639292 1.368645 22.361040 1.768431
0.797828 0.143721 -0.067533 -0.005597
0.143721 0.052015 -0.004751 -0.001685
-0.067533 -0.004751 1.132722 0.164201
-0.005597 -0.001685 0.164201 0.057797
20.940145 1.471979 21.970093 1.582029
0.762447 0.136754 -0.015846 0.001172
0.136754 0.050920 0.002661 -0.000618
-0.015846 0.002661 0.958803 0.142226
0.001172 -0.000618 0.142226 0.055096
21.713378 1.481511 23.414451 1.682373
0.798054 0.143010 -0.006689 0.001619
0.143010 0.052256 0.002933 -0.000597
-0.006689 0.002933 0.944976 0.144934
0.001619 -0.000597 0.144934 0.056097
22.300935 1.456659 25.054970 1.808163
0.842746 0.150411 -0.010812 0.000095
0.150411 0.053685 0.000978 -0.000901
-0.010812 0.000978 0.931208 0.146901
0.000095 -0.000901 0.146901 0.056782
22.652680 1.389586 25.817335 1.784763
0.860349 0.152471 -0.026079 -0.003067
0.152471 0.054062 -0.002733 -0.001462
-0.026079 -0.002733 0.864508 0.139648
-0.003067 -0.001462 0.139648 0.055817
23.441823 1.406296 26.767269 1.794401
0.887077 0.156176 -0.017695 -0.002012
0.156176 0.054738 -0.001744 -0.001203
-0.017695 -0.001744 0.820600 0.136009
-0.002012 -0.001203 0.136009 0.055382
23.151617 1.232545 27.561337 1.776161
0.908429 0.158718 -0.059247 -0.009411
0.158718 0.055171 -0.009447 -0.002428
-0.059247 -0.009447 0.781727 0.132783
-0.009411 -0.002428 0.132783 0.054912
23.805703 1.240190 29.187757 1.904678
0.963295 0.167090 -0.052742 -0.007903
0.167090 0.056624 -0.008007 -0.001993
-0.052742 -0.008007 0.780911 0.135804
-0.007903 -0.001993 0.135804 0.055446
23.959061 1.161136 30.849270 2.029484
1.020743 0.175293 -0.069423 -0.010567
0.175293 0.057951 -0.010669 -0.002324
-0.069423 -0.010669 0.776173 0.137345
-0.010567 -0.002324 0.137345 0.055585
24.439261 1.144478 32.058016 2.064085
1.065787 0.180891 -0.067517 -0.009706
0.180891 0.058772 -0.009972 -0.002046
-0.067517 -0.009972 0.745365 0.133659
-0.009706 -0.002046 0.133659 0.054714
25.068309 1.155285 33.640399 2.164359
1.125995 0.188775 -0.064017 -0.008579
0.188775 0.059959 -0.009045 -0.001754
-0.064017 -0.009045 0.731703 0.132939
-0.008579 -0.001754 0.132939 0.054385
25.848673 1.189590 35.020364 2.219741
1.182837 0.195652 -0.058448 -0.007176
0.195652 0.060933 -0.007897 -0.001455
-0.058448 -0.007897 0.708099 0.130057
-0.007176 -0.001455 0.130057 0.053630
26.708528 1.231289 35.526620 2.108406
1.213528 0.197928 -0.051890 -0.005790
0.197928 0.061133 -0.006769 -0.001203
-0.051890 -0.006769 0.657262 0.121982
-0.005790 -0.001203 0.121982 0.051921
27.278255 1.225335 37.138804 2.213415
1.279884 0.206000 -0.066394 -0.008362
0.206000 0.062304 -0.008994 -0.001586
-0.066394 -0.008994 0.658273 0.123843
-0.008362 -0.001586 0.123843 0.052137
27.756488 1.203757 38.166190 2.197851
1.327660 0.210706 -0.081596 -0.010926
0.210706 0.062899 -0.011196 -0.001951
-0.081596 -0.011196 0.638321 0.121211
-0.010926 -0.001951 0.121211 0.051430
28.754116 1.265095 39.041575 2.156413
1.377467 0.215686 -0.082118 -0.010465
0.215686 0.063558 -0.010936 -0.001820
-0.082118 -0.010936 0.615936 0.118068
-0.010465 -0.001820 0.118068 0.050649
27.754651 1.008707 39.004832 1.933140
1.369715 0.211482 -0.132616 -0.020016
0.211482 0.062774 -0.018500 -0.003268
-0.132616 -0.018500 0.583548 0.112730
-0.020016 -0.003268 0.112730 0.049418
28.688555 1.073683 39.784294 1.898586
1.416666 0.216559 -0.125193 -0.017189
0.216559 0.063566 -0.016536 -0.002705
-0.125193 -0.016536 0.575223 0.112506
-0.017189 -0.002705 0.112506 0.049290
29.055023 1.050185 41.171676 1.984662
1.482332 0.224215 -0.142619 -0.019516
0.224215 0.064711 -0.018470 -0.002972
-0.142619 -0.018470 0.589429 0.116327
-0.019516 -0.002972 0.116327 0.049896
29.898353 1.099841 42.464992 2.046919
1.551368 0.232106 -0.148336 -0.019340
0.232106 0.065857 -0.018613 -0.002874
-0.148336 -0.018613 0.594888 0.117888
-0.019340 -0.002874 0.117888 0.049984
30.944663 1.175626 43.791834 2.111226
1.625312 0.240370 -0.155325 -0.019484
0.240370 0.067015 -0.019021 -0.002853
-0.155325 -0.019021 0.598790 0.118807
-0.019484 -0.002853 0.118807 0.049922
31.563276 1.182871 45.224017 2.186897
1.696959 0.247809 -0.179478 -0.023152
0.247809 0.067993 -0.021957 -0.003362
-0.179478 -0.021957 0.606773 0.120202
-0.023152 -0.003362 0.120202 0.049933
32.592041 1.240937 45.630749 2.052999
1.742077 0.251238 -0.188552 -0.023735
0.251238 0.068385 -0.022780 -0.003446
-0.188552 -0.022780 0.584126 0.115368
-0.023735 -0.003446 0.115368 0.048729
33.626620 1.302904 46.960566 2.117366
1.817600 0.258968 -0.211690 -0.026913
0.258968 0.069402 -0.025364 -0.003855
-0.211690 -0.025364 0.593290 0.117167
-0.026913 -0.003855 0.117167 0.048941
34.467651 1.328019 47.823983 2.079919
1.874459 0.263720 -0.239655 -0.031015
0.263720 0.069964 -0.028613 -0.004404
-0.239655 -0.028613 0.591392 0.116456
-0.031015 -0.004404 0.116456 0.048619
35.406166 1.365542 48.762476 2.062233
1.936275 0.269111 -0.269256 -0.035106
0.269111 0.070624 -0.031886 -0.004921
-0.269256 -0.031886 0.594187 0.116680
-0.035106 -0.004921 0.116680 0.048513
