-0.134453 0.908312 2.470808 0.096298
2.338451 0.935401 -1.046083 -0.418442
0.935401 80.378235 -0.418442 -0.167380
-1.046083 -0.418442 3.012297 1.204945
-0.418442 -0.167380 1.204945 80.486055
2.127649 4.118295 2.721212 0.602104
2.656001 4.533493 -1.758345 -2.768647
4.533493 15.571887 -2.816288 -7.364653
-1.758345 -2.816288 3.251197 5.398711
-2.768647 -7.364653 5.398711 18.698923
5.976942 6.015593 0.517147 -2.124972
2.407595 2.683081 -1.283935 -1.281659
2.683081 4.839155 -1.317012 -2.186101
-1.283935 -1.317012 2.491552 2.750973
-1.281659 -2.186101 2.750973 5.377258
7.070546 4.506221 2.061349 -0.001467
0.942721 0.782807 0.302651 0.297468
0.782807 1.357067 0.264576 -0.110259
0.302651 0.264576 0.630455 0.547055
0.297468 -0.110259 0.547055 1.355312
8.207369 3.283980 4.960362 2.584897
0.558740 0.377977 0.281859 0.177138
0.377977 0.566667 0.119580 -0.065853
0.281859 0.119580 0.669236 0.536869
0.177138 -0.065853 0.536869 0.782471
8.893013 2.659452 6.162059 2.651087
0.524118 0.347996 0.007201 -0.066173
0.347996 0.387749 -0.102873 -0.156321
0.007201 -0.102873 0.799476 0.560988
-0.066173 -0.156321 0.560988 0.557134
9.971171 2.528212 7.393410 2.619613
0.663964 0.381155 -0.197585 -0.164157
0.381155 0.303743 -0.183801 -0.144516
-0.197585 -0.183801 0.961830 0.549207
-0.164157 -0.144516 0.549207 0.402197
10.417905 2.185061 7.905413 2.294032
0.792550 0.378705 -0.314832 -0.179223
0.378705 0.234187 -0.189073 -0.106978
-0.314832 -0.189073 1.039746 0.487115
-0.179223 -0.106978 0.487115 0.284349
10.631928 1.867224 7.737254 1.806604
0.726418 0.295848 -0.417583 -0.178839
0.295848 0.158571 -0.187359 -0.080817
-0.417583 -0.187359 1.027755 0.407344
-0.178839 -0.080817 0.407344 0.201768
10.730359 1.573906 8.755279 1.852183
0.700877 0.248383 -0.418389 -0.147623
0.248383 0.118222 -0.153276 -0.054509
-0.418389 -0.153276 0.971518 0.333195
-0.147623 -0.054509 0.333195 0.146344
10.611891 1.288778 10.329792 2.047390
0.685100 0.216129 -0.368245 -0.110372
0.216129 0.094057 -0.114106 -0.034511
-0.368245 -0.114106 0.857290 0.260458
-0.110372 -0.034511 0.260458 0.106638
11.891983 1.469953 10.964012 1.944780
0.647280 0.185253 -0.314603 -0.081584
0.185253 0.076486 -0.084117 -0.022084
-0.314603 -0.084117 0.775983 0.213696
-0.081584 -0.022084 0.213696 0.083781
12.098094 1.328787 12.063439 1.970313
0.618835 0.163188 -0.295562 -0.068023
0.163188 0.065190 -0.070407 -0.016525
-0.295562 -0.070407 0.696379 0.176649
-0.068023 -0.016525 0.176649 0.068307
12.798106 1.338384 13.079485 1.978535
0.601074 0.148646 -0.255851 -0.052063
0.148646 0.058294 -0.053984 -0.011329
-0.255851 -0.053984 0.651231 0.155321
-0.052063 -0.011329 0.155321 0.059811
13.449317 1.331279 13.925178 1.944505
0.590118 0.138104 -0.243729 -0.045295
0.138104 0.053630 -0.047066 -0.009201
-0.243729 -0.047066 0.620521 0.140615
-0.045295 -0.009201 0.140615 0.054306
14.236061 1.349921 14.443372 1.844402
0.568503 0.127054 -0.236019 -0.040976
0.127054 0.049741 -0.042502 -0.007983
-0.236019 -0.042502 0.589139 0.128158
-0.040976 -0.007983 0.128158 0.050255
14.795291 1.328979 15.592024 1.891636
0.542234 0.117394 -0.207464 -0.032948
0.117394 0.046960 -0.034340 -0.006148
-0.207464 -0.034340 0.547734 0.115963
-0.032948 -0.006148 0.115963 0.047027
15.346269 1.303994 16.537841 1.888821
0.528064 0.111968 -0.180159 -0.026020
0.111968 0.045564 -0.027207 -0.004680
-0.180159 -0.027207 0.525981 0.109732
-0.026020 -0.004680 0.109732 0.045546
15.642981 1.230757 17.632970 1.912299
0.506030 0.105716 -0.155650 -0.020776
0.105716 0.044196 -0.021971 -0.003810
-0.155650 -0.021971 0.490802 0.101432
-0.020776 -0.003810 0.101432 0.043799
16.592561 1.300709 18.525206 1.906872
0.476968 0.099023 -0.125778 -0.015129
0.099023 0.042957 -0.016041 -0.002875
-0.125778 -0.016041 0.462038 0.095621
-0.015129 -0.002875 0.095621 0.042798
17.311098 1.317848 19.595952 1.933559
0.452453 0.093784 -0.111147 -0.013121
0.093784 0.042086 -0.013896 -0.002767
-0.111147 -0.013896 0.434975 0.090389
-0.013121 -0.002767 0.090389 0.041917
18.145914 1.362385 20.893294 2.008632
0.435402 0.090990 -0.084697 -0.008482
0.090990 0.041870 -0.009162 -0.002012
-0.084697 -0.009162 0.416865 0.087814
-0.008482 -0.002012 0.087814 0.041719
18.765464 1.360078 22.461379 2.129678
0.415730 0.087575 -0.072586 -0.007306
0.087575 0.041434 -0.007911 -0.002042
-0.072586 -0.007911 0.394853 0.084181
-0.007306 -0.002042 0.084181 0.041179
19.481554 1.372928 23.818844 2.194565
0.414300 0.088148 -0.072693 -0.008390
0.088148 0.041820 -0.008803 -0.002405
-0.072693 -0.008803 0.397360 0.085889
-0.008390 -0.002405 0.085889 0.041759
20.068024 1.341473 24.300539 2.056629
0.415166 0.089189 -0.067900 -0.008128
0.089189 0.042252 -0.008509 -0.002424
-0.067900 -0.008509 0.396209 0.086580
-0.008128 -0.002424 0.086580 0.042037
20.792928 1.350969 25.165152 2.020972
0.410721 0.088970 -0.057561 -0.006627
0.088970 0.042352 -0.006926 -0.002143
-0.057561 -0.006926 0.394876 0.087116
-0.006627 -0.002143 0.087116 0.042236
21.403183 1.340178 26.454696 2.082567
0.403438 0.087952 -0.055068 -0.006936
0.087952 0.042212 -0.007106 -0.002256
-0.055068 -0.007106 0.393461 0.087341
-0.006936 -0.002256 0.087341 0.042289
21.621726 1.239442 27.413314 2.058593
0.415411 0.091090 -0.062840 -0.009147
0.091090 0.042953 -0.009245 -0.002713
-0.062840 -0.009245 0.406845 0.090649
-0.009147 -0.002713 0.090649 0.042989
21.547125 1.085354 28.407915 2.042992
0.418951 0.092019 -0.067660 -0.010479
0.092019 0.043129 -0.010487 -0.002933
-0.067660 -0.010487 0.415744 0.092588
-0.010479 -0.002933 0.092588 0.043317
22.395482 1.155544 29.662473 2.098534
0.422513 0.092906 -0.064897 -0.009906
0.092906 0.043293 -0.009868 -0.002706
-0.064897 -0.009868 0.424375 0.094329
-0.009906 -0.002706 0.094329 0.043599
22.955530 1.148127 30.374032 2.023050
0.420716 0.092472 -0.063738 -0.009765
0.092472 0.043144 -0.009735 -0.002621
-0.063738 -0.009735 0.422832 0.093603
-0.009765 -0.002621 0.093603 0.043314
23.558955 1.153767 31.301149 2.004593
0.422185 0.092783 -0.063647 -0.009796
0.092783 0.043176 -0.009732 -0.002561
-0.063647 -0.009732 0.428392 0.094552
-0.009796 -0.002561 0.094552 0.043447
24.056287 1.137533 32.438811 2.033758
0.414779 0.091092 -0.063411 -0.009847
0.091092 0.042765 -0.009660 -0.002510
-0.063411 -0.009660 0.434504 0.095556
-0.009847 -0.002510 0.095556 0.043595
24.778907 1.168448 33.141236 1.965977
0.414658 0.091160 -0.064697 -0.010119
0.091160 0.042778 -0.009980 -0.002529
-0.064697 -0.009980 0.433703 0.094959
-0.010119 -0.002529 0.094959 0.043393
25.854904 1.272023 33.589188 1.853321
0.406937 0.089570 -0.060824 -0.009288
0.089570 0.042430 -0.009171 -0.002316
-0.060824 -0.009171 0.426077 0.093030
-0.009288 -0.002316 0.093030 0.042947
26.065372 1.169149 33.691356 1.667993
0.413605 0.091169 -0.070647 -0.011387
0.091169 0.042783 -0.011410 -0.002762
-0.070647 -0.011410 0.423647 0.092339
-0.011387 -0.002762 0.092339 0.042795
26.443815 1.126932 34.864900 1.740459
0.380965 0.083913 -0.073562 -0.012168
0.083913 0.041147 -0.011768 -0.002851
-0.073562 -0.011768 0.431485 0.094066
-0.012168 -0.002851 0.094066 0.043203
26.879184 1.102086 36.074956 1.813653
0.369163 0.081889 -0.083234 -0.014129
0.081889 0.040792 -0.013551 -0.003198
-0.083234 -0.013551 0.446768 0.097186
-0.014129 -0.003198 0.097186 0.043864
28.070663 1.251982 37.338914 1.899742
0.372304 0.083323 -0.092422 -0.015638
0.083323 0.041205 -0.015087 -0.003433
-0.092422 -0.015087 0.463006 0.100222
-0.015638 -0.003433 0.100222 0.044454
28.886059 1.292312 38.074314 1.855597
0.349747 0.078682 -0.095520 -0.016073
0.078682 0.040164 -0.015320 -0.003469
-0.095520 -0.015320 0.466370 0.100272
-0.016073 -0.003469 0.100272 0.044370
29.922579 1.387846 39.328254 1.932096
0.353178 0.080372 -0.097392 -0.015890
0.080372 0.040639 -0.015202 -0.003358
-0.097392 -0.015202 0.477560 0.102112
-0.015890 -0.003358 0.102112 0.044716
30.769499 1.427877 40.554196 1.990541
0.357838 0.082056 -0.096522 -0.015202
0.082056 0.041028 -0.014613 -0.003181
-0.096522 -0.014613 0.483793 0.102814
-0.015202 -0.003181 0.102814 0.044813
31.346803 1.397764 41.664405 2.012982
0.365458 0.084147 -0.094693 -0.014406
0.084147 0.041449 -0.014039 -0.003034
-0.094693 -0.014039 0.483091 0.102064
-0.014406 -0.003034 0.102064 0.044618
31.986988 1.380352 42.457122 1.966384
0.377105 0.086879 -0.092517 -0.013616
0.086879 0.041968 -0.013638 -0.002938
-0.092517 -0.013638 0.473161 0.099520
-0.013616 -0.002938 0.099520 0.044082
32.762331 1.392909 43.005621 1.875081
0.370103 0.085162 -0.075841 -0.010167
0.085162 0.041459 -0.010100 -0.002259
-0.075841 -0.010100 0.451225 0.094979
-0.010167 -0.002259 0.094979 0.043228
33.400249 1.374257 43.629530 1.807119
0.392017 0.089997 -0.080619 -0.011175
0.089997 0.042458 -0.011735 -0.002632
-0.080619 -0.011735 0.439723 0.092769
-0.011175 -0.002632 0.092769 0.042869
34.286913 1.420729 44.557423 1.815362
0.395225 0.090231 -0.069788 -0.009036
0.090231 0.042372 -0.009609 -0.002228
-0.069788 -0.009609 0.422902 0.089850
-0.009036 -0.002228 0.089850 0.042417
34.787457 1.360471 44.620609 1.629441
0.381226 0.086687 -0.049212 -0.005203
0.086687 0.041487 -0.005797 -0.001533
-0.049212 -0.005797 0.381022 0.081824
-0.005203 -0.001533 0.081824 0.040885
34.956736 1.244465 45.493952 1.635772
0.390818 0.088587 -0.056063 -0.007313
0.088587 0.041878 -0.007951 -0.002097
-0.056063 -0.007951 0.381834 0.083330
-0.007313 -0.002097 0.083330 0.041424
35.515621 1.235662 46.787571 1.741029
0.418975 0.094478 -0.070564 -0.010641
0.094478 0.043142 -0.011411 -0.002832
-0.070564 -0.011411 0.393733 0.086895
-0.010641 -0.002832 0.086895 0.042296
