0.913109 1.327346 0.065511 -0.865842
1.807821 0.723144 0.086889 0.034756
0.723144 80.293331 0.034756 0.013903
0.086889 0.034756 3.946416 1.578601
0.034756 0.013903 1.578601 80.635521
4.943293 7.421613 -1.372746 -2.530021
3.083868 5.587601 -1.615828 -2.658037
5.587601 16.523152 -2.940534 -4.597504
-1.615828 -2.940534 2.634592 4.309387
-2.658037 -4.597504 4.309387 19.342702
7.516604 6.418926 0.589791 1.363509
2.531186 2.814355 -0.188444 0.171865
2.814355 4.617356 -0.101381 0.106446
-0.188444 -0.101381 1.310992 1.625817
0.171865 0.106446 1.625817 4.567269
9.073774 5.161860 4.892955 4.753340
1.035737 0.821556 0.380050 0.420230
0.821556 1.233983 0.314484 0.225256
0.380050 0.314484 1.167794 1.141800
0.420230 0.225256 1.141800 1.923464
9.125908 3.502675 5.828299 3.746401
0.821525 0.561141 -0.046737 -0.066873
0.561141 0.663177 -0.089869 -0.136993
-0.046737 -0.089869 1.351418 1.035703
-0.066873 -0.136993 1.035703 1.133256
8.944955 2.442360 5.702713 2.599226
0.631563 0.373084 -0.407190 -0.260135
0.373084 0.371653 -0.269746 -0.190263
-0.407190 -0.269746 1.430295 0.867049
-0.260135 -0.190263 0.867049 0.700392
9.818480 2.263748 6.142282 2.175871
0.808662 0.412660 -0.442513 -0.218535
0.412660 0.301452 -0.224337 -0.120936
-0.442513 -0.224337 1.530398 0.754098
-0.218535 -0.120936 0.754098 0.476560
11.281084 2.399175 6.054081 1.689694
0.870918 0.379867 -0.378147 -0.150798
0.379867 0.226295 -0.153853 -0.067872
-0.378147 -0.153853 1.460556 0.603982
-0.150798 -0.067872 0.603982 0.320627
11.597200 2.063828 7.123913 1.762464
0.657692 0.248330 -0.299379 -0.101549
0.248330 0.138178 -0.101672 -0.039178
-0.299379 -0.101672 1.275765 0.455533
-0.101549 -0.039178 0.455533 0.215027
12.637588 2.050440 6.538808 1.295653
0.582296 0.196957 -0.275912 -0.081875
0.196957 0.101809 -0.081674 -0.027822
-0.275912 -0.081674 1.178878 0.372535
-0.081875 -0.027822 0.372535 0.159371
13.342109 1.956425 7.763195 1.457799
0.590063 0.183045 -0.227920 -0.058897
0.183045 0.086446 -0.059133 -0.018085
-0.227920 -0.059133 1.045591 0.298022
-0.058897 -0.018085 0.298022 0.120098
14.032252 1.872212 8.449055 1.443189
0.547092 0.156476 -0.206171 -0.048233
0.156476 0.071042 -0.048495 -0.013693
-0.206171 -0.048495 0.949588 0.248267
-0.048233 -0.013693 0.248267 0.096014
14.013681 1.622458 9.994328 1.634663
0.505064 0.135173 -0.185296 -0.039719
0.135173 0.060423 -0.040358 -0.010681
-0.185296 -0.040358 0.828212 0.201481
-0.039719 -0.010681 0.201481 0.077578
14.311045 1.492112 11.008671 1.674242
0.511992 0.130358 -0.157710 -0.030454
0.130358 0.056228 -0.031197 -0.007748
-0.157710 -0.031197 0.758621 0.174666
-0.030454 -0.007748 0.174666 0.067194
14.790636 1.443613 13.220442 1.977359
0.532943 0.129991 -0.123272 -0.020882
0.129991 0.054056 -0.021860 -0.005172
-0.123272 -0.021860 0.681822 0.150455
-0.020882 -0.005172 0.150455 0.059196
14.978370 1.317349 14.207550 1.970667
0.548461 0.128251 -0.117714 -0.018900
0.128251 0.052012 -0.020106 -0.004591
-0.117714 -0.020106 0.650924 0.139185
-0.018900 -0.004591 0.139185 0.055154
15.887693 1.378627 15.567339 2.052531
0.533352 0.120350 -0.091884 -0.013207
0.120350 0.049104 -0.014128 -0.003253
-0.091884 -0.014128 0.600312 0.125530
-0.013207 -0.003253 0.125530 0.051288
15.892466 1.236660 17.481382 2.229547
0.535791 0.117590 -0.077725 -0.010307
0.117590 0.047838 -0.011361 -0.002652
-0.077725 -0.011361 0.554554 0.114391
-0.010307 -0.002652 0.114391 0.048434
16.489337 1.229600 18.343664 2.177172
0.521468 0.111694 -0.082894 -0.011799
0.111694 0.046135 -0.012848 -0.003002
-0.082894 -0.012848 0.522950 0.107177
-0.011799 -0.003002 0.107177 0.046682
16.707470 1.145413 19.431861 2.173073
0.516408 0.109021 -0.061324 -0.007443
0.109021 0.045464 -0.008312 -0.002028
-0.061324 -0.008312 0.501886 0.103114
-0.007443 -0.002028 0.103114 0.045818
17.360693 1.152322 19.355484 1.932660
0.499741 0.104275 -0.058636 -0.007455
0.104275 0.044450 -0.008148 -0.002054
-0.058636 -0.008148 0.483433 0.099705
-0.007455 -0.002054 0.099705 0.045110
17.798569 1.124910 20.497159 1.968012
0.500988 0.104092 -0.039959 -0.003872
0.104092 0.044558 -0.004468 -0.001283
-0.039959 -0.004468 0.480463 0.099888
-0.003872 -0.001283 0.099888 0.045223
17.886033 1.028817 21.834063 2.038278
0.488937 0.101382 -0.007893 0.002154
0.101382 0.044160 0.001563 -0.000089
-0.007893 0.001563 0.460805 0.096521
0.002154 -0.000089 0.096521 0.044568
18.828604 1.119218 23.191182 2.112035
0.492814 0.102144 -0.002309 0.002287
0.102144 0.044484 0.001826 -0.000151
-0.002309 0.001826 0.472628 0.099757
0.002287 -0.000151 0.099757 0.045284
19.873328 1.218989 24.014297 2.064551
0.471161 0.097617 0.004920 0.002808
0.097617 0.043682 0.002438 -0.000110
0.004920 0.002438 0.457911 0.096951
0.002808 -0.000110 0.096951 0.044635
20.777399 1.280500 25.200115 2.097802
0.460719 0.095871 0.010589 0.003169
0.095871 0.043515 0.002862 -0.000058
0.010589 0.002862 0.455615 0.096949
0.003169 -0.000058 0.096949 0.044621
21.343384 1.264955 26.164062 2.079624
0.460563 0.096412 0.000919 0.000389
0.096412 0.043812 0.000183 -0.000633
0.000919 0.000183 0.460480 0.098362
0.000389 -0.000633 0.098362 0.044889
21.652547 1.196865 27.318587 2.104254
0.466908 0.098231 -0.004659 -0.001122
0.098231 0.044324 -0.001274 -0.000872
-0.004659 -0.001274 0.474126 0.101443
-0.001122 -0.000872 0.101443 0.045479
22.005172 1.144991 28.400332 2.110690
0.454762 0.095929 0.000924 -0.000008
0.095929 0.043898 -0.000151 -0.000527
0.000924 -0.000151 0.473633 0.101144
-0.000008 -0.000527 0.101144 0.045292
22.816696 1.195232 29.890961 2.203309
0.457821 0.097035 -0.003760 -0.001146
0.097035 0.044217 -0.001272 -0.000693
-0.003760 -0.001272 0.492879 0.105080
-0.001146 -0.000693 0.105080 0.046037
23.058393 1.119652 30.898020 2.183500
0.459752 0.097734 0.000002 -0.000326
0.097734 0.044399 -0.000433 -0.000426
0.000002 -0.000433 0.502900 0.106656
-0.000326 -0.000426 0.106656 0.046224
23.371353 1.067426 31.589590 2.099332
0.442982 0.094345 -0.001301 -0.000615
0.094345 0.043683 -0.000710 -0.000419
-0.001301 -0.000710 0.496368 0.104635
-0.000615 -0.000419 0.104635 0.045662
24.167973 1.124114 32.104383 1.986805
0.431644 0.092386 0.002862 0.000295
0.092386 0.043320 0.000232 -0.000159
0.002862 0.000232 0.489123 0.102729
0.000295 -0.000159 0.102729 0.045203
24.998351 1.181926 33.079498 1.982754
0.432232 0.093110 -0.008672 -0.002168
0.093110 0.043544 -0.002292 -0.000654
-0.008672 -0.002292 0.499916 0.104851
-0.002168 -0.000654 0.104851 0.045648
25.669315 1.199381 33.678243 1.900633
0.427450 0.092505 -0.019260 -0.004171
0.092505 0.043432 -0.004350 -0.001008
-0.019260 -0.004350 0.500807 0.104718
-0.004171 -0.001008 0.104718 0.045587
26.152857 1.174305 34.969115 1.971609
0.431710 0.093840 -0.017149 -0.003347
0.093840 0.043730 -0.003463 -0.000729
-0.017149 -0.003463 0.521547 0.108784
-0.003347 -0.000729 0.108784 0.046421
27.117368 1.256940 36.344018 2.052750
0.431571 0.093999 -0.027959 -0.005326
0.093999 0.043726 -0.005509 -0.001103
-0.027959 -0.005509 0.542345 0.112488
-0.005326 -0.001103 0.112488 0.047113
27.940013 1.299864 37.654857 2.111710
0.397875 0.086756 -0.039632 -0.007381
0.086756 0.042099 -0.007581 -0.001476
-0.039632 -0.007581 0.555121 0.114238
-0.007381 -0.001476 0.114238 0.047362
28.154256 1.203405 38.567413 2.081025
0.391426 0.086125 -0.041191 -0.007167
0.086125 0.042049 -0.007323 -0.001346
-0.041191 -0.007323 0.557532 0.113826
-0.007167 -0.001346 0.113826 0.047185
28.597926 1.167390 39.396717 2.037446
0.394619 0.087557 -0.042605 -0.006984
0.087557 0.042419 -0.007146 -0.001261
-0.042605 -0.007146 0.558471 0.113279
-0.006984 -0.001261 0.113279 0.047030
29.448464 1.228484 40.704223 2.097190
0.383476 0.085562 -0.034666 -0.005072
0.085562 0.041965 -0.004927 -0.000809
-0.034666 -0.004927 0.568016 0.114684
-0.005072 -0.000809 0.114684 0.047319
30.537321 1.333308 41.374794 2.023658
0.396418 0.089059 -0.028195 -0.003571
0.089059 0.042759 -0.003433 -0.000526
-0.028195 -0.003433 0.555970 0.111697
-0.003571 -0.000526 0.111697 0.046717
30.707001 1.221127 42.339407 2.011621
0.403975 0.090835 -0.030731 -0.004090
0.090835 0.043060 -0.004093 -0.000713
-0.030731 -0.004093 0.553657 0.110994
-0.004090 -0.000713 0.110994 0.046635
32.448498 1.472099 42.679966 1.883936
0.324838 0.073175 0.024121 0.006491
0.073175 0.039029 0.008044 0.001587
0.024121 0.008044 0.518057 0.104036
0.006491 0.001587 0.104036 0.045367
32.699003 1.359522 43.237883 1.805405
0.350338 0.080585 0.010135 0.002792
0.080585 0.040945 0.003560 0.000494
0.010135 0.003560 0.509939 0.102920
0.002792 0.000494 0.102920 0.045303
33.596225 1.410245 44.452996 1.868986
0.383877 0.088934 0.006915 0.001675
0.088934 0.042845 0.002172 0.000152
0.006915 0.002172 0.512384 0.104033
0.001675 0.000152 0.104033 0.045675
34.105107 1.364830 44.891804 1.767923
0.404598 0.093308 0.003568 0.000678
0.093308 0.043625 0.000978 -0.000104
0.003568 0.000978 0.486402 0.099193
0.000678 -0.000104 0.099193 0.044776
34.672214 1.338477 45.800086 1.772987
0.427422 0.097676 0.001863 0.000154
0.097676 0.044353 0.000369 -0.000209
0.001863 0.000369 0.471913 0.097062
0.000154 -0.000209 0.097062 0.044476
35.225534 1.312294 46.747277 1.785674
0.461126 0.104073 -0.010804 -0.002571
0.104073 0.045511 -0.002602 -0.000792
-0.010804 -0.002602 0.465885 0.096755
-0.002571 -0.000792 0.096755 0.044536
36.219497 1.387279 47.562477 1.769342
0.501686 0.111361 -0.019163 -0.004119
0.111361 0.046800 -0.004239 -0.001049
-0.019163 -0.004239 0.452036 0.094688
-0.004119 -0.001049 0.094688 0.044178
