1.982070 1.754940 2.937504 0.282980
1.361497 0.544610 1.866670 0.746684
0.544610 80.221916 0.746684 0.298680
1.866670 0.746684 4.591056 1.836462
0.746684 0.298680 1.836462 80.738667
1.998468 0.296622 2.099264 -1.152545
3.869033 7.335343 -0.639955 -1.625600
7.335343 18.331738 -1.833984 1.098801
-0.639955 -1.833984 4.104208 6.672887
-1.625600 1.098801 6.672887 24.221496
2.505228 0.725894 2.473769 -0.052766
3.345422 3.458456 -1.146476 -1.019157
3.458456 4.620759 -1.043082 0.310732
-1.146476 -1.043082 2.991971 3.276024
-1.019157 0.310732 3.276024 6.766948
3.105182 1.000810 3.588167 0.966689
2.776854 2.007685 -0.794990 -0.355541
2.007685 1.856933 -0.377583 0.299963
-0.794990 -0.377583 2.529110 2.100845
-0.355541 0.299963 2.100845 2.872597
3.610360 0.912782 2.848981 0.133042
2.438217 1.368775 -0.445859 -0.055333
1.368775 0.972805 -0.055601 0.257204
-0.445859 -0.055601 2.703705 1.799231
-0.055333 0.257204 1.799231 1.706298
6.354227 2.091523 4.998004 1.444089
1.896462 0.864566 -0.286759 -0.010474
0.864566 0.511440 -0.030575 0.124474
-0.286759 -0.030575 1.832744 0.976953
-0.010474 0.124474 0.976953 0.790924
7.048979 1.914349 4.874924 1.031504
1.831560 0.715133 -0.085320 0.074310
0.715133 0.358133 0.058596 0.111685
-0.085320 0.058596 1.977356 0.909024
0.074310 0.111685 0.909024 0.582476
8.375048 2.032229 5.190363 0.969872
1.587940 0.540651 0.042461 0.093044
0.540651 0.241602 0.085023 0.083003
0.042461 0.085023 1.922606 0.763543
0.093044 0.083003 0.763543 0.412224
9.633739 2.109238 5.816001 1.027626
1.256310 0.380029 0.079153 0.074364
0.380029 0.160130 0.075415 0.054749
0.079153 0.075415 1.783178 0.619941
0.074364 0.054749 0.619941 0.293540
10.855896 2.183500 7.569987 1.414633
1.062691 0.292163 0.096698 0.061520
0.292163 0.118030 0.061875 0.037094
0.096698 0.061875 1.541571 0.477729
0.061520 0.037094 0.477729 0.207940
11.531481 2.104198 9.673073 1.794693
0.923142 0.234167 0.069738 0.041629
0.234167 0.092474 0.041161 0.023286
0.069738 0.041161 1.280712 0.359562
0.041629 0.023286 0.359562 0.149594
13.225457 2.261540 10.917815 1.896940
0.839646 0.200312 0.085842 0.038572
0.200312 0.077967 0.037744 0.017808
0.085842 0.037744 1.163946 0.302237
0.038572 0.017808 0.302237 0.119867
14.087420 2.190830 11.012439 1.686560
0.737819 0.166778 0.032179 0.019226
0.166778 0.066013 0.019722 0.010160
0.032179 0.019722 1.055168 0.255326
0.019226 0.010160 0.255326 0.098323
15.070763 2.167031 11.915884 1.698852
0.725279 0.158326 0.053124 0.021522
0.158326 0.061688 0.021504 0.008854
0.053124 0.021504 1.020852 0.233858
0.021522 0.008854 0.233858 0.086869
15.856865 2.110830 13.629120 1.883705
0.714075 0.151353 0.084275 0.025661
0.151353 0.058435 0.024953 0.008240
0.084275 0.024953 0.942121 0.205806
0.025661 0.008240 0.205806 0.076044
15.661573 1.856143 15.100947 1.985479
0.668632 0.137958 0.061888 0.017826
0.137958 0.054343 0.016974 0.005389
0.061888 0.016974 0.811470 0.170248
0.017826 0.005389 0.170248 0.065299
15.973031 1.731613 16.180036 2.000044
0.655313 0.132853 0.059835 0.015457
0.132853 0.052539 0.014622 0.004193
0.059835 0.014622 0.749066 0.153152
0.015457 0.004193 0.153152 0.059867
16.436606 1.651585 17.399397 2.042891
0.642753 0.128594 0.072949 0.016497
0.128594 0.051186 0.015747 0.003906
0.072949 0.015747 0.693608 0.139383
0.016497 0.003906 0.139383 0.055845
17.056712 1.610917 17.902573 1.939694
0.623774 0.123582 0.071079 0.014567
0.123582 0.049875 0.013974 0.003143
0.071079 0.013974 0.655360 0.130363
0.014567 0.003143 0.130363 0.053248
17.915001 1.621543 18.757614 1.916891
0.621791 0.122461 0.088992 0.016872
0.122461 0.049488 0.016393 0.003344
0.088992 0.016393 0.642124 0.127073
0.016872 0.003344 0.127073 0.052074
18.815404 1.638022 20.028270 1.978313
0.626167 0.122674 0.120036 0.021660
0.122674 0.049407 0.021282 0.004065
0.120036 0.021282 0.633014 0.124738
0.021660 0.004065 0.124738 0.051208
19.162039 1.543312 21.347009 2.046259
0.631179 0.123089 0.132164 0.022413
0.123089 0.049401 0.022193 0.003994
0.132164 0.022193 0.620127 0.121829
0.022413 0.003994 0.121829 0.050331
19.276124 1.411653 22.704337 2.117929
0.619075 0.120092 0.149332 0.024426
0.120092 0.048726 0.024356 0.004268
0.149332 0.024356 0.590486 0.115719
0.024426 0.004268 0.115719 0.048888
20.162355 1.450063 23.489000 2.061242
0.626435 0.121264 0.159372 0.024868
0.121264 0.048945 0.024882 0.004217
0.159372 0.024882 0.588563 0.115604
0.024868 0.004217 0.115604 0.048761
20.317990 1.339260 24.436397 2.052176
0.621253 0.120024 0.156951 0.023154
0.120024 0.048695 0.023254 0.003829
0.156951 0.023254 0.577163 0.113622
0.023154 0.003829 0.113622 0.048276
21.051526 1.349332 25.630590 2.085091
0.639819 0.123386 0.167535 0.024062
0.123386 0.049335 0.024171 0.003965
0.167535 0.024171 0.590791 0.116543
0.024062 0.003965 0.116543 0.048762
22.011223 1.401515 26.907761 2.127744
0.663316 0.127448 0.175880 0.024525
0.127448 0.050067 0.024643 0.004022
0.175880 0.024643 0.610144 0.120282
0.024525 0.004022 0.120282 0.049367
21.960025 1.245907 28.469443 2.241196
0.644104 0.122889 0.179824 0.024966
0.122889 0.049069 0.024633 0.004154
0.179824 0.024633 0.614220 0.120610
0.024966 0.004154 0.120610 0.049235
23.187372 1.363043 29.644916 2.241146
0.657895 0.125038 0.196492 0.027433
0.125038 0.049441 0.027185 0.004683
0.196492 0.027185 0.621892 0.121389
0.027433 0.004683 0.121389 0.049186
24.109522 1.419993 30.240176 2.131192
0.660448 0.125540 0.176131 0.022588
0.125540 0.049597 0.022867 0.003838
0.176131 0.022867 0.604958 0.117893
0.022588 0.003838 0.117893 0.048442
24.560218 1.372707 31.140643 2.103161
0.648666 0.123334 0.149924 0.017431
0.123334 0.049236 0.017705 0.002969
0.149924 0.017705 0.598341 0.116894
0.017431 0.002969 0.116894 0.048279
24.726275 1.278955 31.801113 2.034748
0.626587 0.119358 0.122245 0.012688
0.119358 0.048559 0.012912 0.002273
0.122245 0.012912 0.584556 0.114534
0.012688 0.002273 0.114534 0.047850
25.085154 1.226318 32.712533 2.018494
0.609539 0.116373 0.112456 0.011804
0.116373 0.048064 0.011790 0.002321
0.112456 0.011790 0.581862 0.114231
0.011804 0.002321 0.114231 0.047798
24.606352 1.012052 33.835086 2.058783
0.572155 0.109874 0.090285 0.008759
0.109874 0.046956 0.008231 0.001893
0.090285 0.008231 0.583283 0.114956
0.008759 0.001893 0.114956 0.047991
25.317848 1.052998 34.817406 2.046419
0.592060 0.114906 0.077309 0.006814
0.114906 0.048132 0.006707 0.001687
0.077309 0.006707 0.584103 0.115297
0.006814 0.001687 0.115297 0.048069
26.289235 1.150302 35.059295 1.885272
0.600174 0.116938 0.073835 0.007055
0.116938 0.048561 0.007370 0.001947
0.073835 0.007370 0.561273 0.110755
0.007055 0.001947 0.110755 0.047141
26.784329 1.137338 35.755297 1.836975
0.578946 0.112931 0.074376 0.008302
0.112931 0.047756 0.008378 0.002288
0.074376 0.008378 0.555834 0.110043
0.008302 0.002288 0.110043 0.047045
27.800264 1.225823 36.647939 1.827218
0.603968 0.118520 0.059916 0.005797
0.118520 0.048937 0.006122 0.001808
0.059916 0.006122 0.559267 0.111287
0.005797 0.001808 0.111287 0.047375
28.549679 1.251456 37.703793 1.854497
0.613730 0.120542 0.041273 0.002769
0.120542 0.049303 0.003120 0.001237
0.041273 0.003120 0.566397 0.113122
0.002769 0.001237 0.113122 0.047781
29.411405 1.298474 38.541141 1.834741
0.625260 0.122684 0.022195 -0.000184
0.122684 0.049660 0.000267 0.000718
0.022195 0.000267 0.565324 0.113077
-0.000184 0.000718 0.113077 0.047762
29.743856 1.233698 39.968963 1.938764
0.610105 0.119383 0.003142 -0.002831
0.119383 0.048927 -0.002546 0.000249
0.003142 -0.002546 0.580556 0.116248
-0.002831 0.000249 0.116248 0.048381
30.508844 1.261636 41.226889 1.995841
0.626557 0.122570 -0.019526 -0.006272
0.122570 0.049536 -0.005906 -0.000361
-0.019526 -0.005906 0.587271 0.117385
-0.006272 -0.000361 0.117385 0.048540
31.179375 1.269492 42.149114 1.980694
0.636749 0.124208 -0.042530 -0.009585
0.124208 0.049787 -0.009165 -0.000932
-0.042530 -0.009165 0.582851 0.116172
-0.009585 -0.000932 0.116172 0.048221
31.712647 1.249843 43.241557 2.000964
0.642840 0.124887 -0.065069 -0.012678
0.124887 0.049836 -0.012234 -0.001460
-0.065069 -0.012234 0.584690 0.116299
-0.012678 -0.001460 0.116299 0.048199
32.587285 1.298613 44.366647 2.026405
0.665314 0.128688 -0.085406 -0.015210
0.128688 0.050496 -0.014800 -0.001885
-0.085406 -0.014800 0.586461 0.116378
-0.015210 -0.001885 0.116378 0.048170
33.453020 1.340171 45.341554 2.019838
0.674143 0.129549 -0.100126 -0.016645
0.129549 0.050547 -0.016292 -0.002118
-0.100126 -0.016292 0.581603 0.115138
-0.016645 -0.002118 0.115138 0.047885
33.477625 1.215713 46.290765 2.003325
0.654631 0.124908 -0.119475 -0.019285
0.124908 0.049549 -0.018739 -0.002608
-0.119475 -0.018739 0.580294 0.114673
-0.019285 -0.002608 0.114673 0.047767
33.941495 1.187082 47.190517 1.981700
0.670827 0.127578 -0.139678 -0.021794
0.127578 0.050049 -0.021346 -0.003079
-0.139678 -0.021346 0.580567 0.114522
-0.021794 -0.003079 0.114522 0.047714
34.005491 1.081545 47.846115 1.908760
0.670685 0.126906 -0.157615 -0.024024
0.126906 0.049869 -0.023563 -0.003515
-0.157615 -0.023563 0.576332 0.113467
-0.024024 -0.003515 0.113467 0.047475
35.091074 1.181053 48.431176 1.841909
0.702722 0.132628 -0.166001 -0.023949
0.132628 0.050958 -0.024032 -0.003529
-0.166001 -0.024032 0.568739 0.111914
-0.023949 -0.003529 0.111914 0.047174
