2.132097 1.814952 3.290557 0.424204
3.351420 1.340597 0.321651 0.128663
1.340597 80.540317 0.128663 0.051466
0.321651 0.128663 5.861935 2.344825
0.128663 0.051466 2.344825 80.942017
7.808431 9.843890 1.940101 -2.032904
2.119106 3.580260 -1.265575 -1.951973
3.580260 16.838304 -2.195029 -2.654314
-1.265575 -2.195029 3.353718 5.077500
-1.951973 -2.654314 5.077500 24.167178
9.115094 5.550115 3.203634 0.173179
1.098504 1.496252 1.165950 1.619401
1.496252 4.226387 1.733466 2.069174
1.165950 1.733466 2.647632 3.455893
1.619401 2.069174 3.455893 8.103988
8.518458 1.912660 2.951259 0.501375
0.628702 0.595920 0.812345 0.692171
0.595920 1.188218 0.561265 0.448178
0.812345 0.561265 2.948651 2.804093
0.692171 0.448178 2.804093 3.766688
8.397284 0.886677 4.283350 1.452958
0.832592 0.661454 0.731307 0.415179
0.661454 0.764223 0.416321 0.254711
0.731307 0.416321 2.607045 1.807213
0.415179 0.254711 1.807213 1.729311
8.140336 0.423428 5.067467 1.549432
0.855091 0.542319 0.378339 0.139812
0.542319 0.460674 0.126254 0.060547
0.378339 0.126254 2.353760 1.317069
0.139812 0.060547 1.317069 0.992243
7.144146 -0.156569 4.167929 0.824542
0.567875 0.300240 -0.125975 -0.088188
0.300240 0.226979 -0.127182 -0.048551
-0.125975 -0.127182 2.034645 0.962331
-0.088188 -0.048551 0.962331 0.610104
8.198146 0.320887 6.551758 1.599472
0.700777 0.312886 -0.080869 -0.042893
0.312886 0.185313 -0.058620 -0.009751
-0.080869 -0.058620 1.694103 0.681539
-0.042893 -0.009751 0.681539 0.378298
9.094640 0.602169 7.478416 1.643945
0.805342 0.308735 -0.059132 -0.021215
0.308735 0.152595 -0.030443 0.001956
-0.059132 -0.030443 1.585189 0.559435
-0.021215 0.001956 0.559435 0.273005
9.820101 0.743940 9.126109 1.906574
0.880860 0.295175 -0.016605 -0.000351
0.295175 0.127054 -0.006310 0.008749
-0.016605 -0.006310 1.423411 0.448584
-0.000351 0.008749 0.448584 0.199752
11.031897 0.992953 9.385952 1.714556
0.813914 0.242410 -0.053339 -0.009126
0.242410 0.097012 -0.013801 0.004470
-0.053339 -0.013801 1.198985 0.342540
-0.009126 0.004470 0.342540 0.145397
11.364878 0.950944 10.860660 1.876213
0.825886 0.223288 -0.028611 0.000032
0.223288 0.083409 -0.003838 0.005879
-0.028611 -0.003838 1.087782 0.287191
0.000032 0.005879 0.287191 0.116293
11.876641 0.961730 12.188265 1.972752
0.826489 0.205664 -0.000607 0.007683
0.205664 0.073358 0.004337 0.006598
-0.000607 0.004337 0.996013 0.245981
0.007683 0.006598 0.245981 0.096491
12.749665 1.053947 13.455166 2.041668
0.849173 0.197059 0.053617 0.020050
0.197059 0.067618 0.017085 0.008388
0.053617 0.017085 0.983068 0.229773
0.020050 0.008388 0.229773 0.086246
13.715572 1.147690 14.008538 1.941304
0.814629 0.177828 0.065804 0.020544
0.177828 0.060772 0.018173 0.007303
0.065804 0.018173 0.929466 0.206426
0.020544 0.007303 0.206426 0.076214
14.651605 1.224157 15.380491 2.028560
0.775738 0.161283 0.095788 0.024744
0.161283 0.055777 0.022642 0.007203
0.095788 0.022642 0.846795 0.180323
0.024744 0.007203 0.180323 0.067320
14.945341 1.160248 16.254024 1.998474
0.731070 0.146306 0.083151 0.019715
0.146306 0.051942 0.018073 0.005364
0.083151 0.018073 0.757713 0.156140
0.019715 0.005364 0.156140 0.060135
15.782670 1.210132 16.953649 1.938547
0.713444 0.138990 0.094215 0.020238
0.138990 0.050216 0.018838 0.004918
0.094215 0.018838 0.734015 0.148086
0.020238 0.004918 0.148086 0.057197
15.331922 1.008661 17.446360 1.844130
0.675348 0.129060 0.055999 0.011019
0.129060 0.048287 0.010204 0.002722
0.055999 0.010204 0.656732 0.130304
0.011019 0.002722 0.130304 0.052748
16.140903 1.066542 18.201056 1.810765
0.662695 0.125265 0.077469 0.014558
0.125265 0.047762 0.013725 0.003180
0.077469 0.013725 0.639692 0.126154
0.014558 0.003180 0.126154 0.051475
16.612757 1.055565 18.887814 1.767884
0.661779 0.124342 0.083736 0.014795
0.124342 0.047861 0.014080 0.003003
0.083736 0.014080 0.630195 0.123845
0.014795 0.003003 0.123845 0.050711
17.598249 1.143637 19.221851 1.657948
0.620972 0.116183 0.101733 0.017550
0.116183 0.046597 0.016781 0.003371
0.101733 0.016781 0.594709 0.116535
0.017550 0.003371 0.116535 0.049037
17.887257 1.087238 20.579437 1.764043
0.630168 0.118242 0.122826 0.020547
0.118242 0.047345 0.019822 0.003771
0.122826 0.019822 0.588563 0.115546
0.020547 0.003771 0.115546 0.048744
17.857364 0.972924 22.168741 1.909144
0.631159 0.118584 0.145857 0.023859
0.118584 0.047670 0.023229 0.004272
0.145857 0.023229 0.568234 0.111666
0.023859 0.004272 0.111666 0.047873
18.084990 0.923737 23.103133 1.907870
0.645414 0.121657 0.146214 0.022384
0.121657 0.048504 0.022009 0.003836
0.146214 0.022009 0.569303 0.112477
0.022384 0.003836 0.112477 0.048029
18.876518 0.983094 24.363176 1.965394
0.679629 0.128075 0.164882 0.024658
0.128075 0.049847 0.024265 0.004144
0.164882 0.024265 0.596334 0.118078
0.024658 0.004144 0.118078 0.049063
19.224060 0.951295 25.654288 2.029605
0.694452 0.130349 0.174845 0.025389
0.130349 0.050295 0.025059 0.004226
0.174845 0.025059 0.604845 0.119438
0.025389 0.004226 0.119438 0.049159
19.686506 0.957674 26.083176 1.911841
0.686115 0.128313 0.168384 0.023262
0.128313 0.049932 0.023191 0.003865
0.168384 0.023191 0.587857 0.115748
0.023262 0.003865 0.115748 0.048281
20.504035 1.019718 27.193257 1.937334
0.712965 0.133086 0.171033 0.022735
0.133086 0.050885 0.022762 0.003742
0.171033 0.022762 0.608228 0.119757
0.022735 0.003742 0.119757 0.049013
21.389906 1.091602 28.129281 1.924424
0.725167 0.134731 0.171844 0.022274
0.134731 0.051170 0.022354 0.003707
0.171844 0.022354 0.616655 0.120987
0.022274 0.003707 0.120987 0.049125
22.502681 1.195605 29.272512 1.950964
0.736373 0.136021 0.178970 0.023238
0.136021 0.051364 0.023195 0.003941
0.178970 0.023195 0.629723 0.122941
0.023238 0.003941 0.122941 0.049366
22.622708 1.104225 30.342734 1.978043
0.694381 0.127507 0.174219 0.022735
0.127507 0.049756 0.022134 0.003947
0.174219 0.022134 0.623664 0.121153
0.022735 0.003947 0.121153 0.048891
23.634876 1.180717 31.914641 2.085696
0.703716 0.129379 0.174734 0.022441
0.129379 0.050232 0.021797 0.003910
0.174734 0.021797 0.641711 0.124282
0.022441 0.003910 0.124282 0.049453
23.609620 1.055965 33.474581 2.198394
0.649651 0.119366 0.164763 0.021270
0.119366 0.048456 0.019840 0.003768
0.164763 0.019840 0.645228 0.124477
0.021270 0.003768 0.124477 0.049419
24.192779 1.062469 34.801611 2.242180
0.646848 0.120115 0.140618 0.016505
0.120115 0.048878 0.015560 0.002982
0.140618 0.015560 0.639184 0.123086
0.016505 0.002982 0.123086 0.049163
25.490690 1.214623 35.551389 2.157034
0.662680 0.124066 0.126035 0.013781
0.124066 0.049794 0.013749 0.002693
0.126035 0.013749 0.614844 0.118127
0.013781 0.002693 0.118127 0.048213
26.544649 1.302897 36.429627 2.111021
0.673667 0.126877 0.097740 0.008718
0.126877 0.050437 0.009257 0.001912
0.097740 0.009257 0.598236 0.115381
0.008718 0.001912 0.115381 0.047821
27.283409 1.325151 37.083679 2.031268
0.672277 0.127074 0.062941 0.002977
0.127074 0.050527 0.003842 0.001030
0.062941 0.003842 0.579688 0.112534
0.002977 0.001030 0.112534 0.047435
28.324081 1.398142 38.002157 2.007737
0.668300 0.126451 0.045741 0.001095
0.126451 0.050399 0.001945 0.000877
0.045741 0.001945 0.572658 0.111869
0.001095 0.000877 0.111869 0.047432
28.982259 1.393391 38.689427 1.945752
0.651307 0.123436 0.022365 -0.001900
0.123436 0.049838 -0.001101 0.000476
0.022365 -0.001101 0.561850 0.110487
-0.001900 0.000476 0.110487 0.047273
29.388855 1.339316 39.509605 1.917664
0.634552 0.120667 -0.002287 -0.005139
0.120667 0.049361 -0.004402 -0.000011
-0.002287 -0.004402 0.559584 0.110801
-0.005139 -0.000011 0.110801 0.047434
29.676112 1.266368 40.461211 1.918090
0.617606 0.117969 -0.022651 -0.007512
0.117969 0.048908 -0.006842 -0.000356
-0.022651 -0.006842 0.562046 0.111862
-0.007512 -0.000356 0.111862 0.047693
30.556669 1.312902 41.929821 2.019166
0.626765 0.120370 -0.034997 -0.008424
0.120370 0.049437 -0.007789 -0.000456
-0.034997 -0.007789 0.575297 0.114838
-0.008424 -0.000456 0.114838 0.048282
31.556730 1.379052 42.874939 2.006289
0.642486 0.123719 -0.050898 -0.010180
0.123719 0.050080 -0.009553 -0.000762
-0.050898 -0.009553 0.571322 0.114025
-0.010180 -0.000762 0.114025 0.048052
32.535362 1.434106 43.621677 1.955655
0.664002 0.127789 -0.072125 -0.013032
0.127789 0.050791 -0.012429 -0.001306
-0.072125 -0.012429 0.566163 0.112979
-0.013032 -0.001306 0.112979 0.047787
32.988729 1.379910 43.873306 1.809123
0.660969 0.126705 -0.093600 -0.015974
0.126705 0.050445 -0.015363 -0.001879
-0.093600 -0.015363 0.553121 0.110375
-0.015974 -0.001879 0.110375 0.047221
33.821657 1.404333 44.345846 1.723129
0.667400 0.127575 -0.105714 -0.016964
0.127575 0.050522 -0.016434 -0.002071
-0.105714 -0.016434 0.548219 0.109611
-0.016964 -0.002071 0.109611 0.047065
34.897206 1.481013 45.747928 1.835554
0.688707 0.131189 -0.120439 -0.018507
0.131189 0.051119 -0.017918 -0.002356
-0.120439 -0.017918 0.568840 0.113964
-0.018507 -0.002356 0.113964 0.047932
34.763091 1.310612 46.395956 1.772104
0.663495 0.125526 -0.139222 -0.021406
0.125526 0.049887 -0.020453 -0.002960
-0.139222 -0.020453 0.570145 0.113888
-0.021406 -0.002960 0.113888 0.047799
35.696618 1.368548 47.639745 1.847885
0.687439 0.129865 -0.153273 -0.022727
0.129865 0.050696 -0.021915 -0.003221
-0.153273 -0.021915 0.583804 0.116336
-0.022727 -0.003221 0.116336 0.048205
