2.423144 1.931373 1.866314 -0.145505
2.070737 0.828313 -0.330318 -0.132130
0.828313 80.335399 -0.132130 -0.052853
-0.330318 -0.132130 4.048903 1.619596
-0.132130 -0.052853 1.619596 80.651919
3.502489 2.155252 2.582325 1.138743
3.168605 5.621488 -1.211532 -1.883268
5.621488 17.166279 -2.098529 -4.149187
-1.211532 -2.098529 2.367366 3.813012
-1.883268 -4.149187 3.813012 18.668986
3.441630 1.008316 5.485535 3.944156
3.186222 3.460464 -1.020862 -0.949245
3.460464 5.487284 -1.031803 -1.325517
-1.020862 -1.031803 2.018775 2.422959
-0.949245 -1.325517 2.422959 5.551076
4.384599 1.313415 5.830957 2.478833
2.318136 1.796741 -0.552191 -0.351068
1.796741 2.081278 -0.382543 -0.417200
-0.552191 -0.382543 2.107306 1.899401
-0.351068 -0.417200 1.899401 2.608067
5.666676 1.685273 5.546558 1.440213
1.981121 1.213120 -0.440319 -0.241265
1.213120 1.090695 -0.257066 -0.238149
-0.440319 -0.257066 1.667309 1.144398
-0.241265 -0.238149 1.144398 1.191562
7.094277 1.982514 6.408506 1.530763
1.585225 0.804308 -0.501247 -0.254351
0.804308 0.610699 -0.252392 -0.185491
-0.501247 -0.252392 1.581530 0.883403
-0.254351 -0.185491 0.883403 0.714308
9.053404 2.405548 6.947408 1.435773
1.301368 0.568582 -0.411881 -0.178559
0.568582 0.378744 -0.177293 -0.112879
-0.411881 -0.177293 1.449417 0.681111
-0.178559 -0.112879 0.681111 0.455942
10.298577 2.419732 6.758825 1.066392
1.192454 0.460668 -0.391246 -0.149216
0.460668 0.268384 -0.147963 -0.080491
-0.391246 -0.147963 1.422404 0.576796
-0.149216 -0.080491 0.576796 0.325639
11.025419 2.253235 7.726552 1.218783
1.036706 0.359291 -0.295846 -0.099295
0.359291 0.191375 -0.099013 -0.050077
-0.295846 -0.099013 1.238740 0.441239
-0.099295 -0.050077 0.441239 0.224029
11.658918 2.097596 8.521286 1.276036
0.910938 0.287732 -0.265740 -0.081210
0.287732 0.143136 -0.080942 -0.036992
-0.265740 -0.080942 1.115280 0.356137
-0.081210 -0.036992 0.356137 0.165668
12.429857 2.017923 9.692778 1.430716
0.820284 0.239551 -0.221270 -0.061782
0.239551 0.112816 -0.061657 -0.026379
-0.221270 -0.061657 0.983146 0.286041
-0.061782 -0.026379 0.286041 0.125821
12.765719 1.834836 10.791908 1.532307
0.740255 0.202017 -0.229905 -0.059881
0.202017 0.091788 -0.059939 -0.022633
-0.229905 -0.059939 0.883147 0.237617
-0.059881 -0.022633 0.237617 0.100488
12.659418 1.575643 12.920819 1.873497
0.664853 0.171587 -0.195601 -0.047036
0.171587 0.076773 -0.047299 -0.016858
-0.195601 -0.047299 0.731477 0.184461
-0.047036 -0.016858 0.184461 0.079083
12.655429 1.378476 13.788420 1.852798
0.676378 0.166952 -0.184997 -0.041369
0.166952 0.070856 -0.041730 -0.013693
-0.184997 -0.041730 0.703227 0.169215
-0.041369 -0.013693 0.169215 0.070596
13.612979 1.438970 14.223268 1.740087
0.635173 0.150115 -0.173273 -0.036414
0.150115 0.063189 -0.036748 -0.011269
-0.173273 -0.036748 0.649794 0.150109
-0.036414 -0.011269 0.150109 0.062721
14.362720 1.444671 14.936694 1.704938
0.592970 0.135517 -0.137692 -0.026671
0.135517 0.057383 -0.026876 -0.008121
-0.137692 -0.026876 0.597857 0.134008
-0.026671 -0.008121 0.134008 0.056833
14.939552 1.417206 16.391958 1.837016
0.584828 0.130398 -0.107155 -0.018908
0.130398 0.054612 -0.019131 -0.005798
-0.107155 -0.019131 0.570670 0.125289
-0.018908 -0.005798 0.125289 0.053444
16.007239 1.495561 17.258393 1.828620
0.542643 0.118518 -0.065796 -0.009885
0.118518 0.050841 -0.009979 -0.003507
-0.065796 -0.009979 0.529710 0.114626
-0.009885 -0.003507 0.114626 0.050141
16.313239 1.398856 18.007560 1.789889
0.530773 0.114183 -0.074376 -0.012192
0.114183 0.049135 -0.012340 -0.003861
-0.074376 -0.012340 0.508914 0.109021
-0.012192 -0.003861 0.109021 0.048264
17.052230 1.406452 18.780543 1.764047
0.504384 0.107334 -0.072514 -0.011971
0.107334 0.047165 -0.012098 -0.003627
-0.072514 -0.012098 0.481347 0.102582
-0.011971 -0.003627 0.102582 0.046464
17.629848 1.380142 19.721218 1.775702
0.495624 0.105031 -0.061997 -0.009689
0.105031 0.046420 -0.009817 -0.002946
-0.061997 -0.009817 0.470810 0.100421
-0.009689 -0.002946 0.100421 0.045786
18.789248 1.482935 21.066634 1.877218
0.478793 0.101187 -0.057666 -0.008942
0.101187 0.045430 -0.009020 -0.002662
-0.057666 -0.009020 0.458411 0.097923
-0.008942 -0.002662 0.097923 0.045087
19.525051 1.481539 21.977387 1.871185
0.469585 0.099354 -0.047703 -0.006923
0.099354 0.044977 -0.006997 -0.002124
-0.047703 -0.006997 0.451409 0.096770
-0.006923 -0.002124 0.096770 0.044744
20.092978 1.448653 23.501372 1.996954
0.464687 0.098695 -0.017221 -0.000576
0.098695 0.044837 -0.000709 -0.000703
-0.017221 -0.000709 0.449433 0.096842
-0.000576 -0.000703 0.096842 0.044713
20.306729 1.340119 24.539623 2.002911
0.475232 0.101203 -0.000396 0.002370
0.101203 0.045347 0.002216 -0.000104
-0.000396 0.002216 0.461471 0.099710
0.002370 -0.000104 0.099710 0.045249
21.090017 1.362947 25.132766 1.915205
0.471710 0.100315 -0.009136 -0.000436
0.100315 0.045061 -0.000523 -0.000765
-0.009136 -0.000523 0.460845 0.099376
-0.000436 -0.000765 0.099376 0.045019
22.178328 1.448735 25.741974 1.841079
0.479284 0.101903 -0.004673 0.000056
0.101903 0.045344 -0.000021 -0.000623
-0.004673 -0.000021 0.471175 0.101458
0.000056 -0.000623 0.101458 0.045352
22.733331 1.412959 26.803137 1.871030
0.473664 0.100523 0.003753 0.001426
0.100523 0.044977 0.001356 -0.000294
0.003753 0.001356 0.475331 0.101995
0.001426 -0.000294 0.101995 0.045336
23.456231 1.416563 28.274249 1.985516
0.458382 0.097227 0.012543 0.002834
0.097227 0.044243 0.002769 0.000030
0.012543 0.002769 0.477907 0.102154
0.002834 0.000030 0.102154 0.045258
24.266774 1.438415 29.141623 1.958735
0.460008 0.097837 0.000249 -0.000289
0.097837 0.044404 -0.000341 -0.000618
0.000249 -0.000341 0.484321 0.103154
-0.000289 -0.000618 0.103154 0.045387
24.805473 1.400125 29.958849 1.924520
0.461835 0.098381 0.001320 -0.000167
0.098381 0.044524 -0.000214 -0.000504
0.001320 -0.000214 0.491597 0.104266
-0.000167 -0.000504 0.104266 0.045544
25.689632 1.438813 31.421609 2.029981
0.433931 0.092528 -0.016398 -0.003941
0.092528 0.043268 -0.004045 -0.001227
-0.016398 -0.004045 0.490869 0.103649
-0.003941 -0.001227 0.103649 0.045347
26.129524 1.379043 31.813129 1.898901
0.436232 0.093636 -0.023487 -0.005103
0.093636 0.043594 -0.005215 -0.001336
-0.023487 -0.005215 0.489074 0.102914
-0.005103 -0.001336 0.102914 0.045159
26.549118 1.320758 32.634088 1.871765
0.422349 0.091061 -0.024691 -0.004940
0.091061 0.043069 -0.005028 -0.001171
-0.024691 -0.005028 0.488904 0.102643
-0.004940 -0.001171 0.102643 0.045099
26.896320 1.253280 33.917018 1.944080
0.431732 0.093690 -0.026232 -0.004876
0.093690 0.043695 -0.004937 -0.001059
-0.026232 -0.004937 0.512477 0.107417
-0.004876 -0.001059 0.107417 0.046110
27.154807 1.172193 34.456546 1.853082
0.430713 0.093714 -0.025220 -0.004342
0.093714 0.043674 -0.004379 -0.000881
-0.025220 -0.004379 0.512273 0.106796
-0.004342 -0.000881 0.106796 0.045914
27.663715 1.155774 35.540826 1.885648
0.415449 0.090540 -0.034996 -0.006178
0.090540 0.042941 -0.006242 -0.001245
-0.034996 -0.006242 0.522730 0.108504
-0.006178 -0.001245 0.108504 0.046236
28.347257 1.178714 36.417749 1.872385
0.431556 0.094488 -0.042702 -0.007341
0.094488 0.043822 -0.007496 -0.001441
-0.042702 -0.007496 0.536443 0.110789
-0.007341 -0.001441 0.110789 0.046667
28.812385 1.151114 37.272343 1.855068
0.429855 0.094100 -0.040894 -0.006554
0.094100 0.043664 -0.006622 -0.001215
-0.040894 -0.006622 0.542006 0.111288
-0.006554 -0.001215 0.111288 0.046721
28.863174 1.036362 38.272668 1.867397
0.420436 0.091980 -0.049746 -0.008124
0.091980 0.043131 -0.008197 -0.001536
-0.049746 -0.008197 0.555332 0.113372
-0.008124 -0.001536 0.113372 0.047107
29.558024 1.076028 39.351819 1.897985
0.427066 0.093624 -0.048237 -0.007393
0.093624 0.043485 -0.007408 -0.001339
-0.048237 -0.007408 0.565436 0.114746
-0.007393 -0.001339 0.114746 0.047350
30.418508 1.150330 40.858369 2.012698
0.375499 0.082313 -0.039821 -0.005754
0.082313 0.040961 -0.005186 -0.000964
-0.039821 -0.005186 0.584321 0.117908
-0.005754 -0.000964 0.117908 0.047963
30.867498 1.124472 42.222801 2.083781
0.398499 0.088491 -0.040758 -0.005712
0.088491 0.042499 -0.005394 -0.001005
-0.040758 -0.005394 0.588623 0.117880
-0.005712 -0.001005 0.117880 0.047897
31.584677 1.160498 43.488762 2.129422
0.399372 0.089079 -0.025207 -0.002564
0.089079 0.042628 -0.002021 -0.000368
-0.025207 -0.002021 0.575920 0.114697
-0.002564 -0.000368 0.114697 0.047260
32.678207 1.268235 43.289376 1.880928
0.348565 0.078157 0.025531 0.006986
0.078157 0.040194 0.008558 0.001589
0.025531 0.008558 0.503503 0.100238
0.006986 0.001589 0.100238 0.044492
33.216037 1.246331 44.226330 1.880001
0.370083 0.084209 0.020718 0.005016
0.084209 0.041707 0.006080 0.000896
0.020718 0.006080 0.498605 0.100255
0.005016 0.000896 0.100255 0.044767
34.218468 1.333034 45.209947 1.888924
0.399126 0.091226 0.023644 0.004874
0.091226 0.043259 0.005780 0.000741
0.023644 0.005780 0.484755 0.098377
0.004874 0.000741 0.098377 0.044590
34.963927 1.351416 45.638451 1.782992
0.419034 0.095324 0.026891 0.004901
0.095324 0.043986 0.005755 0.000687
0.026891 0.005755 0.447788 0.091796
0.004901 0.000687 0.091796 0.043412
36.318290 1.505452 46.120378 1.695656
0.436553 0.098401 0.048055 0.008766
0.098401 0.044427 0.009972 0.001553
0.048055 0.009972 0.396457 0.082518
0.008766 0.001553 0.082518 0.041682
36.969109 1.483147 46.862780 1.673605
0.458675 0.102337 0.036622 0.005460
0.102337 0.045082 0.006515 0.000748
0.036622 0.006515 0.376513 0.080452
0.005460 0.000748 0.080452 0.041529
