-1.061386 0.537531 2.554326 0.129705
4.053303 1.621356 0.250220 0.100090
1.621356 80.652623 0.100090 0.040037
0.250220 0.100090 6.162770 2.465161
0.100090 0.040037 2.465161 80.990153
2.787092 6.378845 0.832429 -2.586616
1.624565 2.661588 -1.472359 -2.217028
2.661588 16.906595 -2.463880 -3.172332
-1.472359 -2.463880 4.542457 6.782879
-2.217028 -3.172332 6.782879 27.199052
6.513830 7.266348 0.728146 -1.092089
2.860953 3.909961 -0.160721 0.347929
3.909961 7.525995 0.038648 0.269612
-0.160721 0.038648 2.065005 2.390512
0.347929 0.269612 2.390512 6.890312
7.361927 4.821066 1.957265 0.458639
1.760807 1.578231 1.227452 1.237728
1.578231 2.138323 1.112771 0.882709
1.227452 1.112771 1.773001 1.728781
1.237728 0.882709 1.728781 3.051173
10.183306 4.926775 4.285373 2.186649
1.605562 1.115951 0.897656 0.534482
1.115951 1.097724 0.492446 0.198160
0.897656 0.492446 1.868190 1.462035
0.534482 0.198160 1.462035 1.692989
10.267200 3.635949 3.774262 1.391138
1.076682 0.609027 0.382013 0.133694
0.609027 0.515341 0.071297 -0.028598
0.382013 0.071297 2.131651 1.360479
0.133694 -0.028598 1.360479 1.128134
11.242327 3.194618 5.063368 1.758912
0.954923 0.455987 0.265535 0.070282
0.455987 0.319499 0.030336 -0.013289
0.265535 0.030336 2.128815 1.086386
0.070282 -0.013289 1.086386 0.700829
11.186156 2.490459 6.226926 1.958540
0.636492 0.266225 0.042874 -0.011620
0.266225 0.179136 -0.042411 -0.025084
0.042874 -0.042411 1.902831 0.813234
-0.011620 -0.025084 0.813234 0.441677
11.792218 2.260512 6.678374 1.783839
0.699550 0.263932 -0.014161 -0.025611
0.263932 0.148802 -0.043205 -0.018062
-0.014161 -0.043205 1.827853 0.670026
-0.025611 -0.018062 0.670026 0.312897
11.786508 1.857913 8.928873 2.239779
0.710838 0.241102 -0.036040 -0.024067
0.241102 0.120202 -0.032430 -0.009974
-0.036040 -0.032430 1.521118 0.488752
-0.024067 -0.009974 0.488752 0.208937
12.271344 1.735787 8.295849 1.739556
0.658128 0.203473 -0.149274 -0.049560
0.203473 0.094942 -0.056621 -0.014513
-0.149274 -0.056621 1.312107 0.379251
-0.049560 -0.014513 0.379251 0.152180
13.629627 1.876717 8.631610 1.597390
0.682051 0.194009 -0.098623 -0.027934
0.194009 0.083318 -0.032021 -0.005950
-0.098623 -0.032021 1.291107 0.340635
-0.027934 -0.005950 0.340635 0.126530
13.435465 1.577604 9.824057 1.692317
0.598630 0.158065 -0.104711 -0.024987
0.158065 0.067500 -0.028077 -0.004333
-0.104711 -0.028077 1.104876 0.269033
-0.024987 -0.004333 0.269033 0.098380
14.186546 1.567978 10.568482 1.668894
0.635643 0.158637 -0.068532 -0.013117
0.158637 0.063931 -0.014944 -0.000972
-0.068532 -0.014944 1.082433 0.247332
-0.013117 -0.000972 0.247332 0.086934
14.755852 1.521394 12.786188 1.967023
0.648836 0.153745 -0.003659 0.002660
0.153745 0.059955 0.002092 0.002616
-0.003659 0.002092 0.954151 0.206413
0.002660 0.002616 0.206413 0.073493
15.852397 1.597469 13.812614 1.977599
0.651890 0.147523 0.035941 0.010715
0.147523 0.056509 0.010852 0.003973
0.035941 0.010852 0.907024 0.188155
0.010715 0.003973 0.188155 0.066869
16.364904 1.535801 15.047526 2.025757
0.655783 0.142660 0.053567 0.013260
0.142660 0.054040 0.013520 0.003976
0.053567 0.013520 0.846129 0.169579
0.013260 0.003976 0.169579 0.061210
16.564859 1.415918 15.689388 1.951968
0.639964 0.134639 0.041101 0.009587
0.134639 0.051401 0.009564 0.002728
0.041101 0.009564 0.779444 0.152197
0.009587 0.002728 0.152197 0.056588
16.365690 1.230156 17.292655 2.071151
0.620476 0.127264 0.054570 0.011336
0.127264 0.049362 0.011476 0.002786
0.054570 0.011476 0.682956 0.131202
0.011336 0.002786 0.131202 0.051885
16.712064 1.175541 19.017257 2.203047
0.635111 0.127915 0.087028 0.016630
0.127915 0.049265 0.017094 0.003595
0.087028 0.017094 0.647177 0.123870
0.016630 0.003595 0.123870 0.050277
17.848660 1.283476 20.549460 2.284518
0.667262 0.132190 0.129965 0.023496
0.132190 0.049961 0.024191 0.004659
0.129965 0.024191 0.661588 0.126702
0.023496 0.004659 0.126702 0.050744
18.496895 1.284367 21.771417 2.299810
0.683867 0.133302 0.143269 0.024203
0.133302 0.050047 0.024927 0.004476
0.143269 0.024927 0.655416 0.125315
0.024203 0.004476 0.125315 0.050367
19.139740 1.285080 22.837719 2.283690
0.704012 0.135337 0.143301 0.022427
0.135337 0.050381 0.023151 0.003881
0.143301 0.023151 0.657408 0.125659
0.022427 0.003881 0.125659 0.050368
19.309408 1.194090 24.029813 2.297756
0.685547 0.129929 0.155967 0.023768
0.129929 0.049288 0.024456 0.004053
0.155967 0.024456 0.624299 0.119044
0.023768 0.004053 0.119044 0.048995
19.295302 1.085722 24.420444 2.157401
0.663696 0.124991 0.133714 0.018455
0.124991 0.048492 0.019261 0.002999
0.133714 0.019261 0.585868 0.112281
0.018455 0.002999 0.112281 0.047764
19.581606 1.037304 25.469664 2.154858
0.668998 0.125536 0.137803 0.018580
0.125536 0.048767 0.019318 0.003031
0.137803 0.019318 0.582806 0.112563
0.018580 0.003031 0.112563 0.047907
20.368558 1.087812 26.579267 2.157548
0.685763 0.128227 0.150230 0.020317
0.128227 0.049411 0.020913 0.003361
0.150230 0.020913 0.593577 0.115293
0.020317 0.003361 0.115293 0.048461
21.214950 1.143856 27.747543 2.170897
0.711264 0.132636 0.148228 0.019029
0.132636 0.050372 0.019684 0.003098
0.148228 0.019684 0.609958 0.118981
0.019029 0.003098 0.118981 0.049176
21.707948 1.127289 28.952926 2.195911
0.698845 0.129431 0.158414 0.020977
0.129431 0.049787 0.021202 0.003537
0.158414 0.021202 0.611349 0.119081
0.020977 0.003537 0.119081 0.049057
21.887655 1.063516 29.477900 2.088029
0.666460 0.123144 0.151228 0.019671
0.123144 0.048734 0.019768 0.003406
0.151228 0.019768 0.588409 0.114572
0.019671 0.003406 0.114572 0.048086
22.664557 1.113566 30.274546 2.034781
0.666370 0.123431 0.151918 0.019591
0.123431 0.048981 0.019688 0.003457
0.151918 0.019688 0.586781 0.114539
0.019591 0.003457 0.114539 0.048066
23.640387 1.195624 31.117236 1.993005
0.683451 0.127181 0.138368 0.016463
0.127181 0.049889 0.016926 0.002920
0.138368 0.016926 0.589374 0.115522
0.016463 0.002920 0.115522 0.048289
23.284289 1.028565 31.247236 1.835093
0.647069 0.120899 0.097432 0.009089
0.120899 0.048879 0.009741 0.001713
0.097432 0.009741 0.562349 0.110859
0.009089 0.001713 0.110859 0.047422
23.815903 1.026237 32.559368 1.913933
0.646374 0.121219 0.100242 0.010523
0.121219 0.049063 0.010754 0.002120
0.100242 0.010754 0.580755 0.114931
0.010523 0.002120 0.114931 0.048226
25.029667 1.155675 33.809603 1.963032
0.671460 0.126451 0.099630 0.010720
0.126451 0.050163 0.011061 0.002252
0.099630 0.011061 0.595804 0.117954
0.010720 0.002252 0.117954 0.048764
25.513895 1.142395 34.423773 1.890893
0.654312 0.123361 0.083351 0.008304
0.123361 0.049613 0.008666 0.001924
0.083351 0.008666 0.583962 0.115512
0.008304 0.001924 0.115512 0.048204
26.701887 1.254518 35.841336 1.977883
0.681950 0.129017 0.069218 0.005916
0.129017 0.050766 0.006480 0.001532
0.069218 0.006480 0.600048 0.118824
0.005916 0.001532 0.118824 0.048849
27.079406 1.211137 36.418930 1.898731
0.643348 0.121551 0.055491 0.004485
0.121551 0.049318 0.004843 0.001401
0.055491 0.004843 0.582833 0.115181
0.004485 0.001401 0.115181 0.048049
27.456936 1.174645 36.547303 1.737806
0.624166 0.118466 0.035523 0.001574
0.118466 0.048830 0.002066 0.000965
0.035523 0.002066 0.558583 0.110539
0.001574 0.000965 0.110539 0.047144
28.182484 1.197883 37.884605 1.830057
0.632107 0.120698 0.021373 -0.000286
0.120698 0.049367 0.000169 0.000660
0.021373 0.000169 0.575620 0.114435
-0.000286 0.000660 0.114435 0.047995
28.990578 1.235233 39.331564 1.934762
0.645447 0.123702 0.003150 -0.002940
0.123702 0.049987 -0.002441 0.000202
0.003150 -0.002441 0.591050 0.117609
-0.002940 0.000202 0.117609 0.048619
29.613752 1.235414 40.560686 1.986699
0.634619 0.121712 -0.010282 -0.004427
0.121712 0.049579 -0.003975 -0.000017
-0.010282 -0.003975 0.592779 0.117711
-0.004427 -0.000017 0.117711 0.048571
30.792488 1.342882 41.727076 2.019832
0.657771 0.126381 -0.026497 -0.006587
0.126381 0.050478 -0.006071 -0.000387
-0.026497 -0.006071 0.591052 0.117126
-0.006587 -0.000387 0.117126 0.048402
31.311476 1.313672 43.097008 2.091100
0.650080 0.124659 -0.048655 -0.009843
0.124659 0.050068 -0.009290 -0.000976
-0.048655 -0.009290 0.595725 0.117861
-0.009843 -0.000976 0.117861 0.048514
31.734429 1.268501 43.981745 2.058967
0.654025 0.125277 -0.075861 -0.013975
0.125277 0.050139 -0.013385 -0.001728
-0.075861 -0.013385 0.588542 0.116158
-0.013975 -0.001728 0.116158 0.048132
32.620686 1.316361 44.896555 2.037230
0.677733 0.129601 -0.096708 -0.016598
0.129601 0.050911 -0.016103 -0.002177
-0.096708 -0.016103 0.583369 0.114995
-0.016598 -0.002177 0.114995 0.047890
33.349705 1.330571 46.017121 2.057852
0.694459 0.132157 -0.118267 -0.019352
0.132157 0.051279 -0.018882 -0.002654
-0.118267 -0.018882 0.586141 0.115467
-0.019352 -0.002654 0.115467 0.047980
34.039229 1.334450 46.959166 2.040791
0.697041 0.131845 -0.132830 -0.020789
0.131845 0.051088 -0.020350 -0.002900
-0.132830 -0.020350 0.581607 0.114450
-0.020789 -0.002900 0.114450 0.047764
34.900926 1.372508 48.077616 2.062281
0.715241 0.134541 -0.150045 -0.022701
0.134541 0.051495 -0.022342 -0.003250
-0.150045 -0.022342 0.584502 0.114937
-0.022701 -0.003250 0.114937 0.047850
35.259531 1.304502 48.641437 1.965024
0.715014 0.133513 -0.168665 -0.025153
0.133513 0.051169 -0.024762 -0.003744
-0.168665 -0.024762 0.577020 0.113243
-0.025153 -0.003744 0.113243 0.047473
