3.805100 2.484167 16.419572 5.675924
4.301674 1.720707 7.778843 3.111605
1.720707 80.692364 3.111605 1.244669
7.778843 3.111605 64.382807 25.753681
3.111605 1.244669 25.753681 90.305762
8.678303 9.485258 11.953243 0.505317
3.288787 5.465313 0.014541 -0.425053
5.465313 20.340542 0.015044 3.690896
0.014541 0.015044 0.069116 0.042468
-0.425053 3.690896 0.042468 45.348583
8.432593 3.649843 9.740789 -4.374676
2.367628 2.437954 -2.493662 -4.954030
2.437954 5.101040 -2.500725 -4.932332
-2.493662 -2.500725 3.366446 6.686283
-4.954030 -4.932332 6.686283 13.555215
7.003289 0.356551 9.208011 -2.773395
2.203504 1.568373 -3.598535 -3.599747
1.568373 1.966375 -2.018348 -2.021612
-3.598535 -2.018348 7.910593 7.943176
-3.599747 -2.021612 7.943176 8.046939
6.946226 -0.031252 6.721465 -3.518584
1.933782 1.337042 -2.059573 -1.365151
1.337042 1.255719 -0.984658 -0.657477
-2.059573 -0.984658 4.829641 3.232812
-1.365151 -0.657477 3.232812 2.198828
7.031456 0.024918 4.874969 -3.561980
1.734757 0.952826 -1.630276 -0.812374
0.952826 0.705792 -0.344967 -0.174779
-1.630276 -0.344967 6.921461 3.490561
-0.812374 -0.174779 3.490561 1.783687
6.616334 -0.046100 5.323654 -2.661691
1.182116 0.641415 0.627619 0.258663
0.641415 0.434165 0.503809 0.201264
0.627619 0.503809 2.824643 1.145232
0.258663 0.201264 1.145232 0.483256
8.934931 0.994082 5.234156 -2.240601
1.182802 0.525840 0.638306 0.216527
0.525840 0.290321 0.413757 0.136579
0.638306 0.413757 3.769653 1.279058
0.216527 0.136579 1.279058 0.451260
10.171743 1.271490 4.451231 -2.143576
1.157893 0.437916 0.684795 0.197652
0.437916 0.207245 0.366635 0.103349
0.684795 0.366635 4.945210 1.443250
0.197652 0.103349 1.443250 0.438128
11.051757 1.345097 3.084425 -2.220031
1.148021 0.378822 0.737837 0.185548
0.378822 0.158424 0.331297 0.081559
0.737837 0.331297 6.147989 1.574507
0.185548 0.081559 1.574507 0.420491
12.272426 1.519027 3.613642 -1.847347
0.984603 0.290837 0.854386 0.191507
0.290837 0.114515 0.307974 0.067562
0.854386 0.307974 6.122151 1.396565
0.191507 0.067562 1.396565 0.336577
12.612082 1.403464 1.829824 -2.023072
0.969036 0.260102 0.927278 0.186895
0.260102 0.095754 0.287146 0.056714
0.927278 0.287146 7.001191 1.442605
0.186895 0.056714 1.442605 0.316239
13.021629 1.328363 -0.360375 -2.243866
0.952622 0.235004 0.895029 0.163476
0.235004 0.082427 0.240734 0.043027
0.895029 0.240734 6.807179 1.279694
0.163476 0.043027 1.279694 0.260707
13.549688 1.294333 -4.116036 -2.701224
0.934132 0.214230 0.661052 0.109010
0.214230 0.072858 0.157810 0.025263
0.661052 0.157810 6.067267 1.051373
0.109010 0.025263 1.051373 0.203573
14.396711 1.337228 -4.654382 -2.571182
0.871441 0.188188 0.387953 0.056861
0.188188 0.064119 0.082574 0.011480
0.387953 0.082574 3.473341 0.559231
0.056861 0.011480 0.559231 0.112734
15.404249 1.406269 -5.364594 -2.485752
0.820097 0.168967 0.255440 0.033119
0.168967 0.058335 0.048462 0.005772
0.255440 0.048462 2.563184 0.389573
0.033119 0.005772 0.389573 0.083240
15.769755 1.336663 -5.755781 -2.358750
0.791028 0.157033 0.252349 0.030972
0.157033 0.054908 0.045041 0.005166
0.252349 0.045041 1.959341 0.284485
0.030972 0.005166 0.284485 0.066653
16.481217 1.344345 -6.760859 -2.334323
0.768723 0.148518 0.200565 0.022196
0.148518 0.052741 0.032188 0.003277
0.200565 0.032188 1.695940 0.239482
0.022196 0.003277 0.239482 0.060431
16.065042 1.133432 -7.196042 -2.222393
0.764904 0.144409 0.254158 0.028866
0.144409 0.051660 0.041445 0.004621
0.254158 0.041445 1.398893 0.193489
0.028866 0.004621 0.193489 0.054550
16.865333 1.174834 -7.935825 -2.172778
0.738636 0.137578 0.189515 0.018932
0.137578 0.050397 0.027184 0.002649
0.189515 0.027184 1.250027 0.173134
0.018932 0.002649 0.173134 0.052830
17.200388 1.127330 -8.960698 -2.161270
0.740005 0.136579 0.167369 0.015432
0.136579 0.050332 0.022200 0.002063
0.167369 0.022200 1.150359 0.160806
0.015432 0.002063 0.160806 0.052229
18.450859 1.241992 -8.588129 -1.960452
0.684618 0.125810 0.100383 0.006448
0.125810 0.048563 0.010160 0.000618
0.100383 0.010160 0.985179 0.140397
0.006448 0.000618 0.140397 0.050480
18.836276 1.201188 -9.895980 -2.006161
0.706900 0.130012 0.091405 0.005496
0.130012 0.049633 0.008649 0.000590
0.091405 0.008649 0.973026 0.142635
0.005496 0.000590 0.142635 0.051914
19.144754 1.148864 -11.095202 -2.032709
0.728901 0.133878 0.085256 0.005067
0.133878 0.050542 0.007990 0.000685
0.085256 0.007990 0.944480 0.142047
0.005067 0.000685 0.142047 0.052714
19.246617 1.063738 -12.343055 -2.063830
0.757610 0.138685 0.087582 0.005926
0.138685 0.051542 0.008981 0.001005
0.087582 0.008981 0.913902 0.140823
0.005926 0.001005 0.140823 0.053239
19.766690 1.066565 -14.044975 -2.170073
0.798455 0.145607 0.063722 0.002480
0.145607 0.052899 0.004920 0.000472
0.063722 0.004920 0.905602 0.143144
0.002480 0.000472 0.143144 0.054221
20.021531 1.018894 -15.556408 -2.236728
0.839226 0.151885 0.056427 0.001934
0.151885 0.054017 0.004390 0.000532
0.056427 0.004390 0.875538 0.141290
0.001934 0.000532 0.141290 0.054335
20.524683 1.013247 -15.907652 -2.110049
0.843604 0.151271 0.039684 0.000122
0.151271 0.053845 0.002476 0.000392
0.039684 0.002476 0.790008 0.130107
0.000122 0.000392 0.130107 0.052814
20.923527 0.996128 -17.379801 -2.179938
0.887931 0.157979 0.030429 -0.000690
0.157979 0.055028 0.001548 0.000343
0.030429 0.001548 0.778339 0.131533
-0.000690 0.000343 0.131533 0.053381
21.542378 1.017414 -18.468479 -2.180383
0.920935 0.162281 0.014519 -0.002587
0.162281 0.055725 -0.000464 0.000101
0.014519 -0.000464 0.747466 0.129115
-0.002587 0.000101 0.129115 0.053145
22.470198 1.090892 -19.684015 -2.204332
0.960833 0.167609 -0.008138 -0.005665
0.167609 0.056586 -0.003609 -0.000358
-0.008138 -0.003609 0.726272 0.128108
-0.005665 -0.000358 0.128108 0.053075
23.006457 1.089066 -20.652302 -2.180267
0.995257 0.171661 -0.007391 -0.004404
0.171661 0.057187 -0.002535 -0.000054
-0.007391 -0.002535 0.697371 0.125232
-0.004404 -0.000054 0.125232 0.052565
23.856085 1.141555 -22.290180 -2.280955
1.055904 0.180068 -0.014766 -0.004882
0.180068 0.058532 -0.003108 -0.000109
-0.014766 -0.003108 0.697391 0.127423
-0.004882 -0.000109 0.127423 0.052937
24.488741 1.151971 -23.792550 -2.347978
1.113015 0.187354 -0.008146 -0.002807
0.187354 0.059622 -0.001371 0.000249
-0.008146 -0.001371 0.687478 0.127196
-0.002807 0.000249 0.127196 0.052764
24.830171 1.112935 -25.147671 -2.381696
1.165516 0.193495 0.010615 0.001293
0.193495 0.060487 0.002121 0.000894
0.010615 0.002121 0.671551 0.125520
0.001293 0.000894 0.125520 0.052284
26.128400 1.234697 -25.781125 -2.276879
1.203505 0.196982 -0.004025 -0.001309
0.196982 0.060901 -0.000259 0.000373
-0.004025 -0.000259 0.631120 0.119067
-0.001309 0.000373 0.119067 0.050900
26.704741 1.228325 -26.642859 -2.224032
1.242826 0.200713 0.013952 0.002470
0.200713 0.061387 0.002805 0.000927
0.013952 0.002805 0.610863 0.116649
0.002470 0.000927 0.116649 0.050339
26.885238 1.159532 -27.322979 -2.140493
1.272927 0.202965 0.041989 0.007836
0.202965 0.061657 0.007163 0.001686
0.041989 0.007163 0.592228 0.114413
0.007836 0.001686 0.114413 0.049802
28.028358 1.248330 -28.205763 -2.104266
1.323288 0.208503 0.041356 0.007129
0.208503 0.062475 0.006631 0.001436
0.041356 0.006631 0.581700 0.113641
0.007129 0.001436 0.113641 0.049542
28.796317 1.270605 -28.885577 -2.030970
1.362742 0.212169 0.056388 0.009593
0.212169 0.062987 0.008605 0.001716
0.056388 0.008605 0.570100 0.112417
0.009593 0.001716 0.112417 0.049164
29.165135 1.229398 -29.721630 -1.994813
1.402727 0.215895 0.083970 0.014360
0.215895 0.063516 0.012368 0.002343
0.083970 0.012368 0.568847 0.113068
0.014360 0.002343 0.113068 0.049146
29.620641 1.205059 -30.676693 -1.985934
1.450899 0.220845 0.108215 0.018053
0.220845 0.064237 0.015351 0.002776
0.108215 0.015351 0.572036 0.114312
0.018053 0.002776 0.114312 0.049217
30.809037 1.294816 -32.113455 -2.077215
1.528703 0.230177 0.119059 0.018674
0.230177 0.065614 0.016112 0.002733
0.119059 0.016112 0.584796 0.117209
0.018674 0.002733 0.117209 0.049601
31.865608 1.355270 -33.016521 -2.051681
1.586925 0.236087 0.136195 0.020654
0.236087 0.066415 0.017894 0.002936
0.136195 0.017894 0.581150 0.116365
0.020654 0.002936 0.116365 0.049187
32.363191 1.327205 -33.749913 -1.991886
1.629496 0.239434 0.168215 0.025608
0.239434 0.066814 0.021815 0.003588
0.168215 0.021815 0.578342 0.115593
0.025608 0.003588 0.115593 0.048810
32.630180 1.264615 -34.015757 -1.842309
1.653901 0.240165 0.198469 0.029951
0.240165 0.066851 0.025329 0.004141
0.198469 0.025329 0.567167 0.113117
0.029951 0.004141 0.113117 0.048124
33.667091 1.319370 -34.455232 -1.747850
1.699397 0.244302 0.212228 0.030547
0.244302 0.067439 0.026275 0.004136
0.212228 0.026275 0.561956 0.112093
0.030547 0.004136 0.112093 0.047809
34.869300 1.401866 -35.827827 -1.853570
1.780187 0.253356 0.237647 0.033312
0.253356 0.068716 0.028709 0.004427
0.237647 0.028709 0.584380 0.116578
0.033312 0.004427 0.116578 0.048610
35.348797 1.367363 -36.467146 -1.793223
1.820906 0.256171 0.273745 0.038483
0.256171 0.069031 0.032785 0.005111
0.273745 0.032785 0.589403 0.116932
0.038483 0.005111 0.116932 0.048473
36.510869 1.438306 -37.654107 -1.857062
1.896464 0.264043 0.303148 0.041591
0.264043 0.070092 0.035606 0.005457
0.303148 0.035606 0.606790 0.119786
0.041591 0.005457 0.119786 0.048881
