5.804985 3.284139 18.030196 6.320187
3.849676 1.539904 7.327607 2.931106
1.539904 80.620042 2.931106 1.172468
7.327607 2.931106 59.954779 23.982431
2.931106 1.172468 23.982431 89.597247
2.793453 -3.583888 13.668416 1.982374
4.763559 8.158430 -0.655042 -1.075700
8.158430 24.175323 -1.143889 2.644477
-0.655042 -1.143889 0.253111 0.255562
-1.075700 2.644477 0.255562 44.978854
7.779842 3.342105 11.592306 -3.133761
3.071678 3.449061 1.285236 2.890437
3.449061 6.282742 1.460637 3.019457
1.285236 1.460637 0.688538 1.502975
2.890437 3.019457 1.502975 3.955371
6.083980 0.646498 8.171331 -5.085462
0.653912 0.796811 -0.220097 -0.321950
0.796811 1.754233 -0.445717 -0.611460
-0.220097 -0.445717 0.450979 0.563740
-0.321950 -0.611460 0.563740 0.839134
7.154309 1.308401 5.333617 -5.330262
1.278353 1.133835 -0.518843 -0.430090
1.133835 1.279841 -0.540335 -0.436172
-0.518843 -0.540335 1.127647 0.903947
-0.430090 -0.436172 0.903947 0.777327
8.065789 1.473431 2.668511 -5.330400
1.413943 0.914864 -0.395685 -0.230676
0.914864 0.723720 -0.288016 -0.162421
-0.395685 -0.288016 1.714043 0.995860
-0.230676 -0.162421 0.995860 0.608982
8.260263 1.193604 0.820056 -4.959677
1.349584 0.684624 0.065340 0.032286
0.684624 0.425343 0.023645 0.015277
0.065340 0.023645 1.687078 0.768007
0.032286 0.015277 0.768007 0.371763
8.475354 1.033451 -1.690068 -4.971655
1.460504 0.612573 0.170810 0.066415
0.612573 0.310150 0.064811 0.027369
0.170810 0.064811 1.853483 0.694838
0.066415 0.027369 0.694838 0.279264
9.468828 1.197103 -2.050509 -4.293008
1.353009 0.483302 0.256619 0.083437
0.483302 0.212927 0.087627 0.029952
0.256619 0.087627 1.285387 0.410394
0.083437 0.029952 0.410394 0.148570
11.091488 1.513008 -2.930186 -3.937696
1.202220 0.375901 0.234496 0.065990
0.375901 0.150634 0.068633 0.020384
0.234496 0.068633 1.207268 0.338446
0.065990 0.020384 0.338446 0.112223
11.196017 1.318340 -2.428759 -3.315861
1.048630 0.292793 0.365836 0.091366
0.292793 0.110698 0.098321 0.025389
0.365836 0.098321 0.945089 0.237515
0.091366 0.025389 0.237515 0.077394
12.353206 1.442615 -3.560269 -3.195300
0.980016 0.250119 0.321814 0.071592
0.250119 0.090387 0.075248 0.017402
0.321814 0.075248 0.988677 0.228344
0.071592 0.017402 0.228344 0.071101
12.486996 1.295231 -4.474105 -3.044572
0.944392 0.223137 0.338391 0.068566
0.223137 0.077903 0.071765 0.015126
0.338391 0.071765 0.975985 0.209390
0.068566 0.015126 0.209390 0.064102
13.820639 1.443596 -5.428159 -2.933176
0.874765 0.194429 0.266229 0.048416
0.194429 0.067695 0.048920 0.009384
0.266229 0.048920 0.976730 0.197707
0.048416 0.009384 0.197707 0.060102
13.661701 1.242115 -5.888907 -2.730473
0.845133 0.177958 0.293674 0.050437
0.177958 0.061638 0.051924 0.009465
0.293674 0.051924 0.913618 0.175441
0.050437 0.009465 0.175441 0.054700
15.036068 1.386997 -6.462359 -2.588932
0.779087 0.158027 0.221965 0.034148
0.158027 0.056202 0.033699 0.005655
0.221965 0.033699 0.888935 0.164982
0.034148 0.005655 0.164982 0.052561
15.062051 1.241511 -6.946170 -2.433590
0.758857 0.149036 0.232849 0.034546
0.149036 0.053532 0.034651 0.005718
0.232849 0.034651 0.853357 0.153610
0.034546 0.005718 0.153610 0.050471
15.632915 1.237445 -8.544960 -2.501638
0.772365 0.148771 0.198427 0.026513
0.148771 0.053154 0.025618 0.003916
0.198427 0.025618 0.890194 0.157605
0.026513 0.003916 0.157605 0.051559
16.187195 1.218518 -9.358530 -2.423647
0.761470 0.144071 0.168582 0.020529
0.144071 0.052011 0.019614 0.002905
0.168582 0.019614 0.860658 0.149930
0.020529 0.002905 0.149930 0.050527
16.113288 1.089893 -10.624154 -2.424800
0.785161 0.146295 0.167811 0.019829
0.146295 0.052293 0.019464 0.002927
0.167811 0.019464 0.851941 0.146725
0.019829 0.002927 0.146725 0.050364
16.852855 1.123626 -11.652301 -2.395187
0.783465 0.144471 0.123086 0.011942
0.144471 0.051975 0.011346 0.001616
0.123086 0.011346 0.828655 0.142205
0.011942 0.001616 0.142205 0.050110
17.628963 1.163334 -12.866947 -2.400549
0.794531 0.145332 0.082904 0.005377
0.145332 0.052211 0.004701 0.000625
0.082904 0.004701 0.816217 0.140134
0.005377 0.000625 0.140134 0.050288
18.368065 1.185776 -13.519010 -2.307444
0.793591 0.143964 0.054665 0.001511
0.143964 0.052021 0.001157 0.000246
0.054665 0.001157 0.773080 0.132967
0.001511 0.000246 0.132967 0.049534
18.174125 1.031743 -13.434884 -2.085924
0.781848 0.140485 0.075964 0.006528
0.140485 0.051415 0.006967 0.001495
0.075964 0.006967 0.701477 0.121091
0.006528 0.001495 0.121091 0.047916
18.169912 0.937878 -14.433001 -2.073947
0.809001 0.144736 0.077520 0.007290
0.144736 0.052332 0.007893 0.001704
0.077520 0.007893 0.698672 0.122356
0.007290 0.001704 0.122356 0.048702
18.560923 0.922924 -15.338749 -2.049985
0.829301 0.147700 0.060809 0.004748
0.147700 0.052989 0.005441 0.001295
0.060809 0.005441 0.691581 0.122822
0.004748 0.001295 0.122822 0.049247
19.339920 0.979276 -16.359502 -2.051318
0.852141 0.151091 0.030853 -0.000067
0.151091 0.053701 0.000742 0.000492
0.030853 0.000742 0.690723 0.124334
-0.000067 0.000492 0.124334 0.049891
20.000358 1.011159 -17.707043 -2.110833
0.892822 0.157393 0.010519 -0.002932
0.157393 0.054873 -0.001978 0.000070
0.010519 -0.001978 0.700060 0.127365
-0.002932 0.000070 0.127365 0.050691
20.734389 1.049876 -18.454469 -2.055345
0.914810 0.159988 -0.006054 -0.004871
0.159988 0.055318 -0.003774 -0.000158
-0.006054 -0.003774 0.679925 0.124597
-0.004871 -0.000158 0.124597 0.050320
21.750032 1.134650 -19.351165 -2.032520
0.944399 0.163855 -0.027670 -0.007735
0.163855 0.055982 -0.006474 -0.000572
-0.027670 -0.006474 0.669302 0.123682
-0.007735 -0.000572 0.123682 0.050281
22.329220 1.135981 -19.609987 -1.891545
0.953352 0.163970 -0.025049 -0.005954
0.163970 0.055971 -0.004903 -0.000187
-0.025049 -0.004903 0.635769 0.118377
-0.005954 -0.000187 0.118377 0.049378
23.661183 1.266441 -20.442460 -1.870431
0.987482 0.168574 -0.046779 -0.009068
0.168574 0.056765 -0.007810 -0.000710
-0.046779 -0.007810 0.631550 0.118851
-0.009068 -0.000710 0.118851 0.049587
23.713205 1.168220 -21.236170 -1.844102
1.014712 0.171853 -0.016285 -0.002141
0.171853 0.057312 -0.001760 0.000482
-0.016285 -0.001760 0.625664 0.118808
-0.002141 0.000482 0.118808 0.049640
23.884882 1.098491 -22.381134 -1.887291
1.059812 0.178038 0.005663 0.002465
0.178038 0.058335 0.002224 0.001167
0.005663 0.002224 0.632255 0.120983
0.002465 0.001167 0.120983 0.050074
24.694080 1.141374 -23.520857 -1.924676
1.110140 0.184705 0.004400 0.002133
0.184705 0.059381 0.001912 0.000967
0.004400 0.001912 0.633655 0.121795
0.002133 0.000967 0.121795 0.050176
25.141554 1.121067 -24.499279 -1.927902
1.153702 0.189922 0.018315 0.004704
0.189922 0.060150 0.004076 0.001265
0.018315 0.004076 0.627820 0.121043
0.004704 0.001265 0.121043 0.049956
26.352842 1.226553 -25.810178 -1.994546
1.216575 0.198036 0.010429 0.002809
0.198036 0.061369 0.002492 0.000822
0.010429 0.002492 0.629618 0.121717
0.002809 0.000822 0.121717 0.050015
27.096362 1.247265 -27.034444 -2.038435
1.273063 0.204693 0.025063 0.005429
0.204693 0.062307 0.004658 0.001150
0.025063 0.004658 0.626824 0.121372
0.005429 0.001150 0.121372 0.049865
27.813148 1.261939 -28.258654 -2.078171
1.330623 0.211213 0.043077 0.008451
0.211213 0.063200 0.007172 0.001524
0.043077 0.007172 0.622706 0.120729
0.008451 0.001524 0.120729 0.049665
27.891727 1.175413 -29.344636 -2.087013
1.376943 0.215688 0.079024 0.014688
0.215688 0.063755 0.012300 0.002385
0.079024 0.012300 0.616731 0.119706
0.014688 0.002385 0.119706 0.049399
28.438536 1.169719 -30.906912 -2.187902
1.449027 0.224060 0.099857 0.017415
0.224060 0.064923 0.014689 0.002652
0.099857 0.014689 0.622801 0.121050
0.017415 0.002652 0.121050 0.049609
29.008729 1.167129 -31.852913 -2.159051
1.502300 0.229148 0.116514 0.019169
0.229148 0.065551 0.016358 0.002786
0.116514 0.016358 0.607882 0.118125
0.019169 0.002786 0.118125 0.048964
29.914022 1.215194 -32.803506 -2.134931
1.560692 0.234919 0.126037 0.019440
0.234919 0.066293 0.016909 0.002716
0.126037 0.016909 0.595319 0.115883
0.019440 0.002716 0.115883 0.048503
31.316175 1.334150 -34.004144 -2.164403
1.635463 0.242994 0.131447 0.018905
0.242994 0.067379 0.016873 0.002553
0.131447 0.016873 0.590878 0.115373
0.018905 0.002553 0.115373 0.048407
32.340653 1.387277 -35.192096 -2.186995
1.703527 0.249647 0.154868 0.022094
0.249647 0.068212 0.019568 0.002972
0.154868 0.019568 0.590071 0.115454
0.022094 0.002972 0.115454 0.048401
32.675142 1.330185 -35.507629 -2.031178
1.730604 0.250071 0.188901 0.027418
0.250071 0.068123 0.023791 0.003713
0.188901 0.023791 0.572038 0.111977
0.027418 0.003713 0.111977 0.047661
33.380840 1.327301 -35.377754 -1.803592
1.749381 0.249713 0.207451 0.029377
0.249713 0.067999 0.025624 0.003951
0.207451 0.025624 0.548742 0.107749
0.029377 0.003951 0.107749 0.046830
33.654153 1.274633 -36.603422 -1.865537
1.806745 0.255005 0.246542 0.035150
0.255005 0.068713 0.029989 0.004669
0.246542 0.029989 0.570308 0.112585
0.035150 0.004669 0.112585 0.047817
34.894646 1.353161 -36.900729 -1.742825
1.852789 0.258867 0.257434 0.034953
0.258867 0.069251 0.030488 0.004590
0.257434 0.030488 0.561860 0.111030
0.034953 0.004590 0.111030 0.047450
35.537668 1.346476 -37.602073 -1.707981
1.899344 0.262563 0.288821 0.039105
0.262563 0.069734 0.033753 0.005117
0.288821 0.033753 0.572437 0.113162
0.039105 0.005117 0.113162 0.047796
