1.617165 1.608974 1.493927 -0.294463
1.420532 0.568225 2.024000 0.809618
0.568225 80.231362 0.809618 0.323854
2.024000 0.809618 5.037484 2.015037
0.809618 0.323854 2.015037 80.810099
7.164767 10.803451 -0.718906 -4.323581
2.921684 5.654695 -1.217764 -2.395912
5.654695 15.445079 -2.764903 0.188128
-1.217764 -2.764903 2.995307 4.914257
-2.395912 0.188128 4.914257 22.332272
7.375419 5.261935 -0.934074 -2.888555
2.182206 2.583028 1.479297 2.256726
2.583028 3.977763 1.848037 3.758274
1.479297 1.848037 1.882194 2.624448
2.256726 3.758274 2.624448 6.453943
8.589049 4.498245 1.926097 1.483050
2.151416 1.689667 1.394623 1.270139
1.689667 1.668011 1.108686 1.308760
1.394623 1.108686 1.104109 1.022845
1.270139 1.308760 1.022845 1.803386
10.094802 4.072473 2.397780 1.394410
1.825019 1.077135 1.168997 0.743179
1.077135 0.811392 0.722304 0.601536
1.168997 0.722304 1.263542 1.010143
0.743179 0.601536 1.010143 1.162398
10.053459 3.083634 1.837273 0.782031
1.222107 0.583945 0.804717 0.408687
0.583945 0.385862 0.418119 0.291375
0.804717 0.418119 1.488826 0.985355
0.408687 0.291375 0.985355 0.813839
10.971899 2.830364 1.887326 0.646683
1.072487 0.437784 0.689195 0.290773
0.437784 0.251168 0.306576 0.177355
0.689195 0.306576 1.709778 0.902055
0.290773 0.177355 0.902055 0.565549
12.294167 2.833241 5.174618 1.989463
0.912927 0.326798 0.532808 0.190335
0.326798 0.170421 0.205040 0.104567
0.532808 0.205040 1.506299 0.650559
0.190335 0.104567 0.650559 0.339245
13.484937 2.760049 5.979125 1.925213
0.897302 0.288408 0.440194 0.136065
0.288408 0.134956 0.151683 0.068867
0.440194 0.151683 1.566302 0.576821
0.136065 0.068867 0.576821 0.255435
13.756552 2.440978 7.425790 2.105534
0.723138 0.211164 0.252828 0.067361
0.211164 0.097044 0.080719 0.037583
0.252828 0.080719 1.394689 0.448552
0.067361 0.037583 0.448552 0.178868
13.660074 2.085021 8.544159 2.138852
0.650005 0.176437 0.133383 0.031214
0.176437 0.078925 0.041771 0.021910
0.133383 0.041771 1.256989 0.359933
0.031214 0.021910 0.359933 0.132920
13.206356 1.707208 10.547129 2.387010
0.576093 0.147369 0.036303 0.007150
0.147369 0.065911 0.014192 0.012185
0.036303 0.014192 1.024227 0.265651
0.007150 0.012185 0.265651 0.096020
12.903002 1.415363 10.338126 2.049084
0.488059 0.118989 -0.082811 -0.019005
0.118989 0.055370 -0.015301 0.003554
-0.082811 -0.015301 0.813463 0.194715
-0.019005 0.003554 0.194715 0.072173
13.649946 1.424425 11.327704 2.041484
0.493371 0.117611 -0.063972 -0.010345
0.117611 0.053164 -0.007589 0.004645
-0.063972 -0.007589 0.777718 0.175881
-0.010345 0.004645 0.175881 0.064489
14.109648 1.367759 12.556025 2.083425
0.520026 0.121274 -0.042977 -0.003043
0.121274 0.052554 -0.001066 0.005264
-0.042977 -0.001066 0.756273 0.163376
-0.003043 0.005264 0.163376 0.059581
14.892750 1.392769 13.790839 2.125017
0.550161 0.125368 -0.007857 0.005675
0.125368 0.052282 0.007434 0.006176
-0.007857 0.007434 0.747810 0.155860
0.005675 0.006176 0.155860 0.056620
15.905401 1.461901 14.766925 2.111566
0.582591 0.129478 0.027750 0.012972
0.129478 0.052169 0.014818 0.006749
0.027750 0.014818 0.760100 0.153835
0.012972 0.006749 0.153835 0.055296
16.823383 1.502625 15.865297 2.121950
0.592249 0.128241 0.060004 0.018181
0.128241 0.051027 0.019942 0.006784
0.060004 0.019942 0.734731 0.144927
0.018181 0.006784 0.144927 0.052891
17.156486 1.413061 16.710074 2.076897
0.606800 0.128161 0.061077 0.016741
0.128161 0.050338 0.017914 0.005520
0.061077 0.017914 0.713307 0.137813
0.016741 0.005520 0.137813 0.051151
17.901687 1.419626 17.460816 2.022473
0.605596 0.125222 0.077719 0.018282
0.125222 0.049280 0.019384 0.005104
0.077719 0.019384 0.687681 0.131073
0.018282 0.005104 0.131073 0.049768
19.015601 1.501918 18.591690 2.046336
0.615953 0.125264 0.114644 0.023598
0.125264 0.049043 0.024971 0.005594
0.114644 0.024971 0.681403 0.128922
0.023598 0.005594 0.128922 0.049441
19.360987 1.420599 19.691521 2.060769
0.625263 0.125264 0.119059 0.022395
0.125264 0.048880 0.023574 0.004805
0.119059 0.023574 0.666064 0.125341
0.022395 0.004805 0.125341 0.048880
20.124444 1.431536 20.592907 2.036321
0.643283 0.127225 0.126278 0.021945
0.127225 0.049182 0.023018 0.004316
0.126278 0.023018 0.669948 0.125823
0.021945 0.004316 0.125823 0.049140
20.890815 1.440778 21.743574 2.061037
0.637103 0.124331 0.155766 0.025995
0.124331 0.048526 0.027183 0.004847
0.155766 0.027183 0.648362 0.121423
0.025995 0.004847 0.121423 0.048432
21.103876 1.335822 23.492657 2.201551
0.636474 0.122982 0.180944 0.029058
0.122982 0.048269 0.030277 0.005196
0.180944 0.030277 0.634996 0.118964
0.029058 0.005196 0.118964 0.048129
21.627739 1.297056 25.553039 2.386926
0.651242 0.124784 0.213459 0.033347
0.124784 0.048647 0.034526 0.005785
0.213459 0.034526 0.644797 0.120979
0.033347 0.005785 0.120979 0.048649
21.802875 1.208071 26.508268 2.348017
0.640012 0.122105 0.196439 0.028346
0.122105 0.048247 0.029434 0.004666
0.196439 0.029434 0.621704 0.117093
0.028346 0.004666 0.117093 0.048079
23.150900 1.344565 28.210889 2.438067
0.674731 0.128208 0.212776 0.029739
0.128208 0.049500 0.030830 0.004818
0.212776 0.030830 0.646209 0.122166
0.029739 0.004818 0.122166 0.049158
23.285406 1.256372 28.531845 2.272816
0.644636 0.122178 0.175837 0.022044
0.122178 0.048453 0.023171 0.003462
0.175837 0.023171 0.603626 0.114619
0.022044 0.003462 0.114619 0.047828
23.090162 1.102619 29.338510 2.224254
0.612556 0.116048 0.157016 0.018758
0.116048 0.047416 0.019447 0.003015
0.157016 0.019447 0.584646 0.111904
0.018758 0.003015 0.111904 0.047443
23.476796 1.075346 30.197935 2.177483
0.614503 0.117063 0.141003 0.015680
0.117063 0.047836 0.016432 0.002596
0.141003 0.016432 0.579393 0.111953
0.015680 0.002596 0.111953 0.047598
23.970803 1.066736 31.291555 2.179300
0.622496 0.119098 0.127324 0.013283
0.119098 0.048391 0.014023 0.002307
0.127324 0.014023 0.583829 0.113739
0.013283 0.002307 0.113739 0.048039
23.667707 0.907049 32.187438 2.155957
0.584271 0.111827 0.118983 0.013042
0.111827 0.047048 0.013138 0.002499
0.118983 0.013138 0.574967 0.112492
0.013042 0.002499 0.112492 0.047776
24.872322 1.057551 33.066233 2.103151
0.612278 0.117999 0.119974 0.013406
0.117999 0.048410 0.013947 0.002732
0.119974 0.013947 0.576142 0.113122
0.013406 0.002732 0.113122 0.047891
25.206932 1.026447 33.675240 2.017694
0.602028 0.116349 0.103734 0.010943
0.116349 0.048159 0.011456 0.002402
0.103734 0.011456 0.565329 0.111517
0.010943 0.002402 0.111517 0.047587
26.193895 1.117705 34.798979 2.033594
0.622899 0.120816 0.094253 0.009504
0.120816 0.049103 0.010159 0.002216
0.094253 0.010159 0.573712 0.113713
0.009504 0.002216 0.113713 0.048042
26.779322 1.122811 35.822870 2.034653
0.619505 0.120178 0.078285 0.007204
0.120178 0.048976 0.007748 0.001873
0.078285 0.007748 0.575402 0.114376
0.007204 0.001873 0.114376 0.048151
27.695134 1.190714 36.952631 2.052881
0.624994 0.121270 0.067087 0.005851
0.121270 0.049190 0.006386 0.001712
0.067087 0.006386 0.578240 0.115082
0.005851 0.001712 0.115082 0.048244
28.226563 1.176521 38.151923 2.088145
0.620367 0.120407 0.044329 0.002309
0.120407 0.049032 0.002778 0.001101
0.044329 0.002778 0.582107 0.116013
0.002309 0.001101 0.116013 0.048400
28.775390 1.166628 39.466305 2.142453
0.618102 0.120049 0.022403 -0.000903
0.120049 0.048982 -0.000469 0.000570
0.022403 -0.000469 0.587125 0.117020
-0.000903 0.000570 0.117020 0.048553
30.014800 1.294529 40.475184 2.125697
0.649160 0.126152 0.002517 -0.003796
0.126152 0.050183 -0.003101 0.000119
0.002517 -0.003101 0.580398 0.115537
-0.003796 0.000119 0.115537 0.048197
30.547347 1.271539 41.735419 2.165469
0.649158 0.125682 -0.025493 -0.007999
0.125682 0.050013 -0.007296 -0.000606
-0.025493 -0.007296 0.584337 0.116324
-0.007999 -0.000606 0.116324 0.048331
30.963863 1.229248 42.829154 2.168125
0.642328 0.123925 -0.049348 -0.011180
0.123925 0.049617 -0.010477 -0.001118
-0.049348 -0.010477 0.581947 0.115708
-0.011180 -0.001118 0.115708 0.048166
31.774731 1.266911 43.762009 2.138156
0.648746 0.124881 -0.065125 -0.012711
0.124881 0.049782 -0.012052 -0.001328
-0.065125 -0.012052 0.573595 0.113921
-0.012711 -0.001328 0.113921 0.047779
32.734288 1.328915 44.608008 2.094642
0.684552 0.131371 -0.091698 -0.016407
0.131371 0.050992 -0.015797 -0.001994
-0.091698 -0.015797 0.571041 0.113386
-0.016407 -0.001994 0.113386 0.047661
33.186379 1.287256 45.478302 2.058245
0.683213 0.130166 -0.112405 -0.018963
0.130166 0.050633 -0.018298 -0.002436
-0.112405 -0.018298 0.569714 0.113098
-0.018963 -0.002436 0.113098 0.047592
33.617195 1.232284 44.733397 1.701594
0.668840 0.126714 -0.122293 -0.019485
0.126714 0.049905 -0.019065 -0.002570
-0.122293 -0.019065 0.530025 0.105169
-0.019485 -0.002570 0.105169 0.045998
34.406696 1.261948 45.256752 1.637108
0.686910 0.129771 -0.135737 -0.020661
0.129771 0.050485 -0.020287 -0.002785
-0.135737 -0.020287 0.535661 0.106951
-0.020661 -0.002785 0.106951 0.046457
35.151837 1.285156 46.189200 1.661662
0.696961 0.131072 -0.146752 -0.021569
0.131072 0.050688 -0.021060 -0.002959
-0.146752 -0.021060 0.550089 0.110261
-0.021569 -0.002959 0.110261 0.047152
36.018083 1.325858 46.889288 1.637995
0.718528 0.134428 -0.162350 -0.023397
0.134428 0.051260 -0.022909 -0.003351
-0.162350 -0.022909 0.560415 0.112268
-0.023397 -0.003351 0.112268 0.047486
