0.817580 1.289134 -1.339589 -1.427895
2.498514 0.999427 1.379826 0.551943
0.999427 80.403846 0.551943 0.220782
1.379826 0.551943 6.463475 2.585446
0.551943 0.220782 2.585446 81.038267
5.551525 8.229835 0.357329 1.739743
3.176755 5.689901 -1.222775 -2.112337
5.689901 18.406499 -2.328710 -0.777420
-1.222775 -2.328710 1.909613 2.938787
-2.112337 -0.777420 2.938787 21.972889
7.235394 5.680040 2.877529 3.598086
1.444752 1.837774 1.331364 2.169057
1.837774 4.111775 1.805550 3.058077
1.331364 1.805550 2.030043 3.135925
2.169057 3.058077 3.135925 7.619474
9.554755 5.082969 5.327713 4.381606
1.739243 1.634266 1.079540 0.881563
1.634266 2.116882 0.808337 0.704877
1.079540 0.808337 2.531657 2.548468
0.881563 0.704877 2.548468 3.347759
8.415769 2.507629 6.118329 3.649788
0.380139 0.304269 -0.489034 -0.395590
0.304269 0.492821 -0.461526 -0.300593
-0.489034 -0.461526 1.789611 1.371834
-0.395590 -0.300593 1.371834 1.369192
9.520186 2.386018 7.452389 3.341271
0.587511 0.407163 -0.519800 -0.274259
0.407163 0.402315 -0.317512 -0.132089
-0.519800 -0.317512 1.932646 1.136821
-0.274259 -0.132089 1.136821 0.834210
10.527287 2.172646 6.015286 1.796633
0.731185 0.405699 -0.598676 -0.243014
0.405699 0.291674 -0.291260 -0.101106
-0.598676 -0.291260 1.700367 0.795324
-0.243014 -0.101106 0.795324 0.471692
10.847896 1.827050 7.602175 2.034394
0.801021 0.371648 -0.416543 -0.122077
0.371648 0.215962 -0.147601 -0.031802
-0.416543 -0.147601 1.587694 0.635094
-0.122077 -0.031802 0.635094 0.322088
10.982666 1.491370 7.852649 1.719826
0.704818 0.275122 -0.361331 -0.093614
0.275122 0.139283 -0.108147 -0.022445
-0.361331 -0.108147 1.395371 0.481830
-0.093614 -0.022445 0.481830 0.216220
12.674638 1.815845 8.359617 1.648402
0.725880 0.250212 -0.214542 -0.037011
0.250212 0.112349 -0.044438 -0.002813
-0.214542 -0.044438 1.327032 0.410682
-0.037011 -0.002813 0.410682 0.167001
13.087412 1.665927 9.400135 1.692872
0.743530 0.228622 -0.140377 -0.014535
0.228622 0.093262 -0.019919 0.001849
-0.140377 -0.019919 1.251324 0.349650
-0.014535 0.001849 0.349650 0.131521
13.159797 1.444998 9.729057 1.539074
0.730537 0.202593 -0.130783 -0.013979
0.202593 0.077570 -0.018533 -0.000026
-0.130783 -0.018533 1.182113 0.300921
-0.013979 -0.000026 0.300921 0.106703
12.355255 1.058240 10.895008 1.599691
0.655274 0.166371 -0.137963 -0.018375
0.166371 0.062950 -0.022838 -0.002721
-0.137963 -0.022838 0.988752 0.231861
-0.018375 -0.002721 0.231861 0.082229
12.466874 0.960913 11.941957 1.646981
0.675230 0.160787 -0.099627 -0.009493
0.160787 0.058884 -0.013571 -0.001072
-0.099627 -0.013571 0.915943 0.202639
-0.009493 -0.001072 0.202639 0.071438
13.639427 1.118398 12.857945 1.677705
0.624774 0.140967 -0.039222 0.001677
0.140967 0.052584 -0.001060 0.000890
-0.039222 -0.001060 0.800037 0.169246
0.001677 0.000890 0.169246 0.061685
13.105236 0.874097 12.751856 1.470000
0.569436 0.122670 -0.086560 -0.010392
0.122670 0.047553 -0.013405 -0.002322
-0.086560 -0.013405 0.678159 0.137829
-0.010392 -0.002322 0.137829 0.053512
13.653302 0.897978 13.550690 1.484169
0.592006 0.124364 -0.052188 -0.003460
0.124364 0.047702 -0.005819 -0.000839
-0.052188 -0.005819 0.681468 0.136540
-0.003460 -0.000839 0.136540 0.052712
13.982440 0.877344 14.900340 1.603298
0.619354 0.127278 -0.011571 0.004013
0.127278 0.048195 0.002038 0.000574
-0.011571 0.002038 0.669092 0.132418
0.004013 0.000574 0.132418 0.051507
14.543669 0.902403 15.785319 1.620568
0.644041 0.129619 0.018669 0.008698
0.129619 0.048591 0.007082 0.001325
0.018669 0.007082 0.675350 0.132338
0.008698 0.001325 0.132338 0.051240
15.420648 0.987208 16.871262 1.676230
0.658681 0.130107 0.060559 0.015211
0.130107 0.048667 0.013955 0.002397
0.060559 0.013955 0.675965 0.131299
0.015211 0.002397 0.131299 0.050863
15.561333 0.918778 17.925978 1.717083
0.647348 0.125773 0.072922 0.015513
0.125773 0.047856 0.014501 0.002202
0.072922 0.014501 0.625545 0.120494
0.015513 0.002202 0.120494 0.048651
16.549096 1.020556 18.716142 1.703626
0.667332 0.128196 0.099811 0.018862
0.128196 0.048474 0.017993 0.002675
0.099811 0.017993 0.645735 0.124321
0.018862 0.002675 0.124321 0.049460
17.594419 1.121519 19.832014 1.752676
0.680469 0.129267 0.134860 0.023695
0.129267 0.048799 0.022931 0.003450
0.134860 0.022931 0.653243 0.125301
0.023695 0.003450 0.125301 0.049636
18.076395 1.105431 20.871908 1.784666
0.673655 0.126775 0.148913 0.024411
0.126775 0.048466 0.023855 0.003473
0.148913 0.023855 0.630790 0.120514
0.024411 0.003473 0.120514 0.048702
19.138857 1.200489 21.916071 1.809334
0.679475 0.126964 0.175900 0.027760
0.126964 0.048661 0.027221 0.004021
0.175900 0.027221 0.633403 0.120863
0.027760 0.004021 0.120863 0.048804
19.738131 1.190263 23.634201 1.967391
0.696477 0.129342 0.204436 0.031266
0.129342 0.049249 0.030785 0.004605
0.204436 0.030785 0.641641 0.122181
0.031266 0.004605 0.122181 0.049058
20.245376 1.164128 25.247016 2.091469
0.707931 0.130758 0.218384 0.031974
0.130758 0.049640 0.031562 0.004675
0.218384 0.031562 0.648886 0.123333
0.031974 0.004675 0.123333 0.049276
20.923874 1.178182 26.533867 2.136970
0.710392 0.130599 0.223315 0.031295
0.130599 0.049726 0.030971 0.004559
0.223315 0.030971 0.648759 0.123057
0.031295 0.004559 0.123057 0.049209
21.894871 1.243627 27.957665 2.199252
0.727439 0.133463 0.220312 0.029107
0.133463 0.050407 0.028962 0.004169
0.220312 0.028962 0.660647 0.125298
0.029107 0.004169 0.125298 0.049665
22.741043 1.288092 28.953728 2.174375
0.714216 0.130478 0.215196 0.027561
0.130478 0.049922 0.027456 0.004068
0.215196 0.027456 0.648449 0.122647
0.027561 0.004068 0.122647 0.049109
23.478000 1.297367 30.433179 2.249287
0.700727 0.127796 0.210192 0.026347
0.127796 0.049545 0.025938 0.003984
0.210192 0.025938 0.651954 0.123323
0.026347 0.003984 0.123323 0.049253
23.887210 1.255820 31.385998 2.220801
0.671403 0.122871 0.183824 0.021524
0.122871 0.048845 0.021162 0.003325
0.183824 0.021162 0.632312 0.119864
0.021524 0.003325 0.119864 0.048655
24.370226 1.222902 32.753962 2.274344
0.649632 0.119565 0.167076 0.018908
0.119565 0.048449 0.018302 0.003056
0.167076 0.018302 0.630166 0.119902
0.018908 0.003056 0.119902 0.048743
25.037610 1.230537 34.037912 2.301938
0.642595 0.119433 0.143166 0.014822
0.119433 0.048683 0.014436 0.002526
0.143166 0.014436 0.624136 0.119283
0.014822 0.002526 0.119283 0.048719
25.463938 1.203332 34.726872 2.215166
0.631037 0.118565 0.107225 0.008831
0.118565 0.048756 0.008938 0.001713
0.107225 0.008938 0.599126 0.115177
0.008831 0.001713 0.115177 0.048044
25.653261 1.126555 35.700258 2.195978
0.610685 0.115761 0.079915 0.005123
0.115761 0.048382 0.005143 0.001292
0.079915 0.005143 0.589406 0.114162
0.005123 0.001292 0.114162 0.047970
26.376663 1.158754 36.709261 2.176111
0.617582 0.118162 0.061103 0.002809
0.118162 0.048980 0.003087 0.001104
0.061103 0.003087 0.583310 0.113693
0.002809 0.001104 0.113693 0.047964
27.221007 1.214716 37.415764 2.097664
0.627259 0.120751 0.042416 0.000552
0.120751 0.049535 0.001136 0.000899
0.042416 0.001136 0.569672 0.111675
0.000552 0.000899 0.111675 0.047632
27.969475 1.240016 38.667931 2.136465
0.626208 0.120876 0.028244 -0.000668
0.120876 0.049543 -0.000186 0.000807
0.028244 -0.000186 0.574059 0.113239
-0.000668 0.000807 0.113239 0.048001
27.796618 1.088770 39.434478 2.082733
0.590034 0.114195 0.003930 -0.003739
0.114195 0.048239 -0.003445 0.000332
0.003930 -0.003445 0.565252 0.112019
-0.003739 0.000332 0.112019 0.047780
28.476436 1.116522 40.192991 2.025785
0.596598 0.116216 -0.007832 -0.004602
0.116216 0.048697 -0.004241 0.000259
-0.007832 -0.004241 0.557151 0.110852
-0.004602 0.000259 0.110852 0.047553
29.196796 1.147194 41.603818 2.104790
0.606098 0.118514 -0.019423 -0.005581
0.118514 0.049146 -0.005239 0.000100
-0.019423 -0.005239 0.567794 0.113432
-0.005581 0.000100 0.113432 0.048074
29.850002 1.162877 42.446922 2.062880
0.627225 0.122796 -0.041655 -0.008815
0.122796 0.049931 -0.008424 -0.000530
-0.041655 -0.008424 0.563221 0.112650
-0.008815 -0.000530 0.112650 0.047864
30.916289 1.257592 43.455504 2.058948
0.649574 0.126855 -0.053676 -0.009887
0.126855 0.050599 -0.009543 -0.000731
-0.053676 -0.009543 0.561318 0.112395
-0.009887 -0.000731 0.112395 0.047766
31.677406 1.282498 44.250223 2.012241
0.665791 0.129295 -0.074001 -0.012739
0.129295 0.050899 -0.012398 -0.001307
-0.074001 -0.012398 0.557831 0.111750
-0.012739 -0.001307 0.111750 0.047584
31.944429 1.209232 45.108989 1.980689
0.649479 0.125244 -0.089829 -0.014787
0.125244 0.049939 -0.014313 -0.001717
-0.089829 -0.014313 0.556536 0.111549
-0.014787 -0.001717 0.111549 0.047496
33.128348 1.319951 45.930886 1.950748
0.676519 0.130016 -0.100850 -0.015623
0.130016 0.050792 -0.015353 -0.001904
-0.100850 -0.015353 0.553775 0.111031
-0.015623 -0.001904 0.111031 0.047348
33.164650 1.198759 46.777160 1.919265
0.666422 0.127120 -0.122961 -0.019137
0.127120 0.050086 -0.018569 -0.002616
-0.122961 -0.018569 0.558477 0.111914
-0.019137 -0.002616 0.111914 0.047463
34.149280 1.265678 47.089442 1.792069
0.686991 0.130553 -0.133160 -0.019808
0.130553 0.050697 -0.019577 -0.002794
-0.133160 -0.019577 0.547191 0.109529
-0.019808 -0.002794 0.109529 0.046922
35.168012 1.332040 47.387032 1.674966
0.714864 0.135045 -0.148254 -0.021526
0.135045 0.051455 -0.021539 -0.003176
-0.148254 -0.021539 0.543629 0.108822
-0.021526 -0.003176 0.108822 0.046746
