3.521174 2.370594 3.107036 0.350794
2.363423 0.945390 -0.738707 -0.295489
0.945390 80.382231 -0.295489 -0.118198
-0.738707 -0.295489 4.249802 1.699958
-0.295489 -0.118198 1.699958 80.684064
5.257711 3.206607 0.970666 -3.343537
3.137139 5.466067 -0.968060 -1.378125
5.466067 17.527039 -1.509801 -4.053216
-0.968060 -1.509801 3.343263 5.332789
-1.378125 -4.053216 5.332789 21.455582
5.123018 1.335530 1.788125 -0.543736
2.302744 2.539448 0.349730 0.501063
2.539448 4.733350 0.396027 -0.008414
0.349730 0.396027 0.678239 0.797673
0.501063 -0.008414 0.797673 4.006455
7.665293 2.677149 3.474236 1.583334
1.938738 1.609690 -0.028989 -0.169002
1.609690 2.061443 -0.123785 -0.372468
-0.028989 -0.123785 0.922630 1.066101
-0.169002 -0.372468 1.066101 2.055821
7.793785 1.744739 7.021597 3.919601
0.539003 0.343940 0.081827 0.050782
0.343940 0.564981 -0.011774 -0.049555
0.081827 -0.011774 1.186116 0.986097
0.050782 -0.049555 0.986097 1.123095
7.990840 1.423101 6.449521 2.338387
0.651827 0.412359 -0.293854 -0.205071
0.412359 0.444024 -0.215101 -0.156114
-0.293854 -0.215101 0.916987 0.588572
-0.205071 -0.156114 0.588572 0.527612
8.841923 1.498295 6.718924 1.869459
0.823766 0.445388 -0.382414 -0.199407
0.445388 0.346170 -0.206479 -0.110915
-0.382414 -0.206479 1.126508 0.587114
-0.199407 -0.110915 0.587114 0.393712
9.288120 1.368489 8.517920 2.243788
0.945575 0.432640 -0.383126 -0.158351
0.432640 0.265840 -0.163487 -0.069702
-0.383126 -0.163487 1.149564 0.498082
-0.158351 -0.069702 0.498082 0.274309
9.662676 1.235394 8.964221 1.986995
0.970615 0.380624 -0.382724 -0.131866
0.380624 0.197665 -0.136058 -0.048579
-0.382724 -0.136058 1.111165 0.411763
-0.131866 -0.048579 0.411763 0.195842
9.403943 0.934470 10.274137 2.079939
0.901605 0.309177 -0.350938 -0.103988
0.309177 0.143625 -0.107887 -0.033506
-0.350938 -0.107887 0.947150 0.307369
-0.103988 -0.033506 0.307369 0.134483
10.571071 1.119619 9.229736 1.471216
0.797490 0.243579 -0.350463 -0.092920
0.243579 0.105737 -0.097046 -0.027242
-0.350463 -0.097046 0.774607 0.224964
-0.092920 -0.027242 0.224964 0.095098
10.455327 0.944252 10.951157 1.730850
0.777235 0.217031 -0.309363 -0.072104
0.217031 0.088276 -0.075094 -0.018806
-0.309363 -0.075094 0.733096 0.196277
-0.072104 -0.018806 0.196277 0.079381
11.567065 1.112324 11.726870 1.719208
0.720037 0.186650 -0.232692 -0.046964
0.186650 0.073862 -0.048284 -0.010850
-0.232692 -0.048284 0.695485 0.174646
-0.046964 -0.010850 0.174646 0.068911
11.800418 1.027606 12.349410 1.656040
0.681132 0.165474 -0.207244 -0.038302
0.165474 0.064374 -0.039298 -0.008397
-0.207244 -0.039298 0.651651 0.154412
-0.038302 -0.008397 0.154412 0.060591
12.200737 0.999899 13.124857 1.641899
0.666073 0.153627 -0.184576 -0.031196
0.153627 0.058911 -0.031953 -0.006509
-0.184576 -0.031953 0.633136 0.143412
-0.031196 -0.006509 0.143412 0.055935
13.103224 1.093983 14.137476 1.691419
0.616185 0.136415 -0.140110 -0.020829
0.136415 0.053356 -0.021281 -0.004213
-0.140110 -0.021281 0.586970 0.128473
-0.020829 -0.004213 0.128473 0.051322
13.514844 1.071994 15.440716 1.788446
0.568508 0.122045 -0.112422 -0.015298
0.122045 0.049261 -0.015895 -0.003264
-0.112422 -0.015895 0.524099 0.111825
-0.015298 -0.003264 0.111825 0.047001
14.364794 1.144997 16.732062 1.878060
0.554526 0.116790 -0.091546 -0.011204
0.116790 0.047714 -0.011674 -0.002483
-0.091546 -0.011674 0.511388 0.107920
-0.011204 -0.002483 0.107920 0.045963
15.163572 1.190482 17.530707 1.851487
0.544734 0.113142 -0.076808 -0.008701
0.113142 0.046740 -0.009016 -0.002056
-0.076808 -0.009016 0.508052 0.106457
-0.008701 -0.002056 0.106457 0.045577
16.257465 1.293042 18.394387 1.844683
0.537268 0.110632 -0.056490 -0.005151
0.110632 0.046177 -0.005306 -0.001400
-0.056490 -0.005306 0.512968 0.107055
-0.005151 -0.001400 0.107055 0.045710
16.682899 1.252277 19.754587 1.933655
0.521999 0.107054 -0.022632 0.000894
0.107054 0.045509 0.000581 -0.000326
-0.022632 0.000581 0.489653 0.101913
0.000894 -0.000326 0.101913 0.044681
17.271403 1.245325 20.813974 1.952631
0.521641 0.106717 -0.013344 0.001542
0.106717 0.045531 0.001262 -0.000352
-0.013344 0.001262 0.489874 0.101970
0.001542 -0.000352 0.101970 0.044783
17.659592 1.201641 22.509911 2.101092
0.511569 0.104563 0.005795 0.004301
0.104563 0.045201 0.003981 0.000093
0.005795 0.003981 0.476234 0.099222
0.004301 0.000093 0.099222 0.044305
18.782851 1.309114 23.751450 2.142869
0.490307 0.100291 0.010494 0.003962
0.100291 0.044450 0.003725 -0.000072
0.010494 0.003725 0.465542 0.097270
0.003962 -0.000072 0.097270 0.044008
19.268624 1.274369 24.779050 2.133412
0.481643 0.099012 0.019853 0.004903
0.099012 0.044363 0.004679 0.000098
0.019853 0.004679 0.460665 0.096701
0.004903 0.000098 0.096701 0.044010
19.961514 1.285983 25.703527 2.103390
0.482460 0.099762 0.016458 0.003267
0.099762 0.044674 0.003096 -0.000237
0.016458 0.003096 0.466916 0.098473
0.003267 -0.000237 0.098473 0.044480
20.168816 1.195554 26.701064 2.092666
0.484315 0.100590 0.023782 0.004220
0.100590 0.044943 0.004046 0.000027
0.023782 0.004046 0.473873 0.100165
0.004220 0.000027 0.100165 0.044869
21.119272 1.267840 28.164527 2.179940
0.489859 0.102100 0.015630 0.001932
0.102100 0.045318 0.001771 -0.000395
0.015630 0.001771 0.494522 0.104596
0.001932 -0.000395 0.104596 0.045801
21.703091 1.257555 29.201800 2.168991
0.480691 0.100311 0.020061 0.002693
0.100311 0.044949 0.002515 -0.000114
0.020061 0.002515 0.497349 0.104783
0.002693 -0.000114 0.104783 0.045746
22.480968 1.291154 29.648045 2.034373
0.463551 0.097047 0.009158 0.000266
0.097047 0.044305 0.000117 -0.000509
0.009158 0.000117 0.484378 0.101726
0.000266 -0.000509 0.101726 0.045045
23.212291 1.309934 30.457681 1.990501
0.462849 0.097457 0.005405 -0.000423
0.097457 0.044464 -0.000568 -0.000522
0.005405 -0.000568 0.490561 0.102996
-0.000423 -0.000522 0.102996 0.045321
23.612570 1.255599 31.605580 2.023259
0.459745 0.097250 -0.002013 -0.001777
0.097250 0.044457 -0.001958 -0.000689
-0.002013 -0.001958 0.503880 0.105660
-0.001777 -0.000689 0.105660 0.045869
24.359779 1.280463 32.829014 2.067244
0.447521 0.095082 -0.024253 -0.006071
0.095082 0.044021 -0.006344 -0.001476
-0.024253 -0.006344 0.514676 0.107587
-0.006071 -0.001476 0.107587 0.046228
24.653048 1.206442 33.764232 2.047023
0.420353 0.089786 -0.018839 -0.004219
0.089786 0.042920 -0.004425 -0.000903
-0.018839 -0.004425 0.511336 0.106377
-0.004219 -0.000903 0.106377 0.045906
25.509063 1.260897 34.410306 1.968825
0.434144 0.093689 -0.025683 -0.005177
0.093689 0.043861 -0.005402 -0.001018
-0.025683 -0.005402 0.517592 0.107346
-0.005177 -0.001018 0.107346 0.046087
26.254039 1.285099 34.928461 1.872582
0.445600 0.096578 -0.026756 -0.004896
0.096578 0.044463 -0.005100 -0.000880
-0.026756 -0.005100 0.519741 0.107427
-0.004896 -0.000880 0.107427 0.046082
26.725077 1.247718 35.786238 1.856002
0.448656 0.097275 -0.028635 -0.004886
0.097275 0.044521 -0.005054 -0.000831
-0.028635 -0.005054 0.529949 0.109216
-0.004886 -0.000831 0.109216 0.046443
27.804211 1.345170 36.270589 1.766198
0.421070 0.091217 -0.030378 -0.004998
0.091217 0.043110 -0.005093 -0.000841
-0.030378 -0.005093 0.522405 0.107238
-0.004998 -0.000841 0.107238 0.046010
29.393756 1.544955 37.107706 1.760079
0.414611 0.090271 -0.038685 -0.006438
0.090271 0.042928 -0.006570 -0.001144
-0.038685 -0.006570 0.530387 0.108673
-0.006438 -0.001144 0.108673 0.046324
30.207499 1.553669 37.910455 1.744439
0.429406 0.093981 -0.046404 -0.007586
0.093981 0.043756 -0.007819 -0.001367
-0.046404 -0.007819 0.542199 0.110795
-0.007586 -0.001367 0.110795 0.046758
30.935582 1.542401 38.673515 1.721906
0.429480 0.094054 -0.044380 -0.006774
0.094054 0.043703 -0.006913 -0.001165
-0.044380 -0.006913 0.545540 0.111082
-0.006774 -0.001165 0.111082 0.046799
30.970650 1.379320 39.282313 1.666317
0.428256 0.093763 -0.048026 -0.007270
0.093763 0.043567 -0.007422 -0.001287
-0.048026 -0.007422 0.547373 0.111064
-0.007270 -0.001287 0.111064 0.046782
31.939353 1.442650 40.443650 1.734679
0.443524 0.097099 -0.051282 -0.007588
0.097099 0.044243 -0.007751 -0.001348
-0.051282 -0.007751 0.565139 0.114345
-0.007588 -0.001348 0.114345 0.047450
32.314878 1.369575 41.709553 1.812853
0.448248 0.097790 -0.051040 -0.007295
0.097790 0.044285 -0.007383 -0.001290
-0.051040 -0.007383 0.575845 0.115963
-0.007295 -0.001290 0.115963 0.047739
33.039012 1.378384 42.649829 1.819927
0.468468 0.101822 -0.049788 -0.006765
0.101822 0.045070 -0.006998 -0.001217
-0.049788 -0.006998 0.569346 0.114055
-0.006765 -0.001217 0.114055 0.047317
33.879025 1.413281 43.890113 1.887147
0.455840 0.098487 -0.029441 -0.002733
0.098487 0.044232 -0.002589 -0.000400
-0.029441 -0.002589 0.556932 0.111366
-0.002733 -0.000400 0.111366 0.046820
34.700815 1.434508 44.242533 1.769508
0.426525 0.092067 0.009878 0.004627
0.092067 0.042856 0.005143 0.001003
0.009878 0.005143 0.493001 0.098764
0.004627 0.001003 0.098764 0.044407
35.250038 1.399595 45.496635 1.843635
0.447196 0.096821 0.000844 0.001934
0.096821 0.043961 0.002138 0.000222
0.000844 0.002138 0.492741 0.099778
0.001934 0.000222 0.099778 0.044851
36.036230 1.418183 46.386923 1.837417
0.477074 0.103088 -0.008255 -0.000446
0.103088 0.045288 -0.000512 -0.000386
-0.008255 -0.000512 0.475931 0.097226
-0.000446 -0.000386 0.097226 0.044485
36.693581 1.406771 47.152666 1.805727
0.492340 0.105626 -0.005675 -0.000186
0.105626 0.045706 -0.000340 -0.000353
-0.005675 -0.000340 0.431331 0.089056
-0.000186 -0.000353 0.089056 0.042948
