0.586551 1.196720 2.862439 0.252953
1.796207 0.718498 -0.524625 -0.209855
0.718498 80.291472 -0.209855 -0.083944
-0.524625 -0.209855 2.632433 1.052996
-0.209855 -0.083944 1.052996 80.425274
3.130365 4.771721 4.103693 2.279430
1.777644 3.147504 -1.520814 -2.556685
3.147504 11.888159 -2.616783 -5.958824
-1.520814 -2.616783 2.920651 4.998800
-2.556685 -5.958824 4.998800 17.362090
5.988202 4.875729 0.612339 -3.106459
2.327675 2.703852 -1.415938 -1.356649
2.703852 4.499985 -1.432686 -1.909142
-1.415938 -1.432686 2.935122 3.265145
-1.356649 -1.909142 3.265145 5.667671
6.596742 3.505420 2.344383 -0.503522
1.042942 0.882053 0.409977 0.411156
0.882053 1.252257 0.359617 0.094488
0.409977 0.359617 0.452969 0.403860
0.411156 0.094488 0.403860 1.128886
7.637895 3.011236 1.915301 -0.569976
0.989398 0.693500 0.209854 0.057358
0.693500 0.718298 0.043448 -0.134555
0.209854 0.043448 0.643199 0.583774
0.057358 -0.134555 0.583774 0.823522
9.151357 2.914481 2.566886 0.094233
0.971637 0.563451 -0.009055 -0.095518
0.563451 0.446985 -0.094121 -0.139490
-0.009055 -0.094121 0.821767 0.584251
-0.095518 -0.139490 0.584251 0.543488
10.519101 2.815178 3.508416 0.591853
0.878969 0.424367 -0.133535 -0.120967
0.424367 0.277153 -0.121528 -0.096546
-0.133535 -0.121528 0.916222 0.512011
-0.120967 -0.096546 0.512011 0.355886
9.024425 1.585963 5.364105 1.385769
0.297031 0.118835 0.024828 0.001678
0.118835 0.096970 -0.021584 -0.015689
0.024828 -0.021584 0.836376 0.375228
0.001678 -0.015689 0.375228 0.213371
9.985626 1.634550 6.655070 1.610308
0.361455 0.139920 -0.051467 -0.028156
0.139920 0.091307 -0.041438 -0.019604
-0.051467 -0.041438 0.816920 0.313306
-0.028156 -0.019604 0.313306 0.153995
11.025314 1.699469 8.299098 1.887122
0.423232 0.151181 -0.101951 -0.040103
0.151181 0.083675 -0.048773 -0.018269
-0.101951 -0.048773 0.783547 0.263002
-0.040103 -0.018269 0.263002 0.116117
11.821363 1.683246 9.102866 1.845761
0.474056 0.154900 -0.157708 -0.050402
0.154900 0.075917 -0.057449 -0.017857
-0.157708 -0.057449 0.759721 0.227929
-0.050402 -0.017857 0.227929 0.092946
12.951999 1.768628 10.569057 1.993563
0.511042 0.153012 -0.177536 -0.048728
0.153012 0.068616 -0.054345 -0.014550
-0.177536 -0.054345 0.725772 0.197841
-0.048728 -0.014550 0.197841 0.076741
13.410293 1.648865 11.114722 1.877767
0.525456 0.145269 -0.210025 -0.050915
0.145269 0.061607 -0.056109 -0.013336
-0.210025 -0.056109 0.695834 0.175023
-0.050915 -0.013336 0.175023 0.065979
14.486968 1.720723 12.810673 2.060434
0.514327 0.132845 -0.199491 -0.043035
0.132845 0.055106 -0.047157 -0.010003
-0.199491 -0.047157 0.634392 0.149460
-0.043035 -0.010003 0.149460 0.056853
15.341985 1.718347 13.751110 2.039873
0.512311 0.125252 -0.188374 -0.036519
0.125252 0.051196 -0.039834 -0.007650
-0.188374 -0.039834 0.602798 0.135212
-0.036519 -0.007650 0.135212 0.051972
14.339555 1.283488 15.440820 2.158868
0.491297 0.114913 -0.166499 -0.029137
0.114913 0.047482 -0.032168 -0.005690
-0.166499 -0.032168 0.523469 0.113054
-0.029137 -0.005690 0.113054 0.046234
14.850462 1.254708 16.610405 2.176103
0.502926 0.113683 -0.166124 -0.027019
0.113683 0.046497 -0.029780 -0.005027
-0.166124 -0.029780 0.513708 0.108698
-0.027019 -0.005027 0.108698 0.045078
15.513439 1.262620 17.691741 2.175371
0.490608 0.107705 -0.159946 -0.024587
0.107705 0.044718 -0.027034 -0.004506
-0.159946 -0.027034 0.483277 0.100761
-0.024587 -0.004506 0.100761 0.043352
16.407510 1.313194 18.404156 2.100552
0.476270 0.102745 -0.135921 -0.018810
0.102745 0.043566 -0.020598 -0.003263
-0.135921 -0.020598 0.467457 0.097362
-0.018810 -0.003263 0.097362 0.042878
16.906522 1.280154 19.521993 2.111542
0.470539 0.100250 -0.125010 -0.016361
0.100250 0.043076 -0.017895 -0.002900
-0.125010 -0.017895 0.453921 0.094576
-0.016361 -0.002900 0.094576 0.042505
16.982555 1.153261 20.346909 2.049439
0.460867 0.097404 -0.114574 -0.014414
0.097404 0.042600 -0.015821 -0.002710
-0.114574 -0.015821 0.433923 0.090710
-0.014414 -0.002710 0.090710 0.041914
17.819716 1.206405 21.226118 2.023665
0.460579 0.096945 -0.110132 -0.013766
0.096945 0.042692 -0.014874 -0.002714
-0.110132 -0.014874 0.434521 0.091525
-0.013766 -0.002714 0.091525 0.042333
18.757643 1.283624 22.510688 2.089965
0.453517 0.095351 -0.099432 -0.011981
0.095351 0.042569 -0.012808 -0.002484
-0.099432 -0.012808 0.431259 0.091519
-0.011981 -0.002484 0.091519 0.042532
19.584568 1.315149 23.122804 1.999388
0.448366 0.094195 -0.100801 -0.012932
0.094195 0.042500 -0.013589 -0.002860
-0.100801 -0.013589 0.425752 0.090725
-0.012932 -0.002860 0.090725 0.042459
20.209478 1.309955 24.222171 2.020565
0.434674 0.091447 -0.099936 -0.013425
0.091447 0.042104 -0.013845 -0.003094
-0.099936 -0.013845 0.417118 0.089336
-0.013425 -0.003094 0.089336 0.042254
21.156510 1.367823 24.947409 1.963373
0.420813 0.089209 -0.085054 -0.010732
0.089209 0.041891 -0.011043 -0.002602
-0.085054 -0.011043 0.407601 0.088096
-0.010732 -0.002602 0.088096 0.042137
21.392906 1.273376 26.086200 1.990118
0.407019 0.087160 -0.068794 -0.007924
0.087160 0.041701 -0.008104 -0.002099
-0.068794 -0.008104 0.401290 0.087592
-0.007924 -0.002099 0.087592 0.042159
21.791590 1.222704 27.170498 2.006089
0.390963 0.084597 -0.059036 -0.006762
0.084597 0.041343 -0.006806 -0.001979
-0.059036 -0.006806 0.393272 0.086515
-0.006762 -0.001979 0.086515 0.041989
22.369467 1.214342 28.104408 1.990143
0.391194 0.085695 -0.052620 -0.006073
0.085695 0.041766 -0.006091 -0.001901
-0.052620 -0.006091 0.396097 0.087805
-0.006073 -0.001901 0.087805 0.042327
22.578474 1.127678 29.257531 2.020485
0.387610 0.085666 -0.049002 -0.006024
0.085666 0.041847 -0.005954 -0.001941
-0.049002 -0.005954 0.399859 0.089037
-0.006024 -0.001941 0.089037 0.042590
23.493020 1.208850 30.505293 2.077745
0.387732 0.086250 -0.054623 -0.007890
0.086250 0.042002 -0.007739 -0.002367
-0.054623 -0.007739 0.408531 0.091072
-0.007890 -0.002367 0.091072 0.042977
24.491121 1.299358 31.727604 2.122957
0.391874 0.087577 -0.061480 -0.009695
0.087577 0.042286 -0.009506 -0.002716
-0.061480 -0.009506 0.420362 0.093567
-0.009695 -0.002716 0.093567 0.043434
24.714286 1.202462 32.727507 2.104888
0.369772 0.082876 -0.057731 -0.009143
0.082876 0.041192 -0.008797 -0.002529
-0.057731 -0.008797 0.416887 0.092492
-0.009143 -0.002529 0.092492 0.043086
25.133203 1.163014 33.980413 2.147733
0.385459 0.087033 -0.064177 -0.010476
0.087033 0.042166 -0.010230 -0.002741
-0.064177 -0.010230 0.432780 0.095762
-0.010476 -0.002741 0.095762 0.043736
26.002743 1.223634 34.566647 2.042554
0.377876 0.085409 -0.066028 -0.010864
0.085409 0.041718 -0.010639 -0.002767
-0.066028 -0.010639 0.429471 0.094504
-0.010864 -0.002767 0.094504 0.043345
27.484577 1.425651 35.891001 2.118425
0.359073 0.081230 -0.077208 -0.013370
0.081230 0.040701 -0.012970 -0.003246
-0.077208 -0.012970 0.440334 0.096469
-0.013370 -0.003246 0.096469 0.043704
28.072655 1.397590 37.008684 2.129886
0.366348 0.083378 -0.088662 -0.015387
0.083378 0.041213 -0.015133 -0.003584
-0.088662 -0.015133 0.452297 0.098512
-0.015387 -0.003584 0.098512 0.044067
28.759788 1.392051 37.856224 2.082137
0.378081 0.086340 -0.091440 -0.015282
0.086340 0.041861 -0.015199 -0.003443
-0.091440 -0.015199 0.457195 0.098962
-0.015282 -0.003443 0.098962 0.044091
29.267449 1.346564 38.763425 2.050409
0.368464 0.084036 -0.089863 -0.014597
0.084036 0.041228 -0.014378 -0.003220
-0.089863 -0.014378 0.457301 0.098457
-0.014597 -0.003220 0.098457 0.043936
29.793483 1.302578 39.125515 1.904281
0.389753 0.089067 -0.090904 -0.014164
0.089067 0.042346 -0.014432 -0.003123
-0.090904 -0.014432 0.449054 0.096228
-0.014164 -0.003123 0.096228 0.043438
29.600926 1.098289 39.458228 1.757339
0.380516 0.086504 -0.089306 -0.013729
0.086504 0.041609 -0.013896 -0.003039
-0.089306 -0.013896 0.441515 0.094481
-0.013729 -0.003039 0.094481 0.043105
30.185265 1.104817 40.235200 1.735785
0.387460 0.087928 -0.090532 -0.013734
0.087928 0.041875 -0.013900 -0.003026
-0.090532 -0.013900 0.447035 0.095729
-0.013734 -0.003026 0.095729 0.043445
30.954599 1.160666 41.482299 1.821533
0.398664 0.090182 -0.092170 -0.013803
0.090182 0.042317 -0.013938 -0.003016
-0.092170 -0.013938 0.459166 0.098296
-0.013803 -0.003016 0.098296 0.044036
31.651343 1.185266 42.265352 1.795689
0.393857 0.088702 -0.085110 -0.012272
0.088702 0.041905 -0.012299 -0.002708
-0.085110 -0.012299 0.454030 0.097022
-0.012272 -0.002708 0.097022 0.043767
32.463447 1.236454 43.240030 1.815686
0.385733 0.086738 -0.073857 -0.010045
0.086738 0.041457 -0.009897 -0.002267
-0.073857 -0.009897 0.448455 0.095877
-0.010045 -0.002267 0.095877 0.043570
32.842043 1.169613 43.310445 1.631103
0.341767 0.077096 -0.045429 -0.004823
0.077096 0.039362 -0.004284 -0.001271
-0.045429 -0.004284 0.411519 0.088318
-0.004823 -0.001271 0.088318 0.042047
34.162151 1.336104 43.926157 1.596999
0.316742 0.072650 -0.014504 0.000898
0.072650 0.038612 0.001690 -0.000157
-0.014504 0.001690 0.386154 0.083912
0.000898 -0.000157 0.083912 0.041318
34.903250 1.351342 44.537737 1.556496
0.330954 0.077177 -0.015564 -0.000332
0.077177 0.039851 0.000049 -0.000651
-0.015564 0.000049 0.376486 0.082812
-0.000332 -0.000651 0.082812 0.041238
35.613104 1.363918 45.932336 1.694144
0.362891 0.085140 -0.032976 -0.004854
0.085140 0.041709 -0.004889 -0.001770
-0.032976 -0.004889 0.390137 0.086752
-0.004854 -0.001770 0.086752 0.042212
36.261460 1.354655 46.566959 1.646318
0.385340 0.090007 -0.040077 -0.006595
0.090007 0.042663 -0.006953 -0.002141
-0.040077 -0.006953 0.371798 0.083084
-0.006595 -0.002141 0.083084 0.041374
