1.065094 1.388141 9.464539 2.893851
4.935002 1.974044 9.051998 3.620877
1.974044 80.793701 3.620877 1.448382
9.051998 3.620877 52.028201 20.811731
3.620877 1.448382 20.811731 88.328940
7.290069 9.972691 13.907105 4.018787
3.866124 5.807260 3.163444 1.544982
5.807260 20.621393 3.481704 7.447306
3.163444 3.481704 9.612737 6.246908
1.544982 7.447306 6.246908 47.179104
7.016137 4.251267 13.327377 2.246794
3.327763 3.755236 -1.631484 -2.606368
3.755236 7.304219 -1.907604 -0.169095
-1.631484 -1.907604 2.402657 3.105114
-2.606368 -0.169095 3.105114 18.473262
4.379101 -0.541970 11.075937 -3.594012
3.652018 3.045977 -1.550916 -1.022848
3.045977 3.502261 -1.246023 -0.418161
-1.550916 -1.246023 0.971093 0.849726
-1.022848 -0.418161 0.849726 3.674853
8.673161 2.327514 7.473411 -4.498324
1.756862 1.244753 0.074889 0.656531
1.244753 1.310608 0.153537 0.550918
0.074889 0.153537 0.553949 0.746750
0.656531 0.550918 0.746750 1.746554
9.496304 2.133985 5.181635 -4.575308
1.765491 1.007720 0.318863 0.486463
1.007720 0.805121 0.258283 0.296379
0.318863 0.258283 1.680224 1.535767
0.486463 0.296379 1.535767 1.624292
8.690552 1.253131 3.022699 -4.585264
1.147711 0.551419 0.837052 0.590566
0.551419 0.405193 0.436234 0.273074
0.837052 0.436234 3.303516 2.149156
0.590566 0.273074 2.149156 1.499499
9.302003 1.248941 0.262995 -4.816262
1.259905 0.528754 0.917241 0.471479
0.528754 0.315320 0.367791 0.168509
0.917241 0.367791 4.301947 2.138882
0.471479 0.168509 2.138882 1.124649
9.489151 1.061020 0.292585 -3.837087
1.297221 0.479036 0.807151 0.325454
0.479036 0.243674 0.281660 0.099864
0.807151 0.281660 2.184229 0.878385
0.325454 0.099864 0.878385 0.396482
10.204756 1.125366 -1.735905 -3.876407
1.255524 0.412878 0.686037 0.225569
0.412878 0.187018 0.193172 0.053825
0.686037 0.193172 2.343290 0.800029
0.225569 0.053825 0.800029 0.307183
10.505459 1.005986 -1.465630 -3.211296
1.193565 0.353422 0.618489 0.171512
0.353422 0.145993 0.160395 0.037727
0.618489 0.160395 1.595779 0.471182
0.171512 0.037727 0.471182 0.168126
11.398619 1.101196 -2.381283 -3.031200
1.098137 0.297301 0.511675 0.121557
0.297301 0.115840 0.111613 0.021437
0.511675 0.111613 1.550978 0.410240
0.121557 0.021437 0.410240 0.134746
12.460225 1.221688 -3.321372 -2.898390
1.009124 0.253391 0.405175 0.083000
0.253391 0.095122 0.073110 0.011039
0.405175 0.073110 1.518143 0.365588
0.083000 0.011039 0.365588 0.112776
12.939261 1.176031 -4.104709 -2.746101
0.956250 0.224491 0.365905 0.066852
0.224491 0.081661 0.059462 0.007989
0.365905 0.059462 1.427101 0.315783
0.066852 0.007989 0.315783 0.093905
13.359400 1.121478 -4.670696 -2.573857
0.905595 0.200768 0.331917 0.054873
0.200768 0.071864 0.049813 0.006201
0.331917 0.049813 1.312759 0.270260
0.054873 0.006201 0.270260 0.079483
13.992625 1.133588 -5.767513 -2.537389
0.872357 0.185070 0.272845 0.039737
0.185070 0.065681 0.034554 0.003432
0.272845 0.034554 1.280750 0.249213
0.039737 0.003432 0.249213 0.072494
14.938082 1.196332 -6.147184 -2.375970
0.812735 0.166271 0.210179 0.026654
0.166271 0.059870 0.022095 0.001604
0.210179 0.022095 1.177486 0.218432
0.026654 0.001604 0.218432 0.064869
15.075702 1.111066 -7.797270 -2.452631
0.831661 0.165198 0.193377 0.022397
0.165198 0.058409 0.018439 0.001286
0.193377 0.018439 1.185813 0.211706
0.022397 0.001286 0.211706 0.062631
16.511909 1.277542 -8.603846 -2.391746
0.787997 0.153439 0.100782 0.006401
0.153439 0.055388 0.001521 -0.001185
0.100782 0.001521 1.122741 0.194999
0.006401 -0.001185 0.194999 0.059248
17.667380 1.372510 -9.490228 -2.345481
0.769857 0.147430 0.048490 -0.001396
0.147430 0.053763 -0.006039 -0.001934
0.048490 -0.006039 1.068802 0.181552
-0.001396 -0.001934 0.181552 0.056784
18.761382 1.436576 -9.590051 -2.170236
0.732466 0.138277 0.020470 -0.004263
0.138277 0.051722 -0.007892 -0.001691
0.020470 -0.007892 0.967393 0.161653
-0.004263 -0.001691 0.161653 0.053515
19.291583 1.397385 -10.274873 -2.102184
0.728687 0.136186 0.024665 -0.002027
0.136186 0.051213 -0.004565 -0.000753
0.024665 -0.004565 0.924384 0.153294
-0.002027 -0.000753 0.153294 0.052450
20.544811 1.493859 -10.514939 -1.971459
0.707442 0.131557 -0.007647 -0.006033
0.131557 0.050390 -0.008490 -0.001129
-0.007647 -0.008490 0.868773 0.144086
-0.006033 -0.001129 0.144086 0.051393
20.859047 1.414752 -11.679434 -1.999177
0.731284 0.135474 0.009801 -0.001857
0.135474 0.051180 -0.003462 -0.000090
0.009801 -0.003462 0.868115 0.144588
-0.001857 -0.000090 0.144588 0.051964
21.145797 1.339673 -13.216194 -2.087659
0.771541 0.142231 0.024035 0.001312
0.142231 0.052457 0.000318 0.000622
0.024035 0.000318 0.876309 0.146673
0.001312 0.000622 0.146673 0.052742
21.478602 1.276368 -13.843153 -2.016599
0.781910 0.143054 0.033291 0.003422
0.143054 0.052567 0.002948 0.001086
0.033291 0.002948 0.826081 0.138862
0.003422 0.001086 0.138862 0.051777
22.195271 1.292167 -15.318111 -2.096015
0.823343 0.149685 0.022213 0.001776
0.149685 0.053772 0.001351 0.000773
0.022213 0.001351 0.824097 0.139855
0.001776 0.000773 0.139855 0.052343
23.237803 1.364238 -16.597544 -2.136410
0.860814 0.155160 0.000203 -0.001658
0.155160 0.054698 -0.002086 0.000163
0.000203 -0.002086 0.803053 0.137469
-0.001658 0.000163 0.137469 0.052248
24.161731 1.406105 -16.958732 -2.014549
0.870986 0.155395 -0.010162 -0.002851
0.155395 0.054640 -0.003143 0.000002
-0.010162 -0.003143 0.740353 0.127938
-0.002851 0.000002 0.127938 0.050873
24.662174 1.370840 -18.568502 -2.120132
0.923507 0.163271 0.005272 0.000444
0.163271 0.055978 0.000242 0.000607
0.005272 0.000242 0.746261 0.130904
0.000444 0.000607 0.130904 0.051710
25.866315 1.461103 -18.816977 -1.976254
0.937652 0.163929 -0.011865 -0.002340
0.163929 0.055983 -0.002431 0.000086
-0.011865 -0.002431 0.686455 0.121807
-0.002340 0.000086 0.121807 0.050287
26.675546 1.474690 -20.151602 -2.038765
0.986723 0.170796 -0.000942 0.000069
0.170796 0.057110 -0.000101 0.000493
-0.000942 -0.000101 0.686289 0.123848
0.000069 0.000493 0.123848 0.050893
26.621783 1.339464 -20.724258 -1.957392
1.001825 0.171456 0.037537 0.007264
0.171456 0.057125 0.006655 0.001672
0.037537 0.006655 0.659557 0.120622
0.007264 0.001672 0.120622 0.050424
27.664886 1.402698 -21.533453 -1.926031
1.041022 0.176372 0.033264 0.005968
0.176372 0.057907 0.005540 0.001315
0.033264 0.005540 0.642050 0.119057
0.005968 0.001315 0.119057 0.050227
28.645974 1.449637 -22.573831 -1.940741
1.089415 0.182623 0.039002 0.006650
0.182623 0.058891 0.006210 0.001332
0.039002 0.006210 0.636700 0.119608
0.006650 0.001332 0.119608 0.050377
29.113204 1.407387 -24.029279 -2.032583
1.144918 0.189717 0.068041 0.011698
0.189717 0.059976 0.010679 0.002079
0.068041 0.010679 0.649623 0.123292
0.011698 0.002079 0.123292 0.051051
30.227548 1.475321 -25.446251 -2.109911
1.211957 0.198345 0.077474 0.012559
0.198345 0.061273 0.011576 0.002094
0.077474 0.011576 0.651227 0.124300
0.012559 0.002094 0.124300 0.051128
30.349973 1.376011 -26.547883 -2.117281
1.253699 0.202315 0.117172 0.019251
0.202315 0.061750 0.017350 0.003073
0.117172 0.017350 0.647523 0.123949
0.019251 0.003073 0.123949 0.050901
30.524600 1.292519 -27.181976 -2.033589
1.286153 0.204766 0.144642 0.023095
0.204766 0.062007 0.020796 0.003551
0.144642 0.020796 0.628410 0.120526
0.023095 0.003551 0.120526 0.050089
31.648493 1.368726 -28.357952 -2.066846
1.352363 0.212724 0.149757 0.022214
0.212724 0.063182 0.020468 0.003266
0.149757 0.020468 0.625199 0.120420
0.022214 0.003266 0.120420 0.049985
32.459100 1.385732 -28.959274 -1.983472
1.395785 0.216683 0.163505 0.023339
0.216683 0.063680 0.021727 0.003369
0.163505 0.021727 0.607638 0.117330
0.023339 0.003369 0.117330 0.049277
32.796295 1.330930 -29.956230 -1.981963
1.443355 0.221125 0.194183 0.027775
0.221125 0.064248 0.025458 0.003974
0.194183 0.025458 0.611950 0.118526
0.027775 0.003974 0.118526 0.049419
34.130922 1.435185 -31.201407 -2.037539
1.519872 0.230072 0.205011 0.027790
0.230072 0.065534 0.025970 0.003885
0.205011 0.025970 0.616993 0.119769
0.027790 0.003885 0.119769 0.049569
34.375037 1.363634 -32.201680 -2.029540
1.566336 0.233784 0.242821 0.033539
0.233784 0.065940 0.030628 0.004700
0.242821 0.030628 0.622966 0.120724
0.033539 0.004700 0.120724 0.049584
34.885640 1.334359 -32.871262 -1.959511
1.611263 0.237404 0.267980 0.036406
0.237404 0.066373 0.033277 0.005074
0.267980 0.033277 0.617447 0.119349
0.036406 0.005074 0.119349 0.049157
34.259446 1.147062 -34.157104 -2.005406
1.655360 0.240593 0.319492 0.044407
0.240593 0.066715 0.039412 0.006145
0.319492 0.039412 0.640472 0.123376
0.044407 0.006145 0.123376 0.049770
34.988719 1.161409 -34.543802 -1.885133
1.699505 0.244459 0.324067 0.042506
0.244459 0.067261 0.038910 0.005831
0.324067 0.038910 0.622522 0.119405
0.042506 0.005831 0.119405 0.048858
35.642210 1.160516 -34.725475 -1.734675
1.734548 0.246944 0.331408 0.041665
0.246944 0.067599 0.038996 0.005721
0.331408 0.038996 0.606639 0.116125
0.041665 0.005721 0.116125 0.048145
35.841820 1.101070 -35.309612 -1.672288
1.774178 0.249934 0.353974 0.044071
0.249934 0.067991 0.041097 0.006053
0.353974 0.041097 0.611431 0.116975
0.044071 0.006053 0.116975 0.048257
35.692845 1.012027 -36.782995 -1.788984
1.840932 0.256590 0.391796 0.049063
0.256590 0.068887 0.044921 0.006672
0.391796 0.044921 0.642970 0.122795
0.049063 0.006672 0.122795 0.049298
