2.476537 1.952731 2.738760 0.203481
2.093014 0.837224 -0.842050 -0.336827
0.837224 80.338963 -0.336827 -0.134734
-0.842050 -0.336827 3.247324 1.298958
-0.336827 -0.134734 1.298958 80.523661
4.798406 4.284309 1.847607 -1.376225
3.250173 5.665444 -1.931327 -3.027598
5.665444 17.037868 -3.225207 -7.417621
-1.931327 -3.225207 3.128309 5.141858
-3.027598 -7.417621 5.141858 18.874909
3.519409 0.582659 2.618715 -0.022970
1.523796 1.701755 0.327261 0.550156
1.701755 3.644335 0.397454 -0.112019
0.327261 0.397454 0.659530 0.813345
0.550156 -0.112019 0.813345 3.421887
6.297719 2.664789 3.326821 0.557993
1.377460 1.266418 -0.380708 -0.546285
1.266418 1.780093 -0.462297 -0.806967
-0.380708 -0.462297 0.878205 1.012046
-0.546285 -0.806967 1.012046 1.833236
6.653963 1.863622 6.148528 2.642674
0.767840 0.523865 -0.041148 -0.050281
0.523865 0.632285 -0.076292 -0.130416
-0.041148 -0.076292 0.890520 0.723491
-0.050281 -0.130416 0.723491 0.839532
6.334754 1.210838 5.457426 1.408885
0.853407 0.504957 -0.369716 -0.248871
0.504957 0.446897 -0.247022 -0.189561
-0.369716 -0.247022 0.985840 0.624541
-0.248871 -0.189561 0.624541 0.521859
8.539416 1.999084 6.083774 1.362692
0.914285 0.453671 -0.414559 -0.214205
0.453671 0.314924 -0.213142 -0.123113
-0.414559 -0.213142 1.095209 0.557709
-0.214205 -0.123113 0.557709 0.359298
9.238564 1.869725 6.129289 1.091711
0.739132 0.312475 -0.443450 -0.186241
0.312475 0.192874 -0.184931 -0.085848
-0.443450 -0.184931 1.143304 0.484406
-0.186241 -0.085848 0.484406 0.256569
11.299992 2.287623 5.823557 0.789183
0.667771 0.249049 -0.385090 -0.135532
0.249049 0.137797 -0.133886 -0.052761
-0.385090 -0.133886 1.091372 0.396217
-0.135532 -0.052761 0.396217 0.182660
11.487969 1.992245 8.436748 1.494355
0.633194 0.213170 -0.301528 -0.090615
0.213170 0.107396 -0.090181 -0.031272
-0.301528 -0.090181 0.900155 0.287006
-0.090615 -0.031272 0.287006 0.123360
12.258796 1.922807 9.268957 1.516501
0.613508 0.188513 -0.266818 -0.070569
0.188513 0.087945 -0.070614 -0.021946
-0.266818 -0.070614 0.814195 0.233845
-0.070569 -0.021946 0.233845 0.094990
12.947264 1.843015 9.997306 1.505130
0.590681 0.167444 -0.246972 -0.058769
0.167444 0.074066 -0.059054 -0.016737
-0.246972 -0.059054 0.754996 0.198918
-0.058769 -0.016737 0.198918 0.077888
13.173844 1.666150 11.439680 1.668205
0.552188 0.145613 -0.253942 -0.056102
0.145613 0.062914 -0.057164 -0.014972
-0.253942 -0.057164 0.684754 0.167662
-0.056102 -0.014972 0.167662 0.065188
13.244689 1.472893 12.457582 1.700056
0.546772 0.136589 -0.239461 -0.048400
0.136589 0.057425 -0.049749 -0.012080
-0.239461 -0.049749 0.636013 0.147312
-0.048400 -0.012080 0.147312 0.057556
13.886796 1.453983 13.523687 1.747797
0.531738 0.127045 -0.212720 -0.039329
0.127045 0.052973 -0.040607 -0.009300
-0.212720 -0.040607 0.587081 0.130476
-0.039329 -0.009300 0.130476 0.052108
14.815415 1.499750 14.290784 1.727862
0.531799 0.122518 -0.196535 -0.033637
0.122518 0.050512 -0.034659 -0.007554
-0.196535 -0.034659 0.573759 0.123910
-0.033637 -0.007554 0.123910 0.049769
15.463323 1.484013 15.518203 1.804957
0.508900 0.113751 -0.172103 -0.027388
0.113751 0.047588 -0.028369 -0.006061
-0.172103 -0.028369 0.529233 0.111782
-0.027388 -0.006061 0.111782 0.046640
16.682631 1.596558 16.651840 1.864376
0.464587 0.101660 -0.142436 -0.021183
0.101660 0.044422 -0.021886 -0.004770
-0.142436 -0.021886 0.476079 0.099486
-0.021183 -0.004770 0.099486 0.043899
17.450609 1.585860 17.398499 1.823896
0.454606 0.098428 -0.130931 -0.018754
0.098428 0.043584 -0.019324 -0.004258
-0.130931 -0.019324 0.461392 0.096417
-0.018754 -0.004258 0.096417 0.043356
17.714925 1.480233 18.841741 1.927340
0.451903 0.097228 -0.122833 -0.017129
0.097228 0.043307 -0.017804 -0.003972
-0.122833 -0.017804 0.445749 0.093390
-0.017129 -0.003972 0.093390 0.042848
17.871969 1.356986 20.038244 1.965779
0.442728 0.094843 -0.114969 -0.015824
0.094843 0.042822 -0.016544 -0.003786
-0.114969 -0.016544 0.426149 0.089771
-0.015824 -0.003786 0.089771 0.042232
18.212303 1.286249 21.186955 1.995089
0.433923 0.093206 -0.090389 -0.010943
0.093206 0.042639 -0.011560 -0.002777
-0.090389 -0.011560 0.413578 0.088288
-0.010943 -0.002777 0.088288 0.042172
18.934457 1.304512 22.238183 2.008358
0.429699 0.092616 -0.071777 -0.007667
0.092616 0.042664 -0.008176 -0.002166
-0.071777 -0.008176 0.408995 0.088412
-0.007667 -0.002166 0.088412 0.042385
19.506826 1.292948 23.604328 2.086898
0.432216 0.093170 -0.075831 -0.009476
0.093170 0.042843 -0.009851 -0.002667
-0.075831 -0.009851 0.412749 0.089815
-0.009476 -0.002667 0.089815 0.042729
19.938345 1.245470 24.610480 2.075324
0.422078 0.091170 -0.065293 -0.007952
0.091170 0.042500 -0.008260 -0.002399
-0.065293 -0.008260 0.403768 0.088413
-0.007952 -0.002399 0.088413 0.042455
20.345114 1.203654 26.053347 2.162438
0.427720 0.092721 -0.061275 -0.007668
0.092721 0.042940 -0.007911 -0.002347
-0.061275 -0.007911 0.410900 0.090537
-0.007668 -0.002347 0.090537 0.042948
21.097562 1.238823 27.319883 2.205590
0.425253 0.092287 -0.060826 -0.008210
0.092287 0.042884 -0.008340 -0.002471
-0.060826 -0.008340 0.413723 0.091357
-0.008210 -0.002471 0.091357 0.043079
21.731202 1.244653 28.669117 2.260624
0.427043 0.092788 -0.064206 -0.009387
0.092788 0.043028 -0.009402 -0.002688
-0.064206 -0.009402 0.422540 0.093342
-0.009387 -0.002688 0.093342 0.043448
21.692167 1.098733 29.700995 2.231566
0.414881 0.090230 -0.063051 -0.009499
0.090230 0.042494 -0.009419 -0.002668
-0.063051 -0.009419 0.419159 0.092442
-0.009499 -0.002668 0.092442 0.043157
22.415638 1.135891 30.707163 2.209061
0.418090 0.091133 -0.076603 -0.012621
0.091133 0.042729 -0.012477 -0.003277
-0.076603 -0.012477 0.427692 0.094124
-0.012621 -0.003277 0.094124 0.043445
23.106178 1.155635 31.132931 2.060056
0.421334 0.092064 -0.076997 -0.012465
0.092064 0.042967 -0.012425 -0.003139
-0.076997 -0.012425 0.424028 0.093080
-0.012465 -0.003139 0.093080 0.043145
23.862376 1.196735 32.316138 2.095975
0.419662 0.091733 -0.081822 -0.013361
0.091733 0.042884 -0.013183 -0.003220
-0.081822 -0.013183 0.435291 0.095411
-0.013361 -0.003220 0.095411 0.043617
24.338545 1.167784 33.201366 2.058612
0.428682 0.093725 -0.091190 -0.015044
0.093725 0.043305 -0.014892 -0.003487
-0.091190 -0.014892 0.445621 0.097253
-0.015044 -0.003487 0.097253 0.043935
25.118374 1.200940 33.429023 1.884895
0.413290 0.090212 -0.091719 -0.014942
0.090212 0.042488 -0.014755 -0.003407
-0.091719 -0.014755 0.435682 0.094599
-0.014942 -0.003407 0.094599 0.043272
25.823924 1.219319 34.009063 1.806717
0.407586 0.089211 -0.090005 -0.014265
0.089211 0.042308 -0.014045 -0.003195
-0.090005 -0.014045 0.435011 0.094328
-0.014265 -0.003195 0.094328 0.043218
26.474626 1.218604 34.223801 1.656122
0.405169 0.089130 -0.078742 -0.011558
0.089130 0.042359 -0.011464 -0.002595
-0.078742 -0.011464 0.424474 0.092073
-0.011558 -0.002595 0.092073 0.042765
26.490063 1.087697 35.173030 1.674381
0.391603 0.086324 -0.079756 -0.012009
0.086324 0.041739 -0.011612 -0.002698
-0.079756 -0.011612 0.433904 0.094255
-0.012009 -0.002698 0.094255 0.043282
27.152832 1.114499 36.016815 1.677508
0.389118 0.086154 -0.085833 -0.013357
0.086154 0.041734 -0.012907 -0.003001
-0.085833 -0.012907 0.443061 0.096082
-0.013357 -0.003001 0.096082 0.043656
28.011518 1.185037 37.024812 1.718917
0.393817 0.087595 -0.088739 -0.013780
0.087595 0.042082 -0.013340 -0.003064
-0.088739 -0.013340 0.454661 0.098328
-0.013780 -0.003064 0.098328 0.044108
29.031956 1.285164 38.103186 1.772907
0.379270 0.084437 -0.093493 -0.014871
0.084437 0.041334 -0.014148 -0.003277
-0.093493 -0.014148 0.468171 0.100772
-0.014871 -0.003277 0.100772 0.044564
29.900710 1.335220 38.896292 1.756041
0.384073 0.086052 -0.090792 -0.013950
0.086052 0.041746 -0.013469 -0.003078
-0.090792 -0.013469 0.465057 0.099529
-0.013950 -0.003078 0.099529 0.044228
30.293497 1.274489 39.903292 1.779765
0.375283 0.084289 -0.089419 -0.013659
0.084289 0.041323 -0.013074 -0.003021
-0.089419 -0.013074 0.468519 0.099894
-0.013659 -0.003021 0.099894 0.044285
31.261530 1.357624 41.254966 1.884200
0.351879 0.079397 -0.081241 -0.012162
0.079397 0.040232 -0.011100 -0.002676
-0.081241 -0.011100 0.476755 0.101417
-0.012162 -0.002676 0.101417 0.044622
32.246662 1.421858 41.771164 1.797480
0.350231 0.079914 -0.072433 -0.010333
0.079914 0.040453 -0.009552 -0.002367
-0.072433 -0.009552 0.461726 0.097860
-0.010333 -0.002367 0.097860 0.043859
32.814840 1.390473 42.793824 1.821982
0.373350 0.085733 -0.081394 -0.012133
0.085733 0.041787 -0.011992 -0.002858
-0.081394 -0.011992 0.463095 0.097972
-0.012133 -0.002858 0.097972 0.043912
33.127264 1.302945 43.804911 1.838034
0.384212 0.088082 -0.084720 -0.012742
0.088082 0.042192 -0.012927 -0.003029
-0.084720 -0.012927 0.457391 0.096687
-0.012742 -0.003029 0.096687 0.043683
33.470208 1.228704 44.532486 1.792661
0.396932 0.090614 -0.086706 -0.012986
0.090614 0.042618 -0.013560 -0.003120
-0.086706 -0.013560 0.442693 0.093644
-0.012986 -0.003120 0.093644 0.043101
34.610303 1.356369 45.889546 1.899398
0.416054 0.094512 -0.078705 -0.010981
0.094512 0.043376 -0.011767 -0.002665
-0.078705 -0.011767 0.430681 0.091602
-0.010981 -0.002665 0.091602 0.042803
35.476890 1.398494 46.786747 1.890678
0.433663 0.097610 -0.075194 -0.010186
0.097610 0.043887 -0.011346 -0.002565
-0.075194 -0.011346 0.407274 0.087154
-0.010186 -0.002565 0.087154 0.041963
36.347881 1.443762 48.224636 2.000828
0.463332 0.103008 -0.083986 -0.011990
0.103008 0.044876 -0.013434 -0.002986
-0.083986 -0.013434 0.402336 0.086883
-0.011990 -0.002986 0.086883 0.042032
