4.246184 2.660605 12.457139 4.090916
4.213258 1.685340 8.204716 3.281957
1.685340 80.678217 3.281957 1.312811
8.204716 3.281957 43.387829 17.355508
3.281957 1.312811 17.355508 86.946420
5.326506 3.106052 10.058212 0.737400
4.135140 7.048174 -0.074978 -0.867461
7.048174 22.012731 -0.262868 4.948460
-0.074978 -0.262868 0.690864 0.543593
-0.867461 4.948460 0.543593 41.739443
2.925018 -1.393251 8.645513 -2.650153
4.192950 4.346772 -1.264825 -2.190324
4.346772 6.790321 -1.209380 -1.744226
-1.264825 -1.209380 1.139389 2.050223
-2.190324 -1.744226 2.050223 6.123729
2.742330 -1.014664 7.075608 -2.888415
2.305669 1.852239 0.027405 0.215089
1.852239 2.413193 0.412782 0.630923
0.027405 0.412782 2.860753 3.265010
0.215089 0.630923 3.265010 4.281943
3.920652 0.062303 5.697124 -2.783706
1.459033 0.973605 0.783160 0.634661
0.973605 1.099072 0.891183 0.684308
0.783160 0.891183 6.882270 5.181077
0.634661 0.684308 5.181077 4.120964
5.497356 0.930418 5.196848 -2.275011
1.459551 0.809308 0.369185 0.219550
0.809308 0.693737 0.429921 0.233279
0.369185 0.429921 10.232841 5.649613
0.219550 0.233279 5.649613 3.238744
8.051849 1.914959 4.233294 -2.191851
1.434005 0.678648 0.370165 0.166258
0.678648 0.471277 0.347062 0.144720
0.370165 0.347062 14.976643 6.521807
0.166258 0.144720 6.521807 2.917292
9.180068 1.973418 1.451994 -2.796981
1.450914 0.597154 0.687192 0.247110
0.597154 0.346105 0.398067 0.136973
0.687192 0.398067 17.557659 6.304648
0.247110 0.136973 6.304648 2.320109
10.445149 2.072848 -0.120140 -2.850471
1.373473 0.496453 0.716565 0.216755
0.496453 0.251580 0.290111 0.083502
0.716565 0.290111 8.708485 2.659433
0.216755 0.083502 2.659433 0.856806
11.232968 1.994159 -0.331138 -2.525532
1.284086 0.414251 0.764346 0.200053
0.414251 0.189127 0.251186 0.062616
0.764346 0.251186 4.603416 1.226585
0.200053 0.062616 1.226585 0.364759
12.350642 2.028191 -0.957107 -2.373945
1.168357 0.341315 0.670273 0.154185
0.341315 0.144823 0.188765 0.041083
0.670273 0.188765 3.721654 0.886105
0.154185 0.041083 0.886105 0.244883
12.439745 1.773540 -1.261682 -2.175678
1.101169 0.294886 0.744170 0.154318
0.294886 0.117387 0.188036 0.037279
0.744170 0.188036 2.944492 0.635354
0.154318 0.037279 0.635354 0.168578
12.774467 1.627594 -1.603214 -2.020254
1.029777 0.255969 0.706765 0.132758
0.255969 0.097650 0.160035 0.028806
0.706765 0.160035 2.502673 0.497424
0.132758 0.028806 0.497424 0.128949
12.625929 1.408146 -3.736777 -2.221260
1.039293 0.242824 0.670117 0.114401
0.242824 0.087865 0.134972 0.022092
0.670117 0.134972 2.445398 0.454363
0.114401 0.022092 0.454363 0.113771
13.532299 1.439414 -3.658967 -2.011639
0.938115 0.208053 0.501175 0.076926
0.208053 0.075294 0.090505 0.013249
0.501175 0.090505 1.908128 0.334188
0.076926 0.013249 0.334188 0.087565
14.648424 1.515778 -3.918477 -1.889657
0.853177 0.181471 0.381789 0.052803
0.181471 0.066477 0.059940 0.007845
0.381789 0.059940 1.691981 0.284181
0.052803 0.007845 0.284181 0.076740
15.292945 1.503436 -5.658044 -2.019550
0.851019 0.175375 0.313656 0.038864
0.175375 0.063221 0.041584 0.004779
0.313656 0.041584 1.690646 0.275207
0.038864 0.004779 0.275207 0.073965
16.839859 1.655123 -5.903600 -1.908830
0.776785 0.156198 0.191532 0.019008
0.156198 0.057954 0.017483 0.001312
0.191532 0.017483 1.502057 0.238378
0.019008 0.001312 0.238378 0.067245
16.805229 1.480050 -6.643038 -1.862900
0.770263 0.150813 0.220737 0.023837
0.150813 0.055746 0.025332 0.002944
0.220737 0.025332 1.383477 0.214299
0.023837 0.002944 0.214299 0.062922
17.237640 1.411399 -6.939986 -1.760229
0.742874 0.142796 0.203006 0.021278
0.142796 0.053520 0.023194 0.002895
0.203006 0.023194 1.250029 0.191145
0.021278 0.002895 0.191145 0.059310
17.725066 1.370503 -7.917309 -1.772293
0.742434 0.141113 0.176782 0.017253
0.141113 0.052865 0.018470 0.002343
0.176782 0.018470 1.201319 0.183287
0.017253 0.002343 0.183287 0.058393
18.373557 1.365857 -8.991728 -1.800906
0.746059 0.140641 0.140332 0.011920
0.140641 0.052584 0.012234 0.001567
0.140332 0.012234 1.155689 0.176757
0.011920 0.001567 0.176757 0.057764
19.013051 1.357297 -9.861621 -1.795642
0.747330 0.139809 0.110174 0.007963
0.139809 0.052286 0.007973 0.001132
0.110174 0.007973 1.091698 0.167805
0.007963 0.001132 0.167805 0.056766
20.073562 1.436201 -11.459073 -1.908992
0.772962 0.143969 0.057772 0.000477
0.143969 0.053039 -0.000731 -0.000058
0.057772 -0.000731 1.079897 0.167813
0.000477 -0.000058 0.167813 0.057234
20.701946 1.425438 -13.059150 -2.009524
0.807953 0.149174 0.042253 -0.000833
0.149174 0.053870 -0.001656 0.000010
0.042253 -0.001656 1.046943 0.163988
-0.000833 0.000010 0.163988 0.056956
21.098170 1.365190 -13.750736 -1.957559
0.817139 0.149180 0.044342 0.000859
0.149180 0.053695 0.001003 0.000642
0.044342 0.001003 0.951942 0.150369
0.000859 0.000642 0.150369 0.055081
22.154724 1.433278 -14.785227 -1.968848
0.837426 0.151631 0.011527 -0.003377
0.151631 0.054078 -0.003465 0.000033
0.011527 -0.003465 0.897724 0.144210
-0.003377 0.000033 0.144210 0.054492
22.978253 1.453514 -15.997400 -2.006605
0.868952 0.155902 0.001298 -0.003849
0.155902 0.054770 -0.003757 0.000095
0.001298 -0.003757 0.859110 0.140534
-0.003849 0.000095 0.140534 0.054231
24.125515 1.529695 -17.464232 -2.085210
0.913441 0.162291 -0.017297 -0.005861
0.162291 0.055826 -0.005759 -0.000174
-0.017297 -0.005759 0.833084 0.138867
-0.005861 -0.000174 0.138867 0.054234
24.603971 1.479451 -18.531312 -2.088829
0.943594 0.165683 0.001937 -0.001422
0.165683 0.056292 -0.001086 0.000681
0.001937 -0.001086 0.789393 0.133860
-0.001422 0.000681 0.133860 0.053566
25.352544 1.480963 -19.550940 -2.084557
0.977240 0.169636 0.007736 0.000268
0.169636 0.056874 0.000627 0.000946
0.007736 0.000627 0.750227 0.129606
0.000268 0.000946 0.129606 0.052987
25.906086 1.448961 -20.795596 -2.120078
1.019099 0.174878 0.024314 0.003631
0.174878 0.057678 0.003892 0.001453
0.024314 0.003892 0.728345 0.128254
0.003631 0.001453 0.128254 0.052861
26.116914 1.361717 -21.232023 -2.008008
1.033462 0.175229 0.047689 0.007914
0.175229 0.057635 0.007927 0.002064
0.047689 0.007927 0.680233 0.121874
0.007914 0.002064 0.121874 0.051755
26.770418 1.356971 -21.960403 -1.957596
1.063536 0.178450 0.052697 0.008491
0.178450 0.058130 0.008474 0.002004
0.052697 0.008474 0.654420 0.119567
0.008491 0.002004 0.119567 0.051375
27.339682 1.339394 -23.520786 -2.065727
1.124065 0.186684 0.068041 0.010889
0.186684 0.059460 0.010653 0.002259
0.068041 0.010653 0.664611 0.123657
0.010889 0.002259 0.123657 0.052118
27.913776 1.322969 -24.091265 -1.978344
1.152554 0.189176 0.076667 0.011893
0.189176 0.059781 0.011598 0.002287
0.076667 0.011598 0.635536 0.119643
0.011893 0.002287 0.119643 0.051213
28.282880 1.275660 -25.169851 -1.994568
1.197676 0.194398 0.095917 0.014825
0.194398 0.060567 0.014171 0.002636
0.095917 0.014171 0.632971 0.120614
0.014825 0.002636 0.120614 0.051264
28.638651 1.230586 -26.253604 -2.010189
1.245117 0.199798 0.114118 0.017340
0.199798 0.061363 0.016398 0.002909
0.114118 0.016398 0.630586 0.121206
0.017340 0.002909 0.121206 0.051188
29.571939 1.280658 -27.136773 -1.987976
1.294234 0.205335 0.114007 0.016129
0.205335 0.062175 0.015631 0.002600
0.114007 0.015631 0.617917 0.119549
0.016129 0.002600 0.119549 0.050662
29.204738 1.122619 -28.210620 -1.998209
1.333674 0.208966 0.154109 0.023013
0.208966 0.062640 0.021249 0.003599
0.154109 0.021249 0.623053 0.121062
0.023013 0.003599 0.121062 0.050728
30.003299 1.160440 -29.359852 -2.029235
1.394319 0.216071 0.156765 0.021863
0.216071 0.063691 0.020693 0.003299
0.156765 0.020693 0.620567 0.120952
0.021863 0.003299 0.120952 0.050495
30.535852 1.157514 -31.015748 -2.155302
1.470648 0.225166 0.175323 0.023941
0.225166 0.064995 0.022620 0.003527
0.175323 0.022620 0.634898 0.123887
0.023941 0.003527 0.123887 0.050847
31.085496 1.155233 -32.371512 -2.209887
1.538746 0.232549 0.191838 0.025578
0.232549 0.065986 0.024277 0.003716
0.191838 0.024277 0.634945 0.123625
0.025578 0.003716 0.123625 0.050539
32.519087 1.285429 -33.664568 -2.254347
1.618547 0.241540 0.189981 0.023442
0.241540 0.067217 0.023204 0.003357
0.189981 0.023204 0.626838 0.121858
0.023442 0.003357 0.121858 0.050001
32.309888 1.153579 -34.176648 -2.125412
1.646301 0.242036 0.226683 0.029692
0.242036 0.067094 0.028111 0.004305
0.226683 0.028111 0.609745 0.118073
0.029692 0.004305 0.118073 0.049041
32.931415 1.158522 -35.076866 -2.093734
1.703323 0.247328 0.242356 0.031021
0.247328 0.067775 0.029526 0.004452
0.242356 0.029526 0.603805 0.116963
0.031021 0.004452 0.116963 0.048735
33.294172 1.126283 -36.046470 -2.076086
1.759185 0.252266 0.265668 0.033881
0.252266 0.068392 0.031983 0.004821
0.265668 0.031983 0.604039 0.117006
0.033881 0.004821 0.117006 0.048654
33.552227 1.076945 -36.613742 -1.978854
1.800431 0.255074 0.285700 0.036118
0.255074 0.068712 0.033995 0.005118
0.285700 0.033995 0.595593 0.115269
0.036118 0.005118 0.115269 0.048219
34.905522 1.190434 -37.416959 -1.951729
1.868688 0.262046 0.288124 0.034432
0.262046 0.069680 0.033418 0.004846
0.288124 0.033418 0.591295 0.114649
0.034432 0.004846 0.114649 0.048077
35.332004 1.168780 -38.548982 -1.980864
1.930468 0.267482 0.319442 0.038932
0.267482 0.070351 0.036836 0.005445
0.319442 0.036836 0.604522 0.117141
0.038932 0.005445 0.117141 0.048476
