1.082186 1.394978 0.493056 -0.694821
1.602981 0.641206 -0.431090 -0.172440
0.641206 80.260555 -0.172440 -0.068977
-0.431090 -0.172440 2.636608 1.054666
-0.172440 -0.068977 1.054666 80.425942
5.448684 8.058279 -1.035513 -2.601183
2.898589 5.233803 -1.710876 -2.855544
5.233803 15.167059 -3.023308 -6.341991
-1.710876 -3.023308 2.699709 4.617631
-2.855544 -6.341991 4.617631 16.732676
7.779855 6.362479 0.647719 0.758217
1.836180 2.014552 -0.301182 -0.141495
2.014552 3.575876 -0.255566 -0.536970
-0.301182 -0.255566 1.261487 1.469728
-0.141495 -0.536970 1.469728 3.693442
8.000209 3.979564 3.545917 2.954734
0.756492 0.605222 0.166786 0.179434
0.605222 1.015902 0.129562 -0.053812
0.166786 0.129562 0.908419 0.836167
0.179434 -0.053812 0.836167 1.451589
8.241540 2.778002 4.613161 2.732009
0.791102 0.556833 -0.060752 -0.083627
0.556833 0.641653 -0.101707 -0.179920
-0.060752 -0.101707 1.106656 0.831414
-0.083627 -0.179920 0.831414 0.920125
8.448701 2.107445 5.630393 2.569135
0.646946 0.383038 -0.258759 -0.177383
0.383038 0.360198 -0.194232 -0.163039
-0.258759 -0.194232 1.258681 0.755671
-0.177383 -0.163039 0.755671 0.606932
9.074337 1.910163 5.952893 2.111843
0.815330 0.411280 -0.389848 -0.206181
0.411280 0.288159 -0.214658 -0.130193
-0.389848 -0.214658 1.312282 0.644317
-0.206181 -0.130193 0.644317 0.409143
10.528077 2.128066 5.903315 1.654018
0.853594 0.365705 -0.409067 -0.175486
0.365705 0.211332 -0.180452 -0.087741
-0.409067 -0.180452 1.252248 0.517184
-0.175486 -0.087741 0.517184 0.276749
11.277979 2.011652 7.093522 1.784071
0.672943 0.249892 -0.353145 -0.127093
0.249892 0.133596 -0.130036 -0.053734
-0.353145 -0.130036 1.108261 0.395789
-0.127093 -0.053734 0.395789 0.188516
12.300802 2.007238 6.274225 1.240324
0.585277 0.194324 -0.335214 -0.104452
0.194324 0.097433 -0.106410 -0.038126
-0.335214 -0.106410 1.018953 0.322606
-0.104452 -0.038126 0.322606 0.140086
12.979915 1.912162 7.423855 1.390570
0.573657 0.174467 -0.296364 -0.080960
0.174467 0.081266 -0.082569 -0.026300
-0.296364 -0.082569 0.909810 0.260266
-0.080960 -0.026300 0.260266 0.106851
13.803518 1.875838 8.261913 1.427177
0.525992 0.147964 -0.266832 -0.065355
0.147964 0.066962 -0.066368 -0.019226
-0.266832 -0.066368 0.832242 0.218939
-0.065355 -0.019226 0.218939 0.086573
13.632984 1.583358 9.553816 1.556658
0.480139 0.126849 -0.239649 -0.053376
0.126849 0.057116 -0.054383 -0.014585
-0.239649 -0.054383 0.732480 0.179695
-0.053376 -0.014585 0.179695 0.070941
14.051144 1.493338 10.755490 1.651310
0.478819 0.120916 -0.213436 -0.043054
0.120916 0.053116 -0.044224 -0.011010
-0.213436 -0.044224 0.672527 0.156468
-0.043054 -0.011010 0.156468 0.061971
14.558407 1.459098 13.001189 1.971970
0.487384 0.118587 -0.183039 -0.033227
0.118587 0.050847 -0.034846 -0.008140
-0.183039 -0.034846 0.605524 0.135296
-0.033227 -0.008140 0.135296 0.055024
15.034009 1.404016 14.321129 2.041621
0.498531 0.116959 -0.177121 -0.030185
0.116959 0.049150 -0.032011 -0.007128
-0.177121 -0.032011 0.580340 0.125945
-0.030185 -0.007128 0.125945 0.051669
15.751752 1.409422 15.434403 2.062106
0.478803 0.108965 -0.152723 -0.024122
0.108965 0.046436 -0.025719 -0.005627
-0.152723 -0.025719 0.531494 0.113070
-0.024122 -0.005627 0.113070 0.048132
15.706104 1.253766 17.291606 2.225843
0.476290 0.106030 -0.138334 -0.020558
0.106030 0.045302 -0.022351 -0.004828
-0.138334 -0.022351 0.491246 0.103383
-0.020558 -0.004828 0.103383 0.045698
16.406379 1.267440 18.256535 2.195407
0.466818 0.101900 -0.137301 -0.020376
0.101900 0.044081 -0.022056 -0.004797
-0.137301 -0.022056 0.466779 0.097854
-0.020376 -0.004797 0.097854 0.044366
16.530810 1.152717 19.237955 2.159965
0.457315 0.098813 -0.119016 -0.016465
0.098813 0.043374 -0.017957 -0.003927
-0.119016 -0.017957 0.443444 0.093432
-0.016465 -0.003927 0.093432 0.043473
17.435637 1.208007 19.416771 1.970644
0.445141 0.095435 -0.112126 -0.015432
0.095435 0.042671 -0.016631 -0.003741
-0.112126 -0.016631 0.428914 0.090997
-0.015432 -0.003741 0.090997 0.043007
18.139574 1.237474 20.823077 2.064835
0.443992 0.095138 -0.095564 -0.012100
0.095138 0.042776 -0.013132 -0.003020
-0.095564 -0.013132 0.424126 0.090992
-0.012100 -0.003020 0.090992 0.043126
18.174977 1.114787 22.097370 2.107086
0.426376 0.091545 -0.068000 -0.006933
0.091545 0.042188 -0.007891 -0.002028
-0.068000 -0.007891 0.401225 0.087040
-0.006933 -0.002028 0.087040 0.042360
19.062299 1.190379 23.401818 2.168288
0.429339 0.092398 -0.065259 -0.007257
0.092398 0.042527 -0.007972 -0.002182
-0.065259 -0.007972 0.408329 0.089477
-0.007257 -0.002182 0.089477 0.042936
19.979687 1.255162 24.094661 2.086018
0.410947 0.088635 -0.056527 -0.006416
0.088635 0.041839 -0.006954 -0.002107
-0.056527 -0.006954 0.393646 0.086779
-0.006416 -0.002107 0.086779 0.042308
20.922475 1.326326 25.325763 2.132334
0.402532 0.087378 -0.050193 -0.005875
0.087378 0.041740 -0.006260 -0.002028
-0.050193 -0.006260 0.390758 0.086825
-0.005875 -0.002028 0.086825 0.042323
21.416749 1.287264 26.211050 2.089662
0.404306 0.088266 -0.059066 -0.008539
0.088266 0.042056 -0.008774 -0.002615
-0.059066 -0.008774 0.395249 0.088215
-0.008539 -0.002615 0.088215 0.042575
21.626977 1.191484 27.253031 2.084223
0.410327 0.089977 -0.066485 -0.010451
0.089977 0.042507 -0.010570 -0.002953
-0.066485 -0.010570 0.405361 0.090668
-0.010451 -0.002953 0.090668 0.043039
21.896049 1.118539 28.238203 2.067823
0.399758 0.087930 -0.061262 -0.009435
0.087930 0.042095 -0.009468 -0.002640
-0.061262 -0.009468 0.402293 0.089978
-0.009435 -0.002640 0.089978 0.042781
22.711549 1.180204 29.731736 2.174081
0.404858 0.089412 -0.066516 -0.010662
0.089412 0.042465 -0.010574 -0.002814
-0.066516 -0.010574 0.417632 0.093356
-0.010662 -0.002814 0.093356 0.043443
22.954453 1.101932 30.737458 2.152134
0.406277 0.089940 -0.065098 -0.010268
0.089940 0.042588 -0.010163 -0.002640
-0.065098 -0.010163 0.422913 0.094176
-0.010268 -0.002640 0.094176 0.043493
23.410633 1.078692 31.613483 2.106463
0.394435 0.087424 -0.062696 -0.009819
0.087424 0.042011 -0.009661 -0.002499
-0.062696 -0.009661 0.418206 0.092714
-0.009819 -0.002499 0.092714 0.043050
24.321046 1.157828 32.281705 2.024646
0.385540 0.085816 -0.056719 -0.008561
0.085816 0.041689 -0.008402 -0.002192
-0.056719 -0.008402 0.411841 0.091109
-0.008561 -0.002192 0.091109 0.042648
25.012781 1.181008 33.078315 1.977817
0.388715 0.086842 -0.067369 -0.010981
0.086842 0.041930 -0.010829 -0.002705
-0.067369 -0.010829 0.420542 0.092868
-0.010981 -0.002705 0.092868 0.043003
25.644483 1.185567 33.626798 1.880478
0.387124 0.086653 -0.075367 -0.012599
0.086653 0.041865 -0.012470 -0.003009
-0.075367 -0.012470 0.422700 0.093040
-0.012599 -0.003009 0.093040 0.042988
25.988302 1.130921 34.721207 1.911802
0.390256 0.087574 -0.076706 -0.012536
0.087574 0.042065 -0.012323 -0.002886
-0.076706 -0.012323 0.435968 0.095763
-0.012536 -0.002886 0.095763 0.043568
26.830346 1.196395 35.897092 1.963677
0.392554 0.088048 -0.087258 -0.014558
0.088048 0.042108 -0.014279 -0.003261
-0.087258 -0.014279 0.452706 0.098887
-0.014558 -0.003261 0.098887 0.044166
27.637840 1.247177 37.124814 2.020305
0.366716 0.082103 -0.093615 -0.015840
0.082103 0.040698 -0.015191 -0.003465
-0.093615 -0.015191 0.463996 0.100601
-0.015840 -0.003465 0.100601 0.044427
27.876622 1.157956 38.063041 1.999258
0.362020 0.081614 -0.093908 -0.015423
0.081614 0.040667 -0.014813 -0.003313
-0.093908 -0.014813 0.466443 0.100378
-0.015423 -0.003313 0.100378 0.044293
28.470690 1.162882 39.156323 2.019790
0.365833 0.083024 -0.094511 -0.015065
0.083024 0.041037 -0.014595 -0.003206
-0.094511 -0.014595 0.469908 0.100496
-0.015065 -0.003206 0.100496 0.044275
29.132190 1.180328 40.096556 2.005993
0.354998 0.080899 -0.088537 -0.013621
0.080899 0.040548 -0.012951 -0.002875
-0.088537 -0.012951 0.472052 0.100512
-0.013621 -0.002875 0.100512 0.044278
30.131699 1.268072 40.627236 1.910897
0.363995 0.083473 -0.085639 -0.012714
0.083473 0.041163 -0.012398 -0.002743
-0.085639 -0.012398 0.464363 0.098446
-0.012714 -0.002743 0.098446 0.043845
30.391046 1.183302 41.746667 1.940244
0.371172 0.085188 -0.087538 -0.013005
0.085188 0.041483 -0.012866 -0.002862
-0.087538 -0.012866 0.466595 0.098718
-0.013005 -0.002862 0.098718 0.043950
32.184110 1.454275 42.165966 1.840885
0.290891 0.067182 -0.035510 -0.003100
0.067182 0.037377 -0.001269 -0.000691
-0.035510 -0.001269 0.435533 0.092724
-0.003100 -0.000691 0.092724 0.042868
32.533449 1.361616 42.893832 1.794692
0.315712 0.074566 -0.047739 -0.006231
0.074566 0.039333 -0.005419 -0.001669
-0.047739 -0.005419 0.433609 0.092554
-0.006231 -0.001669 0.092554 0.042922
33.404045 1.410990 44.096568 1.862724
0.344753 0.082092 -0.054061 -0.007720
0.082092 0.041102 -0.007533 -0.002098
-0.054061 -0.007533 0.436314 0.093482
-0.007720 -0.002098 0.093482 0.043217
33.985642 1.377038 44.655869 1.780930
0.362439 0.086011 -0.055875 -0.008203
0.086011 0.041828 -0.008496 -0.002271
-0.055875 -0.008496 0.418191 0.089845
-0.008203 -0.002271 0.089845 0.042492
34.538787 1.345201 45.569447 1.784557
0.381261 0.089743 -0.058025 -0.008675
0.089743 0.042462 -0.009259 -0.002381
-0.058025 -0.009259 0.407414 0.088100
-0.008675 -0.002381 0.088100 0.042222
35.158516 1.334497 46.620072 1.818764
0.411664 0.095708 -0.070185 -0.011161
0.095708 0.043575 -0.012131 -0.002920
-0.070185 -0.012131 0.405620 0.088297
-0.011161 -0.002920 0.088297 0.042344
36.196543 1.419726 47.502294 1.816785
0.446042 0.102031 -0.078848 -0.012589
0.102031 0.044716 -0.013906 -0.003171
-0.078848 -0.013906 0.396393 0.086769
-0.012589 -0.003171 0.086769 0.042050
