2.501977 1.962907 -1.283479 -1.405450
1.828084 0.731250 -0.696962 -0.278791
0.731250 80.296573 -0.278791 -0.111519
-0.696962 -0.278791 2.999494 1.199824
-0.278791 -0.111519 1.199824 80.484007
3.280695 1.838648 1.995788 5.377614
2.759665 4.949784 -0.691522 -1.012069
4.949784 15.252552 -1.226491 -3.821494
-0.691522 -1.226491 0.400492 0.641347
-1.012069 -3.821494 0.641347 10.818171
4.437248 2.094423 4.710182 5.460679
2.523295 2.768715 -0.985943 -1.299876
2.768715 4.565020 -1.135598 -1.946125
-0.985943 -1.135598 1.790111 2.946016
-1.299876 -1.946125 2.946016 5.697853
5.871374 2.397173 5.894777 3.992334
2.195828 1.724371 -0.979427 -0.834696
1.724371 1.956365 -0.767860 -0.819256
-0.979427 -0.767860 2.043895 1.918603
-0.834696 -0.819256 1.918603 2.042364
8.720768 3.378881 4.415182 1.709119
1.704674 1.043624 -0.910392 -0.576029
1.043624 0.942170 -0.542828 -0.425849
-0.910392 -0.542828 1.788428 1.173757
-0.576029 -0.425849 1.173757 0.883487
7.933412 2.093490 5.155475 1.637784
0.598781 0.303683 -0.341857 -0.171359
0.303683 0.330693 -0.149866 -0.122936
-0.341857 -0.149866 1.424175 0.725186
-0.171359 -0.122936 0.725186 0.436625
7.679054 1.448799 5.588238 1.492208
0.452443 0.213499 -0.354261 -0.152377
0.213499 0.211599 -0.143982 -0.092014
-0.354261 -0.143982 1.337540 0.559836
-0.152377 -0.092014 0.559836 0.280763
8.012741 1.300423 7.543013 1.924330
0.568322 0.254994 -0.353767 -0.135178
0.254994 0.187644 -0.132756 -0.070651
-0.353767 -0.132756 1.151390 0.411290
-0.135178 -0.070651 0.411290 0.182605
8.978939 1.422472 8.134447 1.804797
0.668672 0.269278 -0.372401 -0.126101
0.269278 0.159995 -0.127397 -0.056741
-0.372401 -0.127397 1.052622 0.330386
-0.126101 -0.056741 0.330386 0.133454
10.143694 1.593134 9.132223 1.825371
0.693401 0.248801 -0.348673 -0.105291
0.248801 0.128441 -0.106846 -0.041912
-0.348673 -0.106846 0.919788 0.258817
-0.105291 -0.041912 0.258817 0.099235
10.374425 1.400577 9.867288 1.784922
0.677799 0.217751 -0.358206 -0.096606
0.217751 0.101881 -0.101173 -0.034349
-0.358206 -0.101173 0.804415 0.207326
-0.096606 -0.034349 0.207326 0.077985
11.139826 1.429816 11.174546 1.883742
0.664471 0.195311 -0.307227 -0.075226
0.195311 0.085095 -0.077226 -0.024321
-0.307227 -0.077226 0.718141 0.172286
-0.075226 -0.024321 0.172286 0.064906
12.057682 1.491750 12.337426 1.934379
0.660926 0.179115 -0.299632 -0.067244
0.179115 0.073678 -0.069321 -0.019841
-0.299632 -0.069321 0.672252 0.152647
-0.067244 -0.019841 0.152647 0.057789
13.033866 1.548216 13.124604 1.896064
0.649013 0.164184 -0.279350 -0.057778
0.164184 0.065206 -0.059082 -0.015707
-0.279350 -0.059082 0.641940 0.139764
-0.057778 -0.015707 0.139764 0.053425
14.227244 1.641186 13.582662 1.794714
0.569377 0.135961 -0.230239 -0.044126
0.135961 0.055323 -0.044505 -0.011471
-0.230239 -0.044505 0.562668 0.118746
-0.044126 -0.011471 0.118746 0.048101
15.016353 1.627166 14.192336 1.733129
0.535719 0.122497 -0.217431 -0.039438
0.122497 0.050483 -0.039679 -0.009763
-0.217431 -0.039679 0.530470 0.110060
-0.039438 -0.009763 0.110060 0.046005
15.272145 1.505967 15.384994 1.793410
0.503115 0.112095 -0.176420 -0.029393
0.112095 0.047318 -0.029311 -0.007116
-0.176420 -0.029311 0.485725 0.100258
-0.029393 -0.007116 0.100258 0.044017
16.487551 1.619818 16.675894 1.885664
0.482949 0.105577 -0.154405 -0.024224
0.105577 0.045420 -0.023977 -0.005786
-0.154405 -0.023977 0.464647 0.096195
-0.024224 -0.005786 0.096195 0.043354
16.727585 1.506034 18.187529 1.996655
0.478414 0.103305 -0.140440 -0.020974
0.103305 0.044716 -0.020912 -0.005010
-0.140440 -0.020912 0.448986 0.093503
-0.020974 -0.005010 0.093503 0.042984
17.394520 1.486666 19.166741 1.990849
0.480339 0.102743 -0.131828 -0.019043
0.102743 0.044497 -0.018970 -0.004523
-0.131828 -0.018970 0.449296 0.094337
-0.019043 -0.004523 0.094337 0.043345
17.295257 1.305787 20.284320 2.000846
0.476770 0.101255 -0.120238 -0.016733
0.101255 0.044151 -0.016797 -0.004051
-0.120238 -0.016797 0.439114 0.092795
-0.016733 -0.004051 0.092795 0.043133
17.996465 1.308592 20.907816 1.919701
0.462273 0.097760 -0.105090 -0.014026
0.097760 0.043452 -0.014060 -0.003527
-0.105090 -0.014060 0.426973 0.090955
-0.014026 -0.003527 0.090955 0.042855
18.603246 1.300050 21.956818 1.938348
0.446645 0.094491 -0.088480 -0.011174
0.094491 0.042888 -0.011209 -0.002999
-0.088480 -0.011209 0.414154 0.089053
-0.011174 -0.002999 0.089053 0.042558
19.810231 1.419071 22.873272 1.936264
0.437168 0.092777 -0.078596 -0.009835
0.092777 0.042683 -0.009771 -0.002769
-0.078596 -0.009771 0.412599 0.089558
-0.009835 -0.002769 0.089558 0.042755
20.177354 1.347140 23.966711 1.958617
0.428660 0.091357 -0.073733 -0.009585
0.091357 0.042527 -0.009497 -0.002779
-0.073733 -0.009497 0.407968 0.089125
-0.009585 -0.002779 0.089125 0.042677
20.724317 1.318903 24.890293 1.944401
0.428696 0.091873 -0.071061 -0.009588
0.091873 0.042781 -0.009477 -0.002784
-0.071061 -0.009477 0.411758 0.090473
-0.009588 -0.002784 0.090473 0.042977
21.768427 1.402400 25.852652 1.947360
0.418165 0.090095 -0.061646 -0.008126
0.090095 0.042510 -0.008006 -0.002474
-0.061646 -0.008006 0.407173 0.089827
-0.008126 -0.002474 0.089827 0.042809
22.197752 1.337267 26.349965 1.837794
0.418171 0.090544 -0.067195 -0.009895
0.090544 0.042685 -0.009760 -0.002858
-0.067195 -0.009760 0.408354 0.090266
-0.009895 -0.002858 0.090266 0.042847
22.668260 1.304585 28.205876 2.044757
0.407196 0.088594 -0.063765 -0.009512
0.088594 0.042324 -0.009240 -0.002708
-0.063765 -0.009240 0.412702 0.091429
-0.009512 -0.002708 0.091429 0.043064
23.280144 1.294200 29.095387 2.014651
0.407319 0.089106 -0.069577 -0.011021
0.089106 0.042490 -0.010732 -0.002981
-0.069577 -0.010732 0.418129 0.092564
-0.011021 -0.002981 0.092564 0.043231
23.879995 1.282269 29.971090 1.984795
0.401372 0.088264 -0.064674 -0.009996
0.088264 0.042344 -0.009744 -0.002685
-0.064674 -0.009744 0.414942 0.091769
-0.009996 -0.002685 0.091769 0.042985
24.003282 1.169425 31.191816 2.030045
0.395130 0.087294 -0.065277 -0.010266
0.087294 0.042146 -0.009939 -0.002683
-0.065277 -0.009939 0.420424 0.092918
-0.010266 -0.002683 0.092918 0.043188
24.420483 1.130451 32.072260 1.998338
0.402585 0.089268 -0.078276 -0.013076
0.089268 0.042574 -0.012802 -0.003239
-0.078276 -0.012802 0.431102 0.094969
-0.013076 -0.003239 0.094969 0.043551
25.446857 1.226735 32.449333 1.865753
0.405702 0.090155 -0.077541 -0.012587
0.090155 0.042738 -0.012459 -0.003049
-0.077541 -0.012459 0.426295 0.093552
-0.012587 -0.003049 0.093552 0.043161
25.648708 1.136661 33.577424 1.904077
0.391060 0.086867 -0.080394 -0.013171
0.086867 0.041933 -0.012828 -0.003099
-0.080394 -0.012828 0.432796 0.094774
-0.013171 -0.003099 0.094774 0.043393
27.691606 1.474865 34.963218 2.018050
0.335371 0.074425 -0.097094 -0.017267
0.074425 0.039088 -0.016340 -0.003962
-0.097094 -0.016340 0.436642 0.095136
-0.017267 -0.003962 0.095136 0.043378
27.765550 1.314669 35.506907 1.905831
0.354300 0.080201 -0.105304 -0.018086
0.080201 0.040632 -0.017599 -0.004020
-0.105304 -0.017599 0.444337 0.096451
-0.018086 -0.004020 0.096451 0.043627
28.710981 1.375069 36.056776 1.821793
0.372170 0.085108 -0.103144 -0.016657
0.085108 0.041797 -0.016532 -0.003613
-0.103144 -0.016532 0.444489 0.096165
-0.016657 -0.003613 0.096165 0.043543
29.436603 1.382678 36.895280 1.806544
0.393193 0.090032 -0.104258 -0.016151
0.090032 0.042808 -0.016276 -0.003456
-0.104258 -0.016276 0.453038 0.097737
-0.016151 -0.003456 0.097737 0.043870
30.113485 1.379300 37.797579 1.806077
0.407731 0.092836 -0.105957 -0.016034
0.092836 0.043226 -0.016289 -0.003429
-0.105957 -0.016289 0.459632 0.098750
-0.016034 -0.003429 0.098750 0.044050
30.892322 1.397221 38.555580 1.776042
0.412296 0.092982 -0.111461 -0.016999
0.092982 0.043006 -0.017199 -0.003656
-0.111461 -0.017199 0.467880 0.100011
-0.016999 -0.003656 0.100011 0.044264
31.436897 1.365416 39.630823 1.813902
0.422074 0.094478 -0.111758 -0.016676
0.094478 0.043184 -0.016883 -0.003572
-0.111758 -0.016883 0.474913 0.101044
-0.016676 -0.003572 0.101044 0.044454
32.063515 1.343430 40.027957 1.702818
0.418732 0.093091 -0.102206 -0.014543
0.093091 0.042761 -0.014792 -0.003170
-0.102206 -0.014792 0.461196 0.097742
-0.014543 -0.003170 0.097742 0.043742
32.306249 1.251991 41.172429 1.758417
0.439174 0.096902 -0.114844 -0.017000
0.096902 0.043502 -0.017409 -0.003725
-0.114844 -0.017409 0.476404 0.100673
-0.017000 -0.003725 0.100673 0.044374
32.222632 1.093741 42.065703 1.748850
0.401516 0.087885 -0.101440 -0.014673
0.087885 0.041439 -0.014306 -0.003226
-0.101440 -0.014306 0.471281 0.099464
-0.014673 -0.003226 0.099464 0.044153
33.072509 1.167349 43.272439 1.825399
0.412909 0.090675 -0.097061 -0.013593
0.090675 0.042191 -0.013477 -0.003038
-0.097061 -0.013477 0.470298 0.099141
-0.013593 -0.003038 0.099141 0.044129
33.790754 1.196979 44.160187 1.822340
0.383592 0.084536 -0.066561 -0.007744
0.084536 0.040959 -0.007375 -0.001890
-0.066561 -0.007375 0.440694 0.093206
-0.007744 -0.001890 0.093206 0.042993
34.476328 1.219150 45.241913 1.860314
0.404507 0.089645 -0.071711 -0.009208
0.089645 0.042213 -0.009402 -0.002377
-0.071711 -0.009402 0.433071 0.091937
-0.009208 -0.002377 0.091937 0.042826
35.183276 1.234513 45.722395 1.764608
0.402505 0.089409 -0.053845 -0.005869
0.089409 0.042211 -0.006424 -0.001800
-0.053845 -0.006424 0.393011 0.084093
-0.005869 -0.001800 0.084093 0.041303
36.180332 1.319134 46.575724 1.763145
0.419987 0.093351 -0.049726 -0.005488
0.093351 0.043103 -0.006395 -0.001833
-0.049726 -0.006395 0.372321 0.080848
-0.005488 -0.001833 0.080848 0.040816
