6.296182 3.480622 12.028418 3.919424
3.751436 1.500607 7.812155 3.124930
1.500607 80.604322 3.124930 1.249999
7.812155 3.124930 20.673998 8.269778
3.124930 1.249999 8.269778 83.312050
4.330172 -1.898474 10.162233 1.018174
4.214657 7.988328 -1.327585 -2.819708
7.988328 22.130138 -2.631833 5.518195
-1.327585 -2.631833 0.768831 1.266051
-2.819708 5.518195 1.266051 33.044985
5.504483 -0.121059 8.688932 -1.976503
3.547450 4.265086 0.962057 2.678052
4.265086 6.005404 1.563618 4.143063
0.962057 1.563618 1.602975 3.138264
2.678052 4.143063 3.138264 7.450700
6.799740 0.730134 5.949036 -3.627239
2.456585 1.825809 0.048105 0.218513
1.825809 1.667239 0.146568 0.289945
0.048105 0.146568 1.260310 1.258788
0.218513 0.289945 1.258788 1.556601
5.978560 0.078115 4.530399 -3.390161
1.401548 0.813653 0.576328 0.447290
0.813653 0.637525 0.436804 0.331484
0.576328 0.436804 2.699674 1.901427
0.447290 0.331484 1.901427 1.468829
6.834331 0.466075 3.104781 -3.237002
1.509608 0.719221 0.620821 0.347881
0.719221 0.443786 0.357565 0.196637
0.620821 0.357565 3.838042 2.033915
0.347881 0.196637 2.033915 1.151938
7.350362 0.579710 1.568115 -3.200737
1.525211 0.613801 0.617179 0.269933
0.613801 0.316204 0.276746 0.118957
0.617179 0.276746 3.929119 1.665194
0.269933 0.118957 1.665194 0.755879
8.872035 1.011914 1.491617 -2.660120
1.364653 0.475395 0.498377 0.178722
0.475395 0.217343 0.181002 0.063546
0.498377 0.181002 2.754538 0.973775
0.178722 0.063546 0.973775 0.382487
8.640545 0.783001 2.302079 -2.006595
1.234672 0.381227 0.823288 0.250342
0.381227 0.159245 0.253611 0.076141
0.823288 0.253611 1.837741 0.560107
0.250342 0.076141 0.560107 0.202532
9.480365 0.906482 1.798698 -1.872809
1.140048 0.317966 0.770410 0.203219
0.317966 0.123975 0.203108 0.052863
0.770410 0.203108 2.007508 0.544025
0.203219 0.052863 0.544025 0.175654
11.300745 1.258930 1.553538 -1.715140
1.002511 0.257116 0.619242 0.143442
0.257116 0.097336 0.137244 0.031233
0.619242 0.137244 2.202642 0.539356
0.143442 0.031233 0.539356 0.158290
11.917350 1.262727 0.166316 -1.834610
0.981680 0.234782 0.578226 0.119695
0.234782 0.085064 0.109697 0.022287
0.578226 0.109697 2.512652 0.561024
0.119695 0.022287 0.561024 0.150464
13.043713 1.370391 -0.194518 -1.724801
0.886324 0.199422 0.499095 0.093470
0.199422 0.072174 0.082451 0.015222
0.499095 0.082451 2.514766 0.515950
0.093470 0.015222 0.515950 0.130675
12.843217 1.178418 -1.375830 -1.776063
0.870973 0.185635 0.549718 0.095820
0.185635 0.065873 0.088153 0.015436
0.549718 0.088153 2.523243 0.479041
0.095820 0.015436 0.479041 0.115829
13.497025 1.186744 -1.868229 -1.705595
0.817006 0.167489 0.477552 0.076321
0.167489 0.060083 0.069760 0.011354
0.477552 0.069760 2.327035 0.413327
0.076321 0.011354 0.413327 0.098667
14.479439 1.266711 -2.692561 -1.705494
0.769061 0.153620 0.373406 0.054174
0.153620 0.056173 0.045663 0.006837
0.373406 0.045663 2.238182 0.376370
0.054174 0.006837 0.376370 0.089108
15.069735 1.262183 -3.844525 -1.753455
0.752168 0.147167 0.317839 0.042450
0.147167 0.054164 0.034426 0.004893
0.317839 0.034426 2.136341 0.342306
0.042450 0.004893 0.342306 0.081350
16.488870 1.419614 -4.857598 -1.783840
0.713831 0.138436 0.185593 0.020510
0.138436 0.052217 0.009360 0.001050
0.185593 0.009360 2.022731 0.312164
0.020510 0.001050 0.312164 0.075435
17.125268 1.411184 -6.221177 -1.853841
0.716768 0.137434 0.152663 0.015378
0.137434 0.051749 0.006323 0.000814
0.152663 0.006323 1.886209 0.281420
0.015378 0.000814 0.281420 0.070035
18.119985 1.472687 -7.683602 -1.934765
0.719926 0.137095 0.088150 0.006131
0.137095 0.051589 -0.002818 -0.000324
0.088150 -0.002818 1.747400 0.254398
0.006131 -0.000324 0.254398 0.065881
18.815681 1.473511 -9.512429 -2.057898
0.744035 0.140478 0.060744 0.002815
0.140478 0.052117 -0.004486 -0.000352
0.060744 -0.004486 1.615875 0.231091
0.002815 -0.000352 0.231091 0.062666
19.638933 1.494281 -11.076444 -2.134299
0.764500 0.143025 0.030274 -0.000681
0.143025 0.052493 -0.006648 -0.000473
0.030274 -0.006648 1.446170 0.204779
-0.000681 -0.000473 0.204779 0.059340
19.878666 1.400883 -12.234608 -2.144610
0.783873 0.144913 0.052181 0.003414
0.144913 0.052693 0.000766 0.000740
0.052181 0.000766 1.258099 0.177806
0.003414 0.000740 0.177806 0.056124
19.895858 1.270706 -12.510345 -2.027828
0.783033 0.143131 0.079608 0.008056
0.143131 0.052262 0.008139 0.001866
0.079608 0.008139 1.058812 0.151035
0.008056 0.001866 0.151035 0.053088
20.529824 1.271646 -13.733310 -2.058439
0.805721 0.146309 0.058139 0.005150
0.146309 0.052880 0.004971 0.001366
0.058139 0.004971 0.984048 0.143879
0.005150 0.001366 0.143879 0.052985
20.837357 1.213769 -15.034704 -2.098146
0.837409 0.150872 0.058396 0.005554
0.150872 0.053704 0.005837 0.001483
0.058396 0.005837 0.923477 0.138805
0.005554 0.001483 0.138805 0.053046
21.674100 1.255440 -16.203436 -2.117546
0.864471 0.154500 0.031603 0.001709
0.154500 0.054349 0.001674 0.000813
0.031603 0.001674 0.864314 0.133885
0.001709 0.000813 0.133885 0.052994
22.130978 1.226181 -17.528823 -2.159626
0.902387 0.159795 0.030593 0.002061
0.159795 0.055249 0.002287 0.000919
0.030593 0.002287 0.822780 0.131418
0.002061 0.000919 0.131418 0.053165
22.745148 1.228772 -19.373082 -2.285475
0.960075 0.168294 0.024409 0.001421
0.168294 0.056679 0.001743 0.000809
0.024409 0.001743 0.807819 0.132920
0.001421 0.000809 0.132920 0.053833
23.793670 1.304036 -20.546132 -2.291578
0.999721 0.173134 0.003376 -0.001701
0.173134 0.057401 -0.001316 0.000280
0.003376 -0.001316 0.759308 0.128169
-0.001701 0.000280 0.128169 0.053284
23.702705 1.175974 -21.088259 -2.185855
1.016898 0.173837 0.033627 0.004200
0.173837 0.057390 0.004580 0.001324
0.033627 0.004580 0.700092 0.121182
0.004200 0.001324 0.121182 0.052235
24.375794 1.189930 -21.889522 -2.134068
1.047479 0.177076 0.028931 0.003443
0.177076 0.057877 0.003900 0.001128
0.028931 0.003900 0.665884 0.118501
0.003443 0.001128 0.118501 0.051888
25.320974 1.247859 -22.457714 -2.043498
1.072946 0.179436 0.018138 0.001581
0.179436 0.058225 0.002213 0.000762
0.018138 0.002213 0.632115 0.115454
0.001581 0.000762 0.115454 0.051367
26.875564 1.401948 -23.492579 -2.047292
1.123082 0.185936 -0.002773 -0.002135
0.185936 0.059278 -0.001075 0.000110
-0.002773 -0.001075 0.621152 0.116275
-0.002135 0.000110 0.116275 0.051485
26.880222 1.287993 -24.648348 -2.071849
1.160651 0.190021 0.035829 0.005742
0.190021 0.059887 0.005611 0.001400
0.035829 0.005611 0.622352 0.118734
0.005742 0.001400 0.118734 0.051796
27.467490 1.278499 -25.190022 -1.976178
1.189077 0.192548 0.047875 0.007821
0.192548 0.060243 0.007381 0.001642
0.047875 0.007381 0.601234 0.116238
0.007821 0.001642 0.116238 0.051060
28.610579 1.358981 -25.897238 -1.921996
1.231437 0.197370 0.046479 0.007072
0.197370 0.060988 0.006841 0.001419
0.046479 0.006841 0.589170 0.115321
0.007072 0.001419 0.115321 0.050638
29.906209 1.456893 -26.968211 -1.944980
1.290401 0.204673 0.051089 0.007553
0.204673 0.062111 0.007295 0.001417
0.051089 0.007295 0.591097 0.116869
0.007553 0.001417 0.116869 0.050687
30.182583 1.385218 -27.504985 -1.857171
1.314014 0.206023 0.085083 0.013933
0.206023 0.062246 0.012354 0.002354
0.085083 0.012354 0.582384 0.115786
0.013933 0.002354 0.115786 0.050162
30.788621 1.370652 -27.998310 -1.769737
1.345242 0.208737 0.106384 0.017207
0.208737 0.062634 0.015056 0.002750
0.106384 0.015056 0.574735 0.114779
0.017207 0.002750 0.114779 0.049681
32.109857 1.468332 -28.818290 -1.759195
1.401897 0.215443 0.114671 0.017531
0.215443 0.063655 0.015573 0.002680
0.114671 0.015573 0.576401 0.115554
0.017531 0.002680 0.115554 0.049590
32.655509 1.441917 -30.211548 -1.861959
1.461215 0.222128 0.152725 0.023892
0.222128 0.064614 0.020560 0.003541
0.152725 0.020560 0.601160 0.120592
0.023892 0.003541 0.120592 0.050327
33.605362 1.477316 -31.287677 -1.892513
1.522217 0.228835 0.178817 0.027283
0.228835 0.065553 0.023502 0.003931
0.178817 0.023502 0.609099 0.121676
0.027283 0.003931 0.121676 0.050215
34.017639 1.425413 -31.790106 -1.801135
1.555201 0.231016 0.212795 0.032217
0.231016 0.065777 0.027588 0.004573
0.212795 0.027588 0.603309 0.119767
0.032217 0.004573 0.119767 0.049516
34.731549 1.428396 -33.020238 -1.867305
1.619714 0.237962 0.245821 0.036370
0.237962 0.066736 0.031151 0.005047
0.245821 0.031151 0.620442 0.122586
0.036370 0.005047 0.122586 0.049846
35.511851 1.436507 -33.794324 -1.835967
1.673066 0.243024 0.273394 0.039268
0.243024 0.067392 0.033927 0.005371
0.273394 0.033927 0.621602 0.121936
0.039268 0.005371 0.121936 0.049471
36.412743 1.464043 -34.793563 -1.854125
1.736690 0.249425 0.303044 0.042359
0.249425 0.068232 0.036853 0.005718
0.303044 0.036853 0.630857 0.122928
0.042359 0.005718 0.122928 0.049471
36.668687 1.395344 -35.723202 -1.849072
1.784685 0.253180 0.344572 0.047876
0.253180 0.068647 0.041392 0.006423
0.344572 0.041392 0.642763 0.124208
0.047876 0.006423 0.124208 0.049511
36.998377 1.328363 -35.670589 -1.649675
1.805888 0.253335 0.368053 0.049802
0.253335 0.068587 0.043594 0.006683
0.368053 0.043594 0.625632 0.119812
0.049802 0.006683 0.119812 0.048473
37.088433 1.250229 -36.716472 -1.685512
1.858568 0.257974 0.406488 0.054312
0.257974 0.069181 0.047322 0.007206
0.406488 0.047322 0.647417 0.123371
0.054312 0.007206 0.123371 0.049079
