1.299438 1.481881 3.971048 0.696406
2.023425 0.809388 1.387209 0.554896
0.809388 80.327829 0.554896 0.221963
1.387209 0.554896 4.626918 1.850807
0.554896 0.221963 1.850807 80.744406
2.242737 2.122109 1.799182 -3.337168
3.256635 5.901574 -0.430749 -1.042913
5.901574 17.499344 -1.301014 0.938693
-0.430749 -1.301014 4.800960 7.689289
-1.042913 0.938693 7.689289 25.965058
4.531079 3.552560 2.956674 -0.161709
3.353954 3.605810 -1.078016 -0.950594
3.605810 5.495018 -1.143265 -0.155660
-1.078016 -1.143265 0.802030 0.803899
-0.950594 -0.155660 0.803899 4.207318
7.026077 4.382432 4.067045 1.485932
1.884704 1.570292 0.161878 0.588097
1.570292 1.915279 0.330258 0.824306
0.161878 0.330258 0.969039 1.254162
0.588097 0.824306 1.254162 2.456599
7.477042 3.272699 4.558116 1.140755
1.092929 0.703145 0.236599 0.283692
0.703145 0.740969 0.290035 0.301615
0.236599 0.290035 1.793821 1.548597
0.283692 0.301615 1.548597 1.609935
7.083906 2.220753 6.015463 1.631683
0.564577 0.303471 0.086064 0.071042
0.303471 0.324353 0.109181 0.071006
0.086064 0.109181 1.946120 1.216675
0.071042 0.071006 1.216675 0.893769
7.119842 1.687987 6.309196 1.362543
0.574448 0.277774 -0.200456 -0.091538
0.277774 0.233677 -0.076049 -0.039611
-0.200456 -0.076049 1.486757 0.727446
-0.091538 -0.039611 0.727446 0.436255
7.664020 1.557425 7.067105 1.390943
0.674231 0.292729 -0.233722 -0.088953
0.292729 0.193574 -0.082795 -0.035278
-0.233722 -0.082795 1.383758 0.563265
-0.088953 -0.035278 0.563265 0.284712
8.626103 1.618796 7.026288 1.133669
0.804770 0.310399 -0.200796 -0.063565
0.310399 0.167872 -0.058608 -0.021275
-0.200796 -0.058608 1.440717 0.504798
-0.063565 -0.021275 0.504798 0.219040
9.494759 1.637501 7.443585 1.087940
0.875510 0.299799 -0.149427 -0.039868
0.299799 0.140270 -0.035522 -0.011550
-0.149427 -0.035522 1.400207 0.431080
-0.039868 -0.011550 0.431080 0.167346
10.389760 1.656282 7.475921 0.947164
0.788751 0.241487 -0.157989 -0.039175
0.241487 0.105362 -0.036937 -0.011075
-0.157989 -0.036937 1.275130 0.351031
-0.039175 -0.011075 0.351031 0.126853
11.315986 1.688732 8.554562 1.099690
0.777942 0.217837 -0.095358 -0.020101
0.217837 0.088764 -0.017374 -0.005153
-0.095358 -0.017374 1.166542 0.292654
-0.020101 -0.005153 0.292654 0.101054
11.996312 1.649365 9.579808 1.209449
0.740241 0.191617 -0.067857 -0.012764
0.191617 0.075184 -0.010527 -0.003255
-0.067857 -0.010527 1.052493 0.244192
-0.012764 -0.003255 0.244192 0.082811
12.409689 1.554433 11.068535 1.400703
0.774722 0.187966 -0.022613 -0.002396
0.187966 0.069935 -0.000030 -0.000752
-0.022613 -0.000030 0.979671 0.213367
-0.002396 -0.000752 0.213367 0.071841
13.416258 1.609173 12.312348 1.513636
0.797828 0.182613 0.031096 0.008219
0.182613 0.065475 0.011084 0.001532
0.031096 0.011084 0.945958 0.195749
0.008219 0.001532 0.195749 0.065532
14.008406 1.566068 14.264998 1.750592
0.794386 0.172638 0.070551 0.014650
0.172638 0.060945 0.017455 0.002607
0.070551 0.017455 0.848208 0.168258
0.014650 0.002607 0.168258 0.058340
13.980402 1.397242 14.801179 1.685958
0.722584 0.150249 0.027168 0.004603
0.150249 0.054687 0.006082 0.000211
0.027168 0.006082 0.725151 0.139706
0.004603 0.000211 0.139706 0.051987
14.746800 1.410774 15.960606 1.746017
0.723225 0.145822 0.054493 0.009152
0.145822 0.053026 0.010687 0.001122
0.054493 0.010687 0.700063 0.133026
0.009152 0.001122 0.133026 0.050529
15.487584 1.417872 16.757667 1.731581
0.690164 0.135694 0.065020 0.010320
0.135694 0.050569 0.011650 0.001305
0.065020 0.011650 0.653660 0.123206
0.010320 0.001305 0.123206 0.048668
16.453707 1.467807 17.583077 1.722898
0.682730 0.131956 0.084041 0.013070
0.131956 0.049701 0.014250 0.001797
0.084041 0.014250 0.644835 0.121445
0.013070 0.001797 0.121445 0.048495
17.142133 1.457249 18.838212 1.797707
0.702502 0.134072 0.105604 0.016078
0.134072 0.050097 0.017179 0.002316
0.105604 0.017179 0.650237 0.122550
0.016078 0.002316 0.122550 0.048864
18.052203 1.493503 19.446429 1.741231
0.676286 0.127555 0.115831 0.017150
0.127555 0.048874 0.018008 0.002488
0.115831 0.018008 0.627831 0.118364
0.017150 0.002488 0.118364 0.048194
18.214426 1.377740 20.976507 1.872337
0.676573 0.126808 0.133025 0.019436
0.126808 0.048870 0.020251 0.002912
0.133025 0.020251 0.610194 0.115365
0.019436 0.002912 0.115365 0.047771
17.958648 1.194736 22.390943 1.974524
0.660508 0.123267 0.141117 0.020145
0.123267 0.048361 0.020948 0.003077
0.141117 0.020948 0.576216 0.109487
0.020145 0.003077 0.109487 0.046805
18.720799 1.222153 23.695963 2.034463
0.671700 0.125093 0.165823 0.023913
0.125093 0.048873 0.024509 0.003769
0.165823 0.024509 0.580840 0.111267
0.023913 0.003769 0.111267 0.047314
19.969859 1.357722 23.662761 1.817830
0.653722 0.121613 0.165855 0.023126
0.121613 0.048383 0.023595 0.003645
0.165855 0.023595 0.563323 0.108716
0.023126 0.003645 0.108716 0.046935
20.540616 1.328743 25.103431 1.925758
0.661947 0.123140 0.185997 0.026202
0.123140 0.048814 0.026301 0.004216
0.185997 0.026301 0.578301 0.112365
0.026202 0.004216 0.112365 0.047709
20.858101 1.251606 26.679349 2.055376
0.663535 0.123377 0.199743 0.028036
0.123377 0.048964 0.027764 0.004551
0.199743 0.027764 0.592412 0.115477
0.028036 0.004551 0.115477 0.048291
21.168321 1.198147 27.336944 1.986934
0.652866 0.121811 0.183707 0.024125
0.121811 0.048838 0.024067 0.003887
0.183707 0.024067 0.581295 0.113693
0.024125 0.003887 0.113693 0.047928
21.996880 1.245707 28.163686 1.948462
0.659837 0.123450 0.182533 0.023378
0.123450 0.049261 0.023395 0.003852
0.182533 0.023395 0.585917 0.114856
0.023378 0.003852 0.114856 0.048114
21.689480 1.073676 28.774784 1.894305
0.632174 0.118814 0.153573 0.017923
0.118814 0.048525 0.017952 0.002996
0.153573 0.017952 0.570726 0.112410
0.017923 0.002996 0.112410 0.047646
22.410884 1.099706 30.207118 1.988912
0.647437 0.122076 0.161308 0.019557
0.122076 0.049221 0.019349 0.003427
0.161308 0.019349 0.594375 0.117214
0.019557 0.003427 0.117214 0.048535
22.789097 1.058646 31.603143 2.073433
0.649494 0.122832 0.150848 0.017671
0.122832 0.049432 0.017360 0.003174
0.150848 0.017360 0.608333 0.119939
0.017671 0.003174 0.119939 0.049000
23.093465 1.013501 32.726246 2.095009
0.634710 0.120188 0.142460 0.016716
0.120188 0.048945 0.016244 0.003168
0.142460 0.016244 0.608556 0.119593
0.016716 0.003168 0.119593 0.048805
23.902900 1.065249 34.163629 2.167572
0.646218 0.122845 0.134487 0.015408
0.122845 0.049524 0.015090 0.003030
0.134487 0.015090 0.619207 0.121393
0.015408 0.003030 0.121393 0.049088
25.020664 1.175163 35.449581 2.198029
0.666190 0.126966 0.120333 0.012850
0.126966 0.050346 0.012991 0.002675
0.120333 0.012991 0.619485 0.121100
0.012850 0.002675 0.121100 0.048972
25.926712 1.245728 35.948064 2.074484
0.663902 0.126517 0.097443 0.009145
0.126517 0.050235 0.009752 0.002180
0.097443 0.009752 0.592206 0.115563
0.009145 0.002180 0.115563 0.047868
26.791372 1.285867 37.449423 2.162832
0.666023 0.126923 0.075842 0.005874
0.126923 0.050308 0.006396 0.001657
0.075842 0.006396 0.600823 0.117614
0.005874 0.001657 0.117614 0.048359
27.431359 1.286827 38.400485 2.137184
0.656129 0.125051 0.047817 0.001662
0.125051 0.049952 0.002259 0.001013
0.047817 0.002259 0.589538 0.115591
0.001662 0.001013 0.115591 0.048010
28.224194 1.317455 39.250172 2.092621
0.646905 0.123357 0.028306 -0.000686
0.123357 0.049643 -0.000054 0.000728
0.028306 -0.000054 0.576937 0.113361
-0.000686 0.000728 0.113361 0.047624
28.038947 1.164986 39.075780 1.858091
0.625422 0.119597 -0.012789 -0.007212
0.119597 0.048991 -0.006376 -0.000368
-0.012789 -0.006376 0.545722 0.107772
-0.007212 -0.000368 0.107772 0.046628
28.860711 1.211537 39.842609 1.824759
0.630211 0.120910 -0.021115 -0.007095
0.120910 0.049306 -0.006331 -0.000210
-0.021115 -0.006331 0.545123 0.108411
-0.007095 -0.000210 0.108411 0.046873
29.576862 1.232099 41.153908 1.904250
0.643214 0.123647 -0.037267 -0.008819
0.123647 0.049858 -0.008070 -0.000487
-0.037267 -0.008070 0.561190 0.112236
-0.008819 -0.000487 0.112236 0.047707
30.513006 1.293842 42.416934 1.966566
0.658646 0.126549 -0.050797 -0.010075
0.126549 0.050384 -0.009351 -0.000698
-0.050797 -0.009351 0.570646 0.114282
-0.010075 -0.000698 0.114282 0.048089
31.854629 1.428070 43.733402 2.034823
0.689945 0.132204 -0.065346 -0.011593
0.132204 0.051392 -0.010927 -0.000989
-0.065346 -0.010927 0.578099 0.115672
-0.011593 -0.000989 0.115672 0.048297
32.495132 1.415684 45.109778 2.106388
0.691809 0.131677 -0.088807 -0.015047
0.131677 0.051133 -0.014251 -0.001664
-0.088807 -0.014251 0.587541 0.117259
-0.015047 -0.001664 0.117259 0.048519
33.212110 1.413195 45.514847 1.976902
0.689727 0.130522 -0.106044 -0.017171
0.130522 0.050803 -0.016463 -0.002103
-0.106044 -0.016463 0.569011 0.113109
-0.017171 -0.002103 0.113109 0.047584
33.971495 1.426004 46.830621 2.042884
0.697977 0.131462 -0.124136 -0.019427
0.131462 0.050912 -0.018638 -0.002528
-0.124136 -0.018638 0.579185 0.115058
-0.019427 -0.002528 0.115058 0.047948
34.741730 1.435145 47.688170 2.010579
0.709194 0.132903 -0.142688 -0.021757
0.132903 0.051112 -0.021036 -0.003000
-0.142688 -0.021036 0.577340 0.114369
-0.021757 -0.003000 0.114369 0.047743
35.443639 1.431392 48.628926 1.997440
0.718614 0.133917 -0.160567 -0.023973
0.133917 0.051226 -0.023258 -0.003442
-0.160567 -0.023258 0.579358 0.114497
-0.023973 -0.003442 0.114497 0.047715
