3.548345 2.381463 9.322433 2.837007
4.378672 1.751507 8.720730 3.488367
1.751507 80.704685 3.488367 1.395377
8.720730 3.488367 35.125361 14.050449
3.488367 1.395377 14.050449 85.624368
6.925777 6.428004 9.566179 1.300307
3.848507 6.423439 0.766710 -0.296916
6.423439 20.332627 0.412735 6.981485
0.766710 0.412735 3.671453 2.929905
-0.296916 6.981485 2.929905 40.918292
8.977832 4.889968 5.908116 -4.674040
2.421244 2.434093 -2.243530 -3.187560
2.434093 4.783840 -2.219102 -1.193270
-2.243530 -2.219102 2.607759 3.690643
-3.187560 -1.193270 3.690643 13.632081
9.770570 3.448540 4.537369 -4.293233
1.849896 1.574828 -1.229086 -0.632560
1.574828 2.262411 0.259488 1.199418
-1.229086 0.259488 5.742095 7.318894
-0.632560 1.199418 7.318894 11.025651
8.399681 1.499690 4.703713 -3.070559
1.127086 1.048509 2.408790 2.243473
1.048509 1.257464 2.429698 2.128366
2.408790 2.429698 6.959869 6.293159
2.243473 2.128366 6.293159 6.129655
8.409638 1.001373 1.579915 -4.066691
1.614067 1.088587 3.379264 2.116902
1.088587 0.865266 2.221438 1.330290
3.379264 2.221438 10.367695 6.580025
2.116902 1.330290 6.580025 4.386234
9.715938 1.360446 3.267285 -2.225942
1.205492 0.665825 1.151755 0.495770
0.665825 0.439987 0.595209 0.224596
1.151755 0.595209 2.506917 1.193091
0.495770 0.224596 1.193091 0.690468
9.635953 1.025761 1.313558 -2.531738
1.370634 0.611778 1.265212 0.443211
0.611778 0.320782 0.493314 0.152800
1.265212 0.493314 3.311178 1.333731
0.443211 0.152800 1.333731 0.619007
10.791423 1.207011 2.669636 -1.613313
1.254194 0.469903 1.087105 0.319559
0.469903 0.210594 0.357699 0.094130
1.087105 0.357699 2.663530 0.906065
0.319559 0.094130 0.906065 0.366534
12.861479 1.687687 2.869985 -1.371087
1.110866 0.361232 0.871517 0.218191
0.361232 0.146004 0.220932 0.047074
0.871517 0.220932 3.055013 0.928145
0.218191 0.047074 0.928145 0.327700
13.034095 1.498219 1.506612 -1.531272
1.061014 0.304333 0.857705 0.193099
0.304333 0.112518 0.176749 0.033975
0.857705 0.176749 3.752713 1.016399
0.193099 0.033975 1.016399 0.313295
12.710455 1.217825 0.030322 -1.668331
1.025096 0.263362 0.913614 0.189723
0.263362 0.090968 0.169982 0.031785
0.913614 0.169982 4.132157 1.000259
0.189723 0.031785 1.000259 0.275474
12.205685 0.925969 -0.100280 -1.472548
0.988491 0.231470 0.958187 0.183916
0.231470 0.076339 0.179536 0.032949
0.958187 0.179536 3.501939 0.759819
0.183916 0.032949 0.759819 0.195438
12.102175 0.808498 -1.736086 -1.641822
0.964412 0.211423 0.855084 0.147987
0.211423 0.068312 0.142716 0.023706
0.855084 0.142716 3.403565 0.679573
0.147987 0.023706 0.679573 0.164879
13.980892 1.098956 -0.425741 -1.274014
0.789435 0.165794 0.512496 0.076341
0.165794 0.056823 0.069563 0.009654
0.512496 0.069563 2.660079 0.496030
0.076341 0.009654 0.496030 0.120939
13.693881 0.906432 -0.032377 -1.067794
0.737576 0.146611 0.577657 0.085192
0.146611 0.051374 0.083664 0.012552
0.577657 0.083664 2.453088 0.426186
0.085192 0.012552 0.426186 0.102199
14.025077 0.894006 -1.352942 -1.198781
0.736456 0.142813 0.521124 0.070842
0.142813 0.050458 0.065467 0.009132
0.521124 0.065467 2.586942 0.427837
0.070842 0.009132 0.427837 0.099067
14.206872 0.861471 -3.243813 -1.401799
0.746007 0.142186 0.453840 0.056451
0.142186 0.050367 0.048811 0.006315
0.453840 0.048811 2.640793 0.417144
0.056451 0.006315 0.417144 0.094548
14.498332 0.852458 -5.129137 -1.581932
0.746747 0.140713 0.356574 0.039439
0.140713 0.050221 0.031322 0.003709
0.356574 0.031322 2.497310 0.378483
0.039439 0.003709 0.378483 0.086496
15.283099 0.932400 -6.684493 -1.702264
0.731442 0.137202 0.217215 0.018403
0.137202 0.049840 0.009085 0.000697
0.217215 0.009085 2.237596 0.328242
0.018403 0.000697 0.328242 0.077858
15.650413 0.908332 -7.127510 -1.641885
0.722590 0.134127 0.173669 0.013097
0.134127 0.049323 0.009099 0.001131
0.173669 0.009099 1.790839 0.254940
0.013097 0.001131 0.254940 0.066615
16.429720 0.976520 -8.571068 -1.734760
0.727473 0.134617 0.095530 0.003033
0.134617 0.049719 -0.001985 -0.000153
0.095530 -0.001985 1.643359 0.231376
0.003033 -0.000153 0.231376 0.063536
17.465327 1.081738 -9.824148 -1.795507
0.732507 0.135184 0.021052 -0.005857
0.135184 0.050098 -0.011683 -0.001196
0.021052 -0.011683 1.486726 0.208521
-0.005857 -0.001196 0.208521 0.060796
18.128678 1.102442 -10.512781 -1.767269
0.735802 0.134974 0.004222 -0.006207
0.134974 0.050216 -0.010134 -0.000650
0.004222 -0.010134 1.288865 0.180974
-0.006207 -0.000650 0.180974 0.057481
19.281791 1.212327 -11.400265 -1.771867
0.743070 0.135891 -0.040238 -0.010718
0.135891 0.050602 -0.015009 -0.001125
-0.040238 -0.015009 1.172036 0.166794
-0.010718 -0.001125 0.166794 0.056233
20.064123 1.248052 -13.137663 -1.895854
0.783129 0.142639 -0.053172 -0.010816
0.142639 0.051996 -0.014538 -0.000897
-0.053172 -0.014538 1.123689 0.162913
-0.010816 -0.000897 0.162913 0.056417
20.674081 1.247373 -14.882086 -2.013529
0.826718 0.149523 -0.049417 -0.008624
0.149523 0.053308 -0.011416 -0.000336
-0.049417 -0.011416 1.061781 0.156978
-0.008624 -0.000336 0.156978 0.056183
21.452519 1.275303 -16.159604 -2.054407
0.860133 0.154154 -0.051067 -0.007541
0.154154 0.054137 -0.009876 -0.000083
-0.051067 -0.009876 0.973421 0.147067
-0.007541 -0.000083 0.147067 0.055252
22.165320 1.288243 -17.837474 -2.155228
0.908603 0.161246 -0.046378 -0.005698
0.161246 0.055370 -0.007667 0.000231
-0.046378 -0.007667 0.920277 0.142697
-0.005698 0.000231 0.142697 0.055098
23.231175 1.362647 -18.676504 -2.116098
0.936651 0.164299 -0.054286 -0.006176
0.164299 0.055827 -0.008175 0.000063
-0.054286 -0.008175 0.832005 0.132428
-0.006176 0.000063 0.132428 0.053871
24.191202 1.409986 -20.139382 -2.181662
0.985713 0.170992 -0.049964 -0.004717
0.170992 0.056930 -0.006628 0.000233
-0.049964 -0.006628 0.793175 0.130218
-0.004717 0.000233 0.130218 0.053879
24.797720 1.393658 -21.056252 -2.152623
1.017380 0.174390 -0.027662 -0.000507
0.174390 0.057430 -0.002367 0.000826
-0.027662 -0.002367 0.737823 0.124764
-0.000507 0.000826 0.124764 0.053202
25.546141 1.401443 -22.417785 -2.202124
1.067187 0.180799 -0.011599 0.002349
0.180799 0.058446 0.000430 0.001145
-0.011599 0.000430 0.713269 0.124270
0.002349 0.001145 0.124270 0.053271
26.152780 1.385037 -23.731609 -2.240511
1.116741 0.186864 0.010357 0.006004
0.186864 0.059372 0.003894 0.001572
0.010357 0.003894 0.691158 0.123605
0.006004 0.001572 0.123605 0.053179
26.314570 1.298393 -24.460990 -2.170660
1.145713 0.189279 0.042773 0.011222
0.189279 0.059673 0.008713 0.002224
0.042773 0.008713 0.655131 0.119848
0.011222 0.002224 0.119848 0.052418
26.485766 1.220508 -25.479863 -2.159096
1.187468 0.193820 0.069253 0.015026
0.193820 0.060346 0.012215 0.002623
0.069253 0.012215 0.639372 0.119493
0.015026 0.002623 0.119493 0.052230
27.033403 1.210415 -26.508801 -2.149495
1.235265 0.199196 0.079890 0.015593
0.199196 0.061146 0.012929 0.002501
0.079890 0.012929 0.625989 0.119034
0.015593 0.002501 0.119034 0.051940
27.684966 1.217357 -27.218624 -2.079124
1.274311 0.203001 0.086108 0.015346
0.203001 0.061681 0.012984 0.002298
0.086108 0.012984 0.605728 0.116797
0.015346 0.002298 0.116797 0.051257
28.586586 1.264039 -28.471788 -2.121532
1.336436 0.210414 0.091581 0.015021
0.210414 0.062795 0.012982 0.002126
0.091581 0.012982 0.606396 0.118397
0.015021 0.002126 0.118397 0.051317
28.812813 1.199978 -29.276133 -2.069673
1.376079 0.213924 0.115528 0.018523
0.213924 0.063250 0.015985 0.002600
0.115528 0.015985 0.597156 0.117476
0.018523 0.002600 0.117476 0.050818
29.688388 1.241100 -30.015812 -2.012141
1.423092 0.218651 0.120042 0.017925
0.218651 0.063921 0.015860 0.002434
0.120042 0.015860 0.585767 0.115961
0.017925 0.002434 0.115961 0.050224
30.734691 1.308081 -31.412747 -2.092508
1.496615 0.227291 0.130770 0.018603
0.227291 0.065180 0.016690 0.002481
0.130770 0.016690 0.595821 0.118568
0.018603 0.002481 0.118568 0.050473
30.780119 1.215305 -32.273663 -2.051816
1.536855 0.230355 0.165163 0.024255
0.230355 0.065526 0.021184 0.003311
0.165163 0.021184 0.594204 0.118239
0.024255 0.003311 0.118239 0.050069
31.943637 1.297721 -33.246814 -2.044957
1.600983 0.237231 0.171349 0.023654
0.237231 0.066496 0.021232 0.003171
0.171349 0.021232 0.590725 0.117576
0.023654 0.003171 0.117576 0.049668
32.369825 1.263164 -34.053092 -1.999779
1.647379 0.241074 0.198490 0.027585
0.241074 0.066967 0.024463 0.003732
0.198490 0.024463 0.589103 0.117061
0.027585 0.003732 0.117061 0.049297
33.435566 1.325183 -34.911665 -1.974945
1.708197 0.247139 0.212626 0.028522
0.247139 0.067793 0.025657 0.003837
0.212626 0.025657 0.587401 0.116571
0.028522 0.003837 0.116571 0.048988
34.726086 1.413622 -35.680860 -1.936685
1.770329 0.253206 0.228074 0.029756
0.253206 0.068601 0.027070 0.004002
0.228074 0.027070 0.585120 0.115908
0.029756 0.004002 0.115908 0.048669
34.935930 1.341649 -36.557588 -1.913270
1.811928 0.255885 0.270225 0.036598
0.255885 0.068873 0.032170 0.004953
0.270225 0.032170 0.595129 0.117451
0.036598 0.004953 0.117451 0.048768
35.930389 1.379268 -36.827160 -1.778076
1.853877 0.258991 0.288960 0.038183
0.258991 0.069269 0.033923 0.005161
0.288960 0.033923 0.585444 0.115055
0.038183 0.005161 0.115055 0.048119
36.262150 1.321467 -37.137547 -1.656772
1.881168 0.259913 0.321896 0.042828
0.259913 0.069347 0.037534 0.005784
0.321896 0.037534 0.586643 0.114865
0.042828 0.005784 0.114865 0.047936
