3.680029 2.434138 1.487332 -0.297102
2.965230 1.186118 0.442155 0.176866
1.186118 80.478524 0.176866 0.070748
0.442155 0.176866 6.351270 2.540563
0.176866 0.070748 2.540563 81.020314
2.664102 -1.385521 1.558691 0.094895
4.762498 8.139512 -0.236100 -0.491855
8.139512 23.662767 -0.460685 0.075642
-0.236100 -0.460685 1.916141 2.838575
-0.491855 0.075642 2.838575 21.623011
7.010366 3.954108 1.148015 -0.393175
2.131152 2.218980 -1.466051 -1.917983
2.218980 4.772434 -1.498715 -1.823397
-1.466051 -1.498715 1.906900 2.527960
-1.917983 -1.823397 2.527960 6.626997
6.135586 1.495063 2.271379 0.474413
1.015552 1.047060 0.580341 0.819169
1.047060 1.947959 0.705932 0.837066
0.580341 0.705932 0.991023 1.176304
0.819169 0.837066 1.176304 2.324009
8.664669 2.787845 5.627460 3.127985
1.421665 1.143240 0.597802 0.454789
1.143240 1.265885 0.419041 0.260608
0.597802 0.419041 1.296525 1.110213
0.454789 0.260608 1.110213 1.287090
9.172330 2.272243 6.297954 2.579742
1.160518 0.732068 0.151507 0.042319
0.732068 0.633904 0.011153 -0.043978
0.151507 0.011153 1.530543 1.007641
0.042319 -0.043978 1.007641 0.823558
9.436702 1.829375 7.419615 2.520627
1.101962 0.569899 -0.072680 -0.073528
0.569899 0.394545 -0.094480 -0.071852
-0.072680 -0.094480 1.615454 0.841784
-0.073528 -0.071852 0.841784 0.530802
9.737267 1.551489 9.278028 2.787884
1.214272 0.526249 -0.089691 -0.062227
0.526249 0.293730 -0.071971 -0.042145
-0.089691 -0.071971 1.565841 0.669723
-0.062227 -0.042145 0.669723 0.347725
10.466318 1.547468 9.678973 2.428206
1.125538 0.419305 -0.176008 -0.077871
0.419305 0.204111 -0.083082 -0.035354
-0.176008 -0.083082 1.337299 0.487364
-0.077871 -0.035354 0.487364 0.222967
11.871344 1.760189 9.989537 2.136401
1.034766 0.338576 -0.145945 -0.053653
0.338576 0.148761 -0.057083 -0.020176
-0.145945 -0.057083 1.253911 0.399858
-0.053653 -0.020176 0.399858 0.163983
11.924494 1.522812 9.818196 1.786632
0.844250 0.248240 -0.223850 -0.066702
0.248240 0.105146 -0.069869 -0.020353
-0.223850 -0.069869 1.081913 0.308656
-0.066702 -0.020353 0.308656 0.119355
12.543268 1.484438 11.687844 2.040620
0.802408 0.216576 -0.128986 -0.033232
0.216576 0.087076 -0.034692 -0.008587
-0.128986 -0.034692 0.961654 0.250174
-0.033232 -0.008587 0.250174 0.093302
12.570035 1.304908 12.855683 2.074639
0.768701 0.192989 -0.110517 -0.024958
0.192989 0.074916 -0.026040 -0.005615
-0.110517 -0.026040 0.855581 0.206413
-0.024958 -0.005615 0.206413 0.076190
13.823660 1.445867 13.499521 1.987202
0.748000 0.176856 -0.057881 -0.010491
0.176856 0.066996 -0.010871 -0.001718
-0.057881 -0.010871 0.831453 0.189117
-0.010491 -0.001718 0.189117 0.068355
13.621412 1.236850 14.232831 1.927307
0.706440 0.158632 -0.066610 -0.011733
0.158632 0.060081 -0.012284 -0.002040
-0.066610 -0.012284 0.739416 0.159875
-0.011733 -0.002040 0.159875 0.059348
15.006719 1.399256 14.402669 1.764696
0.682661 0.147379 -0.029637 -0.003260
0.147379 0.055930 -0.003347 -0.000142
-0.029637 -0.003347 0.736889 0.153882
-0.003260 -0.000142 0.153882 0.056673
14.889414 1.228510 15.341692 1.772942
0.650842 0.136119 -0.022371 -0.001950
0.136119 0.052465 -0.002101 -0.000036
-0.022371 -0.002101 0.670802 0.135945
-0.001950 -0.000036 0.135945 0.052041
15.381706 1.206422 17.042562 1.934656
0.672234 0.137555 0.027048 0.007814
0.137555 0.052174 0.007827 0.001850
0.027048 0.007827 0.655816 0.130676
0.007814 0.001850 0.130676 0.050598
15.838828 1.177323 18.080735 1.948261
0.668122 0.133866 0.050265 0.011336
0.133866 0.050968 0.011381 0.002299
0.050265 0.011381 0.627849 0.123510
0.011336 0.002299 0.123510 0.048977
15.449129 0.984942 20.010264 2.134457
0.672094 0.132426 0.079225 0.015752
0.132426 0.050419 0.015817 0.002929
0.079225 0.015817 0.576366 0.112604
0.015752 0.002929 0.112604 0.046821
16.245272 1.044207 20.984137 2.115578
0.686407 0.133358 0.102380 0.018767
0.133358 0.050449 0.018806 0.003277
0.102380 0.018806 0.579605 0.113435
0.018767 0.003277 0.113435 0.047147
16.820322 1.052188 22.554731 2.216265
0.698161 0.133833 0.139454 0.024425
0.133833 0.050426 0.024377 0.004163
0.139454 0.024377 0.573556 0.112268
0.024425 0.004163 0.112268 0.047015
17.600841 1.103686 23.265871 2.135797
0.700090 0.132724 0.147585 0.024133
0.132724 0.050174 0.024080 0.003893
0.147585 0.024080 0.569648 0.111735
0.024133 0.003893 0.111735 0.047023
17.316884 0.954296 23.367106 1.951409
0.666675 0.125551 0.118488 0.017047
0.125551 0.048890 0.017360 0.002496
0.118488 0.017360 0.527042 0.103851
0.017047 0.002496 0.103851 0.045607
17.560908 0.912472 24.127940 1.910783
0.682178 0.128177 0.116805 0.015762
0.128177 0.049538 0.016138 0.002261
0.116805 0.016138 0.533565 0.106142
0.015762 0.002261 0.106142 0.046253
18.010433 0.911977 25.019946 1.898011
0.692683 0.129545 0.129353 0.017696
0.129545 0.049865 0.017865 0.002686
0.129353 0.017865 0.541478 0.108217
0.017696 0.002686 0.108217 0.046720
18.938450 1.001047 25.972713 1.892523
0.712418 0.132554 0.148513 0.020808
0.132554 0.050470 0.020651 0.003286
0.148513 0.020651 0.562217 0.112538
0.020808 0.003286 0.112538 0.047565
19.748906 1.054752 27.245476 1.954641
0.731313 0.135231 0.167926 0.023817
0.135231 0.050976 0.023308 0.003832
0.167926 0.023308 0.586763 0.117164
0.023817 0.003832 0.117164 0.048388
20.734565 1.144817 27.947345 1.891729
0.739788 0.136111 0.168250 0.022943
0.136111 0.051170 0.022549 0.003681
0.168250 0.022549 0.593584 0.118020
0.022943 0.003681 0.118020 0.048435
21.025037 1.087480 29.191143 1.956468
0.703325 0.128262 0.192081 0.027752
0.128262 0.049664 0.026389 0.004634
0.192081 0.026389 0.599493 0.118266
0.027752 0.004634 0.118266 0.048285
21.668654 1.117682 29.500355 1.819707
0.692171 0.126594 0.175996 0.023720
0.126594 0.049567 0.022928 0.003941
0.175996 0.022928 0.583584 0.114807
0.023720 0.003941 0.114807 0.047569
22.667376 1.199239 30.470335 1.824050
0.687917 0.125857 0.188271 0.025806
0.125857 0.049541 0.024720 0.004379
0.188271 0.024720 0.594453 0.116601
0.025806 0.004379 0.116601 0.047878
22.802981 1.114494 31.234472 1.802814
0.662621 0.121912 0.163493 0.020717
0.121912 0.049023 0.019787 0.003496
0.163493 0.019787 0.588979 0.115644
0.020717 0.003496 0.115644 0.047745
23.296746 1.099313 32.303369 1.837658
0.661627 0.122700 0.145694 0.017131
0.122700 0.049384 0.016419 0.002927
0.145694 0.016419 0.596478 0.117254
0.017131 0.002927 0.117254 0.048115
24.575042 1.234641 33.401698 1.860727
0.687555 0.128309 0.135658 0.015015
0.128309 0.050572 0.014830 0.002675
0.135658 0.014830 0.605517 0.118881
0.015015 0.002675 0.118881 0.048436
25.278986 1.250797 34.349370 1.862735
0.679431 0.127105 0.113082 0.011233
0.127105 0.050389 0.011200 0.002146
0.113082 0.011200 0.603041 0.118302
0.011233 0.002146 0.118302 0.048330
26.528360 1.362707 35.697153 1.935874
0.685175 0.128371 0.104469 0.010309
0.128371 0.050642 0.010311 0.002140
0.104469 0.010311 0.611558 0.119762
0.010309 0.002140 0.119762 0.048607
26.722782 1.266792 36.927452 1.994397
0.636921 0.119498 0.080807 0.007179
0.119498 0.048994 0.006718 0.001708
0.080807 0.006718 0.610667 0.119482
0.007179 0.001708 0.119482 0.048563
27.926979 1.372443 38.163358 2.034437
0.658100 0.124499 0.058220 0.003483
0.124499 0.050097 0.003539 0.001166
0.058220 0.003539 0.608158 0.118912
0.003483 0.001166 0.118912 0.048484
28.769252 1.401905 39.204050 2.037452
0.668616 0.127032 0.023904 -0.002117
0.127032 0.050633 -0.001691 0.000268
0.023904 -0.001691 0.600641 0.117541
-0.002117 0.000268 0.117541 0.048279
29.598080 1.422187 40.734995 2.136774
0.670113 0.127436 -0.002432 -0.005701
0.127436 0.050688 -0.005245 -0.000251
-0.002432 -0.005245 0.607425 0.118984
-0.005701 -0.000251 0.118984 0.048618
30.390739 1.438382 41.669113 2.110090
0.671675 0.127746 -0.029773 -0.009358
0.127746 0.050713 -0.008760 -0.000775
-0.029773 -0.008760 0.594860 0.116477
-0.009358 -0.000775 0.116477 0.048149
31.415197 1.496570 42.627401 2.090356
0.681194 0.129450 -0.051252 -0.011799
0.129450 0.050990 -0.011137 -0.001100
-0.051252 -0.011137 0.585526 0.114764
-0.011799 -0.001100 0.114764 0.047861
31.603246 1.390391 43.832775 2.121799
0.643886 0.122074 -0.069174 -0.013567
0.122074 0.049519 -0.012905 -0.001340
-0.069174 -0.012905 0.584221 0.114721
-0.013567 -0.001340 0.114721 0.047908
32.442409 1.418269 45.041547 2.151314
0.656123 0.124709 -0.087611 -0.015521
0.124709 0.050062 -0.014894 -0.001662
-0.087611 -0.014894 0.583808 0.114787
-0.015521 -0.001662 0.114787 0.047952
33.013198 1.387579 45.355367 2.000019
0.662222 0.125842 -0.108583 -0.018081
0.125842 0.050250 -0.017568 -0.002155
-0.108583 -0.017568 0.564539 0.111035
-0.018081 -0.002155 0.111035 0.047215
33.700405 1.377171 45.240244 1.778076
0.665956 0.126419 -0.121210 -0.019046
0.126419 0.050313 -0.018750 -0.002372
-0.121210 -0.018750 0.541201 0.106767
-0.019046 -0.002372 0.106767 0.046420
34.119200 1.328857 46.447164 1.839263
0.675656 0.127977 -0.140070 -0.021401
0.127977 0.050542 -0.020880 -0.002810
-0.140070 -0.020880 0.559945 0.111128
-0.021401 -0.002810 0.111128 0.047370
34.763414 1.317626 46.792754 1.723068
0.677733 0.128037 -0.147977 -0.021675
0.128037 0.050481 -0.021300 -0.002932
-0.147977 -0.021300 0.551673 0.109638
-0.021675 -0.002932 0.109638 0.047046
35.423652 1.315731 47.506369 1.693045
0.692734 0.130479 -0.161417 -0.023117
0.130479 0.050870 -0.022767 -0.003268
-0.161417 -0.022767 0.558559 0.111191
-0.023117 -0.003268 0.111191 0.047330
