4.461795 2.746851 2.841665 0.244643
2.278983 0.911613 -0.746701 -0.298687
0.911613 80.368720 -0.298687 -0.119477
-0.746701 -0.298687 4.291693 1.716714
-0.298687 -0.119477 1.716714 80.690767
2.168013 -3.893939 0.285219 -4.281606
3.448527 6.069583 -0.454945 -0.528854
6.069583 18.433929 -0.648923 -2.650488
-0.454945 -0.648923 2.636752 4.215795
-0.528854 -2.650488 4.215795 19.788095
6.024617 2.363061 -0.424934 -2.489961
2.269048 2.469117 -1.513138 -1.781937
2.469117 4.580419 -1.649492 -2.433901
-1.513138 -1.649492 1.276000 1.508053
-1.781937 -2.433901 1.508053 4.698138
4.668157 0.515547 1.243836 0.447704
0.998272 0.929686 0.094017 0.464560
0.929686 1.567187 0.129295 0.168274
0.094017 0.129295 0.263820 0.376837
0.464560 0.168274 0.376837 1.340535
7.098526 1.918852 3.572105 2.756376
1.208057 0.914642 0.041192 0.091022
0.914642 0.993078 -0.036538 -0.127264
0.041192 -0.036538 0.570536 0.604370
0.091022 -0.127264 0.604370 0.858485
7.647722 1.717480 4.454555 2.387260
1.242331 0.747306 -0.064603 -0.048033
0.747306 0.603257 -0.125667 -0.146283
-0.064603 -0.125667 0.992094 0.738644
-0.048033 -0.146283 0.738644 0.642937
8.156845 1.532211 5.921164 2.542787
1.192947 0.589709 -0.184300 -0.112079
0.589709 0.382316 -0.157339 -0.119644
-0.184300 -0.157339 1.193980 0.670316
-0.112079 -0.119644 0.670316 0.428777
9.108078 1.552278 8.670191 3.202951
1.182735 0.494421 -0.273416 -0.132292
0.494421 0.267268 -0.156433 -0.090052
-0.273416 -0.156433 1.180856 0.531082
-0.132292 -0.090052 0.531082 0.274530
9.980804 1.608692 9.402219 2.876917
1.061945 0.384385 -0.318135 -0.126693
0.384385 0.183937 -0.140651 -0.065534
-0.318135 -0.140651 1.094309 0.411770
-0.126693 -0.065534 0.411770 0.182689
11.314154 1.795101 9.654181 2.490447
0.946587 0.302747 -0.289990 -0.098886
0.302747 0.132823 -0.108594 -0.043628
-0.289990 -0.108594 1.031659 0.335114
-0.098886 -0.043628 0.335114 0.132641
11.798575 1.686801 10.001139 2.234648
0.801218 0.231998 -0.315911 -0.093488
0.231998 0.098003 -0.099976 -0.034395
-0.315911 -0.099976 0.921155 0.265073
-0.093488 -0.034395 0.265073 0.098116
12.354767 1.608015 11.704704 2.387392
0.733016 0.195287 -0.239886 -0.063175
0.195287 0.079736 -0.067257 -0.021321
-0.239886 -0.067257 0.804646 0.209480
-0.063175 -0.021321 0.209480 0.075529
12.527525 1.450745 13.041751 2.421304
0.689771 0.171888 -0.219367 -0.052157
0.171888 0.068657 -0.055053 -0.015878
-0.219367 -0.055053 0.719109 0.172912
-0.052157 -0.015878 0.172912 0.062353
13.748279 1.566383 13.659770 2.288290
0.650219 0.153496 -0.180429 -0.038907
0.153496 0.060937 -0.040777 -0.011004
-0.180429 -0.040777 0.683306 0.154610
-0.038907 -0.011004 0.154610 0.055900
13.603976 1.353619 14.461548 2.209524
0.616795 0.139401 -0.172367 -0.034402
0.139401 0.055570 -0.035971 -0.008990
-0.172367 -0.035971 0.619640 0.133583
-0.034402 -0.008990 0.133583 0.050053
14.917067 1.486511 14.578200 2.005855
0.584833 0.127967 -0.143552 -0.026220
0.127967 0.051741 -0.027075 -0.006448
-0.143552 -0.027075 0.604766 0.126337
-0.026220 -0.006448 0.126337 0.048082
14.863105 1.314388 15.565602 1.996164
0.556922 0.118982 -0.127624 -0.021729
0.118982 0.049023 -0.022484 -0.005134
-0.127624 -0.022484 0.554779 0.113139
-0.021729 -0.005134 0.113139 0.045224
15.367319 1.289094 17.260159 2.136575
0.550941 0.116049 -0.097915 -0.014773
0.116049 0.048027 -0.015328 -0.003423
-0.097915 -0.015328 0.529010 0.106821
-0.014773 -0.003423 0.106821 0.044166
16.080365 1.305297 18.502201 2.172475
0.530719 0.110456 -0.082190 -0.011513
0.110456 0.046608 -0.011951 -0.002690
-0.082190 -0.011951 0.500837 0.100763
-0.011513 -0.002690 0.100763 0.043255
15.754800 1.110611 20.447412 2.337531
0.516230 0.106889 -0.055961 -0.006342
0.106889 0.045821 -0.006846 -0.001654
-0.055961 -0.006846 0.460239 0.093002
-0.006342 -0.001654 0.093002 0.042091
16.675674 1.185332 21.503937 2.317798
0.507960 0.104887 -0.044644 -0.004558
0.104887 0.045424 -0.004889 -0.001319
-0.044644 -0.004889 0.457782 0.093612
-0.004558 -0.001319 0.093612 0.042661
17.614999 1.262393 23.294362 2.451530
0.484749 0.100088 -0.027645 -0.001785
0.100088 0.044501 -0.002002 -0.000818
-0.027645 -0.002002 0.441624 0.091320
-0.001785 -0.000818 0.091320 0.042533
18.339038 1.277895 23.975059 2.337896
0.481920 0.099905 -0.018774 -0.000670
0.099905 0.044596 -0.000846 -0.000651
-0.018774 -0.000846 0.441087 0.092338
-0.000670 -0.000651 0.092338 0.043036
18.493687 1.172793 24.352418 2.167845
0.464363 0.096550 -0.026475 -0.003119
0.096550 0.043983 -0.003247 -0.001233
-0.026475 -0.003247 0.421237 0.088972
-0.003119 -0.001233 0.088972 0.042496
19.132976 1.183464 25.347327 2.149033
0.462018 0.096654 -0.034744 -0.005276
0.096654 0.044128 -0.005301 -0.001650
-0.034744 -0.005301 0.427123 0.091294
-0.005276 -0.001650 0.091294 0.043169
19.844227 1.208523 26.393193 2.143400
0.453176 0.095359 -0.032372 -0.004897
0.095359 0.043947 -0.004875 -0.001493
-0.032372 -0.004875 0.430198 0.092705
-0.004897 -0.001493 0.092705 0.043550
20.683673 1.257646 27.294376 2.107464
0.455973 0.096589 -0.025193 -0.003413
0.096589 0.044293 -0.003388 -0.001108
-0.025193 -0.003388 0.442496 0.095889
-0.003413 -0.001108 0.095889 0.044256
21.603168 1.320697 28.637113 2.171398
0.449333 0.095582 -0.023161 -0.003195
0.095582 0.044100 -0.003106 -0.001026
-0.023161 -0.003106 0.455277 0.098753
-0.003195 -0.001026 0.098753 0.044805
22.268525 1.319595 29.127024 2.042385
0.461641 0.098655 -0.018675 -0.002347
0.098655 0.044779 -0.002295 -0.000813
-0.018675 -0.002295 0.465761 0.100802
-0.002347 -0.000813 0.100802 0.045131
22.669878 1.265342 30.476903 2.112435
0.425143 0.090953 -0.002529 0.000806
0.090953 0.043085 0.000924 -0.000131
-0.002529 0.000924 0.461927 0.099593
0.000806 -0.000131 0.099593 0.044747
23.052794 1.209461 30.596188 1.910474
0.433839 0.093591 -0.000037 0.000901
0.093591 0.043737 0.000978 -0.000148
-0.000037 0.000978 0.461652 0.099254
0.000901 -0.000148 0.099254 0.044595
23.727874 1.224453 31.353910 1.868189
0.430931 0.093360 0.010595 0.002786
0.093360 0.043682 0.002883 0.000249
0.010595 0.002883 0.469605 0.100747
0.002786 0.000249 0.100747 0.044867
23.896892 1.128075 32.120963 1.832454
0.424390 0.092265 0.002187 0.000488
0.092265 0.043424 0.000537 -0.000280
0.002187 0.000537 0.477689 0.102131
0.000488 -0.000280 0.102131 0.045099
24.279016 1.088353 33.093833 1.844586
0.427356 0.093279 -0.006975 -0.001656
0.093279 0.043634 -0.001671 -0.000712
-0.006975 -0.001671 0.494382 0.105256
-0.001656 -0.000712 0.105256 0.045698
25.319092 1.196814 33.994415 1.839856
0.437128 0.095606 -0.015523 -0.003405
0.095606 0.044098 -0.003477 -0.001013
-0.015523 -0.003477 0.510094 0.107910
-0.003405 -0.001013 0.107910 0.046162
26.032200 1.221869 34.887478 1.834242
0.430810 0.094130 -0.025709 -0.005300
0.094130 0.043684 -0.005440 -0.001324
-0.025709 -0.005440 0.520355 0.109230
-0.005300 -0.001324 0.109230 0.046331
27.157144 1.334607 36.095475 1.895408
0.422220 0.092284 -0.030851 -0.005969
0.092284 0.043231 -0.006106 -0.001352
-0.030851 -0.006106 0.535408 0.111524
-0.005969 -0.001352 0.111524 0.046722
27.204676 1.199236 37.267053 1.940442
0.416646 0.091258 -0.029070 -0.005177
0.091258 0.042998 -0.005224 -0.001078
-0.029070 -0.005224 0.549146 0.113440
-0.005177 -0.001078 0.113440 0.047034
28.199956 1.286508 38.347623 1.964098
0.424027 0.093115 -0.034570 -0.005972
0.093115 0.043404 -0.006077 -0.001197
-0.034570 -0.006077 0.561413 0.114975
-0.005972 -0.001197 0.114975 0.047272
29.290338 1.384744 39.301816 1.959910
0.406108 0.089167 -0.042065 -0.007212
0.089167 0.042487 -0.007334 -0.001420
-0.042065 -0.007334 0.569638 0.115668
-0.007212 -0.001420 0.115668 0.047351
29.922386 1.373423 40.758691 2.055924
0.417643 0.092089 -0.044905 -0.007325
0.092089 0.043165 -0.007456 -0.001382
-0.044905 -0.007456 0.585783 0.118052
-0.007325 -0.001382 0.118052 0.047804
30.675541 1.387378 41.635713 2.026012
0.420485 0.092769 -0.040659 -0.006103
0.092769 0.043277 -0.006177 -0.001095
-0.040659 -0.006177 0.577009 0.115381
-0.006103 -0.001095 0.115381 0.047240
31.491776 1.414152 42.590037 2.014950
0.434745 0.095882 -0.036227 -0.004956
0.095882 0.043915 -0.005048 -0.000864
-0.036227 -0.005048 0.566673 0.112802
-0.004956 -0.000864 0.112802 0.046776
31.944652 1.358504 43.655450 2.025141
0.416937 0.091657 -0.022348 -0.002248
0.091657 0.042895 -0.002010 -0.000318
-0.022348 -0.002010 0.552347 0.109826
-0.002248 -0.000318 0.109826 0.046296
33.958884 1.648513 43.830951 1.864725
0.334583 0.073991 0.062123 0.013980
0.073991 0.039092 0.015966 0.003102
0.062123 0.015966 0.475177 0.094986
0.013980 0.003102 0.094986 0.043555
34.478419 1.579638 44.193602 1.749250
0.353833 0.080093 0.050314 0.009979
0.080093 0.040767 0.011303 0.001850
0.050314 0.011303 0.455851 0.092526
0.009979 0.001850 0.092526 0.043384
34.943451 1.507917 44.237855 1.578867
0.374830 0.085820 0.038516 0.006451
0.085820 0.042135 0.007396 0.000915
0.038516 0.007396 0.433227 0.089422
0.006451 0.000915 0.089422 0.043016
35.521588 1.466262 45.281089 1.633338
0.399744 0.091714 0.027874 0.003573
0.091714 0.043380 0.004235 0.000248
0.027874 0.004235 0.438743 0.092256
0.003573 0.000248 0.092256 0.043839
36.072456 1.427237 45.612830 1.531083
0.420625 0.095958 0.021699 0.002040
0.095958 0.044118 0.002732 0.000016
0.021699 0.002732 0.414027 0.088127
0.002040 0.000016 0.088127 0.043030
37.101793 1.502997 45.549222 1.349842
0.430587 0.097119 0.045793 0.007326
0.097119 0.044080 0.008558 0.001407
0.045793 0.008558 0.340599 0.073399
0.007326 0.001407 0.073399 0.039888
