-0.159483 0.898300 -1.100820 -1.332385
2.163813 0.865544 1.781970 0.712804
0.865544 80.350292 0.712804 0.285128
1.781970 0.712804 5.921963 2.368836
0.712804 0.285128 2.368836 80.951622
4.483870 8.411607 -1.813062 -1.951577
3.271019 6.070730 -1.647777 -2.922642
6.070730 18.304431 -3.302205 -1.426183
-1.647777 -3.302205 2.693042 4.292106
-2.922642 -1.426183 4.292106 23.096022
3.270768 2.288081 -2.146093 -2.335239
3.653050 4.305940 0.790248 1.890049
4.305940 6.530991 1.128360 2.932295
0.790248 1.128360 1.525140 2.214463
1.890049 2.932295 2.214463 6.196854
7.819979 5.087179 0.157425 1.207990
2.610638 2.017140 -0.122552 -0.017514
2.017140 2.108020 -0.070473 0.096097
-0.122552 -0.070473 0.529008 0.514723
-0.017514 0.096097 0.514723 1.355332
7.516179 3.444775 2.044261 2.234098
0.852117 0.532871 0.528504 0.483226
0.532871 0.613431 0.354872 0.347046
0.528504 0.354872 0.865414 0.765381
0.483226 0.347046 0.765381 1.002910
8.219220 2.816644 4.770044 3.396940
0.618914 0.334414 0.538053 0.349163
0.334414 0.339208 0.268450 0.186949
0.538053 0.268450 1.186126 0.803950
0.349163 0.186949 0.803950 0.697341
9.507661 2.750148 6.522022 3.432595
0.594573 0.297779 0.348444 0.163070
0.297779 0.246562 0.120129 0.063482
0.348444 0.120129 1.246651 0.672825
0.163070 0.063482 0.672825 0.450011
11.031726 2.824218 8.117708 3.372975
0.740897 0.331473 0.303586 0.111016
0.331473 0.212232 0.082546 0.035390
0.303586 0.082546 1.430042 0.634448
0.111016 0.035390 0.634448 0.338571
10.536965 2.121002 7.758817 2.642532
0.556833 0.226759 -0.125545 -0.060612
0.226759 0.137664 -0.081427 -0.028487
-0.125545 -0.081427 1.051281 0.401319
-0.060612 -0.028487 0.401319 0.195037
11.105887 1.935275 9.697321 2.851695
0.646805 0.234102 -0.128143 -0.048266
0.234102 0.119636 -0.061880 -0.016718
-0.128143 -0.061880 1.057441 0.351989
-0.048266 -0.016718 0.351989 0.150662
11.138861 1.646227 9.289621 2.310339
0.608703 0.198000 -0.247319 -0.073967
0.198000 0.093401 -0.085760 -0.021186
-0.247319 -0.085760 0.885105 0.262227
-0.073967 -0.021186 0.262227 0.106463
11.728355 1.578757 11.384717 2.564048
0.631669 0.187222 -0.179827 -0.044470
0.187222 0.081051 -0.051735 -0.009472
-0.179827 -0.051735 0.821949 0.222034
-0.044470 -0.009472 0.222034 0.086022
11.978386 1.428895 12.379634 2.485979
0.676420 0.184588 -0.171152 -0.036016
0.184588 0.073953 -0.041908 -0.006269
-0.171152 -0.041908 0.801550 0.200273
-0.036016 -0.006269 0.200273 0.074517
13.162894 1.545975 13.288603 2.412819
0.695951 0.176696 -0.114776 -0.018515
0.176696 0.067378 -0.022253 -0.001452
-0.114776 -0.022253 0.799420 0.187616
-0.018515 -0.001452 0.187616 0.067674
13.812627 1.521007 14.975664 2.518671
0.709369 0.169203 -0.054436 -0.003365
0.169203 0.062386 -0.005929 0.001831
-0.054436 -0.005929 0.754432 0.167870
-0.003365 0.001831 0.167870 0.060620
14.183307 1.436614 16.656494 2.604212
0.700400 0.158198 -0.009247 0.005902
0.158198 0.057645 0.003865 0.003237
-0.009247 0.003865 0.678215 0.144589
0.005902 0.003237 0.144589 0.054014
15.129266 1.481051 17.337173 2.477967
0.699211 0.150839 0.013365 0.009370
0.150839 0.054593 0.007820 0.003366
0.013365 0.007820 0.661222 0.136745
0.009370 0.003366 0.136745 0.051573
15.742489 1.450180 17.817620 2.324042
0.668940 0.138893 0.021885 0.009410
0.138893 0.051186 0.008158 0.002792
0.021885 0.008158 0.615018 0.124195
0.009410 0.002792 0.124195 0.048577
16.443545 1.443590 18.573678 2.243145
0.679459 0.137193 0.034833 0.010708
0.137193 0.050429 0.009682 0.002659
0.034833 0.009682 0.618743 0.123287
0.010708 0.002659 0.123287 0.048315
17.052814 1.421216 19.622524 2.228417
0.676706 0.133542 0.059351 0.014165
0.133542 0.049499 0.013309 0.003001
0.059351 0.013309 0.605907 0.119489
0.014165 0.003001 0.119489 0.047574
17.483026 1.367133 21.109199 2.300921
0.684036 0.132616 0.090203 0.018665
0.132616 0.049284 0.017885 0.003563
0.090203 0.017885 0.597051 0.117015
0.018665 0.003563 0.117015 0.047193
18.675058 1.465305 21.752072 2.201116
0.668231 0.127659 0.116460 0.022014
0.127659 0.048378 0.021267 0.003911
0.116460 0.021267 0.585739 0.114378
0.022014 0.003911 0.114378 0.046818
19.320818 1.446395 23.379706 2.304780
0.687922 0.130168 0.143549 0.025336
0.130168 0.049011 0.024579 0.004270
0.143549 0.024579 0.600476 0.117113
0.025336 0.004270 0.117113 0.047515
19.739241 1.393119 23.936019 2.189880
0.681922 0.128079 0.126872 0.020130
0.128079 0.048795 0.019676 0.003083
0.126872 0.019676 0.588404 0.114641
0.020130 0.003083 0.114641 0.047171
20.682339 1.436453 25.371859 2.254777
0.706711 0.131908 0.143924 0.021998
0.131908 0.049680 0.021482 0.003331
0.143924 0.021482 0.612588 0.119299
0.021998 0.003331 0.119299 0.048196
21.071647 1.379618 26.049088 2.169736
0.689315 0.127905 0.135331 0.019263
0.127905 0.049077 0.018907 0.002818
0.135331 0.018907 0.596534 0.115902
0.019263 0.002818 0.115902 0.047589
22.330015 1.485757 27.170347 2.170130
0.692636 0.127865 0.163136 0.023888
0.127865 0.049200 0.023261 0.003706
0.163136 0.023261 0.605413 0.117338
0.023888 0.003706 0.117338 0.047899
22.608549 1.401183 28.071320 2.140091
0.657065 0.120935 0.168562 0.024363
0.120935 0.048074 0.023490 0.003830
0.168562 0.023490 0.592670 0.114679
0.024363 0.003830 0.114679 0.047420
23.117667 1.372187 28.678470 2.051290
0.645756 0.119533 0.153214 0.020512
0.119533 0.048120 0.019949 0.003156
0.153214 0.019949 0.581119 0.112809
0.020512 0.003156 0.112809 0.047191
23.902404 1.399295 29.192541 1.947930
0.630498 0.117125 0.159389 0.021517
0.117125 0.047866 0.020935 0.003486
0.159389 0.020935 0.570090 0.110830
0.021517 0.003486 0.110830 0.046865
24.770687 1.439883 29.688854 1.849495
0.632313 0.118483 0.146126 0.018378
0.118483 0.048385 0.018145 0.002988
0.146126 0.018145 0.564585 0.110423
0.018378 0.002988 0.110423 0.046930
25.471858 1.430467 30.942496 1.915879
0.629398 0.118579 0.141630 0.017483
0.118579 0.048556 0.016989 0.002897
0.141630 0.016989 0.581143 0.114254
0.017483 0.002897 0.114254 0.047777
26.552496 1.503953 31.734370 1.876223
0.639275 0.121254 0.127126 0.014504
0.121254 0.049212 0.014376 0.002476
0.127126 0.014376 0.581533 0.114602
0.014504 0.002476 0.114602 0.047874
27.386715 1.520240 32.649378 1.870229
0.633805 0.120659 0.111888 0.011969
0.120659 0.049162 0.011855 0.002159
0.111888 0.011855 0.583320 0.115173
0.011969 0.002159 0.115173 0.047998
27.079847 1.316324 33.422895 1.854351
0.593127 0.113536 0.078269 0.006512
0.113536 0.047893 0.006077 0.001295
0.078269 0.006077 0.579474 0.114817
0.006512 0.001295 0.114817 0.047973
27.795029 1.327831 34.320296 1.847624
0.595614 0.114965 0.066774 0.005222
0.114965 0.048293 0.004948 0.001264
0.066774 0.004948 0.580540 0.115091
0.005222 0.001264 0.115091 0.048011
28.044183 1.248390 35.113531 1.826482
0.586268 0.113963 0.045488 0.002148
0.113963 0.048181 0.001922 0.000846
0.045488 0.001922 0.578818 0.114890
0.002148 0.000846 0.114890 0.047978
28.361395 1.185350 36.311847 1.886229
0.575823 0.112581 0.035548 0.001476
0.112581 0.047952 0.001140 0.000866
0.035548 0.001140 0.586903 0.116511
0.001476 0.000866 0.116511 0.048286
28.803490 1.154811 37.363072 1.908874
0.577832 0.113705 0.020515 -0.000422
0.113705 0.048220 -0.000673 0.000608
0.020515 -0.000673 0.588915 0.116811
-0.000422 0.000608 0.116811 0.048321
29.367910 1.150773 38.560367 1.957080
0.588071 0.116239 0.004317 -0.002574
0.116239 0.048722 -0.002742 0.000271
0.004317 -0.002742 0.594050 0.117705
-0.002574 0.000271 0.117705 0.048476
29.958852 1.151362 40.150362 2.077910
0.591890 0.117149 -0.007180 -0.003715
0.117149 0.048839 -0.003885 0.000114
-0.007180 -0.003885 0.605413 0.119724
-0.003715 0.000114 0.119724 0.048841
30.799569 1.204006 41.099818 2.059724
0.603495 0.119456 -0.019835 -0.005163
0.119456 0.049220 -0.005259 -0.000120
-0.019835 -0.005259 0.592737 0.116836
-0.005163 -0.000120 0.116836 0.048217
30.937697 1.112447 42.008960 2.036131
0.615523 0.121600 -0.054028 -0.010878
0.121600 0.049539 -0.010971 -0.001224
-0.054028 -0.010971 0.590556 0.116313
-0.010878 -0.001224 0.116313 0.048123
31.555429 1.124517 43.000450 2.031007
0.626517 0.123302 -0.068548 -0.012363
0.123302 0.049747 -0.012468 -0.001443
-0.068548 -0.012468 0.585055 0.115162
-0.012363 -0.001443 0.115162 0.047906
32.253111 1.149934 43.715391 1.972198
0.646681 0.126633 -0.086272 -0.014513
0.126633 0.050266 -0.014695 -0.001828
-0.086272 -0.014695 0.575716 0.113320
-0.014513 -0.001828 0.113320 0.047562
33.121042 1.205226 44.375763 1.909397
0.654153 0.127245 -0.093415 -0.014640
0.127245 0.050235 -0.014883 -0.001837
-0.093415 -0.014883 0.563806 0.111149
-0.014640 -0.001837 0.111149 0.047177
33.653079 1.192502 45.459475 1.934545
0.659391 0.127368 -0.108625 -0.016588
0.127368 0.050125 -0.016712 -0.002219
-0.108625 -0.016712 0.569343 0.112529
-0.016588 -0.002219 0.112529 0.047498
34.337304 1.209172 46.387796 1.927581
0.674421 0.129430 -0.124614 -0.018621
0.129430 0.050420 -0.018747 -0.002630
-0.124614 -0.018747 0.571073 0.112945
-0.018621 -0.002630 0.112945 0.047578
34.808448 1.179447 46.989485 1.853554
0.687615 0.130968 -0.144179 -0.021391
0.130968 0.050600 -0.021514 -0.003193
-0.144179 -0.021514 0.568742 0.112411
-0.021391 -0.003193 0.112411 0.047437
34.598911 1.027048 47.996512 1.859615
0.687611 0.129839 -0.168776 -0.025276
0.129839 0.050263 -0.024985 -0.003919
-0.168776 -0.024985 0.581687 0.114874
-0.025276 -0.003919 0.114874 0.047881
