-0.117288 0.915178 1.717938 -0.204857
1.241339 0.496546 -0.008004 -0.003202
0.496546 80.202690 -0.003202 -0.001281
-0.008004 -0.003202 2.110399 0.844178
-0.003202 -0.001281 0.844178 80.341745
2.498506 4.936708 1.840194 0.196775
2.603801 4.850314 -1.721744 -3.063036
4.850314 13.594855 -3.205710 -5.728569
-1.721744 -3.205710 3.131169 5.572753
-3.063036 -5.728569 5.572753 17.248207
4.642438 4.726637 4.032536 2.562765
2.102030 2.308421 -0.496638 -0.319707
2.308421 3.586664 -0.489564 -0.433753
-0.496638 -0.489564 0.887778 0.960299
-0.319707 -0.433753 0.960299 2.719674
7.026247 4.719457 4.584416 1.871432
1.193183 0.915048 -0.458510 -0.340551
0.915048 1.120465 -0.312465 -0.313317
-0.458510 -0.312465 1.410714 1.303552
-0.340551 -0.313317 1.303552 1.773427
7.369570 3.425987 4.171485 0.822633
0.832124 0.511937 -0.407104 -0.248386
0.511937 0.526976 -0.220144 -0.182979
-0.407104 -0.220144 1.536206 1.066657
-0.248386 -0.182979 1.066657 0.995055
7.196745 2.454056 6.488329 1.827973
0.468953 0.248289 -0.139000 -0.063912
0.248289 0.254275 -0.050708 -0.052999
-0.139000 -0.050708 1.203226 0.664719
-0.063912 -0.052999 0.664719 0.507345
7.509081 2.006610 7.125483 1.692691
0.531590 0.254005 -0.330217 -0.148161
0.254005 0.198853 -0.148034 -0.086704
-0.330217 -0.148034 0.998375 0.458344
-0.148161 -0.086704 0.458344 0.298856
8.003354 1.774282 7.311086 1.422164
0.615701 0.260929 -0.390538 -0.149990
0.260929 0.163751 -0.153842 -0.072659
-0.390538 -0.153842 0.938686 0.372286
-0.149990 -0.072659 0.372286 0.209350
9.059795 1.827477 7.393546 1.200397
0.697795 0.261756 -0.414509 -0.137475
0.261756 0.137876 -0.141462 -0.056508
-0.414509 -0.141462 0.964607 0.337986
-0.137475 -0.056508 0.337986 0.165046
9.914566 1.801417 7.700940 1.105500
0.724458 0.242143 -0.397572 -0.115508
0.242143 0.112894 -0.118765 -0.041655
-0.397572 -0.118765 0.941061 0.295256
-0.115508 -0.041655 0.295256 0.130303
11.010058 1.861116 8.205071 1.094630
0.658349 0.197993 -0.366023 -0.095633
0.197993 0.086994 -0.097379 -0.031068
-0.366023 -0.097379 0.880509 0.250849
-0.095633 -0.031068 0.250849 0.103643
11.800892 1.826096 9.017972 1.163783
0.625945 0.173289 -0.317330 -0.074416
0.173289 0.072803 -0.075775 -0.022291
-0.317330 -0.075775 0.803069 0.210984
-0.074416 -0.022291 0.210984 0.084227
12.584009 1.801708 10.151359 1.300747
0.587892 0.151776 -0.278218 -0.059514
0.151776 0.062497 -0.060579 -0.016720
-0.278218 -0.060579 0.733624 0.180263
-0.059514 -0.016720 0.180263 0.070986
12.955227 1.682454 11.569475 1.474838
0.585023 0.142849 -0.254693 -0.050049
0.142849 0.057369 -0.051585 -0.013339
-0.254693 -0.051585 0.676601 0.157415
-0.050049 -0.013339 0.157415 0.062035
13.862994 1.704554 12.630274 1.550571
0.578870 0.135054 -0.221017 -0.039671
0.135054 0.053620 -0.041013 -0.010101
-0.221017 -0.041013 0.644064 0.143989
-0.039671 -0.010101 0.143989 0.056846
14.130212 1.584978 14.242244 1.725607
0.549616 0.123446 -0.185408 -0.030683
0.123446 0.049720 -0.032176 -0.007774
-0.185408 -0.032176 0.574160 0.124286
-0.030683 -0.007774 0.124286 0.051121
14.529156 1.499177 15.231022 1.745540
0.516550 0.112417 -0.176425 -0.028579
0.112417 0.046517 -0.030033 -0.007171
-0.176425 -0.030033 0.521392 0.110392
-0.028579 -0.007171 0.110392 0.047353
15.237248 1.494521 16.343891 1.796701
0.504514 0.107924 -0.154942 -0.023499
0.107924 0.045312 -0.024755 -0.005830
-0.154942 -0.024755 0.499477 0.105064
-0.023499 -0.005830 0.105064 0.045975
16.121696 1.525155 17.292052 1.810191
0.477670 0.100954 -0.134511 -0.019429
0.100954 0.043759 -0.020457 -0.004893
-0.134511 -0.020457 0.467920 0.098198
-0.019429 -0.004893 0.098198 0.044408
17.256029 1.606743 18.284579 1.836475
0.462788 0.097331 -0.122185 -0.017174
0.097331 0.043094 -0.017961 -0.004359
-0.122185 -0.017961 0.454200 0.095660
-0.017174 -0.004359 0.095660 0.043889
17.875946 1.572320 19.478745 1.892676
0.464179 0.097614 -0.113770 -0.015581
0.097614 0.043329 -0.016302 -0.003967
-0.113770 -0.016302 0.451551 0.095615
-0.015581 -0.003967 0.095615 0.043927
18.605090 1.551117 19.909103 1.779551
0.442366 0.093054 -0.100299 -0.013429
0.093054 0.042516 -0.013984 -0.003551
-0.100299 -0.013984 0.431393 0.091786
-0.013429 -0.003551 0.091786 0.043133
18.880987 1.455721 21.517526 1.927431
0.426867 0.090245 -0.091241 -0.012203
0.090245 0.042124 -0.012731 -0.003348
-0.091241 -0.012731 0.411429 0.088185
-0.012203 -0.003348 0.088185 0.042419
18.857058 1.304203 23.172851 2.066719
0.413979 0.088395 -0.072347 -0.008762
0.088395 0.041978 -0.009333 -0.002649
-0.072347 -0.009333 0.392914 0.085277
-0.008762 -0.002649 0.085277 0.041921
19.479886 1.300052 24.357020 2.099799
0.407336 0.087873 -0.060000 -0.006866
0.087873 0.042068 -0.007340 -0.002274
-0.060000 -0.007340 0.388306 0.085420
-0.006866 -0.002274 0.085420 0.042063
20.715670 1.414743 24.355276 1.872318
0.400372 0.087185 -0.049864 -0.005509
0.087185 0.042061 -0.005956 -0.002034
-0.049864 -0.005956 0.379169 0.084303
-0.005509 -0.002034 0.084303 0.041853
21.092547 1.345732 25.640628 1.947134
0.396919 0.087197 -0.041585 -0.004498
0.087197 0.042167 -0.004821 -0.001822
-0.041585 -0.004821 0.382000 0.085793
-0.004498 -0.001822 0.085793 0.042204
21.410198 1.272535 27.203593 2.077152
0.388868 0.086020 -0.038049 -0.004559
0.086020 0.041954 -0.004721 -0.001839
-0.038049 -0.004721 0.384837 0.086924
-0.004559 -0.001839 0.086924 0.042398
21.925324 1.243946 28.060550 2.034781
0.388507 0.086512 -0.041305 -0.005927
0.086512 0.042091 -0.006028 -0.002121
-0.041305 -0.006028 0.386473 0.087495
-0.005927 -0.002121 0.087495 0.042420
23.189883 1.388188 29.063148 2.036560
0.373451 0.083493 -0.053258 -0.009127
0.083493 0.041390 -0.009062 -0.002773
-0.053258 -0.009062 0.385279 0.087226
-0.009127 -0.002773 0.087226 0.042232
23.333349 1.263371 30.069044 2.029213
0.368922 0.083084 -0.060355 -0.010713
0.083084 0.041325 -0.010590 -0.002989
-0.060355 -0.010590 0.388770 0.088045
-0.010713 -0.002989 0.088045 0.042323
24.145332 1.309293 31.625168 2.154152
0.369319 0.083747 -0.062845 -0.011013
0.083747 0.041486 -0.010799 -0.002886
-0.062845 -0.010799 0.402789 0.091172
-0.011013 -0.002886 0.091172 0.042942
24.389489 1.216257 32.824348 2.177926
0.369991 0.084230 -0.071175 -0.012606
0.084230 0.041549 -0.012336 -0.003113
-0.071175 -0.012336 0.416458 0.093809
-0.012606 -0.003113 0.093809 0.043383
24.680506 1.142807 33.877775 2.166583
0.361427 0.082527 -0.070903 -0.012200
0.082527 0.041103 -0.011850 -0.002901
-0.070903 -0.011850 0.420939 0.094203
-0.012200 -0.002901 0.094203 0.043318
24.857888 1.050709 34.887872 2.145739
0.378867 0.086903 -0.072800 -0.012068
0.086903 0.042084 -0.011859 -0.002774
-0.072800 -0.011859 0.433459 0.096393
-0.012068 -0.002774 0.096393 0.043689
25.863108 1.159550 35.785175 2.112259
0.374320 0.085587 -0.080011 -0.013439
0.085587 0.041626 -0.013178 -0.003035
-0.080011 -0.013178 0.442180 0.097508
-0.013439 -0.003035 0.097508 0.043796
26.762006 1.225669 36.241996 1.983728
0.374298 0.085526 -0.080393 -0.013128
0.085526 0.041532 -0.012981 -0.002930
-0.080393 -0.012981 0.437865 0.095803
-0.013128 -0.002930 0.095803 0.043324
27.237949 1.197056 37.459647 2.031641
0.385566 0.087969 -0.087321 -0.014192
0.087969 0.042012 -0.014082 -0.003105
-0.087321 -0.014082 0.454053 0.098805
-0.014192 -0.003105 0.098805 0.043947
27.740326 1.173766 38.395149 2.012759
0.392159 0.089115 -0.090564 -0.014453
0.089115 0.042163 -0.014425 -0.003129
-0.090564 -0.014425 0.458932 0.099148
-0.014453 -0.003129 0.099148 0.043960
28.558186 1.223094 39.148074 1.960907
0.380533 0.086086 -0.086648 -0.013442
0.086086 0.041382 -0.013228 -0.002889
-0.086648 -0.013228 0.457453 0.098279
-0.013442 -0.002889 0.098279 0.043754
28.921834 1.155239 39.390068 1.797307
0.377449 0.085240 -0.091318 -0.014303
0.085240 0.041160 -0.014288 -0.003136
-0.091318 -0.014288 0.448132 0.095769
-0.014303 -0.003136 0.095769 0.043208
29.547371 1.161423 39.976788 1.730470
0.377113 0.085225 -0.089118 -0.013588
0.085225 0.041179 -0.013544 -0.002967
-0.089118 -0.013544 0.447931 0.095668
-0.013588 -0.002967 0.095668 0.043271
29.859601 1.102341 41.007601 1.762170
0.392648 0.088708 -0.095990 -0.014706
0.088708 0.041965 -0.014808 -0.003203
-0.095990 -0.014808 0.460277 0.098192
-0.014706 -0.003203 0.098192 0.043867
30.513553 1.133494 42.363788 1.866465
0.410197 0.092368 -0.097786 -0.014634
0.092368 0.042736 -0.014888 -0.003169
-0.097786 -0.014888 0.468157 0.099617
-0.014634 -0.003169 0.099617 0.044192
31.677588 1.271336 43.422928 1.903116
0.403392 0.090418 -0.081672 -0.011157
0.090418 0.042234 -0.011201 -0.002425
-0.081672 -0.011201 0.459058 0.097581
-0.011157 -0.002425 0.097581 0.043805
34.853902 1.824261 42.945659 1.634722
0.213265 0.049291 0.067226 0.017725
0.049291 0.033373 0.020540 0.003690
0.067226 0.020540 0.346526 0.075559
0.017725 0.003690 0.075559 0.039550
35.654850 1.796645 43.691891 1.618806
0.233221 0.057747 0.052757 0.011849
0.057747 0.036013 0.013689 0.001745
0.052757 0.013689 0.346062 0.077296
0.011849 0.001745 0.077296 0.040240
36.540357 1.790924 44.933757 1.717777
0.261296 0.067108 0.034900 0.005927
0.067108 0.038507 0.007000 0.000094
0.034900 0.007000 0.355326 0.080961
0.005927 0.000094 0.080961 0.041246
37.213986 1.732839 45.845103 1.732247
0.294706 0.076510 0.009374 -0.000958
0.076510 0.040685 -0.000550 -0.001543
0.009374 -0.000550 0.359924 0.083053
-0.000958 -0.001543 0.083053 0.041749
37.727809 1.642055 46.728213 1.739548
0.331614 0.085409 -0.019591 -0.007705
0.085409 0.042471 -0.007813 -0.002928
-0.019591 -0.007813 0.366466 0.085181
-0.007705 -0.002928 0.085181 0.042169
