1.989441 1.757888 3.959201 0.691668
1.376673 0.550681 0.354294 0.141721
0.550681 80.224344 0.141721 0.056690
0.354294 0.141721 3.026699 1.210706
0.141721 0.056690 1.210706 80.488360
4.358203 4.587119 2.027107 -3.233804
2.841613 5.291416 -1.042205 -1.864627
5.291416 14.843791 -2.042340 -2.585955
-1.042205 -2.042340 3.580851 6.129455
-1.864627 -2.585955 6.129455 20.414922
6.083830 4.090211 3.272735 -0.066195
2.026410 2.219816 0.438512 0.651091
2.219816 3.608548 0.500131 0.894437
0.438512 0.500131 0.566113 0.669672
0.651091 0.894437 0.669672 3.136465
10.206158 5.722623 3.024175 -0.442613
1.598942 1.253229 0.115700 0.033047
1.253229 1.448699 0.077391 0.069726
0.115700 0.077391 1.135686 1.294835
0.033047 0.069726 1.294835 2.125178
10.263207 3.994832 3.955010 0.548508
0.794681 0.488995 0.179686 0.123006
0.488995 0.536536 0.108898 0.105222
0.179686 0.108898 1.378010 1.094880
0.123006 0.105222 1.094880 1.120413
10.580487 3.094550 4.272279 0.596418
0.625249 0.334619 0.087801 0.044776
0.334619 0.314919 0.041291 0.038263
0.087801 0.041291 1.442661 0.868902
0.044776 0.038263 0.868902 0.652232
11.647009 2.862987 5.804323 1.194882
0.747743 0.355297 -0.003271 -0.004448
0.355297 0.254500 -0.004874 0.007218
-0.003271 -0.004874 1.306738 0.631887
-0.004448 0.007218 0.631887 0.384587
12.489243 2.618677 6.339904 1.168962
0.764750 0.316959 -0.095416 -0.037620
0.316959 0.190316 -0.038760 -0.008225
-0.095416 -0.038760 1.266359 0.513480
-0.037620 -0.008225 0.513480 0.263013
13.418318 2.483177 7.954355 1.527959
0.769890 0.281696 -0.095587 -0.029539
0.281696 0.147122 -0.030922 -0.004714
-0.095587 -0.030922 1.107665 0.387690
-0.029539 -0.004714 0.387690 0.177468
13.206354 2.005599 8.588202 1.477426
0.656002 0.214383 -0.152872 -0.042943
0.214383 0.105433 -0.044658 -0.009237
-0.152872 -0.044658 1.009413 0.312586
-0.042943 -0.009237 0.312586 0.131095
13.921121 1.917335 9.120716 1.416714
0.650604 0.194670 -0.135620 -0.032050
0.194670 0.088391 -0.033448 -0.005475
-0.135620 -0.033448 0.941236 0.263522
-0.032050 -0.005475 0.263522 0.103646
13.423052 1.509045 9.534673 1.325286
0.582723 0.160472 -0.199117 -0.045378
0.160472 0.071112 -0.047525 -0.009244
-0.199117 -0.047525 0.880150 0.225529
-0.045378 -0.009244 0.225529 0.084984
13.963240 1.456908 10.561496 1.410524
0.586420 0.152242 -0.165022 -0.032250
0.152242 0.064482 -0.034064 -0.005460
-0.165022 -0.034064 0.807030 0.192925
-0.032250 -0.005460 0.192925 0.071760
14.246327 1.345841 11.263823 1.403571
0.568567 0.139721 -0.159002 -0.028342
0.139721 0.058096 -0.030147 -0.004589
-0.159002 -0.030147 0.746264 0.168414
-0.028342 -0.004589 0.168414 0.062758
14.799152 1.320369 12.198419 1.452765
0.565346 0.132896 -0.148606 -0.024070
0.132896 0.054326 -0.025847 -0.003701
-0.148606 -0.025847 0.701686 0.151472
-0.024070 -0.003701 0.151472 0.056998
15.055032 1.235473 13.489460 1.566163
0.557678 0.126497 -0.123082 -0.017425
0.126497 0.051443 -0.019069 -0.002413
-0.123082 -0.019069 0.644898 0.134771
-0.017425 -0.002413 0.134771 0.052285
15.178620 1.134769 14.933239 1.695435
0.542599 0.119370 -0.112116 -0.014847
0.119370 0.048893 -0.016589 -0.002176
-0.112116 -0.016589 0.586556 0.119813
-0.014847 -0.002176 0.119813 0.048568
15.366734 1.055471 16.011166 1.736778
0.543260 0.116870 -0.100035 -0.012146
0.116870 0.047809 -0.013770 -0.001809
-0.100035 -0.013770 0.560462 0.113310
-0.012146 -0.001809 0.113310 0.047061
16.170527 1.117699 17.115138 1.788920
0.541836 0.114637 -0.076534 -0.007485
0.114637 0.047044 -0.008687 -0.000999
-0.076534 -0.008687 0.549898 0.110917
-0.007485 -0.000999 0.110917 0.046607
16.942918 1.159057 17.736238 1.736362
0.542817 0.113228 -0.064639 -0.005617
0.113228 0.046577 -0.006513 -0.000818
-0.064639 -0.006513 0.550092 0.110815
-0.005617 -0.000818 0.110815 0.046633
17.543327 1.169091 19.097386 1.836438
0.526306 0.108601 -0.049413 -0.003442
0.108601 0.045559 -0.004227 -0.000636
-0.049413 -0.004227 0.520612 0.104797
-0.003442 -0.000636 0.104797 0.045472
18.353432 1.212112 19.677227 1.770208
0.507756 0.104204 -0.034928 -0.001530
0.104204 0.044730 -0.002105 -0.000452
-0.034928 -0.002105 0.502341 0.101607
-0.001530 -0.000452 0.101607 0.044979
18.928284 1.209403 20.997155 1.858697
0.491295 0.100917 -0.004387 0.003650
0.100917 0.044249 0.003187 0.000426
-0.004387 0.003187 0.480137 0.097988
0.003650 0.000426 0.097988 0.044443
19.619554 1.228931 22.207300 1.917119
0.497448 0.102430 0.001442 0.003626
0.102430 0.044747 0.003248 0.000248
0.001442 0.003248 0.486418 0.100209
0.003626 0.000248 0.100209 0.045064
19.958734 1.173470 23.490971 1.983254
0.492818 0.101562 -0.003574 0.001457
0.101562 0.044690 0.001158 -0.000320
-0.003574 0.001158 0.481593 0.099770
0.001457 -0.000320 0.099770 0.045035
20.482390 1.160643 24.563430 1.999907
0.479006 0.098954 0.006059 0.002674
0.098954 0.044281 0.002429 -0.000099
0.006059 0.002429 0.471047 0.098148
0.002674 -0.000099 0.098148 0.044750
20.839217 1.114042 25.353573 1.955609
0.472033 0.097976 0.008499 0.002442
0.097976 0.044224 0.002244 -0.000162
0.008499 0.002244 0.466077 0.097722
0.002442 -0.000162 0.097722 0.044708
21.143756 1.061354 26.347921 1.959061
0.458958 0.095773 -0.006283 -0.001259
0.095773 0.043890 -0.001384 -0.000913
-0.006283 -0.001384 0.459410 0.096868
-0.001259 -0.000913 0.096868 0.044550
22.501640 1.235052 27.713868 2.040910
0.430369 0.090444 -0.016802 -0.003604
0.090444 0.042896 -0.003685 -0.001301
-0.016802 -0.003685 0.449094 0.095219
-0.003604 -0.001301 0.095219 0.044213
22.858955 1.179714 28.791786 2.053083
0.441123 0.093823 -0.020114 -0.004145
0.093823 0.043787 -0.004209 -0.001281
-0.020114 -0.004209 0.466177 0.099457
-0.004145 -0.001281 0.099457 0.045134
24.282490 1.358608 30.331687 2.163435
0.427953 0.091617 -0.031573 -0.006374
0.091617 0.043358 -0.006415 -0.001637
-0.031573 -0.006415 0.474817 0.101375
-0.006374 -0.001637 0.101375 0.045456
24.973575 1.360867 31.254125 2.129480
0.429615 0.092711 -0.028106 -0.005191
0.092711 0.043647 -0.005205 -0.001245
-0.028106 -0.005205 0.481978 0.102761
-0.005191 -0.001245 0.102761 0.045640
25.528534 1.333625 32.319535 2.129308
0.423524 0.091880 -0.030825 -0.005496
0.091880 0.043457 -0.005486 -0.001232
-0.030825 -0.005486 0.489695 0.104102
-0.005496 -0.001232 0.104102 0.045806
25.555368 1.194745 33.647880 2.183192
0.406316 0.088629 -0.021792 -0.003346
0.088629 0.042741 -0.003197 -0.000699
-0.021792 -0.003197 0.499255 0.105748
-0.003346 -0.000699 0.105748 0.046044
26.228278 1.210241 34.394178 2.110617
0.411566 0.090481 -0.019779 -0.002848
0.090481 0.043174 -0.002713 -0.000590
-0.019779 -0.002713 0.503696 0.106158
-0.002848 -0.000590 0.106158 0.046015
26.853221 1.214015 35.262141 2.071363
0.430407 0.095012 -0.023389 -0.003548
0.095012 0.044129 -0.003497 -0.000750
-0.023389 -0.003497 0.517231 0.108473
-0.003548 -0.000750 0.108473 0.046408
27.676583 1.262143 36.421239 2.097801
0.437494 0.096431 -0.020217 -0.002808
0.096431 0.044303 -0.002704 -0.000577
-0.020217 -0.002704 0.531612 0.110817
-0.002808 -0.000577 0.110817 0.046800
28.644989 1.334667 36.957397 1.992672
0.454372 0.099824 -0.020857 -0.002911
0.099824 0.044905 -0.002894 -0.000619
-0.020857 -0.002894 0.529973 0.109679
-0.002911 -0.000619 0.109679 0.046461
29.893957 1.461212 37.790828 1.960870
0.402728 0.087849 -0.039283 -0.006877
0.087849 0.042100 -0.006923 -0.001492
-0.039283 -0.006923 0.534804 0.110038
-0.006877 -0.001492 0.110038 0.046481
30.146138 1.354823 38.480687 1.899446
0.418051 0.091783 -0.047543 -0.008146
0.091783 0.043057 -0.008338 -0.001700
-0.047543 -0.008338 0.541484 0.110861
-0.008146 -0.001700 0.110861 0.046626
30.774834 1.345010 39.622121 1.938366
0.393903 0.086574 -0.050353 -0.008406
0.086574 0.041892 -0.008415 -0.001676
-0.050353 -0.008415 0.557026 0.113519
-0.008406 -0.001676 0.113519 0.047155
31.318141 1.316252 40.579099 1.935157
0.403402 0.089305 -0.047324 -0.007332
0.089305 0.042581 -0.007321 -0.001393
-0.047324 -0.007321 0.559575 0.113394
-0.007332 -0.001393 0.113394 0.047097
31.578961 1.227598 41.517972 1.926915
0.414774 0.092063 -0.049122 -0.007387
0.092063 0.043179 -0.007474 -0.001405
-0.049122 -0.007474 0.561297 0.113186
-0.007387 -0.001405 0.113186 0.047045
32.005509 1.184498 42.261995 1.881490
0.436814 0.096880 -0.048815 -0.006989
0.096880 0.044175 -0.007255 -0.001337
-0.048815 -0.007255 0.552117 0.110907
-0.006989 -0.001337 0.110907 0.046603
32.583870 1.182845 43.414435 1.923993
0.460161 0.101474 -0.047536 -0.006471
0.101474 0.045036 -0.006817 -0.001240
-0.047536 -0.006817 0.551816 0.110713
-0.006471 -0.001240 0.110713 0.046632
32.944359 1.130895 44.173299 1.881591
0.464809 0.101559 -0.041169 -0.005144
0.101559 0.044860 -0.005461 -0.001002
-0.041169 -0.005461 0.533380 0.106972
-0.005144 -0.001002 0.106972 0.045953
33.428952 1.108261 44.323725 1.721714
0.447390 0.097056 -0.018009 -0.000709
0.097056 0.043772 -0.000767 -0.000139
-0.018009 -0.000767 0.490001 0.098673
-0.000709 -0.000139 0.098673 0.044428
34.197623 1.155286 45.294633 1.745304
0.473871 0.102464 -0.017816 -0.001031
0.102464 0.044933 -0.001239 -0.000318
-0.017816 -0.001239 0.486528 0.098992
-0.001031 -0.000318 0.098992 0.044712
35.331977 1.273752 45.926294 1.698364
0.485051 0.104172 0.002158 0.002687
0.104172 0.045225 0.002502 0.000381
0.002158 0.002502 0.452749 0.093034
0.002687 0.000381 0.093034 0.043656
36.182204 1.319916 47.015031 1.748948
0.515428 0.109786 -0.005225 0.000513
0.109786 0.046330 0.000218 -0.000191
-0.005225 0.000218 0.446787 0.093090
0.000513 -0.000191 0.093090 0.043851
