5.646665 3.220809 12.986234 4.302559
3.896441 1.558610 7.875159 3.150132
1.558610 80.627524 3.150132 1.260080
7.875159 3.150132 33.482945 13.393468
3.150132 1.260080 13.393468 85.361570
4.010552 -1.572932 11.499388 1.928971
4.517943 8.010067 -0.669934 -1.631918
8.010067 22.992139 -1.464980 4.654023
-0.669934 -1.464980 1.286285 1.263756
-1.631918 4.654023 1.263756 39.446446
6.497648 1.406164 9.075592 -3.393521
3.497391 3.903080 0.855214 1.932724
3.903080 6.218936 0.998838 2.760092
0.855214 0.998838 0.485115 0.942491
1.932724 2.760092 0.942491 5.491523
6.995443 1.241716 6.993068 -3.925600
2.094131 1.634993 0.266566 0.144576
1.634993 2.007398 0.225040 0.273000
0.266566 0.225040 1.493139 2.119810
0.144576 0.273000 2.119810 3.598050
6.569334 0.588486 4.897818 -3.998535
1.610493 1.004644 0.181808 0.093037
1.004644 0.992060 0.150759 0.155672
0.181808 0.150759 4.469041 3.895591
0.093037 0.155672 3.895591 3.589334
8.116027 1.248361 3.609047 -3.579011
1.595528 0.838351 0.474984 0.269914
0.838351 0.649719 0.280951 0.197102
0.474984 0.280951 6.059358 3.719838
0.269914 0.197102 3.719838 2.380399
9.040324 1.389597 5.137321 -2.008583
1.401116 0.630012 1.257642 0.590159
0.630012 0.415788 0.570644 0.289775
1.257642 0.570644 3.622821 1.711110
0.590159 0.289775 1.711110 0.868600
8.996719 1.097947 3.634895 -2.199782
1.178233 0.461493 1.217981 0.469068
0.461493 0.271783 0.443097 0.185141
1.217981 0.443097 4.965688 1.921368
0.469068 0.185141 1.921368 0.786956
9.275374 0.989602 3.345267 -1.934584
1.162445 0.404703 1.385529 0.452464
0.404703 0.207621 0.435405 0.152467
1.385529 0.435405 5.387982 1.761486
0.452464 0.152467 1.761486 0.610617
10.474091 1.212494 3.100641 -1.730015
1.097796 0.345815 1.248460 0.353427
0.345815 0.160947 0.327150 0.100241
1.248460 0.327150 5.886513 1.667076
0.353427 0.100241 1.667076 0.502077
11.699639 1.375097 3.976802 -1.294795
0.976288 0.279588 1.171661 0.292966
0.279588 0.122580 0.267133 0.072692
1.171661 0.267133 6.033696 1.508001
0.292966 0.072692 1.508001 0.404259
12.448346 1.379788 4.189699 -1.102187
0.841989 0.221584 1.115891 0.249978
0.221584 0.094832 0.213776 0.052587
1.115891 0.213776 6.937852 1.553409
0.249978 0.052587 1.553409 0.373879
12.900444 1.321724 3.269599 -1.177084
0.810191 0.200194 1.091326 0.221530
0.200194 0.082101 0.175211 0.039416
1.091326 0.175211 8.098826 1.642900
0.221530 0.039416 1.642900 0.358848
13.124250 1.210938 2.724417 -1.169146
0.772849 0.179602 1.130613 0.209849
0.179602 0.071608 0.167891 0.034389
1.130613 0.167891 8.678866 1.609718
0.209849 0.034389 1.609718 0.324182
13.219887 1.092929 1.767013 -1.232875
0.762539 0.168760 1.152563 0.197040
0.168760 0.065338 0.164165 0.030814
1.152563 0.164165 8.727534 1.492223
0.197040 0.030814 1.492223 0.281165
13.792022 1.110110 0.270260 -1.372749
0.744447 0.160192 0.971401 0.153874
0.160192 0.061245 0.120237 0.021413
0.971401 0.120237 8.227448 1.306524
0.153874 0.021413 1.306524 0.234165
14.767053 1.215845 -1.377795 -1.516164
0.706720 0.149981 0.652082 0.096172
0.149981 0.057728 0.058507 0.010690
0.652082 0.058507 7.091130 1.053445
0.096172 0.010690 1.053445 0.184026
15.154061 1.185868 -3.679556 -1.732173
0.713148 0.148521 0.498681 0.069006
0.148521 0.056128 0.043876 0.007930
0.498681 0.043876 5.546357 0.776465
0.069006 0.007930 0.776465 0.137192
16.522265 1.354831 -5.119834 -1.809797
0.683159 0.141279 0.194143 0.024886
0.141279 0.054022 -0.004274 0.001038
0.194143 -0.004274 4.142894 0.551742
0.024886 0.001038 0.551742 0.103012
16.680498 1.258799 -7.078529 -1.944274
0.713059 0.143919 0.203284 0.025345
0.143919 0.053631 0.011671 0.003039
0.203284 0.011671 3.094897 0.396233
0.025345 0.003039 0.396233 0.081335
17.709155 1.344776 -8.748614 -2.031819
0.721672 0.143435 0.082874 0.009585
0.143435 0.053090 -0.005084 0.000788
0.082874 -0.005084 2.430460 0.303305
0.009585 0.000788 0.303305 0.069520
19.439466 1.550244 -9.576348 -2.009265
0.718526 0.140939 -0.050809 -0.006711
0.140939 0.052321 -0.024774 -0.001670
-0.050809 -0.024774 1.909436 0.235535
-0.006711 -0.001670 0.235535 0.061731
20.344664 1.581368 -11.616439 -2.137437
0.756911 0.145965 -0.057302 -0.006449
0.145965 0.052986 -0.020805 -0.001094
-0.057302 -0.020805 1.660716 0.205700
-0.006449 -0.001094 0.205700 0.059056
20.532652 1.467684 -12.767927 -2.149134
0.779724 0.147518 0.001534 0.001859
0.147518 0.052964 -0.005421 0.000853
0.001534 -0.005421 1.363822 0.171518
0.001859 0.000853 0.171518 0.055906
20.983628 1.413311 -13.318201 -2.081917
0.789710 0.147029 0.018819 0.004360
0.147029 0.052692 -0.000129 0.001415
0.018819 -0.000129 1.128921 0.146263
0.004360 0.001415 0.146263 0.053858
21.010781 1.290237 -15.065016 -2.178973
0.836391 0.153605 0.050959 0.008819
0.153605 0.053813 0.006664 0.002190
0.050959 0.006664 1.044827 0.141468
0.008819 0.002190 0.141468 0.054405
21.249332 1.217535 -16.545990 -2.234984
0.877669 0.158894 0.059367 0.009738
0.158894 0.054667 0.008387 0.002244
0.059367 0.008387 0.955799 0.135325
0.009738 0.002244 0.135325 0.054510
22.490512 1.329603 -17.315707 -2.183061
0.894715 0.159764 0.015169 0.002789
0.159764 0.054740 0.000546 0.000899
0.015169 0.000546 0.849616 0.125924
0.002789 0.000899 0.125924 0.053888
23.239907 1.344703 -18.497801 -2.197120
0.930768 0.164099 0.009851 0.002040
0.164099 0.055460 0.000121 0.000749
0.009851 0.000121 0.794210 0.123708
0.002040 0.000749 0.123708 0.054150
23.398963 1.255831 -19.912974 -2.249051
0.975687 0.169811 0.032674 0.005859
0.169811 0.056403 0.004510 0.001392
0.032674 0.004510 0.762370 0.124392
0.005859 0.001392 0.124392 0.054643
23.772034 1.211402 -20.613402 -2.177055
0.999988 0.171763 0.039685 0.006797
0.171763 0.056677 0.005752 0.001483
0.039685 0.005752 0.707530 0.120140
0.006797 0.001483 0.120140 0.054069
24.039336 1.153561 -21.465846 -2.135232
1.030461 0.174880 0.049581 0.008195
0.174880 0.057181 0.007317 0.001642
0.049581 0.007317 0.675051 0.119045
0.008195 0.001642 0.119045 0.053887
24.758005 1.177237 -22.458322 -2.121708
1.068926 0.179377 0.042843 0.006486
0.179377 0.057931 0.005931 0.001271
0.042843 0.005931 0.654821 0.119332
0.006486 0.001271 0.119332 0.053802
25.008514 1.120756 -23.348090 -2.089102
1.103788 0.183118 0.054866 0.008419
0.183118 0.058533 0.007789 0.001544
0.054866 0.007789 0.638134 0.119406
0.008419 0.001544 0.119406 0.053542
26.495160 1.271787 -23.946477 -2.005828
1.136507 0.186557 0.025756 0.002370
0.186557 0.059101 0.002768 0.000497
0.025756 0.002768 0.611640 0.116958
0.002370 0.000497 0.116958 0.052728
26.091465 1.102134 -24.599059 -1.935285
1.156556 0.187758 0.065162 0.010170
0.187758 0.059278 0.009283 0.001783
0.065162 0.009283 0.602738 0.117315
0.010170 0.001783 0.117315 0.052400
26.144598 1.022407 -25.727000 -1.965564
1.203783 0.193549 0.084712 0.013353
0.193549 0.060233 0.012013 0.002217
0.084712 0.012013 0.609837 0.120285
0.013353 0.002217 0.120285 0.052556
26.489663 0.995857 -26.691129 -1.961253
1.249106 0.198838 0.091618 0.013786
0.198838 0.061078 0.012567 0.002200
0.091618 0.012567 0.608105 0.120825
0.013786 0.002200 0.120825 0.052181
27.684219 1.107255 -28.029817 -2.035882
1.315724 0.207387 0.078051 0.010049
0.207387 0.062424 0.009874 0.001539
0.078051 0.009874 0.613198 0.122420
0.010049 0.001539 0.122420 0.052048
28.326792 1.122142 -29.286500 -2.084118
1.376335 0.214439 0.088725 0.011613
0.214439 0.063456 0.011256 0.001776
0.088725 0.011256 0.615678 0.122969
0.011613 0.001776 0.122969 0.051689
29.051718 1.147869 -30.429834 -2.105172
1.435412 0.220948 0.099532 0.013102
0.220948 0.064371 0.012605 0.001994
0.099532 0.012605 0.612393 0.122123
0.013102 0.001994 0.122123 0.051093
30.670438 1.305737 -31.202938 -2.054584
1.495315 0.227436 0.090057 0.010434
0.227436 0.065278 0.010862 0.001582
0.090057 0.010862 0.594210 0.118346
0.010434 0.001582 0.118346 0.049999
31.357191 1.311252 -32.314683 -2.071653
1.550708 0.232827 0.118074 0.015597
0.232827 0.065973 0.014846 0.002368
0.118074 0.014846 0.595564 0.118522
0.015597 0.002368 0.118522 0.049761
32.291578 1.349276 -32.707124 -1.944517
1.589220 0.235634 0.136486 0.018474
0.235634 0.066292 0.017221 0.002781
0.136486 0.017221 0.576424 0.114532
0.018474 0.002781 0.114532 0.048727
33.076944 1.364867 -33.562330 -1.921718
1.639298 0.240175 0.164971 0.023093
0.240175 0.066887 0.020823 0.003407
0.164971 0.020823 0.577947 0.114896
0.023093 0.003407 0.114896 0.048644
33.396344 1.310527 -34.306062 -1.875612
1.677585 0.242876 0.202688 0.029286
0.242876 0.067208 0.025547 0.004232
0.202688 0.025547 0.580891 0.115343
0.029286 0.004232 0.115343 0.048565
34.958898 1.439823 -35.042576 -1.842177
1.743599 0.249858 0.214763 0.029616
0.249858 0.068197 0.026340 0.004183
0.214763 0.026340 0.578812 0.114838
0.029616 0.004183 0.114838 0.048337
35.814042 1.461422 -36.213760 -1.893773
1.806029 0.255835 0.253281 0.035399
0.255835 0.068978 0.030787 0.004913
0.253281 0.030787 0.596241 0.118015
0.035399 0.004913 0.118015 0.048821
36.306953 1.427925 -37.178522 -1.895077
1.856099 0.259830 0.297156 0.041939
0.259830 0.069455 0.035808 0.005736
0.297156 0.035808 0.609355 0.119904
0.041939 0.005736 0.119904 0.048992
37.618618 1.507374 -37.741631 -1.824187
1.915655 0.265350 0.322272 0.044111
0.265350 0.070182 0.038121 0.005954
0.322272 0.038121 0.607763 0.118816
0.044111 0.005954 0.118816 0.048599
