0.409649 1.125957 14.374152 4.857738
5.065642 2.026301 8.384405 3.353835
2.026301 80.814604 3.353835 1.341563
8.384405 3.353835 71.521297 28.609139
3.353835 1.341563 28.609139 91.447970
2.581324 4.450424 10.943409 1.042601
4.701670 7.354383 1.719920 0.471389
7.354383 24.511772 2.639532 4.884006
1.719920 2.639532 1.034326 0.422295
0.471389 4.884006 0.422295 46.317998
6.565968 6.318705 10.399108 -1.552565
3.702513 3.988927 0.702048 0.183953
3.988927 7.660148 0.809110 1.595970
0.702048 0.809110 2.841401 5.227214
0.183953 1.595970 5.227214 11.988690
7.586362 4.520673 7.264138 -3.822212
2.267938 1.781727 -1.892349 -2.092103
1.781727 2.691390 -1.448780 -1.122137
-1.892349 -1.448780 2.913144 3.111809
-2.092103 -1.122137 3.111809 3.897451
9.449886 4.252056 5.648943 -3.626478
1.665746 1.091054 -1.467149 -0.994391
1.091054 1.338035 -0.361194 -0.017879
-1.467149 -0.361194 4.983556 3.710118
-0.994391 -0.017879 3.710118 2.996177
9.735169 3.178084 4.879844 -3.162833
1.188846 0.733542 -0.302975 -0.088640
0.733542 0.785135 0.601308 0.461488
-0.302975 0.601308 7.410950 4.185375
-0.088640 0.461488 4.185375 2.484004
10.766028 2.925593 3.963107 -2.897090
1.131715 0.644713 0.691452 0.366616
0.644713 0.547638 1.035575 0.526443
0.691452 1.035575 10.275968 4.599218
0.366616 0.526443 4.599218 2.132546
11.284097 2.626263 5.640667 -1.796727
1.067164 0.551629 1.820846 0.704511
0.551629 0.384353 1.222560 0.484229
1.820846 1.222560 10.159484 3.768344
0.704511 0.484229 3.768344 1.449707
11.545590 2.168348 2.908930 -2.393163
1.068845 0.465559 1.870384 0.608359
0.465559 0.268505 1.016831 0.337875
1.870384 1.016831 12.617995 3.948081
0.608359 0.337875 3.948081 1.276236
11.323459 1.686264 0.116757 -2.849796
1.191478 0.447803 2.120127 0.594690
0.447803 0.215635 0.890948 0.255454
2.120127 0.890948 11.501843 3.130015
0.594690 0.255454 3.130015 0.886528
12.476991 1.807247 2.519413 -1.935900
1.054108 0.343053 1.204855 0.303173
0.343053 0.148951 0.409236 0.107277
1.204855 0.409236 4.355715 1.053799
0.303173 0.107277 1.053799 0.286179
13.768836 1.920607 1.652483 -1.910235
0.998987 0.291578 1.078235 0.242536
0.291578 0.116826 0.314172 0.073933
1.078235 0.314172 4.618267 1.006867
0.242536 0.073933 1.006867 0.248784
13.827166 1.674774 1.453929 -1.765861
0.911464 0.241917 1.117664 0.226247
0.241917 0.092573 0.285708 0.060365
1.117664 0.285708 4.535674 0.903237
0.226247 0.060365 0.903237 0.208145
14.203384 1.566544 -0.752568 -2.009161
0.915427 0.225332 1.050854 0.194082
0.225332 0.081835 0.235460 0.045520
1.050854 0.235460 4.692257 0.861568
0.194082 0.045520 0.861568 0.186106
14.888270 1.550050 -2.586729 -2.150859
0.869027 0.201214 0.827082 0.140295
0.201214 0.071765 0.162573 0.029253
0.827082 0.162573 4.174112 0.712545
0.140295 0.029253 0.712545 0.149605
15.989832 1.624284 -3.652296 -2.150353
0.800416 0.176881 0.554673 0.086544
0.176881 0.063572 0.093930 0.016066
0.554673 0.093930 3.372737 0.540503
0.086544 0.016066 0.540503 0.114937
16.446028 1.551267 -5.178553 -2.217626
0.791941 0.167932 0.455093 0.065892
0.167932 0.059737 0.070998 0.011528
0.455093 0.070998 2.815745 0.428016
0.065892 0.011528 0.428016 0.093917
16.637856 1.423919 -5.806243 -2.143747
0.780360 0.159466 0.402920 0.054653
0.159466 0.056591 0.061875 0.009570
0.402920 0.061875 2.197584 0.319995
0.054653 0.009570 0.319995 0.076102
16.820624 1.312089 -6.489144 -2.084371
0.768640 0.152401 0.357172 0.045557
0.152401 0.054297 0.052869 0.007861
0.357172 0.052869 1.815882 0.256987
0.045557 0.007861 0.256987 0.066579
17.251953 1.274311 -8.118937 -2.165376
0.772702 0.149982 0.288176 0.033937
0.149982 0.053399 0.038090 0.005488
0.288176 0.038090 1.646895 0.230020
0.033937 0.005488 0.230020 0.063030
18.222091 1.349188 -10.068562 -2.290378
0.776954 0.148666 0.182073 0.018067
0.148666 0.052995 0.017432 0.002484
0.182073 0.017432 1.516286 0.211241
0.018067 0.002484 0.211241 0.060969
18.738963 1.323708 -11.618674 -2.345771
0.795541 0.149772 0.137902 0.011877
0.149772 0.053010 0.011270 0.001695
0.137902 0.011270 1.340684 0.187025
0.011877 0.001695 0.187025 0.058180
19.034709 1.260131 -13.256684 -2.408455
0.825687 0.152973 0.117233 0.009279
0.152973 0.053452 0.009546 0.001548
0.117233 0.009546 1.199741 0.169040
0.009279 0.001548 0.169040 0.056360
19.598454 1.243177 -13.951812 -2.334469
0.829741 0.151485 0.084815 0.005319
0.151485 0.053086 0.005926 0.001160
0.084815 0.005926 1.026190 0.147313
0.005319 0.001160 0.147313 0.054020
19.660662 1.134383 -14.212025 -2.195574
0.827786 0.149047 0.089319 0.006962
0.149047 0.052596 0.008782 0.001728
0.089319 0.008782 0.884254 0.130581
0.006962 0.001728 0.130581 0.052333
19.903396 1.076571 -15.347221 -2.198975
0.852471 0.152033 0.079898 0.006098
0.152033 0.053211 0.007964 0.001648
0.079898 0.007964 0.832483 0.127900
0.006098 0.001648 0.127900 0.052701
20.568105 1.099777 -16.562507 -2.218414
0.878575 0.155377 0.052023 0.002232
0.155377 0.053901 0.003761 0.001013
0.052023 0.003761 0.794532 0.126985
0.002232 0.001013 0.126985 0.053163
20.921226 1.067517 -18.063007 -2.282122
0.921396 0.161451 0.043955 0.001637
0.161451 0.055024 0.003215 0.000974
0.043955 0.003215 0.774411 0.128207
0.001637 0.000974 0.128207 0.053755
21.633558 1.098275 -19.153754 -2.274477
0.951377 0.165043 0.023119 -0.001117
0.165043 0.055670 0.000479 0.000557
0.023119 0.000479 0.737529 0.125886
-0.001117 0.000557 0.125886 0.053570
22.227303 1.103001 -19.481701 -2.132576
0.958524 0.164581 0.013589 -0.001739
0.164581 0.055598 -0.000131 0.000528
0.013589 -0.000131 0.679503 0.119246
-0.001739 0.000528 0.119246 0.052486
23.095249 1.156076 -20.228422 -2.075883
0.982367 0.167266 -0.001495 -0.003539
0.167266 0.056114 -0.001902 0.000248
-0.001495 -0.001902 0.654640 0.118300
-0.003539 0.000248 0.118300 0.052354
23.605806 1.144579 -21.191904 -2.061933
1.016349 0.171618 0.002342 -0.001876
0.171618 0.056899 -0.000486 0.000544
0.002342 -0.000486 0.644137 0.119344
-0.001876 0.000544 0.119344 0.052462
22.957532 0.939821 -21.439438 -1.912017
1.021594 0.170992 0.044146 0.006772
0.170992 0.056818 0.007049 0.001963
0.044146 0.007049 0.614114 0.115977
0.006772 0.001963 0.115977 0.051620
23.474793 0.947959 -22.764195 -1.983098
1.073938 0.178505 0.039495 0.005672
0.178505 0.058138 0.006112 0.001634
0.039495 0.006112 0.626129 0.120478
0.005672 0.001634 0.120478 0.052280
24.388787 1.020706 -24.044113 -2.040072
1.127260 0.185747 0.024824 0.002675
0.185747 0.059338 0.003578 0.001026
0.024824 0.003578 0.631041 0.122788
0.002675 0.001026 0.122788 0.052406
24.942923 1.027561 -24.632309 -1.955570
1.156662 0.188674 0.026218 0.003100
0.188674 0.059771 0.003870 0.001032
0.026218 0.003870 0.611687 0.119757
0.003100 0.001032 0.119757 0.051435
25.467415 1.029607 -26.127601 -2.057582
1.220439 0.197148 0.034093 0.004667
0.197148 0.061110 0.005127 0.001216
0.034093 0.005127 0.624927 0.123108
0.004667 0.001216 0.123108 0.051779
26.508091 1.113241 -26.624002 -1.953388
1.253781 0.200286 0.025225 0.002808
0.200286 0.061531 0.003602 0.000844
0.025225 0.003602 0.600309 0.118470
0.002808 0.000844 0.118470 0.050510
27.000324 1.102459 -26.719932 -1.778744
1.267542 0.200317 0.037021 0.005227
0.200317 0.061475 0.005458 0.001182
0.037021 0.005458 0.572515 0.113391
0.005227 0.001182 0.113391 0.049248
27.478871 1.091505 -28.083381 -1.873167
1.328934 0.208065 0.055753 0.008710
0.208065 0.062677 0.008198 0.001654
0.055753 0.008198 0.589703 0.117515
0.008710 0.001654 0.117515 0.049904
27.902193 1.073276 -29.563174 -1.981418
1.395293 0.216177 0.077375 0.012428
0.216177 0.063880 0.011160 0.002134
0.077375 0.011160 0.605206 0.120735
0.012428 0.002134 0.120735 0.050307
29.033776 1.164904 -30.758929 -2.023922
1.461623 0.223904 0.079516 0.011912
0.223904 0.064979 0.010944 0.001947
0.079516 0.010944 0.603966 0.120246
0.011912 0.001947 0.120246 0.049948
30.069297 1.233860 -31.891181 -2.049286
1.525411 0.230860 0.091873 0.013526
0.230860 0.065920 0.012343 0.002115
0.091873 0.012343 0.600677 0.119304
0.013526 0.002115 0.119304 0.049537
30.929658 1.271413 -33.261350 -2.118861
1.594721 0.238326 0.115992 0.017342
0.238326 0.066911 0.015407 0.002610
0.115992 0.015407 0.605225 0.119922
0.017342 0.002610 0.119922 0.049477
31.050738 1.194686 -34.161912 -2.085171
1.637682 0.241519 0.155855 0.024071
0.241519 0.067236 0.020644 0.003523
0.155855 0.020644 0.599339 0.118306
0.024071 0.003523 0.118306 0.048975
31.525093 1.176015 -35.072012 -2.058244
1.690731 0.246291 0.182356 0.027534
0.246291 0.067829 0.023588 0.003912
0.182356 0.023588 0.594085 0.116988
0.027534 0.003912 0.116988 0.048596
32.017461 1.162856 -36.206250 -2.078547
1.753359 0.252362 0.209292 0.030806
0.252362 0.068613 0.026423 0.004265
0.209292 0.026423 0.596676 0.117300
0.030806 0.004265 0.117300 0.048572
33.328323 1.266327 -37.117183 -2.058278
1.822658 0.259345 0.218267 0.030267
0.259345 0.069535 0.026658 0.004094
0.218267 0.026658 0.589784 0.115775
0.030267 0.004094 0.115775 0.048207
34.362952 1.323815 -38.212970 -2.074830
1.892991 0.266097 0.242951 0.033039
0.266097 0.070384 0.029139 0.004419
0.242951 0.029139 0.593102 0.116263
0.033039 0.004419 0.116263 0.048244
34.938263 1.306957 -38.780075 -1.980144
1.936821 0.268846 0.275029 0.037398
0.268846 0.070646 0.032678 0.004989
0.275029 0.032678 0.587506 0.114814
0.037398 0.004989 0.114814 0.047870
