1.634806 1.616031 4.275782 0.818303
1.147496 0.459008 0.586591 0.234641
0.459008 80.187674 0.234641 0.093859
0.586591 0.234641 2.662159 1.064887
0.234641 0.093859 1.064887 80.430031
5.775092 8.024217 1.751156 -4.450613
1.837476 3.489539 -0.811421 -1.507307
3.489539 10.807124 -1.718796 -1.349566
-0.811421 -1.718796 3.613263 6.309346
-1.507307 -1.349566 6.309346 19.895374
7.352202 5.342647 0.694302 -3.420957
2.039376 2.299338 0.140955 0.382496
2.299338 3.523806 0.237319 0.845673
0.140955 0.237319 1.651772 1.852232
0.382496 0.845673 1.852232 4.166000
7.738489 3.675837 2.131228 -0.819647
1.340634 1.057146 0.595723 0.572594
1.057146 1.196785 0.490566 0.563947
0.595723 0.490566 0.906337 0.805812
0.572594 0.563947 0.805812 1.470143
7.529226 2.408675 2.994533 0.249990
0.723471 0.443467 0.547201 0.388316
0.443467 0.455970 0.333094 0.280266
0.547201 0.333094 0.947068 0.703480
0.388316 0.280266 0.703480 0.851378
8.903913 2.456690 4.400676 1.069291
0.697811 0.372166 0.370906 0.182577
0.372166 0.305816 0.170835 0.108811
0.370906 0.170835 0.947030 0.584997
0.182577 0.108811 0.584997 0.530601
9.817766 2.309384 4.883963 1.060856
0.776397 0.360959 0.223202 0.072129
0.360959 0.236759 0.076887 0.039800
0.223202 0.076887 1.024190 0.531615
0.072129 0.039800 0.531615 0.375253
10.803780 2.232655 5.899965 1.282507
0.763524 0.308774 0.066219 0.001024
0.308774 0.173513 0.009205 0.007330
0.066219 0.009205 1.038210 0.458065
0.001024 0.007330 0.458065 0.267226
11.189726 1.961654 7.838972 1.791051
0.669710 0.238786 -0.039013 -0.028711
0.238786 0.122551 -0.021965 -0.002640
-0.039013 -0.021965 0.957669 0.364916
-0.028711 -0.002640 0.364916 0.186228
11.746142 1.824609 9.288728 1.980410
0.653860 0.209797 -0.104108 -0.040615
0.209797 0.098235 -0.034981 -0.005753
-0.104108 -0.034981 0.900084 0.302381
-0.040615 -0.005753 0.302381 0.138770
12.015764 1.637948 10.824972 2.145181
0.674039 0.197263 -0.130853 -0.039657
0.197263 0.084793 -0.035507 -0.005024
-0.130853 -0.035507 0.849465 0.256047
-0.039657 -0.005024 0.256047 0.108518
12.464474 1.533518 11.325255 1.985454
0.698315 0.188450 -0.126387 -0.031236
0.188450 0.075638 -0.028285 -0.002612
-0.126387 -0.028285 0.848417 0.233292
-0.031236 -0.002612 0.233292 0.091994
13.307267 1.548892 11.895094 1.878234
0.675972 0.169567 -0.135577 -0.029020
0.169567 0.066019 -0.026930 -0.002409
-0.135577 -0.026930 0.807324 0.204769
-0.029020 -0.002409 0.204769 0.077700
13.696477 1.455517 12.688678 1.839439
0.646582 0.152693 -0.133850 -0.025236
0.152693 0.058875 -0.023961 -0.001946
-0.133850 -0.023961 0.745724 0.176795
-0.025236 -0.001946 0.176795 0.066485
13.923147 1.339453 13.435440 1.794125
0.630203 0.141779 -0.133353 -0.022633
0.141779 0.054446 -0.021960 -0.001774
-0.133353 -0.021960 0.701316 0.157534
-0.022633 -0.001774 0.157534 0.059331
14.514473 1.321706 14.289204 1.783639
0.607549 0.131418 -0.134432 -0.021184
0.131418 0.050960 -0.020887 -0.001866
-0.134432 -0.020887 0.659682 0.142000
-0.021184 -0.001866 0.142000 0.054237
15.158205 1.325626 15.721660 1.897811
0.569925 0.120262 -0.087810 -0.010336
0.120262 0.048044 -0.010391 0.000005
-0.087810 -0.010391 0.594771 0.124606
-0.010336 0.000005 0.124606 0.049722
15.755811 1.312419 16.701357 1.903274
0.540622 0.111943 -0.078209 -0.008506
0.111943 0.046044 -0.008726 -0.000131
-0.078209 -0.008726 0.550791 0.113309
-0.008506 -0.000131 0.113309 0.046977
16.636623 1.358722 17.642947 1.904354
0.537797 0.110295 -0.066518 -0.006159
0.110295 0.045718 -0.006344 0.000010
-0.066518 -0.006344 0.546624 0.111636
-0.006159 0.000010 0.111636 0.046572
17.333399 1.365219 18.823585 1.951323
0.531910 0.108420 -0.051591 -0.003516
0.108420 0.045422 -0.003752 0.000195
-0.051591 -0.003752 0.533229 0.108406
-0.003516 0.000195 0.108406 0.045926
18.257258 1.416727 19.996557 1.994461
0.509643 0.103567 -0.034036 -0.000819
0.103567 0.044575 -0.001043 0.000381
-0.034036 -0.001043 0.507229 0.103036
-0.000819 0.000381 0.103036 0.044924
18.809730 1.386754 21.175521 2.029983
0.502252 0.102341 -0.011903 0.002792
0.102341 0.044558 0.002552 0.000820
-0.011903 0.002552 0.494710 0.100988
0.002792 0.000820 0.100988 0.044695
19.247693 1.335490 22.309549 2.052323
0.508732 0.103934 -0.006452 0.002849
0.103934 0.045071 0.002626 0.000571
-0.006452 0.002626 0.498330 0.102240
0.002849 0.000571 0.102240 0.045105
19.607951 1.271519 23.157606 2.013745
0.518660 0.106139 0.003652 0.003967
0.106139 0.045661 0.003759 0.000611
0.003652 0.003759 0.506268 0.104263
0.003967 0.000611 0.104263 0.045626
19.954610 1.213113 24.342618 2.049245
0.503809 0.103066 0.009885 0.004168
0.103066 0.045108 0.003999 0.000483
0.009885 0.003999 0.492912 0.101652
0.004168 0.000483 0.101652 0.045127
20.436794 1.189238 26.097408 2.200011
0.471378 0.096699 0.018873 0.005044
0.096699 0.043923 0.004921 0.000551
0.018873 0.004921 0.471681 0.097633
0.005044 0.000551 0.097633 0.044370
21.059356 1.194943 27.005618 2.160052
0.443492 0.091777 0.030332 0.006566
0.091777 0.043102 0.006457 0.000798
0.030332 0.006457 0.451411 0.094099
0.006566 0.000798 0.094099 0.043750
21.720711 1.208002 28.294462 2.203933
0.448914 0.094125 0.030418 0.005719
0.094125 0.043813 0.005616 0.000568
0.030418 0.005616 0.465870 0.098070
0.005719 0.000568 0.098070 0.044718
22.221184 1.185841 29.474149 2.220690
0.460903 0.097492 0.032886 0.005576
0.097492 0.044624 0.005471 0.000537
0.032886 0.005471 0.484921 0.102514
0.005576 0.000537 0.102514 0.045664
22.825342 1.190191 30.106591 2.119563
0.443246 0.094198 0.015799 0.001547
0.094198 0.043931 0.001414 -0.000269
0.015799 0.001414 0.474562 0.100311
0.001547 -0.000269 0.100311 0.045121
23.589421 1.226795 31.061079 2.096582
0.454499 0.097243 0.011230 0.000530
0.097243 0.044617 0.000396 -0.000374
0.011230 0.000396 0.489698 0.103636
0.000530 -0.000374 0.103636 0.045788
24.072046 1.197217 32.513876 2.182507
0.425843 0.091369 -0.003853 -0.002407
0.091369 0.043314 -0.002692 -0.000877
-0.003853 -0.002692 0.495323 0.104631
-0.002407 -0.000877 0.104631 0.045909
24.611453 1.185763 33.120395 2.080614
0.436383 0.094384 -0.012369 -0.003802
0.094384 0.044015 -0.004065 -0.001019
-0.012369 -0.004065 0.500904 0.105493
-0.003802 -0.001019 0.105493 0.045997
25.479568 1.245007 34.451570 2.141210
0.445646 0.096700 -0.016962 -0.004247
0.096700 0.044472 -0.004511 -0.000973
-0.016962 -0.004511 0.522923 0.109730
-0.004247 -0.000973 0.109730 0.046799
25.865162 1.193689 35.348136 2.105041
0.453932 0.098501 -0.022005 -0.004779
0.098501 0.044767 -0.005034 -0.000972
-0.022005 -0.005034 0.533143 0.111117
-0.004779 -0.000972 0.111117 0.046951
25.707126 1.030054 36.114461 2.045331
0.448861 0.097193 -0.023946 -0.004674
0.097193 0.044366 -0.004891 -0.000857
-0.023946 -0.004891 0.536846 0.111097
-0.004674 -0.000857 0.111097 0.046829
26.423521 1.073346 36.935984 2.004255
0.435715 0.094258 -0.026990 -0.004887
0.094258 0.043660 -0.005069 -0.000846
-0.026990 -0.005069 0.539895 0.111040
-0.004887 -0.000846 0.111040 0.046743
26.913632 1.062234 37.486930 1.911779
0.435864 0.094461 -0.035212 -0.006179
0.094461 0.043696 -0.006426 -0.001091
-0.035212 -0.006426 0.539768 0.110419
-0.006179 -0.001091 0.110419 0.046574
27.383487 1.046793 37.773302 1.774998
0.441512 0.095827 -0.032529 -0.005169
0.095827 0.043979 -0.005378 -0.000838
-0.032529 -0.005378 0.531036 0.108220
-0.005169 -0.000838 0.108220 0.046125
28.028973 1.073249 38.643231 1.771898
0.438212 0.095065 -0.034855 -0.005379
0.095065 0.043766 -0.005527 -0.000878
-0.034855 -0.005527 0.541103 0.110112
-0.005379 -0.000878 0.110112 0.046558
29.303855 1.232234 39.186288 1.705480
0.395084 0.085724 -0.033753 -0.005106
0.085724 0.041712 -0.005017 -0.000829
-0.033753 -0.005017 0.541061 0.109830
-0.005106 -0.000829 0.109830 0.046517
29.182394 1.069314 39.854051 1.664344
0.395958 0.086802 -0.039836 -0.006152
0.086802 0.042089 -0.006165 -0.001080
-0.039836 -0.006165 0.545854 0.110575
-0.006152 -0.001080 0.110575 0.046692
29.977911 1.129593 41.159390 1.761610
0.387291 0.085584 -0.036064 -0.005203
0.085584 0.041891 -0.004998 -0.000862
-0.036064 -0.004998 0.564310 0.114117
-0.005203 -0.000862 0.114117 0.047435
30.829133 1.193356 42.006406 1.756400
0.384747 0.085762 -0.025174 -0.002921
0.085762 0.041991 -0.002533 -0.000402
-0.025174 -0.002533 0.559747 0.112761
-0.002921 -0.000402 0.112761 0.047141
31.648484 1.242624 42.739150 1.728303
0.400257 0.089817 -0.019573 -0.001850
0.089817 0.042910 -0.001544 -0.000257
-0.019573 -0.001544 0.549325 0.110393
-0.001850 -0.000257 0.110393 0.046679
33.510505 1.517189 42.695914 1.551575
0.313744 0.070714 0.046873 0.010872
0.070714 0.038584 0.012844 0.002469
0.046873 0.012844 0.497658 0.100281
0.010872 0.002469 0.100281 0.044761
33.776170 1.403152 43.367804 1.530403
0.336755 0.077883 0.031564 0.006452
0.077883 0.040488 0.007589 0.001149
0.031564 0.007589 0.498039 0.101242
0.006452 0.001149 0.101242 0.045152
34.519321 1.412534 44.357998 1.576398
0.374591 0.087576 0.019372 0.003144
0.087576 0.042735 0.003768 0.000274
0.019372 0.003768 0.502021 0.102791
0.003144 0.000274 0.102791 0.045597
35.187267 1.403111 45.360326 1.620584
0.409899 0.095468 0.007259 0.000254
0.095468 0.044312 0.000537 -0.000375
0.007259 0.000537 0.498246 0.102522
0.000254 -0.000375 0.102522 0.045602
35.624856 1.342461 46.140054 1.615032
0.437074 0.100548 -0.004288 -0.002151
0.100548 0.045102 -0.002076 -0.000823
-0.004288 -0.002076 0.480582 0.099328
-0.002151 -0.000823 0.099328 0.044978
