1.532875 1.575258 5.186881 1.182750
4.843786 1.937556 9.622561 3.849108
1.937556 80.779106 3.849108 1.539676
9.622561 3.849108 34.527355 13.811241
3.849108 1.539676 13.811241 85.528683
3.837311 3.145954 9.516226 4.004332
3.617061 4.961871 4.466856 2.878221
4.961871 20.383593 -8.105109 0.743140
4.466856 -8.105109 57.552345 48.608910
2.878221 0.743140 48.608910 79.110917
4.062754 1.843127 8.922376 2.012577
3.938054 4.412087 -0.015381 0.515280
4.412087 7.752650 -0.148820 4.601579
-0.015381 -0.148820 1.654362 1.152526
0.515280 4.601579 1.152526 18.024135
6.491779 2.737611 8.023531 -0.454502
3.091785 2.464443 0.221626 0.606739
2.464443 2.908967 0.387682 1.610182
0.221626 0.387682 1.399241 1.942009
0.606739 1.610182 1.942009 6.526519
6.529242 1.963090 8.100963 -0.190748
2.540289 1.526909 -0.106446 -0.010304
1.526909 1.374407 0.315370 0.605046
-0.106446 0.315370 3.675801 3.811290
-0.010304 0.605046 3.811290 5.027181
7.820874 2.097776 7.665129 -0.426280
2.065702 1.001900 -0.505658 -0.295381
1.001900 0.739114 0.043663 0.148903
-0.505658 0.043663 4.988663 3.588119
-0.295381 0.148903 3.588119 3.033514
7.662974 1.470177 4.713016 -1.969101
1.407634 0.531509 -1.821002 -0.954170
0.531509 0.353470 -0.619888 -0.283515
-1.821002 -0.619888 4.049141 2.164065
-0.954170 -0.283515 2.164065 1.399531
8.143778 1.372557 3.915276 -1.901550
1.185572 0.423313 -1.419281 -0.571880
0.423313 0.261016 -0.337617 -0.107311
-1.419281 -0.337617 4.612451 2.049832
-0.571880 -0.107311 2.049832 1.063700
9.174727 1.476951 2.376384 -2.107585
1.052994 0.360282 -0.970705 -0.305183
0.360282 0.204191 -0.115383 -0.013044
-0.970705 -0.115383 5.224868 1.981129
-0.305183 -0.013044 1.981129 0.855540
9.547730 1.495701 5.052893 -0.882821
0.668879 0.251229 0.468780 0.194785
0.251229 0.149554 0.243832 0.096942
0.468780 0.243832 2.059837 0.714646
0.194785 0.096942 0.714646 0.323320
10.304462 1.497571 4.562755 -0.897138
0.772113 0.263884 0.579066 0.197543
0.263884 0.132938 0.246806 0.081337
0.579066 0.246806 2.757996 0.844123
0.197543 0.081337 0.844123 0.316880
12.626564 1.986411 5.424512 -0.519343
0.733281 0.227411 0.571147 0.165436
0.227411 0.105661 0.209648 0.058725
0.571147 0.209648 3.471610 0.943254
0.165436 0.058725 0.943254 0.304418
13.266830 1.885940 4.916380 -0.582175
0.757576 0.215917 0.587378 0.148003
0.215917 0.091961 0.185967 0.045380
0.587378 0.185967 4.340214 1.058685
0.148003 0.045380 1.058685 0.299852
14.227807 1.890476 4.476186 -0.615065
0.821357 0.216811 0.631372 0.140745
0.216811 0.084730 0.173193 0.037474
0.631372 0.173193 5.368311 1.186244
0.140745 0.037474 1.186244 0.299588
15.059296 1.862806 3.667373 -0.716097
0.856959 0.210584 0.651104 0.130184
0.210584 0.077481 0.155918 0.030277
0.651104 0.155918 6.498802 1.311044
0.130184 0.030277 1.311044 0.299333
15.907102 1.843466 3.287326 -0.719907
0.778155 0.179199 0.641117 0.116512
0.179199 0.066002 0.134475 0.023718
0.641117 0.134475 7.537276 1.397886
0.116512 0.023718 1.397886 0.292527
16.651326 1.807958 1.547880 -0.956281
0.791985 0.173487 0.637879 0.106052
0.173487 0.062239 0.117591 0.018959
0.637879 0.117591 8.623886 1.479850
0.106052 0.018959 1.479850 0.286359
17.277306 1.757238 -1.480496 -1.362886
0.798705 0.167580 0.597309 0.091355
0.167580 0.059210 0.097890 0.014492
0.597309 0.097890 8.891902 1.419677
0.091355 0.014492 1.419677 0.258747
17.547472 1.645170 -5.641509 -1.880608
0.812268 0.164394 0.527182 0.074344
0.164394 0.057324 0.082096 0.011235
0.527182 0.082096 7.193568 1.074480
0.074344 0.011235 1.074480 0.192615
17.554928 1.484842 -6.937940 -1.926003
0.810775 0.159136 0.438800 0.057109
0.159136 0.055410 0.071253 0.009121
0.438800 0.071253 3.989443 0.561328
0.057109 0.009121 0.561328 0.111417
17.913570 1.416331 -9.104407 -2.086729
0.812109 0.155699 0.314238 0.036942
0.155699 0.054279 0.046866 0.005419
0.314238 0.046866 2.907005 0.392565
0.036942 0.005419 0.392565 0.085938
18.470987 1.386915 -9.992339 -2.064982
0.800777 0.150581 0.212242 0.021840
0.150581 0.053043 0.028896 0.002943
0.212242 0.028896 2.069985 0.272292
0.021840 0.002943 0.272292 0.069307
19.150352 1.393175 -12.519106 -2.261256
0.829232 0.153668 0.135204 0.010884
0.153668 0.053538 0.014567 0.001072
0.135204 0.014567 1.786094 0.233621
0.010884 0.001072 0.233621 0.064609
19.928566 1.407123 -13.480158 -2.239571
0.835081 0.152495 0.078628 0.003566
0.152495 0.053245 0.006083 0.000120
0.078628 0.006083 1.406734 0.184768
0.003566 0.000120 0.184768 0.058812
20.183226 1.328323 -15.008171 -2.291061
0.866176 0.155991 0.078547 0.003988
0.155991 0.053835 0.007459 0.000483
0.078547 0.007459 1.209597 0.162070
0.003988 0.000483 0.162070 0.056634
21.086887 1.372246 -16.389499 -2.325490
0.891645 0.158681 0.036953 -0.001308
0.158681 0.054331 0.000983 -0.000265
0.036953 0.000983 1.058441 0.146519
-0.001308 -0.000265 0.146519 0.055417
21.699237 1.355304 -16.691387 -2.200960
0.892810 0.156964 0.026804 -0.001785
0.156964 0.054030 0.000610 -0.000109
0.026804 0.000610 0.892111 0.128397
-0.001785 -0.000109 0.128397 0.053634
22.604073 1.397443 -18.451722 -2.302108
0.941023 0.163926 0.007801 -0.003954
0.163926 0.055328 -0.001941 -0.000371
0.007801 -0.001941 0.851716 0.128915
-0.003954 -0.000371 0.128915 0.054475
23.146531 1.370322 -19.537030 -2.291019
0.971579 0.167382 0.011986 -0.002351
0.167382 0.055936 -0.000262 0.000035
0.011986 -0.000262 0.785609 0.124284
-0.002351 0.000035 0.124284 0.054225
23.701100 1.349257 -21.218507 -2.379133
1.024758 0.174661 0.017545 -0.000743
0.174661 0.057192 0.001291 0.000367
0.017545 0.001291 0.760141 0.125564
-0.000743 0.000367 0.125564 0.054744
23.965206 1.279249 -21.912147 -2.292897
1.047720 0.176447 0.032534 0.002445
0.176447 0.057460 0.004280 0.000932
0.032534 0.004280 0.700502 0.119978
0.002445 0.000932 0.119978 0.053871
23.601929 1.111331 -22.552210 -2.200072
1.068528 0.177981 0.065081 0.008538
0.177981 0.057712 0.009838 0.001917
0.065081 0.009838 0.659590 0.117024
0.008538 0.001917 0.117024 0.053322
24.030531 1.090137 -23.540657 -2.179147
1.106055 0.182472 0.062772 0.007818
0.182472 0.058487 0.009113 0.001694
0.062772 0.009113 0.640193 0.117390
0.007818 0.001694 0.117390 0.053267
24.844961 1.134024 -24.563315 -2.167524
1.148009 0.187581 0.050231 0.005201
0.187581 0.059343 0.006787 0.001190
0.050231 0.006787 0.625849 0.117905
0.005201 0.001190 0.117905 0.053116
25.677731 1.177243 -25.735076 -2.185480
1.198707 0.193909 0.044038 0.003964
0.193909 0.060367 0.005683 0.000955
0.044038 0.005683 0.619714 0.119225
0.003964 0.000955 0.119225 0.053020
26.791885 1.260203 -26.304827 -2.085140
1.232602 0.197276 0.032977 0.001932
0.197276 0.060878 0.003934 0.000623
0.032977 0.003934 0.595332 0.116290
0.001932 0.000623 0.116290 0.052027
27.155085 1.216777 -26.786603 -1.973108
1.256908 0.199053 0.050109 0.005666
0.199053 0.061134 0.006767 0.001224
0.050109 0.006767 0.578710 0.114508
0.005666 0.001224 0.114508 0.051260
27.233697 1.133164 -27.557919 -1.928145
1.290473 0.202391 0.074854 0.010555
0.202391 0.061657 0.010515 0.001951
0.074854 0.010515 0.577520 0.115486
0.010555 0.001951 0.115486 0.051054
27.793832 1.132696 -28.724138 -1.968938
1.346631 0.209258 0.086101 0.012199
0.209258 0.062734 0.011842 0.002119
0.086101 0.011842 0.586543 0.118103
0.012199 0.002119 0.118103 0.051173
28.881657 1.213417 -29.827104 -1.995161
1.407764 0.216615 0.085758 0.011350
0.216615 0.063847 0.011328 0.001908
0.085758 0.011328 0.588871 0.118876
0.011350 0.001908 0.118876 0.050903
29.793084 1.257585 -30.188807 -1.867745
1.441728 0.219465 0.092279 0.012136
0.219465 0.064225 0.012015 0.001992
0.092279 0.012015 0.570642 0.115168
0.012136 0.001992 0.115168 0.049744
30.136580 1.214881 -31.212584 -1.884606
1.490196 0.224463 0.120999 0.017320
0.224463 0.064932 0.015929 0.002722
0.120999 0.015929 0.579409 0.117008
0.017320 0.002722 0.117008 0.049796
30.552885 1.187157 -32.333378 -1.919784
1.546128 0.230451 0.147198 0.021488
0.230451 0.065777 0.019195 0.003259
0.147198 0.019195 0.588828 0.118669
0.021488 0.003259 0.118669 0.049813
31.647179 1.260223 -33.104715 -1.884670
1.602133 0.236338 0.155238 0.021632
0.236338 0.066601 0.019663 0.003196
0.155238 0.019663 0.583271 0.117147
0.021632 0.003196 0.117147 0.049218
32.028625 1.220707 -33.577120 -1.787976
1.635559 0.238605 0.181749 0.025736
0.238605 0.066857 0.022895 0.003744
0.181749 0.022895 0.576212 0.115286
0.025736 0.003744 0.115286 0.048596
33.700658 1.377123 -34.753523 -1.853096
1.717612 0.248186 0.188135 0.025102
0.248186 0.068224 0.022927 0.003561
0.188135 0.022927 0.584591 0.116813
0.025102 0.003561 0.116813 0.048756
34.991469 1.462753 -35.558440 -1.833436
1.778835 0.254154 0.211028 0.028139
0.254154 0.068989 0.025486 0.003957
0.211028 0.025486 0.585749 0.116559
0.028139 0.003957 0.116559 0.048520
36.057344 1.510711 -36.509300 -1.843266
1.838314 0.259586 0.246119 0.033457
0.259586 0.069651 0.029600 0.004655
0.246119 0.029600 0.595106 0.117854
0.033457 0.004655 0.117854 0.048607
37.027377 1.543552 -37.680844 -1.895653
1.902565 0.265487 0.288584 0.039803
0.265487 0.070368 0.034463 0.005456
0.288584 0.034463 0.612304 0.120515
0.039803 0.005456 0.120515 0.048959
37.260074 1.473221 -39.068993 -1.978370
1.957828 0.269789 0.346164 0.048780
0.269789 0.070831 0.041084 0.006578
0.346164 0.041084 0.638642 0.124588
0.048780 0.006578 0.124588 0.049543
