1.632601 1.615149 2.167678 -0.024957
1.435453 0.574194 -0.223069 -0.089230
0.574194 80.233749 -0.089230 -0.035693
-0.223069 -0.089230 2.508851 1.003562
-0.089230 -0.035693 1.003562 80.405500
5.318090 6.889205 0.529105 -2.803854
2.804945 5.133194 -1.932131 -3.314525
5.133194 14.590471 -3.504903 -6.696781
-1.932131 -3.504903 2.839155 4.915504
-3.314525 -6.696781 4.915504 17.003600
6.484279 4.584896 2.119083 0.456624
1.069653 1.245020 0.475139 0.743161
1.245020 2.653905 0.580349 0.534504
0.475139 0.580349 0.525621 0.710628
0.743161 0.534504 0.710628 2.802332
6.676357 2.579126 2.518705 1.030676
0.657438 0.554327 0.356569 0.314804
0.554327 0.877670 0.193395 0.099133
0.356569 0.193395 0.791936 0.892290
0.314804 0.099133 0.892290 1.457426
7.085157 1.794522 4.181878 2.078435
0.727555 0.527206 0.128524 0.024473
0.527206 0.562608 -0.004198 -0.052660
0.128524 -0.004198 0.889368 0.720691
0.024473 -0.052660 0.720691 0.755409
8.402984 1.965838 6.516306 2.851292
0.817227 0.483951 -0.097052 -0.105977
0.483951 0.381728 -0.113998 -0.085551
-0.097052 -0.113998 0.989640 0.614216
-0.105977 -0.085551 0.614216 0.467722
8.542862 1.591178 6.866429 2.346567
0.758186 0.372908 -0.342443 -0.187771
0.372908 0.242336 -0.191502 -0.094573
-0.342443 -0.191502 0.995070 0.496564
-0.187771 -0.094573 0.496564 0.300914
9.132057 1.512533 6.954876 1.900933
0.742459 0.309311 -0.480959 -0.201924
0.309311 0.170362 -0.204784 -0.079600
-0.480959 -0.204784 1.044566 0.432639
-0.201924 -0.079600 0.432639 0.216949
9.787335 1.475932 7.959931 1.919512
0.767538 0.277659 -0.471203 -0.161397
0.277659 0.132722 -0.163756 -0.051780
-0.471203 -0.163756 1.014235 0.359047
-0.161397 -0.051780 0.359047 0.157006
10.908842 1.596068 8.535012 1.803642
0.723627 0.231907 -0.415528 -0.119806
0.231907 0.101444 -0.121455 -0.032026
-0.415528 -0.121455 0.931146 0.289358
-0.119806 -0.032026 0.289358 0.115580
11.631303 1.584115 9.949651 1.949744
0.733715 0.212755 -0.383014 -0.094680
0.212755 0.085894 -0.096862 -0.021846
-0.383014 -0.096862 0.874742 0.243796
-0.094680 -0.021846 0.243796 0.091327
12.279792 1.535589 10.543191 1.845575
0.655138 0.173744 -0.331754 -0.072540
0.173744 0.068634 -0.074019 -0.014846
-0.331754 -0.074019 0.774589 0.197143
-0.072540 -0.014846 0.197143 0.072350
13.321367 1.592010 10.878236 1.707125
0.618678 0.153249 -0.288130 -0.055820
0.153249 0.059714 -0.056678 -0.010121
-0.288130 -0.056678 0.727581 0.172653
-0.055820 -0.010121 0.172653 0.062649
13.938328 1.546914 11.686592 1.691971
0.592386 0.138760 -0.259432 -0.045435
0.138760 0.053918 -0.046300 -0.007682
-0.259432 -0.046300 0.680159 0.152287
-0.045435 -0.007682 0.152287 0.055674
15.018402 1.638184 13.274295 1.865859
0.563083 0.126330 -0.226845 -0.036047
0.126330 0.049715 -0.037054 -0.005815
-0.226845 -0.037054 0.624058 0.133657
-0.036047 -0.005815 0.133657 0.050347
14.625172 1.362341 14.178869 1.827869
0.497331 0.107464 -0.206325 -0.031653
0.107464 0.044698 -0.032767 -0.005437
-0.206325 -0.032767 0.537807 0.111139
-0.031653 -0.005437 0.111139 0.044931
15.179177 1.337493 15.222334 1.852101
0.478865 0.102308 -0.168578 -0.022892
0.102308 0.043595 -0.023872 -0.003743
-0.168578 -0.023872 0.503108 0.103095
-0.022892 -0.003743 0.103095 0.043446
15.968114 1.374884 16.549610 1.940761
0.460685 0.097957 -0.132028 -0.015435
0.097957 0.042813 -0.016289 -0.002484
-0.132028 -0.016289 0.471649 0.096715
-0.015435 -0.002484 0.096715 0.042458
16.574864 1.360247 17.636038 1.963305
0.443203 0.094024 -0.107681 -0.011307
0.094024 0.042145 -0.012102 -0.002025
-0.107681 -0.012102 0.443795 0.091456
-0.011307 -0.002025 0.091456 0.041706
16.929008 1.303729 19.223058 2.084524
0.437491 0.092933 -0.092341 -0.009119
0.092933 0.042127 -0.010046 -0.001936
-0.092341 -0.010046 0.422915 0.087957
-0.009119 -0.001936 0.087957 0.041324
17.488692 1.276505 19.928845 2.010167
0.420926 0.089642 -0.077976 -0.007489
0.089642 0.041631 -0.008301 -0.001917
-0.077976 -0.008301 0.401147 0.084511
-0.007489 -0.001917 0.084511 0.040930
17.794594 1.207240 21.090208 2.037569
0.424102 0.090729 -0.077202 -0.008386
0.090729 0.042072 -0.009134 -0.002306
-0.077202 -0.009134 0.399086 0.085264
-0.008386 -0.002306 0.085264 0.041373
18.950573 1.321854 21.779894 1.975227
0.409248 0.087887 -0.072116 -0.008470
0.087887 0.041622 -0.008985 -0.002472
-0.072116 -0.008985 0.388779 0.084103
-0.008470 -0.002472 0.084103 0.041318
19.248200 1.242094 22.754463 1.966340
0.408939 0.088524 -0.065051 -0.007696
0.088524 0.041963 -0.008160 -0.002368
-0.065051 -0.008160 0.386339 0.084686
-0.007696 -0.002368 0.084686 0.041618
19.193745 1.098711 24.102136 2.037840
0.405171 0.088378 -0.051124 -0.005396
0.088378 0.042092 -0.005816 -0.001912
-0.051124 -0.005816 0.382568 0.084860
-0.005396 -0.001912 0.084860 0.041771
20.199875 1.199781 25.139768 2.047971
0.395368 0.086515 -0.062858 -0.009038
0.086515 0.041729 -0.009178 -0.002767
-0.062858 -0.009178 0.383650 0.085605
-0.009038 -0.002767 0.085605 0.041918
21.468278 1.350887 26.385484 2.106347
0.386939 0.085188 -0.067193 -0.010479
0.085188 0.041522 -0.010444 -0.003027
-0.067193 -0.010444 0.385860 0.086534
-0.010479 -0.003027 0.086534 0.042100
22.038132 1.324673 27.216123 2.054532
0.400489 0.088821 -0.071838 -0.011492
0.088821 0.042414 -0.011457 -0.003135
-0.071838 -0.011457 0.399472 0.089866
-0.011492 -0.003135 0.089866 0.042798
22.240081 1.222425 28.333284 2.069387
0.411619 0.091508 -0.072596 -0.011518
0.091508 0.042996 -0.011457 -0.003017
-0.072596 -0.011457 0.413758 0.092986
-0.011518 -0.003017 0.092986 0.043386
22.533358 1.158782 30.019313 2.212639
0.387133 0.085997 -0.064639 -0.009981
0.085997 0.041702 -0.009688 -0.002614
-0.064639 -0.009688 0.410927 0.091996
-0.009981 -0.002614 0.091996 0.043020
23.333626 1.205197 30.837792 2.150459
0.403633 0.090167 -0.061489 -0.009152
0.090167 0.042688 -0.009009 -0.002375
-0.061489 -0.009009 0.419911 0.093731
-0.009152 -0.002375 0.093731 0.043316
24.352510 1.289984 31.114511 1.976422
0.407741 0.091093 -0.054843 -0.007762
0.091093 0.042842 -0.007767 -0.002071
-0.054843 -0.007767 0.412753 0.091733
-0.007762 -0.002071 0.091733 0.042772
24.847918 1.252211 31.697760 1.884529
0.402723 0.089711 -0.062327 -0.009731
0.089711 0.042436 -0.009674 -0.002515
-0.062327 -0.009674 0.414566 0.091839
-0.009731 -0.002515 0.091839 0.042736
25.284466 1.206610 32.342958 1.816444
0.401349 0.089178 -0.081974 -0.014114
0.089178 0.042244 -0.014028 -0.003441
-0.081974 -0.014028 0.420410 0.092746
-0.014114 -0.003441 0.092746 0.042871
26.225314 1.286015 33.562539 1.889489
0.381805 0.084992 -0.067958 -0.010762
0.084992 0.041339 -0.010449 -0.002565
-0.067958 -0.010449 0.419491 0.092467
-0.010762 -0.002565 0.092467 0.042824
26.188242 1.135333 34.753634 1.936271
0.369828 0.082721 -0.067689 -0.010737
0.082721 0.040893 -0.010261 -0.002519
-0.067689 -0.010261 0.427034 0.093954
-0.010737 -0.002519 0.093954 0.043142
26.502194 1.074676 35.477470 1.879264
0.382479 0.086160 -0.070310 -0.011062
0.086160 0.041749 -0.010781 -0.002570
-0.070310 -0.010781 0.432901 0.094916
-0.011062 -0.002570 0.094916 0.043318
27.186570 1.117291 37.161079 2.044968
0.374231 0.084320 -0.079675 -0.013112
0.084320 0.041280 -0.012597 -0.002971
-0.079675 -0.012597 0.454702 0.099260
-0.013112 -0.002971 0.099260 0.044218
27.519178 1.071610 38.654683 2.145295
0.369750 0.083548 -0.083994 -0.013801
0.083548 0.041105 -0.013188 -0.003057
-0.083994 -0.013188 0.469759 0.101790
-0.013801 -0.003057 0.101790 0.044668
28.744472 1.216108 38.688718 1.928654
0.355484 0.080767 -0.071291 -0.010879
0.080767 0.040511 -0.010407 -0.002439
-0.071291 -0.010407 0.443220 0.095337
-0.010879 -0.002439 0.095337 0.043202
29.796767 1.316107 39.446722 1.889671
0.347738 0.079458 -0.074577 -0.011658
0.079458 0.040238 -0.011151 -0.002632
-0.074577 -0.011151 0.449138 0.096461
-0.011658 -0.002632 0.096461 0.043495
30.523749 1.337946 40.807290 1.980617
0.355766 0.081860 -0.077507 -0.012080
0.081860 0.040827 -0.011678 -0.002712
-0.077507 -0.011678 0.460354 0.098673
-0.012080 -0.002712 0.098673 0.044005
31.615387 1.430624 41.361547 1.892156
0.332860 0.076924 -0.063317 -0.009208
0.076924 0.039673 -0.008490 -0.002088
-0.063317 -0.008490 0.448899 0.096048
-0.009208 -0.002088 0.096048 0.043476
32.241200 1.406670 42.097915 1.845768
0.348760 0.081259 -0.067945 -0.010151
0.081259 0.040720 -0.009911 -0.002386
-0.067945 -0.009911 0.446769 0.095487
-0.010151 -0.002386 0.095487 0.043398
33.058787 1.426000 42.453152 1.724739
0.366893 0.085607 -0.069215 -0.010263
0.085607 0.041657 -0.010517 -0.002479
-0.069215 -0.010517 0.432819 0.092510
-0.010263 -0.002479 0.092510 0.042818
33.646217 1.398026 43.429059 1.747737
0.386466 0.089706 -0.075635 -0.011483
0.089706 0.042434 -0.011984 -0.002756
-0.075635 -0.011984 0.437436 0.093783
-0.011483 -0.002756 0.093783 0.043186
34.550543 1.445458 44.278050 1.744973
0.402660 0.092708 -0.072821 -0.010639
0.092708 0.042933 -0.011314 -0.002561
-0.072821 -0.011314 0.428506 0.092089
-0.010639 -0.002561 0.092089 0.042888
34.886506 1.354263 44.976801 1.702169
0.422348 0.096100 -0.081619 -0.012382
0.096100 0.043479 -0.013331 -0.002969
-0.081619 -0.013331 0.423888 0.091320
-0.012382 -0.002969 0.091320 0.042769
35.323980 1.298024 45.688455 1.668492
0.438774 0.098545 -0.086237 -0.013098
0.098545 0.043820 -0.014237 -0.003113
-0.086237 -0.014237 0.413427 0.089362
-0.013098 -0.003113 0.089362 0.042396
36.046051 1.315875 46.634024 1.694018
0.422315 0.093934 -0.057799 -0.006941
0.093934 0.042695 -0.008061 -0.001790
-0.057799 -0.008061 0.371118 0.080964
-0.006941 -0.001790 0.080964 0.040707
