4.225561 2.652356 7.640771 2.164327
4.230667 1.692304 8.803477 3.521467
1.692304 80.681003 3.521467 1.408617
8.803477 3.521467 21.648218 8.659475
3.521467 1.408617 8.659475 83.467932
5.457979 2.872700 7.645121 1.040625
4.070643 7.268910 -0.000096 -1.464617
7.268910 20.663335 -1.491255 7.776863
-0.000096 -1.491255 4.144492 4.450696
-1.464617 7.776863 4.450696 36.182140
6.594341 2.472499 7.412033 0.046837
3.499318 3.595648 -1.163241 -1.095204
3.595648 5.443495 -0.676104 2.306215
-1.163241 -0.676104 5.203279 6.504924
-1.095204 2.306215 6.504924 15.349541
5.728458 0.743746 6.269665 -1.389287
2.708453 1.790497 -2.733293 -2.080657
1.790497 1.768829 -1.605729 -0.389628
-2.733293 -1.605729 4.708771 3.910004
-2.080657 -0.389628 3.910004 5.461372
4.946214 0.133383 6.778266 -0.767752
2.590682 1.397705 -2.490752 -1.225549
1.397705 1.075447 -0.637182 0.162077
-2.490752 -0.637182 7.775413 5.520264
-1.225549 0.162077 5.520264 4.879113
5.366348 0.241160 5.475289 -1.243310
2.120436 1.039675 -0.778771 -0.030303
1.039675 0.670169 0.129076 0.386979
-0.778771 0.129076 6.440746 3.680038
-0.030303 0.386979 3.680038 2.560152
7.816207 1.207946 4.478850 -1.097197
1.714291 0.709436 -0.313983 0.089636
0.709436 0.399663 0.450951 0.355081
-0.313983 0.450951 10.639377 4.948235
0.089636 0.355081 4.948235 2.548826
7.719503 0.912631 2.789973 -1.603658
1.615032 0.595507 0.370907 0.302073
0.595507 0.293596 0.690955 0.347836
0.370907 0.690955 14.771570 5.698940
0.302073 0.347836 5.698940 2.356055
8.158853 0.892644 1.441823 -1.781516
1.496614 0.493380 0.857665 0.386978
0.493380 0.211135 0.535584 0.223044
0.857665 0.535584 9.917366 3.268957
0.386978 0.223044 3.268957 1.187728
9.204683 1.023320 -1.390942 -2.294234
1.352397 0.390787 0.575081 0.235877
0.390787 0.151264 0.332971 0.123276
0.575081 0.332971 8.855006 2.519612
0.235877 0.123276 2.519612 0.800544
10.414247 1.237373 -0.055922 -1.646280
1.177595 0.307397 0.467284 0.166466
0.307397 0.112028 0.165061 0.059283
0.467284 0.165061 3.166115 0.808521
0.166466 0.059283 0.808521 0.273738
10.878234 1.201040 -0.853312 -1.645258
1.096803 0.264801 0.520661 0.153837
0.264801 0.092982 0.153422 0.046680
0.520661 0.153422 2.951766 0.692556
0.153837 0.046680 0.692556 0.219204
10.731472 1.028242 -2.687149 -1.877409
1.086347 0.245117 0.540479 0.139486
0.245117 0.082740 0.138867 0.037096
0.540479 0.138867 2.852822 0.619789
0.139486 0.037096 0.619789 0.184246
11.498030 1.083309 -3.098826 -1.768346
0.993905 0.211162 0.425690 0.100041
0.211162 0.071379 0.097671 0.024007
0.425690 0.097671 2.292571 0.464252
0.100041 0.024007 0.464252 0.138663
11.767859 1.028391 -3.840734 -1.743865
0.950159 0.192684 0.392697 0.083347
0.192684 0.065136 0.081106 0.018071
0.392697 0.081106 1.977344 0.378949
0.083347 0.018071 0.378949 0.113810
12.502543 1.071205 -4.461894 -1.697185
0.888787 0.173695 0.316542 0.061518
0.173695 0.059836 0.059210 0.012204
0.316542 0.059210 1.764025 0.323113
0.061518 0.012204 0.323113 0.097886
13.584847 1.174750 -5.013724 -1.644506
0.825359 0.157074 0.232921 0.041527
0.157074 0.055786 0.038887 0.007514
0.232921 0.038887 1.624403 0.287090
0.041527 0.007514 0.287090 0.087642
13.812146 1.111139 -6.713395 -1.794736
0.836232 0.156312 0.211421 0.034671
0.156312 0.055209 0.032233 0.005784
0.211421 0.032233 1.604023 0.275548
0.034671 0.005784 0.275548 0.082923
14.179487 1.081346 -8.529387 -1.948290
0.845599 0.155746 0.166984 0.024849
0.155746 0.054829 0.022407 0.003759
0.166984 0.022407 1.542427 0.258391
0.024849 0.003759 0.258391 0.077918
14.767958 1.088128 -9.171940 -1.893970
0.825355 0.150060 0.126044 0.016848
0.150060 0.053606 0.015201 0.002426
0.126044 0.015201 1.330607 0.218287
0.016848 0.002426 0.218287 0.069753
15.796108 1.176411 -10.236359 -1.915627
0.811050 0.146362 0.061789 0.005820
0.146362 0.052938 0.003758 0.000531
0.061789 0.003758 1.237068 0.201145
0.005820 0.000531 0.201145 0.066142
16.571372 1.207792 -10.787793 -1.850689
0.797120 0.142991 0.037837 0.002253
0.142991 0.052370 0.000737 0.000150
0.037837 0.000737 1.107842 0.179327
0.002253 0.000150 0.179327 0.062064
17.112890 1.196811 -11.750468 -1.856489
0.804689 0.143832 0.028639 0.001220
0.143832 0.052616 0.000163 0.000158
0.028639 0.000163 1.037256 0.168450
0.001220 0.000158 0.168450 0.060054
18.030980 1.253582 -12.625439 -1.848937
0.807932 0.144024 0.000907 -0.002797
0.144024 0.052754 -0.003835 -0.000410
0.000907 -0.003835 0.977342 0.159935
-0.002797 -0.000410 0.159935 0.058558
18.889532 1.295403 -13.749360 -1.882523
0.825658 0.146830 -0.018220 -0.005223
0.146830 0.053348 -0.006168 -0.000695
-0.018220 -0.006168 0.939204 0.155280
-0.005223 -0.000695 0.155280 0.057748
19.734609 1.328701 -13.868329 -1.745430
0.813001 0.144066 -0.023909 -0.005269
0.144066 0.052911 -0.005955 -0.000553
-0.023909 -0.005955 0.848740 0.141859
-0.005269 -0.000553 0.141859 0.055472
21.080118 1.449606 -15.141507 -1.813862
0.843196 0.149236 -0.056148 -0.009983
0.149236 0.053928 -0.010761 -0.001311
-0.056148 -0.010761 0.844505 0.143594
-0.009983 -0.001311 0.143594 0.055841
22.093635 1.500472 -16.186050 -1.837332
0.870292 0.153461 -0.061063 -0.009761
0.153461 0.054698 -0.010465 -0.001168
-0.061063 -0.010465 0.818942 0.141129
-0.009761 -0.001168 0.141129 0.055388
22.426262 1.426903 -17.279260 -1.868687
0.899428 0.157826 -0.031333 -0.003619
0.157826 0.055455 -0.004281 -0.000036
-0.031333 -0.004281 0.793788 0.138614
-0.003619 -0.000036 0.138614 0.054906
22.993098 1.401438 -18.160123 -1.859585
0.925996 0.161457 -0.017194 -0.000790
0.161457 0.056040 -0.001506 0.000396
-0.017194 -0.001506 0.761371 0.134612
-0.000790 0.000396 0.134612 0.054129
23.686658 1.399091 -19.634693 -1.957173
0.976246 0.168996 -0.008930 0.000771
0.168996 0.057280 -0.000005 0.000577
-0.008930 -0.000005 0.757556 0.135658
0.000771 0.000577 0.135658 0.054248
24.076461 1.346185 -20.505012 -1.938283
1.006640 0.172630 0.011144 0.004253
0.172630 0.057784 0.003288 0.001062
0.011144 0.003288 0.724862 0.131104
0.004253 0.001062 0.131104 0.053301
24.478669 1.300124 -21.521534 -1.947400
1.044499 0.177383 0.027536 0.006791
0.177383 0.058476 0.005680 0.001359
0.027536 0.005680 0.703931 0.128722
0.006791 0.001359 0.128722 0.052769
25.429120 1.351227 -21.650189 -1.791017
1.055717 0.177412 0.018901 0.004490
0.177412 0.058356 0.003660 0.000832
0.018901 0.003660 0.651854 0.120430
0.004490 0.000832 0.120430 0.051130
26.468036 1.411579 -23.070173 -1.889164
1.115929 0.185824 0.018908 0.004045
0.185824 0.059689 0.003329 0.000682
0.018908 0.003329 0.659087 0.123551
0.004045 0.000682 0.123551 0.051688
27.325316 1.436519 -23.917978 -1.870839
1.155560 0.190315 0.027838 0.005336
0.190315 0.060308 0.004521 0.000841
0.027838 0.004521 0.642685 0.121634
0.005336 0.000841 0.121634 0.051197
27.590356 1.362682 -24.821223 -1.864514
1.190872 0.193935 0.057675 0.010542
0.193935 0.060780 0.009043 0.001636
0.057675 0.009043 0.634676 0.121189
0.010542 0.001636 0.121189 0.050983
28.458704 1.393192 -26.021142 -1.916258
1.247098 0.200868 0.068091 0.011588
0.200868 0.061798 0.010084 0.001709
0.068091 0.010084 0.634390 0.122017
0.011588 0.001709 0.122017 0.050995
28.699825 1.321101 -27.190605 -1.956247
1.295119 0.206097 0.099164 0.016611
0.206097 0.062502 0.014391 0.002430
0.099164 0.014391 0.635509 0.122782
0.016611 0.002430 0.122782 0.050959
29.522395 1.346422 -28.108705 -1.945075
1.345104 0.211504 0.108812 0.017090
0.211504 0.063236 0.015077 0.002409
0.108812 0.015077 0.623742 0.120838
0.017090 0.002409 0.120838 0.050391
30.195337 1.346364 -29.077428 -1.944330
1.395702 0.216787 0.126117 0.019112
0.216787 0.063938 0.016982 0.002654
0.126117 0.016982 0.617329 0.119921
0.019112 0.002654 0.119921 0.050050
30.982287 1.360399 -29.394983 -1.816697
1.426577 0.218904 0.136300 0.019753
0.218904 0.064152 0.017834 0.002712
0.136300 0.017834 0.592622 0.115385
0.019753 0.002712 0.115385 0.049020
31.102774 1.274708 -30.237768 -1.800544
1.464428 0.222058 0.168544 0.024766
0.222058 0.064538 0.021924 0.003426
0.168544 0.021924 0.595623 0.116423
0.024766 0.003426 0.116423 0.049127
32.047276 1.318166 -30.753004 -1.726385
1.506726 0.226081 0.175145 0.024342
0.226081 0.065099 0.022036 0.003311
0.175145 0.022036 0.584489 0.114575
0.024342 0.003311 0.114575 0.048662
32.817726 1.338545 -32.051888 -1.814014
1.573964 0.233641 0.198438 0.027224
0.233641 0.066168 0.024526 0.003682
0.198438 0.024526 0.601478 0.118223
0.027224 0.003682 0.118223 0.049285
33.841408 1.388012 -32.643795 -1.754252
1.622502 0.238185 0.212111 0.028204
0.238185 0.066764 0.025742 0.003816
0.212111 0.025742 0.594119 0.116644
0.028204 0.003816 0.116644 0.048814
34.405142 1.374272 -34.034891 -1.855742
1.687991 0.244906 0.247919 0.033493
0.244906 0.067648 0.029922 0.004536
0.247919 0.029922 0.616319 0.120827
0.033493 0.004536 0.120827 0.049489
34.805334 1.326767 -34.452446 -1.750857
1.720788 0.246721 0.275699 0.037138
0.246721 0.067808 0.033074 0.005059
0.275699 0.033074 0.608379 0.118609
0.037138 0.005059 0.118609 0.048842
35.998698 1.402110 -35.250912 -1.741537
1.783458 0.253119 0.292501 0.038061
0.253119 0.068682 0.034412 0.005150
0.292501 0.034412 0.610773 0.118748
0.038061 0.005150 0.118748 0.048756
37.013761 1.451712 -36.472187 -1.815532
1.855104 0.260378 0.324044 0.041899
0.260378 0.069629 0.037677 0.005638
0.324044 0.037677 0.628913 0.121803
0.041899 0.005638 0.121803 0.049225
