-1.549844 0.342143 1.932191 -0.119154
3.114919 1.245995 -0.944972 -0.377997
1.245995 80.502475 -0.377997 -0.151202
-0.944972 -0.377997 4.640490 1.856236
-0.377997 -0.151202 1.856236 80.746577
2.675100 7.150045 0.752938 -1.612931
1.668367 2.714169 -1.719254 -2.610906
2.714169 14.475587 -2.656100 -6.345040
-1.719254 -2.656100 3.794811 5.899587
-2.610906 -6.345040 5.899587 22.973270
5.738285 6.465616 -0.011710 -1.644352
2.314868 3.045675 -0.541333 -0.276032
3.045675 5.921351 -0.469694 -1.076976
-0.541333 -0.469694 1.842912 2.102163
-0.276032 -1.076976 2.102163 5.703867
7.045134 4.787928 1.757849 0.689523
1.437501 1.266862 0.506737 0.532748
1.266862 1.767166 0.450349 0.082375
0.506737 0.450349 0.805154 0.771603
0.532748 0.082375 0.771603 1.867154
9.455370 4.633791 3.488364 1.917167
1.252580 0.873687 0.262372 0.101415
0.873687 0.899378 0.068172 -0.159195
0.262372 0.068172 1.014197 0.872217
0.101415 -0.159195 0.872217 1.181643
9.836739 3.594746 3.599197 1.493432
1.009783 0.576146 0.046905 -0.048679
0.576146 0.480829 -0.086899 -0.150884
0.046905 -0.086899 1.321333 0.897739
-0.048679 -0.150884 0.897739 0.805744
10.609874 3.112242 4.231024 1.487428
0.885060 0.424678 -0.040146 -0.069604
0.424678 0.294447 -0.095047 -0.093434
-0.040146 -0.095047 1.367225 0.735613
-0.069604 -0.093434 0.735613 0.504026
10.699230 2.496652 5.348661 1.707486
0.637837 0.264173 -0.066762 -0.053416
0.264173 0.170195 -0.074540 -0.052170
-0.066762 -0.074540 1.282848 0.568413
-0.053416 -0.052170 0.568413 0.321183
11.387343 2.296163 5.992334 1.643586
0.681659 0.253596 -0.133899 -0.068696
0.253596 0.139092 -0.079789 -0.041727
-0.133899 -0.079789 1.236993 0.468690
-0.068696 -0.041727 0.468690 0.227549
11.478750 1.922806 8.303167 2.152490
0.676154 0.226062 -0.154970 -0.063281
0.226062 0.111060 -0.068365 -0.029318
-0.154970 -0.068365 1.063743 0.352619
-0.063281 -0.029318 0.352619 0.156078
12.115107 1.836922 8.135440 1.789390
0.630972 0.192462 -0.220758 -0.072334
0.192462 0.088736 -0.076392 -0.026326
-0.220758 -0.076392 1.004253 0.298670
-0.072334 -0.026326 0.298670 0.121724
13.422600 1.948728 8.277500 1.584710
0.637057 0.179181 -0.203319 -0.057951
0.179181 0.077132 -0.060624 -0.018238
-0.203319 -0.060624 0.970616 0.262468
-0.057951 -0.018238 0.262468 0.100104
13.488648 1.710906 10.003173 1.817822
0.560605 0.146863 -0.192166 -0.048218
0.146863 0.063233 -0.050178 -0.013320
-0.192166 -0.050178 0.839898 0.209408
-0.048218 -0.013320 0.209408 0.079086
14.234989 1.682667 10.662702 1.758892
0.580773 0.144298 -0.180738 -0.040371
0.144298 0.059446 -0.041889 -0.009936
-0.180738 -0.041889 0.813303 0.190286
-0.040371 -0.009936 0.190286 0.070073
14.571817 1.567908 12.408163 1.948961
0.572379 0.135775 -0.132373 -0.025884
0.135775 0.055148 -0.026882 -0.005731
-0.132373 -0.026882 0.719316 0.159707
-0.025884 -0.005731 0.159707 0.060272
15.859255 1.686030 13.702969 2.021816
0.554896 0.126522 -0.112654 -0.019848
0.126522 0.051477 -0.020605 -0.004065
-0.112654 -0.020605 0.669127 0.143002
-0.019848 -0.004065 0.143002 0.055001
16.292956 1.595926 14.832243 2.042970
0.549575 0.121528 -0.095879 -0.015207
0.121528 0.049415 -0.015879 -0.002933
-0.095879 -0.015879 0.629767 0.130957
-0.015207 -0.002933 0.130957 0.051522
16.509801 1.466745 15.523248 1.969667
0.539048 0.116210 -0.093071 -0.014101
0.116210 0.047647 -0.014802 -0.002702
-0.093071 -0.014802 0.597264 0.121833
-0.014101 -0.002702 0.121833 0.049123
16.510195 1.318637 17.369602 2.137557
0.511944 0.108431 -0.073747 -0.009975
0.108431 0.045695 -0.010727 -0.001921
-0.073747 -0.010727 0.528718 0.106716
-0.009975 -0.001921 0.106716 0.045859
16.573080 1.196514 18.823933 2.210099
0.510584 0.107244 -0.045954 -0.004283
0.107244 0.045427 -0.004910 -0.000793
-0.045954 -0.004910 0.503263 0.101963
-0.004283 -0.000793 0.101963 0.045037
17.499993 1.267182 20.155769 2.259466
0.513268 0.107106 -0.024816 -0.000428
0.107106 0.045426 -0.000854 -0.000100
-0.024816 -0.000854 0.504188 0.102910
-0.000428 -0.000100 0.102910 0.045407
18.273536 1.297722 21.494556 2.303438
0.510193 0.105779 -0.021213 -0.000519
0.105779 0.045175 -0.000876 -0.000284
-0.021213 -0.000876 0.497784 0.102037
-0.000519 -0.000284 0.102037 0.045310
18.822563 1.276255 22.502151 2.273110
0.520737 0.107509 -0.022164 -0.001358
0.107509 0.045602 -0.001663 -0.000554
-0.022164 -0.001663 0.506164 0.104212
-0.001358 -0.000554 0.104212 0.045826
19.036168 1.189494 23.758787 2.295730
0.501795 0.103212 -0.003567 0.001837
0.103212 0.044787 0.001568 0.000025
-0.003567 0.001568 0.484054 0.099941
0.001837 0.000025 0.099941 0.044972
19.116754 1.081617 24.270902 2.161857
0.494549 0.101732 -0.004505 0.000857
0.101732 0.044615 0.000626 -0.000264
-0.004505 0.000626 0.471160 0.097817
0.000857 -0.000264 0.097817 0.044599
19.670582 1.084668 25.517866 2.196603
0.483915 0.099736 -0.006776 -0.000202
0.099736 0.044345 -0.000363 -0.000507
-0.006776 -0.000363 0.467981 0.097825
-0.000202 -0.000507 0.097825 0.044675
20.590129 1.162883 26.715601 2.218183
0.477677 0.098847 -0.006774 -0.000577
0.098847 0.044314 -0.000688 -0.000566
-0.006774 -0.000688 0.473078 0.099476
-0.000577 -0.000566 0.099476 0.045061
21.316602 1.193018 27.804499 2.214103
0.489473 0.101759 -0.012703 -0.002070
0.101759 0.045051 -0.002138 -0.000837
-0.012703 -0.002138 0.491025 0.103584
-0.002070 -0.000837 0.103584 0.045909
21.792344 1.167960 29.007703 2.234230
0.476334 0.099188 -0.002523 0.000002
0.099188 0.044567 -0.000062 -0.000341
-0.002523 -0.000062 0.492833 0.103849
0.000002 -0.000341 0.103849 0.045867
21.988225 1.086543 29.572570 2.117788
0.463148 0.096820 0.007142 0.001807
0.096820 0.044154 0.001746 0.000058
0.007142 0.001746 0.484259 0.101887
0.001807 0.000058 0.101887 0.045368
22.609159 1.102933 30.277552 2.043306
0.463182 0.097388 0.012072 0.002505
0.097388 0.044368 0.002454 0.000203
0.012072 0.002454 0.488420 0.102781
0.002505 0.000203 0.102781 0.045519
23.419263 1.157804 31.023955 1.985214
0.474105 0.100138 0.003334 0.000317
0.100138 0.045002 0.000266 -0.000262
0.003334 0.000266 0.499947 0.105130
0.000317 -0.000262 0.105130 0.045966
23.482251 1.049321 31.408876 1.858292
0.459047 0.097082 -0.014948 -0.003574
0.097082 0.044337 -0.003654 -0.001031
-0.014948 -0.003654 0.492902 0.103363
-0.003574 -0.001031 0.103363 0.045518
24.734460 1.203548 33.085458 2.014665
0.418011 0.088744 -0.033056 -0.007032
0.088744 0.042597 -0.007161 -0.001649
-0.033056 -0.007161 0.500538 0.104854
-0.007032 -0.001649 0.104854 0.045802
26.100937 1.368287 34.356473 2.070717
0.409904 0.088085 -0.043256 -0.008550
0.088085 0.042606 -0.008687 -0.001824
-0.043256 -0.008687 0.514562 0.107530
-0.008550 -0.001824 0.107530 0.046312
26.885395 1.389226 35.075718 2.005152
0.395830 0.086008 -0.047998 -0.008879
0.086008 0.042248 -0.008996 -0.001768
-0.047998 -0.008996 0.513408 0.106810
-0.008879 -0.001768 0.106810 0.046079
27.848149 1.449514 36.347955 2.062358
0.412377 0.090656 -0.056204 -0.009872
0.090656 0.043339 -0.010037 -0.001878
-0.056204 -0.010037 0.537224 0.111380
-0.009872 -0.001878 0.111380 0.046981
28.089524 1.339744 36.915101 1.963720
0.412264 0.091078 -0.047713 -0.007489
0.091078 0.043374 -0.007523 -0.001294
-0.047713 -0.007523 0.532004 0.109629
-0.007489 -0.001294 0.109629 0.046528
28.677910 1.316282 37.058843 1.790752
0.400030 0.088597 -0.048374 -0.007394
0.088597 0.042730 -0.007428 -0.001304
-0.048374 -0.007428 0.520445 0.106775
-0.007394 -0.001304 0.106775 0.045901
29.169318 1.281475 38.302915 1.861262
0.413400 0.091961 -0.052141 -0.007833
0.091961 0.043432 -0.007857 -0.001392
-0.052141 -0.007857 0.543799 0.111412
-0.007833 -0.001392 0.111412 0.046882
30.038304 1.335526 39.651299 1.948426
0.403938 0.089802 -0.054640 -0.008196
0.089802 0.042825 -0.008028 -0.001471
-0.054640 -0.008028 0.566069 0.115422
-0.008196 -0.001471 0.115422 0.047652
30.502646 1.291559 40.825525 1.987499
0.406893 0.090655 -0.049026 -0.006823
0.090655 0.042963 -0.006548 -0.001189
-0.049026 -0.006548 0.572406 0.115935
-0.006823 -0.001189 0.115935 0.047678
31.542609 1.380124 41.867498 2.000248
0.409753 0.091388 -0.037627 -0.004463
0.091388 0.043065 -0.004037 -0.000730
-0.037627 -0.004037 0.569704 0.114724
-0.004463 -0.000730 0.114724 0.047391
32.242993 1.383709 43.045967 2.036151
0.397227 0.088593 -0.022579 -0.001728
0.088593 0.042374 -0.001004 -0.000228
-0.022579 -0.001004 0.563587 0.113066
-0.001728 -0.000228 0.113066 0.047068
32.747896 1.340239 43.799272 1.981994
0.403713 0.090237 -0.016931 -0.000982
0.090237 0.042725 -0.000444 -0.000217
-0.016931 -0.000444 0.541597 0.108396
-0.000982 -0.000217 0.108396 0.046173
33.432563 1.343247 44.742638 1.972508
0.430249 0.096122 -0.017854 -0.001486
0.096122 0.043981 -0.001284 -0.000445
-0.017854 -0.001284 0.526611 0.105575
-0.001486 -0.000445 0.105575 0.045722
34.146704 1.352770 45.747104 1.976351
0.447922 0.099436 -0.011800 -0.000553
0.099436 0.044560 -0.000439 -0.000311
-0.011800 -0.000439 0.503552 0.101412
-0.000553 -0.000311 0.101412 0.045030
34.719461 1.329832 46.697465 1.968338
0.468232 0.103002 -0.014256 -0.001384
0.103002 0.045163 -0.001472 -0.000554
-0.014256 -0.001472 0.482336 0.097899
-0.001384 -0.000554 0.097899 0.044488
35.576906 1.371660 47.654720 1.963338
0.491188 0.106879 -0.010053 -0.000727
0.106879 0.045822 -0.000895 -0.000433
-0.010053 -0.000895 0.451733 0.092671
-0.000727 -0.000433 0.092671 0.043597
35.985070 1.310617 48.022563 1.834881
0.504148 0.108303 -0.013156 -0.001631
0.108303 0.045935 -0.001906 -0.000649
-0.013156 -0.001906 0.410551 0.085479
-0.001631 -0.000649 0.085479 0.042297
