2.612182 2.006990 3.464949 0.493962
2.050930 0.820390 -0.311929 -0.124774
0.820390 80.332230 -0.124774 -0.049911
-0.311929 -0.124774 3.711532 1.484645
-0.124774 -0.049911 1.484645 80.597938
3.721361 2.138348 1.482312 -3.180022
3.320106 5.897996 -1.243368 -1.964873
5.897996 17.612883 -2.126521 -4.213101
-1.243368 -2.126521 3.660661 6.004526
-1.964873 -4.213101 6.004526 21.553378
2.125645 -0.672110 2.740226 -0.119775
3.400387 3.677719 -0.881207 -0.786657
3.677719 5.706366 -0.897894 -1.121194
-0.881207 -0.897894 1.886937 2.082638
-0.786657 -1.121194 2.082638 5.111255
5.325047 2.026269 0.841656 -1.590020
1.878922 1.434755 -0.935676 -0.743810
1.434755 1.789226 -0.685171 -0.700737
-0.935676 -0.685171 2.205881 1.945071
-0.743810 -0.700737 1.945071 2.710816
6.198328 1.991671 2.264624 -0.038557
1.588899 0.996775 -0.264306 -0.106127
0.996775 0.973755 -0.140522 -0.138662
-0.264306 -0.140522 1.088363 0.751502
-0.106127 -0.138662 0.751502 0.973383
6.853005 1.817167 3.074668 0.449987
1.422048 0.746733 -0.133250 -0.040755
0.746733 0.591582 -0.063861 -0.071379
-0.133250 -0.063861 1.062043 0.634019
-0.040755 -0.071379 0.634019 0.618578
8.624938 2.203963 3.712927 0.671689
1.110709 0.500264 -0.080551 -0.027972
0.500264 0.351702 -0.040972 -0.047888
-0.080551 -0.040972 1.091273 0.557304
-0.027972 -0.047888 0.557304 0.426048
8.527252 1.722633 4.520777 0.876455
0.845606 0.337000 -0.054909 -0.022191
0.337000 0.220958 -0.030947 -0.033738
-0.054909 -0.030947 1.110714 0.488239
-0.022191 -0.033738 0.488239 0.306536
9.738159 1.837395 6.240550 1.366382
0.807679 0.293197 -0.114064 -0.046719
0.293197 0.169727 -0.050907 -0.034345
-0.114064 -0.050907 1.057265 0.405680
-0.046719 -0.034345 0.405680 0.220692
10.283526 1.705436 8.064040 1.756008
0.825154 0.273789 -0.141056 -0.051997
0.273789 0.139744 -0.054012 -0.029047
-0.141056 -0.054012 0.983779 0.335262
-0.051997 -0.029047 0.335262 0.163732
11.960042 1.951977 9.511807 1.927448
0.788490 0.239813 -0.149591 -0.049201
0.239813 0.112790 -0.050465 -0.023062
-0.149591 -0.050465 0.927702 0.285359
-0.049201 -0.023062 0.285359 0.127833
12.573764 1.849679 10.642794 1.975500
0.781837 0.220040 -0.151688 -0.044898
0.220040 0.095997 -0.045705 -0.018259
-0.151688 -0.045705 0.884713 0.249018
-0.044898 -0.018259 0.249018 0.104267
13.897601 1.953408 12.106355 2.098791
0.721447 0.189261 -0.119122 -0.032104
0.189261 0.079987 -0.032610 -0.012352
-0.119122 -0.032610 0.801886 0.208975
-0.032104 -0.012352 0.208975 0.084907
14.834682 1.943220 13.894285 2.279493
0.655903 0.162382 -0.127670 -0.031562
0.162382 0.068126 -0.031961 -0.010648
-0.127670 -0.031961 0.707622 0.173183
-0.031562 -0.010648 0.173183 0.070455
14.902163 1.729972 15.722559 2.439204
0.610677 0.144481 -0.099057 -0.022427
0.144481 0.060543 -0.022701 -0.007304
-0.099057 -0.022701 0.618409 0.144263
-0.022427 -0.007304 0.144263 0.060204
14.845013 1.517261 16.211695 2.271887
0.579034 0.132166 -0.119483 -0.025637
0.132166 0.055516 -0.025962 -0.007320
-0.119483 -0.025962 0.565134 0.127472
-0.025637 -0.007320 0.127472 0.054321
15.060549 1.394970 17.095139 2.213477
0.584315 0.129817 -0.116934 -0.023252
0.129817 0.053549 -0.023560 -0.006119
-0.116934 -0.023560 0.558462 0.123199
-0.023252 -0.006119 0.123199 0.052108
15.645254 1.368536 17.904963 2.148097
0.571303 0.124012 -0.089769 -0.015951
0.124012 0.051237 -0.016200 -0.004063
-0.089769 -0.016200 0.543517 0.117814
-0.015951 -0.004063 0.117814 0.050053
16.496640 1.402232 18.678761 2.084772
0.566215 0.120539 -0.090290 -0.015422
0.120539 0.049763 -0.015593 -0.003709
-0.090290 -0.015593 0.542340 0.115869
-0.015422 -0.003709 0.115869 0.049009
17.078000 1.369897 18.779014 1.883811
0.538358 0.112822 -0.087746 -0.014488
0.112822 0.047649 -0.014619 -0.003369
-0.087746 -0.014619 0.515117 0.108697
-0.014488 -0.003369 0.108697 0.047039
17.654577 1.340758 18.938655 1.717657
0.520761 0.108354 -0.065918 -0.009517
0.108354 0.046526 -0.009626 -0.002209
-0.065918 -0.009626 0.502242 0.105530
-0.009517 -0.002209 0.105530 0.046195
18.424448 1.362344 19.903343 1.740788
0.521018 0.107987 -0.059726 -0.008196
0.107987 0.046366 -0.008280 -0.001902
-0.059726 -0.008280 0.504818 0.105813
-0.008196 -0.001902 0.105813 0.046147
19.318959 1.410311 21.239345 1.840266
0.490738 0.101471 -0.040432 -0.004491
0.101471 0.044984 -0.004591 -0.001180
-0.040432 -0.004591 0.475871 0.099566
-0.004491 -0.001180 0.099566 0.044767
20.070071 1.424454 22.796378 1.974628
0.491440 0.101999 -0.023238 -0.001273
0.101999 0.045185 -0.001382 -0.000551
-0.023238 -0.001382 0.478634 0.100549
-0.001273 -0.000551 0.100549 0.045029
20.432090 1.353306 24.082471 2.035450
0.486495 0.101202 -0.013784 0.000035
0.101202 0.045065 -0.000061 -0.000364
-0.013784 -0.000061 0.476182 0.100223
0.000035 -0.000364 0.100223 0.044964
20.824383 1.294125 25.132140 2.040867
0.481779 0.100458 -0.012136 -0.000323
0.100458 0.044947 -0.000388 -0.000508
-0.012136 -0.000388 0.474939 0.100106
-0.000323 -0.000508 0.100106 0.044934
21.172843 1.232262 26.327511 2.076752
0.478884 0.100145 -0.006842 0.000238
0.100145 0.044922 0.000198 -0.000415
-0.006842 0.000198 0.478608 0.101023
0.000238 -0.000415 0.101023 0.045123
21.415099 1.154041 27.444080 2.092343
0.458130 0.096054 -0.008877 -0.000749
0.096054 0.044090 -0.000752 -0.000640
-0.008877 -0.000752 0.468259 0.098845
-0.000749 -0.000640 0.098845 0.044633
21.901316 1.134952 28.533028 2.101232
0.459029 0.096866 -0.003114 0.000154
0.096866 0.044347 0.000162 -0.000419
-0.003114 0.000162 0.477133 0.100940
0.000154 -0.000419 0.100940 0.045093
21.894096 1.013793 30.251966 2.241988
0.420009 0.089059 0.013933 0.003385
0.089059 0.042730 0.003433 0.000285
0.013933 0.003433 0.469940 0.099410
0.003385 0.000285 0.099410 0.044740
23.579291 1.266689 31.670285 2.304593
0.396009 0.085024 -0.005162 -0.001215
0.085024 0.042010 -0.001241 -0.000727
-0.005162 -0.001241 0.470863 0.099722
-0.001215 -0.000727 0.099722 0.044805
24.280591 1.281549 32.681214 2.274611
0.395874 0.086329 -0.011858 -0.002663
0.086329 0.042442 -0.002726 -0.000957
-0.011858 -0.002726 0.478633 0.101430
-0.002663 -0.000957 0.101430 0.045155
25.137419 1.329181 33.540183 2.215692
0.409556 0.090342 -0.019119 -0.004055
0.090342 0.043370 -0.004169 -0.001161
-0.019119 -0.004169 0.490415 0.103804
-0.004055 -0.001161 0.103804 0.045614
25.749115 1.317234 34.356493 2.154143
0.413658 0.091670 -0.019316 -0.003811
0.091670 0.043581 -0.003900 -0.000995
-0.019316 -0.003900 0.497719 0.105008
-0.003811 -0.000995 0.105008 0.045793
26.195155 1.270080 35.477475 2.163119
0.390067 0.086591 -0.030531 -0.005954
0.086591 0.042334 -0.006119 -0.001391
-0.030531 -0.006119 0.506340 0.106392
-0.005954 -0.001391 0.106392 0.046006
27.000813 1.305241 35.258059 1.891227
0.389226 0.086991 -0.035503 -0.006571
0.086991 0.042409 -0.006813 -0.001439
-0.035503 -0.006813 0.488553 0.102166
-0.006571 -0.001439 0.102166 0.045046
27.262263 1.215553 35.699833 1.784477
0.402451 0.090400 -0.035316 -0.006056
0.090400 0.043129 -0.006270 -0.001238
-0.035316 -0.006270 0.494419 0.103364
-0.006056 -0.001238 0.103364 0.045325
27.673403 1.170304 36.345617 1.732141
0.403477 0.090600 -0.039490 -0.006606
0.090600 0.043042 -0.006805 -0.001313
-0.039490 -0.006805 0.504297 0.105282
-0.006606 -0.001313 0.105282 0.045727
27.924344 1.094788 37.133854 1.714291
0.413214 0.092712 -0.039429 -0.006227
0.092712 0.043403 -0.006365 -0.001184
-0.039429 -0.006365 0.518081 0.107873
-0.006227 -0.001184 0.107873 0.046243
28.810770 1.170515 37.943113 1.706141
0.431453 0.096495 -0.037195 -0.005440
0.096495 0.044115 -0.005545 -0.000992
-0.037195 -0.005545 0.530385 0.109956
-0.005440 -0.000992 0.109956 0.046621
29.612084 1.220995 39.241811 1.799355
0.441395 0.098007 -0.040570 -0.005980
0.098007 0.044264 -0.006042 -0.001111
-0.040570 -0.006042 0.554514 0.114309
-0.005980 -0.001111 0.114309 0.047447
30.143702 1.205738 40.534091 1.879352
0.435401 0.095922 -0.040722 -0.005921
0.095922 0.043645 -0.005846 -0.001099
-0.040722 -0.005846 0.571452 0.116852
-0.005921 -0.001099 0.116852 0.047855
30.853441 1.228905 41.416429 1.868309
0.451718 0.099046 -0.040541 -0.005694
0.099046 0.044264 -0.005732 -0.001076
-0.040541 -0.005732 0.569858 0.115497
-0.005694 -0.001076 0.115497 0.047471
31.852918 1.314159 42.573110 1.915362
0.404954 0.088258 -0.019172 -0.001596
0.088258 0.041838 -0.001013 -0.000207
-0.019172 -0.001013 0.569842 0.114854
-0.001596 -0.000207 0.114854 0.047327
33.622418 1.554610 42.818900 1.777836
0.348708 0.076625 0.034373 0.008572
0.076625 0.039480 0.010061 0.001874
0.034373 0.010061 0.519792 0.104479
0.008572 0.001874 0.104479 0.045294
34.022825 1.470144 43.663909 1.768458
0.370713 0.083040 0.020262 0.004598
0.083040 0.041207 0.005437 0.000732
0.020262 0.005437 0.515743 0.104079
0.004598 0.000732 0.104079 0.045386
34.673186 1.450984 44.200024 1.697926
0.388268 0.087684 0.018616 0.003609
0.087684 0.042321 0.004245 0.000423
0.018616 0.004245 0.491905 0.099709
0.003609 0.000423 0.099709 0.044647
35.131390 1.390387 45.186787 1.726543
0.416430 0.094168 0.003404 0.000003
0.094168 0.043724 0.000229 -0.000415
0.003404 0.000229 0.490980 0.100373
0.000003 -0.000415 0.100373 0.044969
35.887137 1.402995 46.857853 1.892701
0.457459 0.102811 -0.013483 -0.003570
0.102811 0.045477 -0.003652 -0.001146
-0.013483 -0.003652 0.503159 0.103585
-0.003570 -0.001146 0.103585 0.045751
36.611075 1.408379 47.123228 1.752109
0.464253 0.102891 0.007404 0.001078
0.102891 0.045175 0.001395 0.000038
0.007404 0.001395 0.407562 0.084124
0.001078 0.000038 0.084124 0.041749
