1.523761 1.571612 6.274327 1.617738
4.842396 1.937000 9.463859 3.785626
1.937000 80.778884 3.785626 1.514283
9.463859 3.785626 38.340020 15.336340
3.785626 1.514283 15.336340 86.138736
7.358745 9.310776 10.380069 3.080651
3.461932 4.744945 4.537840 2.873283
4.744945 17.114639 4.604151 10.828603
4.537840 4.604151 12.501801 9.148351
2.873283 10.828603 9.148351 46.102424
9.176243 6.321278 8.946350 0.691037
2.265879 2.679124 -1.704298 -2.413155
2.679124 6.002543 -2.160911 0.775139
-1.704298 -2.160911 3.317003 3.971029
-2.413155 0.775139 3.971029 19.070859
8.428075 2.229856 7.563550 -3.136270
1.998000 1.444715 -3.150696 -3.103055
1.444715 1.815830 -2.129728 -1.470891
-3.150696 -2.129728 5.894734 6.055031
-3.103055 -1.470891 6.055031 9.271591
9.007594 1.838902 6.467557 -2.982735
1.683474 0.970320 -2.905349 -1.915535
0.970320 0.948930 -0.885879 -0.308516
-2.905349 -0.885879 9.341548 7.669789
-1.915535 -0.308516 7.669789 7.387427
9.284973 1.516264 5.933274 -2.534059
1.608003 0.804943 -2.429459 -1.145581
0.804943 0.633695 -0.064260 0.153117
-2.429459 -0.064260 15.884223 9.957653
-1.145581 0.153117 9.957653 6.726756
9.323689 1.235229 6.107044 -1.932166
1.024949 0.477423 -0.650794 -0.153056
0.477423 0.368046 0.969671 0.524614
-0.650794 0.969671 23.576620 11.736807
-0.153056 0.524614 11.736807 6.090525
9.432499 0.996292 4.383842 -2.285357
0.783744 0.314302 -0.382345 -0.077891
0.314302 0.223131 1.108072 0.441217
-0.382345 1.108072 36.530093 14.634108
-0.077891 0.441217 14.634108 6.017532
10.054098 0.994691 1.258718 -2.942428
0.880944 0.337615 0.679484 0.274288
0.337615 0.188247 1.022509 0.333967
0.679484 1.022509 32.895754 11.048133
0.274288 0.333967 11.048133 3.821486
10.414213 0.996788 2.640003 -2.125357
0.950331 0.321421 0.839046 0.267814
0.321421 0.143588 0.360006 0.092168
0.839046 0.360006 5.413272 1.581073
0.267814 0.092168 1.581073 0.547074
10.601799 0.907478 1.819509 -2.064809
0.973357 0.294528 0.993095 0.264151
0.294528 0.118630 0.337418 0.073672
0.993095 0.337418 5.371511 1.398602
0.264151 0.073672 1.398602 0.433261
10.705712 0.809940 -0.234595 -2.303808
0.997603 0.272801 0.964255 0.220850
0.272801 0.101075 0.275778 0.050979
0.964255 0.275778 5.339402 1.255108
0.220850 0.050979 1.255108 0.353420
12.167543 1.073272 0.939239 -1.814759
0.879077 0.220337 0.649571 0.127653
0.220337 0.080010 0.159734 0.021829
0.649571 0.159734 3.518937 0.754483
0.127653 0.021829 0.754483 0.212826
12.380480 1.001430 -1.088984 -2.035612
0.893243 0.208719 0.623383 0.107741
0.208719 0.072664 0.131755 0.015046
0.623383 0.131755 3.714866 0.741491
0.107741 0.015046 0.741491 0.193967
12.685473 0.956571 -1.941164 -1.999379
0.865956 0.190483 0.554296 0.084716
0.190483 0.065378 0.104789 0.009822
0.554296 0.104789 3.113899 0.579477
0.084716 0.009822 0.579477 0.150157
13.164128 0.961834 -3.592522 -2.116874
0.843878 0.177054 0.438595 0.057189
0.177054 0.060550 0.071172 0.004104
0.438595 0.071172 2.848604 0.502185
0.057189 0.004104 0.502185 0.128303
13.581699 0.958017 -5.677102 -2.291374
0.836714 0.169123 0.323645 0.033565
0.169123 0.057705 0.043524 0.000043
0.323645 0.043524 2.565223 0.431881
0.033565 0.000043 0.431881 0.110681
14.616502 1.074698 -7.499903 -2.416931
0.811528 0.159591 0.161083 0.005827
0.159591 0.055142 0.010957 -0.004309
0.161083 0.010957 2.242580 0.364841
0.005827 -0.004309 0.364841 0.096049
15.469397 1.133887 -8.526644 -2.395455
0.796309 0.152743 0.083421 -0.005399
0.152743 0.053348 -0.000234 -0.004909
0.083421 -0.000234 1.814918 0.286339
-0.005399 -0.004909 0.286339 0.080964
15.844007 1.098267 -9.796850 -2.402685
0.803864 0.150822 0.068647 -0.006188
0.150822 0.052703 0.000180 -0.003838
0.068647 0.000180 1.533659 0.236884
-0.006188 -0.003838 0.236884 0.071759
16.232675 1.064893 -10.511631 -2.324835
0.800093 0.147387 0.059383 -0.005786
0.147387 0.051946 0.001174 -0.002811
0.059383 0.001174 1.280342 0.195872
-0.005786 -0.002811 0.195872 0.064694
16.557184 1.021468 -10.884515 -2.199539
0.789206 0.143328 0.058347 -0.004047
0.143328 0.051226 0.002991 -0.001796
0.058347 0.002991 1.085772 0.166614
-0.004047 -0.001796 0.166614 0.059941
17.440909 1.090729 -12.290347 -2.252999
0.802063 0.144564 0.013179 -0.009753
0.144564 0.051646 -0.004377 -0.002432
0.013179 -0.004377 1.037331 0.162370
-0.009753 -0.002432 0.162370 0.059454
17.854333 1.065876 -13.184423 -2.214371
0.811338 0.145040 0.009215 -0.008545
0.145040 0.051879 -0.003490 -0.001769
0.009215 -0.003490 0.949032 0.150964
-0.008545 -0.001769 0.150964 0.057677
18.443417 1.077789 -14.736488 -2.287204
0.843292 0.149818 -0.009082 -0.010064
0.149818 0.052904 -0.005622 -0.001744
-0.009082 -0.005622 0.919001 0.149365
-0.010064 -0.001744 0.149365 0.057536
19.301837 1.132511 -15.374627 -2.206118
0.847386 0.149465 -0.029114 -0.011605
0.149465 0.052962 -0.007800 -0.001735
-0.029114 -0.007800 0.841469 0.139481
-0.011605 -0.001735 0.139481 0.055939
20.492831 1.241307 -16.082011 -2.142750
0.855923 0.150132 -0.056909 -0.014569
0.150132 0.053223 -0.011395 -0.002041
-0.056909 -0.011395 0.790677 0.134159
-0.014569 -0.002041 0.134159 0.055104
21.041676 1.228811 -17.427364 -2.189989
0.892166 0.155718 -0.050273 -0.011677
0.155718 0.054335 -0.008880 -0.001354
-0.050273 -0.008880 0.774883 0.134449
-0.011677 -0.001354 0.134449 0.055150
21.856651 1.263103 -18.981766 -2.271465
0.938940 0.162816 -0.054165 -0.010981
0.162816 0.055638 -0.008561 -0.001146
-0.054165 -0.008561 0.766537 0.135523
-0.010981 -0.001146 0.135523 0.055245
22.296582 1.230030 -20.167785 -2.280481
0.975381 0.167733 -0.037681 -0.006788
0.167733 0.056491 -0.004942 -0.000393
-0.037681 -0.004942 0.737419 0.132304
-0.006788 -0.000393 0.132304 0.054487
23.471596 1.326209 -21.032603 -2.229895
1.007023 0.171534 -0.050261 -0.008314
0.171534 0.057107 -0.006743 -0.000706
-0.050261 -0.006743 0.700702 0.127477
-0.008314 -0.000706 0.127477 0.053422
24.004572 1.305977 -21.602271 -2.129385
1.027037 0.173350 -0.031927 -0.004141
0.173350 0.057393 -0.003276 -0.000049
-0.031927 -0.003276 0.661264 0.122104
-0.004141 -0.000049 0.122104 0.052272
24.568377 1.289680 -23.075722 -2.206292
1.080844 0.180881 -0.015210 -0.000608
0.180881 0.058650 -0.000326 0.000463
-0.015210 -0.000326 0.663366 0.124478
-0.000608 0.000463 0.124478 0.052585
25.556035 1.345997 -24.331062 -2.234476
1.133441 0.187719 -0.012237 -0.000035
0.187719 0.059718 -0.000003 0.000433
-0.012237 -0.000003 0.653313 0.123929
-0.000035 0.000433 0.123929 0.052256
25.578685 1.240587 -25.057378 -2.160880
1.161022 0.190192 0.024045 0.006779
0.190192 0.060044 0.005690 0.001427
0.024045 0.005690 0.629115 0.120446
0.006779 0.001427 0.120446 0.051362
25.951431 1.200995 -25.866604 -2.108780
1.198369 0.194225 0.042318 0.009555
0.194225 0.060634 0.008014 0.001707
0.042318 0.008014 0.613158 0.118483
0.009555 0.001707 0.118483 0.050783
26.044120 1.120129 -26.253269 -1.978810
1.220043 0.195643 0.064162 0.012820
0.195643 0.060803 0.010766 0.002069
0.064162 0.010766 0.589791 0.114934
0.012820 0.002069 0.114934 0.049901
26.722438 1.138908 -27.236186 -1.977632
1.269422 0.201587 0.068442 0.012410
0.201587 0.061720 0.010587 0.001851
0.068442 0.010587 0.588757 0.115787
0.012410 0.001851 0.115787 0.049915
27.209490 1.126161 -28.359445 -2.004123
1.323843 0.208060 0.081195 0.013776
0.208060 0.062688 0.011834 0.001960
0.081195 0.011834 0.592547 0.117250
0.013776 0.001960 0.117250 0.050012
27.950808 1.153595 -29.245271 -1.981468
1.373490 0.213519 0.086524 0.013627
0.213519 0.063467 0.011930 0.001855
0.086524 0.011930 0.586999 0.116532
0.013627 0.001855 0.116532 0.049650
28.388276 1.131949 -30.180601 -1.969948
1.422647 0.218678 0.103063 0.015815
0.218678 0.064180 0.013822 0.002140
0.103063 0.013822 0.585564 0.116497
0.015815 0.002140 0.116497 0.049436
28.651932 1.083919 -30.716567 -1.878918
1.456432 0.221334 0.120676 0.018163
0.221334 0.064502 0.015854 0.002458
0.120676 0.015854 0.574416 0.114375
0.018163 0.002458 0.114375 0.048813
29.617285 1.149917 -32.051591 -1.960361
1.529059 0.229973 0.126206 0.017780
0.229973 0.065758 0.015886 0.002341
0.126206 0.015886 0.584958 0.116729
0.017780 0.002341 0.116729 0.049146
30.348485 1.173803 -33.125408 -1.980019
1.589809 0.236352 0.141117 0.019482
0.236352 0.066615 0.017463 0.002577
0.141117 0.017463 0.586869 0.116978
0.019482 0.002577 0.116978 0.049012
31.375130 1.235466 -33.642603 -1.887892
1.635886 0.240392 0.148501 0.019696
0.240392 0.067116 0.018003 0.002615
0.148501 0.018003 0.572652 0.113949
0.019696 0.002615 0.113949 0.048244
31.462157 1.156793 -34.427373 -1.852338
1.674976 0.243189 0.182703 0.025428
0.243189 0.067420 0.022381 0.003447
0.182703 0.022381 0.575197 0.114333
0.025428 0.003447 0.114333 0.048194
32.581848 1.234647 -35.303012 -1.846253
1.737334 0.249622 0.193024 0.025738
0.249622 0.068303 0.023078 0.003456
0.193024 0.023078 0.575635 0.114365
0.025738 0.003456 0.114365 0.048111
32.590727 1.146428 -36.107245 -1.817301
1.776990 0.252345 0.230000 0.031695
0.252345 0.068598 0.027593 0.004286
0.230000 0.027593 0.581463 0.115209
0.031695 0.004286 0.115209 0.048150
33.595285 1.206193 -36.872974 -1.792438
1.835928 0.258125 0.243177 0.032232
0.258125 0.069384 0.028558 0.004321
0.243177 0.028558 0.581250 0.114923
0.032232 0.004321 0.114923 0.048003
34.124021 1.191240 -37.367711 -1.710730
1.876007 0.260969 0.267420 0.035278
0.260969 0.069722 0.031149 0.004736
0.267420 0.031149 0.579140 0.114139
0.035278 0.004736 0.114139 0.047744
