3.453848 2.343664 12.308081 4.031292
4.391565 1.756664 8.347592 3.339109
1.756664 80.706748 3.339109 1.335673
8.347592 3.339109 48.509899 19.404380
3.339109 1.335673 19.404380 87.765987
5.079637 3.752534 10.747137 1.343954
4.280286 7.103036 0.535114 -0.382449
7.103036 22.437219 0.623146 5.186979
0.535114 0.623146 1.534914 1.021590
-0.382449 5.186979 1.021590 43.203352
7.562178 4.102651 7.901876 -4.686774
3.228848 3.383513 -0.787112 -1.552409
3.383513 6.142609 -0.757273 -0.602316
-0.787112 -0.757273 0.989843 1.737627
-1.552409 -0.602316 1.737627 7.878087
8.419968 3.175967 5.996590 -4.250716
2.472422 1.941688 -0.754501 -0.711941
1.941688 2.556621 0.002272 0.301302
-0.754501 0.002272 4.357755 5.378497
-0.711941 0.301302 5.378497 7.615578
9.544652 2.873893 3.870818 -4.274839
1.816920 1.201198 0.234631 0.279567
1.201198 1.297312 0.893951 0.785811
0.234631 0.893951 10.429368 8.291205
0.279567 0.785811 8.291205 6.952226
8.467081 1.518608 2.002063 -4.187085
1.776309 1.047909 2.331744 1.385146
1.047909 0.876601 1.573233 0.928944
2.331744 1.573233 8.567439 4.978556
1.385146 0.928944 4.978556 3.079192
9.292527 1.579333 4.103706 -2.281606
1.658759 0.805084 1.403572 0.644752
0.805084 0.545059 0.686845 0.312450
1.403572 0.686845 1.999884 0.914430
0.644752 0.312450 0.914430 0.533439
7.724839 0.594468 1.199648 -2.932724
1.362897 0.558465 1.310694 0.495481
0.558465 0.331156 0.493491 0.184925
1.310694 0.493491 2.421708 0.951076
0.495481 0.184925 0.951076 0.452907
9.489681 1.125054 1.097733 -2.499061
1.181042 0.434613 0.936540 0.291194
0.434613 0.232961 0.275599 0.084679
0.936540 0.275599 2.204034 0.753903
0.291194 0.084679 0.753903 0.316902
10.239463 1.190357 -0.094664 -2.487460
1.167705 0.387055 0.823048 0.219231
0.387055 0.183445 0.195146 0.051667
0.823048 0.195146 2.377709 0.720192
0.219231 0.051667 0.720192 0.264931
10.872422 1.177902 -0.669916 -2.301792
1.121302 0.336801 0.714076 0.167021
0.336801 0.144721 0.148814 0.035654
0.714076 0.148814 2.232699 0.603096
0.167021 0.035654 0.603096 0.202119
11.881350 1.291508 -1.519453 -2.236289
1.049684 0.289782 0.569491 0.117433
0.289782 0.116561 0.096742 0.021037
0.569491 0.096742 2.212010 0.543145
0.117433 0.021037 0.543145 0.167913
12.509391 1.280383 -2.403055 -2.182040
1.001850 0.255899 0.488921 0.091327
0.255899 0.097372 0.073801 0.015307
0.488921 0.073801 2.120643 0.476898
0.091327 0.015307 0.476898 0.138890
11.969062 0.972995 -2.921338 -2.039566
0.992844 0.234586 0.538001 0.096253
0.234586 0.084407 0.090970 0.018598
0.538001 0.090970 1.831517 0.378489
0.096253 0.018598 0.378489 0.108104
13.192592 1.143702 -3.872231 -2.038171
0.910882 0.204690 0.375680 0.059432
0.204690 0.073373 0.049282 0.009693
0.375680 0.049282 1.779923 0.347263
0.059432 0.009693 0.347263 0.096687
14.695193 1.328435 -3.793470 -1.846188
0.812926 0.174949 0.254562 0.035690
0.174949 0.063952 0.025469 0.005323
0.254562 0.025469 1.597630 0.295637
0.035690 0.005323 0.295637 0.083141
15.382305 1.345851 -5.453117 -1.978105
0.819859 0.170476 0.202839 0.025764
0.170476 0.061180 0.014928 0.003446
0.202839 0.014928 1.648215 0.291947
0.025764 0.003446 0.291947 0.079990
16.625108 1.458986 -6.216536 -1.945636
0.780745 0.157741 0.124526 0.012884
0.157741 0.057280 0.002420 0.001491
0.124526 0.002420 1.549413 0.263884
0.012884 0.001491 0.263884 0.073284
17.513184 1.494317 -7.492911 -1.997208
0.777359 0.153304 0.085176 0.007325
0.153304 0.055527 -0.001934 0.000946
0.085176 -0.001934 1.491151 0.245822
0.007325 0.000946 0.245822 0.069087
17.735188 1.388922 -8.155105 -1.939560
0.767232 0.147626 0.109517 0.012440
0.147626 0.053709 0.007083 0.002554
0.109517 0.007083 1.339140 0.214641
0.012440 0.002554 0.214641 0.063283
18.541819 1.414137 -9.543172 -2.006321
0.776457 0.147163 0.074150 0.007341
0.147163 0.053326 0.002279 0.001754
0.074150 0.002279 1.284337 0.202627
0.007341 0.001754 0.202627 0.061220
18.827658 1.336734 -10.745053 -2.035495
0.790592 0.147551 0.081176 0.009152
0.147551 0.053145 0.005904 0.002307
0.081176 0.005904 1.193197 0.186111
0.009152 0.002307 0.186111 0.058656
19.832061 1.399347 -11.834476 -2.047918
0.795399 0.146794 0.038407 0.002977
0.146794 0.052912 -0.000402 0.001254
0.038407 -0.000402 1.107179 0.172179
0.002977 0.001254 0.172179 0.056756
20.347204 1.365508 -12.838595 -2.044313
0.807772 0.147453 0.036770 0.003508
0.147453 0.052963 0.001120 0.001468
0.036770 0.001120 1.022463 0.159449
0.003508 0.001468 0.159449 0.055146
20.375962 1.245291 -13.442288 -1.977087
0.813003 0.146874 0.061519 0.008034
0.146874 0.052816 0.007033 0.002341
0.061519 0.007033 0.928001 0.146008
0.008034 0.002341 0.146008 0.053483
20.950814 1.239460 -15.126690 -2.088387
0.854197 0.153195 0.048101 0.005995
0.153195 0.053997 0.005030 0.001876
0.048101 0.005030 0.912326 0.145952
0.005995 0.001876 0.145952 0.054000
22.036187 1.319392 -15.325521 -1.951809
0.845708 0.150352 0.013701 0.000688
0.150352 0.053490 -0.000340 0.000907
0.013701 -0.000340 0.815649 0.132570
0.000688 0.000907 0.132570 0.052243
22.463334 1.278854 -16.520095 -1.987903
0.877618 0.154974 0.020476 0.002359
0.154974 0.054357 0.001656 0.001191
0.020476 0.001656 0.793222 0.131912
0.002359 0.001191 0.131912 0.052580
22.958200 1.253849 -17.693239 -2.018219
0.911518 0.159725 0.023489 0.003193
0.159725 0.055206 0.002689 0.001286
0.023489 0.002689 0.769726 0.130746
0.003193 0.001286 0.130746 0.052703
23.298165 1.203913 -18.652505 -2.009372
0.940342 0.163353 0.032633 0.004962
0.163353 0.055821 0.004606 0.001525
0.032633 0.004606 0.739126 0.128033
0.004962 0.001525 0.128033 0.052450
23.773933 1.182193 -19.667103 -2.011015
0.973779 0.167666 0.035052 0.005362
0.167666 0.056542 0.005110 0.001501
0.035052 0.005110 0.715430 0.126324
0.005362 0.001501 0.126324 0.052296
24.293609 1.169894 -20.583337 -1.994891
1.006140 0.171624 0.036242 0.005473
0.171624 0.057181 0.005312 0.001429
0.036242 0.005312 0.691368 0.124263
0.005473 0.001429 0.124263 0.052000
24.618238 1.125767 -21.475689 -1.975353
1.038979 0.175520 0.045501 0.007021
0.175520 0.057796 0.006823 0.001607
0.045501 0.006823 0.671711 0.122745
0.007021 0.001607 0.122745 0.051740
24.642879 1.036688 -23.129324 -2.098104
1.100130 0.184018 0.067084 0.010679
0.184018 0.059168 0.010200 0.002119
0.067084 0.010200 0.683217 0.126714
0.010679 0.002119 0.126714 0.052438
24.436034 0.917071 -24.368570 -2.132142
1.148660 0.189892 0.089658 0.014250
0.189892 0.060034 0.013481 0.002591
0.089658 0.013481 0.673901 0.126123
0.014250 0.002591 0.126123 0.052172
24.946186 0.925392 -25.391157 -2.124080
1.192935 0.194883 0.081499 0.011753
0.194883 0.060745 0.011513 0.002055
0.081499 0.011513 0.653421 0.123271
0.011753 0.002055 0.123271 0.051477
25.513260 0.941434 -26.201274 -2.076432
1.231871 0.198844 0.074260 0.009705
0.198844 0.061283 0.009934 0.001658
0.074260 0.009934 0.629821 0.119798
0.009705 0.001658 0.119798 0.050681
25.978767 0.941285 -27.430160 -2.113090
1.287254 0.205337 0.076186 0.009565
0.205337 0.062229 0.009929 0.001598
0.076186 0.009929 0.624905 0.119912
0.009565 0.001598 0.119912 0.050592
27.348374 1.082804 -28.401331 -2.100342
1.341062 0.211395 0.054207 0.004847
0.211395 0.063096 0.006230 0.000838
0.054207 0.006230 0.608376 0.117630
0.004847 0.000838 0.117630 0.050030
27.294725 0.989969 -29.418680 -2.091500
1.384339 0.215391 0.083036 0.010523
0.215391 0.063593 0.010742 0.001754
0.083036 0.010742 0.602615 0.117210
0.010523 0.001754 0.117210 0.049803
28.649667 1.120195 -29.909424 -1.986353
1.425651 0.219227 0.067962 0.007103
0.219227 0.064109 0.008202 0.001211
0.067962 0.008202 0.577465 0.113017
0.007103 0.001211 0.113017 0.048868
29.631906 1.185726 -31.232238 -2.053392
1.493539 0.226986 0.078979 0.009051
0.226986 0.065218 0.009738 0.001508
0.078979 0.009738 0.584118 0.115156
0.009051 0.001508 0.115156 0.049206
30.603516 1.244417 -32.694778 -2.141660
1.566424 0.235126 0.097526 0.012317
0.235126 0.066344 0.012288 0.001980
0.097526 0.012288 0.592850 0.117307
0.012317 0.001980 0.117307 0.049487
31.053161 1.219400 -33.906513 -2.168872
1.622882 0.240405 0.131153 0.018381
0.240405 0.067001 0.016920 0.002843
0.131153 0.016920 0.595039 0.117756
0.018381 0.002843 0.117756 0.049381
31.910225 1.253765 -34.601942 -2.092716
1.672365 0.244618 0.150988 0.021199
0.244618 0.067516 0.019270 0.003190
0.150988 0.019270 0.581767 0.115054
0.021199 0.003190 0.115054 0.048670
32.619942 1.264461 -35.419094 -2.047439
1.723329 0.248990 0.177653 0.025180
0.248990 0.068062 0.022442 0.003688
0.177653 0.022442 0.577708 0.114305
0.025180 0.003688 0.114305 0.048397
33.524009 1.304807 -36.638264 -2.088438
1.792399 0.255920 0.205322 0.028952
0.255920 0.068984 0.025509 0.004126
0.205322 0.025509 0.586027 0.115996
0.028952 0.004126 0.115996 0.048625
33.313319 1.175857 -36.875385 -1.919914
1.808491 0.254978 0.246860 0.035653
0.254978 0.068749 0.030553 0.005005
0.246860 0.030553 0.575186 0.113491
0.035653 0.005005 0.113491 0.047959
33.593341 1.132327 -37.819900 -1.914068
1.862519 0.259841 0.277559 0.039361
0.259841 0.069409 0.033636 0.005395
0.277559 0.033636 0.584175 0.115204
0.039361 0.005395 0.115204 0.048211
33.651189 1.060833 -38.738441 -1.901157
1.914448 0.264310 0.309062 0.043058
0.264310 0.070002 0.036743 0.005796
0.309062 0.036743 0.592981 0.116620
0.043058 0.005796 0.116620 0.048367
