2.965748 2.148419 1.180895 -0.419679
2.964484 1.185819 0.560347 0.224144
1.185819 80.478405 0.224144 0.089659
0.560347 0.224144 6.357064 2.542881
0.224144 0.089659 2.542881 81.021241
5.455067 4.523469 2.078781 1.163444
3.925187 6.733736 -0.761884 -1.275239
6.733736 21.286095 -1.366004 -1.006465
-0.761884 -1.366004 1.697914 2.538119
-1.275239 -1.006465 2.538119 21.210627
5.105532 1.728574 3.656143 2.314486
2.030088 2.324632 1.313052 2.028767
2.324632 5.013884 1.598210 2.446122
1.313052 1.598210 2.150709 3.135258
2.028767 2.446122 3.135258 7.549575
5.058054 1.174928 1.488172 -0.967429
2.382387 2.103922 0.989672 0.775260
2.103922 2.698989 0.632994 0.489569
0.989672 0.632994 3.234034 3.182099
0.775260 0.489569 3.182099 4.012745
7.672434 2.514927 2.051901 -0.328743
2.190425 1.494874 0.193044 0.021304
1.494874 1.400556 0.021764 -0.016297
0.193044 0.021764 2.224462 1.574545
0.021304 -0.016297 1.574545 1.495155
9.918866 3.029281 2.923126 0.223598
1.592589 0.858966 0.402889 0.183665
0.858966 0.672133 0.173123 0.107282
0.402889 0.173123 1.923415 1.062927
0.183665 0.107282 1.062927 0.792371
7.936401 1.420962 2.914370 0.225941
0.460429 0.202686 0.558032 0.250007
0.202686 0.219648 0.224228 0.122592
0.558032 0.224228 1.957557 0.894550
0.250007 0.122592 0.894550 0.535924
9.339378 1.583068 7.628986 2.031492
0.476525 0.211542 0.454609 0.169641
0.211542 0.180006 0.168069 0.078315
0.454609 0.168069 1.348864 0.523870
0.169641 0.078315 0.523870 0.290820
10.284474 1.655589 8.562721 1.998796
0.515802 0.218946 0.309467 0.096488
0.218946 0.152283 0.088815 0.038609
0.309467 0.088815 1.195476 0.414055
0.096488 0.038609 0.414055 0.208117
10.947244 1.625903 8.499859 1.664958
0.544106 0.213064 0.157969 0.039672
0.213064 0.126659 0.026315 0.014255
0.157969 0.026315 1.077867 0.338925
0.039672 0.014255 0.338925 0.157333
11.674180 1.559658 10.759891 2.078776
0.616905 0.218169 0.105619 0.023154
0.218169 0.110861 0.013804 0.009288
0.105619 0.013804 0.966096 0.278090
0.023154 0.009288 0.278090 0.121917
11.973467 1.418240 11.061073 1.884606
0.631224 0.202412 0.010196 -0.001680
0.202412 0.093136 -0.011709 0.001725
0.010196 -0.011709 0.863368 0.230945
-0.001680 0.001725 0.230945 0.097863
12.870318 1.482443 11.126180 1.663865
0.648511 0.189527 -0.020056 -0.006404
0.189527 0.080460 -0.014964 0.000818
-0.020056 -0.014964 0.849985 0.213553
-0.006404 0.000818 0.213553 0.085900
13.952625 1.575425 11.739142 1.612357
0.671329 0.180516 -0.004779 -0.000152
0.180516 0.071837 -0.006294 0.002706
-0.004779 -0.006294 0.856870 0.203506
-0.000152 0.002706 0.203506 0.078025
13.815256 1.346482 11.696362 1.417737
0.611672 0.153175 -0.062740 -0.012152
0.153175 0.060739 -0.017932 -0.000437
-0.062740 -0.017932 0.778254 0.175424
-0.012152 -0.000437 0.175424 0.067558
14.416930 1.329676 12.872764 1.518872
0.631569 0.149553 -0.027421 -0.002275
0.149553 0.057397 -0.006263 0.001940
-0.027421 -0.006263 0.760755 0.165083
-0.002275 0.001940 0.165083 0.062762
14.901373 1.290178 14.279111 1.653610
0.675665 0.152459 0.012102 0.007001
0.152459 0.056313 0.004142 0.003744
0.012102 0.004142 0.761011 0.159982
0.007001 0.003744 0.159982 0.059888
15.634076 1.310749 15.886212 1.813353
0.672574 0.145257 0.058445 0.015977
0.145257 0.053431 0.014136 0.005181
0.058445 0.014136 0.714205 0.146082
0.015977 0.005181 0.146082 0.055730
16.609749 1.377357 16.738599 1.803890
0.653272 0.136109 0.083455 0.019524
0.136109 0.050707 0.018277 0.005329
0.083455 0.018277 0.683699 0.137059
0.019524 0.005329 0.137059 0.053109
17.309352 1.379525 18.108772 1.896297
0.674815 0.136825 0.112488 0.023649
0.136825 0.050457 0.022741 0.005629
0.112488 0.022741 0.683304 0.135061
0.023649 0.005629 0.135061 0.052232
17.665408 1.312103 19.682607 2.018636
0.672596 0.133140 0.136948 0.026494
0.133140 0.049474 0.025886 0.005705
0.136948 0.025886 0.649175 0.126748
0.026494 0.005705 0.126748 0.050263
17.652884 1.185857 19.691194 1.825913
0.642828 0.125102 0.098632 0.017085
0.125102 0.047882 0.016656 0.003464
0.098632 0.016656 0.604971 0.117518
0.017085 0.003464 0.117518 0.048367
18.213733 1.176543 21.158339 1.934299
0.653861 0.125750 0.130923 0.022292
0.125750 0.048114 0.021957 0.004284
0.130923 0.021957 0.600568 0.116626
0.022292 0.004284 0.116626 0.048208
18.784564 1.170866 22.432805 1.994700
0.675087 0.128624 0.147916 0.024073
0.128624 0.048805 0.023806 0.004390
0.147916 0.023806 0.610883 0.118730
0.024073 0.004390 0.118730 0.048651
19.209272 1.136603 23.806440 2.070217
0.680669 0.128406 0.168698 0.026718
0.128406 0.048859 0.026460 0.004726
0.168698 0.026460 0.607990 0.117956
0.026718 0.004726 0.117956 0.048465
20.277583 1.229055 25.073998 2.110196
0.700067 0.130983 0.192643 0.029761
0.130983 0.049456 0.029421 0.005117
0.192643 0.029421 0.624077 0.120904
0.029761 0.005117 0.120904 0.049009
20.694524 1.192159 26.087147 2.104682
0.686918 0.127571 0.196711 0.029228
0.127571 0.048925 0.028879 0.004917
0.196711 0.028879 0.613387 0.118512
0.029228 0.004917 0.118512 0.048488
21.616412 1.252122 27.255292 2.122398
0.697415 0.129057 0.203241 0.029067
0.129057 0.049372 0.028748 0.004794
0.203241 0.028748 0.622651 0.120231
0.029067 0.004794 0.120231 0.048814
21.628896 1.133849 28.432242 2.156257
0.669841 0.123539 0.196061 0.027062
0.123539 0.048491 0.026521 0.004433
0.196061 0.026521 0.614450 0.118540
0.027062 0.004433 0.118540 0.048461
21.857093 1.074208 29.254656 2.111817
0.650342 0.120174 0.185607 0.024597
0.120174 0.048091 0.024132 0.004064
0.185607 0.024132 0.600813 0.115968
0.024597 0.004064 0.115968 0.047971
22.281767 1.049708 30.466494 2.145117
0.656280 0.122086 0.168987 0.020753
0.122086 0.048733 0.020528 0.003401
0.168987 0.020528 0.606089 0.117492
0.020753 0.003401 0.117492 0.048360
22.853918 1.062375 31.352042 2.106932
0.659760 0.123349 0.151270 0.017213
0.123349 0.049167 0.017344 0.002905
0.151270 0.017344 0.600540 0.116684
0.017213 0.002905 0.116684 0.048235
23.663010 1.117450 32.304813 2.081640
0.673058 0.126351 0.133449 0.013852
0.126351 0.049879 0.014369 0.002455
0.133449 0.014369 0.599375 0.116787
0.013852 0.002455 0.116787 0.048297
24.567703 1.187642 33.109073 2.028509
0.677543 0.127308 0.119418 0.011749
0.127308 0.050115 0.012473 0.002281
0.119418 0.012473 0.592825 0.115701
0.011749 0.002281 0.115701 0.048093
25.669222 1.281988 34.269084 2.049168
0.681147 0.127907 0.112509 0.011228
0.127907 0.050247 0.011863 0.002352
0.112509 0.011863 0.597259 0.116754
0.011228 0.002352 0.116754 0.048306
26.533562 1.327396 35.089055 2.005262
0.676454 0.127138 0.090324 0.007780
0.127138 0.050158 0.008545 0.001868
0.090324 0.008545 0.588254 0.115264
0.007780 0.001868 0.115264 0.048044
27.344130 1.359617 35.752991 1.936195
0.676959 0.127498 0.061509 0.003157
0.127498 0.050305 0.004176 0.001164
0.061509 0.004176 0.577484 0.113601
0.003157 0.001164 0.113601 0.047781
27.543351 1.266855 36.893192 1.975753
0.636412 0.119890 0.044218 0.001572
0.119890 0.048902 0.002061 0.001013
0.044218 0.002061 0.581469 0.114796
0.001572 0.001013 0.114796 0.048058
28.151849 1.255950 38.584189 2.115380
0.622448 0.117894 0.032881 0.000773
0.117894 0.048657 0.000990 0.000956
0.032881 0.000990 0.598398 0.118331
0.000773 0.000956 0.118331 0.048759
29.031972 1.301367 40.035469 2.191370
0.633664 0.120860 0.012172 -0.002198
0.120860 0.049364 -0.001827 0.000469
0.012172 -0.001827 0.602852 0.119111
-0.002198 0.000469 0.119111 0.048871
29.990562 1.362070 40.764515 2.117474
0.644185 0.123328 -0.009119 -0.005148
0.123328 0.049888 -0.004575 0.000003
-0.009119 -0.004575 0.583944 0.115191
-0.005148 0.000003 0.115191 0.048050
30.549221 1.339544 41.479745 2.050060
0.637902 0.122274 -0.031899 -0.008247
0.122274 0.049677 -0.007632 -0.000517
-0.031899 -0.007632 0.571383 0.112856
-0.008247 -0.000517 0.112856 0.047611
30.744763 1.248630 42.202630 1.990616
0.626535 0.120257 -0.056043 -0.011575
0.120257 0.049284 -0.010934 -0.001098
-0.056043 -0.010934 0.565198 0.111922
-0.011575 -0.001098 0.111922 0.047468
31.191073 1.214525 43.280011 2.006622
0.632592 0.121681 -0.075311 -0.013881
0.121681 0.049567 -0.013239 -0.001489
-0.075311 -0.013239 0.570024 0.113166
-0.013881 -0.001489 0.113166 0.047747
31.701124 1.193972 43.902245 1.930253
0.641210 0.123395 -0.092016 -0.015697
0.123395 0.049865 -0.015140 -0.001820
-0.092016 -0.015140 0.562650 0.111785
-0.015697 -0.001820 0.111785 0.047459
32.850317 1.296778 44.301084 1.820445
0.661694 0.127257 -0.098006 -0.015372
0.127257 0.050556 -0.015104 -0.001774
-0.098006 -0.015104 0.549008 0.109263
-0.015372 -0.001774 0.109263 0.046962
33.447144 1.288782 45.431607 1.864357
0.668474 0.128020 -0.112806 -0.017184
0.128020 0.050576 -0.016793 -0.002148
-0.112806 -0.016793 0.560865 0.111950
-0.017184 -0.002148 0.111950 0.047518
34.215058 1.310931 46.208133 1.834174
0.690998 0.131710 -0.131467 -0.019665
0.131710 0.051159 -0.019357 -0.002676
-0.131467 -0.019357 0.564842 0.112678
-0.019665 -0.002676 0.112678 0.047604
35.185606 1.365333 46.628294 1.737339
0.708323 0.134156 -0.143650 -0.020860
0.134156 0.051480 -0.020756 -0.002970
-0.143650 -0.020756 0.558798 0.111327
-0.020860 -0.002970 0.111327 0.047267
35.674790 1.324565 47.216410 1.677929
0.708871 0.133187 -0.158669 -0.022935
0.133187 0.051136 -0.022635 -0.003414
-0.158669 -0.022635 0.561969 0.111884
-0.022935 -0.003414 0.111884 0.047326
