2.313630 1.887567 4.856868 1.050742
2.210891 0.884376 -0.462334 -0.184938
0.884376 80.357825 -0.184938 -0.073977
-0.462334 -0.184938 3.665276 1.466142
-0.184938 -0.073977 1.466142 80.590536
3.674323 2.523396 2.663280 -3.427997
2.918656 5.137557 -0.924100 -1.416968
5.137557 16.642976 -1.499277 -3.546951
-0.924100 -1.499277 3.653643 6.004587
-1.416968 -3.546951 6.004587 21.440843
3.475693 0.930770 2.039800 -2.261350
3.163799 3.488738 -0.714336 -0.677850
3.488738 5.658560 -0.751551 -1.107779
-0.714336 -0.751551 1.716558 1.898373
-0.677850 -1.107779 1.898373 4.904301
5.307100 2.016421 2.895592 -0.392307
2.593681 2.029898 -0.796561 -0.622536
2.029898 2.302237 -0.616535 -0.652063
-0.796561 -0.616535 1.244148 1.103846
-0.622536 -0.652063 1.103846 1.968232
6.561844 2.180577 3.935899 0.563137
1.452973 0.893607 -0.011615 0.062716
0.893607 0.909037 0.001592 -0.044507
-0.011615 0.001592 0.863246 0.658001
0.062716 -0.044507 0.658001 0.931175
7.272265 1.960120 5.678669 1.494775
0.787728 0.412170 0.053694 0.044956
0.412170 0.422230 0.013077 -0.035413
0.053694 0.013077 1.033068 0.662977
0.044956 -0.035413 0.662977 0.640154
7.096030 1.425413 5.512525 1.020663
0.570985 0.278644 -0.225947 -0.125096
0.278644 0.264130 -0.131866 -0.099757
-0.225947 -0.131866 1.090980 0.580892
-0.125096 -0.099757 0.580892 0.432514
7.481153 1.276903 6.332813 1.161177
0.727462 0.326890 -0.265050 -0.122757
0.326890 0.230736 -0.126457 -0.074538
-0.265050 -0.126457 1.167913 0.523825
-0.122757 -0.074538 0.523825 0.314422
8.711240 1.513505 5.448359 0.596011
0.637916 0.254398 -0.364088 -0.141759
0.254398 0.160373 -0.145725 -0.067111
-0.364088 -0.145725 1.110165 0.428042
-0.141759 -0.067111 0.428042 0.221567
9.647496 1.592235 7.556310 1.211725
0.672736 0.242732 -0.305963 -0.101836
0.242732 0.132022 -0.104132 -0.041868
-0.305963 -0.104132 0.987782 0.334736
-0.101836 -0.041868 0.334736 0.157014
10.550897 1.635030 8.877464 1.431316
0.617525 0.201630 -0.283745 -0.083202
0.201630 0.101542 -0.085006 -0.030247
-0.283745 -0.085006 0.882608 0.268493
-0.083202 -0.030247 0.268493 0.117557
11.754000 1.756436 9.878184 1.514629
0.668855 0.201065 -0.274637 -0.071504
0.201065 0.090802 -0.073056 -0.023085
-0.274637 -0.073056 0.879669 0.244761
-0.071504 -0.023085 0.244761 0.099257
12.399153 1.685795 10.270015 1.417280
0.631762 0.175030 -0.265703 -0.062964
0.175030 0.075528 -0.064435 -0.018548
-0.265703 -0.064435 0.812511 0.208780
-0.062964 -0.018548 0.208780 0.081856
13.173903 1.671307 11.230071 1.477964
0.627657 0.162908 -0.234068 -0.050062
0.162908 0.067305 -0.051163 -0.013620
-0.234068 -0.051163 0.764643 0.184254
-0.050062 -0.013620 0.184254 0.070803
13.050817 1.452524 13.410013 1.800583
0.636548 0.156614 -0.176089 -0.032995
0.156614 0.062350 -0.034113 -0.008591
-0.176089 -0.034113 0.681955 0.156122
-0.032995 -0.008591 0.156122 0.061060
14.156312 1.539711 14.109330 1.760409
0.624524 0.145975 -0.158273 -0.027623
0.145975 0.057272 -0.028384 -0.006885
-0.158273 -0.028384 0.661057 0.145561
-0.027623 -0.006885 0.145561 0.056731
14.893154 1.534276 15.145358 1.793681
0.584361 0.131139 -0.119818 -0.018778
0.131139 0.052281 -0.019268 -0.004716
-0.119818 -0.019268 0.600105 0.128224
-0.018778 -0.004716 0.128224 0.051735
15.335959 1.479401 17.372882 2.071534
0.565379 0.123311 -0.079415 -0.010216
0.123311 0.049672 -0.010774 -0.002829
-0.079415 -0.010774 0.541488 0.113678
-0.010216 -0.002829 0.113678 0.048044
15.423935 1.343806 18.787700 2.144131
0.558847 0.119005 -0.072866 -0.009408
0.119005 0.048181 -0.010063 -0.002703
-0.072866 -0.010063 0.512630 0.106662
-0.009408 -0.002703 0.106662 0.046301
16.286804 1.380010 19.450753 2.060532
0.539469 0.112873 -0.057863 -0.006901
0.112873 0.046602 -0.007371 -0.002161
-0.057863 -0.007371 0.496611 0.103176
-0.006901 -0.002161 0.103176 0.045513
17.859951 1.564585 20.620186 2.097189
0.508761 0.105387 -0.031653 -0.002240
0.105387 0.044999 -0.002524 -0.001198
-0.031653 -0.002524 0.480016 0.099993
-0.002240 -0.001198 0.099993 0.044883
18.564820 1.550545 21.961294 2.157919
0.506100 0.104541 -0.011697 0.001070
0.104541 0.044941 0.000795 -0.000548
-0.011697 0.000795 0.478248 0.100090
0.001070 -0.000548 0.100090 0.044968
18.874272 1.453401 22.806996 2.106634
0.498941 0.102896 0.003797 0.003270
0.102896 0.044722 0.002989 -0.000156
0.003797 0.002989 0.470233 0.098751
0.003270 -0.000156 0.098751 0.044716
19.383273 1.407968 23.648788 2.061444
0.494197 0.101923 0.007763 0.003039
0.101923 0.044653 0.002803 -0.000248
0.007763 0.002803 0.468110 0.098662
0.003039 -0.000248 0.098662 0.044722
19.858900 1.360527 24.339485 1.989315
0.477676 0.098635 -0.006054 -0.000754
0.098635 0.044102 -0.000868 -0.001028
-0.006054 -0.000868 0.455214 0.096221
-0.000754 -0.001028 0.096221 0.044211
20.670897 1.387884 25.490546 2.022595
0.478482 0.099267 -0.002675 -0.000369
0.099267 0.044400 -0.000476 -0.000845
-0.002675 -0.000476 0.464917 0.098763
-0.000369 -0.000845 0.098763 0.044790
21.479374 1.411792 26.346997 1.989631
0.492319 0.102529 -0.005715 -0.001289
0.102529 0.045195 -0.001366 -0.000941
-0.005715 -0.001366 0.483137 0.102799
-0.001289 -0.000941 0.102799 0.045618
22.115481 1.397388 27.088705 1.935941
0.484605 0.100962 0.001827 0.000216
0.100962 0.044900 0.000122 -0.000517
0.001827 0.000122 0.482290 0.102351
0.000216 -0.000517 0.102351 0.045416
22.784148 1.391179 27.989787 1.921797
0.478929 0.099955 0.020947 0.004085
0.099955 0.044739 0.003944 0.000366
0.020947 0.003944 0.486195 0.102953
0.004085 0.000366 0.102953 0.045467
22.896062 1.269838 28.491606 1.825806
0.471170 0.098635 0.003781 -0.000020
0.098635 0.044525 -0.000107 -0.000486
0.003781 -0.000107 0.483110 0.102077
-0.000020 -0.000486 0.102077 0.045221
23.631235 1.290712 29.507655 1.847393
0.464974 0.097714 -0.007222 -0.002340
0.097714 0.044395 -0.002425 -0.000881
-0.007222 -0.002425 0.489736 0.103344
-0.002340 -0.000881 0.103344 0.045458
24.564592 1.351202 30.640844 1.891129
0.465438 0.098228 -0.020708 -0.004936
0.098228 0.044559 -0.005028 -0.001307
-0.020708 -0.005028 0.503018 0.105900
-0.004936 -0.001307 0.105900 0.045952
25.561554 1.419145 31.851839 1.946685
0.468785 0.099231 -0.031269 -0.006665
0.099231 0.044792 -0.006764 -0.001529
-0.031269 -0.006764 0.519216 0.108831
-0.006665 -0.001529 0.108831 0.046489
25.623535 1.282162 33.184595 2.020939
0.456755 0.096839 -0.018633 -0.003438
0.096839 0.044274 -0.003447 -0.000704
-0.018633 -0.003447 0.531824 0.110788
-0.003438 -0.000704 0.110788 0.046797
25.758470 1.174524 34.249832 2.031542
0.448402 0.095385 -0.029391 -0.005435
0.095385 0.043985 -0.005481 -0.001088
-0.029391 -0.005481 0.540796 0.111853
-0.005435 -0.001088 0.111853 0.046915
26.235677 1.151042 35.287466 2.035790
0.434568 0.092843 -0.031637 -0.005532
0.092843 0.043473 -0.005548 -0.001047
-0.031637 -0.005548 0.544611 0.111866
-0.005532 -0.001047 0.111866 0.046840
27.372559 1.272711 36.591392 2.095911
0.421883 0.090707 -0.031178 -0.005122
0.090707 0.043069 -0.005066 -0.000916
-0.031178 -0.005066 0.553663 0.113063
-0.005122 -0.000916 0.113063 0.047046
28.176087 1.309356 37.747350 2.118445
0.406053 0.087994 -0.025570 -0.003772
0.087994 0.042545 -0.003585 -0.000612
-0.025570 -0.003585 0.556166 0.112932
-0.003772 -0.000612 0.112932 0.046991
28.266346 1.184498 38.475084 2.049313
0.402150 0.087969 -0.029148 -0.004407
0.087969 0.042605 -0.004317 -0.000781
-0.029148 -0.004317 0.552683 0.111673
-0.004407 -0.000781 0.111673 0.046730
29.131171 1.241169 38.631025 1.875204
0.397767 0.087689 -0.033185 -0.005105
0.087689 0.042562 -0.005154 -0.000962
-0.033185 -0.005154 0.537545 0.108276
-0.005105 -0.000962 0.108276 0.046080
30.338661 1.371159 39.456579 1.855186
0.367096 0.081437 -0.040753 -0.006602
0.081437 0.041158 -0.006614 -0.001287
-0.040753 -0.006614 0.548046 0.110416
-0.006602 -0.001287 0.110416 0.046606
31.177737 1.406716 40.568433 1.893135
0.388588 0.087362 -0.043526 -0.006772
0.087362 0.042575 -0.006895 -0.001296
-0.043526 -0.006895 0.560088 0.112719
-0.006772 -0.001296 0.112719 0.047121
32.299321 1.500399 41.350066 1.862336
0.382019 0.086250 -0.032289 -0.004318
0.086250 0.042244 -0.004124 -0.000743
-0.032289 -0.004124 0.555250 0.111529
-0.004318 -0.000743 0.111529 0.046908
33.165404 1.529150 42.712281 1.949610
0.403165 0.091382 -0.030078 -0.003786
0.091382 0.043334 -0.003651 -0.000670
-0.030078 -0.003651 0.562528 0.112879
-0.003786 -0.000670 0.112879 0.047219
33.512307 1.435354 43.824604 1.974969
0.422126 0.095357 -0.034737 -0.004721
0.095357 0.044042 -0.004867 -0.000947
-0.034737 -0.004867 0.556446 0.111423
-0.004721 -0.000947 0.111423 0.046938
34.263043 1.441162 44.505611 1.913691
0.439878 0.098695 -0.026333 -0.002969
0.098695 0.044575 -0.003142 -0.000611
-0.026333 -0.003142 0.524886 0.105107
-0.002969 -0.000611 0.105107 0.045727
34.982716 1.442411 45.760620 1.973782
0.468530 0.104082 -0.029100 -0.003583
0.104082 0.045535 -0.003964 -0.000804
-0.029100 -0.003964 0.515626 0.103783
-0.003583 -0.000804 0.103783 0.045599
35.235250 1.337628 46.325768 1.886088
0.480987 0.105423 -0.028639 -0.003567
0.105423 0.045559 -0.004110 -0.000857
-0.028639 -0.004110 0.474611 0.096098
-0.003567 -0.000857 0.096098 0.044166
36.134082 1.386577 47.067198 1.845721
0.508193 0.109979 -0.026131 -0.003057
0.109979 0.046344 -0.003704 -0.000774
-0.026131 -0.003704 0.447976 0.091898
-0.003057 -0.000774 0.091898 0.043515
37.044050 1.430605 47.444860 1.732879
0.526829 0.112388 -0.018023 -0.001458
0.112388 0.046653 -0.002211 -0.000478
-0.018023 -0.002211 0.400887 0.083591
-0.001458 -0.000478 0.083591 0.041988
