1.201960 1.442889 2.087678 -0.056958
3.032503 1.213028 0.742427 0.296977
1.213028 80.489288 0.296977 0.118794
0.742427 0.296977 5.886542 2.354668
0.296977 0.118794 2.354668 80.945954
3.902361 4.838075 1.596028 -0.856226
3.310847 5.686923 -0.904847 -1.532882
5.686923 19.660649 -1.737935 -1.194768
-0.904847 -1.737935 3.818577 5.796768
-1.532882 -1.194768 5.796768 25.283153
6.250703 4.899393 3.772261 2.191030
3.099534 3.534297 0.793585 1.197314
3.534297 6.343875 0.941726 1.615251
0.793585 0.941726 0.883626 1.104304
1.197314 1.615251 1.104304 5.250749
6.209029 2.906676 3.109851 0.311551
1.493327 1.219964 0.373233 0.318399
1.219964 1.871244 0.234840 0.275403
0.373233 0.234840 1.960881 2.297640
0.318399 0.275403 2.297640 3.694526
6.314025 1.955734 4.574752 1.417888
1.249228 0.835133 0.796608 0.593377
0.835133 0.970541 0.497928 0.427367
0.796608 0.497928 2.023408 1.598861
0.593377 0.427367 1.598861 1.642723
6.908258 1.720791 5.525737 1.579589
1.428663 0.822989 0.560223 0.293590
0.822989 0.697542 0.255560 0.165232
0.560223 0.255560 2.109357 1.273256
0.293590 0.165232 1.273256 0.961895
7.408708 1.564081 5.515405 1.195583
1.234080 0.604873 0.124494 0.034090
0.604873 0.431027 0.011471 0.017609
0.124494 0.011471 1.932337 0.943611
0.034090 0.017609 0.943611 0.576763
8.925544 1.863973 6.870332 1.497871
1.234415 0.521278 0.069510 0.016300
0.521278 0.309189 0.003371 0.013646
0.069510 0.003371 1.791617 0.731688
0.016300 0.013646 0.731688 0.377001
9.501408 1.739029 6.758607 1.196026
1.043047 0.386371 -0.100237 -0.038711
0.386371 0.207172 -0.049671 -0.006477
-0.100237 -0.049671 1.619043 0.570346
-0.038711 -0.006477 0.570346 0.258594
9.607672 1.484395 8.226328 1.464753
0.863017 0.286223 -0.137440 -0.040724
0.286223 0.144244 -0.048264 -0.005513
-0.137440 -0.048264 1.359852 0.422652
-0.040724 -0.005513 0.422652 0.177052
10.253253 1.456823 9.653812 1.659511
0.828511 0.251290 -0.117739 -0.027472
0.251290 0.116402 -0.032826 -0.001134
-0.117739 -0.032826 1.151552 0.322934
-0.027472 -0.001134 0.322934 0.128889
11.720916 1.667089 10.969212 1.792049
0.842197 0.236335 -0.035654 -0.001404
0.236335 0.100665 -0.004066 0.005764
-0.035654 -0.004066 1.090330 0.281818
-0.001404 0.005764 0.281818 0.106496
12.965656 1.765444 10.384026 1.439512
0.755191 0.196679 -0.066668 -0.008949
0.196679 0.081793 -0.011385 0.002453
-0.066668 -0.011385 0.994658 0.238702
-0.008949 0.002453 0.238702 0.087911
14.114348 1.830984 11.117830 1.445309
0.760479 0.186998 -0.017941 0.003403
0.186998 0.074126 0.002317 0.004772
-0.017941 0.002317 0.983370 0.222735
0.003403 0.004772 0.222735 0.079154
15.010092 1.839842 13.919420 1.892155
0.729566 0.170543 0.059557 0.019431
0.170543 0.066447 0.019316 0.007417
0.059557 0.019316 0.837765 0.180682
0.019431 0.007417 0.180682 0.066456
16.023038 1.861771 15.108675 1.943200
0.734255 0.164249 0.088124 0.023385
0.164249 0.062354 0.023604 0.007252
0.088124 0.023604 0.816346 0.169797
0.023385 0.007252 0.169797 0.062057
16.723016 1.810501 15.490385 1.823492
0.695082 0.149451 0.074209 0.018115
0.149451 0.057188 0.018140 0.005207
0.074209 0.018140 0.768920 0.155000
0.018115 0.005207 0.155000 0.057547
17.553139 1.795388 16.828329 1.907182
0.714553 0.149135 0.103010 0.022178
0.149135 0.055902 0.022472 0.005467
0.103010 0.022472 0.764790 0.150812
0.022178 0.005467 0.150812 0.055817
17.682392 1.639503 17.353714 1.823992
0.665419 0.135153 0.081674 0.016104
0.135153 0.052133 0.016191 0.003704
0.081674 0.016191 0.696995 0.134878
0.016104 0.003704 0.134878 0.052090
18.386593 1.616216 18.364304 1.843063
0.675322 0.134757 0.096677 0.017729
0.134757 0.051595 0.017932 0.003716
0.096677 0.017932 0.694135 0.133150
0.017729 0.003716 0.133150 0.051518
19.087884 1.596793 18.824320 1.755259
0.657988 0.129284 0.097104 0.016580
0.129284 0.050199 0.016765 0.003236
0.097104 0.016765 0.673559 0.128322
0.016580 0.003236 0.128322 0.050448
19.493665 1.519518 19.833520 1.782122
0.645452 0.125444 0.110082 0.018044
0.125444 0.049307 0.018312 0.003360
0.110082 0.018312 0.649459 0.123282
0.018044 0.003360 0.123282 0.049442
19.687818 1.407417 21.074270 1.852492
0.647008 0.124875 0.119575 0.018765
0.124875 0.049172 0.019107 0.003358
0.119575 0.019107 0.636280 0.120803
0.018765 0.003358 0.120803 0.049013
20.127435 1.351753 22.568248 1.963528
0.659627 0.126508 0.141926 0.021940
0.126508 0.049476 0.022358 0.003853
0.141926 0.022358 0.636017 0.120881
0.021940 0.003853 0.120881 0.049074
20.308811 1.251506 24.044838 2.063801
0.661543 0.126074 0.156929 0.023669
0.126074 0.049381 0.024113 0.004083
0.156929 0.024113 0.627698 0.119406
0.023669 0.004083 0.119406 0.048823
20.327974 1.133137 25.209766 2.096804
0.644951 0.122243 0.168105 0.024899
0.122243 0.048657 0.025321 0.004276
0.168105 0.025321 0.604469 0.115142
0.024899 0.004276 0.115142 0.048033
20.956411 1.144392 26.308139 2.105706
0.662354 0.125506 0.169141 0.023770
0.125506 0.049394 0.024273 0.003966
0.169141 0.024273 0.610408 0.116980
0.023770 0.003966 0.116980 0.048498
21.413724 1.115942 27.777648 2.189415
0.666958 0.125854 0.182468 0.025529
0.125854 0.049464 0.025843 0.004282
0.182468 0.025843 0.618175 0.118719
0.025529 0.004282 0.118719 0.048829
21.780555 1.080517 28.786224 2.175648
0.659832 0.124236 0.179077 0.024185
0.124236 0.049202 0.024466 0.004054
0.179077 0.024466 0.610323 0.117423
0.024185 0.004054 0.117423 0.048567
22.657725 1.159466 29.073664 2.011096
0.662183 0.124777 0.167302 0.021273
0.124777 0.049400 0.021976 0.003613
0.167302 0.021976 0.589141 0.113683
0.021273 0.003613 0.113683 0.047858
23.074950 1.120010 30.533803 2.104565
0.653066 0.122789 0.171607 0.022149
0.122789 0.049043 0.022272 0.003826
0.171607 0.022272 0.603391 0.116942
0.022149 0.003826 0.116942 0.048512
23.539138 1.111334 31.049216 1.999337
0.632160 0.118938 0.164955 0.021046
0.118938 0.048384 0.021116 0.003769
0.164955 0.021116 0.585956 0.113719
0.021046 0.003769 0.113719 0.047842
24.163651 1.119862 32.307887 2.049841
0.636907 0.120489 0.152419 0.018419
0.120489 0.048843 0.018457 0.003313
0.152419 0.018457 0.596263 0.116383
0.018419 0.003313 0.116383 0.048425
24.558642 1.093711 33.012100 1.988758
0.630719 0.119979 0.126327 0.013584
0.119979 0.048881 0.013857 0.002547
0.126327 0.013857 0.585461 0.114746
0.013584 0.002547 0.114746 0.048126
25.342846 1.148110 33.516563 1.886665
0.640311 0.122412 0.105129 0.009887
0.122412 0.049446 0.010614 0.002048
0.105129 0.010614 0.573125 0.112776
0.009887 0.002048 0.112776 0.047757
25.595380 1.086295 34.430875 1.885949
0.619213 0.118515 0.090297 0.008264
0.118515 0.048709 0.008601 0.001913
0.090297 0.008601 0.574210 0.113485
0.008264 0.001913 0.113485 0.047912
26.666687 1.179032 36.073747 2.018523
0.634041 0.121744 0.086820 0.008389
0.121744 0.049383 0.008591 0.002037
0.086820 0.008591 0.596242 0.118085
0.008389 0.002037 0.118085 0.048800
27.630787 1.252444 37.013464 1.999930
0.637280 0.122557 0.071662 0.006247
0.122557 0.049553 0.006626 0.001759
0.071662 0.006626 0.589205 0.116576
0.006247 0.001759 0.116576 0.048425
27.553421 1.115761 38.070852 2.019092
0.604724 0.116511 0.040985 0.001503
0.116511 0.048413 0.001637 0.000944
0.040985 0.001637 0.588059 0.116540
0.001503 0.000944 0.116540 0.048414
28.456750 1.178075 39.624395 2.124028
0.622648 0.120581 0.023535 -0.000861
0.120581 0.049288 -0.000606 0.000595
0.023535 -0.000606 0.598904 0.118698
-0.000861 0.000595 0.118698 0.048813
28.697679 1.114149 40.135461 2.017347
0.619441 0.120199 -0.008376 -0.005841
0.120199 0.049225 -0.005399 -0.000235
-0.008376 -0.005399 0.579096 0.114658
-0.005841 -0.000235 0.114658 0.047972
29.514528 1.165029 41.025719 1.992802
0.634889 0.123308 -0.025165 -0.007662
0.123308 0.049816 -0.007148 -0.000462
-0.025165 -0.007148 0.573241 0.113620
-0.007662 -0.000462 0.113620 0.047776
30.729764 1.287249 42.281839 2.043163
0.656487 0.127266 -0.035526 -0.008247
0.127266 0.050514 -0.007745 -0.000494
-0.035526 -0.007745 0.575885 0.114298
-0.008247 -0.000494 0.114298 0.047925
31.430603 1.298648 43.879775 2.157630
0.668008 0.128904 -0.059725 -0.011715
0.128904 0.050712 -0.011165 -0.001129
-0.059725 -0.011165 0.589713 0.117094
-0.011715 -0.001129 0.117094 0.048473
32.754785 1.427646 44.696031 2.107108
0.695367 0.133459 -0.076382 -0.013528
0.133459 0.051469 -0.013076 -0.001448
-0.076382 -0.013076 0.576502 0.114223
-0.013528 -0.001448 0.114223 0.047843
34.134254 1.553994 45.580287 2.076336
0.715848 0.136309 -0.092711 -0.015329
0.136309 0.051853 -0.014958 -0.001783
-0.092711 -0.014958 0.569040 0.112730
-0.015329 -0.001783 0.112730 0.047537
34.136135 1.405058 46.341848 2.016355
0.690414 0.130175 -0.120722 -0.019786
0.130175 0.050511 -0.019058 -0.002630
-0.120722 -0.019058 0.568227 0.112573
-0.019786 -0.002630 0.112573 0.047494
34.839173 1.401502 46.948634 1.935994
0.689864 0.129495 -0.134657 -0.021094
0.129495 0.050360 -0.020410 -0.002869
-0.134657 -0.020410 0.561080 0.111192
-0.021094 -0.002869 0.111192 0.047213
35.589857 1.409330 47.772249 1.907478
0.696114 0.130195 -0.148813 -0.022511
0.130195 0.050485 -0.021832 -0.003141
-0.148813 -0.021832 0.562926 0.111668
-0.022511 -0.003141 0.111668 0.047308
35.881108 1.326984 48.421605 1.840762
0.699733 0.130274 -0.169559 -0.025401
0.130274 0.050467 -0.024579 -0.003712
-0.169559 -0.024579 0.566864 0.112365
-0.025401 -0.003712 0.112365 0.047401
