3.019534 2.169934 4.492919 0.905159
0.836215 0.334493 0.774882 0.309959
0.334493 80.137867 0.309959 0.123986
0.774882 0.309959 2.562196 1.024900
0.309959 0.123986 1.024900 80.414036
4.803177 3.590463 3.779370 -1.180373
2.921980 5.646268 -0.907719 -1.799906
5.646268 13.954006 -1.983264 -1.403407
-0.907719 -1.983264 3.370372 5.945142
-1.799906 -1.403407 5.945142 19.039638
6.656069 3.686403 3.942531 -0.333483
2.482068 2.608358 -0.443332 -0.285677
2.608358 3.457889 -0.362759 0.345354
-0.443332 -0.362759 2.307284 2.541365
-0.285677 0.345354 2.541365 4.785911
5.944390 1.779963 3.187790 -1.011113
0.803665 0.606532 0.318283 0.323132
0.606532 0.748871 0.330868 0.493754
0.318283 0.330868 1.892948 1.585471
0.323132 0.493754 1.585471 2.060316
6.350008 1.499440 3.042579 -0.800340
1.008456 0.610336 0.155102 0.146395
0.610336 0.517630 0.135686 0.190989
0.155102 0.135686 1.464420 0.953713
0.146395 0.190989 0.953713 0.970847
6.587692 1.281135 4.122397 -0.022320
0.997540 0.496144 0.179000 0.128765
0.496144 0.335305 0.112921 0.115236
0.179000 0.112921 1.064870 0.577707
0.128765 0.115236 0.577707 0.508875
8.599215 1.877848 5.401062 0.608528
0.877153 0.367176 0.048974 0.041173
0.367176 0.213478 0.040279 0.048199
0.048974 0.040279 1.053835 0.493072
0.041173 0.048199 0.493072 0.351943
8.996290 1.688118 6.179244 0.792358
0.884788 0.322105 -0.036473 0.001233
0.322105 0.161651 0.004376 0.020880
-0.036473 0.004376 1.060229 0.432706
0.001233 0.020880 0.432706 0.258660
10.300557 1.854036 7.656308 1.191592
0.818755 0.263481 -0.131598 -0.033205
0.263481 0.120381 -0.026882 0.003314
-0.131598 -0.026882 1.023483 0.368043
-0.033205 0.003314 0.368043 0.192219
11.335265 1.885974 8.268602 1.198968
0.818516 0.238613 -0.143888 -0.031532
0.238613 0.099963 -0.026845 0.001177
-0.143888 -0.026845 1.009777 0.325776
-0.031532 0.001177 0.325776 0.151802
11.639312 1.719230 9.261461 1.303370
0.718736 0.191866 -0.153243 -0.031933
0.191866 0.078473 -0.027903 -0.001132
-0.153243 -0.027903 0.907894 0.265530
-0.031933 -0.001132 0.265530 0.116168
12.168192 1.644526 10.508209 1.459548
0.678940 0.169094 -0.161876 -0.031365
0.169094 0.067493 -0.028524 -0.002341
-0.161876 -0.028524 0.832440 0.224158
-0.031365 -0.002341 0.224158 0.093702
12.788662 1.604197 11.763461 1.589886
0.672861 0.158295 -0.176266 -0.032107
0.158295 0.061530 -0.030200 -0.003349
-0.176266 -0.030200 0.791600 0.198797
-0.032107 -0.003349 0.198797 0.079947
13.409626 1.563553 12.606532 1.597977
0.636950 0.142953 -0.167464 -0.028024
0.142953 0.055786 -0.026881 -0.003066
-0.167464 -0.026881 0.732419 0.173595
-0.028024 -0.003066 0.173595 0.069019
13.516796 1.405252 12.812292 1.447793
0.620876 0.134379 -0.162258 -0.025250
0.134379 0.052526 -0.024575 -0.002921
-0.162258 -0.024575 0.702398 0.158935
-0.025250 -0.002921 0.158935 0.062466
14.320114 1.423816 13.349416 1.408234
0.598302 0.125891 -0.152186 -0.022111
0.125891 0.049873 -0.021682 -0.002659
-0.152186 -0.021682 0.674049 0.146906
-0.022111 -0.002659 0.146906 0.057658
14.739579 1.372244 14.656727 1.532746
0.564846 0.116945 -0.109345 -0.012661
0.116945 0.047652 -0.012984 -0.001175
-0.109345 -0.012984 0.609135 0.129339
-0.012661 -0.001175 0.129339 0.052585
15.121190 1.322566 16.279918 1.708476
0.560476 0.114771 -0.092920 -0.009436
0.114771 0.047053 -0.010233 -0.000966
-0.092920 -0.010233 0.574786 0.119918
-0.009436 -0.000966 0.119918 0.049834
15.163232 1.203037 17.646369 1.805036
0.562394 0.114448 -0.065094 -0.004111
0.114448 0.046984 -0.005229 -0.000243
-0.065094 -0.005229 0.552021 0.114226
-0.004111 -0.000243 0.114226 0.048276
15.407456 1.133174 18.762816 1.844059
0.545133 0.110232 -0.047068 -0.001654
0.110232 0.046129 -0.002819 -0.000149
-0.047068 -0.002819 0.517964 0.106636
-0.001654 -0.000149 0.106636 0.046480
16.315202 1.201672 19.633761 1.837824
0.536020 0.108146 -0.033227 -0.000062
0.108146 0.045805 -0.000988 -0.000090
-0.033227 -0.000988 0.514870 0.106131
-0.000062 -0.000090 0.106131 0.046329
16.967937 1.211494 20.479625 1.823262
0.520738 0.105039 -0.024139 0.000467
0.105039 0.045301 -0.000321 -0.000229
-0.024139 -0.000321 0.498039 0.102738
0.000467 -0.000229 0.102738 0.045584
17.566722 1.209932 21.370296 1.818859
0.516254 0.104400 -0.021380 -0.000097
0.104400 0.045329 -0.000744 -0.000499
-0.021380 -0.000744 0.493593 0.102136
-0.000097 -0.000499 0.102136 0.045472
18.580835 1.293068 22.286641 1.823020
0.506468 0.102764 -0.017259 -0.000215
0.102764 0.045142 -0.000712 -0.000610
-0.017259 -0.000712 0.490384 0.101809
-0.000215 -0.000610 0.101809 0.045420
19.414829 1.330923 23.110012 1.805620
0.509310 0.103840 -0.012073 0.000113
0.103840 0.045505 -0.000298 -0.000578
-0.012073 -0.000298 0.497443 0.103600
0.000113 -0.000578 0.103600 0.045803
20.104040 1.335702 23.987089 1.800346
0.481857 0.098591 -0.003425 0.001129
0.098591 0.044524 0.000791 -0.000402
-0.003425 0.000791 0.473084 0.098630
0.001129 -0.000402 0.098630 0.044736
21.356910 1.457477 25.464095 1.922690
0.468622 0.096668 0.004019 0.002003
0.096668 0.044280 0.001732 -0.000226
0.004019 0.001732 0.471079 0.098742
0.002003 -0.000226 0.098742 0.044812
22.248717 1.491361 26.342157 1.905347
0.473065 0.098471 0.007119 0.002042
0.098471 0.044787 0.001816 -0.000209
0.007119 0.001816 0.478933 0.100822
0.002042 -0.000209 0.100822 0.045271
22.885498 1.468504 27.473860 1.943085
0.468267 0.098061 -0.004343 -0.000883
0.098061 0.044750 -0.001050 -0.000793
-0.004343 -0.001050 0.482941 0.101820
-0.000883 -0.000793 0.101820 0.045445
23.716753 1.489052 28.188521 1.888897
0.475719 0.100169 -0.012900 -0.002818
0.100169 0.045221 -0.002952 -0.001106
-0.012900 -0.002952 0.490787 0.103494
-0.002818 -0.001106 0.103494 0.045743
24.271814 1.448993 29.493202 1.964737
0.475654 0.100398 -0.012347 -0.002591
0.100398 0.045233 -0.002702 -0.000938
-0.012347 -0.002702 0.504775 0.106276
-0.002591 -0.000938 0.106276 0.046250
24.560830 1.356914 30.327325 1.933550
0.474347 0.100284 -0.013191 -0.002658
0.100284 0.045163 -0.002749 -0.000855
-0.013191 -0.002749 0.510338 0.107019
-0.002658 -0.000855 0.107019 0.046295
25.182754 1.344950 31.301912 1.935154
0.471901 0.099888 -0.022421 -0.004458
0.099888 0.045034 -0.004554 -0.001154
-0.022421 -0.004554 0.517456 0.108048
-0.004458 -0.001154 0.108048 0.046414
25.780777 1.328373 31.475596 1.770034
0.475586 0.100797 -0.016925 -0.003011
0.100797 0.045190 -0.003078 -0.000751
-0.016925 -0.003078 0.508969 0.105791
-0.003011 -0.000751 0.105791 0.045863
26.439355 1.327667 32.730251 1.846709
0.478380 0.101389 -0.015816 -0.002634
0.101389 0.045262 -0.002664 -0.000619
-0.015816 -0.002664 0.527292 0.109367
-0.002634 -0.000619 0.109367 0.046589
27.095156 1.325940 33.636611 1.843188
0.468450 0.099202 -0.020312 -0.003480
0.099202 0.044739 -0.003508 -0.000769
-0.020312 -0.003508 0.530584 0.109517
-0.003480 -0.000769 0.109517 0.046552
27.380461 1.246566 34.956919 1.924469
0.418864 0.088783 -0.034127 -0.006244
0.088783 0.042515 -0.006265 -0.001320
-0.034127 -0.006265 0.530504 0.109012
-0.006244 -0.001320 0.109012 0.046401
28.378121 1.327594 36.141332 1.971061
0.416537 0.089343 -0.042995 -0.007656
0.089343 0.042799 -0.007718 -0.001543
-0.042995 -0.007718 0.542950 0.111195
-0.007656 -0.001543 0.111195 0.046833
28.557861 1.222943 37.227696 1.989779
0.435152 0.094249 -0.046663 -0.007845
0.094249 0.043951 -0.007956 -0.001503
-0.046663 -0.007956 0.557903 0.113749
-0.007845 -0.001503 0.113749 0.047320
29.027108 1.191989 38.224446 1.989482
0.420498 0.091327 -0.045715 -0.007293
0.091327 0.043265 -0.007282 -0.001337
-0.045715 -0.007282 0.561425 0.113825
-0.007293 -0.001337 0.113825 0.047282
29.548183 1.175531 39.208358 1.986889
0.424068 0.092581 -0.045807 -0.006973
0.092581 0.043536 -0.006961 -0.001254
-0.045807 -0.006961 0.565946 0.114182
-0.006973 -0.001254 0.114182 0.047326
29.959097 1.133130 39.593552 1.863387
0.419866 0.091936 -0.041709 -0.005942
0.091936 0.043350 -0.005919 -0.001056
-0.041709 -0.005919 0.551234 0.110743
-0.005942 -0.001056 0.110743 0.046628
32.330496 1.527735 40.075537 1.783847
0.266618 0.058597 -0.016393 -0.001683
0.058597 0.036001 -0.000264 -0.000153
-0.016393 -0.000264 0.550061 0.110555
-0.001683 -0.000153 0.110555 0.046677
33.366806 1.588776 40.529515 1.697222
0.268561 0.062489 -0.011730 -0.000963
0.062489 0.037427 0.000264 -0.000111
-0.011730 0.000264 0.542757 0.109050
-0.000963 -0.000111 0.109050 0.046436
34.061614 1.566789 41.826605 1.787045
0.301037 0.072796 -0.017347 -0.002238
0.072796 0.040081 -0.001558 -0.000507
-0.017347 -0.001558 0.558646 0.112332
-0.002238 -0.000507 0.112332 0.047168
34.569957 1.498614 42.540843 1.750029
0.337352 0.082565 -0.025060 -0.003805
0.082565 0.042249 -0.003777 -0.000944
-0.025060 -0.003777 0.550022 0.110396
-0.003805 -0.000944 0.110396 0.046786
35.026809 1.429537 43.943367 1.854968
0.372765 0.090753 -0.032065 -0.005087
0.090753 0.043785 -0.005467 -0.001240
-0.032065 -0.005467 0.556289 0.111669
-0.005087 -0.001240 0.111669 0.047087
35.150107 1.285847 44.496376 1.777442
0.407621 0.097703 -0.046351 -0.007717
0.097703 0.044884 -0.008796 -0.001848
-0.046351 -0.008796 0.537658 0.107809
-0.007717 -0.001848 0.107809 0.046324
35.920111 1.315832 45.400657 1.781181
0.444595 0.104424 -0.042866 -0.006526
0.104424 0.045900 -0.007558 -0.001493
-0.042866 -0.007558 0.513249 0.103219
-0.006526 -0.001493 0.103219 0.045490
36.593729 1.320718 46.538549 1.831442
0.475594 0.109076 -0.039423 -0.005514
0.109076 0.046418 -0.006539 -0.001237
-0.039423 -0.006539 0.487156 0.098640
-0.005514 -0.001237 0.098640 0.044701
