-1.212862 0.476939 2.785555 0.222199
3.752381 1.500985 0.501159 0.200468
1.500985 80.604474 0.200468 0.080189
0.501159 0.200468 5.847865 2.339197
0.200468 0.080189 2.339197 80.939766
2.210984 5.924806 -3.198554 -9.069874
2.270810 3.780384 -1.246276 -1.953930
3.780384 18.086424 -2.238558 -2.388210
-1.246276 -2.238558 5.596443 8.475747
-1.953930 -2.388210 8.475747 29.273539
3.741870 4.586360 -1.309613 -2.156606
3.525735 4.361607 -0.054742 0.336702
4.361607 7.841661 -0.045765 0.388757
-0.054742 -0.045765 0.325864 0.352702
0.336702 0.388757 0.352702 4.604731
4.976790 3.683704 0.010397 1.290039
3.303248 2.777561 0.242870 0.438669
2.777561 3.214423 0.201645 0.320863
0.242870 0.201645 0.515497 0.753189
0.438669 0.320863 0.753189 1.850222
8.527992 4.745875 1.753502 2.350228
2.589419 1.651237 0.184739 0.169778
1.651237 1.477776 0.086774 0.063663
0.184739 0.086774 1.100487 1.068207
0.169778 0.063663 1.068207 1.263029
7.624878 3.028378 3.560083 2.799815
0.505276 0.251985 0.513661 0.349362
0.251985 0.367465 0.233674 0.153543
0.513661 0.233674 1.586774 1.084631
0.349362 0.153543 1.084631 0.844942
9.761611 3.294764 6.469964 3.585242
0.592776 0.315136 0.418952 0.207328
0.315136 0.312793 0.139886 0.066124
0.418952 0.139886 1.668725 0.874788
0.207328 0.066124 0.874788 0.519318
9.466629 2.467248 5.067185 2.254224
0.333151 0.181749 -0.221010 -0.102165
0.181749 0.186537 -0.165481 -0.073001
-0.221010 -0.165481 1.014099 0.440516
-0.102165 -0.073001 0.440516 0.233016
10.406598 2.318408 6.694188 2.439015
0.425937 0.208558 -0.225383 -0.083959
0.208558 0.157775 -0.124695 -0.044383
-0.225383 -0.124695 1.096619 0.404461
-0.083959 -0.044383 0.404461 0.181236
10.824305 2.000780 8.551256 2.640376
0.523227 0.223966 -0.221524 -0.068544
0.223966 0.135050 -0.095540 -0.028193
-0.221524 -0.095540 1.093513 0.350983
-0.068544 -0.028193 0.350983 0.139628
11.800765 1.992835 10.086310 2.701832
0.622325 0.233487 -0.180231 -0.046548
0.233487 0.117968 -0.062589 -0.015185
-0.180231 -0.062589 1.065305 0.304187
-0.046548 -0.015185 0.304187 0.111108
12.256218 1.805128 10.343219 2.412830
0.643276 0.213104 -0.205836 -0.047777
0.213104 0.096141 -0.062203 -0.013826
-0.205836 -0.062203 0.958521 0.247191
-0.047777 -0.013826 0.247191 0.086601
13.126442 1.801276 12.249766 2.580358
0.681335 0.203634 -0.127352 -0.023826
0.203634 0.083799 -0.030850 -0.005231
-0.127352 -0.030850 0.884783 0.210860
-0.023826 -0.005231 0.210860 0.072514
13.463425 1.649339 13.822609 2.638430
0.717897 0.195743 -0.091187 -0.013684
0.195743 0.074955 -0.018141 -0.002275
-0.091187 -0.018141 0.822743 0.183627
-0.013684 -0.002275 0.183627 0.063117
14.168932 1.619655 15.190585 2.647765
0.739880 0.186274 -0.047014 -0.003597
0.186274 0.067901 -0.005869 0.000158
-0.047014 -0.005869 0.777341 0.164833
-0.003597 0.000158 0.164833 0.057245
15.489844 1.737261 16.131843 2.573562
0.738785 0.173688 0.000992 0.005702
0.173688 0.061740 0.005252 0.002054
0.000992 0.005252 0.754289 0.153789
0.005702 0.002054 0.153789 0.053972
16.023275 1.661006 17.037595 2.496421
0.724490 0.160662 0.014064 0.006952
0.160662 0.056736 0.006745 0.001885
0.014064 0.006745 0.706941 0.139620
0.006952 0.001885 0.139620 0.050603
16.486838 1.581283 17.701171 2.381933
0.700590 0.148169 0.018869 0.006576
0.148169 0.052829 0.006429 0.001466
0.018869 0.006429 0.662380 0.128052
0.006576 0.001466 0.128052 0.048233
16.553435 1.433861 18.956496 2.392216
0.678627 0.138409 0.037772 0.009097
0.138409 0.050206 0.009156 0.001743
0.037772 0.009156 0.610676 0.116738
0.009097 0.001743 0.116738 0.046232
17.301778 1.439978 20.016731 2.366331
0.676732 0.134358 0.063551 0.012889
0.134358 0.049174 0.013124 0.002300
0.063551 0.013124 0.597432 0.114042
0.012889 0.002300 0.114042 0.046073
17.799179 1.396931 20.944714 2.317706
0.683714 0.132947 0.070709 0.012932
0.132947 0.048874 0.013156 0.002109
0.070709 0.013156 0.593192 0.113422
0.012932 0.002109 0.113422 0.046309
18.271681 1.355624 21.368402 2.177075
0.672652 0.128677 0.065834 0.010859
0.128677 0.048144 0.011058 0.001583
0.065834 0.011058 0.577234 0.110717
0.010859 0.001583 0.110717 0.046109
18.171181 1.204058 23.457883 2.373750
0.637182 0.120308 0.128567 0.022296
0.120308 0.046715 0.022246 0.003729
0.128567 0.022246 0.535645 0.103055
0.022296 0.003729 0.103055 0.044886
18.873157 1.226810 24.118570 2.269554
0.636442 0.119774 0.135198 0.021885
0.119774 0.046961 0.021830 0.003466
0.135198 0.021830 0.530383 0.103285
0.021885 0.003466 0.103285 0.045289
19.870101 1.299030 25.323243 2.279561
0.665599 0.125052 0.149232 0.022940
0.125052 0.048270 0.022805 0.003515
0.149232 0.022805 0.556100 0.109446
0.022940 0.003515 0.109446 0.046757
20.901609 1.370983 26.512551 2.284723
0.665253 0.124153 0.180615 0.027963
0.124153 0.048243 0.027375 0.004410
0.180615 0.027375 0.566309 0.111593
0.027963 0.004410 0.111593 0.047196
20.711137 1.219171 26.652246 2.095185
0.635321 0.118809 0.142883 0.019246
0.118809 0.047551 0.019197 0.002777
0.142883 0.019197 0.537295 0.106533
0.019246 0.002777 0.106533 0.046311
21.612877 1.271181 27.937523 2.138828
0.663187 0.124352 0.147481 0.019202
0.124352 0.048852 0.019116 0.002796
0.147481 0.019116 0.564946 0.112676
0.019202 0.002796 0.112676 0.047614
21.564590 1.148236 28.545541 2.056363
0.634695 0.118909 0.138387 0.017492
0.118909 0.047963 0.017258 0.002657
0.138387 0.017258 0.552926 0.110309
0.017492 0.002657 0.110309 0.047080
22.167697 1.162164 29.077049 1.954557
0.642954 0.121071 0.126173 0.014752
0.121071 0.048606 0.014854 0.002290
0.126173 0.014854 0.552931 0.110630
0.014752 0.002290 0.110630 0.047158
22.956101 1.200875 30.118343 1.964150
0.662336 0.125057 0.120412 0.013494
0.125057 0.049507 0.013681 0.002178
0.120412 0.013681 0.570558 0.114355
0.013494 0.002178 0.114355 0.047894
23.381163 1.172793 30.751910 1.896127
0.652062 0.123066 0.111614 0.012285
0.123066 0.049185 0.012419 0.002146
0.111614 0.012419 0.567920 0.113626
0.012285 0.002146 0.113626 0.047662
23.665510 1.119136 31.421721 1.844301
0.638026 0.120564 0.102734 0.011204
0.120564 0.048795 0.011227 0.002114
0.102734 0.011227 0.566274 0.113182
0.011204 0.002114 0.113182 0.047523
24.291143 1.139162 31.816360 1.736756
0.632248 0.119792 0.099224 0.011138
0.119792 0.048746 0.011215 0.002271
0.099224 0.011215 0.558917 0.111562
0.011138 0.002271 0.111562 0.047157
24.596160 1.081510 33.205266 1.845378
0.632892 0.120408 0.088171 0.009416
0.120408 0.048983 0.009294 0.001985
0.088171 0.009294 0.581957 0.116351
0.009416 0.001985 0.116351 0.048148
25.328761 1.115093 34.403161 1.898367
0.648567 0.123838 0.075653 0.007337
0.123838 0.049727 0.007379 0.001671
0.075653 0.007379 0.595026 0.118684
0.007337 0.001671 0.118684 0.048564
26.374701 1.204849 35.730333 1.968609
0.658329 0.125678 0.073296 0.007521
0.125678 0.050071 0.007566 0.001804
0.073296 0.007566 0.605623 0.120219
0.007521 0.001804 0.120219 0.048776
27.200586 1.250620 36.409185 1.905787
0.662278 0.126425 0.053028 0.004115
0.126425 0.050214 0.004457 0.001255
0.053028 0.004457 0.592411 0.117129
0.004115 0.001255 0.117129 0.048113
27.914839 1.272999 36.707858 1.775547
0.641329 0.122246 0.043482 0.003276
0.122246 0.049389 0.003638 0.001223
0.043482 0.003638 0.568936 0.112258
0.003276 0.001223 0.112258 0.047152
28.990952 1.353963 38.049593 1.862411
0.652398 0.124590 0.031334 0.001608
0.124590 0.049889 0.001975 0.000938
0.031334 0.001975 0.582047 0.115128
0.001608 0.000938 0.115128 0.047817
29.499002 1.321640 38.987210 1.864649
0.646256 0.123494 0.004440 -0.002825
0.123494 0.049700 -0.002376 0.000140
0.004440 -0.002376 0.581950 0.115191
-0.002825 0.000140 0.115191 0.047876
30.043953 1.299244 39.985185 1.878101
0.637115 0.121847 -0.014605 -0.005434
0.121847 0.049406 -0.004977 -0.000277
-0.014605 -0.004977 0.581957 0.115204
-0.005434 -0.000277 0.115204 0.047906
30.664403 1.293938 40.772783 1.848203
0.639674 0.122544 -0.035458 -0.008374
0.122544 0.049575 -0.007854 -0.000765
-0.035458 -0.007854 0.577118 0.114241
-0.008374 -0.000765 0.114241 0.047736
31.724041 1.373017 41.521094 1.813343
0.664359 0.127361 -0.054860 -0.010941
0.127361 0.050506 -0.010393 -0.001190
-0.054860 -0.010393 0.573335 0.113543
-0.010941 -0.001190 0.113543 0.047624
32.165624 1.325598 42.190906 1.765884
0.653282 0.124859 -0.072226 -0.013093
0.124859 0.049952 -0.012513 -0.001547
-0.072226 -0.012513 0.568918 0.112743
-0.013093 -0.001547 0.112743 0.047489
33.174999 1.390819 42.816290 1.716008
0.661426 0.126283 -0.081624 -0.013625
0.126283 0.050204 -0.013141 -0.001616
-0.081624 -0.013141 0.562601 0.111618
-0.013625 -0.001616 0.111618 0.047293
34.321220 1.478352 43.874387 1.758561
0.683096 0.130120 -0.097347 -0.015498
0.130120 0.050888 -0.015036 -0.001963
-0.097347 -0.015036 0.572316 0.113713
-0.015498 -0.001963 0.113713 0.047734
34.924953 1.456047 45.198311 1.846479
0.681274 0.129102 -0.115892 -0.018115
0.129102 0.050588 -0.017431 -0.002452
-0.115892 -0.017431 0.587889 0.116712
-0.018115 -0.002452 0.116712 0.048299
35.265174 1.382026 46.110498 1.840738
0.685311 0.129251 -0.141289 -0.022000
0.129251 0.050532 -0.021178 -0.003196
-0.141289 -0.021178 0.594619 0.117567
-0.022000 -0.003196 0.117567 0.048369
35.286901 1.257152 47.257530 1.878664
0.677760 0.127241 -0.161815 -0.024875
0.127241 0.050086 -0.023813 -0.003717
-0.161815 -0.023813 0.604720 0.119050
-0.024875 -0.003717 0.119050 0.048569
