-0.095660 0.923829 5.342712 1.245084
5.208063 2.083270 9.813319 3.925413
2.083270 80.837393 3.925413 1.570199
9.813319 3.925413 45.023606 18.009833
3.925413 1.570199 18.009833 87.208156
2.722665 3.795772 10.662798 4.309301
3.099724 3.761961 6.251424 4.085799
3.761961 18.648202 -4.693481 2.948907
6.251424 -4.693481 68.222408 50.677923
4.085799 2.948907 50.677923 79.005247
7.292926 7.266607 8.932371 2.091869
3.006659 3.535660 0.233441 0.476015
3.535660 7.084479 0.234788 4.143572
0.233441 0.234788 0.513376 0.356494
0.476015 4.143572 0.356494 20.504704
6.173845 3.250209 9.235364 0.966321
1.691216 1.103205 -1.741709 -3.171602
1.103205 1.647013 -1.039146 -1.565785
-1.741709 -1.039146 2.390418 4.328820
-3.171602 -1.565785 4.328820 9.562508
8.265363 3.176772 7.393157 -1.501144
1.536185 1.084927 -1.251645 -1.031972
1.084927 1.162286 -0.624899 -0.434433
-1.251645 -0.624899 2.270889 2.226183
-1.031972 -0.434433 2.226183 2.616877
8.198661 2.190517 7.556882 -1.035294
1.417911 0.767811 -1.441190 -0.886329
0.767811 0.621979 -0.424519 -0.239985
-1.441190 -0.424519 4.501316 3.149618
-0.886329 -0.239985 3.149618 2.382142
8.590854 1.774927 6.416952 -1.425810
1.389446 0.607751 -1.740168 -0.848319
0.607751 0.383978 -0.459394 -0.227860
-1.740168 -0.459394 6.375893 3.351581
-0.848319 -0.227860 3.351581 1.858390
10.247985 2.025423 3.919369 -2.160313
1.048200 0.389382 -1.461193 -0.582624
0.389382 0.226223 -0.197545 -0.084394
-1.461193 -0.197545 8.975347 3.801944
-0.582624 -0.084394 3.801944 1.673546
11.473023 2.077743 2.039622 -2.438764
0.965553 0.338554 -0.846104 -0.274430
0.338554 0.178288 0.043252 0.011699
-0.846104 0.043252 10.166060 3.590831
-0.274430 0.011699 3.590831 1.315152
11.936824 1.869488 0.266597 -2.615660
0.927882 0.313425 0.037525 0.026303
0.313425 0.149079 0.226729 0.063622
0.037525 0.226729 8.108252 2.455682
0.026303 0.063622 2.455682 0.781707
11.824088 1.621449 2.536813 -1.677761
0.897340 0.285697 0.791264 0.216690
0.285697 0.123706 0.303430 0.074646
0.791264 0.303430 3.410885 0.908792
0.216690 0.074646 0.908792 0.275084
14.123329 2.049581 3.070645 -1.351781
0.816485 0.234106 0.677293 0.160719
0.234106 0.095624 0.225349 0.047226
0.677293 0.225349 3.773526 0.901060
0.160719 0.047226 0.901060 0.245193
14.503255 1.879474 1.810365 -1.474379
0.805631 0.212567 0.742542 0.155877
0.212567 0.082110 0.211501 0.039577
0.742542 0.211501 4.455063 0.964676
0.155877 0.039577 0.964676 0.237284
15.602973 1.918782 1.408453 -1.409141
0.763294 0.187219 0.701171 0.131740
0.187219 0.070518 0.173463 0.028764
0.701171 0.173463 4.722230 0.935840
0.131740 0.028764 0.935840 0.213049
16.301723 1.858464 0.522498 -1.439171
0.740277 0.170926 0.689844 0.117557
0.170926 0.063302 0.149754 0.022432
0.689844 0.149754 4.915637 0.898836
0.117557 0.022432 0.898836 0.191685
16.774522 1.762394 -1.627538 -1.678379
0.753086 0.165540 0.665506 0.103235
0.165540 0.059882 0.127977 0.017328
0.665506 0.127977 5.002585 0.850425
0.103235 0.017328 0.850425 0.172042
17.355167 1.703331 -3.490835 -1.838666
0.744781 0.157274 0.553391 0.077479
0.157274 0.056617 0.095063 0.011248
0.553391 0.095063 4.374179 0.696074
0.077479 0.011248 0.696074 0.138653
17.626442 1.590449 -5.649995 -2.018055
0.754510 0.154140 0.474821 0.060184
0.154140 0.054969 0.075508 0.007940
0.474821 0.075508 3.604600 0.540951
0.060184 0.007940 0.540951 0.109673
17.763490 1.466885 -7.977195 -2.198775
0.774315 0.153880 0.398372 0.045318
0.153880 0.054244 0.059419 0.005496
0.398372 0.059419 2.878381 0.411409
0.045318 0.005496 0.411409 0.088030
18.580717 1.489657 -9.839872 -2.307061
0.770841 0.150161 0.241257 0.021305
0.150161 0.053180 0.029227 0.001402
0.241257 0.029227 2.250489 0.311356
0.021305 0.001402 0.311356 0.073106
18.667510 1.360436 -10.712735 -2.258403
0.784418 0.149419 0.219284 0.017827
0.149419 0.052685 0.028060 0.001590
0.219284 0.028060 1.704585 0.229970
0.017827 0.001590 0.229970 0.061853
18.740145 1.244289 -11.696163 -2.229268
0.799315 0.149406 0.197054 0.014669
0.149406 0.052498 0.025105 0.001500
0.197054 0.025105 1.392742 0.186827
0.014669 0.001500 0.186827 0.056647
19.119758 1.195682 -12.425049 -2.172448
0.802115 0.147706 0.154468 0.009176
0.147706 0.052141 0.018046 0.000865
0.154468 0.018046 1.169517 0.158833
0.009176 0.000865 0.158833 0.053808
19.366928 1.135252 -13.929183 -2.226288
0.831499 0.151232 0.129129 0.006016
0.151232 0.052822 0.013840 0.000560
0.129129 0.013840 1.066478 0.148641
0.006016 0.000560 0.148641 0.053448
19.621870 1.087818 -16.054575 -2.368997
0.882376 0.158596 0.104689 0.002875
0.158596 0.054191 0.009817 0.000218
0.104689 0.009817 1.013575 0.145811
0.002875 0.000218 0.145811 0.054020
20.491543 1.141983 -16.780784 -2.304655
0.890533 0.158146 0.053585 -0.003493
0.158146 0.054128 0.002093 -0.000581
0.053585 0.002093 0.886719 0.131945
-0.003493 -0.000581 0.131945 0.052802
21.256617 1.176553 -17.994557 -2.316376
0.920312 0.161642 0.024302 -0.006594
0.161642 0.054790 -0.001680 -0.000842
0.024302 -0.001680 0.822574 0.127374
-0.006594 -0.000842 0.127374 0.052834
21.625210 1.138115 -19.105074 -2.306646
0.952353 0.165314 0.021366 -0.005446
0.165314 0.055444 -0.000728 -0.000388
0.021366 -0.000728 0.768245 0.123561
-0.005446 -0.000388 0.123561 0.052748
22.811726 1.242660 -19.927060 -2.256003
0.975768 0.167603 -0.011942 -0.009477
0.167603 0.055881 -0.005247 -0.000906
-0.011942 -0.005247 0.715675 0.119705
-0.009477 -0.000906 0.119705 0.052516
23.135335 1.190654 -20.550978 -2.166972
0.994122 0.168935 -0.000885 -0.005774
0.168935 0.056137 -0.002032 -0.000113
-0.000885 -0.002032 0.670792 0.116240
-0.005774 -0.000113 0.116240 0.052125
24.379403 1.299968 -21.692362 -2.180090
1.036665 0.174568 -0.021938 -0.008307
0.174568 0.057154 -0.004741 -0.000489
-0.021938 -0.004741 0.656090 0.117735
-0.008307 -0.000489 0.117735 0.052507
24.858748 1.271452 -22.538433 -2.134653
1.066658 0.177834 -0.007642 -0.004264
0.177834 0.057724 -0.001451 0.000234
-0.007642 -0.001451 0.635176 0.117124
-0.004264 0.000234 0.117124 0.052312
25.071211 1.202206 -22.336012 -1.894310
1.058763 0.174837 0.011354 0.000313
0.174837 0.057259 0.002174 0.000953
0.011354 0.002174 0.587122 0.110775
0.000313 0.000953 0.110775 0.050934
25.834398 1.229250 -22.677049 -1.777313
1.076218 0.176491 0.011692 0.000801
0.176491 0.057630 0.002356 0.000934
0.011692 0.002356 0.571543 0.110515
0.000801 0.000934 0.110515 0.050717
26.733030 1.275486 -23.613415 -1.787038
1.119996 0.182516 0.014082 0.001545
0.182516 0.058713 0.002814 0.000959
0.014082 0.002814 0.579566 0.114320
0.001545 0.000959 0.114320 0.051218
27.442297 1.287270 -24.262550 -1.738308
1.152600 0.186442 0.024968 0.003874
0.186442 0.059399 0.004549 0.001235
0.024968 0.004549 0.578191 0.115429
0.003874 0.001235 0.115429 0.051075
27.959886 1.266819 -25.491640 -1.810613
1.205420 0.193504 0.046744 0.008123
0.193504 0.060566 0.007869 0.001805
0.046744 0.007869 0.596614 0.120021
0.008123 0.001805 0.120021 0.051604
28.951645 1.323831 -26.393200 -1.810390
1.255171 0.199692 0.054159 0.009054
0.199692 0.061534 0.008609 0.001810
0.054159 0.008609 0.597697 0.120413
0.009054 0.001810 0.120413 0.051229
29.152016 1.251029 -27.191755 -1.788009
1.290251 0.203264 0.086408 0.014935
0.203264 0.062049 0.013219 0.002611
0.086408 0.013219 0.599425 0.120647
0.014935 0.002611 0.120647 0.050852
29.687669 1.237196 -28.201196 -1.811002
1.340981 0.209220 0.107741 0.018029
0.209220 0.062937 0.015777 0.002935
0.107741 0.015777 0.605412 0.121580
0.018029 0.002935 0.121580 0.050665
30.261561 1.228299 -28.424906 -1.673927
1.366372 0.211015 0.121423 0.019428
0.211015 0.063154 0.017081 0.003014
0.121423 0.017081 0.585853 0.117207
0.019428 0.003014 0.117207 0.049449
30.930507 1.237156 -29.371703 -1.696244
1.419055 0.217074 0.139742 0.021594
0.217074 0.064047 0.018987 0.003217
0.139742 0.018987 0.593430 0.118591
0.021594 0.003217 0.118591 0.049505
31.939921 1.298310 -30.547675 -1.764194
1.486268 0.225104 0.154439 0.022832
0.225104 0.065211 0.020264 0.003289
0.154439 0.020264 0.604252 0.120431
0.022832 0.003289 0.120431 0.049658
32.202614 1.240851 -31.540557 -1.783929
1.534034 0.229678 0.188604 0.028063
0.229678 0.065788 0.024483 0.003989
0.188604 0.024483 0.612102 0.121332
0.028063 0.003989 0.121332 0.049595
32.545859 1.196649 -32.056485 -1.706839
1.569899 0.232436 0.212659 0.030958
0.232436 0.066104 0.027086 0.004340
0.212659 0.027086 0.604038 0.119016
0.030958 0.004340 0.119016 0.048927
33.004385 1.180176 -33.375137 -1.798476
1.636966 0.239806 0.240808 0.034271
0.239806 0.067116 0.030000 0.004715
0.240808 0.030000 0.621091 0.121881
0.034271 0.004715 0.121881 0.049359
33.097464 1.098725 -33.436551 -1.627028
1.655138 0.239761 0.261283 0.036334
0.239761 0.067013 0.032073 0.004989
0.261283 0.032073 0.600983 0.117135
0.036334 0.004989 0.117135 0.048257
33.372301 1.068967 -35.115326 -1.796626
1.735906 0.248949 0.292949 0.039947
0.248949 0.068289 0.035192 0.005385
0.292949 0.035192 0.630549 0.122605
0.039947 0.005385 0.122605 0.049276
33.732535 1.054958 -36.868234 -1.964607
1.822331 0.258529 0.321366 0.042653
0.258529 0.069568 0.037831 0.005676
0.321366 0.037831 0.653548 0.126266
0.042653 0.005676 0.126266 0.049854
34.860928 1.134998 -37.441245 -1.891101
1.880423 0.263992 0.320937 0.039901
0.263992 0.070255 0.036905 0.005315
0.320937 0.036905 0.633253 0.121392
0.039901 0.005315 0.121392 0.048773
