4.415619 2.728380 14.118723 4.755564
4.170886 1.668391 7.976465 3.190655
1.668391 80.671437 3.190655 1.276290
7.976465 3.190655 49.877055 19.951254
3.190655 1.276290 19.951254 87.984741
3.266164 -0.627856 11.240450 1.410376
4.642119 7.871694 -0.154188 -0.898466
7.871694 23.697811 -0.353617 4.067823
-0.154188 -0.353617 0.548156 0.419528
-0.898466 4.067823 0.419528 43.205770
8.749656 5.275559 9.567535 -2.820052
3.003052 3.317591 0.908853 1.812807
3.317591 6.104313 1.035581 2.245667
0.908853 1.035581 0.535069 1.034981
1.812807 2.245667 1.034981 3.977170
9.641356 3.852961 7.552355 -3.422811
1.647533 1.375390 0.312461 0.233375
1.375390 2.082836 0.086019 0.078791
0.312461 0.086019 1.425581 1.816584
0.233375 0.078791 1.816584 2.696915
8.494367 1.772967 5.103220 -3.912319
0.473485 0.343560 -0.309811 -0.268815
0.343560 0.686140 -0.413492 -0.284909
-0.309811 -0.413492 3.657961 2.984616
-0.268815 -0.284909 2.984616 2.573649
8.151989 0.906576 5.515728 -2.536590
0.526645 0.359889 0.423212 0.255741
0.359889 0.458415 0.262773 0.191894
0.423212 0.262773 3.671064 2.163165
0.255741 0.191894 2.163165 1.347738
7.811778 0.440563 3.535374 -2.876277
0.801075 0.470907 0.683971 0.326958
0.470907 0.392234 0.332807 0.177973
0.683971 0.332807 6.021568 2.768799
0.326958 0.177973 2.768799 1.320499
7.936322 0.395965 1.839488 -2.974159
1.049074 0.511684 0.799151 0.314281
0.511684 0.320570 0.327804 0.140533
0.799151 0.327804 6.067223 2.283198
0.314281 0.140533 2.283198 0.894535
8.104848 0.379986 0.730692 -2.854534
1.190119 0.489666 0.682565 0.229635
0.489666 0.250519 0.244642 0.089846
0.682565 0.244642 4.097075 1.306722
0.229635 0.089846 1.306722 0.445962
9.316208 0.740356 -0.060114 -2.670349
1.164961 0.413248 0.471367 0.139779
0.413248 0.184122 0.139929 0.046850
0.471367 0.139929 3.327691 0.922842
0.139779 0.046850 0.922842 0.281918
9.994123 0.827626 -0.129372 -2.357564
1.126596 0.350899 0.480523 0.125095
0.350899 0.140367 0.132828 0.038373
0.480523 0.132828 2.431837 0.600165
0.125095 0.038373 0.600165 0.172525
10.999146 0.991533 -0.914163 -2.267309
1.060574 0.296165 0.417498 0.097471
0.296165 0.110147 0.100678 0.026406
0.417498 0.100678 2.323658 0.519347
0.097471 0.026406 0.519347 0.139833
12.286612 1.195813 -2.129977 -2.282074
0.993762 0.253434 0.311486 0.066332
0.253434 0.090027 0.063283 0.015792
0.311486 0.063283 2.341459 0.480065
0.066332 0.015792 0.480065 0.122111
12.740886 1.162363 -3.379207 -2.302850
0.965636 0.227741 0.305308 0.059514
0.227741 0.077992 0.057942 0.013164
0.305308 0.057942 2.173681 0.413330
0.059514 0.013164 0.413330 0.102579
13.932557 1.290581 -3.347979 -2.091769
0.869563 0.192161 0.248843 0.044802
0.192161 0.066232 0.043351 0.009351
0.248843 0.043351 1.824421 0.325262
0.044802 0.009351 0.325262 0.082510
14.527437 1.281785 -4.675328 -2.139449
0.851938 0.178958 0.225578 0.037786
0.178958 0.061236 0.035938 0.007328
0.225578 0.035938 1.771239 0.300093
0.037786 0.007328 0.300093 0.076046
14.300634 1.090693 -3.542719 -1.780337
0.776853 0.155668 0.317458 0.050477
0.155668 0.054925 0.055478 0.009986
0.317458 0.055478 1.337697 0.216919
0.050477 0.009986 0.216919 0.061136
15.211242 1.165966 -4.772481 -1.836000
0.758456 0.148109 0.253630 0.037244
0.148109 0.052925 0.038564 0.006646
0.253630 0.038564 1.367727 0.216946
0.037244 0.006646 0.216946 0.061145
15.737159 1.159729 -6.206251 -1.916390
0.761200 0.145680 0.216867 0.029541
0.145680 0.052195 0.029229 0.004840
0.216867 0.029229 1.370763 0.213275
0.029541 0.004840 0.213275 0.060654
16.769070 1.251189 -7.710137 -2.003517
0.755651 0.142656 0.142219 0.016847
0.142656 0.051577 0.013960 0.002317
0.142219 0.013960 1.355148 0.207883
0.016847 0.002317 0.207883 0.060058
17.248889 1.224574 -8.793512 -2.014967
0.756832 0.140965 0.122330 0.013577
0.140965 0.051218 0.011315 0.001930
0.122330 0.011315 1.261189 0.191117
0.013577 0.001930 0.191117 0.057776
17.490331 1.153700 -9.563084 -1.976530
0.756478 0.139281 0.120874 0.013371
0.139281 0.050922 0.012424 0.002138
0.120874 0.012424 1.145094 0.172586
0.013371 0.002138 0.172586 0.055415
18.449633 1.229425 -11.193865 -2.076690
0.773853 0.141736 0.065726 0.004905
0.141736 0.051553 0.002674 0.000653
0.065726 0.002674 1.119038 0.169636
0.004905 0.000653 0.169636 0.055628
19.147953 1.253177 -13.376340 -2.252007
0.819181 0.149032 0.034253 0.000458
0.149032 0.052995 -0.001991 0.000005
0.034253 -0.001991 1.106210 0.168836
0.000458 0.000005 0.168836 0.056093
19.844554 1.264867 -14.352871 -2.229356
0.832718 0.150003 0.015786 -0.001550
0.150003 0.053176 -0.003348 -0.000076
0.015786 -0.003348 0.995266 0.152973
-0.001550 -0.000076 0.152973 0.054158
20.520078 1.274077 -15.773283 -2.277222
0.864098 0.154266 0.002713 -0.002756
0.154266 0.053971 -0.004146 -0.000108
0.002713 -0.004146 0.933514 0.145657
-0.002756 -0.000108 0.145657 0.053600
20.579261 1.171244 -16.731185 -2.246998
0.887194 0.156758 0.024734 0.001621
0.156758 0.054400 0.001199 0.000817
0.024734 0.001199 0.853466 0.135574
0.001621 0.000817 0.135574 0.052528
21.162774 1.172703 -18.464138 -2.346166
0.935925 0.163869 0.014505 0.000363
0.163869 0.055667 0.000056 0.000610
0.014505 0.000056 0.828227 0.134741
0.000363 0.000610 0.134741 0.052919
21.619842 1.148701 -18.928034 -2.227972
0.947195 0.164039 0.014189 0.000825
0.164039 0.055658 0.000765 0.000724
0.014189 0.000765 0.746889 0.124233
0.000825 0.000724 0.124233 0.051561
22.279586 1.162601 -19.590309 -2.150813
0.965595 0.165681 0.006680 -0.000064
0.165681 0.055952 -0.000019 0.000563
0.006680 -0.000019 0.698432 0.119459
-0.000064 0.000563 0.119459 0.051122
22.928757 1.173433 -19.998837 -2.033497
0.976806 0.166181 0.002907 -0.000320
0.166181 0.056065 -0.000207 0.000504
0.002907 -0.000207 0.654410 0.115177
-0.000320 0.000504 0.115177 0.050650
23.876262 1.234572 -21.403472 -2.103927
1.028085 0.173626 -0.006971 -0.001769
0.173626 0.057378 -0.001532 0.000229
-0.006971 -0.001532 0.657437 0.119076
-0.001769 0.000229 0.119076 0.051544
24.614363 1.254799 -21.974794 -2.015027
1.050747 0.175833 -0.005159 -0.001015
0.175833 0.057737 -0.000851 0.000336
-0.005159 -0.000851 0.629321 0.116410
-0.001015 0.000336 0.116410 0.051052
25.086082 1.229259 -22.285996 -1.883686
1.063445 0.176429 0.006848 0.001538
0.176429 0.057840 0.001385 0.000719
0.006848 0.001385 0.601575 0.113504
0.001538 0.000719 0.113504 0.050452
26.133957 1.300403 -23.626610 -1.960258
1.121420 0.184644 0.004557 0.001113
0.184644 0.059225 0.001042 0.000580
0.004557 0.001042 0.613465 0.117939
0.001113 0.000580 0.117939 0.051215
26.290116 1.219622 -24.993919 -2.035651
1.172267 0.191217 0.035408 0.007133
0.191217 0.060266 0.006102 0.001502
0.035408 0.006102 0.624966 0.121535
0.007133 0.001502 0.121535 0.051693
27.865040 1.375426 -25.035705 -1.845001
1.194005 0.192742 0.014577 0.002496
0.192742 0.060446 0.002359 0.000632
0.014577 0.002359 0.584877 0.114412
0.002496 0.000632 0.114412 0.050000
28.231019 1.323987 -26.010450 -1.855187
1.233418 0.197213 0.044013 0.008185
0.197213 0.061128 0.006981 0.001493
0.044013 0.006981 0.590446 0.116602
0.008185 0.001493 0.116602 0.050246
29.355662 1.397405 -27.146282 -1.896997
1.292851 0.204719 0.052624 0.009209
0.204719 0.062278 0.007917 0.001554
0.052624 0.007917 0.596212 0.118380
0.009209 0.001554 0.118380 0.050360
29.990729 1.387837 -28.402944 -1.958272
1.348936 0.211286 0.080915 0.014085
0.211286 0.063227 0.011884 0.002229
0.080915 0.011884 0.606433 0.120651
0.014085 0.002229 0.120651 0.050543
30.178106 1.310266 -29.808130 -2.041954
1.405112 0.217531 0.121532 0.020984
0.217531 0.064092 0.017460 0.003178
0.121532 0.017460 0.620787 0.123343
0.020984 0.003178 0.123343 0.050784
30.889246 1.319646 -31.055072 -2.087044
1.469081 0.224753 0.143710 0.023578
0.224753 0.065091 0.019852 0.003426
0.143710 0.019852 0.622719 0.123248
0.023578 0.003426 0.123248 0.050468
31.627412 1.332084 -32.215202 -2.110514
1.532276 0.231524 0.166068 0.026049
0.231524 0.065990 0.022196 0.003672
0.166068 0.022196 0.620940 0.122361
0.026049 0.003672 0.122361 0.050038
31.280236 1.178574 -33.004162 -2.052140
1.567585 0.233705 0.209913 0.032797
0.233705 0.066161 0.027709 0.004579
0.209913 0.027709 0.615653 0.120698
0.032797 0.004579 0.120698 0.049481
32.617689 1.288059 -33.827322 -2.017180
1.632032 0.240650 0.208256 0.029841
0.240650 0.067125 0.026230 0.004024
0.208256 0.026230 0.602645 0.117905
0.029841 0.004024 0.117905 0.048817
33.626282 1.339232 -34.572340 -1.967820
1.689538 0.246166 0.222705 0.030573
0.246166 0.067830 0.027346 0.004082
0.222705 0.027346 0.594915 0.116249
0.030573 0.004082 0.116249 0.048408
34.209475 1.325907 -35.481053 -1.952077
1.744195 0.250979 0.251590 0.034285
0.250979 0.068407 0.030500 0.004578
0.251590 0.030500 0.598322 0.116770
0.034285 0.004578 0.116770 0.048432
34.657275 1.294309 -36.401223 -1.938766
1.798025 0.255564 0.282846 0.038283
0.255564 0.068952 0.033861 0.005103
0.282846 0.033861 0.604068 0.117619
0.038283 0.005103 0.117619 0.048505
35.445998 1.313388 -37.282722 -1.922789
1.858840 0.261175 0.306752 0.040522
0.261175 0.069662 0.036090 0.005375
0.306752 0.036090 0.607620 0.117975
0.040522 0.005375 0.117975 0.048484
36.617982 1.390586 -38.563829 -1.993054
1.940853 0.269627 0.331777 0.042689
0.269627 0.070765 0.038318 0.005621
0.331777 0.038318 0.621395 0.120287
0.042689 0.005621 0.120287 0.048853
