0.661244 1.226598 8.631801 2.560748
5.027971 2.011232 9.222098 3.688919
2.011232 80.808577 3.688919 1.475600
9.222098 3.688919 51.372399 20.549405
3.688919 1.475600 20.549405 88.224007
1.744664 2.017626 9.823514 2.410109
5.018392 7.420324 4.565564 2.329212
7.420324 22.983131 5.347185 8.632406
4.565564 5.347185 11.711337 7.517555
2.329212 8.632406 7.517555 47.799628
6.884645 6.524497 9.442787 -0.465440
3.423414 3.587209 1.482230 0.694132
3.587209 7.010127 1.488679 3.831355
1.482230 1.488679 1.863644 1.645080
0.694132 3.831355 1.645080 16.671009
8.083910 4.694137 6.539781 -3.705755
1.431306 0.996491 -1.279843 -2.224923
0.996491 1.928118 -0.792522 -0.468916
-1.279843 -0.792522 2.273108 3.601211
-2.224923 -0.468916 3.601211 8.907004
7.622366 2.817930 7.586560 -1.229584
0.353080 0.279744 -0.119646 -0.047562
0.279744 0.826224 0.803083 1.114718
-0.119646 0.803083 5.051258 5.412461
-0.047562 1.114718 5.412461 6.620346
8.472554 2.246964 5.212837 -2.568444
0.595820 0.434592 -0.362416 -0.168358
0.434592 0.539370 0.200850 0.248524
-0.362416 0.200850 6.195977 4.363804
-0.168358 0.248524 4.363804 3.413449
9.406792 2.124192 3.786862 -2.661658
0.846371 0.522790 0.033886 0.096274
0.522790 0.438532 0.478385 0.313537
0.033886 0.478385 10.442459 5.582304
0.096274 0.313537 5.582304 3.169898
10.306998 1.987331 0.276771 -3.596762
1.102810 0.558734 0.473738 0.263361
0.558734 0.350739 0.583542 0.281219
0.473738 0.583542 13.418972 5.728536
0.263361 0.281219 5.728536 2.563620
10.940572 1.914244 3.024426 -2.006931
1.170280 0.497084 0.964295 0.382025
0.497084 0.253101 0.441053 0.172848
0.964295 0.441053 2.702342 0.987397
0.382025 0.172848 0.987397 0.443915
10.725306 1.494003 1.575036 -2.162771
1.118532 0.404857 1.104801 0.361563
0.404857 0.179055 0.412913 0.133925
1.104801 0.412913 3.348394 1.064418
0.361563 0.133925 1.064418 0.401638
10.948101 1.328241 0.157977 -2.257145
1.137000 0.359260 1.116299 0.313569
0.359260 0.140961 0.350980 0.097716
1.116299 0.350980 3.540164 0.993303
0.313569 0.097716 0.993303 0.329975
12.463019 1.567425 -0.113029 -2.045852
1.010478 0.284869 0.844124 0.206750
0.284869 0.105001 0.226375 0.054792
0.844124 0.226375 3.250703 0.817885
0.206750 0.054792 0.817885 0.249490
12.592249 1.394746 -0.901177 -1.984447
0.985363 0.252149 0.837539 0.183020
0.252149 0.087750 0.198965 0.043055
0.837539 0.198965 3.047653 0.695798
0.183020 0.043055 0.695798 0.197666
13.229030 1.383817 -2.343172 -2.079683
0.941564 0.222795 0.702398 0.136993
0.222795 0.075288 0.145838 0.028140
0.702398 0.145838 2.941064 0.618507
0.136993 0.028140 0.618507 0.165713
13.424941 1.275238 -3.854408 -2.165804
0.923247 0.204636 0.609654 0.107098
0.204636 0.067720 0.114014 0.019888
0.609654 0.114014 2.640337 0.515328
0.107098 0.019888 0.515328 0.134171
13.769738 1.207358 -4.477790 -2.075372
0.883069 0.185473 0.499491 0.079111
0.185473 0.061396 0.085903 0.013653
0.499491 0.085903 2.145664 0.392445
0.079111 0.013653 0.392445 0.104092
14.224025 1.177891 -5.640696 -2.095127
0.853141 0.171740 0.399351 0.056737
0.171740 0.057308 0.061539 0.008873
0.399351 0.061539 1.906207 0.331910
0.056737 0.008873 0.331910 0.089361
14.878362 1.199548 -7.448621 -2.225885
0.837263 0.163327 0.288978 0.035274
0.163327 0.055010 0.037206 0.004608
0.288978 0.037206 1.785505 0.299648
0.035274 0.004608 0.299648 0.081460
15.292564 1.160561 -8.274306 -2.175619
0.821037 0.155801 0.229205 0.024663
0.155801 0.053147 0.027408 0.003193
0.229205 0.027408 1.509522 0.244953
0.024663 0.003193 0.244953 0.070744
16.505269 1.273786 -8.827704 -2.099119
0.779491 0.145278 0.129623 0.009092
0.145278 0.051136 0.010107 0.000730
0.129623 0.010107 1.320440 0.210676
0.009092 0.000730 0.210676 0.064586
17.203621 1.281277 -9.485495 -2.037654
0.765109 0.140549 0.096634 0.004998
0.140549 0.050344 0.006143 0.000469
0.096634 0.006143 1.185632 0.187227
0.004998 0.000469 0.187227 0.060584
18.354759 1.374980 -10.550918 -2.051138
0.761078 0.138728 0.039791 -0.002791
0.138728 0.050263 -0.002676 -0.000628
0.039791 -0.002676 1.121010 0.177145
-0.002791 -0.000628 0.177145 0.059085
18.770932 1.323608 -11.275902 -2.000802
0.762410 0.137814 0.043669 -0.000556
0.137814 0.050293 0.000342 0.000168
0.043669 0.000342 1.027481 0.162533
-0.000556 0.000168 0.162533 0.056858
19.403238 1.323409 -13.105875 -2.133172
0.801339 0.144169 0.026013 -0.002372
0.144169 0.051696 -0.001601 0.000008
0.026013 -0.001601 1.019580 0.162772
-0.002372 0.000008 0.162772 0.057168
20.131771 1.333179 -13.730543 -2.062445
0.804036 0.143653 0.012448 -0.003226
0.143653 0.051764 -0.002334 0.000069
0.012448 -0.002334 0.926167 0.149059
-0.003226 0.000069 0.149059 0.055161
21.201914 1.404758 -14.721007 -2.057792
0.820631 0.145917 -0.014813 -0.006496
0.145917 0.052357 -0.005869 -0.000391
-0.014813 -0.005869 0.876740 0.143272
-0.006496 -0.000391 0.143272 0.054523
21.596243 1.350047 -15.643542 -2.039128
0.840561 0.148634 -0.000990 -0.002899
0.148634 0.052978 -0.002046 0.000357
-0.000990 -0.002046 0.828663 0.137610
-0.002899 0.000357 0.137610 0.053836
21.720319 1.253747 -17.119829 -2.115192
0.882803 0.155228 0.021219 0.001696
0.155228 0.054254 0.002674 0.001170
0.021219 0.002674 0.813363 0.137517
0.001696 0.001170 0.137517 0.054047
21.755035 1.150802 -18.633080 -2.192501
0.929836 0.162263 0.041411 0.005534
0.162263 0.055526 0.006506 0.001765
0.041411 0.006506 0.795262 0.136619
0.005534 0.001765 0.136619 0.054027
22.547388 1.188449 -19.868456 -2.217146
0.968609 0.167472 0.024303 0.002546
0.167472 0.056413 0.003485 0.001126
0.024303 0.003485 0.761802 0.132830
0.002546 0.001126 0.132830 0.053444
23.097866 1.180546 -20.420661 -2.118567
0.988311 0.169153 0.022060 0.002379
0.169153 0.056659 0.003250 0.001027
0.022060 0.003250 0.706652 0.125087
0.002379 0.001027 0.125087 0.052121
23.871009 1.211546 -21.462937 -2.115756
1.026733 0.174098 0.014769 0.001227
0.174098 0.057483 0.002101 0.000762
0.014769 0.002101 0.684194 0.123377
0.001227 0.000762 0.123377 0.051889
24.696847 1.248565 -22.710941 -2.150892
1.075280 0.180529 0.011134 0.000767
0.180529 0.058527 0.001617 0.000631
0.011134 0.001617 0.672312 0.123311
0.000767 0.000631 0.123311 0.051890
25.442774 1.268680 -23.293244 -2.059261
1.102621 0.183105 0.012976 0.001338
0.183105 0.058888 0.002043 0.000679
0.012976 0.002043 0.638463 0.118774
0.001338 0.000679 0.118774 0.050986
26.978072 1.416706 -23.654203 -1.933726
1.130497 0.185800 -0.007232 -0.002344
0.185800 0.059287 -0.001232 0.000020
-0.007232 -0.001232 0.604054 0.114113
-0.002344 0.000020 0.114113 0.050057
26.729767 1.261311 -23.747395 -1.765529
1.127023 0.183425 0.034321 0.006081
0.183425 0.058875 0.005779 0.001380
0.034321 0.005779 0.578216 0.111015
0.006081 0.001380 0.111015 0.049412
27.653815 1.308742 -24.949846 -1.828176
1.183740 0.191201 0.039824 0.006743
0.191201 0.060174 0.006358 0.001378
0.039824 0.006358 0.590953 0.115299
0.006743 0.001378 0.115299 0.050183
27.903184 1.244149 -26.259209 -1.905537
1.236668 0.197916 0.069066 0.012031
0.197916 0.061230 0.010692 0.002127
0.069066 0.010692 0.606882 0.119480
0.012031 0.002127 0.119480 0.050811
28.479417 1.237348 -27.531444 -1.968648
1.295418 0.205220 0.086662 0.014535
0.205220 0.062336 0.012841 0.002392
0.086662 0.012841 0.615253 0.121547
0.014535 0.002392 0.121547 0.050943
28.507339 1.144141 -28.286462 -1.921565
1.331268 0.208528 0.115466 0.019128
0.208528 0.062764 0.016654 0.002992
0.115466 0.016654 0.607794 0.120069
0.019128 0.002992 0.120069 0.050348
29.247936 1.171327 -29.527448 -1.977813
1.395001 0.216204 0.124704 0.019378
0.216204 0.063891 0.017155 0.002890
0.124704 0.017155 0.612336 0.121025
0.019378 0.002890 0.121025 0.050299
29.997849 1.197847 -30.791897 -2.033267
1.460870 0.223814 0.137340 0.020350
0.223814 0.064962 0.018234 0.002939
0.137340 0.018234 0.615362 0.121461
0.020350 0.002939 0.121461 0.050149
30.859162 1.238840 -32.011612 -2.074977
1.527868 0.231234 0.150423 0.021399
0.231234 0.065967 0.019404 0.003025
0.150423 0.019404 0.614884 0.121080
0.021399 0.003025 0.121080 0.049857
31.277030 1.207876 -32.938944 -2.051901
1.579203 0.235903 0.175191 0.024854
0.235903 0.066520 0.022365 0.003496
0.175191 0.022365 0.608568 0.119450
0.024854 0.003496 0.119450 0.049337
32.373610 1.280214 -33.861150 -2.034830
1.642234 0.242342 0.184462 0.024931
0.242342 0.067363 0.022901 0.003454
0.184462 0.022901 0.600405 0.117663
0.024931 0.003454 0.117663 0.048859
32.832660 1.247091 -34.088694 -1.876698
1.670396 0.243341 0.206691 0.027960
0.243341 0.067378 0.025500 0.003892
0.206691 0.025500 0.580732 0.113608
0.027960 0.003892 0.113608 0.047949
33.963378 1.318213 -34.754749 -1.826839
1.725718 0.248603 0.219528 0.028731
0.248603 0.068076 0.026501 0.003962
0.219528 0.026501 0.576709 0.113042
0.028731 0.003962 0.113042 0.047818
34.977020 1.362505 -35.015599 -1.699571
1.764048 0.251259 0.236892 0.030629
0.251259 0.068386 0.028251 0.004227
0.236892 0.028251 0.567048 0.111267
0.030629 0.004227 0.111267 0.047427
35.496305 1.341183 -36.022413 -1.729499
1.815456 0.255649 0.274233 0.036374
0.255649 0.068936 0.032517 0.004982
0.274233 0.032517 0.585499 0.115007
0.036374 0.004982 0.115007 0.048117
36.558068 1.398949 -37.088705 -1.774587
1.883677 0.262466 0.303321 0.039856
0.262466 0.069846 0.035448 0.005398
0.303321 0.035448 0.601595 0.117926
0.039856 0.005398 0.117926 0.048589
