0.039983 0.978088 0.455155 -0.709981
2.737103 1.094865 1.207192 0.482887
1.094865 80.442022 0.482887 0.193159
1.207192 0.482887 5.958512 2.383457
0.482887 0.193159 2.383457 80.957470
7.104756 12.484167 -1.287623 -3.357711
2.409565 4.328871 -1.833075 -2.963458
4.328871 16.726446 -3.379620 -2.618554
-1.833075 -3.379620 2.410696 3.783658
-2.963458 -2.618554 3.783658 22.454539
9.159227 7.718498 -0.318153 -1.029740
1.722047 2.410012 1.026388 2.092976
2.410012 4.997044 1.666177 2.884303
1.026388 1.666177 1.691166 2.803893
2.092976 2.884303 2.803893 7.122253
9.285012 4.019036 2.253969 2.343550
1.254680 1.113708 1.436498 1.438538
1.113708 1.502070 1.252655 1.121369
1.436498 1.252655 2.073259 2.092617
1.438538 1.121369 2.092617 2.775794
10.139448 3.052856 3.106597 2.342838
0.970850 0.681642 0.967968 0.607199
0.681642 0.703576 0.482033 0.250195
0.967968 0.482033 2.025049 1.524286
0.607199 0.250195 1.524286 1.416398
10.781962 2.503881 3.955101 2.264788
1.071092 0.629879 0.708287 0.294067
0.629879 0.482795 0.229396 0.069800
0.708287 0.229396 2.146546 1.250573
0.294067 0.069800 1.250573 0.864727
10.391309 1.628516 5.507901 2.609318
0.701683 0.343312 0.272478 0.073956
0.343312 0.232176 0.009947 -0.009871
0.272478 0.009947 1.926811 0.919477
0.073956 -0.009871 0.919477 0.517225
10.098563 1.204925 5.610808 2.183113
0.547676 0.237677 -0.053735 -0.049511
0.237677 0.145778 -0.096868 -0.039417
-0.053735 -0.096868 1.701423 0.686078
-0.049511 -0.039417 0.686078 0.330162
10.595153 1.139526 7.675068 2.520142
0.651161 0.245506 -0.053828 -0.036098
0.245506 0.124458 -0.061205 -0.018602
-0.053828 -0.061205 1.552061 0.534657
-0.036098 -0.018602 0.534657 0.225105
10.674161 0.984977 8.452550 2.381388
0.666469 0.222834 -0.136590 -0.050607
0.222834 0.100885 -0.067010 -0.016334
-0.136590 -0.067010 1.333181 0.404320
-0.050607 -0.016334 0.404320 0.156489
11.021297 0.953600 8.290647 2.014618
0.689936 0.207299 -0.182657 -0.053078
0.207299 0.085757 -0.065472 -0.013361
-0.182657 -0.065472 1.246503 0.339585
-0.053078 -0.013361 0.339585 0.122274
10.517080 0.675786 12.458733 2.799634
0.712904 0.194691 -0.088446 -0.021025
0.194691 0.075139 -0.027178 -0.002250
-0.088446 -0.027178 0.939207 0.233542
-0.021025 -0.002250 0.233542 0.085424
11.331807 0.795840 13.276906 2.666410
0.681997 0.171834 -0.072036 -0.013693
0.171834 0.064600 -0.018029 -0.000137
-0.072036 -0.018029 0.742409 0.172464
-0.013693 -0.000137 0.172464 0.066015
11.684957 0.785113 14.557905 2.654497
0.715169 0.168827 -0.047219 -0.005739
0.168827 0.060989 -0.009100 0.001621
-0.047219 -0.009100 0.715441 0.158858
-0.005739 0.001621 0.158858 0.060419
12.014456 0.767354 15.025728 2.469821
0.710195 0.158309 -0.048252 -0.005056
0.158309 0.056557 -0.007978 0.001374
-0.048252 -0.007978 0.651237 0.139225
-0.005056 0.001374 0.139225 0.054467
12.671318 0.823964 15.963524 2.409891
0.717161 0.152684 -0.018856 0.001749
0.152684 0.054104 -0.000598 0.002494
-0.018856 -0.000598 0.639090 0.133421
0.001749 0.002494 0.133421 0.052350
13.207594 0.850303 17.329157 2.443730
0.730016 0.149676 0.018477 0.009245
0.149676 0.052724 0.007185 0.003598
0.018477 0.007185 0.626275 0.128401
0.009245 0.003598 0.128401 0.050752
14.354958 0.993748 18.597316 2.457497
0.734191 0.145912 0.066282 0.017872
0.145912 0.051534 0.016034 0.004827
0.066282 0.016034 0.631353 0.127747
0.017872 0.004827 0.127747 0.050291
15.317091 1.082397 19.358787 2.366210
0.728856 0.141127 0.086572 0.020072
0.141127 0.050386 0.018458 0.004706
0.086572 0.018458 0.626321 0.125111
0.020072 0.004706 0.125111 0.049507
15.581617 1.029984 20.646839 2.386537
0.725150 0.137626 0.103945 0.021589
0.137626 0.049706 0.020118 0.004526
0.103945 0.020118 0.598928 0.118459
0.021589 0.004526 0.118459 0.048055
15.942022 1.001730 21.420290 2.303946
0.714340 0.133565 0.106793 0.020259
0.133565 0.049064 0.019051 0.003903
0.106793 0.019051 0.575281 0.113292
0.020259 0.003903 0.113292 0.047057
16.027186 0.926054 22.169864 2.225845
0.691173 0.127954 0.108807 0.019116
0.127954 0.048244 0.018159 0.003449
0.108807 0.018159 0.539348 0.106232
0.019116 0.003449 0.106232 0.045775
16.795968 0.980947 23.580052 2.283379
0.701328 0.129096 0.143809 0.024675
0.129096 0.048734 0.023413 0.004291
0.143809 0.023413 0.546389 0.108136
0.024675 0.004291 0.108136 0.046319
17.174966 0.963010 24.406379 2.220932
0.698956 0.128207 0.147727 0.023779
0.128207 0.048848 0.022721 0.003945
0.147727 0.022721 0.539860 0.107265
0.023779 0.003945 0.107265 0.046263
18.054102 1.037146 25.481519 2.209477
0.724854 0.132701 0.159348 0.024439
0.132701 0.049934 0.023403 0.003913
0.159348 0.023403 0.563069 0.112330
0.024439 0.003913 0.112330 0.047365
18.892520 1.102224 26.130191 2.112853
0.719006 0.131082 0.166747 0.024758
0.131082 0.049798 0.023721 0.003932
0.166747 0.023721 0.561968 0.111969
0.024758 0.003932 0.111969 0.047251
20.194370 1.247722 26.750161 2.013339
0.723269 0.131537 0.177712 0.025819
0.131537 0.050048 0.024708 0.004100
0.177712 0.024708 0.570867 0.113593
0.025819 0.004100 0.113593 0.047534
20.929218 1.267238 27.824846 2.025437
0.726952 0.132117 0.176585 0.024504
0.132117 0.050332 0.023443 0.003830
0.176585 0.023443 0.585528 0.116401
0.024504 0.003830 0.116401 0.048066
21.931450 1.330575 29.140289 2.080771
0.735394 0.133490 0.181604 0.024648
0.133490 0.050713 0.023478 0.003864
0.181604 0.023478 0.606692 0.120155
0.024648 0.003864 0.120155 0.048725
22.498303 1.312500 30.169467 2.080199
0.719392 0.130612 0.166905 0.021350
0.130612 0.050329 0.020334 0.003346
0.166905 0.020334 0.608157 0.119939
0.021350 0.003346 0.119939 0.048599
23.858498 1.447351 30.978851 2.021758
0.725375 0.131927 0.161782 0.020008
0.131927 0.050712 0.019378 0.003249
0.161782 0.019378 0.607049 0.119119
0.020008 0.003249 0.119119 0.048356
23.939299 1.335055 31.579628 1.950720
0.669125 0.121859 0.140964 0.016796
0.121859 0.048987 0.015914 0.002856
0.140964 0.015914 0.590015 0.115535
0.016796 0.002856 0.115535 0.047639
25.048494 1.412379 32.864973 2.005252
0.685496 0.126065 0.125237 0.013637
0.126065 0.050030 0.013152 0.002377
0.125237 0.013152 0.603658 0.118361
0.013637 0.002377 0.118361 0.048277
25.788110 1.414880 34.102805 2.051457
0.664113 0.122658 0.114786 0.012466
0.122658 0.049509 0.011790 0.002332
0.114786 0.011790 0.607660 0.118931
0.012466 0.002332 0.118931 0.048383
25.579440 1.247290 34.799110 1.999566
0.613432 0.114271 0.083381 0.007603
0.114271 0.048124 0.006856 0.001624
0.083381 0.006856 0.591437 0.115798
0.007603 0.001624 0.115798 0.047818
26.208430 1.251372 35.570271 1.954341
0.615729 0.116284 0.063352 0.004558
0.116284 0.048737 0.004233 0.001246
0.063352 0.004233 0.583252 0.114383
0.004558 0.001246 0.114383 0.047619
26.715516 1.235943 35.914467 1.830661
0.617489 0.117879 0.038898 0.000833
0.117879 0.049179 0.000933 0.000738
0.038898 0.000933 0.565599 0.111259
0.000833 0.000738 0.111259 0.047102
27.526074 1.272581 36.878963 1.838667
0.625588 0.120238 0.027733 -0.000121
0.120238 0.049668 0.000054 0.000701
0.027733 0.000054 0.569700 0.112540
-0.000121 0.000701 0.112540 0.047457
28.298921 1.297758 37.965221 1.870813
0.634767 0.122508 0.012116 -0.002030
0.122508 0.050084 -0.001793 0.000432
0.012116 -0.001793 0.576454 0.114218
-0.002030 0.000432 0.114218 0.047853
29.334380 1.372743 38.846703 1.858180
0.651568 0.125938 -0.002950 -0.003850
0.125938 0.050676 -0.003490 0.000167
-0.002950 -0.003490 0.575037 0.114070
-0.003850 0.000167 0.114070 0.047840
30.058513 1.380092 39.754521 1.853840
0.655478 0.126512 -0.022968 -0.006599
0.126512 0.050666 -0.006185 -0.000303
-0.022968 -0.006185 0.575851 0.114357
-0.006599 -0.000303 0.114357 0.047910
30.329383 1.299775 40.279574 1.774511
0.640107 0.123275 -0.043710 -0.009409
0.123275 0.049928 -0.008956 -0.000790
-0.043710 -0.008956 0.567241 0.112698
-0.009409 -0.000790 0.112698 0.047578
31.128450 1.329101 41.628238 1.866499
0.646426 0.124469 -0.054778 -0.010267
0.124469 0.050107 -0.009817 -0.000907
-0.054778 -0.009817 0.580564 0.115504
-0.010267 -0.000907 0.115504 0.048153
32.112280 1.391050 42.703057 1.895582
0.666302 0.128113 -0.071322 -0.012303
0.128113 0.050737 -0.011875 -0.001291
-0.071322 -0.011875 0.584316 0.116092
-0.012303 -0.001291 0.116092 0.048225
33.049383 1.435467 43.251564 1.817248
0.675275 0.129314 -0.085808 -0.013969
0.129314 0.050848 -0.013620 -0.001626
-0.085808 -0.013620 0.572839 0.113582
-0.013969 -0.001626 0.113582 0.047674
33.922913 1.464102 43.980678 1.782444
0.696817 0.132763 -0.109189 -0.017374
0.132763 0.051381 -0.017028 -0.002290
-0.109189 -0.017028 0.575218 0.113983
-0.017374 -0.002290 0.113983 0.047737
34.575577 1.449031 44.880558 1.783529
0.691697 0.130903 -0.122857 -0.018926
0.130903 0.050884 -0.018451 -0.002579
-0.122857 -0.018451 0.578467 0.114549
-0.018926 -0.002579 0.114549 0.047829
33.999906 1.200614 45.681362 1.752530
0.653537 0.122908 -0.142921 -0.022156
0.122908 0.049267 -0.021143 -0.003201
-0.142921 -0.021143 0.583642 0.115351
-0.022156 -0.003201 0.115351 0.047936
34.807999 1.239407 46.483404 1.740127
0.673142 0.126769 -0.152720 -0.022601
0.126769 0.050068 -0.021916 -0.003297
-0.152720 -0.021916 0.583815 0.115158
-0.022601 -0.003297 0.115158 0.047859
35.604462 1.267914 46.978098 1.667213
0.695641 0.130765 -0.165949 -0.023862
0.130765 0.050803 -0.023538 -0.003594
-0.165949 -0.023538 0.580106 0.114138
-0.023862 -0.003594 0.114138 0.047607
