2.260575 1.866344 -0.545716 -1.110338
1.938873 0.775566 -0.167909 -0.067165
0.775566 80.314300 -0.067165 -0.026867
-0.167909 -0.067165 4.296180 1.718509
-0.067165 -0.026867 1.718509 80.691485
6.151335 7.202505 0.698629 1.820370
3.040156 5.445751 -1.066271 -1.671817
5.445751 16.557632 -1.892916 -3.417460
-1.066271 -1.892916 1.637685 2.616402
-1.671817 -3.417460 2.616402 17.303359
7.910783 5.170664 1.626561 1.597033
2.521629 2.765642 -0.310022 -0.086077
2.765642 4.656515 -0.227665 -0.264165
-0.310022 -0.227665 2.024056 2.734150
-0.086077 -0.264165 2.734150 6.046026
7.203717 2.556849 1.298222 0.418671
1.091364 0.866549 0.385874 0.401985
0.866549 1.325366 0.323208 0.186453
0.385874 0.323208 1.849952 1.721972
0.401985 0.186453 1.721972 2.355738
8.220901 2.295075 4.360685 2.430059
0.844835 0.558583 0.500382 0.328138
0.558583 0.673830 0.311690 0.139741
0.500382 0.311690 0.943199 0.648714
0.328138 0.139741 0.648714 0.783185
9.063633 2.116473 5.469184 2.389862
0.867490 0.510860 0.271432 0.094595
0.510860 0.465709 0.084885 -0.012061
0.271432 0.084885 1.018569 0.611875
0.094595 -0.012061 0.611875 0.546330
9.241256 1.693373 6.188808 2.201706
0.732955 0.377941 -0.039777 -0.067364
0.377941 0.292299 -0.084304 -0.072507
-0.039777 -0.084304 1.079326 0.557773
-0.067364 -0.072507 0.557773 0.392312
9.871726 1.585950 7.637716 2.360477
0.835120 0.372456 -0.151482 -0.097772
0.372456 0.229596 -0.106359 -0.060456
-0.151482 -0.106359 1.117568 0.488797
-0.097772 -0.060456 0.488797 0.281974
10.646056 1.587112 8.409806 2.208772
0.826288 0.319801 -0.215499 -0.098515
0.319801 0.169535 -0.104092 -0.044629
-0.215499 -0.104092 1.075846 0.405712
-0.098515 -0.044629 0.405712 0.202348
10.610783 1.305796 9.583464 2.240538
0.778699 0.266338 -0.268154 -0.096705
0.266338 0.127051 -0.100566 -0.034614
-0.268154 -0.100566 0.974919 0.323887
-0.096705 -0.034614 0.323887 0.146424
10.738665 1.146127 10.052169 2.047736
0.742582 0.228373 -0.316744 -0.095836
0.228373 0.100505 -0.098937 -0.028761
-0.316744 -0.098937 0.879624 0.262454
-0.095836 -0.028761 0.262454 0.110942
11.266656 1.132948 10.992192 2.024449
0.715840 0.201160 -0.280928 -0.073204
0.201160 0.083421 -0.075413 -0.018785
-0.280928 -0.075413 0.809007 0.220711
-0.073204 -0.018785 0.220711 0.089095
12.182229 1.221815 11.667624 1.941615
0.699752 0.182459 -0.227368 -0.051053
0.182459 0.072462 -0.052431 -0.011117
-0.227368 -0.052431 0.782723 0.198637
-0.051053 -0.011117 0.198637 0.076995
13.077176 1.301610 13.428446 2.136235
0.640663 0.156897 -0.161555 -0.030851
0.156897 0.062143 -0.031961 -0.005632
-0.161555 -0.031961 0.680958 0.162550
-0.030851 -0.005632 0.162550 0.063992
13.990658 1.354897 13.824810 1.984808
0.613509 0.142723 -0.144737 -0.024964
0.142723 0.056302 -0.025736 -0.004185
-0.144737 -0.025736 0.652872 0.148692
-0.024964 -0.004185 0.148692 0.058240
14.746937 1.376336 15.087015 2.045903
0.591954 0.132507 -0.108368 -0.015653
0.132507 0.052491 -0.016324 -0.002192
-0.108368 -0.016324 0.614324 0.135007
-0.015653 -0.002192 0.135007 0.053610
14.999443 1.285057 16.427565 2.108449
0.579468 0.125738 -0.089945 -0.011396
0.125738 0.050054 -0.012190 -0.001538
-0.089945 -0.012190 0.576751 0.123296
-0.011396 -0.001538 0.123296 0.050097
15.247963 1.201559 17.530196 2.113509
0.569373 0.120730 -0.064411 -0.006140
0.120730 0.048452 -0.006925 -0.000672
-0.064411 -0.006925 0.550455 0.115683
-0.006140 -0.000672 0.115683 0.047997
16.580365 1.346428 17.856438 1.969601
0.512298 0.106899 -0.025216 0.000843
0.106899 0.045314 0.000394 0.000458
-0.025216 0.000394 0.505059 0.105228
0.000843 0.000458 0.105228 0.045625
16.797340 1.251811 18.855737 1.968159
0.492110 0.101869 -0.035980 -0.002679
0.101869 0.044270 -0.003130 -0.000606
-0.035980 -0.003130 0.473284 0.098191
-0.002679 -0.000606 0.098191 0.044113
17.850254 1.339742 19.761604 1.955463
0.483158 0.100028 -0.021715 -0.000408
0.100028 0.044060 -0.000746 -0.000260
-0.021715 -0.000746 0.469704 0.097983
-0.000408 -0.000260 0.097983 0.044220
18.797409 1.398497 20.921658 1.995648
0.470981 0.097662 -0.018700 -0.000634
0.097662 0.043735 -0.000899 -0.000444
-0.018700 -0.000899 0.458860 0.096132
-0.000634 -0.000444 0.096132 0.043931
19.032915 1.304068 22.345258 2.082831
0.472403 0.098334 -0.023748 -0.002343
0.098334 0.044050 -0.002566 -0.000875
-0.023748 -0.002566 0.456260 0.096096
-0.002343 -0.000875 0.096096 0.044018
19.676532 1.302619 23.456195 2.097524
0.468995 0.097994 -0.015682 -0.001052
0.097994 0.044120 -0.001245 -0.000617
-0.015682 -0.001245 0.454933 0.096339
-0.001052 -0.000617 0.096339 0.044149
20.026310 1.238778 24.343845 2.062071
0.444294 0.093207 -0.003482 0.000990
0.093207 0.043233 0.000813 -0.000223
-0.003482 0.000813 0.431949 0.091891
0.000990 -0.000223 0.091891 0.043249
20.389819 1.184266 25.212551 2.026578
0.448383 0.094861 0.003455 0.001921
0.094861 0.043748 0.001761 -0.000051
0.003455 0.001761 0.437952 0.093950
0.001921 -0.000051 0.093950 0.043787
21.046594 1.197770 26.006310 1.979352
0.448663 0.095451 0.006327 0.001976
0.095451 0.043955 0.001844 -0.000059
0.006327 0.001844 0.442545 0.095387
0.001976 -0.000059 0.095387 0.044109
21.091238 1.079367 27.003983 1.980911
0.450155 0.096169 0.008372 0.001946
0.096169 0.044146 0.001836 -0.000061
0.008372 0.001836 0.450430 0.097315
0.001946 -0.000061 0.097315 0.044490
21.546459 1.061282 27.979903 1.977816
0.446189 0.095580 0.017971 0.003644
0.095580 0.044022 0.003532 0.000325
0.017971 0.003532 0.455940 0.098482
0.003644 0.000325 0.098482 0.044666
22.376885 1.125131 29.307960 2.050510
0.424955 0.091298 0.012888 0.002118
0.091298 0.043106 0.002001 0.000002
0.012888 0.002001 0.455392 0.098217
0.002118 0.000002 0.098217 0.044524
23.081871 1.155310 30.626166 2.113327
0.418741 0.090604 0.003078 -0.000211
0.090604 0.043027 -0.000352 -0.000456
0.003078 -0.000352 0.466898 0.100585
-0.000211 -0.000456 0.100585 0.044974
23.980916 1.225748 31.465722 2.066093
0.430842 0.093836 0.002532 -0.000297
0.093836 0.043772 -0.000414 -0.000382
0.002532 -0.000414 0.480297 0.103102
-0.000297 -0.000382 0.103102 0.045418
24.537302 1.213936 32.209608 2.004458
0.421333 0.091945 -0.000352 -0.000808
0.091945 0.043311 -0.000934 -0.000409
-0.000352 -0.000934 0.481475 0.102792
-0.000808 -0.000409 0.102792 0.045237
24.700261 1.115779 33.870309 2.145013
0.410284 0.089843 -0.005471 -0.001734
0.089843 0.042837 -0.001916 -0.000539
-0.005471 -0.001916 0.504442 0.107210
-0.001734 -0.000539 0.107210 0.046105
25.595570 1.189801 35.202890 2.199571
0.395858 0.087124 -0.013770 -0.003242
0.087124 0.042251 -0.003486 -0.000792
-0.013770 -0.003486 0.516720 0.108980
-0.003242 -0.000792 0.108980 0.046354
26.163622 1.183831 36.606920 2.263219
0.375397 0.083216 -0.015606 -0.003274
0.083216 0.041425 -0.003493 -0.000710
-0.015606 -0.003493 0.529002 0.110667
-0.003274 -0.000710 0.110667 0.046597
26.057231 1.027087 37.376731 2.187631
0.385937 0.086477 -0.020537 -0.003975
0.086477 0.042233 -0.004236 -0.000804
-0.020537 -0.004236 0.532841 0.110544
-0.003975 -0.000804 0.110544 0.046478
26.986901 1.120279 38.102828 2.112489
0.380937 0.085776 -0.018363 -0.003199
0.085776 0.042040 -0.003360 -0.000576
-0.018363 -0.003360 0.531623 0.109531
-0.003199 -0.000576 0.109531 0.046224
27.558090 1.122537 39.035396 2.087149
0.397819 0.089978 -0.024375 -0.004182
0.089978 0.042949 -0.004455 -0.000779
-0.024375 -0.004455 0.540343 0.110759
-0.004182 -0.000779 0.110759 0.046478
28.273006 1.155173 39.255754 1.919566
0.413711 0.093449 -0.023580 -0.003714
0.093449 0.043600 -0.003991 -0.000656
-0.023580 -0.003991 0.526654 0.107410
-0.003714 -0.000656 0.107410 0.045800
28.757185 1.135149 40.550772 1.987604
0.417372 0.093774 -0.024858 -0.003792
0.093774 0.043491 -0.004001 -0.000660
-0.024858 -0.004001 0.544146 0.110824
-0.003792 -0.000660 0.110824 0.046574
29.530962 1.181215 41.526044 1.984532
0.402855 0.090039 -0.023270 -0.003376
0.090039 0.042514 -0.003442 -0.000569
-0.023270 -0.003442 0.550031 0.111620
-0.003376 -0.000569 0.111620 0.046756
31.532291 1.495248 42.138138 1.912546
0.324504 0.072581 0.014954 0.004164
0.072581 0.038612 0.005149 0.001087
0.014954 0.005149 0.536762 0.108672
0.004164 0.001087 0.108672 0.046203
31.946319 1.419297 43.284355 1.950410
0.338509 0.077422 0.009820 0.002556
0.077422 0.040014 0.003186 0.000553
0.009820 0.003186 0.539392 0.109134
0.002556 0.000553 0.109134 0.046366
33.000032 1.498459 43.638249 1.824973
0.360168 0.083365 0.016044 0.003446
0.083365 0.041470 0.004094 0.000672
0.016044 0.004094 0.509445 0.103019
0.003446 0.000672 0.103019 0.045190
33.917189 1.537269 44.957298 1.907512
0.401072 0.093007 0.006556 0.001086
0.093007 0.043609 0.001352 0.000054
0.006556 0.001352 0.513934 0.104463
0.001086 0.000054 0.104463 0.045638
34.411013 1.474315 45.668228 1.858244
0.427472 0.098173 -0.003810 -0.001179
0.098173 0.044502 -0.001196 -0.000454
-0.003810 -0.001196 0.493789 0.100716
-0.001179 -0.000454 0.100716 0.044967
35.600080 1.577026 45.787751 1.691732
0.441495 0.099989 0.019001 0.003607
0.099989 0.044588 0.004116 0.000697
0.019001 0.004116 0.429792 0.088224
0.003607 0.000697 0.088224 0.042527
35.917298 1.471554 46.768555 1.720724
0.461017 0.102996 0.003977 0.000110
0.102996 0.045005 0.000339 -0.000134
0.003977 0.000339 0.426303 0.089252
0.000110 -0.000134 0.089252 0.043034
36.327248 1.399566 47.830231 1.764017
0.486594 0.107156 -0.014149 -0.003722
0.107156 0.045696 -0.003641 -0.000938
-0.014149 -0.003641 0.428539 0.091162
-0.003722 -0.000938 0.091162 0.043604
