4.297876 2.681282 2.397298 0.066893
1.980414 0.792183 -0.916528 -0.366619
0.792183 80.320947 -0.366619 -0.146651
-0.916528 -0.366619 2.945311 1.178150
-0.366619 -0.146651 1.178150 80.475337
7.109457 5.311477 2.273150 -0.085848
2.584276 4.560155 -1.040090 -1.575561
4.560155 14.841102 -1.675118 -5.161502
-1.040090 -1.675118 2.429552 4.078408
-1.575561 -5.161502 4.078408 16.437300
5.785188 0.896559 1.874886 -0.684013
1.429926 1.581651 -0.248151 -0.226748
1.581651 3.368714 -0.255339 -0.931994
-0.248151 -0.255339 1.631639 1.906222
-0.226748 -0.931994 1.906222 4.407942
5.656903 0.351316 3.972602 1.480452
1.248153 1.051108 0.054114 0.030197
1.051108 1.486885 0.030636 -0.236068
0.054114 0.030636 0.618958 0.546295
0.030197 -0.236068 0.546295 1.251716
7.347421 1.388476 4.461136 1.219234
1.124279 0.770555 -0.198244 -0.202959
0.770555 0.809943 -0.199867 -0.283912
-0.198244 -0.199867 0.939856 0.754540
-0.202959 -0.283912 0.754540 0.928676
6.645938 0.588669 5.778161 1.696090
0.998167 0.564537 -0.331396 -0.231537
0.564537 0.472594 -0.230275 -0.199440
-0.331396 -0.230275 1.113002 0.706141
-0.231537 -0.199440 0.706141 0.608517
6.735012 0.520572 5.326507 1.036237
0.966908 0.465222 -0.533567 -0.282990
0.465222 0.318365 -0.275406 -0.167749
-0.533567 -0.275406 1.155390 0.594829
-0.282990 -0.167749 0.594829 0.400586
7.512957 0.731331 6.382097 1.268126
1.002255 0.414549 -0.532919 -0.228697
0.414549 0.235954 -0.224114 -0.109708
-0.532919 -0.224114 1.177576 0.506707
-0.228697 -0.109708 0.506707 0.280950
7.760280 0.693685 8.326353 1.755213
0.972547 0.351855 -0.470932 -0.169162
0.351855 0.175235 -0.166959 -0.069160
-0.470932 -0.166959 1.056672 0.390448
-0.169162 -0.069160 0.390448 0.190619
8.993250 0.981431 9.067915 1.718564
0.852029 0.274674 -0.371790 -0.114710
0.274674 0.126834 -0.113569 -0.041688
-0.371790 -0.113569 0.919905 0.299924
-0.114710 -0.041688 0.299924 0.134747
10.365504 1.236764 9.282175 1.535705
0.783458 0.229263 -0.350587 -0.096122
0.229263 0.099516 -0.095232 -0.031188
-0.350587 -0.095232 0.857785 0.251996
-0.096122 -0.031188 0.251996 0.105419
11.795898 1.461435 10.126807 1.566718
0.721775 0.194828 -0.320208 -0.078909
0.194828 0.081387 -0.078182 -0.023289
-0.320208 -0.078182 0.799418 0.215190
-0.078909 -0.023289 0.215190 0.085943
12.937220 1.567953 10.928266 1.576983
0.590110 0.149103 -0.251509 -0.056192
0.149103 0.064193 -0.055392 -0.015690
-0.251509 -0.055392 0.675706 0.169279
-0.056192 -0.015690 0.169279 0.068374
13.469980 1.502190 11.505045 1.521725
0.580809 0.140413 -0.227891 -0.046471
0.140413 0.059043 -0.046004 -0.012147
-0.227891 -0.046004 0.650123 0.154412
-0.046471 -0.012147 0.154412 0.061425
14.124355 1.483526 12.523673 1.580133
0.571810 0.132933 -0.214685 -0.040676
0.132933 0.055102 -0.040522 -0.010079
-0.214685 -0.040522 0.624700 0.141873
-0.040676 -0.010079 0.141873 0.056263
14.225998 1.367647 15.100748 1.971096
0.527638 0.119160 -0.163658 -0.027806
0.119160 0.050561 -0.028270 -0.006916
-0.163658 -0.028270 0.531995 0.116849
-0.027806 -0.006916 0.116849 0.049333
15.149530 1.419134 15.936750 1.942229
0.504694 0.111479 -0.145356 -0.023341
0.111479 0.047971 -0.023678 -0.005732
-0.145356 -0.023678 0.506281 0.109297
-0.023341 -0.005732 0.109297 0.047079
15.795177 1.399294 16.596135 1.873053
0.499966 0.108363 -0.156399 -0.025418
0.108363 0.046679 -0.025828 -0.006071
-0.156399 -0.025828 0.496167 0.105597
-0.025418 -0.006071 0.105597 0.045872
15.833241 1.277334 18.787101 2.133112
0.482225 0.103668 -0.125089 -0.018304
0.103668 0.045426 -0.019000 -0.004468
-0.125089 -0.019000 0.454076 0.096231
-0.018304 -0.004468 0.096231 0.043778
16.513353 1.285399 19.800997 2.122430
0.472339 0.100852 -0.115306 -0.016410
0.100852 0.044665 -0.017039 -0.004046
-0.115306 -0.017039 0.439637 0.093400
-0.016410 -0.004046 0.093400 0.043212
17.540746 1.359307 20.332709 2.013941
0.444757 0.094719 -0.096829 -0.013069
0.094719 0.043320 -0.013496 -0.003370
-0.096829 -0.013496 0.417108 0.089189
-0.013069 -0.003370 0.089189 0.042408
18.699960 1.458982 21.083043 1.965960
0.428615 0.091742 -0.075077 -0.009007
0.091742 0.042803 -0.009296 -0.002529
-0.075077 -0.009296 0.406781 0.088001
-0.009007 -0.002529 0.088001 0.042317
18.708571 1.302000 22.064770 1.954181
0.431078 0.092781 -0.069019 -0.008373
0.092781 0.043127 -0.008662 -0.002455
-0.069019 -0.008662 0.406696 0.088768
-0.008373 -0.002455 0.088768 0.042565
19.234956 1.270048 22.703973 1.877376
0.422260 0.091194 -0.063958 -0.008083
0.091194 0.042827 -0.008325 -0.002461
-0.063958 -0.008325 0.398137 0.087448
-0.008083 -0.002461 0.087448 0.042293
20.024113 1.310792 24.189566 2.001447
0.423024 0.091849 -0.056039 -0.006919
0.091849 0.043043 -0.007093 -0.002202
-0.056039 -0.007093 0.402968 0.089178
-0.006919 -0.002202 0.089178 0.042713
19.921872 1.138824 24.679187 1.878224
0.418694 0.091083 -0.063414 -0.009245
0.091083 0.042868 -0.009361 -0.002740
-0.063414 -0.009361 0.397664 0.088178
-0.009245 -0.002740 0.088178 0.042420
20.565474 1.156294 25.724145 1.902802
0.428299 0.093482 -0.065662 -0.009919
0.093482 0.043415 -0.009984 -0.002800
-0.065662 -0.009984 0.409175 0.091053
-0.009919 -0.002800 0.091053 0.043034
21.071898 1.139702 26.598285 1.884703
0.420967 0.091877 -0.067774 -0.010622
0.091877 0.043021 -0.010605 -0.002892
-0.067774 -0.010605 0.407346 0.090585
-0.010622 -0.002892 0.090585 0.042833
21.611985 1.134725 27.690226 1.917912
0.413407 0.090423 -0.064008 -0.009879
0.090423 0.042708 -0.009805 -0.002651
-0.064008 -0.009805 0.406721 0.090476
-0.009879 -0.002651 0.090476 0.042751
22.296460 1.162767 28.854615 1.965193
0.410174 0.089958 -0.066625 -0.010554
0.089958 0.042617 -0.010399 -0.002733
-0.066625 -0.010399 0.411981 0.091603
-0.010554 -0.002733 0.091603 0.042941
23.476158 1.293618 29.667352 1.933607
0.414084 0.091085 -0.068174 -0.010812
0.091085 0.042877 -0.010661 -0.002716
-0.068174 -0.010661 0.418311 0.092854
-0.010812 -0.002716 0.092854 0.043150
23.919996 1.249909 30.759536 1.959383
0.418112 0.092142 -0.063906 -0.009733
0.092142 0.043101 -0.009569 -0.002403
-0.063906 -0.009569 0.427011 0.094574
-0.009733 -0.002403 0.094574 0.043468
24.145196 1.157533 31.397274 1.879195
0.421972 0.092968 -0.064462 -0.009837
0.092968 0.043235 -0.009703 -0.002399
-0.064462 -0.009703 0.431234 0.095089
-0.009837 -0.002399 0.095089 0.043489
25.158297 1.252045 32.170452 1.846947
0.420562 0.092544 -0.063867 -0.009718
0.092544 0.043086 -0.009579 -0.002351
-0.063867 -0.009579 0.432906 0.095047
-0.009718 -0.002351 0.095047 0.043410
25.332081 1.150035 32.917235 1.803346
0.397485 0.087379 -0.062116 -0.009566
0.087379 0.041910 -0.009260 -0.002311
-0.062116 -0.009260 0.428670 0.093776
-0.009566 -0.002311 0.093776 0.043087
25.923172 1.155802 34.026243 1.849094
0.394073 0.086957 -0.071494 -0.011639
0.086957 0.041865 -0.011279 -0.002735
-0.071494 -0.011279 0.438917 0.095753
-0.011639 -0.002735 0.095753 0.043501
26.578310 1.175486 35.166854 1.897285
0.369537 0.081877 -0.072889 -0.011976
0.081877 0.040778 -0.011415 -0.002760
-0.072889 -0.011415 0.440381 0.095730
-0.011976 -0.002760 0.095730 0.043466
27.116648 1.168198 36.443190 1.968370
0.377208 0.084359 -0.082567 -0.013735
0.084359 0.041439 -0.013271 -0.003084
-0.082567 -0.013271 0.455641 0.098682
-0.013735 -0.003084 0.098682 0.044082
27.379523 1.097376 37.609473 2.004064
0.383151 0.086099 -0.090357 -0.014961
0.086099 0.041835 -0.014603 -0.003286
-0.090357 -0.014603 0.466830 0.100516
-0.014961 -0.003286 0.100516 0.044415
28.976125 1.340790 38.896916 2.079728
0.353272 0.079483 -0.090949 -0.015030
0.079483 0.040285 -0.014189 -0.003221
-0.090949 -0.014189 0.479064 0.102556
-0.015030 -0.003221 0.102556 0.044797
30.261553 1.486256 40.160193 2.136504
0.324641 0.073755 -0.086542 -0.014047
0.073755 0.039061 -0.012802 -0.002959
-0.086542 -0.012802 0.486264 0.103456
-0.014047 -0.002959 0.103456 0.044937
31.218653 1.520356 40.190741 1.917648
0.340691 0.078833 -0.083681 -0.012884
0.078833 0.040395 -0.012451 -0.002798
-0.083681 -0.012451 0.462416 0.097697
-0.012884 -0.002798 0.097697 0.043669
31.726945 1.462700 41.274083 1.940491
0.325569 0.075841 -0.078364 -0.011860
0.075841 0.039653 -0.011066 -0.002571
-0.078364 -0.011066 0.468756 0.099096
-0.011860 -0.002571 0.099096 0.044067
32.113794 1.381434 42.309024 1.949140
0.350773 0.082406 -0.087111 -0.013343
0.082406 0.041171 -0.013277 -0.002986
-0.087111 -0.013277 0.471217 0.099346
-0.013343 -0.002986 0.099346 0.044144
32.668729 1.355817 43.704451 2.036889
0.376651 0.088343 -0.092600 -0.014031
0.088343 0.042385 -0.014457 -0.003161
-0.092600 -0.014457 0.474440 0.099841
-0.014031 -0.003161 0.099841 0.044284
32.992438 1.276568 45.001575 2.090846
0.397536 0.092405 -0.097185 -0.014593
0.092405 0.043049 -0.015466 -0.003323
-0.097185 -0.015466 0.467530 0.098184
-0.014593 -0.003323 0.098184 0.043959
33.677152 1.287650 46.062066 2.094792
0.398288 0.091721 -0.078843 -0.010570
0.091721 0.042664 -0.011435 -0.002476
-0.078843 -0.011435 0.434306 0.091467
-0.010570 -0.002476 0.091467 0.042656
34.514234 1.308975 45.586797 1.770364
0.380400 0.087222 -0.039281 -0.002644
0.087222 0.041550 -0.003605 -0.000940
-0.039281 -0.003605 0.357192 0.076198
-0.002644 -0.000940 0.076198 0.039659
35.237639 1.325669 46.540205 1.786313
0.402302 0.091747 -0.044954 -0.004625
0.091747 0.042513 -0.005721 -0.001533
-0.044954 -0.005721 0.357027 0.078131
-0.004625 -0.001533 0.078131 0.040418
35.940249 1.342651 48.141879 1.946054
0.430934 0.097292 -0.059716 -0.008336
0.097292 0.043624 -0.009424 -0.002393
-0.059716 -0.009424 0.370436 0.082567
-0.008336 -0.002393 0.082567 0.041556
