6.539710 3.578035 17.779089 6.219743
3.684982 1.474025 7.225291 2.890179
1.474025 80.593689 2.890179 1.156097
7.225291 2.890179 52.598094 21.039694
2.890179 1.156097 21.039694 88.420126
7.579713 3.426684 13.340236 1.064445
3.733059 6.478763 -0.581735 -0.965289
6.478763 20.852562 -1.081884 3.269285
-0.581735 -1.081884 0.573028 0.487027
-0.965289 3.269285 0.487027 43.896884
5.476684 -1.087494 11.260921 -4.358972
3.769239 3.980478 -1.468097 -2.226108
3.980478 6.379955 -1.419233 -2.223076
-1.468097 -1.419233 1.682340 2.947562
-2.226108 -2.223076 2.947562 6.987280
7.137406 0.475691 6.710446 -6.693809
2.657308 2.129436 -0.067718 0.135798
2.129436 2.555829 0.005093 0.064600
-0.067718 0.005093 0.677365 0.710905
0.135798 0.064600 0.710905 1.203304
8.185140 0.999691 4.374777 -5.884866
1.423660 0.899971 0.378819 0.334714
0.899971 0.988445 0.260027 0.166724
0.378819 0.260027 1.460826 1.146224
0.334714 0.166724 1.146224 1.082752
6.785707 -0.046718 1.806690 -5.662576
1.519650 0.816503 0.902608 0.527925
0.816503 0.674438 0.459774 0.235819
0.902608 0.459774 1.995666 1.170487
0.527925 0.235819 1.170487 0.783270
7.777313 0.310465 2.552300 -3.990686
1.490579 0.701923 0.469035 0.196884
0.701923 0.474453 0.209664 0.069541
0.469035 0.209664 0.449877 0.204658
0.196884 0.069541 0.204658 0.154233
7.582857 0.158396 0.584903 -3.967714
1.513680 0.613706 0.480014 0.164142
0.613706 0.345459 0.161603 0.043224
0.480014 0.161603 0.597597 0.247384
0.164142 0.043224 0.247384 0.145670
7.749213 0.187999 -1.353622 -3.952815
1.489114 0.531227 0.419005 0.116941
0.531227 0.259400 0.105043 0.020757
0.419005 0.105043 0.738281 0.273041
0.116941 0.020757 0.273041 0.134016
9.991805 0.859013 -2.592768 -3.758452
1.256989 0.402891 0.259273 0.055224
0.402891 0.182850 0.036019 0.000555
0.259273 0.036019 0.837848 0.278023
0.055224 0.000555 0.278023 0.119394
10.812453 0.921652 -3.338200 -3.425042
1.137048 0.328336 0.244139 0.049301
0.328336 0.138048 0.031944 0.002815
0.244139 0.031944 0.856948 0.253099
0.049301 0.002815 0.253099 0.098642
11.683532 1.002731 -4.262518 -3.217990
1.051320 0.278768 0.214059 0.039348
0.278768 0.110711 0.023200 0.002206
0.214059 0.023200 0.897197 0.240227
0.039348 0.002206 0.240227 0.086587
13.161404 1.159415 -3.109054 -2.545493
0.846230 0.207005 0.212994 0.040082
0.207005 0.083101 0.028985 0.005331
0.212994 0.028985 0.761493 0.186237
0.040082 0.005331 0.186237 0.067073
13.907121 1.206386 -4.633211 -2.606339
0.857686 0.199836 0.184015 0.030717
0.199836 0.076525 0.018616 0.003003
0.184015 0.018616 0.879187 0.201990
0.030717 0.003003 0.201990 0.067814
14.198134 1.137919 -6.033341 -2.623591
0.864263 0.191846 0.176571 0.027712
0.191846 0.070834 0.016303 0.002766
0.176571 0.016303 0.952529 0.205688
0.027712 0.002766 0.205688 0.066004
14.410477 1.046676 -6.702547 -2.487199
0.837643 0.177657 0.179672 0.027692
0.177657 0.064791 0.018603 0.003521
0.179672 0.018603 0.937158 0.191119
0.027692 0.003521 0.191119 0.060959
15.411325 1.139531 -7.597306 -2.423509
0.806824 0.165765 0.130629 0.017397
0.165765 0.060514 0.008933 0.001741
0.130629 0.008933 0.946924 0.184860
0.017397 0.001741 0.184860 0.058613
15.145696 0.958033 -8.058455 -2.274064
0.795147 0.157989 0.160853 0.023165
0.157989 0.057446 0.017390 0.003532
0.160853 0.017390 0.896260 0.167909
0.023165 0.003532 0.167909 0.054591
15.432381 0.928866 -9.759306 -2.375938
0.823477 0.160228 0.134514 0.017475
0.160228 0.057091 0.012001 0.002462
0.134514 0.012001 0.935912 0.170729
0.017475 0.002462 0.170729 0.054931
15.880637 0.919054 -10.466168 -2.289670
0.813308 0.154976 0.109154 0.012923
0.154976 0.055411 0.008638 0.001925
0.109154 0.008638 0.888061 0.158109
0.012923 0.001925 0.158109 0.052577
17.194848 1.067896 -10.605635 -2.119056
0.768398 0.144359 0.052446 0.003514
0.144359 0.053066 -0.000353 0.000467
0.052446 -0.000353 0.827697 0.145309
0.003514 0.000467 0.145309 0.050554
18.703831 1.244896 -11.205452 -2.044795
0.749626 0.139758 -0.001551 -0.004888
0.139758 0.052118 -0.008719 -0.000835
-0.001551 -0.008719 0.813905 0.142120
-0.004888 -0.000835 0.142120 0.050418
19.063590 1.198698 -12.534802 -2.097071
0.780582 0.144365 0.002962 -0.002784
0.144365 0.052894 -0.005887 -0.000174
0.002962 -0.005887 0.825710 0.143600
-0.002784 -0.000174 0.143600 0.051063
19.558400 1.175385 -12.869975 -1.973072
0.774160 0.141874 0.006563 -0.001027
0.141874 0.052345 -0.003326 0.000370
0.006563 -0.003326 0.778640 0.135009
-0.001027 0.000370 0.135009 0.049924
20.401728 1.224221 -14.388441 -2.066079
0.814199 0.148358 -0.011971 -0.003504
0.148358 0.053541 -0.005590 -0.000020
-0.011971 -0.005590 0.798377 0.138947
-0.003504 -0.000020 0.138947 0.051053
20.176323 1.071408 -14.856222 -1.966988
0.821415 0.148281 0.024816 0.003794
0.148281 0.053445 0.002411 0.001395
0.024816 0.002411 0.752509 0.131178
0.003794 0.001395 0.131178 0.050025
20.565239 1.045589 -16.066836 -2.006802
0.856575 0.153514 0.023314 0.003682
0.153514 0.054369 0.002539 0.001306
0.023314 0.002539 0.750640 0.131809
0.003682 0.001306 0.131809 0.050525
20.868357 1.006090 -16.807054 -1.960184
0.876947 0.155800 0.025908 0.004243
0.155800 0.054722 0.003342 0.001342
0.025908 0.003342 0.723839 0.127971
0.004243 0.001342 0.127971 0.050158
21.307987 0.994673 -17.622357 -1.930752
0.901263 0.158771 0.021923 0.003529
0.158771 0.055206 0.002820 0.001141
0.021923 0.002820 0.704617 0.125726
0.003529 0.001141 0.125726 0.050060
21.700185 0.976399 -18.662058 -1.944104
0.936100 0.163497 0.020616 0.003301
0.163497 0.055992 0.002740 0.001034
0.020616 0.002740 0.696285 0.125510
0.003301 0.001034 0.125510 0.050284
22.863873 1.093271 -19.621011 -1.942042
0.968490 0.167596 -0.008424 -0.001994
0.167596 0.056646 -0.002177 0.000057
-0.008424 -0.002177 0.683507 0.124388
-0.001994 0.000057 0.124388 0.050280
23.593725 1.124741 -20.770242 -1.974781
1.011613 0.173343 -0.011423 -0.002132
0.173343 0.057564 -0.002246 0.000040
-0.011423 -0.002246 0.677846 0.124506
-0.002132 0.000040 0.124506 0.050454
24.240427 1.139041 -21.707255 -1.965424
1.048528 0.177739 -0.007806 -0.001090
0.177739 0.058218 -0.001258 0.000210
-0.007806 -0.001258 0.662618 0.122697
-0.001090 0.000210 0.122697 0.050217
25.564351 1.265591 -22.529137 -1.934978
1.087709 0.182351 -0.024388 -0.003956
0.182351 0.058901 -0.003812 -0.000300
-0.024388 -0.003812 0.643485 0.120142
-0.003956 -0.000300 0.120142 0.049816
26.294575 1.282054 -23.171043 -1.873530
1.116649 0.185122 -0.012148 -0.001215
0.185122 0.059272 -0.001422 0.000152
-0.012148 -0.001422 0.622896 0.117370
-0.001215 0.000152 0.117370 0.049367
26.691714 1.241884 -24.253708 -1.901560
1.158653 0.190065 0.013568 0.003828
0.190065 0.060022 0.002934 0.000938
0.013568 0.002934 0.622778 0.118544
0.003828 0.000938 0.118544 0.049660
27.485918 1.270099 -25.073848 -1.876382
1.198968 0.194535 0.024534 0.005585
0.194535 0.060676 0.004479 0.001125
0.024534 0.004479 0.611700 0.117313
0.005585 0.001125 0.117313 0.049424
27.728244 1.206961 -26.362842 -1.944243
1.249727 0.200560 0.056325 0.011218
0.200560 0.061576 0.009249 0.001931
0.056325 0.009249 0.620136 0.119787
0.011218 0.001931 0.119787 0.049889
27.773135 1.118464 -27.579879 -1.991435
1.299402 0.206134 0.089481 0.016629
0.206134 0.062375 0.013847 0.002650
0.089481 0.013847 0.623948 0.120974
0.016629 0.002650 0.120974 0.050036
28.601852 1.161701 -29.103193 -2.094515
1.371690 0.215069 0.098363 0.016840
0.215069 0.063688 0.014301 0.002520
0.098363 0.014301 0.630259 0.122435
0.016840 0.002520 0.122435 0.050212
28.643297 1.079035 -30.480168 -2.157303
1.431161 0.221465 0.130576 0.021669
0.221465 0.064542 0.018425 0.003148
0.130576 0.018425 0.632614 0.122841
0.021669 0.003148 0.122841 0.050150
29.920362 1.187534 -30.486844 -1.951181
1.459234 0.222981 0.116362 0.017201
0.222981 0.064659 0.015386 0.002369
0.116362 0.015386 0.586478 0.113846
0.017201 0.002369 0.113846 0.048290
30.549190 1.195745 -32.035963 -2.063864
1.532677 0.231374 0.139728 0.020415
0.231374 0.065838 0.018116 0.002787
0.139728 0.018116 0.601218 0.117317
0.020415 0.002787 0.117317 0.048979
30.758804 1.137770 -33.088735 -2.065868
1.584350 0.236067 0.169626 0.024827
0.236067 0.066413 0.021780 0.003393
0.169626 0.021780 0.600570 0.117292
0.024827 0.003393 0.117292 0.048892
31.225692 1.125459 -34.512743 -2.142428
1.655446 0.243593 0.193750 0.027680
0.243593 0.067422 0.024339 0.003736
0.193750 0.024339 0.608757 0.118952
0.027680 0.003736 0.118952 0.049139
32.536473 1.234230 -35.501970 -2.131717
1.725351 0.250812 0.196761 0.026220
0.250812 0.068382 0.023869 0.003477
0.196761 0.023869 0.598800 0.116948
0.026220 0.003477 0.116948 0.048662
33.221875 1.244531 -36.615106 -2.141640
1.789087 0.256670 0.222844 0.029651
0.256670 0.069094 0.026796 0.003953
0.222844 0.026796 0.599617 0.117020
0.029651 0.003953 0.117020 0.048593
33.436141 1.174965 -36.556755 -1.913744
1.805405 0.255622 0.247757 0.033079
0.255622 0.068818 0.029698 0.004466
0.247757 0.029698 0.574515 0.111885
0.033079 0.004466 0.111885 0.047487
34.292269 1.212021 -37.424345 -1.898573
1.865468 0.261237 0.266881 0.034761
0.261237 0.069569 0.031371 0.004653
0.266881 0.031371 0.578499 0.112985
0.034761 0.004653 0.112985 0.047716
35.049007 1.240546 -38.980251 -2.022069
1.947870 0.269710 0.298456 0.038700
0.269710 0.070691 0.034567 0.005128
0.298456 0.034567 0.601681 0.117603
0.038700 0.005128 0.117603 0.048583
