2.975526 2.152331 14.839231 5.043774
4.491562 1.796664 8.077603 3.231111
1.796664 80.722748 3.231111 1.292472
8.077603 3.231111 62.017025 24.807348
3.231111 1.292472 24.807348 89.927221
5.232396 4.873964 11.897890 1.308765
4.213137 6.892456 0.557376 -0.228227
6.892456 22.808807 0.807638 4.245462
0.557376 0.807638 0.814859 0.453965
-0.228227 4.245462 0.453965 45.225364
6.733408 3.573911 8.371781 -6.330356
3.300175 3.490616 -1.104861 -2.363899
3.490616 6.527965 -1.153795 -1.866699
-1.104861 -1.153795 0.584743 1.188682
-2.363899 -1.866699 1.188682 5.187651
6.123877 1.655094 6.164015 -5.378279
1.186881 0.928937 -0.538361 -0.562294
0.928937 1.840767 0.160527 0.334791
-0.538361 0.160527 1.991837 2.726171
-0.562294 0.334791 2.726171 4.155662
5.827097 0.984856 4.722118 -4.397069
1.268418 1.048661 0.640257 0.616002
1.048661 1.325284 0.920431 0.784624
0.640257 0.920431 3.060425 2.614491
0.616002 0.784624 2.614491 2.378523
8.513474 2.490838 5.536876 -2.546469
1.461389 0.938293 0.759319 0.480347
0.938293 0.815736 0.575005 0.327888
0.759319 0.575005 2.078040 1.264593
0.480347 0.327888 1.264593 0.843729
9.180218 2.194115 4.209757 -2.570499
1.098850 0.570178 0.725624 0.342294
0.570178 0.419391 0.406340 0.171752
0.725624 0.406340 3.241481 1.540769
0.342294 0.171752 1.540769 0.779637
10.144648 2.134562 3.291044 -2.426037
1.110263 0.488251 0.923549 0.349293
0.488251 0.295215 0.396645 0.137418
0.923549 0.396645 4.452844 1.729191
0.349293 0.137418 1.729191 0.706317
10.386796 1.820366 1.411428 -2.635567
1.178290 0.447342 1.121566 0.355262
0.447342 0.227330 0.391794 0.115576
1.121566 0.391794 5.406616 1.771661
0.355262 0.115576 1.771661 0.609075
10.564476 1.551882 1.802227 -2.136406
1.180030 0.392921 1.201644 0.327708
0.392921 0.174982 0.373388 0.096099
1.201644 0.373388 3.892991 1.097791
0.327708 0.096099 1.097791 0.334830
11.555361 1.581931 3.445756 -1.449899
1.035513 0.306601 1.144036 0.274885
0.306601 0.127023 0.310972 0.070727
1.144036 0.310972 3.308688 0.823876
0.274885 0.070727 0.823876 0.228812
12.911380 1.737640 3.147720 -1.361808
0.968966 0.261843 1.025229 0.218655
0.261843 0.102407 0.231582 0.046273
1.025229 0.231582 3.662824 0.825796
0.218655 0.046273 0.825796 0.209264
13.280108 1.621283 1.496480 -1.556528
0.969988 0.242114 0.998230 0.191724
0.242114 0.089205 0.190419 0.034106
0.998230 0.190419 4.188325 0.862377
0.191724 0.034106 0.862377 0.200628
13.797810 1.552307 0.470303 -1.599050
0.912050 0.212138 0.915257 0.160106
0.212138 0.076203 0.151350 0.024656
0.915257 0.151350 4.291327 0.812594
0.160106 0.024656 0.812594 0.177271
15.274819 1.703592 0.490905 -1.464732
0.803979 0.178149 0.680734 0.107526
0.178149 0.065158 0.089917 0.012759
0.680734 0.089917 4.017772 0.707103
0.107526 0.012759 0.707103 0.148453
15.496979 1.578239 -1.226530 -1.618700
0.798668 0.168918 0.660261 0.096837
0.168918 0.060723 0.080203 0.010797
0.660261 0.080203 4.079240 0.670490
0.096837 0.010797 0.670490 0.135011
15.358607 1.381046 -2.245774 -1.636774
0.789056 0.160028 0.659552 0.090915
0.160028 0.056967 0.085446 0.011423
0.659552 0.085446 3.556977 0.548033
0.090915 0.011423 0.548033 0.110163
15.808926 1.337345 -3.476500 -1.694446
0.762564 0.151080 0.535613 0.067764
0.151080 0.054326 0.062553 0.007772
0.535613 0.062553 3.105630 0.454588
0.067764 0.007772 0.454588 0.093288
16.621677 1.363635 -4.129042 -1.668884
0.721202 0.140818 0.387778 0.044164
0.140818 0.051894 0.038078 0.004323
0.387778 0.038078 2.602797 0.365697
0.044164 0.004323 0.365697 0.079180
16.869051 1.303081 -6.676305 -1.899058
0.748238 0.144214 0.327675 0.034090
0.144214 0.052335 0.027936 0.002979
0.327675 0.027936 2.456870 0.334580
0.034090 0.002979 0.334580 0.074420
16.839986 1.166818 -7.390606 -1.857812
0.751264 0.142275 0.301615 0.029983
0.142275 0.051583 0.030934 0.003596
0.301615 0.030934 1.927737 0.255096
0.029983 0.003596 0.255096 0.063631
17.857259 1.254526 -8.633144 -1.905568
0.735851 0.138703 0.177489 0.013447
0.138703 0.051026 0.010250 0.001026
0.177489 0.010250 1.680051 0.221205
0.013447 0.001026 0.221205 0.059971
18.771281 1.311662 -9.806100 -1.938476
0.737505 0.138198 0.101591 0.004163
0.138198 0.051010 -0.000083 -0.000070
0.101591 -0.000083 1.473627 0.194649
0.004163 -0.000070 0.194649 0.057411
19.185117 1.274016 -11.430745 -2.023725
0.766498 0.142319 0.082803 0.002681
0.142319 0.051777 0.000007 0.000195
0.082803 0.000007 1.336249 0.178318
0.002681 0.000195 0.178318 0.056219
20.318696 1.364337 -12.305448 -2.009709
0.771311 0.142223 0.022081 -0.004267
0.142223 0.051827 -0.007713 -0.000614
0.022081 -0.007713 1.167304 0.158944
-0.004267 -0.000614 0.158944 0.054641
20.795475 1.329520 -13.646837 -2.055313
0.800312 0.146194 0.020882 -0.002952
0.146194 0.052560 -0.004892 -0.000006
0.020882 -0.004892 1.067775 0.149324
-0.002952 -0.000006 0.149324 0.054283
21.242269 1.294303 -15.331222 -2.148940
0.842994 0.152501 0.020926 -0.001723
0.152501 0.053703 -0.002699 0.000431
0.020926 -0.002699 1.002703 0.144707
-0.001723 0.000431 0.144707 0.054508
22.205753 1.348242 -15.871227 -2.070549
0.852662 0.152668 -0.003992 -0.004241
0.152668 0.053715 -0.005168 0.000150
-0.003992 -0.005168 0.883628 0.131856
-0.004241 0.000150 0.131856 0.053350
22.796794 1.334155 -17.093762 -2.099385
0.886709 0.157259 -0.001433 -0.002678
0.157259 0.054538 -0.003132 0.000519
-0.001433 -0.003132 0.832632 0.129244
-0.002678 0.000519 0.129244 0.053606
24.056760 1.438954 -18.463029 -2.151878
0.930512 0.163437 -0.025593 -0.005656
0.163437 0.055623 -0.006233 0.000014
-0.025593 -0.006233 0.795467 0.128278
-0.005656 0.000014 0.128278 0.053933
24.585818 1.406240 -19.984301 -2.226133
0.978219 0.169892 -0.007336 -0.001565
0.169892 0.056693 -0.001889 0.000746
-0.007336 -0.001889 0.770346 0.128565
-0.001565 0.000746 0.128565 0.054270
25.059504 1.366881 -20.177149 -2.067987
0.985557 0.169096 0.007662 0.001600
0.169096 0.056479 0.001320 0.001225
0.007662 0.001320 0.695099 0.119510
0.001600 0.001225 0.119510 0.052834
25.520406 1.329053 -21.288670 -2.081866
1.024692 0.174049 0.024039 0.004743
0.174049 0.057312 0.004354 0.001644
0.024039 0.004354 0.678486 0.120574
0.004743 0.001644 0.120574 0.053108
25.962403 1.291764 -22.033141 -2.027795
1.053511 0.177072 0.038052 0.007182
0.177072 0.057795 0.006638 0.001905
0.038052 0.006638 0.652344 0.119097
0.007182 0.001905 0.119097 0.052763
26.235449 1.229718 -23.405635 -2.094716
1.105114 0.183871 0.059748 0.010849
0.183871 0.058910 0.009966 0.002356
0.059748 0.009966 0.655826 0.122570
0.010849 0.002356 0.122570 0.053246
26.276219 1.135493 -24.855066 -2.170495
1.160456 0.190922 0.086450 0.015168
0.190922 0.060016 0.013811 0.002888
0.086450 0.013811 0.660327 0.125382
0.015168 0.002888 0.125382 0.053481
27.711690 1.276945 -26.124726 -2.207775
1.222067 0.198694 0.065126 0.009902
0.198694 0.061204 0.009556 0.001843
0.065126 0.009556 0.647294 0.124211
0.009902 0.001843 0.124211 0.052893
28.648296 1.324066 -26.859971 -2.137140
1.264932 0.203011 0.068010 0.009858
0.203011 0.061784 0.009641 0.001754
0.068010 0.009641 0.621903 0.120302
0.009858 0.001754 0.120302 0.051773
29.021507 1.276201 -27.105108 -1.975311
1.284042 0.203445 0.087313 0.013129
0.203445 0.061750 0.012372 0.002213
0.087313 0.012372 0.591927 0.115427
0.013129 0.002213 0.115427 0.050509
29.525984 1.255565 -28.196019 -1.995207
1.335202 0.209165 0.107494 0.016225
0.209165 0.062602 0.014955 0.002604
0.107494 0.014955 0.596495 0.117429
0.016225 0.002604 0.117429 0.050661
29.977108 1.229065 -29.420681 -2.039558
1.392199 0.215575 0.130207 0.019577
0.215575 0.063538 0.017758 0.003021
0.130207 0.017758 0.604522 0.119624
0.019577 0.003021 0.119624 0.050802
31.113429 1.309237 -30.452593 -2.044794
1.454375 0.222614 0.134972 0.019079
0.222614 0.064557 0.017704 0.002849
0.134972 0.017704 0.600846 0.119139
0.019079 0.002849 0.119139 0.050400
31.970192 1.339208 -31.352953 -2.021628
1.508373 0.228048 0.152404 0.021295
0.228048 0.065290 0.019666 0.003127
0.152404 0.019666 0.596779 0.118368
0.021295 0.003127 0.118368 0.049954
31.373245 1.144544 -31.671636 -1.874438
1.517589 0.226430 0.197811 0.029294
0.226430 0.064930 0.025788 0.004281
0.197811 0.025788 0.587111 0.116211
0.029294 0.004281 0.116211 0.049226
32.706026 1.257522 -32.586918 -1.876104
1.583367 0.233998 0.197473 0.027034
0.233998 0.066066 0.024664 0.003834
0.197473 0.024664 0.586449 0.116264
0.027034 0.003834 0.116264 0.049075
33.580971 1.291115 -33.227977 -1.818485
1.632471 0.238640 0.213181 0.028499
0.238640 0.066702 0.026140 0.004007
0.213181 0.026140 0.583342 0.115563
0.028499 0.004007 0.115563 0.048746
34.400066 1.317750 -34.267293 -1.846395
1.694043 0.244931 0.237998 0.031668
0.244931 0.067563 0.028800 0.004413
0.237998 0.028800 0.594660 0.117651
0.031668 0.004413 0.117651 0.048988
35.213414 1.341492 -35.318504 -1.873826
1.756513 0.251108 0.266045 0.035299
0.251108 0.068381 0.031834 0.004881
0.266045 0.031834 0.605970 0.119429
0.035299 0.004881 0.119429 0.049140
36.569854 1.438688 -36.168051 -1.863967
1.824723 0.258015 0.285817 0.036976
0.258015 0.069300 0.033670 0.005081
0.285817 0.033670 0.608769 0.119373
0.036976 0.005081 0.119373 0.048937
37.047931 1.405164 -37.155359 -1.872184
1.875425 0.261900 0.328518 0.043458
0.261900 0.069726 0.038588 0.005945
0.328518 0.038588 0.623534 0.121436
0.043458 0.005945 0.121436 0.049133
