1.157577 1.425135 1.029611 -0.480194
1.628112 0.651259 0.238504 0.095403
0.651259 80.264576 0.095403 0.038162
0.238504 0.095403 3.614691 1.445908
0.095403 0.038162 1.445908 80.582442
4.909749 6.977275 0.620352 -0.822144
3.016733 5.545824 -1.912111 -3.228030
5.545824 16.016206 -3.537251 -5.293141
-1.912111 -3.537251 2.299675 3.847428
-3.228030 -5.293141 3.847428 17.903189
5.488583 3.888080 2.111095 1.040472
1.369201 1.660767 0.654135 1.229956
1.660767 3.294981 0.853555 1.318932
0.654135 0.853555 0.762100 1.198970
1.229956 1.318932 1.198970 3.899002
6.661982 3.100639 3.265609 1.860282
1.160026 0.999847 0.578734 0.533027
0.999847 1.303969 0.404353 0.307912
0.578734 0.404353 1.069808 1.165971
0.533027 0.307912 1.165971 1.774620
7.214030 2.299833 5.316711 2.847290
1.041306 0.712129 0.243965 0.105449
0.712129 0.689340 0.064030 -0.007289
0.243965 0.064030 1.236569 0.971911
0.105449 -0.007289 0.971911 0.960681
8.498019 2.341572 7.403968 3.238910
1.039991 0.582642 -0.052039 -0.082158
0.582642 0.436773 -0.092049 -0.075471
-0.052039 -0.092049 1.265869 0.762106
-0.082158 -0.075471 0.762106 0.559833
8.931738 2.038266 7.642255 2.595736
0.887025 0.418796 -0.384407 -0.206853
0.418796 0.267085 -0.205905 -0.102177
-0.384407 -0.205905 1.095561 0.534879
-0.206853 -0.102177 0.534879 0.323388
9.280770 1.781237 7.018573 1.820263
0.813810 0.329172 -0.542604 -0.224795
0.329172 0.182001 -0.223781 -0.087405
-0.542604 -0.223781 1.089539 0.445053
-0.224795 -0.087405 0.445053 0.225675
10.116626 1.764311 8.184483 1.910908
0.820437 0.291451 -0.488198 -0.165274
0.291451 0.141119 -0.164617 -0.052117
-0.488198 -0.164617 1.068312 0.375792
-0.165274 -0.052117 0.375792 0.166390
11.277850 1.848423 8.747899 1.791320
0.763613 0.242443 -0.403738 -0.114757
0.242443 0.107997 -0.113888 -0.029861
-0.403738 -0.113888 0.991675 0.307832
-0.114757 -0.029861 0.307832 0.124337
12.125925 1.837779 10.214512 1.953627
0.783275 0.226702 -0.347385 -0.083678
0.226702 0.092737 -0.083837 -0.018403
-0.347385 -0.083837 0.941843 0.263204
-0.083678 -0.018403 0.263204 0.099269
12.601712 1.704322 10.644358 1.800686
0.691602 0.183491 -0.294650 -0.062958
0.183491 0.073456 -0.062803 -0.012357
-0.294650 -0.062803 0.836995 0.213721
-0.062958 -0.012357 0.213721 0.078528
13.590545 1.724930 10.887430 1.642821
0.660524 0.164213 -0.241071 -0.044873
0.164213 0.064304 -0.044320 -0.007547
-0.241071 -0.044320 0.797290 0.189889
-0.044873 -0.007547 0.189889 0.068305
14.294456 1.687985 11.777068 1.655219
0.640485 0.150753 -0.205199 -0.033876
0.150753 0.058264 -0.033577 -0.005183
-0.205199 -0.033577 0.751506 0.168727
-0.033876 -0.005183 0.168727 0.060591
15.391247 1.762538 13.391342 1.832702
0.615065 0.138438 -0.171109 -0.025156
0.138438 0.053633 -0.025270 -0.003651
-0.171109 -0.025270 0.690488 0.147896
-0.025156 -0.003651 0.147896 0.054339
15.119722 1.510087 14.486428 1.848396
0.537000 0.116045 -0.162533 -0.024060
0.116045 0.047480 -0.024545 -0.004078
-0.162533 -0.024545 0.589221 0.121379
-0.024060 -0.004078 0.121379 0.047788
15.803370 1.499434 15.657553 1.898300
0.527164 0.112358 -0.117893 -0.014250
0.112358 0.046478 -0.014587 -0.002143
-0.117893 -0.014587 0.559847 0.114000
-0.014250 -0.002143 0.114000 0.046263
16.517649 1.497374 16.903585 1.958608
0.515184 0.108729 -0.076801 -0.006316
0.108729 0.045635 -0.006545 -0.000788
-0.076801 -0.006545 0.531394 0.107700
-0.006316 -0.000788 0.107700 0.045128
17.100733 1.463901 17.972870 1.974289
0.500635 0.104820 -0.050799 -0.002242
0.104820 0.044805 -0.002457 -0.000327
-0.050799 -0.002457 0.504115 0.102097
-0.002242 -0.000327 0.102097 0.044195
17.127954 1.320105 19.232843 2.020350
0.494412 0.103007 -0.037386 -0.000852
0.103007 0.044492 -0.001209 -0.000388
-0.037386 -0.001209 0.479554 0.097447
-0.000852 -0.000388 0.097447 0.043497
17.548284 1.265360 19.818929 1.930506
0.476867 0.099127 -0.024428 0.000358
0.099127 0.043802 0.000047 -0.000399
-0.024428 0.000047 0.456313 0.093486
0.000358 -0.000399 0.093486 0.042973
17.844108 1.196788 20.975561 1.967244
0.482014 0.100327 -0.022244 -0.000343
0.100327 0.044220 -0.000646 -0.000696
-0.022244 -0.000646 0.455264 0.094302
-0.000343 -0.000696 0.094302 0.043419
19.050646 1.322076 21.730553 1.923582
0.463754 0.096586 -0.019473 -0.000870
0.096586 0.043567 -0.001064 -0.000898
-0.019473 -0.001064 0.444096 0.092844
-0.000870 -0.000898 0.092844 0.043305
19.176988 1.209330 22.544450 1.889474
0.464991 0.097332 -0.010788 0.000199
0.097332 0.043907 0.000014 -0.000694
-0.010788 0.000014 0.442874 0.093542
0.000199 -0.000694 0.093542 0.043621
19.185230 1.085716 23.975981 1.990890
0.466457 0.098064 0.008813 0.003636
0.098064 0.044198 0.003433 0.000023
0.008813 0.003433 0.444181 0.094624
0.003636 0.000023 0.094624 0.043954
20.661920 1.283386 25.533040 2.112786
0.450693 0.094978 -0.006087 -0.000519
0.094978 0.043620 -0.000603 -0.000890
-0.006087 -0.000603 0.445177 0.095326
-0.000519 -0.000890 0.095326 0.044123
22.072385 1.446588 26.964139 2.194038
0.438022 0.092820 -0.012644 -0.002315
0.092820 0.043275 -0.002349 -0.001193
-0.012644 -0.002349 0.447350 0.096148
-0.002315 -0.001193 0.096148 0.044288
22.706186 1.427379 27.875983 2.154086
0.454330 0.096977 -0.013638 -0.002620
0.096977 0.044277 -0.002647 -0.001141
-0.013638 -0.002647 0.465504 0.100267
-0.002620 -0.001141 0.100267 0.045136
22.909719 1.318296 29.012947 2.166630
0.467544 0.099997 -0.010137 -0.001873
0.099997 0.044921 -0.001895 -0.000871
-0.010137 -0.001895 0.486252 0.104487
-0.001873 -0.000871 0.104487 0.045925
23.128631 1.224537 30.679793 2.291023
0.435522 0.093024 -0.004997 -0.000838
0.093024 0.043368 -0.000838 -0.000568
-0.004997 -0.000838 0.486439 0.103887
-0.000838 -0.000568 0.103887 0.045627
23.875215 1.253284 31.428159 2.206670
0.457325 0.098242 0.003473 0.000864
0.098242 0.044563 0.000880 -0.000147
0.003473 0.000880 0.500133 0.106275
0.000864 -0.000147 0.106275 0.046022
24.738309 1.304251 31.513139 1.991633
0.464475 0.099731 0.011287 0.002285
0.099731 0.044829 0.002329 0.000179
0.011287 0.002329 0.491071 0.103668
0.002285 0.000179 0.103668 0.045349
25.264623 1.277579 32.158414 1.917989
0.456079 0.097742 0.001677 -0.000039
0.097742 0.044333 -0.000050 -0.000319
0.001677 -0.000050 0.492399 0.103598
-0.000039 -0.000319 0.103598 0.045303
25.444858 1.179843 32.510412 1.791069
0.445972 0.095604 -0.026391 -0.005950
0.095604 0.043862 -0.006094 -0.001529
-0.026391 -0.006094 0.490557 0.102941
-0.005950 -0.001529 0.102941 0.045156
26.202073 1.215815 33.506690 1.812219
0.423404 0.090958 -0.013221 -0.002651
0.090958 0.042885 -0.002688 -0.000664
-0.013221 -0.002688 0.492178 0.103098
-0.002651 -0.000664 0.103098 0.045198
26.033295 1.047902 34.520401 1.834170
0.407620 0.088155 -0.014245 -0.002688
0.088155 0.042371 -0.002705 -0.000616
-0.014245 -0.002705 0.503089 0.105216
-0.002688 -0.000616 0.105216 0.045653
26.310089 0.993688 35.204403 1.785290
0.422797 0.092264 -0.013310 -0.002301
0.092264 0.043372 -0.002310 -0.000490
-0.013310 -0.002310 0.513974 0.107160
-0.002301 -0.000490 0.107160 0.046039
26.993844 1.035686 36.864425 1.944887
0.407507 0.089174 -0.026272 -0.004896
0.089174 0.042671 -0.004990 -0.001031
-0.026272 -0.004990 0.541292 0.112360
-0.004896 -0.001031 0.112360 0.047076
27.385316 1.009162 38.447342 2.070425
0.400061 0.088041 -0.030636 -0.005467
0.088041 0.042447 -0.005537 -0.001088
-0.030636 -0.005537 0.565140 0.116398
-0.005467 -0.001088 0.116398 0.047800
28.454440 1.130659 38.219681 1.814233
0.383916 0.085023 -0.021459 -0.003287
0.085023 0.041806 -0.003230 -0.000578
-0.021459 -0.003230 0.532534 0.108649
-0.003287 -0.000578 0.108649 0.046092
29.628320 1.266834 39.172626 1.825454
0.371947 0.083056 -0.027978 -0.004545
0.083056 0.041411 -0.004556 -0.000864
-0.027978 -0.004556 0.543985 0.110707
-0.004545 -0.000864 0.110707 0.046560
30.297470 1.276179 40.440374 1.897653
0.380439 0.085762 -0.029503 -0.004625
0.085762 0.042067 -0.004642 -0.000863
-0.029503 -0.004642 0.559786 0.113534
-0.004625 -0.000863 0.113534 0.047155
31.463921 1.394890 41.115170 1.844376
0.355080 0.080440 -0.017137 -0.002061
0.080440 0.040822 -0.001693 -0.000289
-0.017137 -0.001693 0.553506 0.111758
-0.002061 -0.000289 0.111758 0.046792
32.135641 1.388602 41.931249 1.822903
0.373851 0.085545 -0.019095 -0.002473
0.085545 0.042028 -0.002313 -0.000446
-0.019095 -0.002313 0.550782 0.110898
-0.002473 -0.000446 0.110898 0.046652
32.881109 1.397910 42.165965 1.686934
0.396085 0.090792 -0.018536 -0.002340
0.090792 0.043125 -0.002355 -0.000469
-0.018536 -0.002355 0.528600 0.106281
-0.002340 -0.000469 0.106281 0.045780
33.591999 1.401752 43.337440 1.753155
0.419769 0.095733 -0.020958 -0.002827
0.095733 0.044045 -0.002959 -0.000603
-0.020958 -0.002959 0.535360 0.107948
-0.002827 -0.000603 0.107948 0.046245
34.618576 1.475858 44.364954 1.784715
0.442568 0.099974 -0.013738 -0.001331
0.099974 0.044750 -0.001379 -0.000285
-0.013738 -0.001379 0.522674 0.105560
-0.001331 -0.000285 0.105560 0.045844
35.249842 1.452558 45.428792 1.819173
0.468257 0.104421 -0.020066 -0.002715
0.104421 0.045467 -0.002989 -0.000638
-0.020066 -0.002989 0.511601 0.103664
-0.002715 -0.000638 0.103664 0.045555
35.742272 1.400686 46.171317 1.784469
0.490332 0.107704 -0.026500 -0.004000
0.107704 0.045914 -0.004458 -0.000931
-0.026500 -0.004458 0.485796 0.098899
-0.004000 -0.000931 0.098899 0.044687
36.281265 1.365216 46.879152 1.746056
0.482564 0.104428 -0.003244 0.000836
0.104428 0.044982 0.000553 0.000109
-0.003244 0.000553 0.421140 0.086571
0.000836 0.000109 0.086571 0.042318
