1.525749 1.572407 0.331372 -0.759496
2.294734 0.917913 -0.454586 -0.181838
0.917913 80.371240 -0.181838 -0.072737
-0.454586 -0.181838 4.419931 1.768011
-0.181838 -0.072737 1.768011 80.711286
5.590704 7.391703 0.887515 0.853109
3.171350 5.542832 -1.510322 -2.301653
5.542832 17.535968 -2.577289 -5.107672
-1.510322 -2.577289 2.475925 3.904264
-2.301653 -5.107672 3.904264 19.543904
7.303322 5.232390 2.226583 1.743183
1.305008 1.490157 0.496658 0.817221
1.490157 3.572970 0.646344 0.490702
0.496658 0.646344 1.443485 1.915142
0.817221 0.490702 1.915142 5.299762
8.381958 3.910519 1.932817 0.699824
1.494042 1.353645 0.194120 0.078268
1.353645 1.878638 0.043761 -0.206304
0.194120 0.043761 1.816862 1.796666
0.078268 -0.206304 1.796666 2.619064
9.736401 3.462485 2.938549 1.210304
1.330706 0.921484 0.053833 -0.030296
0.921484 0.929467 -0.038647 -0.119335
0.053833 -0.038647 1.616735 1.178134
-0.030296 -0.119335 1.178134 1.215072
9.045228 2.096574 4.002079 1.556366
0.897847 0.498857 0.078296 0.014813
0.498857 0.435502 -0.000205 -0.032764
0.078296 -0.000205 1.471650 0.845744
0.014813 -0.032764 0.845744 0.673957
8.632170 1.385264 5.389072 1.884116
0.485782 0.232348 -0.011790 -0.018040
0.232348 0.208947 -0.035553 -0.029402
-0.011790 -0.035553 1.388648 0.662679
-0.018040 -0.029402 0.662679 0.430723
8.407912 0.985244 6.232821 1.860842
0.547265 0.241418 -0.131730 -0.063566
0.241418 0.171987 -0.075519 -0.037917
-0.131730 -0.075519 1.278760 0.522601
-0.063566 -0.037917 0.522601 0.291184
9.334129 1.149525 8.184985 2.220798
0.628959 0.248408 -0.156351 -0.061328
0.248408 0.145253 -0.068405 -0.027912
-0.156351 -0.068405 1.117534 0.399367
-0.061328 -0.027912 0.399367 0.199818
10.578478 1.385553 9.167151 2.178067
0.692715 0.244272 -0.204873 -0.067239
0.244272 0.122761 -0.073512 -0.024876
-0.204873 -0.073512 1.065539 0.340428
-0.067239 -0.024876 0.340428 0.153730
11.179493 1.356604 10.341677 2.202680
0.700638 0.222067 -0.223339 -0.063360
0.222067 0.100849 -0.068693 -0.020043
-0.223339 -0.068693 0.941686 0.272712
-0.063360 -0.020043 0.272712 0.116461
11.906132 1.373928 12.048766 2.365587
0.688788 0.198946 -0.191034 -0.047184
0.198946 0.084283 -0.050989 -0.013045
-0.191034 -0.050989 0.824280 0.220148
-0.047184 -0.013045 0.220148 0.091537
12.709934 1.403020 12.921079 2.288287
0.676154 0.180183 -0.185752 -0.041139
0.180183 0.072692 -0.044285 -0.010234
-0.185752 -0.044285 0.761583 0.190461
-0.041139 -0.010234 0.190461 0.077303
12.501470 1.168150 13.364904 2.111107
0.662727 0.164622 -0.213012 -0.044144
0.164622 0.064354 -0.047356 -0.010295
-0.213012 -0.047356 0.693084 0.163795
-0.044144 -0.010295 0.163795 0.066381
13.633023 1.294036 14.017050 2.025166
0.636969 0.149779 -0.171657 -0.031298
0.149779 0.058071 -0.033425 -0.006523
-0.171657 -0.033425 0.669333 0.152205
-0.031298 -0.006523 0.152205 0.060994
15.118441 1.482882 14.858672 1.998869
0.578691 0.130107 -0.137860 -0.022584
0.130107 0.051849 -0.023983 -0.004394
-0.137860 -0.023983 0.611588 0.134554
-0.022584 -0.004394 0.134554 0.055138
15.552599 1.417870 16.078182 2.042340
0.576061 0.125788 -0.103428 -0.014102
0.125788 0.050038 -0.015351 -0.002495
-0.103428 -0.015351 0.590608 0.127234
-0.014102 -0.002495 0.127234 0.052416
16.747445 1.519338 16.862515 1.998534
0.549264 0.117012 -0.077725 -0.008898
0.117012 0.047595 -0.009773 -0.001528
-0.077725 -0.009773 0.567899 0.120321
-0.008898 -0.001528 0.120321 0.050159
17.452880 1.512174 18.240899 2.077736
0.532881 0.111741 -0.052197 -0.004116
0.111741 0.046267 -0.004928 -0.000738
-0.052197 -0.004928 0.539556 0.113043
-0.004116 -0.000738 0.113043 0.048147
17.885832 1.440904 18.873205 1.989111
0.521739 0.108068 -0.054985 -0.005606
0.108068 0.045417 -0.006292 -0.001262
-0.054985 -0.006292 0.523392 0.108778
-0.005606 -0.001262 0.108778 0.046950
18.629369 1.444924 19.783489 1.971803
0.521110 0.107325 -0.039772 -0.002989
0.107325 0.045342 -0.003575 -0.000816
-0.039772 -0.003575 0.521899 0.108237
-0.002989 -0.000816 0.108237 0.046723
19.014204 1.374184 20.592891 1.932249
0.521888 0.106978 -0.037248 -0.003181
0.106978 0.045357 -0.003690 -0.000967
-0.037248 -0.003690 0.518952 0.107327
-0.003181 -0.000967 0.107327 0.046431
19.483304 1.330831 21.753887 1.970944
0.510418 0.104456 -0.008937 0.001979
0.104456 0.044978 0.001493 0.000007
-0.008937 0.001493 0.504103 0.104259
0.001979 0.000007 0.104259 0.045775
20.306800 1.363879 22.884358 2.001847
0.498459 0.101957 -0.012547 0.000165
0.101957 0.044600 -0.000203 -0.000490
-0.012547 -0.000203 0.493883 0.102205
0.000165 -0.000490 0.102205 0.045341
19.713530 1.102831 24.045675 2.029820
0.476442 0.097767 0.006253 0.003286
0.097767 0.043921 0.002945 0.000098
0.006253 0.002945 0.468735 0.097328
0.003286 0.000098 0.097328 0.044378
20.181049 1.086237 25.463522 2.113859
0.479089 0.098983 0.013413 0.003926
0.098983 0.044379 0.003640 0.000182
0.013413 0.003640 0.476557 0.099658
0.003926 0.000182 0.099658 0.044966
21.337514 1.213447 25.966868 1.998091
0.466361 0.096836 0.013865 0.003225
0.096836 0.044066 0.002999 0.000011
0.013865 0.002999 0.466463 0.097908
0.003225 0.000011 0.097908 0.044617
22.471063 1.323220 27.353889 2.079602
0.451425 0.094382 -0.005115 -0.001354
0.094382 0.043690 -0.001510 -0.000925
-0.005115 -0.001510 0.465097 0.098101
-0.001354 -0.000925 0.098101 0.044692
22.913485 1.276995 28.404887 2.082122
0.452360 0.095381 -0.003882 -0.001132
0.095381 0.044030 -0.001266 -0.000761
-0.003882 -0.001266 0.473324 0.100213
-0.001132 -0.000761 0.100213 0.045143
23.446259 1.254811 29.171526 2.024038
0.458957 0.097388 -0.009436 -0.002324
0.097388 0.044520 -0.002437 -0.000913
-0.009436 -0.002437 0.481732 0.102101
-0.002324 -0.000913 0.102101 0.045495
23.694910 1.174096 30.339118 2.057127
0.442026 0.094101 -0.006215 -0.001495
0.094101 0.043815 -0.001590 -0.000626
-0.006215 -0.001590 0.483488 0.102357
-0.001495 -0.000626 0.102357 0.045468
24.423017 1.204335 31.287453 2.040132
0.434909 0.093148 -0.013486 -0.002959
0.093148 0.043652 -0.003058 -0.000865
-0.013486 -0.003058 0.487123 0.102982
-0.002959 -0.000865 0.102982 0.045530
25.035440 1.206486 31.990897 1.973327
0.444422 0.095760 -0.021230 -0.004368
0.095760 0.044242 -0.004484 -0.001079
-0.021230 -0.004484 0.496065 0.104664
-0.004368 -0.001079 0.104664 0.045818
25.340586 1.142514 33.418101 2.065692
0.445948 0.096294 -0.029888 -0.005846
0.096294 0.044309 -0.005967 -0.001300
-0.029888 -0.005967 0.519369 0.109209
-0.005846 -0.001300 0.109209 0.046692
25.637446 1.083612 34.690379 2.115202
0.425064 0.091859 -0.041413 -0.007846
0.091859 0.043285 -0.007968 -0.001636
-0.041413 -0.007968 0.530052 0.110681
-0.007846 -0.001636 0.110681 0.046857
26.291830 1.107567 35.575511 2.079756
0.434528 0.094399 -0.043625 -0.007691
0.094399 0.043860 -0.007814 -0.001498
-0.043625 -0.007814 0.538431 0.111626
-0.007691 -0.001498 0.111626 0.046934
26.741477 1.084101 36.429529 2.040999
0.420434 0.091482 -0.042830 -0.007095
0.091482 0.043177 -0.007120 -0.001308
-0.042830 -0.007120 0.539953 0.111169
-0.007095 -0.001308 0.111169 0.046748
27.196791 1.065283 37.486429 2.048041
0.443587 0.096933 -0.043679 -0.006788
0.096933 0.044373 -0.006867 -0.001207
-0.043679 -0.006867 0.553430 0.113304
-0.006788 -0.001207 0.113304 0.047140
27.796900 1.079567 38.424289 2.030840
0.454518 0.099142 -0.035411 -0.004776
0.099142 0.044748 -0.004764 -0.000769
-0.035411 -0.004764 0.555975 0.113142
-0.004776 -0.000769 0.113142 0.047062
28.472628 1.108709 39.358309 2.015063
0.440292 0.095574 -0.040845 -0.005925
0.095574 0.043828 -0.005886 -0.001064
-0.040845 -0.005886 0.562374 0.113807
-0.005925 -0.001064 0.113807 0.047168
29.463638 1.200860 39.859387 1.915289
0.439078 0.095296 -0.032929 -0.004214
0.095296 0.043744 -0.004119 -0.000730
-0.032929 -0.004119 0.550166 0.110829
-0.004214 -0.000730 0.110829 0.046568
30.443680 1.285030 41.125363 1.979429
0.434416 0.094266 -0.029418 -0.003593
0.094266 0.043500 -0.003374 -0.000636
-0.029418 -0.003374 0.561660 0.112969
-0.003593 -0.000636 0.112969 0.047063
31.393292 1.353982 42.539925 2.066294
0.435343 0.094559 -0.023488 -0.002518
0.094559 0.043569 -0.002211 -0.000453
-0.023488 -0.002211 0.568972 0.114136
-0.002518 -0.000453 0.114136 0.047328
31.868134 1.310194 43.612094 2.073187
0.425356 0.092435 -0.017322 -0.001539
0.092435 0.043103 -0.001194 -0.000319
-0.017322 -0.001194 0.557561 0.111511
-0.001539 -0.000319 0.111511 0.046822
32.772992 1.362581 44.136811 1.971778
0.414513 0.090371 0.002965 0.002203
0.090371 0.042699 0.002736 0.000403
0.002965 0.002736 0.519831 0.103982
0.002203 0.000403 0.103982 0.045399
32.895370 1.239890 44.998925 1.945469
0.426592 0.093366 -0.008265 -0.000596
0.093366 0.043398 -0.000426 -0.000323
-0.008265 -0.000426 0.509471 0.102516
-0.000596 -0.000323 0.102516 0.045276
33.708812 1.282635 46.142455 1.980465
0.441478 0.096679 -0.000650 0.000730
0.096679 0.044101 0.000925 -0.000055
-0.000650 0.000925 0.492508 0.099825
0.000730 -0.000055 0.099825 0.044892
34.242150 1.257602 46.109122 1.771001
0.444062 0.096955 0.010790 0.002747
0.096955 0.044078 0.002978 0.000343
0.010790 0.002978 0.436487 0.089281
0.002747 0.000343 0.089281 0.042892
34.700655 1.220436 46.652550 1.699643
0.445491 0.096965 0.017180 0.003626
0.096965 0.044012 0.003861 0.000489
0.017180 0.003861 0.410193 0.085550
0.003626 0.000489 0.085550 0.042380
35.547064 1.271918 47.275272 1.650975
0.465022 0.100931 0.021858 0.004142
0.100931 0.044824 0.004389 0.000571
0.021858 0.004389 0.389071 0.082905
0.004142 0.000571 0.082905 0.042033
