2.372708 1.911198 1.555977 -0.269643
2.351083 0.940453 -0.613770 -0.245513
0.940453 80.380256 -0.245513 -0.098207
-0.613770 -0.245513 4.399096 1.759677
-0.245513 -0.098207 1.759677 80.707953
2.801692 1.117889 4.215197 4.177654
3.494736 6.086588 -1.379900 -2.041467
6.086588 18.589105 -2.320197 -5.019186
-1.379900 -2.320197 2.279811 3.583279
-2.041467 -5.019186 3.583279 18.950373
2.840957 0.375887 2.181231 -1.175739
1.993842 2.180272 -0.082856 0.122325
2.180272 4.337455 0.010438 -0.318616
-0.082856 0.010438 2.413810 3.089895
0.122325 -0.318616 3.089895 6.689931
4.646309 1.700227 2.971718 0.075713
2.078340 1.728366 -0.982240 -0.861555
1.728366 2.180594 -0.825761 -0.950298
-0.982240 -0.825761 1.387139 1.234989
-0.861555 -0.950298 1.234989 2.022097
6.983759 2.688290 3.758903 0.710612
1.568438 1.021931 -0.402959 -0.226022
1.021931 1.024030 -0.246912 -0.246811
-0.402959 -0.246912 1.036123 0.758048
-0.226022 -0.246811 0.758048 0.963439
8.356720 2.706883 4.838079 1.160291
1.320028 0.712033 -0.282388 -0.135539
0.712033 0.585204 -0.147605 -0.133385
-0.282388 -0.147605 1.189558 0.729093
-0.135539 -0.133385 0.729093 0.657442
7.801500 1.825774 5.775280 1.315172
0.454524 0.209960 -0.169460 -0.080071
0.209960 0.222799 -0.080202 -0.076369
-0.169460 -0.080202 1.268445 0.646370
-0.080071 -0.076369 0.646370 0.453118
9.108725 2.002815 6.789616 1.467322
0.571136 0.255702 -0.206203 -0.090820
0.255702 0.197847 -0.091149 -0.064403
-0.206203 -0.091149 1.259293 0.542830
-0.090820 -0.064403 0.542830 0.315383
10.513650 2.166212 7.194480 1.342072
0.649967 0.263859 -0.220395 -0.086792
0.263859 0.165503 -0.087033 -0.050214
-0.220395 -0.087033 1.204520 0.449443
-0.086792 -0.050214 0.449443 0.226306
11.923182 2.286463 8.289221 1.478766
0.705693 0.256952 -0.210821 -0.074303
0.256952 0.137432 -0.073973 -0.037029
-0.210821 -0.073973 1.104681 0.364079
-0.074303 -0.037029 0.364079 0.165471
11.973457 1.927655 9.142661 1.518914
0.632781 0.207255 -0.239897 -0.074616
0.207255 0.103158 -0.076117 -0.031486
-0.239897 -0.076117 0.977395 0.290212
-0.074616 -0.031486 0.290212 0.123722
12.702588 1.856023 9.723428 1.471185
0.605133 0.181531 -0.261440 -0.072807
0.181531 0.084519 -0.074990 -0.026664
-0.261440 -0.074990 0.898385 0.244485
-0.072807 -0.026664 0.244485 0.099147
13.407931 1.796024 10.849857 1.569945
0.615634 0.171665 -0.223992 -0.056376
0.171665 0.074713 -0.057425 -0.018873
-0.223992 -0.057425 0.827257 0.209153
-0.056376 -0.018873 0.209153 0.082368
13.450799 1.570248 11.586960 1.556007
0.585691 0.152763 -0.202270 -0.046566
0.152763 0.064710 -0.047393 -0.014395
-0.202270 -0.047393 0.743616 0.176921
-0.046566 -0.014395 0.176921 0.069600
13.962194 1.507637 12.997389 1.698999
0.588898 0.145604 -0.170322 -0.035792
0.145604 0.059691 -0.036264 -0.010424
-0.170322 -0.036264 0.687623 0.156144
-0.035792 -0.010424 0.156144 0.061717
14.552207 1.472220 14.221150 1.780465
0.561466 0.132339 -0.153362 -0.030019
0.132339 0.054224 -0.030550 -0.008315
-0.153362 -0.030550 0.619658 0.135684
-0.030019 -0.008315 0.135684 0.055192
15.032318 1.412128 14.988445 1.751798
0.567268 0.128878 -0.141178 -0.025735
0.128878 0.052000 -0.026179 -0.006740
-0.141178 -0.026179 0.604653 0.129314
-0.025735 -0.006740 0.129314 0.052663
15.645737 1.391146 15.830804 1.743814
0.546869 0.120410 -0.122609 -0.020841
0.120410 0.049139 -0.021198 -0.005306
-0.122609 -0.021198 0.567379 0.119133
-0.020841 -0.005306 0.119133 0.049735
15.853311 1.276385 15.910465 1.572638
0.515473 0.110684 -0.125278 -0.021039
0.110684 0.046438 -0.021467 -0.005168
-0.125278 -0.021467 0.526506 0.109186
-0.021039 -0.005168 0.109186 0.047193
16.351593 1.256633 17.564703 1.752853
0.500905 0.106227 -0.103665 -0.015952
0.106227 0.045323 -0.016417 -0.003901
-0.103665 -0.016417 0.492378 0.101958
-0.015952 -0.003901 0.101958 0.045562
17.229569 1.316295 18.985179 1.870277
0.487037 0.102648 -0.075808 -0.010036
0.102648 0.044574 -0.010407 -0.002561
-0.075808 -0.010407 0.472797 0.098496
-0.010036 -0.002561 0.098496 0.044877
17.238835 1.182954 20.263082 1.935160
0.488897 0.102725 -0.060034 -0.006995
0.102725 0.044660 -0.007427 -0.001933
-0.060034 -0.007427 0.462432 0.097029
-0.006995 -0.001933 0.097029 0.044611
18.112117 1.238094 20.822579 1.851472
0.463168 0.097117 -0.038947 -0.003339
0.097117 0.043563 -0.003687 -0.001244
-0.038947 -0.003687 0.439339 0.092915
-0.003339 -0.001244 0.092915 0.043782
18.141399 1.117679 22.202652 1.943428
0.470112 0.098931 -0.022112 -0.000460
0.098931 0.044120 -0.000843 -0.000695
-0.022112 -0.000843 0.440863 0.094234
-0.000460 -0.000695 0.094234 0.044139
18.998515 1.178328 22.838440 1.873199
0.444906 0.093759 -0.007085 0.001642
0.093759 0.043131 0.001311 -0.000359
-0.007085 0.001311 0.420540 0.090527
0.001642 -0.000359 0.090527 0.043336
19.995529 1.265593 23.948860 1.912964
0.449715 0.095388 0.005558 0.003416
0.095388 0.043647 0.003120 -0.000031
0.005558 0.003120 0.433206 0.094141
0.003416 -0.000031 0.094141 0.044152
20.433973 1.224953 25.225921 1.982325
0.442886 0.094310 0.016435 0.004759
0.094310 0.043510 0.004486 0.000206
0.016435 0.004486 0.433586 0.094553
0.004759 0.000206 0.094553 0.044161
21.050366 1.225810 26.361241 2.013817
0.452748 0.096837 0.016810 0.003879
0.096837 0.044130 0.003657 -0.000007
0.016810 0.003657 0.450649 0.098451
0.003879 -0.000007 0.098451 0.044915
21.880078 1.272288 27.342019 2.007889
0.453573 0.097144 0.012083 0.002141
0.097144 0.044203 0.001970 -0.000349
0.012083 0.001970 0.459717 0.100155
0.002141 -0.000349 0.100155 0.045123
22.388871 1.244385 28.627781 2.069270
0.446596 0.095736 0.004090 0.000028
0.095736 0.043899 -0.000119 -0.000717
0.004090 -0.000119 0.467833 0.101481
0.000028 -0.000717 0.101481 0.045249
22.789805 1.196027 30.031085 2.149278
0.443540 0.095249 0.012112 0.001681
0.095249 0.043807 0.001515 -0.000237
0.012112 0.001515 0.482711 0.104123
0.001681 -0.000237 0.104123 0.045663
22.750814 1.058987 31.069631 2.143123
0.419460 0.090245 0.021596 0.003588
0.090245 0.042740 0.003414 0.000265
0.021596 0.003414 0.479630 0.102686
0.003588 0.000265 0.102686 0.045192
22.926446 0.982152 32.170232 2.150429
0.408064 0.088446 0.015557 0.002028
0.088446 0.042450 0.001813 -0.000028
0.015557 0.001813 0.485238 0.103375
0.002028 -0.000028 0.103375 0.045262
23.560898 1.013470 33.255174 2.152014
0.413965 0.090491 0.008062 0.000331
0.090491 0.042988 0.000082 -0.000324
0.008062 0.000082 0.499291 0.105856
0.000331 -0.000324 0.105856 0.045729
24.563655 1.122283 34.378092 2.160401
0.413581 0.090843 0.001302 -0.000974
0.090843 0.043073 -0.001270 -0.000507
0.001302 -0.001270 0.510960 0.107651
-0.000974 -0.000507 0.107651 0.046030
25.274976 1.155228 35.520455 2.173046
0.436675 0.096240 -0.002254 -0.001520
0.096240 0.044242 -0.001787 -0.000520
-0.002254 -0.001787 0.530271 0.110945
-0.001520 -0.000520 0.110945 0.046643
26.292662 1.252226 36.430493 2.135676
0.418637 0.091999 -0.013506 -0.003527
0.091999 0.043179 -0.003914 -0.000860
-0.013506 -0.003914 0.532666 0.110512
-0.003527 -0.000860 0.110512 0.046460
26.622001 1.186896 37.535982 2.143639
0.403998 0.088909 -0.019527 -0.004304
0.088909 0.042474 -0.004715 -0.000918
-0.019527 -0.004715 0.541809 0.111632
-0.004304 -0.000918 0.111632 0.046648
28.006872 1.361881 38.716096 2.166124
0.370316 0.081855 -0.027022 -0.005381
0.081855 0.040943 -0.005816 -0.001061
-0.027022 -0.005816 0.551665 0.112901
-0.005381 -0.001061 0.112901 0.046878
28.825139 1.392302 39.581983 2.122180
0.371504 0.083126 -0.035603 -0.006618
0.083126 0.041363 -0.007135 -0.001256
-0.035603 -0.007135 0.556559 0.113147
-0.006618 -0.001256 0.113147 0.046905
30.001322 1.500900 40.682616 2.131640
0.378451 0.085436 -0.033649 -0.005660
0.085436 0.041933 -0.006031 -0.000965
-0.033649 -0.006031 0.562285 0.113683
-0.005660 -0.000965 0.113683 0.047019
30.981249 1.551415 41.313434 2.044926
0.375237 0.085103 -0.025101 -0.003585
0.085103 0.041824 -0.003697 -0.000486
-0.025101 -0.003697 0.549377 0.110551
-0.003585 -0.000486 0.110551 0.046411
31.611687 1.518411 42.361198 2.049405
0.396915 0.090343 -0.026633 -0.003691
0.090343 0.042968 -0.003917 -0.000553
-0.026633 -0.003917 0.548428 0.110177
-0.003691 -0.000553 0.110177 0.046419
32.161374 1.467785 42.645088 1.899615
0.411546 0.093370 -0.024960 -0.003218
0.093370 0.043495 -0.003522 -0.000504
-0.024960 -0.003522 0.523250 0.105044
-0.003218 -0.000504 0.105044 0.045475
32.656730 1.411433 42.984528 1.775404
0.418802 0.094412 -0.022397 -0.002676
0.094412 0.043544 -0.002963 -0.000437
-0.022397 -0.002963 0.505657 0.101934
-0.002676 -0.000437 0.101934 0.045011
33.373523 1.412497 43.520008 1.703901
0.426674 0.095545 -0.016559 -0.001534
0.095545 0.043644 -0.001719 -0.000234
-0.016559 -0.001719 0.494537 0.100390
-0.001534 -0.000234 0.100390 0.044877
33.306974 1.240932 44.464473 1.719818
0.440304 0.097835 -0.029400 -0.004298
0.097835 0.044011 -0.004703 -0.000902
-0.029400 -0.004703 0.501215 0.102473
-0.004298 -0.000902 0.102473 0.045445
33.697188 1.190407 45.392746 1.732928
0.444200 0.097897 -0.022038 -0.002698
0.097897 0.043904 -0.002970 -0.000548
-0.022038 -0.002970 0.490379 0.100768
-0.002698 -0.000548 0.100768 0.045172
34.266699 1.185626 46.487363 1.780020
0.477451 0.104432 -0.029777 -0.004261
0.104432 0.045249 -0.004706 -0.000917
-0.029777 -0.004706 0.489991 0.101238
-0.004261 -0.000917 0.101238 0.045334
35.094612 1.233575 46.611428 1.621829
0.470498 0.101809 0.002502 0.002460
0.101809 0.044544 0.002156 0.000495
0.002502 0.002156 0.423735 0.088061
0.002460 0.000495 0.088061 0.042655
