2.573939 1.991692 3.615666 0.554250
1.356972 0.542801 1.800106 0.720058
0.542801 80.221192 0.720058 0.288029
1.800106 0.720058 4.580577 1.832270
0.720058 0.288029 1.832270 80.736991
4.868525 4.453449 3.666042 -0.003258
3.397607 6.420672 -0.463091 -1.250158
6.420672 16.578649 -1.460937 1.689838
-0.463091 -1.460937 3.976324 6.436532
-1.250158 1.689838 6.436532 23.787938
6.812935 4.178328 4.116013 0.482350
3.074449 3.277076 0.412738 0.722850
3.277076 4.541879 0.618797 2.124885
0.412738 0.618797 3.448830 3.923634
0.722850 2.124885 3.923634 7.640071
6.138809 2.073033 2.704597 -1.046933
0.781529 0.600510 0.561063 0.509679
0.600510 0.878435 0.601178 0.934379
0.561063 0.601178 3.539368 2.949650
0.509679 0.934379 2.949650 3.617442
6.485423 1.655877 2.618504 -0.826584
1.149159 0.733802 0.546489 0.435225
0.733802 0.671581 0.408179 0.494556
0.546489 0.408179 2.198212 1.426596
0.435225 0.494556 1.426596 1.482191
7.074691 1.586021 4.264808 0.250305
1.308318 0.681373 0.631705 0.401107
0.681373 0.471010 0.358184 0.317395
0.631705 0.358184 1.471112 0.810308
0.401107 0.317395 0.810308 0.754317
8.398062 1.822684 4.922119 0.512723
1.096286 0.475668 0.483140 0.251470
0.475668 0.282220 0.239282 0.176938
0.483140 0.239282 1.564953 0.748556
0.251470 0.176938 0.748556 0.545069
8.778323 1.635056 5.612900 0.685624
1.130745 0.423072 0.403139 0.180769
0.423072 0.212820 0.176237 0.111878
0.403139 0.176237 1.573940 0.655558
0.180769 0.111878 0.655558 0.396485
9.316945 1.544467 5.951607 0.681641
1.051183 0.345436 0.287552 0.114265
0.345436 0.155966 0.116173 0.067909
0.287552 0.116173 1.550496 0.568174
0.114265 0.067909 0.568174 0.295743
10.455953 1.657448 6.759350 0.836598
1.067475 0.315056 0.262473 0.094050
0.315056 0.128270 0.095668 0.049297
0.262473 0.095668 1.514032 0.494991
0.094050 0.049297 0.494991 0.227938
11.339213 1.687264 8.618018 1.260499
0.916749 0.245689 0.165325 0.055094
0.245689 0.096750 0.057814 0.029966
0.165325 0.057814 1.300989 0.383702
0.055094 0.029966 0.383702 0.165887
11.796842 1.597063 9.796003 1.405781
0.849403 0.210755 0.104236 0.033988
0.210755 0.080528 0.036662 0.019626
0.104236 0.036662 1.165539 0.315509
0.033988 0.019626 0.315509 0.129482
12.022271 1.464424 10.555955 1.416152
0.847444 0.197535 0.080008 0.025983
0.197535 0.072657 0.028053 0.014616
0.080008 0.028053 1.109617 0.279454
0.025983 0.014616 0.279454 0.108710
12.607810 1.433527 11.445706 1.458035
0.801428 0.176996 0.061517 0.019921
0.176996 0.064748 0.021413 0.010933
0.061517 0.021413 1.014391 0.239796
0.019921 0.010933 0.239796 0.091139
12.922153 1.347161 11.971390 1.409922
0.769915 0.162776 0.038111 0.013464
0.162776 0.059564 0.014688 0.007896
0.038111 0.014688 0.947592 0.212458
0.013464 0.007896 0.212458 0.079455
13.619673 1.350405 12.420942 1.355300
0.745737 0.152449 0.041162 0.013388
0.152449 0.056095 0.014268 0.006706
0.041162 0.014268 0.913279 0.196091
0.013388 0.006706 0.196091 0.072134
14.330702 1.363527 14.163167 1.575521
0.718891 0.143335 0.074855 0.019432
0.143335 0.053470 0.019515 0.006886
0.074855 0.019515 0.822346 0.170373
0.019432 0.006886 0.170373 0.064121
14.645879 1.295465 15.779530 1.740968
0.735222 0.143859 0.097940 0.022690
0.143859 0.053110 0.022370 0.006657
0.097940 0.022370 0.780181 0.157562
0.022690 0.006657 0.157562 0.059829
15.065922 1.253909 17.559287 1.920293
0.754779 0.145187 0.127690 0.026828
0.145187 0.053029 0.026272 0.006715
0.127690 0.026272 0.744804 0.147546
0.026828 0.006715 0.147546 0.056687
15.411674 1.200719 18.789580 1.973156
0.737690 0.139645 0.131944 0.025555
0.139645 0.051724 0.025063 0.005833
0.131944 0.025063 0.685648 0.133914
0.025555 0.005833 0.133914 0.053244
16.453742 1.283524 19.805575 1.977680
0.742677 0.139002 0.153208 0.027803
0.139002 0.051518 0.027266 0.005770
0.153208 0.027266 0.685280 0.132987
0.027803 0.005770 0.132987 0.052639
17.078775 1.281111 20.640295 1.947844
0.726121 0.134660 0.154386 0.026175
0.134660 0.050694 0.025776 0.005085
0.154386 0.025776 0.655648 0.126492
0.026175 0.005085 0.126492 0.051049
17.656218 1.269981 21.525977 1.931163
0.725126 0.133781 0.154747 0.024613
0.133781 0.050612 0.024353 0.004521
0.154747 0.024353 0.644586 0.124162
0.024613 0.004521 0.124162 0.050421
18.593927 1.327025 22.397115 1.909889
0.726660 0.133483 0.165431 0.025342
0.133483 0.050639 0.025052 0.004471
0.165431 0.025052 0.644215 0.123961
0.025342 0.004471 0.123961 0.050240
19.596614 1.389847 23.365018 1.908591
0.736182 0.134797 0.174624 0.025782
0.134797 0.050970 0.025471 0.004402
0.174624 0.025471 0.653032 0.125513
0.025782 0.004402 0.125513 0.050416
19.982119 1.336483 23.989748 1.848209
0.699068 0.127540 0.173935 0.025002
0.127540 0.049701 0.024691 0.004255
0.173935 0.024691 0.619473 0.118721
0.025002 0.004255 0.118721 0.048962
21.160262 1.424557 25.413625 1.938933
0.712435 0.129901 0.205087 0.029986
0.129901 0.050243 0.029357 0.005095
0.205087 0.029357 0.638281 0.122289
0.029986 0.005095 0.122289 0.049572
22.226567 1.490041 26.430280 1.942462
0.716209 0.130720 0.206288 0.028943
0.130720 0.050518 0.028402 0.004822
0.206288 0.028402 0.643190 0.123194
0.028943 0.004822 0.123194 0.049686
22.670178 1.433368 27.409248 1.949296
0.701195 0.128343 0.184253 0.023929
0.128343 0.050225 0.023542 0.003899
0.184253 0.023542 0.636704 0.122136
0.023929 0.003899 0.122136 0.049470
23.545958 1.467364 28.156081 1.901566
0.700902 0.128883 0.163761 0.019544
0.128883 0.050476 0.019521 0.003191
0.163761 0.019521 0.630225 0.121103
0.019544 0.003191 0.121103 0.049266
24.264567 1.456138 29.580497 1.994991
0.693562 0.127711 0.159648 0.019001
0.127711 0.050313 0.018687 0.003208
0.159648 0.018687 0.641445 0.123307
0.019001 0.003208 0.123307 0.049647
24.627929 1.389716 30.444787 1.975230
0.668619 0.123631 0.137107 0.015221
0.123631 0.049660 0.014943 0.002691
0.137107 0.014943 0.627656 0.120711
0.015221 0.002691 0.120711 0.049118
25.230061 1.372714 31.400249 1.970473
0.661049 0.123068 0.117021 0.011939
0.123068 0.049696 0.011823 0.002259
0.117021 0.011823 0.621628 0.119806
0.011939 0.002259 0.119806 0.048963
25.983599 1.396974 31.637008 1.823008
0.647882 0.121307 0.102404 0.010068
0.121307 0.049453 0.010300 0.002169
0.102404 0.010300 0.592840 0.114407
0.010068 0.002169 0.114407 0.047918
26.917900 1.434464 33.073436 1.922682
0.647276 0.121823 0.100084 0.010495
0.121823 0.049618 0.010476 0.002350
0.100084 0.010476 0.608032 0.117899
0.010495 0.002350 0.117899 0.048666
27.552676 1.419695 33.959407 1.908961
0.631570 0.119508 0.085084 0.008504
0.119508 0.049241 0.008466 0.002093
0.085084 0.008466 0.600167 0.116672
0.008504 0.002093 0.116672 0.048446
27.176520 1.211404 34.915766 1.922026
0.579221 0.110319 0.065055 0.006005
0.110319 0.047564 0.005526 0.001720
0.065055 0.005526 0.594064 0.115911
0.006005 0.001720 0.115911 0.048335
28.146924 1.279638 36.117896 1.965722
0.597301 0.115259 0.053863 0.004511
0.115259 0.048690 0.004292 0.001513
0.053863 0.004292 0.598226 0.117076
0.004511 0.001513 0.117076 0.048591
28.572636 1.236562 37.253064 1.997521
0.596331 0.115979 0.031436 0.001030
0.115979 0.048877 0.000875 0.000907
0.031436 0.000875 0.599072 0.117530
0.001030 0.000907 0.117530 0.048693
28.916329 1.183095 38.211679 1.991496
0.583872 0.114164 0.016948 -0.000638
0.114164 0.048508 -0.000784 0.000679
0.016948 -0.000784 0.591498 0.116164
-0.000638 0.000679 0.116164 0.048407
29.498210 1.181244 39.197606 1.989612
0.589968 0.116026 0.000838 -0.002763
0.116026 0.048871 -0.002826 0.000327
0.000838 -0.002826 0.586682 0.115429
-0.002763 0.000327 0.115429 0.048267
29.867368 1.139622 39.553867 1.864478
0.582892 0.114984 -0.013702 -0.004509
0.114984 0.048606 -0.004514 0.000046
-0.013702 -0.004514 0.564827 0.111338
-0.004509 0.000046 0.111338 0.047465
30.285152 1.109696 40.376636 1.842994
0.593263 0.117379 -0.032456 -0.007162
0.117379 0.049029 -0.007150 -0.000452
-0.032456 -0.007150 0.564816 0.111862
-0.007162 -0.000452 0.111862 0.047626
31.176237 1.175989 40.928402 1.769738
0.612197 0.121147 -0.042373 -0.007993
0.121147 0.049675 -0.007995 -0.000591
-0.042373 -0.007995 0.555552 0.110397
-0.007993 -0.000591 0.110397 0.047353
32.016513 1.226869 42.238948 1.855360
0.632800 0.124828 -0.056799 -0.009817
0.124828 0.050246 -0.009799 -0.000946
-0.056799 -0.009799 0.570352 0.113769
-0.009817 -0.000946 0.113769 0.048044
32.753356 1.249895 42.867212 1.795970
0.639772 0.125471 -0.069904 -0.011425
0.125471 0.050184 -0.011424 -0.001279
-0.069904 -0.011424 0.563026 0.112325
-0.011425 -0.001279 0.112325 0.047696
33.297625 1.236925 44.260144 1.894756
0.649785 0.126640 -0.089284 -0.014306
0.126640 0.050246 -0.014168 -0.001840
-0.089284 -0.014168 0.580325 0.115855
-0.014306 -0.001840 0.115855 0.048360
33.613170 1.173986 44.668212 1.784521
0.648218 0.125487 -0.107246 -0.016884
0.125487 0.049872 -0.016742 -0.002367
-0.107246 -0.016742 0.569175 0.113303
-0.016884 -0.002367 0.113303 0.047740
34.666298 1.264189 45.521968 1.780916
0.672693 0.129603 -0.118534 -0.017848
0.129603 0.050585 -0.017864 -0.002550
-0.118534 -0.017864 0.570347 0.113480
-0.017848 -0.002550 0.113480 0.047734
35.427866 1.293168 46.787290 1.857648
0.688037 0.131557 -0.135132 -0.020059
0.131557 0.050824 -0.019958 -0.002970
-0.135132 -0.019958 0.583816 0.116019
-0.020059 -0.002970 0.116019 0.048183
