1.051412 1.382668 1.189108 -0.416394
2.101059 0.840442 1.548110 0.619258
0.840442 80.340251 0.619258 0.247708
1.548110 0.619258 5.463937 2.185622
0.619258 0.247708 2.185622 80.878334
8.060421 12.872015 -0.441283 -3.342200
2.523557 4.736647 -1.830220 -3.110891
4.736647 15.824825 -3.513025 -2.068212
-1.830220 -3.513025 1.993591 3.281373
-3.110891 -2.068212 3.281373 20.788793
8.921861 6.538324 0.506301 -1.577058
1.052250 1.611447 1.231862 2.292258
1.611447 3.606564 1.961711 3.439821
1.231862 1.961711 1.754245 3.158247
2.292258 3.439821 3.158247 7.356047
10.999993 4.981851 0.340496 -0.504350
1.523128 1.534602 1.433079 1.275630
1.534602 1.853944 1.236915 1.063122
1.433079 1.236915 2.360502 2.402132
1.275630 1.063122 2.402132 2.859684
10.941480 2.767721 2.284880 1.537735
1.289475 0.894070 1.159609 0.721651
0.894070 0.737960 0.692294 0.443705
1.159609 0.692294 2.166323 1.517111
0.721651 0.443705 1.517111 1.221812
8.502899 0.609340 1.811449 1.133329
0.478367 0.240509 0.644824 0.331367
0.240509 0.184854 0.251024 0.145836
0.644824 0.251024 2.078671 1.140581
0.331367 0.145836 1.140581 0.708951
9.606193 0.833845 6.059930 2.767764
0.559128 0.256372 0.446405 0.175312
0.256372 0.159404 0.149468 0.070359
0.446405 0.149468 1.542858 0.679382
0.175312 0.070359 0.679382 0.353861
9.868162 0.773393 7.311748 2.722571
0.649536 0.260750 0.335063 0.106464
0.260750 0.135523 0.089835 0.036805
0.335063 0.089835 1.502166 0.559697
0.106464 0.036805 0.559697 0.249080
9.575129 0.543098 8.064081 2.537689
0.602206 0.215594 0.059682 0.006887
0.215594 0.102135 -0.006182 0.001782
0.059682 -0.006182 1.148863 0.374447
0.006887 0.001782 0.374447 0.154839
9.365260 0.374609 10.292467 2.821978
0.712822 0.226594 0.034888 0.001864
0.226594 0.093976 -0.005752 0.002128
0.034888 -0.005752 1.073071 0.311274
0.001864 0.002128 0.311274 0.118709
9.872795 0.478435 10.477242 2.497455
0.732626 0.209584 -0.031121 -0.012658
0.209584 0.080476 -0.018263 -0.001045
-0.031121 -0.018263 0.930395 0.244940
-0.012658 -0.001045 0.244940 0.090411
10.781739 0.651852 11.919060 2.543146
0.744723 0.194077 -0.011201 -0.004110
0.194077 0.070566 -0.007690 0.001758
-0.011201 -0.007690 0.868736 0.211202
-0.004110 0.001758 0.211202 0.075900
11.139977 0.661321 12.528633 2.392371
0.732221 0.176532 -0.036946 -0.007984
0.176532 0.062546 -0.010871 0.000802
-0.036946 -0.010871 0.773932 0.176269
-0.007984 0.000802 0.176269 0.064011
12.053390 0.793049 13.850060 2.421066
0.753877 0.170415 0.007806 0.003675
0.170415 0.058811 0.001738 0.003348
0.007806 0.001738 0.782157 0.169659
0.003675 0.003348 0.169659 0.060394
12.178131 0.734868 15.048137 2.417612
0.787323 0.168528 0.019803 0.006622
0.168528 0.056847 0.005017 0.003578
0.019803 0.005017 0.766199 0.159326
0.006622 0.003578 0.159326 0.056714
13.021062 0.831941 16.244463 2.416616
0.779992 0.159345 0.053180 0.013161
0.159345 0.053921 0.011946 0.004487
0.053180 0.011946 0.734831 0.147780
0.013161 0.004487 0.147780 0.053462
13.719154 0.887154 17.217413 2.371194
0.774599 0.152428 0.071434 0.015869
0.152428 0.052013 0.014873 0.004536
0.071434 0.014873 0.709506 0.139161
0.015869 0.004536 0.139161 0.051294
14.633143 0.976864 18.022853 2.298604
0.748996 0.143112 0.088305 0.017962
0.143112 0.050027 0.017137 0.004488
0.088305 0.017137 0.675467 0.130163
0.017962 0.004488 0.130163 0.049382
15.231449 0.997332 19.304819 2.323888
0.746495 0.139689 0.109666 0.020754
0.139689 0.049468 0.020016 0.004616
0.109666 0.020016 0.652171 0.124393
0.020754 0.004616 0.124393 0.048333
16.313582 1.106148 20.017587 2.237223
0.731835 0.134828 0.124716 0.022180
0.134828 0.048774 0.021480 0.004520
0.124716 0.021480 0.642106 0.121870
0.022180 0.004520 0.121870 0.048020
16.808086 1.094082 21.448695 2.296934
0.710639 0.129563 0.149223 0.025437
0.129563 0.048108 0.024759 0.004843
0.149223 0.024759 0.604207 0.114357
0.025437 0.004843 0.114357 0.046779
17.619462 1.142935 22.527347 2.281734
0.714505 0.129677 0.161741 0.026156
0.129677 0.048509 0.025516 0.004695
0.161741 0.025516 0.603741 0.114736
0.026156 0.004695 0.114736 0.047136
17.865170 1.099205 21.932225 1.949027
0.655327 0.118957 0.116507 0.016412
0.118957 0.046980 0.016357 0.002808
0.116507 0.016357 0.542773 0.103887
0.016412 0.002808 0.103887 0.045351
18.209433 1.066145 22.445485 1.860682
0.641939 0.117243 0.113832 0.015482
0.117243 0.047124 0.015440 0.002635
0.113832 0.015440 0.531737 0.103158
0.015482 0.002635 0.103158 0.045536
18.382093 1.009020 22.509761 1.692556
0.615560 0.113383 0.101723 0.013012
0.113383 0.046830 0.013082 0.002241
0.101723 0.013082 0.509294 0.100163
0.013012 0.002241 0.100163 0.045205
18.649542 0.964308 23.364850 1.697264
0.634555 0.118141 0.104154 0.013192
0.118141 0.048096 0.013246 0.002294
0.104154 0.013246 0.526222 0.104979
0.013192 0.002294 0.104979 0.046372
18.780564 0.892863 24.614301 1.783273
0.655687 0.122727 0.116797 0.015487
0.122727 0.049161 0.015391 0.002758
0.116797 0.015391 0.544765 0.109394
0.015487 0.002758 0.109394 0.047283
19.604005 0.959206 25.919354 1.862760
0.680158 0.127304 0.147050 0.021189
0.127304 0.050076 0.020653 0.003827
0.147050 0.020653 0.571945 0.114825
0.021189 0.003827 0.114825 0.048255
20.216747 0.977896 27.335513 1.959739
0.693746 0.129477 0.172478 0.025575
0.129477 0.050464 0.024682 0.004591
0.172478 0.024682 0.593613 0.118620
0.025575 0.004591 0.118620 0.048822
20.096899 0.859630 28.488226 2.003956
0.676025 0.125846 0.176143 0.025674
0.125846 0.049776 0.024657 0.004570
0.176143 0.024657 0.592088 0.117648
0.025674 0.004570 0.117648 0.048444
21.165347 0.979845 29.581786 2.012271
0.699942 0.130361 0.186961 0.026661
0.130361 0.050674 0.025818 0.004689
0.186961 0.025818 0.608821 0.120379
0.026661 0.004689 0.120379 0.048856
21.871738 1.021265 30.576316 2.006273
0.704583 0.131096 0.180323 0.024480
0.131096 0.050824 0.023886 0.004263
0.180323 0.023886 0.612465 0.120530
0.024480 0.004263 0.120530 0.048782
23.179566 1.171210 31.671035 2.010886
0.719922 0.133636 0.184006 0.024508
0.133636 0.051272 0.024097 0.004294
0.184006 0.024097 0.621192 0.121561
0.024508 0.004294 0.121561 0.048877
23.910085 1.203157 32.424069 1.957921
0.700473 0.129751 0.167504 0.021201
0.129751 0.050537 0.020897 0.003765
0.167504 0.020897 0.609847 0.118905
0.021201 0.003765 0.118905 0.048309
25.218288 1.331040 33.735269 2.011803
0.716923 0.133003 0.152690 0.017949
0.133003 0.051218 0.017981 0.003213
0.152690 0.017981 0.618451 0.120497
0.017949 0.003213 0.120497 0.048657
26.176466 1.390281 34.502257 1.959563
0.694508 0.128703 0.133561 0.014864
0.128703 0.050420 0.014952 0.002815
0.133561 0.014952 0.603495 0.117371
0.014864 0.002815 0.117371 0.048047
25.902229 1.209380 35.373584 1.953450
0.632613 0.117666 0.095083 0.008796
0.117666 0.048483 0.008407 0.001836
0.095083 0.008407 0.593543 0.115865
0.008796 0.001836 0.115865 0.047869
26.688228 1.240820 36.554077 1.991108
0.625434 0.117423 0.082044 0.007304
0.117423 0.048637 0.006965 0.001736
0.082044 0.006965 0.594992 0.116325
0.007304 0.001736 0.116325 0.048021
27.793593 1.326578 38.078753 2.089347
0.635732 0.120440 0.067187 0.005255
0.120440 0.049369 0.005092 0.001479
0.067187 0.005092 0.603597 0.118177
0.005255 0.001479 0.118177 0.048442
28.558909 1.345842 39.147354 2.092951
0.631134 0.120341 0.041724 0.001385
0.120341 0.049434 0.001435 0.000895
0.041724 0.001435 0.594748 0.116534
0.001385 0.000895 0.116534 0.048159
29.763920 1.445007 40.527256 2.153825
0.652720 0.125127 0.017858 -0.002203
0.125127 0.050402 -0.001872 0.000343
0.017858 -0.001872 0.595554 0.116893
-0.002203 0.000343 0.116893 0.048286
30.515344 1.453895 41.094393 2.053508
0.661200 0.126926 -0.017091 -0.007667
0.126926 0.050709 -0.007054 -0.000548
-0.017091 -0.007054 0.576179 0.113283
-0.007667 -0.000548 0.113283 0.047626
30.895920 1.389378 41.634649 1.959007
0.646624 0.123996 -0.043840 -0.011136
0.123996 0.050065 -0.010496 -0.001058
-0.043840 -0.010496 0.562899 0.111060
-0.011136 -0.001058 0.111060 0.047263
31.744280 1.419138 42.205160 1.877860
0.661291 0.126844 -0.065549 -0.013647
0.126844 0.050573 -0.012969 -0.001419
-0.065549 -0.012969 0.555912 0.110153
-0.013647 -0.001419 0.110153 0.047158
32.592003 1.445534 43.106866 1.870690
0.669647 0.128161 -0.082427 -0.015230
0.128161 0.050737 -0.014558 -0.001639
-0.082427 -0.014558 0.559641 0.111344
-0.015230 -0.001639 0.111344 0.047448
32.935272 1.374366 44.347715 1.930188
0.651041 0.124180 -0.096012 -0.016398
0.124180 0.049878 -0.015600 -0.001816
-0.096012 -0.015600 0.570212 0.113700
-0.016398 -0.001816 0.113700 0.047920
33.946305 1.437883 45.504002 1.970693
0.672705 0.128237 -0.111562 -0.017894
0.128237 0.050627 -0.017201 -0.002103
-0.111562 -0.017201 0.577226 0.115031
-0.017894 -0.002103 0.115031 0.048127
34.760647 1.454647 46.326785 1.938888
0.695977 0.132132 -0.134466 -0.020941
0.132132 0.051263 -0.020350 -0.002721
-0.134466 -0.020350 0.579450 0.115157
-0.020941 -0.002721 0.115157 0.048053
35.624668 1.476392 46.912215 1.863172
0.703625 0.132789 -0.147539 -0.022118
0.132789 0.051252 -0.021663 -0.002992
-0.147539 -0.021663 0.572956 0.113574
-0.022118 -0.002992 0.113574 0.047656
35.356118 1.287849 48.093961 1.900926
0.684330 0.128172 -0.169209 -0.025495
0.128172 0.050233 -0.024441 -0.003646
-0.169209 -0.024441 0.588318 0.116395
-0.025495 -0.003646 0.116395 0.048149
