-0.603646 0.720631 0.224288 -0.802330
3.253157 1.301291 0.889044 0.355625
1.301291 80.524594 0.355625 0.142253
0.889044 0.355625 6.314131 2.525707
0.355625 0.142253 2.525707 81.014371
4.543710 8.814470 -0.494516 -1.558107
2.655803 4.578947 -1.663250 -2.622730
4.578947 18.344303 -2.991559 -2.720078
-1.663250 -2.991559 3.121968 4.725099
-2.622730 -2.720078 4.725099 24.435801
6.437825 6.121076 1.465690 1.423801
2.455635 3.156168 1.067979 1.948762
3.156168 6.192202 1.479455 2.426869
1.067979 1.479455 1.227175 1.837927
1.948762 2.426869 1.837927 6.182137
6.876543 3.849265 0.733921 0.034346
2.642561 2.317849 1.138699 1.039189
2.317849 2.758707 0.844016 0.704509
1.138699 0.844016 2.235253 2.439767
1.039189 0.704509 2.439767 3.553164
7.490414 2.857464 2.451679 1.458260
2.237017 1.457032 1.012509 0.644482
1.457032 1.279996 0.577376 0.369460
1.012509 0.577376 1.822302 1.362976
0.644482 0.369460 1.362976 1.366535
10.248073 3.532640 4.151748 1.976935
1.603678 0.841903 0.608836 0.284841
0.841903 0.627654 0.238776 0.118220
0.608836 0.238776 1.908084 1.124323
0.284841 0.118220 1.124323 0.840664
10.356331 2.768337 5.349636 2.138880
1.162128 0.519241 0.325025 0.116140
0.519241 0.349014 0.082176 0.036308
0.325025 0.082176 1.898554 0.912334
0.116140 0.036308 0.912334 0.545526
10.050167 2.103270 6.045351 2.026903
0.754805 0.300646 0.017835 -0.010500
0.300646 0.200053 -0.035591 -0.009597
0.017835 -0.035591 1.736479 0.704455
-0.010500 -0.009597 0.704455 0.358319
10.079312 1.743158 6.292055 1.770544
0.657188 0.240560 -0.119620 -0.049328
0.240560 0.146826 -0.067423 -0.017203
-0.119620 -0.067423 1.611742 0.564809
-0.049328 -0.017203 0.564809 0.251821
10.772596 1.677032 8.121799 2.062494
0.674602 0.227227 -0.095603 -0.030704
0.227227 0.122040 -0.041419 -0.006364
-0.095603 -0.041419 1.409316 0.435341
-0.030704 -0.006364 0.435341 0.177530
11.749046 1.720912 8.516764 1.885897
0.690443 0.214293 -0.099613 -0.025354
0.214293 0.103698 -0.033159 -0.003437
-0.099613 -0.033159 1.307757 0.363591
-0.025354 -0.003437 0.363591 0.137542
12.850878 1.789371 8.815081 1.723297
0.684841 0.196693 -0.083915 -0.016983
0.196693 0.088398 -0.022378 -0.000707
-0.083915 -0.022378 1.233522 0.313559
-0.016983 -0.000707 0.313559 0.112037
13.514151 1.730204 10.572756 1.932833
0.720714 0.193217 -0.027097 -0.000698
0.193217 0.080337 -0.003621 0.003414
-0.027097 -0.003621 1.126213 0.265449
-0.000698 0.003414 0.265449 0.092311
13.813093 1.588498 11.679940 1.959557
0.697387 0.175089 -0.027904 -0.000731
0.175089 0.070373 -0.003330 0.002636
-0.027904 -0.003330 0.997440 0.220447
-0.000731 0.002636 0.220447 0.076854
14.052602 1.454819 12.201172 1.858886
0.680242 0.161506 -0.041952 -0.003672
0.161506 0.063468 -0.006315 0.001352
-0.041952 -0.006315 0.914622 0.192098
-0.003672 0.001352 0.192098 0.067511
14.958889 1.497346 13.571958 1.949537
0.658499 0.149440 0.004761 0.005902
0.149440 0.058291 0.004720 0.003111
0.004761 0.004720 0.828724 0.167734
0.005902 0.003111 0.167734 0.060564
15.841796 1.527510 14.763284 1.993030
0.657759 0.143860 0.039592 0.012047
0.143860 0.055452 0.011687 0.003943
0.039592 0.011687 0.787014 0.155165
0.012047 0.003943 0.155165 0.056913
17.123355 1.638363 16.228471 2.085936
0.651842 0.138213 0.090421 0.020562
0.138213 0.053144 0.021145 0.005222
0.090421 0.021145 0.750338 0.145211
0.020562 0.005222 0.145211 0.054292
17.634416 1.574645 17.106707 2.053879
0.639718 0.132149 0.091091 0.018727
0.132149 0.051144 0.019206 0.004283
0.091091 0.019206 0.709118 0.135359
0.018727 0.004283 0.135359 0.051992
17.705189 1.429801 17.848635 2.000030
0.627370 0.127055 0.076255 0.014297
0.127055 0.049684 0.014540 0.003000
0.076255 0.014540 0.667458 0.126513
0.014297 0.003000 0.126513 0.050151
18.079087 1.361348 18.947769 2.019511
0.621980 0.124106 0.089694 0.015761
0.124106 0.048878 0.016169 0.003083
0.089694 0.016169 0.635815 0.120393
0.015761 0.003083 0.120393 0.048999
18.942718 1.395038 20.538416 2.129519
0.629526 0.124096 0.131880 0.022662
0.124096 0.048763 0.023390 0.004267
0.131880 0.023390 0.622924 0.118221
0.022662 0.004267 0.118221 0.048655
19.684192 1.403755 21.593457 2.127354
0.644387 0.125845 0.141952 0.022924
0.125845 0.049076 0.023644 0.004067
0.141952 0.023644 0.625488 0.119249
0.022924 0.004067 0.119249 0.048950
20.241601 1.371740 23.073179 2.209159
0.656956 0.127041 0.161244 0.025147
0.127041 0.049264 0.025884 0.004333
0.161244 0.025884 0.626125 0.119629
0.025147 0.004333 0.119629 0.049046
21.125156 1.409680 24.224721 2.216005
0.675514 0.129563 0.167608 0.024782
0.129563 0.049747 0.025494 0.004106
0.167608 0.025494 0.635192 0.121656
0.024782 0.004106 0.121656 0.049454
22.060201 1.445890 25.976980 2.338675
0.700871 0.133173 0.184099 0.026520
0.133173 0.050399 0.027112 0.004324
0.184099 0.027112 0.658327 0.126036
0.026520 0.004324 0.126036 0.050243
22.413936 1.377495 26.971643 2.310120
0.685844 0.129294 0.168057 0.022522
0.129294 0.049663 0.023082 0.003570
0.168057 0.023082 0.640791 0.122519
0.022522 0.003570 0.122519 0.049503
23.018219 1.355951 28.481904 2.380827
0.684628 0.128321 0.168761 0.022092
0.128321 0.049528 0.022458 0.003529
0.168761 0.022458 0.645345 0.123350
0.022092 0.003529 0.123350 0.049623
23.225305 1.276317 29.032896 2.263756
0.659819 0.123500 0.142123 0.016870
0.123500 0.048759 0.017388 0.002703
0.142123 0.017388 0.613533 0.117437
0.016870 0.002703 0.117437 0.048495
22.845356 1.106014 28.663914 1.986660
0.623401 0.117302 0.093727 0.008098
0.117302 0.047849 0.009017 0.001323
0.093727 0.009017 0.560272 0.108148
0.008098 0.001323 0.108148 0.046852
23.133280 1.050380 29.996526 2.057710
0.620967 0.117222 0.102364 0.010728
0.117222 0.047998 0.011196 0.002008
0.102364 0.011196 0.573378 0.111664
0.010728 0.002008 0.111664 0.047643
23.985460 1.108896 31.331618 2.113749
0.642253 0.121810 0.104275 0.011404
0.121810 0.049038 0.011834 0.002234
0.104275 0.011834 0.591272 0.115820
0.011404 0.002234 0.115820 0.048497
24.615820 1.126668 32.143534 2.064067
0.640539 0.121656 0.099484 0.011011
0.121656 0.049082 0.011438 0.002288
0.099484 0.011438 0.586120 0.115037
0.011011 0.002288 0.115037 0.048299
25.346541 1.153457 33.610668 2.148408
0.645255 0.122734 0.096472 0.010878
0.122734 0.049354 0.011120 0.002315
0.096472 0.011120 0.601439 0.118320
0.010878 0.002315 0.118320 0.048919
26.334125 1.229628 34.919850 2.190086
0.652793 0.124298 0.090345 0.010064
0.124298 0.049698 0.010335 0.002223
0.090345 0.010335 0.606400 0.119240
0.010064 0.002223 0.119240 0.049023
27.017353 1.241147 36.163700 2.218774
0.649085 0.123712 0.070885 0.006770
0.123712 0.049628 0.007078 0.001657
0.070885 0.007078 0.605759 0.119103
0.006770 0.001657 0.119103 0.048947
27.911073 1.288562 37.785575 2.317227
0.648287 0.123668 0.056861 0.004753
0.123668 0.049653 0.005005 0.001345
0.056861 0.005005 0.613401 0.120536
0.004753 0.001345 0.120536 0.049179
28.308157 1.244540 38.546307 2.241077
0.630800 0.120538 0.028739 0.000198
0.120538 0.049104 0.000576 0.000594
0.028739 0.000576 0.592583 0.116350
0.000198 0.000594 0.116350 0.048317
29.001426 1.257869 39.710679 2.249213
0.637173 0.122171 0.004789 -0.003449
0.122171 0.049494 -0.002953 0.000007
0.004789 -0.002953 0.589028 0.115874
-0.003449 0.000007 0.115874 0.048250
29.395306 1.217391 39.814834 2.049425
0.634332 0.121836 -0.023136 -0.007643
0.121836 0.049459 -0.006976 -0.000657
-0.023136 -0.006976 0.559060 0.110195
-0.007643 -0.000657 0.110195 0.047156
30.197637 1.253619 41.307902 2.141690
0.638612 0.122778 -0.033981 -0.008316
0.122778 0.049649 -0.007723 -0.000678
-0.033981 -0.007723 0.571740 0.113304
-0.008316 -0.000678 0.113304 0.047856
30.747956 1.238830 41.104105 1.888651
0.624853 0.120134 -0.045798 -0.009321
0.120134 0.049127 -0.008770 -0.000808
-0.045798 -0.008770 0.536947 0.106622
-0.009321 -0.000808 0.106622 0.046531
31.710207 1.303956 41.607919 1.801062
0.633980 0.122103 -0.053708 -0.009668
0.122103 0.049530 -0.009190 -0.000852
-0.053708 -0.009190 0.531004 0.106196
-0.009668 -0.000852 0.106196 0.046539
31.724942 1.180662 42.427669 1.782548
0.602555 0.116021 -0.063407 -0.010686
0.116021 0.048335 -0.010082 -0.001058
-0.063407 -0.010082 0.536064 0.107889
-0.010686 -0.001058 0.107889 0.046933
32.490611 1.215497 43.460498 1.812151
0.625474 0.120918 -0.078960 -0.012757
0.120918 0.049344 -0.012176 -0.001482
-0.078960 -0.012176 0.548985 0.110867
-0.012757 -0.001482 0.110867 0.047519
33.717764 1.334447 44.174195 1.777280
0.658888 0.127360 -0.091608 -0.014139
0.127360 0.050552 -0.013769 -0.001787
-0.091608 -0.013769 0.550717 0.111218
-0.014139 -0.001787 0.111218 0.047507
34.202601 1.297935 44.926437 1.748059
0.658413 0.126584 -0.107679 -0.016521
0.126584 0.050253 -0.016017 -0.002285
-0.107679 -0.016017 0.555746 0.112117
-0.016521 -0.002285 0.112117 0.047594
34.822590 1.290852 45.654444 1.718077
0.673567 0.128893 -0.126800 -0.019323
0.128893 0.050584 -0.018793 -0.002848
-0.126800 -0.018793 0.562711 0.113247
-0.019323 -0.002848 0.113247 0.047713
34.946208 1.191374 46.605263 1.730945
0.657489 0.125077 -0.138504 -0.020863
0.125077 0.049737 -0.020034 -0.003148
-0.138504 -0.020034 0.570721 0.114530
-0.020863 -0.003148 0.114530 0.047866
35.682268 1.218576 47.481994 1.734999
0.679145 0.128871 -0.153403 -0.022613
0.128871 0.050430 -0.021966 -0.003502
-0.153403 -0.021966 0.577638 0.115416
-0.022613 -0.003502 0.115416 0.047928
