0.697321 1.241029 2.628048 0.159195
3.045152 1.218087 0.785181 0.314079
1.218087 80.491312 0.314079 0.125634
0.785181 0.314079 5.659811 2.263974
0.314079 0.125634 2.263974 80.909676
5.974633 9.102144 3.959146 1.804962
2.201451 3.797086 -0.877848 -1.455165
3.797086 16.465583 -1.679080 -0.926909
-0.877848 -1.679080 3.348983 5.137764
-1.455165 -0.926909 5.137764 23.901316
10.033237 8.331488 2.548982 -1.046848
2.600624 3.152321 0.093351 0.448926
3.152321 5.927254 0.432383 1.028948
0.093351 0.432383 4.220699 5.100525
0.448926 1.028948 5.100525 9.758506
9.196414 4.122492 2.342942 -0.981712
0.727666 0.638419 1.053924 0.921093
0.638419 1.314847 0.969221 0.825170
1.053924 0.969221 3.398602 2.917719
0.921093 0.825170 2.917719 3.786928
9.794334 2.585685 5.946054 2.067201
0.674443 0.507574 0.999283 0.615952
0.507574 0.691894 0.697656 0.444210
0.999283 0.697656 2.262541 1.460227
0.615952 0.444210 1.460227 1.533608
8.874901 1.284538 3.224908 0.150963
0.239131 0.184524 -0.000482 -0.048861
0.184524 0.291482 -0.114018 -0.070963
-0.000482 -0.114018 1.052394 0.663095
-0.048861 -0.070963 0.663095 0.732650
9.574079 1.239516 5.167455 1.154735
0.397206 0.261402 0.001332 -0.023720
0.261402 0.246019 -0.051918 -0.014004
0.001332 -0.051918 1.195056 0.644645
-0.023720 -0.014004 0.644645 0.525662
9.078064 0.647637 5.526668 1.073312
0.439591 0.235999 -0.061616 -0.035886
0.235999 0.171084 -0.059640 -0.011780
-0.061616 -0.059640 1.402862 0.647178
-0.035886 -0.011780 0.647178 0.410287
9.165726 0.532898 7.329496 1.574631
0.620353 0.278193 -0.040659 -0.013730
0.278193 0.155841 -0.028148 0.002875
-0.040659 -0.028148 1.406038 0.557552
-0.013730 0.002875 0.557552 0.297978
10.071058 0.776016 8.252575 1.627844
0.723087 0.275473 -0.026979 -0.002543
0.275473 0.129625 -0.012654 0.006986
-0.026979 -0.012654 1.375975 0.477888
-0.002543 0.006986 0.477888 0.223180
10.241675 0.704268 9.340487 1.710290
0.775337 0.256726 -0.048896 -0.006779
0.256726 0.106533 -0.015081 0.004240
-0.048896 -0.015081 1.240074 0.383220
-0.006779 0.004240 0.383220 0.163883
10.781115 0.758863 10.012174 1.660909
0.799800 0.235032 -0.046465 -0.004104
0.235032 0.089132 -0.010689 0.004027
-0.046465 -0.010689 1.146110 0.321051
-0.004104 0.004027 0.321051 0.128104
12.418406 1.090471 10.098168 1.482556
0.755055 0.200598 -0.015765 0.004177
0.200598 0.072836 -0.000276 0.005318
-0.015765 -0.000276 1.092875 0.281813
0.004177 0.005318 0.281813 0.106199
12.555251 0.993590 11.616243 1.664807
0.760876 0.186130 0.003893 0.008612
0.186130 0.065092 0.004806 0.005373
0.003893 0.004806 0.993577 0.238421
0.008612 0.005373 0.238421 0.087767
12.743398 0.929048 13.996058 2.011722
0.763437 0.174355 0.043813 0.016713
0.174355 0.059716 0.013256 0.006269
0.043813 0.013256 0.857513 0.194164
0.016713 0.006269 0.194164 0.072615
14.278018 1.159491 14.996080 2.018096
0.720914 0.155521 0.082581 0.022991
0.155521 0.053973 0.020325 0.006763
0.082581 0.020325 0.801949 0.173898
0.022991 0.006763 0.173898 0.065142
15.007867 1.190120 15.836524 1.983615
0.720231 0.148661 0.092588 0.022773
0.148661 0.051731 0.020560 0.005938
0.092588 0.020560 0.782128 0.163726
0.022773 0.005938 0.163726 0.060940
15.611922 1.191938 16.882587 1.994650
0.743800 0.148199 0.108227 0.023864
0.148199 0.051238 0.021946 0.005546
0.108227 0.021946 0.786439 0.159895
0.023864 0.005546 0.159895 0.058720
16.239149 1.198166 17.695532 1.958140
0.743437 0.143774 0.113624 0.022825
0.143774 0.050185 0.021248 0.004845
0.113624 0.021248 0.769229 0.152424
0.022825 0.004845 0.152424 0.056175
16.274434 1.090311 19.133817 2.048255
0.730837 0.138090 0.121510 0.022517
0.138090 0.049126 0.021310 0.004435
0.121510 0.021310 0.707560 0.137357
0.022517 0.004435 0.137357 0.052547
17.031978 1.129607 20.239939 2.063303
0.717317 0.133256 0.142755 0.024972
0.133256 0.048407 0.023928 0.004620
0.142755 0.023928 0.675610 0.129657
0.024972 0.004620 0.129657 0.050760
17.297254 1.076171 20.939940 2.001326
0.712378 0.131052 0.129507 0.020701
0.131052 0.048326 0.020043 0.003592
0.129507 0.020043 0.652741 0.124684
0.020701 0.003592 0.124684 0.049725
17.794927 1.074247 21.204333 1.860075
0.679549 0.124206 0.121959 0.018294
0.124206 0.047416 0.017870 0.003074
0.121959 0.017870 0.611846 0.116710
0.018294 0.003074 0.116710 0.048204
18.929056 1.186631 21.868898 1.803305
0.684559 0.124949 0.138885 0.020652
0.124949 0.047947 0.020109 0.003429
0.138885 0.020109 0.621438 0.118948
0.020652 0.003429 0.118948 0.048725
19.450241 1.174488 22.655942 1.781809
0.681359 0.124400 0.141710 0.020284
0.124400 0.048207 0.019829 0.003316
0.141710 0.019829 0.616375 0.118221
0.020284 0.003316 0.118221 0.048631
19.669654 1.102399 23.885797 1.852310
0.665121 0.121370 0.163364 0.023920
0.121370 0.047925 0.023334 0.004015
0.163364 0.023334 0.599888 0.115051
0.023920 0.004015 0.115051 0.048003
19.943954 1.052107 24.708387 1.835779
0.663211 0.121649 0.158973 0.022095
0.121649 0.048320 0.021715 0.003646
0.158973 0.021715 0.593690 0.114443
0.022095 0.003646 0.114443 0.047975
20.913798 1.128564 26.094089 1.921558
0.684554 0.125829 0.185018 0.026256
0.125829 0.049302 0.025679 0.004389
0.185018 0.025679 0.616214 0.119011
0.026256 0.004389 0.119011 0.048855
21.215007 1.075475 27.271035 1.968729
0.673901 0.123923 0.192177 0.026967
0.123923 0.049086 0.026278 0.004531
0.192177 0.026278 0.614596 0.118611
0.026967 0.004531 0.118611 0.048712
22.290066 1.177201 28.260739 1.960208
0.681084 0.125422 0.206750 0.028922
0.125422 0.049488 0.028257 0.004908
0.206750 0.028257 0.620221 0.119508
0.028922 0.004908 0.119508 0.048810
22.962363 1.191589 29.321783 1.974710
0.682178 0.126140 0.193549 0.025443
0.126140 0.049786 0.024994 0.004254
0.193549 0.024994 0.622510 0.120153
0.025443 0.004254 0.120153 0.048947
24.256636 1.320773 30.513695 2.001655
0.699689 0.129696 0.190201 0.024067
0.129696 0.050543 0.023888 0.004055
0.190201 0.023888 0.631959 0.121929
0.024067 0.004055 0.121929 0.049254
24.786419 1.290813 31.773290 2.055547
0.673873 0.124872 0.176593 0.021757
0.124872 0.049665 0.021206 0.003738
0.176593 0.021206 0.632247 0.121916
0.021757 0.003738 0.121916 0.049205
25.286850 1.263068 32.805665 2.059265
0.661162 0.123340 0.143428 0.015551
0.123340 0.049549 0.015261 0.002728
0.143428 0.015261 0.623199 0.120437
0.015551 0.002728 0.120437 0.048957
25.794478 1.245126 33.522518 1.999871
0.643263 0.120699 0.118183 0.011575
0.120699 0.049168 0.011495 0.002239
0.118183 0.011495 0.605304 0.117158
0.011575 0.002239 0.117158 0.048337
26.574281 1.275929 34.481092 1.989100
0.646449 0.122202 0.094246 0.007772
0.122202 0.049587 0.007979 0.001733
0.094246 0.007979 0.599997 0.116596
0.007772 0.001733 0.116596 0.048302
26.738448 1.188596 35.241618 1.950037
0.613693 0.116525 0.073404 0.005379
0.116525 0.048559 0.005356 0.001515
0.073404 0.005356 0.587620 0.114582
0.005379 0.001515 0.114582 0.047954
27.221736 1.167812 36.169855 1.942232
0.602059 0.115204 0.059361 0.004029
0.115204 0.048415 0.003982 0.001436
0.059361 0.003982 0.583134 0.114154
0.004029 0.001436 0.114154 0.047925
28.014088 1.209593 37.010244 1.914199
0.611765 0.118035 0.042243 0.001774
0.118035 0.049062 0.001962 0.001139
0.042243 0.001962 0.577559 0.113523
0.001774 0.001139 0.113523 0.047857
28.506899 1.186137 38.164509 1.954152
0.607432 0.117759 0.024477 -0.000424
0.117759 0.049026 -0.000285 0.000808
0.024477 -0.000285 0.581940 0.114847
-0.000424 0.000808 0.114847 0.048165
28.843000 1.134024 39.460198 2.018879
0.596263 0.116056 0.007879 -0.002347
0.116056 0.048693 -0.002293 0.000510
0.007879 -0.002293 0.587920 0.116280
-0.002347 0.000510 0.116280 0.048451
29.440936 1.140217 40.435790 2.012047
0.616495 0.120567 -0.017837 -0.006264
0.120567 0.049590 -0.006058 -0.000191
-0.017837 -0.006058 0.585255 0.115852
-0.006264 -0.000191 0.115852 0.048345
30.485322 1.233153 41.324895 1.987896
0.645463 0.126227 -0.035197 -0.008344
0.126227 0.050609 -0.008059 -0.000525
-0.035197 -0.008059 0.578876 0.114635
-0.008344 -0.000525 0.114635 0.048078
31.251173 1.262181 42.159702 1.956357
0.656750 0.127857 -0.054003 -0.010686
0.127857 0.050756 -0.010389 -0.000935
-0.054003 -0.010389 0.573511 0.113674
-0.010686 -0.000935 0.113674 0.047875
32.283187 1.340378 43.333169 1.996023
0.679052 0.131465 -0.071646 -0.012774
0.131465 0.051290 -0.012483 -0.001308
-0.071646 -0.012483 0.578506 0.114791
-0.012774 -0.001308 0.114791 0.048089
32.678335 1.288965 44.685227 2.065337
0.671787 0.129040 -0.092361 -0.015601
0.129040 0.050631 -0.015161 -0.001832
-0.092361 -0.015161 0.587817 0.116589
-0.015601 -0.001832 0.116589 0.048404
32.957490 1.219671 45.850425 2.089464
0.668993 0.127736 -0.114057 -0.018577
0.127736 0.050265 -0.018029 -0.002393
-0.114057 -0.018029 0.590897 0.116918
-0.018577 -0.002393 0.116918 0.048390
33.980513 1.296118 46.574817 2.029086
0.690558 0.131325 -0.126536 -0.019481
0.131325 0.050894 -0.019222 -0.002581
-0.126536 -0.019222 0.579216 0.114312
-0.019481 -0.002581 0.114312 0.047806
35.031885 1.368746 47.170307 1.949509
0.716980 0.135500 -0.143097 -0.021285
0.135500 0.051582 -0.021284 -0.002964
-0.143097 -0.021284 0.571318 0.112627
-0.021285 -0.002964 0.112627 0.047442
35.173789 1.265455 48.131438 1.940303
0.698509 0.130830 -0.157926 -0.023321
0.130830 0.050552 -0.022903 -0.003370
-0.157926 -0.022903 0.574740 0.113331
-0.023321 -0.003370 0.113331 0.047570
