3.757137 2.464982 6.631705 1.760692
4.339155 1.735700 9.031214 3.612564
1.735700 80.698362 3.612564 1.445057
9.031214 3.612564 21.860841 8.744526
3.612564 1.445057 8.744526 83.501953
7.350958 6.606002 7.713516 1.111053
3.688706 6.248696 0.914970 -0.370438
6.248696 18.938751 -1.675318 8.134607
0.914970 -1.675318 9.022245 9.349966
-0.370438 8.134607 9.349966 41.060917
7.113144 2.825820 8.948320 1.403679
2.822569 2.978556 -3.547490 -3.346374
2.978556 5.243032 -3.678823 0.369137
-3.547490 -3.678823 10.044719 9.990983
-3.346374 0.369137 9.990983 19.649267
7.172294 1.282072 6.634327 -2.000455
2.818099 2.290794 -2.111808 -0.654005
2.290794 2.486364 -1.655172 0.545361
-2.111808 -1.655172 2.141555 1.005841
-0.654005 0.545361 1.005841 3.451264
7.993755 1.416444 5.632381 -1.906237
2.507210 1.542367 -1.387235 -0.186428
1.542367 1.258850 -0.307381 0.663336
-1.387235 -0.307381 3.058813 2.616829
-0.186428 0.663336 2.616829 3.432932
8.540364 1.331567 4.698316 -1.937242
1.850630 0.933002 -0.529518 0.129101
0.933002 0.651837 0.484318 0.653187
-0.529518 0.484318 6.159624 4.323073
0.129101 0.653187 4.323073 3.425130
9.932584 1.656072 3.903113 -1.724615
1.484753 0.662858 0.349102 0.431734
0.662858 0.407194 0.901252 0.602567
0.349102 0.901252 10.187131 5.490027
0.431734 0.602567 5.490027 3.134553
10.626574 1.646593 3.860672 -1.393708
1.283159 0.526048 1.321603 0.694555
0.526048 0.282966 1.078962 0.513797
1.321603 1.078962 12.676413 5.481155
0.694555 0.513797 5.481155 2.471044
11.667510 1.680684 2.072200 -1.758634
1.263210 0.449737 1.584206 0.644185
0.449737 0.208592 1.017505 0.386870
1.584206 1.017505 16.246806 5.781303
0.644185 0.386870 5.781303 2.127083
12.183078 1.607783 2.049967 -1.519870
1.182842 0.371708 1.668564 0.556938
0.371708 0.150925 0.727400 0.233552
1.668564 0.727400 11.512543 3.513199
0.556938 0.233552 3.513199 1.125278
11.708511 1.250107 -0.460601 -2.021241
1.185267 0.334702 1.829112 0.518604
0.334702 0.123235 0.630277 0.173773
1.829112 0.630277 10.389558 2.774922
0.518604 0.173773 2.774922 0.785068
11.723881 1.115717 -0.124204 -1.721323
1.089294 0.274603 1.234663 0.312503
0.274603 0.095032 0.345136 0.084293
1.234663 0.345136 4.976729 1.187645
0.312503 0.084293 1.187645 0.321837
12.787017 1.245002 2.422736 -0.989259
0.929042 0.216054 0.968151 0.217687
0.216054 0.074906 0.234076 0.050335
0.968151 0.234076 3.192058 0.691867
0.217687 0.050335 0.691867 0.185002
13.820158 1.334598 2.499081 -0.874637
0.827964 0.181146 0.873690 0.175815
0.181146 0.063792 0.186662 0.035719
0.873690 0.186662 3.434987 0.686176
0.175815 0.035719 0.686176 0.170049
14.203146 1.277086 1.439992 -0.989366
0.806140 0.168356 0.853878 0.155530
0.168356 0.059167 0.161319 0.027875
0.853878 0.161319 3.829719 0.711031
0.155530 0.027875 0.711031 0.163765
14.861323 1.287323 0.222596 -1.116325
0.782575 0.157785 0.772558 0.128142
0.157785 0.055875 0.127767 0.019934
0.772558 0.127767 4.072203 0.707044
0.128142 0.019934 0.707044 0.153872
15.573704 1.312654 -1.457748 -1.302584
0.759663 0.149512 0.646101 0.097600
0.149512 0.053648 0.091294 0.012712
0.646101 0.091294 4.136283 0.675689
0.097600 0.012712 0.675689 0.141260
16.482624 1.369175 -2.646092 -1.389849
0.718576 0.139375 0.474199 0.064556
0.139375 0.051424 0.054960 0.006549
0.474199 0.054960 3.773457 0.583298
0.064556 0.006549 0.583298 0.121116
16.630166 1.277690 -4.689804 -1.583121
0.728833 0.139358 0.429021 0.053914
0.139358 0.051204 0.047960 0.005387
0.429021 0.047960 3.393404 0.498747
0.053914 0.005387 0.498747 0.104543
17.444659 1.311594 -5.456642 -1.581993
0.699756 0.133022 0.284866 0.031073
0.133022 0.050021 0.025700 0.002282
0.284866 0.025700 2.709455 0.382501
0.031073 0.002282 0.382501 0.085681
18.589810 1.409904 -6.636781 -1.642305
0.684533 0.130045 0.150250 0.011720
0.130045 0.049645 0.003835 -0.000514
0.150250 0.003835 2.328303 0.320097
0.011720 -0.000514 0.320097 0.076221
18.917033 1.346652 -8.336835 -1.756818
0.706975 0.133335 0.140859 0.010600
0.133335 0.050273 0.006586 0.000167
0.140859 0.006586 2.038507 0.274417
0.010600 0.000167 0.274417 0.069713
19.467440 1.330286 -9.955014 -1.854550
0.728262 0.136529 0.104697 0.006052
0.136529 0.050924 0.003435 -0.000013
0.104697 0.003435 1.766011 0.235376
0.006052 -0.000013 0.235376 0.064699
20.637341 1.421486 -10.505122 -1.809021
0.723832 0.135100 0.029496 -0.003143
0.135100 0.050748 -0.006759 -0.001100
0.029496 -0.006759 1.454058 0.194294
-0.003143 -0.001100 0.194294 0.059795
21.334417 1.423371 -12.032322 -1.893362
0.753920 0.139856 0.015748 -0.003902
0.139856 0.051682 -0.006426 -0.000805
0.015748 -0.006426 1.316572 0.178429
-0.003902 -0.000805 0.178429 0.058421
22.257395 1.468939 -14.130827 -2.054087
0.803125 0.147909 -0.008118 -0.006207
0.147909 0.053187 -0.008622 -0.000933
-0.008118 -0.008622 1.231296 0.170437
-0.006207 -0.000933 0.170437 0.058112
22.631765 1.403194 -15.119178 -2.046949
0.827125 0.150569 0.012084 -0.002095
0.150569 0.053572 -0.002502 0.000116
0.012084 -0.002502 1.071527 0.151724
-0.002095 0.000116 0.151724 0.056147
23.846212 1.498925 -17.121573 -2.191967
0.883981 0.159326 -0.017525 -0.005660
0.159326 0.055113 -0.006592 -0.000423
-0.017525 -0.006592 1.009303 0.147728
-0.005660 -0.000423 0.147728 0.056285
24.158960 1.419394 -17.372502 -2.063299
0.891330 0.158507 0.008382 -0.000656
0.158507 0.054830 -0.000409 0.000607
0.008382 -0.000409 0.863247 0.130457
-0.000656 0.000607 0.130457 0.054221
24.376713 1.332472 -18.155706 -2.023393
0.914314 0.160810 0.031377 0.003559
0.160810 0.055185 0.004328 0.001346
0.031377 0.004328 0.793405 0.125009
0.003559 0.001346 0.125009 0.053886
24.658877 1.265579 -19.159167 -2.021465
0.947238 0.164893 0.046545 0.006234
0.164893 0.055871 0.007131 0.001733
0.046545 0.007131 0.752006 0.123548
0.006234 0.001733 0.123548 0.054008
24.930446 1.203703 -20.440387 -2.066996
0.991923 0.170872 0.060353 0.008490
0.170872 0.056869 0.009373 0.002010
0.060353 0.009373 0.731232 0.124766
0.008490 0.002010 0.124766 0.054389
25.269246 1.158565 -21.299259 -2.035583
1.024858 0.174558 0.066942 0.009358
0.174558 0.057439 0.010196 0.002040
0.066942 0.010196 0.696802 0.122682
0.009358 0.002040 0.122682 0.054007
26.448860 1.259580 -22.228563 -2.021328
1.066233 0.179654 0.044805 0.004939
0.179654 0.058256 0.006105 0.001188
0.044805 0.006105 0.669008 0.121214
0.004939 0.001188 0.121214 0.053632
26.895737 1.228368 -22.902624 -1.958207
1.095677 0.182490 0.055277 0.006905
0.182490 0.058664 0.007821 0.001481
0.055277 0.007821 0.643568 0.119440
0.006905 0.001481 0.119440 0.053082
27.650583 1.252131 -24.125036 -2.004864
1.149031 0.189301 0.060102 0.007575
0.189301 0.059745 0.008399 0.001529
0.060102 0.008399 0.642227 0.121714
0.007575 0.001529 0.121714 0.053239
28.250026 1.248054 -25.229323 -2.024392
1.198080 0.195056 0.072575 0.009688
0.195056 0.060608 0.010192 0.001818
0.072575 0.010192 0.637184 0.122503
0.009688 0.001818 0.122503 0.053016
29.301937 1.317432 -26.403407 -2.057603
1.256955 0.202196 0.074804 0.009606
0.202196 0.061679 0.010199 0.001739
0.074804 0.010199 0.632156 0.122798
0.009606 0.001739 0.122798 0.052673
29.750147 1.284781 -27.688746 -2.107033
1.311552 0.208245 0.101076 0.014291
0.208245 0.062529 0.014032 0.002430
0.101076 0.014032 0.635025 0.124129
0.014291 0.002430 0.124129 0.052507
30.283271 1.268903 -29.078517 -2.172739
1.373537 0.215233 0.125179 0.018117
0.215233 0.063512 0.017223 0.002941
0.125179 0.017223 0.638940 0.125245
0.018117 0.002941 0.125245 0.052297
30.990014 1.279886 -30.115536 -2.163396
1.429091 0.220957 0.142246 0.020281
0.220957 0.064280 0.019170 0.003183
0.142246 0.019170 0.628762 0.123272
0.020281 0.003183 0.123272 0.051499
31.232854 1.220568 -31.472549 -2.215362
1.488957 0.227084 0.175030 0.025394
0.227084 0.065090 0.023356 0.003865
0.175030 0.023356 0.633814 0.124200
0.025394 0.003865 0.124200 0.051324
31.754532 1.207497 -32.631745 -2.224921
1.550066 0.233265 0.196382 0.027835
0.233265 0.065910 0.025611 0.004125
0.196382 0.025611 0.629182 0.123041
0.027835 0.004125 0.123041 0.050768
32.882782 1.284542 -33.563189 -2.193308
1.614396 0.239844 0.203112 0.027229
0.239844 0.066794 0.025672 0.003950
0.203112 0.025672 0.615631 0.120215
0.027229 0.003950 0.120215 0.049959
32.637732 1.152010 -34.491399 -2.152075
1.655260 0.242448 0.244373 0.033852
0.242448 0.067033 0.030832 0.004865
0.244373 0.030832 0.615334 0.119865
0.033852 0.004865 0.119865 0.049647
33.120150 1.136832 -35.415556 -2.120958
1.712361 0.247753 0.262984 0.035319
0.247753 0.067734 0.032429 0.004991
0.262984 0.032429 0.610991 0.118847
0.035319 0.004991 0.118847 0.049272
33.886657 1.145331 -34.653191 -1.759843
1.713970 0.245177 0.258454 0.032789
0.245177 0.067321 0.031171 0.004654
0.258454 0.031171 0.563152 0.109409
0.032789 0.004654 0.109409 0.047287
34.207838 1.105613 -35.235748 -1.697019
1.753047 0.248170 0.280438 0.035533
0.248170 0.067742 0.033313 0.004997
0.280438 0.033313 0.568704 0.111078
0.035533 0.004997 0.111078 0.047609
35.096445 1.154694 -36.178445 -1.720425
1.817452 0.254905 0.296731 0.036697
0.254905 0.068717 0.034518 0.005101
0.296731 0.034518 0.581909 0.114059
0.036697 0.005101 0.114059 0.048155
35.469492 1.124431 -36.940002 -1.697590
1.864739 0.258840 0.323507 0.040269
0.258840 0.069239 0.037276 0.005576
0.323507 0.037276 0.593227 0.116118
0.040269 0.005576 0.116118 0.048413
