0.018454 0.969476 -1.553707 -1.513543
2.561055 1.024444 1.450151 0.580073
1.024444 80.413853 0.580073 0.232034
1.450151 0.580073 6.413760 2.565559
0.580073 0.232034 2.565559 81.030313
5.055177 8.852283 -1.512124 -0.791790
3.280842 5.900770 -1.592143 -2.689407
5.900770 18.982369 -3.016363 -1.691543
-1.592143 -3.016363 2.283439 3.542242
-2.689407 -1.691543 3.542242 22.829256
7.098201 6.419290 0.226093 1.629157
3.213900 3.802174 0.496419 1.444881
3.802174 6.280683 0.863036 2.191155
0.496419 0.863036 1.862687 2.715910
1.444881 2.191155 2.715910 6.913108
7.310140 4.076531 2.856124 3.225654
1.886671 1.550249 1.262249 1.307452
1.550249 1.939865 1.077696 1.075988
1.262249 1.077696 2.130477 2.111200
1.307452 1.075988 2.111200 2.950721
8.428604 3.422853 5.254181 3.856297
1.544227 1.006280 0.762389 0.495063
1.006280 0.977206 0.418617 0.254911
0.762389 0.418617 2.160944 1.577093
0.495063 0.254911 1.577093 1.519099
8.331827 2.489783 5.479924 2.946293
0.740864 0.418406 -0.208618 -0.154025
0.418406 0.414724 -0.183671 -0.121800
-0.208618 -0.183671 1.711514 1.004380
-0.154025 -0.121800 1.004380 0.783022
9.239927 2.336205 6.165779 2.575691
0.956252 0.473191 -0.216113 -0.118437
0.473191 0.342473 -0.135123 -0.067083
-0.216113 -0.135123 1.909152 0.915149
-0.118437 -0.067083 0.915149 0.556312
11.088726 2.629272 6.722551 2.278211
1.032990 0.439536 -0.137938 -0.060440
0.439536 0.259372 -0.068754 -0.025889
-0.137938 -0.068754 1.895621 0.763589
-0.060440 -0.025889 0.763589 0.387425
11.413531 2.263674 6.947814 1.960917
0.740321 0.274823 -0.222486 -0.077703
0.274823 0.154762 -0.085001 -0.026900
-0.222486 -0.085001 1.645547 0.572275
-0.077703 -0.026900 0.572275 0.258115
12.602373 2.279194 6.523576 1.527997
0.631300 0.211600 -0.206429 -0.060893
0.211600 0.112180 -0.065413 -0.017334
-0.206429 -0.065413 1.527670 0.470187
-0.060893 -0.017334 0.470187 0.191583
13.350191 2.159793 7.695190 1.638419
0.643646 0.199052 -0.128436 -0.030821
0.199052 0.095715 -0.032353 -0.006257
-0.128436 -0.032353 1.405709 0.390140
-0.030821 -0.006257 0.390140 0.147606
13.981034 2.028272 8.096389 1.528323
0.590029 0.168885 -0.108166 -0.022646
0.168885 0.078010 -0.023356 -0.003827
-0.108166 -0.023356 1.293243 0.328227
-0.022646 -0.003827 0.328227 0.117843
13.903133 1.737831 9.493190 1.668288
0.541025 0.145288 -0.090680 -0.016801
0.145288 0.065845 -0.017427 -0.002519
-0.090680 -0.017427 1.120005 0.263417
-0.016801 -0.002519 0.263417 0.093428
14.393386 1.645012 10.976743 1.809182
0.557752 0.142554 -0.053358 -0.007081
0.142554 0.061464 -0.007143 -0.000272
-0.053358 -0.007143 1.010370 0.223781
-0.007081 -0.000272 0.223781 0.079080
14.963543 1.592136 13.344716 2.116432
0.608106 0.148578 0.008959 0.006627
0.148578 0.060214 0.007701 0.002691
0.008959 0.007701 0.921057 0.194690
0.006627 0.002691 0.194690 0.069422
15.245557 1.472519 14.429916 2.118887
0.633710 0.147674 0.013954 0.006578
0.147674 0.057691 0.007142 0.002113
0.013954 0.007142 0.859114 0.174822
0.006578 0.002113 0.174822 0.063058
16.103154 1.500415 15.738835 2.168705
0.638710 0.142711 0.050283 0.012677
0.142711 0.054885 0.013825 0.003075
0.050283 0.013825 0.795639 0.157439
0.012677 0.003075 0.157439 0.058168
16.060508 1.330911 17.599370 2.317405
0.659820 0.142181 0.068010 0.014634
0.142181 0.053593 0.015784 0.003092
0.068010 0.015784 0.727638 0.141185
0.014634 0.003092 0.141185 0.054139
16.242850 1.230250 18.060436 2.183422
0.649321 0.135490 0.052164 0.010058
0.135490 0.051345 0.010736 0.001824
0.052164 0.010736 0.667619 0.128191
0.010058 0.001824 0.128191 0.051206
16.641635 1.185946 19.324242 2.216723
0.656034 0.133475 0.074352 0.013342
0.133475 0.050449 0.014211 0.002356
0.074352 0.014211 0.634982 0.121655
0.013342 0.002356 0.121655 0.049800
17.233675 1.189523 19.185992 1.976822
0.629780 0.125544 0.061048 0.009745
0.125544 0.048596 0.010392 0.001504
0.061048 0.010392 0.594692 0.114251
0.009745 0.001504 0.114251 0.048358
17.853402 1.193107 20.501639 2.040211
0.647590 0.127299 0.090383 0.014691
0.127299 0.048888 0.015378 0.002430
0.090383 0.015378 0.596884 0.115426
0.014691 0.002430 0.115426 0.048633
18.211583 1.143489 22.076897 2.150142
0.645628 0.125200 0.126914 0.020854
0.125200 0.048440 0.021500 0.003558
0.126914 0.021500 0.576927 0.111954
0.020854 0.003558 0.111954 0.047929
19.208094 1.223029 23.503066 2.215785
0.680056 0.130602 0.154287 0.024575
0.130602 0.049535 0.025086 0.004089
0.154287 0.025086 0.603881 0.117893
0.024575 0.004089 0.117893 0.049106
19.979367 1.258769 24.124078 2.117439
0.667028 0.126681 0.164085 0.025166
0.126681 0.048790 0.025547 0.004106
0.164085 0.025547 0.587641 0.114749
0.025166 0.004106 0.114749 0.048381
20.757833 1.286914 25.219463 2.122761
0.670623 0.126420 0.180029 0.026954
0.126420 0.048825 0.027125 0.004359
0.180029 0.027125 0.592785 0.115946
0.026954 0.004359 0.115946 0.048544
21.136470 1.239680 26.041755 2.078923
0.669532 0.125861 0.165297 0.022720
0.125861 0.048893 0.023014 0.003506
0.165297 0.023014 0.590252 0.115847
0.022720 0.003506 0.115847 0.048503
21.466979 1.182266 27.212007 2.110073
0.675036 0.126642 0.156008 0.020059
0.126642 0.049198 0.020348 0.003035
0.156008 0.020348 0.598798 0.117802
0.020059 0.003035 0.117802 0.048842
21.731947 1.120729 28.224638 2.107152
0.660452 0.123425 0.158294 0.020466
0.123425 0.048675 0.020493 0.003258
0.158294 0.020493 0.594940 0.116814
0.020466 0.003258 0.116814 0.048505
22.624754 1.175600 29.789678 2.204042
0.681768 0.127390 0.163468 0.020870
0.127390 0.049569 0.020811 0.003374
0.163468 0.020811 0.619124 0.121476
0.020870 0.003374 0.121476 0.049341
23.046026 1.143778 30.897765 2.208186
0.669638 0.124954 0.153085 0.018826
0.124954 0.049211 0.018713 0.003118
0.153085 0.018713 0.616294 0.120552
0.018826 0.003118 0.120552 0.049038
23.138303 1.061960 31.436678 2.103915
0.639200 0.119437 0.134784 0.015761
0.119437 0.048314 0.015695 0.002751
0.134784 0.015695 0.593065 0.115809
0.015761 0.002751 0.115809 0.048040
23.872273 1.110082 31.918396 1.986957
0.630518 0.118264 0.133885 0.016054
0.118264 0.048252 0.016109 0.003006
0.133885 0.016109 0.578044 0.112846
0.016054 0.003006 0.112846 0.047436
24.665341 1.156080 32.891465 1.978973
0.641820 0.121211 0.120332 0.013458
0.121211 0.049011 0.013728 0.002600
0.120332 0.013728 0.582106 0.114160
0.013458 0.002600 0.114160 0.047785
25.178440 1.150643 33.420159 1.888038
0.636660 0.120798 0.099082 0.009843
0.120798 0.049056 0.010318 0.002068
0.099082 0.010318 0.570622 0.112318
0.009843 0.002068 0.112318 0.047477
25.934120 1.178557 34.847494 1.982001
0.633766 0.120541 0.095952 0.010089
0.120541 0.049064 0.010219 0.002215
0.095952 0.010219 0.587644 0.116012
0.010089 0.002215 0.116012 0.048234
26.966652 1.258065 36.293021 2.066804
0.650384 0.124206 0.080448 0.007501
0.124206 0.049851 0.007773 0.001797
0.080448 0.007773 0.600049 0.118580
0.007501 0.001797 0.118580 0.048737
27.287577 1.196906 37.495003 2.103879
0.630189 0.120531 0.054639 0.003502
0.120531 0.049170 0.003654 0.001148
0.054639 0.003654 0.599938 0.118517
0.003502 0.001148 0.118517 0.048694
27.376392 1.100541 38.368191 2.073509
0.603032 0.115767 0.030342 0.000079
0.115767 0.048320 0.000173 0.000646
0.030342 0.000173 0.589145 0.116306
0.000079 0.000646 0.116306 0.048229
27.809359 1.079242 39.221848 2.038224
0.603814 0.116686 0.009480 -0.002793
0.116686 0.048607 -0.002554 0.000233
0.009480 -0.002554 0.580386 0.114648
-0.002793 0.000233 0.114648 0.047912
28.595892 1.125164 40.616149 2.111058
0.609520 0.118297 0.000066 -0.003341
0.118297 0.048964 -0.003108 0.000232
0.000066 -0.003108 0.585639 0.115808
-0.003341 0.000232 0.115808 0.048161
29.854699 1.261610 41.362958 2.047573
0.645582 0.125618 -0.016536 -0.005547
0.125618 0.050390 -0.005128 -0.000125
-0.016536 -0.005128 0.571395 0.113014
-0.005547 -0.000125 0.113014 0.047609
30.029932 1.173379 42.320794 2.035244
0.626880 0.121584 -0.039148 -0.008771
0.121584 0.049486 -0.008361 -0.000704
-0.039148 -0.008361 0.568789 0.112750
-0.008771 -0.000704 0.112750 0.047599
30.708920 1.191270 43.330545 2.033728
0.637884 0.123647 -0.056732 -0.010942
0.123647 0.049844 -0.010532 -0.001078
-0.056732 -0.010532 0.567479 0.112692
-0.010942 -0.001078 0.112692 0.047610
31.087000 1.147570 43.822532 1.928624
0.639437 0.123645 -0.076735 -0.013623
0.123645 0.049767 -0.013219 -0.001573
-0.076735 -0.013219 0.555732 0.110486
-0.013623 -0.001573 0.110486 0.047175
32.167317 1.246869 45.020788 1.977858
0.680422 0.131258 -0.095304 -0.015818
0.131258 0.051173 -0.015513 -0.001964
-0.095304 -0.015513 0.565532 0.112710
-0.015818 -0.001964 0.112710 0.047643
32.870522 1.257871 45.404061 1.856898
0.678915 0.130012 -0.106357 -0.016760
0.130012 0.050763 -0.016515 -0.002157
-0.106357 -0.016515 0.551349 0.109887
-0.016760 -0.002157 0.109887 0.047048
33.323988 1.225690 46.497088 1.888560
0.698180 0.132803 -0.131275 -0.020462
0.132803 0.051165 -0.020058 -0.002858
-0.131275 -0.020058 0.565616 0.112869
-0.020462 -0.002858 0.112869 0.047633
34.060718 1.248188 47.334695 1.868314
0.716481 0.135281 -0.147837 -0.022340
0.135281 0.051506 -0.021988 -0.003215
-0.147837 -0.021988 0.568737 0.113325
-0.022340 -0.003215 0.113325 0.047658
35.467219 1.391935 47.877251 1.798678
0.741817 0.139063 -0.154417 -0.022144
0.139063 0.052109 -0.022184 -0.003214
-0.154417 -0.022184 0.561108 0.111637
-0.022144 -0.003214 0.111637 0.047264
