-1.378417 0.410716 2.570692 0.136252
2.829994 1.132022 -0.695949 -0.278385
1.132022 80.456885 -0.278385 -0.111357
-0.695949 -0.278385 4.294217 1.717724
-0.278385 -0.111357 1.717724 80.691171
2.820763 7.073515 -1.262817 -5.927394
2.166027 3.638332 -1.648763 -2.537004
3.638332 15.452447 -2.602953 -5.762977
-1.648763 -2.602953 4.392361 6.977425
-2.537004 -5.762977 6.977425 24.143017
4.835877 5.589150 0.335395 -0.938351
2.418627 2.962426 0.019128 0.261200
2.962426 5.630642 0.066704 -0.341256
0.019128 0.066704 0.521862 0.589867
0.261200 -0.341256 0.589867 3.911910
6.836362 4.763454 1.526219 1.088232
1.837949 1.545640 0.236819 0.280901
1.545640 2.005195 0.135993 -0.031015
0.236819 0.135993 0.735469 0.895408
0.280901 -0.031015 0.895408 1.903027
9.156181 4.682501 2.561492 1.524157
1.662467 1.104140 0.023547 -0.031053
1.104140 1.064655 -0.077822 -0.161156
0.023547 -0.077822 1.154694 1.019569
-0.031053 -0.161156 1.019569 1.185110
8.140856 2.836827 4.088740 2.095439
0.322284 0.161461 0.250772 0.156655
0.161461 0.262967 0.074014 0.022184
0.250772 0.074014 1.257610 0.814968
0.156655 0.022184 0.814968 0.663531
9.816583 2.925039 6.174641 2.623795
0.404510 0.224872 0.125480 0.046408
0.224872 0.232901 0.002932 -0.017348
0.125480 0.002932 1.206880 0.622326
0.046408 -0.017348 0.622326 0.400593
9.502241 2.129698 4.943771 1.595609
0.302016 0.161232 -0.199106 -0.096486
0.161232 0.151705 -0.143426 -0.069939
-0.199106 -0.143426 1.031286 0.450317
-0.096486 -0.069939 0.450317 0.249950
10.348978 2.014685 6.699514 1.953321
0.386732 0.183106 -0.212910 -0.084108
0.183106 0.130070 -0.113341 -0.045096
-0.212910 -0.113341 1.011524 0.377485
-0.084108 -0.045096 0.377485 0.180591
10.688354 1.737886 8.273475 2.149696
0.475150 0.196544 -0.230050 -0.076078
0.196544 0.113186 -0.096712 -0.032197
-0.230050 -0.096712 0.967029 0.316193
-0.076078 -0.032197 0.316193 0.135629
11.723956 1.801912 10.079875 2.365119
0.553822 0.201276 -0.226880 -0.064169
0.201276 0.098936 -0.078948 -0.022491
-0.226880 -0.078948 0.904366 0.264424
-0.064169 -0.022491 0.264424 0.105289
12.259286 1.676594 10.432072 2.139479
0.579168 0.186857 -0.251855 -0.062995
0.186857 0.082816 -0.075912 -0.019174
-0.251855 -0.075912 0.828321 0.220222
-0.062995 -0.019174 0.220222 0.084071
13.032726 1.663933 12.138241 2.297666
0.597486 0.174663 -0.203795 -0.044173
0.174663 0.071927 -0.052593 -0.011574
-0.203795 -0.052593 0.750435 0.185092
-0.044173 -0.011574 0.185092 0.069810
13.188819 1.481976 13.433980 2.323621
0.619195 0.166177 -0.180150 -0.034508
0.166177 0.064710 -0.040924 -0.008047
-0.180150 -0.040924 0.700252 0.162594
-0.034508 -0.008047 0.162594 0.061196
14.133145 1.538558 15.033664 2.424775
0.615586 0.153478 -0.158257 -0.027212
0.153478 0.058177 -0.032123 -0.005793
-0.158257 -0.032123 0.651348 0.144220
-0.027212 -0.005793 0.144220 0.055064
15.519956 1.682421 16.022013 2.384817
0.595281 0.139741 -0.129443 -0.019750
0.139741 0.052858 -0.023116 -0.003828
-0.129443 -0.023116 0.620366 0.132759
-0.019750 -0.003828 0.132759 0.051479
16.014135 1.599784 16.870076 2.307273
0.581461 0.130098 -0.112405 -0.015660
0.130098 0.049502 -0.018299 -0.002925
-0.112405 -0.018299 0.586448 0.122290
-0.015660 -0.002925 0.122290 0.048652
16.548093 1.536691 17.583949 2.212419
0.561686 0.121044 -0.100936 -0.013286
0.121044 0.046925 -0.015384 -0.002495
-0.100936 -0.015384 0.554981 0.113757
-0.013286 -0.002495 0.113757 0.046628
16.548846 1.375241 18.780185 2.220667
0.540406 0.113513 -0.076502 -0.008502
0.113513 0.045173 -0.010224 -0.001609
-0.076502 -0.010224 0.514397 0.104658
-0.008502 -0.001609 0.104658 0.044793
17.096674 1.343789 19.670201 2.173703
0.530723 0.109664 -0.054947 -0.004582
0.109664 0.044477 -0.005935 -0.000913
-0.054947 -0.005935 0.501343 0.102166
-0.004582 -0.000913 0.102166 0.044490
17.796933 1.349476 20.743533 2.171246
0.524649 0.107097 -0.054827 -0.005326
0.107097 0.044131 -0.006409 -0.001211
-0.054827 -0.006409 0.495423 0.101150
-0.005326 -0.001211 0.101150 0.044451
18.478397 1.346327 21.320659 2.066577
0.513163 0.103977 -0.056556 -0.006358
0.103977 0.043748 -0.007198 -0.001521
-0.056556 -0.007198 0.485779 0.099476
-0.006358 -0.001521 0.099476 0.044267
18.210050 1.163311 23.334541 2.260392
0.470234 0.095494 0.000032 0.004544
0.095494 0.042426 0.003653 0.000576
0.000032 0.003653 0.436927 0.090407
0.004544 0.000576 0.090407 0.042664
18.936651 1.190386 24.014790 2.166982
0.463097 0.094725 0.005532 0.004321
0.094725 0.042673 0.003604 0.000347
0.005532 0.003604 0.434075 0.091107
0.004321 0.000347 0.091107 0.043070
19.969415 1.281027 25.228199 2.196451
0.467375 0.096359 0.002984 0.002655
0.096359 0.043349 0.002124 -0.000095
0.002984 0.002124 0.449195 0.095360
0.002655 -0.000095 0.095360 0.044128
20.671757 1.293620 26.192892 2.168110
0.461653 0.095811 0.027339 0.007011
0.095811 0.043487 0.006457 0.000780
0.027339 0.006457 0.451729 0.096476
0.007011 0.000780 0.096476 0.044402
20.814467 1.188688 26.586815 2.020193
0.454066 0.094857 0.012802 0.002790
0.094857 0.043486 0.002427 -0.000169
0.012802 0.002427 0.444786 0.095299
0.002790 -0.000169 0.095299 0.044125
21.628404 1.234561 27.802559 2.064190
0.463869 0.097593 0.006255 0.000849
0.097593 0.044227 0.000563 -0.000530
0.006255 0.000563 0.465708 0.100162
0.000849 -0.000530 0.100162 0.045159
21.918173 1.165757 28.659273 2.027041
0.443576 0.093649 0.004158 0.000210
0.093649 0.043462 -0.000031 -0.000559
0.004158 -0.000031 0.459059 0.098550
0.000210 -0.000559 0.098550 0.044697
22.522025 1.171213 29.193989 1.924249
0.449826 0.095662 -0.003630 -0.001559
0.095662 0.044006 -0.001741 -0.000830
-0.003630 -0.001741 0.466088 0.100033
-0.001559 -0.000830 0.100033 0.044954
23.368635 1.226757 30.263443 1.946863
0.453370 0.096826 -0.015706 -0.004014
0.096826 0.044293 -0.004175 -0.001230
-0.015706 -0.004175 0.482191 0.103302
-0.004014 -0.001230 0.103302 0.045575
23.985151 1.227605 31.020067 1.900644
0.442813 0.094784 -0.021123 -0.004773
0.094784 0.043849 -0.004915 -0.001241
-0.021123 -0.004915 0.483804 0.103145
-0.004773 -0.001241 0.103145 0.045417
24.366531 1.177624 31.760996 1.856110
0.434978 0.093463 -0.023607 -0.004865
0.093463 0.043586 -0.004982 -0.001132
-0.023607 -0.004982 0.487520 0.103496
-0.004865 -0.001132 0.103496 0.045405
25.457337 1.285686 32.399651 1.795521
0.411102 0.088725 -0.032279 -0.006322
0.088725 0.042587 -0.006433 -0.001353
-0.032279 -0.006433 0.480230 0.101525
-0.006322 -0.001353 0.101525 0.044922
25.845450 1.231432 33.839542 1.909405
0.409166 0.089086 -0.043106 -0.008114
0.089086 0.042749 -0.008215 -0.001641
-0.043106 -0.008215 0.504219 0.106390
-0.008114 -0.001641 0.106390 0.045939
26.549989 1.251661 34.986208 1.950077
0.414596 0.090891 -0.051963 -0.009351
0.090891 0.043173 -0.009465 -0.001810
-0.051963 -0.009465 0.523693 0.109844
-0.009351 -0.001810 0.109844 0.046574
27.225680 1.263582 36.141855 1.988015
0.425840 0.093747 -0.047486 -0.007729
0.093747 0.043777 -0.007741 -0.001363
-0.047486 -0.007741 0.540100 0.112443
-0.007729 -0.001363 0.112443 0.047010
28.497877 1.403301 36.850317 1.932659
0.396997 0.087312 -0.056277 -0.009337
0.087312 0.042243 -0.009299 -0.001716
-0.056277 -0.009299 0.540457 0.111487
-0.009337 -0.001716 0.111487 0.046685
29.261616 1.412471 37.136232 1.793184
0.386950 0.085701 -0.050291 -0.007700
0.085701 0.041928 -0.007588 -0.001352
-0.050291 -0.007588 0.527655 0.108147
-0.007700 -0.001352 0.108147 0.045959
29.968340 1.414874 38.342723 1.856730
0.405942 0.090575 -0.051589 -0.007579
0.090575 0.043048 -0.007504 -0.001324
-0.051589 -0.007504 0.547914 0.111964
-0.007579 -0.001324 0.111964 0.046779
30.357987 1.343345 39.232997 1.846527
0.417322 0.093112 -0.056672 -0.008364
0.093112 0.043510 -0.008414 -0.001530
-0.056672 -0.008414 0.558371 0.113451
-0.008364 -0.001530 0.113451 0.047056
30.837329 1.300507 40.176367 1.849077
0.416439 0.092665 -0.054626 -0.007771
0.092665 0.043279 -0.007712 -0.001418
-0.054626 -0.007712 0.564596 0.114094
-0.007771 -0.001418 0.114094 0.047171
31.281129 1.253112 40.933824 1.813700
0.428986 0.095244 -0.054563 -0.007567
0.095244 0.043755 -0.007630 -0.001422
-0.054563 -0.007630 0.563347 0.113253
-0.007567 -0.001422 0.113253 0.046997
32.855044 1.459420 41.348072 1.722238
0.367503 0.081400 -0.020840 -0.001245
0.081400 0.040614 -0.000233 -0.000088
-0.020840 -0.000233 0.546538 0.109735
-0.001245 -0.000088 0.109735 0.046369
33.290462 1.391695 41.962553 1.670713
0.377271 0.084511 -0.021581 -0.001831
0.084511 0.041469 -0.001146 -0.000385
-0.021581 -0.001146 0.540595 0.108507
-0.001831 -0.000385 0.108507 0.046208
34.004208 1.394779 42.635598 1.638160
0.400344 0.090211 -0.021182 -0.002027
0.090211 0.042793 -0.001648 -0.000538
-0.021182 -0.001648 0.532380 0.106983
-0.002027 -0.000538 0.106983 0.046002
34.832308 1.425851 43.777885 1.703959
0.435107 0.097853 -0.026065 -0.003198
0.097853 0.044407 -0.003157 -0.000859
-0.026065 -0.003157 0.535838 0.107939
-0.003198 -0.000859 0.107939 0.046300
35.515300 1.420526 44.926989 1.763850
0.447082 0.099642 -0.016562 -0.001438
0.099642 0.044586 -0.001345 -0.000499
-0.016562 -0.001345 0.516215 0.104204
-0.001438 -0.000499 0.104204 0.045626
35.805562 1.328105 45.888629 1.778540
0.474814 0.104701 -0.032662 -0.004944
0.104701 0.045491 -0.005288 -0.001314
-0.032662 -0.005288 0.507173 0.102829
-0.004944 -0.001314 0.102829 0.045451
35.926325 1.210145 46.888465 1.799111
0.489501 0.106506 -0.040194 -0.006403
0.106506 0.045652 -0.006915 -0.001594
-0.040194 -0.006915 0.486165 0.099109
-0.006403 -0.001594 0.099109 0.044794
