1.674819 1.632036 4.376717 0.858677
2.746583 1.098657 0.813860 0.325551
1.098657 80.443539 0.325551 0.130223
0.813860 0.325551 5.090223 2.036133
0.325551 0.130223 2.036133 80.818538
1.995505 1.032101 0.526459 -5.769043
3.215010 5.571150 -0.272667 -0.616398
5.571150 18.749826 -0.788561 0.433477
-0.272667 -0.788561 5.309106 8.275147
-0.616398 0.433477 8.275147 27.726572
6.226255 5.218537 0.845014 -2.159034
3.035421 3.351922 -1.003630 -0.963722
3.351922 5.867225 -1.104038 -0.604014
-1.003630 -1.104038 0.554448 0.559242
-0.963722 -0.604014 0.559242 4.384726
6.379792 3.449967 1.361930 -0.395338
1.454826 1.326945 0.347127 0.894019
1.326945 2.004590 0.449226 0.905043
0.347127 0.449226 0.696895 1.134201
0.894019 0.905043 1.134201 2.516728
7.838668 3.277697 2.893673 1.228853
1.617169 1.149039 0.743566 0.786667
1.149039 1.171750 0.535988 0.498392
0.743566 0.535988 1.186484 1.161545
0.786667 0.498392 1.161545 1.326195
7.390217 2.062978 3.165446 1.000754
1.127866 0.635905 0.658948 0.446817
0.635905 0.548861 0.317156 0.181880
0.658948 0.317156 1.643647 1.120613
0.446817 0.181880 1.120613 0.851213
9.738758 2.629002 5.785428 2.092657
1.005169 0.486186 0.484849 0.237198
0.486186 0.349850 0.166346 0.062258
0.484849 0.166346 1.658678 0.864205
0.237198 0.062258 0.864205 0.502018
9.679778 1.997737 7.550258 2.426537
0.657694 0.285627 0.056997 0.011273
0.285627 0.199375 -0.031058 -0.027795
0.056997 -0.031058 1.348840 0.574497
0.011273 -0.027795 0.574497 0.280830
9.359744 1.504927 8.041785 2.189709
0.536672 0.215965 -0.214022 -0.086158
0.215965 0.139883 -0.113746 -0.049597
-0.214022 -0.113746 0.993738 0.360935
-0.086158 -0.049597 0.360935 0.159557
10.370306 1.601934 8.839891 2.093689
0.620583 0.225394 -0.209028 -0.072293
0.225394 0.122031 -0.090760 -0.033921
-0.209028 -0.090760 1.023681 0.324004
-0.072293 -0.033921 0.324004 0.127067
10.846320 1.489146 10.819475 2.357251
0.696966 0.228069 -0.162775 -0.049936
0.228069 0.107279 -0.060284 -0.020252
-0.162775 -0.060284 0.969905 0.272985
-0.049936 -0.020252 0.272985 0.099351
11.917705 1.588667 11.217055 2.157109
0.738634 0.219374 -0.142666 -0.038875
0.219374 0.093351 -0.045540 -0.013697
-0.142666 -0.045540 0.952870 0.243298
-0.038875 -0.013697 0.243298 0.083737
12.664580 1.576279 11.743053 2.027321
0.736943 0.200631 -0.128054 -0.031199
0.200631 0.080196 -0.035689 -0.009673
-0.128054 -0.035689 0.893162 0.210098
-0.031199 -0.009673 0.210098 0.070779
13.482500 1.583790 12.738845 2.023390
0.728103 0.183933 -0.086877 -0.019091
0.183933 0.070542 -0.021285 -0.005441
-0.086877 -0.021285 0.836533 0.184065
-0.019091 -0.005441 0.184065 0.061990
13.633605 1.431274 13.442373 1.958481
0.706769 0.167515 -0.086051 -0.017339
0.167515 0.062992 -0.019143 -0.004473
-0.086051 -0.019143 0.767758 0.160218
-0.017339 -0.004473 0.160218 0.055283
14.216833 1.400867 14.186495 1.911006
0.711721 0.160120 -0.062492 -0.011274
0.160120 0.058975 -0.012204 -0.002702
-0.062492 -0.012204 0.746385 0.149843
-0.011274 -0.002702 0.149843 0.052409
15.144622 1.449547 15.037795 1.891188
0.691032 0.148795 -0.021742 -0.002693
0.148795 0.054945 -0.002665 -0.000672
-0.021742 -0.002665 0.711403 0.138725
-0.002693 -0.000672 0.138725 0.049906
14.934409 1.254139 15.580727 1.812384
0.645927 0.134236 -0.032025 -0.004858
0.134236 0.050940 -0.005101 -0.001158
-0.032025 -0.005101 0.636992 0.121706
-0.004858 -0.001158 0.121706 0.046640
15.183298 1.178900 17.111891 1.930269
0.668828 0.135787 0.004245 0.002193
0.135787 0.050851 0.002389 0.000322
0.004245 0.002389 0.622296 0.118169
0.002193 0.000322 0.118169 0.046319
15.699099 1.164265 18.074715 1.929732
0.671072 0.133361 0.028851 0.006369
0.133361 0.050076 0.006726 0.001074
0.028851 0.006726 0.605911 0.114842
0.006369 0.001074 0.114842 0.046069
17.002861 1.305129 18.861524 1.896041
0.663196 0.129552 0.068655 0.013145
0.129552 0.049201 0.013654 0.002283
0.068655 0.013654 0.605157 0.114917
0.013145 0.002283 0.114917 0.046473
17.894340 1.351579 19.610016 1.857573
0.669011 0.129047 0.086801 0.015330
0.129047 0.049110 0.015793 0.002521
0.086801 0.015793 0.611335 0.116374
0.015330 0.002521 0.116374 0.047082
18.379259 1.311684 21.469326 2.036339
0.658873 0.125649 0.137638 0.023802
0.125649 0.048493 0.024243 0.004008
0.137638 0.024243 0.585511 0.111494
0.023802 0.004008 0.111494 0.046377
18.907075 1.284739 22.853390 2.107989
0.669565 0.126825 0.157812 0.025771
0.126825 0.048848 0.026148 0.004161
0.157812 0.026148 0.587409 0.112455
0.025771 0.004161 0.112455 0.046838
19.616179 1.298601 23.792643 2.084909
0.668832 0.125919 0.168419 0.026078
0.125919 0.048796 0.026367 0.004068
0.168419 0.026367 0.583756 0.112255
0.026078 0.004068 0.112255 0.047001
20.343384 1.318615 24.426555 2.003405
0.668302 0.125430 0.164371 0.023745
0.125430 0.048865 0.024042 0.003548
0.164371 0.024042 0.580425 0.112239
0.023745 0.003548 0.112239 0.047177
21.234046 1.360043 25.614728 2.036964
0.687093 0.128610 0.171543 0.023803
0.128610 0.049597 0.023992 0.003521
0.171543 0.023992 0.599514 0.116429
0.023803 0.003521 0.116429 0.048105
22.094308 1.384711 27.237819 2.154329
0.701485 0.130613 0.187005 0.025779
0.130613 0.050019 0.025652 0.003893
0.187005 0.025652 0.623653 0.121044
0.025779 0.003893 0.121044 0.048985
22.477397 1.317842 28.787591 2.253649
0.685699 0.126986 0.191452 0.026085
0.126986 0.049377 0.025536 0.004004
0.191452 0.025536 0.631308 0.122124
0.026085 0.004004 0.122124 0.049112
22.989729 1.296275 29.568581 2.187758
0.676463 0.125558 0.166005 0.020466
0.125558 0.049306 0.020342 0.003081
0.166005 0.020342 0.615835 0.119084
0.020466 0.003081 0.119084 0.048532
23.547785 1.282900 30.457902 2.148904
0.667402 0.124144 0.149116 0.017193
0.124144 0.049198 0.017217 0.002662
0.149116 0.017217 0.607233 0.117525
0.017193 0.002662 0.117525 0.048258
24.248694 1.292210 31.643953 2.169919
0.671520 0.125396 0.130537 0.013707
0.125396 0.049603 0.013880 0.002183
0.130537 0.013880 0.610848 0.118546
0.013707 0.002183 0.118546 0.048524
25.042470 1.328242 32.258560 2.074508
0.653266 0.122029 0.125967 0.013733
0.122029 0.049030 0.013899 0.002473
0.125967 0.013899 0.593034 0.114972
0.013733 0.002473 0.114972 0.047797
25.249123 1.244436 33.090226 2.041290
0.617879 0.115833 0.113743 0.012460
0.115833 0.047990 0.012259 0.002423
0.113743 0.012259 0.583779 0.113552
0.012460 0.002423 0.113552 0.047586
25.653556 1.204124 34.016972 2.026029
0.597588 0.112936 0.105188 0.011683
0.112936 0.047629 0.011322 0.002428
0.105188 0.011322 0.579945 0.113240
0.011683 0.002428 0.113240 0.047595
26.059042 1.165036 35.106701 2.044070
0.598539 0.114491 0.081573 0.007593
0.114491 0.048160 0.007395 0.001745
0.081573 0.007395 0.582765 0.114450
0.007593 0.001745 0.114450 0.047942
26.536800 1.148405 35.839013 1.987919
0.603141 0.116454 0.057901 0.003762
0.116454 0.048676 0.003863 0.001171
0.057901 0.003863 0.574609 0.113284
0.003762 0.001171 0.113284 0.047766
27.071708 1.137400 37.139689 2.049271
0.608523 0.118169 0.040857 0.001493
0.118169 0.049053 0.001589 0.000863
0.040857 0.001589 0.584394 0.115635
0.001493 0.000863 0.115635 0.048272
27.870216 1.182277 38.162110 2.046801
0.626260 0.122050 0.021925 -0.001182
0.122050 0.049805 -0.000874 0.000482
0.021925 -0.000874 0.583114 0.115524
-0.001182 0.000482 0.115524 0.048240
28.438740 1.176932 39.326536 2.074922
0.624452 0.121658 0.005682 -0.003065
0.121658 0.049646 -0.002780 0.000234
0.005682 -0.002780 0.584538 0.115893
-0.003065 0.000234 0.115893 0.048295
29.663103 1.302774 39.908850 1.981772
0.644318 0.125452 -0.004634 -0.003895
0.125452 0.050313 -0.003456 0.000180
-0.004634 -0.003456 0.566908 0.112385
-0.003895 0.000180 0.112385 0.047570
30.502565 1.339853 40.665195 1.934657
0.648059 0.125762 -0.021373 -0.006037
0.125762 0.050256 -0.005574 -0.000187
-0.021373 -0.005574 0.560451 0.111401
-0.006037 -0.000187 0.111401 0.047408
31.409524 1.385694 41.612153 1.930385
0.653917 0.126453 -0.037190 -0.007997
0.126453 0.050291 -0.007522 -0.000533
-0.037190 -0.007522 0.561026 0.111834
-0.007997 -0.000533 0.111834 0.047523
31.351968 1.241321 42.771743 1.968521
0.625160 0.120412 -0.059521 -0.011306
0.120412 0.049035 -0.010722 -0.001150
-0.059521 -0.010722 0.569921 0.113809
-0.011306 -0.001150 0.113809 0.047917
31.533395 1.156776 43.835852 1.983168
0.621452 0.119731 -0.080260 -0.014181
0.119731 0.048920 -0.013534 -0.001677
-0.080260 -0.013534 0.574764 0.114716
-0.014181 -0.001677 0.114716 0.048050
32.197065 1.176047 45.319486 2.082088
0.645711 0.124479 -0.099367 -0.016545
0.124479 0.049852 -0.015945 -0.002100
-0.099367 -0.015945 0.588299 0.117228
-0.016545 -0.002100 0.117228 0.048486
32.898658 1.194700 45.924885 1.995810
0.654338 0.125784 -0.110709 -0.017434
0.125784 0.050039 -0.017050 -0.002290
-0.110709 -0.017050 0.573198 0.113798
-0.017434 -0.002290 0.113798 0.047705
33.171577 1.127515 46.451181 1.898428
0.653444 0.125095 -0.126099 -0.019354
0.125095 0.049821 -0.019015 -0.002697
-0.126099 -0.019015 0.563769 0.111771
-0.019354 -0.002697 0.111771 0.047265
33.813210 1.137035 46.915474 1.801806
0.668046 0.127516 -0.137366 -0.020322
0.127516 0.050236 -0.020208 -0.002925
-0.137366 -0.020208 0.555756 0.110211
-0.020322 -0.002925 0.110211 0.046954
34.065332 1.073967 47.660515 1.766343
0.673724 0.127962 -0.152115 -0.022223
0.127962 0.050231 -0.022016 -0.003322
-0.152115 -0.022016 0.559614 0.111086
-0.022223 -0.003322 0.111086 0.047132
