4.427374 2.733082 3.092821 0.345108
2.717130 1.086876 0.496183 0.198477
1.086876 80.438826 0.198477 0.079393
0.496183 0.198477 5.813154 2.325312
0.198477 0.079393 2.325312 80.934212
7.350552 5.444266 2.675362 -0.600007
3.749984 6.478745 0.075208 -0.018240
6.478745 20.255181 -0.008217 0.931136
0.075208 -0.008217 3.933944 5.934340
-0.018240 0.931136 5.934340 25.321304
7.266381 2.403850 3.162571 0.283601
2.462937 2.683357 1.073458 1.249726
2.683357 5.147481 1.193381 1.676764
1.073458 1.193381 3.282289 3.775244
1.249726 1.676764 3.775244 8.319658
7.495777 1.526965 6.406296 3.068251
1.183956 0.955654 1.014539 0.838914
0.955654 1.622611 0.780018 0.777658
1.014539 0.780018 2.534787 2.188971
0.838914 0.777658 2.188971 3.311121
8.011520 1.491648 5.425900 1.263797
0.773180 0.587035 -0.234292 -0.243014
0.587035 0.835299 -0.244364 -0.138494
-0.234292 -0.244364 1.197810 0.892697
-0.243014 -0.138494 0.892697 1.307900
7.431705 0.642892 6.627060 1.615113
0.897087 0.575070 -0.279933 -0.170090
0.575070 0.564159 -0.169737 -0.050746
-0.279933 -0.169737 1.550292 0.993001
-0.170090 -0.050746 0.993001 0.957933
7.285288 0.353688 5.471279 0.550355
0.915756 0.481602 -0.551569 -0.265486
0.481602 0.365174 -0.271243 -0.103556
-0.551569 -0.271243 1.311956 0.683738
-0.265486 -0.103556 0.683738 0.538576
7.440263 0.345370 5.802561 0.575504
1.025835 0.463352 -0.434844 -0.149218
0.463352 0.281628 -0.155289 -0.035667
-0.434844 -0.155289 1.419069 0.642397
-0.149218 -0.035667 0.642397 0.406260
7.381647 0.297780 7.581878 1.167827
1.115693 0.437986 -0.259821 -0.052152
0.437986 0.223025 -0.063436 0.000754
-0.259821 -0.063436 1.343461 0.531066
-0.052152 0.000754 0.531066 0.289015
9.139239 0.877898 9.080406 1.551800
1.068618 0.368250 -0.100460 0.004628
0.368250 0.166137 -0.004427 0.014634
-0.100460 -0.004427 1.259029 0.441562
0.004628 0.014634 0.441562 0.212919
10.389509 1.114870 9.194146 1.366673
1.015299 0.310794 -0.062175 0.009528
0.310794 0.127590 0.003563 0.010783
-0.062175 0.003563 1.219628 0.382024
0.009528 0.010783 0.382024 0.165219
11.523906 1.272201 9.694969 1.327528
0.961856 0.266414 -0.017249 0.016314
0.266414 0.102300 0.012244 0.009305
-0.017249 0.012244 1.184128 0.336152
0.016314 0.009305 0.336152 0.133379
12.769180 1.430678 10.689552 1.423817
0.760052 0.192925 -0.024845 0.006346
0.192925 0.075164 0.004420 0.003939
-0.024845 0.004420 0.977872 0.253861
0.006346 0.003939 0.253861 0.099068
13.734046 1.493811 11.821430 1.528972
0.784671 0.187455 0.031576 0.017988
0.187455 0.069678 0.015952 0.005676
0.031576 0.015952 0.980163 0.238172
0.017988 0.005676 0.238172 0.088071
14.332886 1.461585 12.777786 1.571322
0.790058 0.178495 0.054929 0.020054
0.178495 0.064515 0.018194 0.005110
0.054929 0.018194 0.957755 0.218958
0.020054 0.005110 0.218958 0.078353
14.269017 1.296986 15.187967 1.917684
0.745856 0.160586 0.075681 0.021152
0.160586 0.058459 0.019293 0.004466
0.075681 0.019293 0.794716 0.172416
0.021152 0.004466 0.172416 0.064529
15.323914 1.381221 16.167283 1.923333
0.733180 0.152057 0.100148 0.023404
0.152057 0.055377 0.021865 0.004405
0.100148 0.021865 0.770209 0.161323
0.023404 0.004405 0.161323 0.060205
15.383562 1.255023 16.216615 1.737478
0.701932 0.141279 0.055857 0.011680
0.141279 0.052393 0.010581 0.001644
0.055857 0.010581 0.719364 0.146343
0.011680 0.001644 0.146343 0.055775
15.554716 1.161884 18.575296 2.035192
0.723331 0.142352 0.105031 0.020156
0.142352 0.052178 0.019261 0.003241
0.105031 0.019261 0.674243 0.134382
0.020156 0.003241 0.134382 0.052568
16.034623 1.143156 19.392976 1.996064
0.714657 0.137918 0.107741 0.018824
0.137918 0.051037 0.018166 0.002813
0.107741 0.018166 0.646300 0.127247
0.018824 0.002813 0.127247 0.050733
17.134225 1.246280 20.018251 1.919955
0.688655 0.130850 0.126026 0.021014
0.130850 0.049566 0.020375 0.003155
0.126026 0.020375 0.622655 0.121649
0.021014 0.003155 0.121649 0.049399
18.527925 1.392792 20.956217 1.909718
0.681864 0.128223 0.158498 0.025905
0.128223 0.049099 0.025104 0.003994
0.158498 0.025104 0.624090 0.121390
0.025905 0.003994 0.121390 0.049225
18.944136 1.335649 22.294648 1.988070
0.690307 0.129098 0.167266 0.025781
0.129098 0.049394 0.025149 0.003867
0.167266 0.025149 0.624072 0.121047
0.025781 0.003867 0.121047 0.049092
19.357829 1.293496 22.818379 1.898618
0.668493 0.124530 0.157142 0.022567
0.124530 0.048681 0.022171 0.003283
0.157142 0.022171 0.598978 0.116015
0.022567 0.003283 0.116015 0.048084
20.228955 1.327599 24.358824 2.012342
0.690002 0.128170 0.183093 0.026399
0.128170 0.049491 0.025870 0.004002
0.183093 0.025870 0.619819 0.119984
0.026399 0.004002 0.119984 0.048835
20.051124 1.176964 24.806034 1.915055
0.662824 0.123240 0.150853 0.019319
0.123240 0.048767 0.019217 0.002781
0.150853 0.019217 0.589021 0.114239
0.019319 0.002781 0.114239 0.047759
20.725200 1.192210 25.824694 1.925784
0.679358 0.126530 0.151507 0.018849
0.126530 0.049553 0.018831 0.002798
0.151507 0.018831 0.601274 0.116968
0.018849 0.002798 0.116968 0.048339
21.050765 1.144284 26.582613 1.889583
0.672259 0.125182 0.145689 0.017668
0.125182 0.049398 0.017705 0.002756
0.145689 0.017705 0.594144 0.115659
0.017668 0.002756 0.115659 0.048069
21.384867 1.099803 27.483913 1.884925
0.664970 0.123818 0.147905 0.018268
0.123818 0.049226 0.018195 0.003038
0.147905 0.018195 0.591743 0.115252
0.018268 0.003038 0.115252 0.047970
21.877480 1.087843 28.489821 1.898524
0.668673 0.124737 0.147400 0.018133
0.124737 0.049509 0.018044 0.003124
0.147400 0.018044 0.597540 0.116542
0.018133 0.003124 0.116542 0.048229
23.219195 1.239702 29.441435 1.885719
0.692377 0.129237 0.156135 0.019571
0.129237 0.050414 0.019615 0.003483
0.156135 0.019615 0.609707 0.118808
0.019571 0.003483 0.118808 0.048632
23.896392 1.246745 30.618395 1.931299
0.684480 0.127528 0.154294 0.019360
0.127528 0.050098 0.019161 0.003512
0.154294 0.019161 0.616996 0.120079
0.019360 0.003512 0.120079 0.048835
24.537988 1.250406 31.571761 1.928567
0.673393 0.125569 0.142265 0.017212
0.125569 0.049795 0.017020 0.003201
0.142265 0.017020 0.613901 0.119355
0.017212 0.003201 0.119355 0.048668
25.729292 1.359000 32.470985 1.906735
0.676196 0.126276 0.139279 0.016828
0.126276 0.049990 0.016800 0.003244
0.139279 0.016800 0.610046 0.118420
0.016828 0.003244 0.118420 0.048456
25.738046 1.234994 33.200370 1.872818
0.624101 0.116713 0.121891 0.014476
0.116713 0.048254 0.013999 0.002921
0.121891 0.013999 0.595919 0.115790
0.014476 0.002921 0.115790 0.047967
26.230534 1.209110 34.269660 1.900908
0.616809 0.116491 0.102195 0.011100
0.116491 0.048427 0.010705 0.002359
0.102195 0.010705 0.597329 0.116489
0.011100 0.002359 0.116489 0.048192
26.404601 1.127195 35.152942 1.893514
0.587311 0.111796 0.088671 0.009501
0.111796 0.047664 0.008942 0.002189
0.088671 0.008942 0.590277 0.115325
0.009501 0.002189 0.115325 0.047996
26.956167 1.120852 36.416705 1.956267
0.594920 0.114641 0.067997 0.006032
0.114641 0.048402 0.005654 0.001600
0.067997 0.005654 0.597121 0.117077
0.006032 0.001600 0.117077 0.048413
27.251655 1.066923 37.596294 1.998868
0.593016 0.115245 0.043579 0.002181
0.115245 0.048604 0.001886 0.000968
0.043579 0.001886 0.598666 0.117608
0.002181 0.000968 0.117608 0.048547
28.470268 1.196257 39.134653 2.098954
0.627936 0.122748 0.029407 0.000246
0.122748 0.050087 0.000252 0.000710
0.029407 0.000252 0.607198 0.119323
0.000246 0.000710 0.119323 0.048879
29.078067 1.196210 40.458131 2.152719
0.640188 0.125127 -0.000042 -0.004418
0.125127 0.050448 -0.004301 -0.000090
-0.000042 -0.004301 0.607346 0.119322
-0.004418 -0.000090 0.119322 0.048867
30.326986 1.327614 40.545765 1.955813
0.659669 0.128539 -0.015049 -0.005999
0.128539 0.050962 -0.005610 -0.000231
-0.015049 -0.005610 0.568485 0.111556
-0.005999 -0.000231 0.111556 0.047314
30.571510 1.245075 42.071755 2.064852
0.639751 0.124005 -0.036863 -0.008855
0.124005 0.049913 -0.008550 -0.000710
-0.036863 -0.008550 0.582528 0.114875
-0.008855 -0.000710 0.114875 0.048067
31.090072 1.224966 43.091387 2.062350
0.647865 0.125305 -0.061386 -0.012269
0.125305 0.050097 -0.011920 -0.001299
-0.061386 -0.011920 0.580704 0.114667
-0.012269 -0.001299 0.114667 0.048035
31.849762 1.254272 44.494570 2.136297
0.667747 0.128729 -0.082803 -0.014954
0.128729 0.050675 -0.014589 -0.001748
-0.082803 -0.014589 0.588696 0.116341
-0.014954 -0.001748 0.116341 0.048361
32.285895 1.217230 45.501963 2.123408
0.658229 0.126196 -0.097995 -0.016497
0.126196 0.050069 -0.016103 -0.002004
-0.097995 -0.016103 0.581824 0.114874
-0.016497 -0.002004 0.114874 0.048027
32.715060 1.183096 46.615565 2.132524
0.664565 0.126936 -0.117173 -0.018856
0.126936 0.050148 -0.018454 -0.002442
-0.117173 -0.018454 0.581655 0.114794
-0.018856 -0.002442 0.114794 0.047982
33.314275 1.174138 46.549739 1.907024
0.678044 0.129012 -0.132862 -0.020481
0.129012 0.050484 -0.020404 -0.002802
-0.132862 -0.020404 0.555169 0.109444
-0.020481 -0.002802 0.109444 0.046883
34.105998 1.212618 47.436316 1.895842
0.697973 0.132180 -0.145820 -0.021584
0.132180 0.051014 -0.021583 -0.003014
-0.145820 -0.021583 0.558720 0.110535
-0.021584 -0.003014 0.110535 0.047150
34.692788 1.217111 49.003644 2.020591
0.716938 0.134838 -0.164016 -0.023881
0.134838 0.051401 -0.023654 -0.003438
-0.164016 -0.023654 0.579412 0.114820
-0.023881 -0.003438 0.114820 0.047994
