1.107632 1.405157 3.176570 0.378608
2.074726 0.829908 -0.829475 -0.331797
0.829908 80.336037 -0.331797 -0.132722
-0.829475 -0.331797 2.850685 1.140299
-0.331797 -0.132722 1.140299 80.460196
5.165829 7.332548 2.398997 -1.042480
2.029381 3.542536 -1.170274 -1.866422
3.542536 13.291814 -1.898301 -5.410846
-1.170274 -1.898301 2.681603 4.527454
-1.866422 -5.410846 4.527454 16.995676
6.888498 4.931840 -0.811862 -4.280629
1.929807 2.218064 -0.799839 -0.810994
2.218064 4.156757 -0.832470 -1.518675
-0.799839 -0.832470 2.151353 2.447432
-0.810994 -1.518675 2.447432 4.955182
6.066148 2.233840 0.325945 -1.571374
1.152649 0.965026 0.327503 0.309619
0.965026 1.408381 0.279800 -0.010124
0.327503 0.279800 0.522336 0.454083
0.309619 -0.010124 0.454083 1.195540
7.971516 2.372729 2.798713 1.194266
0.949629 0.642518 0.235662 0.114845
0.642518 0.704235 0.125495 -0.042152
0.235662 0.125495 0.322038 0.258281
0.114845 -0.042152 0.258281 0.525679
7.767285 1.508656 3.704904 1.574415
0.512119 0.283998 0.131275 0.051616
0.283998 0.302677 0.006293 -0.047952
0.131275 0.006293 0.510030 0.385667
0.051616 -0.047952 0.385667 0.428002
9.321908 1.818609 5.592780 2.187907
0.566740 0.291654 0.011518 -0.033745
0.291654 0.236610 -0.058066 -0.062147
0.011518 -0.058066 0.681291 0.414543
-0.033745 -0.062147 0.414543 0.323788
9.046760 1.301564 6.512994 2.155116
0.488369 0.226766 -0.167217 -0.103246
0.226766 0.161356 -0.120769 -0.069490
-0.167217 -0.120769 0.815756 0.406155
-0.103246 -0.069490 0.406155 0.246624
9.505822 1.198844 8.495098 2.528612
0.601739 0.245867 -0.240390 -0.111597
0.245867 0.140407 -0.120964 -0.053981
-0.240390 -0.120964 0.868229 0.359763
-0.111597 -0.053981 0.359763 0.181256
10.434966 1.325144 9.035562 2.270821
0.641750 0.230708 -0.277742 -0.103787
0.230708 0.114260 -0.109735 -0.039715
-0.277742 -0.109735 0.860082 0.305233
-0.103787 -0.039715 0.305233 0.134415
10.823544 1.237483 10.222230 2.287041
0.658306 0.211160 -0.302522 -0.094801
0.211160 0.094280 -0.099079 -0.030142
-0.302522 -0.099079 0.815093 0.254001
-0.094801 -0.030142 0.254001 0.102133
11.561898 1.270900 11.014857 2.188827
0.651094 0.189100 -0.306333 -0.082811
0.189100 0.078795 -0.086200 -0.022645
-0.306333 -0.086200 0.761025 0.212756
-0.082811 -0.022645 0.212756 0.080919
13.407091 1.591466 11.309237 1.993400
0.599706 0.160184 -0.273369 -0.064833
0.160184 0.065202 -0.067019 -0.015439
-0.273369 -0.067019 0.706821 0.180958
-0.064833 -0.015439 0.180958 0.067109
13.411823 1.391793 12.515596 2.033192
0.584355 0.146128 -0.249528 -0.052476
0.146128 0.058221 -0.054370 -0.011158
-0.249528 -0.054370 0.656485 0.156510
-0.052476 -0.011158 0.156510 0.057948
13.446181 1.249203 14.596088 2.268524
0.556289 0.132142 -0.203365 -0.037573
0.132142 0.052763 -0.039418 -0.007161
-0.203365 -0.039418 0.576517 0.130199
-0.037573 -0.007161 0.130199 0.050189
14.907983 1.441285 15.518778 2.237140
0.512303 0.116939 -0.160098 -0.026066
0.116939 0.048034 -0.027166 -0.004434
-0.160098 -0.027166 0.528360 0.115287
-0.026066 -0.004434 0.115287 0.046237
16.000102 1.526903 16.690046 2.256075
0.497939 0.110114 -0.157510 -0.024520
0.110114 0.045809 -0.025527 -0.004231
-0.157510 -0.025527 0.506303 0.107600
-0.024520 -0.004231 0.107600 0.044300
16.740972 1.522080 17.827986 2.257739
0.498758 0.107799 -0.158385 -0.023731
0.107799 0.044972 -0.024702 -0.004149
-0.158385 -0.024702 0.499256 0.104331
-0.023731 -0.004149 0.104331 0.043611
17.528259 1.524013 18.782633 2.221086
0.492171 0.104571 -0.152832 -0.021962
0.104571 0.044146 -0.022819 -0.003889
-0.152832 -0.022819 0.487414 0.100817
-0.021962 -0.003889 0.100817 0.043018
17.422628 1.339694 20.061146 2.237452
0.474016 0.099801 -0.131854 -0.017469
0.099801 0.043199 -0.018375 -0.003157
-0.131854 -0.018375 0.455555 0.093966
-0.017469 -0.003157 0.093966 0.041863
18.044210 1.326323 21.046185 2.207865
0.454326 0.095435 -0.108533 -0.013002
0.095435 0.042475 -0.013758 -0.002444
-0.108533 -0.013758 0.432076 0.089719
-0.013002 -0.002444 0.089719 0.041362
18.347009 1.240399 21.752911 2.114867
0.452584 0.094922 -0.110430 -0.013958
0.094922 0.042539 -0.014646 -0.002867
-0.110430 -0.014646 0.426292 0.089107
-0.013958 -0.002867 0.089107 0.041530
18.996506 1.234004 22.196575 1.982795
0.436765 0.091847 -0.097431 -0.011892
0.091847 0.042113 -0.012490 -0.002629
-0.097431 -0.012490 0.408588 0.086285
-0.011892 -0.002629 0.086285 0.041234
20.124410 1.337258 22.838277 1.916747
0.430117 0.090928 -0.091517 -0.011315
0.090928 0.042147 -0.011695 -0.002636
-0.091517 -0.011695 0.407421 0.087097
-0.011315 -0.002636 0.087097 0.041676
20.727196 1.320824 23.680023 1.889832
0.423427 0.090015 -0.089196 -0.011523
0.090015 0.042139 -0.011769 -0.002807
-0.089196 -0.011769 0.404026 0.087172
-0.011523 -0.002807 0.087172 0.041855
20.757124 1.186300 24.777171 1.912050
0.405268 0.087016 -0.067224 -0.007498
0.087016 0.041726 -0.007701 -0.002057
-0.067224 -0.007701 0.389728 0.085092
-0.007498 -0.002057 0.085092 0.041581
21.457305 1.212603 25.909641 1.953188
0.396779 0.085864 -0.071674 -0.009460
0.085864 0.041611 -0.009498 -0.002611
-0.071674 -0.009498 0.387640 0.085325
-0.009460 -0.002611 0.085325 0.041699
21.966889 1.192033 26.940907 1.963978
0.400943 0.087761 -0.061483 -0.007627
0.087761 0.042200 -0.007643 -0.002212
-0.061483 -0.007643 0.395230 0.087839
-0.007627 -0.002212 0.087839 0.042348
22.208451 1.115937 28.120018 2.003425
0.393448 0.086743 -0.051886 -0.006207
0.086743 0.042042 -0.006147 -0.001952
-0.051886 -0.006147 0.395029 0.088213
-0.006207 -0.001952 0.088213 0.042419
22.997207 1.164190 28.847404 1.944427
0.389188 0.086401 -0.045374 -0.005461
0.086401 0.042011 -0.005384 -0.001837
-0.045374 -0.005384 0.394253 0.088295
-0.005461 -0.001837 0.088295 0.042397
23.610135 1.171152 29.823581 1.945649
0.391069 0.087210 -0.053615 -0.007927
0.087210 0.042181 -0.007790 -0.002400
-0.053615 -0.007790 0.402699 0.090230
-0.007927 -0.002400 0.090230 0.042755
24.744767 1.295378 30.856256 1.964563
0.395604 0.088480 -0.060699 -0.009745
0.088480 0.042431 -0.009584 -0.002743
-0.060699 -0.009584 0.412673 0.092303
-0.009745 -0.002743 0.092303 0.043121
25.157296 1.243654 31.971219 1.992040
0.386763 0.086596 -0.062684 -0.010296
0.086596 0.041949 -0.010027 -0.002772
-0.062684 -0.010027 0.418576 0.093299
-0.010296 -0.002772 0.093299 0.043235
25.634018 1.210387 32.923211 1.980778
0.389420 0.087349 -0.075091 -0.012959
0.087349 0.042079 -0.012702 -0.003270
-0.075091 -0.012702 0.429192 0.095167
-0.012959 -0.003270 0.095167 0.043530
26.363502 1.237659 33.829019 1.963279
0.384695 0.086380 -0.079398 -0.013602
0.086380 0.041815 -0.013338 -0.003293
-0.079398 -0.013338 0.432084 0.095248
-0.013602 -0.003293 0.095248 0.043441
26.898647 1.216129 34.598629 1.915365
0.395930 0.089038 -0.087835 -0.014934
0.089038 0.042382 -0.014793 -0.003473
-0.087835 -0.014793 0.441562 0.096792
-0.014934 -0.003473 0.096792 0.043699
27.358619 1.183860 35.666776 1.937877
0.384847 0.086415 -0.087027 -0.014405
0.086415 0.041712 -0.014109 -0.003251
-0.087027 -0.014109 0.444689 0.096949
-0.014405 -0.003251 0.096949 0.043669
27.790679 1.146581 36.574812 1.922392
0.382118 0.085925 -0.087444 -0.014137
0.085925 0.041587 -0.013815 -0.003129
-0.087444 -0.013815 0.448815 0.097364
-0.014137 -0.003129 0.097364 0.043718
28.410806 1.153893 37.298967 1.871218
0.389515 0.087701 -0.091770 -0.014660
0.087701 0.041968 -0.014489 -0.003215
-0.091770 -0.014489 0.453103 0.097788
-0.014660 -0.003215 0.097788 0.043773
28.803922 1.116004 38.510492 1.928658
0.395545 0.088961 -0.095088 -0.014982
0.088961 0.042195 -0.014809 -0.003239
-0.095088 -0.014809 0.463859 0.099666
-0.014982 -0.003239 0.099666 0.044161
28.980218 1.032664 39.716894 1.975424
0.395488 0.088725 -0.096343 -0.014966
0.088725 0.042070 -0.014718 -0.003206
-0.096343 -0.014718 0.471891 0.100863
-0.014966 -0.003206 0.100863 0.044387
29.617703 1.063170 40.889917 2.017250
0.405622 0.090809 -0.100040 -0.015363
0.090809 0.042485 -0.015303 -0.003296
-0.100040 -0.015303 0.475937 0.101123
-0.015363 -0.003296 0.101123 0.044405
30.727609 1.187998 41.497933 1.940272
0.386781 0.086401 -0.085716 -0.012354
0.086401 0.041459 -0.012038 -0.002662
-0.085716 -0.012038 0.463316 0.098153
-0.012354 -0.002662 0.098153 0.043804
31.804492 1.293416 42.196936 1.889572
0.362693 0.081309 -0.068432 -0.009089
0.081309 0.040387 -0.008463 -0.002027
-0.068432 -0.008463 0.449560 0.095337
-0.009089 -0.002027 0.095337 0.043307
32.506145 1.305671 43.121162 1.885954
0.377658 0.085287 -0.070644 -0.009697
0.085287 0.041394 -0.009475 -0.002279
-0.070644 -0.009475 0.447793 0.095088
-0.009697 -0.002279 0.095088 0.043343
33.024423 1.279111 44.361621 1.948049
0.382251 0.086478 -0.068849 -0.009529
0.086478 0.041662 -0.009444 -0.002314
-0.068849 -0.009444 0.444073 0.094515
-0.009529 -0.002314 0.094515 0.043310
33.414055 1.226277 45.653380 2.013212
0.398578 0.090096 -0.075261 -0.010965
0.090096 0.042433 -0.011255 -0.002698
-0.075261 -0.011255 0.439732 0.093747
-0.010965 -0.002698 0.093747 0.043207
34.025828 1.223699 46.488559 1.976142
0.427666 0.096212 -0.083905 -0.012573
0.096212 0.043701 -0.013435 -0.003090
-0.083905 -0.013435 0.427874 0.091391
-0.012573 -0.003090 0.091391 0.042754
34.713270 1.236390 47.149055 1.905923
0.455748 0.101506 -0.089947 -0.013493
0.101506 0.044691 -0.014811 -0.003290
-0.089947 -0.014811 0.411687 0.088316
-0.013493 -0.003290 0.088316 0.042174
35.052371 1.172029 47.931979 1.864750
0.457647 0.100629 -0.085776 -0.012479
0.100629 0.044283 -0.013839 -0.003055
-0.085776 -0.013839 0.389078 0.084176
-0.012479 -0.003055 0.084176 0.041402
