3.668763 2.429631 5.254449 1.209778
1.300449 0.520191 1.641676 0.656685
0.520191 80.212148 0.656685 0.262680
1.641676 0.656685 4.354181 1.741710
0.656685 0.262680 1.741710 80.700766
4.764373 2.390585 4.529626 -0.920805
4.095686 7.645401 0.165770 -0.299512
7.645401 18.618107 -0.319776 3.041367
0.165770 -0.319776 4.550368 7.324546
-0.299512 3.041367 7.324546 24.715021
5.328712 1.688796 2.467779 -2.686090
3.214774 3.342102 0.683889 0.852616
3.342102 4.549009 0.823523 2.173878
0.683889 0.823523 3.747416 4.104228
0.852616 2.173878 4.104228 7.740549
7.990844 3.110418 3.779993 -0.477859
2.655263 1.919737 0.279315 0.319330
1.919737 1.826485 0.287070 0.732419
0.279315 0.287070 1.982207 1.610424
0.319330 0.732419 1.610424 2.548553
7.199917 1.807625 3.529375 -0.564014
0.926788 0.547380 0.611170 0.444179
0.547380 0.551897 0.461887 0.526728
0.611170 0.461887 2.272596 1.557094
0.444179 0.526728 1.557094 1.646942
7.457274 1.538369 4.576367 0.153365
0.845731 0.436469 0.745367 0.436491
0.436469 0.358179 0.429794 0.352212
0.745367 0.429794 1.987888 1.121436
0.436491 0.352212 1.121436 0.946615
7.684610 1.314076 5.300896 0.454816
0.711460 0.317218 0.502155 0.244478
0.317218 0.227142 0.248012 0.179955
0.502155 0.248012 1.790662 0.852340
0.244478 0.179955 0.852340 0.596117
9.640920 1.834008 6.774119 0.976574
0.725393 0.286975 0.367721 0.156885
0.286975 0.173704 0.160429 0.105930
0.367721 0.160429 1.668668 0.687288
0.156885 0.105930 0.687288 0.409223
8.953853 1.262506 6.184827 0.571954
0.442678 0.154859 -0.066070 -0.019574
0.154859 0.099621 -0.013753 0.021779
-0.066070 -0.013753 1.199784 0.432589
-0.019574 0.021779 0.432589 0.245700
8.975947 1.072246 7.372775 0.853000
0.424808 0.139854 -0.096463 -0.020353
0.139854 0.082478 -0.017043 0.015320
-0.096463 -0.017043 1.114435 0.364953
-0.020353 0.015320 0.364953 0.187148
8.940458 0.883238 7.249814 0.665446
0.409313 0.125763 -0.177083 -0.039032
0.125763 0.069170 -0.039934 0.003997
-0.177083 -0.039934 0.938699 0.278797
-0.039032 0.003997 0.278797 0.136214
9.108948 0.813099 8.141012 0.812887
0.485680 0.142962 -0.143676 -0.019474
0.142962 0.068895 -0.022601 0.007550
-0.143676 -0.022601 0.959371 0.267743
-0.019474 0.007550 0.267743 0.119018
9.808548 0.905235 8.990300 0.943638
0.544532 0.151481 -0.093093 -0.001460
0.151481 0.066516 -0.005734 0.009877
-0.093093 -0.005734 0.952420 0.250146
-0.001460 0.009877 0.250146 0.103721
10.401966 0.969316 10.842920 1.293717
0.596829 0.156542 -0.034421 0.014007
0.156542 0.063934 0.008170 0.011000
-0.034421 0.008170 0.881750 0.218845
0.014007 0.011000 0.218845 0.088044
11.033577 1.004622 11.430756 1.284452
0.622627 0.153447 -0.018977 0.015229
0.153447 0.059892 0.009173 0.008791
-0.018977 0.009173 0.829956 0.195073
0.015229 0.008791 0.195073 0.076631
11.189482 0.930771 12.571926 1.387542
0.645802 0.150598 -0.008247 0.014999
0.150598 0.056878 0.008668 0.006801
-0.008247 0.008668 0.755990 0.169682
0.014999 0.006801 0.169682 0.066912
12.285054 1.076038 13.718252 1.499002
0.657464 0.146510 0.035514 0.021682
0.146510 0.054422 0.016350 0.007010
0.035514 0.016350 0.732016 0.159358
0.021682 0.007010 0.159358 0.062226
12.921825 1.098918 14.677645 1.544751
0.706586 0.151322 0.069709 0.026192
0.151322 0.054391 0.021422 0.006954
0.069709 0.021422 0.757449 0.160418
0.026192 0.006954 0.160418 0.060660
14.414058 1.295851 16.001859 1.668617
0.698737 0.144290 0.116533 0.031996
0.144290 0.052117 0.028129 0.007200
0.116533 0.028129 0.732720 0.151199
0.031996 0.007200 0.151199 0.057344
16.332518 1.550374 17.040854 1.718325
0.696130 0.139576 0.165610 0.037950
0.139576 0.050721 0.034825 0.007601
0.165610 0.034825 0.747251 0.150892
0.037950 0.007601 0.150892 0.056301
16.953711 1.518957 18.707235 1.877180
0.707795 0.138558 0.183657 0.037502
0.138558 0.050307 0.034949 0.006826
0.183657 0.034949 0.716455 0.141580
0.037502 0.006826 0.141580 0.053662
17.879029 1.550026 19.837952 1.914246
0.706241 0.135513 0.193543 0.035858
0.135513 0.049638 0.033831 0.006022
0.193543 0.033831 0.698208 0.135823
0.035858 0.006022 0.135823 0.052067
18.614718 1.546908 20.272635 1.812999
0.691979 0.130945 0.173405 0.028997
0.130945 0.048855 0.027469 0.004409
0.173405 0.027469 0.677189 0.130405
0.028997 0.004409 0.130405 0.050780
19.294083 1.525314 21.522819 1.880495
0.660527 0.123443 0.194608 0.031318
0.123443 0.047544 0.030153 0.004822
0.194608 0.030153 0.633184 0.120793
0.031318 0.004822 0.120793 0.048756
19.110547 1.342917 22.627693 1.924957
0.643073 0.119966 0.178237 0.026319
0.119966 0.047214 0.025636 0.003845
0.178237 0.025636 0.601873 0.114956
0.026319 0.003845 0.114956 0.047721
19.572249 1.301679 23.663430 1.942615
0.654150 0.122190 0.173693 0.023942
0.122190 0.047954 0.023562 0.003412
0.173693 0.023562 0.602782 0.115724
0.023942 0.003412 0.115724 0.048005
20.344545 1.311887 25.386656 2.089056
0.658886 0.122290 0.215075 0.031188
0.122290 0.048056 0.030604 0.004897
0.215075 0.030604 0.608070 0.116422
0.031188 0.004897 0.116422 0.048060
20.984850 1.311327 26.306337 2.064536
0.673896 0.125645 0.192682 0.025137
0.125645 0.049003 0.025041 0.003732
0.192682 0.025041 0.611366 0.117801
0.025137 0.003732 0.117801 0.048474
21.862897 1.344892 27.787066 2.149335
0.689393 0.128216 0.199780 0.025738
0.128216 0.049582 0.025562 0.003937
0.199780 0.025562 0.629057 0.121235
0.025738 0.003937 0.121235 0.049107
22.819682 1.394274 29.105105 2.191810
0.701443 0.130298 0.191302 0.023414
0.130298 0.050082 0.023393 0.003614
0.191302 0.023393 0.638330 0.122976
0.023414 0.003614 0.122976 0.049410
23.879984 1.461449 30.301015 2.204101
0.707745 0.131275 0.177216 0.020451
0.131275 0.050350 0.020649 0.003237
0.177216 0.020649 0.639333 0.123025
0.020451 0.003237 0.123025 0.049375
24.260824 1.393433 31.485350 2.227366
0.675858 0.125082 0.158070 0.017615
0.125082 0.049258 0.017441 0.002940
0.158070 0.017441 0.631316 0.121400
0.017615 0.002940 0.121400 0.049026
25.047589 1.410385 32.605633 2.226938
0.665619 0.123555 0.140967 0.014967
0.123555 0.049137 0.014892 0.002675
0.140967 0.014892 0.623794 0.119991
0.014967 0.002675 0.119991 0.048760
25.446048 1.354550 33.586073 2.206349
0.653559 0.122165 0.104036 0.008663
0.122165 0.049105 0.008838 0.001713
0.104036 0.008838 0.611827 0.118196
0.008663 0.001713 0.118196 0.048516
26.347106 1.392987 34.945324 2.252937
0.657043 0.123440 0.086312 0.006359
0.123440 0.049495 0.006626 0.001506
0.086312 0.006626 0.614177 0.118975
0.006359 0.001506 0.118975 0.048720
27.105040 1.405372 36.020427 2.242027
0.651461 0.122901 0.063643 0.003320
0.122901 0.049503 0.003716 0.001161
0.063643 0.003716 0.605007 0.117466
0.003320 0.001161 0.117466 0.048468
27.379739 1.325994 36.968453 2.213247
0.629778 0.119341 0.035952 -0.000402
0.119341 0.048933 -0.000058 0.000659
0.035952 -0.000058 0.594038 0.115752
-0.000402 0.000659 0.115752 0.048200
28.103897 1.342891 37.501352 2.100327
0.633328 0.120741 0.014275 -0.003107
0.120741 0.049317 -0.002504 0.000342
0.014275 -0.002504 0.574145 0.112299
-0.003107 0.000342 0.112299 0.047588
29.272282 1.437840 38.572585 2.101095
0.660337 0.126380 -0.004432 -0.005357
0.126380 0.050453 -0.004593 0.000035
-0.004432 -0.004593 0.575852 0.113280
-0.005357 0.000035 0.113280 0.047872
29.139721 1.274627 39.751449 2.130125
0.608949 0.116433 -0.018225 -0.006250
0.116433 0.048498 -0.005770 -0.000042
-0.018225 -0.005770 0.577449 0.114023
-0.006250 -0.000042 0.114023 0.048053
29.880509 1.294842 40.618048 2.090657
0.625893 0.120411 -0.037482 -0.008666
0.120411 0.049364 -0.008126 -0.000461
-0.037482 -0.008126 0.572592 0.113349
-0.008666 -0.000461 0.113349 0.047924
30.002412 1.193301 41.390334 2.036316
0.598677 0.115413 -0.047906 -0.009324
0.115413 0.048399 -0.008824 -0.000563
-0.047906 -0.008824 0.564022 0.111907
-0.009324 -0.000563 0.111907 0.047635
30.799441 1.232034 42.353579 2.025865
0.611324 0.118488 -0.056819 -0.009827
0.118488 0.049055 -0.009409 -0.000678
-0.056819 -0.009409 0.562486 0.111920
-0.009827 -0.000678 0.111920 0.047643
31.566758 1.259372 42.913976 1.936048
0.622765 0.120946 -0.067922 -0.010937
0.120946 0.049510 -0.010635 -0.000954
-0.067922 -0.010635 0.552151 0.110084
-0.010937 -0.000954 0.110084 0.047261
32.651978 1.346137 43.562697 1.874607
0.647124 0.125632 -0.078875 -0.012041
0.125632 0.050350 -0.011901 -0.001238
-0.078875 -0.011901 0.547803 0.109531
-0.012041 -0.001238 0.109531 0.047150
33.984740 1.476887 44.820970 1.944139
0.684131 0.132272 -0.094579 -0.014091
0.132272 0.051492 -0.014022 -0.001685
-0.094579 -0.014022 0.561911 0.112627
-0.014091 -0.001685 0.112627 0.047758
33.626026 1.261036 45.356659 1.846661
0.645869 0.123709 -0.114983 -0.017699
0.123709 0.049603 -0.017166 -0.002453
-0.114983 -0.017166 0.558690 0.111820
-0.017699 -0.002453 0.111820 0.047498
34.526145 1.302000 45.240584 1.639071
0.663653 0.126898 -0.125325 -0.018580
0.126898 0.050185 -0.018429 -0.002694
-0.125325 -0.018429 0.540397 0.108080
-0.018580 -0.002694 0.108080 0.046685
35.745527 1.417463 46.533964 1.742160
0.693020 0.132018 -0.136868 -0.019676
0.132018 0.051094 -0.019527 -0.002894
-0.136868 -0.019527 0.560784 0.112464
-0.019676 -0.002894 0.112464 0.047577
36.192680 1.367669 47.436651 1.745200
0.699686 0.132217 -0.157210 -0.022923
0.132217 0.050967 -0.022483 -0.003546
-0.157210 -0.022483 0.573421 0.114678
-0.022923 -0.003546 0.114678 0.047908
