2.629499 2.013917 6.104502 1.549807
4.594646 1.837898 9.315087 3.726116
1.837898 80.739242 3.726116 1.490479
9.315087 3.726116 29.656361 11.862802
3.726116 1.490479 11.862802 84.749290
7.636788 8.895486 7.103313 0.556665
3.538337 5.343116 2.674821 1.422943
5.343116 17.135681 3.042068 11.232179
2.674821 3.042068 5.342623 4.161124
1.422943 11.232179 4.161124 39.138159
8.703938 5.309519 4.999785 -1.782861
0.995239 0.952974 -2.300527 -3.296625
0.952974 3.337965 -2.114708 0.083470
-2.300527 -2.114708 7.892710 11.039013
-3.296625 0.083470 11.039013 24.807269
9.803046 3.731229 6.203673 -0.714921
1.178617 1.226952 -1.395067 -0.599949
1.226952 2.115209 0.972804 2.308496
-1.395067 0.972804 16.615924 16.976601
-0.599949 2.308496 16.976601 19.846817
9.502815 2.001075 5.677797 -1.570220
1.147476 0.758406 -2.232078 -1.179470
0.758406 0.797301 0.500717 0.645026
-2.232078 0.500717 33.328812 22.681312
-1.179470 0.645026 22.681312 16.294008
8.023948 0.668431 8.565081 -0.126703
0.457702 0.280519 0.242613 0.212841
0.280519 0.334412 2.227658 1.210376
0.242613 2.227658 55.583432 28.987583
0.212841 1.210376 28.987583 15.542121
8.159586 0.576054 8.802679 -0.023569
0.661136 0.324660 -0.227054 -0.023001
0.324660 0.217556 0.120602 0.075731
-0.227054 0.120602 10.593085 4.355146
-0.023001 0.075731 4.355146 2.059915
8.473747 0.601038 9.752089 0.313679
0.839128 0.348521 -0.266135 -0.036060
0.348521 0.184131 0.004929 0.016307
-0.266135 0.004929 8.006737 2.776503
-0.036060 0.016307 2.776503 1.150572
8.760069 0.574040 7.767170 -0.338079
0.932617 0.330952 -0.498251 -0.108779
0.330952 0.147525 -0.148670 -0.037943
-0.498251 -0.148670 3.020499 0.895443
-0.108779 -0.037943 0.895443 0.404744
8.455710 0.395573 8.615461 -0.076393
1.046102 0.326256 -0.536104 -0.109525
0.326256 0.127569 -0.138346 -0.032829
-0.536104 -0.138346 3.726414 1.021517
-0.109525 -0.032829 1.021517 0.388759
9.442381 0.615096 8.168484 -0.155681
1.003266 0.279377 -0.491341 -0.093543
0.279377 0.101318 -0.112433 -0.025584
-0.491341 -0.112433 3.758586 0.944979
-0.093543 -0.025584 0.944979 0.325229
10.736113 0.867462 8.084633 -0.130807
0.944284 0.239227 -0.411149 -0.071477
0.239227 0.083028 -0.079698 -0.017336
-0.411149 -0.079698 4.283192 0.995871
-0.071477 -0.017336 0.995871 0.304603
11.365499 0.914248 8.130949 -0.102347
0.891435 0.208224 -0.449189 -0.077893
0.208224 0.070639 -0.081797 -0.017519
-0.449189 -0.081797 4.711259 1.010753
-0.077893 -0.017519 1.010753 0.279614
12.239001 1.011467 9.152149 0.120255
0.882220 0.193466 -0.367866 -0.057736
0.193466 0.064448 -0.055643 -0.011451
-0.367866 -0.055643 5.430137 1.082189
-0.057736 -0.011451 1.082189 0.271178
12.250999 0.917880 11.509089 0.540647
0.906114 0.188189 -0.373918 -0.056247
0.188189 0.061365 -0.053476 -0.010553
-0.373918 -0.053476 5.806339 1.075657
-0.056247 -0.010553 1.075657 0.249588
13.060260 0.994538 13.461917 0.837293
0.870060 0.172957 -0.230197 -0.029462
0.172957 0.057071 -0.025650 -0.005372
-0.230197 -0.025650 5.147048 0.891709
-0.029462 -0.005372 0.891709 0.201104
13.697448 1.026675 15.348393 1.078731
0.849774 0.163108 -0.145513 -0.015581
0.163108 0.054491 -0.013586 -0.003343
-0.145513 -0.013586 4.077608 0.665544
-0.015581 -0.003343 0.665544 0.152620
14.652715 1.109803 16.035083 1.105019
0.810960 0.151493 -0.068010 -0.004428
0.151493 0.052025 -0.003423 -0.001805
-0.068010 -0.003423 2.994950 0.465679
-0.004428 -0.001805 0.465679 0.114534
15.297790 1.128964 17.611832 1.259507
0.808003 0.148061 -0.038228 -0.001151
0.148061 0.051406 -0.000562 -0.001414
-0.038228 -0.000562 2.514686 0.377819
-0.001151 -0.001414 0.377819 0.097552
16.319469 1.211753 18.343423 1.276301
0.786519 0.142088 0.008176 0.004387
0.142088 0.050472 0.005571 -0.000544
0.008176 0.005571 2.040022 0.299329
0.004387 -0.000544 0.299329 0.083723
17.176646 1.256920 19.127236 1.298023
0.776042 0.138941 0.021268 0.004920
0.138941 0.050169 0.005979 -0.000515
0.021268 0.005979 1.727100 0.250559
0.004920 -0.000515 0.250559 0.075398
17.956853 1.284256 20.406521 1.389523
0.785708 0.139947 0.031370 0.005232
0.139947 0.050658 0.006352 -0.000446
0.031370 0.006352 1.549892 0.224708
0.005232 -0.000446 0.224708 0.071004
18.333910 1.237683 19.277160 1.123586
0.733255 0.130087 -0.020388 -0.003282
0.130087 0.049196 -0.003911 -0.001895
-0.020388 -0.003911 1.185942 0.172979
-0.003282 -0.001895 0.172979 0.063103
18.772744 1.205680 19.741600 1.109136
0.730658 0.130059 -0.032508 -0.005340
0.130059 0.049591 -0.006192 -0.002078
-0.032508 -0.006192 1.105219 0.165400
-0.005340 -0.002078 0.165400 0.062061
19.109311 1.158245 19.664296 1.012184
0.713132 0.127445 -0.049549 -0.007954
0.127445 0.049470 -0.009088 -0.002349
-0.049549 -0.009088 1.008228 0.154925
-0.007954 -0.002349 0.154925 0.060493
19.230905 1.076151 20.893747 1.126517
0.747805 0.134448 -0.064181 -0.010021
0.134448 0.051057 -0.011295 -0.002516
-0.064181 -0.011295 1.016672 0.160794
-0.010021 -0.002516 0.160794 0.061440
19.290117 0.990799 22.493266 1.293497
0.795502 0.143227 -0.074234 -0.011182
0.143227 0.052815 -0.012474 -0.002522
-0.074234 -0.012474 1.029318 0.166273
-0.011182 -0.002522 0.166273 0.062158
20.037085 1.037323 24.031775 1.440268
0.832559 0.149443 -0.040344 -0.005063
0.149443 0.053977 -0.005702 -0.001244
-0.040344 -0.005702 1.019379 0.167162
-0.005063 -0.001244 0.167162 0.062014
20.714505 1.067047 25.634250 1.586975
0.876084 0.156339 -0.017672 -0.001214
0.156339 0.055175 -0.001586 -0.000500
-0.017672 -0.001586 0.996530 0.165307
-0.001214 -0.000500 0.165307 0.061363
20.901342 1.006298 26.878184 1.661854
0.913737 0.161650 -0.027244 -0.003034
0.161650 0.056009 -0.003572 -0.000830
-0.027244 -0.003572 0.941826 0.157729
-0.003034 -0.000830 0.157729 0.059742
21.808395 1.077663 28.184092 1.742983
0.952269 0.166848 0.001682 0.001825
0.166848 0.056801 0.001421 0.000048
0.001682 0.001421 0.896040 0.151820
0.001825 0.000048 0.151820 0.058476
22.373538 1.082492 29.384387 1.799408
0.991819 0.171903 0.003959 0.001798
0.171903 0.057538 0.001380 0.000009
0.003959 0.001380 0.847977 0.145447
0.001798 0.000009 0.145447 0.057154
23.578162 1.196283 30.592435 1.853487
1.035044 0.177350 0.030283 0.006001
0.177350 0.058330 0.005535 0.000713
0.030283 0.005535 0.806053 0.140159
0.006001 0.000713 0.140159 0.056052
24.436075 1.240281 31.423530 1.836610
1.067425 0.180687 0.029652 0.005201
0.180687 0.058747 0.004830 0.000526
0.029652 0.004830 0.754306 0.133042
0.005201 0.000526 0.133042 0.054633
25.315933 1.283264 32.921752 1.940433
1.123967 0.188023 0.023412 0.003508
0.188023 0.059852 0.003319 0.000223
0.023412 0.003319 0.739364 0.132558
0.003508 0.000223 0.132558 0.054425
26.524742 1.377106 33.745259 1.913223
1.163733 0.192174 0.025449 0.003515
0.192174 0.060389 0.003409 0.000244
0.025449 0.003409 0.696772 0.126634
0.003515 0.000244 0.126634 0.053175
26.522353 1.264332 34.765897 1.925902
1.194589 0.194851 -0.020929 -0.005352
0.194851 0.060708 -0.004377 -0.001179
-0.020929 -0.004377 0.676043 0.124804
-0.005352 -0.001179 0.124804 0.052710
27.575029 1.331828 36.018826 1.979842
1.251765 0.201755 -0.026284 -0.005863
0.201755 0.061728 -0.004856 -0.001140
-0.026284 -0.004856 0.662984 0.124070
-0.005863 -0.001140 0.124070 0.052408
28.724798 1.408572 37.620805 2.095551
1.323183 0.210605 -0.037494 -0.007447
0.210605 0.063026 -0.006252 -0.001290
-0.037494 -0.006252 0.661879 0.125277
-0.007447 -0.001290 0.125277 0.052440
29.550485 1.427647 38.752883 2.111668
1.375869 0.216030 -0.062089 -0.011465
0.216030 0.063732 -0.009656 -0.001824
-0.062089 -0.009656 0.645124 0.123064
-0.011465 -0.001824 0.123064 0.051776
30.392640 1.447897 40.182138 2.183605
1.440026 0.223061 -0.089835 -0.015769
0.223061 0.064688 -0.013297 -0.002376
-0.089835 -0.013297 0.641483 0.123252
-0.015769 -0.002376 0.123252 0.051591
30.417033 1.340024 40.830893 2.096507
1.468416 0.224291 -0.133188 -0.022838
0.224291 0.064729 -0.019120 -0.003337
-0.133188 -0.019120 0.619602 0.119591
-0.022838 -0.003337 0.119591 0.050639
30.779092 1.291952 41.450589 2.011917
1.505082 0.227012 -0.159227 -0.026014
0.227012 0.065054 -0.021955 -0.003668
-0.159227 -0.021955 0.602317 0.116908
-0.026014 -0.003668 0.116908 0.049931
31.108220 1.242683 42.097702 1.939817
1.543406 0.230058 -0.182935 -0.028596
0.230058 0.065451 -0.024332 -0.003922
-0.182935 -0.024332 0.592096 0.115587
-0.028596 -0.003922 0.115587 0.049511
31.858557 1.261724 43.054839 1.938089
1.600422 0.235968 -0.198226 -0.029331
0.235968 0.066296 -0.025364 -0.003913
-0.198226 -0.025364 0.592128 0.116210
-0.029331 -0.003913 0.116210 0.049484
33.052867 1.346832 44.307776 1.998974
1.675871 0.244426 -0.210354 -0.029388
0.244426 0.067497 -0.025948 -0.003834
-0.210354 -0.025948 0.599217 0.117996
-0.029388 -0.003834 0.117996 0.049668
34.063261 1.397440 45.479194 2.036260
1.745467 0.251555 -0.232692 -0.031685
0.251555 0.068443 -0.028125 -0.004124
-0.232692 -0.028125 0.605342 0.119174
-0.031685 -0.004124 0.119174 0.049680
34.181700 1.312681 46.374759 2.006202
1.789190 0.254514 -0.272669 -0.037693
0.254514 0.068739 -0.032827 -0.004961
-0.272669 -0.032827 0.609684 0.119594
-0.037693 -0.004961 0.119594 0.049498
35.402847 1.388087 46.946416 1.925635
1.846270 0.259771 -0.284968 -0.037598
0.259771 0.069432 -0.033533 -0.004926
-0.284968 -0.033533 0.600123 0.117373
-0.037598 -0.004926 0.117373 0.048864
35.586418 1.319443 48.175164 1.973179
1.903086 0.264488 -0.328023 -0.043879
0.264488 0.069990 -0.038316 -0.005755
-0.328023 -0.038316 0.619015 0.120644
-0.043879 -0.005755 0.120644 0.049314
