-0.121338 0.913558 0.971359 -0.503495
2.410255 0.964123 -0.416569 -0.166631
0.964123 80.389724 -0.166631 -0.066654
-0.416569 -0.166631 4.291803 1.716758
-0.166631 -0.066654 1.716758 80.690785
4.711361 8.560744 -0.200119 -1.839343
2.558094 4.432132 -1.713768 -2.671324
4.432132 15.870716 -2.905169 -5.610679
-1.713768 -2.905169 3.116565 4.953591
-2.671324 -5.610679 4.953591 20.967126
6.026746 5.283095 1.209952 0.544900
1.655949 2.003820 0.538309 0.935781
2.003820 4.256279 0.718808 0.610219
0.538309 0.718808 0.890766 1.186483
0.935781 0.610219 1.186483 4.459066
7.552178 4.268198 1.465172 0.632808
1.802088 1.615519 0.233482 0.087599
1.615519 2.075602 0.063504 -0.219998
0.233482 0.063504 1.326128 1.457647
0.087599 -0.219998 1.457647 2.387688
6.978309 2.426872 1.844940 0.836034
1.300244 0.862850 0.298225 0.161667
0.862850 0.854521 0.115507 0.009187
0.298225 0.115507 1.341408 1.041264
0.161667 0.009187 1.041264 1.111094
9.662459 3.186182 3.398051 1.463478
1.136146 0.624153 0.058455 -0.012530
0.624153 0.498072 -0.025042 -0.050781
0.058455 -0.025042 1.247880 0.755688
-0.012530 -0.050781 0.755688 0.611864
10.009641 2.587746 4.815665 1.835537
0.976997 0.454182 -0.020820 -0.036811
0.454182 0.307825 -0.045620 -0.036990
-0.020820 -0.045620 1.231858 0.608001
-0.036811 -0.036990 0.608001 0.392535
10.252558 2.146935 6.676159 2.244626
0.712930 0.289669 -0.126672 -0.064719
0.289669 0.184130 -0.072556 -0.035040
-0.126672 -0.072556 1.177795 0.490862
-0.064719 -0.035040 0.490862 0.267136
10.226033 1.755525 6.904616 1.932649
0.633137 0.232284 -0.247322 -0.094263
0.232284 0.134476 -0.100287 -0.037434
-0.247322 -0.100287 1.136624 0.410653
-0.094263 -0.037434 0.410653 0.194946
10.980207 1.713845 8.718529 2.203087
0.633675 0.211894 -0.242999 -0.077564
0.211894 0.109754 -0.081663 -0.025515
-0.242999 -0.081663 1.015146 0.323906
-0.077564 -0.025515 0.323906 0.140768
12.102523 1.793455 9.369857 2.074405
0.637528 0.195579 -0.250452 -0.068909
0.195579 0.092497 -0.072370 -0.019537
-0.250452 -0.072370 0.952711 0.274007
-0.068909 -0.019537 0.274007 0.110757
13.251508 1.859590 9.716813 1.893213
0.623013 0.176777 -0.237722 -0.057393
0.176777 0.078655 -0.060050 -0.014283
-0.237722 -0.060050 0.898807 0.236789
-0.057393 -0.014283 0.236789 0.091000
13.898322 1.791250 11.334650 2.056151
0.630486 0.167501 -0.200690 -0.042188
0.167501 0.070492 -0.044420 -0.009237
-0.200690 -0.044420 0.819848 0.200748
-0.042188 -0.009237 0.200748 0.075753
14.294832 1.666706 12.530976 2.088894
0.604784 0.151122 -0.187663 -0.035887
0.151122 0.062210 -0.038025 -0.007360
-0.187663 -0.038025 0.741422 0.170857
-0.035887 -0.007360 0.170857 0.064762
14.755032 1.573063 13.333246 2.029378
0.588060 0.139541 -0.189780 -0.034002
0.139541 0.056663 -0.036171 -0.006753
-0.189780 -0.036171 0.691587 0.151944
-0.034002 -0.006753 0.151944 0.058091
15.464764 1.554923 14.329635 2.024211
0.554813 0.126843 -0.142112 -0.022045
0.126843 0.052077 -0.023439 -0.003931
-0.142112 -0.023439 0.627943 0.133673
-0.022045 -0.003931 0.133673 0.052820
16.440603 1.603222 15.573275 2.076342
0.537616 0.119400 -0.116141 -0.016006
0.119400 0.049377 -0.017078 -0.002723
-0.116141 -0.017078 0.589095 0.122752
-0.016006 -0.002723 0.122752 0.049787
17.457695 1.651579 16.674817 2.092894
0.516627 0.112552 -0.073183 -0.007212
0.112552 0.047324 -0.007763 -0.001008
-0.073183 -0.007763 0.554305 0.114333
-0.007212 -0.001008 0.114333 0.047745
18.115597 1.614925 17.692645 2.084632
0.503392 0.107840 -0.066587 -0.006692
0.107840 0.045939 -0.007240 -0.001212
-0.066587 -0.007240 0.527999 0.108072
-0.006692 -0.001212 0.108072 0.046280
18.077961 1.429329 18.303170 1.985029
0.500877 0.106096 -0.063836 -0.006786
0.106096 0.045405 -0.007353 -0.001440
-0.063836 -0.007353 0.513307 0.104851
-0.006786 -0.001440 0.104851 0.045603
18.656232 1.403551 19.571556 2.040258
0.485109 0.101988 -0.053474 -0.005390
0.101988 0.044495 -0.005902 -0.001318
-0.053474 -0.005902 0.486722 0.099610
-0.005390 -0.001318 0.099610 0.044596
19.336747 1.402645 20.949985 2.114212
0.473672 0.099527 -0.023259 0.000137
0.099527 0.044092 -0.000225 -0.000277
-0.023259 -0.000225 0.468887 0.096828
0.000137 -0.000277 0.096828 0.044209
19.866091 1.364802 21.796814 2.068924
0.481925 0.101280 -0.014764 0.000937
0.101280 0.044567 0.000638 -0.000248
-0.014764 0.000638 0.474531 0.098845
0.000937 -0.000248 0.098845 0.044767
20.208556 1.294817 23.067832 2.116341
0.484103 0.101655 -0.000529 0.002945
0.101655 0.044717 0.002699 0.000064
-0.000529 0.002699 0.474832 0.099484
0.002945 0.000064 0.099484 0.044963
20.835506 1.290001 23.988776 2.087403
0.494950 0.103797 0.003714 0.002845
0.103797 0.045215 0.002643 -0.000044
0.003714 0.002643 0.486309 0.102266
0.002845 -0.000044 0.102266 0.045557
21.479732 1.290774 25.473404 2.180142
0.503950 0.105387 0.008542 0.003008
0.105387 0.045560 0.002850 -0.000050
0.008542 0.002850 0.501522 0.105507
0.003008 -0.000050 0.105507 0.046185
22.099436 1.285503 26.676187 2.203760
0.490168 0.102122 0.000060 0.000470
0.102122 0.044871 0.000363 -0.000592
0.000060 0.000363 0.495856 0.104010
0.000470 -0.000592 0.104010 0.045763
22.684203 1.273423 28.155786 2.282873
0.483529 0.100727 -0.000192 0.000044
0.100727 0.044647 -0.000041 -0.000619
-0.000192 -0.000041 0.502298 0.105219
0.000044 -0.000619 0.105219 0.045961
22.879848 1.181662 28.736869 2.165911
0.481052 0.100355 -0.000552 -0.000271
0.100355 0.044651 -0.000339 -0.000609
-0.000552 -0.000339 0.498352 0.104148
-0.000271 -0.000609 0.104148 0.045674
23.090941 1.103017 28.799544 1.953175
0.462225 0.096617 -0.021715 -0.004817
0.096617 0.043946 -0.004873 -0.001475
-0.021715 -0.004873 0.476133 0.099400
-0.004817 -0.001475 0.099400 0.044657
23.438794 1.060250 30.168143 2.035258
0.450584 0.094693 -0.019476 -0.004011
0.094693 0.043661 -0.004053 -0.001152
-0.019476 -0.004053 0.484860 0.101560
-0.004011 -0.001152 0.101560 0.045171
24.126887 1.093814 31.384204 2.076979
0.457776 0.096860 -0.022152 -0.004314
0.096860 0.044236 -0.004346 -0.001108
-0.022152 -0.004346 0.503018 0.105455
-0.004314 -0.001108 0.105455 0.045990
24.794983 1.119292 32.212090 2.033094
0.450905 0.095758 -0.023044 -0.004239
0.095758 0.044038 -0.004256 -0.001005
-0.023044 -0.004256 0.505047 0.105585
-0.004239 -0.001005 0.105585 0.045948
25.271040 1.102000 33.530772 2.095968
0.456056 0.097267 -0.022100 -0.003790
0.097267 0.044397 -0.003773 -0.000838
-0.022100 -0.003773 0.525020 0.109477
-0.003790 -0.000838 0.109477 0.046709
26.022957 1.145243 34.711040 2.123838
0.459799 0.098266 -0.021582 -0.003497
0.098266 0.044599 -0.003459 -0.000734
-0.021582 -0.003459 0.538698 0.111708
-0.003497 -0.000734 0.111708 0.047069
26.975776 1.227212 36.035655 2.178870
0.437483 0.093521 -0.033944 -0.005968
0.093521 0.043540 -0.005957 -0.001240
-0.033944 -0.005957 0.549459 0.113157
-0.005968 -0.001240 0.113157 0.047255
27.500599 1.209388 37.540066 2.263556
0.450782 0.096876 -0.032138 -0.005212
0.096876 0.044314 -0.005165 -0.001010
-0.032138 -0.005165 0.568789 0.116347
-0.005212 -0.001010 0.116347 0.047819
28.103867 1.208057 38.377034 2.203687
0.435920 0.093754 -0.035053 -0.005626
0.093754 0.043601 -0.005587 -0.001084
-0.035053 -0.005587 0.564806 0.114569
-0.005626 -0.001084 0.114569 0.047349
28.814702 1.231427 39.549584 2.218378
0.434645 0.093821 -0.038580 -0.006105
0.093821 0.043632 -0.006092 -0.001166
-0.038580 -0.006092 0.571923 0.115332
-0.006105 -0.001166 0.115332 0.047471
29.349070 1.209601 39.708903 2.027230
0.432032 0.093532 -0.040663 -0.006291
0.093532 0.043567 -0.006399 -0.001212
-0.040663 -0.006399 0.549854 0.110270
-0.006291 -0.001212 0.110270 0.046437
30.011599 1.224562 41.213644 2.126128
0.437706 0.095038 -0.037876 -0.005483
0.095038 0.043892 -0.005477 -0.001009
-0.037876 -0.005477 0.564925 0.113253
-0.005483 -0.001009 0.113253 0.047130
30.432807 1.177025 41.108790 1.891219
0.444734 0.096641 -0.034597 -0.004685
0.096641 0.044197 -0.004834 -0.000888
-0.034597 -0.004834 0.530433 0.106075
-0.004685 -0.000888 0.106075 0.045728
31.359928 1.248403 41.618048 1.805198
0.440004 0.095532 -0.025139 -0.002803
0.095532 0.043892 -0.002792 -0.000514
-0.025139 -0.002792 0.520963 0.104643
-0.002803 -0.000514 0.104643 0.045602
31.551919 1.154011 42.424346 1.783670
0.428560 0.093029 -0.022741 -0.002549
0.093029 0.043310 -0.002449 -0.000515
-0.022741 -0.002449 0.521153 0.105220
-0.002549 -0.000515 0.105220 0.045860
32.946439 1.331187 43.119099 1.747271
0.380732 0.082973 0.012010 0.004110
0.082973 0.041165 0.004856 0.000874
0.012010 0.004856 0.507215 0.102975
0.004110 0.000874 0.102975 0.045529
34.052482 1.428131 43.869166 1.723105
0.398539 0.088055 0.018336 0.004697
0.088055 0.042466 0.005327 0.000841
0.018336 0.005327 0.495985 0.101275
0.004697 0.000841 0.101275 0.045281
34.717826 1.417100 44.481889 1.671942
0.406649 0.090331 0.021933 0.004733
0.090331 0.042978 0.005274 0.000733
0.021933 0.005274 0.475509 0.097732
0.004733 0.000733 0.097732 0.044643
35.451068 1.422749 45.089469 1.624532
0.424544 0.094469 0.022128 0.004150
0.094469 0.043839 0.004618 0.000540
0.022128 0.004618 0.453984 0.094165
0.004150 0.000540 0.094165 0.044013
35.671999 1.313680 46.036029 1.653813
0.441306 0.097911 0.004976 0.000068
0.097911 0.044470 0.000270 -0.000386
0.004976 0.000270 0.455329 0.095584
0.000068 -0.000386 0.095584 0.044438
36.361232 1.320626 46.968556 1.676102
0.473276 0.104339 -0.006698 -0.002444
0.104339 0.045714 -0.002301 -0.000852
-0.006698 -0.002301 0.447564 0.094761
-0.002444 -0.000852 0.094761 0.044301
