0.429810 1.134022 0.783800 -0.578520
2.252898 0.901179 -0.316165 -0.126469
0.901179 80.364546 -0.126469 -0.050589
-0.316165 -0.126469 4.225951 1.690417
-0.126469 -0.050589 1.690417 80.680248
2.287081 3.491534 3.548160 4.375189
3.050306 5.353010 -1.583484 -2.475672
5.353010 17.134701 -2.730208 -5.100777
-1.583484 -2.730208 2.765679 4.417696
-2.475672 -5.100777 4.417696 20.005843
5.839764 5.338373 3.082407 1.321559
2.555709 2.815388 -0.947403 -0.822009
2.815388 4.928242 -0.842678 -1.128693
-0.947403 -0.842678 3.126029 3.763537
-0.822009 -1.128693 3.763537 7.315668
7.396776 4.372408 1.533605 -0.658145
1.820671 1.464160 -0.294629 -0.145178
1.464160 1.882727 -0.163556 -0.282631
-0.294629 -0.163556 2.497715 2.144231
-0.145178 -0.282631 2.144231 2.826612
6.614478 2.474490 2.418143 0.103715
0.830322 0.536089 0.640261 0.440245
0.536089 0.691470 0.416601 0.168590
0.640261 0.416601 1.098705 0.742929
0.440245 0.168590 0.742929 0.965421
8.042731 2.401885 4.322244 1.303453
0.735821 0.430533 0.450756 0.197658
0.430533 0.434455 0.197619 0.029783
0.450756 0.197619 0.898456 0.532958
0.197658 0.029783 0.532958 0.555876
8.131941 1.869224 4.065773 0.926440
0.646198 0.341095 0.207530 0.036605
0.341095 0.286162 0.019594 -0.041234
0.207530 0.019594 0.981920 0.533256
0.036605 -0.041234 0.533256 0.424200
9.620941 2.036704 5.953521 1.551865
0.764003 0.358861 0.030636 -0.050751
0.358861 0.234728 -0.051582 -0.054307
0.030636 -0.051582 0.996813 0.468142
-0.050751 -0.054307 0.468142 0.303389
8.046310 0.988184 6.828891 1.732661
0.325396 0.140522 -0.224515 -0.107881
0.140522 0.106232 -0.131206 -0.057087
-0.224515 -0.131206 0.967012 0.400723
-0.107881 -0.057087 0.400723 0.221480
8.901117 1.127119 7.670593 1.717308
0.420146 0.165462 -0.262831 -0.101137
0.165462 0.099263 -0.116848 -0.041294
-0.262831 -0.116848 1.023130 0.368600
-0.101137 -0.041294 0.368600 0.174592
9.405462 1.106087 8.599507 1.739687
0.513221 0.181677 -0.269216 -0.085813
0.181677 0.091951 -0.096877 -0.028356
-0.269216 -0.096877 1.019501 0.324601
-0.085813 -0.028356 0.324601 0.137391
10.703236 1.343057 9.019136 1.616108
0.559880 0.178602 -0.250579 -0.067561
0.178602 0.080972 -0.075528 -0.018533
-0.250579 -0.075528 0.971749 0.278126
-0.067561 -0.018533 0.278126 0.109090
11.992175 1.531493 10.606637 1.830205
0.574554 0.167193 -0.198499 -0.045231
0.167193 0.070645 -0.050766 -0.010204
-0.198499 -0.050766 0.860460 0.225175
-0.045231 -0.010204 0.225175 0.085715
12.493115 1.459552 11.521543 1.826311
0.597649 0.160541 -0.170852 -0.033420
0.160541 0.064094 -0.037904 -0.006405
-0.170852 -0.037904 0.799470 0.194520
-0.033420 -0.006405 0.194520 0.072538
13.020724 1.416870 13.178394 1.995994
0.596688 0.149358 -0.156236 -0.027264
0.149358 0.057938 -0.031411 -0.004826
-0.156236 -0.031411 0.712021 0.163021
-0.027264 -0.004826 0.163021 0.061648
13.754912 1.428057 14.591163 2.088579
0.606088 0.143237 -0.131797 -0.019865
0.143237 0.054381 -0.023294 -0.003051
-0.131797 -0.023294 0.675841 0.148159
-0.019865 -0.003051 0.148159 0.056369
14.143044 1.362242 16.314531 2.229327
0.583843 0.131293 -0.119228 -0.016647
0.131293 0.050260 -0.019845 -0.002602
-0.119228 -0.019845 0.595522 0.125980
-0.016647 -0.002602 0.125980 0.050365
15.093948 1.417041 17.085291 2.161096
0.569458 0.123229 -0.114998 -0.015503
0.123229 0.047758 -0.018132 -0.002493
-0.114998 -0.018132 0.568971 0.117941
-0.015503 -0.002493 0.117941 0.048150
15.509209 1.355025 18.196546 2.162998
0.572397 0.120576 -0.097162 -0.011446
0.120576 0.046918 -0.013669 -0.001731
-0.097162 -0.013669 0.556573 0.114140
-0.011446 -0.001731 0.114140 0.047181
16.711511 1.461085 19.027247 2.119079
0.557471 0.114806 -0.091718 -0.010687
0.114806 0.045606 -0.012381 -0.001736
-0.091718 -0.012381 0.545932 0.111048
-0.010687 -0.001736 0.111048 0.046454
17.338060 1.444735 20.501227 2.202472
0.534299 0.108760 -0.055271 -0.003760
0.108760 0.044538 -0.005189 -0.000511
-0.055271 -0.005189 0.513592 0.104385
-0.003760 -0.000511 0.104385 0.045188
17.833794 1.393879 21.148639 2.106657
0.526734 0.106486 -0.043787 -0.002332
0.106486 0.044321 -0.003533 -0.000445
-0.043787 -0.003533 0.502585 0.102396
-0.002332 -0.000445 0.102396 0.044917
18.801426 1.450170 22.371498 2.144433
0.520893 0.104898 -0.043335 -0.003193
0.104898 0.044264 -0.004113 -0.000792
-0.043335 -0.004113 0.501725 0.102549
-0.003193 -0.000792 0.102549 0.045074
19.778950 1.502171 23.570652 2.172988
0.503629 0.101345 -0.041285 -0.003658
0.101345 0.043828 -0.004342 -0.001016
-0.041285 -0.004342 0.490245 0.100515
-0.003658 -0.001016 0.100515 0.044758
20.571469 1.511147 24.737556 2.189964
0.483944 0.097838 -0.025340 -0.001118
0.097838 0.043448 -0.001673 -0.000587
-0.025340 -0.001673 0.476354 0.098265
-0.001118 -0.000587 0.098265 0.044434
20.524786 1.349125 26.103124 2.240593
0.455827 0.092980 0.000028 0.003219
0.092980 0.042800 0.002742 0.000197
0.000028 0.002742 0.456083 0.094868
0.003219 0.000197 0.094868 0.043878
21.194032 1.348709 27.397054 2.277015
0.447349 0.092377 0.001009 0.002349
0.092377 0.042995 0.002006 -0.000090
0.001009 0.002006 0.457681 0.096079
0.002349 -0.000090 0.096079 0.044260
21.852333 1.343100 27.555373 2.069830
0.447423 0.093510 0.006375 0.002676
0.093510 0.043479 0.002370 -0.000068
0.006375 0.002370 0.451001 0.095327
0.002676 -0.000068 0.095327 0.044162
22.263276 1.288344 28.855673 2.125924
0.422155 0.089057 0.001979 0.000997
0.089057 0.042689 0.000787 -0.000434
0.001979 0.000787 0.445446 0.094753
0.000997 -0.000434 0.094753 0.044075
22.668268 1.237240 29.276804 1.988499
0.421192 0.090037 0.008622 0.001997
0.090037 0.043068 0.001826 -0.000173
0.008622 0.001826 0.444544 0.095127
0.001997 -0.000173 0.095127 0.044172
23.012978 1.177969 30.387614 2.013735
0.434564 0.093848 0.010116 0.001888
0.093848 0.043970 0.001739 -0.000161
0.010116 0.001739 0.467252 0.100433
0.001888 -0.000161 0.100433 0.045296
24.012537 1.267366 31.185836 1.968393
0.439665 0.095363 0.007881 0.001085
0.095363 0.044260 0.000951 -0.000283
0.007881 0.000951 0.477471 0.102457
0.001085 -0.000283 0.102457 0.045603
25.042014 1.352562 32.603072 2.060299
0.407656 0.088590 -0.002178 -0.001170
0.088590 0.042712 -0.001373 -0.000697
-0.002178 -0.001373 0.480121 0.102660
-0.001170 -0.000697 0.102660 0.045508
25.565370 1.319584 33.288784 1.987150
0.421605 0.092419 -0.012401 -0.003262
0.092419 0.043599 -0.003486 -0.001046
-0.012401 -0.003486 0.492202 0.104869
-0.003262 -0.001046 0.104869 0.045867
25.491203 1.158608 33.868249 1.899938
0.418395 0.091965 -0.015902 -0.003678
0.091965 0.043434 -0.003890 -0.001003
-0.015902 -0.003890 0.496807 0.105288
-0.003678 -0.001003 0.105288 0.045831
26.003836 1.143918 34.666162 1.867874
0.431692 0.095115 -0.020760 -0.004357
0.095115 0.044067 -0.004573 -0.001042
-0.020760 -0.004573 0.511108 0.107765
-0.004357 -0.001042 0.107765 0.046258
26.668535 1.164763 36.141887 1.981460
0.423642 0.093186 -0.024901 -0.004854
0.093186 0.043520 -0.005044 -0.001053
-0.024901 -0.005044 0.534076 0.111870
-0.004854 -0.001053 0.111870 0.047011
27.982382 1.326208 37.409356 2.040142
0.388856 0.085537 -0.033246 -0.006262
0.085537 0.041771 -0.006442 -0.001285
-0.033246 -0.006442 0.544883 0.113104
-0.006262 -0.001285 0.113104 0.047125
28.639540 1.325073 38.498946 2.054443
0.398912 0.088499 -0.038385 -0.006823
0.088499 0.042512 -0.007045 -0.001329
-0.038385 -0.007045 0.557186 0.114649
-0.006823 -0.001329 0.114649 0.047333
29.423288 1.350874 39.185194 1.985242
0.411902 0.091706 -0.044277 -0.007525
0.091706 0.043207 -0.007859 -0.001431
-0.044277 -0.007859 0.557853 0.113786
-0.007525 -0.001431 0.113786 0.047067
30.250921 1.386574 40.567605 2.065070
0.382859 0.085165 -0.045439 -0.007453
0.085165 0.041658 -0.007520 -0.001353
-0.045439 -0.007520 0.577396 0.116997
-0.007453 -0.001353 0.116997 0.047692
30.594352 1.306891 41.389361 2.020705
0.395387 0.088561 -0.042060 -0.006326
0.088561 0.042472 -0.006426 -0.001097
-0.042060 -0.006426 0.566820 0.113966
-0.006326 -0.001097 0.113966 0.047035
31.040794 1.257330 41.876835 1.914596
0.401150 0.090004 -0.037998 -0.005275
0.090004 0.042748 -0.005389 -0.000902
-0.037998 -0.005389 0.549592 0.110034
-0.005275 -0.000902 0.110034 0.046287
32.069135 1.344191 42.329489 1.815787
0.398695 0.089467 -0.024115 -0.002448
0.089467 0.042563 -0.002291 -0.000329
-0.024115 -0.002291 0.532152 0.106576
-0.002448 -0.000329 0.106576 0.045721
32.981931 1.399987 43.557076 1.881394
0.400256 0.089848 -0.011737 -0.000171
0.089848 0.042602 0.000240 0.000092
-0.011737 0.000240 0.532903 0.107103
-0.000171 0.000092 0.107103 0.045992
33.700582 1.400608 43.698251 1.720325
0.413393 0.092731 -0.005547 0.000720
0.092731 0.043192 0.000980 0.000144
-0.005547 0.000980 0.498862 0.100526
0.000720 0.000144 0.100526 0.044783
34.620444 1.448887 44.331089 1.674861
0.392796 0.087854 0.025687 0.006541
0.087854 0.042019 0.007335 0.001328
0.025687 0.007335 0.465772 0.094752
0.006541 0.001328 0.094752 0.043824
35.362024 1.452889 45.321014 1.706309
0.424590 0.095094 0.014732 0.003392
0.095094 0.043652 0.003804 0.000450
0.014732 0.003804 0.467034 0.096283
0.003392 0.000450 0.096283 0.044362
35.788848 1.386254 45.843129 1.637488
0.455427 0.101352 -0.003705 -0.000963
0.101352 0.044909 -0.000884 -0.000566
-0.003705 -0.000884 0.456644 0.095109
-0.000963 -0.000566 0.095109 0.044239
36.538624 1.398719 46.653725 1.635750
0.472994 0.104061 -0.000191 -0.000242
0.104061 0.045290 -0.000131 -0.000339
-0.000191 -0.000131 0.428416 0.090118
-0.000242 -0.000339 0.090118 0.043273
