2.238740 1.857610 1.611827 -0.247302
2.051252 0.820519 1.425064 0.570038
0.820519 80.332281 0.570038 0.228020
1.425064 0.570038 5.558749 2.223548
0.570038 0.228020 2.223548 80.893505
5.325457 5.725101 1.546487 -0.389134
3.500852 6.386745 -0.954659 -1.837041
6.386745 18.513028 -2.017788 -0.203686
-0.954659 -2.017788 2.838641 4.449636
-1.837041 -0.203686 4.449636 22.631643
4.777591 1.995819 1.402730 -0.727954
2.744222 3.113036 1.290661 1.929788
3.113036 5.112227 1.594532 2.941375
1.290661 1.594532 2.154180 2.833105
1.929788 2.941375 2.833105 6.996424
6.721412 2.766726 3.195246 1.307684
2.549749 2.016390 0.513940 0.410666
2.016390 2.205326 0.416241 0.520698
0.513940 0.416241 0.946858 0.890634
0.410666 0.520698 0.890634 1.883783
8.040115 2.733350 4.233068 1.621426
2.325060 1.416785 0.429807 0.263771
1.416785 1.171092 0.283583 0.264108
0.429807 0.283583 1.504201 1.204142
0.263771 0.264108 1.204142 1.393038
8.357288 2.218116 5.354970 1.839377
1.445990 0.717519 0.233938 0.115600
0.717519 0.537116 0.136869 0.116921
0.233938 0.136869 1.841484 1.150627
0.115600 0.116921 1.150627 0.932597
9.015999 2.032496 7.083203 2.250168
1.306979 0.560568 0.117699 0.046821
0.560568 0.358277 0.066604 0.056233
0.117699 0.066604 1.827458 0.917726
0.046821 0.056233 0.917726 0.586617
10.186781 2.090192 8.125211 2.215013
1.274934 0.482209 0.076911 0.029587
0.482209 0.265123 0.043500 0.035297
0.076911 0.043500 1.775989 0.744484
0.029587 0.035297 0.744484 0.395570
10.897056 1.968833 8.122118 1.814531
1.056468 0.355658 -0.083781 -0.028310
0.355658 0.181726 -0.016391 0.006920
-0.083781 -0.016391 1.561069 0.561946
-0.028310 0.006920 0.561946 0.263045
10.902983 1.662759 8.465219 1.629769
0.825070 0.252266 -0.187760 -0.054933
0.252266 0.126268 -0.046196 -0.004760
-0.187760 -0.046196 1.321267 0.418580
-0.054933 -0.004760 0.418580 0.180168
11.974802 1.727792 8.912874 1.526851
0.765142 0.218638 -0.144875 -0.033697
0.218638 0.103287 -0.027778 0.000199
-0.144875 -0.027778 1.220324 0.348740
-0.033697 0.000199 0.348740 0.139154
12.922765 1.750331 9.656721 1.522749
0.779633 0.210253 -0.082476 -0.011990
0.210253 0.091930 -0.007616 0.004712
-0.082476 -0.007616 1.187995 0.311289
-0.011990 0.004712 0.311289 0.115958
13.247484 1.628324 11.985546 1.897018
0.748728 0.190787 -0.021301 0.004068
0.190787 0.080053 0.006375 0.006717
-0.021301 0.006375 1.003909 0.243799
0.004068 0.006717 0.243799 0.090320
14.866796 1.821726 12.802682 1.875986
0.728746 0.176648 0.034856 0.016101
0.176648 0.071739 0.018489 0.008099
0.034856 0.018489 0.966879 0.221332
0.016101 0.008099 0.221332 0.079678
15.031873 1.647709 13.524365 1.822317
0.738069 0.170633 0.023197 0.011746
0.170633 0.066699 0.013042 0.005648
0.023197 0.013042 0.926242 0.200955
0.011746 0.005648 0.200955 0.071280
15.936073 1.665862 14.489775 1.834167
0.737543 0.163677 0.055858 0.017079
0.163677 0.062515 0.018351 0.005854
0.055858 0.018351 0.893215 0.185674
0.017079 0.005854 0.185674 0.065478
16.241978 1.552352 15.199296 1.789765
0.721750 0.154327 0.050526 0.014037
0.154327 0.058548 0.014816 0.004333
0.050526 0.014816 0.839393 0.168245
0.014037 0.004333 0.168245 0.060156
16.471119 1.438997 16.090506 1.787000
0.680501 0.141171 0.053989 0.013068
0.141171 0.054487 0.013619 0.003514
0.053989 0.013619 0.754411 0.147181
0.013068 0.003514 0.147181 0.054937
17.183022 1.436360 16.331256 1.661702
0.630747 0.128062 0.057172 0.012281
0.128062 0.051042 0.012764 0.002927
0.057172 0.012764 0.693500 0.133222
0.012281 0.002927 0.133222 0.051741
17.398490 1.335680 18.309715 1.880506
0.652803 0.130934 0.095299 0.018444
0.130934 0.051249 0.019194 0.003865
0.095299 0.019194 0.666490 0.127227
0.018444 0.003865 0.127227 0.050423
17.771647 1.276579 19.564213 1.941045
0.675304 0.133694 0.108767 0.019413
0.133694 0.051469 0.020177 0.003732
0.108767 0.020177 0.662610 0.126202
0.019413 0.003732 0.126202 0.050181
18.667010 1.328664 20.131625 1.863000
0.671269 0.131114 0.119190 0.019944
0.131114 0.050678 0.020649 0.003590
0.119190 0.020649 0.651526 0.123899
0.019944 0.003590 0.123899 0.049717
19.552497 1.371312 21.120875 1.872662
0.675851 0.130551 0.140924 0.022721
0.130551 0.050393 0.023407 0.003945
0.140924 0.023407 0.648929 0.123331
0.022721 0.003945 0.123331 0.049605
20.628146 1.442991 22.502965 1.954951
0.699980 0.133873 0.169977 0.026674
0.133873 0.050908 0.027322 0.004515
0.169977 0.027322 0.667317 0.126722
0.026674 0.004515 0.126722 0.050235
21.117060 1.395200 23.778565 2.014818
0.699248 0.132428 0.176715 0.026417
0.132428 0.050529 0.026993 0.004323
0.176715 0.026993 0.662012 0.125429
0.026417 0.004323 0.125429 0.049942
21.638600 1.361240 24.810450 2.021795
0.693230 0.130347 0.175092 0.024854
0.130347 0.050110 0.025377 0.003961
0.175092 0.025377 0.651829 0.123400
0.024854 0.003961 0.123400 0.049544
21.362018 1.197213 24.500001 1.780182
0.645137 0.121232 0.125067 0.014877
0.121232 0.048522 0.015572 0.002194
0.125067 0.015572 0.592587 0.112741
0.014877 0.002194 0.112741 0.047626
22.264644 1.255781 25.354334 1.768733
0.658524 0.123835 0.135034 0.016617
0.123835 0.049140 0.017199 0.002635
0.135034 0.017199 0.602644 0.115473
0.016617 0.002635 0.115473 0.048264
22.749006 1.218390 26.923918 1.905153
0.664776 0.124776 0.151974 0.019772
0.124776 0.049366 0.019991 0.003298
0.151974 0.019991 0.621065 0.119403
0.019772 0.003298 0.119403 0.049033
23.371548 1.221957 27.809092 1.891713
0.662014 0.124205 0.152482 0.019638
0.124205 0.049329 0.019820 0.003353
0.152482 0.019820 0.617870 0.118927
0.019638 0.003353 0.118927 0.048909
23.761069 1.168089 29.499140 2.041592
0.657065 0.123181 0.160140 0.021034
0.123181 0.049188 0.020790 0.003643
0.160140 0.020790 0.635598 0.122448
0.021034 0.003643 0.122448 0.049551
24.647736 1.225146 30.577818 2.048043
0.664546 0.124881 0.153177 0.019288
0.124881 0.049615 0.019269 0.003379
0.153177 0.019269 0.634133 0.122084
0.019288 0.003379 0.122084 0.049425
25.314290 1.234296 31.676724 2.061858
0.667695 0.125862 0.129231 0.014516
0.125862 0.049911 0.014710 0.002560
0.129231 0.014710 0.631162 0.121723
0.014516 0.002560 0.121723 0.049365
25.058243 1.069690 32.548126 2.044151
0.628073 0.118610 0.100809 0.010008
0.118610 0.048603 0.009926 0.001891
0.100809 0.009926 0.615080 0.118856
0.010008 0.001891 0.118856 0.048817
25.834685 1.126338 32.838079 1.897434
0.626233 0.118891 0.092729 0.009225
0.118891 0.048771 0.009547 0.001992
0.092729 0.009547 0.587682 0.113687
0.009225 0.001992 0.113687 0.047809
26.297295 1.107933 33.713093 1.884276
0.622123 0.118742 0.078000 0.007164
0.118742 0.048848 0.007462 0.001725
0.078000 0.007462 0.585370 0.113951
0.007164 0.001725 0.113951 0.047960
26.849808 1.106634 34.743382 1.901656
0.618290 0.118526 0.068274 0.006176
0.118526 0.048874 0.006390 0.001648
0.068274 0.006390 0.587297 0.114877
0.006176 0.001648 0.114877 0.048195
27.548072 1.130527 36.100801 1.980373
0.621678 0.119671 0.057882 0.004957
0.119671 0.049148 0.005103 0.001487
0.057882 0.005103 0.597552 0.117300
0.004957 0.001487 0.117300 0.048693
28.186196 1.145777 36.961882 1.954256
0.624891 0.120696 0.038536 0.001981
0.120696 0.049376 0.002265 0.001004
0.038536 0.002265 0.589882 0.115989
0.001981 0.001004 0.115989 0.048420
28.605238 1.118533 37.582105 1.884966
0.620803 0.120159 0.016656 -0.001289
0.120159 0.049273 -0.000921 0.000471
0.016656 -0.000921 0.577651 0.113857
-0.001289 0.000471 0.113857 0.048003
29.058711 1.095389 39.022264 1.983960
0.620073 0.120220 0.000256 -0.003365
0.120220 0.049279 -0.003078 0.000140
0.000256 -0.003078 0.591281 0.116919
-0.003365 0.000140 0.116919 0.048628
29.619289 1.096465 40.434858 2.067055
0.625951 0.121503 -0.017438 -0.005705
0.121503 0.049513 -0.005412 -0.000246
-0.017438 -0.005412 0.599306 0.118525
-0.005705 -0.000246 0.118525 0.048901
30.866036 1.232674 40.980835 1.969645
0.650080 0.126146 -0.028022 -0.006623
0.126146 0.050370 -0.006275 -0.000356
-0.028022 -0.006275 0.577248 0.113989
-0.006623 -0.000356 0.113989 0.047934
31.113758 1.161214 41.376804 1.853129
0.634099 0.122582 -0.048199 -0.009506
0.122582 0.049569 -0.009137 -0.000889
-0.048199 -0.009137 0.561318 0.111049
-0.009506 -0.000889 0.111049 0.047363
31.693567 1.161605 42.539213 1.900011
0.639063 0.123391 -0.063509 -0.011356
0.123391 0.049689 -0.010961 -0.001213
-0.063509 -0.010961 0.569772 0.113138
-0.011356 -0.001213 0.113138 0.047820
32.469125 1.199184 43.477218 1.898368
0.652257 0.125698 -0.078388 -0.013117
0.125698 0.050088 -0.012752 -0.001541
-0.078388 -0.012752 0.570327 0.113378
-0.013117 -0.001541 0.113378 0.047848
33.041391 1.197706 45.060075 2.024812
0.665646 0.127792 -0.099065 -0.016059
0.127792 0.050408 -0.015580 -0.002088
-0.099065 -0.015580 0.589341 0.117185
-0.016059 -0.002088 0.117185 0.048567
33.689434 1.205802 45.896199 1.989979
0.680311 0.129955 -0.118439 -0.018637
0.129955 0.050723 -0.018250 -0.002591
-0.118439 -0.018250 0.584688 0.115864
-0.018637 -0.002591 0.115864 0.048194
34.909970 1.309580 45.360509 1.689788
0.691390 0.131410 -0.121926 -0.018025
0.131410 0.050912 -0.018174 -0.002548
-0.121926 -0.018174 0.543674 0.107517
-0.018025 -0.002548 0.107517 0.046479
35.135277 1.231336 46.544936 1.753510
0.688558 0.129947 -0.141864 -0.021131
0.129947 0.050516 -0.020791 -0.003122
-0.141864 -0.020791 0.563760 0.111968
-0.021131 -0.003122 0.111968 0.047425
