0.983103 1.355344 2.017641 -0.084974
1.953890 0.781573 -0.090373 -0.036150
0.781573 80.316703 -0.036150 -0.014460
-0.090373 -0.036150 3.808809 1.523557
-0.036150 -0.014460 1.523557 80.613503
7.634975 12.060116 -0.178423 -3.575242
2.265175 4.051833 -1.752563 -2.859725
4.051833 14.099948 -3.122896 -5.344359
-1.752563 -3.122896 2.964623 4.853003
-2.859725 -5.344359 4.853003 19.901545
8.760860 6.305568 -0.824909 -3.198228
1.200396 1.507075 0.557911 0.962658
1.507075 3.362173 0.831869 0.930071
0.557911 0.831869 1.375993 1.854493
0.962658 0.930071 1.854493 4.993247
9.674413 3.945587 2.314122 1.698957
0.971972 0.857431 0.732969 0.661516
0.857431 1.244660 0.630160 0.433810
0.732969 0.630160 0.827316 0.773195
0.661516 0.433810 0.773195 1.478003
9.930782 2.641039 2.575838 1.577338
0.743933 0.529504 0.439967 0.231203
0.529504 0.592829 0.179036 0.036621
0.439967 0.179036 0.951894 0.803304
0.231203 0.036621 0.803304 0.966376
10.561532 2.193626 3.474876 1.752077
0.853939 0.514472 0.228424 0.036116
0.514472 0.419328 0.022146 -0.039916
0.228424 0.022146 1.130202 0.748954
0.036116 -0.039916 0.748954 0.629246
10.191917 1.414769 5.055374 2.242129
0.644249 0.319470 0.069073 -0.013782
0.319470 0.222711 -0.035798 -0.028287
0.069073 -0.035798 1.175290 0.620199
-0.013782 -0.028287 0.620199 0.399915
9.857739 1.002881 5.290681 1.902636
0.537127 0.231529 -0.094528 -0.064251
0.231529 0.143601 -0.081996 -0.033534
-0.094528 -0.081996 1.205976 0.527607
-0.064251 -0.033534 0.527607 0.278945
10.198002 0.930101 6.924775 2.157517
0.620182 0.234638 -0.134429 -0.061979
0.234638 0.121906 -0.070802 -0.021826
-0.134429 -0.070802 1.123927 0.416939
-0.061979 -0.021826 0.416939 0.190909
10.328750 0.819114 7.952435 2.143466
0.635764 0.213439 -0.193002 -0.066806
0.213439 0.099041 -0.072822 -0.018357
-0.193002 -0.072822 1.041665 0.337134
-0.066806 -0.018357 0.337134 0.138974
10.812883 0.842361 8.210514 1.908648
0.654737 0.197877 -0.241228 -0.068733
0.197877 0.084008 -0.073729 -0.016061
-0.241228 -0.073729 1.003870 0.289505
-0.068733 -0.016061 0.289505 0.109809
10.129080 0.548547 11.963219 2.637466
0.652996 0.180443 -0.172887 -0.040609
0.180443 0.072336 -0.044422 -0.006684
-0.172887 -0.044422 0.774561 0.202734
-0.040609 -0.006684 0.202734 0.077432
10.904299 0.674225 12.859534 2.539161
0.612230 0.156652 -0.145050 -0.028894
0.156652 0.061684 -0.032079 -0.003504
-0.145050 -0.032079 0.646384 0.157290
-0.028894 -0.003504 0.157290 0.061603
11.377632 0.708831 14.265524 2.572921
0.618646 0.148828 -0.136409 -0.023536
0.148828 0.057067 -0.026298 -0.002282
-0.136409 -0.026298 0.621130 0.143474
-0.023536 -0.002282 0.143474 0.055968
11.883447 0.735526 14.904398 2.429602
0.604112 0.137843 -0.133753 -0.021018
0.137843 0.052699 -0.023538 -0.002016
-0.133753 -0.023538 0.575626 0.127406
-0.021018 -0.002016 0.127406 0.050838
12.931133 0.886605 16.132616 2.443518
0.584787 0.128042 -0.121792 -0.017187
0.128042 0.049477 -0.019128 -0.001436
-0.121792 -0.019128 0.555099 0.119417
-0.017187 -0.001436 0.119417 0.048338
13.795836 0.982980 17.732540 2.531595
0.568192 0.120705 -0.103780 -0.012716
0.120705 0.047389 -0.014325 -0.000811
-0.103780 -0.014325 0.531671 0.112167
-0.012716 -0.000811 0.112167 0.046426
14.692003 1.065449 18.825812 2.501896
0.554616 0.115528 -0.071943 -0.005941
0.115528 0.046170 -0.007161 0.000286
-0.071943 -0.007161 0.523717 0.109467
-0.005941 0.000286 0.109467 0.045806
15.512428 1.116522 19.487859 2.383265
0.543417 0.111516 -0.056125 -0.003292
0.111516 0.045351 -0.004252 0.000423
-0.056125 -0.004252 0.515739 0.106935
-0.003292 0.000423 0.106935 0.045267
15.869114 1.077409 20.840234 2.413802
0.528970 0.107538 -0.041617 -0.001235
0.107538 0.044674 -0.002186 0.000418
-0.041617 -0.002186 0.490168 0.101139
-0.001235 0.000418 0.101139 0.044133
16.169259 1.023649 21.576145 2.313218
0.520152 0.105266 -0.032362 -0.000341
0.105266 0.044431 -0.001216 0.000259
-0.032362 -0.001216 0.474735 0.098043
-0.000341 0.000259 0.098043 0.043665
16.574285 1.000097 22.533612 2.270687
0.495264 0.100098 -0.025612 -0.000142
0.100098 0.043631 -0.000900 -0.000002
-0.025612 -0.000900 0.446179 0.092519
-0.000142 -0.000002 0.092519 0.042717
17.245415 1.036590 23.881040 2.316692
0.484670 0.098517 -0.005419 0.003129
0.098517 0.043646 0.002450 0.000484
-0.005419 0.002450 0.442472 0.092792
0.003129 0.000484 0.092792 0.043059
17.688665 1.019531 24.748056 2.254576
0.477750 0.097715 -0.001086 0.002906
0.097715 0.043761 0.002350 0.000255
-0.001086 0.002350 0.438474 0.092742
0.002906 0.000255 0.092742 0.043227
18.327965 1.045393 25.670076 2.211426
0.489437 0.100794 0.002187 0.002711
0.100794 0.044631 0.002258 0.000116
0.002187 0.002258 0.456692 0.097334
0.002711 0.000116 0.097334 0.044332
18.992792 1.073420 26.211938 2.091464
0.485116 0.100264 0.011377 0.003852
0.100264 0.044655 0.003438 0.000285
0.011377 0.003438 0.457276 0.097659
0.003852 0.000285 0.097659 0.044405
20.485646 1.271505 26.941723 2.025153
0.469254 0.097346 0.009345 0.002601
0.097346 0.044158 0.002302 -0.000022
0.009345 0.002302 0.457753 0.097867
0.002601 -0.000022 0.097867 0.044434
21.883134 1.430383 28.442618 2.129711
0.445834 0.093078 -0.010085 -0.002105
0.093078 0.043398 -0.002244 -0.000996
-0.010085 -0.002244 0.460105 0.098432
-0.002105 -0.000996 0.098432 0.044534
22.558082 1.421887 29.555653 2.140012
0.456386 0.096246 -0.005869 -0.001195
0.096246 0.044226 -0.001325 -0.000695
-0.005869 -0.001325 0.479294 0.102528
-0.001195 -0.000695 0.102528 0.045380
23.015946 1.368248 30.522510 2.118030
0.458290 0.097173 -0.007238 -0.001531
0.097173 0.044469 -0.001637 -0.000688
-0.007238 -0.001637 0.490538 0.104513
-0.001531 -0.000688 0.104513 0.045702
24.003078 1.432781 31.103718 2.016788
0.470383 0.100098 -0.003580 -0.000733
0.100098 0.045094 -0.000817 -0.000443
-0.003580 -0.000817 0.498135 0.105566
-0.000733 -0.000443 0.105566 0.045818
24.385549 1.361750 31.892248 1.970462
0.444026 0.094496 -0.005519 -0.001173
0.094496 0.043837 -0.001245 -0.000485
-0.005519 -0.001245 0.493035 0.103902
-0.001173 -0.000485 0.103902 0.045376
25.393536 1.431735 33.094756 2.016108
0.450269 0.096347 -0.019659 -0.004110
0.096347 0.044276 -0.004225 -0.001061
-0.019659 -0.004225 0.512298 0.107593
-0.004110 -0.001061 0.107593 0.046124
26.039910 1.416938 34.276879 2.052404
0.441979 0.094821 -0.019635 -0.003791
0.094821 0.043931 -0.003870 -0.000894
-0.019635 -0.003870 0.523836 0.109358
-0.003791 -0.000894 0.109358 0.046417
25.892196 1.232224 35.041415 1.997067
0.431634 0.092934 -0.022399 -0.004114
0.092934 0.043525 -0.004183 -0.000897
-0.022399 -0.004183 0.527001 0.109295
-0.004114 -0.000897 0.109295 0.046330
26.685983 1.270327 35.841452 1.956431
0.422338 0.091361 -0.032536 -0.005956
0.091361 0.043200 -0.006090 -0.001242
-0.032536 -0.006090 0.530949 0.109489
-0.005956 -0.001242 0.109489 0.046330
27.292254 1.262352 36.193572 1.827756
0.422349 0.091867 -0.041437 -0.007379
0.091867 0.043332 -0.007607 -0.001486
-0.041437 -0.007607 0.527123 0.108158
-0.007379 -0.001486 0.108158 0.046040
27.984748 1.275714 37.093097 1.825046
0.426240 0.093091 -0.044556 -0.007523
0.093091 0.043588 -0.007722 -0.001439
-0.044556 -0.007722 0.538140 0.110098
-0.007523 -0.001439 0.110098 0.046467
28.860521 1.328542 38.144728 1.854566
0.416177 0.091039 -0.050745 -0.008413
0.091039 0.043083 -0.008553 -0.001579
-0.050745 -0.008553 0.552142 0.112509
-0.008413 -0.001579 0.112509 0.046959
29.593773 1.343107 38.960034 1.832193
0.435529 0.095622 -0.051999 -0.008119
0.095622 0.044079 -0.008330 -0.001476
-0.051999 -0.008330 0.557726 0.113076
-0.008119 -0.001476 0.113076 0.047053
30.210310 1.330778 39.838641 1.824260
0.441789 0.096792 -0.054013 -0.008158
0.096792 0.044221 -0.008362 -0.001472
-0.054013 -0.008362 0.564025 0.113818
-0.008158 -0.001472 0.113818 0.047193
30.954037 1.344678 40.263510 1.726578
0.403420 0.088120 -0.046235 -0.006582
0.088120 0.042217 -0.006400 -0.001145
-0.046235 -0.006400 0.556321 0.111819
-0.006582 -0.001145 0.111819 0.046798
31.574104 1.336425 41.599016 1.821203
0.416364 0.091533 -0.044808 -0.006106
0.091533 0.043045 -0.005926 -0.001067
-0.044808 -0.005926 0.570348 0.114417
-0.006106 -0.001067 0.114417 0.047369
32.406598 1.373749 42.659167 1.852317
0.429493 0.094601 -0.039109 -0.004859
0.094601 0.043705 -0.004708 -0.000853
-0.039109 -0.004708 0.567631 0.113500
-0.004859 -0.000853 0.113500 0.047200
33.400724 1.438167 43.087529 1.754806
0.421155 0.092697 -0.017162 -0.000652
0.092697 0.043226 -0.000246 -0.000040
-0.017162 -0.000246 0.534709 0.106807
-0.000652 -0.000040 0.106807 0.045924
34.131028 1.440109 43.869383 1.735694
0.446450 0.098223 -0.020948 -0.001769
0.098223 0.044400 -0.001709 -0.000424
-0.020948 -0.001709 0.525068 0.105247
-0.001769 -0.000424 0.105247 0.045746
34.637078 1.393989 44.891465 1.765786
0.471167 0.103022 -0.030068 -0.003847
0.103022 0.045305 -0.004091 -0.000950
-0.030068 -0.004091 0.521410 0.104988
-0.003847 -0.000950 0.104988 0.045821
34.274631 1.163489 45.612976 1.728353
0.471042 0.101971 -0.042289 -0.006460
0.101971 0.044883 -0.006895 -0.001533
-0.042289 -0.006895 0.506760 0.102471
-0.006460 -0.001533 0.102471 0.045407
35.256098 1.247811 46.109834 1.655373
0.471503 0.101477 -0.011663 -0.000089
0.101477 0.044710 -0.000339 -0.000157
-0.011663 -0.000339 0.454975 0.092744
-0.000089 -0.000157 0.092744 0.043572
35.929619 1.257455 46.681624 1.602549
0.497505 0.106431 -0.015608 -0.001275
0.106431 0.045713 -0.001674 -0.000491
-0.015608 -0.001674 0.436923 0.090466
-0.001275 -0.000491 0.090466 0.043323
