1.508299 1.565427 3.952053 0.688808
1.860560 0.744240 -0.642202 -0.256886
0.744240 80.301769 -0.256886 -0.102757
-0.642202 -0.256886 2.605957 1.042405
-0.256886 -0.102757 1.042405 80.421038
2.660895 2.075639 1.546566 -4.071928
2.604851 4.616795 -1.504040 -2.466166
4.616795 14.678159 -2.519205 -6.026746
-1.504040 -2.519205 3.425138 5.869956
-2.466166 -6.026746 5.869956 18.770844
5.170903 3.847983 2.202973 -0.983731
2.228818 2.468153 -0.657620 -0.599199
2.468153 4.267048 -0.712294 -1.224335
-0.657620 -0.712294 0.544905 0.567755
-0.599199 -1.224335 0.567755 2.701178
6.926604 3.695709 2.521413 -0.044638
1.368099 1.088442 -0.211808 -0.083130
1.088442 1.462001 -0.184530 -0.305092
-0.211808 -0.184530 0.716062 0.822135
-0.083130 -0.305092 0.822135 1.544675
7.476237 2.834018 3.388437 0.646549
0.837730 0.535774 0.007370 0.041192
0.535774 0.633972 -0.025618 -0.097733
0.007370 -0.025618 0.869975 0.729523
0.041192 -0.097733 0.729523 0.835196
7.834138 2.216402 4.432515 1.105424
0.708700 0.395828 -0.027013 -0.017976
0.39582