1.418797 1.529625 0.432482 -0.719051
1.436991 0.574809 -0.292825 -0.117133
0.574809 80.233995 -0.117133 -0.046854
-0.292825 -0.117133 2.482419 0.992989
-0.117133 -0.046854 0.992989 80.401271
3.712583 4.387608 1.484172 1.788783
2.643092 4.838131 -1.349015 -2.286375
4.838131 14.050912 -2.426223 -5.010664
-1.349015 -2.426223 2.284257 3.955957
-2.286375 -5.010664 3.955957 15.262282
7.245249 5.839101 1.898498 1.354388
2.090401 2.262402 -0.821428 -0.764896
2.262402 3.682415 -0.802828 -1.068578
-0.821428 -0.802828 1.931557 2.239955
-0.764896 -1.068578 2.239955 4.431822
7.418795 3.685555 2.928932 1.492564
0.933572 0.734342 -0.036037 0.025801
0.734342 1.067821 0.006711 -0.110860
-0.036037 0.006711 1.346477 1.163610
0.025801 -0.110860 1.163610 1.666131
8.204334 2.980022 5.701910 2.874461
0.636831 0.417559 0.015581 0.011554
0.417559 0.513780 0.003207 -0.076644
0.015581 0.003207 1.168043 0.797328
0.011554 -0.076644 0.797328 0.851663
9.118103 2.663513 6.403639 2.475162
0.779859 0.448998 -0.211209 -0.137757
0.448998 0.391126 -0.141314 -0.130794
-0.211209 -0.141314 1.209025 0.684671
-0.137757 -0.130794 0.684671 0.556024
9.417077 2.185500 5.588851 1.526270
0.688039 0.336967 -0.402718 -0.201353
0.336967 0.246769 -0.207443 -0.125881
-0.402718 -0.207443 1.211921 0.577554
-0.201353 -0.125881 0.577554 0.379045
10.153642 2.034419 6.875359 1.740449
0.733679 0.311543 -0.401432 -0.166371
0.311543 0.188059 -0.170007 -0.084433
-0.401432 -0.170007 1.111346 0.453182
-0.166371 -0.084433 0.453182 0.255609
10.689196 1.848966 6.967827 1.460203
0.634448 0.235844 -0.407004 -0.144060
0.235844 0.129241 -0.146644 -0.061422
-0.407004 -0.146644 1.050135 0.375297
-0.144060 -0.061422 0.375297 0.186607
12.122270 2.018939 7.382153 1.363050
0.608056 0.203725 -0.331350 -0.101252
0.203725 0.101644 -0.102719 -0.038252
-0.331350 -0.102719 0.931465 0.297474
-0.101252 -0.038252 0.297474 0.136670
12.995909 1.979671 8.305379 1.432644
0.594956 0.182022 -0.289397 -0.078078
0.182022 0.084160 -0.079334 -0.026617
-0.289397 -0.079334 0.847203 0.246208
-0.078078 -0.026617 0.246208 0.106562
13.391107 1.820391 9.916048 1.668652
0.554882 0.156483 -0.269620 -0.066016
0.156483 0.069628 -0.067126 -0.020593
-0.269620 -0.067126 0.772027 0.207060
-0.066016 -0.020593 0.207060 0.086336
13.473231 1.605658 11.397791 1.821937
0.514793 0.135676 -0.258057 -0.058255
0.135676 0.059479 -0.059512 -0.016876
-0.258057 -0.059512 0.691995 0.173492
-0.058255 -0.016876 0.173492 0.071614
14.125962 1.576524 12.875363 1.957917
0.505132 0.126964 -0.213928 -0.043322
0.126964 0.054611 -0.044644 -0.011882
-0.213928 -0.044644 0.624878 0.149100
-0.043322 -0.011882 0.149100 0.061994
14.237140 1.422148 14.609273 2.123121
0.508681 0.122557 -0.198191 -0.037087
0.122557 0.051650 -0.038827 -0.009734
-0.198191 -0.038827 0.577796 0.132513
-0.037087 -0.009734 0.132513 0.055707
14.785252 1.384568 15.744781 2.136857
0.491744 0.114488 -0.163874 -0.027842
0.114488 0.048515 -0.029417 -0.007156
-0.163874 -0.029417 0.530100 0.118438
-0.027842 -0.007156 0.118438 0.051075
15.098787 1.288924 16.386739 2.033194
0.491415 0.111176 -0.154540 -0.025007
0.111176 0.046948 -0.026527 -0.006274
-0.154540 -0.026527 0.510829 0.112019
-0.025007 -0.006274 0.112019 0.048721
15.646293 1.264936 17.291075 2.006299
0.484761 0.107397 -0.130632 -0.019350
0.107397 0.045656 -0.020674 -0.004845
-0.130632 -0.020674 0.491281 0.106605
-0.019350 -0.004845 0.106605 0.047000
16.201110 1.252825 18.588934 2.069673
0.473436 0.103157 -0.113289 -0.015803
0.103157 0.044474 -0.017025 -0.004055
-0.113289 -0.017025 0.466958 0.100601
-0.015803 -0.004055 0.100601 0.045345
16.268102 1.130023 19.606503 2.055607
0.472448 0.101628 -0.111373 -0.015718
0.101628 0.044031 -0.016892 -0.004042
-0.111373 -0.016892 0.453685 0.097355
-0.015718 -0.004042 0.097355 0.044432
16.830018 1.130653 20.715745 2.073374
0.472872 0.100846 -0.105373 -0.014642
0.100846 0.043869 -0.015674 -0.003761
-0.105373 -0.015674 0.448892 0.096359
-0.014642 -0.003761 0.096359 0.044134
17.667810 1.180313 21.170738 1.950824
0.449136 0.095369 -0.082839 -0.010407
0.095369 0.042798 -0.011257 -0.002876
-0.082839 -0.011257 0.426006 0.091754
-0.010407 -0.002876 0.091754 0.043131
18.104958 1.145366 22.001424 1.916623
0.453110 0.096039 -0.091233 -0.012788
0.096039 0.043065 -0.013500 -0.003403
-0.091233 -0.013500 0.425480 0.091912
-0.012788 -0.003403 0.091912 0.043144
18.769456 1.163124 22.820025 1.887289
0.438521 0.092958 -0.084676 -0.011851
0.092958 0.042552 -0.012379 -0.003182
-0.084676 -0.012379 0.414873 0.090018
-0.011851 -0.003182 0.090018 0.042744
19.315899 1.159087 24.021948 1.943876
0.441763 0.093908 -0.088730 -0.012995
0.093908 0.042914 -0.013376 -0.003374
-0.088730 -0.013376 0.419813 0.091504
-0.012995 -0.003374 0.091504 0.043077
20.135921 1.216241 25.379780 2.032970
0.425317 0.090622 -0.085920 -0.012749
0.090622 0.042334 -0.012930 -0.003286
-0.085920 -0.012930 0.412244 0.090103
-0.012749 -0.003286 0.090103 0.042744
20.681296 1.197932 26.054818 1.956109
0.406003 0.087151 -0.072672 -0.010187
0.087151 0.041771 -0.010345 -0.002727
-0.072672 -0.010345 0.395870 0.086971
-0.010187 -0.002727 0.086971 0.042078
21.239589 1.190713 27.159187 1.983786
0.416363 0.090207 -0.074629 -0.010783
0.090207 0.042603 -0.010879 -0.002812
-0.074629 -0.010879 0.408565 0.090328
-0.010783 -0.002812 0.090328 0.042854
22.010644 1.225813 27.879283 1.925345
0.412875 0.089983 -0.065253 -0.008945
0.089983 0.042635 -0.009019 -0.002394
-0.065253 -0.009019 0.407993 0.090449
-0.008945 -0.002394 0.090449 0.042849
22.561694 1.219035 29.397776 2.048990
0.396249 0.086741 -0.060650 -0.008481
0.086741 0.041959 -0.008334 -0.002304
-0.060650 -0.008334 0.408600 0.090700
-0.008481 -0.002304 0.090700 0.042850
23.312107 1.252063 30.567823 2.083255
0.400181 0.088158 -0.067992 -0.010394
0.088158 0.042325 -0.010171 -0.002708
-0.067992 -0.010171 0.420999 0.093384
-0.010394 -0.002708 0.093384 0.043368
23.821567 1.230147 31.963551 2.160869
0.392464 0.086822 -0.069183 -0.010824
0.086822 0.042035 -0.010481 -0.002754
-0.069183 -0.010481 0.427715 0.094590
-0.010824 -0.002754 0.094590 0.043532
24.472397 1.234969 32.768981 2.100192
0.394711 0.087704 -0.076284 -0.012367
0.087704 0.042232 -0.012056 -0.003046
-0.076284 -0.012056 0.434952 0.095739
-0.012367 -0.003046 0.095739 0.043673
25.709630 1.383070 34.524109 2.263479
0.360963 0.080309 -0.083389 -0.014163
0.080309 0.040530 -0.013458 -0.003372
-0.083389 -0.013458 0.442264 0.096830
-0.014163 -0.003372 0.096830 0.043804
25.647256 1.208071 35.431459 2.204479
0.348220 0.078494 -0.074195 -0.011914
0.078494 0.040257 -0.011199 -0.002800
-0.074195 -0.011199 0.436474 0.095182
-0.011914 -0.002800 0.095182 0.043393
26.623263 1.290158 36.247919 2.146537
0.359560 0.082102 -0.073706 -0.011522
0.082102 0.041170 -0.011090 -0.002699
-0.073706 -0.011090 0.437308 0.095096
-0.011522 -0.002699 0.095096 0.043357
27.266135 1.287622 37.173999 2.114252
0.353378 0.081086 -0.074722 -0.011761
0.081086 0.040876 -0.011335 -0.002756
-0.074722 -0.011335 0.438607 0.095145
-0.011761 -0.002756 0.095145 0.043357
27.873378 1.266125 37.302526 1.910633
0.363068 0.083700 -0.080409 -0.012791
0.083700 0.041419 -0.012758 -0.003018
-0.080409 -0.012758 0.432044 0.093449
-0.012791 -0.003018 0.093449 0.042975
28.052458 1.163384 38.497195 1.956812
0.371710 0.085767 -0.081365 -0.012722
0.085767 0.041790 -0.012651 -0.002936
-0.081365 -0.012651 0.444364 0.096157
-0.012722 -0.002936 0.096157 0.043612
28.534402 1.136844 39.250349 1.906226
0.387584 0.089148 -0.089229 -0.014100
0.089148 0.042409 -0.014309 -0.003238
-0.089229 -0.014309 0.449325 0.096899
-0.014100 -0.003238 0.096899 0.043740
28.953819 1.103746 40.302570 1.925687
0.402431 0.091934 -0.095866 -0.015118
0.091934 0.042853 -0.015442 -0.003415
-0.095866 -0.015442 0.459103 0.098679
-0.015118 -0.003415 0.098679 0.044098
29.412921 1.085604 41.476936 1.970254
0.395199 0.089520 -0.093095 -0.014356
0.089520 0.042122 -0.014396 -0.003189
-0.093095 -0.014396 0.463841 0.099368
-0.014356 -0.003189 0.099368 0.044223
29.872643 1.056223 41.785501 1.822589
0.390582 0.088086 -0.087643 -0.013073
0.088086 0.041728 -0.013181 -0.002939
-0.087643 -0.013181 0.449772 0.096010
-0.013073 -0.002939 0.096010 0.043485
30.627872 1.100414 42.196193 1.717710
0.379745 0.085504 -0.077728 -0.011062
0.085504 0.041146 -0.011025 -0.002529
-0.077728 -0.011025 0.439215 0.093861
-0.011062 -0.002529 0.093861 0.043097
31.155485 1.099483 43.338342 1.778787
0.396825 0.089374 -0.081901 -0.011873
0.089374 0.042051 -0.012054 -0.002744
-0.081901 -0.012054 0.445276 0.095312
-0.011873 -0.002744 0.095312 0.043476
32.432727 1.262890 44.090680 1.759688
0.379090 0.085358 -0.057130 -0.006854
0.085358 0.041170 -0.006762 -0.001683
-0.057130 -0.006762 0.425819 0.091510
-0.006854 -0.001683 0.091510 0.042760
33.548183 1.371369 44.851480 1.740211
0.387957 0.087576 -0.048416 -0.005384
0.087576 0.041737 -0.005538 -0.001494
-0.048416 -0.005538 0.411201 0.088840
-0.005384 -0.001494 0.088840 0.042285
34.682410 1.468632 45.340807 1.662150
0.387965 0.087616 -0.033253 -0.002697
0.087616 0.041767 -0.003039 -0.001044
-0.033253 -0.003039 0.382257 0.083290
-0.002697 -0.001044 0.083290 0.041208
35.439121 1.476560 46.463170 1.726901
0.422403 0.095077 -0.054552 -0.007881
0.095077 0.043397 -0.008482 -0.002280
-0.054552 -0.008482 0.393976 0.086734
-0.007881 -0.002280 0.086734 0.042084
36.110579 1.462229 47.397430 1.742048
0.446799 0.099586 -0.069323 -0.011153
0.099586 0.044239 -0.011911 -0.002968
-0.069323 -0.011911 0.390871 0.086495
-0.011153 -0.002968 0.086495 0.042039
