-0.089186 0.926419 9.542091 2.924872
5.192639 2.077101 9.161269 3.664587
2.077101 80.834925 3.664587 1.465867
9.161269 3.664587 57.920138 23.168557
3.664587 1.465867 23.168557 89.271690
2.366092 4.353328 9.861055 1.822601
4.822206 7.137862 4.253792 2.083726
7.137862 23.161224 5.606839 8.113648
4.253792 5.606839 7.935453 4.669000
2.083726 8.113648 4.669000 46.930475
3.686325 3.554050 8.386935 -0.991098
4.029443 4.337208 0.695793 -0.733802
4.337208 8.042402 0.658869 2.077809
0.695793 0.658869 1.764409 2.055559
-0.733802 2.077809 2.055559 15.149440
5.127972 3.216242 7.178306 -1.867696
3.369029 2.676788 0.012051 -0.376432
2.676788 3.396055 0.318910 0.968381
0.012051 0.318910 3.086727 3.962033
-0.376432 0.968381 3.962033 7.953946
8.444607 4.350535 6.984162 -1.239953
2.597880 1.649932 0.101174 0.054888
1.649932 1.669265 0.691409 0.905930
0.101174 0.691409 8.584034 7.543188
0.054888 0.905930 7.543188 7.610654
7.862700 2.814857 4.400483 -2.514626
0.877627 0.354577 -2.495963 -1.557148
0.354577 0.469469 -0.786190 -0.338899
-2.495963 -0.786190 12.265077 7.677902
-1.557148 -0.338899 7.677902 5.276634
9.494613 2.974406 3.488139 -2.308148
0.657564 0.335359 -1.074288 -0.457193
0.335359 0.376234 -0.034573 0.095350
-1.074288 -0.034573 9.862655 4.877018
-0.457193 0.095350 4.877018 2.684063
9.906549 2.650027 7.838557 -0.157562
0.529777 0.324674 0.867122 0.420045
0.324674 0.302372 0.635308 0.329319
0.867122 0.635308 3.674873 1.619982
0.420045 0.329319 1.619982 0.883706
10.610349 2.322910 6.134176 -0.776753
0.480633 0.242260 0.450455 0.190178
0.242260 0.184730 0.261743 0.122550
0.450455 0.261743 3.008270 1.103698
0.190178 0.122550 1.103698 0.521593
11.118343 2.037549 5.112180 -1.000769
0.563186 0.245584 0.457617 0.165130
0.245584 0.150214 0.213769 0.084745
0.457617 0.213769 3.920533 1.254848
0.165130 0.084745 1.254848 0.488412
12.166815 2.048803 4.548784 -1.017711
0.682869 0.259639 0.548509 0.170029
0.259639 0.131527 0.210614 0.070497
0.548509 0.210614 5.203170 1.470895
0.170029 0.070497 1.470895 0.484275
12.564866 1.838769 3.859143 -1.073142
0.679001 0.227160 0.641629 0.171708
0.227160 0.103176 0.207503 0.059277
0.641629 0.207503 6.640101 1.673488
0.171708 0.059277 1.673488 0.478513
13.631651 1.884487 2.799092 -1.189743
0.744434 0.223533 0.687508 0.163470
0.223533 0.091210 0.190044 0.048018
0.687508 0.190044 8.056396 1.827051
0.163470 0.048018 1.827051 0.463461
14.019441 1.736701 0.434855 -1.557287
0.803377 0.218938 0.790312 0.168399
0.218938 0.082108 0.193049 0.043314
0.790312 0.193049 9.021478 1.858502
0.168399 0.043314 1.858502 0.426933
14.556725 1.660007 -2.660108 -1.994987
0.832427 0.208691 0.705055 0.136892
0.208691 0.073984 0.153854 0.031595
0.705055 0.153854 7.993527 1.508293
0.136892 0.031595 1.508293 0.325321
15.638244 1.722459 -4.586872 -2.156137
0.808451 0.189208 0.396432 0.071470
0.189208 0.065701 0.075022 0.014937
0.396432 0.075022 5.404544 0.942760
0.071470 0.014937 0.942760 0.202996
16.130821 1.640471 -5.597526 -2.145725
0.808410 0.178086 0.336989 0.056330
0.178086 0.060743 0.062421 0.011587
0.336989 0.062421 3.501510 0.572272
0.056330 0.011587 0.572272 0.130689
16.587061 1.561622 -6.126562 -2.061134
0.795930 0.166635 0.298476 0.046443
0.166635 0.056721 0.053151 0.009243
0.298476 0.053151 2.515384 0.391295
0.046443 0.009243 0.391295 0.097177
16.891229 1.464876 -7.101534 -2.051892
0.793252 0.159346 0.276796 0.040277
0.159346 0.054300 0.046828 0.007661
0.276796 0.046828 2.044671 0.307636
0.040277 0.007661 0.307636 0.082078
17.587007 1.458901 -8.357173 -2.085740
0.786263 0.152997 0.209588 0.028104
0.152997 0.052589 0.031787 0.004997
0.209588 0.031787 1.763465 0.260126
0.028104 0.004997 0.260126 0.073852
17.858401 1.374095 -9.862998 -2.151362
0.801692 0.151973 0.190719 0.024008
0.151973 0.052173 0.027526 0.004147
0.190719 0.027526 1.553334 0.226826
0.024008 0.004147 0.226826 0.068404
18.187526 1.304212 -10.445121 -2.076842
0.794455 0.147361 0.168039 0.019864
0.147361 0.051244 0.023409 0.003431
0.168039 0.023409 1.300282 0.189644
0.019864 0.003431 0.189644 0.062791
19.173525 1.364258 -11.284737 -2.049669
0.783544 0.143289 0.103954 0.009929
0.143289 0.050647 0.011507 0.001627
0.103954 0.011507 1.156943 0.171062
0.009929 0.001627 0.171062 0.060266
19.895551 1.369288 -11.962707 -1.997474
0.779820 0.141060 0.075199 0.005844
0.141060 0.050453 0.007023 0.001030
0.075199 0.007023 1.039193 0.156690
0.005844 0.001030 0.156690 0.058378
20.583444 1.374123 -13.676846 -2.108381
0.814857 0.146287 0.053310 0.002737
0.146287 0.051654 0.003589 0.000562
0.053310 0.003589 1.010024 0.156189
0.002737 0.000562 0.156189 0.058607
21.959973 1.496818 -14.697573 -2.107290
0.827979 0.147551 0.000780 -0.004931
0.147551 0.052099 -0.004784 -0.000651
0.000780 -0.004784 0.935011 0.148079
-0.004931 -0.000651 0.148079 0.057533
21.739045 1.322536 -15.016007 -1.983561
0.826213 0.145884 0.044501 0.003401
0.145884 0.051940 0.004532 0.001046
0.044501 0.004532 0.839993 0.136040
0.003401 0.001046 0.136040 0.055671
22.263803 1.301200 -16.759306 -2.108438
0.875392 0.153772 0.040977 0.003101
0.153772 0.053544 0.004233 0.000992
0.040977 0.004233 0.837752 0.139681
0.003101 0.000992 0.139681 0.056427
22.508012 1.228974 -17.386524 -2.033968
0.890583 0.155199 0.048954 0.004884
0.155199 0.053900 0.006108 0.001331
0.048954 0.006108 0.777409 0.132507
0.004884 0.001331 0.132507 0.055168
22.808000 1.173817 -18.172592 -1.992406
0.913046 0.158008 0.052108 0.005639
0.158008 0.054502 0.006853 0.001441
0.052108 0.006853 0.739618 0.129097
0.005639 0.001441 0.129097 0.054531
23.146652 1.132206 -19.552332 -2.060034
0.958558 0.164752 0.054359 0.006064
0.164752 0.055760 0.007252 0.001467
0.054359 0.007252 0.733374 0.130918
0.006064 0.001467 0.130918 0.054759
23.534191 1.100964 -20.305569 -2.009001
0.984803 0.167833 0.052486 0.005766
0.167833 0.056319 0.006972 0.001382
0.052486 0.006972 0.699993 0.127130
0.005766 0.001382 0.127130 0.053866
23.826685 1.056691 -21.081997 -1.965827
1.013641 0.171293 0.054983 0.006267
0.171293 0.056931 0.007412 0.001436
0.054983 0.007412 0.675728 0.124762
0.006267 0.001436 0.124762 0.053217
24.560136 1.089510 -21.505423 -1.861589
1.032129 0.172984 0.040842 0.003634
0.172984 0.057240 0.005034 0.000964
0.040842 0.005034 0.643108 0.120580
0.003634 0.000964 0.120580 0.052215
24.482827 0.987828 -23.131046 -1.991690
1.093646 0.181809 0.063622 0.008055
0.181809 0.058729 0.008845 0.001677
0.063622 0.008845 0.663100 0.126133
0.008055 0.001677 0.126133 0.053045
24.695423 0.942591 -24.521979 -2.066465
1.149938 0.189259 0.071233 0.009199
0.189259 0.059912 0.009864 0.001802
0.071233 0.009864 0.665071 0.127440
0.009199 0.001802 0.127440 0.052961
25.705996 1.031482 -25.889172 -2.133099
1.209789 0.196958 0.052862 0.005226
0.196958 0.061095 0.006596 0.001094
0.052862 0.006596 0.658766 0.126854
0.005226 0.001094 0.126854 0.052519
26.241128 1.033585 -26.611146 -2.066519
1.247674 0.200639 0.055513 0.005784
0.200639 0.061570 0.007067 0.001191
0.055513 0.007067 0.632428 0.122122
0.005784 0.001191 0.122122 0.051282
27.543960 1.156270 -26.844822 -1.914152
1.275339 0.202725 0.036486 0.002111
0.202725 0.061817 0.004071 0.000610
0.036486 0.004071 0.594740 0.115474
0.002111 0.000610 0.115474 0.049779
28.493273 1.215774 -28.234298 -2.000257
1.341523 0.210897 0.044978 0.003993
0.210897 0.063041 0.005511 0.000919
0.044978 0.005511 0.603522 0.118156
0.003993 0.000919 0.118156 0.050174
28.632755 1.142995 -29.242755 -2.000289
1.383496 0.214831 0.077919 0.010594
0.214831 0.063548 0.010641 0.001938
0.077919 0.010641 0.601501 0.118180
0.010594 0.001938 0.118180 0.049972
29.270060 1.153170 -30.265197 -2.004940
1.436656 0.220492 0.094426 0.013295
0.220492 0.064340 0.012821 0.002279
0.094426 0.012821 0.597951 0.117793
0.013295 0.002279 0.117793 0.049705
29.682161 1.127546 -31.079638 -1.967003
1.480649 0.224561 0.116629 0.016937
0.224561 0.064875 0.015729 0.002752
0.116629 0.015729 0.590525 0.116507
0.016937 0.002752 0.116507 0.049268
30.156401 1.113244 -31.859268 -1.926061
1.525787 0.228769 0.136116 0.019742
0.228769 0.065440 0.018037 0.003078
0.136116 0.018037 0.584308 0.115462
0.019742 0.003078 0.115462 0.048910
30.803818 1.125301 -32.535110 -1.869308
1.570746 0.232922 0.150889 0.021414
0.232922 0.066004 0.019534 0.003234
0.150889 0.019534 0.576884 0.114174
0.021414 0.003234 0.114174 0.048528
32.160762 1.240243 -33.123894 -1.805091
1.624208 0.238363 0.152336 0.020294
0.238363 0.066773 0.019047 0.002994
0.152336 0.019047 0.566978 0.112478
0.020294 0.002994 0.112478 0.048101
33.138012 1.293435 -34.190421 -1.840479
1.687096 0.244893 0.175246 0.023613
0.244893 0.067665 0.021684 0.003416
0.175246 0.021684 0.576340 0.114552
0.023613 0.003416 0.114552 0.048424
34.087033 1.340117 -35.512388 -1.923570
1.758001 0.252298 0.205616 0.028142
0.252298 0.068655 0.025221 0.003992
0.205616 0.025221 0.592423 0.117634
0.028142 0.003992 0.117634 0.048900
34.026533 1.235734 -36.478741 -1.918452
1.797587 0.254783 0.254057 0.036214
0.254783 0.068891 0.031203 0.005067
0.254057 0.031203 0.602596 0.119022
0.036214 0.005067 0.119022 0.048964
34.341893 1.194867 -37.641181 -1.956439
1.858336 0.260470 0.290424 0.040999
0.260470 0.069626 0.035111 0.005622
0.290424 0.035111 0.614533 0.120696
0.040999 0.005622 0.120696 0.049112
