1.742964 1.659295 0.655965 -0.629655
2.235068 0.894047 -0.438723 -0.175493
0.894047 80.361693 -0.175493 -0.070199
-0.438723 -0.175493 4.392471 1.757026
-0.175493 -0.070199 1.757026 80.706892
4.599970 5.289598 1.559459 1.390054
3.584330 6.283050 -1.769387 -2.708183
6.283050 18.686821 -3.058859 -5.828073
-1.769387 -3.058859 2.113138 3.320896
-2.708183 -5.828073 3.320896 18.544432
2.685428 0.224912 2.098792 0.327984
1.707994 1.939422 0.590050 1.122974
1.939422 4.055562 0.745455 0.782493
0.590050 0.745455 1.156403 1.686945
1.122974 0.782493 1.686945 4.932255
5.742614 2.749030 3.167167 1.094339
1.254494 1.162419 -0.530578 -0.630186
1.162419 1.735919 -0.572374 -0.832807
-0.530578 -0.572374 1.073252 1.153200
-0.630186 -0.832807 1.153200 1.932275
5.940930 1.884159 5.909103 2.811709
0.921571 0.651147 -0.096483 -0.074686
0.651147 0.753122 -0.084525 -0.126078
-0.096483 -0.084525 1.012036 0.792317
-0.074686 -0.126078 0.792317 0.898166
6.271289 1.546730 5.867986 1.930282
1.089970 0.639563 -0.345065 -0.217723
0.639563 0.532145 -0.215624 -0.165341
-0.345065 -0.215624 1.112160 0.682441
-0.217723 -0.165341 0.682441 0.560957
8.720729 2.362280 6.419177 1.724107
1.092942 0.532013 -0.345805 -0.172246
0.532013 0.354645 -0.171357 -0.102112
-0.345805 -0.171357 1.225343 0.610483
-0.172246 -0.102112 0.610483 0.389747
9.267976 2.097437 6.170715 1.258898
0.793201 0.328562 -0.427354 -0.176860
0.328562 0.201154 -0.175402 -0.083272
-0.427354 -0.175402 1.264842 0.527460
-0.176860 -0.083272 0.527460 0.278239
11.258431 2.437496 5.588259 0.827292
0.704862 0.258945 -0.349428 -0.122022
0.258945 0.143265 -0.120115 -0.049291
-0.349428 -0.120115 1.214292 0.435778
-0.122022 -0.049291 0.435778 0.200127
11.583820 2.162521 8.471467 1.605981
0.678311 0.225936 -0.245578 -0.073455
0.225936 0.113353 -0.072352 -0.026998
-0.245578 -0.072352 0.986381 0.311771
-0.073455 -0.026998 0.311771 0.134024
12.504299 2.115269 9.485407 1.665417
0.665039 0.202652 -0.202378 -0.053531
0.202652 0.093698 -0.052633 -0.018020
-0.202378 -0.052633 0.902276 0.257537
-0.053531 -0.018020 0.257537 0.104101
13.119233 1.987249 10.107867 1.607058
0.641396 0.180433 -0.183672 -0.044110
0.180433 0.078895 -0.043539 -0.013720
-0.183672 -0.043539 0.839381 0.219947
-0.044110 -0.013720 0.219947 0.085275
13.334055 1.786957 11.546846 1.757769
0.589951 0.154494 -0.206245 -0.046624
0.154494 0.066242 -0.047193 -0.013386
-0.206245 -0.047193 0.749035 0.182488
-0.046624 -0.013386 0.182488 0.070334
13.357864 1.568769 12.499467 1.767626
0.587636 0.145828 -0.191798 -0.039714
0.145828 0.060556 -0.040448 -0.010619
-0.191798 -0.040448 0.696282 0.160491
-0.039714 -0.010619 0.160491 0.061848
14.270720 1.605707 13.875915 1.878960
0.579532 0.137479 -0.160643 -0.030184
0.137479 0.056145 -0.030711 -0.007650
-0.160643 -0.030711 0.649240 0.143477
-0.030184 -0.007650 0.143477 0.056004
15.253723 1.645896 14.696717 1.855178
0.586915 0.134048 -0.138129 -0.023664
0.134048 0.053701 -0.023906 -0.005697
-0.138129 -0.023906 0.642396 0.137639
-0.023664 -0.005697 0.137639 0.053516
15.995927 1.632669 16.016582 1.937033
0.565838 0.125003 -0.114369 -0.018010
0.125003 0.050507 -0.018261 -0.004307
-0.114369 -0.018261 0.594387 0.124115
-0.018010 -0.004307 0.124115 0.049849
17.026727 1.679026 16.960904 1.934314
0.514284 0.110750 -0.093058 -0.013790
0.110750 0.046719 -0.013966 -0.003406
-0.093058 -0.013966 0.531130 0.109183
-0.013790 -0.003406 0.109183 0.046390
17.780343 1.657953 17.694895 1.885227
0.505945 0.107546 -0.080551 -0.011261
0.107546 0.045805 -0.011373 -0.002814
-0.080551 -0.011373 0.517023 0.105963
-0.011261 -0.002814 0.105963 0.045719
17.975025 1.528021 19.068910 1.967736
0.504619 0.106295 -0.072542 -0.009777
0.106295 0.045445 -0.009991 -0.002500
-0.072542 -0.009991 0.499645 0.102377
-0.009777 -0.002500 0.102377 0.045033
17.929052 1.357627 20.067872 1.962853
0.493242 0.103167 -0.067690 -0.009129
0.103167 0.044757 -0.009410 -0.002389
-0.067690 -0.009410 0.475835 0.097774
-0.009129 -0.002389 0.097774 0.044182
18.458568 1.329850 21.415111 2.037613
0.492057 0.102880 -0.035246 -0.002623
0.102880 0.044816 -0.002837 -0.001001
-0.035246 -0.002837 0.470632 0.097685
-0.002623 -0.001001 0.097685 0.044376
19.116527 1.328150 22.403678 2.031224
0.492627 0.102931 -0.011052 0.001651
0.102931 0.044918 0.001479 -0.000182
-0.011052 0.001479 0.471891 0.098737
0.001651 -0.000182 0.098737 0.044726
19.735803 1.321148 23.823630 2.115969
0.494516 0.103097 -0.014646 -0.000177
0.103097 0.044996 -0.000289 -0.000673
-0.014646 -0.000289 0.477078 0.100214
-0.000177 -0.000673 0.100214 0.045062
20.159182 1.271515 24.828304 2.103705
0.484579 0.100924 -0.002626 0.001559
0.100924 0.044605 0.001456 -0.000347
-0.002626 0.001456 0.470223 0.099036
0.001559 -0.000347 0.099036 0.044814
20.306404 1.169972 25.997206 2.127087
0.490914 0.102357 0.003454 0.002078
0.102357 0.044996 0.001989 -0.000259
0.003454 0.001989 0.480502 0.101504
0.002078 -0.000259 0.101504 0.045340
20.920816 1.176166 27.110123 2.137555
0.485851 0.101279 0.003248 0.001331
0.101279 0.044820 0.001272 -0.000416
0.003248 0.001272 0.484441 0.102330
0.001331 -0.000416 0.102330 0.045461
21.502613 1.174904 28.396688 2.183511
0.486207 0.101454 0.000802 0.000320
0.101454 0.044919 0.000280 -0.000589
0.000802 0.000280 0.496677 0.104811
0.000320 -0.000589 0.104811 0.045924
21.520650 1.055980 29.498498 2.185793
0.471813 0.098536 0.002146 0.000313
0.098536 0.044358 0.000275 -0.000520
0.002146 0.000275 0.496021 0.104336
0.000313 -0.000520 0.104336 0.045731
22.301027 1.108901 30.570437 2.181209
0.469755 0.098480 -0.014297 -0.003348
0.098480 0.044438 -0.003383 -0.001216
-0.014297 -0.003383 0.504904 0.105950
-0.003348 -0.001216 0.105950 0.046012
22.945663 1.128114 30.942997 2.031060
0.473079 0.099509 -0.014297 -0.003152
0.099509 0.044718 -0.003178 -0.001038
-0.014297 -0.003178 0.501647 0.104881
-0.003152 -0.001038 0.104881 0.045718
23.795421 1.188344 32.238744 2.089525
0.468469 0.098730 -0.019232 -0.003991
0.098730 0.044578 -0.004022 -0.001107
-0.019232 -0.004022 0.516934 0.107830
-0.003991 -0.001107 0.107830 0.046304
24.326201 1.174895 33.195197 2.071147
0.476886 0.100742 -0.027798 -0.005494
0.100742 0.045029 -0.005546 -0.001321
-0.027798 -0.005546 0.530104 0.110079
-0.005494 -0.001321 0.110079 0.046702
25.179640 1.230129 33.521048 1.924915
0.456599 0.096460 -0.032775 -0.006153
0.096460 0.044101 -0.006210 -0.001360
-0.032775 -0.006210 0.516638 0.106666
-0.006153 -0.001360 0.106666 0.045916
25.893604 1.250276 34.111563 1.848452
0.449497 0.095360 -0.031992 -0.005585
0.095360 0.043924 -0.005612 -0.001151
-0.031992 -0.005612 0.515735 0.106260
-0.005585 -0.001151 0.106260 0.045844
26.436451 1.230153 34.177307 1.671409
0.449557 0.095861 -0.019540 -0.002699
0.095861 0.044088 -0.002664 -0.000492
-0.019540 -0.002664 0.503652 0.103667
-0.002699 -0.000492 0.103667 0.045342
26.552715 1.124106 35.260478 1.720948
0.432565 0.092548 -0.021273 -0.003095
0.092548 0.043391 -0.002988 -0.000588
-0.021273 -0.002988 0.517604 0.106669
-0.003095 -0.000588 0.106669 0.046028
27.194033 1.141043 36.075758 1.711885
0.426660 0.091837 -0.029718 -0.004808
0.091837 0.043290 -0.004756 -0.000964
-0.029718 -0.004756 0.527029 0.108436
-0.004808 -0.000964 0.108436 0.046391
28.095298 1.213528 37.150073 1.757895
0.431232 0.093386 -0.031432 -0.004954
0.093386 0.043663 -0.004892 -0.000967
-0.031432 -0.004892 0.542483 0.111325
-0.004954 -0.000967 0.111325 0.046964
29.249007 1.334219 38.463980 1.848938
0.412041 0.089502 -0.038273 -0.006254
0.089502 0.042793 -0.006149 -0.001229
-0.038273 -0.006149 0.560770 0.114537
-0.006254 -0.001229 0.114537 0.047560
29.949195 1.339655 38.979679 1.765996
0.417814 0.091403 -0.035798 -0.005455
0.091403 0.043253 -0.005391 -0.001040
-0.035798 -0.005391 0.553171 0.112280
-0.005455 -0.001040 0.112280 0.047020
30.291000 1.267706 39.905258 1.773091
0.406944 0.089342 -0.035547 -0.005303
0.089342 0.042771 -0.005170 -0.001006
-0.035547 -0.005170 0.558742 0.112992
-0.005303 -0.001006 0.112992 0.047153
31.255294 1.343055 41.252748 1.867721
0.379567 0.083775 -0.028982 -0.003997
0.083775 0.041546 -0.003553 -0.000716
-0.028982 -0.003553 0.574254 0.115742
-0.003997 -0.000716 0.115742 0.047707
32.293472 1.423408 41.863878 1.804675
0.379777 0.084779 -0.018710 -0.001948
0.084779 0.041861 -0.001437 -0.000319
-0.018710 -0.001437 0.558761 0.112089
-0.001948 -0.000319 0.112089 0.046945
32.800464 1.377393 42.784071 1.807394
0.405460 0.091177 -0.026382 -0.003584
0.091177 0.043299 -0.003483 -0.000764
-0.026382 -0.003483 0.556641 0.111459
-0.003584 -0.000764 0.111459 0.046857
33.033539 1.274855 43.668192 1.801620
0.417599 0.093777 -0.029777 -0.004267
0.093777 0.043732 -0.004358 -0.000945
-0.029777 -0.004358 0.547437 0.109538
-0.004267 -0.000945 0.109538 0.046528
33.244435 1.177794 44.203728 1.726603
0.431984 0.096584 -0.032557 -0.004757
0.096584 0.044184 -0.005041 -0.001071
-0.032557 -0.005041 0.526768 0.105526
-0.004757 -0.001071 0.105526 0.045806
34.289541 1.281013 45.471964 1.810176
0.456147 0.101345 -0.020883 -0.002257
0.101345 0.045066 -0.002392 -0.000508
-0.020883 -0.002392 0.515870 0.103892
-0.002257 -0.000508 0.103892 0.045621
35.133225 1.325747 46.385838 1.812749
0.478854 0.105290 -0.015173 -0.001209
0.105290 0.045706 -0.001414 -0.000336
-0.015173 -0.001414 0.488602 0.098997
-0.001209 -0.000336 0.098997 0.044756
36.026614 1.377850 47.896641 1.937279
0.514164 0.111605 -0.021204 -0.002602
0.111605 0.046838 -0.002987 -0.000684
-0.021204 -0.002987 0.480671 0.098341
-0.002602 -0.000684 0.098341 0.044780
