4.035981 2.576522 18.564528 6.533925
4.244419 1.697804 7.490272 2.996174
1.697804 80.683203 2.996174 1.198495
7.490272 2.996174 73.042890 29.217789
2.996174 1.198495 29.217789 91.691435
2.730193 -0.819349 13.917953 2.006776
4.818385 7.977176 0.061773 -0.511897
7.977176 24.647180 0.059494 2.928479
0.061773 0.059494 0.375845 0.222018
-0.511897 2.928479 0.222018 46.551039
5.139863 1.836486 10.156760 -7.165540
3.825672 4.167164 1.051542 1.991932
4.167164 7.381812 1.154806 2.337361
1.051542 1.154806 0.414457 0.788428
1.991932 2.337361 0.788428 2.926524
6.451760 2.133457 6.767073 -6.950088
3.145105 2.521540 0.991940 0.963630
2.521540 3.129018 0.559766 0.591528
0.991940 0.559766 1.183921 1.502456
0.963630 0.591528 1.502456 2.179174
7.720247 2.118001 4.446580 -5.999699
1.850279 1.101928 1.085724 0.810699
1.101928 1.187600 0.391106 0.354452
1.085724 0.391106 2.589224 2.099700
0.810699 0.354452 2.099700 1.795987
7.422803 1.236791 2.714096 -5.227221
1.796844 0.893534 1.502439 0.853533
0.893534 0.731382 0.613260 0.395641
1.502439 0.613260 2.811843 1.631403
0.853533 0.395641 1.631403 0.996656
7.085038 0.789716 -0.313169 -5.411185
1.802761 0.806450 1.258638 0.565465
0.806450 0.538980 0.419256 0.219053
1.258638 0.419256 2.765974 1.256617
0.565465 0.219053 1.256617 0.604876
6.471505 0.291754 -1.987472 -5.025699
1.748971 0.712732 0.715389 0.267414
0.712732 0.405490 0.213269 0.101115
0.715389 0.213269 1.590974 0.594698
0.267414 0.101115 0.594698 0.248937
7.984075 0.595404 0.007708 -3.582240
1.525093 0.559493 0.279928 0.092082
0.559493 0.284476 0.089740 0.044855
0.279928 0.089740 0.330270 0.106057
0.092082 0.044855 0.106057 0.057153
8.284071 0.589566 -1.579368 -3.520712
1.423470 0.463542 0.269730 0.080876
0.463542 0.211188 0.076597 0.034206
0.269730 0.076597 0.398635 0.120120
0.080876 0.034206 0.120120 0.057411
8.918110 0.668388 -2.408098 -3.258245
1.256059 0.368448 0.264673 0.072899
0.368448 0.156529 0.068747 0.027454
0.264673 0.068747 0.425336 0.119672
0.072899 0.027454 0.119672 0.053865
11.039924 1.149603 -3.668917 -3.165049
1.100101 0.296730 0.196917 0.049437
0.296730 0.120964 0.043967 0.017613
0.196917 0.043967 0.496408 0.131615
0.049437 0.017613 0.131615 0.054643
12.104422 1.271768 -5.115701 -3.132377
1.045770 0.262762 0.171928 0.040221
0.262762 0.101959 0.034494 0.013294
0.171928 0.034494 0.576664 0.144001
0.040221 0.013294 0.144001 0.055637
12.616701 1.237313 -6.292386 -3.040067
0.996493 0.235055 0.171581 0.038026
0.235055 0.088034 0.032715 0.011505
0.171581 0.032715 0.630865 0.148578
0.038026 0.011505 0.148578 0.054875
13.737029 1.345783 -7.398022 -2.948513
0.939711 0.210244 0.141585 0.029299
0.210244 0.077395 0.024383 0.008530
0.141585 0.024383 0.676955 0.151311
0.029299 0.008530 0.151311 0.054097
14.679511 1.400582 -8.534101 -2.876891
0.905707 0.193848 0.118798 0.023153
0.193848 0.070360 0.018725 0.006548
0.118798 0.018725 0.714849 0.152513
0.023153 0.006548 0.152513 0.053330
15.213466 1.350760 -8.111678 -2.494762
0.809254 0.166484 0.134664 0.025761
0.166484 0.062144 0.022462 0.006790
0.134664 0.022462 0.656903 0.134449
0.025761 0.006790 0.134449 0.048900
15.580827 1.285855 -9.019892 -2.426104
0.803111 0.160954 0.135660 0.024751
0.160954 0.059539 0.021826 0.006096
0.135660 0.021826 0.683783 0.136206
0.024751 0.006096 0.136206 0.049129
16.791696 1.392935 -9.619566 -2.308379
0.769563 0.151058 0.100471 0.016840
0.151058 0.056552 0.014156 0.004151
0.100471 0.014156 0.695002 0.135351
0.016840 0.004151 0.135351 0.048961
17.146240 1.324318 -10.479235 -2.250669
0.773412 0.149304 0.102355 0.016714
0.149304 0.055495 0.014396 0.003916
0.102355 0.014396 0.711741 0.135986
0.016714 0.003916 0.135986 0.049161
17.540484 1.273942 -11.720178 -2.271401
0.796667 0.151633 0.096150 0.014945
0.151633 0.055421 0.012907 0.003373
0.096150 0.012907 0.738906 0.138985
0.014945 0.003373 0.138985 0.049869
19.044120 1.431751 -12.079352 -2.130610
0.767994 0.144393 0.045418 0.005259
0.144393 0.053679 0.003457 0.001452
0.045418 0.003457 0.720458 0.133773
0.005259 0.001452 0.133773 0.049079
19.736830 1.426035 -12.910847 -2.087446
0.778654 0.145032 0.037094 0.004100
0.145032 0.053567 0.002598 0.001257
0.037094 0.002598 0.724603 0.133385
0.004100 0.001257 0.133385 0.049262
20.194187 1.378254 -13.847484 -2.067099
0.798690 0.147421 0.038894 0.004792
0.147421 0.053826 0.003587 0.001397
0.038894 0.003587 0.728113 0.133167
0.004792 0.001397 0.133167 0.049484
20.799106 1.362410 -14.779399 -2.048367
0.819955 0.149988 0.033281 0.003994
0.149988 0.054145 0.003046 0.001236
0.033281 0.003046 0.726516 0.132299
0.003994 0.001236 0.132299 0.049594
20.822834 1.243196 -15.811401 -2.048363
0.850353 0.154039 0.051866 0.007584
0.154039 0.054732 0.006858 0.001869
0.051866 0.006858 0.724572 0.131585
0.007584 0.001869 0.131585 0.049723
21.032434 1.171594 -17.544551 -2.176198
0.907884 0.162805 0.057182 0.008337
0.162805 0.056168 0.007777 0.001911
0.057182 0.007777 0.745952 0.135353
0.008337 0.001911 0.135353 0.050666
21.631337 1.173382 -18.468357 -2.146454
0.934854 0.165569 0.043868 0.005695
0.165569 0.056469 0.005426 0.001376
0.043868 0.005426 0.720628 0.130497
0.005695 0.001376 0.130497 0.049976
21.969520 1.128159 -18.971768 -2.042421
0.949794 0.166156 0.043477 0.005633
0.166156 0.056411 0.005558 0.001344
0.043477 0.005558 0.682559 0.123806
0.005633 0.001344 0.123806 0.049000
22.074286 1.050269 -20.572127 -2.147151
1.007494 0.174308 0.052694 0.007202
0.174308 0.057720 0.007155 0.001564
0.052694 0.007155 0.693556 0.126618
0.007202 0.001564 0.126618 0.049806
22.271838 0.992478 -21.017224 -2.030935
1.024058 0.174929 0.053636 0.007211
0.174929 0.057680 0.007310 0.001525
0.053636 0.007310 0.654841 0.120075
0.007211 0.001525 0.120075 0.048806
23.253950 1.074967 -22.154027 -2.054766
1.065638 0.180063 0.028761 0.002362
0.180063 0.058476 0.002980 0.000651
0.028761 0.002980 0.648349 0.120033
0.002362 0.000651 0.120033 0.049062
23.664732 1.051998 -22.468394 -1.921260
1.079327 0.180249 0.029228 0.002708
0.180249 0.058413 0.003329 0.000733
0.029228 0.003329 0.615276 0.114852
0.002708 0.000733 0.114852 0.048278
24.133918 1.045005 -24.498573 -2.123218
1.160244 0.191793 0.033536 0.003557
0.191793 0.060285 0.004096 0.000854
0.033536 0.004096 0.645356 0.121862
0.003557 0.000854 0.121862 0.049804
25.302776 1.149377 -25.002523 -2.018834
1.188324 0.193978 0.013577 -0.000159
0.193978 0.060524 0.000949 0.000242
0.013577 0.000949 0.613648 0.116470
-0.000159 0.000242 0.116470 0.048825
26.152752 1.194406 -26.395914 -2.092863
1.249370 0.201532 0.016462 0.000716
0.201532 0.061658 0.001663 0.000402
0.016462 0.001663 0.617934 0.118240
0.000716 0.000402 0.118240 0.049251
27.195525 1.264154 -26.490040 -1.910327
1.266770 0.201764 0.013941 0.000525
0.201764 0.061585 0.001475 0.000382
0.013941 0.001475 0.579507 0.111517
0.000525 0.000382 0.111517 0.047977
27.508967 1.214122 -27.606227 -1.941163
1.311933 0.206621 0.041475 0.006113
0.206621 0.062299 0.005949 0.001255
0.041475 0.005949 0.584819 0.113652
0.006113 0.001255 0.113652 0.048477
28.145607 1.218049 -28.022119 -1.832599
1.338621 0.208487 0.054761 0.008435
0.208487 0.062540 0.007834 0.001554
0.054761 0.007834 0.567739 0.111075
0.008435 0.001554 0.111075 0.047978
29.076275 1.267477 -28.827573 -1.811394
1.384659 0.213472 0.064438 0.009814
0.213472 0.063292 0.008997 0.001688
0.064438 0.008997 0.566037 0.111600
0.009814 0.001688 0.111600 0.048098
29.938509 1.303140 -30.087346 -1.882312
1.446883 0.220771 0.083508 0.012919
0.220771 0.064380 0.011495 0.002081
0.083508 0.011495 0.578464 0.114703
0.012919 0.002081 0.114703 0.048683
30.765958 1.329743 -31.038113 -1.884771
1.498712 0.226164 0.104881 0.016256
0.226164 0.065137 0.014200 0.002500
0.104881 0.014200 0.579842 0.115185
0.016256 0.002500 0.115185 0.048674
31.192185 1.292855 -31.653765 -1.818657
1.533025 0.228744 0.134847 0.021111
0.228744 0.065456 0.018049 0.003137
0.134847 0.018049 0.574720 0.114195
0.021111 0.003137 0.114195 0.048356
31.330931 1.218631 -32.767141 -1.857095
1.582204 0.233553 0.172608 0.027086
0.233553 0.066120 0.022743 0.003899
0.172608 0.022743 0.587472 0.116740
0.027086 0.003899 0.116740 0.048756
32.232596 1.259043 -33.291008 -1.777774
1.626856 0.237723 0.184823 0.027500
0.237723 0.066702 0.023547 0.003846
0.184823 0.023547 0.577936 0.114640
0.027500 0.003846 0.114640 0.048213
33.376673 1.335151 -34.340663 -1.813576
1.694491 0.245150 0.201560 0.028758
0.245150 0.067750 0.024948 0.003929
0.201560 0.024948 0.585569 0.116093
0.028758 0.003929 0.116093 0.048422
34.566122 1.412616 -35.501413 -1.868637
1.766540 0.252843 0.225080 0.031347
0.252843 0.068790 0.027309 0.004223
0.225080 0.027309 0.596278 0.117922
0.031347 0.004223 0.117922 0.048674
34.774715 1.341742 -36.458471 -1.868856
1.810948 0.256061 0.269509 0.038247
0.256061 0.069127 0.032594 0.005142
0.269509 0.032594 0.606809 0.119329
0.038247 0.005142 0.119329 0.048783
34.507296 1.209632 -37.463983 -1.873858
1.853407 0.258991 0.317260 0.045307
0.258991 0.069438 0.038046 0.006043
0.317260 0.038046 0.620251 0.121124
0.045307 0.006043 0.121124 0.048962
34.190169 1.081077 -38.486680 -1.880721
1.903526 0.263133 0.356837 0.050138
0.263133 0.069948 0.042126 0.006610
0.356837 0.042126 0.631269 0.122331
0.050138 0.006610 0.122331 0.049035
